FANN_FLO_2.1
num_layers=3
learning_rate=0.700000
connection_rate=1.000000
network_type=0
learning_momentum=0.000000
training_algorithm=2
train_error_function=1
train_stop_function=1
cascade_output_change_fraction=0.010000
quickprop_decay=-0.000100
quickprop_mu=1.750000
rprop_increase_factor=1.200000
rprop_decrease_factor=0.500000
rprop_delta_min=0.000000
rprop_delta_max=50.000000
rprop_delta_zero=0.100000
cascade_output_stagnation_epochs=12
cascade_candidate_change_fraction=0.010000
cascade_candidate_stagnation_epochs=12
cascade_max_out_epochs=150
cascade_min_out_epochs=50
cascade_max_cand_epochs=150
cascade_min_cand_epochs=50
cascade_num_candidate_groups=2
bit_fail_limit=1.00000000000000005551e-01
cascade_candidate_limit=1.00000000000000000000e+03
cascade_weight_multiplier=4.00000000000000022204e-01
cascade_activation_functions_count=10
cascade_activation_functions=3 5 7 8 10 11 14 15 16 17 
cascade_activation_steepnesses_count=4
cascade_activation_steepnesses=2.50000000000000000000e-01 5.00000000000000000000e-01 7.50000000000000000000e-01 1.00000000000000000000e+00 
layer_sizes=7 4 2 
scale_included=0
neurons (num_inputs, activation_function, activation_steepness)=(0, 0, 0.00000000000000000000e+00) (0, 0, 0.00000000000000000000e+00) (0, 0, 0.00000000000000000000e+00) (0, 0, 0.00000000000000000000e+00) (0, 0, 0.00000000000000000000e+00) (0, 0, 0.00000000000000000000e+00) (0, 0, 0.00000000000000000000e+00) (7, 6, 5.00000000000000000000e-01) (7, 6, 5.00000000000000000000e-01) (7, 6, 5.00000000000000000000e-01) (0, 6, 0.00000000000000000000e+00) (4, 4, 5.00000000000000000000e-01) (0, 4, 0.00000000000000000000e+00) 
connections (connected_to_neuron, weight)=(0, 9.24926195607391088416e-01) (1, -1.76204715585459248395e-01) (2, -7.92722240150157353433e-01) (3, -5.72258831038068294106e-01) (4, -1.71795563383253829803e-01) (5, -3.01693125100036185771e+00) (6, 9.18386095715368333536e-01) (0, -1.84077736194128438463e+00) (1, 2.31119085186711847868e+00) (2, 2.35372542953941277233e-01) (3, 2.37562278018621642062e+00) (4, -5.25366864337962535814e-01) (5, -6.35853342014545908079e-01) (6, -1.93027241733941257174e+00) (0, -1.75471111687867264983e+00) (1, 2.30662100845567286100e+00) (2, 2.50864773607704205638e-01) (3, 2.33368892328170929318e+00) (4, -5.67430139587091653119e-01) (5, -5.86200990029535962123e-01) (6, -1.93508176711472690279e+00) (7, -1.87658240437599879158e+01) (8, 6.49413922479401595211e+00) (9, 1.14530876224429984944e+01) (10, -6.13169124486827588072e+00) 
