FANN_FLO_2.1
num_layers=3
learning_rate=0.700000
connection_rate=1.000000
network_type=0
learning_momentum=0.000000
training_algorithm=2
train_error_function=1
train_stop_function=1
cascade_output_change_fraction=0.010000
quickprop_decay=-0.000100
quickprop_mu=1.750000
rprop_increase_factor=1.200000
rprop_decrease_factor=0.500000
rprop_delta_min=0.000000
rprop_delta_max=50.000000
rprop_delta_zero=0.100000
cascade_output_stagnation_epochs=12
cascade_candidate_change_fraction=0.010000
cascade_candidate_stagnation_epochs=12
cascade_max_out_epochs=150
cascade_min_out_epochs=50
cascade_max_cand_epochs=150
cascade_min_cand_epochs=50
cascade_num_candidate_groups=2
bit_fail_limit=1.00000000000000005551e-01
cascade_candidate_limit=1.00000000000000000000e+03
cascade_weight_multiplier=4.00000000000000022204e-01
cascade_activation_functions_count=10
cascade_activation_functions=3 5 7 8 10 11 14 15 16 17 
cascade_activation_steepnesses_count=4
cascade_activation_steepnesses=2.50000000000000000000e-01 5.00000000000000000000e-01 7.50000000000000000000e-01 1.00000000000000000000e+00 
layer_sizes=7 4 2 
scale_included=0
neurons (num_inputs, activation_function, activation_steepness)=(0, 0, 0.00000000000000000000e+00) (0, 0, 0.00000000000000000000e+00) (0, 0, 0.00000000000000000000e+00) (0, 0, 0.00000000000000000000e+00) (0, 0, 0.00000000000000000000e+00) (0, 0, 0.00000000000000000000e+00) (0, 0, 0.00000000000000000000e+00) (7, 6, 5.00000000000000000000e-01) (7, 6, 5.00000000000000000000e-01) (7, 6, 5.00000000000000000000e-01) (0, 6, 0.00000000000000000000e+00) (4, 4, 5.00000000000000000000e-01) (0, 4, 0.00000000000000000000e+00) 
connections (connected_to_neuron, weight)=(0, 2.64078904434055961037e-01) (1, -8.40962363217131692039e-01) (2, -4.50861397993085721847e-01) (3, -9.34047809715731425229e-01) (4, -4.22256401036873119104e-01) (5, -2.93495056882431770706e-01) (6, 2.95649756236881833260e-01) (0, -3.59994536194236847138e+00) (1, 3.36786960051935979621e+00) (2, 2.54410273639911199695e+00) (3, 4.62466981217913097879e+00) (4, 4.66447607011250919840e+00) (5, 3.39428504058572544366e+00) (6, -4.27449434702215036452e+00) (0, -6.20714272320959867257e-02) (1, 5.47298538518901867000e-01) (2, 3.27895520053075761879e-01) (3, 6.38169430526909109425e-01) (4, 7.24834248754200105580e-01) (5, 7.59103740135578353154e-01) (6, -3.04041814918493802367e-01) (7, -5.51701964334930128331e-01) (8, 1.99473161108113075102e+01) (9, 1.01231551365030481016e+00) (10, -1.64366811059581574561e+00) 
