FANN_FLO_2.1
num_layers=3
learning_rate=0.700000
connection_rate=1.000000
network_type=0
learning_momentum=0.000000
training_algorithm=2
train_error_function=1
train_stop_function=1
cascade_output_change_fraction=0.010000
quickprop_decay=-0.000100
quickprop_mu=1.750000
rprop_increase_factor=1.200000
rprop_decrease_factor=0.500000
rprop_delta_min=0.000000
rprop_delta_max=50.000000
rprop_delta_zero=0.100000
cascade_output_stagnation_epochs=12
cascade_candidate_change_fraction=0.010000
cascade_candidate_stagnation_epochs=12
cascade_max_out_epochs=150
cascade_min_out_epochs=50
cascade_max_cand_epochs=150
cascade_min_cand_epochs=50
cascade_num_candidate_groups=2
bit_fail_limit=1.00000000000000005551e-01
cascade_candidate_limit=1.00000000000000000000e+03
cascade_weight_multiplier=4.00000000000000022204e-01
cascade_activation_functions_count=10
cascade_activation_functions=3 5 7 8 10 11 14 15 16 17 
cascade_activation_steepnesses_count=4
cascade_activation_steepnesses=2.50000000000000000000e-01 5.00000000000000000000e-01 7.50000000000000000000e-01 1.00000000000000000000e+00 
layer_sizes=10 4 2 
scale_included=0
neurons (num_inputs, activation_function, activation_steepness)=(0, 0, 0.00000000000000000000e+00) (0, 0, 0.00000000000000000000e+00) (0, 0, 0.00000000000000000000e+00) (0, 0, 0.00000000000000000000e+00) (0, 0, 0.00000000000000000000e+00) (0, 0, 0.00000000000000000000e+00) (0, 0, 0.00000000000000000000e+00) (0, 0, 0.00000000000000000000e+00) (0, 0, 0.00000000000000000000e+00) (0, 0, 0.00000000000000000000e+00) (10, 6, 5.00000000000000000000e-01) (10, 6, 5.00000000000000000000e-01) (10, 6, 5.00000000000000000000e-01) (0, 6, 0.00000000000000000000e+00) (4, 4, 5.00000000000000000000e-01) (0, 4, 0.00000000000000000000e+00) 
connections (connected_to_neuron, weight)=(0, 1.82738069035685790631e+00) (1, -6.55066203358095733300e-01) (2, -2.60470427881658139757e-01) (3, -4.61212930743638283015e-01) (4, -4.65668516906681151379e-01) (5, -3.25149712172109542352e-02) (6, -6.13534501378848018405e-01) (7, -2.55641652086149751000e-01) (8, -2.78227427941666993760e-01) (9, 5.41441997089840865165e-01) (0, 1.52719410665180266307e+01) (1, -6.45940190604195052515e+00) (2, 2.66786586582236973086e-01) (3, -4.31065402841655220811e+00) (4, -5.64802917988366992574e+00) (5, 3.44591951882650437966e+00) (6, -4.41423842519953524288e+00) (7, -2.58475418187582572926e+00) (8, -5.67785421073036111750e+00) (9, 6.43217738209971834351e+00) (0, 7.13273255986506038440e-01) (1, -9.01496865429802229919e-01) (2, -1.55907834797474303956e-01) (3, -2.06234914994343460082e-01) (4, -5.74266295232955581440e-01) (5, -2.84552564538350427625e-01) (6, 3.27976789358218501214e-01) (7, -9.11417314607469580823e-02) (8, -9.90550270610010274996e-02) (9, 2.74032512472949296711e-01) (10, -1.92189526373922419111e+01) (11, -4.81934088695977003169e+00) (12, -5.59483580103146027618e-01) (13, -1.54220435172274283886e+00) 
