FANN_FLO_2.1
num_layers=3
learning_rate=0.700000
connection_rate=1.000000
network_type=0
learning_momentum=0.000000
training_algorithm=2
train_error_function=1
train_stop_function=1
cascade_output_change_fraction=0.010000
quickprop_decay=-0.000100
quickprop_mu=1.750000
rprop_increase_factor=1.200000
rprop_decrease_factor=0.500000
rprop_delta_min=0.000000
rprop_delta_max=50.000000
rprop_delta_zero=0.100000
cascade_output_stagnation_epochs=12
cascade_candidate_change_fraction=0.010000
cascade_candidate_stagnation_epochs=12
cascade_max_out_epochs=150
cascade_min_out_epochs=50
cascade_max_cand_epochs=150
cascade_min_cand_epochs=50
cascade_num_candidate_groups=2
bit_fail_limit=1.00000000000000005551e-01
cascade_candidate_limit=1.00000000000000000000e+03
cascade_weight_multiplier=4.00000000000000022204e-01
cascade_activation_functions_count=10
cascade_activation_functions=3 5 7 8 10 11 14 15 16 17 
cascade_activation_steepnesses_count=4
cascade_activation_steepnesses=2.50000000000000000000e-01 5.00000000000000000000e-01 7.50000000000000000000e-01 1.00000000000000000000e+00 
layer_sizes=16 4 2 
scale_included=0
neurons (num_inputs, activation_function, activation_steepness)=(0, 0, 0.00000000000000000000e+00) (0, 0, 0.00000000000000000000e+00) (0, 0, 0.00000000000000000000e+00) (0, 0, 0.00000000000000000000e+00) (0, 0, 0.00000000000000000000e+00) (0, 0, 0.00000000000000000000e+00) (0, 0, 0.00000000000000000000e+00) (0, 0, 0.00000000000000000000e+00) (0, 0, 0.00000000000000000000e+00) (0, 0, 0.00000000000000000000e+00) (0, 0, 0.00000000000000000000e+00) (0, 0, 0.00000000000000000000e+00) (0, 0, 0.00000000000000000000e+00) (0, 0, 0.00000000000000000000e+00) (0, 0, 0.00000000000000000000e+00) (0, 0, 0.00000000000000000000e+00) (16, 6, 5.00000000000000000000e-01) (16, 6, 5.00000000000000000000e-01) (16, 6, 5.00000000000000000000e-01) (0, 6, 0.00000000000000000000e+00) (4, 4, 5.00000000000000000000e-01) (0, 4, 0.00000000000000000000e+00) 
connections (connected_to_neuron, weight)=(0, 2.32046187434341311118e+00) (1, -7.78142784760070815864e-01) (2, -9.73372073302206541889e-01) (3, -1.97654136187700779637e+00) (4, 1.29646898791371367743e+00) (5, 3.78632153356079637074e-01) (6, -2.85322391420053911304e+00) (7, 1.74350986828938625539e-01) (8, 8.74396428124858857700e+01) (9, -3.08433574624607320658e+00) (10, -2.72555011183569018129e+00) (11, -4.78741361001696485999e+00) (12, 3.15911956472006760777e+00) (13, -2.18663276078306356709e+00) (14, 8.73664962159349443027e+01) (15, 2.25900856915857195517e+00) (0, -2.61457679134087728201e+00) (1, 2.11785084814010149401e+00) (2, 5.18606806494247063455e-01) (3, 1.40093496052308874589e+00) (4, -4.95979106959326510040e-01) (5, 1.86179937858622457370e+00) (6, 1.24607416413914195985e+00) (7, 2.20860839429291866409e+00) (8, 1.18004262753412234588e+02) (9, 1.10923056320317625634e+00) (10, 1.72045551111568584268e+00) (11, 2.19435869375876491105e+00) (12, -2.37700430597968859203e+00) (13, 1.45633684109697636444e+00) (14, 1.18013999552115905090e+02) (15, -2.33018656271648616496e+00) (0, -1.80083864357882039720e+00) (1, 1.24700987815532293723e+00) (2, 5.44733671164865373981e-01) (3, 9.18336551103972942300e-01) (4, -2.90451307881068633565e-03) (5, 7.14358510689498515944e-01) (6, 7.47476351958206386428e-01) (7, 1.18284785660366598137e+00) (8, 4.90706885267605343870e+01) (9, 3.01639568632543886295e+00) (10, 1.06384560334289179906e+00) (11, 1.42782170103451577781e+00) (12, -1.44285025677648093279e+00) (13, 2.88970483964825186618e+00) (14, 4.91087852676023999265e+01) (15, -8.85723702453294348125e-01) (16, -2.19411340348492744923e+00) (17, 2.13364266347620805675e+01) (18, 3.26792100684246822340e+00) (19, -1.25977835304511187609e+00) 
