FANN_FLO_2.1
num_layers=3
learning_rate=0.700000
connection_rate=1.000000
network_type=0
learning_momentum=0.000000
training_algorithm=2
train_error_function=1
train_stop_function=1
cascade_output_change_fraction=0.010000
quickprop_decay=-0.000100
quickprop_mu=1.750000
rprop_increase_factor=1.200000
rprop_decrease_factor=0.500000
rprop_delta_min=0.000000
rprop_delta_max=50.000000
rprop_delta_zero=0.100000
cascade_output_stagnation_epochs=12
cascade_candidate_change_fraction=0.010000
cascade_candidate_stagnation_epochs=12
cascade_max_out_epochs=150
cascade_min_out_epochs=50
cascade_max_cand_epochs=150
cascade_min_cand_epochs=50
cascade_num_candidate_groups=2
bit_fail_limit=1.00000000000000005551e-01
cascade_candidate_limit=1.00000000000000000000e+03
cascade_weight_multiplier=4.00000000000000022204e-01
cascade_activation_functions_count=10
cascade_activation_functions=3 5 7 8 10 11 14 15 16 17 
cascade_activation_steepnesses_count=4
cascade_activation_steepnesses=2.50000000000000000000e-01 5.00000000000000000000e-01 7.50000000000000000000e-01 1.00000000000000000000e+00 
layer_sizes=7 4 2 
scale_included=0
neurons (num_inputs, activation_function, activation_steepness)=(0, 0, 0.00000000000000000000e+00) (0, 0, 0.00000000000000000000e+00) (0, 0, 0.00000000000000000000e+00) (0, 0, 0.00000000000000000000e+00) (0, 0, 0.00000000000000000000e+00) (0, 0, 0.00000000000000000000e+00) (0, 0, 0.00000000000000000000e+00) (7, 6, 5.00000000000000000000e-01) (7, 6, 5.00000000000000000000e-01) (7, 6, 5.00000000000000000000e-01) (0, 6, 0.00000000000000000000e+00) (4, 4, 5.00000000000000000000e-01) (0, 4, 0.00000000000000000000e+00) 
connections (connected_to_neuron, weight)=(0, 3.82363782486814107742e+00) (1, -3.15183098391774452196e+00) (2, -1.47339313433366769779e+00) (3, -2.71619005281643799421e+00) (4, -2.80556324607138218852e+00) (5, -1.05601140853765018690e+00) (6, 3.89827438107627521902e+00) (0, 4.49500804677937848552e-01) (1, -8.43737036061982026425e-01) (2, -2.96619006640805316088e-01) (3, 1.33670874351215163145e-01) (4, -7.68272080435221903227e-03) (5, -1.63983043641868858620e-01) (6, 6.89150449799979386567e-02) (0, -5.77114911956913179125e+00) (1, 3.32154128524571179426e+00) (2, 1.34072840922646108197e+00) (3, 2.61640106527531646208e+00) (4, 2.21839374613607809295e+00) (5, 1.31693025553533016314e+00) (6, -3.55113867440373320861e+00) (7, -4.46832712641930562825e+00) (8, -6.54426221871142743680e-01) (9, 3.16117205600325501536e+00) (10, -1.36545852892079744301e+00) 
