FANN_FLO_2.1
num_layers=3
learning_rate=0.700000
connection_rate=1.000000
network_type=0
learning_momentum=0.000000
training_algorithm=2
train_error_function=1
train_stop_function=1
cascade_output_change_fraction=0.010000
quickprop_decay=-0.000100
quickprop_mu=1.750000
rprop_increase_factor=1.200000
rprop_decrease_factor=0.500000
rprop_delta_min=0.000000
rprop_delta_max=50.000000
rprop_delta_zero=0.100000
cascade_output_stagnation_epochs=12
cascade_candidate_change_fraction=0.010000
cascade_candidate_stagnation_epochs=12
cascade_max_out_epochs=150
cascade_min_out_epochs=50
cascade_max_cand_epochs=150
cascade_min_cand_epochs=50
cascade_num_candidate_groups=2
bit_fail_limit=1.00000000000000005551e-01
cascade_candidate_limit=1.00000000000000000000e+03
cascade_weight_multiplier=4.00000000000000022204e-01
cascade_activation_functions_count=10
cascade_activation_functions=3 5 7 8 10 11 14 15 16 17 
cascade_activation_steepnesses_count=4
cascade_activation_steepnesses=2.50000000000000000000e-01 5.00000000000000000000e-01 7.50000000000000000000e-01 1.00000000000000000000e+00 
layer_sizes=7 4 2 
scale_included=0
neurons (num_inputs, activation_function, activation_steepness)=(0, 0, 0.00000000000000000000e+00) (0, 0, 0.00000000000000000000e+00) (0, 0, 0.00000000000000000000e+00) (0, 0, 0.00000000000000000000e+00) (0, 0, 0.00000000000000000000e+00) (0, 0, 0.00000000000000000000e+00) (0, 0, 0.00000000000000000000e+00) (7, 6, 5.00000000000000000000e-01) (7, 6, 5.00000000000000000000e-01) (7, 6, 5.00000000000000000000e-01) (0, 6, 0.00000000000000000000e+00) (4, 4, 5.00000000000000000000e-01) (0, 4, 0.00000000000000000000e+00) 
connections (connected_to_neuron, weight)=(0, -1.14239434334694900386e+00) (1, 1.30076251397025721701e+00) (2, 9.77896500986940725442e-02) (3, 1.37309008870718152195e+00) (4, 6.87559686291627336630e-01) (5, 1.19347852137464599531e-01) (6, -9.58621406374492224245e-01) (0, -4.25612214042207170905e+00) (1, 3.01769166834145163847e+00) (2, 1.45994980622232084500e+00) (3, 2.54928526262592258789e+00) (4, 4.23247367249353345642e+00) (5, -1.44497205687465957169e+00) (6, -3.47954513824130007293e+00) (0, -2.73324069575633377127e-01) (1, 5.21875113561964143472e-01) (2, 2.01663796155711255720e-01) (3, 7.65364792553422934596e-01) (4, 9.61797400332927154842e-01) (5, -1.41406893984304199430e-01) (6, -1.37766721510186540556e-01) (7, 2.16743061816454174462e+00) (8, 8.26001278583354903162e+00) (9, 2.38817079550352556749e-01) (10, -2.24943565660875144374e+00) 
