FANN_FLO_2.1
num_layers=3
learning_rate=0.700000
connection_rate=1.000000
network_type=0
learning_momentum=0.000000
training_algorithm=2
train_error_function=1
train_stop_function=1
cascade_output_change_fraction=0.010000
quickprop_decay=-0.000100
quickprop_mu=1.750000
rprop_increase_factor=1.200000
rprop_decrease_factor=0.500000
rprop_delta_min=0.000000
rprop_delta_max=50.000000
rprop_delta_zero=0.100000
cascade_output_stagnation_epochs=12
cascade_candidate_change_fraction=0.010000
cascade_candidate_stagnation_epochs=12
cascade_max_out_epochs=150
cascade_min_out_epochs=50
cascade_max_cand_epochs=150
cascade_min_cand_epochs=50
cascade_num_candidate_groups=2
bit_fail_limit=1.00000000000000005551e-01
cascade_candidate_limit=1.00000000000000000000e+03
cascade_weight_multiplier=4.00000000000000022204e-01
cascade_activation_functions_count=10
cascade_activation_functions=3 5 7 8 10 11 14 15 16 17 
cascade_activation_steepnesses_count=4
cascade_activation_steepnesses=2.50000000000000000000e-01 5.00000000000000000000e-01 7.50000000000000000000e-01 1.00000000000000000000e+00 
layer_sizes=14 4 2 
scale_included=0
neurons (num_inputs, activation_function, activation_steepness)=(0, 0, 0.00000000000000000000e+00) (0, 0, 0.00000000000000000000e+00) (0, 0, 0.00000000000000000000e+00) (0, 0, 0.00000000000000000000e+00) (0, 0, 0.00000000000000000000e+00) (0, 0, 0.00000000000000000000e+00) (0, 0, 0.00000000000000000000e+00) (0, 0, 0.00000000000000000000e+00) (0, 0, 0.00000000000000000000e+00) (0, 0, 0.00000000000000000000e+00) (0, 0, 0.00000000000000000000e+00) (0, 0, 0.00000000000000000000e+00) (0, 0, 0.00000000000000000000e+00) (0, 0, 0.00000000000000000000e+00) (14, 6, 5.00000000000000000000e-01) (14, 6, 5.00000000000000000000e-01) (14, 6, 5.00000000000000000000e-01) (0, 6, 0.00000000000000000000e+00) (4, 4, 5.00000000000000000000e-01) (0, 4, 0.00000000000000000000e+00) 
connections (connected_to_neuron, weight)=(0, -1.67787856834720194854e+00) (1, -7.64220468508470140989e-01) (2, -1.40156613299639631887e-01) (3, 1.17918466646804116493e+01) (4, 2.78499512510390268005e+00) (5, 4.90396835246045892376e+00) (6, -5.57600482644545358824e+00) (7, -1.99403117978390476139e+00) (8, 8.12523400508295345901e+00) (9, 1.37030012886823704399e+00) (10, 6.60431986491911704462e+00) (11, 1.04019547434423280663e+01) (12, 1.60458243590673221846e+00) (13, -7.48746820702909543499e-01) (0, 1.80613507004306983461e+00) (1, -2.19529650893778960352e+00) (2, 5.96479969353758965322e-02) (3, -1.48919650392655822380e+00) (4, 2.91259760756998997699e-01) (5, -7.51823305775575656540e-01) (6, 2.81852142356734658435e+00) (7, 1.00574309982499388028e+00) (8, -6.01960849081174642627e-01) (9, 3.04809259685512534688e+00) (10, -2.95885663813478083650e-01) (11, -1.38959301279303404364e+00) (12, 4.34931853218711805820e-01) (13, 1.25905305338728878972e+00) (0, 9.59957831105740666544e+00) (1, -1.11238814921528810231e+01) (2, -2.99149829619313312179e+00) (3, -6.96192305592494253830e+00) (4, -2.82603069006728824242e-02) (5, -1.03824464487342069674e+01) (6, 2.40790738393219285740e+01) (7, 6.12446960771115023192e+00) (8, -1.52410925862783308560e+01) (9, 1.21338623764327095955e+01) (10, -6.75509570038005335846e+00) (11, -9.26545631966643412625e+00) (12, 1.19377247327887641148e+01) (13, 9.28133939617970860070e+00) (14, 5.16518122722177674966e-01) (15, -1.17193885989258923530e+01) (16, -3.40726146731287604652e+00) (17, -1.40677906734625390861e+00) 
