FANN_FLO_2.1
num_layers=3
learning_rate=0.700000
connection_rate=1.000000
network_type=0
learning_momentum=0.000000
training_algorithm=2
train_error_function=1
train_stop_function=1
cascade_output_change_fraction=0.010000
quickprop_decay=-0.000100
quickprop_mu=1.750000
rprop_increase_factor=1.200000
rprop_decrease_factor=0.500000
rprop_delta_min=0.000000
rprop_delta_max=50.000000
rprop_delta_zero=0.100000
cascade_output_stagnation_epochs=12
cascade_candidate_change_fraction=0.010000
cascade_candidate_stagnation_epochs=12
cascade_max_out_epochs=150
cascade_min_out_epochs=50
cascade_max_cand_epochs=150
cascade_min_cand_epochs=50
cascade_num_candidate_groups=2
bit_fail_limit=1.00000000000000005551e-01
cascade_candidate_limit=1.00000000000000000000e+03
cascade_weight_multiplier=4.00000000000000022204e-01
cascade_activation_functions_count=10
cascade_activation_functions=3 5 7 8 10 11 14 15 16 17 
cascade_activation_steepnesses_count=4
cascade_activation_steepnesses=2.50000000000000000000e-01 5.00000000000000000000e-01 7.50000000000000000000e-01 1.00000000000000000000e+00 
layer_sizes=12 4 2 
scale_included=0
neurons (num_inputs, activation_function, activation_steepness)=(0, 0, 0.00000000000000000000e+00) (0, 0, 0.00000000000000000000e+00) (0, 0, 0.00000000000000000000e+00) (0, 0, 0.00000000000000000000e+00) (0, 0, 0.00000000000000000000e+00) (0, 0, 0.00000000000000000000e+00) (0, 0, 0.00000000000000000000e+00) (0, 0, 0.00000000000000000000e+00) (0, 0, 0.00000000000000000000e+00) (0, 0, 0.00000000000000000000e+00) (0, 0, 0.00000000000000000000e+00) (0, 0, 0.00000000000000000000e+00) (12, 6, 5.00000000000000000000e-01) (12, 6, 5.00000000000000000000e-01) (12, 6, 5.00000000000000000000e-01) (0, 6, 0.00000000000000000000e+00) (4, 4, 5.00000000000000000000e-01) (0, 4, 0.00000000000000000000e+00) 
connections (connected_to_neuron, weight)=(0, -6.30722666095607031878e+00) (1, 3.68027180530421116345e+00) (2, 6.16681603459883542762e-01) (3, 2.62747103539216242396e+00) (4, 5.03761352378266802354e-01) (5, 3.30388321783990734914e+00) (6, 3.29820917077320974187e+00) (7, 1.34541385391507151148e+00) (8, 8.34238065393370503697e-02) (9, 1.83555784343816275062e+00) (10, 5.29476892794634679262e+00) (11, -3.11337197978032609313e+00) (0, -4.27351332703560959914e+00) (1, 3.38412906598527829516e+00) (2, 1.97074598698550862430e+00) (3, 2.62539342609154902064e+00) (4, 1.58969193911728501334e+00) (5, 3.27068048027009838918e+00) (6, 3.39406471975106160954e+00) (7, 1.30181067580137255213e+00) (8, 1.77874336288025358677e+00) (9, 1.81318936764337057532e+00) (10, 5.31602296079661229555e+00) (11, -4.29074143866032731154e+00) (0, -4.33234355846375596144e+00) (1, 3.35518164929230611193e+00) (2, 1.95628316579991934354e+00) (3, 2.66078389999377451502e+00) (4, 1.70109489029821991934e+00) (5, 3.41211289223880642751e+00) (6, 3.32929718024987142400e+00) (7, 1.29363636443171503565e+00) (8, 1.77783582255890348911e+00) (9, 1.89637978642322058143e+00) (10, 5.31065384145047048037e+00) (11, -4.31529574343890320876e+00) (12, 3.93052947497972304802e+00) (13, 3.89276120043405349236e+00) (14, 3.93347129202493484001e+00) (15, -1.80622375945484781035e+00) 
