FANN_FLO_2.1
num_layers=3
learning_rate=0.700000
connection_rate=1.000000
network_type=0
learning_momentum=0.000000
training_algorithm=2
train_error_function=1
train_stop_function=1
cascade_output_change_fraction=0.010000
quickprop_decay=-0.000100
quickprop_mu=1.750000
rprop_increase_factor=1.200000
rprop_decrease_factor=0.500000
rprop_delta_min=0.000000
rprop_delta_max=50.000000
rprop_delta_zero=0.100000
cascade_output_stagnation_epochs=12
cascade_candidate_change_fraction=0.010000
cascade_candidate_stagnation_epochs=12
cascade_max_out_epochs=150
cascade_min_out_epochs=50
cascade_max_cand_epochs=150
cascade_min_cand_epochs=50
cascade_num_candidate_groups=2
bit_fail_limit=1.00000000000000005551e-01
cascade_candidate_limit=1.00000000000000000000e+03
cascade_weight_multiplier=4.00000000000000022204e-01
cascade_activation_functions_count=10
cascade_activation_functions=3 5 7 8 10 11 14 15 16 17 
cascade_activation_steepnesses_count=4
cascade_activation_steepnesses=2.50000000000000000000e-01 5.00000000000000000000e-01 7.50000000000000000000e-01 1.00000000000000000000e+00 
layer_sizes=11 4 2 
scale_included=0
neurons (num_inputs, activation_function, activation_steepness)=(0, 0, 0.00000000000000000000e+00) (0, 0, 0.00000000000000000000e+00) (0, 0, 0.00000000000000000000e+00) (0, 0, 0.00000000000000000000e+00) (0, 0, 0.00000000000000000000e+00) (0, 0, 0.00000000000000000000e+00) (0, 0, 0.00000000000000000000e+00) (0, 0, 0.00000000000000000000e+00) (0, 0, 0.00000000000000000000e+00) (0, 0, 0.00000000000000000000e+00) (0, 0, 0.00000000000000000000e+00) (11, 6, 5.00000000000000000000e-01) (11, 6, 5.00000000000000000000e-01) (11, 6, 5.00000000000000000000e-01) (0, 6, 0.00000000000000000000e+00) (4, 4, 5.00000000000000000000e-01) (0, 4, 0.00000000000000000000e+00) 
connections (connected_to_neuron, weight)=(0, -2.74200469232536692132e+00) (1, 2.35910835057040557672e+00) (2, 2.10350130572998761380e+00) (3, -1.25138338539704685459e-01) (4, 5.08556122281627276394e-01) (5, -4.87924640180825264224e-01) (6, 1.60210894516607704752e+00) (7, 5.19245589473323554408e-01) (8, 9.33213625441267957683e-01) (9, 4.88568877034990745045e-01) (10, -1.85882843433921829401e+00) (0, -9.88276795882966491158e-02) (1, 1.35749055708235533135e-01) (2, 3.10484853116451686716e-01) (3, -1.37862744834507666702e-03) (4, -6.34247343530901508402e-02) (5, 6.21635941470495279049e-02) (6, 2.77150975620850670289e-01) (7, -4.32179104080447074043e-02) (8, 1.13836774120617961747e-01) (9, 1.85629993099582155103e-02) (10, -1.38656946226547284073e-01) (0, 9.96740836563491217071e-01) (1, 1.05161136986898356982e-01) (2, -4.96987714519746881514e-01) (3, 4.91832462895490540866e-01) (4, 3.99060187686063660983e-01) (5, 7.00852546874722648340e-01) (6, -2.10098434254938071231e-02) (7, 3.27307661820032014255e-01) (8, 3.35269741867280202108e-01) (9, 4.57050679076291932468e-01) (10, 1.15366591438884236176e+00) (11, 2.15117347371883660401e+01) (12, 5.83087228905282861646e-01) (13, -6.85362888246762058664e-01) (14, -1.78559794462956489269e+00) 
