FANN_FLO_2.1
num_layers=3
learning_rate=0.700000
connection_rate=1.000000
network_type=0
learning_momentum=0.000000
training_algorithm=2
train_error_function=1
train_stop_function=1
cascade_output_change_fraction=0.010000
quickprop_decay=-0.000100
quickprop_mu=1.750000
rprop_increase_factor=1.200000
rprop_decrease_factor=0.500000
rprop_delta_min=0.000000
rprop_delta_max=50.000000
rprop_delta_zero=0.100000
cascade_output_stagnation_epochs=12
cascade_candidate_change_fraction=0.010000
cascade_candidate_stagnation_epochs=12
cascade_max_out_epochs=150
cascade_min_out_epochs=50
cascade_max_cand_epochs=150
cascade_min_cand_epochs=50
cascade_num_candidate_groups=2
bit_fail_limit=1.00000000000000005551e-01
cascade_candidate_limit=1.00000000000000000000e+03
cascade_weight_multiplier=4.00000000000000022204e-01
cascade_activation_functions_count=10
cascade_activation_functions=3 5 7 8 10 11 14 15 16 17 
cascade_activation_steepnesses_count=4
cascade_activation_steepnesses=2.50000000000000000000e-01 5.00000000000000000000e-01 7.50000000000000000000e-01 1.00000000000000000000e+00 
layer_sizes=14 4 2 
scale_included=0
neurons (num_inputs, activation_function, activation_steepness)=(0, 0, 0.00000000000000000000e+00) (0, 0, 0.00000000000000000000e+00) (0, 0, 0.00000000000000000000e+00) (0, 0, 0.00000000000000000000e+00) (0, 0, 0.00000000000000000000e+00) (0, 0, 0.00000000000000000000e+00) (0, 0, 0.00000000000000000000e+00) (0, 0, 0.00000000000000000000e+00) (0, 0, 0.00000000000000000000e+00) (0, 0, 0.00000000000000000000e+00) (0, 0, 0.00000000000000000000e+00) (0, 0, 0.00000000000000000000e+00) (0, 0, 0.00000000000000000000e+00) (0, 0, 0.00000000000000000000e+00) (14, 6, 5.00000000000000000000e-01) (14, 6, 5.00000000000000000000e-01) (14, 6, 5.00000000000000000000e-01) (0, 6, 0.00000000000000000000e+00) (4, 4, 5.00000000000000000000e-01) (0, 4, 0.00000000000000000000e+00) 
connections (connected_to_neuron, weight)=(0, 1.01629579531329028441e+00) (1, -3.64955034501264707902e-01) (2, -3.33164096185521119153e-01) (3, -4.25448571817634013659e-01) (4, 2.76096903776072766235e-01) (5, 5.34483767513295737750e-01) (6, 9.83445677064333056983e-01) (7, -5.08199115288444858152e-01) (8, 5.15862002896529281415e-01) (9, -1.23983278681143560540e+00) (10, -9.34180973122243907270e-01) (11, -1.52411477769579506436e+00) (12, 3.94607392819637969872e-01) (13, 5.14152357525379466452e-01) (0, -2.78253833313112486358e-01) (1, -2.28444590899110566706e-01) (2, 2.19471308908790652126e+00) (3, 2.53121751609830303309e-01) (4, 1.23736615992109236228e-01) (5, -8.31643164516002522668e-03) (6, 1.00010819217870861042e-01) (7, 4.61720845248320355125e+00) (8, 9.52467269903262447883e+00) (9, 4.67029409867504075038e+00) (10, 2.33840826791129996476e-01) (11, 4.83350692451494812207e-01) (12, 2.64148093641404679843e-01) (13, -5.04295577373248954389e-02) (0, -3.45713296563587269006e+00) (1, 2.84752847222854743592e+00) (2, 2.64957825429007787221e+00) (3, 1.96460112924142960011e+00) (4, 1.19142111176771647862e+00) (5, -5.76753379457725490198e+00) (6, 2.89099329679640426605e+00) (7, 1.85819828270421960603e+00) (8, -2.46881094596674888209e+00) (9, 2.08637078669682773935e+00) (10, 2.67478084271492466684e+00) (11, 3.11350073914156055821e+00) (12, -4.63273210898818843528e-02) (13, -3.00858670952171891599e+00) (14, -3.58827981198935108686e-01) (15, 5.15046747771331747678e-01) (16, 1.46127618447611844488e+01) (17, -2.29990485392670418463e+00) 
