FANN_FLO_2.1
num_layers=3
learning_rate=0.700000
connection_rate=1.000000
network_type=0
learning_momentum=0.000000
training_algorithm=2
train_error_function=1
train_stop_function=1
cascade_output_change_fraction=0.010000
quickprop_decay=-0.000100
quickprop_mu=1.750000
rprop_increase_factor=1.200000
rprop_decrease_factor=0.500000
rprop_delta_min=0.000000
rprop_delta_max=50.000000
rprop_delta_zero=0.100000
cascade_output_stagnation_epochs=12
cascade_candidate_change_fraction=0.010000
cascade_candidate_stagnation_epochs=12
cascade_max_out_epochs=150
cascade_min_out_epochs=50
cascade_max_cand_epochs=150
cascade_min_cand_epochs=50
cascade_num_candidate_groups=2
bit_fail_limit=1.00000000000000005551e-01
cascade_candidate_limit=1.00000000000000000000e+03
cascade_weight_multiplier=4.00000000000000022204e-01
cascade_activation_functions_count=10
cascade_activation_functions=3 5 7 8 10 11 14 15 16 17 
cascade_activation_steepnesses_count=4
cascade_activation_steepnesses=2.50000000000000000000e-01 5.00000000000000000000e-01 7.50000000000000000000e-01 1.00000000000000000000e+00 
layer_sizes=13 4 2 
scale_included=0
neurons (num_inputs, activation_function, activation_steepness)=(0, 0, 0.00000000000000000000e+00) (0, 0, 0.00000000000000000000e+00) (0, 0, 0.00000000000000000000e+00) (0, 0, 0.00000000000000000000e+00) (0, 0, 0.00000000000000000000e+00) (0, 0, 0.00000000000000000000e+00) (0, 0, 0.00000000000000000000e+00) (0, 0, 0.00000000000000000000e+00) (0, 0, 0.00000000000000000000e+00) (0, 0, 0.00000000000000000000e+00) (0, 0, 0.00000000000000000000e+00) (0, 0, 0.00000000000000000000e+00) (0, 0, 0.00000000000000000000e+00) (13, 6, 5.00000000000000000000e-01) (13, 6, 5.00000000000000000000e-01) (13, 6, 5.00000000000000000000e-01) (0, 6, 0.00000000000000000000e+00) (4, 4, 5.00000000000000000000e-01) (0, 4, 0.00000000000000000000e+00) 
connections (connected_to_neuron, weight)=(0, 1.17105076777837560087e+01) (1, -7.30985940130766209677e+00) (2, -7.67020084748251562701e+00) (3, 8.45901412168686528403e-01) (4, 9.17721253100325096153e-02) (5, -2.06685196685795713467e-01) (6, 1.66572864535785143403e+01) (7, 1.16476826958479300345e+01) (8, -3.54439554080880858677e+00) (9, -4.71183945402556325632e+00) (10, 1.12717996486413092327e+01) (11, -1.10426460753243538271e+00) (12, 4.60691100380988061147e+00) (0, 1.16707596521914158672e+01) (1, 8.38248890855855521842e-02) (2, -1.60765258274873232835e+01) (3, -1.60529381606430571194e-01) (4, 4.78702182509764484486e-01) (5, -7.61035201277660555697e-01) (6, 9.23892473660077095943e-01) (7, 5.78953291571774220081e-01) (8, -1.94039255348550071512e-01) (9, 3.08878706357407706307e+00) (10, 1.25055781422361422806e+00) (11, -7.22821801650943673856e-01) (12, 1.09806794179964706260e+00) (0, 1.05252820347345750207e+01) (1, 6.81263137303533161671e-01) (2, -1.36704055737897061107e+01) (3, -5.26936104927139270515e-01) (4, -2.80124770731650207800e-01) (5, -2.39925440957998725722e+00) (6, -9.05520624132210016910e-01) (7, 1.54284273648343212004e-01) (8, -1.70144934481981890961e+00) (9, 8.07285469483981721339e-01) (10, -2.32603004177171035494e+00) (11, -2.02153530876253162418e+00) (12, 1.05557413503856434289e+00) (13, -4.07604308957431094029e+00) (14, -2.01071739740097532589e+00) (15, -1.39574074304531925428e+00) (16, -2.90659004959313538308e+00) 
