FANN_FLO_2.1
num_layers=3
learning_rate=0.700000
connection_rate=1.000000
network_type=0
learning_momentum=0.000000
training_algorithm=2
train_error_function=1
train_stop_function=1
cascade_output_change_fraction=0.010000
quickprop_decay=-0.000100
quickprop_mu=1.750000
rprop_increase_factor=1.200000
rprop_decrease_factor=0.500000
rprop_delta_min=0.000000
rprop_delta_max=50.000000
rprop_delta_zero=0.100000
cascade_output_stagnation_epochs=12
cascade_candidate_change_fraction=0.010000
cascade_candidate_stagnation_epochs=12
cascade_max_out_epochs=150
cascade_min_out_epochs=50
cascade_max_cand_epochs=150
cascade_min_cand_epochs=50
cascade_num_candidate_groups=2
bit_fail_limit=1.00000000000000005551e-01
cascade_candidate_limit=1.00000000000000000000e+03
cascade_weight_multiplier=4.00000000000000022204e-01
cascade_activation_functions_count=10
cascade_activation_functions=3 5 7 8 10 11 14 15 16 17 
cascade_activation_steepnesses_count=4
cascade_activation_steepnesses=2.50000000000000000000e-01 5.00000000000000000000e-01 7.50000000000000000000e-01 1.00000000000000000000e+00 
layer_sizes=13 4 2 
scale_included=0
neurons (num_inputs, activation_function, activation_steepness)=(0, 0, 0.00000000000000000000e+00) (0, 0, 0.00000000000000000000e+00) (0, 0, 0.00000000000000000000e+00) (0, 0, 0.00000000000000000000e+00) (0, 0, 0.00000000000000000000e+00) (0, 0, 0.00000000000000000000e+00) (0, 0, 0.00000000000000000000e+00) (0, 0, 0.00000000000000000000e+00) (0, 0, 0.00000000000000000000e+00) (0, 0, 0.00000000000000000000e+00) (0, 0, 0.00000000000000000000e+00) (0, 0, 0.00000000000000000000e+00) (0, 0, 0.00000000000000000000e+00) (13, 6, 5.00000000000000000000e-01) (13, 6, 5.00000000000000000000e-01) (13, 6, 5.00000000000000000000e-01) (0, 6, 0.00000000000000000000e+00) (4, 4, 5.00000000000000000000e-01) (0, 4, 0.00000000000000000000e+00) 
connections (connected_to_neuron, weight)=(0, -2.51029648253028181415e+00) (1, 3.83608542468726776420e+00) (2, 4.96296922665655393381e-01) (3, 1.28463009934547112145e+00) (4, 3.91484385117789157604e+00) (5, -6.30484542685695315001e-01) (6, -1.34976056500402097349e+00) (7, -1.34936967420772511161e+01) (8, -4.09919921779969875786e+00) (9, -1.39562290327029536741e+00) (10, -6.55714836721496441285e-01) (11, 4.94624204365007180684e+00) (12, -2.07573004801019722620e+00) (0, -3.68776200157339939523e+00) (1, 5.47646906436939939766e+00) (2, 8.58696773314619243855e-01) (3, 6.93560571814622495168e+00) (4, -1.47224703421664021574e-01) (5, -1.56942640369660008776e-03) (6, 1.63687446310537026983e-01) (7, -9.89207334764551937667e+00) (8, -8.38120877323374280365e+00) (9, -1.90548245471934080131e-01) (10, 2.38711505527556777650e+00) (11, 7.27765084972605258429e+00) (12, -4.67606186059143169587e+00) (0, -2.75040136409618929392e+00) (1, 8.51444449387628310433e-01) (2, -2.54620353674823302059e-02) (3, 7.31383112590046291501e-01) (4, 2.00151717785749500012e-01) (5, -7.67065174430167640018e-01) (6, 1.19198408955941315135e+00) (7, 5.61418334763070125959e-01) (8, 5.10809224244996418207e-01) (9, 9.31078373509721113344e-01) (10, 2.05721730139614145116e+00) (11, 9.47803149958570401168e-01) (12, -6.64135446391152184376e-01) (13, 1.24574197628153715556e+00) (14, 5.35469399357379582938e+00) (15, 2.00769354195990992196e+01) (16, -1.05949098027638966002e+00) 
