FANN_FLO_2.1
num_layers=3
learning_rate=0.700000
connection_rate=1.000000
network_type=0
learning_momentum=0.000000
training_algorithm=2
train_error_function=1
train_stop_function=1
cascade_output_change_fraction=0.010000
quickprop_decay=-0.000100
quickprop_mu=1.750000
rprop_increase_factor=1.200000
rprop_decrease_factor=0.500000
rprop_delta_min=0.000000
rprop_delta_max=50.000000
rprop_delta_zero=0.100000
cascade_output_stagnation_epochs=12
cascade_candidate_change_fraction=0.010000
cascade_candidate_stagnation_epochs=12
cascade_max_out_epochs=150
cascade_min_out_epochs=50
cascade_max_cand_epochs=150
cascade_min_cand_epochs=50
cascade_num_candidate_groups=2
bit_fail_limit=1.00000000000000005551e-01
cascade_candidate_limit=1.00000000000000000000e+03
cascade_weight_multiplier=4.00000000000000022204e-01
cascade_activation_functions_count=10
cascade_activation_functions=3 5 7 8 10 11 14 15 16 17 
cascade_activation_steepnesses_count=4
cascade_activation_steepnesses=2.50000000000000000000e-01 5.00000000000000000000e-01 7.50000000000000000000e-01 1.00000000000000000000e+00 
layer_sizes=17 4 2 
scale_included=0
neurons (num_inputs, activation_function, activation_steepness)=(0, 0, 0.00000000000000000000e+00) (0, 0, 0.00000000000000000000e+00) (0, 0, 0.00000000000000000000e+00) (0, 0, 0.00000000000000000000e+00) (0, 0, 0.00000000000000000000e+00) (0, 0, 0.00000000000000000000e+00) (0, 0, 0.00000000000000000000e+00) (0, 0, 0.00000000000000000000e+00) (0, 0, 0.00000000000000000000e+00) (0, 0, 0.00000000000000000000e+00) (0, 0, 0.00000000000000000000e+00) (0, 0, 0.00000000000000000000e+00) (0, 0, 0.00000000000000000000e+00) (0, 0, 0.00000000000000000000e+00) (0, 0, 0.00000000000000000000e+00) (0, 0, 0.00000000000000000000e+00) (0, 0, 0.00000000000000000000e+00) (17, 6, 5.00000000000000000000e-01) (17, 6, 5.00000000000000000000e-01) (17, 6, 5.00000000000000000000e-01) (0, 6, 0.00000000000000000000e+00) (4, 4, 5.00000000000000000000e-01) (0, 4, 0.00000000000000000000e+00) 
connections (connected_to_neuron, weight)=(0, 4.21394937586885287573e+00) (1, -5.65017252506795930600e+00) (2, -4.77628413179133015642e-01) (3, -1.19585837983786480443e+00) (4, -2.74713340222849267125e-01) (5, -5.39706156131557612810e+00) (6, -6.81580708795550660462e-01) (7, 8.68619259557833700569e-01) (8, -2.51959711782568218652e+00) (9, -6.04061219861382525664e+00) (10, -1.36943778819098915811e+00) (11, 2.61694033697230343805e+00) (12, 2.45075194164097709404e+00) (13, 1.41977164952624623773e+00) (14, 2.51941589986085023867e+00) (15, -1.19129121658658276850e+00) (16, 4.09320907440842063352e+00) (0, -6.92890776774533723170e+00) (1, -2.31489187756983461064e-01) (2, 1.40766005289954119206e+01) (3, 1.83727677758527296881e+00) (4, -8.77483721468090216433e+00) (5, 1.81333912100570593395e-01) (6, 1.96275407276913398391e+01) (7, 5.91058104016137342285e-01) (8, 3.81441315588629370481e+00) (9, -4.06692707184851398594e-01) (10, 4.93212647744408316797e-01) (11, -2.35609779543501485222e+00) (12, -4.50538231043628834005e-01) (13, -3.89258040367640834045e-01) (14, -5.32415085158462009218e+00) (15, -8.67432665465354413303e-02) (16, -1.87322514285750707508e+00) (0, 5.98853822370785060514e+00) (1, -4.38599562638743467602e+00) (2, -2.22554993681726953625e+00) (3, -2.84229168256563990980e+00) (4, 4.32548263311544500809e-01) (5, -1.64915424015692990700e+00) (6, -2.81022102309886001592e+00) (7, -3.57408553404145457044e-01) (8, -3.03444455532003187770e+00) (9, -4.86789213086341288061e+00) (10, -2.87618415955372741522e+00) (11, 3.24012211357200485828e-01) (12, 4.11589286743856241912e+00) (13, 2.23878855903843598796e+00) (14, 4.34812183978010846630e+00) (15, -3.12934096038311082566e+00) (16, 5.90872529105650468040e+00) (17, -4.14260501156354177255e+00) (18, 4.35727238192970034447e+00) (19, -1.99422614503132478170e+00) (20, -1.43663135431676858289e+00) 
