FANN_FLO_2.1
num_layers=3
learning_rate=0.700000
connection_rate=1.000000
network_type=0
learning_momentum=0.000000
training_algorithm=2
train_error_function=1
train_stop_function=1
cascade_output_change_fraction=0.010000
quickprop_decay=-0.000100
quickprop_mu=1.750000
rprop_increase_factor=1.200000
rprop_decrease_factor=0.500000
rprop_delta_min=0.000000
rprop_delta_max=50.000000
rprop_delta_zero=0.100000
cascade_output_stagnation_epochs=12
cascade_candidate_change_fraction=0.010000
cascade_candidate_stagnation_epochs=12
cascade_max_out_epochs=150
cascade_min_out_epochs=50
cascade_max_cand_epochs=150
cascade_min_cand_epochs=50
cascade_num_candidate_groups=2
bit_fail_limit=1.00000000000000005551e-01
cascade_candidate_limit=1.00000000000000000000e+03
cascade_weight_multiplier=4.00000000000000022204e-01
cascade_activation_functions_count=10
cascade_activation_functions=3 5 7 8 10 11 14 15 16 17 
cascade_activation_steepnesses_count=4
cascade_activation_steepnesses=2.50000000000000000000e-01 5.00000000000000000000e-01 7.50000000000000000000e-01 1.00000000000000000000e+00 
layer_sizes=17 4 2 
scale_included=0
neurons (num_inputs, activation_function, activation_steepness)=(0, 0, 0.00000000000000000000e+00) (0, 0, 0.00000000000000000000e+00) (0, 0, 0.00000000000000000000e+00) (0, 0, 0.00000000000000000000e+00) (0, 0, 0.00000000000000000000e+00) (0, 0, 0.00000000000000000000e+00) (0, 0, 0.00000000000000000000e+00) (0, 0, 0.00000000000000000000e+00) (0, 0, 0.00000000000000000000e+00) (0, 0, 0.00000000000000000000e+00) (0, 0, 0.00000000000000000000e+00) (0, 0, 0.00000000000000000000e+00) (0, 0, 0.00000000000000000000e+00) (0, 0, 0.00000000000000000000e+00) (0, 0, 0.00000000000000000000e+00) (0, 0, 0.00000000000000000000e+00) (0, 0, 0.00000000000000000000e+00) (17, 6, 5.00000000000000000000e-01) (17, 6, 5.00000000000000000000e-01) (17, 6, 5.00000000000000000000e-01) (0, 6, 0.00000000000000000000e+00) (4, 4, 5.00000000000000000000e-01) (0, 4, 0.00000000000000000000e+00) 
connections (connected_to_neuron, weight)=(0, -9.02120754075230291136e-01) (1, 1.44989983991153659204e+00) (2, 8.96917963776114768315e-01) (3, -6.49899273402257393606e-01) (4, 2.14110232318397475382e+00) (5, -7.90309137028050306961e-02) (6, -2.02113669677376650569e+00) (7, 1.49781227378034920150e+00) (8, 1.46330035544406378278e+00) (9, -3.85549439618458489321e+00) (10, 2.10758370334859801432e+00) (11, -4.10106694432378926507e+00) (12, 1.82415422260765391904e+00) (13, 1.74435018807844621769e+00) (14, -3.80705065638972106612e+00) (15, -1.21648292206555574957e+00) (16, -1.49267800565706965088e+00) (0, -7.87156544578254790956e-01) (1, 1.51636001721389712671e+00) (2, 9.70042417201522177983e-01) (3, -5.02185433394475300162e-01) (4, 2.11139035398717833658e+00) (5, 2.51980075318028601261e-02) (6, -2.02025137408375643489e+00) (7, 1.63278737930441142367e+00) (8, 1.41544456473957502851e+00) (9, -3.81088715175261283363e+00) (10, 2.12032938549872351786e+00) (11, -4.03809701385379771210e+00) (12, 1.77928017288450557309e+00) (13, 1.80056208431915765189e+00) (14, -3.79658418507529082930e+00) (15, -1.40512209348708361212e+00) (16, -1.57794948335634943604e+00) (0, -2.95135107667031160172e-01) (1, 7.85213030223427477239e-01) (2, 3.03651100368951487596e-01) (3, -2.96659170239694791604e-01) (4, 2.66503702636161543538e+00) (5, 1.70496445679084285274e-01) (6, -1.24102451991928686148e+00) (7, -3.13757285578682876270e-01) (8, 1.41272209089514166891e+00) (9, -5.75576970694155143349e-01) (10, 2.78453793908754043684e+00) (11, -2.14818214952906483273e-01) (12, 9.26866527778447468755e-01) (13, 1.02087798369751170391e+00) (14, -1.55957384790910036365e+00) (15, -3.71891263186536202845e-01) (16, -4.19369264321797940998e-01) (17, 1.39283420032236353592e+01) (18, 3.23946401786042201820e+01) (19, 2.19465224758119292758e+00) (20, -1.59370249923216578125e+00) 
