FANN_FLO_2.1
num_layers=3
learning_rate=0.700000
connection_rate=1.000000
network_type=0
learning_momentum=0.000000
training_algorithm=2
train_error_function=1
train_stop_function=1
cascade_output_change_fraction=0.010000
quickprop_decay=-0.000100
quickprop_mu=1.750000
rprop_increase_factor=1.200000
rprop_decrease_factor=0.500000
rprop_delta_min=0.000000
rprop_delta_max=50.000000
rprop_delta_zero=0.100000
cascade_output_stagnation_epochs=12
cascade_candidate_change_fraction=0.010000
cascade_candidate_stagnation_epochs=12
cascade_max_out_epochs=150
cascade_min_out_epochs=50
cascade_max_cand_epochs=150
cascade_min_cand_epochs=50
cascade_num_candidate_groups=2
bit_fail_limit=1.00000000000000005551e-01
cascade_candidate_limit=1.00000000000000000000e+03
cascade_weight_multiplier=4.00000000000000022204e-01
cascade_activation_functions_count=10
cascade_activation_functions=3 5 7 8 10 11 14 15 16 17 
cascade_activation_steepnesses_count=4
cascade_activation_steepnesses=2.50000000000000000000e-01 5.00000000000000000000e-01 7.50000000000000000000e-01 1.00000000000000000000e+00 
layer_sizes=14 4 2 
scale_included=0
neurons (num_inputs, activation_function, activation_steepness)=(0, 0, 0.00000000000000000000e+00) (0, 0, 0.00000000000000000000e+00) (0, 0, 0.00000000000000000000e+00) (0, 0, 0.00000000000000000000e+00) (0, 0, 0.00000000000000000000e+00) (0, 0, 0.00000000000000000000e+00) (0, 0, 0.00000000000000000000e+00) (0, 0, 0.00000000000000000000e+00) (0, 0, 0.00000000000000000000e+00) (0, 0, 0.00000000000000000000e+00) (0, 0, 0.00000000000000000000e+00) (0, 0, 0.00000000000000000000e+00) (0, 0, 0.00000000000000000000e+00) (0, 0, 0.00000000000000000000e+00) (14, 6, 5.00000000000000000000e-01) (14, 6, 5.00000000000000000000e-01) (14, 6, 5.00000000000000000000e-01) (0, 6, 0.00000000000000000000e+00) (4, 4, 5.00000000000000000000e-01) (0, 4, 0.00000000000000000000e+00) 
connections (connected_to_neuron, weight)=(0, -5.30406958144144091705e+00) (1, 4.31322727617334855665e+00) (2, -6.94445176556254373246e-01) (3, -3.45928787376690194399e-01) (4, -1.36778277573451678695e-01) (5, -4.62370625280628777531e-01) (6, -4.66933618283349727296e-01) (7, 2.28146362060098528701e-01) (8, -8.37481194119510385931e-02) (9, -1.21053915522922994619e+00) (10, -3.48036452007116725582e+00) (11, 5.81347242060264890462e-01) (12, 1.57925484061791321366e+00) (13, -6.08698145090836195692e-01) (0, 7.63698516149571382527e+00) (1, 2.22760417791392634212e-01) (2, -1.33746875629025598897e+01) (3, 7.04766086174406281017e-01) (4, 1.02811512780982172721e+00) (5, 1.44904147824100082431e+00) (6, 1.28968027265973184115e+00) (7, 2.29234053565568141053e-01) (8, 1.18159852736588200095e+00) (9, 1.77466280803819387302e+00) (10, 7.68474923962842559888e+00) (11, -2.96268643877907023043e-01) (12, -3.42038695129026271147e+00) (13, 1.39325505733445176304e+00) (0, -3.08188385421981170254e+00) (1, 1.18350006936073492980e+00) (2, -1.51582337362289848448e-01) (3, -1.04673293243161255606e-01) (4, 3.80275210332598812002e-01) (5, -6.75925967687430739872e-02) (6, -1.32556688260884236730e-01) (7, 2.49526344649376063956e-01) (8, -6.40605876402362273137e-02) (9, -1.44485759061716845242e-01) (10, -1.63746335032562972955e+00) (11, 4.95051030463373731294e-01) (12, 4.29076000751719421888e-01) (13, -3.89177812504628350965e-01) (14, 3.42192142467722915100e+00) (15, -4.55151250551063490946e+00) (16, 2.46294362853042114736e+00) (17, -3.66642727131833678911e+00) 
