FANN_FLO_2.1
num_layers=3
learning_rate=0.700000
connection_rate=1.000000
network_type=0
learning_momentum=0.000000
training_algorithm=2
train_error_function=1
train_stop_function=1
cascade_output_change_fraction=0.010000
quickprop_decay=-0.000100
quickprop_mu=1.750000
rprop_increase_factor=1.200000
rprop_decrease_factor=0.500000
rprop_delta_min=0.000000
rprop_delta_max=50.000000
rprop_delta_zero=0.100000
cascade_output_stagnation_epochs=12
cascade_candidate_change_fraction=0.010000
cascade_candidate_stagnation_epochs=12
cascade_max_out_epochs=150
cascade_min_out_epochs=50
cascade_max_cand_epochs=150
cascade_min_cand_epochs=50
cascade_num_candidate_groups=2
bit_fail_limit=1.00000000000000005551e-01
cascade_candidate_limit=1.00000000000000000000e+03
cascade_weight_multiplier=4.00000000000000022204e-01
cascade_activation_functions_count=10
cascade_activation_functions=3 5 7 8 10 11 14 15 16 17 
cascade_activation_steepnesses_count=4
cascade_activation_steepnesses=2.50000000000000000000e-01 5.00000000000000000000e-01 7.50000000000000000000e-01 1.00000000000000000000e+00 
layer_sizes=13 4 2 
scale_included=0
neurons (num_inputs, activation_function, activation_steepness)=(0, 0, 0.00000000000000000000e+00) (0, 0, 0.00000000000000000000e+00) (0, 0, 0.00000000000000000000e+00) (0, 0, 0.00000000000000000000e+00) (0, 0, 0.00000000000000000000e+00) (0, 0, 0.00000000000000000000e+00) (0, 0, 0.00000000000000000000e+00) (0, 0, 0.00000000000000000000e+00) (0, 0, 0.00000000000000000000e+00) (0, 0, 0.00000000000000000000e+00) (0, 0, 0.00000000000000000000e+00) (0, 0, 0.00000000000000000000e+00) (0, 0, 0.00000000000000000000e+00) (13, 6, 5.00000000000000000000e-01) (13, 6, 5.00000000000000000000e-01) (13, 6, 5.00000000000000000000e-01) (0, 6, 0.00000000000000000000e+00) (4, 4, 5.00000000000000000000e-01) (0, 4, 0.00000000000000000000e+00) 
connections (connected_to_neuron, weight)=(0, 1.02583268145758772505e+01) (1, 4.98013404801130737942e-02) (2, -3.68101841691370723630e-01) (3, 1.82815780829204443947e+00) (4, 4.57734911841599589888e-01) (5, 1.75614405226367398249e+00) (6, 8.38822664798719941359e+00) (7, 2.96001147236573469712e+00) (8, 9.65144627953872125126e-01) (9, 1.62583923117001205583e+00) (10, 1.06696194267093913410e+00) (11, 1.59798471269206432410e+00) (12, 5.96074987477616868858e+00) (0, -1.99019333241403106882e+00) (1, 1.80206415641023642848e+00) (2, 1.83779908501806543697e+00) (3, -2.58798657333112747114e-01) (4, 1.07763492866381982438e+00) (5, 9.31399923214187297482e-02) (6, -6.87902555604308907355e-01) (7, 8.68909325600672466372e-01) (8, 5.39322681878358634044e-01) (9, 2.36422101617311586352e-01) (10, 4.14753231540976485814e-01) (11, -2.71491527437991764238e-01) (12, -2.02461872888624672129e+00) (0, -2.84406853546362814456e+00) (1, 1.97088091152545930029e+00) (2, 1.74254036479893015255e+00) (3, -3.35945876663185150068e-01) (4, 1.03043708755597451798e+00) (5, 1.28294364775108304944e-01) (6, -6.33611992736190621223e-01) (7, 9.25355155170965892886e-01) (8, 5.15238903616220267345e-01) (9, -1.41171297185657185214e-01) (10, 3.33389061824141352819e-01) (11, -2.90103055417365696123e-01) (12, -1.94191604746401313975e+00) (13, -4.84695477257974294272e-01) (14, 8.39213639832200009039e+00) (15, 8.37933421469391781500e+00) (16, -1.20113785738834288885e+00) 
