FANN_FLO_2.1
num_layers=3
learning_rate=0.700000
connection_rate=1.000000
network_type=0
learning_momentum=0.000000
training_algorithm=2
train_error_function=1
train_stop_function=1
cascade_output_change_fraction=0.010000
quickprop_decay=-0.000100
quickprop_mu=1.750000
rprop_increase_factor=1.200000
rprop_decrease_factor=0.500000
rprop_delta_min=0.000000
rprop_delta_max=50.000000
rprop_delta_zero=0.100000
cascade_output_stagnation_epochs=12
cascade_candidate_change_fraction=0.010000
cascade_candidate_stagnation_epochs=12
cascade_max_out_epochs=150
cascade_min_out_epochs=50
cascade_max_cand_epochs=150
cascade_min_cand_epochs=50
cascade_num_candidate_groups=2
bit_fail_limit=1.00000000000000005551e-01
cascade_candidate_limit=1.00000000000000000000e+03
cascade_weight_multiplier=4.00000000000000022204e-01
cascade_activation_functions_count=10
cascade_activation_functions=3 5 7 8 10 11 14 15 16 17 
cascade_activation_steepnesses_count=4
cascade_activation_steepnesses=2.50000000000000000000e-01 5.00000000000000000000e-01 7.50000000000000000000e-01 1.00000000000000000000e+00 
layer_sizes=9 4 2 
scale_included=0
neurons (num_inputs, activation_function, activation_steepness)=(0, 0, 0.00000000000000000000e+00) (0, 0, 0.00000000000000000000e+00) (0, 0, 0.00000000000000000000e+00) (0, 0, 0.00000000000000000000e+00) (0, 0, 0.00000000000000000000e+00) (0, 0, 0.00000000000000000000e+00) (0, 0, 0.00000000000000000000e+00) (0, 0, 0.00000000000000000000e+00) (0, 0, 0.00000000000000000000e+00) (9, 6, 5.00000000000000000000e-01) (9, 6, 5.00000000000000000000e-01) (9, 6, 5.00000000000000000000e-01) (0, 6, 0.00000000000000000000e+00) (4, 4, 5.00000000000000000000e-01) (0, 4, 0.00000000000000000000e+00) 
connections (connected_to_neuron, weight)=(0, 5.95050513517996412793e-02) (1, 6.09653245514969244212e-01) (2, 1.31381557461551046195e+00) (3, 9.45741157565793133521e-01) (4, -3.94524030466225361646e-01) (5, -3.47150411535647129835e-01) (6, 6.93867544983562067884e-01) (7, 1.32491729383659073704e+00) (8, 5.17952996214993341417e-02) (0, 2.36822734879268220753e-01) (1, 1.82587562419362164912e-01) (2, 4.36000658263949070204e-01) (3, 7.94442298461449314395e-01) (4, 1.47100692557077417089e-01) (5, 1.10934354263532625184e-01) (6, 4.48397900182918696110e-01) (7, 9.52458971323481895510e-01) (8, -4.73693147078388457349e-02) (0, -3.90326631258747391851e-01) (1, -1.15492107867796134357e+00) (2, -5.82085462803120567976e-01) (3, -1.71333725983592333186e+00) (4, 1.07407980652929557763e+00) (5, 9.90580181204091969605e-01) (6, -1.16790407621559144680e+00) (7, -1.05274087255052872791e+00) (8, 1.23172637192277201201e+00) (9, 2.93030167223916970798e+00) (10, 2.84038613655747507192e-01) (11, -2.80045630683335843969e+02) (12, -4.37598679717993988003e-01) 
