FANN_FLO_2.1
num_layers=3
learning_rate=0.700000
connection_rate=1.000000
network_type=0
learning_momentum=0.000000
training_algorithm=2
train_error_function=1
train_stop_function=1
cascade_output_change_fraction=0.010000
quickprop_decay=-0.000100
quickprop_mu=1.750000
rprop_increase_factor=1.200000
rprop_decrease_factor=0.500000
rprop_delta_min=0.000000
rprop_delta_max=50.000000
rprop_delta_zero=0.100000
cascade_output_stagnation_epochs=12
cascade_candidate_change_fraction=0.010000
cascade_candidate_stagnation_epochs=12
cascade_max_out_epochs=150
cascade_min_out_epochs=50
cascade_max_cand_epochs=150
cascade_min_cand_epochs=50
cascade_num_candidate_groups=2
bit_fail_limit=1.00000000000000005551e-01
cascade_candidate_limit=1.00000000000000000000e+03
cascade_weight_multiplier=4.00000000000000022204e-01
cascade_activation_functions_count=10
cascade_activation_functions=3 5 7 8 10 11 14 15 16 17 
cascade_activation_steepnesses_count=4
cascade_activation_steepnesses=2.50000000000000000000e-01 5.00000000000000000000e-01 7.50000000000000000000e-01 1.00000000000000000000e+00 
layer_sizes=14 4 2 
scale_included=0
neurons (num_inputs, activation_function, activation_steepness)=(0, 0, 0.00000000000000000000e+00) (0, 0, 0.00000000000000000000e+00) (0, 0, 0.00000000000000000000e+00) (0, 0, 0.00000000000000000000e+00) (0, 0, 0.00000000000000000000e+00) (0, 0, 0.00000000000000000000e+00) (0, 0, 0.00000000000000000000e+00) (0, 0, 0.00000000000000000000e+00) (0, 0, 0.00000000000000000000e+00) (0, 0, 0.00000000000000000000e+00) (0, 0, 0.00000000000000000000e+00) (0, 0, 0.00000000000000000000e+00) (0, 0, 0.00000000000000000000e+00) (0, 0, 0.00000000000000000000e+00) (14, 6, 5.00000000000000000000e-01) (14, 6, 5.00000000000000000000e-01) (14, 6, 5.00000000000000000000e-01) (0, 6, 0.00000000000000000000e+00) (4, 4, 5.00000000000000000000e-01) (0, 4, 0.00000000000000000000e+00) 
connections (connected_to_neuron, weight)=(0, 4.42211859953339503360e-01) (1, -1.75120885045506602395e-01) (2, -1.56525268456676980300e+00) (3, 3.38494240795567669089e-01) (4, 3.48560359311221257261e-01) (5, 1.74375818690437833780e-01) (6, 2.32233158801987887854e-01) (7, 3.35605300790855098914e-01) (8, 4.00243468140557667745e-01) (9, 3.21285288549763514698e-01) (10, 2.10814729260877631312e-01) (11, 3.12446939197805861888e-01) (12, 4.81346398296727873145e-01) (13, 3.36238168007919002722e-01) (0, -5.00278139426870538387e+00) (1, 4.60528238645945009466e+00) (2, 4.72920737203877550314e+00) (3, -5.65797907248492770727e-01) (4, -3.43414061465596898159e+00) (5, 3.18316445685497662055e-01) (6, 2.87006860115694539815e+00) (7, -2.77535298753414583217e+00) (8, 3.62259005528902777726e+00) (9, -4.75530719604179086257e-01) (10, 2.27555929081712315920e+00) (11, -1.88040638830542540527e-02) (12, 2.50194026966942972834e+00) (13, -4.96534759118719293269e+00) (0, -2.43222422927844927898e+00) (1, 1.40448559016599694438e+00) (2, 1.95133114789751549445e+00) (3, -1.62644384005139075455e+00) (4, -4.21014825636385425778e-01) (5, 4.54549681236728120304e-01) (6, 3.85053638210280879672e-01) (7, -6.15494484991658707962e-01) (8, -4.80674930170176595290e-01) (9, -4.03444475225760823545e-01) (10, -1.11390688376412416716e-01) (11, 1.03726455292946417863e+00) (12, -8.71554646950457589938e-01) (13, -3.99596314186019763159e-01) (14, -1.18154412739511816000e+00) (15, 7.79707325213018265231e+00) (16, 1.21070482475007556999e+00) (17, -1.40823591781756563002e+00) 
