FANN_FLO_2.1
num_layers=3
learning_rate=0.700000
connection_rate=1.000000
network_type=0
learning_momentum=0.000000
training_algorithm=2
train_error_function=1
train_stop_function=1
cascade_output_change_fraction=0.010000
quickprop_decay=-0.000100
quickprop_mu=1.750000
rprop_increase_factor=1.200000
rprop_decrease_factor=0.500000
rprop_delta_min=0.000000
rprop_delta_max=50.000000
rprop_delta_zero=0.100000
cascade_output_stagnation_epochs=12
cascade_candidate_change_fraction=0.010000
cascade_candidate_stagnation_epochs=12
cascade_max_out_epochs=150
cascade_min_out_epochs=50
cascade_max_cand_epochs=150
cascade_min_cand_epochs=50
cascade_num_candidate_groups=2
bit_fail_limit=1.00000000000000005551e-01
cascade_candidate_limit=1.00000000000000000000e+03
cascade_weight_multiplier=4.00000000000000022204e-01
cascade_activation_functions_count=10
cascade_activation_functions=3 5 7 8 10 11 14 15 16 17 
cascade_activation_steepnesses_count=4
cascade_activation_steepnesses=2.50000000000000000000e-01 5.00000000000000000000e-01 7.50000000000000000000e-01 1.00000000000000000000e+00 
layer_sizes=14 4 2 
scale_included=0
neurons (num_inputs, activation_function, activation_steepness)=(0, 0, 0.00000000000000000000e+00) (0, 0, 0.00000000000000000000e+00) (0, 0, 0.00000000000000000000e+00) (0, 0, 0.00000000000000000000e+00) (0, 0, 0.00000000000000000000e+00) (0, 0, 0.00000000000000000000e+00) (0, 0, 0.00000000000000000000e+00) (0, 0, 0.00000000000000000000e+00) (0, 0, 0.00000000000000000000e+00) (0, 0, 0.00000000000000000000e+00) (0, 0, 0.00000000000000000000e+00) (0, 0, 0.00000000000000000000e+00) (0, 0, 0.00000000000000000000e+00) (0, 0, 0.00000000000000000000e+00) (14, 6, 5.00000000000000000000e-01) (14, 6, 5.00000000000000000000e-01) (14, 6, 5.00000000000000000000e-01) (0, 6, 0.00000000000000000000e+00) (4, 4, 5.00000000000000000000e-01) (0, 4, 0.00000000000000000000e+00) 
connections (connected_to_neuron, weight)=(0, 5.08401666529582119125e+00) (1, -3.07431417908190063315e+00) (2, -1.86579580913355225213e+00) (3, -2.67197526697495857384e-01) (4, -1.36646617268949865931e+00) (5, -3.69435593191960731652e-01) (6, 5.39350032476053342645e-02) (7, -2.08786569432409008229e+00) (8, 4.22568666533645553862e-01) (9, -7.93520990990971508694e-01) (10, -5.59071238398939684977e-01) (11, -1.98087983649297338928e+00) (12, 2.53233384936587668790e+00) (13, 2.91149086528896461346e+00) (0, -2.41930026859522495641e+00) (1, 1.34942283275562036060e+00) (2, 7.31813932261739630292e-01) (3, 1.03819037865963359479e+00) (4, 1.21152753804018886719e+00) (5, 1.78118799832574531417e-01) (6, 2.47756536305050872881e-01) (7, 8.40664189899455571719e-01) (8, 1.51788804614140432347e-01) (9, 3.26863844535551784087e-01) (10, 2.75856436583118980188e-01) (11, 4.86240200819345103067e-01) (12, -4.83833573787029874724e-02) (13, -1.84865790822637987567e-01) (0, -7.42983664040870017686e-01) (1, 1.19684643060761142230e+00) (2, 7.04751486064467691506e-01) (3, 4.78720298552117617952e-01) (4, 8.23475829307327877871e-01) (5, 9.42999201150147792205e-01) (6, 6.09490764862444800443e-01) (7, 1.46553050559542841214e+00) (8, 1.58160882299583360755e-01) (9, 6.78278331581190663258e-01) (10, 7.46200469902103424857e-01) (11, 2.04959165366971740596e+00) (12, 6.06854746459210975251e-02) (13, 1.04631274903963150669e-01) (14, -1.38904370418664111497e+01) (15, 4.16726211537978397104e+00) (16, 1.81934706976660032218e+00) (17, -2.27558570067350318666e+00) 
