FANN_FLO_2.1
num_layers=3
learning_rate=0.700000
connection_rate=1.000000
network_type=0
learning_momentum=0.000000
training_algorithm=2
train_error_function=1
train_stop_function=1
cascade_output_change_fraction=0.010000
quickprop_decay=-0.000100
quickprop_mu=1.750000
rprop_increase_factor=1.200000
rprop_decrease_factor=0.500000
rprop_delta_min=0.000000
rprop_delta_max=50.000000
rprop_delta_zero=0.100000
cascade_output_stagnation_epochs=12
cascade_candidate_change_fraction=0.010000
cascade_candidate_stagnation_epochs=12
cascade_max_out_epochs=150
cascade_min_out_epochs=50
cascade_max_cand_epochs=150
cascade_min_cand_epochs=50
cascade_num_candidate_groups=2
bit_fail_limit=1.00000000000000005551e-01
cascade_candidate_limit=1.00000000000000000000e+03
cascade_weight_multiplier=4.00000000000000022204e-01
cascade_activation_functions_count=10
cascade_activation_functions=3 5 7 8 10 11 14 15 16 17 
cascade_activation_steepnesses_count=4
cascade_activation_steepnesses=2.50000000000000000000e-01 5.00000000000000000000e-01 7.50000000000000000000e-01 1.00000000000000000000e+00 
layer_sizes=13 4 2 
scale_included=0
neurons (num_inputs, activation_function, activation_steepness)=(0, 0, 0.00000000000000000000e+00) (0, 0, 0.00000000000000000000e+00) (0, 0, 0.00000000000000000000e+00) (0, 0, 0.00000000000000000000e+00) (0, 0, 0.00000000000000000000e+00) (0, 0, 0.00000000000000000000e+00) (0, 0, 0.00000000000000000000e+00) (0, 0, 0.00000000000000000000e+00) (0, 0, 0.00000000000000000000e+00) (0, 0, 0.00000000000000000000e+00) (0, 0, 0.00000000000000000000e+00) (0, 0, 0.00000000000000000000e+00) (0, 0, 0.00000000000000000000e+00) (13, 6, 5.00000000000000000000e-01) (13, 6, 5.00000000000000000000e-01) (13, 6, 5.00000000000000000000e-01) (0, 6, 0.00000000000000000000e+00) (4, 4, 5.00000000000000000000e-01) (0, 4, 0.00000000000000000000e+00) 
connections (connected_to_neuron, weight)=(0, 8.11904527352769278536e+00) (1, -4.82210233082236250368e+00) (2, -5.85208937190781330884e+00) (3, 3.44930159992279872228e+00) (4, -4.59855545864228609787e+00) (5, 5.87725265498348803384e-01) (6, -3.25048215079795932425e+00) (7, 2.17821063856949281856e+00) (8, -1.71387218265423246777e+00) (9, 1.48512985744397685295e+00) (10, -8.39670361724888958399e-01) (11, 2.11928268612210857214e+00) (12, 5.15589731106624515888e+00) (0, 1.18143834547485884201e+01) (1, -6.00051061297393673044e+00) (2, -6.07533154160845167979e+00) (3, 5.63759441891281998238e+00) (4, -7.92712236721056573430e+00) (5, 3.13309411380197577746e-01) (6, 5.53707089903010185594e+00) (7, 4.33592947418128704662e-01) (8, -2.89018322472328437200e+00) (9, 1.51492260447820026315e+00) (10, 9.02432612522265031885e-01) (11, 2.29952406909188500350e+00) (12, 4.73933179183938246837e+00) (0, 1.19286279083575781357e+01) (1, -6.05549577856994503122e+00) (2, -6.59347420759890745501e+00) (3, 5.62776215591996109566e+00) (4, -7.85316610116499536076e+00) (5, 3.39794679406787925036e-01) (6, 5.59262390317572410936e+00) (7, 4.38959079081451153392e-01) (8, -2.89617431273881686948e+00) (9, 1.75584902552540889076e+00) (10, 8.77895056570368703674e-01) (11, 2.29806260763109060363e+00) (12, 5.06822153018322651974e+00) (13, -4.58176600615362161761e+00) (14, -2.17361702307877902030e+00) (15, -2.33032780284860541187e+00) (16, -9.85081066282027961734e-01) 
