FANN_FLO_2.1
num_layers=3
learning_rate=0.700000
connection_rate=1.000000
network_type=0
learning_momentum=0.000000
training_algorithm=2
train_error_function=1
train_stop_function=1
cascade_output_change_fraction=0.010000
quickprop_decay=-0.000100
quickprop_mu=1.750000
rprop_increase_factor=1.200000
rprop_decrease_factor=0.500000
rprop_delta_min=0.000000
rprop_delta_max=50.000000
rprop_delta_zero=0.100000
cascade_output_stagnation_epochs=12
cascade_candidate_change_fraction=0.010000
cascade_candidate_stagnation_epochs=12
cascade_max_out_epochs=150
cascade_min_out_epochs=50
cascade_max_cand_epochs=150
cascade_min_cand_epochs=50
cascade_num_candidate_groups=2
bit_fail_limit=1.00000000000000005551e-01
cascade_candidate_limit=1.00000000000000000000e+03
cascade_weight_multiplier=4.00000000000000022204e-01
cascade_activation_functions_count=10
cascade_activation_functions=3 5 7 8 10 11 14 15 16 17 
cascade_activation_steepnesses_count=4
cascade_activation_steepnesses=2.50000000000000000000e-01 5.00000000000000000000e-01 7.50000000000000000000e-01 1.00000000000000000000e+00 
layer_sizes=7 4 2 
scale_included=0
neurons (num_inputs, activation_function, activation_steepness)=(0, 0, 0.00000000000000000000e+00) (0, 0, 0.00000000000000000000e+00) (0, 0, 0.00000000000000000000e+00) (0, 0, 0.00000000000000000000e+00) (0, 0, 0.00000000000000000000e+00) (0, 0, 0.00000000000000000000e+00) (0, 0, 0.00000000000000000000e+00) (7, 6, 5.00000000000000000000e-01) (7, 6, 5.00000000000000000000e-01) (7, 6, 5.00000000000000000000e-01) (0, 6, 0.00000000000000000000e+00) (4, 4, 5.00000000000000000000e-01) (0, 4, 0.00000000000000000000e+00) 
connections (connected_to_neuron, weight)=(0, -1.86551453863015881396e+00) (1, 1.54731924150018662623e+00) (2, 1.05783249475028551245e+00) (3, 5.66665200577859740072e-01) (4, 8.12700230605889695212e-01) (5, 8.69633900973928564149e-01) (6, -1.68879635576835362976e+00) (0, 1.66672519096565885377e+01) (1, 2.10926431104637757130e+00) (2, 3.42088849099043379454e+00) (3, 3.81944835938114612972e+00) (4, 2.90982540618295626444e+00) (5, 4.72991553874608072761e+00) (6, 8.38381686865663589003e+00) (0, -2.45907833647464402205e+00) (1, 2.51840686010350056634e+00) (2, 2.92731959156784959930e+00) (3, 8.06389830541331086022e-03) (4, 1.12359657927554507095e-01) (5, -1.36827355430450048335e-01) (6, -2.59716974419091783943e+00) (7, 4.01376281598361828173e+00) (8, -1.37798467542981439848e+00) (9, 1.02144470738617840766e+01) (10, -1.51168715391692298766e+00) 
