FANN_FLO_2.1
num_layers=3
learning_rate=0.700000
connection_rate=1.000000
network_type=0
learning_momentum=0.000000
training_algorithm=2
train_error_function=1
train_stop_function=1
cascade_output_change_fraction=0.010000
quickprop_decay=-0.000100
quickprop_mu=1.750000
rprop_increase_factor=1.200000
rprop_decrease_factor=0.500000
rprop_delta_min=0.000000
rprop_delta_max=50.000000
rprop_delta_zero=0.100000
cascade_output_stagnation_epochs=12
cascade_candidate_change_fraction=0.010000
cascade_candidate_stagnation_epochs=12
cascade_max_out_epochs=150
cascade_min_out_epochs=50
cascade_max_cand_epochs=150
cascade_min_cand_epochs=50
cascade_num_candidate_groups=2
bit_fail_limit=1.00000000000000005551e-01
cascade_candidate_limit=1.00000000000000000000e+03
cascade_weight_multiplier=4.00000000000000022204e-01
cascade_activation_functions_count=10
cascade_activation_functions=3 5 7 8 10 11 14 15 16 17 
cascade_activation_steepnesses_count=4
cascade_activation_steepnesses=2.50000000000000000000e-01 5.00000000000000000000e-01 7.50000000000000000000e-01 1.00000000000000000000e+00 
layer_sizes=11 4 2 
scale_included=0
neurons (num_inputs, activation_function, activation_steepness)=(0, 0, 0.00000000000000000000e+00) (0, 0, 0.00000000000000000000e+00) (0, 0, 0.00000000000000000000e+00) (0, 0, 0.00000000000000000000e+00) (0, 0, 0.00000000000000000000e+00) (0, 0, 0.00000000000000000000e+00) (0, 0, 0.00000000000000000000e+00) (0, 0, 0.00000000000000000000e+00) (0, 0, 0.00000000000000000000e+00) (0, 0, 0.00000000000000000000e+00) (0, 0, 0.00000000000000000000e+00) (11, 6, 5.00000000000000000000e-01) (11, 6, 5.00000000000000000000e-01) (11, 6, 5.00000000000000000000e-01) (0, 6, 0.00000000000000000000e+00) (4, 4, 5.00000000000000000000e-01) (0, 4, 0.00000000000000000000e+00) 
connections (connected_to_neuron, weight)=(0, -5.06723496908274473327e+00) (1, 6.63222161909342800001e-01) (2, -2.13404953872844638241e+00) (3, 8.24837350856558626511e-01) (4, 2.22587664847814420410e-01) (5, 2.53453013750310707231e-01) (6, 1.67972671885779778478e+00) (7, 6.02927897403386592323e-01) (8, 2.41989529541834891280e-01) (9, 6.56819345431444268080e-01) (10, 1.90366726817457532217e-01) (0, -4.10577662358595745218e+01) (1, 2.54088804450076333197e+00) (2, 1.42490220250511381295e+01) (3, 9.82223471733475905765e-01) (4, 1.02990939682528565013e-01) (5, 1.06764413321538498280e+00) (6, 2.99576886529588426455e+00) (7, 6.42680517912063820063e+00) (8, 1.02045593567523673606e+00) (9, 2.09460046480078793119e-01) (10, -5.61657869551449917545e-01) (0, 1.33933249669862579623e+01) (1, -2.48705699430298565744e+00) (2, 1.58164771823330885248e+00) (3, 5.00969480477526207807e-01) (4, 1.56076443603471437527e+00) (5, -7.58039917954932862543e-01) (6, -2.44691389584923912892e+00) (7, -2.79640284368486646827e+00) (8, -7.05038905758127776302e-01) (9, -4.71031147704585595459e-01) (10, -9.89606374321636672597e-01) (11, 5.22989429322296395242e+00) (12, 7.22228683614784738865e+00) (13, -1.14264349888920158094e+01) (14, -4.27401246939506651579e-01) 
