FANN_FLO_2.1
num_layers=3
learning_rate=0.700000
connection_rate=1.000000
network_type=0
learning_momentum=0.000000
training_algorithm=2
train_error_function=1
train_stop_function=1
cascade_output_change_fraction=0.010000
quickprop_decay=-0.000100
quickprop_mu=1.750000
rprop_increase_factor=1.200000
rprop_decrease_factor=0.500000
rprop_delta_min=0.000000
rprop_delta_max=50.000000
rprop_delta_zero=0.100000
cascade_output_stagnation_epochs=12
cascade_candidate_change_fraction=0.010000
cascade_candidate_stagnation_epochs=12
cascade_max_out_epochs=150
cascade_min_out_epochs=50
cascade_max_cand_epochs=150
cascade_min_cand_epochs=50
cascade_num_candidate_groups=2
bit_fail_limit=1.00000000000000005551e-01
cascade_candidate_limit=1.00000000000000000000e+03
cascade_weight_multiplier=4.00000000000000022204e-01
cascade_activation_functions_count=10
cascade_activation_functions=3 5 7 8 10 11 14 15 16 17 
cascade_activation_steepnesses_count=4
cascade_activation_steepnesses=2.50000000000000000000e-01 5.00000000000000000000e-01 7.50000000000000000000e-01 1.00000000000000000000e+00 
layer_sizes=7 4 2 
scale_included=0
neurons (num_inputs, activation_function, activation_steepness)=(0, 0, 0.00000000000000000000e+00) (0, 0, 0.00000000000000000000e+00) (0, 0, 0.00000000000000000000e+00) (0, 0, 0.00000000000000000000e+00) (0, 0, 0.00000000000000000000e+00) (0, 0, 0.00000000000000000000e+00) (0, 0, 0.00000000000000000000e+00) (7, 6, 5.00000000000000000000e-01) (7, 6, 5.00000000000000000000e-01) (7, 6, 5.00000000000000000000e-01) (0, 6, 0.00000000000000000000e+00) (4, 4, 5.00000000000000000000e-01) (0, 4, 0.00000000000000000000e+00) 
connections (connected_to_neuron, weight)=(0, 5.76423994010376139485e-01) (1, -5.75053582101647475788e-01) (2, 3.83971227455763564063e-01) (3, -1.86735206650599283584e-01) (4, -1.00946631730469693622e+00) (5, -6.68469602375809879291e-01) (6, 7.63330366943754001774e-01) (0, -5.41096416218389286712e+00) (1, 4.11461737839330599087e+00) (2, 2.10326095918044986277e+00) (3, 2.68199276110071505030e+00) (4, 4.46046658104490578722e+00) (5, 3.86768682282874243228e+00) (6, -3.96842406464846231273e+00) (0, -4.50605576550884201481e+00) (1, 3.71151315817009974651e+00) (2, 2.13840917745456637888e+00) (3, 3.33712302723283160688e+00) (4, 4.61196599027346998412e+00) (5, 3.80679181230944552183e+00) (6, -4.20058476347586218225e+00) (7, -3.78129508138181469334e+00) (8, 3.07898374241762073922e+00) (9, 4.05393100161371133794e+00) (10, -1.25364214994982403617e+00) 
