FANN_FLO_2.1
num_layers=3
learning_rate=0.700000
connection_rate=1.000000
network_type=0
learning_momentum=0.000000
training_algorithm=2
train_error_function=1
train_stop_function=1
cascade_output_change_fraction=0.010000
quickprop_decay=-0.000100
quickprop_mu=1.750000
rprop_increase_factor=1.200000
rprop_decrease_factor=0.500000
rprop_delta_min=0.000000
rprop_delta_max=50.000000
rprop_delta_zero=0.100000
cascade_output_stagnation_epochs=12
cascade_candidate_change_fraction=0.010000
cascade_candidate_stagnation_epochs=12
cascade_max_out_epochs=150
cascade_min_out_epochs=50
cascade_max_cand_epochs=150
cascade_min_cand_epochs=50
cascade_num_candidate_groups=2
bit_fail_limit=1.00000000000000005551e-01
cascade_candidate_limit=1.00000000000000000000e+03
cascade_weight_multiplier=4.00000000000000022204e-01
cascade_activation_functions_count=10
cascade_activation_functions=3 5 7 8 10 11 14 15 16 17 
cascade_activation_steepnesses_count=4
cascade_activation_steepnesses=2.50000000000000000000e-01 5.00000000000000000000e-01 7.50000000000000000000e-01 1.00000000000000000000e+00 
layer_sizes=7 4 2 
scale_included=0
neurons (num_inputs, activation_function, activation_steepness)=(0, 0, 0.00000000000000000000e+00) (0, 0, 0.00000000000000000000e+00) (0, 0, 0.00000000000000000000e+00) (0, 0, 0.00000000000000000000e+00) (0, 0, 0.00000000000000000000e+00) (0, 0, 0.00000000000000000000e+00) (0, 0, 0.00000000000000000000e+00) (7, 6, 5.00000000000000000000e-01) (7, 6, 5.00000000000000000000e-01) (7, 6, 5.00000000000000000000e-01) (0, 6, 0.00000000000000000000e+00) (4, 4, 5.00000000000000000000e-01) (0, 4, 0.00000000000000000000e+00) 
connections (connected_to_neuron, weight)=(0, -2.63419803459169710180e+00) (1, 1.26149739147602346634e+00) (2, 7.98143146753917731573e-01) (3, 2.16022105122989271919e+00) (4, -1.89721722513806367871e-01) (5, 1.16838005007683065628e+00) (6, -1.24455476584645641225e+00) (0, 2.11177170470693642557e+00) (1, -2.23601162552644927572e+00) (2, -6.41703281663032032434e-01) (3, -2.93355874511401371052e+00) (4, 2.67022704387504750123e-01) (5, -2.17174794643928725790e+00) (6, 2.45864068025926396643e+00) (0, -2.03426946970563493622e+00) (1, 1.78903941576526026580e+00) (2, 2.00646084479406239254e-01) (3, 2.13002129252141569893e+00) (4, 3.45094569924370764280e-01) (5, 1.85452633862540583465e+00) (6, -1.88024425684686091742e+00) (7, 4.50772609525512812922e+00) (8, -7.30736409916237583673e+00) (9, 8.79985983876606248089e+00) (10, -1.31551770898314845937e+00) 
