FANN_FLO_2.1
num_layers=3
learning_rate=0.700000
connection_rate=1.000000
network_type=0
learning_momentum=0.000000
training_algorithm=2
train_error_function=1
train_stop_function=1
cascade_output_change_fraction=0.010000
quickprop_decay=-0.000100
quickprop_mu=1.750000
rprop_increase_factor=1.200000
rprop_decrease_factor=0.500000
rprop_delta_min=0.000000
rprop_delta_max=50.000000
rprop_delta_zero=0.100000
cascade_output_stagnation_epochs=12
cascade_candidate_change_fraction=0.010000
cascade_candidate_stagnation_epochs=12
cascade_max_out_epochs=150
cascade_min_out_epochs=50
cascade_max_cand_epochs=150
cascade_min_cand_epochs=50
cascade_num_candidate_groups=2
bit_fail_limit=1.00000000000000005551e-01
cascade_candidate_limit=1.00000000000000000000e+03
cascade_weight_multiplier=4.00000000000000022204e-01
cascade_activation_functions_count=10
cascade_activation_functions=3 5 7 8 10 11 14 15 16 17 
cascade_activation_steepnesses_count=4
cascade_activation_steepnesses=2.50000000000000000000e-01 5.00000000000000000000e-01 7.50000000000000000000e-01 1.00000000000000000000e+00 
layer_sizes=9 4 2 
scale_included=0
neurons (num_inputs, activation_function, activation_steepness)=(0, 0, 0.00000000000000000000e+00) (0, 0, 0.00000000000000000000e+00) (0, 0, 0.00000000000000000000e+00) (0, 0, 0.00000000000000000000e+00) (0, 0, 0.00000000000000000000e+00) (0, 0, 0.00000000000000000000e+00) (0, 0, 0.00000000000000000000e+00) (0, 0, 0.00000000000000000000e+00) (0, 0, 0.00000000000000000000e+00) (9, 6, 5.00000000000000000000e-01) (9, 6, 5.00000000000000000000e-01) (9, 6, 5.00000000000000000000e-01) (0, 6, 0.00000000000000000000e+00) (4, 4, 5.00000000000000000000e-01) (0, 4, 0.00000000000000000000e+00) 
connections (connected_to_neuron, weight)=(0, -1.56905511452810420003e+00) (1, 2.07471270359208093126e+00) (2, 3.38368364316785807944e+00) (3, -4.73442313527843716692e-01) (4, 1.82921872678189556538e+00) (5, 1.58124914135745830990e+00) (6, 2.92300296072062737451e+00) (7, -3.76523424604501666391e-01) (8, -3.09321594558117762830e+00) (0, -1.64670324756757868734e+00) (1, 2.06540522224356637437e+00) (2, 3.37282516700590129233e+00) (3, -3.79676272427818539690e-01) (4, 1.87439063581614773213e+00) (5, 1.52527031790427036739e+00) (6, 2.84597897771891927832e+00) (7, -4.98016816297139841563e-01) (8, -3.03361919469592944409e+00) (0, 1.84323764484355778759e-01) (1, -5.70270276147833432567e-01) (2, -6.22649062549603393713e-01) (3, 3.03601934440811904725e-01) (4, -3.98155823344975678957e-01) (5, -3.44966093648381932901e-01) (6, -2.77717761947908536868e-01) (7, -1.94416852490714026080e-01) (8, 2.07948602796017456562e-01) (9, 4.67023169397917641277e+01) (10, 4.67209361940232170696e+01) (11, -1.20321535012114760876e-01) (12, -1.07100971939813471856e+00) 
