FANN_FLO_2.1
num_layers=3
learning_rate=0.700000
connection_rate=1.000000
network_type=0
learning_momentum=0.000000
training_algorithm=2
train_error_function=1
train_stop_function=1
cascade_output_change_fraction=0.010000
quickprop_decay=-0.000100
quickprop_mu=1.750000
rprop_increase_factor=1.200000
rprop_decrease_factor=0.500000
rprop_delta_min=0.000000
rprop_delta_max=50.000000
rprop_delta_zero=0.100000
cascade_output_stagnation_epochs=12
cascade_candidate_change_fraction=0.010000
cascade_candidate_stagnation_epochs=12
cascade_max_out_epochs=150
cascade_min_out_epochs=50
cascade_max_cand_epochs=150
cascade_min_cand_epochs=50
cascade_num_candidate_groups=2
bit_fail_limit=1.00000000000000005551e-01
cascade_candidate_limit=1.00000000000000000000e+03
cascade_weight_multiplier=4.00000000000000022204e-01
cascade_activation_functions_count=10
cascade_activation_functions=3 5 7 8 10 11 14 15 16 17 
cascade_activation_steepnesses_count=4
cascade_activation_steepnesses=2.50000000000000000000e-01 5.00000000000000000000e-01 7.50000000000000000000e-01 1.00000000000000000000e+00 
layer_sizes=10 4 2 
scale_included=0
neurons (num_inputs, activation_function, activation_steepness)=(0, 0, 0.00000000000000000000e+00) (0, 0, 0.00000000000000000000e+00) (0, 0, 0.00000000000000000000e+00) (0, 0, 0.00000000000000000000e+00) (0, 0, 0.00000000000000000000e+00) (0, 0, 0.00000000000000000000e+00) (0, 0, 0.00000000000000000000e+00) (0, 0, 0.00000000000000000000e+00) (0, 0, 0.00000000000000000000e+00) (0, 0, 0.00000000000000000000e+00) (10, 6, 5.00000000000000000000e-01) (10, 6, 5.00000000000000000000e-01) (10, 6, 5.00000000000000000000e-01) (0, 6, 0.00000000000000000000e+00) (4, 4, 5.00000000000000000000e-01) (0, 4, 0.00000000000000000000e+00) 
connections (connected_to_neuron, weight)=(0, 3.42928111635357080189e-01) (1, 8.44378773908013857685e-02) (2, -8.52149175425190585909e-02) (3, 2.65713580034881657888e-01) (4, 2.16372726203111626075e-01) (5, 2.30577675343660332130e-01) (6, 4.24007947743377411332e-01) (7, 3.58203202568203149525e-01) (8, 2.19646349853230726801e-01) (9, 2.25956402801185674001e-01) (0, 5.48458378718394354290e-02) (1, 3.94672743174843410063e-01) (2, 1.93574199137499958212e-01) (3, 1.66449559848119627015e-01) (4, 1.24840896041202853439e-01) (5, 8.24643330882075809019e-02) (6, 5.07250959572654938623e-02) (7, 1.58196462313939939515e-01) (8, 5.28568590040028943311e-02) (9, 1.06146765868474879380e-01) (0, -1.04942474571314914300e+00) (1, 2.64118061581782948011e+00) (2, -4.65419031174103964288e-02) (3, -5.27649945701935463305e-01) (4, -2.01443169215432871244e-01) (5, -4.58696074278275717218e-02) (6, -9.87527914915953597408e-01) (7, -1.02922386733141979498e+00) (8, -1.43285530722203424681e+00) (9, -1.10829195809808833673e+00) (10, -4.08389898924128302848e-01) (11, 1.01093223314096369858e-01) (12, 2.24561815598019087759e+01) (13, -1.13768701312390430047e+00) 
