FANN_FLO_2.1
num_layers=3
learning_rate=0.700000
connection_rate=1.000000
network_type=0
learning_momentum=0.000000
training_algorithm=2
train_error_function=1
train_stop_function=1
cascade_output_change_fraction=0.010000
quickprop_decay=-0.000100
quickprop_mu=1.750000
rprop_increase_factor=1.200000
rprop_decrease_factor=0.500000
rprop_delta_min=0.000000
rprop_delta_max=50.000000
rprop_delta_zero=0.100000
cascade_output_stagnation_epochs=12
cascade_candidate_change_fraction=0.010000
cascade_candidate_stagnation_epochs=12
cascade_max_out_epochs=150
cascade_min_out_epochs=50
cascade_max_cand_epochs=150
cascade_min_cand_epochs=50
cascade_num_candidate_groups=2
bit_fail_limit=1.00000000000000005551e-01
cascade_candidate_limit=1.00000000000000000000e+03
cascade_weight_multiplier=4.00000000000000022204e-01
cascade_activation_functions_count=10
cascade_activation_functions=3 5 7 8 10 11 14 15 16 17 
cascade_activation_steepnesses_count=4
cascade_activation_steepnesses=2.50000000000000000000e-01 5.00000000000000000000e-01 7.50000000000000000000e-01 1.00000000000000000000e+00 
layer_sizes=11 4 2 
scale_included=0
neurons (num_inputs, activation_function, activation_steepness)=(0, 0, 0.00000000000000000000e+00) (0, 0, 0.00000000000000000000e+00) (0, 0, 0.00000000000000000000e+00) (0, 0, 0.00000000000000000000e+00) (0, 0, 0.00000000000000000000e+00) (0, 0, 0.00000000000000000000e+00) (0, 0, 0.00000000000000000000e+00) (0, 0, 0.00000000000000000000e+00) (0, 0, 0.00000000000000000000e+00) (0, 0, 0.00000000000000000000e+00) (0, 0, 0.00000000000000000000e+00) (11, 6, 5.00000000000000000000e-01) (11, 6, 5.00000000000000000000e-01) (11, 6, 5.00000000000000000000e-01) (0, 6, 0.00000000000000000000e+00) (4, 4, 5.00000000000000000000e-01) (0, 4, 0.00000000000000000000e+00) 
connections (connected_to_neuron, weight)=(0, 3.87402306419355291212e+00) (1, -3.57438604871435838817e+00) (2, -1.11952984541622155290e-01) (3, -6.20459779477007522530e+00) (4, -4.28494167704936135266e+00) (5, 1.49603457429659436606e+00) (6, -3.57199396058247398145e+00) (7, -8.97043198590554591298e-01) (8, -3.53976643695757697827e+00) (9, -4.48706009975758401964e+00) (10, 4.04153854322177608083e+00) (0, 1.17732951735204305344e+00) (1, -1.20220640156639002605e+00) (2, 5.92183336619468009276e-02) (3, 4.07326022617910232793e-01) (4, -5.73064360159771454817e-02) (5, 3.52138121537642345693e-01) (6, -8.05376558950447685170e-01) (7, -9.89349035628050571534e-02) (8, -7.78223364999794608998e-01) (9, 2.79783720277098468809e-01) (10, 7.11661306840393081963e-01) (0, -2.49468614970987845325e+00) (1, 3.22258805448364249457e+00) (2, 1.37895742349967131979e+00) (3, 1.96675472721806054999e+00) (4, 2.34026798833600180316e+00) (5, -1.06864287870210294962e+00) (6, 3.30639245914755264266e+00) (7, 3.45323927064248126229e+00) (8, 3.30562671082554260238e+00) (9, 1.58350833523967726713e+00) (10, -3.97993313797558512235e+00) (11, -4.61293481824689077797e+00) (12, -1.39391536933576865032e+00) (13, 8.39766902964548478394e+00) (14, -1.24749518277152704471e+00) 
