FANN_FLO_2.1
num_layers=3
learning_rate=0.700000
connection_rate=1.000000
network_type=0
learning_momentum=0.000000
training_algorithm=2
train_error_function=1
train_stop_function=1
cascade_output_change_fraction=0.010000
quickprop_decay=-0.000100
quickprop_mu=1.750000
rprop_increase_factor=1.200000
rprop_decrease_factor=0.500000
rprop_delta_min=0.000000
rprop_delta_max=50.000000
rprop_delta_zero=0.100000
cascade_output_stagnation_epochs=12
cascade_candidate_change_fraction=0.010000
cascade_candidate_stagnation_epochs=12
cascade_max_out_epochs=150
cascade_min_out_epochs=50
cascade_max_cand_epochs=150
cascade_min_cand_epochs=50
cascade_num_candidate_groups=2
bit_fail_limit=1.00000000000000005551e-01
cascade_candidate_limit=1.00000000000000000000e+03
cascade_weight_multiplier=4.00000000000000022204e-01
cascade_activation_functions_count=10
cascade_activation_functions=3 5 7 8 10 11 14 15 16 17 
cascade_activation_steepnesses_count=4
cascade_activation_steepnesses=2.50000000000000000000e-01 5.00000000000000000000e-01 7.50000000000000000000e-01 1.00000000000000000000e+00 
layer_sizes=10 4 2 
scale_included=0
neurons (num_inputs, activation_function, activation_steepness)=(0, 0, 0.00000000000000000000e+00) (0, 0, 0.00000000000000000000e+00) (0, 0, 0.00000000000000000000e+00) (0, 0, 0.00000000000000000000e+00) (0, 0, 0.00000000000000000000e+00) (0, 0, 0.00000000000000000000e+00) (0, 0, 0.00000000000000000000e+00) (0, 0, 0.00000000000000000000e+00) (0, 0, 0.00000000000000000000e+00) (0, 0, 0.00000000000000000000e+00) (10, 6, 5.00000000000000000000e-01) (10, 6, 5.00000000000000000000e-01) (10, 6, 5.00000000000000000000e-01) (0, 6, 0.00000000000000000000e+00) (4, 4, 5.00000000000000000000e-01) (0, 4, 0.00000000000000000000e+00) 
connections (connected_to_neuron, weight)=(0, 9.35332193981320259013e+00) (1, -5.20186743959195396769e-01) (2, -1.25514872420677880971e-01) (3, -4.66731879357485612836e-01) (4, -1.60780688996819048908e-01) (5, 2.21158563051477630168e+00) (6, 3.70300144943793041463e-01) (7, -5.84286467140675891407e-01) (8, 3.62290863152036901607e-01) (9, 8.83241521548991492807e+00) (0, 9.26842045794636604228e+00) (1, -4.89309489055878898967e-01) (2, -2.11759507704624844182e-01) (3, -4.40761565659432252851e-01) (4, -8.81441889958653745918e-02) (5, 2.12767087373987351384e+00) (6, 2.81796106192667705770e-01) (7, -5.38108260339261623706e-01) (8, 4.10879750009069677485e-01) (9, 8.85403554868464759409e+00) (0, -7.33586000778584335080e+00) (1, 4.77486756058228856148e+00) (2, 6.15985318124765757197e-01) (3, 5.83757342650847643739e+00) (4, 1.68743085841354623078e+00) (5, -7.80421396523041321913e-01) (6, 5.20525162191663159916e+00) (7, 4.99648202981985267712e+00) (8, 1.69848082785525922311e+00) (9, -5.06288774535185748249e+00) (10, -5.41285211881150529756e-01) (11, -5.70104910721530244722e-01) (12, 9.44504419363479286176e+00) (13, -5.62422065725077913179e-01) 
