FANN_FLO_2.1
num_layers=3
learning_rate=0.700000
connection_rate=1.000000
network_type=0
learning_momentum=0.000000
training_algorithm=2
train_error_function=1
train_stop_function=1
cascade_output_change_fraction=0.010000
quickprop_decay=-0.000100
quickprop_mu=1.750000
rprop_increase_factor=1.200000
rprop_decrease_factor=0.500000
rprop_delta_min=0.000000
rprop_delta_max=50.000000
rprop_delta_zero=0.100000
cascade_output_stagnation_epochs=12
cascade_candidate_change_fraction=0.010000
cascade_candidate_stagnation_epochs=12
cascade_max_out_epochs=150
cascade_min_out_epochs=50
cascade_max_cand_epochs=150
cascade_min_cand_epochs=50
cascade_num_candidate_groups=2
bit_fail_limit=1.00000000000000005551e-01
cascade_candidate_limit=1.00000000000000000000e+03
cascade_weight_multiplier=4.00000000000000022204e-01
cascade_activation_functions_count=10
cascade_activation_functions=3 5 7 8 10 11 14 15 16 17 
cascade_activation_steepnesses_count=4
cascade_activation_steepnesses=2.50000000000000000000e-01 5.00000000000000000000e-01 7.50000000000000000000e-01 1.00000000000000000000e+00 
layer_sizes=8 4 2 
scale_included=0
neurons (num_inputs, activation_function, activation_steepness)=(0, 0, 0.00000000000000000000e+00) (0, 0, 0.00000000000000000000e+00) (0, 0, 0.00000000000000000000e+00) (0, 0, 0.00000000000000000000e+00) (0, 0, 0.00000000000000000000e+00) (0, 0, 0.00000000000000000000e+00) (0, 0, 0.00000000000000000000e+00) (0, 0, 0.00000000000000000000e+00) (8, 6, 5.00000000000000000000e-01) (8, 6, 5.00000000000000000000e-01) (8, 6, 5.00000000000000000000e-01) (0, 6, 0.00000000000000000000e+00) (4, 4, 5.00000000000000000000e-01) (0, 4, 0.00000000000000000000e+00) 
connections (connected_to_neuron, weight)=(0, -3.63869361370995514360e-01) (1, 1.00529066033426284221e+00) (2, -7.86525059467425985416e-02) (3, -2.19737251501668728881e-01) (4, -2.25518097382177151733e-01) (5, 9.27017565143737787281e-01) (6, 9.38663435303403570487e-01) (7, -4.23942103901346012407e-01) (0, -1.02251650886786182859e+00) (1, 2.12298345673398847211e+00) (2, -7.79598134344981485988e-02) (3, -7.57536705512429908715e-01) (4, -6.98077220398809150659e-01) (5, 2.13434857237653607953e+00) (6, 2.04566587788656395475e+00) (7, -8.90348414011821853720e-01) (0, -9.14033479704371154551e-02) (1, 4.29638773602308787769e-01) (2, 1.75747066783322219985e-01) (3, 1.26575804453335966082e-01) (4, 7.29802913479435239053e-02) (5, 3.72295089465441264576e-01) (6, 3.67107125822519031466e-01) (7, -1.88140802736053130984e-01) (8, 9.24001723731469937206e+00) (9, 2.24211814367183173147e+01) (10, 2.03290926751946460227e-01) (11, -1.26601269211837896833e+00) 
