FANN_FLO_2.1
num_layers=3
learning_rate=0.700000
connection_rate=1.000000
network_type=0
learning_momentum=0.000000
training_algorithm=2
train_error_function=1
train_stop_function=1
cascade_output_change_fraction=0.010000
quickprop_decay=-0.000100
quickprop_mu=1.750000
rprop_increase_factor=1.200000
rprop_decrease_factor=0.500000
rprop_delta_min=0.000000
rprop_delta_max=50.000000
rprop_delta_zero=0.100000
cascade_output_stagnation_epochs=12
cascade_candidate_change_fraction=0.010000
cascade_candidate_stagnation_epochs=12
cascade_max_out_epochs=150
cascade_min_out_epochs=50
cascade_max_cand_epochs=150
cascade_min_cand_epochs=50
cascade_num_candidate_groups=2
bit_fail_limit=1.00000000000000005551e-01
cascade_candidate_limit=1.00000000000000000000e+03
cascade_weight_multiplier=4.00000000000000022204e-01
cascade_activation_functions_count=10
cascade_activation_functions=3 5 7 8 10 11 14 15 16 17 
cascade_activation_steepnesses_count=4
cascade_activation_steepnesses=2.50000000000000000000e-01 5.00000000000000000000e-01 7.50000000000000000000e-01 1.00000000000000000000e+00 
layer_sizes=10 4 2 
scale_included=0
neurons (num_inputs, activation_function, activation_steepness)=(0, 0, 0.00000000000000000000e+00) (0, 0, 0.00000000000000000000e+00) (0, 0, 0.00000000000000000000e+00) (0, 0, 0.00000000000000000000e+00) (0, 0, 0.00000000000000000000e+00) (0, 0, 0.00000000000000000000e+00) (0, 0, 0.00000000000000000000e+00) (0, 0, 0.00000000000000000000e+00) (0, 0, 0.00000000000000000000e+00) (0, 0, 0.00000000000000000000e+00) (10, 6, 5.00000000000000000000e-01) (10, 6, 5.00000000000000000000e-01) (10, 6, 5.00000000000000000000e-01) (0, 6, 0.00000000000000000000e+00) (4, 4, 5.00000000000000000000e-01) (0, 4, 0.00000000000000000000e+00) 
connections (connected_to_neuron, weight)=(0, 1.28778323677216505194e-02) (1, -5.93536512716388187094e-01) (2, -1.11099919774319766397e-01) (3, 5.63863760939135594263e-01) (4, -7.93707828052781838579e-01) (5, -5.19240682873443937240e-01) (6, 4.51285877309460237150e-02) (7, -2.60780092378364469763e-01) (8, -1.37305264816405681039e+00) (9, 2.03295938215731879228e-02) (0, -5.40905627191400206755e+00) (1, 5.45274118120808282129e+00) (2, 5.82550941730372340288e+00) (3, -2.46556189396404601410e+00) (4, 2.61753091238903401461e+00) (5, 2.35423374791248751770e-01) (6, -2.50383904177868465979e+00) (7, 6.83274638348264407028e+00) (8, 1.01278623138313950136e+00) (9, -5.53013702065086043547e+00) (0, 5.15388829703826711892e-02) (1, 4.40343065425718549477e-01) (2, 3.49610633023266170749e-01) (3, 2.52333758918208195254e-01) (4, 4.89459702477909597285e-01) (5, 5.81988157437302033870e-01) (6, -4.97451335959811363763e-02) (7, 6.00649531604248720917e-01) (8, 7.68957464027505532833e-01) (9, -3.35256336379731456621e-02) (10, -3.60292651472946034996e-01) (11, 7.09796296143358329545e+00) (12, 1.93951393198250943151e-01) (13, -1.51406302311891294288e+00) 
