FANN_FLO_2.1
num_layers=3
learning_rate=0.700000
connection_rate=1.000000
network_type=0
learning_momentum=0.000000
training_algorithm=2
train_error_function=1
train_stop_function=1
cascade_output_change_fraction=0.010000
quickprop_decay=-0.000100
quickprop_mu=1.750000
rprop_increase_factor=1.200000
rprop_decrease_factor=0.500000
rprop_delta_min=0.000000
rprop_delta_max=50.000000
rprop_delta_zero=0.100000
cascade_output_stagnation_epochs=12
cascade_candidate_change_fraction=0.010000
cascade_candidate_stagnation_epochs=12
cascade_max_out_epochs=150
cascade_min_out_epochs=50
cascade_max_cand_epochs=150
cascade_min_cand_epochs=50
cascade_num_candidate_groups=2
bit_fail_limit=1.00000000000000005551e-01
cascade_candidate_limit=1.00000000000000000000e+03
cascade_weight_multiplier=4.00000000000000022204e-01
cascade_activation_functions_count=10
cascade_activation_functions=3 5 7 8 10 11 14 15 16 17 
cascade_activation_steepnesses_count=4
cascade_activation_steepnesses=2.50000000000000000000e-01 5.00000000000000000000e-01 7.50000000000000000000e-01 1.00000000000000000000e+00 
layer_sizes=6 4 2 
scale_included=0
neurons (num_inputs, activation_function, activation_steepness)=(0, 0, 0.00000000000000000000e+00) (0, 0, 0.00000000000000000000e+00) (0, 0, 0.00000000000000000000e+00) (0, 0, 0.00000000000000000000e+00) (0, 0, 0.00000000000000000000e+00) (0, 0, 0.00000000000000000000e+00) (6, 6, 5.00000000000000000000e-01) (6, 6, 5.00000000000000000000e-01) (6, 6, 5.00000000000000000000e-01) (0, 6, 0.00000000000000000000e+00) (4, 4, 5.00000000000000000000e-01) (0, 4, 0.00000000000000000000e+00) 
connections (connected_to_neuron, weight)=(0, -4.70303227860549080686e-02) (1, -2.60274626785635510018e+00) (2, 4.18184151612975674173e-01) (3, 4.22133937766765554578e-01) (4, 7.88191882519689857034e-01) (5, 1.37053040494822503392e-01) (0, 1.58075992491757144620e+00) (1, -1.50640503790150273034e+01) (2, -2.71927301286797584723e+00) (3, -2.71436688960048622121e+00) (4, -2.02391178439612895446e+00) (5, 2.14894142807136745432e+00) (0, -1.15341248002465965317e-01) (1, -2.83923682715126579623e+00) (2, 1.25733968305325394255e+00) (3, 1.25352068293251894815e+00) (4, 1.02683710600177557914e+00) (5, 2.32299490064438535208e-01) (6, 1.13562208923593530585e+01) (7, -1.08314955896406974745e+01) (8, 5.71456715472335829986e+00) (9, -8.28359182217282108418e-01) 
