FANN_FLO_2.1
num_layers=3
learning_rate=0.700000
connection_rate=1.000000
network_type=0
learning_momentum=0.000000
training_algorithm=2
train_error_function=1
train_stop_function=1
cascade_output_change_fraction=0.010000
quickprop_decay=-0.000100
quickprop_mu=1.750000
rprop_increase_factor=1.200000
rprop_decrease_factor=0.500000
rprop_delta_min=0.000000
rprop_delta_max=50.000000
rprop_delta_zero=0.100000
cascade_output_stagnation_epochs=12
cascade_candidate_change_fraction=0.010000
cascade_candidate_stagnation_epochs=12
cascade_max_out_epochs=150
cascade_min_out_epochs=50
cascade_max_cand_epochs=150
cascade_min_cand_epochs=50
cascade_num_candidate_groups=2
bit_fail_limit=1.00000000000000005551e-01
cascade_candidate_limit=1.00000000000000000000e+03
cascade_weight_multiplier=4.00000000000000022204e-01
cascade_activation_functions_count=10
cascade_activation_functions=3 5 7 8 10 11 14 15 16 17 
cascade_activation_steepnesses_count=4
cascade_activation_steepnesses=2.50000000000000000000e-01 5.00000000000000000000e-01 7.50000000000000000000e-01 1.00000000000000000000e+00 
layer_sizes=10 4 2 
scale_included=0
neurons (num_inputs, activation_function, activation_steepness)=(0, 0, 0.00000000000000000000e+00) (0, 0, 0.00000000000000000000e+00) (0, 0, 0.00000000000000000000e+00) (0, 0, 0.00000000000000000000e+00) (0, 0, 0.00000000000000000000e+00) (0, 0, 0.00000000000000000000e+00) (0, 0, 0.00000000000000000000e+00) (0, 0, 0.00000000000000000000e+00) (0, 0, 0.00000000000000000000e+00) (0, 0, 0.00000000000000000000e+00) (10, 6, 5.00000000000000000000e-01) (10, 6, 5.00000000000000000000e-01) (10, 6, 5.00000000000000000000e-01) (0, 6, 0.00000000000000000000e+00) (4, 4, 5.00000000000000000000e-01) (0, 4, 0.00000000000000000000e+00) 
connections (connected_to_neuron, weight)=(0, 1.31798278918972489038e+00) (1, 6.52495258932896393667e-01) (2, -1.34489868588205805366e+01) (3, 1.57903482417243523628e+00) (4, 3.36516210959210859688e-01) (5, 1.14051080227750523122e+00) (6, -1.16651690054838041988e+01) (7, 7.95430092113405540211e-01) (8, -1.64583271838129846509e-01) (9, 1.21697622916212555566e+00) (0, -3.57256737842358784718e+00) (1, 5.22776888007359907817e+00) (2, 1.67301247678003872643e+00) (3, -1.99090527909938641571e+00) (4, 5.02211687191111200157e-01) (5, 1.71157690916630134126e-01) (6, 2.34114057403747688468e+00) (7, -2.22087433895329988687e+00) (8, -5.69168326451847894631e-01) (9, -3.63620889677800374074e+00) (0, -5.37327680634163029616e-01) (1, 4.62193213679493553059e+00) (2, -1.82091720188691397198e+00) (3, -1.23456339722386065905e-01) (4, 3.09061553399603505810e-01) (5, -3.44798561930197811076e-01) (6, -6.75925024473551516735e-01) (7, -6.92553439012009275366e-01) (8, -1.56269648410500172631e+00) (9, -4.39961341834471386658e-01) (10, -3.96796282432332469980e+00) (11, 2.27091073213961802679e+00) (12, 1.62865074802608589266e+00) (13, -3.58748188019376579305e+00) 
