FANN_FLO_2.1
num_layers=3
learning_rate=0.700000
connection_rate=1.000000
network_type=0
learning_momentum=0.000000
training_algorithm=2
train_error_function=1
train_stop_function=1
cascade_output_change_fraction=0.010000
quickprop_decay=-0.000100
quickprop_mu=1.750000
rprop_increase_factor=1.200000
rprop_decrease_factor=0.500000
rprop_delta_min=0.000000
rprop_delta_max=50.000000
rprop_delta_zero=0.100000
cascade_output_stagnation_epochs=12
cascade_candidate_change_fraction=0.010000
cascade_candidate_stagnation_epochs=12
cascade_max_out_epochs=150
cascade_min_out_epochs=50
cascade_max_cand_epochs=150
cascade_min_cand_epochs=50
cascade_num_candidate_groups=2
bit_fail_limit=1.00000000000000005551e-01
cascade_candidate_limit=1.00000000000000000000e+03
cascade_weight_multiplier=4.00000000000000022204e-01
cascade_activation_functions_count=10
cascade_activation_functions=3 5 7 8 10 11 14 15 16 17 
cascade_activation_steepnesses_count=4
cascade_activation_steepnesses=2.50000000000000000000e-01 5.00000000000000000000e-01 7.50000000000000000000e-01 1.00000000000000000000e+00 
layer_sizes=11 4 2 
scale_included=0
neurons (num_inputs, activation_function, activation_steepness)=(0, 0, 0.00000000000000000000e+00) (0, 0, 0.00000000000000000000e+00) (0, 0, 0.00000000000000000000e+00) (0, 0, 0.00000000000000000000e+00) (0, 0, 0.00000000000000000000e+00) (0, 0, 0.00000000000000000000e+00) (0, 0, 0.00000000000000000000e+00) (0, 0, 0.00000000000000000000e+00) (0, 0, 0.00000000000000000000e+00) (0, 0, 0.00000000000000000000e+00) (0, 0, 0.00000000000000000000e+00) (11, 6, 5.00000000000000000000e-01) (11, 6, 5.00000000000000000000e-01) (11, 6, 5.00000000000000000000e-01) (0, 6, 0.00000000000000000000e+00) (4, 4, 5.00000000000000000000e-01) (0, 4, 0.00000000000000000000e+00) 
connections (connected_to_neuron, weight)=(0, 2.88681445952894222273e+00) (1, -6.32494589946415430859e+00) (2, 2.48784988717317356866e-01) (3, -5.91458471016266518205e+00) (4, -5.69751910838712571916e+00) (5, -4.64611416926178755205e+00) (6, -7.75013427219299444459e-01) (7, 9.50360637486936998819e-01) (8, -4.01530665371637951466e+00) (9, -5.17766339382957418991e+00) (10, 6.51516086197029142824e+00) (0, 4.96236974315555287585e-02) (1, 1.35016975970753549952e+00) (2, 7.16091968828007630066e-01) (3, 1.65133943752075595945e+00) (4, 1.00300658125644903684e+00) (5, 9.57697820879401029437e-01) (6, 3.60627117950381381739e-01) (7, 4.21460632831145431965e-01) (8, 9.69638074091807133925e-01) (9, 2.68465834644399492515e-01) (10, -1.66814642668560580985e-01) (0, 1.99657803601538774707e+00) (1, -6.15494746229794031933e+00) (2, 2.05998159543752445977e-01) (3, -5.63087733963904124579e+00) (4, -5.80236594352353929338e+00) (5, -4.55910224711093725602e+00) (6, -8.82971758923439042910e-01) (7, 3.26734184037114405719e-01) (8, -4.12667087677937338697e+00) (9, -5.07545215687583883835e+00) (10, 6.51329185402523069826e+00) (11, -5.44028548185049842800e+00) (12, 7.83785798050997239983e-01) (13, -5.38334358517348121609e+00) (14, -1.05023371665391196395e+00) 
