FANN_FLO_2.1
num_layers=3
learning_rate=0.700000
connection_rate=1.000000
network_type=0
learning_momentum=0.000000
training_algorithm=2
train_error_function=1
train_stop_function=1
cascade_output_change_fraction=0.010000
quickprop_decay=-0.000100
quickprop_mu=1.750000
rprop_increase_factor=1.200000
rprop_decrease_factor=0.500000
rprop_delta_min=0.000000
rprop_delta_max=50.000000
rprop_delta_zero=0.100000
cascade_output_stagnation_epochs=12
cascade_candidate_change_fraction=0.010000
cascade_candidate_stagnation_epochs=12
cascade_max_out_epochs=150
cascade_min_out_epochs=50
cascade_max_cand_epochs=150
cascade_min_cand_epochs=50
cascade_num_candidate_groups=2
bit_fail_limit=1.00000000000000005551e-01
cascade_candidate_limit=1.00000000000000000000e+03
cascade_weight_multiplier=4.00000000000000022204e-01
cascade_activation_functions_count=10
cascade_activation_functions=3 5 7 8 10 11 14 15 16 17 
cascade_activation_steepnesses_count=4
cascade_activation_steepnesses=2.50000000000000000000e-01 5.00000000000000000000e-01 7.50000000000000000000e-01 1.00000000000000000000e+00 
layer_sizes=13 4 2 
scale_included=0
neurons (num_inputs, activation_function, activation_steepness)=(0, 0, 0.00000000000000000000e+00) (0, 0, 0.00000000000000000000e+00) (0, 0, 0.00000000000000000000e+00) (0, 0, 0.00000000000000000000e+00) (0, 0, 0.00000000000000000000e+00) (0, 0, 0.00000000000000000000e+00) (0, 0, 0.00000000000000000000e+00) (0, 0, 0.00000000000000000000e+00) (0, 0, 0.00000000000000000000e+00) (0, 0, 0.00000000000000000000e+00) (0, 0, 0.00000000000000000000e+00) (0, 0, 0.00000000000000000000e+00) (0, 0, 0.00000000000000000000e+00) (13, 6, 5.00000000000000000000e-01) (13, 6, 5.00000000000000000000e-01) (13, 6, 5.00000000000000000000e-01) (0, 6, 0.00000000000000000000e+00) (4, 4, 5.00000000000000000000e-01) (0, 4, 0.00000000000000000000e+00) 
connections (connected_to_neuron, weight)=(0, -1.38028993746045314239e+00) (1, 1.62886558699104466719e+00) (2, 9.95036619608835271045e-01) (3, 1.81795774475474125609e+00) (4, 3.36257640889554343389e-01) (5, -6.55164512015462774386e-01) (6, 2.60168135626050300857e+00) (7, 2.27971907427315240158e-01) (8, 1.78429822359504641760e+00) (9, 1.50990405424392326594e+00) (10, 1.21015814133319321577e+00) (11, 1.16427540055946954212e+00) (12, -1.71672193511255510856e+00) (0, -1.26337246885302789678e+00) (1, 1.62636897193882146162e+00) (2, 1.02571865439935105968e+00) (3, 1.87604865507025486693e+00) (4, 3.03260595223574958013e-01) (5, -5.55965410686612981905e-01) (6, 2.46859148232075042984e+00) (7, 6.53457080030485776279e-02) (8, 2.00663101047485881168e+00) (9, 1.45515132441079719783e+00) (10, 1.10879830457601036287e+00) (11, 1.16909005514816888294e+00) (12, -1.77234085454471834709e+00) (0, 2.38581486345731041965e+00) (1, -1.58712253363683375440e+00) (2, -1.12206709153593164885e+00) (3, -1.57658685003581267026e+00) (4, -1.14431869007289988005e+00) (5, 1.55065566620712336210e+00) (6, -2.02839788827947709038e+00) (7, 1.73046857192301756223e-01) (8, -2.12117024637838635925e+00) (9, -2.13864327478906979252e+00) (10, -4.48031303421062732095e-01) (11, -1.80637714958746337102e-01) (12, 2.09050410022073540617e+00) (13, 5.36326604312220300841e+00) (14, 5.43502125119725043589e+00) (15, -2.62420903686588289361e+01) (16, -1.29620875493704801329e+00) 
