FANN_FLO_2.1
num_layers=3
learning_rate=0.700000
connection_rate=1.000000
network_type=0
learning_momentum=0.000000
training_algorithm=2
train_error_function=1
train_stop_function=1
cascade_output_change_fraction=0.010000
quickprop_decay=-0.000100
quickprop_mu=1.750000
rprop_increase_factor=1.200000
rprop_decrease_factor=0.500000
rprop_delta_min=0.000000
rprop_delta_max=50.000000
rprop_delta_zero=0.100000
cascade_output_stagnation_epochs=12
cascade_candidate_change_fraction=0.010000
cascade_candidate_stagnation_epochs=12
cascade_max_out_epochs=150
cascade_min_out_epochs=50
cascade_max_cand_epochs=150
cascade_min_cand_epochs=50
cascade_num_candidate_groups=2
bit_fail_limit=1.00000000000000005551e-01
cascade_candidate_limit=1.00000000000000000000e+03
cascade_weight_multiplier=4.00000000000000022204e-01
cascade_activation_functions_count=10
cascade_activation_functions=3 5 7 8 10 11 14 15 16 17 
cascade_activation_steepnesses_count=4
cascade_activation_steepnesses=2.50000000000000000000e-01 5.00000000000000000000e-01 7.50000000000000000000e-01 1.00000000000000000000e+00 
layer_sizes=12 4 2 
scale_included=0
neurons (num_inputs, activation_function, activation_steepness)=(0, 0, 0.00000000000000000000e+00) (0, 0, 0.00000000000000000000e+00) (0, 0, 0.00000000000000000000e+00) (0, 0, 0.00000000000000000000e+00) (0, 0, 0.00000000000000000000e+00) (0, 0, 0.00000000000000000000e+00) (0, 0, 0.00000000000000000000e+00) (0, 0, 0.00000000000000000000e+00) (0, 0, 0.00000000000000000000e+00) (0, 0, 0.00000000000000000000e+00) (0, 0, 0.00000000000000000000e+00) (0, 0, 0.00000000000000000000e+00) (12, 6, 5.00000000000000000000e-01) (12, 6, 5.00000000000000000000e-01) (12, 6, 5.00000000000000000000e-01) (0, 6, 0.00000000000000000000e+00) (4, 4, 5.00000000000000000000e-01) (0, 4, 0.00000000000000000000e+00) 
connections (connected_to_neuron, weight)=(0, 8.93646162006159316959e-01) (1, -5.10485745457484707543e-01) (2, -1.60161619162227930602e-01) (3, -1.34786931826261335843e+00) (4, -1.64729164632778424249e-01) (5, 7.15356686273406094934e-01) (6, -1.15716746114430835135e+00) (7, -2.57688673909556686947e-01) (8, -6.78023604334270668659e-01) (9, -1.01793638277764908473e+00) (10, -4.16425409980705929502e-01) (11, 5.42344229329415838947e-01) (0, -2.94758943633265735329e+00) (1, 3.32926068871662428350e+00) (2, 6.91770856238250075876e-01) (3, 2.05048460398602383492e+00) (4, 1.59075307011011113367e+00) (5, -6.64768472954146982801e-01) (6, 1.65501557329712545297e+00) (7, 1.45159309929189683785e+00) (8, 2.85303698886143264346e+00) (9, 2.36199236020223146681e+00) (10, 1.49721921941133540024e+00) (11, -3.29566833709665596430e+00) (0, -2.26110232264339267028e-01) (1, 3.15746494001309996325e-01) (2, 2.89148203407061765713e-01) (3, 9.96811808760932199780e-02) (4, 3.81937681864661204845e-01) (5, 6.47459438464988157325e-02) (6, 1.26227858813322935116e-01) (7, 3.02565744681111248315e-01) (8, 7.38183725278009239545e-01) (9, 2.78882498502024178677e-01) (10, 2.57437175313237509577e-01) (11, -1.28996542005019559918e-01) (12, -3.68000190973664453864e+00) (13, 1.22485606572666494429e+01) (14, 7.54713818870978991882e-02) (15, -1.59821545256057784279e+00) 
