FANN_FLO_2.1
num_layers=3
learning_rate=0.700000
connection_rate=1.000000
network_type=0
learning_momentum=0.000000
training_algorithm=2
train_error_function=1
train_stop_function=1
cascade_output_change_fraction=0.010000
quickprop_decay=-0.000100
quickprop_mu=1.750000
rprop_increase_factor=1.200000
rprop_decrease_factor=0.500000
rprop_delta_min=0.000000
rprop_delta_max=50.000000
rprop_delta_zero=0.100000
cascade_output_stagnation_epochs=12
cascade_candidate_change_fraction=0.010000
cascade_candidate_stagnation_epochs=12
cascade_max_out_epochs=150
cascade_min_out_epochs=50
cascade_max_cand_epochs=150
cascade_min_cand_epochs=50
cascade_num_candidate_groups=2
bit_fail_limit=1.00000000000000005551e-01
cascade_candidate_limit=1.00000000000000000000e+03
cascade_weight_multiplier=4.00000000000000022204e-01
cascade_activation_functions_count=10
cascade_activation_functions=3 5 7 8 10 11 14 15 16 17 
cascade_activation_steepnesses_count=4
cascade_activation_steepnesses=2.50000000000000000000e-01 5.00000000000000000000e-01 7.50000000000000000000e-01 1.00000000000000000000e+00 
layer_sizes=12 4 2 
scale_included=0
neurons (num_inputs, activation_function, activation_steepness)=(0, 0, 0.00000000000000000000e+00) (0, 0, 0.00000000000000000000e+00) (0, 0, 0.00000000000000000000e+00) (0, 0, 0.00000000000000000000e+00) (0, 0, 0.00000000000000000000e+00) (0, 0, 0.00000000000000000000e+00) (0, 0, 0.00000000000000000000e+00) (0, 0, 0.00000000000000000000e+00) (0, 0, 0.00000000000000000000e+00) (0, 0, 0.00000000000000000000e+00) (0, 0, 0.00000000000000000000e+00) (0, 0, 0.00000000000000000000e+00) (12, 6, 5.00000000000000000000e-01) (12, 6, 5.00000000000000000000e-01) (12, 6, 5.00000000000000000000e-01) (0, 6, 0.00000000000000000000e+00) (4, 4, 5.00000000000000000000e-01) (0, 4, 0.00000000000000000000e+00) 
connections (connected_to_neuron, weight)=(0, -1.62637140675757319030e+00) (1, -2.20648732285308873946e-02) (2, 1.23595711235459742028e+01) (3, 1.17525403714326603932e+00) (4, -8.93157918428322483706e-01) (5, 2.68930996064203509111e-01) (6, 5.16523941829541755055e-01) (7, -7.95126337051274223455e-01) (8, 3.25196937003653707698e-01) (9, 1.17490849988654488811e+01) (10, 4.38928363664214560291e-01) (11, -2.97816176670779020341e+00) (0, -6.98322643702878997907e-01) (1, 4.59359917395326888823e+00) (2, -3.17687492365507972991e+00) (3, -6.54514024423393125929e-01) (4, -4.80064928190698902988e-01) (5, 4.18338836823753990046e+00) (6, -5.10851531397245151034e-01) (7, -5.31295153957068055917e-01) (8, 1.38825968283302660922e+01) (9, -3.20337123933282397203e+00) (10, 4.20237867491189209801e+00) (11, 3.31580865398252655485e-01) (0, -2.93564347542625458942e+00) (1, 2.41095614301536309565e-01) (2, 1.13801735604830511761e+01) (3, 2.36939861481438374113e+00) (4, -4.64972752932366284462e-01) (5, 4.71464809554501207423e-01) (6, 1.00524617351437361989e+00) (7, -5.43923039340070135772e-01) (8, 4.24558052378764649859e-01) (9, 1.07753723742672100627e+01) (10, 9.05230550938521005833e-01) (11, -2.96015821017128022419e+00) (12, 2.49612896280054163967e+00) (13, 3.92854835358178755556e+00) (14, 1.90337405935356973607e+00) (15, -3.50023895632133141831e+00) 
