FANN_FLO_2.1
num_layers=3
learning_rate=0.700000
connection_rate=1.000000
network_type=0
learning_momentum=0.000000
training_algorithm=2
train_error_function=1
train_stop_function=1
cascade_output_change_fraction=0.010000
quickprop_decay=-0.000100
quickprop_mu=1.750000
rprop_increase_factor=1.200000
rprop_decrease_factor=0.500000
rprop_delta_min=0.000000
rprop_delta_max=50.000000
rprop_delta_zero=0.100000
cascade_output_stagnation_epochs=12
cascade_candidate_change_fraction=0.010000
cascade_candidate_stagnation_epochs=12
cascade_max_out_epochs=150
cascade_min_out_epochs=50
cascade_max_cand_epochs=150
cascade_min_cand_epochs=50
cascade_num_candidate_groups=2
bit_fail_limit=1.00000000000000005551e-01
cascade_candidate_limit=1.00000000000000000000e+03
cascade_weight_multiplier=4.00000000000000022204e-01
cascade_activation_functions_count=10
cascade_activation_functions=3 5 7 8 10 11 14 15 16 17 
cascade_activation_steepnesses_count=4
cascade_activation_steepnesses=2.50000000000000000000e-01 5.00000000000000000000e-01 7.50000000000000000000e-01 1.00000000000000000000e+00 
layer_sizes=10 4 2 
scale_included=0
neurons (num_inputs, activation_function, activation_steepness)=(0, 0, 0.00000000000000000000e+00) (0, 0, 0.00000000000000000000e+00) (0, 0, 0.00000000000000000000e+00) (0, 0, 0.00000000000000000000e+00) (0, 0, 0.00000000000000000000e+00) (0, 0, 0.00000000000000000000e+00) (0, 0, 0.00000000000000000000e+00) (0, 0, 0.00000000000000000000e+00) (0, 0, 0.00000000000000000000e+00) (0, 0, 0.00000000000000000000e+00) (10, 6, 5.00000000000000000000e-01) (10, 6, 5.00000000000000000000e-01) (10, 6, 5.00000000000000000000e-01) (0, 6, 0.00000000000000000000e+00) (4, 4, 5.00000000000000000000e-01) (0, 4, 0.00000000000000000000e+00) 
connections (connected_to_neuron, weight)=(0, -6.27867772455988459868e-01) (1, 2.11502885155548048246e+00) (2, 3.41938334198201809855e+00) (3, 2.70484125461502156185e+00) (4, -2.25115681654315658022e+00) (5, 1.26492628378194726935e+00) (6, -1.52734402936470936574e+00) (7, 1.42147690826639760964e+00) (8, 3.45186129357250903738e-01) (9, -3.27250542009009492972e+00) (0, -7.29592177859272217333e-01) (1, 1.18815671323812441784e+01) (2, -1.27979266428063032102e+00) (3, 1.57661564706515355816e+00) (4, -4.45570098012852078284e+00) (5, -2.84001927979766810584e-01) (6, -9.58370112192588052835e+00) (7, 1.25794193920862618086e+00) (8, 1.90100499510921894242e+00) (9, -5.78935194602932079455e-01) (0, 4.79096571634452317312e+00) (1, 2.18976568384646386178e+00) (2, -4.42983751441726969489e+00) (3, -6.86080277913511693555e+00) (4, 3.61979737454136918373e-01) (5, 4.75572655763963325626e+00) (6, 5.05483109956649059313e+01) (7, -6.74303902368533769618e+00) (8, -3.69837231745985439701e+00) (9, 5.18868484330960022533e+00) (10, 1.34626622906652819722e+01) (11, 2.29060295863113649872e+00) (12, -3.30944771959872507949e+00) (13, -1.12099944394637240919e+00) 
