FANN_FLO_2.1
num_layers=3
learning_rate=0.700000
connection_rate=1.000000
network_type=0
learning_momentum=0.000000
training_algorithm=2
train_error_function=1
train_stop_function=1
cascade_output_change_fraction=0.010000
quickprop_decay=-0.000100
quickprop_mu=1.750000
rprop_increase_factor=1.200000
rprop_decrease_factor=0.500000
rprop_delta_min=0.000000
rprop_delta_max=50.000000
rprop_delta_zero=0.100000
cascade_output_stagnation_epochs=12
cascade_candidate_change_fraction=0.010000
cascade_candidate_stagnation_epochs=12
cascade_max_out_epochs=150
cascade_min_out_epochs=50
cascade_max_cand_epochs=150
cascade_min_cand_epochs=50
cascade_num_candidate_groups=2
bit_fail_limit=1.00000000000000005551e-01
cascade_candidate_limit=1.00000000000000000000e+03
cascade_weight_multiplier=4.00000000000000022204e-01
cascade_activation_functions_count=10
cascade_activation_functions=3 5 7 8 10 11 14 15 16 17 
cascade_activation_steepnesses_count=4
cascade_activation_steepnesses=2.50000000000000000000e-01 5.00000000000000000000e-01 7.50000000000000000000e-01 1.00000000000000000000e+00 
layer_sizes=10 4 2 
scale_included=0
neurons (num_inputs, activation_function, activation_steepness)=(0, 0, 0.00000000000000000000e+00) (0, 0, 0.00000000000000000000e+00) (0, 0, 0.00000000000000000000e+00) (0, 0, 0.00000000000000000000e+00) (0, 0, 0.00000000000000000000e+00) (0, 0, 0.00000000000000000000e+00) (0, 0, 0.00000000000000000000e+00) (0, 0, 0.00000000000000000000e+00) (0, 0, 0.00000000000000000000e+00) (0, 0, 0.00000000000000000000e+00) (10, 6, 5.00000000000000000000e-01) (10, 6, 5.00000000000000000000e-01) (10, 6, 5.00000000000000000000e-01) (0, 6, 0.00000000000000000000e+00) (4, 4, 5.00000000000000000000e-01) (0, 4, 0.00000000000000000000e+00) 
connections (connected_to_neuron, weight)=(0, 7.14361472323002910656e+00) (1, -7.46618385273570872585e+00) (2, -5.18753846012907970930e+00) (3, 2.33445795926055321701e+00) (4, -1.99318828511707857309e+00) (5, -6.77769767252765831245e-01) (6, 1.32047079817507384547e+00) (7, -6.05146585476471976506e+00) (8, -2.83654842652071792486e+00) (9, 7.19116945459904766125e+00) (0, -2.29421426470095113359e-01) (1, 1.19623415255990317441e+00) (2, 6.06900983810078953340e-01) (3, -7.03032019861944829087e-02) (4, 4.38145905954490932910e-01) (5, 1.95686562099270461301e-01) (6, 2.35210896008926223510e-02) (7, 6.14751520961895892015e-01) (8, -5.74540630432048074483e-02) (9, -1.94883157427126363359e-01) (0, -1.14665414591690284496e+00) (1, -9.52084683318229596516e-01) (2, 1.30852605543712421365e+01) (3, -7.94047759722085411127e-01) (4, -7.02580756085730451233e-01) (5, -1.66287749988399324863e+00) (6, -7.22206363233399928347e-01) (7, 1.51271162316268181769e+01) (8, -1.83822622053106954354e-01) (9, -1.03985569824835066832e+00) (10, -4.49141044048828241841e+00) (11, 1.19678945178237250424e+00) (12, 2.21256164167841884449e+00) (13, -1.97259509557140866320e+00) 
