FANN_FLO_2.1
num_layers=3
learning_rate=0.700000
connection_rate=1.000000
network_type=0
learning_momentum=0.000000
training_algorithm=2
train_error_function=1
train_stop_function=1
cascade_output_change_fraction=0.010000
quickprop_decay=-0.000100
quickprop_mu=1.750000
rprop_increase_factor=1.200000
rprop_decrease_factor=0.500000
rprop_delta_min=0.000000
rprop_delta_max=50.000000
rprop_delta_zero=0.100000
cascade_output_stagnation_epochs=12
cascade_candidate_change_fraction=0.010000
cascade_candidate_stagnation_epochs=12
cascade_max_out_epochs=150
cascade_min_out_epochs=50
cascade_max_cand_epochs=150
cascade_min_cand_epochs=50
cascade_num_candidate_groups=2
bit_fail_limit=1.00000000000000005551e-01
cascade_candidate_limit=1.00000000000000000000e+03
cascade_weight_multiplier=4.00000000000000022204e-01
cascade_activation_functions_count=10
cascade_activation_functions=3 5 7 8 10 11 14 15 16 17 
cascade_activation_steepnesses_count=4
cascade_activation_steepnesses=2.50000000000000000000e-01 5.00000000000000000000e-01 7.50000000000000000000e-01 1.00000000000000000000e+00 
layer_sizes=9 4 2 
scale_included=0
neurons (num_inputs, activation_function, activation_steepness)=(0, 0, 0.00000000000000000000e+00) (0, 0, 0.00000000000000000000e+00) (0, 0, 0.00000000000000000000e+00) (0, 0, 0.00000000000000000000e+00) (0, 0, 0.00000000000000000000e+00) (0, 0, 0.00000000000000000000e+00) (0, 0, 0.00000000000000000000e+00) (0, 0, 0.00000000000000000000e+00) (0, 0, 0.00000000000000000000e+00) (9, 6, 5.00000000000000000000e-01) (9, 6, 5.00000000000000000000e-01) (9, 6, 5.00000000000000000000e-01) (0, 6, 0.00000000000000000000e+00) (4, 4, 5.00000000000000000000e-01) (0, 4, 0.00000000000000000000e+00) 
connections (connected_to_neuron, weight)=(0, -1.18955695082200674229e+00) (1, -2.00927613205217081571e+00) (2, -6.24389105299760549528e-01) (3, -7.87276481870692990128e-01) (4, -1.63399120326550639781e+00) (5, -2.41469038672521829625e+00) (6, 5.62611955184854628520e-02) (7, 1.19025807542053163601e+00) (8, 1.87529858379249625422e+00) (0, 8.05152494102498450523e-01) (1, 4.00138819005596868550e+00) (2, 4.31555177373776928107e+01) (3, 3.95935458163258644504e+01) (4, -6.13858531019376929549e+00) (5, 2.23439617716745253517e+01) (6, 9.31054035005070979025e+00) (7, 9.11784764033304107045e+00) (8, -4.51251807723219780510e-02) (0, 7.84453551683081329315e+00) (1, 9.70263437382587845548e+00) (2, 1.03335753656589218963e+02) (3, 3.98479099287177760402e+01) (4, -4.52650515142050657857e+00) (5, 5.34096517059256612470e+01) (6, 2.19128531629847493889e+01) (7, 2.15500645194869910881e+01) (8, -2.28784783794963836323e-01) (9, -4.50055936825177766991e+01) (10, 2.23712681129242252354e+00) (11, 3.30110298648599931326e+00) (12, -1.09792121251743779453e+00) 
