FANN_FLO_2.1
num_layers=3
learning_rate=0.700000
connection_rate=1.000000
network_type=0
learning_momentum=0.000000
training_algorithm=2
train_error_function=1
train_stop_function=1
cascade_output_change_fraction=0.010000
quickprop_decay=-0.000100
quickprop_mu=1.750000
rprop_increase_factor=1.200000
rprop_decrease_factor=0.500000
rprop_delta_min=0.000000
rprop_delta_max=50.000000
rprop_delta_zero=0.100000
cascade_output_stagnation_epochs=12
cascade_candidate_change_fraction=0.010000
cascade_candidate_stagnation_epochs=12
cascade_max_out_epochs=150
cascade_min_out_epochs=50
cascade_max_cand_epochs=150
cascade_min_cand_epochs=50
cascade_num_candidate_groups=2
bit_fail_limit=1.00000000000000005551e-01
cascade_candidate_limit=1.00000000000000000000e+03
cascade_weight_multiplier=4.00000000000000022204e-01
cascade_activation_functions_count=10
cascade_activation_functions=3 5 7 8 10 11 14 15 16 17 
cascade_activation_steepnesses_count=4
cascade_activation_steepnesses=2.50000000000000000000e-01 5.00000000000000000000e-01 7.50000000000000000000e-01 1.00000000000000000000e+00 
layer_sizes=6 4 2 
scale_included=0
neurons (num_inputs, activation_function, activation_steepness)=(0, 0, 0.00000000000000000000e+00) (0, 0, 0.00000000000000000000e+00) (0, 0, 0.00000000000000000000e+00) (0, 0, 0.00000000000000000000e+00) (0, 0, 0.00000000000000000000e+00) (0, 0, 0.00000000000000000000e+00) (6, 6, 5.00000000000000000000e-01) (6, 6, 5.00000000000000000000e-01) (6, 6, 5.00000000000000000000e-01) (0, 6, 0.00000000000000000000e+00) (4, 4, 5.00000000000000000000e-01) (0, 4, 0.00000000000000000000e+00) 
connections (connected_to_neuron, weight)=(0, -5.31233967242313731560e+00) (1, 5.05377470816813012533e+00) (2, 2.95156502438311241221e+00) (3, 3.53170931985364733308e+00) (4, 3.47315296875393153542e+00) (5, -5.37041506690455783257e+00) (0, -2.47081680411441406697e-01) (1, 4.81265915725198667463e-01) (2, 4.68048970729517321843e+00) (3, 2.57289294325967698995e-01) (4, 3.26007332864990950760e-01) (5, -3.73152037510549473148e-03) (0, -6.61885956073208991945e-01) (1, 1.42874238026499722487e+00) (2, 3.42966943253178668805e-01) (3, 5.77166678915978059727e-01) (4, 6.68941636973995001902e-01) (5, -1.53775850409150621756e-01) (6, 5.67985879728711839931e+00) (7, 5.99904204074305669181e-01) (8, 1.27238723633135730751e+00) (9, -1.95307902440227554308e+00) 
