FANN_FLO_2.1
num_layers=3
learning_rate=0.700000
connection_rate=1.000000
network_type=0
learning_momentum=0.000000
training_algorithm=2
train_error_function=1
train_stop_function=1
cascade_output_change_fraction=0.010000
quickprop_decay=-0.000100
quickprop_mu=1.750000
rprop_increase_factor=1.200000
rprop_decrease_factor=0.500000
rprop_delta_min=0.000000
rprop_delta_max=50.000000
rprop_delta_zero=0.100000
cascade_output_stagnation_epochs=12
cascade_candidate_change_fraction=0.010000
cascade_candidate_stagnation_epochs=12
cascade_max_out_epochs=150
cascade_min_out_epochs=50
cascade_max_cand_epochs=150
cascade_min_cand_epochs=50
cascade_num_candidate_groups=2
bit_fail_limit=1.00000000000000005551e-01
cascade_candidate_limit=1.00000000000000000000e+03
cascade_weight_multiplier=4.00000000000000022204e-01
cascade_activation_functions_count=10
cascade_activation_functions=3 5 7 8 10 11 14 15 16 17 
cascade_activation_steepnesses_count=4
cascade_activation_steepnesses=2.50000000000000000000e-01 5.00000000000000000000e-01 7.50000000000000000000e-01 1.00000000000000000000e+00 
layer_sizes=8 4 2 
scale_included=0
neurons (num_inputs, activation_function, activation_steepness)=(0, 0, 0.00000000000000000000e+00) (0, 0, 0.00000000000000000000e+00) (0, 0, 0.00000000000000000000e+00) (0, 0, 0.00000000000000000000e+00) (0, 0, 0.00000000000000000000e+00) (0, 0, 0.00000000000000000000e+00) (0, 0, 0.00000000000000000000e+00) (0, 0, 0.00000000000000000000e+00) (8, 6, 5.00000000000000000000e-01) (8, 6, 5.00000000000000000000e-01) (8, 6, 5.00000000000000000000e-01) (0, 6, 0.00000000000000000000e+00) (4, 4, 5.00000000000000000000e-01) (0, 4, 0.00000000000000000000e+00) 
connections (connected_to_neuron, weight)=(0, 2.79838938965699712824e+00) (1, 1.79766858408164775796e+00) (2, 2.54314290730827829989e+00) (3, 2.12186170706929910779e+00) (4, 1.50404250886753088068e+00) (5, 2.49434614264429477259e+00) (6, 9.50777076362600226389e+00) (7, -3.08410976670594516591e+00) (0, 6.39184301940469046244e-01) (1, 8.98412404465037228718e-01) (2, 4.21268143730695265869e-01) (3, 2.70607578996290343287e-01) (4, 6.63294959913098614024e-01) (5, 5.03654027481883925788e-01) (6, 2.87949153502182619846e+00) (7, -8.51246418738677984583e-02) (0, -5.63819486200307640189e+00) (1, -3.00197718906615484968e+00) (2, -9.96625122122527296042e-01) (3, -4.94409269988545840846e-01) (4, -3.20974828156501601484e+00) (5, -1.19748720994635160508e+00) (6, -1.41059097964399859926e+00) (7, 5.54874848241358709089e+00) (8, 2.13889898686996851040e+01) (9, 9.47765887185761518596e-02) (10, -2.92224717160682416761e+01) (11, -1.56382264406000626167e+00) 
