FANN_FLO_2.1
num_layers=3
learning_rate=0.700000
connection_rate=1.000000
network_type=0
learning_momentum=0.000000
training_algorithm=2
train_error_function=1
train_stop_function=1
cascade_output_change_fraction=0.010000
quickprop_decay=-0.000100
quickprop_mu=1.750000
rprop_increase_factor=1.200000
rprop_decrease_factor=0.500000
rprop_delta_min=0.000000
rprop_delta_max=50.000000
rprop_delta_zero=0.100000
cascade_output_stagnation_epochs=12
cascade_candidate_change_fraction=0.010000
cascade_candidate_stagnation_epochs=12
cascade_max_out_epochs=150
cascade_min_out_epochs=50
cascade_max_cand_epochs=150
cascade_min_cand_epochs=50
cascade_num_candidate_groups=2
bit_fail_limit=1.00000000000000005551e-01
cascade_candidate_limit=1.00000000000000000000e+03
cascade_weight_multiplier=4.00000000000000022204e-01
cascade_activation_functions_count=10
cascade_activation_functions=3 5 7 8 10 11 14 15 16 17 
cascade_activation_steepnesses_count=4
cascade_activation_steepnesses=2.50000000000000000000e-01 5.00000000000000000000e-01 7.50000000000000000000e-01 1.00000000000000000000e+00 
layer_sizes=10 4 2 
scale_included=0
neurons (num_inputs, activation_function, activation_steepness)=(0, 0, 0.00000000000000000000e+00) (0, 0, 0.00000000000000000000e+00) (0, 0, 0.00000000000000000000e+00) (0, 0, 0.00000000000000000000e+00) (0, 0, 0.00000000000000000000e+00) (0, 0, 0.00000000000000000000e+00) (0, 0, 0.00000000000000000000e+00) (0, 0, 0.00000000000000000000e+00) (0, 0, 0.00000000000000000000e+00) (0, 0, 0.00000000000000000000e+00) (10, 6, 5.00000000000000000000e-01) (10, 6, 5.00000000000000000000e-01) (10, 6, 5.00000000000000000000e-01) (0, 6, 0.00000000000000000000e+00) (4, 4, 5.00000000000000000000e-01) (0, 4, 0.00000000000000000000e+00) 
connections (connected_to_neuron, weight)=(0, -6.02114437340971031531e-01) (1, 1.13149165790750183547e+00) (2, 1.60497989205411251135e+00) (3, 1.76925151517272816193e+00) (4, -8.72445585340757001624e-02) (5, 1.74311923436509519370e+00) (6, 1.30124514335605212523e+00) (7, 5.71655468707061853451e-01) (8, 1.73386197767744332232e-01) (9, -1.33460187244543915241e+00) (0, 1.29377268134330081217e+00) (1, 1.26004420031755465237e-01) (2, -2.11359485265859486924e-01) (3, -1.09959555724383228892e+00) (4, 5.36785524715141515451e-01) (5, -1.21364205341286290896e+00) (6, -8.03616988632355977451e-01) (7, -4.50157043787301036630e-01) (8, 2.07722225142670247067e-01) (9, 1.95608154654612276246e+00) (0, -2.00943591730644889604e-02) (1, 5.69385198589803964708e-01) (2, 5.63344101212383874255e-01) (3, 9.00307427461393555701e-02) (4, 1.36666264231366130222e-01) (5, 2.80804805680699987036e-01) (6, 4.49586386703960894096e-01) (7, 3.02011441542803127369e-01) (8, 2.30128461702886373541e-02) (9, -3.18941146228841398980e-01) (10, 3.24684467748259848463e+01) (11, -2.83758918213366717609e+00) (12, 9.29049285135574942629e-01) (13, -1.24089866209158783406e+00) 
