FANN_FLO_2.1
num_layers=3
learning_rate=0.700000
connection_rate=1.000000
network_type=0
learning_momentum=0.000000
training_algorithm=2
train_error_function=1
train_stop_function=1
cascade_output_change_fraction=0.010000
quickprop_decay=-0.000100
quickprop_mu=1.750000
rprop_increase_factor=1.200000
rprop_decrease_factor=0.500000
rprop_delta_min=0.000000
rprop_delta_max=50.000000
rprop_delta_zero=0.100000
cascade_output_stagnation_epochs=12
cascade_candidate_change_fraction=0.010000
cascade_candidate_stagnation_epochs=12
cascade_max_out_epochs=150
cascade_min_out_epochs=50
cascade_max_cand_epochs=150
cascade_min_cand_epochs=50
cascade_num_candidate_groups=2
bit_fail_limit=1.00000000000000005551e-01
cascade_candidate_limit=1.00000000000000000000e+03
cascade_weight_multiplier=4.00000000000000022204e-01
cascade_activation_functions_count=10
cascade_activation_functions=3 5 7 8 10 11 14 15 16 17 
cascade_activation_steepnesses_count=4
cascade_activation_steepnesses=2.50000000000000000000e-01 5.00000000000000000000e-01 7.50000000000000000000e-01 1.00000000000000000000e+00 
layer_sizes=7 4 2 
scale_included=0
neurons (num_inputs, activation_function, activation_steepness)=(0, 0, 0.00000000000000000000e+00) (0, 0, 0.00000000000000000000e+00) (0, 0, 0.00000000000000000000e+00) (0, 0, 0.00000000000000000000e+00) (0, 0, 0.00000000000000000000e+00) (0, 0, 0.00000000000000000000e+00) (0, 0, 0.00000000000000000000e+00) (7, 6, 5.00000000000000000000e-01) (7, 6, 5.00000000000000000000e-01) (7, 6, 5.00000000000000000000e-01) (0, 6, 0.00000000000000000000e+00) (4, 4, 5.00000000000000000000e-01) (0, 4, 0.00000000000000000000e+00) 
connections (connected_to_neuron, weight)=(0, -3.91657002441296375750e+00) (1, 2.44190736120698170808e+00) (2, 8.33588255067416517008e-01) (3, 2.81174072690636878136e-01) (4, 2.56573164845945202173e-02) (5, 8.69778321421829925253e-02) (6, -1.50339610484284080805e+00) (0, -1.78794050735854703760e+00) (1, 1.53542637931731840162e+00) (2, 1.27753137214108503095e+00) (3, 4.74021681932484562072e-01) (4, -4.16027838320159621538e-03) (5, 1.40628129123274936418e-01) (6, -2.82075794133174406753e-01) (0, -2.71888624282285329414e+00) (1, 1.51458609615530659376e+00) (2, 2.07850332319185415741e+00) (3, 1.50091467089857522055e+00) (4, -5.36319045728062687717e-02) (5, 1.22419665184972048522e+00) (6, -1.15375160454382386099e+00) (7, 6.10396489859905955200e+00) (8, 2.94193926067322086837e+00) (9, 6.65373213559843890152e+00) (10, -2.98325417231850353872e+00) 
