FANN_FLO_2.1
num_layers=3
learning_rate=0.700000
connection_rate=1.000000
network_type=0
learning_momentum=0.000000
training_algorithm=2
train_error_function=1
train_stop_function=1
cascade_output_change_fraction=0.010000
quickprop_decay=-0.000100
quickprop_mu=1.750000
rprop_increase_factor=1.200000
rprop_decrease_factor=0.500000
rprop_delta_min=0.000000
rprop_delta_max=50.000000
rprop_delta_zero=0.100000
cascade_output_stagnation_epochs=12
cascade_candidate_change_fraction=0.010000
cascade_candidate_stagnation_epochs=12
cascade_max_out_epochs=150
cascade_min_out_epochs=50
cascade_max_cand_epochs=150
cascade_min_cand_epochs=50
cascade_num_candidate_groups=2
bit_fail_limit=1.00000000000000005551e-01
cascade_candidate_limit=1.00000000000000000000e+03
cascade_weight_multiplier=4.00000000000000022204e-01
cascade_activation_functions_count=10
cascade_activation_functions=3 5 7 8 10 11 14 15 16 17 
cascade_activation_steepnesses_count=4
cascade_activation_steepnesses=2.50000000000000000000e-01 5.00000000000000000000e-01 7.50000000000000000000e-01 1.00000000000000000000e+00 
layer_sizes=15 4 2 
scale_included=0
neurons (num_inputs, activation_function, activation_steepness)=(0, 0, 0.00000000000000000000e+00) (0, 0, 0.00000000000000000000e+00) (0, 0, 0.00000000000000000000e+00) (0, 0, 0.00000000000000000000e+00) (0, 0, 0.00000000000000000000e+00) (0, 0, 0.00000000000000000000e+00) (0, 0, 0.00000000000000000000e+00) (0, 0, 0.00000000000000000000e+00) (0, 0, 0.00000000000000000000e+00) (0, 0, 0.00000000000000000000e+00) (0, 0, 0.00000000000000000000e+00) (0, 0, 0.00000000000000000000e+00) (0, 0, 0.00000000000000000000e+00) (0, 0, 0.00000000000000000000e+00) (0, 0, 0.00000000000000000000e+00) (15, 6, 5.00000000000000000000e-01) (15, 6, 5.00000000000000000000e-01) (15, 6, 5.00000000000000000000e-01) (0, 6, 0.00000000000000000000e+00) (4, 4, 5.00000000000000000000e-01) (0, 4, 0.00000000000000000000e+00) 
connections (connected_to_neuron, weight)=(0, -8.61597135292477211976e+00) (1, 7.71916989371824957544e-01) (2, -9.51639056752291767616e-01) (3, 3.98245522582266801237e+02) (4, -6.21810893620794793990e-02) (5, 4.41564870843791534849e-01) (6, 2.21187355856663003806e+01) (7, 2.63541806531925548729e-01) (8, 1.47955646956703934514e+00) (9, 3.13214655979915779227e+00) (10, 1.05252073353783592857e+00) (11, 1.50000000000000000000e+03) (12, 1.08180208680034539270e+02) (13, 1.50000000000000000000e+03) (14, -1.37310427085797215341e+00) (0, -2.47379012003449183510e+01) (1, 3.69449310344494818992e+01) (2, 6.21022584732237925564e-01) (3, 7.76134355565707090285e-01) (4, 1.09293822248233266081e-01) (5, -6.51709796823502163221e-01) (6, 1.13908562742206576068e+00) (7, -1.73659018801993303427e-01) (8, -5.36165287092687514736e-01) (9, 2.20257718157093135281e-01) (10, 1.51289891024382416873e+00) (11, 1.50000000000000000000e+03) (12, 1.08092516034169019434e+01) (13, 1.50000000000000000000e+03) (14, -2.36343215730485400883e+00) (0, -4.36982756995381027565e+00) (1, 2.15025198446304699473e+00) (2, 1.00789390550999446994e+00) (3, 2.44165918083506205960e+00) (4, 2.51998894859775668387e-01) (5, 8.31985366848095764247e-01) (6, 2.11750234109953483497e+00) (7, 5.74256547023754837511e-01) (8, -2.24735866079225521386e-01) (9, 7.90849301363835577305e-01) (10, 4.55299400428960066023e+00) (11, 1.50000000000000000000e+03) (12, 8.36784146809961715263e-01) (13, 1.50000000000000000000e+03) (14, -1.21560773761470941601e+00) (15, 3.54491167361884640385e+00) (16, 2.15996708755855859607e+00) (17, 5.87507700751303563180e+00) (18, -6.79579278890801852242e+00) 
