FANN_FLO_2.1
num_layers=3
learning_rate=0.700000
connection_rate=1.000000
network_type=0
learning_momentum=0.000000
training_algorithm=2
train_error_function=1
train_stop_function=1
cascade_output_change_fraction=0.010000
quickprop_decay=-0.000100
quickprop_mu=1.750000
rprop_increase_factor=1.200000
rprop_decrease_factor=0.500000
rprop_delta_min=0.000000
rprop_delta_max=50.000000
rprop_delta_zero=0.100000
cascade_output_stagnation_epochs=12
cascade_candidate_change_fraction=0.010000
cascade_candidate_stagnation_epochs=12
cascade_max_out_epochs=150
cascade_min_out_epochs=50
cascade_max_cand_epochs=150
cascade_min_cand_epochs=50
cascade_num_candidate_groups=2
bit_fail_limit=1.00000000000000005551e-01
cascade_candidate_limit=1.00000000000000000000e+03
cascade_weight_multiplier=4.00000000000000022204e-01
cascade_activation_functions_count=10
cascade_activation_functions=3 5 7 8 10 11 14 15 16 17 
cascade_activation_steepnesses_count=4
cascade_activation_steepnesses=2.50000000000000000000e-01 5.00000000000000000000e-01 7.50000000000000000000e-01 1.00000000000000000000e+00 
layer_sizes=11 4 2 
scale_included=0
neurons (num_inputs, activation_function, activation_steepness)=(0, 0, 0.00000000000000000000e+00) (0, 0, 0.00000000000000000000e+00) (0, 0, 0.00000000000000000000e+00) (0, 0, 0.00000000000000000000e+00) (0, 0, 0.00000000000000000000e+00) (0, 0, 0.00000000000000000000e+00) (0, 0, 0.00000000000000000000e+00) (0, 0, 0.00000000000000000000e+00) (0, 0, 0.00000000000000000000e+00) (0, 0, 0.00000000000000000000e+00) (0, 0, 0.00000000000000000000e+00) (11, 6, 5.00000000000000000000e-01) (11, 6, 5.00000000000000000000e-01) (11, 6, 5.00000000000000000000e-01) (0, 6, 0.00000000000000000000e+00) (4, 4, 5.00000000000000000000e-01) (0, 4, 0.00000000000000000000e+00) 
connections (connected_to_neuron, weight)=(0, -2.04286418073700870579e+00) (1, 1.22464880974684025006e+01) (2, -9.37655222949832101165e+00) (3, -8.78130648353286497043e-02) (4, -2.08386044536083936407e+01) (5, -9.29830404101079111001e+00) (6, 1.24187690055340613782e+01) (7, -2.25736771005007064161e+01) (8, -2.22150277197164065512e+01) (9, -2.34226272286639520814e+01) (10, 2.48808475617904356625e+00) (0, 3.84613186796769612741e+00) (1, -1.31344007788997063635e+00) (2, 9.49012854342547385045e+00) (3, -2.96427494776034028412e-01) (4, 8.22499237674098004902e+00) (5, 9.35893582468178841793e+00) (6, -2.56075692410868382964e+00) (7, -1.69355729845405234002e+00) (8, 8.05541201075193846748e+00) (9, -2.60556598751005363823e+00) (10, -3.19446373798360827578e+00) (0, 6.05005929010108189914e-01) (1, -1.59868122475058371812e+00) (2, 2.16521379097040522765e+00) (3, -1.02698889424492145750e+00) (4, 5.07557389195208874533e-01) (5, 2.04241803551463352306e+00) (6, -3.07575190874838799715e+00) (7, -3.63296231842130534773e+00) (8, 2.88574989380475821488e-01) (9, -4.69436459134039818508e+00) (10, 2.36220708605656870560e+00) (11, 8.94818864855425211147e+00) (12, 1.41338462090863092868e+01) (13, -1.21637898266765631661e+01) (14, -1.11170869629249979837e+00) 
