FANN_FLO_2.1
num_layers=3
learning_rate=0.700000
connection_rate=1.000000
network_type=0
learning_momentum=0.000000
training_algorithm=2
train_error_function=1
train_stop_function=1
cascade_output_change_fraction=0.010000
quickprop_decay=-0.000100
quickprop_mu=1.750000
rprop_increase_factor=1.200000
rprop_decrease_factor=0.500000
rprop_delta_min=0.000000
rprop_delta_max=50.000000
rprop_delta_zero=0.100000
cascade_output_stagnation_epochs=12
cascade_candidate_change_fraction=0.010000
cascade_candidate_stagnation_epochs=12
cascade_max_out_epochs=150
cascade_min_out_epochs=50
cascade_max_cand_epochs=150
cascade_min_cand_epochs=50
cascade_num_candidate_groups=2
bit_fail_limit=1.00000000000000005551e-01
cascade_candidate_limit=1.00000000000000000000e+03
cascade_weight_multiplier=4.00000000000000022204e-01
cascade_activation_functions_count=10
cascade_activation_functions=3 5 7 8 10 11 14 15 16 17 
cascade_activation_steepnesses_count=4
cascade_activation_steepnesses=2.50000000000000000000e-01 5.00000000000000000000e-01 7.50000000000000000000e-01 1.00000000000000000000e+00 
layer_sizes=8 4 2 
scale_included=0
neurons (num_inputs, activation_function, activation_steepness)=(0, 0, 0.00000000000000000000e+00) (0, 0, 0.00000000000000000000e+00) (0, 0, 0.00000000000000000000e+00) (0, 0, 0.00000000000000000000e+00) (0, 0, 0.00000000000000000000e+00) (0, 0, 0.00000000000000000000e+00) (0, 0, 0.00000000000000000000e+00) (0, 0, 0.00000000000000000000e+00) (8, 6, 5.00000000000000000000e-01) (8, 6, 5.00000000000000000000e-01) (8, 6, 5.00000000000000000000e-01) (0, 6, 0.00000000000000000000e+00) (4, 4, 5.00000000000000000000e-01) (0, 4, 0.00000000000000000000e+00) 
connections (connected_to_neuron, weight)=(0, -5.67586659526236925188e+00) (1, -2.62764930780535266308e+00) (2, 5.03863337863384952442e+00) (3, 3.45963478392001144712e+00) (4, -2.71597199259971144869e+00) (5, 1.44825014021852394031e+00) (6, -8.09661353490551016776e-01) (7, 5.51986304476870248692e-01) (0, -7.20546611940567238719e-01) (1, 7.40403042761275553829e-01) (2, -5.81055475341462024375e+00) (3, -5.98898441291497940497e-01) (4, 1.07035141290800894787e+00) (5, -3.59591331541731218380e+00) (6, -1.24284440936419371404e+00) (7, 1.58124123374016889443e+00) (0, 4.02028662376998968675e-01) (1, 1.86043624070393875947e+00) (2, 1.91670375146222027318e+00) (3, 5.87167041771030806530e+00) (4, 2.02981383368394752154e+00) (5, -3.28345583318977407572e+00) (6, 2.10270834875968626321e+00) (7, -3.80341710455402948199e+00) (8, -1.15912137054612287557e+01) (9, -1.20552990041142003008e+01) (10, 9.52117053202643326415e+00) (11, -1.62026183300028292500e+00) 
