FANN_FLO_2.1
num_layers=3
learning_rate=0.700000
connection_rate=1.000000
network_type=0
learning_momentum=0.000000
training_algorithm=2
train_error_function=1
train_stop_function=1
cascade_output_change_fraction=0.010000
quickprop_decay=-0.000100
quickprop_mu=1.750000
rprop_increase_factor=1.200000
rprop_decrease_factor=0.500000
rprop_delta_min=0.000000
rprop_delta_max=50.000000
rprop_delta_zero=0.100000
cascade_output_stagnation_epochs=12
cascade_candidate_change_fraction=0.010000
cascade_candidate_stagnation_epochs=12
cascade_max_out_epochs=150
cascade_min_out_epochs=50
cascade_max_cand_epochs=150
cascade_min_cand_epochs=50
cascade_num_candidate_groups=2
bit_fail_limit=1.00000000000000005551e-01
cascade_candidate_limit=1.00000000000000000000e+03
cascade_weight_multiplier=4.00000000000000022204e-01
cascade_activation_functions_count=10
cascade_activation_functions=3 5 7 8 10 11 14 15 16 17 
cascade_activation_steepnesses_count=4
cascade_activation_steepnesses=2.50000000000000000000e-01 5.00000000000000000000e-01 7.50000000000000000000e-01 1.00000000000000000000e+00 
layer_sizes=14 4 2 
scale_included=0
neurons (num_inputs, activation_function, activation_steepness)=(0, 0, 0.00000000000000000000e+00) (0, 0, 0.00000000000000000000e+00) (0, 0, 0.00000000000000000000e+00) (0, 0, 0.00000000000000000000e+00) (0, 0, 0.00000000000000000000e+00) (0, 0, 0.00000000000000000000e+00) (0, 0, 0.00000000000000000000e+00) (0, 0, 0.00000000000000000000e+00) (0, 0, 0.00000000000000000000e+00) (0, 0, 0.00000000000000000000e+00) (0, 0, 0.00000000000000000000e+00) (0, 0, 0.00000000000000000000e+00) (0, 0, 0.00000000000000000000e+00) (0, 0, 0.00000000000000000000e+00) (14, 6, 5.00000000000000000000e-01) (14, 6, 5.00000000000000000000e-01) (14, 6, 5.00000000000000000000e-01) (0, 6, 0.00000000000000000000e+00) (4, 4, 5.00000000000000000000e-01) (0, 4, 0.00000000000000000000e+00) 
connections (connected_to_neuron, weight)=(0, -5.07301087780630099999e-01) (1, 6.96550739146601705087e-01) (2, -3.55605217151374219942e-01) (3, 4.44465398236924963404e-02) (4, -4.06725655502128205510e-02) (5, 1.12223509843569130284e-01) (6, -4.93714015866864530668e-01) (7, 3.26993436695466821451e-01) (8, -2.57385241496739358702e-01) (9, -9.66720579932335566387e-02) (10, -2.32049035246297996604e-01) (11, 4.33947948486336984586e-02) (12, 1.62505343269538138351e-01) (13, -2.54720055755656815677e-01) (0, -5.02643279666472153622e-01) (1, 1.73834853681910805889e+00) (2, -2.41616956058605364399e-01) (3, 1.91967736609371320000e+00) (4, -7.05370261460300351786e-01) (5, -4.21888379724952466976e-01) (6, -5.24039298809053533112e-01) (7, 1.46190773134816343060e+00) (8, -6.03519003922579067023e-01) (9, -4.20737481241837518731e-01) (10, -6.78602956723941219686e-01) (11, -8.84694183433508918313e-01) (12, -5.54651396852958167294e-01) (13, -7.99885626077224687336e-01) (0, -4.91311229700613638638e-01) (1, 1.64510519492615037151e+00) (2, -2.69559583726986018437e-01) (3, 1.94077893026264325371e+00) (4, -8.35821657567973885783e-01) (5, -4.58235053690406402005e-01) (6, -3.44034478581430436250e-01) (7, 1.54119640027869397869e+00) (8, -6.10980037684080379279e-01) (9, -4.00617333626166360894e-01) (10, -7.26795010757220638631e-01) (11, -8.17036712730383918313e-01) (12, -6.04121091348159056089e-01) (13, -7.87434923588802293537e-01) (14, 1.06437293515425213108e+00) (15, 1.50489083012341815504e+01) (16, 1.50331082125901538404e+01) (17, -1.19513649625378470809e+00) 
