FANN_FLO_2.1
num_layers=3
learning_rate=0.700000
connection_rate=1.000000
network_type=0
learning_momentum=0.000000
training_algorithm=2
train_error_function=1
train_stop_function=1
cascade_output_change_fraction=0.010000
quickprop_decay=-0.000100
quickprop_mu=1.750000
rprop_increase_factor=1.200000
rprop_decrease_factor=0.500000
rprop_delta_min=0.000000
rprop_delta_max=50.000000
rprop_delta_zero=0.100000
cascade_output_stagnation_epochs=12
cascade_candidate_change_fraction=0.010000
cascade_candidate_stagnation_epochs=12
cascade_max_out_epochs=150
cascade_min_out_epochs=50
cascade_max_cand_epochs=150
cascade_min_cand_epochs=50
cascade_num_candidate_groups=2
bit_fail_limit=1.00000000000000005551e-01
cascade_candidate_limit=1.00000000000000000000e+03
cascade_weight_multiplier=4.00000000000000022204e-01
cascade_activation_functions_count=10
cascade_activation_functions=3 5 7 8 10 11 14 15 16 17 
cascade_activation_steepnesses_count=4
cascade_activation_steepnesses=2.50000000000000000000e-01 5.00000000000000000000e-01 7.50000000000000000000e-01 1.00000000000000000000e+00 
layer_sizes=9 4 2 
scale_included=0
neurons (num_inputs, activation_function, activation_steepness)=(0, 0, 0.00000000000000000000e+00) (0, 0, 0.00000000000000000000e+00) (0, 0, 0.00000000000000000000e+00) (0, 0, 0.00000000000000000000e+00) (0, 0, 0.00000000000000000000e+00) (0, 0, 0.00000000000000000000e+00) (0, 0, 0.00000000000000000000e+00) (0, 0, 0.00000000000000000000e+00) (0, 0, 0.00000000000000000000e+00) (9, 6, 5.00000000000000000000e-01) (9, 6, 5.00000000000000000000e-01) (9, 6, 5.00000000000000000000e-01) (0, 6, 0.00000000000000000000e+00) (4, 4, 5.00000000000000000000e-01) (0, 4, 0.00000000000000000000e+00) 
connections (connected_to_neuron, weight)=(0, -3.55558619634500727713e+00) (1, 2.72670197288312277095e+00) (2, -1.33623433931853788370e-02) (3, -2.01642637586832484953e-01) (4, -1.10597905642994520647e+00) (5, -1.74208139515161952726e-01) (6, 1.00484134617470077799e-02) (7, -3.33703220855594562266e-01) (8, -8.27148451055367495144e-01) (0, -1.55541843720637129600e+00) (1, 1.68592727136001752086e+00) (2, 8.56132073632314805067e-01) (3, 2.03292235666491433177e-01) (4, -7.12861855505086516871e-01) (5, 1.69219216202388667014e-01) (6, 7.66167564152071545180e-01) (7, 9.14033747310738498015e-02) (8, -6.47243387028436978348e-01) (0, -3.55355895296922907889e+00) (1, 2.66959328750886282222e+00) (2, -9.20741511209990370901e-02) (3, -1.19344902670622296514e-01) (4, -1.01409217841633436663e+00) (5, -1.50665832197904997480e-01) (6, -1.80158181303439218768e-01) (7, -2.47603827189804004405e-01) (8, -7.80937729920227918790e-01) (9, 6.83370973539465076385e+00) (10, 5.40775741791954001059e+00) (11, 2.81644199655811178218e+00) (12, -2.38714804933139479459e+00) 
