FANN_FLO_2.1
num_layers=3
learning_rate=0.700000
connection_rate=1.000000
network_type=0
learning_momentum=0.000000
training_algorithm=2
train_error_function=1
train_stop_function=1
cascade_output_change_fraction=0.010000
quickprop_decay=-0.000100
quickprop_mu=1.750000
rprop_increase_factor=1.200000
rprop_decrease_factor=0.500000
rprop_delta_min=0.000000
rprop_delta_max=50.000000
rprop_delta_zero=0.100000
cascade_output_stagnation_epochs=12
cascade_candidate_change_fraction=0.010000
cascade_candidate_stagnation_epochs=12
cascade_max_out_epochs=150
cascade_min_out_epochs=50
cascade_max_cand_epochs=150
cascade_min_cand_epochs=50
cascade_num_candidate_groups=2
bit_fail_limit=1.00000000000000005551e-01
cascade_candidate_limit=1.00000000000000000000e+03
cascade_weight_multiplier=4.00000000000000022204e-01
cascade_activation_functions_count=10
cascade_activation_functions=3 5 7 8 10 11 14 15 16 17 
cascade_activation_steepnesses_count=4
cascade_activation_steepnesses=2.50000000000000000000e-01 5.00000000000000000000e-01 7.50000000000000000000e-01 1.00000000000000000000e+00 
layer_sizes=14 4 2 
scale_included=0
neurons (num_inputs, activation_function, activation_steepness)=(0, 0, 0.00000000000000000000e+00) (0, 0, 0.00000000000000000000e+00) (0, 0, 0.00000000000000000000e+00) (0, 0, 0.00000000000000000000e+00) (0, 0, 0.00000000000000000000e+00) (0, 0, 0.00000000000000000000e+00) (0, 0, 0.00000000000000000000e+00) (0, 0, 0.00000000000000000000e+00) (0, 0, 0.00000000000000000000e+00) (0, 0, 0.00000000000000000000e+00) (0, 0, 0.00000000000000000000e+00) (0, 0, 0.00000000000000000000e+00) (0, 0, 0.00000000000000000000e+00) (0, 0, 0.00000000000000000000e+00) (14, 6, 5.00000000000000000000e-01) (14, 6, 5.00000000000000000000e-01) (14, 6, 5.00000000000000000000e-01) (0, 6, 0.00000000000000000000e+00) (4, 4, 5.00000000000000000000e-01) (0, 4, 0.00000000000000000000e+00) 
connections (connected_to_neuron, weight)=(0, -1.85428320720217776341e+00) (1, 4.88182622980640523735e+00) (2, -1.08193192602490273480e+00) (3, 2.94732550494411915665e+00) (4, 1.65901977987650406376e+00) (5, 9.01341268811652662762e-01) (6, 3.86921873741955024695e-01) (7, 4.48594967284336654245e+00) (8, 2.20193147773947206502e+00) (9, 1.66032603597001293672e+00) (10, 5.02208892179634247555e+00) (11, 1.49896384909306124023e+00) (12, 1.64948564472708725237e-01) (13, -2.60799938195156899567e+00) (0, 3.53180905466466477094e+00) (1, -4.39043294314611376450e+00) (2, -2.83291294008093386125e-01) (3, -3.45264259647935256581e+00) (4, -1.79606735107332382562e+00) (5, -4.97850955826336316612e-01) (6, 1.17671065656973561353e+00) (7, -4.53100742856244131929e+00) (8, -1.20671465296959889990e+00) (9, -1.06380649622273737442e+00) (10, -9.91306897619314342229e-01) (11, -1.94882814518728975095e+00) (12, 9.62909120631870063534e-01) (13, 3.04225839704410505604e+00) (0, 4.02922861829936695965e-01) (1, 2.04326346319727392142e+00) (2, 4.86451904188933748063e-01) (3, 1.47436456093238077436e+00) (4, 1.68135442512659133429e-01) (5, 2.67898839390148801876e-01) (6, 1.02551346376202986987e-01) (7, 2.56793563499544763573e+00) (8, 3.33258366337022715609e-01) (9, 4.21082980776441795356e-01) (10, 1.13693148834827395532e+00) (11, 9.92679962366570523002e-01) (12, 9.55861755555078684843e-01) (13, -5.82883983065009103619e-01) (14, 1.49558990652693299950e+01) (15, -1.42682037403717973945e+01) (16, 3.29524071133511009535e+00) (17, -2.45732044071091682014e+00) 
