FANN_FLO_2.1
num_layers=3
learning_rate=0.700000
connection_rate=1.000000
network_type=0
learning_momentum=0.000000
training_algorithm=2
train_error_function=1
train_stop_function=1
cascade_output_change_fraction=0.010000
quickprop_decay=-0.000100
quickprop_mu=1.750000
rprop_increase_factor=1.200000
rprop_decrease_factor=0.500000
rprop_delta_min=0.000000
rprop_delta_max=50.000000
rprop_delta_zero=0.100000
cascade_output_stagnation_epochs=12
cascade_candidate_change_fraction=0.010000
cascade_candidate_stagnation_epochs=12
cascade_max_out_epochs=150
cascade_min_out_epochs=50
cascade_max_cand_epochs=150
cascade_min_cand_epochs=50
cascade_num_candidate_groups=2
bit_fail_limit=1.00000000000000005551e-01
cascade_candidate_limit=1.00000000000000000000e+03
cascade_weight_multiplier=4.00000000000000022204e-01
cascade_activation_functions_count=10
cascade_activation_functions=3 5 7 8 10 11 14 15 16 17 
cascade_activation_steepnesses_count=4
cascade_activation_steepnesses=2.50000000000000000000e-01 5.00000000000000000000e-01 7.50000000000000000000e-01 1.00000000000000000000e+00 
layer_sizes=9 4 2 
scale_included=0
neurons (num_inputs, activation_function, activation_steepness)=(0, 0, 0.00000000000000000000e+00) (0, 0, 0.00000000000000000000e+00) (0, 0, 0.00000000000000000000e+00) (0, 0, 0.00000000000000000000e+00) (0, 0, 0.00000000000000000000e+00) (0, 0, 0.00000000000000000000e+00) (0, 0, 0.00000000000000000000e+00) (0, 0, 0.00000000000000000000e+00) (0, 0, 0.00000000000000000000e+00) (9, 6, 5.00000000000000000000e-01) (9, 6, 5.00000000000000000000e-01) (9, 6, 5.00000000000000000000e-01) (0, 6, 0.00000000000000000000e+00) (4, 4, 5.00000000000000000000e-01) (0, 4, 0.00000000000000000000e+00) 
connections (connected_to_neuron, weight)=(0, -1.55829078570822998628e+00) (1, 1.41187059984333052043e+00) (2, 4.19427850314027378387e-02) (3, -1.84278702531255167418e-01) (4, 7.98662224401645720606e-02) (5, -2.78525067661202885283e-01) (6, 1.49863758154756120805e-02) (7, -1.17199955675996239646e-01) (8, -5.55139835032254724823e-01) (0, -6.05979559474441931144e-01) (1, 7.00511598683512426433e-01) (2, 2.51067667359914037384e-01) (3, 1.39548947108790927230e-01) (4, 3.46215922342700044290e-01) (5, 8.89342324862933547580e-02) (6, 1.87319926077927828567e-01) (7, 7.09392224054100628550e-03) (8, -2.97071467586785098458e-01) (0, -1.53041263877572242258e+00) (1, 2.46528247346743834001e+00) (2, -3.26094287205449737121e-03) (3, -6.72220569569516590569e-01) (4, 4.79940814901193280040e-05) (5, -7.04118360299516132805e-01) (6, 3.00073076529432450354e-02) (7, -7.49836322385716846917e-01) (8, -1.07242135590022247271e+00) (9, 9.24194623733472653271e+00) (10, 9.26703833263256782082e-01) (11, 1.11693477119424464661e+01) (12, -1.66023552253069106577e+00) 
