FANN_FLO_2.1
num_layers=3
learning_rate=0.700000
connection_rate=1.000000
network_type=0
learning_momentum=0.000000
training_algorithm=2
train_error_function=1
train_stop_function=1
cascade_output_change_fraction=0.010000
quickprop_decay=-0.000100
quickprop_mu=1.750000
rprop_increase_factor=1.200000
rprop_decrease_factor=0.500000
rprop_delta_min=0.000000
rprop_delta_max=50.000000
rprop_delta_zero=0.100000
cascade_output_stagnation_epochs=12
cascade_candidate_change_fraction=0.010000
cascade_candidate_stagnation_epochs=12
cascade_max_out_epochs=150
cascade_min_out_epochs=50
cascade_max_cand_epochs=150
cascade_min_cand_epochs=50
cascade_num_candidate_groups=2
bit_fail_limit=1.00000000000000005551e-01
cascade_candidate_limit=1.00000000000000000000e+03
cascade_weight_multiplier=4.00000000000000022204e-01
cascade_activation_functions_count=10
cascade_activation_functions=3 5 7 8 10 11 14 15 16 17 
cascade_activation_steepnesses_count=4
cascade_activation_steepnesses=2.50000000000000000000e-01 5.00000000000000000000e-01 7.50000000000000000000e-01 1.00000000000000000000e+00 
layer_sizes=11 4 2 
scale_included=0
neurons (num_inputs, activation_function, activation_steepness)=(0, 0, 0.00000000000000000000e+00) (0, 0, 0.00000000000000000000e+00) (0, 0, 0.00000000000000000000e+00) (0, 0, 0.00000000000000000000e+00) (0, 0, 0.00000000000000000000e+00) (0, 0, 0.00000000000000000000e+00) (0, 0, 0.00000000000000000000e+00) (0, 0, 0.00000000000000000000e+00) (0, 0, 0.00000000000000000000e+00) (0, 0, 0.00000000000000000000e+00) (0, 0, 0.00000000000000000000e+00) (11, 6, 5.00000000000000000000e-01) (11, 6, 5.00000000000000000000e-01) (11, 6, 5.00000000000000000000e-01) (0, 6, 0.00000000000000000000e+00) (4, 4, 5.00000000000000000000e-01) (0, 4, 0.00000000000000000000e+00) 
connections (connected_to_neuron, weight)=(0, 5.10939737246185243791e-01) (1, -2.21312807439035097445e+00) (2, -2.58298334268981033546e+00) (3, -9.00889868610223465417e-01) (4, 1.68576544924385451907e+00) (5, 5.91793210714115169857e-01) (6, -1.87000999525725997152e+00) (7, -1.75777568594157829196e+00) (8, -2.43185786320024543983e+00) (9, 2.42767386573128574057e+00) (10, 1.23143759648751083269e+00) (0, 1.69849223817841621376e-01) (1, 1.21324229549331663591e+00) (2, 2.48246931282385796536e+00) (3, 2.84309629186680068447e-01) (4, -3.02828365063105398036e+00) (5, -5.58712100705812342305e-01) (6, 1.82458894133529359038e+00) (7, 1.84790559329174630676e+00) (8, 2.15603310414045523657e+00) (9, -1.48755755553987789597e+00) (10, -1.11779387617701164714e+00) (0, 5.45511116669326612261e-01) (1, -2.28014057813352266635e+00) (2, -2.51309070153289848548e+00) (3, -8.82727431826909714196e-01) (4, 1.72683789237148666018e+00) (5, 4.85325956254257284694e-01) (6, -1.76683970466792716891e+00) (7, -1.80727932528197898776e+00) (8, -2.47377146197610908729e+00) (9, 2.34574691640906207724e+00) (10, 1.21145282219599548235e+00) (11, -5.94088495404217997731e+00) (12, 6.31311002493051720563e+00) (13, -5.93352284908984461964e+00) (14, -1.05068438477220893468e+00) 
