FANN_FLO_2.1
num_layers=3
learning_rate=0.700000
connection_rate=1.000000
network_type=0
learning_momentum=0.000000
training_algorithm=2
train_error_function=1
train_stop_function=1
cascade_output_change_fraction=0.010000
quickprop_decay=-0.000100
quickprop_mu=1.750000
rprop_increase_factor=1.200000
rprop_decrease_factor=0.500000
rprop_delta_min=0.000000
rprop_delta_max=50.000000
rprop_delta_zero=0.100000
cascade_output_stagnation_epochs=12
cascade_candidate_change_fraction=0.010000
cascade_candidate_stagnation_epochs=12
cascade_max_out_epochs=150
cascade_min_out_epochs=50
cascade_max_cand_epochs=150
cascade_min_cand_epochs=50
cascade_num_candidate_groups=2
bit_fail_limit=1.00000000000000005551e-01
cascade_candidate_limit=1.00000000000000000000e+03
cascade_weight_multiplier=4.00000000000000022204e-01
cascade_activation_functions_count=10
cascade_activation_functions=3 5 7 8 10 11 14 15 16 17 
cascade_activation_steepnesses_count=4
cascade_activation_steepnesses=2.50000000000000000000e-01 5.00000000000000000000e-01 7.50000000000000000000e-01 1.00000000000000000000e+00 
layer_sizes=7 4 2 
scale_included=0
neurons (num_inputs, activation_function, activation_steepness)=(0, 0, 0.00000000000000000000e+00) (0, 0, 0.00000000000000000000e+00) (0, 0, 0.00000000000000000000e+00) (0, 0, 0.00000000000000000000e+00) (0, 0, 0.00000000000000000000e+00) (0, 0, 0.00000000000000000000e+00) (0, 0, 0.00000000000000000000e+00) (7, 6, 5.00000000000000000000e-01) (7, 6, 5.00000000000000000000e-01) (7, 6, 5.00000000000000000000e-01) (0, 6, 0.00000000000000000000e+00) (4, 4, 5.00000000000000000000e-01) (0, 4, 0.00000000000000000000e+00) 
connections (connected_to_neuron, weight)=(0, 4.12917464419722268776e-01) (1, 4.89256870271599919597e-01) (2, 9.00088617095006648938e-01) (3, 4.22172430063677439627e-01) (4, 1.83852987816700719215e+00) (5, 1.66389866930980701021e+00) (6, -2.81714582950144232232e-01) (0, -2.13464716011866162404e+00) (1, -1.31304054095145428249e+00) (2, -8.66145419282526418669e-01) (3, -8.70855467149050266329e-01) (4, -1.17334036539139008326e+00) (5, -1.12899136746352080074e+00) (6, 1.94910668294061850681e+00) (0, -4.74119445185625265626e-01) (1, -1.40746320760512166892e+00) (2, -8.12273936671823904021e-01) (3, -7.29307697486518469177e-01) (4, -1.40465618923914559169e+00) (5, -1.60854429593704106871e+00) (6, 1.94017316858400534763e+00) (7, 1.14972155392371511162e+00) (8, -4.95338993434466914323e+01) (9, -1.08143016249787606853e+01) (10, -1.02964321250665924445e+00) 
