FANN_FLO_2.1
num_layers=3
learning_rate=0.700000
connection_rate=1.000000
network_type=0
learning_momentum=0.000000
training_algorithm=2
train_error_function=1
train_stop_function=1
cascade_output_change_fraction=0.010000
quickprop_decay=-0.000100
quickprop_mu=1.750000
rprop_increase_factor=1.200000
rprop_decrease_factor=0.500000
rprop_delta_min=0.000000
rprop_delta_max=50.000000
rprop_delta_zero=0.100000
cascade_output_stagnation_epochs=12
cascade_candidate_change_fraction=0.010000
cascade_candidate_stagnation_epochs=12
cascade_max_out_epochs=150
cascade_min_out_epochs=50
cascade_max_cand_epochs=150
cascade_min_cand_epochs=50
cascade_num_candidate_groups=2
bit_fail_limit=1.00000000000000005551e-01
cascade_candidate_limit=1.00000000000000000000e+03
cascade_weight_multiplier=4.00000000000000022204e-01
cascade_activation_functions_count=10
cascade_activation_functions=3 5 7 8 10 11 14 15 16 17 
cascade_activation_steepnesses_count=4
cascade_activation_steepnesses=2.50000000000000000000e-01 5.00000000000000000000e-01 7.50000000000000000000e-01 1.00000000000000000000e+00 
layer_sizes=7 4 2 
scale_included=0
neurons (num_inputs, activation_function, activation_steepness)=(0, 0, 0.00000000000000000000e+00) (0, 0, 0.00000000000000000000e+00) (0, 0, 0.00000000000000000000e+00) (0, 0, 0.00000000000000000000e+00) (0, 0, 0.00000000000000000000e+00) (0, 0, 0.00000000000000000000e+00) (0, 0, 0.00000000000000000000e+00) (7, 6, 5.00000000000000000000e-01) (7, 6, 5.00000000000000000000e-01) (7, 6, 5.00000000000000000000e-01) (0, 6, 0.00000000000000000000e+00) (4, 4, 5.00000000000000000000e-01) (0, 4, 0.00000000000000000000e+00) 
connections (connected_to_neuron, weight)=(0, 2.95672419343318360063e+00) (1, -2.45776493140083207578e+00) (2, -4.08301571008634489601e+00) (3, 1.61547535881232318111e+00) (4, -1.63059640898593394276e+00) (5, -1.72245298244103417495e+00) (6, 2.67524396028786526358e+00) (0, -7.82650079190763903192e-01) (1, 2.03139064341671016223e+00) (2, 1.59072935440231222337e+00) (3, -3.61191363643237617342e-01) (4, -5.23640222324227799788e-01) (5, -2.99265720822100289578e-01) (6, -7.07434776783022578606e-01) (0, -4.51398214141218545592e+00) (1, 4.56884633377657678466e+00) (2, 3.29393389555959803516e+00) (3, -8.63159290273427526330e-01) (4, 1.82321831334507944433e+00) (5, 1.49519366097454153852e+00) (6, -3.76445995637693542335e+00) (7, -3.64476032706827002272e+00) (8, 1.21108550902686040729e+00) (9, 8.59375432649955328657e+00) (10, -9.60418687676132809550e-01) 
