FANN_FLO_2.1
num_layers=3
learning_rate=0.700000
connection_rate=1.000000
network_type=0
learning_momentum=0.000000
training_algorithm=2
train_error_function=1
train_stop_function=1
cascade_output_change_fraction=0.010000
quickprop_decay=-0.000100
quickprop_mu=1.750000
rprop_increase_factor=1.200000
rprop_decrease_factor=0.500000
rprop_delta_min=0.000000
rprop_delta_max=50.000000
rprop_delta_zero=0.100000
cascade_output_stagnation_epochs=12
cascade_candidate_change_fraction=0.010000
cascade_candidate_stagnation_epochs=12
cascade_max_out_epochs=150
cascade_min_out_epochs=50
cascade_max_cand_epochs=150
cascade_min_cand_epochs=50
cascade_num_candidate_groups=2
bit_fail_limit=1.00000000000000005551e-01
cascade_candidate_limit=1.00000000000000000000e+03
cascade_weight_multiplier=4.00000000000000022204e-01
cascade_activation_functions_count=10
cascade_activation_functions=3 5 7 8 10 11 14 15 16 17 
cascade_activation_steepnesses_count=4
cascade_activation_steepnesses=2.50000000000000000000e-01 5.00000000000000000000e-01 7.50000000000000000000e-01 1.00000000000000000000e+00 
layer_sizes=12 4 2 
scale_included=0
neurons (num_inputs, activation_function, activation_steepness)=(0, 0, 0.00000000000000000000e+00) (0, 0, 0.00000000000000000000e+00) (0, 0, 0.00000000000000000000e+00) (0, 0, 0.00000000000000000000e+00) (0, 0, 0.00000000000000000000e+00) (0, 0, 0.00000000000000000000e+00) (0, 0, 0.00000000000000000000e+00) (0, 0, 0.00000000000000000000e+00) (0, 0, 0.00000000000000000000e+00) (0, 0, 0.00000000000000000000e+00) (0, 0, 0.00000000000000000000e+00) (0, 0, 0.00000000000000000000e+00) (12, 6, 5.00000000000000000000e-01) (12, 6, 5.00000000000000000000e-01) (12, 6, 5.00000000000000000000e-01) (0, 6, 0.00000000000000000000e+00) (4, 4, 5.00000000000000000000e-01) (0, 4, 0.00000000000000000000e+00) 
connections (connected_to_neuron, weight)=(0, -5.15425683117697208679e-01) (1, 4.46327849036589008325e-01) (2, -2.28190670183117411823e-03) (3, -4.74507246141677926921e-02) (4, 6.71252068118835754085e-01) (5, 3.16522127685979870471e-01) (6, 4.30464003947691187246e-01) (7, 2.49455074632888518238e+01) (8, 1.45121904432850057365e-01) (9, 8.64444607186496114082e+02) (10, -4.65912390961453828919e-02) (11, -2.53887783476043848996e-01) (0, 2.55249144173058750695e+00) (1, -5.91253110457190866889e-01) (2, 6.21325411963384532932e-01) (3, 1.22089988499464796590e+00) (4, -1.09477436502617586633e+00) (5, 7.07845585353835682341e-01) (6, -9.27341115715559882737e-01) (7, -4.12765511646192795325e-01) (8, 1.46312237708776482492e+00) (9, 1.26873043698020683223e+03) (10, 1.64532118519736836326e+00) (11, 1.11663256623469231421e+00) (0, -2.74349997477633289478e+00) (1, 1.73111480264907191540e+00) (2, 1.05577021146386521022e-01) (3, -1.19343495103466845642e+00) (4, 2.32973804390020466926e+00) (5, -1.20180384375597637536e+00) (6, 1.95407205678561046724e+00) (7, 1.71470597013516745655e+00) (8, -1.08651903864940280187e+00) (9, 1.34474155900233427019e+03) (10, -1.06846706654607204179e+00) (11, -1.09245207475089656235e+00) (12, 3.49630807461410331172e+00) (13, -4.13676611186174536527e+00) (14, 8.18066327240657642506e+01) (15, -6.02083092403453257191e-01) 
