FANN_FLO_2.1
num_layers=3
learning_rate=0.700000
connection_rate=1.000000
network_type=0
learning_momentum=0.000000
training_algorithm=2
train_error_function=1
train_stop_function=1
cascade_output_change_fraction=0.010000
quickprop_decay=-0.000100
quickprop_mu=1.750000
rprop_increase_factor=1.200000
rprop_decrease_factor=0.500000
rprop_delta_min=0.000000
rprop_delta_max=50.000000
rprop_delta_zero=0.100000
cascade_output_stagnation_epochs=12
cascade_candidate_change_fraction=0.010000
cascade_candidate_stagnation_epochs=12
cascade_max_out_epochs=150
cascade_min_out_epochs=50
cascade_max_cand_epochs=150
cascade_min_cand_epochs=50
cascade_num_candidate_groups=2
bit_fail_limit=1.00000000000000005551e-01
cascade_candidate_limit=1.00000000000000000000e+03
cascade_weight_multiplier=4.00000000000000022204e-01
cascade_activation_functions_count=10
cascade_activation_functions=3 5 7 8 10 11 14 15 16 17 
cascade_activation_steepnesses_count=4
cascade_activation_steepnesses=2.50000000000000000000e-01 5.00000000000000000000e-01 7.50000000000000000000e-01 1.00000000000000000000e+00 
layer_sizes=6 4 2 
scale_included=0
neurons (num_inputs, activation_function, activation_steepness)=(0, 0, 0.00000000000000000000e+00) (0, 0, 0.00000000000000000000e+00) (0, 0, 0.00000000000000000000e+00) (0, 0, 0.00000000000000000000e+00) (0, 0, 0.00000000000000000000e+00) (0, 0, 0.00000000000000000000e+00) (6, 6, 5.00000000000000000000e-01) (6, 6, 5.00000000000000000000e-01) (6, 6, 5.00000000000000000000e-01) (0, 6, 0.00000000000000000000e+00) (4, 4, 5.00000000000000000000e-01) (0, 4, 0.00000000000000000000e+00) 
connections (connected_to_neuron, weight)=(0, 8.87357670341181514750e-01) (1, -1.46502811748101291478e+00) (2, -7.13502692216307909945e-02) (3, 1.15989563334618933643e-01) (4, 9.34782985125231502543e-01) (5, 9.24523312125849483500e-01) (0, -1.03371887231963688336e+00) (1, 2.48227565436771246965e+00) (2, 2.55302727812761587334e-01) (3, 2.27317900055879873467e-01) (4, -9.05969548474727215392e-01) (5, -9.36314414690909924133e-01) (0, 8.12155887011933086406e-01) (1, -1.59361526656462704210e+00) (2, -3.77732144826323779085e-02) (3, 1.71134536433850653614e-01) (4, 8.62409617279219387065e-01) (5, 8.96956268225359676372e-01) (6, -4.86397026201403726020e+00) (7, 5.05626217197329097530e+00) (8, -1.05866597614452810916e+01) (9, -6.40694933208717176676e-01) 
