FANN_FLO_2.1
num_layers=3
learning_rate=0.700000
connection_rate=1.000000
network_type=0
learning_momentum=0.000000
training_algorithm=2
train_error_function=1
train_stop_function=1
cascade_output_change_fraction=0.010000
quickprop_decay=-0.000100
quickprop_mu=1.750000
rprop_increase_factor=1.200000
rprop_decrease_factor=0.500000
rprop_delta_min=0.000000
rprop_delta_max=50.000000
rprop_delta_zero=0.100000
cascade_output_stagnation_epochs=12
cascade_candidate_change_fraction=0.010000
cascade_candidate_stagnation_epochs=12
cascade_max_out_epochs=150
cascade_min_out_epochs=50
cascade_max_cand_epochs=150
cascade_min_cand_epochs=50
cascade_num_candidate_groups=2
bit_fail_limit=1.00000000000000005551e-01
cascade_candidate_limit=1.00000000000000000000e+03
cascade_weight_multiplier=4.00000000000000022204e-01
cascade_activation_functions_count=10
cascade_activation_functions=3 5 7 8 10 11 14 15 16 17 
cascade_activation_steepnesses_count=4
cascade_activation_steepnesses=2.50000000000000000000e-01 5.00000000000000000000e-01 7.50000000000000000000e-01 1.00000000000000000000e+00 
layer_sizes=9 4 2 
scale_included=0
neurons (num_inputs, activation_function, activation_steepness)=(0, 0, 0.00000000000000000000e+00) (0, 0, 0.00000000000000000000e+00) (0, 0, 0.00000000000000000000e+00) (0, 0, 0.00000000000000000000e+00) (0, 0, 0.00000000000000000000e+00) (0, 0, 0.00000000000000000000e+00) (0, 0, 0.00000000000000000000e+00) (0, 0, 0.00000000000000000000e+00) (0, 0, 0.00000000000000000000e+00) (9, 6, 5.00000000000000000000e-01) (9, 6, 5.00000000000000000000e-01) (9, 6, 5.00000000000000000000e-01) (0, 6, 0.00000000000000000000e+00) (4, 4, 5.00000000000000000000e-01) (0, 4, 0.00000000000000000000e+00) 
connections (connected_to_neuron, weight)=(0, -2.54447001159854213626e+00) (1, 3.81788543213967557222e+00) (2, -1.47747740859991760765e-01) (3, -2.70540394599444122825e-01) (4, -5.46277383463392163243e-01) (5, 3.80353366930846448213e+00) (6, -7.49787624096465710188e-01) (7, 1.46755945067401027959e-01) (8, -2.65802376682764740501e-01) (0, 1.03487705267484497718e+00) (1, -3.84054744963411565095e+00) (2, 5.67630277505468239241e-01) (3, 6.55941040745328773909e-01) (4, 1.01543622292096924475e+00) (5, -2.36950897438030061437e+00) (6, 1.14475144236286219268e+00) (7, -1.51873337562123178479e-01) (8, 6.07157671382974495344e-01) (0, -1.24219393612246253866e+00) (1, 3.89004235689405675203e+00) (2, -2.12163754518038483177e-01) (3, -3.32083367521769257102e-01) (4, -6.05103546874532494115e-01) (5, 3.91848767523531194001e+00) (6, -7.64705616151881817366e-01) (7, 2.45330888907904720586e-01) (8, -2.29552575166231842552e-01) (9, 3.89386089865926976472e+00) (10, -3.89357093696359868318e+00) (11, 3.88051235650543446809e+00) (12, -1.34058416600233765159e-01) 
