FANN_FLO_2.1
num_layers=3
learning_rate=0.700000
connection_rate=1.000000
network_type=0
learning_momentum=0.000000
training_algorithm=2
train_error_function=1
train_stop_function=1
cascade_output_change_fraction=0.010000
quickprop_decay=-0.000100
quickprop_mu=1.750000
rprop_increase_factor=1.200000
rprop_decrease_factor=0.500000
rprop_delta_min=0.000000
rprop_delta_max=50.000000
rprop_delta_zero=0.100000
cascade_output_stagnation_epochs=12
cascade_candidate_change_fraction=0.010000
cascade_candidate_stagnation_epochs=12
cascade_max_out_epochs=150
cascade_min_out_epochs=50
cascade_max_cand_epochs=150
cascade_min_cand_epochs=50
cascade_num_candidate_groups=2
bit_fail_limit=1.00000000000000005551e-01
cascade_candidate_limit=1.00000000000000000000e+03
cascade_weight_multiplier=4.00000000000000022204e-01
cascade_activation_functions_count=10
cascade_activation_functions=3 5 7 8 10 11 14 15 16 17 
cascade_activation_steepnesses_count=4
cascade_activation_steepnesses=2.50000000000000000000e-01 5.00000000000000000000e-01 7.50000000000000000000e-01 1.00000000000000000000e+00 
layer_sizes=7 4 2 
scale_included=0
neurons (num_inputs, activation_function, activation_steepness)=(0, 0, 0.00000000000000000000e+00) (0, 0, 0.00000000000000000000e+00) (0, 0, 0.00000000000000000000e+00) (0, 0, 0.00000000000000000000e+00) (0, 0, 0.00000000000000000000e+00) (0, 0, 0.00000000000000000000e+00) (0, 0, 0.00000000000000000000e+00) (7, 6, 5.00000000000000000000e-01) (7, 6, 5.00000000000000000000e-01) (7, 6, 5.00000000000000000000e-01) (0, 6, 0.00000000000000000000e+00) (4, 4, 5.00000000000000000000e-01) (0, 4, 0.00000000000000000000e+00) 
connections (connected_to_neuron, weight)=(0, -1.09883699930917693166e+01) (1, 5.03454184896954970441e+00) (2, 1.09956091878149120333e+00) (3, 3.06885306535053326016e+00) (4, 6.63890371985094596141e+00) (5, -5.93673087025664791838e-01) (6, -4.52531086958484962679e+00) (0, 3.30081831325416086287e+00) (1, -8.74076931106759436041e-01) (2, -5.37435310507846542016e-01) (3, -3.84559982455546123248e-01) (4, -7.01497721493855919128e-01) (5, 2.27519489390166015919e-02) (6, 3.21069649468665563319e-01) (0, 4.65596768489794032853e-01) (1, -8.46876768357469722481e-01) (2, 2.92176088518546830941e-02) (3, 1.17369015776785969030e-02) (4, -6.69737602253572483768e-01) (5, 1.97743732168945057781e-01) (6, 6.57436956824321433457e-02) (7, 5.98107536679892959341e+00) (8, -2.33446974762042058771e+00) (9, -7.74311081546260715491e-01) (10, -1.44780549053006812876e+00) 
