FANN_FLO_2.1
num_layers=3
learning_rate=0.700000
connection_rate=1.000000
network_type=0
learning_momentum=0.000000
training_algorithm=2
train_error_function=1
train_stop_function=1
cascade_output_change_fraction=0.010000
quickprop_decay=-0.000100
quickprop_mu=1.750000
rprop_increase_factor=1.200000
rprop_decrease_factor=0.500000
rprop_delta_min=0.000000
rprop_delta_max=50.000000
rprop_delta_zero=0.100000
cascade_output_stagnation_epochs=12
cascade_candidate_change_fraction=0.010000
cascade_candidate_stagnation_epochs=12
cascade_max_out_epochs=150
cascade_min_out_epochs=50
cascade_max_cand_epochs=150
cascade_min_cand_epochs=50
cascade_num_candidate_groups=2
bit_fail_limit=1.00000000000000005551e-01
cascade_candidate_limit=1.00000000000000000000e+03
cascade_weight_multiplier=4.00000000000000022204e-01
cascade_activation_functions_count=10
cascade_activation_functions=3 5 7 8 10 11 14 15 16 17 
cascade_activation_steepnesses_count=4
cascade_activation_steepnesses=2.50000000000000000000e-01 5.00000000000000000000e-01 7.50000000000000000000e-01 1.00000000000000000000e+00 
layer_sizes=13 4 2 
scale_included=0
neurons (num_inputs, activation_function, activation_steepness)=(0, 0, 0.00000000000000000000e+00) (0, 0, 0.00000000000000000000e+00) (0, 0, 0.00000000000000000000e+00) (0, 0, 0.00000000000000000000e+00) (0, 0, 0.00000000000000000000e+00) (0, 0, 0.00000000000000000000e+00) (0, 0, 0.00000000000000000000e+00) (0, 0, 0.00000000000000000000e+00) (0, 0, 0.00000000000000000000e+00) (0, 0, 0.00000000000000000000e+00) (0, 0, 0.00000000000000000000e+00) (0, 0, 0.00000000000000000000e+00) (0, 0, 0.00000000000000000000e+00) (13, 6, 5.00000000000000000000e-01) (13, 6, 5.00000000000000000000e-01) (13, 6, 5.00000000000000000000e-01) (0, 6, 0.00000000000000000000e+00) (4, 4, 5.00000000000000000000e-01) (0, 4, 0.00000000000000000000e+00) 
connections (connected_to_neuron, weight)=(0, 2.52310155890448939431e+00) (1, -2.78407701509232063941e+00) (2, -2.52948965708045570011e+00) (3, 8.28478163465865335979e-01) (4, 1.54490238661142265109e+00) (5, -6.06914253927392843835e-01) (6, -2.44050010210722634341e+00) (7, -5.86572521260668611198e-01) (8, -1.80835871315963148120e+00) (9, -1.55535037964823930068e+00) (10, 7.58174872941122757197e+00) (11, -3.24203516174902928171e+00) (12, 2.36833093817212381182e+00) (0, -7.09913920094014216922e-01) (1, -1.30513769986187200267e+00) (2, 2.88490668380652266478e+01) (3, 6.28723143953092977743e-02) (4, -7.37964062403279719149e-01) (5, 1.38409634491842314929e+00) (6, -2.03772141615776325452e+00) (7, -2.09350235085873048746e+00) (8, 2.04678089021462161767e+00) (9, 2.00322513265269819271e+00) (10, -1.24371244914495937550e+00) (11, 2.77240749365790506431e+01) (12, -6.51687225840604789084e-01) (0, -6.83142449189663936160e-01) (1, -1.14383555801664593687e+00) (2, 2.88835386777315932250e+01) (3, 1.02994954651730891149e-01) (4, -6.90291000913220820223e-01) (5, 1.40212870201509520740e+00) (6, -2.16661055217413212048e+00) (7, -2.17181740026859682047e+00) (8, 2.15624134464877803552e+00) (9, 2.05446280522006574643e+00) (10, -5.63719102395682791773e-01) (11, 2.78970557592018266746e+01) (12, -6.18473796687639243430e-01) (13, -2.00337998298990989099e+01) (14, 1.18802624597977124488e+00) (15, 1.15871681675146542823e+00) (16, -1.08728296627198339763e+00) 
