FANN_FLO_2.1
num_layers=3
learning_rate=0.700000
connection_rate=1.000000
network_type=0
learning_momentum=0.000000
training_algorithm=2
train_error_function=1
train_stop_function=1
cascade_output_change_fraction=0.010000
quickprop_decay=-0.000100
quickprop_mu=1.750000
rprop_increase_factor=1.200000
rprop_decrease_factor=0.500000
rprop_delta_min=0.000000
rprop_delta_max=50.000000
rprop_delta_zero=0.100000
cascade_output_stagnation_epochs=12
cascade_candidate_change_fraction=0.010000
cascade_candidate_stagnation_epochs=12
cascade_max_out_epochs=150
cascade_min_out_epochs=50
cascade_max_cand_epochs=150
cascade_min_cand_epochs=50
cascade_num_candidate_groups=2
bit_fail_limit=1.00000000000000005551e-01
cascade_candidate_limit=1.00000000000000000000e+03
cascade_weight_multiplier=4.00000000000000022204e-01
cascade_activation_functions_count=10
cascade_activation_functions=3 5 7 8 10 11 14 15 16 17 
cascade_activation_steepnesses_count=4
cascade_activation_steepnesses=2.50000000000000000000e-01 5.00000000000000000000e-01 7.50000000000000000000e-01 1.00000000000000000000e+00 
layer_sizes=8 4 2 
scale_included=0
neurons (num_inputs, activation_function, activation_steepness)=(0, 0, 0.00000000000000000000e+00) (0, 0, 0.00000000000000000000e+00) (0, 0, 0.00000000000000000000e+00) (0, 0, 0.00000000000000000000e+00) (0, 0, 0.00000000000000000000e+00) (0, 0, 0.00000000000000000000e+00) (0, 0, 0.00000000000000000000e+00) (0, 0, 0.00000000000000000000e+00) (8, 6, 5.00000000000000000000e-01) (8, 6, 5.00000000000000000000e-01) (8, 6, 5.00000000000000000000e-01) (0, 6, 0.00000000000000000000e+00) (4, 4, 5.00000000000000000000e-01) (0, 4, 0.00000000000000000000e+00) 
connections (connected_to_neuron, weight)=(0, -1.73926485627171256709e+00) (1, 1.26169836357284248507e+00) (2, 2.27555077045026310500e+00) (3, 1.60878773001135799703e+00) (4, 1.40000755313092528631e+00) (5, 4.43834069042572332275e-01) (6, -1.13389055920519643550e+00) (7, -1.87828323148317588576e+00) (0, -7.06959678408875247246e-02) (1, 1.07128228793691104848e+00) (2, 1.20418789953858951236e+00) (3, 4.51298638996064205298e-01) (4, 8.96237870133436143050e-01) (5, 5.16180913049599898734e-01) (6, -5.93092762380273530454e-01) (7, -4.67174463775808068711e-01) (0, -1.42717251148751167467e-01) (1, 1.46655610188307061748e+00) (2, 8.86654945268985583695e-01) (3, 1.63952569210444265568e-01) (4, 4.50694197706167032358e-01) (5, 2.66045348725045815996e-01) (6, -3.45505097847443529147e-02) (7, -1.88646103591827901669e-01) (8, 2.72292602416110014474e+01) (9, 1.59934075728002955685e+00) (10, 1.54711702118221561264e+00) (11, -3.98984781248047015723e+00) 
