FANN_FLO_2.1
num_layers=3
learning_rate=0.700000
connection_rate=1.000000
network_type=0
learning_momentum=0.000000
training_algorithm=2
train_error_function=1
train_stop_function=1
cascade_output_change_fraction=0.010000
quickprop_decay=-0.000100
quickprop_mu=1.750000
rprop_increase_factor=1.200000
rprop_decrease_factor=0.500000
rprop_delta_min=0.000000
rprop_delta_max=50.000000
rprop_delta_zero=0.100000
cascade_output_stagnation_epochs=12
cascade_candidate_change_fraction=0.010000
cascade_candidate_stagnation_epochs=12
cascade_max_out_epochs=150
cascade_min_out_epochs=50
cascade_max_cand_epochs=150
cascade_min_cand_epochs=50
cascade_num_candidate_groups=2
bit_fail_limit=1.00000000000000005551e-01
cascade_candidate_limit=1.00000000000000000000e+03
cascade_weight_multiplier=4.00000000000000022204e-01
cascade_activation_functions_count=10
cascade_activation_functions=3 5 7 8 10 11 14 15 16 17 
cascade_activation_steepnesses_count=4
cascade_activation_steepnesses=2.50000000000000000000e-01 5.00000000000000000000e-01 7.50000000000000000000e-01 1.00000000000000000000e+00 
layer_sizes=8 4 2 
scale_included=0
neurons (num_inputs, activation_function, activation_steepness)=(0, 0, 0.00000000000000000000e+00) (0, 0, 0.00000000000000000000e+00) (0, 0, 0.00000000000000000000e+00) (0, 0, 0.00000000000000000000e+00) (0, 0, 0.00000000000000000000e+00) (0, 0, 0.00000000000000000000e+00) (0, 0, 0.00000000000000000000e+00) (0, 0, 0.00000000000000000000e+00) (8, 6, 5.00000000000000000000e-01) (8, 6, 5.00000000000000000000e-01) (8, 6, 5.00000000000000000000e-01) (0, 6, 0.00000000000000000000e+00) (4, 4, 5.00000000000000000000e-01) (0, 4, 0.00000000000000000000e+00) 
connections (connected_to_neuron, weight)=(0, 7.50157716968021026638e-01) (1, 7.08167373246345266402e-01) (2, 6.09962716823966077939e-01) (3, 9.66833876551075332983e-02) (4, 4.10048346815569231261e-01) (5, 5.37921238067701978913e-01) (6, 6.50586857228670711883e-01) (7, 6.39491344555629809276e-02) (0, -1.37279852721385986491e+00) (1, -1.29187895648760697753e+00) (2, -1.46410161947877548450e+00) (3, 7.11543976701446534427e-01) (4, -9.96050267870579708607e-01) (5, -9.04164799205019797945e-01) (6, -9.68680971228951581686e-01) (7, 1.55755841897344793345e+00) (0, -1.42593473437719375774e+00) (1, -1.19323367916626876806e+00) (2, -1.35359455591113708728e+00) (3, 6.89793630875297547611e-01) (4, -1.08224223500028715605e+00) (5, -1.03163692419882102591e+00) (6, -9.63904955351227887839e-01) (7, 1.54987910555219854380e+00) (8, 8.00292647268380230585e-01) (9, -6.73578668342996422780e+01) (10, -2.95989497112183173044e+01) (11, -7.92052218894823134576e-01) 
