FANN_FLO_2.1
num_layers=3
learning_rate=0.700000
connection_rate=1.000000
network_type=0
learning_momentum=0.000000
training_algorithm=2
train_error_function=1
train_stop_function=1
cascade_output_change_fraction=0.010000
quickprop_decay=-0.000100
quickprop_mu=1.750000
rprop_increase_factor=1.200000
rprop_decrease_factor=0.500000
rprop_delta_min=0.000000
rprop_delta_max=50.000000
rprop_delta_zero=0.100000
cascade_output_stagnation_epochs=12
cascade_candidate_change_fraction=0.010000
cascade_candidate_stagnation_epochs=12
cascade_max_out_epochs=150
cascade_min_out_epochs=50
cascade_max_cand_epochs=150
cascade_min_cand_epochs=50
cascade_num_candidate_groups=2
bit_fail_limit=1.00000000000000005551e-01
cascade_candidate_limit=1.00000000000000000000e+03
cascade_weight_multiplier=4.00000000000000022204e-01
cascade_activation_functions_count=10
cascade_activation_functions=3 5 7 8 10 11 14 15 16 17 
cascade_activation_steepnesses_count=4
cascade_activation_steepnesses=2.50000000000000000000e-01 5.00000000000000000000e-01 7.50000000000000000000e-01 1.00000000000000000000e+00 
layer_sizes=8 4 2 
scale_included=0
neurons (num_inputs, activation_function, activation_steepness)=(0, 0, 0.00000000000000000000e+00) (0, 0, 0.00000000000000000000e+00) (0, 0, 0.00000000000000000000e+00) (0, 0, 0.00000000000000000000e+00) (0, 0, 0.00000000000000000000e+00) (0, 0, 0.00000000000000000000e+00) (0, 0, 0.00000000000000000000e+00) (0, 0, 0.00000000000000000000e+00) (8, 6, 5.00000000000000000000e-01) (8, 6, 5.00000000000000000000e-01) (8, 6, 5.00000000000000000000e-01) (0, 6, 0.00000000000000000000e+00) (4, 4, 5.00000000000000000000e-01) (0, 4, 0.00000000000000000000e+00) 
connections (connected_to_neuron, weight)=(0, 7.60947038880053883148e-01) (1, 1.67409884653846385838e+00) (2, 3.04699516104967038643e+00) (3, 1.51843534484279785168e-01) (4, 9.51691650860638449494e-01) (5, 9.13327276143390709429e-01) (6, 1.04241209040864224455e+00) (7, -8.85867504170442909839e-01) (0, -1.91837712026642592811e+00) (1, -1.40490802119621993604e+00) (2, -1.41516356343320093281e+00) (3, 3.74626098731491607996e-01) (4, -1.38364268269081525098e+00) (5, -1.38982849120412899069e+00) (6, -1.30750303346864771292e+00) (7, 2.12410133695536584852e+00) (0, 2.22762817796541323645e+00) (1, 7.14423293010593152275e-01) (2, 3.92291638502732631366e+00) (3, 3.52196990613937666037e-01) (4, -1.09548579947905588838e+00) (5, 3.47013695293167723221e-01) (6, -7.05373782741908761373e-01) (7, -2.57206995357467882446e-01) (8, 3.05388495974865215032e+00) (9, -6.17258966841910137191e+01) (10, 1.37497038843781416162e+00) (11, -1.03938583978575538325e+00) 
