FANN_FLO_2.1
num_layers=3
learning_rate=0.700000
connection_rate=1.000000
network_type=0
learning_momentum=0.000000
training_algorithm=2
train_error_function=1
train_stop_function=1
cascade_output_change_fraction=0.010000
quickprop_decay=-0.000100
quickprop_mu=1.750000
rprop_increase_factor=1.200000
rprop_decrease_factor=0.500000
rprop_delta_min=0.000000
rprop_delta_max=50.000000
rprop_delta_zero=0.100000
cascade_output_stagnation_epochs=12
cascade_candidate_change_fraction=0.010000
cascade_candidate_stagnation_epochs=12
cascade_max_out_epochs=150
cascade_min_out_epochs=50
cascade_max_cand_epochs=150
cascade_min_cand_epochs=50
cascade_num_candidate_groups=2
bit_fail_limit=1.00000000000000005551e-01
cascade_candidate_limit=1.00000000000000000000e+03
cascade_weight_multiplier=4.00000000000000022204e-01
cascade_activation_functions_count=10
cascade_activation_functions=3 5 7 8 10 11 14 15 16 17 
cascade_activation_steepnesses_count=4
cascade_activation_steepnesses=2.50000000000000000000e-01 5.00000000000000000000e-01 7.50000000000000000000e-01 1.00000000000000000000e+00 
layer_sizes=15 4 2 
scale_included=0
neurons (num_inputs, activation_function, activation_steepness)=(0, 0, 0.00000000000000000000e+00) (0, 0, 0.00000000000000000000e+00) (0, 0, 0.00000000000000000000e+00) (0, 0, 0.00000000000000000000e+00) (0, 0, 0.00000000000000000000e+00) (0, 0, 0.00000000000000000000e+00) (0, 0, 0.00000000000000000000e+00) (0, 0, 0.00000000000000000000e+00) (0, 0, 0.00000000000000000000e+00) (0, 0, 0.00000000000000000000e+00) (0, 0, 0.00000000000000000000e+00) (0, 0, 0.00000000000000000000e+00) (0, 0, 0.00000000000000000000e+00) (0, 0, 0.00000000000000000000e+00) (0, 0, 0.00000000000000000000e+00) (15, 6, 5.00000000000000000000e-01) (15, 6, 5.00000000000000000000e-01) (15, 6, 5.00000000000000000000e-01) (0, 6, 0.00000000000000000000e+00) (4, 4, 5.00000000000000000000e-01) (0, 4, 0.00000000000000000000e+00) 
connections (connected_to_neuron, weight)=(0, -4.06464749666647939819e+00) (1, 2.77633791775565352822e+00) (2, -2.92537104550821214222e-01) (3, 1.10976419170233131517e+00) (4, -3.73353792946275797604e-01) (5, 7.82958600610828447941e-01) (6, -7.03276043404909428913e-02) (7, -1.14811941886958673864e-01) (8, -2.24990551339795868957e-01) (9, -1.96749735555102583939e-01) (10, 2.86271301741814365727e+00) (11, -1.20634612599332211036e-01) (12, -1.19200872419123735102e-01) (13, -1.85646651137859830527e-01) (14, -9.49877101313702731922e-01) (0, -3.53756117621248300509e+00) (1, 1.03853270680542641990e+00) (2, 7.55583226175377264955e-02) (3, 6.22597292837614557648e-01) (4, 1.77685535678078015964e-01) (5, 1.85858154388690910430e-01) (6, 3.96652261614956036517e-01) (7, 2.09854340590735766181e-01) (8, 2.93254459333413486366e-01) (9, 5.10645089636841964520e-01) (10, 7.24394403817330778672e-01) (11, 1.90684697766201366465e-01) (12, 4.34855975165723385167e-01) (13, 2.69183720332804132802e-01) (14, -9.14421664593402905297e-01) (0, 6.34224855616659599633e+00) (1, -1.55075754587083980418e+00) (2, 9.92602255371763386727e-01) (3, -4.83724205563454412449e-01) (4, -2.82557144231018764202e+00) (5, 2.93345543461040914046e-01) (6, -1.28496874563986218654e+00) (7, -3.87360629294643543652e-01) (8, -2.79164349502739650433e+00) (9, 7.44415770812620336550e-01) (10, -1.01377285705999709009e+00) (11, 8.75955331835510775385e-01) (12, -1.29714463806559687775e+00) (13, -2.85102742019940125218e+00) (14, 9.45045377493608063091e-01) (15, 1.09434165946905821443e+01) (16, 5.52400296815548030871e-01) (17, -1.88836407827162311435e+01) (18, -2.01388096885215972520e+00) 
