FANN_FLO_2.1
num_layers=3
learning_rate=0.700000
connection_rate=1.000000
network_type=0
learning_momentum=0.000000
training_algorithm=2
train_error_function=1
train_stop_function=1
cascade_output_change_fraction=0.010000
quickprop_decay=-0.000100
quickprop_mu=1.750000
rprop_increase_factor=1.200000
rprop_decrease_factor=0.500000
rprop_delta_min=0.000000
rprop_delta_max=50.000000
rprop_delta_zero=0.100000
cascade_output_stagnation_epochs=12
cascade_candidate_change_fraction=0.010000
cascade_candidate_stagnation_epochs=12
cascade_max_out_epochs=150
cascade_min_out_epochs=50
cascade_max_cand_epochs=150
cascade_min_cand_epochs=50
cascade_num_candidate_groups=2
bit_fail_limit=1.00000000000000005551e-01
cascade_candidate_limit=1.00000000000000000000e+03
cascade_weight_multiplier=4.00000000000000022204e-01
cascade_activation_functions_count=10
cascade_activation_functions=3 5 7 8 10 11 14 15 16 17 
cascade_activation_steepnesses_count=4
cascade_activation_steepnesses=2.50000000000000000000e-01 5.00000000000000000000e-01 7.50000000000000000000e-01 1.00000000000000000000e+00 
layer_sizes=9 4 2 
scale_included=0
neurons (num_inputs, activation_function, activation_steepness)=(0, 0, 0.00000000000000000000e+00) (0, 0, 0.00000000000000000000e+00) (0, 0, 0.00000000000000000000e+00) (0, 0, 0.00000000000000000000e+00) (0, 0, 0.00000000000000000000e+00) (0, 0, 0.00000000000000000000e+00) (0, 0, 0.00000000000000000000e+00) (0, 0, 0.00000000000000000000e+00) (0, 0, 0.00000000000000000000e+00) (9, 6, 5.00000000000000000000e-01) (9, 6, 5.00000000000000000000e-01) (9, 6, 5.00000000000000000000e-01) (0, 6, 0.00000000000000000000e+00) (4, 4, 5.00000000000000000000e-01) (0, 4, 0.00000000000000000000e+00) 
connections (connected_to_neuron, weight)=(0, 8.33362554632222640727e-01) (1, -1.72486326007773627111e+00) (2, 5.86085379901917447043e-01) (3, -3.61864737902133581926e-01) (4, 9.24660327602887410769e-01) (5, 1.10375150152861323249e+00) (6, 3.21576376742495284589e+00) (7, -1.20771866977074582294e+00) (8, 7.87679541282824580151e-01) (0, -3.04294334696768531412e-01) (1, 3.59148161463357873391e-01) (2, 1.38352910418839236684e-01) (3, 3.06800159462108978925e-01) (4, -1.92525405710579217144e-01) (5, 6.73004504836910300014e+00) (6, -8.17774569640917103897e-01) (7, 1.26873900487701396500e+00) (8, 2.62932388474078015950e-01) (0, -9.39461004305222391331e-01) (1, 1.70996447243981064545e+00) (2, -1.28669810591150318713e-01) (3, 7.02819517816445027414e-01) (4, -7.35607015076156223188e-01) (5, 3.90777463596173930682e+01) (6, -2.38248457281978254230e+00) (7, 1.46983916269523451348e+00) (8, -7.32728550317760074506e-01) (9, -7.45430998200512462404e+00) (10, 3.79461273518969854912e-01) (11, 1.02483988109249377629e+01) (12, -2.75156968910930332939e-01) 
