FANN_FLO_2.1
num_layers=3
learning_rate=0.700000
connection_rate=1.000000
network_type=0
learning_momentum=0.000000
training_algorithm=2
train_error_function=1
train_stop_function=1
cascade_output_change_fraction=0.010000
quickprop_decay=-0.000100
quickprop_mu=1.750000
rprop_increase_factor=1.200000
rprop_decrease_factor=0.500000
rprop_delta_min=0.000000
rprop_delta_max=50.000000
rprop_delta_zero=0.100000
cascade_output_stagnation_epochs=12
cascade_candidate_change_fraction=0.010000
cascade_candidate_stagnation_epochs=12
cascade_max_out_epochs=150
cascade_min_out_epochs=50
cascade_max_cand_epochs=150
cascade_min_cand_epochs=50
cascade_num_candidate_groups=2
bit_fail_limit=1.00000000000000005551e-01
cascade_candidate_limit=1.00000000000000000000e+03
cascade_weight_multiplier=4.00000000000000022204e-01
cascade_activation_functions_count=10
cascade_activation_functions=3 5 7 8 10 11 14 15 16 17 
cascade_activation_steepnesses_count=4
cascade_activation_steepnesses=2.50000000000000000000e-01 5.00000000000000000000e-01 7.50000000000000000000e-01 1.00000000000000000000e+00 
layer_sizes=8 4 2 
scale_included=0
neurons (num_inputs, activation_function, activation_steepness)=(0, 0, 0.00000000000000000000e+00) (0, 0, 0.00000000000000000000e+00) (0, 0, 0.00000000000000000000e+00) (0, 0, 0.00000000000000000000e+00) (0, 0, 0.00000000000000000000e+00) (0, 0, 0.00000000000000000000e+00) (0, 0, 0.00000000000000000000e+00) (0, 0, 0.00000000000000000000e+00) (8, 6, 5.00000000000000000000e-01) (8, 6, 5.00000000000000000000e-01) (8, 6, 5.00000000000000000000e-01) (0, 6, 0.00000000000000000000e+00) (4, 4, 5.00000000000000000000e-01) (0, 4, 0.00000000000000000000e+00) 
connections (connected_to_neuron, weight)=(0, -9.02124555873660916028e-01) (1, 1.33227228178323309216e+00) (2, 1.47159373466419585164e+00) (3, 7.96678139527296380606e-01) (4, 4.96815065390000254464e-01) (5, -3.29086839322196789137e-01) (6, -1.34606513746073042093e+00) (7, -4.89911789427092514426e-01) (0, -5.18587226137974921514e-01) (1, 2.39474723492413588133e+00) (2, 3.38792176576942871691e+00) (3, 2.12063364851268909561e+00) (4, 2.19017017756641907411e+00) (5, 5.06238646419775673024e-01) (6, -7.85702842902421871862e-01) (7, -3.62273692061936580799e+00) (0, -5.50629021689751807500e-01) (1, 2.40540609513073988524e+00) (2, 3.30992170455545853258e+00) (3, 2.16696446183118052176e+00) (4, 2.16458696995914978700e+00) (5, 5.28014130504858680837e-01) (6, -7.35728215109586636267e-01) (7, -3.68327076455390178822e+00) (8, 6.74854927900091272619e-01) (9, 9.53583492101758523063e+00) (10, 9.50470036031335396842e+00) (11, -1.38172372754942429651e+00) 
