FANN_FLO_2.1
num_layers=3
learning_rate=0.700000
connection_rate=1.000000
network_type=0
learning_momentum=0.000000
training_algorithm=2
train_error_function=1
train_stop_function=1
cascade_output_change_fraction=0.010000
quickprop_decay=-0.000100
quickprop_mu=1.750000
rprop_increase_factor=1.200000
rprop_decrease_factor=0.500000
rprop_delta_min=0.000000
rprop_delta_max=50.000000
rprop_delta_zero=0.100000
cascade_output_stagnation_epochs=12
cascade_candidate_change_fraction=0.010000
cascade_candidate_stagnation_epochs=12
cascade_max_out_epochs=150
cascade_min_out_epochs=50
cascade_max_cand_epochs=150
cascade_min_cand_epochs=50
cascade_num_candidate_groups=2
bit_fail_limit=1.00000000000000005551e-01
cascade_candidate_limit=1.00000000000000000000e+03
cascade_weight_multiplier=4.00000000000000022204e-01
cascade_activation_functions_count=10
cascade_activation_functions=3 5 7 8 10 11 14 15 16 17 
cascade_activation_steepnesses_count=4
cascade_activation_steepnesses=2.50000000000000000000e-01 5.00000000000000000000e-01 7.50000000000000000000e-01 1.00000000000000000000e+00 
layer_sizes=6 4 2 
scale_included=0
neurons (num_inputs, activation_function, activation_steepness)=(0, 0, 0.00000000000000000000e+00) (0, 0, 0.00000000000000000000e+00) (0, 0, 0.00000000000000000000e+00) (0, 0, 0.00000000000000000000e+00) (0, 0, 0.00000000000000000000e+00) (0, 0, 0.00000000000000000000e+00) (6, 6, 5.00000000000000000000e-01) (6, 6, 5.00000000000000000000e-01) (6, 6, 5.00000000000000000000e-01) (0, 6, 0.00000000000000000000e+00) (4, 4, 5.00000000000000000000e-01) (0, 4, 0.00000000000000000000e+00) 
connections (connected_to_neuron, weight)=(0, -1.49921960963895006813e+00) (1, -1.88663467582141186618e+00) (2, -4.08995847233800891019e-01) (3, 1.79938528559961197217e+00) (4, 1.73161176058627086505e+00) (5, 1.04165478863063332149e+00) (0, -2.93252858505497870922e-01) (1, -1.24880703613641874661e+00) (2, -2.49679405696757328315e+00) (3, 6.64602742520811240468e+00) (4, -4.37233122310499155994e-02) (5, 1.01190714804488490763e+00) (0, -6.21659978145104563652e+00) (1, -6.16878015120721734377e+00) (2, -3.12906590334479428606e+00) (3, -6.00324888339022599837e+00) (4, -3.21168537944169285581e+00) (5, 9.66325625278855682154e+00) (6, -3.77590305909974910392e+00) (7, -2.94079271079259907395e+00) (8, -3.69349576943233586235e+01) (9, -1.79064415646746466493e+00) 
