FANN_FLO_2.1
num_layers=3
learning_rate=0.700000
connection_rate=1.000000
network_type=0
learning_momentum=0.000000
training_algorithm=2
train_error_function=1
train_stop_function=1
cascade_output_change_fraction=0.010000
quickprop_decay=-0.000100
quickprop_mu=1.750000
rprop_increase_factor=1.200000
rprop_decrease_factor=0.500000
rprop_delta_min=0.000000
rprop_delta_max=50.000000
rprop_delta_zero=0.100000
cascade_output_stagnation_epochs=12
cascade_candidate_change_fraction=0.010000
cascade_candidate_stagnation_epochs=12
cascade_max_out_epochs=150
cascade_min_out_epochs=50
cascade_max_cand_epochs=150
cascade_min_cand_epochs=50
cascade_num_candidate_groups=2
bit_fail_limit=1.00000000000000005551e-01
cascade_candidate_limit=1.00000000000000000000e+03
cascade_weight_multiplier=4.00000000000000022204e-01
cascade_activation_functions_count=10
cascade_activation_functions=3 5 7 8 10 11 14 15 16 17 
cascade_activation_steepnesses_count=4
cascade_activation_steepnesses=2.50000000000000000000e-01 5.00000000000000000000e-01 7.50000000000000000000e-01 1.00000000000000000000e+00 
layer_sizes=12 4 2 
scale_included=0
neurons (num_inputs, activation_function, activation_steepness)=(0, 0, 0.00000000000000000000e+00) (0, 0, 0.00000000000000000000e+00) (0, 0, 0.00000000000000000000e+00) (0, 0, 0.00000000000000000000e+00) (0, 0, 0.00000000000000000000e+00) (0, 0, 0.00000000000000000000e+00) (0, 0, 0.00000000000000000000e+00) (0, 0, 0.00000000000000000000e+00) (0, 0, 0.00000000000000000000e+00) (0, 0, 0.00000000000000000000e+00) (0, 0, 0.00000000000000000000e+00) (0, 0, 0.00000000000000000000e+00) (12, 6, 5.00000000000000000000e-01) (12, 6, 5.00000000000000000000e-01) (12, 6, 5.00000000000000000000e-01) (0, 6, 0.00000000000000000000e+00) (4, 4, 5.00000000000000000000e-01) (0, 4, 0.00000000000000000000e+00) 
connections (connected_to_neuron, weight)=(0, 4.85880296529048183451e-01) (1, 2.48871166726734145414e+01) (2, -1.21733020576130490653e+00) (3, -2.52955666724178662719e+00) (4, 6.39824456477278147304e-02) (5, -2.89714857139204573500e+00) (6, 2.32939478907556907217e+00) (7, -8.22029492033013120533e-01) (8, 2.48457009216930373441e+01) (9, -3.12304219767341395553e+00) (10, -2.00820510971543342293e+00) (11, 2.61694076881908266330e+00) (0, 5.21852381134649156991e-01) (1, 2.48758943697597487699e+01) (2, -1.57362876782724780966e+00) (3, -2.18872691753270043336e+00) (4, -1.18100346127180744205e+00) (5, -3.83524303838628854990e+00) (6, 1.62594244579705637932e+00) (7, 9.39372357318789208414e-01) (8, 2.48103012984778388272e+01) (9, -3.50148031312220053834e+00) (10, -7.13813437338673861809e-01) (11, 2.79799492745535971494e+00) (0, 1.61299153588875365806e-01) (1, 1.50000000000000000000e+03) (2, 2.00243722742632979106e+00) (3, 9.11430236461287401895e-01) (4, 7.88533219738616786287e-01) (5, 1.75116735701583459139e+00) (6, -4.99012023213378952402e-01) (7, -8.17318819846073463253e-02) (8, 1.50000000000000000000e+03) (9, 1.78983582031659671507e+00) (10, 1.63179000885242353469e+00) (11, -1.49768432225955061554e+00) (12, -4.82488809417006603297e+00) (13, -4.85187678302642932948e+00) (14, 1.51678459644521659300e+01) (15, -1.00475298534726098509e+00) 
