FANN_FLO_2.1
num_layers=3
learning_rate=0.700000
connection_rate=1.000000
network_type=0
learning_momentum=0.000000
training_algorithm=2
train_error_function=1
train_stop_function=1
cascade_output_change_fraction=0.010000
quickprop_decay=-0.000100
quickprop_mu=1.750000
rprop_increase_factor=1.200000
rprop_decrease_factor=0.500000
rprop_delta_min=0.000000
rprop_delta_max=50.000000
rprop_delta_zero=0.100000
cascade_output_stagnation_epochs=12
cascade_candidate_change_fraction=0.010000
cascade_candidate_stagnation_epochs=12
cascade_max_out_epochs=150
cascade_min_out_epochs=50
cascade_max_cand_epochs=150
cascade_min_cand_epochs=50
cascade_num_candidate_groups=2
bit_fail_limit=1.00000000000000005551e-01
cascade_candidate_limit=1.00000000000000000000e+03
cascade_weight_multiplier=4.00000000000000022204e-01
cascade_activation_functions_count=10
cascade_activation_functions=3 5 7 8 10 11 14 15 16 17 
cascade_activation_steepnesses_count=4
cascade_activation_steepnesses=2.50000000000000000000e-01 5.00000000000000000000e-01 7.50000000000000000000e-01 1.00000000000000000000e+00 
layer_sizes=13 4 2 
scale_included=0
neurons (num_inputs, activation_function, activation_steepness)=(0, 0, 0.00000000000000000000e+00) (0, 0, 0.00000000000000000000e+00) (0, 0, 0.00000000000000000000e+00) (0, 0, 0.00000000000000000000e+00) (0, 0, 0.00000000000000000000e+00) (0, 0, 0.00000000000000000000e+00) (0, 0, 0.00000000000000000000e+00) (0, 0, 0.00000000000000000000e+00) (0, 0, 0.00000000000000000000e+00) (0, 0, 0.00000000000000000000e+00) (0, 0, 0.00000000000000000000e+00) (0, 0, 0.00000000000000000000e+00) (0, 0, 0.00000000000000000000e+00) (13, 6, 5.00000000000000000000e-01) (13, 6, 5.00000000000000000000e-01) (13, 6, 5.00000000000000000000e-01) (0, 6, 0.00000000000000000000e+00) (4, 4, 5.00000000000000000000e-01) (0, 4, 0.00000000000000000000e+00) 
connections (connected_to_neuron, weight)=(0, -1.03660078996930558048e+01) (1, 1.82961442363528559163e+00) (2, 1.38569566294012536112e+00) (3, 2.71944319328317973827e-01) (4, 2.53745046270253647724e-02) (5, 1.21522683341712678384e-02) (6, 4.04201987326751402407e-02) (7, 4.28458303783217253624e-01) (8, -7.60480515001870971403e-01) (9, 7.59156988362302831419e-01) (10, 4.35007231023853968566e-01) (11, -1.66916458778487997172e+00) (12, -4.64040376830758327653e-01) (0, -2.65952024884913917901e+00) (1, 6.83300522538675125794e-01) (2, 4.55623774617972709944e-01) (3, 6.15619245476396237393e-01) (4, 2.71872439828735268375e-01) (5, 1.25471789415608242502e-01) (6, 3.59926458527182580038e-01) (7, 7.56129818651954388464e-01) (8, -1.54928360551019689284e-01) (9, 1.22579316217899836339e+00) (10, 7.60768228722487505067e-01) (11, -4.19994518199442057327e-01) (12, 5.19373209539522803779e-02) (0, 2.76583050253217965775e+00) (1, -1.00371254823521449673e+00) (2, -9.33441329306899714169e-01) (3, 1.48474795091958988724e-01) (4, 3.54468009632355196548e-01) (5, 4.80081492326850711727e-01) (6, 5.59950895973441276077e-01) (7, 1.00875939915769596844e-01) (8, 7.86226598423122813308e-01) (9, -9.08366371385052467913e-02) (10, -3.20033797928372942820e-02) (11, 2.47477215549735074518e+00) (12, 8.93752588971715611343e-01) (13, 1.99502862955130133571e+01) (14, 3.91143916327365392949e-01) (15, -1.31632069035346628283e+01) (16, -4.57264251153086109802e-01) 
