FANN_FLO_2.1
num_layers=3
learning_rate=0.700000
connection_rate=1.000000
network_type=0
learning_momentum=0.000000
training_algorithm=2
train_error_function=1
train_stop_function=1
cascade_output_change_fraction=0.010000
quickprop_decay=-0.000100
quickprop_mu=1.750000
rprop_increase_factor=1.200000
rprop_decrease_factor=0.500000
rprop_delta_min=0.000000
rprop_delta_max=50.000000
rprop_delta_zero=0.100000
cascade_output_stagnation_epochs=12
cascade_candidate_change_fraction=0.010000
cascade_candidate_stagnation_epochs=12
cascade_max_out_epochs=150
cascade_min_out_epochs=50
cascade_max_cand_epochs=150
cascade_min_cand_epochs=50
cascade_num_candidate_groups=2
bit_fail_limit=1.00000000000000005551e-01
cascade_candidate_limit=1.00000000000000000000e+03
cascade_weight_multiplier=4.00000000000000022204e-01
cascade_activation_functions_count=10
cascade_activation_functions=3 5 7 8 10 11 14 15 16 17 
cascade_activation_steepnesses_count=4
cascade_activation_steepnesses=2.50000000000000000000e-01 5.00000000000000000000e-01 7.50000000000000000000e-01 1.00000000000000000000e+00 
layer_sizes=10 4 2 
scale_included=0
neurons (num_inputs, activation_function, activation_steepness)=(0, 0, 0.00000000000000000000e+00) (0, 0, 0.00000000000000000000e+00) (0, 0, 0.00000000000000000000e+00) (0, 0, 0.00000000000000000000e+00) (0, 0, 0.00000000000000000000e+00) (0, 0, 0.00000000000000000000e+00) (0, 0, 0.00000000000000000000e+00) (0, 0, 0.00000000000000000000e+00) (0, 0, 0.00000000000000000000e+00) (0, 0, 0.00000000000000000000e+00) (10, 6, 5.00000000000000000000e-01) (10, 6, 5.00000000000000000000e-01) (10, 6, 5.00000000000000000000e-01) (0, 6, 0.00000000000000000000e+00) (4, 4, 5.00000000000000000000e-01) (0, 4, 0.00000000000000000000e+00) 
connections (connected_to_neuron, weight)=(0, 1.48873693788723682196e+00) (1, 1.65444385622882407461e+02) (2, 7.10805682580516018376e-01) (3, 1.10450194589328276606e+01) (4, 9.54483453965195960400e-01) (5, -1.48187005486028477996e+00) (6, -2.34494325205134268586e+00) (7, 9.04585544800767249463e-01) (8, 1.53865156873118138492e+02) (9, 1.37323194593431296973e+00) (0, -6.01850908616845092780e-01) (1, 1.78204013611912692738e+01) (2, 2.85479610132850815385e-02) (3, -2.00349284122436771538e-01) (4, -1.50878188960127862517e-01) (5, 1.22632170613987026564e-01) (6, 9.69092555684100354085e-01) (7, -2.63990849089943864503e-02) (8, 1.78593861963391269398e+01) (9, -1.79658898302419073323e-01) (0, -2.17371400550040760891e+00) (1, 2.45607241015596940770e+02) (2, -3.78443299404366995109e-01) (3, 1.73379453505162928195e-01) (4, -5.64433522475945248509e-01) (5, 1.75111749481334721956e+00) (6, 1.35072168183838825506e+00) (7, -6.36880584014641537571e-01) (8, 2.45604342441721513524e+02) (9, -1.12849467455304153241e+00) (10, -3.09114133800978052591e+00) (11, 4.13406682335204145318e+00) (12, 1.15263066877791597875e+01) (13, -1.00628303936263363560e+00) 
