FANN_FLO_2.1
num_layers=3
learning_rate=0.700000
connection_rate=1.000000
network_type=0
learning_momentum=0.000000
training_algorithm=2
train_error_function=1
train_stop_function=1
cascade_output_change_fraction=0.010000
quickprop_decay=-0.000100
quickprop_mu=1.750000
rprop_increase_factor=1.200000
rprop_decrease_factor=0.500000
rprop_delta_min=0.000000
rprop_delta_max=50.000000
rprop_delta_zero=0.100000
cascade_output_stagnation_epochs=12
cascade_candidate_change_fraction=0.010000
cascade_candidate_stagnation_epochs=12
cascade_max_out_epochs=150
cascade_min_out_epochs=50
cascade_max_cand_epochs=150
cascade_min_cand_epochs=50
cascade_num_candidate_groups=2
bit_fail_limit=1.00000000000000005551e-01
cascade_candidate_limit=1.00000000000000000000e+03
cascade_weight_multiplier=4.00000000000000022204e-01
cascade_activation_functions_count=10
cascade_activation_functions=3 5 7 8 10 11 14 15 16 17 
cascade_activation_steepnesses_count=4
cascade_activation_steepnesses=2.50000000000000000000e-01 5.00000000000000000000e-01 7.50000000000000000000e-01 1.00000000000000000000e+00 
layer_sizes=9 4 2 
scale_included=0
neurons (num_inputs, activation_function, activation_steepness)=(0, 0, 0.00000000000000000000e+00) (0, 0, 0.00000000000000000000e+00) (0, 0, 0.00000000000000000000e+00) (0, 0, 0.00000000000000000000e+00) (0, 0, 0.00000000000000000000e+00) (0, 0, 0.00000000000000000000e+00) (0, 0, 0.00000000000000000000e+00) (0, 0, 0.00000000000000000000e+00) (0, 0, 0.00000000000000000000e+00) (9, 6, 5.00000000000000000000e-01) (9, 6, 5.00000000000000000000e-01) (9, 6, 5.00000000000000000000e-01) (0, 6, 0.00000000000000000000e+00) (4, 4, 5.00000000000000000000e-01) (0, 4, 0.00000000000000000000e+00) 
connections (connected_to_neuron, weight)=(0, -1.75165207806455858197e+00) (1, 1.44372743355535182452e+00) (2, 1.81489462458468908679e+00) (3, -3.15213230821203616028e-01) (4, -2.56540965344796134673e+00) (5, -7.29196130348032767188e-01) (6, 8.17962023559432793718e+01) (7, 1.07129606971499735657e+00) (8, -7.68929823351687247168e-01) (0, -1.71064692113029725995e+00) (1, 1.52831994729541453815e+00) (2, 1.76750270330287451159e+00) (3, -3.23034149977278139954e-01) (4, -2.52031187024006797515e+00) (5, -7.71669051659888083350e-01) (6, 8.18283468428474236589e+01) (7, 1.07459897914883906189e+00) (8, -7.56811364603823477637e-01) (0, -5.49538137986251173928e-01) (1, 4.00381357368440438105e-01) (2, 2.45360795587124036476e-01) (3, 1.08209038387926913261e-02) (4, -8.12865783440580469410e-01) (5, -4.05498853548356297249e-01) (6, 1.43111309714271399685e+01) (7, 5.71637509153705036802e-01) (8, 5.66088984395608646460e-02) (9, 8.50275823044131229267e+00) (10, 8.51293797361205051288e+00) (11, 5.47839460550810786188e-01) (12, -6.64324780868656095123e-01) 
