FANN_FLO_2.1
num_layers=3
learning_rate=0.700000
connection_rate=1.000000
network_type=0
learning_momentum=0.000000
training_algorithm=2
train_error_function=1
train_stop_function=1
cascade_output_change_fraction=0.010000
quickprop_decay=-0.000100
quickprop_mu=1.750000
rprop_increase_factor=1.200000
rprop_decrease_factor=0.500000
rprop_delta_min=0.000000
rprop_delta_max=50.000000
rprop_delta_zero=0.100000
cascade_output_stagnation_epochs=12
cascade_candidate_change_fraction=0.010000
cascade_candidate_stagnation_epochs=12
cascade_max_out_epochs=150
cascade_min_out_epochs=50
cascade_max_cand_epochs=150
cascade_min_cand_epochs=50
cascade_num_candidate_groups=2
bit_fail_limit=1.00000000000000005551e-01
cascade_candidate_limit=1.00000000000000000000e+03
cascade_weight_multiplier=4.00000000000000022204e-01
cascade_activation_functions_count=10
cascade_activation_functions=3 5 7 8 10 11 14 15 16 17 
cascade_activation_steepnesses_count=4
cascade_activation_steepnesses=2.50000000000000000000e-01 5.00000000000000000000e-01 7.50000000000000000000e-01 1.00000000000000000000e+00 
layer_sizes=6 4 2 
scale_included=0
neurons (num_inputs, activation_function, activation_steepness)=(0, 0, 0.00000000000000000000e+00) (0, 0, 0.00000000000000000000e+00) (0, 0, 0.00000000000000000000e+00) (0, 0, 0.00000000000000000000e+00) (0, 0, 0.00000000000000000000e+00) (0, 0, 0.00000000000000000000e+00) (6, 6, 5.00000000000000000000e-01) (6, 6, 5.00000000000000000000e-01) (6, 6, 5.00000000000000000000e-01) (0, 6, 0.00000000000000000000e+00) (4, 4, 5.00000000000000000000e-01) (0, 4, 0.00000000000000000000e+00) 
connections (connected_to_neuron, weight)=(0, 1.77871088191103154941e+00) (1, 5.29766194606737172990e+00) (2, 3.21162981957699900093e+00) (3, 5.23744606484593422380e+00) (4, 6.55238740235437866488e+00) (5, -7.41234332729541200990e+00) (0, 2.03836749897581270830e+00) (1, 9.70398668655606311262e-01) (2, 5.53372985280118356854e-01) (3, 8.28511035843343179863e-01) (4, 8.04851395458536700289e+00) (5, -5.50803969535580417727e-02) (0, -2.04507977037242971718e+00) (1, -4.17239705512169212209e-01) (2, -3.77734557032680828836e-01) (3, 8.50315472201281341569e-01) (4, 2.19800635790757770138e+00) (5, 6.54421384070194012139e-01) (6, 9.02420992552858933777e+01) (7, 7.13977560917284259645e-01) (8, -4.31397553574585757019e+00) (9, -2.29767490888348513423e+00) 
