FANN_FLO_2.1
num_layers=3
learning_rate=0.700000
connection_rate=1.000000
network_type=0
learning_momentum=0.000000
training_algorithm=2
train_error_function=1
train_stop_function=1
cascade_output_change_fraction=0.010000
quickprop_decay=-0.000100
quickprop_mu=1.750000
rprop_increase_factor=1.200000
rprop_decrease_factor=0.500000
rprop_delta_min=0.000000
rprop_delta_max=50.000000
rprop_delta_zero=0.100000
cascade_output_stagnation_epochs=12
cascade_candidate_change_fraction=0.010000
cascade_candidate_stagnation_epochs=12
cascade_max_out_epochs=150
cascade_min_out_epochs=50
cascade_max_cand_epochs=150
cascade_min_cand_epochs=50
cascade_num_candidate_groups=2
bit_fail_limit=1.00000000000000005551e-01
cascade_candidate_limit=1.00000000000000000000e+03
cascade_weight_multiplier=4.00000000000000022204e-01
cascade_activation_functions_count=10
cascade_activation_functions=3 5 7 8 10 11 14 15 16 17 
cascade_activation_steepnesses_count=4
cascade_activation_steepnesses=2.50000000000000000000e-01 5.00000000000000000000e-01 7.50000000000000000000e-01 1.00000000000000000000e+00 
layer_sizes=6 4 2 
scale_included=0
neurons (num_inputs, activation_function, activation_steepness)=(0, 0, 0.00000000000000000000e+00) (0, 0, 0.00000000000000000000e+00) (0, 0, 0.00000000000000000000e+00) (0, 0, 0.00000000000000000000e+00) (0, 0, 0.00000000000000000000e+00) (0, 0, 0.00000000000000000000e+00) (6, 6, 5.00000000000000000000e-01) (6, 6, 5.00000000000000000000e-01) (6, 6, 5.00000000000000000000e-01) (0, 6, 0.00000000000000000000e+00) (4, 4, 5.00000000000000000000e-01) (0, 4, 0.00000000000000000000e+00) 
connections (connected_to_neuron, weight)=(0, 3.82254625339302489540e-01) (1, 1.22621350134931605957e+00) (2, 2.06253426871475564752e+00) (3, 1.95284398818598403658e+00) (4, 1.33450132265191223624e+00) (5, -1.25682681239619187252e+00) (0, 2.99082379149639976390e-02) (1, 1.27790231300183121377e+00) (2, 7.17646617503435502172e-01) (3, 8.07853539053770219880e-01) (4, 1.21528441173314316615e+00) (5, -5.18810833141040927963e-01) (0, 1.04954054091927284631e+00) (1, -1.72086121448390461097e+00) (2, -1.61574933735301340398e+00) (3, -1.31619183359255509380e+00) (4, -1.46371902080351246056e+00) (5, 2.02656278474294992975e+00) (6, 7.15477957233975647711e+00) (7, 9.16107103905082653661e-01) (8, -8.80603895543835477611e+01) (9, -1.17695158664840415774e+00) 
