FANN_FLO_2.1
num_layers=3
learning_rate=0.700000
connection_rate=1.000000
network_type=0
learning_momentum=0.000000
training_algorithm=2
train_error_function=1
train_stop_function=1
cascade_output_change_fraction=0.010000
quickprop_decay=-0.000100
quickprop_mu=1.750000
rprop_increase_factor=1.200000
rprop_decrease_factor=0.500000
rprop_delta_min=0.000000
rprop_delta_max=50.000000
rprop_delta_zero=0.100000
cascade_output_stagnation_epochs=12
cascade_candidate_change_fraction=0.010000
cascade_candidate_stagnation_epochs=12
cascade_max_out_epochs=150
cascade_min_out_epochs=50
cascade_max_cand_epochs=150
cascade_min_cand_epochs=50
cascade_num_candidate_groups=2
bit_fail_limit=1.00000000000000005551e-01
cascade_candidate_limit=1.00000000000000000000e+03
cascade_weight_multiplier=4.00000000000000022204e-01
cascade_activation_functions_count=10
cascade_activation_functions=3 5 7 8 10 11 14 15 16 17 
cascade_activation_steepnesses_count=4
cascade_activation_steepnesses=2.50000000000000000000e-01 5.00000000000000000000e-01 7.50000000000000000000e-01 1.00000000000000000000e+00 
layer_sizes=18 4 2 
scale_included=0
neurons (num_inputs, activation_function, activation_steepness)=(0, 0, 0.00000000000000000000e+00) (0, 0, 0.00000000000000000000e+00) (0, 0, 0.00000000000000000000e+00) (0, 0, 0.00000000000000000000e+00) (0, 0, 0.00000000000000000000e+00) (0, 0, 0.00000000000000000000e+00) (0, 0, 0.00000000000000000000e+00) (0, 0, 0.00000000000000000000e+00) (0, 0, 0.00000000000000000000e+00) (0, 0, 0.00000000000000000000e+00) (0, 0, 0.00000000000000000000e+00) (0, 0, 0.00000000000000000000e+00) (0, 0, 0.00000000000000000000e+00) (0, 0, 0.00000000000000000000e+00) (0, 0, 0.00000000000000000000e+00) (0, 0, 0.00000000000000000000e+00) (0, 0, 0.00000000000000000000e+00) (0, 0, 0.00000000000000000000e+00) (18, 6, 5.00000000000000000000e-01) (18, 6, 5.00000000000000000000e-01) (18, 6, 5.00000000000000000000e-01) (0, 6, 0.00000000000000000000e+00) (4, 4, 5.00000000000000000000e-01) (0, 4, 0.00000000000000000000e+00) 
connections (connected_to_neuron, weight)=(0, -2.17606085514241298640e+00) (1, -2.32914993364045259938e-02) (2, -3.50887713489313635140e-01) (3, -1.09510632140301389370e+00) (4, -7.31988559107291214545e-01) (5, -3.88441567714702506997e-01) (6, -3.89964794169284534320e-01) (7, 6.49037366005612459396e-01) (8, -2.68676691659726518679e-01) (9, -1.97936924723693330463e+00) (10, -4.69572934356524243071e+01) (11, -6.96025015598892515811e-01) (12, -2.51412225732973670933e-01) (13, -3.13638738089475899162e-01) (14, -2.75219048069156813074e-01) (15, -5.13155593538248133711e-01) (16, -1.98988125183867881063e-01) (17, 1.57101134199064462749e+00) (0, -9.63370764244942812127e+00) (1, 2.17464013865529759428e+00) (2, 3.53604591541150758971e+00) (3, -6.33563470128856387475e-01) (4, 5.01138407125503615447e+00) (5, 3.21492083319301457323e+02) (6, 1.02637905292060906959e+02) (7, -7.85614284073847457535e+00) (8, 4.89545059704882277174e+01) (9, -2.73774648015263499801e+00) (10, -1.24265363466212320986e+02) (11, 9.76144350073806599255e+00) (12, 4.75811338137030261919e+01) (13, 4.27961805046529075724e+00) (14, 1.59934631065433130459e+01) (15, 2.05917439351238318324e+00) (16, 3.59795975063207379208e+02) (17, 3.93485761383794374613e-01) (0, -2.19555472999828715785e+00) (1, -5.17664584558229612377e-01) (2, -3.71749860723039060595e-01) (3, -1.03890526880176525815e+00) (4, -6.41814709059226662369e-01) (5, -3.48128443058025038859e-01) (6, -2.56058298485045132686e-01) (7, -9.16048574500660683917e-01) (8, -3.07111517497337227489e-01) (9, -7.25661955345460407685e-01) (10, -8.31124105523567746623e-01) (11, -5.05209509644055421163e-01) (12, -3.11477718720605589731e-01) (13, -3.23908842147550835033e-01) (14, -2.98866763434088300588e-01) (15, -3.89364922691916581776e-01) (16, -2.43450925209808821670e-01) (17, 1.57008311178955195508e+00) (18, -1.13926973521039567316e+01) (19, 1.07438821455196062971e+01) (20, -4.44044026776561508996e+01) (21, -6.97098592457539800726e-01) 
