FANN_FLO_2.1
num_layers=3
learning_rate=0.700000
connection_rate=1.000000
network_type=0
learning_momentum=0.000000
training_algorithm=2
train_error_function=1
train_stop_function=1
cascade_output_change_fraction=0.010000
quickprop_decay=-0.000100
quickprop_mu=1.750000
rprop_increase_factor=1.200000
rprop_decrease_factor=0.500000
rprop_delta_min=0.000000
rprop_delta_max=50.000000
rprop_delta_zero=0.100000
cascade_output_stagnation_epochs=12
cascade_candidate_change_fraction=0.010000
cascade_candidate_stagnation_epochs=12
cascade_max_out_epochs=150
cascade_min_out_epochs=50
cascade_max_cand_epochs=150
cascade_min_cand_epochs=50
cascade_num_candidate_groups=2
bit_fail_limit=1.00000000000000005551e-01
cascade_candidate_limit=1.00000000000000000000e+03
cascade_weight_multiplier=4.00000000000000022204e-01
cascade_activation_functions_count=10
cascade_activation_functions=3 5 7 8 10 11 14 15 16 17 
cascade_activation_steepnesses_count=4
cascade_activation_steepnesses=2.50000000000000000000e-01 5.00000000000000000000e-01 7.50000000000000000000e-01 1.00000000000000000000e+00 
layer_sizes=7 4 2 
scale_included=0
neurons (num_inputs, activation_function, activation_steepness)=(0, 0, 0.00000000000000000000e+00) (0, 0, 0.00000000000000000000e+00) (0, 0, 0.00000000000000000000e+00) (0, 0, 0.00000000000000000000e+00) (0, 0, 0.00000000000000000000e+00) (0, 0, 0.00000000000000000000e+00) (0, 0, 0.00000000000000000000e+00) (7, 6, 5.00000000000000000000e-01) (7, 6, 5.00000000000000000000e-01) (7, 6, 5.00000000000000000000e-01) (0, 6, 0.00000000000000000000e+00) (4, 4, 5.00000000000000000000e-01) (0, 4, 0.00000000000000000000e+00) 
connections (connected_to_neuron, weight)=(0, -1.44359960596752401329e+01) (1, 2.27011343727044945240e+00) (2, 3.80728952690965627426e-01) (3, 2.30072131182319195020e+00) (4, 2.11363142727639630181e+00) (5, -7.74566167365538627010e-01) (6, -1.77502335132084354541e-01) (0, 4.86115640263444781510e+00) (1, -1.01878114975125755315e+00) (2, -6.71711480647273068145e-02) (3, -1.20727988127479313185e+00) (4, -4.35232775340148925203e-01) (5, 4.16584708832609840190e-01) (6, 2.62379148433629305615e-01) (0, -8.32751827937143751512e+00) (1, 3.66102952989409979878e+00) (2, 2.19598877049076479651e+00) (3, 4.41982922268433675583e+00) (4, 4.55248534934087167869e+00) (5, -5.90351062187536257397e+00) (6, -3.43569031370265731695e+00) (7, 2.09406408299004631601e+00) (8, -9.60914497558066038607e+00) (9, 3.30760891150879121625e+00) (10, -7.08042474189301884735e-01) 
