FANN_FLO_2.1
num_layers=3
learning_rate=0.700000
connection_rate=1.000000
network_type=0
learning_momentum=0.000000
training_algorithm=2
train_error_function=1
train_stop_function=1
cascade_output_change_fraction=0.010000
quickprop_decay=-0.000100
quickprop_mu=1.750000
rprop_increase_factor=1.200000
rprop_decrease_factor=0.500000
rprop_delta_min=0.000000
rprop_delta_max=50.000000
rprop_delta_zero=0.100000
cascade_output_stagnation_epochs=12
cascade_candidate_change_fraction=0.010000
cascade_candidate_stagnation_epochs=12
cascade_max_out_epochs=150
cascade_min_out_epochs=50
cascade_max_cand_epochs=150
cascade_min_cand_epochs=50
cascade_num_candidate_groups=2
bit_fail_limit=1.00000000000000005551e-01
cascade_candidate_limit=1.00000000000000000000e+03
cascade_weight_multiplier=4.00000000000000022204e-01
cascade_activation_functions_count=10
cascade_activation_functions=3 5 7 8 10 11 14 15 16 17 
cascade_activation_steepnesses_count=4
cascade_activation_steepnesses=2.50000000000000000000e-01 5.00000000000000000000e-01 7.50000000000000000000e-01 1.00000000000000000000e+00 
layer_sizes=6 4 2 
scale_included=0
neurons (num_inputs, activation_function, activation_steepness)=(0, 0, 0.00000000000000000000e+00) (0, 0, 0.00000000000000000000e+00) (0, 0, 0.00000000000000000000e+00) (0, 0, 0.00000000000000000000e+00) (0, 0, 0.00000000000000000000e+00) (0, 0, 0.00000000000000000000e+00) (6, 6, 5.00000000000000000000e-01) (6, 6, 5.00000000000000000000e-01) (6, 6, 5.00000000000000000000e-01) (0, 6, 0.00000000000000000000e+00) (4, 4, 5.00000000000000000000e-01) (0, 4, 0.00000000000000000000e+00) 
connections (connected_to_neuron, weight)=(0, -2.62511527066413741238e+00) (1, -1.87475186176353103562e+00) (2, 6.30643304762403711372e-01) (3, 3.06506829572615968615e+00) (4, 5.85573435496380767518e+00) (5, 2.20303545647477294622e+00) (0, 3.42705940435196998450e+00) (1, 2.96400601833274501828e+00) (2, -6.08244698028411190371e-01) (3, 3.26592091521313543367e+00) (4, 1.36206709934662022476e+01) (5, -2.28620007495257659969e+00) (0, -1.04804104893928351494e+00) (1, -2.67345534461064726628e+00) (2, 9.29335320775921958081e-01) (3, -7.25863633290887766414e-01) (4, -9.21531601126668598045e-02) (5, 2.49752337205106211826e+00) (6, -2.39131642824026124927e+00) (7, 4.23177680436097158889e+00) (8, -2.02967425616332008076e+02) (9, -3.65541692623383518423e+00) 
