FANN_FLO_2.1
num_layers=3
learning_rate=0.700000
connection_rate=1.000000
network_type=0
learning_momentum=0.000000
training_algorithm=2
train_error_function=1
train_stop_function=1
cascade_output_change_fraction=0.010000
quickprop_decay=-0.000100
quickprop_mu=1.750000
rprop_increase_factor=1.200000
rprop_decrease_factor=0.500000
rprop_delta_min=0.000000
rprop_delta_max=50.000000
rprop_delta_zero=0.100000
cascade_output_stagnation_epochs=12
cascade_candidate_change_fraction=0.010000
cascade_candidate_stagnation_epochs=12
cascade_max_out_epochs=150
cascade_min_out_epochs=50
cascade_max_cand_epochs=150
cascade_min_cand_epochs=50
cascade_num_candidate_groups=2
bit_fail_limit=1.00000000000000005551e-01
cascade_candidate_limit=1.00000000000000000000e+03
cascade_weight_multiplier=4.00000000000000022204e-01
cascade_activation_functions_count=10
cascade_activation_functions=3 5 7 8 10 11 14 15 16 17 
cascade_activation_steepnesses_count=4
cascade_activation_steepnesses=2.50000000000000000000e-01 5.00000000000000000000e-01 7.50000000000000000000e-01 1.00000000000000000000e+00 
layer_sizes=9 4 2 
scale_included=0
neurons (num_inputs, activation_function, activation_steepness)=(0, 0, 0.00000000000000000000e+00) (0, 0, 0.00000000000000000000e+00) (0, 0, 0.00000000000000000000e+00) (0, 0, 0.00000000000000000000e+00) (0, 0, 0.00000000000000000000e+00) (0, 0, 0.00000000000000000000e+00) (0, 0, 0.00000000000000000000e+00) (0, 0, 0.00000000000000000000e+00) (0, 0, 0.00000000000000000000e+00) (9, 6, 5.00000000000000000000e-01) (9, 6, 5.00000000000000000000e-01) (9, 6, 5.00000000000000000000e-01) (0, 6, 0.00000000000000000000e+00) (4, 4, 5.00000000000000000000e-01) (0, 4, 0.00000000000000000000e+00) 
connections (connected_to_neuron, weight)=(0, -1.32203447603619994588e+00) (1, 5.29226980708320526858e-01) (2, 9.20713850567914937617e-02) (3, 2.07730552281244529311e+00) (4, -1.17526301526463927694e+00) (5, 2.86167449885418978539e+00) (6, -2.56522873219510305631e+00) (7, 1.34125854542516336210e+01) (8, -7.72635487415231358987e-02) (0, -1.28221233719027938314e+00) (1, 6.03292896948535828372e-01) (2, -9.35948553580260786400e-03) (3, 2.03740432585581077163e+00) (4, -1.20715847396291198201e+00) (5, 2.85819260412266817895e+00) (6, -2.52397852566500890958e+00) (7, 1.34078029414676294095e+01) (8, -4.81115949847138804629e-02) (0, -9.22296371820597760127e-01) (1, 1.72032713216867505501e+00) (2, -5.63602941358708364739e-01) (3, 6.00015350168371153217e-01) (4, -8.71287894013552777217e-01) (5, 1.16132371793186894848e+00) (6, -2.68594660641346116847e+00) (7, 3.24339269347264007592e+01) (8, -5.00277640545986890253e-01) (9, 1.50252851510301765892e+00) (10, 1.00634960966718800535e+00) (11, 1.96902005132489037464e+01) (12, -7.79401768508582337702e-01) 
