FANN_FLO_2.1
num_layers=3
learning_rate=0.700000
connection_rate=1.000000
network_type=0
learning_momentum=0.000000
training_algorithm=2
train_error_function=1
train_stop_function=1
cascade_output_change_fraction=0.010000
quickprop_decay=-0.000100
quickprop_mu=1.750000
rprop_increase_factor=1.200000
rprop_decrease_factor=0.500000
rprop_delta_min=0.000000
rprop_delta_max=50.000000
rprop_delta_zero=0.100000
cascade_output_stagnation_epochs=12
cascade_candidate_change_fraction=0.010000
cascade_candidate_stagnation_epochs=12
cascade_max_out_epochs=150
cascade_min_out_epochs=50
cascade_max_cand_epochs=150
cascade_min_cand_epochs=50
cascade_num_candidate_groups=2
bit_fail_limit=1.00000000000000005551e-01
cascade_candidate_limit=1.00000000000000000000e+03
cascade_weight_multiplier=4.00000000000000022204e-01
cascade_activation_functions_count=10
cascade_activation_functions=3 5 7 8 10 11 14 15 16 17 
cascade_activation_steepnesses_count=4
cascade_activation_steepnesses=2.50000000000000000000e-01 5.00000000000000000000e-01 7.50000000000000000000e-01 1.00000000000000000000e+00 
layer_sizes=6 4 2 
scale_included=0
neurons (num_inputs, activation_function, activation_steepness)=(0, 0, 0.00000000000000000000e+00) (0, 0, 0.00000000000000000000e+00) (0, 0, 0.00000000000000000000e+00) (0, 0, 0.00000000000000000000e+00) (0, 0, 0.00000000000000000000e+00) (0, 0, 0.00000000000000000000e+00) (6, 6, 5.00000000000000000000e-01) (6, 6, 5.00000000000000000000e-01) (6, 6, 5.00000000000000000000e-01) (0, 6, 0.00000000000000000000e+00) (4, 4, 5.00000000000000000000e-01) (0, 4, 0.00000000000000000000e+00) 
connections (connected_to_neuron, weight)=(0, -9.59119133660703282462e-02) (1, 1.68089456940688419806e+00) (2, 1.65003586690598447184e+00) (3, 1.28043342342528276845e+00) (4, 1.49237828163196395437e+00) (5, -2.10204065609361556710e+00) (0, -2.95058631895210532470e-01) (1, 2.25072694697571984435e+00) (2, 2.17137320679024747871e-01) (3, 2.85525794846683278472e-01) (4, 1.33832800217169339829e-01) (5, -9.87430153411988809076e-01) (0, 2.19621797039390864725e+00) (1, -2.72322203842440968558e+00) (2, -4.94784139281339463423e+00) (3, 9.75663147341117209521e+00) (4, -2.49556683125641365351e+00) (5, 5.67238849084252283461e+00) (6, 6.11952616865223077980e+01) (7, 1.23792312756484523817e+00) (8, -1.97609437550192357236e+00) (9, -1.42491165354021731559e+00) 
