FANN_FLO_2.1
num_layers=3
learning_rate=0.700000
connection_rate=1.000000
network_type=0
learning_momentum=0.000000
training_algorithm=2
train_error_function=1
train_stop_function=1
cascade_output_change_fraction=0.010000
quickprop_decay=-0.000100
quickprop_mu=1.750000
rprop_increase_factor=1.200000
rprop_decrease_factor=0.500000
rprop_delta_min=0.000000
rprop_delta_max=50.000000
rprop_delta_zero=0.100000
cascade_output_stagnation_epochs=12
cascade_candidate_change_fraction=0.010000
cascade_candidate_stagnation_epochs=12
cascade_max_out_epochs=150
cascade_min_out_epochs=50
cascade_max_cand_epochs=150
cascade_min_cand_epochs=50
cascade_num_candidate_groups=2
bit_fail_limit=1.00000000000000005551e-01
cascade_candidate_limit=1.00000000000000000000e+03
cascade_weight_multiplier=4.00000000000000022204e-01
cascade_activation_functions_count=10
cascade_activation_functions=3 5 7 8 10 11 14 15 16 17 
cascade_activation_steepnesses_count=4
cascade_activation_steepnesses=2.50000000000000000000e-01 5.00000000000000000000e-01 7.50000000000000000000e-01 1.00000000000000000000e+00 
layer_sizes=6 4 2 
scale_included=0
neurons (num_inputs, activation_function, activation_steepness)=(0, 0, 0.00000000000000000000e+00) (0, 0, 0.00000000000000000000e+00) (0, 0, 0.00000000000000000000e+00) (0, 0, 0.00000000000000000000e+00) (0, 0, 0.00000000000000000000e+00) (0, 0, 0.00000000000000000000e+00) (6, 6, 5.00000000000000000000e-01) (6, 6, 5.00000000000000000000e-01) (6, 6, 5.00000000000000000000e-01) (0, 6, 0.00000000000000000000e+00) (4, 4, 5.00000000000000000000e-01) (0, 4, 0.00000000000000000000e+00) 
connections (connected_to_neuron, weight)=(0, 1.06546101318933050806e+01) (1, 1.50000000000000000000e+03) (2, -1.47442373183874031461e+00) (3, -1.80071758575999862906e+00) (4, -9.18107916439799054409e-01) (5, -2.00162185396332592546e+00) (0, -1.30169533215427546402e+00) (1, 1.50000000000000000000e+03) (2, 2.86677369811323075055e+01) (3, 9.27037763472886844340e+00) (4, 7.87272704886555363402e+00) (5, -4.34997585276389298059e+00) (0, 6.87800428539541847117e-02) (1, 1.50000000000000000000e+03) (2, 4.54466772698971732680e-01) (3, 9.14568422528456892451e+00) (4, 7.95651792231709453773e+00) (5, -5.34751495639150142836e+00) (6, 7.51130085704327576934e+00) (7, 2.45349903014173520432e+00) (8, 2.15129759296791833734e+00) (9, -6.02639338296467830247e+00) 
