FANN_FLO_2.1
num_layers=3
learning_rate=0.700000
connection_rate=1.000000
network_type=0
learning_momentum=0.000000
training_algorithm=2
train_error_function=1
train_stop_function=1
cascade_output_change_fraction=0.010000
quickprop_decay=-0.000100
quickprop_mu=1.750000
rprop_increase_factor=1.200000
rprop_decrease_factor=0.500000
rprop_delta_min=0.000000
rprop_delta_max=50.000000
rprop_delta_zero=0.100000
cascade_output_stagnation_epochs=12
cascade_candidate_change_fraction=0.010000
cascade_candidate_stagnation_epochs=12
cascade_max_out_epochs=150
cascade_min_out_epochs=50
cascade_max_cand_epochs=150
cascade_min_cand_epochs=50
cascade_num_candidate_groups=2
bit_fail_limit=1.00000000000000005551e-01
cascade_candidate_limit=1.00000000000000000000e+03
cascade_weight_multiplier=4.00000000000000022204e-01
cascade_activation_functions_count=10
cascade_activation_functions=3 5 7 8 10 11 14 15 16 17 
cascade_activation_steepnesses_count=4
cascade_activation_steepnesses=2.50000000000000000000e-01 5.00000000000000000000e-01 7.50000000000000000000e-01 1.00000000000000000000e+00 
layer_sizes=12 4 2 
scale_included=0
neurons (num_inputs, activation_function, activation_steepness)=(0, 0, 0.00000000000000000000e+00) (0, 0, 0.00000000000000000000e+00) (0, 0, 0.00000000000000000000e+00) (0, 0, 0.00000000000000000000e+00) (0, 0, 0.00000000000000000000e+00) (0, 0, 0.00000000000000000000e+00) (0, 0, 0.00000000000000000000e+00) (0, 0, 0.00000000000000000000e+00) (0, 0, 0.00000000000000000000e+00) (0, 0, 0.00000000000000000000e+00) (0, 0, 0.00000000000000000000e+00) (0, 0, 0.00000000000000000000e+00) (12, 6, 5.00000000000000000000e-01) (12, 6, 5.00000000000000000000e-01) (12, 6, 5.00000000000000000000e-01) (0, 6, 0.00000000000000000000e+00) (4, 4, 5.00000000000000000000e-01) (0, 4, 0.00000000000000000000e+00) 
connections (connected_to_neuron, weight)=(0, -5.45125089269658080759e-01) (1, 1.76703001614451373769e+01) (2, 2.95550198975599968942e-02) (3, 7.47469335345822272210e-01) (4, 2.49868488064754756817e-01) (5, 7.30879268034679507871e-01) (6, 1.95532846268789778366e-01) (7, 8.45595139190902012061e-01) (8, 1.02627428263738829095e+00) (9, 4.27992465840008273759e-01) (10, 2.24068203170186136530e-01) (11, -1.29481604247461384860e-01) (0, -2.17754456287311981555e+00) (1, 2.45556681807799890294e+02) (2, 3.14480664282201560766e-01) (3, 1.20877554195679892679e+00) (4, 2.99263479981849878087e+00) (5, 1.80711107238172119516e+00) (6, -4.08202955195677077982e-02) (7, 1.25207992206680884806e+00) (8, 2.25678110077857763116e+00) (9, -1.96900362866520239891e+00) (10, 1.18921449843056956097e-01) (11, -1.58896021269987186564e+00) (0, 3.42201898856143049699e+00) (1, -1.92678362339122664082e+01) (2, -3.72759396742424697901e-01) (3, -6.33198522021268361826e-01) (4, 4.41832651531765119302e+00) (5, -2.29179237790562417842e+00) (6, 1.19914285032046485924e+00) (7, -8.95278782978922937907e-01) (8, -2.57422348951031088049e+00) (9, 1.58133053681481294817e+00) (10, 3.03878181806850111712e-01) (11, 1.83168541336769341576e+00) (12, 1.45067100355125766509e-01) (13, 1.48083594211653846173e+01) (14, -7.66296629461491907165e+00) (15, -1.59600668498108944071e+00) 
