FANN_FLO_2.1
num_layers=3
learning_rate=0.700000
connection_rate=1.000000
network_type=0
learning_momentum=0.000000
training_algorithm=2
train_error_function=1
train_stop_function=1
cascade_output_change_fraction=0.010000
quickprop_decay=-0.000100
quickprop_mu=1.750000
rprop_increase_factor=1.200000
rprop_decrease_factor=0.500000
rprop_delta_min=0.000000
rprop_delta_max=50.000000
rprop_delta_zero=0.100000
cascade_output_stagnation_epochs=12
cascade_candidate_change_fraction=0.010000
cascade_candidate_stagnation_epochs=12
cascade_max_out_epochs=150
cascade_min_out_epochs=50
cascade_max_cand_epochs=150
cascade_min_cand_epochs=50
cascade_num_candidate_groups=2
bit_fail_limit=1.00000000000000005551e-01
cascade_candidate_limit=1.00000000000000000000e+03
cascade_weight_multiplier=4.00000000000000022204e-01
cascade_activation_functions_count=10
cascade_activation_functions=3 5 7 8 10 11 14 15 16 17 
cascade_activation_steepnesses_count=4
cascade_activation_steepnesses=2.50000000000000000000e-01 5.00000000000000000000e-01 7.50000000000000000000e-01 1.00000000000000000000e+00 
layer_sizes=12 4 2 
scale_included=0
neurons (num_inputs, activation_function, activation_steepness)=(0, 0, 0.00000000000000000000e+00) (0, 0, 0.00000000000000000000e+00) (0, 0, 0.00000000000000000000e+00) (0, 0, 0.00000000000000000000e+00) (0, 0, 0.00000000000000000000e+00) (0, 0, 0.00000000000000000000e+00) (0, 0, 0.00000000000000000000e+00) (0, 0, 0.00000000000000000000e+00) (0, 0, 0.00000000000000000000e+00) (0, 0, 0.00000000000000000000e+00) (0, 0, 0.00000000000000000000e+00) (0, 0, 0.00000000000000000000e+00) (12, 6, 5.00000000000000000000e-01) (12, 6, 5.00000000000000000000e-01) (12, 6, 5.00000000000000000000e-01) (0, 6, 0.00000000000000000000e+00) (4, 4, 5.00000000000000000000e-01) (0, 4, 0.00000000000000000000e+00) 
connections (connected_to_neuron, weight)=(0, -7.79455232536388042952e-01) (1, 3.94620854382280583650e+00) (2, -3.00288665591206704875e-01) (3, -5.55086676856010763359e-01) (4, -2.25870456098046429316e-01) (5, 3.77023877178196187288e+00) (6, 1.19843918062721432882e-01) (7, -3.03874846099343454142e-01) (8, -4.86330878814190181725e-01) (9, -5.95569950421779958916e-01) (10, -1.52595739363160259883e-01) (11, -5.28603833993404714775e-01) (0, 9.51344140019679151976e-01) (1, -2.29155325902204332067e+00) (2, 4.67487599261065089884e-01) (3, 9.23490889516139112914e-01) (4, 6.39320034094114753032e-01) (5, -2.45747822535733995153e+00) (6, 3.55730375285404631924e-01) (7, 6.15049901910086127543e-01) (8, 8.92576359358096205199e-01) (9, 9.39531110372805677855e-01) (10, 4.50483183868189418497e-01) (11, 8.71307008114123426878e-01) (0, -8.49189157700133812057e-01) (1, 3.90259563152555699617e+00) (2, -1.59510831831421978633e-01) (3, -6.17774334629505483818e-01) (4, -1.85251798032250530879e-01) (5, 3.78339165423874135286e+00) (6, 2.31309786215173618373e-02) (7, -3.10131821332898294230e-01) (8, -6.04687464316814748955e-01) (9, -4.91293069799869808190e-01) (10, -2.47033763228383190791e-01) (11, -5.06133233090370504570e-01) (12, 3.89713043694261784822e+00) (13, -3.88119196121458287507e+00) (14, 3.89065282766584630281e+00) (15, -5.47251899620025961113e-01) 
