FANN_FLO_2.1
num_layers=3
learning_rate=0.700000
connection_rate=1.000000
network_type=0
learning_momentum=0.000000
training_algorithm=2
train_error_function=1
train_stop_function=1
cascade_output_change_fraction=0.010000
quickprop_decay=-0.000100
quickprop_mu=1.750000
rprop_increase_factor=1.200000
rprop_decrease_factor=0.500000
rprop_delta_min=0.000000
rprop_delta_max=50.000000
rprop_delta_zero=0.100000
cascade_output_stagnation_epochs=12
cascade_candidate_change_fraction=0.010000
cascade_candidate_stagnation_epochs=12
cascade_max_out_epochs=150
cascade_min_out_epochs=50
cascade_max_cand_epochs=150
cascade_min_cand_epochs=50
cascade_num_candidate_groups=2
bit_fail_limit=1.00000000000000005551e-01
cascade_candidate_limit=1.00000000000000000000e+03
cascade_weight_multiplier=4.00000000000000022204e-01
cascade_activation_functions_count=10
cascade_activation_functions=3 5 7 8 10 11 14 15 16 17 
cascade_activation_steepnesses_count=4
cascade_activation_steepnesses=2.50000000000000000000e-01 5.00000000000000000000e-01 7.50000000000000000000e-01 1.00000000000000000000e+00 
layer_sizes=8 4 2 
scale_included=0
neurons (num_inputs, activation_function, activation_steepness)=(0, 0, 0.00000000000000000000e+00) (0, 0, 0.00000000000000000000e+00) (0, 0, 0.00000000000000000000e+00) (0, 0, 0.00000000000000000000e+00) (0, 0, 0.00000000000000000000e+00) (0, 0, 0.00000000000000000000e+00) (0, 0, 0.00000000000000000000e+00) (0, 0, 0.00000000000000000000e+00) (8, 6, 5.00000000000000000000e-01) (8, 6, 5.00000000000000000000e-01) (8, 6, 5.00000000000000000000e-01) (0, 6, 0.00000000000000000000e+00) (4, 4, 5.00000000000000000000e-01) (0, 4, 0.00000000000000000000e+00) 
connections (connected_to_neuron, weight)=(0, -1.83401427783727233312e+00) (1, 1.38164432333248843321e+00) (2, -8.53379590442910451742e-01) (3, 5.91598673135986172222e-02) (4, 2.77065006646152101055e+00) (5, 7.43303649790068687864e-01) (6, -7.48283182742897623463e-02) (7, -2.26670472826476032679e+00) (0, -1.21979630408288719501e+00) (1, 1.55620610880962639833e+00) (2, 1.81857597361376965850e+00) (3, 2.25873470648390739512e+00) (4, 3.21433814957211172469e+00) (5, 1.38934815556367063927e+00) (6, 1.57212488205430411803e+00) (7, -3.63111528887380474728e+00) (0, -1.50321042280441452554e+00) (1, 1.48127337712160378480e+00) (2, 9.14324644177101686360e-01) (3, 1.45997106944010224261e+00) (4, 2.77638778417837439605e+00) (5, 2.84338463797478269157e+00) (6, 1.40186372610740961342e+00) (7, -2.89570910083263344248e+00) (8, 2.31073834218162987852e+00) (9, 9.72611806199521709004e+01) (10, 1.20363316104716400190e+01) (11, -1.72832931522079813469e+00) 
