FANN_FLO_2.1
num_layers=3
learning_rate=0.700000
connection_rate=1.000000
network_type=0
learning_momentum=0.000000
training_algorithm=2
train_error_function=1
train_stop_function=1
cascade_output_change_fraction=0.010000
quickprop_decay=-0.000100
quickprop_mu=1.750000
rprop_increase_factor=1.200000
rprop_decrease_factor=0.500000
rprop_delta_min=0.000000
rprop_delta_max=50.000000
rprop_delta_zero=0.100000
cascade_output_stagnation_epochs=12
cascade_candidate_change_fraction=0.010000
cascade_candidate_stagnation_epochs=12
cascade_max_out_epochs=150
cascade_min_out_epochs=50
cascade_max_cand_epochs=150
cascade_min_cand_epochs=50
cascade_num_candidate_groups=2
bit_fail_limit=1.00000000000000005551e-01
cascade_candidate_limit=1.00000000000000000000e+03
cascade_weight_multiplier=4.00000000000000022204e-01
cascade_activation_functions_count=10
cascade_activation_functions=3 5 7 8 10 11 14 15 16 17 
cascade_activation_steepnesses_count=4
cascade_activation_steepnesses=2.50000000000000000000e-01 5.00000000000000000000e-01 7.50000000000000000000e-01 1.00000000000000000000e+00 
layer_sizes=16 4 2 
scale_included=0
neurons (num_inputs, activation_function, activation_steepness)=(0, 0, 0.00000000000000000000e+00) (0, 0, 0.00000000000000000000e+00) (0, 0, 0.00000000000000000000e+00) (0, 0, 0.00000000000000000000e+00) (0, 0, 0.00000000000000000000e+00) (0, 0, 0.00000000000000000000e+00) (0, 0, 0.00000000000000000000e+00) (0, 0, 0.00000000000000000000e+00) (0, 0, 0.00000000000000000000e+00) (0, 0, 0.00000000000000000000e+00) (0, 0, 0.00000000000000000000e+00) (0, 0, 0.00000000000000000000e+00) (0, 0, 0.00000000000000000000e+00) (0, 0, 0.00000000000000000000e+00) (0, 0, 0.00000000000000000000e+00) (0, 0, 0.00000000000000000000e+00) (16, 6, 5.00000000000000000000e-01) (16, 6, 5.00000000000000000000e-01) (16, 6, 5.00000000000000000000e-01) (0, 6, 0.00000000000000000000e+00) (4, 4, 5.00000000000000000000e-01) (0, 4, 0.00000000000000000000e+00) 
connections (connected_to_neuron, weight)=(0, -2.72260812198319712696e-01) (1, -4.31895016570947110068e+00) (2, 1.35371237643926214389e+01) (3, 4.62874709296944253367e+00) (4, 6.80552695079965097591e+00) (5, 1.65803153106795200245e+01) (6, 4.13580479991749960789e-01) (7, 6.62402318483047647391e-01) (8, 4.58508278656723611277e+00) (9, 1.75987588092712798904e+00) (10, 4.88257369670075547230e-01) (11, 4.03521595600684079841e+00) (12, 5.55398558434182820776e+00) (13, -1.01358532743573606649e-01) (14, 1.93665220968169715654e+00) (15, -2.12489819622136255628e-01) (0, -2.16746032902902774353e+00) (1, 2.10435538556947765443e+00) (2, 1.33491662997463911289e+00) (3, 1.68019749943715512863e+00) (4, 1.97566578876052956204e+00) (5, 1.72824532399401764593e+00) (6, 1.05867117061356896812e+00) (7, -2.10237287481621182295e+00) (8, 1.75768124116034329951e+00) (9, 7.79075424331260424360e-01) (10, 2.56246267097457680606e+00) (11, 1.74830686743324847932e+00) (12, 3.40921459374372515239e-01) (13, -2.03765343152132771820e+00) (14, 1.80015557235020939864e+00) (15, -2.87144335762246338817e+00) (0, -2.91695248110725502411e-01) (1, 8.18727419089034902377e-01) (2, 4.44655470616783121685e-01) (3, 9.54104188343506742775e-01) (4, 5.36732282785543080017e-01) (5, 9.75719302653382913881e-01) (6, 3.37683510235326389548e-01) (7, -2.20516038066914110694e-01) (8, 1.09177140981499087857e+00) (9, 1.37756354761766020012e+00) (10, 6.24936771832264592597e-01) (11, 1.44736701930736089139e+00) (12, 3.02468803676052722107e-01) (13, -4.75015015499752391026e-01) (14, 9.34359474800978362374e-01) (15, -3.36156029029323677459e-01) (16, 2.16582474844123584745e+00) (17, 1.89228455704479543442e+01) (18, 8.09467593909310778599e-01) (19, -2.61693718773018746404e+00) 
