FANN_FLO_2.1
num_layers=3
learning_rate=0.700000
connection_rate=1.000000
network_type=0
learning_momentum=0.000000
training_algorithm=2
train_error_function=1
train_stop_function=1
cascade_output_change_fraction=0.010000
quickprop_decay=-0.000100
quickprop_mu=1.750000
rprop_increase_factor=1.200000
rprop_decrease_factor=0.500000
rprop_delta_min=0.000000
rprop_delta_max=50.000000
rprop_delta_zero=0.100000
cascade_output_stagnation_epochs=12
cascade_candidate_change_fraction=0.010000
cascade_candidate_stagnation_epochs=12
cascade_max_out_epochs=150
cascade_min_out_epochs=50
cascade_max_cand_epochs=150
cascade_min_cand_epochs=50
cascade_num_candidate_groups=2
bit_fail_limit=1.00000000000000005551e-01
cascade_candidate_limit=1.00000000000000000000e+03
cascade_weight_multiplier=4.00000000000000022204e-01
cascade_activation_functions_count=10
cascade_activation_functions=3 5 7 8 10 11 14 15 16 17 
cascade_activation_steepnesses_count=4
cascade_activation_steepnesses=2.50000000000000000000e-01 5.00000000000000000000e-01 7.50000000000000000000e-01 1.00000000000000000000e+00 
layer_sizes=9 4 2 
scale_included=0
neurons (num_inputs, activation_function, activation_steepness)=(0, 0, 0.00000000000000000000e+00) (0, 0, 0.00000000000000000000e+00) (0, 0, 0.00000000000000000000e+00) (0, 0, 0.00000000000000000000e+00) (0, 0, 0.00000000000000000000e+00) (0, 0, 0.00000000000000000000e+00) (0, 0, 0.00000000000000000000e+00) (0, 0, 0.00000000000000000000e+00) (0, 0, 0.00000000000000000000e+00) (9, 6, 5.00000000000000000000e-01) (9, 6, 5.00000000000000000000e-01) (9, 6, 5.00000000000000000000e-01) (0, 6, 0.00000000000000000000e+00) (4, 4, 5.00000000000000000000e-01) (0, 4, 0.00000000000000000000e+00) 
connections (connected_to_neuron, weight)=(0, -2.16068335692587265573e-01) (1, 2.05911808607319013475e+00) (2, 3.08725040777343917586e-01) (3, 8.62278413022985246172e-01) (4, 7.67138965734470712476e-01) (5, 2.67280723307074696837e-01) (6, 3.03545461367361935068e-01) (7, 1.02391231201372473469e-01) (8, -1.44403901611711099617e-01) (0, -9.75179125227550791521e-01) (1, -8.19126408078422518777e-01) (2, 1.61723076965721119791e+01) (3, 4.34023604434430831933e-01) (4, 4.25448951755471649339e-01) (5, -6.00756996796749542789e-01) (6, -6.03626409099720429019e-01) (7, -9.51426558543962075376e-01) (8, -1.03660487071476414833e+00) (0, 4.66116596324212029145e+00) (1, -4.13865597051419875640e+00) (2, -1.72431560174080145131e+00) (3, -2.24864133892744488818e+00) (4, 2.33053107222257471776e-01) (5, -1.59685978410699691565e+00) (6, -1.67053296534278716834e+00) (7, 2.70962378823650862358e+00) (8, 4.21804170525001786984e+00) (9, 1.36411487675408560349e+00) (10, 1.80646349806780182057e+00) (11, -5.57300224593728188438e+00) (12, -2.37675589118159535928e+00) 
