FANN_FLO_2.1
num_layers=3
learning_rate=0.700000
connection_rate=1.000000
network_type=0
learning_momentum=0.000000
training_algorithm=2
train_error_function=1
train_stop_function=1
cascade_output_change_fraction=0.010000
quickprop_decay=-0.000100
quickprop_mu=1.750000
rprop_increase_factor=1.200000
rprop_decrease_factor=0.500000
rprop_delta_min=0.000000
rprop_delta_max=50.000000
rprop_delta_zero=0.100000
cascade_output_stagnation_epochs=12
cascade_candidate_change_fraction=0.010000
cascade_candidate_stagnation_epochs=12
cascade_max_out_epochs=150
cascade_min_out_epochs=50
cascade_max_cand_epochs=150
cascade_min_cand_epochs=50
cascade_num_candidate_groups=2
bit_fail_limit=1.00000000000000005551e-01
cascade_candidate_limit=1.00000000000000000000e+03
cascade_weight_multiplier=4.00000000000000022204e-01
cascade_activation_functions_count=10
cascade_activation_functions=3 5 7 8 10 11 14 15 16 17 
cascade_activation_steepnesses_count=4
cascade_activation_steepnesses=2.50000000000000000000e-01 5.00000000000000000000e-01 7.50000000000000000000e-01 1.00000000000000000000e+00 
layer_sizes=10 4 2 
scale_included=0
neurons (num_inputs, activation_function, activation_steepness)=(0, 0, 0.00000000000000000000e+00) (0, 0, 0.00000000000000000000e+00) (0, 0, 0.00000000000000000000e+00) (0, 0, 0.00000000000000000000e+00) (0, 0, 0.00000000000000000000e+00) (0, 0, 0.00000000000000000000e+00) (0, 0, 0.00000000000000000000e+00) (0, 0, 0.00000000000000000000e+00) (0, 0, 0.00000000000000000000e+00) (0, 0, 0.00000000000000000000e+00) (10, 6, 5.00000000000000000000e-01) (10, 6, 5.00000000000000000000e-01) (10, 6, 5.00000000000000000000e-01) (0, 6, 0.00000000000000000000e+00) (4, 4, 5.00000000000000000000e-01) (0, 4, 0.00000000000000000000e+00) 
connections (connected_to_neuron, weight)=(0, 2.18587113973140168000e+00) (1, -2.78527685567756977392e+00) (2, -2.23542613956232916195e+00) (3, -1.29821104109452489794e+00) (4, 4.31969133396889048981e+00) (5, 1.35543898599100298696e+00) (6, 1.42504802824807352835e+00) (7, -1.64999123668479263927e+00) (8, -2.10217095586558233578e+00) (9, 3.32034070331629083128e+00) (0, -9.40911369643705919330e-01) (1, 3.31387734803429756525e+00) (2, 3.43252409248337164716e-01) (3, -8.46344353704635843361e-02) (4, -2.68104236437876286558e+00) (5, -4.66900583926589785033e-01) (6, -8.00378401457036092737e-01) (7, -3.93738212220072825165e-01) (8, -2.37387605968114812072e-01) (9, -1.00139278384258134658e+00) (0, -1.24028638470598973065e+00) (1, 2.49032477610579539018e+00) (2, 2.76681274444215441477e+00) (3, 2.32915991239020625514e+00) (4, -2.45479290873425215480e+00) (5, -4.90332848126549036838e-01) (6, -7.92422948432184970358e-01) (7, -6.65064816748028531102e-01) (8, -1.96568252730626280567e-01) (9, -2.47876301225024731067e+00) (10, -2.16459745269084713470e+00) (11, 2.10804960341764502374e+00) (12, 9.81368849424067768439e+00) (13, -1.63043484270749705622e+00) 
