FANN_FLO_2.1
num_layers=3
learning_rate=0.700000
connection_rate=1.000000
network_type=0
learning_momentum=0.000000
training_algorithm=2
train_error_function=1
train_stop_function=1
cascade_output_change_fraction=0.010000
quickprop_decay=-0.000100
quickprop_mu=1.750000
rprop_increase_factor=1.200000
rprop_decrease_factor=0.500000
rprop_delta_min=0.000000
rprop_delta_max=50.000000
rprop_delta_zero=0.100000
cascade_output_stagnation_epochs=12
cascade_candidate_change_fraction=0.010000
cascade_candidate_stagnation_epochs=12
cascade_max_out_epochs=150
cascade_min_out_epochs=50
cascade_max_cand_epochs=150
cascade_min_cand_epochs=50
cascade_num_candidate_groups=2
bit_fail_limit=1.00000000000000005551e-01
cascade_candidate_limit=1.00000000000000000000e+03
cascade_weight_multiplier=4.00000000000000022204e-01
cascade_activation_functions_count=10
cascade_activation_functions=3 5 7 8 10 11 14 15 16 17 
cascade_activation_steepnesses_count=4
cascade_activation_steepnesses=2.50000000000000000000e-01 5.00000000000000000000e-01 7.50000000000000000000e-01 1.00000000000000000000e+00 
layer_sizes=10 4 2 
scale_included=0
neurons (num_inputs, activation_function, activation_steepness)=(0, 0, 0.00000000000000000000e+00) (0, 0, 0.00000000000000000000e+00) (0, 0, 0.00000000000000000000e+00) (0, 0, 0.00000000000000000000e+00) (0, 0, 0.00000000000000000000e+00) (0, 0, 0.00000000000000000000e+00) (0, 0, 0.00000000000000000000e+00) (0, 0, 0.00000000000000000000e+00) (0, 0, 0.00000000000000000000e+00) (0, 0, 0.00000000000000000000e+00) (10, 6, 5.00000000000000000000e-01) (10, 6, 5.00000000000000000000e-01) (10, 6, 5.00000000000000000000e-01) (0, 6, 0.00000000000000000000e+00) (4, 4, 5.00000000000000000000e-01) (0, 4, 0.00000000000000000000e+00) 
connections (connected_to_neuron, weight)=(0, -1.65687732813533639131e+00) (1, 1.04814333173184404124e+00) (2, 1.55493111976326381374e+00) (3, 1.40729466766298405567e+00) (4, 1.23237260071473675449e-01) (5, 6.40082298651654557631e-01) (6, 7.51644460271068792778e-01) (7, -6.92594840352311225118e-01) (8, 5.06805679634530492628e-01) (9, -1.38717586395647107800e+00) (0, 2.34057246648724381899e+00) (1, -2.33449405618890137859e+00) (2, -1.28207096197203251897e+00) (3, -1.42365403091358966314e+00) (4, 7.71894180495825255051e-01) (5, -1.01198239523921085237e+00) (6, -3.91849085478923164771e-01) (7, 1.74447425482325235713e+00) (8, -5.75603878018402737027e-01) (9, 2.30528647207672943154e+00) (0, 2.19722661503608618361e+00) (1, -2.37104665302618355938e+00) (2, -1.69416218087111691837e+00) (3, -1.05977933669079948942e+00) (4, 8.31043321971437709550e-01) (5, -7.29684171302075301746e-01) (6, -2.90187801165974618156e-02) (7, 1.82364026972234460899e+00) (8, -1.33550431581896417166e-01) (9, 2.29423253738339294472e+00) (10, 3.85357342083945564326e+00) (11, -4.35361912188102095911e+00) (12, -4.41887295332719176599e+00) (13, -1.26011423615123807629e+00) 
