FANN_FLO_2.1
num_layers=3
learning_rate=0.700000
connection_rate=1.000000
network_type=0
learning_momentum=0.000000
training_algorithm=2
train_error_function=1
train_stop_function=1
cascade_output_change_fraction=0.010000
quickprop_decay=-0.000100
quickprop_mu=1.750000
rprop_increase_factor=1.200000
rprop_decrease_factor=0.500000
rprop_delta_min=0.000000
rprop_delta_max=50.000000
rprop_delta_zero=0.100000
cascade_output_stagnation_epochs=12
cascade_candidate_change_fraction=0.010000
cascade_candidate_stagnation_epochs=12
cascade_max_out_epochs=150
cascade_min_out_epochs=50
cascade_max_cand_epochs=150
cascade_min_cand_epochs=50
cascade_num_candidate_groups=2
bit_fail_limit=1.00000000000000005551e-01
cascade_candidate_limit=1.00000000000000000000e+03
cascade_weight_multiplier=4.00000000000000022204e-01
cascade_activation_functions_count=10
cascade_activation_functions=3 5 7 8 10 11 14 15 16 17 
cascade_activation_steepnesses_count=4
cascade_activation_steepnesses=2.50000000000000000000e-01 5.00000000000000000000e-01 7.50000000000000000000e-01 1.00000000000000000000e+00 
layer_sizes=14 4 2 
scale_included=0
neurons (num_inputs, activation_function, activation_steepness)=(0, 0, 0.00000000000000000000e+00) (0, 0, 0.00000000000000000000e+00) (0, 0, 0.00000000000000000000e+00) (0, 0, 0.00000000000000000000e+00) (0, 0, 0.00000000000000000000e+00) (0, 0, 0.00000000000000000000e+00) (0, 0, 0.00000000000000000000e+00) (0, 0, 0.00000000000000000000e+00) (0, 0, 0.00000000000000000000e+00) (0, 0, 0.00000000000000000000e+00) (0, 0, 0.00000000000000000000e+00) (0, 0, 0.00000000000000000000e+00) (0, 0, 0.00000000000000000000e+00) (0, 0, 0.00000000000000000000e+00) (14, 6, 5.00000000000000000000e-01) (14, 6, 5.00000000000000000000e-01) (14, 6, 5.00000000000000000000e-01) (0, 6, 0.00000000000000000000e+00) (4, 4, 5.00000000000000000000e-01) (0, 4, 0.00000000000000000000e+00) 
connections (connected_to_neuron, weight)=(0, 2.09198383709768220839e+00) (1, -2.19547842251119496026e+00) (2, 1.13054136914843317285e+00) (3, -5.69560072325835498042e-01) (4, -1.88482778531415817724e+00) (5, -1.09404086826073232430e+00) (6, 1.90017495658294799377e+00) (7, -2.21688423858938099542e+00) (8, -1.48391159246208770295e-01) (9, -2.14190471993735132017e+00) (10, -2.25812336759979859213e-01) (11, -2.19565096114627333890e+00) (12, -2.26568951677440821868e+00) (13, 1.87820284515194324548e+00) (0, 2.22057864537814975137e+00) (1, -2.24613316910323979059e+00) (2, 9.82412213607419260164e-01) (3, -6.19978866480956347651e-01) (4, -2.03476957243783784790e+00) (5, -1.21147428957449521114e+00) (6, 2.06022641416685203808e+00) (7, -2.18502858089265705743e+00) (8, -7.66867678561235499579e-02) (9, -2.20372682886174020567e+00) (10, -3.22559593575413472433e-01) (11, -2.17933487509242507230e+00) (12, -2.27903619628309428435e+00) (13, 2.23329388295271158427e+00) (0, 2.25206225088218570107e+00) (1, -2.20760278211889149347e+00) (2, 1.26405483467215296045e+00) (3, -5.87597153090606005854e-01) (4, -1.94643025857312990112e+00) (5, -1.07396009323822561043e+00) (6, 2.03741172310011009472e+00) (7, -2.29057980136928440729e+00) (8, -1.40615819016935927888e-01) (9, -2.11045477615645227232e+00) (10, -1.32932490067894593100e-01) (11, -2.20147272561542006741e+00) (12, -2.21548307906746089202e+00) (13, 1.81365024745039371545e+00) (14, -1.18502637631084102310e+01) (15, -1.19098217523481029190e+01) (16, -1.18606591000045913376e+01) (17, -1.04693553641822445499e+00) 
