FANN_FLO_2.1
num_layers=3
learning_rate=0.700000
connection_rate=1.000000
network_type=0
learning_momentum=0.000000
training_algorithm=2
train_error_function=1
train_stop_function=1
cascade_output_change_fraction=0.010000
quickprop_decay=-0.000100
quickprop_mu=1.750000
rprop_increase_factor=1.200000
rprop_decrease_factor=0.500000
rprop_delta_min=0.000000
rprop_delta_max=50.000000
rprop_delta_zero=0.100000
cascade_output_stagnation_epochs=12
cascade_candidate_change_fraction=0.010000
cascade_candidate_stagnation_epochs=12
cascade_max_out_epochs=150
cascade_min_out_epochs=50
cascade_max_cand_epochs=150
cascade_min_cand_epochs=50
cascade_num_candidate_groups=2
bit_fail_limit=1.00000000000000005551e-01
cascade_candidate_limit=1.00000000000000000000e+03
cascade_weight_multiplier=4.00000000000000022204e-01
cascade_activation_functions_count=10
cascade_activation_functions=3 5 7 8 10 11 14 15 16 17 
cascade_activation_steepnesses_count=4
cascade_activation_steepnesses=2.50000000000000000000e-01 5.00000000000000000000e-01 7.50000000000000000000e-01 1.00000000000000000000e+00 
layer_sizes=9 4 2 
scale_included=0
neurons (num_inputs, activation_function, activation_steepness)=(0, 0, 0.00000000000000000000e+00) (0, 0, 0.00000000000000000000e+00) (0, 0, 0.00000000000000000000e+00) (0, 0, 0.00000000000000000000e+00) (0, 0, 0.00000000000000000000e+00) (0, 0, 0.00000000000000000000e+00) (0, 0, 0.00000000000000000000e+00) (0, 0, 0.00000000000000000000e+00) (0, 0, 0.00000000000000000000e+00) (9, 6, 5.00000000000000000000e-01) (9, 6, 5.00000000000000000000e-01) (9, 6, 5.00000000000000000000e-01) (0, 6, 0.00000000000000000000e+00) (4, 4, 5.00000000000000000000e-01) (0, 4, 0.00000000000000000000e+00) 
connections (connected_to_neuron, weight)=(0, 5.35793609653761482292e+00) (1, -4.83085476427956272971e+00) (2, -3.95117001148804458666e+00) (3, -5.66264176844824618229e+00) (4, -3.56812855393101724388e+00) (5, -1.18139854958870094137e+00) (6, -4.70297871135155709510e+00) (7, -4.95392815979834111317e+00) (8, 7.68879933336176701886e+00) (0, 2.17945718346436301260e+00) (1, -1.79579897736262816821e+00) (2, 3.44030378230245958981e-01) (3, -4.11122914418152518579e+00) (4, -6.26713115584174862427e-01) (5, -6.81772139435604523916e-02) (6, -1.77666847919177550708e+00) (7, -1.61890416512168200391e+00) (8, 2.26236971048910895377e+00) (0, -7.18235143501395500998e-01) (1, 2.54895166232225500735e+00) (2, 6.73171338164657129255e-01) (3, 4.70964629349475027986e-01) (4, 5.21016476044864118577e-01) (5, -5.71614734790407919007e-01) (6, 2.48365248092828139193e+00) (7, 2.26297004464691875469e+00) (8, -1.19271334824632757599e-01) (9, -6.79500715702539626051e+00) (10, -1.52843120714864189047e+00) (11, 1.09401506840300988266e+00) (12, -1.67158728904549080951e+00) 
