FANN_FLO_2.1
num_layers=3
learning_rate=0.700000
connection_rate=1.000000
network_type=0
learning_momentum=0.000000
training_algorithm=2
train_error_function=1
train_stop_function=1
cascade_output_change_fraction=0.010000
quickprop_decay=-0.000100
quickprop_mu=1.750000
rprop_increase_factor=1.200000
rprop_decrease_factor=0.500000
rprop_delta_min=0.000000
rprop_delta_max=50.000000
rprop_delta_zero=0.100000
cascade_output_stagnation_epochs=12
cascade_candidate_change_fraction=0.010000
cascade_candidate_stagnation_epochs=12
cascade_max_out_epochs=150
cascade_min_out_epochs=50
cascade_max_cand_epochs=150
cascade_min_cand_epochs=50
cascade_num_candidate_groups=2
bit_fail_limit=1.00000000000000005551e-01
cascade_candidate_limit=1.00000000000000000000e+03
cascade_weight_multiplier=4.00000000000000022204e-01
cascade_activation_functions_count=10
cascade_activation_functions=3 5 7 8 10 11 14 15 16 17 
cascade_activation_steepnesses_count=4
cascade_activation_steepnesses=2.50000000000000000000e-01 5.00000000000000000000e-01 7.50000000000000000000e-01 1.00000000000000000000e+00 
layer_sizes=7 4 2 
scale_included=0
neurons (num_inputs, activation_function, activation_steepness)=(0, 0, 0.00000000000000000000e+00) (0, 0, 0.00000000000000000000e+00) (0, 0, 0.00000000000000000000e+00) (0, 0, 0.00000000000000000000e+00) (0, 0, 0.00000000000000000000e+00) (0, 0, 0.00000000000000000000e+00) (0, 0, 0.00000000000000000000e+00) (7, 6, 5.00000000000000000000e-01) (7, 6, 5.00000000000000000000e-01) (7, 6, 5.00000000000000000000e-01) (0, 6, 0.00000000000000000000e+00) (4, 4, 5.00000000000000000000e-01) (0, 4, 0.00000000000000000000e+00) 
connections (connected_to_neuron, weight)=(0, 3.04769168977779880692e+00) (1, -3.82692680546192898206e+00) (2, 1.86599091817036821794e+00) (3, -3.85367949422101796486e+00) (4, 1.74642090921609205445e+00) (5, -3.97348792846607024032e+00) (6, 2.73199640403249865983e+00) (0, 2.99133921598238572415e+00) (1, -3.95805028864292873791e+00) (2, 1.91338878501549891631e+00) (3, -3.86186996217469991066e+00) (4, 1.68335580502955672877e+00) (5, -3.82442629705475622970e+00) (6, 2.73088155875661975358e+00) (0, -1.16486504903002163758e+00) (1, 1.82221835247767560695e+00) (2, 1.26290102335225484786e+00) (3, 1.06486448602707528543e+00) (4, 2.73590576635413307294e-01) (5, 1.64376411937420319198e+00) (6, -1.54351261751604651451e+00) (7, -7.56399010003851302031e+00) (8, -7.50669264675424940947e+00) (9, 1.92977312888402385838e+00) (10, -1.08451764042153198098e+00) 
