FANN_FLO_2.1
num_layers=3
learning_rate=0.700000
connection_rate=1.000000
network_type=0
learning_momentum=0.000000
training_algorithm=2
train_error_function=1
train_stop_function=1
cascade_output_change_fraction=0.010000
quickprop_decay=-0.000100
quickprop_mu=1.750000
rprop_increase_factor=1.200000
rprop_decrease_factor=0.500000
rprop_delta_min=0.000000
rprop_delta_max=50.000000
rprop_delta_zero=0.100000
cascade_output_stagnation_epochs=12
cascade_candidate_change_fraction=0.010000
cascade_candidate_stagnation_epochs=12
cascade_max_out_epochs=150
cascade_min_out_epochs=50
cascade_max_cand_epochs=150
cascade_min_cand_epochs=50
cascade_num_candidate_groups=2
bit_fail_limit=1.00000000000000005551e-01
cascade_candidate_limit=1.00000000000000000000e+03
cascade_weight_multiplier=4.00000000000000022204e-01
cascade_activation_functions_count=10
cascade_activation_functions=3 5 7 8 10 11 14 15 16 17 
cascade_activation_steepnesses_count=4
cascade_activation_steepnesses=2.50000000000000000000e-01 5.00000000000000000000e-01 7.50000000000000000000e-01 1.00000000000000000000e+00 
layer_sizes=11 4 2 
scale_included=0
neurons (num_inputs, activation_function, activation_steepness)=(0, 0, 0.00000000000000000000e+00) (0, 0, 0.00000000000000000000e+00) (0, 0, 0.00000000000000000000e+00) (0, 0, 0.00000000000000000000e+00) (0, 0, 0.00000000000000000000e+00) (0, 0, 0.00000000000000000000e+00) (0, 0, 0.00000000000000000000e+00) (0, 0, 0.00000000000000000000e+00) (0, 0, 0.00000000000000000000e+00) (0, 0, 0.00000000000000000000e+00) (0, 0, 0.00000000000000000000e+00) (11, 6, 5.00000000000000000000e-01) (11, 6, 5.00000000000000000000e-01) (11, 6, 5.00000000000000000000e-01) (0, 6, 0.00000000000000000000e+00) (4, 4, 5.00000000000000000000e-01) (0, 4, 0.00000000000000000000e+00) 
connections (connected_to_neuron, weight)=(0, 6.60887564115960657318e+00) (1, -7.10742921948693862078e+00) (2, 8.06840223463645700441e-01) (3, -5.74003976823220263270e+00) (4, -6.79313949515453252559e+00) (5, 4.49063471930433077972e+00) (6, -7.11518489955149213699e+00) (7, -6.46189619830306938297e+00) (8, -4.32613478319658195659e+00) (9, -7.06082702813826124100e+00) (10, 6.78645251833636820038e+00) (0, -5.46358396823541814236e-01) (1, 1.89918410427398742790e+00) (2, 2.36931783432836190473e-01) (3, 2.06368505317630068774e+00) (4, 6.03982190558220000121e-01) (5, -7.48729636342693617018e-03) (6, 1.66021917243295047406e+00) (7, 2.09738346444952572512e+00) (8, 9.85685236605798320575e-01) (9, 1.90876060980173689607e+00) (10, -5.71927120502130681423e-01) (0, 6.67088213705260812958e+00) (1, -7.09222909257076850054e+00) (2, 8.38792992027869499516e-01) (3, -6.08918564675671092346e+00) (4, -6.74997286890974912410e+00) (5, 4.49466059582639498871e+00) (6, -7.16025106249533216385e+00) (7, -5.66131400516039473558e+00) (8, -4.20483098642839348003e+00) (9, -7.15608649341545621780e+00) (10, 6.78313146673877298554e+00) (11, -3.63939379233893811616e+00) (12, 1.10364771630795344137e+00) (13, -3.66085130427059590730e+00) (14, -1.07187340433958766539e+00) 
