FANN_FLO_2.1
num_layers=3
learning_rate=0.700000
connection_rate=1.000000
network_type=0
learning_momentum=0.000000
training_algorithm=2
train_error_function=1
train_stop_function=1
cascade_output_change_fraction=0.010000
quickprop_decay=-0.000100
quickprop_mu=1.750000
rprop_increase_factor=1.200000
rprop_decrease_factor=0.500000
rprop_delta_min=0.000000
rprop_delta_max=50.000000
rprop_delta_zero=0.100000
cascade_output_stagnation_epochs=12
cascade_candidate_change_fraction=0.010000
cascade_candidate_stagnation_epochs=12
cascade_max_out_epochs=150
cascade_min_out_epochs=50
cascade_max_cand_epochs=150
cascade_min_cand_epochs=50
cascade_num_candidate_groups=2
bit_fail_limit=1.00000000000000005551e-01
cascade_candidate_limit=1.00000000000000000000e+03
cascade_weight_multiplier=4.00000000000000022204e-01
cascade_activation_functions_count=10
cascade_activation_functions=3 5 7 8 10 11 14 15 16 17 
cascade_activation_steepnesses_count=4
cascade_activation_steepnesses=2.50000000000000000000e-01 5.00000000000000000000e-01 7.50000000000000000000e-01 1.00000000000000000000e+00 
layer_sizes=11 4 2 
scale_included=0
neurons (num_inputs, activation_function, activation_steepness)=(0, 0, 0.00000000000000000000e+00) (0, 0, 0.00000000000000000000e+00) (0, 0, 0.00000000000000000000e+00) (0, 0, 0.00000000000000000000e+00) (0, 0, 0.00000000000000000000e+00) (0, 0, 0.00000000000000000000e+00) (0, 0, 0.00000000000000000000e+00) (0, 0, 0.00000000000000000000e+00) (0, 0, 0.00000000000000000000e+00) (0, 0, 0.00000000000000000000e+00) (0, 0, 0.00000000000000000000e+00) (11, 6, 5.00000000000000000000e-01) (11, 6, 5.00000000000000000000e-01) (11, 6, 5.00000000000000000000e-01) (0, 6, 0.00000000000000000000e+00) (4, 4, 5.00000000000000000000e-01) (0, 4, 0.00000000000000000000e+00) 
connections (connected_to_neuron, weight)=(0, 7.08972847165542674475e+00) (1, -5.55341305237932036931e+00) (2, 2.55350176675361417722e-01) (3, -2.64665185702522665068e+00) (4, -6.14249210633948283800e+00) (5, -2.08057308394453022160e+00) (6, 3.49758452830021826507e-01) (7, -5.65977050029284711741e+00) (8, -3.45612821887789323227e+00) (9, -5.75845104771833060653e+00) (10, 5.93241505513533518013e+00) (0, 7.31854830482456186758e+00) (1, -5.50366103303356002385e+00) (2, 9.68921718360321593266e-01) (3, -2.58514411044796377226e+00) (4, -5.45430324646849751247e+00) (5, -6.13710990811151901880e+00) (6, 1.06802609633232892250e+00) (7, -5.38757340125031891631e+00) (8, -5.54457762514483398775e+00) (9, -5.31787551255206736300e+00) (10, 6.03448080183982682456e+00) (0, -2.42588167504926566220e-01) (1, 7.60006907466697079201e-01) (2, 1.47359806300969869985e-01) (3, 2.32129049632355893840e-01) (4, 2.10368241880334494454e+00) (5, 1.82370317361395861688e+00) (6, 1.89180120045239985593e-01) (7, 5.74393848220730363074e-01) (8, 5.59313271110501664118e-01) (9, 6.40245959064767777846e-01) (10, -1.05100808447991227873e-02) (11, -7.32101068682997002668e+00) (12, -5.43905966976312793548e+00) (13, 8.12777592783871738469e-01) (14, -1.33369256382770040581e+00) 
