FANN_FLO_2.1
num_layers=3
learning_rate=0.700000
connection_rate=1.000000
network_type=0
learning_momentum=0.000000
training_algorithm=2
train_error_function=1
train_stop_function=1
cascade_output_change_fraction=0.010000
quickprop_decay=-0.000100
quickprop_mu=1.750000
rprop_increase_factor=1.200000
rprop_decrease_factor=0.500000
rprop_delta_min=0.000000
rprop_delta_max=50.000000
rprop_delta_zero=0.100000
cascade_output_stagnation_epochs=12
cascade_candidate_change_fraction=0.010000
cascade_candidate_stagnation_epochs=12
cascade_max_out_epochs=150
cascade_min_out_epochs=50
cascade_max_cand_epochs=150
cascade_min_cand_epochs=50
cascade_num_candidate_groups=2
bit_fail_limit=1.00000000000000005551e-01
cascade_candidate_limit=1.00000000000000000000e+03
cascade_weight_multiplier=4.00000000000000022204e-01
cascade_activation_functions_count=10
cascade_activation_functions=3 5 7 8 10 11 14 15 16 17 
cascade_activation_steepnesses_count=4
cascade_activation_steepnesses=2.50000000000000000000e-01 5.00000000000000000000e-01 7.50000000000000000000e-01 1.00000000000000000000e+00 
layer_sizes=16 4 2 
scale_included=0
neurons (num_inputs, activation_function, activation_steepness)=(0, 0, 0.00000000000000000000e+00) (0, 0, 0.00000000000000000000e+00) (0, 0, 0.00000000000000000000e+00) (0, 0, 0.00000000000000000000e+00) (0, 0, 0.00000000000000000000e+00) (0, 0, 0.00000000000000000000e+00) (0, 0, 0.00000000000000000000e+00) (0, 0, 0.00000000000000000000e+00) (0, 0, 0.00000000000000000000e+00) (0, 0, 0.00000000000000000000e+00) (0, 0, 0.00000000000000000000e+00) (0, 0, 0.00000000000000000000e+00) (0, 0, 0.00000000000000000000e+00) (0, 0, 0.00000000000000000000e+00) (0, 0, 0.00000000000000000000e+00) (0, 0, 0.00000000000000000000e+00) (16, 6, 5.00000000000000000000e-01) (16, 6, 5.00000000000000000000e-01) (16, 6, 5.00000000000000000000e-01) (0, 6, 0.00000000000000000000e+00) (4, 4, 5.00000000000000000000e-01) (0, 4, 0.00000000000000000000e+00) 
connections (connected_to_neuron, weight)=(0, 5.56222271671662937820e+00) (1, -3.75819078220250135658e+00) (2, -1.86155430241823260928e+00) (3, -5.29863131303579426579e-01) (4, -2.27881651054794209799e+00) (5, -1.95928545293265732319e+00) (6, -2.83435865760624228216e+00) (7, -1.59486605358633370955e+00) (8, -3.70102295345566778551e+00) (9, -4.59862206435136422478e-01) (10, -2.39655358399922224777e+00) (11, -3.86708828229844270297e+00) (12, -1.27933040966387068238e+00) (13, -3.35827024670621376856e+00) (14, -5.55521204236099075402e-01) (15, 4.39015127155957696203e+00) (0, 5.66040420657168041885e+00) (1, -3.71190251542450866395e+00) (2, -1.84954958423376147891e+00) (3, -4.76461860303899142899e-01) (4, -2.29646233152324574789e+00) (5, -2.01451145109588081183e+00) (6, -2.85004187644302664495e+00) (7, -1.57347691190752358992e+00) (8, -3.78945504194996907188e+00) (9, -5.22312131082944497429e-01) (10, -2.37258232067996832626e+00) (11, -3.84121507574259846152e+00) (12, -1.18963887502546583619e+00) (13, -3.35338405164262276514e+00) (14, -4.76235288295098979638e-01) (15, 4.39050748381791589026e+00) (0, 5.61831960952053677261e+00) (1, -3.90079052133681392078e+00) (2, -1.84741641595363681461e+00) (3, -4.60919293527623619156e-01) (4, -2.28184052239829915365e+00) (5, -2.00428748127871925178e+00) (6, -2.82677299798309622503e+00) (7, -1.61767081302913995344e+00) (8, -3.69614912802145267889e+00) (9, -4.46910549259118661247e-01) (10, -2.41809151749784323471e+00) (11, -3.79635262657343952597e+00) (12, -1.24249243323798452820e+00) (13, -3.44727539660712700709e+00) (14, -4.59375302407094676660e-01) (15, 4.43583541546044823889e+00) (16, -5.89727046820834299723e+00) (17, -5.93008152130559107462e+00) (18, -5.89708564910605570475e+00) (19, -5.36876483287821670842e-01) 
