FANN_FLO_2.1
num_layers=3
learning_rate=0.700000
connection_rate=1.000000
network_type=0
learning_momentum=0.000000
training_algorithm=2
train_error_function=1
train_stop_function=1
cascade_output_change_fraction=0.010000
quickprop_decay=-0.000100
quickprop_mu=1.750000
rprop_increase_factor=1.200000
rprop_decrease_factor=0.500000
rprop_delta_min=0.000000
rprop_delta_max=50.000000
rprop_delta_zero=0.100000
cascade_output_stagnation_epochs=12
cascade_candidate_change_fraction=0.010000
cascade_candidate_stagnation_epochs=12
cascade_max_out_epochs=150
cascade_min_out_epochs=50
cascade_max_cand_epochs=150
cascade_min_cand_epochs=50
cascade_num_candidate_groups=2
bit_fail_limit=1.00000000000000005551e-01
cascade_candidate_limit=1.00000000000000000000e+03
cascade_weight_multiplier=4.00000000000000022204e-01
cascade_activation_functions_count=10
cascade_activation_functions=3 5 7 8 10 11 14 15 16 17 
cascade_activation_steepnesses_count=4
cascade_activation_steepnesses=2.50000000000000000000e-01 5.00000000000000000000e-01 7.50000000000000000000e-01 1.00000000000000000000e+00 
layer_sizes=12 4 2 
scale_included=0
neurons (num_inputs, activation_function, activation_steepness)=(0, 0, 0.00000000000000000000e+00) (0, 0, 0.00000000000000000000e+00) (0, 0, 0.00000000000000000000e+00) (0, 0, 0.00000000000000000000e+00) (0, 0, 0.00000000000000000000e+00) (0, 0, 0.00000000000000000000e+00) (0, 0, 0.00000000000000000000e+00) (0, 0, 0.00000000000000000000e+00) (0, 0, 0.00000000000000000000e+00) (0, 0, 0.00000000000000000000e+00) (0, 0, 0.00000000000000000000e+00) (0, 0, 0.00000000000000000000e+00) (12, 6, 5.00000000000000000000e-01) (12, 6, 5.00000000000000000000e-01) (12, 6, 5.00000000000000000000e-01) (0, 6, 0.00000000000000000000e+00) (4, 4, 5.00000000000000000000e-01) (0, 4, 0.00000000000000000000e+00) 
connections (connected_to_neuron, weight)=(0, 2.18666567164720282435e+00) (1, -4.06748500856686590055e+00) (2, -1.18934254515469506330e+00) (3, -2.18967307604602767768e+00) (4, -7.80716226402801916073e-01) (5, -9.02512356914347418924e-02) (6, -4.42123728316952124828e+00) (7, 2.34365512506419859662e+00) (8, 4.95974236198100193462e+00) (9, -2.46442078196258540501e+00) (10, -1.54254720337152750886e+00) (11, 5.34919063424170015963e+00) (0, -1.12771941366874872692e+00) (1, 1.77198196597101009786e+00) (2, 2.76725919954999732830e-01) (3, 1.60383211375924039643e+00) (4, 1.48532265974841015677e+00) (5, 1.06008687322801775643e+00) (6, 2.50626184781538485780e+00) (7, -2.65944196131336074718e-01) (8, -2.63825475933682662699e+00) (9, 9.02533633304138938058e-01) (10, 9.36684266080293759238e-01) (11, -1.48880099465658943814e+00) (0, -1.16047162867676620368e-01) (1, 2.10135310621859527913e+00) (2, 1.66805984511877919418e-01) (3, 1.57289483780951588887e-01) (4, 9.80502525962928417336e-01) (5, 7.02913158733832754699e-01) (6, 4.41625723061665309555e-01) (7, 1.86444424151881310570e-01) (8, -5.48582206476756151226e-01) (9, 2.91092228265345920324e-01) (10, 2.11807549113609577818e-01) (11, -8.88982530008667753973e-02) (12, -1.70283486228872282808e+00) (13, 2.90976022169413433005e+01) (14, 3.83311000552953806686e-01) (15, -1.33816152771523277920e+00) 
