FANN_FLO_2.1
num_layers=3
learning_rate=0.700000
connection_rate=1.000000
network_type=0
learning_momentum=0.000000
training_algorithm=2
train_error_function=1
train_stop_function=1
cascade_output_change_fraction=0.010000
quickprop_decay=-0.000100
quickprop_mu=1.750000
rprop_increase_factor=1.200000
rprop_decrease_factor=0.500000
rprop_delta_min=0.000000
rprop_delta_max=50.000000
rprop_delta_zero=0.100000
cascade_output_stagnation_epochs=12
cascade_candidate_change_fraction=0.010000
cascade_candidate_stagnation_epochs=12
cascade_max_out_epochs=150
cascade_min_out_epochs=50
cascade_max_cand_epochs=150
cascade_min_cand_epochs=50
cascade_num_candidate_groups=2
bit_fail_limit=1.00000000000000005551e-01
cascade_candidate_limit=1.00000000000000000000e+03
cascade_weight_multiplier=4.00000000000000022204e-01
cascade_activation_functions_count=10
cascade_activation_functions=3 5 7 8 10 11 14 15 16 17 
cascade_activation_steepnesses_count=4
cascade_activation_steepnesses=2.50000000000000000000e-01 5.00000000000000000000e-01 7.50000000000000000000e-01 1.00000000000000000000e+00 
layer_sizes=11 4 2 
scale_included=0
neurons (num_inputs, activation_function, activation_steepness)=(0, 0, 0.00000000000000000000e+00) (0, 0, 0.00000000000000000000e+00) (0, 0, 0.00000000000000000000e+00) (0, 0, 0.00000000000000000000e+00) (0, 0, 0.00000000000000000000e+00) (0, 0, 0.00000000000000000000e+00) (0, 0, 0.00000000000000000000e+00) (0, 0, 0.00000000000000000000e+00) (0, 0, 0.00000000000000000000e+00) (0, 0, 0.00000000000000000000e+00) (0, 0, 0.00000000000000000000e+00) (11, 6, 5.00000000000000000000e-01) (11, 6, 5.00000000000000000000e-01) (11, 6, 5.00000000000000000000e-01) (0, 6, 0.00000000000000000000e+00) (4, 4, 5.00000000000000000000e-01) (0, 4, 0.00000000000000000000e+00) 
connections (connected_to_neuron, weight)=(0, 3.29546062063322375835e-01) (1, -9.54113447228830846569e-01) (2, -2.41627490524950971906e-01) (3, 1.46546279894954389889e-01) (4, -1.63293075397488829381e-01) (5, -7.02684832543554849238e-01) (6, 4.43044263002307509014e-02) (7, 1.18825633253934206945e-01) (8, -1.01759787574405735633e+00) (9, -8.72834795276087316296e-01) (10, 1.87798153098745645995e-01) (0, -5.62514644132697672063e+00) (1, 3.07663696017948140593e+00) (2, 1.64771407711171180566e+00) (3, 1.69465484010424205508e+00) (4, 1.85902396381404866332e+00) (5, 3.33733617985438435483e+00) (6, -2.65490572182713269189e-01) (7, -2.17422209021540413509e-01) (8, 3.09128186610427846404e+00) (9, 3.05974470582691182585e+00) (10, -2.96681848976482998026e+00) (0, 5.75356333117471940852e+00) (1, -4.64186488041856826214e+00) (2, -3.31762517714712601435e-01) (3, -3.46966722012877593073e+00) (4, 1.05484665417590606218e-01) (5, -7.37392567029237699927e+00) (6, 6.02520240674862317398e-01) (7, -1.47386926079770597120e+00) (8, -4.54623613456466735272e+00) (9, -4.70468953946807921795e+00) (10, 5.26937685371475339480e+00) (11, -7.68114822712813838379e-01) (12, 4.55559331360050823179e+00) (13, -3.86399739929337915356e+00) (14, -1.12779560099964903941e+00) 
