FANN_FLO_2.1
num_layers=3
learning_rate=0.700000
connection_rate=1.000000
network_type=0
learning_momentum=0.000000
training_algorithm=2
train_error_function=1
train_stop_function=1
cascade_output_change_fraction=0.010000
quickprop_decay=-0.000100
quickprop_mu=1.750000
rprop_increase_factor=1.200000
rprop_decrease_factor=0.500000
rprop_delta_min=0.000000
rprop_delta_max=50.000000
rprop_delta_zero=0.100000
cascade_output_stagnation_epochs=12
cascade_candidate_change_fraction=0.010000
cascade_candidate_stagnation_epochs=12
cascade_max_out_epochs=150
cascade_min_out_epochs=50
cascade_max_cand_epochs=150
cascade_min_cand_epochs=50
cascade_num_candidate_groups=2
bit_fail_limit=1.00000000000000005551e-01
cascade_candidate_limit=1.00000000000000000000e+03
cascade_weight_multiplier=4.00000000000000022204e-01
cascade_activation_functions_count=10
cascade_activation_functions=3 5 7 8 10 11 14 15 16 17 
cascade_activation_steepnesses_count=4
cascade_activation_steepnesses=2.50000000000000000000e-01 5.00000000000000000000e-01 7.50000000000000000000e-01 1.00000000000000000000e+00 
layer_sizes=10 4 2 
scale_included=0
neurons (num_inputs, activation_function, activation_steepness)=(0, 0, 0.00000000000000000000e+00) (0, 0, 0.00000000000000000000e+00) (0, 0, 0.00000000000000000000e+00) (0, 0, 0.00000000000000000000e+00) (0, 0, 0.00000000000000000000e+00) (0, 0, 0.00000000000000000000e+00) (0, 0, 0.00000000000000000000e+00) (0, 0, 0.00000000000000000000e+00) (0, 0, 0.00000000000000000000e+00) (0, 0, 0.00000000000000000000e+00) (10, 6, 5.00000000000000000000e-01) (10, 6, 5.00000000000000000000e-01) (10, 6, 5.00000000000000000000e-01) (0, 6, 0.00000000000000000000e+00) (4, 4, 5.00000000000000000000e-01) (0, 4, 0.00000000000000000000e+00) 
connections (connected_to_neuron, weight)=(0, -1.17499450543859662588e+00) (1, 2.00846897113646338795e+00) (2, 1.55537600018901356336e+00) (3, 1.74240116294103158934e-01) (4, 1.06989469643312198888e-01) (5, 9.59857358292862228311e-01) (6, -1.20109550624242533701e+00) (7, 4.32246227927434667482e-01) (8, 1.45410343202630992776e-01) (9, -1.95878808093155187819e+00) (0, -3.99648960684261589371e-01) (1, 2.14928869951094458912e+00) (2, 1.54401793279571064588e+00) (3, 1.46469343717771288693e-01) (4, 6.30342006189171466524e-01) (5, 9.95164959387107694866e-01) (6, -1.13037768941681493473e+00) (7, 4.24039897687661870851e-01) (8, 5.53228772607250035565e-02) (9, -2.52608129881600618205e+00) (0, -3.75474790110194092674e-02) (1, -1.07030991235926756233e-01) (2, -6.16661037676153392373e-02) (3, -3.25613312746436886491e-02) (4, 1.38643461914268406598e-01) (5, -1.33924756149563561891e-01) (6, 6.10584618157902880853e-01) (7, -8.03032202221714980217e-02) (8, 7.71810350940621420213e-02) (9, 4.50682639262187101359e-01) (10, 1.49854844278143488623e+01) (11, 7.43580807142595823223e+00) (12, -6.64591171119114365595e-01) (13, -1.18143545825161178087e+00) 
