FANN_FLO_2.1
num_layers=3
learning_rate=0.700000
connection_rate=1.000000
network_type=0
learning_momentum=0.000000
training_algorithm=2
train_error_function=1
train_stop_function=1
cascade_output_change_fraction=0.010000
quickprop_decay=-0.000100
quickprop_mu=1.750000
rprop_increase_factor=1.200000
rprop_decrease_factor=0.500000
rprop_delta_min=0.000000
rprop_delta_max=50.000000
rprop_delta_zero=0.100000
cascade_output_stagnation_epochs=12
cascade_candidate_change_fraction=0.010000
cascade_candidate_stagnation_epochs=12
cascade_max_out_epochs=150
cascade_min_out_epochs=50
cascade_max_cand_epochs=150
cascade_min_cand_epochs=50
cascade_num_candidate_groups=2
bit_fail_limit=1.00000000000000005551e-01
cascade_candidate_limit=1.00000000000000000000e+03
cascade_weight_multiplier=4.00000000000000022204e-01
cascade_activation_functions_count=10
cascade_activation_functions=3 5 7 8 10 11 14 15 16 17 
cascade_activation_steepnesses_count=4
cascade_activation_steepnesses=2.50000000000000000000e-01 5.00000000000000000000e-01 7.50000000000000000000e-01 1.00000000000000000000e+00 
layer_sizes=7 4 2 
scale_included=0
neurons (num_inputs, activation_function, activation_steepness)=(0, 0, 0.00000000000000000000e+00) (0, 0, 0.00000000000000000000e+00) (0, 0, 0.00000000000000000000e+00) (0, 0, 0.00000000000000000000e+00) (0, 0, 0.00000000000000000000e+00) (0, 0, 0.00000000000000000000e+00) (0, 0, 0.00000000000000000000e+00) (7, 6, 5.00000000000000000000e-01) (7, 6, 5.00000000000000000000e-01) (7, 6, 5.00000000000000000000e-01) (0, 6, 0.00000000000000000000e+00) (4, 4, 5.00000000000000000000e-01) (0, 4, 0.00000000000000000000e+00) 
connections (connected_to_neuron, weight)=(0, -3.39265287165833218097e+00) (1, 2.76152413948928554532e+00) (2, 9.80835053064193274075e-01) (3, 1.23557361871294668632e+00) (4, 2.34207263854530944869e+00) (5, 2.84625727989084564840e+00) (6, -2.74064438186221481786e+00) (0, 3.75868997960025330585e+00) (1, -3.12894709100159928994e+00) (2, 8.69681362768458199319e-01) (3, -2.63746847879591372887e+00) (4, -6.15630064274341304298e+00) (5, -2.92333998019047713868e+00) (6, 3.34432143873419551738e+00) (0, -5.16115603278614956673e-02) (1, -1.01587635075813503827e-01) (2, -1.19515020703008101322e+00) (3, -1.67247340261166588249e+00) (4, -9.33668239485177298143e-01) (5, -3.19763576246078276566e-02) (6, 6.13194888403814086786e-01) (7, 9.45474252037400830773e+00) (8, -2.70703933281877562322e+00) (9, -1.58113538327990266197e+00) (10, -1.54610114331694714629e+00) 
