FANN_FLO_2.1
num_layers=3
learning_rate=0.700000
connection_rate=1.000000
network_type=0
learning_momentum=0.000000
training_algorithm=2
train_error_function=1
train_stop_function=1
cascade_output_change_fraction=0.010000
quickprop_decay=-0.000100
quickprop_mu=1.750000
rprop_increase_factor=1.200000
rprop_decrease_factor=0.500000
rprop_delta_min=0.000000
rprop_delta_max=50.000000
rprop_delta_zero=0.100000
cascade_output_stagnation_epochs=12
cascade_candidate_change_fraction=0.010000
cascade_candidate_stagnation_epochs=12
cascade_max_out_epochs=150
cascade_min_out_epochs=50
cascade_max_cand_epochs=150
cascade_min_cand_epochs=50
cascade_num_candidate_groups=2
bit_fail_limit=1.00000000000000005551e-01
cascade_candidate_limit=1.00000000000000000000e+03
cascade_weight_multiplier=4.00000000000000022204e-01
cascade_activation_functions_count=10
cascade_activation_functions=3 5 7 8 10 11 14 15 16 17 
cascade_activation_steepnesses_count=4
cascade_activation_steepnesses=2.50000000000000000000e-01 5.00000000000000000000e-01 7.50000000000000000000e-01 1.00000000000000000000e+00 
layer_sizes=9 4 2 
scale_included=0
neurons (num_inputs, activation_function, activation_steepness)=(0, 0, 0.00000000000000000000e+00) (0, 0, 0.00000000000000000000e+00) (0, 0, 0.00000000000000000000e+00) (0, 0, 0.00000000000000000000e+00) (0, 0, 0.00000000000000000000e+00) (0, 0, 0.00000000000000000000e+00) (0, 0, 0.00000000000000000000e+00) (0, 0, 0.00000000000000000000e+00) (0, 0, 0.00000000000000000000e+00) (9, 6, 5.00000000000000000000e-01) (9, 6, 5.00000000000000000000e-01) (9, 6, 5.00000000000000000000e-01) (0, 6, 0.00000000000000000000e+00) (4, 4, 5.00000000000000000000e-01) (0, 4, 0.00000000000000000000e+00) 
connections (connected_to_neuron, weight)=(0, 5.18652173858518494853e+00) (1, -4.99310608108875353395e+00) (2, -5.11010741051580463790e+00) (3, 2.08158973320694551390e+00) (4, -1.62167241115878701940e+00) (5, -1.95811023227037139804e+00) (6, -1.51016184766717254107e+00) (7, 2.91944678450562866701e+00) (8, 5.14109509420032395610e+00) (0, -1.11137190712625469335e-01) (1, 1.53511020673785747448e+00) (2, 1.70094339881417688787e+00) (3, -4.70701997698382834656e-02) (4, 2.91405776037132024925e-01) (5, 3.06393377528380916885e-01) (6, 8.43773803473293226851e-01) (7, -6.10280372040239507681e-02) (8, -6.63095879089183326549e-02) (0, 5.11694303022670049508e-01) (1, -1.00529987899789041705e+00) (2, -2.23790503428651943452e+00) (3, 3.90936234473595600747e-01) (4, -8.29833290609007824534e-03) (5, -6.10797673239043215077e-01) (6, -3.40725901984470502804e-01) (7, 2.26507469446347975417e-01) (8, 5.63289528210664802721e-01) (9, -6.44718148848849637034e+00) (10, 5.96374077983408690251e-01) (11, -1.89869792511762147669e+00) (12, -2.14471625845389457510e+00) 
