FANN_FLO_2.1
num_layers=3
learning_rate=0.700000
connection_rate=1.000000
network_type=0
learning_momentum=0.000000
training_algorithm=2
train_error_function=1
train_stop_function=1
cascade_output_change_fraction=0.010000
quickprop_decay=-0.000100
quickprop_mu=1.750000
rprop_increase_factor=1.200000
rprop_decrease_factor=0.500000
rprop_delta_min=0.000000
rprop_delta_max=50.000000
rprop_delta_zero=0.100000
cascade_output_stagnation_epochs=12
cascade_candidate_change_fraction=0.010000
cascade_candidate_stagnation_epochs=12
cascade_max_out_epochs=150
cascade_min_out_epochs=50
cascade_max_cand_epochs=150
cascade_min_cand_epochs=50
cascade_num_candidate_groups=2
bit_fail_limit=1.00000000000000005551e-01
cascade_candidate_limit=1.00000000000000000000e+03
cascade_weight_multiplier=4.00000000000000022204e-01
cascade_activation_functions_count=10
cascade_activation_functions=3 5 7 8 10 11 14 15 16 17 
cascade_activation_steepnesses_count=4
cascade_activation_steepnesses=2.50000000000000000000e-01 5.00000000000000000000e-01 7.50000000000000000000e-01 1.00000000000000000000e+00 
layer_sizes=10 4 2 
scale_included=0
neurons (num_inputs, activation_function, activation_steepness)=(0, 0, 0.00000000000000000000e+00) (0, 0, 0.00000000000000000000e+00) (0, 0, 0.00000000000000000000e+00) (0, 0, 0.00000000000000000000e+00) (0, 0, 0.00000000000000000000e+00) (0, 0, 0.00000000000000000000e+00) (0, 0, 0.00000000000000000000e+00) (0, 0, 0.00000000000000000000e+00) (0, 0, 0.00000000000000000000e+00) (0, 0, 0.00000000000000000000e+00) (10, 6, 5.00000000000000000000e-01) (10, 6, 5.00000000000000000000e-01) (10, 6, 5.00000000000000000000e-01) (0, 6, 0.00000000000000000000e+00) (4, 4, 5.00000000000000000000e-01) (0, 4, 0.00000000000000000000e+00) 
connections (connected_to_neuron, weight)=(0, -9.92376350633301762549e-01) (1, 1.70239889735010851979e+00) (2, 2.48093198917695101358e+00) (3, -1.25921692157863152062e+00) (4, 1.57703863736552540864e+00) (5, 2.43876161148108661081e+00) (6, 1.10695458039327357391e-01) (7, 1.81037150469460939028e+00) (8, 6.80862569437903020209e-01) (9, -3.04515130098378561385e+00) (0, 1.50403806197798073363e+00) (1, -4.33279609605694826513e+00) (2, -3.54645948222457851884e+00) (3, 2.37061255288616934411e-01) (4, -4.61904068824230140677e+00) (5, -3.01159265818413990345e+00) (6, -1.07970269435826798921e-01) (7, -1.71846928113881386446e-01) (8, -2.41993153188231113759e+00) (9, 5.27421120941232324242e+00) (0, 1.51637374985372841429e+00) (1, -3.64074861311575048717e+00) (2, -3.62720209470569576737e+00) (3, 2.00719788623260964044e+00) (4, -4.61111900743423408500e+00) (5, -3.00170539500531452504e+00) (6, -2.39387767428342196352e-01) (7, -1.05453135484639665131e-01) (8, -2.28192874882223728505e+00) (9, 5.27354755639623284935e+00) (10, 2.13752592084745396406e+00) (11, -5.61221870979936365842e+00) (12, -1.42390401772129457925e+01) (13, -1.09638930773114839923e+00) 
