FANN_FLO_2.1
num_layers=3
learning_rate=0.700000
connection_rate=1.000000
network_type=0
learning_momentum=0.000000
training_algorithm=2
train_error_function=1
train_stop_function=1
cascade_output_change_fraction=0.010000
quickprop_decay=-0.000100
quickprop_mu=1.750000
rprop_increase_factor=1.200000
rprop_decrease_factor=0.500000
rprop_delta_min=0.000000
rprop_delta_max=50.000000
rprop_delta_zero=0.100000
cascade_output_stagnation_epochs=12
cascade_candidate_change_fraction=0.010000
cascade_candidate_stagnation_epochs=12
cascade_max_out_epochs=150
cascade_min_out_epochs=50
cascade_max_cand_epochs=150
cascade_min_cand_epochs=50
cascade_num_candidate_groups=2
bit_fail_limit=1.00000000000000005551e-01
cascade_candidate_limit=1.00000000000000000000e+03
cascade_weight_multiplier=4.00000000000000022204e-01
cascade_activation_functions_count=10
cascade_activation_functions=3 5 7 8 10 11 14 15 16 17 
cascade_activation_steepnesses_count=4
cascade_activation_steepnesses=2.50000000000000000000e-01 5.00000000000000000000e-01 7.50000000000000000000e-01 1.00000000000000000000e+00 
layer_sizes=9 4 2 
scale_included=0
neurons (num_inputs, activation_function, activation_steepness)=(0, 0, 0.00000000000000000000e+00) (0, 0, 0.00000000000000000000e+00) (0, 0, 0.00000000000000000000e+00) (0, 0, 0.00000000000000000000e+00) (0, 0, 0.00000000000000000000e+00) (0, 0, 0.00000000000000000000e+00) (0, 0, 0.00000000000000000000e+00) (0, 0, 0.00000000000000000000e+00) (0, 0, 0.00000000000000000000e+00) (9, 6, 5.00000000000000000000e-01) (9, 6, 5.00000000000000000000e-01) (9, 6, 5.00000000000000000000e-01) (0, 6, 0.00000000000000000000e+00) (4, 4, 5.00000000000000000000e-01) (0, 4, 0.00000000000000000000e+00) 
connections (connected_to_neuron, weight)=(0, -1.61766726216973122376e+00) (1, 9.15734064119924529024e-01) (2, 3.96527495778549354810e+00) (3, -1.09452102421820729461e+00) (4, 2.79888845934198959853e+00) (5, 2.24585172681717432086e-01) (6, -1.40339210792314678100e-01) (7, 1.72520065819600021406e+00) (8, -1.65225525638760339930e+00) (0, 2.81791028733667214823e+00) (1, -2.97405031754615567507e+00) (2, -2.27131460831967357805e+00) (3, 2.26391354436107850034e+00) (4, -4.69463087684339586136e-01) (5, 3.05457942861582953942e-01) (6, 2.50565372271057507092e+00) (7, -2.20869088124126394801e-01) (8, 2.39884286472026753145e+00) (0, 1.65518080503901446332e-02) (1, 5.44445153202570475415e-01) (2, 3.51893401533351524169e-01) (3, 3.80183458400663309984e-01) (4, 7.84158357297425889776e-02) (5, 1.67490651387786654292e-01) (6, -4.87582450242553533393e-02) (7, 3.34925776789059437277e-01) (8, 4.50805072578757681789e-02) (9, 5.91461679117099592418e+00) (10, -1.13281442801720757529e+01) (11, 2.72169527270781086425e-01) (12, -1.68448631903828394130e+00) 
