FANN_FLO_2.1
num_layers=3
learning_rate=0.700000
connection_rate=1.000000
network_type=0
learning_momentum=0.000000
training_algorithm=2
train_error_function=1
train_stop_function=1
cascade_output_change_fraction=0.010000
quickprop_decay=-0.000100
quickprop_mu=1.750000
rprop_increase_factor=1.200000
rprop_decrease_factor=0.500000
rprop_delta_min=0.000000
rprop_delta_max=50.000000
rprop_delta_zero=0.100000
cascade_output_stagnation_epochs=12
cascade_candidate_change_fraction=0.010000
cascade_candidate_stagnation_epochs=12
cascade_max_out_epochs=150
cascade_min_out_epochs=50
cascade_max_cand_epochs=150
cascade_min_cand_epochs=50
cascade_num_candidate_groups=2
bit_fail_limit=1.00000000000000005551e-01
cascade_candidate_limit=1.00000000000000000000e+03
cascade_weight_multiplier=4.00000000000000022204e-01
cascade_activation_functions_count=10
cascade_activation_functions=3 5 7 8 10 11 14 15 16 17 
cascade_activation_steepnesses_count=4
cascade_activation_steepnesses=2.50000000000000000000e-01 5.00000000000000000000e-01 7.50000000000000000000e-01 1.00000000000000000000e+00 
layer_sizes=12 4 2 
scale_included=0
neurons (num_inputs, activation_function, activation_steepness)=(0, 0, 0.00000000000000000000e+00) (0, 0, 0.00000000000000000000e+00) (0, 0, 0.00000000000000000000e+00) (0, 0, 0.00000000000000000000e+00) (0, 0, 0.00000000000000000000e+00) (0, 0, 0.00000000000000000000e+00) (0, 0, 0.00000000000000000000e+00) (0, 0, 0.00000000000000000000e+00) (0, 0, 0.00000000000000000000e+00) (0, 0, 0.00000000000000000000e+00) (0, 0, 0.00000000000000000000e+00) (0, 0, 0.00000000000000000000e+00) (12, 6, 5.00000000000000000000e-01) (12, 6, 5.00000000000000000000e-01) (12, 6, 5.00000000000000000000e-01) (0, 6, 0.00000000000000000000e+00) (4, 4, 5.00000000000000000000e-01) (0, 4, 0.00000000000000000000e+00) 
connections (connected_to_neuron, weight)=(0, -7.48861757405417494127e-01) (1, 1.42355746097189816979e+00) (2, 6.18832077736223062914e-01) (3, 2.52928412390485535255e+00) (4, 1.21204504915918653829e+00) (5, 7.46949085527098544102e-02) (6, -2.31372452873598843937e+00) (7, 2.86024555294634330593e+00) (8, 3.46172907482641678545e-01) (9, 4.82708327077093435342e-01) (10, 1.81369479310731307464e+00) (11, -7.43554798253195814439e-01) (0, 5.11103449098289353003e+00) (1, -5.04674947662059025788e+00) (2, -1.49402545856825974546e+00) (3, -3.33619942899851817941e+00) (4, -2.86822426219026027638e+00) (5, -3.11607033444837933089e+00) (6, 6.16829296456328357579e+00) (7, -5.23537823592870044109e+00) (8, -1.52423917860763841192e-01) (9, -5.09889564373859105473e+00) (10, 1.09810555906838858142e+00) (11, 5.37233990664397786929e+00) (0, -1.03713279433527316709e-01) (1, 3.77340573855594940689e-01) (2, 4.31186249653444875207e-01) (3, 1.22484128160400462804e+00) (4, 7.79868851247229488699e-01) (5, 7.86230641379805916813e-02) (6, -6.12338832826325174530e-01) (7, 2.37694677335960768971e+00) (8, 6.52297494754902951186e-01) (9, 4.78582089746196814861e-01) (10, 1.81195065643795172328e+00) (11, -1.73708178161799328687e-02) (12, 3.09867098579939304059e+00) (13, -8.31600588285733088867e+00) (14, 4.00802802358351861756e-01) (15, -1.83743441626283865453e+00) 
