FANN_FLO_2.1
num_layers=3
learning_rate=0.700000
connection_rate=1.000000
network_type=0
learning_momentum=0.000000
training_algorithm=2
train_error_function=1
train_stop_function=1
cascade_output_change_fraction=0.010000
quickprop_decay=-0.000100
quickprop_mu=1.750000
rprop_increase_factor=1.200000
rprop_decrease_factor=0.500000
rprop_delta_min=0.000000
rprop_delta_max=50.000000
rprop_delta_zero=0.100000
cascade_output_stagnation_epochs=12
cascade_candidate_change_fraction=0.010000
cascade_candidate_stagnation_epochs=12
cascade_max_out_epochs=150
cascade_min_out_epochs=50
cascade_max_cand_epochs=150
cascade_min_cand_epochs=50
cascade_num_candidate_groups=2
bit_fail_limit=1.00000000000000005551e-01
cascade_candidate_limit=1.00000000000000000000e+03
cascade_weight_multiplier=4.00000000000000022204e-01
cascade_activation_functions_count=10
cascade_activation_functions=3 5 7 8 10 11 14 15 16 17 
cascade_activation_steepnesses_count=4
cascade_activation_steepnesses=2.50000000000000000000e-01 5.00000000000000000000e-01 7.50000000000000000000e-01 1.00000000000000000000e+00 
layer_sizes=9 4 2 
scale_included=0
neurons (num_inputs, activation_function, activation_steepness)=(0, 0, 0.00000000000000000000e+00) (0, 0, 0.00000000000000000000e+00) (0, 0, 0.00000000000000000000e+00) (0, 0, 0.00000000000000000000e+00) (0, 0, 0.00000000000000000000e+00) (0, 0, 0.00000000000000000000e+00) (0, 0, 0.00000000000000000000e+00) (0, 0, 0.00000000000000000000e+00) (0, 0, 0.00000000000000000000e+00) (9, 6, 5.00000000000000000000e-01) (9, 6, 5.00000000000000000000e-01) (9, 6, 5.00000000000000000000e-01) (0, 6, 0.00000000000000000000e+00) (4, 4, 5.00000000000000000000e-01) (0, 4, 0.00000000000000000000e+00) 
connections (connected_to_neuron, weight)=(0, -1.10750328211582399485e-01) (1, 2.96227035308875563668e-01) (2, -1.28057168588437464418e-01) (3, -1.43771501049794581117e-01) (4, -6.96216908223013963841e-01) (5, -7.26872708448749627053e-01) (6, -7.70818125256877983986e-01) (7, -7.99281839081626976906e-01) (8, -2.23805903539456840790e-01) (0, -2.32895553219082174223e+00) (1, 4.81953987695896568511e+00) (2, -9.34477302653697050605e-02) (3, -3.77091578243486047484e-01) (4, -1.01479600620102972108e+00) (5, -5.97658172627205663829e-01) (6, -6.06452361126656347423e-01) (7, -7.56550453980679327159e-01) (8, -7.33066797633881384044e-01) (0, -2.20578924673559484404e+00) (1, 4.72703532346212806914e+00) (2, -1.95628665707817367414e-01) (3, -4.34737629292718530394e-01) (4, -1.00238327932190984804e+00) (5, -6.34783149142975622325e-01) (6, -6.43595099826569372325e-01) (7, -7.03791857143158727794e-01) (8, -7.03464180608506017833e-01) (9, 6.50706562597135884651e-01) (10, 4.81024590351307335112e+00) (11, 4.77646288492405357573e+00) (12, -1.08827594172787756044e+00) 
