FANN_FLO_2.1
num_layers=3
learning_rate=0.700000
connection_rate=1.000000
network_type=0
learning_momentum=0.000000
training_algorithm=2
train_error_function=1
train_stop_function=1
cascade_output_change_fraction=0.010000
quickprop_decay=-0.000100
quickprop_mu=1.750000
rprop_increase_factor=1.200000
rprop_decrease_factor=0.500000
rprop_delta_min=0.000000
rprop_delta_max=50.000000
rprop_delta_zero=0.100000
cascade_output_stagnation_epochs=12
cascade_candidate_change_fraction=0.010000
cascade_candidate_stagnation_epochs=12
cascade_max_out_epochs=150
cascade_min_out_epochs=50
cascade_max_cand_epochs=150
cascade_min_cand_epochs=50
cascade_num_candidate_groups=2
bit_fail_limit=1.00000000000000005551e-01
cascade_candidate_limit=1.00000000000000000000e+03
cascade_weight_multiplier=4.00000000000000022204e-01
cascade_activation_functions_count=10
cascade_activation_functions=3 5 7 8 10 11 14 15 16 17 
cascade_activation_steepnesses_count=4
cascade_activation_steepnesses=2.50000000000000000000e-01 5.00000000000000000000e-01 7.50000000000000000000e-01 1.00000000000000000000e+00 
layer_sizes=11 4 2 
scale_included=0
neurons (num_inputs, activation_function, activation_steepness)=(0, 0, 0.00000000000000000000e+00) (0, 0, 0.00000000000000000000e+00) (0, 0, 0.00000000000000000000e+00) (0, 0, 0.00000000000000000000e+00) (0, 0, 0.00000000000000000000e+00) (0, 0, 0.00000000000000000000e+00) (0, 0, 0.00000000000000000000e+00) (0, 0, 0.00000000000000000000e+00) (0, 0, 0.00000000000000000000e+00) (0, 0, 0.00000000000000000000e+00) (0, 0, 0.00000000000000000000e+00) (11, 6, 5.00000000000000000000e-01) (11, 6, 5.00000000000000000000e-01) (11, 6, 5.00000000000000000000e-01) (0, 6, 0.00000000000000000000e+00) (4, 4, 5.00000000000000000000e-01) (0, 4, 0.00000000000000000000e+00) 
connections (connected_to_neuron, weight)=(0, 4.24169424036662245925e+00) (1, -6.58733680602932913928e-01) (2, -1.09714077390153108560e+00) (3, 3.39432725469562601717e+00) (4, 2.16922600256103059735e+00) (5, -7.29689087777791201006e+00) (6, -6.51089954666241865766e+00) (7, -4.27439540956303254404e+00) (8, 5.48095799061731536739e+00) (9, -4.08479182190033274225e+00) (10, 7.69203117363921240468e+00) (0, -1.94066062278168072197e+00) (1, 4.41337938413544872418e+00) (2, 3.51875315731674298547e+00) (3, -1.90983763903779940607e-01) (4, 4.97577220312842405381e-01) (5, 4.42777532960560282760e+00) (6, 3.14479013323965128635e+00) (7, 4.47132275112032218090e+00) (8, 4.53853936509866162652e+00) (9, 4.44145571457909449364e-01) (10, -4.60643958488735805190e+00) (0, -1.23329619031677140129e+00) (1, 3.98028813033373563002e+00) (2, 3.43692001825481519006e+00) (3, -1.31563894955849441937e-01) (4, 4.78904017876997267766e-01) (5, 4.55646571568405800434e+00) (6, 2.27203830193996880737e+00) (7, 4.33202088775230986784e+00) (8, 6.23536710330080623521e+00) (9, -9.88803009646845199043e-01) (10, -4.58798832491526109578e+00) (11, -6.83953294990465643366e-01) (12, 1.13675621210691559781e+01) (13, 3.03255819088265976546e+00) (14, -9.60904476824990250172e-01) 
