FANN_FLO_2.1
num_layers=3
learning_rate=0.700000
connection_rate=1.000000
network_type=0
learning_momentum=0.000000
training_algorithm=2
train_error_function=1
train_stop_function=1
cascade_output_change_fraction=0.010000
quickprop_decay=-0.000100
quickprop_mu=1.750000
rprop_increase_factor=1.200000
rprop_decrease_factor=0.500000
rprop_delta_min=0.000000
rprop_delta_max=50.000000
rprop_delta_zero=0.100000
cascade_output_stagnation_epochs=12
cascade_candidate_change_fraction=0.010000
cascade_candidate_stagnation_epochs=12
cascade_max_out_epochs=150
cascade_min_out_epochs=50
cascade_max_cand_epochs=150
cascade_min_cand_epochs=50
cascade_num_candidate_groups=2
bit_fail_limit=1.00000000000000005551e-01
cascade_candidate_limit=1.00000000000000000000e+03
cascade_weight_multiplier=4.00000000000000022204e-01
cascade_activation_functions_count=10
cascade_activation_functions=3 5 7 8 10 11 14 15 16 17 
cascade_activation_steepnesses_count=4
cascade_activation_steepnesses=2.50000000000000000000e-01 5.00000000000000000000e-01 7.50000000000000000000e-01 1.00000000000000000000e+00 
layer_sizes=11 4 2 
scale_included=0
neurons (num_inputs, activation_function, activation_steepness)=(0, 0, 0.00000000000000000000e+00) (0, 0, 0.00000000000000000000e+00) (0, 0, 0.00000000000000000000e+00) (0, 0, 0.00000000000000000000e+00) (0, 0, 0.00000000000000000000e+00) (0, 0, 0.00000000000000000000e+00) (0, 0, 0.00000000000000000000e+00) (0, 0, 0.00000000000000000000e+00) (0, 0, 0.00000000000000000000e+00) (0, 0, 0.00000000000000000000e+00) (0, 0, 0.00000000000000000000e+00) (11, 6, 5.00000000000000000000e-01) (11, 6, 5.00000000000000000000e-01) (11, 6, 5.00000000000000000000e-01) (0, 6, 0.00000000000000000000e+00) (4, 4, 5.00000000000000000000e-01) (0, 4, 0.00000000000000000000e+00) 
connections (connected_to_neuron, weight)=(0, -2.57470982341512266700e+00) (1, -2.96305809934200969913e-01) (2, 1.42181797998908141523e+01) (3, 2.14706693321018049492e-01) (4, 1.41977870914104560285e+01) (5, 3.28241408924353494925e-01) (6, 3.35133080614150313803e-01) (7, 2.14014667048390538895e+00) (8, -1.53668183405646541217e+00) (9, 9.20629961061041335313e-01) (10, -1.72626163173609548096e+00) (0, -3.35957065486442274516e-01) (1, -6.47628570722187713038e-01) (2, 1.26624196845116290810e-02) (3, 7.25404293243917752676e-01) (4, -2.19489789093711890056e-01) (5, -8.51436154114523779946e-01) (6, -9.30802067805274901957e+00) (7, 4.46351482787304831845e+00) (8, 8.61065003952920515751e-01) (9, 1.97940782556616867716e+00) (10, 7.95348053036767477231e-01) (0, 7.22193342433753771026e-01) (1, 2.64545620500082190318e+00) (2, 3.49298987162820839814e+00) (3, -2.44669930788810452427e+00) (4, 3.43730395891736462133e+00) (5, 2.51998272838037795651e+00) (6, 3.43032589064753867802e-01) (7, -9.17875255893124353257e-01) (8, -2.20266647140663041071e+00) (9, -2.29385515435803677420e+00) (10, -3.02847904776377552238e+00) (11, 1.68862760383313781354e+00) (12, -2.10801808371779353379e+00) (13, 1.18727904856364609998e+01) (14, -1.72130897629022938666e+00) 
