FANN_FLO_2.1
num_layers=3
learning_rate=0.700000
connection_rate=1.000000
network_type=0
learning_momentum=0.000000
training_algorithm=2
train_error_function=1
train_stop_function=1
cascade_output_change_fraction=0.010000
quickprop_decay=-0.000100
quickprop_mu=1.750000
rprop_increase_factor=1.200000
rprop_decrease_factor=0.500000
rprop_delta_min=0.000000
rprop_delta_max=50.000000
rprop_delta_zero=0.100000
cascade_output_stagnation_epochs=12
cascade_candidate_change_fraction=0.010000
cascade_candidate_stagnation_epochs=12
cascade_max_out_epochs=150
cascade_min_out_epochs=50
cascade_max_cand_epochs=150
cascade_min_cand_epochs=50
cascade_num_candidate_groups=2
bit_fail_limit=1.00000000000000005551e-01
cascade_candidate_limit=1.00000000000000000000e+03
cascade_weight_multiplier=4.00000000000000022204e-01
cascade_activation_functions_count=10
cascade_activation_functions=3 5 7 8 10 11 14 15 16 17 
cascade_activation_steepnesses_count=4
cascade_activation_steepnesses=2.50000000000000000000e-01 5.00000000000000000000e-01 7.50000000000000000000e-01 1.00000000000000000000e+00 
layer_sizes=8 4 2 
scale_included=0
neurons (num_inputs, activation_function, activation_steepness)=(0, 0, 0.00000000000000000000e+00) (0, 0, 0.00000000000000000000e+00) (0, 0, 0.00000000000000000000e+00) (0, 0, 0.00000000000000000000e+00) (0, 0, 0.00000000000000000000e+00) (0, 0, 0.00000000000000000000e+00) (0, 0, 0.00000000000000000000e+00) (0, 0, 0.00000000000000000000e+00) (8, 6, 5.00000000000000000000e-01) (8, 6, 5.00000000000000000000e-01) (8, 6, 5.00000000000000000000e-01) (0, 6, 0.00000000000000000000e+00) (4, 4, 5.00000000000000000000e-01) (0, 4, 0.00000000000000000000e+00) 
connections (connected_to_neuron, weight)=(0, 2.58106359302454180238e+00) (1, -2.42595072859422877798e+00) (2, -4.97016452159758159723e+00) (3, 3.43065409927507847243e+00) (4, -2.17433506970439927031e+00) (5, -2.09645518635545746733e+00) (6, -3.20653193024367366704e+00) (7, 4.13541710756274571992e+00) (0, 1.49544508726107167051e-01) (1, -2.45652224051673556682e-01) (2, -1.90117304348590088203e+00) (3, 9.89939949252473250230e-02) (4, -7.54423067042628292533e-01) (5, -4.39500659113395863997e-01) (6, -1.00619942697531072895e+00) (7, 6.21422891574396896175e-01) (0, 4.02605998412698673494e-01) (1, 6.54099218212788602322e-01) (2, 7.05546643288644581560e-01) (3, 1.48219065876832090112e-01) (4, 7.22617501846824272782e-01) (5, 1.73286173244858221487e+00) (6, 6.23974477186445053434e-01) (7, -9.86831556818720291580e-03) (8, -5.92996726541067431526e+01) (9, -9.35663276789406639367e-01) (10, 1.50787633437478252318e+00) (11, -2.06043808681098239433e+00) 
