FANN_FLO_2.1
num_layers=3
learning_rate=0.700000
connection_rate=1.000000
network_type=0
learning_momentum=0.000000
training_algorithm=2
train_error_function=1
train_stop_function=1
cascade_output_change_fraction=0.010000
quickprop_decay=-0.000100
quickprop_mu=1.750000
rprop_increase_factor=1.200000
rprop_decrease_factor=0.500000
rprop_delta_min=0.000000
rprop_delta_max=50.000000
rprop_delta_zero=0.100000
cascade_output_stagnation_epochs=12
cascade_candidate_change_fraction=0.010000
cascade_candidate_stagnation_epochs=12
cascade_max_out_epochs=150
cascade_min_out_epochs=50
cascade_max_cand_epochs=150
cascade_min_cand_epochs=50
cascade_num_candidate_groups=2
bit_fail_limit=1.00000000000000005551e-01
cascade_candidate_limit=1.00000000000000000000e+03
cascade_weight_multiplier=4.00000000000000022204e-01
cascade_activation_functions_count=10
cascade_activation_functions=3 5 7 8 10 11 14 15 16 17 
cascade_activation_steepnesses_count=4
cascade_activation_steepnesses=2.50000000000000000000e-01 5.00000000000000000000e-01 7.50000000000000000000e-01 1.00000000000000000000e+00 
layer_sizes=8 4 2 
scale_included=0
neurons (num_inputs, activation_function, activation_steepness)=(0, 0, 0.00000000000000000000e+00) (0, 0, 0.00000000000000000000e+00) (0, 0, 0.00000000000000000000e+00) (0, 0, 0.00000000000000000000e+00) (0, 0, 0.00000000000000000000e+00) (0, 0, 0.00000000000000000000e+00) (0, 0, 0.00000000000000000000e+00) (0, 0, 0.00000000000000000000e+00) (8, 6, 5.00000000000000000000e-01) (8, 6, 5.00000000000000000000e-01) (8, 6, 5.00000000000000000000e-01) (0, 6, 0.00000000000000000000e+00) (4, 4, 5.00000000000000000000e-01) (0, 4, 0.00000000000000000000e+00) 
connections (connected_to_neuron, weight)=(0, 1.66715253798690654641e+00) (1, -5.25705605324411973100e+00) (2, -2.07186732617375274357e-01) (3, 1.11544645015373156127e+00) (4, 9.47749552216874846522e-01) (5, 5.94069825279332386359e-01) (6, 6.36810948866225468024e-01) (7, 2.92361080042176979532e+00) (0, -2.74677148091495848536e-01) (1, 1.23573624019657368756e+00) (2, 5.43551660608978859379e-01) (3, 1.11936289084903467517e-01) (4, 1.45526163700425120728e-01) (5, 2.03393379077847456793e-02) (6, 6.68552385494644990649e-02) (7, -1.52449099349678401927e-01) (0, -7.27964959324286176034e-01) (1, 1.89891343936361600697e+00) (2, 2.20525196665257966488e-01) (3, -2.43792710068561208070e-02) (4, -1.23045095629875922416e-01) (5, -8.82719633343555104554e-02) (6, -2.21050728358215486935e-01) (7, -6.99238053739950848886e-01) (8, -6.95644320203654675794e+00) (9, 2.69172769117697163743e-01) (10, 6.31853679740368345819e+00) (11, -2.00795214909861075014e+00) 
