FANN_FLO_2.1
num_layers=3
learning_rate=0.700000
connection_rate=1.000000
network_type=0
learning_momentum=0.000000
training_algorithm=2
train_error_function=1
train_stop_function=1
cascade_output_change_fraction=0.010000
quickprop_decay=-0.000100
quickprop_mu=1.750000
rprop_increase_factor=1.200000
rprop_decrease_factor=0.500000
rprop_delta_min=0.000000
rprop_delta_max=50.000000
rprop_delta_zero=0.100000
cascade_output_stagnation_epochs=12
cascade_candidate_change_fraction=0.010000
cascade_candidate_stagnation_epochs=12
cascade_max_out_epochs=150
cascade_min_out_epochs=50
cascade_max_cand_epochs=150
cascade_min_cand_epochs=50
cascade_num_candidate_groups=2
bit_fail_limit=1.00000000000000005551e-01
cascade_candidate_limit=1.00000000000000000000e+03
cascade_weight_multiplier=4.00000000000000022204e-01
cascade_activation_functions_count=10
cascade_activation_functions=3 5 7 8 10 11 14 15 16 17 
cascade_activation_steepnesses_count=4
cascade_activation_steepnesses=2.50000000000000000000e-01 5.00000000000000000000e-01 7.50000000000000000000e-01 1.00000000000000000000e+00 
layer_sizes=13 4 2 
scale_included=0
neurons (num_inputs, activation_function, activation_steepness)=(0, 0, 0.00000000000000000000e+00) (0, 0, 0.00000000000000000000e+00) (0, 0, 0.00000000000000000000e+00) (0, 0, 0.00000000000000000000e+00) (0, 0, 0.00000000000000000000e+00) (0, 0, 0.00000000000000000000e+00) (0, 0, 0.00000000000000000000e+00) (0, 0, 0.00000000000000000000e+00) (0, 0, 0.00000000000000000000e+00) (0, 0, 0.00000000000000000000e+00) (0, 0, 0.00000000000000000000e+00) (0, 0, 0.00000000000000000000e+00) (0, 0, 0.00000000000000000000e+00) (13, 6, 5.00000000000000000000e-01) (13, 6, 5.00000000000000000000e-01) (13, 6, 5.00000000000000000000e-01) (0, 6, 0.00000000000000000000e+00) (4, 4, 5.00000000000000000000e-01) (0, 4, 0.00000000000000000000e+00) 
connections (connected_to_neuron, weight)=(0, -1.29325894520602413529e+00) (1, 1.56476412433907574595e+00) (2, 5.59342766981780847857e+00) (3, -7.24555238946997137717e-01) (4, 1.47630737048489946162e+00) (5, 1.78012671291623525427e+00) (6, 3.26808869783077327043e+00) (7, 3.40910583941830447330e+00) (8, 2.61983822168147750808e-01) (9, 6.94489565218684989922e-01) (10, 3.27736527318834736100e-01) (11, -2.36453568150836224149e+00) (12, -1.78920571153155338884e+00) (0, 1.70981925188781369584e+00) (1, -3.22595745860064386790e+00) (2, -4.16877649572635178288e+00) (3, 1.50477524754255731487e+00) (4, 2.15257518755391474841e+00) (5, -2.61122778515615650008e+00) (6, -9.13646509028345654713e-01) (7, -3.18151692835639643420e+00) (8, -1.91836019424514203635e+00) (9, -1.74316901206238084043e+00) (10, -5.76122071381396150258e-01) (11, 3.29217901809847246497e+00) (12, 3.26723289149451590063e+00) (0, 1.62781517967298472449e+00) (1, -3.15395258902037500803e+00) (2, -4.17956337925935272892e+00) (3, 1.55523949396460969830e+00) (4, 1.59738040557727023483e+00) (5, -2.64032576690712161849e+00) (6, -8.14701085067659924732e-01) (7, -3.16438461629699396838e+00) (8, -1.91666499344424634543e+00) (9, -1.81520053982002549375e+00) (10, -5.59558134313410615590e-01) (11, 3.65201704966385376494e+00) (12, 3.26248277383494711401e+00) (13, 3.93155343345696195456e+00) (14, -8.88603907632742640033e+00) (15, -8.95834810840998407855e+00) (16, -1.26669630262353316574e+00) 
