FANN_FLO_2.1
num_layers=3
learning_rate=0.700000
connection_rate=1.000000
network_type=0
learning_momentum=0.000000
training_algorithm=2
train_error_function=1
train_stop_function=1
cascade_output_change_fraction=0.010000
quickprop_decay=-0.000100
quickprop_mu=1.750000
rprop_increase_factor=1.200000
rprop_decrease_factor=0.500000
rprop_delta_min=0.000000
rprop_delta_max=50.000000
rprop_delta_zero=0.100000
cascade_output_stagnation_epochs=12
cascade_candidate_change_fraction=0.010000
cascade_candidate_stagnation_epochs=12
cascade_max_out_epochs=150
cascade_min_out_epochs=50
cascade_max_cand_epochs=150
cascade_min_cand_epochs=50
cascade_num_candidate_groups=2
bit_fail_limit=1.00000000000000005551e-01
cascade_candidate_limit=1.00000000000000000000e+03
cascade_weight_multiplier=4.00000000000000022204e-01
cascade_activation_functions_count=10
cascade_activation_functions=3 5 7 8 10 11 14 15 16 17 
cascade_activation_steepnesses_count=4
cascade_activation_steepnesses=2.50000000000000000000e-01 5.00000000000000000000e-01 7.50000000000000000000e-01 1.00000000000000000000e+00 
layer_sizes=12 4 2 
scale_included=0
neurons (num_inputs, activation_function, activation_steepness)=(0, 0, 0.00000000000000000000e+00) (0, 0, 0.00000000000000000000e+00) (0, 0, 0.00000000000000000000e+00) (0, 0, 0.00000000000000000000e+00) (0, 0, 0.00000000000000000000e+00) (0, 0, 0.00000000000000000000e+00) (0, 0, 0.00000000000000000000e+00) (0, 0, 0.00000000000000000000e+00) (0, 0, 0.00000000000000000000e+00) (0, 0, 0.00000000000000000000e+00) (0, 0, 0.00000000000000000000e+00) (0, 0, 0.00000000000000000000e+00) (12, 6, 5.00000000000000000000e-01) (12, 6, 5.00000000000000000000e-01) (12, 6, 5.00000000000000000000e-01) (0, 6, 0.00000000000000000000e+00) (4, 4, 5.00000000000000000000e-01) (0, 4, 0.00000000000000000000e+00) 
connections (connected_to_neuron, weight)=(0, 2.14059158049729747475e+00) (1, -1.74652653617200748215e+00) (2, -1.46556645917465400153e+00) (3, 1.01594695358282427478e+00) (4, -1.13427146239109677417e+00) (5, -2.09064692520195061221e+00) (6, -2.72307912454357614607e+00) (7, -8.16317736395156146045e-01) (8, -7.93310850151335955616e-01) (9, -1.04903745971655171232e+00) (10, 1.10682025875322653796e+00) (11, 1.84148850819355325292e+00) (0, 1.95274256549981539699e+00) (1, -1.91532448363838092575e+00) (2, -1.65528699826150171859e+00) (3, 8.73215376424849587522e-01) (4, -1.11420514149494809253e+00) (5, -2.11167383455329948916e+00) (6, -2.62510638133039941877e+00) (7, -8.71167152412688494678e-01) (8, -7.47365526147639513965e-01) (9, -1.05576658569311421232e+00) (10, 1.12215268190376593616e+00) (11, 2.12438890718129558266e+00) (0, -2.38353402478980092027e+00) (1, 2.29224643563907326538e+00) (2, 1.97435478725757884710e+00) (3, -5.91788003659904582321e-01) (4, 3.13938605885938804008e+00) (5, 8.70340490802250399405e-01) (6, 2.35258929526740567795e+00) (7, 1.94380836207818141759e+00) (8, 7.45513983593589335541e-01) (9, 1.92815047531067151887e+00) (10, -3.14451185694077761656e-01) (11, -1.39408224369545807875e+00) (12, -1.00763673383150358376e+01) (13, -1.00515314313922186074e+01) (14, 3.35880284329668610255e+00) (15, -1.17091091780295308844e+00) 
