FANN_FLO_2.1
num_layers=3
learning_rate=0.700000
connection_rate=1.000000
network_type=0
learning_momentum=0.000000
training_algorithm=2
train_error_function=1
train_stop_function=1
cascade_output_change_fraction=0.010000
quickprop_decay=-0.000100
quickprop_mu=1.750000
rprop_increase_factor=1.200000
rprop_decrease_factor=0.500000
rprop_delta_min=0.000000
rprop_delta_max=50.000000
rprop_delta_zero=0.100000
cascade_output_stagnation_epochs=12
cascade_candidate_change_fraction=0.010000
cascade_candidate_stagnation_epochs=12
cascade_max_out_epochs=150
cascade_min_out_epochs=50
cascade_max_cand_epochs=150
cascade_min_cand_epochs=50
cascade_num_candidate_groups=2
bit_fail_limit=1.00000000000000005551e-01
cascade_candidate_limit=1.00000000000000000000e+03
cascade_weight_multiplier=4.00000000000000022204e-01
cascade_activation_functions_count=10
cascade_activation_functions=3 5 7 8 10 11 14 15 16 17 
cascade_activation_steepnesses_count=4
cascade_activation_steepnesses=2.50000000000000000000e-01 5.00000000000000000000e-01 7.50000000000000000000e-01 1.00000000000000000000e+00 
layer_sizes=9 4 2 
scale_included=0
neurons (num_inputs, activation_function, activation_steepness)=(0, 0, 0.00000000000000000000e+00) (0, 0, 0.00000000000000000000e+00) (0, 0, 0.00000000000000000000e+00) (0, 0, 0.00000000000000000000e+00) (0, 0, 0.00000000000000000000e+00) (0, 0, 0.00000000000000000000e+00) (0, 0, 0.00000000000000000000e+00) (0, 0, 0.00000000000000000000e+00) (0, 0, 0.00000000000000000000e+00) (9, 6, 5.00000000000000000000e-01) (9, 6, 5.00000000000000000000e-01) (9, 6, 5.00000000000000000000e-01) (0, 6, 0.00000000000000000000e+00) (4, 4, 5.00000000000000000000e-01) (0, 4, 0.00000000000000000000e+00) 
connections (connected_to_neuron, weight)=(0, -2.82953871851756932898e+00) (1, 1.98525638081386057721e+00) (2, 2.81078316494491442512e+00) (3, -1.67423924302770421590e+00) (4, 8.75573390904332282680e-01) (5, 2.58089668007357053714e-01) (6, -1.39762830780456925872e+00) (7, 1.13008484348294002686e+00) (8, -1.94680879653959060249e+00) (0, -1.96661009315424850641e-01) (1, 4.85362915976347508717e-01) (2, 9.15136726421421409228e-01) (3, 9.61756759011277856386e-02) (4, 1.13157055122399471947e-01) (5, 1.88601628229824958005e-01) (6, 1.53360572192129285263e-01) (7, 2.12886744232541003097e-01) (8, -1.36566518668108843881e-01) (0, 2.47994245592999584815e+00) (1, -2.67657930834493784644e+00) (2, -1.95470455712597512843e+00) (3, 8.85663375323088253310e-01) (4, -2.05641840240361162273e+00) (5, -8.70859599073998791319e-01) (6, 1.91910316148617821064e+00) (7, -1.67750922592864415428e+00) (8, 2.48695513610291607520e+00) (9, 8.94990693877461396255e+00) (10, 5.98373072829967211916e-01) (11, -3.93311649096060200748e+00) (12, -1.80126528830795096248e+00) 
