FANN_FLO_2.1
num_layers=3
learning_rate=0.700000
connection_rate=1.000000
network_type=0
learning_momentum=0.000000
training_algorithm=2
train_error_function=1
train_stop_function=1
cascade_output_change_fraction=0.010000
quickprop_decay=-0.000100
quickprop_mu=1.750000
rprop_increase_factor=1.200000
rprop_decrease_factor=0.500000
rprop_delta_min=0.000000
rprop_delta_max=50.000000
rprop_delta_zero=0.100000
cascade_output_stagnation_epochs=12
cascade_candidate_change_fraction=0.010000
cascade_candidate_stagnation_epochs=12
cascade_max_out_epochs=150
cascade_min_out_epochs=50
cascade_max_cand_epochs=150
cascade_min_cand_epochs=50
cascade_num_candidate_groups=2
bit_fail_limit=1.00000000000000005551e-01
cascade_candidate_limit=1.00000000000000000000e+03
cascade_weight_multiplier=4.00000000000000022204e-01
cascade_activation_functions_count=10
cascade_activation_functions=3 5 7 8 10 11 14 15 16 17 
cascade_activation_steepnesses_count=4
cascade_activation_steepnesses=2.50000000000000000000e-01 5.00000000000000000000e-01 7.50000000000000000000e-01 1.00000000000000000000e+00 
layer_sizes=15 4 2 
scale_included=0
neurons (num_inputs, activation_function, activation_steepness)=(0, 0, 0.00000000000000000000e+00) (0, 0, 0.00000000000000000000e+00) (0, 0, 0.00000000000000000000e+00) (0, 0, 0.00000000000000000000e+00) (0, 0, 0.00000000000000000000e+00) (0, 0, 0.00000000000000000000e+00) (0, 0, 0.00000000000000000000e+00) (0, 0, 0.00000000000000000000e+00) (0, 0, 0.00000000000000000000e+00) (0, 0, 0.00000000000000000000e+00) (0, 0, 0.00000000000000000000e+00) (0, 0, 0.00000000000000000000e+00) (0, 0, 0.00000000000000000000e+00) (0, 0, 0.00000000000000000000e+00) (0, 0, 0.00000000000000000000e+00) (15, 6, 5.00000000000000000000e-01) (15, 6, 5.00000000000000000000e-01) (15, 6, 5.00000000000000000000e-01) (0, 6, 0.00000000000000000000e+00) (4, 4, 5.00000000000000000000e-01) (0, 4, 0.00000000000000000000e+00) 
connections (connected_to_neuron, weight)=(0, -1.32391051269772290766e+01) (1, 1.20730747552425010660e+00) (2, 4.34303925161024506618e-01) (3, -8.48645420218577473115e-01) (4, 1.72084989967346613238e-01) (5, 1.60990746427628383941e+00) (6, 3.86412900572425277446e-01) (7, -1.19220636975044577688e-01) (8, 5.13602477863505235689e+00) (9, -2.92979054117529225110e+00) (10, -1.10569868036961183044e+00) (11, 5.79481077229499375036e-01) (12, 1.55791814335665046443e+00) (13, -2.12118410944582258537e+00) (14, 9.53604868227645008361e-01) (0, -1.53142582236143685037e+01) (1, -1.40977408334332854345e+00) (2, -5.24995642745872292956e-01) (3, 1.92993694005877824971e+00) (4, 6.58815164684902643266e-01) (5, 3.10397338915922293978e+00) (6, 8.11201501625180454447e-01) (7, -3.25873103166191224744e-01) (8, -4.21568292255776455590e+00) (9, 7.74643895726460929296e+00) (10, 1.03696365230016662728e+00) (11, -7.38007074353467906747e-01) (12, -2.90454319106811986728e+00) (13, 5.30100962014302510283e+01) (14, 9.31149672748368573139e-01) (0, -1.04384334658851347655e+01) (1, 5.87255866550910665680e-01) (2, -8.47632134749575438804e-01) (3, 2.51727354215680709792e-01) (4, 8.18823158185224553307e-01) (5, 1.14273006227825613124e+00) (6, 1.08073140346819251967e+00) (7, -1.80823281622605502861e+00) (8, 2.32604545109371088074e+01) (9, 3.19686382493836518393e+01) (10, -1.65574910247741047264e+00) (11, -7.80994227176546762514e-01) (12, 8.55734424437787022377e-01) (13, -7.65865586021866118216e+00) (14, 2.65394549033006743599e-01) (15, 1.13824868258661567211e+02) (16, 7.97290053527967188529e+01) (17, 1.01748414158803281993e+01) (18, -3.79333430498067225578e-01) 
