FANN_FLO_2.1
num_layers=3
learning_rate=0.700000
connection_rate=1.000000
network_type=0
learning_momentum=0.000000
training_algorithm=2
train_error_function=1
train_stop_function=1
cascade_output_change_fraction=0.010000
quickprop_decay=-0.000100
quickprop_mu=1.750000
rprop_increase_factor=1.200000
rprop_decrease_factor=0.500000
rprop_delta_min=0.000000
rprop_delta_max=50.000000
rprop_delta_zero=0.100000
cascade_output_stagnation_epochs=12
cascade_candidate_change_fraction=0.010000
cascade_candidate_stagnation_epochs=12
cascade_max_out_epochs=150
cascade_min_out_epochs=50
cascade_max_cand_epochs=150
cascade_min_cand_epochs=50
cascade_num_candidate_groups=2
bit_fail_limit=1.00000000000000005551e-01
cascade_candidate_limit=1.00000000000000000000e+03
cascade_weight_multiplier=4.00000000000000022204e-01
cascade_activation_functions_count=10
cascade_activation_functions=3 5 7 8 10 11 14 15 16 17 
cascade_activation_steepnesses_count=4
cascade_activation_steepnesses=2.50000000000000000000e-01 5.00000000000000000000e-01 7.50000000000000000000e-01 1.00000000000000000000e+00 
layer_sizes=13 4 2 
scale_included=0
neurons (num_inputs, activation_function, activation_steepness)=(0, 0, 0.00000000000000000000e+00) (0, 0, 0.00000000000000000000e+00) (0, 0, 0.00000000000000000000e+00) (0, 0, 0.00000000000000000000e+00) (0, 0, 0.00000000000000000000e+00) (0, 0, 0.00000000000000000000e+00) (0, 0, 0.00000000000000000000e+00) (0, 0, 0.00000000000000000000e+00) (0, 0, 0.00000000000000000000e+00) (0, 0, 0.00000000000000000000e+00) (0, 0, 0.00000000000000000000e+00) (0, 0, 0.00000000000000000000e+00) (0, 0, 0.00000000000000000000e+00) (13, 6, 5.00000000000000000000e-01) (13, 6, 5.00000000000000000000e-01) (13, 6, 5.00000000000000000000e-01) (0, 6, 0.00000000000000000000e+00) (4, 4, 5.00000000000000000000e-01) (0, 4, 0.00000000000000000000e+00) 
connections (connected_to_neuron, weight)=(0, -9.68685110359048695550e-01) (1, 1.56829612629373582600e+00) (2, 1.40350492227864576122e+00) (3, 6.40143171755528039846e-01) (4, -4.22942643699939987978e-02) (5, -1.07709830589410682222e+00) (6, 5.74330898951158297372e-01) (7, 8.79556387411064677373e-01) (8, -5.96822359318844752885e-01) (9, 7.39383083464011048314e-01) (10, -1.69607644614164865260e+00) (11, -8.62882645011052162864e-01) (12, -1.42289894865601906915e+00) (0, 1.41681561658167876061e+00) (1, -1.66275554170439754387e+00) (2, -1.95387071034975656758e+00) (3, 2.06089332305499750575e-01) (4, 1.45614109502601918322e+00) (5, 6.70240341150573182283e-01) (6, 8.81522582914340824267e-02) (7, 5.85963570328710686708e-02) (8, 4.15208003150115856350e-01) (9, -4.23422933215540420182e-01) (10, 2.17773064501855406760e+00) (11, 1.78826378463362134497e+00) (12, 1.86484038524444528662e+00) (0, -9.13793367593145222649e-01) (1, 1.43881982119639428852e+00) (2, 1.88016670983735845191e+00) (3, 7.92410076467251145438e-01) (4, -1.82795692765503586807e-01) (5, -1.09277809746381660005e+00) (6, 6.64101767371758855418e-01) (7, 6.52651458008885909656e-01) (8, -5.19669879434311587918e-02) (9, 8.54813419909581040379e-01) (10, -1.76967091199343240504e+00) (11, -8.32469285607441933372e-01) (12, -1.45899285455951899237e+00) (13, 9.86919996427066159583e+00) (14, -8.02919240833819181091e+00) (15, 5.19844172288430073081e+00) (16, -1.28085378126506266305e+00) 
