FANN_FLO_2.1
num_layers=3
learning_rate=0.700000
connection_rate=1.000000
network_type=0
learning_momentum=0.000000
training_algorithm=2
train_error_function=1
train_stop_function=1
cascade_output_change_fraction=0.010000
quickprop_decay=-0.000100
quickprop_mu=1.750000
rprop_increase_factor=1.200000
rprop_decrease_factor=0.500000
rprop_delta_min=0.000000
rprop_delta_max=50.000000
rprop_delta_zero=0.100000
cascade_output_stagnation_epochs=12
cascade_candidate_change_fraction=0.010000
cascade_candidate_stagnation_epochs=12
cascade_max_out_epochs=150
cascade_min_out_epochs=50
cascade_max_cand_epochs=150
cascade_min_cand_epochs=50
cascade_num_candidate_groups=2
bit_fail_limit=1.00000000000000005551e-01
cascade_candidate_limit=1.00000000000000000000e+03
cascade_weight_multiplier=4.00000000000000022204e-01
cascade_activation_functions_count=10
cascade_activation_functions=3 5 7 8 10 11 14 15 16 17 
cascade_activation_steepnesses_count=4
cascade_activation_steepnesses=2.50000000000000000000e-01 5.00000000000000000000e-01 7.50000000000000000000e-01 1.00000000000000000000e+00 
layer_sizes=12 4 2 
scale_included=0
neurons (num_inputs, activation_function, activation_steepness)=(0, 0, 0.00000000000000000000e+00) (0, 0, 0.00000000000000000000e+00) (0, 0, 0.00000000000000000000e+00) (0, 0, 0.00000000000000000000e+00) (0, 0, 0.00000000000000000000e+00) (0, 0, 0.00000000000000000000e+00) (0, 0, 0.00000000000000000000e+00) (0, 0, 0.00000000000000000000e+00) (0, 0, 0.00000000000000000000e+00) (0, 0, 0.00000000000000000000e+00) (0, 0, 0.00000000000000000000e+00) (0, 0, 0.00000000000000000000e+00) (12, 6, 5.00000000000000000000e-01) (12, 6, 5.00000000000000000000e-01) (12, 6, 5.00000000000000000000e-01) (0, 6, 0.00000000000000000000e+00) (4, 4, 5.00000000000000000000e-01) (0, 4, 0.00000000000000000000e+00) 
connections (connected_to_neuron, weight)=(0, 4.11834221957817181448e+00) (1, -5.44974021226403926299e-01) (2, -1.09870437659827597798e+01) (3, -1.72578993417127257715e+00) (4, 6.42119134785398504306e-01) (5, -8.92754098331518752829e-01) (6, -1.10681348851989502791e+00) (7, -3.68695727721979560343e-01) (8, -1.21062991752504416354e+01) (9, 3.14266793344089689910e-01) (10, -9.82836953874086982630e-01) (11, 2.83928984511529858281e+00) (0, -2.95050427273390813987e-01) (1, 1.25044749536797077383e+01) (2, -3.23685442723733984849e+00) (3, -1.87019223496508590898e+00) (4, -5.06788391401228333066e-01) (5, 1.68722410168846721490e+01) (6, -6.02008003972165695039e-01) (7, 7.29872803730716857018e+00) (8, -4.32938521828951827786e+00) (9, -6.00054696579592206085e-01) (10, 1.68700330820282573541e+01) (11, -2.82174471456600794994e-01) (0, 3.30083814253956298046e+00) (1, -7.48067502313178867013e-01) (2, -1.26869126979233399766e+01) (3, -6.68084202577396313316e-01) (4, 4.44992164731545070122e-01) (5, -2.66202468732519070826e-01) (6, -1.02062747234277528818e+00) (7, -5.12602686963478992865e-01) (8, -1.44109711471427619500e+01) (9, 3.04384593357359067856e-01) (10, -8.66652585208419756757e-02) (11, 2.55941684327852181369e+00) (12, -1.33146427607703299323e+00) (13, 3.14016581743971467944e+00) (14, -2.14303244306759488325e+00) (15, -3.40642843453760324479e+00) 
