FANN_FLO_2.1
num_layers=3
learning_rate=0.700000
connection_rate=1.000000
network_type=0
learning_momentum=0.000000
training_algorithm=2
train_error_function=1
train_stop_function=1
cascade_output_change_fraction=0.010000
quickprop_decay=-0.000100
quickprop_mu=1.750000
rprop_increase_factor=1.200000
rprop_decrease_factor=0.500000
rprop_delta_min=0.000000
rprop_delta_max=50.000000
rprop_delta_zero=0.100000
cascade_output_stagnation_epochs=12
cascade_candidate_change_fraction=0.010000
cascade_candidate_stagnation_epochs=12
cascade_max_out_epochs=150
cascade_min_out_epochs=50
cascade_max_cand_epochs=150
cascade_min_cand_epochs=50
cascade_num_candidate_groups=2
bit_fail_limit=1.00000000000000005551e-01
cascade_candidate_limit=1.00000000000000000000e+03
cascade_weight_multiplier=4.00000000000000022204e-01
cascade_activation_functions_count=10
cascade_activation_functions=3 5 7 8 10 11 14 15 16 17 
cascade_activation_steepnesses_count=4
cascade_activation_steepnesses=2.50000000000000000000e-01 5.00000000000000000000e-01 7.50000000000000000000e-01 1.00000000000000000000e+00 
layer_sizes=8 4 2 
scale_included=0
neurons (num_inputs, activation_function, activation_steepness)=(0, 0, 0.00000000000000000000e+00) (0, 0, 0.00000000000000000000e+00) (0, 0, 0.00000000000000000000e+00) (0, 0, 0.00000000000000000000e+00) (0, 0, 0.00000000000000000000e+00) (0, 0, 0.00000000000000000000e+00) (0, 0, 0.00000000000000000000e+00) (0, 0, 0.00000000000000000000e+00) (8, 6, 5.00000000000000000000e-01) (8, 6, 5.00000000000000000000e-01) (8, 6, 5.00000000000000000000e-01) (0, 6, 0.00000000000000000000e+00) (4, 4, 5.00000000000000000000e-01) (0, 4, 0.00000000000000000000e+00) 
connections (connected_to_neuron, weight)=(0, 8.78810861260207243362e-01) (1, -2.43987865590211816524e+00) (2, 6.75801771626209801802e-01) (3, -2.38707317256090112423e+00) (4, 3.93663224140325535005e-02) (5, 6.27512934550976342329e-01) (6, -2.26722665788524890829e+00) (7, 1.26309217017583086395e+00) (0, 1.03747673055258241015e-01) (1, 5.49989136772436770784e-01) (2, 3.23266018186850745408e-01) (3, 5.98094138222021731721e-01) (4, 9.12234187530870155314e-01) (5, 9.44042531687113856131e-02) (6, 5.52966727284264325526e-01) (7, 6.88223750391859095954e-02) (0, 9.43719097525389738479e-01) (1, -2.34509265267011590694e+00) (2, 5.46764853343700951704e-01) (3, -2.34935705207941003536e+00) (4, 1.13256464556805200306e-01) (5, 6.20677362129425591597e-01) (6, -2.12273991778766779603e+00) (7, 1.29590438556365206146e+00) (8, -1.05302615187332602176e+01) (9, 3.23909927164359290330e-01) (10, -1.05505440182254286441e+01) (11, -9.00234249305756017989e-01) 
