FANN_FLO_2.1
num_layers=3
learning_rate=0.700000
connection_rate=1.000000
network_type=0
learning_momentum=0.000000
training_algorithm=2
train_error_function=1
train_stop_function=1
cascade_output_change_fraction=0.010000
quickprop_decay=-0.000100
quickprop_mu=1.750000
rprop_increase_factor=1.200000
rprop_decrease_factor=0.500000
rprop_delta_min=0.000000
rprop_delta_max=50.000000
rprop_delta_zero=0.100000
cascade_output_stagnation_epochs=12
cascade_candidate_change_fraction=0.010000
cascade_candidate_stagnation_epochs=12
cascade_max_out_epochs=150
cascade_min_out_epochs=50
cascade_max_cand_epochs=150
cascade_min_cand_epochs=50
cascade_num_candidate_groups=2
bit_fail_limit=1.00000000000000005551e-01
cascade_candidate_limit=1.00000000000000000000e+03
cascade_weight_multiplier=4.00000000000000022204e-01
cascade_activation_functions_count=10
cascade_activation_functions=3 5 7 8 10 11 14 15 16 17 
cascade_activation_steepnesses_count=4
cascade_activation_steepnesses=2.50000000000000000000e-01 5.00000000000000000000e-01 7.50000000000000000000e-01 1.00000000000000000000e+00 
layer_sizes=9 4 2 
scale_included=0
neurons (num_inputs, activation_function, activation_steepness)=(0, 0, 0.00000000000000000000e+00) (0, 0, 0.00000000000000000000e+00) (0, 0, 0.00000000000000000000e+00) (0, 0, 0.00000000000000000000e+00) (0, 0, 0.00000000000000000000e+00) (0, 0, 0.00000000000000000000e+00) (0, 0, 0.00000000000000000000e+00) (0, 0, 0.00000000000000000000e+00) (0, 0, 0.00000000000000000000e+00) (9, 6, 5.00000000000000000000e-01) (9, 6, 5.00000000000000000000e-01) (9, 6, 5.00000000000000000000e-01) (0, 6, 0.00000000000000000000e+00) (4, 4, 5.00000000000000000000e-01) (0, 4, 0.00000000000000000000e+00) 
connections (connected_to_neuron, weight)=(0, -2.15737717213502033786e+00) (1, 1.93941755437418517083e+00) (2, 2.38884293865866670359e+00) (3, -1.57276977132689577132e+00) (4, 4.99853996435224878780e-01) (5, 2.51708411448695712487e-01) (6, 6.21559386566101435001e-01) (7, -1.46993897636280834718e+00) (8, -1.80179351242886442996e+00) (0, -2.17878051462044819431e+00) (1, 1.98989992344027744053e+00) (2, 2.42399316113896379221e+00) (3, -1.56553850974571329147e+00) (4, 9.85425263862080069721e-01) (5, 1.99303143494822837534e-01) (6, 7.70754096605657967878e-01) (7, -1.39991250415192469703e+00) (8, -1.86684627505646605350e+00) (0, -8.41897058126306219172e-01) (1, 9.63091404093134317854e-01) (2, 1.26617555251413027584e+00) (3, -3.43423690136146000929e-02) (4, -6.65946660536209211756e-01) (5, 3.28140631453044118171e-01) (6, 7.70123401814028607504e-01) (7, 1.13987498832267414306e-02) (8, -7.38547652827964418165e-01) (9, 5.41901244173436058560e+00) (10, 1.05110563216779802076e+01) (11, 1.17968379964354697087e+00) (12, -1.71241913410530943729e+00) 
