FANN_FLO_2.1
num_layers=3
learning_rate=0.700000
connection_rate=1.000000
network_type=0
learning_momentum=0.000000
training_algorithm=2
train_error_function=1
train_stop_function=1
cascade_output_change_fraction=0.010000
quickprop_decay=-0.000100
quickprop_mu=1.750000
rprop_increase_factor=1.200000
rprop_decrease_factor=0.500000
rprop_delta_min=0.000000
rprop_delta_max=50.000000
rprop_delta_zero=0.100000
cascade_output_stagnation_epochs=12
cascade_candidate_change_fraction=0.010000
cascade_candidate_stagnation_epochs=12
cascade_max_out_epochs=150
cascade_min_out_epochs=50
cascade_max_cand_epochs=150
cascade_min_cand_epochs=50
cascade_num_candidate_groups=2
bit_fail_limit=1.00000000000000005551e-01
cascade_candidate_limit=1.00000000000000000000e+03
cascade_weight_multiplier=4.00000000000000022204e-01
cascade_activation_functions_count=10
cascade_activation_functions=3 5 7 8 10 11 14 15 16 17 
cascade_activation_steepnesses_count=4
cascade_activation_steepnesses=2.50000000000000000000e-01 5.00000000000000000000e-01 7.50000000000000000000e-01 1.00000000000000000000e+00 
layer_sizes=7 4 2 
scale_included=0
neurons (num_inputs, activation_function, activation_steepness)=(0, 0, 0.00000000000000000000e+00) (0, 0, 0.00000000000000000000e+00) (0, 0, 0.00000000000000000000e+00) (0, 0, 0.00000000000000000000e+00) (0, 0, 0.00000000000000000000e+00) (0, 0, 0.00000000000000000000e+00) (0, 0, 0.00000000000000000000e+00) (7, 6, 5.00000000000000000000e-01) (7, 6, 5.00000000000000000000e-01) (7, 6, 5.00000000000000000000e-01) (0, 6, 0.00000000000000000000e+00) (4, 4, 5.00000000000000000000e-01) (0, 4, 0.00000000000000000000e+00) 
connections (connected_to_neuron, weight)=(0, -4.95423924345227209565e-02) (1, 1.73797464611737728646e-01) (2, 3.83839724897475198517e+00) (3, -1.11606596156444197732e+01) (4, -9.55762227648679241199e-01) (5, -1.65065704555899017691e+00) (6, 6.87726570198719189264e-01) (0, 2.40651792090692051573e+00) (1, 3.83210147886378260651e+00) (2, 1.96306697460068524386e+00) (3, 3.22140658045645733587e-01) (4, 2.13874105906490408202e+00) (5, 1.98979856111989006351e+00) (6, -2.93380243802163320765e+00) (0, 5.29484861987358113034e-01) (1, 7.76111807588539148739e-01) (2, -4.73757725661125039807e+00) (3, 2.26238120785209559926e+01) (4, 5.62308733869806398609e-01) (5, 6.10432911374551134820e-01) (6, -3.10356300092821446590e-01) (7, -8.23310953917402499336e-01) (8, 3.39044583566836976729e+01) (9, 5.30034315892433327555e-01) (10, -1.70967634239481758307e+00) 
