FANN_FLO_2.1
num_layers=3
learning_rate=0.700000
connection_rate=1.000000
network_type=0
learning_momentum=0.000000
training_algorithm=2
train_error_function=1
train_stop_function=1
cascade_output_change_fraction=0.010000
quickprop_decay=-0.000100
quickprop_mu=1.750000
rprop_increase_factor=1.200000
rprop_decrease_factor=0.500000
rprop_delta_min=0.000000
rprop_delta_max=50.000000
rprop_delta_zero=0.100000
cascade_output_stagnation_epochs=12
cascade_candidate_change_fraction=0.010000
cascade_candidate_stagnation_epochs=12
cascade_max_out_epochs=150
cascade_min_out_epochs=50
cascade_max_cand_epochs=150
cascade_min_cand_epochs=50
cascade_num_candidate_groups=2
bit_fail_limit=1.00000000000000005551e-01
cascade_candidate_limit=1.00000000000000000000e+03
cascade_weight_multiplier=4.00000000000000022204e-01
cascade_activation_functions_count=10
cascade_activation_functions=3 5 7 8 10 11 14 15 16 17 
cascade_activation_steepnesses_count=4
cascade_activation_steepnesses=2.50000000000000000000e-01 5.00000000000000000000e-01 7.50000000000000000000e-01 1.00000000000000000000e+00 
layer_sizes=16 4 2 
scale_included=0
neurons (num_inputs, activation_function, activation_steepness)=(0, 0, 0.00000000000000000000e+00) (0, 0, 0.00000000000000000000e+00) (0, 0, 0.00000000000000000000e+00) (0, 0, 0.00000000000000000000e+00) (0, 0, 0.00000000000000000000e+00) (0, 0, 0.00000000000000000000e+00) (0, 0, 0.00000000000000000000e+00) (0, 0, 0.00000000000000000000e+00) (0, 0, 0.00000000000000000000e+00) (0, 0, 0.00000000000000000000e+00) (0, 0, 0.00000000000000000000e+00) (0, 0, 0.00000000000000000000e+00) (0, 0, 0.00000000000000000000e+00) (0, 0, 0.00000000000000000000e+00) (0, 0, 0.00000000000000000000e+00) (0, 0, 0.00000000000000000000e+00) (16, 6, 5.00000000000000000000e-01) (16, 6, 5.00000000000000000000e-01) (16, 6, 5.00000000000000000000e-01) (0, 6, 0.00000000000000000000e+00) (4, 4, 5.00000000000000000000e-01) (0, 4, 0.00000000000000000000e+00) 
connections (connected_to_neuron, weight)=(0, -1.58738235893456436365e+00) (1, 1.21936909414329996970e+00) (2, 1.14387961564675610937e+00) (3, 1.24193060351238604433e+00) (4, 1.13454823803904991664e+00) (5, 1.58963189793490378143e+00) (6, 5.66795396425945341434e-01) (7, 5.01733209992912154718e-01) (8, -9.67387121842425923290e-01) (9, 1.39572572726648558294e+00) (10, 3.55544061932250610170e+00) (11, 1.20403895881473954610e+00) (12, 7.40047916256954430025e-01) (13, 1.25027105118697479114e+00) (14, 6.87837264924149427436e-01) (15, -5.10523042003063975969e-01) (0, 3.34384880394924843827e+00) (1, -1.86481295379483902330e+00) (2, -1.51035762352973179645e+00) (3, -2.77099868035961649504e-01) (4, -1.31223086642368347299e+00) (5, -2.08072357858463741209e+00) (6, -1.40601891344915241877e-01) (7, -7.58289356563162320057e-01) (8, 2.39076052384649573312e+00) (9, -1.39496952400428164687e+00) (10, -1.37145761520228859354e+00) (11, -2.02294293230953758922e+00) (12, -6.18164164109167635353e-01) (13, -1.64473413916239663557e+00) (14, 2.69179086108632614760e-01) (15, 1.78193430519810402934e+00) (0, -1.90423435073379443416e+00) (1, 1.31814774803319445518e+00) (2, 4.31254048366122866298e+00) (3, 1.45283908219396518113e+00) (4, 3.23104916114428863949e+00) (5, 1.49612336127135248098e+00) (6, 1.10329273070698041792e+00) (7, -4.69147900386118199556e-01) (8, -3.92859178792574412209e-02) (9, 1.57225261495841528436e+00) (10, 4.90885571200956860594e+01) (11, 1.04241527226269203865e+00) (12, 7.54380445127001197925e-01) (13, 1.12769558711497186465e+00) (14, 5.15353667754486988173e-01) (15, -2.00006451883094849009e+00) (16, 2.11156909257145786185e+00) (17, -5.15726393859303158251e+01) (18, 2.21451724211579836776e+00) (19, -1.10253662844076827376e+00) 
