FANN_FLO_2.1
num_layers=3
learning_rate=0.700000
connection_rate=1.000000
network_type=0
learning_momentum=0.000000
training_algorithm=2
train_error_function=1
train_stop_function=1
cascade_output_change_fraction=0.010000
quickprop_decay=-0.000100
quickprop_mu=1.750000
rprop_increase_factor=1.200000
rprop_decrease_factor=0.500000
rprop_delta_min=0.000000
rprop_delta_max=50.000000
rprop_delta_zero=0.100000
cascade_output_stagnation_epochs=12
cascade_candidate_change_fraction=0.010000
cascade_candidate_stagnation_epochs=12
cascade_max_out_epochs=150
cascade_min_out_epochs=50
cascade_max_cand_epochs=150
cascade_min_cand_epochs=50
cascade_num_candidate_groups=2
bit_fail_limit=1.00000000000000005551e-01
cascade_candidate_limit=1.00000000000000000000e+03
cascade_weight_multiplier=4.00000000000000022204e-01
cascade_activation_functions_count=10
cascade_activation_functions=3 5 7 8 10 11 14 15 16 17 
cascade_activation_steepnesses_count=4
cascade_activation_steepnesses=2.50000000000000000000e-01 5.00000000000000000000e-01 7.50000000000000000000e-01 1.00000000000000000000e+00 
layer_sizes=11 4 2 
scale_included=0
neurons (num_inputs, activation_function, activation_steepness)=(0, 0, 0.00000000000000000000e+00) (0, 0, 0.00000000000000000000e+00) (0, 0, 0.00000000000000000000e+00) (0, 0, 0.00000000000000000000e+00) (0, 0, 0.00000000000000000000e+00) (0, 0, 0.00000000000000000000e+00) (0, 0, 0.00000000000000000000e+00) (0, 0, 0.00000000000000000000e+00) (0, 0, 0.00000000000000000000e+00) (0, 0, 0.00000000000000000000e+00) (0, 0, 0.00000000000000000000e+00) (11, 6, 5.00000000000000000000e-01) (11, 6, 5.00000000000000000000e-01) (11, 6, 5.00000000000000000000e-01) (0, 6, 0.00000000000000000000e+00) (4, 4, 5.00000000000000000000e-01) (0, 4, 0.00000000000000000000e+00) 
connections (connected_to_neuron, weight)=(0, -6.90568147176012225863e-01) (1, -7.91538975685740942012e-01) (2, 7.03457214689158671916e-01) (3, -2.60787554376815423895e-02) (4, -1.00900315687626696004e-01) (5, 2.11549050208480071689e+00) (6, 3.80901014592672515491e+00) (7, -4.12159679122150110486e-02) (8, 1.89656127947585212423e-01) (9, 1.10247712259528340972e+00) (10, -3.47113881102492582986e-01) (0, -1.44531594029877719088e+00) (1, 2.69533525689296393768e-02) (2, 3.24771900831777093899e-01) (3, 4.42774533767179429011e-02) (4, -4.39819956417623558753e-01) (5, 9.58029693364179368853e-02) (6, 9.98345807745445590342e+00) (7, -2.50226059158291769258e-01) (8, -2.01020368042613611914e-01) (9, 2.48422356017288059604e+00) (10, -1.22816938185980895071e+00) (0, 1.18197791673949694768e+01) (1, -5.25387189740380744496e+00) (2, -3.48094742169325144232e+00) (3, -1.52312503716651370667e+00) (4, 3.62770755983014892010e+00) (5, -3.84590805954118541976e+00) (6, -3.48075978284887188607e+00) (7, -2.87349549020109718001e+00) (8, -1.84686000182846005169e-01) (9, -1.20953793441778523210e+00) (10, 6.94856720714466202793e+00) (11, 2.12115484596962318165e+01) (12, 1.41589393386303807887e+00) (13, -8.56503747281860796647e+01) (14, -2.84918513415850060966e+00) 
