FANN_FLO_2.1
num_layers=3
learning_rate=0.700000
connection_rate=1.000000
network_type=0
learning_momentum=0.000000
training_algorithm=2
train_error_function=1
train_stop_function=1
cascade_output_change_fraction=0.010000
quickprop_decay=-0.000100
quickprop_mu=1.750000
rprop_increase_factor=1.200000
rprop_decrease_factor=0.500000
rprop_delta_min=0.000000
rprop_delta_max=50.000000
rprop_delta_zero=0.100000
cascade_output_stagnation_epochs=12
cascade_candidate_change_fraction=0.010000
cascade_candidate_stagnation_epochs=12
cascade_max_out_epochs=150
cascade_min_out_epochs=50
cascade_max_cand_epochs=150
cascade_min_cand_epochs=50
cascade_num_candidate_groups=2
bit_fail_limit=1.00000000000000005551e-01
cascade_candidate_limit=1.00000000000000000000e+03
cascade_weight_multiplier=4.00000000000000022204e-01
cascade_activation_functions_count=10
cascade_activation_functions=3 5 7 8 10 11 14 15 16 17 
cascade_activation_steepnesses_count=4
cascade_activation_steepnesses=2.50000000000000000000e-01 5.00000000000000000000e-01 7.50000000000000000000e-01 1.00000000000000000000e+00 
layer_sizes=9 4 2 
scale_included=0
neurons (num_inputs, activation_function, activation_steepness)=(0, 0, 0.00000000000000000000e+00) (0, 0, 0.00000000000000000000e+00) (0, 0, 0.00000000000000000000e+00) (0, 0, 0.00000000000000000000e+00) (0, 0, 0.00000000000000000000e+00) (0, 0, 0.00000000000000000000e+00) (0, 0, 0.00000000000000000000e+00) (0, 0, 0.00000000000000000000e+00) (0, 0, 0.00000000000000000000e+00) (9, 6, 5.00000000000000000000e-01) (9, 6, 5.00000000000000000000e-01) (9, 6, 5.00000000000000000000e-01) (0, 6, 0.00000000000000000000e+00) (4, 4, 5.00000000000000000000e-01) (0, 4, 0.00000000000000000000e+00) 
connections (connected_to_neuron, weight)=(0, 9.31625751585212907857e-02) (1, 3.39469605661895823534e-01) (2, 6.69060044617569738001e-01) (3, 2.05546657500418172848e-01) (4, 6.49881998185424580861e-01) (5, 5.57206603010901233008e-02) (6, 1.11110592190178131267e-01) (7, 5.92084944875157170863e-01) (8, 8.26311207015641563389e-02) (0, -1.28431472252314438087e+00) (1, 3.51108294441730528490e+00) (2, 6.06082494478615285693e-01) (3, 5.62429745048638518590e-01) (4, 3.46133870896855855293e+00) (5, -4.98690719128497050860e+00) (6, 1.56526759491654132717e+00) (7, 5.95569367628487111865e-01) (8, -1.64007121493754892683e+00) (0, 1.84119386020347275412e-01) (1, 2.45274768747356569643e-01) (2, 6.72712281973278813929e-01) (3, 2.62023243067415756435e-01) (4, 5.03889301900176778126e-01) (5, 1.41289341660381234655e-01) (6, 2.47887669060381177211e-01) (7, 6.03674635918057256312e-01) (8, 6.36304786999352944843e-02) (9, 3.47342528689921214990e-01) (10, 8.14725178509282699224e+00) (11, 2.39682043257969823458e-01) (12, -2.04937166279881921582e+00) 
