FANN_FLO_2.1
num_layers=3
learning_rate=0.700000
connection_rate=1.000000
network_type=0
learning_momentum=0.000000
training_algorithm=2
train_error_function=1
train_stop_function=1
cascade_output_change_fraction=0.010000
quickprop_decay=-0.000100
quickprop_mu=1.750000
rprop_increase_factor=1.200000
rprop_decrease_factor=0.500000
rprop_delta_min=0.000000
rprop_delta_max=50.000000
rprop_delta_zero=0.100000
cascade_output_stagnation_epochs=12
cascade_candidate_change_fraction=0.010000
cascade_candidate_stagnation_epochs=12
cascade_max_out_epochs=150
cascade_min_out_epochs=50
cascade_max_cand_epochs=150
cascade_min_cand_epochs=50
cascade_num_candidate_groups=2
bit_fail_limit=1.00000000000000005551e-01
cascade_candidate_limit=1.00000000000000000000e+03
cascade_weight_multiplier=4.00000000000000022204e-01
cascade_activation_functions_count=10
cascade_activation_functions=3 5 7 8 10 11 14 15 16 17 
cascade_activation_steepnesses_count=4
cascade_activation_steepnesses=2.50000000000000000000e-01 5.00000000000000000000e-01 7.50000000000000000000e-01 1.00000000000000000000e+00 
layer_sizes=6 4 2 
scale_included=0
neurons (num_inputs, activation_function, activation_steepness)=(0, 0, 0.00000000000000000000e+00) (0, 0, 0.00000000000000000000e+00) (0, 0, 0.00000000000000000000e+00) (0, 0, 0.00000000000000000000e+00) (0, 0, 0.00000000000000000000e+00) (0, 0, 0.00000000000000000000e+00) (6, 6, 5.00000000000000000000e-01) (6, 6, 5.00000000000000000000e-01) (6, 6, 5.00000000000000000000e-01) (0, 6, 0.00000000000000000000e+00) (4, 4, 5.00000000000000000000e-01) (0, 4, 0.00000000000000000000e+00) 
connections (connected_to_neuron, weight)=(0, 3.20539982484913732463e+00) (1, 1.98694375639761866559e+00) (2, 1.92319976900262012975e+00) (3, 2.75175738701134708908e-01) (4, -7.48371169872415475943e-02) (5, -2.92606425831849348285e+00) (0, -6.10206649809885814939e-01) (1, -5.49494298696960647987e+00) (2, 4.00291269981123765120e+00) (3, 3.64761268182823439332e+00) (4, 3.11478817572598787322e+00) (5, -3.38397451212054445335e+00) (0, 3.27482494613746366596e+00) (1, 1.92483791000673298832e+00) (2, 1.35732919903929483141e+00) (3, 3.06148747007720434254e-01) (4, -2.38859443705619262088e-01) (5, -2.82322085224100005618e+00) (6, 3.29141142619747100184e+01) (7, 1.40417546136376447663e+01) (8, 2.83630248891799752187e+01) (9, -8.81437529207493963845e-01) 
