FANN_FLO_2.1
num_layers=3
learning_rate=0.700000
connection_rate=1.000000
network_type=0
learning_momentum=0.000000
training_algorithm=2
train_error_function=1
train_stop_function=1
cascade_output_change_fraction=0.010000
quickprop_decay=-0.000100
quickprop_mu=1.750000
rprop_increase_factor=1.200000
rprop_decrease_factor=0.500000
rprop_delta_min=0.000000
rprop_delta_max=50.000000
rprop_delta_zero=0.100000
cascade_output_stagnation_epochs=12
cascade_candidate_change_fraction=0.010000
cascade_candidate_stagnation_epochs=12
cascade_max_out_epochs=150
cascade_min_out_epochs=50
cascade_max_cand_epochs=150
cascade_min_cand_epochs=50
cascade_num_candidate_groups=2
bit_fail_limit=1.00000000000000005551e-01
cascade_candidate_limit=1.00000000000000000000e+03
cascade_weight_multiplier=4.00000000000000022204e-01
cascade_activation_functions_count=10
cascade_activation_functions=3 5 7 8 10 11 14 15 16 17 
cascade_activation_steepnesses_count=4
cascade_activation_steepnesses=2.50000000000000000000e-01 5.00000000000000000000e-01 7.50000000000000000000e-01 1.00000000000000000000e+00 
layer_sizes=6 4 2 
scale_included=0
neurons (num_inputs, activation_function, activation_steepness)=(0, 0, 0.00000000000000000000e+00) (0, 0, 0.00000000000000000000e+00) (0, 0, 0.00000000000000000000e+00) (0, 0, 0.00000000000000000000e+00) (0, 0, 0.00000000000000000000e+00) (0, 0, 0.00000000000000000000e+00) (6, 6, 5.00000000000000000000e-01) (6, 6, 5.00000000000000000000e-01) (6, 6, 5.00000000000000000000e-01) (0, 6, 0.00000000000000000000e+00) (4, 4, 5.00000000000000000000e-01) (0, 4, 0.00000000000000000000e+00) 
connections (connected_to_neuron, weight)=(0, -6.97087006376532070107e+00) (1, -6.79882510851615773362e+00) (2, -1.67970038430192358803e+00) (3, 2.64463779898947148883e-01) (4, 2.53279889706519364956e-02) (5, 9.78816956054306075430e+00) (0, -1.58381156466229899848e+01) (1, -2.21118366560286050415e+00) (2, -5.94221734124490552631e+00) (3, 1.18720358759423549877e+00) (4, 1.15099668383871844846e+00) (5, 7.50297901471982608967e+00) (0, 9.20426800955943091864e-01) (1, -2.48737048834016505339e+00) (2, -1.02025125549277295711e+00) (3, -3.59182665057712036116e+00) (4, -1.18462289193392145137e+00) (5, 2.16371336719957918504e+00) (6, -3.75527026224256710307e+00) (7, -1.21393634998135517833e+01) (8, -9.69556908719230037264e+00) (9, -3.71779567468286709087e+00) 
