FANN_FLO_2.1
num_layers=3
learning_rate=0.700000
connection_rate=1.000000
network_type=0
learning_momentum=0.000000
training_algorithm=2
train_error_function=1
train_stop_function=1
cascade_output_change_fraction=0.010000
quickprop_decay=-0.000100
quickprop_mu=1.750000
rprop_increase_factor=1.200000
rprop_decrease_factor=0.500000
rprop_delta_min=0.000000
rprop_delta_max=50.000000
rprop_delta_zero=0.100000
cascade_output_stagnation_epochs=12
cascade_candidate_change_fraction=0.010000
cascade_candidate_stagnation_epochs=12
cascade_max_out_epochs=150
cascade_min_out_epochs=50
cascade_max_cand_epochs=150
cascade_min_cand_epochs=50
cascade_num_candidate_groups=2
bit_fail_limit=1.00000000000000005551e-01
cascade_candidate_limit=1.00000000000000000000e+03
cascade_weight_multiplier=4.00000000000000022204e-01
cascade_activation_functions_count=10
cascade_activation_functions=3 5 7 8 10 11 14 15 16 17 
cascade_activation_steepnesses_count=4
cascade_activation_steepnesses=2.50000000000000000000e-01 5.00000000000000000000e-01 7.50000000000000000000e-01 1.00000000000000000000e+00 
layer_sizes=9 4 2 
scale_included=0
neurons (num_inputs, activation_function, activation_steepness)=(0, 0, 0.00000000000000000000e+00) (0, 0, 0.00000000000000000000e+00) (0, 0, 0.00000000000000000000e+00) (0, 0, 0.00000000000000000000e+00) (0, 0, 0.00000000000000000000e+00) (0, 0, 0.00000000000000000000e+00) (0, 0, 0.00000000000000000000e+00) (0, 0, 0.00000000000000000000e+00) (0, 0, 0.00000000000000000000e+00) (9, 6, 5.00000000000000000000e-01) (9, 6, 5.00000000000000000000e-01) (9, 6, 5.00000000000000000000e-01) (0, 6, 0.00000000000000000000e+00) (4, 4, 5.00000000000000000000e-01) (0, 4, 0.00000000000000000000e+00) 
connections (connected_to_neuron, weight)=(0, 5.09257841777939734840e+00) (1, -3.99833904034871556732e+00) (2, -2.81123717858243660217e+00) (3, -1.53989781382959622924e+00) (4, 3.92769091748002063813e-01) (5, -3.45242919380041257682e+00) (6, -4.18609328698736415930e+00) (7, 3.56023646025433215812e+00) (8, 4.67425284242483840558e+00) (0, 3.96697144068100637782e-01) (1, -5.45899320570177537526e-01) (2, -4.20574029483205047431e-01) (3, -3.57667816522722337158e-01) (4, -1.67868093533909065740e-02) (5, -5.13216444631225066075e-01) (6, -3.65201720376616856267e-01) (7, -2.13494764128765057709e-01) (8, 2.09877576256107561958e-01) (0, -3.61632607579449538715e-01) (1, 1.05303637555604501230e+00) (2, 5.01024703774139990031e-01) (3, 1.65949043812947727439e+00) (4, 6.02154823684285300800e-01) (5, 1.40461874965744337729e+00) (6, 1.93484729047004000435e+00) (7, 1.28376424239965203355e-01) (8, -3.84446471631745223529e-01) (9, -6.69655039449759037495e+00) (10, -5.89601749388227069915e-01) (11, 1.88929518503570048615e+00) (12, -2.37419315796736318802e+00) 
