FANN_FLO_2.1
num_layers=3
learning_rate=0.700000
connection_rate=1.000000
network_type=0
learning_momentum=0.000000
training_algorithm=2
train_error_function=1
train_stop_function=1
cascade_output_change_fraction=0.010000
quickprop_decay=-0.000100
quickprop_mu=1.750000
rprop_increase_factor=1.200000
rprop_decrease_factor=0.500000
rprop_delta_min=0.000000
rprop_delta_max=50.000000
rprop_delta_zero=0.100000
cascade_output_stagnation_epochs=12
cascade_candidate_change_fraction=0.010000
cascade_candidate_stagnation_epochs=12
cascade_max_out_epochs=150
cascade_min_out_epochs=50
cascade_max_cand_epochs=150
cascade_min_cand_epochs=50
cascade_num_candidate_groups=2
bit_fail_limit=1.00000000000000005551e-01
cascade_candidate_limit=1.00000000000000000000e+03
cascade_weight_multiplier=4.00000000000000022204e-01
cascade_activation_functions_count=10
cascade_activation_functions=3 5 7 8 10 11 14 15 16 17 
cascade_activation_steepnesses_count=4
cascade_activation_steepnesses=2.50000000000000000000e-01 5.00000000000000000000e-01 7.50000000000000000000e-01 1.00000000000000000000e+00 
layer_sizes=9 4 2 
scale_included=0
neurons (num_inputs, activation_function, activation_steepness)=(0, 0, 0.00000000000000000000e+00) (0, 0, 0.00000000000000000000e+00) (0, 0, 0.00000000000000000000e+00) (0, 0, 0.00000000000000000000e+00) (0, 0, 0.00000000000000000000e+00) (0, 0, 0.00000000000000000000e+00) (0, 0, 0.00000000000000000000e+00) (0, 0, 0.00000000000000000000e+00) (0, 0, 0.00000000000000000000e+00) (9, 6, 5.00000000000000000000e-01) (9, 6, 5.00000000000000000000e-01) (9, 6, 5.00000000000000000000e-01) (0, 6, 0.00000000000000000000e+00) (4, 4, 5.00000000000000000000e-01) (0, 4, 0.00000000000000000000e+00) 
connections (connected_to_neuron, weight)=(0, -1.68563948271937613654e+00) (1, 9.96504866532842870086e-01) (2, 3.70969819784812226970e+00) (3, 2.35103011206491974150e+00) (4, 8.73225750392306210301e-01) (5, 8.38060082858431698583e-01) (6, -1.03311708361448273408e+00) (7, 2.37423170555706830598e-01) (8, -1.66657257897920851875e+00) (0, 6.28984047616407337955e+00) (1, -4.91661487467342617208e+00) (2, -2.12789745413834641141e+00) (3, -2.00205840462120310264e+00) (4, -2.79314832396768819578e+00) (5, -2.71450835473799001463e+00) (6, 3.18788321053321688225e+00) (7, 3.18554749633975398115e-01) (8, 4.98848832530873842472e+00) (0, -1.92641943005986449045e+00) (1, 9.39782825462381454784e-01) (2, 3.58495341391019106680e+00) (3, 2.13926817566855920205e+00) (4, 4.74400973087180377608e-01) (5, 5.00312427198517872817e-01) (6, -7.83680364626003544970e-01) (7, -2.15441134084507282531e-02) (8, -9.91115914575472878312e-01) (9, 8.50729804225237251636e-01) (10, -6.32860281737721308559e+00) (11, 1.74069858442136959908e+00) (12, -1.84596395034272364732e+00) 
