FANN_FLO_2.1
num_layers=3
learning_rate=0.700000
connection_rate=1.000000
network_type=0
learning_momentum=0.000000
training_algorithm=2
train_error_function=1
train_stop_function=1
cascade_output_change_fraction=0.010000
quickprop_decay=-0.000100
quickprop_mu=1.750000
rprop_increase_factor=1.200000
rprop_decrease_factor=0.500000
rprop_delta_min=0.000000
rprop_delta_max=50.000000
rprop_delta_zero=0.100000
cascade_output_stagnation_epochs=12
cascade_candidate_change_fraction=0.010000
cascade_candidate_stagnation_epochs=12
cascade_max_out_epochs=150
cascade_min_out_epochs=50
cascade_max_cand_epochs=150
cascade_min_cand_epochs=50
cascade_num_candidate_groups=2
bit_fail_limit=1.00000000000000005551e-01
cascade_candidate_limit=1.00000000000000000000e+03
cascade_weight_multiplier=4.00000000000000022204e-01
cascade_activation_functions_count=10
cascade_activation_functions=3 5 7 8 10 11 14 15 16 17 
cascade_activation_steepnesses_count=4
cascade_activation_steepnesses=2.50000000000000000000e-01 5.00000000000000000000e-01 7.50000000000000000000e-01 1.00000000000000000000e+00 
layer_sizes=11 4 2 
scale_included=0
neurons (num_inputs, activation_function, activation_steepness)=(0, 0, 0.00000000000000000000e+00) (0, 0, 0.00000000000000000000e+00) (0, 0, 0.00000000000000000000e+00) (0, 0, 0.00000000000000000000e+00) (0, 0, 0.00000000000000000000e+00) (0, 0, 0.00000000000000000000e+00) (0, 0, 0.00000000000000000000e+00) (0, 0, 0.00000000000000000000e+00) (0, 0, 0.00000000000000000000e+00) (0, 0, 0.00000000000000000000e+00) (0, 0, 0.00000000000000000000e+00) (11, 6, 5.00000000000000000000e-01) (11, 6, 5.00000000000000000000e-01) (11, 6, 5.00000000000000000000e-01) (0, 6, 0.00000000000000000000e+00) (4, 4, 5.00000000000000000000e-01) (0, 4, 0.00000000000000000000e+00) 
connections (connected_to_neuron, weight)=(0, 4.70784255556236175266e+00) (1, -2.68951820625851079072e+00) (2, -2.25762393156398299965e+00) (3, 2.91527309540722479042e-01) (4, 2.07536640500162361533e+00) (5, -2.28745769754402639151e+00) (6, -2.58981142917745765786e+00) (7, 8.26129873072420251034e-01) (8, 3.60648701450561715021e-01) (9, -2.95232341834310219042e+00) (10, 4.43340327731854344506e+00) (0, 4.77479721190233963313e+00) (1, -2.65493924486602361767e+00) (2, -2.08368214351637659476e+00) (3, -2.02830961580201352135e+00) (4, 1.93793280039022719485e+00) (5, -2.35743925415980903892e+00) (6, -1.80407464162751529635e+00) (7, 7.28179339551728421753e-01) (8, 2.08317035677256345849e-01) (9, -4.01849566451193851435e-01) (10, 4.46829887981727580382e+00) (0, -4.27124615954048891808e+00) (1, 3.14411809249347884432e+00) (2, 2.02569956542234219654e+00) (3, 8.73670260193644909741e-01) (4, -8.63210380865406912143e-01) (5, 1.98374425183215374879e+00) (6, 3.10154488074070000536e+00) (7, 9.02708743325671303381e-01) (8, 2.04655285792461372196e+00) (9, 8.35089157361674994107e-01) (10, -4.94507672981215318231e+00) (11, -1.36895799018272867897e+00) (12, -1.34718591375969798385e+00) (13, 1.18779393675433524891e+02) (14, -1.06773622314004201783e+00) 
