FANN_FLO_2.1
num_layers=3
learning_rate=0.700000
connection_rate=1.000000
network_type=0
learning_momentum=0.000000
training_algorithm=2
train_error_function=1
train_stop_function=1
cascade_output_change_fraction=0.010000
quickprop_decay=-0.000100
quickprop_mu=1.750000
rprop_increase_factor=1.200000
rprop_decrease_factor=0.500000
rprop_delta_min=0.000000
rprop_delta_max=50.000000
rprop_delta_zero=0.100000
cascade_output_stagnation_epochs=12
cascade_candidate_change_fraction=0.010000
cascade_candidate_stagnation_epochs=12
cascade_max_out_epochs=150
cascade_min_out_epochs=50
cascade_max_cand_epochs=150
cascade_min_cand_epochs=50
cascade_num_candidate_groups=2
bit_fail_limit=1.00000000000000005551e-01
cascade_candidate_limit=1.00000000000000000000e+03
cascade_weight_multiplier=4.00000000000000022204e-01
cascade_activation_functions_count=10
cascade_activation_functions=3 5 7 8 10 11 14 15 16 17 
cascade_activation_steepnesses_count=4
cascade_activation_steepnesses=2.50000000000000000000e-01 5.00000000000000000000e-01 7.50000000000000000000e-01 1.00000000000000000000e+00 
layer_sizes=12 4 2 
scale_included=0
neurons (num_inputs, activation_function, activation_steepness)=(0, 0, 0.00000000000000000000e+00) (0, 0, 0.00000000000000000000e+00) (0, 0, 0.00000000000000000000e+00) (0, 0, 0.00000000000000000000e+00) (0, 0, 0.00000000000000000000e+00) (0, 0, 0.00000000000000000000e+00) (0, 0, 0.00000000000000000000e+00) (0, 0, 0.00000000000000000000e+00) (0, 0, 0.00000000000000000000e+00) (0, 0, 0.00000000000000000000e+00) (0, 0, 0.00000000000000000000e+00) (0, 0, 0.00000000000000000000e+00) (12, 6, 5.00000000000000000000e-01) (12, 6, 5.00000000000000000000e-01) (12, 6, 5.00000000000000000000e-01) (0, 6, 0.00000000000000000000e+00) (4, 4, 5.00000000000000000000e-01) (0, 4, 0.00000000000000000000e+00) 
connections (connected_to_neuron, weight)=(0, -3.39265542804686903722e+00) (1, -4.04431877445065646182e-01) (2, 2.57114944974956705082e+00) (3, -8.77819939985712061059e-01) (4, 2.15776175576201616479e+01) (5, 1.13180898153709339482e+01) (6, 3.50209596882139138074e+01) (7, 8.54004079342314526002e+02) (8, -8.06419008269737447314e-01) (9, 3.80739665152268003112e+00) (10, -7.83864957470397749617e-01) (11, 2.48510989758882283596e+00) (0, 1.77858415992828056140e+00) (1, 1.66582827764100538381e+00) (2, -4.70854183660980515902e-02) (3, 8.66698694580761141992e+00) (4, 3.20134427399875320930e+00) (5, 4.01070148605627974092e+00) (6, -8.85037494302611915664e-01) (7, 7.54006669585900812791e+00) (8, 5.55658258574409913422e+00) (9, 3.94676333655432109992e+00) (10, 5.41177532184950216276e+00) (11, -1.76252468479437141013e+00) (0, 2.02015367096975456684e-01) (1, -1.07649258654813095859e+00) (2, -4.85898282789152435868e+00) (3, 1.25382797696760572848e+00) (4, 2.68069195144881611270e+00) (5, 8.35798238602892928917e-01) (6, 3.24854151009322400512e+00) (7, 4.49528457617907051258e+00) (8, 1.13588672584425798284e+00) (9, 1.71034966530597953849e+00) (10, 1.23509806679000422314e+00) (11, 9.23685250408822877688e-01) (12, -1.21905586469103184299e+01) (13, 1.79670911519468674555e+01) (14, -1.24505875141250754723e+01) (15, -1.96179272475962784839e+00) 
