FANN_FLO_2.1
num_layers=3
learning_rate=0.700000
connection_rate=1.000000
network_type=0
learning_momentum=0.000000
training_algorithm=2
train_error_function=1
train_stop_function=1
cascade_output_change_fraction=0.010000
quickprop_decay=-0.000100
quickprop_mu=1.750000
rprop_increase_factor=1.200000
rprop_decrease_factor=0.500000
rprop_delta_min=0.000000
rprop_delta_max=50.000000
rprop_delta_zero=0.100000
cascade_output_stagnation_epochs=12
cascade_candidate_change_fraction=0.010000
cascade_candidate_stagnation_epochs=12
cascade_max_out_epochs=150
cascade_min_out_epochs=50
cascade_max_cand_epochs=150
cascade_min_cand_epochs=50
cascade_num_candidate_groups=2
bit_fail_limit=1.00000000000000005551e-01
cascade_candidate_limit=1.00000000000000000000e+03
cascade_weight_multiplier=4.00000000000000022204e-01
cascade_activation_functions_count=10
cascade_activation_functions=3 5 7 8 10 11 14 15 16 17 
cascade_activation_steepnesses_count=4
cascade_activation_steepnesses=2.50000000000000000000e-01 5.00000000000000000000e-01 7.50000000000000000000e-01 1.00000000000000000000e+00 
layer_sizes=8 4 2 
scale_included=0
neurons (num_inputs, activation_function, activation_steepness)=(0, 0, 0.00000000000000000000e+00) (0, 0, 0.00000000000000000000e+00) (0, 0, 0.00000000000000000000e+00) (0, 0, 0.00000000000000000000e+00) (0, 0, 0.00000000000000000000e+00) (0, 0, 0.00000000000000000000e+00) (0, 0, 0.00000000000000000000e+00) (0, 0, 0.00000000000000000000e+00) (8, 6, 5.00000000000000000000e-01) (8, 6, 5.00000000000000000000e-01) (8, 6, 5.00000000000000000000e-01) (0, 6, 0.00000000000000000000e+00) (4, 4, 5.00000000000000000000e-01) (0, 4, 0.00000000000000000000e+00) 
connections (connected_to_neuron, weight)=(0, -3.91919637440293877617e+00) (1, 2.56407469459257209010e+00) (2, 2.80712906423081776097e+00) (3, 5.36695118369886969845e+00) (4, -2.84940616374838073810e+00) (5, 2.45237258512235989372e+00) (6, 4.66500992035714645567e+00) (7, -4.12464038594712167907e+00) (0, 3.24034153893204002195e-02) (1, -9.12937484057677745009e-02) (2, -2.46960779463451518545e-01) (3, 6.74742824449650179658e-03) (4, -5.10473804752037615962e-02) (5, -1.15445676151661763553e-01) (6, -1.65187987199393204740e-01) (7, 1.22952901607303252685e-01) (0, 3.52769358959507117746e-02) (1, 2.41280509428534462035e-01) (2, 3.29867115850670744592e-01) (3, 2.14256380171403054691e-01) (4, -1.30281354627750062258e-01) (5, 3.59382569132910945076e-01) (6, 5.14899839254734925653e-01) (7, -2.23297340887977299739e-02) (8, 7.95045411508705797132e+01) (9, -1.05266838755097819069e-01) (10, 9.70876906318128979345e-02) (11, -2.32865700571948286424e+00) 
