FANN_FLO_2.1
num_layers=3
learning_rate=0.700000
connection_rate=1.000000
network_type=0
learning_momentum=0.000000
training_algorithm=2
train_error_function=1
train_stop_function=1
cascade_output_change_fraction=0.010000
quickprop_decay=-0.000100
quickprop_mu=1.750000
rprop_increase_factor=1.200000
rprop_decrease_factor=0.500000
rprop_delta_min=0.000000
rprop_delta_max=50.000000
rprop_delta_zero=0.100000
cascade_output_stagnation_epochs=12
cascade_candidate_change_fraction=0.010000
cascade_candidate_stagnation_epochs=12
cascade_max_out_epochs=150
cascade_min_out_epochs=50
cascade_max_cand_epochs=150
cascade_min_cand_epochs=50
cascade_num_candidate_groups=2
bit_fail_limit=1.00000000000000005551e-01
cascade_candidate_limit=1.00000000000000000000e+03
cascade_weight_multiplier=4.00000000000000022204e-01
cascade_activation_functions_count=10
cascade_activation_functions=3 5 7 8 10 11 14 15 16 17 
cascade_activation_steepnesses_count=4
cascade_activation_steepnesses=2.50000000000000000000e-01 5.00000000000000000000e-01 7.50000000000000000000e-01 1.00000000000000000000e+00 
layer_sizes=18 4 2 
scale_included=0
neurons (num_inputs, activation_function, activation_steepness)=(0, 0, 0.00000000000000000000e+00) (0, 0, 0.00000000000000000000e+00) (0, 0, 0.00000000000000000000e+00) (0, 0, 0.00000000000000000000e+00) (0, 0, 0.00000000000000000000e+00) (0, 0, 0.00000000000000000000e+00) (0, 0, 0.00000000000000000000e+00) (0, 0, 0.00000000000000000000e+00) (0, 0, 0.00000000000000000000e+00) (0, 0, 0.00000000000000000000e+00) (0, 0, 0.00000000000000000000e+00) (0, 0, 0.00000000000000000000e+00) (0, 0, 0.00000000000000000000e+00) (0, 0, 0.00000000000000000000e+00) (0, 0, 0.00000000000000000000e+00) (0, 0, 0.00000000000000000000e+00) (0, 0, 0.00000000000000000000e+00) (0, 0, 0.00000000000000000000e+00) (18, 6, 5.00000000000000000000e-01) (18, 6, 5.00000000000000000000e-01) (18, 6, 5.00000000000000000000e-01) (0, 6, 0.00000000000000000000e+00) (4, 4, 5.00000000000000000000e-01) (0, 4, 0.00000000000000000000e+00) 
connections (connected_to_neuron, weight)=(0, -8.31887901243732796885e-01) (1, 4.91452328322677711725e+00) (2, -1.77054258539197628686e+00) (3, 3.39427040018725278969e+00) (4, -8.75060890954854464496e+00) (5, -5.90126277792283993051e-01) (6, -5.30843920772353872195e-01) (7, -4.74335711657889458337e-02) (8, -5.61935304661101905910e-02) (9, -2.39070467887541537877e+00) (10, 4.89744673923133255755e+00) (11, -8.36039441138063388337e-01) (12, -5.51367152923079029136e-01) (13, -4.97631829437499995095e+00) (14, -8.92642059278493604779e+00) (15, -6.97365371186574267703e-01) (16, -1.95721096433619745625e+00) (17, -1.47365965713933833037e+00) (0, -3.94600842355714886978e+00) (1, 4.63336675044660051270e+00) (2, -1.22177913668051569829e+01) (3, -9.08926674604082496245e-02) (4, 2.29354243669098023517e+00) (5, -5.11667387762135650320e+00) (6, -2.33050345110386053493e-01) (7, 7.64257247729706934436e-01) (8, -7.30895459549443682334e-01) (9, -7.88278768049130640350e+00) (10, 4.62840275634611586497e+00) (11, 2.14233758701766668908e-01) (12, -1.17991215385404454863e-01) (13, -4.84700401034289996005e+00) (14, 2.17279088925128371912e+00) (15, 3.99694174060946150195e-01) (16, -2.29953661893305483233e+00) (17, 3.60650797010582158109e+00) (0, -1.92731155341417590421e+01) (1, 3.80002069000259496079e+02) (2, -2.18966135949081632361e+02) (3, 1.15298671242959720473e+01) (4, 1.89933977479671369792e+02) (5, -5.18951191486210134940e+01) (6, -2.83664518258101168158e+01) (7, -1.34122805573516018285e+02) (8, -4.50820810517807135653e+00) (9, -9.64744976906439291042e+01) (10, 3.80187523608497087935e+02) (11, -1.95617771809911744185e+02) (12, -1.32478909370088956621e+02) (13, -1.47570443962908598223e+03) (14, 1.89507498708118760078e+02) (15, -1.95471579977491700220e+02) (16, -1.50000000000000000000e+03) (17, 6.28542445460332288576e+01) (18, 1.84820436866385513497e+01) (19, -1.71149476129038760064e+01) (20, 4.71140584906836945578e+00) (21, 2.71977084554379278103e+00) 
