FANN_FLO_2.1
num_layers=3
learning_rate=0.700000
connection_rate=1.000000
network_type=0
learning_momentum=0.000000
training_algorithm=2
train_error_function=1
train_stop_function=1
cascade_output_change_fraction=0.010000
quickprop_decay=-0.000100
quickprop_mu=1.750000
rprop_increase_factor=1.200000
rprop_decrease_factor=0.500000
rprop_delta_min=0.000000
rprop_delta_max=50.000000
rprop_delta_zero=0.100000
cascade_output_stagnation_epochs=12
cascade_candidate_change_fraction=0.010000
cascade_candidate_stagnation_epochs=12
cascade_max_out_epochs=150
cascade_min_out_epochs=50
cascade_max_cand_epochs=150
cascade_min_cand_epochs=50
cascade_num_candidate_groups=2
bit_fail_limit=1.00000000000000005551e-01
cascade_candidate_limit=1.00000000000000000000e+03
cascade_weight_multiplier=4.00000000000000022204e-01
cascade_activation_functions_count=10
cascade_activation_functions=3 5 7 8 10 11 14 15 16 17 
cascade_activation_steepnesses_count=4
cascade_activation_steepnesses=2.50000000000000000000e-01 5.00000000000000000000e-01 7.50000000000000000000e-01 1.00000000000000000000e+00 
layer_sizes=9 4 2 
scale_included=0
neurons (num_inputs, activation_function, activation_steepness)=(0, 0, 0.00000000000000000000e+00) (0, 0, 0.00000000000000000000e+00) (0, 0, 0.00000000000000000000e+00) (0, 0, 0.00000000000000000000e+00) (0, 0, 0.00000000000000000000e+00) (0, 0, 0.00000000000000000000e+00) (0, 0, 0.00000000000000000000e+00) (0, 0, 0.00000000000000000000e+00) (0, 0, 0.00000000000000000000e+00) (9, 6, 5.00000000000000000000e-01) (9, 6, 5.00000000000000000000e-01) (9, 6, 5.00000000000000000000e-01) (0, 6, 0.00000000000000000000e+00) (4, 4, 5.00000000000000000000e-01) (0, 4, 0.00000000000000000000e+00) 
connections (connected_to_neuron, weight)=(0, 1.73468303356662989501e+00) (1, 8.88964566085420671016e+00) (2, 1.63176947138587546959e+00) (3, -1.48118811855995735627e+00) (4, 1.36022076133953140342e+00) (5, -2.12220371955264086594e+00) (6, -1.51891662507361813184e+00) (7, 2.17144034155417431364e+00) (8, -3.25682178904637265049e+00) (0, 4.01151894060418445775e+00) (1, -1.05709608241592784017e-01) (2, 2.00171663632059733118e+01) (3, -3.71953575881836917549e-01) (4, 4.11546973701828822101e+00) (5, -9.13981193675167391532e-02) (6, 1.21647668242274620276e+00) (7, 3.57120383372908145603e+00) (8, -6.14566395872633197683e+00) (0, -7.07239958143727065476e+00) (1, -2.10536908881542617067e+00) (2, 1.24079999079704271026e+03) (3, 1.03269924284724243080e+03) (4, -3.16447364566576716527e+00) (5, 1.19079999079704271026e+03) (6, 1.19079999079704271026e+03) (7, -2.76546790015722132594e+00) (8, 6.26476537854376669401e+00) (9, 5.43043599515047770154e+00) (10, 6.31179542724484754501e+00) (11, -5.84063370164171846710e+00) (12, -1.70463874395093295533e+00) 
