FANN_FLO_2.1
num_layers=3
learning_rate=0.700000
connection_rate=1.000000
network_type=0
learning_momentum=0.000000
training_algorithm=2
train_error_function=1
train_stop_function=1
cascade_output_change_fraction=0.010000
quickprop_decay=-0.000100
quickprop_mu=1.750000
rprop_increase_factor=1.200000
rprop_decrease_factor=0.500000
rprop_delta_min=0.000000
rprop_delta_max=50.000000
rprop_delta_zero=0.100000
cascade_output_stagnation_epochs=12
cascade_candidate_change_fraction=0.010000
cascade_candidate_stagnation_epochs=12
cascade_max_out_epochs=150
cascade_min_out_epochs=50
cascade_max_cand_epochs=150
cascade_min_cand_epochs=50
cascade_num_candidate_groups=2
bit_fail_limit=1.00000000000000005551e-01
cascade_candidate_limit=1.00000000000000000000e+03
cascade_weight_multiplier=4.00000000000000022204e-01
cascade_activation_functions_count=10
cascade_activation_functions=3 5 7 8 10 11 14 15 16 17 
cascade_activation_steepnesses_count=4
cascade_activation_steepnesses=2.50000000000000000000e-01 5.00000000000000000000e-01 7.50000000000000000000e-01 1.00000000000000000000e+00 
layer_sizes=8 4 2 
scale_included=0
neurons (num_inputs, activation_function, activation_steepness)=(0, 0, 0.00000000000000000000e+00) (0, 0, 0.00000000000000000000e+00) (0, 0, 0.00000000000000000000e+00) (0, 0, 0.00000000000000000000e+00) (0, 0, 0.00000000000000000000e+00) (0, 0, 0.00000000000000000000e+00) (0, 0, 0.00000000000000000000e+00) (0, 0, 0.00000000000000000000e+00) (8, 6, 5.00000000000000000000e-01) (8, 6, 5.00000000000000000000e-01) (8, 6, 5.00000000000000000000e-01) (0, 6, 0.00000000000000000000e+00) (4, 4, 5.00000000000000000000e-01) (0, 4, 0.00000000000000000000e+00) 
connections (connected_to_neuron, weight)=(0, -8.15907505860300696909e-01) (1, 1.23476259713960190290e+00) (2, 1.20402510830709452705e+00) (3, 5.37654955301778425536e-01) (4, 9.94325484597845199453e-01) (5, 1.26716380802505224068e+00) (6, 1.00447286908555488694e+00) (7, -9.44854936482720786373e-01) (0, 3.80265271094218970660e+00) (1, -3.09960244200248258295e+00) (2, -3.26800408841623513112e+00) (3, 5.13128313099289079524e-01) (4, -5.56943864026377788434e+00) (5, 9.91522844059580577003e-01) (6, 5.14002175885794998500e-01) (7, 5.01750486177951060540e+00) (0, -7.44461985042067064811e-01) (1, 6.18035838002208626207e-01) (2, 1.33950922227657298613e+00) (3, 5.94292878835301130458e-01) (4, 1.24049355771557845429e+00) (5, 1.60557029245012072849e+00) (6, 7.05517333517927447417e-01) (7, -7.88857537391000063209e-01) (8, 1.75272378147727203590e+00) (9, -8.76734859018695402710e+01) (10, 6.77710961923908894455e-01) (11, -2.38901610926763430243e+00) 
