FANN_FLO_2.1
num_layers=3
learning_rate=0.700000
connection_rate=1.000000
network_type=0
learning_momentum=0.000000
training_algorithm=2
train_error_function=1
train_stop_function=1
cascade_output_change_fraction=0.010000
quickprop_decay=-0.000100
quickprop_mu=1.750000
rprop_increase_factor=1.200000
rprop_decrease_factor=0.500000
rprop_delta_min=0.000000
rprop_delta_max=50.000000
rprop_delta_zero=0.100000
cascade_output_stagnation_epochs=12
cascade_candidate_change_fraction=0.010000
cascade_candidate_stagnation_epochs=12
cascade_max_out_epochs=150
cascade_min_out_epochs=50
cascade_max_cand_epochs=150
cascade_min_cand_epochs=50
cascade_num_candidate_groups=2
bit_fail_limit=1.00000000000000005551e-01
cascade_candidate_limit=1.00000000000000000000e+03
cascade_weight_multiplier=4.00000000000000022204e-01
cascade_activation_functions_count=10
cascade_activation_functions=3 5 7 8 10 11 14 15 16 17 
cascade_activation_steepnesses_count=4
cascade_activation_steepnesses=2.50000000000000000000e-01 5.00000000000000000000e-01 7.50000000000000000000e-01 1.00000000000000000000e+00 
layer_sizes=11 4 2 
scale_included=0
neurons (num_inputs, activation_function, activation_steepness)=(0, 0, 0.00000000000000000000e+00) (0, 0, 0.00000000000000000000e+00) (0, 0, 0.00000000000000000000e+00) (0, 0, 0.00000000000000000000e+00) (0, 0, 0.00000000000000000000e+00) (0, 0, 0.00000000000000000000e+00) (0, 0, 0.00000000000000000000e+00) (0, 0, 0.00000000000000000000e+00) (0, 0, 0.00000000000000000000e+00) (0, 0, 0.00000000000000000000e+00) (0, 0, 0.00000000000000000000e+00) (11, 6, 5.00000000000000000000e-01) (11, 6, 5.00000000000000000000e-01) (11, 6, 5.00000000000000000000e-01) (0, 6, 0.00000000000000000000e+00) (4, 4, 5.00000000000000000000e-01) (0, 4, 0.00000000000000000000e+00) 
connections (connected_to_neuron, weight)=(0, -6.65305782990146532541e-01) (1, -2.33664620735691963560e+00) (2, -7.52686216807581298660e-01) (3, -4.90122978014709942407e-01) (4, 2.06112269023762317843e+00) (5, 2.26306911097127694266e-01) (6, -2.55686457530826727336e+00) (7, -2.71030818036250931158e+00) (8, -1.01437936426374508692e+00) (9, 9.94365609238888947807e-01) (10, 2.86282487304201493927e+00) (0, 1.09018691714835949114e+01) (1, -3.07361012166838687421e+00) (2, -5.21425948479340206632e-01) (3, 1.05033855945554819300e+01) (4, -6.81635947220504134769e-01) (5, 1.66078712607797953638e+01) (6, 6.01858913628284031283e-01) (7, 1.78456251067381277409e+00) (8, 6.39678186036428342298e-01) (9, 3.27760943127703230360e+00) (10, -4.07735744321892479292e+00) (0, -6.81103045413766428062e-01) (1, -2.39594096758412300474e+00) (2, -9.15649639161881134797e-01) (3, 2.74172067647042327909e-01) (4, 1.99088714598392257926e+00) (5, 1.58203444606802384742e-01) (6, -2.45561910496324697917e+00) (7, -2.62786005175165993109e+00) (8, -1.25167947364850062897e+00) (9, 1.01464596668913564770e+00) (10, 2.82661457112993463880e+00) (11, -2.98537840862922543295e+01) (12, 4.02334171994125000538e+01) (13, -2.35919498647962910809e+01) (14, -5.75952035256760730420e+00) 
