FANN_FLO_2.1
num_layers=3
learning_rate=0.700000
connection_rate=1.000000
network_type=0
learning_momentum=0.000000
training_algorithm=2
train_error_function=1
train_stop_function=1
cascade_output_change_fraction=0.010000
quickprop_decay=-0.000100
quickprop_mu=1.750000
rprop_increase_factor=1.200000
rprop_decrease_factor=0.500000
rprop_delta_min=0.000000
rprop_delta_max=50.000000
rprop_delta_zero=0.100000
cascade_output_stagnation_epochs=12
cascade_candidate_change_fraction=0.010000
cascade_candidate_stagnation_epochs=12
cascade_max_out_epochs=150
cascade_min_out_epochs=50
cascade_max_cand_epochs=150
cascade_min_cand_epochs=50
cascade_num_candidate_groups=2
bit_fail_limit=1.00000000000000005551e-01
cascade_candidate_limit=1.00000000000000000000e+03
cascade_weight_multiplier=4.00000000000000022204e-01
cascade_activation_functions_count=10
cascade_activation_functions=3 5 7 8 10 11 14 15 16 17 
cascade_activation_steepnesses_count=4
cascade_activation_steepnesses=2.50000000000000000000e-01 5.00000000000000000000e-01 7.50000000000000000000e-01 1.00000000000000000000e+00 
layer_sizes=17 4 2 
scale_included=0
neurons (num_inputs, activation_function, activation_steepness)=(0, 0, 0.00000000000000000000e+00) (0, 0, 0.00000000000000000000e+00) (0, 0, 0.00000000000000000000e+00) (0, 0, 0.00000000000000000000e+00) (0, 0, 0.00000000000000000000e+00) (0, 0, 0.00000000000000000000e+00) (0, 0, 0.00000000000000000000e+00) (0, 0, 0.00000000000000000000e+00) (0, 0, 0.00000000000000000000e+00) (0, 0, 0.00000000000000000000e+00) (0, 0, 0.00000000000000000000e+00) (0, 0, 0.00000000000000000000e+00) (0, 0, 0.00000000000000000000e+00) (0, 0, 0.00000000000000000000e+00) (0, 0, 0.00000000000000000000e+00) (0, 0, 0.00000000000000000000e+00) (0, 0, 0.00000000000000000000e+00) (17, 6, 5.00000000000000000000e-01) (17, 6, 5.00000000000000000000e-01) (17, 6, 5.00000000000000000000e-01) (0, 6, 0.00000000000000000000e+00) (4, 4, 5.00000000000000000000e-01) (0, 4, 0.00000000000000000000e+00) 
connections (connected_to_neuron, weight)=(0, 1.04918634474694627556e+00) (1, -5.31158511078196893251e-01) (2, 4.38190935812108772751e-01) (3, 5.44387781912627488623e-01) (4, 6.17787975545873391248e-01) (5, 5.32238853886110030444e-01) (6, 3.77330396785388089143e+00) (7, -3.59918886440436347485e+00) (8, 1.40496774837732069097e-01) (9, 2.99573128948560896134e+00) (10, -1.69525705970375484277e+00) (11, -2.17102805026987244474e+00) (12, 2.93578364275175012210e+01) (13, -1.42908212154985712061e+01) (14, -3.56653346368665413735e+00) (15, -3.57721678046089541780e+00) (16, -1.40473395974926779095e-01) (0, -1.96089933934187747866e+01) (1, 1.60552865181255288718e+00) (2, -2.80194990542071697970e-01) (3, 1.21396137938824311142e-01) (4, 5.11375764721877845709e-01) (5, 2.05324706631807643586e-02) (6, 5.97809435330691751886e+00) (7, 1.52315987030957811221e+00) (8, 1.71198531373900597607e+00) (9, -5.00578169796356853283e+00) (10, -1.03231505153948705661e-02) (11, -4.16030061915981519416e-01) (12, -1.34607198885154684831e+03) (13, -1.27079999198913560576e+03) (14, -1.27079999198913560576e+03) (15, -1.34607198885154684831e+03) (16, 1.21507617957892866123e+00) (0, -2.40482357781773536942e+01) (1, 2.45913496749268167818e+00) (2, 4.75415937008118039131e+00) (3, 2.55665303191182813336e+00) (4, 3.13312396179495467052e+00) (5, 2.85635319287608835381e+00) (6, 1.71630648924607287498e+00) (7, 1.37048321930464211960e+00) (8, 1.28248750422239155000e+00) (9, 2.53115602954719847162e+01) (10, 7.52881174955319587561e-01) (11, -8.36778238941854435318e-01) (12, 3.25935064435572883212e+02) (13, -1.57355154895162996809e+02) (14, -4.30467511249903567183e-01) (15, -7.25355843304745007138e-01) (16, -4.38573693510965956222e+00) (17, -3.98962704421864344795e+01) (18, 1.69515175593084137518e+01) (19, 2.67011847755390760994e+01) (20, -1.43634941889394829317e+00) 
