FANN_FLO_2.1
num_layers=3
learning_rate=0.700000
connection_rate=1.000000
network_type=0
learning_momentum=0.000000
training_algorithm=2
train_error_function=1
train_stop_function=1
cascade_output_change_fraction=0.010000
quickprop_decay=-0.000100
quickprop_mu=1.750000
rprop_increase_factor=1.200000
rprop_decrease_factor=0.500000
rprop_delta_min=0.000000
rprop_delta_max=50.000000
rprop_delta_zero=0.100000
cascade_output_stagnation_epochs=12
cascade_candidate_change_fraction=0.010000
cascade_candidate_stagnation_epochs=12
cascade_max_out_epochs=150
cascade_min_out_epochs=50
cascade_max_cand_epochs=150
cascade_min_cand_epochs=50
cascade_num_candidate_groups=2
bit_fail_limit=1.00000000000000005551e-01
cascade_candidate_limit=1.00000000000000000000e+03
cascade_weight_multiplier=4.00000000000000022204e-01
cascade_activation_functions_count=10
cascade_activation_functions=3 5 7 8 10 11 14 15 16 17 
cascade_activation_steepnesses_count=4
cascade_activation_steepnesses=2.50000000000000000000e-01 5.00000000000000000000e-01 7.50000000000000000000e-01 1.00000000000000000000e+00 
layer_sizes=13 4 2 
scale_included=0
neurons (num_inputs, activation_function, activation_steepness)=(0, 0, 0.00000000000000000000e+00) (0, 0, 0.00000000000000000000e+00) (0, 0, 0.00000000000000000000e+00) (0, 0, 0.00000000000000000000e+00) (0, 0, 0.00000000000000000000e+00) (0, 0, 0.00000000000000000000e+00) (0, 0, 0.00000000000000000000e+00) (0, 0, 0.00000000000000000000e+00) (0, 0, 0.00000000000000000000e+00) (0, 0, 0.00000000000000000000e+00) (0, 0, 0.00000000000000000000e+00) (0, 0, 0.00000000000000000000e+00) (0, 0, 0.00000000000000000000e+00) (13, 6, 5.00000000000000000000e-01) (13, 6, 5.00000000000000000000e-01) (13, 6, 5.00000000000000000000e-01) (0, 6, 0.00000000000000000000e+00) (4, 4, 5.00000000000000000000e-01) (0, 4, 0.00000000000000000000e+00) 
connections (connected_to_neuron, weight)=(0, 4.19060212807932970236e+01) (1, -3.86093715526352987411e+00) (2, -4.83495198901125133872e-01) (3, -3.15724361513096951626e+00) (4, -3.45230231015277810869e+00) (5, 2.50808253800111402576e-01) (6, -4.83719431592129200936e+00) (7, -4.48294715897252160630e+00) (8, -2.68774947634265043428e-02) (9, -7.22991990800899309022e+00) (10, 5.33807172158898879388e+00) (11, 1.12449151899080934669e+01) (12, 2.02995139589854858286e+01) (0, 9.32319395830796082691e+00) (1, -6.47515158771690568784e+00) (2, 3.78947173509502854838e-01) (3, -5.04823416537005442706e+00) (4, -4.48315797397361315291e+00) (5, -1.08248662877432111351e+00) (6, -4.01260313643441346443e+00) (7, -6.75737448819650143861e+00) (8, -2.05819610422818533024e+00) (9, -2.02642437377001911614e+01) (10, 4.34561232269863317867e+00) (11, 2.65268940429895705435e+00) (12, 6.88572542435625667423e+00) (0, -5.01286628066200545817e+00) (1, 1.45770280932981477484e+00) (2, 7.42238293204369181666e-01) (3, 6.03782913657184394651e-01) (4, 8.03015963276539679327e-01) (5, 1.74405311520869332753e+00) (6, 7.13284366251331625186e-01) (7, 7.72384331048828198796e-01) (8, 1.62308366121207670041e+00) (9, 9.09155570721658423672e-01) (10, -6.29289422719210289614e-02) (11, -7.73132276901651538381e-01) (12, -6.73155536933538134470e-01) (13, -9.68875724647389358068e-01) (14, -3.88351382331825201177e+00) (15, 8.97961430627587020581e+00) (16, -1.55623144299284410508e+00) 
