FANN_FLO_2.1
num_layers=3
learning_rate=0.700000
connection_rate=1.000000
network_type=0
learning_momentum=0.000000
training_algorithm=2
train_error_function=1
train_stop_function=1
cascade_output_change_fraction=0.010000
quickprop_decay=-0.000100
quickprop_mu=1.750000
rprop_increase_factor=1.200000
rprop_decrease_factor=0.500000
rprop_delta_min=0.000000
rprop_delta_max=50.000000
rprop_delta_zero=0.100000
cascade_output_stagnation_epochs=12
cascade_candidate_change_fraction=0.010000
cascade_candidate_stagnation_epochs=12
cascade_max_out_epochs=150
cascade_min_out_epochs=50
cascade_max_cand_epochs=150
cascade_min_cand_epochs=50
cascade_num_candidate_groups=2
bit_fail_limit=1.00000000000000005551e-01
cascade_candidate_limit=1.00000000000000000000e+03
cascade_weight_multiplier=4.00000000000000022204e-01
cascade_activation_functions_count=10
cascade_activation_functions=3 5 7 8 10 11 14 15 16 17 
cascade_activation_steepnesses_count=4
cascade_activation_steepnesses=2.50000000000000000000e-01 5.00000000000000000000e-01 7.50000000000000000000e-01 1.00000000000000000000e+00 
layer_sizes=7 4 2 
scale_included=0
neurons (num_inputs, activation_function, activation_steepness)=(0, 0, 0.00000000000000000000e+00) (0, 0, 0.00000000000000000000e+00) (0, 0, 0.00000000000000000000e+00) (0, 0, 0.00000000000000000000e+00) (0, 0, 0.00000000000000000000e+00) (0, 0, 0.00000000000000000000e+00) (0, 0, 0.00000000000000000000e+00) (7, 6, 5.00000000000000000000e-01) (7, 6, 5.00000000000000000000e-01) (7, 6, 5.00000000000000000000e-01) (0, 6, 0.00000000000000000000e+00) (4, 4, 5.00000000000000000000e-01) (0, 4, 0.00000000000000000000e+00) 
connections (connected_to_neuron, weight)=(0, 1.56069077834573421981e+00) (1, -4.94986784521755485144e-01) (2, -5.22753021351262253669e-02) (3, -1.39703686135564608684e-01) (4, -8.03200412518421003050e-01) (5, -3.37422248783070866107e-01) (6, 1.44295845952881168772e-01) (0, 1.82250963590635990386e+01) (1, -8.09922376863154624971e+00) (2, -1.53528613192828156109e+00) (3, -3.82646592639356120102e+00) (4, -5.98352892402847835740e+00) (5, -5.96793080843014767112e+00) (6, 7.36541415891958894946e+00) (0, 4.74384549069468164362e+00) (1, -1.12918918466823048341e+00) (2, -8.56467329479925626456e-02) (3, -2.80310515030631002276e+00) (4, -1.36963720938012323280e+00) (5, -4.57171637574510569824e-01) (6, 7.19877318900079887776e-01) (7, -2.61513610364442816714e-01) (8, -4.27301495266431263786e+00) (9, -2.33863162954900882795e+00) (10, -1.39376948089143426479e+00) 
