FANN_FLO_2.1
num_layers=3
learning_rate=0.700000
connection_rate=1.000000
network_type=0
learning_momentum=0.000000
training_algorithm=2
train_error_function=1
train_stop_function=1
cascade_output_change_fraction=0.010000
quickprop_decay=-0.000100
quickprop_mu=1.750000
rprop_increase_factor=1.200000
rprop_decrease_factor=0.500000
rprop_delta_min=0.000000
rprop_delta_max=50.000000
rprop_delta_zero=0.100000
cascade_output_stagnation_epochs=12
cascade_candidate_change_fraction=0.010000
cascade_candidate_stagnation_epochs=12
cascade_max_out_epochs=150
cascade_min_out_epochs=50
cascade_max_cand_epochs=150
cascade_min_cand_epochs=50
cascade_num_candidate_groups=2
bit_fail_limit=1.00000000000000005551e-01
cascade_candidate_limit=1.00000000000000000000e+03
cascade_weight_multiplier=4.00000000000000022204e-01
cascade_activation_functions_count=10
cascade_activation_functions=3 5 7 8 10 11 14 15 16 17 
cascade_activation_steepnesses_count=4
cascade_activation_steepnesses=2.50000000000000000000e-01 5.00000000000000000000e-01 7.50000000000000000000e-01 1.00000000000000000000e+00 
layer_sizes=15 4 2 
scale_included=0
neurons (num_inputs, activation_function, activation_steepness)=(0, 0, 0.00000000000000000000e+00) (0, 0, 0.00000000000000000000e+00) (0, 0, 0.00000000000000000000e+00) (0, 0, 0.00000000000000000000e+00) (0, 0, 0.00000000000000000000e+00) (0, 0, 0.00000000000000000000e+00) (0, 0, 0.00000000000000000000e+00) (0, 0, 0.00000000000000000000e+00) (0, 0, 0.00000000000000000000e+00) (0, 0, 0.00000000000000000000e+00) (0, 0, 0.00000000000000000000e+00) (0, 0, 0.00000000000000000000e+00) (0, 0, 0.00000000000000000000e+00) (0, 0, 0.00000000000000000000e+00) (0, 0, 0.00000000000000000000e+00) (15, 6, 5.00000000000000000000e-01) (15, 6, 5.00000000000000000000e-01) (15, 6, 5.00000000000000000000e-01) (0, 6, 0.00000000000000000000e+00) (4, 4, 5.00000000000000000000e-01) (0, 4, 0.00000000000000000000e+00) 
connections (connected_to_neuron, weight)=(0, -7.98650854535666088196e-01) (1, 5.24905173970187655108e-01) (2, 1.61989955190735157586e+00) (3, 4.89892784822391236244e-01) (4, 4.49067298418450666642e-01) (5, 3.90350752714678894684e-01) (6, 3.66155711207196365997e-01) (7, -1.11097008865456325921e+00) (8, 2.16970603934031025517e+00) (9, 9.26036013394458024095e+00) (10, -9.17519841082298337476e-01) (11, 1.23820894643909191757e+01) (12, 2.45626237802785529762e-01) (13, 3.81297379004026715243e-01) (14, -7.02667003089825659146e-01) (0, -1.68444212218170874529e+00) (1, 1.71287108061356296851e+00) (2, -1.98357387271230423131e-01) (3, 1.44221017162178211102e+00) (4, 1.24134658229250161021e+00) (5, 2.18382961101335704157e-01) (6, 1.10698376766443673525e-01) (7, -1.22185050883461876481e-01) (8, 1.59327957735192105027e+00) (9, 5.93959606998309075365e-01) (10, -1.21553993863033782397e+00) (11, 7.91704372186614713236e-01) (12, 8.92781049249031233295e-01) (13, 1.77081704019557584218e-01) (14, -9.71997173226406108171e-01) (0, -2.29974727117902695284e+01) (1, 7.74495055336423199321e+00) (2, 2.45106493783703305311e+00) (3, 6.02734989700738399421e+00) (4, 6.78254995671553118086e+00) (5, -1.17756008998026362455e+00) (6, -3.51419643890318655899e-01) (7, 9.89583908154984648320e-01) (8, 4.68825684509791695831e+00) (9, 5.09395006124298266315e+00) (10, -3.61372715430920887769e+00) (11, 1.26932984472407870413e+01) (12, 6.41909122333705450814e+00) (13, 3.67095303102101766513e+00) (14, -6.80796542487445766056e+00) (15, 9.33755003747247958046e-01) (16, 3.27994785644046293882e+00) (17, 4.71185867627452825701e+00) (18, -1.95120879719771456173e+00) 
