FANN_FLO_2.1
num_layers=3
learning_rate=0.700000
connection_rate=1.000000
network_type=0
learning_momentum=0.000000
training_algorithm=2
train_error_function=1
train_stop_function=1
cascade_output_change_fraction=0.010000
quickprop_decay=-0.000100
quickprop_mu=1.750000
rprop_increase_factor=1.200000
rprop_decrease_factor=0.500000
rprop_delta_min=0.000000
rprop_delta_max=50.000000
rprop_delta_zero=0.100000
cascade_output_stagnation_epochs=12
cascade_candidate_change_fraction=0.010000
cascade_candidate_stagnation_epochs=12
cascade_max_out_epochs=150
cascade_min_out_epochs=50
cascade_max_cand_epochs=150
cascade_min_cand_epochs=50
cascade_num_candidate_groups=2
bit_fail_limit=1.00000000000000005551e-01
cascade_candidate_limit=1.00000000000000000000e+03
cascade_weight_multiplier=4.00000000000000022204e-01
cascade_activation_functions_count=10
cascade_activation_functions=3 5 7 8 10 11 14 15 16 17 
cascade_activation_steepnesses_count=4
cascade_activation_steepnesses=2.50000000000000000000e-01 5.00000000000000000000e-01 7.50000000000000000000e-01 1.00000000000000000000e+00 
layer_sizes=14 4 2 
scale_included=0
neurons (num_inputs, activation_function, activation_steepness)=(0, 0, 0.00000000000000000000e+00) (0, 0, 0.00000000000000000000e+00) (0, 0, 0.00000000000000000000e+00) (0, 0, 0.00000000000000000000e+00) (0, 0, 0.00000000000000000000e+00) (0, 0, 0.00000000000000000000e+00) (0, 0, 0.00000000000000000000e+00) (0, 0, 0.00000000000000000000e+00) (0, 0, 0.00000000000000000000e+00) (0, 0, 0.00000000000000000000e+00) (0, 0, 0.00000000000000000000e+00) (0, 0, 0.00000000000000000000e+00) (0, 0, 0.00000000000000000000e+00) (0, 0, 0.00000000000000000000e+00) (14, 6, 5.00000000000000000000e-01) (14, 6, 5.00000000000000000000e-01) (14, 6, 5.00000000000000000000e-01) (0, 6, 0.00000000000000000000e+00) (4, 4, 5.00000000000000000000e-01) (0, 4, 0.00000000000000000000e+00) 
connections (connected_to_neuron, weight)=(0, -3.60514051385303702091e+00) (1, 1.90538073238345484484e+00) (2, 2.89796562831390214221e-01) (3, 1.09015892183885432232e+00) (4, 1.50647409767583062568e-01) (5, 5.27336168834425356167e-01) (6, -2.87247654694847787127e+00) (7, 4.08270990057399600914e+01) (8, 6.27240167292182904113e-01) (9, 9.83018924708362273890e-01) (10, -1.18275387628409833773e+00) (11, 4.41030616666238800549e-02) (12, -1.96293043196612920775e-01) (13, -4.73685390560764973955e-01) (0, -4.21047519937386827138e+00) (1, 1.57797293659659687570e+00) (2, 4.00162758955770025970e-01) (3, 9.07648549616399735740e-01) (4, -2.37612047188729066938e-02) (5, 4.76484749765647253028e-01) (6, -1.95949849404864573366e+00) (7, 4.11007776250055201217e+01) (8, 7.59475697841993979686e-01) (9, 1.37668357821756703885e+00) (10, -5.95862421302933431555e-01) (11, -3.35121994802816791648e-01) (12, -3.44193993211204363192e-01) (13, -2.93930249226892259529e-01) (0, 6.07653763862878282254e+00) (1, -1.51722920959700413590e+00) (2, 1.90811617333490890491e-01) (3, -9.02879397507517666988e-01) (4, -4.19455013021146627672e-01) (5, -1.38447895600808279504e+00) (6, 1.30038456377170197342e+00) (7, 2.48090597907626460028e+01) (8, -8.07370587652248450361e-01) (9, -4.88899545098105559049e+00) (10, 1.03151876580022738850e+00) (11, 4.66834439336524575914e-01) (12, 4.78530301152930825914e-01) (13, 1.20545758021165205776e+00) (14, 4.83309656155868871963e+00) (15, 1.04418557442282224912e+01) (16, -8.04527948227487499366e+00) (17, -8.36869303316187695962e-01) 
