FANN_FLO_2.1
num_layers=3
learning_rate=0.700000
connection_rate=1.000000
network_type=0
learning_momentum=0.000000
training_algorithm=2
train_error_function=1
train_stop_function=1
cascade_output_change_fraction=0.010000
quickprop_decay=-0.000100
quickprop_mu=1.750000
rprop_increase_factor=1.200000
rprop_decrease_factor=0.500000
rprop_delta_min=0.000000
rprop_delta_max=50.000000
rprop_delta_zero=0.100000
cascade_output_stagnation_epochs=12
cascade_candidate_change_fraction=0.010000
cascade_candidate_stagnation_epochs=12
cascade_max_out_epochs=150
cascade_min_out_epochs=50
cascade_max_cand_epochs=150
cascade_min_cand_epochs=50
cascade_num_candidate_groups=2
bit_fail_limit=1.00000000000000005551e-01
cascade_candidate_limit=1.00000000000000000000e+03
cascade_weight_multiplier=4.00000000000000022204e-01
cascade_activation_functions_count=10
cascade_activation_functions=3 5 7 8 10 11 14 15 16 17 
cascade_activation_steepnesses_count=4
cascade_activation_steepnesses=2.50000000000000000000e-01 5.00000000000000000000e-01 7.50000000000000000000e-01 1.00000000000000000000e+00 
layer_sizes=7 4 2 
scale_included=0
neurons (num_inputs, activation_function, activation_steepness)=(0, 0, 0.00000000000000000000e+00) (0, 0, 0.00000000000000000000e+00) (0, 0, 0.00000000000000000000e+00) (0, 0, 0.00000000000000000000e+00) (0, 0, 0.00000000000000000000e+00) (0, 0, 0.00000000000000000000e+00) (0, 0, 0.00000000000000000000e+00) (7, 6, 5.00000000000000000000e-01) (7, 6, 5.00000000000000000000e-01) (7, 6, 5.00000000000000000000e-01) (0, 6, 0.00000000000000000000e+00) (4, 4, 5.00000000000000000000e-01) (0, 4, 0.00000000000000000000e+00) 
connections (connected_to_neuron, weight)=(0, -3.85542345352867821262e+00) (1, 1.78637167249563710847e+00) (2, 1.25062864377227023205e+00) (3, 2.05811786879875757705e+00) (4, 2.92919615946684919194e+00) (5, 1.30327682300534442028e+00) (6, -2.72636901557711697208e+00) (0, -8.76795165682738009139e+00) (1, 3.70450323859256247516e+00) (2, 4.80689200984845077524e-01) (3, 2.51496462489638439308e+00) (4, 4.44971052289654611656e+00) (5, 6.23514412980969434663e-01) (6, -3.44954240560110525493e+00) (0, -3.67959403089569958567e+00) (1, 1.40153700641172695995e+00) (2, 8.35528072741724359140e-01) (3, 7.98095771662063024898e-01) (4, 1.32514441672405380857e+00) (5, 9.65506922318405291783e-01) (6, -1.32974181715080153054e+00) (7, 3.71892964918475765757e+00) (8, 6.23732157805692555286e+00) (9, 1.55861564620013459681e+00) (10, -1.78910933968891394663e+00) 
