FANN_FLO_2.1
num_layers=3
learning_rate=0.700000
connection_rate=1.000000
network_type=0
learning_momentum=0.000000
training_algorithm=2
train_error_function=1
train_stop_function=1
cascade_output_change_fraction=0.010000
quickprop_decay=-0.000100
quickprop_mu=1.750000
rprop_increase_factor=1.200000
rprop_decrease_factor=0.500000
rprop_delta_min=0.000000
rprop_delta_max=50.000000
rprop_delta_zero=0.100000
cascade_output_stagnation_epochs=12
cascade_candidate_change_fraction=0.010000
cascade_candidate_stagnation_epochs=12
cascade_max_out_epochs=150
cascade_min_out_epochs=50
cascade_max_cand_epochs=150
cascade_min_cand_epochs=50
cascade_num_candidate_groups=2
bit_fail_limit=1.00000000000000005551e-01
cascade_candidate_limit=1.00000000000000000000e+03
cascade_weight_multiplier=4.00000000000000022204e-01
cascade_activation_functions_count=10
cascade_activation_functions=3 5 7 8 10 11 14 15 16 17 
cascade_activation_steepnesses_count=4
cascade_activation_steepnesses=2.50000000000000000000e-01 5.00000000000000000000e-01 7.50000000000000000000e-01 1.00000000000000000000e+00 
layer_sizes=7 4 2 
scale_included=0
neurons (num_inputs, activation_function, activation_steepness)=(0, 0, 0.00000000000000000000e+00) (0, 0, 0.00000000000000000000e+00) (0, 0, 0.00000000000000000000e+00) (0, 0, 0.00000000000000000000e+00) (0, 0, 0.00000000000000000000e+00) (0, 0, 0.00000000000000000000e+00) (0, 0, 0.00000000000000000000e+00) (7, 6, 5.00000000000000000000e-01) (7, 6, 5.00000000000000000000e-01) (7, 6, 5.00000000000000000000e-01) (0, 6, 0.00000000000000000000e+00) (4, 4, 5.00000000000000000000e-01) (0, 4, 0.00000000000000000000e+00) 
connections (connected_to_neuron, weight)=(0, -4.76160710282797550175e-01) (1, 2.08980376580565296862e+00) (2, 2.36986945717125335742e-01) (3, -3.76724417326920690829e-01) (4, -3.04851773200505438144e-01) (5, -3.79007685003750982577e-01) (6, -1.08421891528779323899e+00) (0, -1.25489998271821723286e+00) (1, 3.65897568838448083994e+00) (2, -2.59120988045133060496e-01) (3, -7.82772307774090014831e-01) (4, -6.77330014785789913390e-01) (5, -7.56140520354770861999e-01) (6, -2.05779308432725471789e+00) (0, -9.60321105216647985525e-02) (1, 1.13003403351462039517e+00) (2, 2.92422161068525754413e-01) (3, -9.62839244669839999791e-04) (4, 2.03848558776958260763e-03) (5, 6.72045380186376967169e-02) (6, -1.61203747162690369521e-01) (7, 6.66613831230514541915e+00) (8, 7.32704876413936734281e+00) (9, 1.65468687861136531936e+00) (10, -2.43775338374142958031e+00) 
