FANN_FLO_2.1
num_layers=3
learning_rate=0.700000
connection_rate=1.000000
network_type=0
learning_momentum=0.000000
training_algorithm=2
train_error_function=1
train_stop_function=1
cascade_output_change_fraction=0.010000
quickprop_decay=-0.000100
quickprop_mu=1.750000
rprop_increase_factor=1.200000
rprop_decrease_factor=0.500000
rprop_delta_min=0.000000
rprop_delta_max=50.000000
rprop_delta_zero=0.100000
cascade_output_stagnation_epochs=12
cascade_candidate_change_fraction=0.010000
cascade_candidate_stagnation_epochs=12
cascade_max_out_epochs=150
cascade_min_out_epochs=50
cascade_max_cand_epochs=150
cascade_min_cand_epochs=50
cascade_num_candidate_groups=2
bit_fail_limit=1.00000000000000005551e-01
cascade_candidate_limit=1.00000000000000000000e+03
cascade_weight_multiplier=4.00000000000000022204e-01
cascade_activation_functions_count=10
cascade_activation_functions=3 5 7 8 10 11 14 15 16 17 
cascade_activation_steepnesses_count=4
cascade_activation_steepnesses=2.50000000000000000000e-01 5.00000000000000000000e-01 7.50000000000000000000e-01 1.00000000000000000000e+00 
layer_sizes=8 4 2 
scale_included=0
neurons (num_inputs, activation_function, activation_steepness)=(0, 0, 0.00000000000000000000e+00) (0, 0, 0.00000000000000000000e+00) (0, 0, 0.00000000000000000000e+00) (0, 0, 0.00000000000000000000e+00) (0, 0, 0.00000000000000000000e+00) (0, 0, 0.00000000000000000000e+00) (0, 0, 0.00000000000000000000e+00) (0, 0, 0.00000000000000000000e+00) (8, 6, 5.00000000000000000000e-01) (8, 6, 5.00000000000000000000e-01) (8, 6, 5.00000000000000000000e-01) (0, 6, 0.00000000000000000000e+00) (4, 4, 5.00000000000000000000e-01) (0, 4, 0.00000000000000000000e+00) 
connections (connected_to_neuron, weight)=(0, 3.58130528542749493326e+00) (1, 4.50955177751667868336e+00) (2, 2.70082706829027241469e+00) (3, -4.94655240668494255996e-01) (4, 1.91344997008848327624e+00) (5, 1.98453336450927442236e+00) (6, 2.29330261631541043599e+00) (7, -3.19402417808954730560e+00) (0, 1.14811280076800859007e+00) (1, 3.21036693529591676821e+00) (2, -5.18626714701784119477e-01) (3, 6.65969651748335245145e+00) (4, 9.71505019773940547978e-01) (5, 7.79886938933929796391e-01) (6, 5.04105658858663846500e-02) (7, -1.72477346226260941364e+00) (0, -6.52172395601544696575e+00) (1, 6.11734105009365602967e+00) (2, 4.93374044647739928848e+00) (3, 1.71085606172049442542e+00) (4, 3.96410292402721076144e+00) (5, 4.65078614510866028553e+00) (6, 4.29367476539189230067e+00) (7, 3.30345873160182001982e+00) (8, 1.30592494376962964253e+01) (9, 7.41909835470661516155e+00) (10, -5.28218510455132150838e+00) (11, -1.36224872173317446133e+00) 
