FANN_FLO_2.1
num_layers=3
learning_rate=0.700000
connection_rate=1.000000
network_type=0
learning_momentum=0.000000
training_algorithm=2
train_error_function=1
train_stop_function=1
cascade_output_change_fraction=0.010000
quickprop_decay=-0.000100
quickprop_mu=1.750000
rprop_increase_factor=1.200000
rprop_decrease_factor=0.500000
rprop_delta_min=0.000000
rprop_delta_max=50.000000
rprop_delta_zero=0.100000
cascade_output_stagnation_epochs=12
cascade_candidate_change_fraction=0.010000
cascade_candidate_stagnation_epochs=12
cascade_max_out_epochs=150
cascade_min_out_epochs=50
cascade_max_cand_epochs=150
cascade_min_cand_epochs=50
cascade_num_candidate_groups=2
bit_fail_limit=1.00000000000000005551e-01
cascade_candidate_limit=1.00000000000000000000e+03
cascade_weight_multiplier=4.00000000000000022204e-01
cascade_activation_functions_count=10
cascade_activation_functions=3 5 7 8 10 11 14 15 16 17 
cascade_activation_steepnesses_count=4
cascade_activation_steepnesses=2.50000000000000000000e-01 5.00000000000000000000e-01 7.50000000000000000000e-01 1.00000000000000000000e+00 
layer_sizes=11 4 2 
scale_included=0
neurons (num_inputs, activation_function, activation_steepness)=(0, 0, 0.00000000000000000000e+00) (0, 0, 0.00000000000000000000e+00) (0, 0, 0.00000000000000000000e+00) (0, 0, 0.00000000000000000000e+00) (0, 0, 0.00000000000000000000e+00) (0, 0, 0.00000000000000000000e+00) (0, 0, 0.00000000000000000000e+00) (0, 0, 0.00000000000000000000e+00) (0, 0, 0.00000000000000000000e+00) (0, 0, 0.00000000000000000000e+00) (0, 0, 0.00000000000000000000e+00) (11, 6, 5.00000000000000000000e-01) (11, 6, 5.00000000000000000000e-01) (11, 6, 5.00000000000000000000e-01) (0, 6, 0.00000000000000000000e+00) (4, 4, 5.00000000000000000000e-01) (0, 4, 0.00000000000000000000e+00) 
connections (connected_to_neuron, weight)=(0, -3.30580354260142641465e+01) (1, 2.56623886510782961423e+00) (2, 2.14673367963145311776e+00) (3, 9.07629849358344231725e-01) (4, 2.19769741021805131709e+00) (5, 8.20690427814222189795e+00) (6, 3.21612839083750046143e-01) (7, -3.02997137751021938801e-01) (8, 1.79122120344027724315e+00) (9, 2.16142500258951342218e+00) (10, 1.90575637944079612218e+00) (0, -1.24310897253846643906e+01) (1, 4.96144677960197233446e-01) (2, 4.99110000317464774788e-01) (3, 4.22752650122674378252e-01) (4, 1.21110300422735028825e+00) (5, -1.53978460852311282991e+00) (6, 8.46674748893064127442e-02) (7, -6.03685004860351703826e-01) (8, 6.82078796115676011524e-01) (9, 6.55237822310579254292e-01) (10, 1.72192612235044806290e+00) (0, -1.72995205927564015269e+01) (1, 5.38336331948488844290e-01) (2, 5.87635691819504035749e-01) (3, 2.59305459124679726912e+00) (4, 2.15322858626357627188e+00) (5, -6.85837383991503179992e-01) (6, -1.35301998037226689497e+00) (7, -9.70033244454907128684e-01) (8, 7.71340705595772280212e-01) (9, 4.51832975841541251150e-01) (10, 8.14950840988130864595e-01) (11, 8.42178136175531122376e+00) (12, 1.22360316601667857839e+01) (13, 7.85242629820079152125e+00) (14, -9.88499840690976405710e-01) 
