FANN_FLO_2.1
num_layers=3
learning_rate=0.700000
connection_rate=1.000000
network_type=0
learning_momentum=0.000000
training_algorithm=2
train_error_function=1
train_stop_function=1
cascade_output_change_fraction=0.010000
quickprop_decay=-0.000100
quickprop_mu=1.750000
rprop_increase_factor=1.200000
rprop_decrease_factor=0.500000
rprop_delta_min=0.000000
rprop_delta_max=50.000000
rprop_delta_zero=0.100000
cascade_output_stagnation_epochs=12
cascade_candidate_change_fraction=0.010000
cascade_candidate_stagnation_epochs=12
cascade_max_out_epochs=150
cascade_min_out_epochs=50
cascade_max_cand_epochs=150
cascade_min_cand_epochs=50
cascade_num_candidate_groups=2
bit_fail_limit=1.00000000000000005551e-01
cascade_candidate_limit=1.00000000000000000000e+03
cascade_weight_multiplier=4.00000000000000022204e-01
cascade_activation_functions_count=10
cascade_activation_functions=3 5 7 8 10 11 14 15 16 17 
cascade_activation_steepnesses_count=4
cascade_activation_steepnesses=2.50000000000000000000e-01 5.00000000000000000000e-01 7.50000000000000000000e-01 1.00000000000000000000e+00 
layer_sizes=12 4 2 
scale_included=0
neurons (num_inputs, activation_function, activation_steepness)=(0, 0, 0.00000000000000000000e+00) (0, 0, 0.00000000000000000000e+00) (0, 0, 0.00000000000000000000e+00) (0, 0, 0.00000000000000000000e+00) (0, 0, 0.00000000000000000000e+00) (0, 0, 0.00000000000000000000e+00) (0, 0, 0.00000000000000000000e+00) (0, 0, 0.00000000000000000000e+00) (0, 0, 0.00000000000000000000e+00) (0, 0, 0.00000000000000000000e+00) (0, 0, 0.00000000000000000000e+00) (0, 0, 0.00000000000000000000e+00) (12, 6, 5.00000000000000000000e-01) (12, 6, 5.00000000000000000000e-01) (12, 6, 5.00000000000000000000e-01) (0, 6, 0.00000000000000000000e+00) (4, 4, 5.00000000000000000000e-01) (0, 4, 0.00000000000000000000e+00) 
connections (connected_to_neuron, weight)=(0, -1.00217333308396527869e+00) (1, 4.83871671774113121245e+00) (2, -2.22277842782249740461e-01) (3, -6.75937972581194923549e-01) (4, -5.64766123509215400844e-01) (5, -6.63962907707499661036e-01) (6, 1.59045501328766519800e-01) (7, -3.73243412210746750013e-01) (8, -5.83429120099352993556e-01) (9, -3.05326491327091265049e+00) (10, -1.38004989334096905829e+00) (11, -4.19353830663673043944e-01) (0, -1.76049110668184383144e+00) (1, 1.88086610841037860098e+00) (2, 2.17593787532057381107e-01) (3, -3.90953133733084157164e-01) (4, -8.66652704987429522987e-01) (5, -9.32328902397059566809e-01) (6, 2.43208677580997290057e-01) (7, -2.10054373925504800358e-02) (8, -7.07041521374152548418e-01) (9, -7.84575686607526190386e-01) (10, -8.93181674394511126991e-01) (11, -9.43017782853014241429e-02) (0, 1.18538490801034646083e+00) (1, -3.00715146691604662266e+00) (2, 5.16636112268013869553e-01) (3, 1.22008347629485802699e+00) (4, 1.30493675290523247767e+00) (5, 1.19551387174902634669e+00) (6, 3.83006145740790393539e-01) (7, 7.72304779894396720152e-01) (8, 8.07518374453900733556e-01) (9, 2.07006361066284005901e+00) (10, 1.33597585677085595179e+00) (11, 7.79756940014407096129e-01) (12, 4.75290982641899528716e+00) (13, 8.35468495971541491585e-01) (14, -4.83844416805231514189e+00) (15, -7.53377728541607671886e-01) 
