FANN_FLO_2.1
num_layers=3
learning_rate=0.700000
connection_rate=1.000000
network_type=0
learning_momentum=0.000000
training_algorithm=2
train_error_function=1
train_stop_function=1
cascade_output_change_fraction=0.010000
quickprop_decay=-0.000100
quickprop_mu=1.750000
rprop_increase_factor=1.200000
rprop_decrease_factor=0.500000
rprop_delta_min=0.000000
rprop_delta_max=50.000000
rprop_delta_zero=0.100000
cascade_output_stagnation_epochs=12
cascade_candidate_change_fraction=0.010000
cascade_candidate_stagnation_epochs=12
cascade_max_out_epochs=150
cascade_min_out_epochs=50
cascade_max_cand_epochs=150
cascade_min_cand_epochs=50
cascade_num_candidate_groups=2
bit_fail_limit=1.00000000000000005551e-01
cascade_candidate_limit=1.00000000000000000000e+03
cascade_weight_multiplier=4.00000000000000022204e-01
cascade_activation_functions_count=10
cascade_activation_functions=3 5 7 8 10 11 14 15 16 17 
cascade_activation_steepnesses_count=4
cascade_activation_steepnesses=2.50000000000000000000e-01 5.00000000000000000000e-01 7.50000000000000000000e-01 1.00000000000000000000e+00 
layer_sizes=13 4 2 
scale_included=0
neurons (num_inputs, activation_function, activation_steepness)=(0, 0, 0.00000000000000000000e+00) (0, 0, 0.00000000000000000000e+00) (0, 0, 0.00000000000000000000e+00) (0, 0, 0.00000000000000000000e+00) (0, 0, 0.00000000000000000000e+00) (0, 0, 0.00000000000000000000e+00) (0, 0, 0.00000000000000000000e+00) (0, 0, 0.00000000000000000000e+00) (0, 0, 0.00000000000000000000e+00) (0, 0, 0.00000000000000000000e+00) (0, 0, 0.00000000000000000000e+00) (0, 0, 0.00000000000000000000e+00) (0, 0, 0.00000000000000000000e+00) (13, 6, 5.00000000000000000000e-01) (13, 6, 5.00000000000000000000e-01) (13, 6, 5.00000000000000000000e-01) (0, 6, 0.00000000000000000000e+00) (4, 4, 5.00000000000000000000e-01) (0, 4, 0.00000000000000000000e+00) 
connections (connected_to_neuron, weight)=(0, -3.81334620290642245521e-01) (1, 4.74475939980172427113e+02) (2, 9.93603870994810511874e-01) (3, 9.48937865454061224568e+00) (4, 3.28809332007515253693e+00) (5, 1.16734414514314810418e+00) (6, 2.07865460275098072884e+01) (7, -2.38904809160542797031e+00) (8, -2.54103736379732332296e+01) (9, -1.45777594471298446166e+01) (10, 6.84664070346859943150e-01) (11, 5.08659414033976853275e-01) (12, -1.39373049540961776831e-03) (0, 1.46746533232134046543e-01) (1, 6.32593544181580966779e+01) (2, 7.03089853154159200033e-02) (3, 2.79585484555532927387e-02) (4, -3.67431974644293335430e-02) (5, -8.32473818045001562327e-02) (6, -7.91260422211425451522e-01) (7, -1.02457003705386684445e+00) (8, 1.62258105442202343882e-01) (9, -2.27719616535849989081e-01) (10, -8.71324325205061311905e-01) (11, -1.91143009100243788101e-01) (12, 9.91176759523654526962e-02) (0, -3.30960962752464915582e+00) (1, 1.19469553219505587549e+03) (2, 1.17880896149424541086e+00) (3, 3.59120331775159584708e+00) (4, 1.75527285834445789803e+00) (5, -1.20206092500907102405e+00) (6, 2.39955567201624964113e+00) (7, 6.99991762194629552063e-01) (8, 1.60877976676264533573e+00) (9, 2.28333355705895080234e+00) (10, 4.47596175473311586046e+00) (11, 2.91427475717794637333e+00) (12, -3.86588548683844024367e+00) (13, 1.03930635703422047378e+00) (14, -2.33542990235391467735e+00) (15, 1.28156794857623363981e+01) (16, -1.27357306723046881380e+00) 
