FANN_FLO_2.1
num_layers=3
learning_rate=0.700000
connection_rate=1.000000
network_type=0
learning_momentum=0.000000
training_algorithm=2
train_error_function=1
train_stop_function=1
cascade_output_change_fraction=0.010000
quickprop_decay=-0.000100
quickprop_mu=1.750000
rprop_increase_factor=1.200000
rprop_decrease_factor=0.500000
rprop_delta_min=0.000000
rprop_delta_max=50.000000
rprop_delta_zero=0.100000
cascade_output_stagnation_epochs=12
cascade_candidate_change_fraction=0.010000
cascade_candidate_stagnation_epochs=12
cascade_max_out_epochs=150
cascade_min_out_epochs=50
cascade_max_cand_epochs=150
cascade_min_cand_epochs=50
cascade_num_candidate_groups=2
bit_fail_limit=1.00000000000000005551e-01
cascade_candidate_limit=1.00000000000000000000e+03
cascade_weight_multiplier=4.00000000000000022204e-01
cascade_activation_functions_count=10
cascade_activation_functions=3 5 7 8 10 11 14 15 16 17 
cascade_activation_steepnesses_count=4
cascade_activation_steepnesses=2.50000000000000000000e-01 5.00000000000000000000e-01 7.50000000000000000000e-01 1.00000000000000000000e+00 
layer_sizes=15 4 2 
scale_included=0
neurons (num_inputs, activation_function, activation_steepness)=(0, 0, 0.00000000000000000000e+00) (0, 0, 0.00000000000000000000e+00) (0, 0, 0.00000000000000000000e+00) (0, 0, 0.00000000000000000000e+00) (0, 0, 0.00000000000000000000e+00) (0, 0, 0.00000000000000000000e+00) (0, 0, 0.00000000000000000000e+00) (0, 0, 0.00000000000000000000e+00) (0, 0, 0.00000000000000000000e+00) (0, 0, 0.00000000000000000000e+00) (0, 0, 0.00000000000000000000e+00) (0, 0, 0.00000000000000000000e+00) (0, 0, 0.00000000000000000000e+00) (0, 0, 0.00000000000000000000e+00) (0, 0, 0.00000000000000000000e+00) (15, 6, 5.00000000000000000000e-01) (15, 6, 5.00000000000000000000e-01) (15, 6, 5.00000000000000000000e-01) (0, 6, 0.00000000000000000000e+00) (4, 4, 5.00000000000000000000e-01) (0, 4, 0.00000000000000000000e+00) 
connections (connected_to_neuron, weight)=(0, 2.09376401039529413950e+00) (1, -1.79543790756063459391e+00) (2, -2.04423241958263801621e+00) (3, -1.03720072168594856787e-01) (4, 2.39319729948769666095e+00) (5, 4.33930874777277320042e-01) (6, -4.30618097111477859951e-01) (7, 2.35852131391297437091e+00) (8, 1.54184233752091737202e+00) (9, 1.54292347637017579487e+00) (10, -2.78059752230379109150e+00) (11, 1.38122729642615182932e+00) (12, 1.26437536685094698008e+00) (13, 1.63423590433251408882e+00) (14, 1.31571020010191142013e+00) (0, 2.17477461280990169712e+00) (1, -1.94757440476016996378e+00) (2, -1.10012519725069535248e+00) (3, -7.39712971036496219623e-02) (4, 1.92619515927511386622e+00) (5, 3.99298728418787107763e-01) (6, -4.60368757173314158138e-01) (7, 2.29936956758032806647e+00) (8, 1.22004406693365274883e+00) (9, 1.17603195252802117388e+00) (10, -2.70303688143226628071e+00) (11, 1.49122740553831989452e+00) (12, 1.28504556102976663645e+00) (13, 1.63388317894589452095e+00) (14, 1.03578484533885584185e+00) (0, -6.68177606064535023478e-01) (1, 1.45317721560258572566e+00) (2, 2.35280023016013828396e+00) (3, -5.52715004375893808469e-03) (4, -4.49650103117290922405e-01) (5, -1.30761852550685120367e-01) (6, 9.54685884519753114041e-01) (7, -1.34193644766920572309e+00) (8, -5.19052507246796079876e-01) (9, -5.79833539093796201946e-01) (10, 2.68884781287846763576e+00) (11, -5.24229349095083119181e-01) (12, -4.82348652083135487345e-01) (13, -2.12745723269828879154e-01) (14, -3.06440741161163376916e-01) (15, -1.01955624081311917450e+01) (16, -1.01771826528130269196e+01) (17, 7.60269023806279586886e-01) (18, -1.13527090607230918273e+00) 
