FANN_FLO_2.1
num_layers=3
learning_rate=0.700000
connection_rate=1.000000
network_type=0
learning_momentum=0.000000
training_algorithm=2
train_error_function=1
train_stop_function=1
cascade_output_change_fraction=0.010000
quickprop_decay=-0.000100
quickprop_mu=1.750000
rprop_increase_factor=1.200000
rprop_decrease_factor=0.500000
rprop_delta_min=0.000000
rprop_delta_max=50.000000
rprop_delta_zero=0.100000
cascade_output_stagnation_epochs=12
cascade_candidate_change_fraction=0.010000
cascade_candidate_stagnation_epochs=12
cascade_max_out_epochs=150
cascade_min_out_epochs=50
cascade_max_cand_epochs=150
cascade_min_cand_epochs=50
cascade_num_candidate_groups=2
bit_fail_limit=1.00000000000000005551e-01
cascade_candidate_limit=1.00000000000000000000e+03
cascade_weight_multiplier=4.00000000000000022204e-01
cascade_activation_functions_count=10
cascade_activation_functions=3 5 7 8 10 11 14 15 16 17 
cascade_activation_steepnesses_count=4
cascade_activation_steepnesses=2.50000000000000000000e-01 5.00000000000000000000e-01 7.50000000000000000000e-01 1.00000000000000000000e+00 
layer_sizes=7 4 2 
scale_included=0
neurons (num_inputs, activation_function, activation_steepness)=(0, 0, 0.00000000000000000000e+00) (0, 0, 0.00000000000000000000e+00) (0, 0, 0.00000000000000000000e+00) (0, 0, 0.00000000000000000000e+00) (0, 0, 0.00000000000000000000e+00) (0, 0, 0.00000000000000000000e+00) (0, 0, 0.00000000000000000000e+00) (7, 6, 5.00000000000000000000e-01) (7, 6, 5.00000000000000000000e-01) (7, 6, 5.00000000000000000000e-01) (0, 6, 0.00000000000000000000e+00) (4, 4, 5.00000000000000000000e-01) (0, 4, 0.00000000000000000000e+00) 
connections (connected_to_neuron, weight)=(0, -3.21968882418219282116e+00) (1, 1.07148160756480814726e+00) (2, 3.37904891949037677890e+00) (3, 4.63469544854920478816e-01) (4, -3.91015472771265304441e-01) (5, 1.20418755764183940671e-01) (6, -4.82428272179833361744e-01) (0, 1.52861599346849530434e+00) (1, -1.45206833035778104524e+00) (2, -1.07957547262161016044e-01) (3, -7.54487468151738976951e-02) (4, 6.59032692408323073074e-01) (5, 9.51796357994442038253e-02) (6, 6.26454795158750576967e-01) (0, -3.07495532750354216844e+00) (1, 2.80282908907734595871e+00) (2, 2.47582849716363062598e+00) (3, 2.27295127664545093538e+00) (4, -1.23275300847033109086e+00) (5, 1.48256325440608094368e+00) (6, -3.18450528948769973070e+00) (7, 6.07672779702746468367e-01) (8, -2.95811970329444040573e+00) (9, 7.05425565847816038456e+00) (10, -8.50072694291437724878e-01) 
