FANN_FLO_2.1
num_layers=3
learning_rate=0.700000
connection_rate=1.000000
network_type=0
learning_momentum=0.000000
training_algorithm=2
train_error_function=1
train_stop_function=1
cascade_output_change_fraction=0.010000
quickprop_decay=-0.000100
quickprop_mu=1.750000
rprop_increase_factor=1.200000
rprop_decrease_factor=0.500000
rprop_delta_min=0.000000
rprop_delta_max=50.000000
rprop_delta_zero=0.100000
cascade_output_stagnation_epochs=12
cascade_candidate_change_fraction=0.010000
cascade_candidate_stagnation_epochs=12
cascade_max_out_epochs=150
cascade_min_out_epochs=50
cascade_max_cand_epochs=150
cascade_min_cand_epochs=50
cascade_num_candidate_groups=2
bit_fail_limit=1.00000000000000005551e-01
cascade_candidate_limit=1.00000000000000000000e+03
cascade_weight_multiplier=4.00000000000000022204e-01
cascade_activation_functions_count=10
cascade_activation_functions=3 5 7 8 10 11 14 15 16 17 
cascade_activation_steepnesses_count=4
cascade_activation_steepnesses=2.50000000000000000000e-01 5.00000000000000000000e-01 7.50000000000000000000e-01 1.00000000000000000000e+00 
layer_sizes=9 4 2 
scale_included=0
neurons (num_inputs, activation_function, activation_steepness)=(0, 0, 0.00000000000000000000e+00) (0, 0, 0.00000000000000000000e+00) (0, 0, 0.00000000000000000000e+00) (0, 0, 0.00000000000000000000e+00) (0, 0, 0.00000000000000000000e+00) (0, 0, 0.00000000000000000000e+00) (0, 0, 0.00000000000000000000e+00) (0, 0, 0.00000000000000000000e+00) (0, 0, 0.00000000000000000000e+00) (9, 6, 5.00000000000000000000e-01) (9, 6, 5.00000000000000000000e-01) (9, 6, 5.00000000000000000000e-01) (0, 6, 0.00000000000000000000e+00) (4, 4, 5.00000000000000000000e-01) (0, 4, 0.00000000000000000000e+00) 
connections (connected_to_neuron, weight)=(0, -6.72544043699874860565e-01) (1, 2.08712983852648248373e+00) (2, -2.30702275066750589483e-01) (3, 4.96933172902490061240e-01) (4, -3.49589648236890426780e-01) (5, -5.19317346205373508994e-01) (6, 2.09004177129292001425e+00) (7, 1.88781068003522323195e+00) (8, -1.28314661059999979287e+00) (0, 1.34567532119182420303e+00) (1, -2.64063937819349803249e+00) (2, 1.84848506150625674360e-01) (3, -6.66340278875688640792e-02) (4, 7.80709498649193478492e-01) (5, 7.33273693447663021949e-01) (6, -2.64464280611622370998e+00) (7, -2.71907917390806508351e+00) (8, 1.39076051621886387366e+00) (0, 4.71187704263164863772e-02) (1, 7.46350563991549642573e-01) (2, -1.51191417678978312633e-01) (3, 4.60856246011924985950e-01) (4, -8.10364569656500666195e-02) (5, 1.80546552367875645650e-01) (6, 8.26563075113776357661e-01) (7, 7.15090526008076654563e-01) (8, -2.74314412104065541431e-01) (9, 1.05167791194484205874e+01) (10, -1.04956030196711989078e+01) (11, 3.38566071013555514035e-01) (12, -1.17075382743502176552e+00) 
