FANN_FLO_2.1
num_layers=3
learning_rate=0.700000
connection_rate=1.000000
network_type=0
learning_momentum=0.000000
training_algorithm=2
train_error_function=1
train_stop_function=1
cascade_output_change_fraction=0.010000
quickprop_decay=-0.000100
quickprop_mu=1.750000
rprop_increase_factor=1.200000
rprop_decrease_factor=0.500000
rprop_delta_min=0.000000
rprop_delta_max=50.000000
rprop_delta_zero=0.100000
cascade_output_stagnation_epochs=12
cascade_candidate_change_fraction=0.010000
cascade_candidate_stagnation_epochs=12
cascade_max_out_epochs=150
cascade_min_out_epochs=50
cascade_max_cand_epochs=150
cascade_min_cand_epochs=50
cascade_num_candidate_groups=2
bit_fail_limit=1.00000000000000005551e-01
cascade_candidate_limit=1.00000000000000000000e+03
cascade_weight_multiplier=4.00000000000000022204e-01
cascade_activation_functions_count=10
cascade_activation_functions=3 5 7 8 10 11 14 15 16 17 
cascade_activation_steepnesses_count=4
cascade_activation_steepnesses=2.50000000000000000000e-01 5.00000000000000000000e-01 7.50000000000000000000e-01 1.00000000000000000000e+00 
layer_sizes=17 4 2 
scale_included=0
neurons (num_inputs, activation_function, activation_steepness)=(0, 0, 0.00000000000000000000e+00) (0, 0, 0.00000000000000000000e+00) (0, 0, 0.00000000000000000000e+00) (0, 0, 0.00000000000000000000e+00) (0, 0, 0.00000000000000000000e+00) (0, 0, 0.00000000000000000000e+00) (0, 0, 0.00000000000000000000e+00) (0, 0, 0.00000000000000000000e+00) (0, 0, 0.00000000000000000000e+00) (0, 0, 0.00000000000000000000e+00) (0, 0, 0.00000000000000000000e+00) (0, 0, 0.00000000000000000000e+00) (0, 0, 0.00000000000000000000e+00) (0, 0, 0.00000000000000000000e+00) (0, 0, 0.00000000000000000000e+00) (0, 0, 0.00000000000000000000e+00) (0, 0, 0.00000000000000000000e+00) (17, 6, 5.00000000000000000000e-01) (17, 6, 5.00000000000000000000e-01) (17, 6, 5.00000000000000000000e-01) (0, 6, 0.00000000000000000000e+00) (4, 4, 5.00000000000000000000e-01) (0, 4, 0.00000000000000000000e+00) 
connections (connected_to_neuron, weight)=(0, -6.36322727045373404131e-01) (1, 1.79497376014461162974e+00) (2, 1.18567186774192956378e+00) (3, -8.44235946403320836051e-02) (4, 2.69041298472973844369e+00) (5, 1.62370577085038547693e+00) (6, -4.78205126590977336321e+00) (7, 1.93910229792299859675e+00) (8, 2.75218485550976410536e+00) (9, -5.17145090823552333603e+00) (10, -4.83693849734912539873e+00) (11, 1.96799304809653952120e+00) (12, -1.53116034304194159610e+00) (13, 4.47785356570421511080e-01) (14, -2.40304995670725807244e+00) (15, 1.98305635310184769082e+00) (16, -2.02627003878194233977e+00) (0, 5.08153165920727678539e-01) (1, 3.36709173906534098286e-01) (2, 6.59201558691988931393e-01) (3, 2.19037455494310639992e-01) (4, 1.37938997280583564020e+00) (5, 3.78038298414332540887e+00) (6, -1.20646545057420104263e-01) (7, 2.05934585364734412671e-01) (8, 6.39966589471152702551e-01) (9, -1.83218398001110838180e+00) (10, -4.13659264792245254250e-02) (11, 8.49262739876396333116e-01) (12, -6.50907283088699717410e-01) (13, -6.87199288400430141621e+00) (14, -4.17134108048663521107e-01) (15, 6.96381628013721831749e-01) (16, -1.44898985954791642561e-01) (0, 5.53519825681202837231e-01) (1, 4.91801644254415415425e-01) (2, 5.92390730989704961118e-01) (3, 2.17233282501604341164e-01) (4, 1.46632624548659507013e+00) (5, 3.82278475986105981121e+00) (6, -7.43834053624910368496e-02) (7, 1.66493346275960629743e-01) (8, 8.36280630019878512549e-01) (9, -1.68283829148924635177e+00) (10, -1.31714412336472880272e-01) (11, 7.20311566600687402939e-01) (12, -6.52053040823475260623e-01) (13, -6.83284156935829578572e+00) (14, -5.67058863145098901448e-01) (15, 7.90870859719387420128e-01) (16, -2.35846055182487107649e-01) (17, 3.67223635653918734079e+01) (18, 4.71318890881473107068e-01) (19, 8.73492737658620788110e-01) (20, -1.75716475915785541595e+00) 
