FANN_FLO_2.1
num_layers=3
learning_rate=0.700000
connection_rate=1.000000
network_type=0
learning_momentum=0.000000
training_algorithm=2
train_error_function=1
train_stop_function=1
cascade_output_change_fraction=0.010000
quickprop_decay=-0.000100
quickprop_mu=1.750000
rprop_increase_factor=1.200000
rprop_decrease_factor=0.500000
rprop_delta_min=0.000000
rprop_delta_max=50.000000
rprop_delta_zero=0.100000
cascade_output_stagnation_epochs=12
cascade_candidate_change_fraction=0.010000
cascade_candidate_stagnation_epochs=12
cascade_max_out_epochs=150
cascade_min_out_epochs=50
cascade_max_cand_epochs=150
cascade_min_cand_epochs=50
cascade_num_candidate_groups=2
bit_fail_limit=1.00000000000000005551e-01
cascade_candidate_limit=1.00000000000000000000e+03
cascade_weight_multiplier=4.00000000000000022204e-01
cascade_activation_functions_count=10
cascade_activation_functions=3 5 7 8 10 11 14 15 16 17 
cascade_activation_steepnesses_count=4
cascade_activation_steepnesses=2.50000000000000000000e-01 5.00000000000000000000e-01 7.50000000000000000000e-01 1.00000000000000000000e+00 
layer_sizes=14 4 2 
scale_included=0
neurons (num_inputs, activation_function, activation_steepness)=(0, 0, 0.00000000000000000000e+00) (0, 0, 0.00000000000000000000e+00) (0, 0, 0.00000000000000000000e+00) (0, 0, 0.00000000000000000000e+00) (0, 0, 0.00000000000000000000e+00) (0, 0, 0.00000000000000000000e+00) (0, 0, 0.00000000000000000000e+00) (0, 0, 0.00000000000000000000e+00) (0, 0, 0.00000000000000000000e+00) (0, 0, 0.00000000000000000000e+00) (0, 0, 0.00000000000000000000e+00) (0, 0, 0.00000000000000000000e+00) (0, 0, 0.00000000000000000000e+00) (0, 0, 0.00000000000000000000e+00) (14, 6, 5.00000000000000000000e-01) (14, 6, 5.00000000000000000000e-01) (14, 6, 5.00000000000000000000e-01) (0, 6, 0.00000000000000000000e+00) (4, 4, 5.00000000000000000000e-01) (0, 4, 0.00000000000000000000e+00) 
connections (connected_to_neuron, weight)=(0, 2.10934557105173992042e+00) (1, -2.77642974868603253924e+00) (2, -4.63866441877301216579e+00) (3, 6.71524530189766322152e-01) (4, 5.45849527861895222891e-01) (5, -4.30221397464449051284e+00) (6, -1.09850442825913741096e+00) (7, -2.10964420913731398599e+00) (8, 1.91505206137040495662e+00) (9, -8.58685700174001920182e-01) (10, -2.28596333876732771273e+00) (11, 1.18641201749836588952e+00) (12, 3.86975027651345448998e-01) (13, 3.17865982080981357427e+00) (0, 9.61394099261149470692e+00) (1, -4.18097505588005624588e+00) (2, -4.20387757210914525530e+00) (3, -9.85564392716684500861e-01) (4, -1.83352151439017196921e+00) (5, -4.13903138821298721695e+00) (6, -3.37674944986268643632e+00) (7, -5.21401585555586155607e+00) (8, 4.82202337900628386080e+00) (9, -1.63615582789278923848e+00) (10, -3.19374474667596119914e+00) (11, 3.04751799779126608669e+00) (12, 4.99103256743309220411e+00) (13, 4.32007199480779746636e+00) (0, -1.72393970601805679443e+00) (1, 1.19726020758459017479e+00) (2, 1.66860632222886962062e+00) (3, -5.37728092693141146441e-01) (4, 7.97904992581701444365e-01) (5, 1.68405491337200197144e+00) (6, 2.54364858409427618824e+00) (7, 6.78620502707109052309e-01) (8, -1.33262079903920982460e+00) (9, 4.64923507396285962123e-01) (10, 1.99860822795514714301e+00) (11, -5.15741973308458057090e-01) (12, -3.48269636387456849036e+00) (13, -1.66188068684517253892e+00) (14, -3.18494583051614199576e+00) (15, -8.24368963680312560882e+00) (16, 6.18889408815621244742e+00) (17, -1.14806913529582943490e+00) 
