FANN_FLO_2.1
num_layers=3
learning_rate=0.700000
connection_rate=1.000000
network_type=0
learning_momentum=0.000000
training_algorithm=2
train_error_function=1
train_stop_function=1
cascade_output_change_fraction=0.010000
quickprop_decay=-0.000100
quickprop_mu=1.750000
rprop_increase_factor=1.200000
rprop_decrease_factor=0.500000
rprop_delta_min=0.000000
rprop_delta_max=50.000000
rprop_delta_zero=0.100000
cascade_output_stagnation_epochs=12
cascade_candidate_change_fraction=0.010000
cascade_candidate_stagnation_epochs=12
cascade_max_out_epochs=150
cascade_min_out_epochs=50
cascade_max_cand_epochs=150
cascade_min_cand_epochs=50
cascade_num_candidate_groups=2
bit_fail_limit=1.00000000000000005551e-01
cascade_candidate_limit=1.00000000000000000000e+03
cascade_weight_multiplier=4.00000000000000022204e-01
cascade_activation_functions_count=10
cascade_activation_functions=3 5 7 8 10 11 14 15 16 17 
cascade_activation_steepnesses_count=4
cascade_activation_steepnesses=2.50000000000000000000e-01 5.00000000000000000000e-01 7.50000000000000000000e-01 1.00000000000000000000e+00 
layer_sizes=15 4 2 
scale_included=0
neurons (num_inputs, activation_function, activation_steepness)=(0, 0, 0.00000000000000000000e+00) (0, 0, 0.00000000000000000000e+00) (0, 0, 0.00000000000000000000e+00) (0, 0, 0.00000000000000000000e+00) (0, 0, 0.00000000000000000000e+00) (0, 0, 0.00000000000000000000e+00) (0, 0, 0.00000000000000000000e+00) (0, 0, 0.00000000000000000000e+00) (0, 0, 0.00000000000000000000e+00) (0, 0, 0.00000000000000000000e+00) (0, 0, 0.00000000000000000000e+00) (0, 0, 0.00000000000000000000e+00) (0, 0, 0.00000000000000000000e+00) (0, 0, 0.00000000000000000000e+00) (0, 0, 0.00000000000000000000e+00) (15, 6, 5.00000000000000000000e-01) (15, 6, 5.00000000000000000000e-01) (15, 6, 5.00000000000000000000e-01) (0, 6, 0.00000000000000000000e+00) (4, 4, 5.00000000000000000000e-01) (0, 4, 0.00000000000000000000e+00) 
connections (connected_to_neuron, weight)=(0, 3.04413013742767812886e+00) (1, -1.44028705205818052804e+00) (2, -1.83441263683963207143e+00) (3, 4.91266105945957931578e-01) (4, 9.34506242272237219737e-01) (5, 6.07468174059220156202e-01) (6, -2.24277311678551427576e+00) (7, 2.13583417437272027328e+00) (8, -4.67062814570443518569e-01) (9, 1.06147780889038112484e+00) (10, -3.33314817309882382990e-02) (11, 8.20881023384043007063e-01) (12, -3.15920219357623127676e-02) (13, 1.02576767022443204880e+00) (14, 1.12950469829829325263e+00) (0, -2.06028063449022935671e+00) (1, 1.81409603286429477187e+00) (2, 1.65419641811295581313e+00) (3, -2.84907130346184311875e-01) (4, -6.90139458509437253575e-01) (5, 8.66977479735995371080e-01) (6, 1.54914679664665344561e+00) (7, -7.36223051494089286706e-01) (8, 1.27420848900088889977e+00) (9, -4.28116013609422696451e-01) (10, 8.64063640577554914479e-01) (11, -8.10088137401991703612e-01) (12, 9.83773735626540024590e-01) (13, -1.30335897730848815357e+00) (14, -9.61813614256861515450e-01) (0, -1.16827697411809004746e-02) (1, 4.88565037045739669619e-01) (2, 6.99322025468520069857e-01) (3, 2.93314361786650823483e-01) (4, -1.02439921553555218781e-01) (5, 2.83045726929073565570e-02) (6, 3.61972686376945018694e-01) (7, 1.15094539380440299969e-01) (8, 9.24699453239302804342e-01) (9, -3.08339900886547974013e-02) (10, 7.02599381017380425485e-02) (11, 3.29997605316861217228e-02) (12, 3.22029907824373462510e-01) (13, 2.42704698446847416671e-02) (14, -6.74668580107372628518e-02) (15, -1.74288652639318328852e+01) (16, 5.40416163390828430124e+00) (17, 9.09645216543446433199e-01) (18, -9.74117750311725982826e-01) 
