FANN_FLO_2.1
num_layers=3
learning_rate=0.700000
connection_rate=1.000000
network_type=0
learning_momentum=0.000000
training_algorithm=2
train_error_function=1
train_stop_function=1
cascade_output_change_fraction=0.010000
quickprop_decay=-0.000100
quickprop_mu=1.750000
rprop_increase_factor=1.200000
rprop_decrease_factor=0.500000
rprop_delta_min=0.000000
rprop_delta_max=50.000000
rprop_delta_zero=0.100000
cascade_output_stagnation_epochs=12
cascade_candidate_change_fraction=0.010000
cascade_candidate_stagnation_epochs=12
cascade_max_out_epochs=150
cascade_min_out_epochs=50
cascade_max_cand_epochs=150
cascade_min_cand_epochs=50
cascade_num_candidate_groups=2
bit_fail_limit=1.00000000000000005551e-01
cascade_candidate_limit=1.00000000000000000000e+03
cascade_weight_multiplier=4.00000000000000022204e-01
cascade_activation_functions_count=10
cascade_activation_functions=3 5 7 8 10 11 14 15 16 17 
cascade_activation_steepnesses_count=4
cascade_activation_steepnesses=2.50000000000000000000e-01 5.00000000000000000000e-01 7.50000000000000000000e-01 1.00000000000000000000e+00 
layer_sizes=15 4 2 
scale_included=0
neurons (num_inputs, activation_function, activation_steepness)=(0, 0, 0.00000000000000000000e+00) (0, 0, 0.00000000000000000000e+00) (0, 0, 0.00000000000000000000e+00) (0, 0, 0.00000000000000000000e+00) (0, 0, 0.00000000000000000000e+00) (0, 0, 0.00000000000000000000e+00) (0, 0, 0.00000000000000000000e+00) (0, 0, 0.00000000000000000000e+00) (0, 0, 0.00000000000000000000e+00) (0, 0, 0.00000000000000000000e+00) (0, 0, 0.00000000000000000000e+00) (0, 0, 0.00000000000000000000e+00) (0, 0, 0.00000000000000000000e+00) (0, 0, 0.00000000000000000000e+00) (0, 0, 0.00000000000000000000e+00) (15, 6, 5.00000000000000000000e-01) (15, 6, 5.00000000000000000000e-01) (15, 6, 5.00000000000000000000e-01) (0, 6, 0.00000000000000000000e+00) (4, 4, 5.00000000000000000000e-01) (0, 4, 0.00000000000000000000e+00) 
connections (connected_to_neuron, weight)=(0, 5.27881669842210410337e+00) (1, -1.82911139105970299568e+00) (2, -2.52064095486602868235e+00) (3, 1.77573594981248050750e+00) (4, 5.59315767890148252128e-01) (5, 8.84736223245789821235e-01) (6, 5.55494545935239059098e-01) (7, 1.41230496906485081254e+00) (8, 3.50836678702325821533e-01) (9, 1.24489454743845384677e+00) (10, -2.33296312318860676882e+00) (11, 8.49846302849188495188e-01) (12, 1.57923659286868289797e+00) (13, 4.74928081226101306278e-01) (14, 8.65248670900990779487e-01) (0, 4.76004651292244052030e+00) (1, -7.61662018093973713917e-01) (2, -3.92999080047970128504e+00) (3, 9.71046648486549424106e-01) (4, 1.04122509894472983771e-01) (5, 5.20306244430771336340e-01) (6, 7.78419067503190453827e-02) (7, 5.18469409079190368672e-01) (8, 1.61587891311934128691e-01) (9, 9.28085865889459293854e-01) (10, -1.03735588537630860628e+01) (11, 3.93961435504536272578e-01) (12, 3.80760397075455614413e-01) (13, 1.72398184569170553893e-01) (14, 7.08059719365504047772e-01) (0, -2.10256559725485825396e+00) (1, 1.57727296179963483169e+00) (2, 1.69580295710687445343e+00) (3, -2.45004288016338472866e-01) (4, 2.40578121097410613238e-01) (5, -3.22513735473041684987e-01) (6, 1.75010747521382792335e-01) (7, -5.21488257021918699685e-02) (8, 1.66533909677267527583e-01) (9, -1.65127557291964099928e-01) (10, 1.38945637103300390081e+00) (11, 6.24135676586969126434e-02) (12, -1.03854384652244557952e-01) (13, 4.30805031633240825828e-02) (14, -7.60647314931560819540e-02) (15, -2.03615788560713717459e+01) (16, -2.28240408809326567052e+00) (17, 6.22974348753348117214e-01) (18, -2.10445322791672229101e+00) 
