FANN_FLO_2.1
num_layers=3
learning_rate=0.700000
connection_rate=1.000000
network_type=0
learning_momentum=0.000000
training_algorithm=2
train_error_function=1
train_stop_function=1
cascade_output_change_fraction=0.010000
quickprop_decay=-0.000100
quickprop_mu=1.750000
rprop_increase_factor=1.200000
rprop_decrease_factor=0.500000
rprop_delta_min=0.000000
rprop_delta_max=50.000000
rprop_delta_zero=0.100000
cascade_output_stagnation_epochs=12
cascade_candidate_change_fraction=0.010000
cascade_candidate_stagnation_epochs=12
cascade_max_out_epochs=150
cascade_min_out_epochs=50
cascade_max_cand_epochs=150
cascade_min_cand_epochs=50
cascade_num_candidate_groups=2
bit_fail_limit=1.00000000000000005551e-01
cascade_candidate_limit=1.00000000000000000000e+03
cascade_weight_multiplier=4.00000000000000022204e-01
cascade_activation_functions_count=10
cascade_activation_functions=3 5 7 8 10 11 14 15 16 17 
cascade_activation_steepnesses_count=4
cascade_activation_steepnesses=2.50000000000000000000e-01 5.00000000000000000000e-01 7.50000000000000000000e-01 1.00000000000000000000e+00 
layer_sizes=15 4 2 
scale_included=0
neurons (num_inputs, activation_function, activation_steepness)=(0, 0, 0.00000000000000000000e+00) (0, 0, 0.00000000000000000000e+00) (0, 0, 0.00000000000000000000e+00) (0, 0, 0.00000000000000000000e+00) (0, 0, 0.00000000000000000000e+00) (0, 0, 0.00000000000000000000e+00) (0, 0, 0.00000000000000000000e+00) (0, 0, 0.00000000000000000000e+00) (0, 0, 0.00000000000000000000e+00) (0, 0, 0.00000000000000000000e+00) (0, 0, 0.00000000000000000000e+00) (0, 0, 0.00000000000000000000e+00) (0, 0, 0.00000000000000000000e+00) (0, 0, 0.00000000000000000000e+00) (0, 0, 0.00000000000000000000e+00) (15, 6, 5.00000000000000000000e-01) (15, 6, 5.00000000000000000000e-01) (15, 6, 5.00000000000000000000e-01) (0, 6, 0.00000000000000000000e+00) (4, 4, 5.00000000000000000000e-01) (0, 4, 0.00000000000000000000e+00) 
connections (connected_to_neuron, weight)=(0, -2.53323167902689050379e+00) (1, 1.85118050640391906825e+00) (2, 2.28594365559940548849e+00) (3, 6.72143549152501816601e-03) (4, 1.04495417611234819866e+00) (5, -4.78206285619478954629e+00) (6, -3.51499955816682307930e-01) (7, 2.99150802076028021759e+00) (8, -1.20018224587674837700e+00) (9, -2.01108010810966852944e+00) (10, -3.92887284580227147401e-01) (11, -1.67153068507582824864e+00) (12, -8.36924062191353623774e-01) (13, -7.77922790033139133214e-01) (14, -1.09324202631366640404e+00) (0, 1.60921872122741804745e+00) (1, -1.83060455805612876112e+00) (2, -1.28106656445027589086e+00) (3, -9.75607282137966047575e-02) (4, -5.53103886383789600245e-01) (5, 4.22224991379043235185e+00) (6, 6.07863054778155498248e-01) (7, -2.68388771597132036462e+00) (8, 2.24121227982855542038e+00) (9, 1.65971238070670734643e+00) (10, 7.02979190450154778347e-01) (11, 5.92810945978849757054e-01) (12, 1.34886000781447101815e+00) (13, 1.17890539992439102868e+00) (14, 1.01594292914451678200e+00) (0, 1.61778762652135954525e+00) (1, -1.87750916293813041591e+00) (2, -1.31902858389378785375e+00) (3, -1.80509263894567478781e-01) (4, -5.07585245955008090846e-01) (5, 4.17589390633365287187e+00) (6, 4.87232127394255865038e-01) (7, -2.66592478338465044274e+00) (8, 2.20551038655853970383e+00) (9, 1.66172144466582905054e+00) (10, 6.80446112703525063381e-01) (11, 4.69835469892710189121e-01) (12, 1.31321175499946285470e+00) (13, 1.13624721992599320153e+00) (14, 1.01157611405433733864e+00) (15, 7.40771259397209735909e+00) (16, -7.06152841985709844863e+00) (17, -7.04362522602565466201e+00) (18, -9.21291360115635948880e-01) 
