FANN_FLO_2.1
num_layers=3
learning_rate=0.700000
connection_rate=1.000000
network_type=0
learning_momentum=0.000000
training_algorithm=2
train_error_function=1
train_stop_function=1
cascade_output_change_fraction=0.010000
quickprop_decay=-0.000100
quickprop_mu=1.750000
rprop_increase_factor=1.200000
rprop_decrease_factor=0.500000
rprop_delta_min=0.000000
rprop_delta_max=50.000000
rprop_delta_zero=0.100000
cascade_output_stagnation_epochs=12
cascade_candidate_change_fraction=0.010000
cascade_candidate_stagnation_epochs=12
cascade_max_out_epochs=150
cascade_min_out_epochs=50
cascade_max_cand_epochs=150
cascade_min_cand_epochs=50
cascade_num_candidate_groups=2
bit_fail_limit=1.00000000000000005551e-01
cascade_candidate_limit=1.00000000000000000000e+03
cascade_weight_multiplier=4.00000000000000022204e-01
cascade_activation_functions_count=10
cascade_activation_functions=3 5 7 8 10 11 14 15 16 17 
cascade_activation_steepnesses_count=4
cascade_activation_steepnesses=2.50000000000000000000e-01 5.00000000000000000000e-01 7.50000000000000000000e-01 1.00000000000000000000e+00 
layer_sizes=14 4 2 
scale_included=0
neurons (num_inputs, activation_function, activation_steepness)=(0, 0, 0.00000000000000000000e+00) (0, 0, 0.00000000000000000000e+00) (0, 0, 0.00000000000000000000e+00) (0, 0, 0.00000000000000000000e+00) (0, 0, 0.00000000000000000000e+00) (0, 0, 0.00000000000000000000e+00) (0, 0, 0.00000000000000000000e+00) (0, 0, 0.00000000000000000000e+00) (0, 0, 0.00000000000000000000e+00) (0, 0, 0.00000000000000000000e+00) (0, 0, 0.00000000000000000000e+00) (0, 0, 0.00000000000000000000e+00) (0, 0, 0.00000000000000000000e+00) (0, 0, 0.00000000000000000000e+00) (14, 6, 5.00000000000000000000e-01) (14, 6, 5.00000000000000000000e-01) (14, 6, 5.00000000000000000000e-01) (0, 6, 0.00000000000000000000e+00) (4, 4, 5.00000000000000000000e-01) (0, 4, 0.00000000000000000000e+00) 
connections (connected_to_neuron, weight)=(0, -3.02678697167577615001e-01) (1, 1.84221315679331665294e+00) (2, 2.78171936510276496257e-01) (3, -7.06960389814397516250e-02) (4, 5.79036138826433344207e-01) (5, 4.44679170011812507912e-01) (6, 2.47876378466147601065e-01) (7, 3.58436504332203864642e-01) (8, 3.10901098460311609006e-01) (9, 1.75841816276664564267e-01) (10, 1.17890839802164054673e-01) (11, 6.94025460089296775124e-01) (12, -1.57070918359540900866e-01) (13, -8.82906423896827885489e-02) (0, 1.27175997628208623524e+01) (1, -1.93899146156134505325e+00) (2, -2.03606551186035389378e+00) (3, 8.01697218505505571073e-01) (4, -3.08057684141510979003e+00) (5, -1.37953905975052748545e+00) (6, -1.45249004015574212367e+00) (7, 1.81464645588364975604e-01) (8, -6.45384791182360251227e-01) (9, -7.34756882177671988288e-01) (10, -2.07594204223405520704e-01) (11, -3.13287337559575096435e+00) (12, 6.01345166354996019109e-01) (13, 1.61942714249647545799e+00) (0, -2.47871451345869608929e+00) (1, 3.19695804675536887629e+00) (2, 1.38768671737047433190e+00) (3, -4.13360202845153679174e-01) (4, 8.41075597401104713136e-01) (5, 2.75953111291165675834e-01) (6, 1.61860174263408707063e+00) (7, 3.39587254321114750955e-01) (8, 5.72520307169589681706e-01) (9, 4.29933949278030136387e-01) (10, 8.16140539246627272352e-02) (11, 1.21066061148947778925e+00) (12, -1.13693966022378867287e+00) (13, -1.59003400398098215796e+00) (14, 1.47621603422826930263e+00) (15, -7.88878884161641646955e+00) (16, 4.40936807746204539882e+00) (17, -1.87916188544360474033e+00) 
