FANN_FLO_2.1
num_layers=3
learning_rate=0.700000
connection_rate=1.000000
network_type=0
learning_momentum=0.000000
training_algorithm=2
train_error_function=1
train_stop_function=1
cascade_output_change_fraction=0.010000
quickprop_decay=-0.000100
quickprop_mu=1.750000
rprop_increase_factor=1.200000
rprop_decrease_factor=0.500000
rprop_delta_min=0.000000
rprop_delta_max=50.000000
rprop_delta_zero=0.100000
cascade_output_stagnation_epochs=12
cascade_candidate_change_fraction=0.010000
cascade_candidate_stagnation_epochs=12
cascade_max_out_epochs=150
cascade_min_out_epochs=50
cascade_max_cand_epochs=150
cascade_min_cand_epochs=50
cascade_num_candidate_groups=2
bit_fail_limit=1.00000000000000005551e-01
cascade_candidate_limit=1.00000000000000000000e+03
cascade_weight_multiplier=4.00000000000000022204e-01
cascade_activation_functions_count=10
cascade_activation_functions=3 5 7 8 10 11 14 15 16 17 
cascade_activation_steepnesses_count=4
cascade_activation_steepnesses=2.50000000000000000000e-01 5.00000000000000000000e-01 7.50000000000000000000e-01 1.00000000000000000000e+00 
layer_sizes=13 4 2 
scale_included=0
neurons (num_inputs, activation_function, activation_steepness)=(0, 0, 0.00000000000000000000e+00) (0, 0, 0.00000000000000000000e+00) (0, 0, 0.00000000000000000000e+00) (0, 0, 0.00000000000000000000e+00) (0, 0, 0.00000000000000000000e+00) (0, 0, 0.00000000000000000000e+00) (0, 0, 0.00000000000000000000e+00) (0, 0, 0.00000000000000000000e+00) (0, 0, 0.00000000000000000000e+00) (0, 0, 0.00000000000000000000e+00) (0, 0, 0.00000000000000000000e+00) (0, 0, 0.00000000000000000000e+00) (0, 0, 0.00000000000000000000e+00) (13, 6, 5.00000000000000000000e-01) (13, 6, 5.00000000000000000000e-01) (13, 6, 5.00000000000000000000e-01) (0, 6, 0.00000000000000000000e+00) (4, 4, 5.00000000000000000000e-01) (0, 4, 0.00000000000000000000e+00) 
connections (connected_to_neuron, weight)=(0, -1.38694394779327723199e+01) (1, 1.50000000000000000000e+03) (2, 1.02459292678492097650e+00) (3, 6.23391838186266422639e+00) (4, 1.73496910781512037047e+00) (5, -2.38417935962694427232e+00) (6, 2.98885458155203842523e+00) (7, 2.68519788012295146373e+00) (8, -8.96493096316859916506e-01) (9, 7.66179156636844077566e-02) (10, 1.03674489652072132628e+01) (11, 3.85652443571920544585e+00) (12, -3.64737859744623582614e+00) (0, 3.23078303190548865587e+00) (1, 2.84685528550568278661e+02) (2, -6.10930746159743243151e-02) (3, -1.51598583855135671250e+00) (4, -5.67735292459580431768e-01) (5, 1.60319688875248833604e+00) (6, -1.27285388638997096677e+03) (7, 8.32071002544808635548e+00) (8, 5.16367450146552364743e+00) (9, -1.46739252395985135990e+03) (10, 2.39211240935282232201e+00) (11, -1.06206840713244621277e+00) (12, 1.09105438737214810452e+00) (0, 8.91700927516428620834e+00) (1, 2.64213956476557314090e+02) (2, -1.58638438055804131821e+00) (3, -5.17136781553759750096e+00) (4, -2.05783141781627998412e+00) (5, 2.62957393088692681360e+00) (6, 9.22569854915249593086e-02) (7, 1.95217671101577328052e+00) (8, 6.65173357787133756602e+00) (9, 1.35763932775542928155e+00) (10, -2.55648084256681418225e+00) (11, -4.30253368068137387326e+00) (12, 4.14925341201696795679e+00) (13, 1.16366894392597206576e+01) (14, -2.15048966180986056429e+00) (15, -9.33539704987574769923e-01) (16, 8.89544424258244981196e-01) 
