FANN_FLO_2.1
num_layers=3
learning_rate=0.700000
connection_rate=1.000000
network_type=0
learning_momentum=0.000000
training_algorithm=2
train_error_function=1
train_stop_function=1
cascade_output_change_fraction=0.010000
quickprop_decay=-0.000100
quickprop_mu=1.750000
rprop_increase_factor=1.200000
rprop_decrease_factor=0.500000
rprop_delta_min=0.000000
rprop_delta_max=50.000000
rprop_delta_zero=0.100000
cascade_output_stagnation_epochs=12
cascade_candidate_change_fraction=0.010000
cascade_candidate_stagnation_epochs=12
cascade_max_out_epochs=150
cascade_min_out_epochs=50
cascade_max_cand_epochs=150
cascade_min_cand_epochs=50
cascade_num_candidate_groups=2
bit_fail_limit=1.00000000000000005551e-01
cascade_candidate_limit=1.00000000000000000000e+03
cascade_weight_multiplier=4.00000000000000022204e-01
cascade_activation_functions_count=10
cascade_activation_functions=3 5 7 8 10 11 14 15 16 17 
cascade_activation_steepnesses_count=4
cascade_activation_steepnesses=2.50000000000000000000e-01 5.00000000000000000000e-01 7.50000000000000000000e-01 1.00000000000000000000e+00 
layer_sizes=11 4 2 
scale_included=0
neurons (num_inputs, activation_function, activation_steepness)=(0, 0, 0.00000000000000000000e+00) (0, 0, 0.00000000000000000000e+00) (0, 0, 0.00000000000000000000e+00) (0, 0, 0.00000000000000000000e+00) (0, 0, 0.00000000000000000000e+00) (0, 0, 0.00000000000000000000e+00) (0, 0, 0.00000000000000000000e+00) (0, 0, 0.00000000000000000000e+00) (0, 0, 0.00000000000000000000e+00) (0, 0, 0.00000000000000000000e+00) (0, 0, 0.00000000000000000000e+00) (11, 6, 5.00000000000000000000e-01) (11, 6, 5.00000000000000000000e-01) (11, 6, 5.00000000000000000000e-01) (0, 6, 0.00000000000000000000e+00) (4, 4, 5.00000000000000000000e-01) (0, 4, 0.00000000000000000000e+00) 
connections (connected_to_neuron, weight)=(0, 9.86733672781292270315e+00) (1, -2.66418862035455994430e+00) (2, 2.17217546344191569929e+00) (3, 5.04165954428072327076e-01) (4, 1.08958985755810888740e+00) (5, -1.19329375313252405988e+00) (6, 1.50851425635742941722e-01) (7, -9.62354296193500546863e-01) (8, -8.90887514954950776591e-01) (9, -8.62076261857972592217e-01) (10, -1.24353147767445881833e+00) (0, 9.87931945496023189435e+00) (1, -2.51766295299157905063e+00) (2, 2.16240835793975261225e+00) (3, 5.63902423109512773713e-01) (4, 1.36030685144443408419e+00) (5, -3.97012439197211186581e-01) (6, 9.14026593604781861790e-02) (7, -7.43603708418176356787e-01) (8, -7.68606720860291137143e-01) (9, -8.17608541623854989666e-01) (10, -1.15052112661263805649e+00) (0, -2.91233122777392665625e+01) (1, 2.85995665729139325606e+00) (2, 1.28780364985557032043e+01) (3, 7.74777428625713304733e-01) (4, -1.42728337491613865851e+00) (5, 4.44580481957443152119e-01) (6, 4.78139921978995130480e-01) (7, 7.42790606788920837467e-01) (8, 6.77846672562420926589e-01) (9, 7.50127017305035503902e-01) (10, -3.34341982307486185189e-01) (11, -1.12650243169647072961e+01) (12, -3.54187582351051633012e+00) (13, 6.52387344935196544782e+00) (14, 1.52674583268481045550e-01) 
