FANN_FLO_2.1
num_layers=3
learning_rate=0.700000
connection_rate=1.000000
network_type=0
learning_momentum=0.000000
training_algorithm=2
train_error_function=1
train_stop_function=1
cascade_output_change_fraction=0.010000
quickprop_decay=-0.000100
quickprop_mu=1.750000
rprop_increase_factor=1.200000
rprop_decrease_factor=0.500000
rprop_delta_min=0.000000
rprop_delta_max=50.000000
rprop_delta_zero=0.100000
cascade_output_stagnation_epochs=12
cascade_candidate_change_fraction=0.010000
cascade_candidate_stagnation_epochs=12
cascade_max_out_epochs=150
cascade_min_out_epochs=50
cascade_max_cand_epochs=150
cascade_min_cand_epochs=50
cascade_num_candidate_groups=2
bit_fail_limit=1.00000000000000005551e-01
cascade_candidate_limit=1.00000000000000000000e+03
cascade_weight_multiplier=4.00000000000000022204e-01
cascade_activation_functions_count=10
cascade_activation_functions=3 5 7 8 10 11 14 15 16 17 
cascade_activation_steepnesses_count=4
cascade_activation_steepnesses=2.50000000000000000000e-01 5.00000000000000000000e-01 7.50000000000000000000e-01 1.00000000000000000000e+00 
layer_sizes=12 4 2 
scale_included=0
neurons (num_inputs, activation_function, activation_steepness)=(0, 0, 0.00000000000000000000e+00) (0, 0, 0.00000000000000000000e+00) (0, 0, 0.00000000000000000000e+00) (0, 0, 0.00000000000000000000e+00) (0, 0, 0.00000000000000000000e+00) (0, 0, 0.00000000000000000000e+00) (0, 0, 0.00000000000000000000e+00) (0, 0, 0.00000000000000000000e+00) (0, 0, 0.00000000000000000000e+00) (0, 0, 0.00000000000000000000e+00) (0, 0, 0.00000000000000000000e+00) (0, 0, 0.00000000000000000000e+00) (12, 6, 5.00000000000000000000e-01) (12, 6, 5.00000000000000000000e-01) (12, 6, 5.00000000000000000000e-01) (0, 6, 0.00000000000000000000e+00) (4, 4, 5.00000000000000000000e-01) (0, 4, 0.00000000000000000000e+00) 
connections (connected_to_neuron, weight)=(0, 1.59419844632915097549e+00) (1, -1.31316093121337051919e+00) (2, -2.01901922175987946773e+00) (3, 6.98035052743152029109e-01) (4, -3.87410113847680537269e-01) (5, -4.42892672753758875892e-01) (6, -1.06045295777092030143e+00) (7, -2.68457582649099940619e-02) (8, -1.31800940680387435044e+00) (9, 2.81828101834414035398e-01) (10, -1.32354441364848729457e+00) (11, 1.61295157000565003713e+00) (0, -4.94128583042463542796e-01) (1, 3.62374908993538746849e-01) (2, 6.11356699710114304125e-01) (3, 4.94314144861236870465e-01) (4, 4.57305509161487766523e-01) (5, 4.35305928845176215436e-01) (6, 5.96536803014498628883e-01) (7, 6.92434489443515710505e-01) (8, 6.74500897243236474665e-01) (9, 2.56193626843957467099e-01) (10, 1.30741507876701934521e+00) (11, -2.60783951166447015846e-02) (0, -1.60347741082815420377e+00) (1, 2.26556641385677615119e+00) (2, 1.49028172853396445596e+00) (3, -6.31733656604526849776e-01) (4, 8.51093126334703797831e-04) (5, -1.76391443650953438915e-01) (6, 9.68072694215520224148e-01) (7, 3.30024431071332169374e-01) (8, 4.01068541790203847430e-01) (9, -1.20066064370236813552e-01) (10, 4.14119851720400722339e-01) (11, -9.13785952466624751267e-01) (12, -1.72992353217304959401e+01) (13, 6.18963151467131655892e-01) (14, 5.60088520835068326420e+00) (15, -1.14836417544298097226e+00) 
