FANN_FLO_2.1
num_layers=3
learning_rate=0.700000
connection_rate=1.000000
network_type=0
learning_momentum=0.000000
training_algorithm=2
train_error_function=1
train_stop_function=1
cascade_output_change_fraction=0.010000
quickprop_decay=-0.000100
quickprop_mu=1.750000
rprop_increase_factor=1.200000
rprop_decrease_factor=0.500000
rprop_delta_min=0.000000
rprop_delta_max=50.000000
rprop_delta_zero=0.100000
cascade_output_stagnation_epochs=12
cascade_candidate_change_fraction=0.010000
cascade_candidate_stagnation_epochs=12
cascade_max_out_epochs=150
cascade_min_out_epochs=50
cascade_max_cand_epochs=150
cascade_min_cand_epochs=50
cascade_num_candidate_groups=2
bit_fail_limit=1.00000000000000005551e-01
cascade_candidate_limit=1.00000000000000000000e+03
cascade_weight_multiplier=4.00000000000000022204e-01
cascade_activation_functions_count=10
cascade_activation_functions=3 5 7 8 10 11 14 15 16 17 
cascade_activation_steepnesses_count=4
cascade_activation_steepnesses=2.50000000000000000000e-01 5.00000000000000000000e-01 7.50000000000000000000e-01 1.00000000000000000000e+00 
layer_sizes=15 4 2 
scale_included=0
neurons (num_inputs, activation_function, activation_steepness)=(0, 0, 0.00000000000000000000e+00) (0, 0, 0.00000000000000000000e+00) (0, 0, 0.00000000000000000000e+00) (0, 0, 0.00000000000000000000e+00) (0, 0, 0.00000000000000000000e+00) (0, 0, 0.00000000000000000000e+00) (0, 0, 0.00000000000000000000e+00) (0, 0, 0.00000000000000000000e+00) (0, 0, 0.00000000000000000000e+00) (0, 0, 0.00000000000000000000e+00) (0, 0, 0.00000000000000000000e+00) (0, 0, 0.00000000000000000000e+00) (0, 0, 0.00000000000000000000e+00) (0, 0, 0.00000000000000000000e+00) (0, 0, 0.00000000000000000000e+00) (15, 6, 5.00000000000000000000e-01) (15, 6, 5.00000000000000000000e-01) (15, 6, 5.00000000000000000000e-01) (0, 6, 0.00000000000000000000e+00) (4, 4, 5.00000000000000000000e-01) (0, 4, 0.00000000000000000000e+00) 
connections (connected_to_neuron, weight)=(0, -1.15967755472268493899e-01) (1, 2.37732720301562061582e-01) (2, 4.26019516497264716381e-01) (3, 1.15696322033663673290e-01) (4, 3.93406143879584613288e-01) (5, -3.23150754372741766396e-01) (6, 4.93788728958062472785e-01) (7, 3.19835650469186882905e-01) (8, 4.09398938900355890969e-01) (9, 4.37447185999278620461e-01) (10, 2.57172969784556948447e-01) (11, 5.59012483992567421609e-01) (12, 6.74820353169433451157e-01) (13, 6.42249074656955576401e-01) (14, -5.82922242852077499009e-02) (0, 1.93336380991305056831e+00) (1, -8.05138213378023492872e-01) (2, -1.08099790873064804941e+00) (3, 7.72391126612376854865e-01) (4, -1.91428606833596992587e+00) (5, 1.49524361199013955392e+00) (6, -1.43361558123369148277e+00) (7, -1.24992655155779486265e+00) (8, -7.15665673624284570664e-01) (9, 3.23423837177169548607e-01) (10, -6.82824354191890026122e-01) (11, -1.36278709289076860323e+00) (12, -1.74742406902445246430e-01) (13, 1.80368508069391420001e-01) (14, 1.49598910218350655832e+00) (0, -2.39786351791937590860e+00) (1, 1.72940064869107645862e+00) (2, 1.06699819729559042258e+00) (3, -5.03278860207670986071e-02) (4, 3.04331665995497102628e-01) (5, -1.09252148900858969682e+00) (6, 5.62209970001107325888e-02) (7, 2.95531621507536479410e-01) (8, -1.74552667842979208901e-01) (9, -1.70842971609706656411e-01) (10, 5.37932412785047442405e-01) (11, 4.31409925170781027859e-01) (12, 3.03385697253586661404e-01) (13, -6.64960065520231805025e-03) (14, -7.48430092822942150121e-01) (15, 3.38771953618650145668e-01) (16, -9.30635834252884386331e+00) (17, 1.38840641723364868199e+01) (18, -9.09834959150086719504e-01) 
