FANN_FLO_2.1
num_layers=3
learning_rate=0.700000
connection_rate=1.000000
network_type=0
learning_momentum=0.000000
training_algorithm=2
train_error_function=1
train_stop_function=1
cascade_output_change_fraction=0.010000
quickprop_decay=-0.000100
quickprop_mu=1.750000
rprop_increase_factor=1.200000
rprop_decrease_factor=0.500000
rprop_delta_min=0.000000
rprop_delta_max=50.000000
rprop_delta_zero=0.100000
cascade_output_stagnation_epochs=12
cascade_candidate_change_fraction=0.010000
cascade_candidate_stagnation_epochs=12
cascade_max_out_epochs=150
cascade_min_out_epochs=50
cascade_max_cand_epochs=150
cascade_min_cand_epochs=50
cascade_num_candidate_groups=2
bit_fail_limit=1.00000000000000005551e-01
cascade_candidate_limit=1.00000000000000000000e+03
cascade_weight_multiplier=4.00000000000000022204e-01
cascade_activation_functions_count=10
cascade_activation_functions=3 5 7 8 10 11 14 15 16 17 
cascade_activation_steepnesses_count=4
cascade_activation_steepnesses=2.50000000000000000000e-01 5.00000000000000000000e-01 7.50000000000000000000e-01 1.00000000000000000000e+00 
layer_sizes=9 4 2 
scale_included=0
neurons (num_inputs, activation_function, activation_steepness)=(0, 0, 0.00000000000000000000e+00) (0, 0, 0.00000000000000000000e+00) (0, 0, 0.00000000000000000000e+00) (0, 0, 0.00000000000000000000e+00) (0, 0, 0.00000000000000000000e+00) (0, 0, 0.00000000000000000000e+00) (0, 0, 0.00000000000000000000e+00) (0, 0, 0.00000000000000000000e+00) (0, 0, 0.00000000000000000000e+00) (9, 6, 5.00000000000000000000e-01) (9, 6, 5.00000000000000000000e-01) (9, 6, 5.00000000000000000000e-01) (0, 6, 0.00000000000000000000e+00) (4, 4, 5.00000000000000000000e-01) (0, 4, 0.00000000000000000000e+00) 
connections (connected_to_neuron, weight)=(0, 1.65631797813688441678e+00) (1, -3.06037564670647732612e+00) (2, 4.39495098143176499139e-01) (3, -2.69847388245663344364e-01) (4, 8.78557351970634337057e-01) (5, 1.17093724353675732175e+00) (6, -3.01904701953755782995e+00) (7, -3.06484446441756652746e+00) (8, 1.63936433100019618436e+00) (0, -6.39484975451782067246e-01) (1, 1.78858896139379508483e+00) (2, 8.59280173186290074927e-02) (3, 1.00949616041714551606e+00) (4, -2.48055817919326904164e-01) (5, -9.04641108309325203685e-01) (6, 1.89052444205439296177e+00) (7, 1.67754572676157920341e+00) (8, -4.25684221092052672564e-01) (0, -1.42477321885412733238e-01) (1, 8.19228496046482401738e-01) (2, 1.08098965411448602603e-01) (3, 8.41949241118678415319e-01) (4, 1.40500763650514226555e-01) (5, 8.83822424667850409241e-02) (6, 9.95761280077908761399e-01) (7, 8.24556966442082650559e-01) (8, -1.39348517618959943931e-01) (9, -1.27152637835132882316e+01) (10, 3.84085973692844451222e+00) (11, 3.96333326171882383004e-01) (12, -8.81809839555664498612e-01) 
