FANN_FLO_2.1
num_layers=3
learning_rate=0.700000
connection_rate=1.000000
network_type=0
learning_momentum=0.000000
training_algorithm=2
train_error_function=1
train_stop_function=1
cascade_output_change_fraction=0.010000
quickprop_decay=-0.000100
quickprop_mu=1.750000
rprop_increase_factor=1.200000
rprop_decrease_factor=0.500000
rprop_delta_min=0.000000
rprop_delta_max=50.000000
rprop_delta_zero=0.100000
cascade_output_stagnation_epochs=12
cascade_candidate_change_fraction=0.010000
cascade_candidate_stagnation_epochs=12
cascade_max_out_epochs=150
cascade_min_out_epochs=50
cascade_max_cand_epochs=150
cascade_min_cand_epochs=50
cascade_num_candidate_groups=2
bit_fail_limit=1.00000000000000005551e-01
cascade_candidate_limit=1.00000000000000000000e+03
cascade_weight_multiplier=4.00000000000000022204e-01
cascade_activation_functions_count=10
cascade_activation_functions=3 5 7 8 10 11 14 15 16 17 
cascade_activation_steepnesses_count=4
cascade_activation_steepnesses=2.50000000000000000000e-01 5.00000000000000000000e-01 7.50000000000000000000e-01 1.00000000000000000000e+00 
layer_sizes=10 4 2 
scale_included=0
neurons (num_inputs, activation_function, activation_steepness)=(0, 0, 0.00000000000000000000e+00) (0, 0, 0.00000000000000000000e+00) (0, 0, 0.00000000000000000000e+00) (0, 0, 0.00000000000000000000e+00) (0, 0, 0.00000000000000000000e+00) (0, 0, 0.00000000000000000000e+00) (0, 0, 0.00000000000000000000e+00) (0, 0, 0.00000000000000000000e+00) (0, 0, 0.00000000000000000000e+00) (0, 0, 0.00000000000000000000e+00) (10, 6, 5.00000000000000000000e-01) (10, 6, 5.00000000000000000000e-01) (10, 6, 5.00000000000000000000e-01) (0, 6, 0.00000000000000000000e+00) (4, 4, 5.00000000000000000000e-01) (0, 4, 0.00000000000000000000e+00) 
connections (connected_to_neuron, weight)=(0, -1.84296679292424769869e+00) (1, 2.29412834294506451371e+00) (2, -1.10533110768389966627e-01) (3, 1.18809704065400740802e+01) (4, 1.10125565097290234462e+00) (5, -3.70033536612774549557e-01) (6, 8.10651708129582759810e-01) (7, 2.30884744547673603776e+00) (8, 2.22196702891454922479e+00) (9, -3.82252123613688787884e+00) (0, 7.96412794696268466765e+00) (1, -8.88401945521904501391e+00) (2, 4.53103264572971509150e-01) (3, -6.67653246311524650736e+00) (4, -3.04697317414862478557e+00) (5, 2.91348314335784053242e+00) (6, -2.92078958609086836162e+00) (7, -8.86706506302429708910e+00) (8, -9.00986112583382059427e+00) (9, 8.06950195537980974336e+00) (0, 6.68293058574030207630e-01) (1, -1.02736141582343032397e+00) (2, -3.74385844064030167203e-03) (3, 4.18807698266337125048e-01) (4, -6.11420961261599713032e-02) (5, 1.11812769594356362091e-01) (6, -8.99778174401133501448e-02) (7, -9.06848535438508407402e-01) (8, -1.06058283353174021002e+00) (9, 3.15284732458758765183e-01) (10, 3.36470151240075487920e+00) (11, -4.76427884174615101642e+00) (12, -1.31626012776350775901e-01) (13, -2.03272103017137117931e+00) 
