FANN_FLO_2.1
num_layers=3
learning_rate=0.700000
connection_rate=1.000000
network_type=0
learning_momentum=0.000000
training_algorithm=2
train_error_function=1
train_stop_function=1
cascade_output_change_fraction=0.010000
quickprop_decay=-0.000100
quickprop_mu=1.750000
rprop_increase_factor=1.200000
rprop_decrease_factor=0.500000
rprop_delta_min=0.000000
rprop_delta_max=50.000000
rprop_delta_zero=0.100000
cascade_output_stagnation_epochs=12
cascade_candidate_change_fraction=0.010000
cascade_candidate_stagnation_epochs=12
cascade_max_out_epochs=150
cascade_min_out_epochs=50
cascade_max_cand_epochs=150
cascade_min_cand_epochs=50
cascade_num_candidate_groups=2
bit_fail_limit=1.00000000000000005551e-01
cascade_candidate_limit=1.00000000000000000000e+03
cascade_weight_multiplier=4.00000000000000022204e-01
cascade_activation_functions_count=10
cascade_activation_functions=3 5 7 8 10 11 14 15 16 17 
cascade_activation_steepnesses_count=4
cascade_activation_steepnesses=2.50000000000000000000e-01 5.00000000000000000000e-01 7.50000000000000000000e-01 1.00000000000000000000e+00 
layer_sizes=11 4 2 
scale_included=0
neurons (num_inputs, activation_function, activation_steepness)=(0, 0, 0.00000000000000000000e+00) (0, 0, 0.00000000000000000000e+00) (0, 0, 0.00000000000000000000e+00) (0, 0, 0.00000000000000000000e+00) (0, 0, 0.00000000000000000000e+00) (0, 0, 0.00000000000000000000e+00) (0, 0, 0.00000000000000000000e+00) (0, 0, 0.00000000000000000000e+00) (0, 0, 0.00000000000000000000e+00) (0, 0, 0.00000000000000000000e+00) (0, 0, 0.00000000000000000000e+00) (11, 6, 5.00000000000000000000e-01) (11, 6, 5.00000000000000000000e-01) (11, 6, 5.00000000000000000000e-01) (0, 6, 0.00000000000000000000e+00) (4, 4, 5.00000000000000000000e-01) (0, 4, 0.00000000000000000000e+00) 
connections (connected_to_neuron, weight)=(0, 5.73076158955775927240e+00) (1, -5.88414079355530983406e+00) (2, 1.00655084378810921741e+00) (3, -4.76121953296991495819e+00) (4, -5.49703635488860786751e+00) (5, 3.51256572823830826025e+00) (6, -5.76460658712937856762e+00) (7, -5.98217270798764122475e+00) (8, -4.48634918826116813051e+00) (9, -3.77840321521373923019e+00) (10, 5.61716781750404070550e+00) (0, -6.06380874080941101312e-01) (1, 1.58112733910986480446e+00) (2, -2.05801747817044383693e-01) (3, 2.40070942881860427409e-01) (4, 6.41134138595949143458e-01) (5, -5.90602269346809705119e-01) (6, 1.53567195473291318031e+00) (7, 1.49342087419227986800e+00) (8, 1.63029620912014472367e+00) (9, 6.80403747819978477196e-01) (10, -5.89361367279219949822e-01) (0, -4.13210676664042431128e-01) (1, 1.09991508428866668901e+00) (2, -2.11550568142963524298e-01) (3, 1.51308745560400170760e+00) (4, 9.32866304409395441510e-01) (5, -1.75543062610127448275e-01) (6, 1.09916862241709378800e+00) (7, 1.03987236435713903404e+00) (8, 1.67697589298434079907e+00) (9, 9.92539783353703741753e-01) (10, -9.52822407140161642403e-01) (11, -8.32832584628272876159e+00) (12, 2.35359624243915011021e+00) (13, 2.88199182172271051172e+00) (14, -1.63096284604578789512e+00) 
