FANN_FLO_2.1
num_layers=3
learning_rate=0.700000
connection_rate=1.000000
network_type=0
learning_momentum=0.000000
training_algorithm=2
train_error_function=1
train_stop_function=1
cascade_output_change_fraction=0.010000
quickprop_decay=-0.000100
quickprop_mu=1.750000
rprop_increase_factor=1.200000
rprop_decrease_factor=0.500000
rprop_delta_min=0.000000
rprop_delta_max=50.000000
rprop_delta_zero=0.100000
cascade_output_stagnation_epochs=12
cascade_candidate_change_fraction=0.010000
cascade_candidate_stagnation_epochs=12
cascade_max_out_epochs=150
cascade_min_out_epochs=50
cascade_max_cand_epochs=150
cascade_min_cand_epochs=50
cascade_num_candidate_groups=2
bit_fail_limit=1.00000000000000005551e-01
cascade_candidate_limit=1.00000000000000000000e+03
cascade_weight_multiplier=4.00000000000000022204e-01
cascade_activation_functions_count=10
cascade_activation_functions=3 5 7 8 10 11 14 15 16 17 
cascade_activation_steepnesses_count=4
cascade_activation_steepnesses=2.50000000000000000000e-01 5.00000000000000000000e-01 7.50000000000000000000e-01 1.00000000000000000000e+00 
layer_sizes=9 4 2 
scale_included=0
neurons (num_inputs, activation_function, activation_steepness)=(0, 0, 0.00000000000000000000e+00) (0, 0, 0.00000000000000000000e+00) (0, 0, 0.00000000000000000000e+00) (0, 0, 0.00000000000000000000e+00) (0, 0, 0.00000000000000000000e+00) (0, 0, 0.00000000000000000000e+00) (0, 0, 0.00000000000000000000e+00) (0, 0, 0.00000000000000000000e+00) (0, 0, 0.00000000000000000000e+00) (9, 6, 5.00000000000000000000e-01) (9, 6, 5.00000000000000000000e-01) (9, 6, 5.00000000000000000000e-01) (0, 6, 0.00000000000000000000e+00) (4, 4, 5.00000000000000000000e-01) (0, 4, 0.00000000000000000000e+00) 
connections (connected_to_neuron, weight)=(0, 4.31060559215462113514e+00) (1, -3.13199912266550972717e+00) (2, -1.69905359306734915492e+00) (3, -1.61914598435638534824e+00) (4, -7.99044703890537721946e-01) (5, -6.62780975215602419226e-01) (6, -1.83285225933253070885e+00) (7, 1.96967126769985867440e+00) (8, 3.24834711754108118598e+00) (0, 3.77846495281821237455e+00) (1, -2.59896349211285926373e+00) (2, -1.71886156508129950282e+00) (3, -1.54337401784032479668e+00) (4, -3.61315471499017049073e-01) (5, 1.34118893829101110127e-01) (6, -1.07186997614117984767e+00) (7, 2.11659152098372693729e+00) (8, 2.85700899675460417981e+00) (0, -1.58928999133079962292e+00) (1, 8.13368364516719344337e-01) (2, 1.19894991672112061210e+00) (3, 1.31980551201534401784e+00) (4, 4.90459563748600557709e-01) (5, -1.55764101017852180098e-02) (6, 3.30042738174053662537e-01) (7, -9.35098935271742370823e-01) (8, -7.71115057230615907891e-01) (9, -4.09373717226525890567e+00) (10, -3.84958734168903538020e+00) (11, 2.59865052355760894898e+00) (12, -1.55613208782924727913e+00) 
