FANN_FLO_2.1
num_layers=3
learning_rate=0.700000
connection_rate=1.000000
network_type=0
learning_momentum=0.000000
training_algorithm=2
train_error_function=1
train_stop_function=1
cascade_output_change_fraction=0.010000
quickprop_decay=-0.000100
quickprop_mu=1.750000
rprop_increase_factor=1.200000
rprop_decrease_factor=0.500000
rprop_delta_min=0.000000
rprop_delta_max=50.000000
rprop_delta_zero=0.100000
cascade_output_stagnation_epochs=12
cascade_candidate_change_fraction=0.010000
cascade_candidate_stagnation_epochs=12
cascade_max_out_epochs=150
cascade_min_out_epochs=50
cascade_max_cand_epochs=150
cascade_min_cand_epochs=50
cascade_num_candidate_groups=2
bit_fail_limit=1.00000000000000005551e-01
cascade_candidate_limit=1.00000000000000000000e+03
cascade_weight_multiplier=4.00000000000000022204e-01
cascade_activation_functions_count=10
cascade_activation_functions=3 5 7 8 10 11 14 15 16 17 
cascade_activation_steepnesses_count=4
cascade_activation_steepnesses=2.50000000000000000000e-01 5.00000000000000000000e-01 7.50000000000000000000e-01 1.00000000000000000000e+00 
layer_sizes=12 4 2 
scale_included=0
neurons (num_inputs, activation_function, activation_steepness)=(0, 0, 0.00000000000000000000e+00) (0, 0, 0.00000000000000000000e+00) (0, 0, 0.00000000000000000000e+00) (0, 0, 0.00000000000000000000e+00) (0, 0, 0.00000000000000000000e+00) (0, 0, 0.00000000000000000000e+00) (0, 0, 0.00000000000000000000e+00) (0, 0, 0.00000000000000000000e+00) (0, 0, 0.00000000000000000000e+00) (0, 0, 0.00000000000000000000e+00) (0, 0, 0.00000000000000000000e+00) (0, 0, 0.00000000000000000000e+00) (12, 6, 5.00000000000000000000e-01) (12, 6, 5.00000000000000000000e-01) (12, 6, 5.00000000000000000000e-01) (0, 6, 0.00000000000000000000e+00) (4, 4, 5.00000000000000000000e-01) (0, 4, 0.00000000000000000000e+00) 
connections (connected_to_neuron, weight)=(0, -2.30930579943380842600e-01) (1, -1.82187859037469945811e+00) (2, -1.16458286753750650533e+00) (3, 1.56359679088033742822e+00) (4, 1.45455827843292215817e+01) (5, -2.14292647787017820349e+00) (6, -2.04588427501109837436e+00) (7, 8.75976494951745721096e+00) (8, -1.46417617499042140849e+00) (9, 1.51698880295857811973e+01) (10, -1.32248901997365320149e+00) (11, -2.86172201974116025003e-01) (0, 3.47322270432718793742e-01) (1, 8.50306022153070384384e-01) (2, 2.05928925167900267468e+00) (3, -2.46788024534638417151e+00) (4, -1.06428938033067996827e+01) (5, 1.32479388178132140297e+00) (6, 9.78911564367301201273e-01) (7, -9.36189656891150434603e+00) (8, 9.90476234595964788454e-01) (9, -1.08461082563491153508e+01) (10, 1.29570965260078652115e+00) (11, 6.39464672125755861920e-01) (0, 4.78039376843675967166e+00) (1, -5.16888668712603660538e+00) (2, 1.67935116264960160315e+00) (3, -1.72924859888130200147e+00) (4, 1.48510644705343453076e+00) (5, 2.96173008092794853852e+00) (6, -5.26136559296709993561e+00) (7, 5.61066918276754589279e-01) (8, -5.20392899585685686503e+00) (9, 1.85140580216085859355e+00) (10, 9.44132646045876766649e-01) (11, 2.33624889005019475974e+00) (12, 1.90601504822091039060e+00) (13, -7.32332235729561187298e+00) (14, -1.05488451296646825739e+01) (15, -3.81830953673460138376e+00) 
