FANN_FLO_2.1
num_layers=3
learning_rate=0.700000
connection_rate=1.000000
network_type=0
learning_momentum=0.000000
training_algorithm=2
train_error_function=1
train_stop_function=1
cascade_output_change_fraction=0.010000
quickprop_decay=-0.000100
quickprop_mu=1.750000
rprop_increase_factor=1.200000
rprop_decrease_factor=0.500000
rprop_delta_min=0.000000
rprop_delta_max=50.000000
rprop_delta_zero=0.100000
cascade_output_stagnation_epochs=12
cascade_candidate_change_fraction=0.010000
cascade_candidate_stagnation_epochs=12
cascade_max_out_epochs=150
cascade_min_out_epochs=50
cascade_max_cand_epochs=150
cascade_min_cand_epochs=50
cascade_num_candidate_groups=2
bit_fail_limit=1.00000000000000005551e-01
cascade_candidate_limit=1.00000000000000000000e+03
cascade_weight_multiplier=4.00000000000000022204e-01
cascade_activation_functions_count=10
cascade_activation_functions=3 5 7 8 10 11 14 15 16 17 
cascade_activation_steepnesses_count=4
cascade_activation_steepnesses=2.50000000000000000000e-01 5.00000000000000000000e-01 7.50000000000000000000e-01 1.00000000000000000000e+00 
layer_sizes=18 4 2 
scale_included=0
neurons (num_inputs, activation_function, activation_steepness)=(0, 0, 0.00000000000000000000e+00) (0, 0, 0.00000000000000000000e+00) (0, 0, 0.00000000000000000000e+00) (0, 0, 0.00000000000000000000e+00) (0, 0, 0.00000000000000000000e+00) (0, 0, 0.00000000000000000000e+00) (0, 0, 0.00000000000000000000e+00) (0, 0, 0.00000000000000000000e+00) (0, 0, 0.00000000000000000000e+00) (0, 0, 0.00000000000000000000e+00) (0, 0, 0.00000000000000000000e+00) (0, 0, 0.00000000000000000000e+00) (0, 0, 0.00000000000000000000e+00) (0, 0, 0.00000000000000000000e+00) (0, 0, 0.00000000000000000000e+00) (0, 0, 0.00000000000000000000e+00) (0, 0, 0.00000000000000000000e+00) (0, 0, 0.00000000000000000000e+00) (18, 6, 5.00000000000000000000e-01) (18, 6, 5.00000000000000000000e-01) (18, 6, 5.00000000000000000000e-01) (0, 6, 0.00000000000000000000e+00) (4, 4, 5.00000000000000000000e-01) (0, 4, 0.00000000000000000000e+00) 
connections (connected_to_neuron, weight)=(0, 2.41264347692277159041e+00) (1, -2.82966738589340893739e+00) (2, -2.44967671089672267559e-01) (3, -5.59245165464473559247e-01) (4, -9.10855261797482440578e-01) (5, 8.27490667067297264170e-02) (6, 3.93535053533544509907e-01) (7, -2.84494817654278531194e+00) (8, -2.69345152653837649481e+00) (9, -9.12280945079317229229e-01) (10, -2.72105954637335445412e-01) (11, 1.91480818682154474430e+00) (12, 2.13254168567917512522e-01) (13, -2.24061783767723277094e+00) (14, -6.60031763529730364226e-01) (15, -7.49205446650916262463e-01) (16, -2.57698262154295099080e+00) (17, 3.23818053509698478010e+00) (0, 6.45362160861639821974e+00) (1, 1.01951835925555389650e+00) (2, 1.52436240683926499395e-01) (3, 1.21696272534392988973e+02) (4, 4.13311727172636622640e+00) (5, 2.57610509014627586666e+00) (6, 2.16036252539702466891e+00) (7, 8.42281909377453841259e-01) (8, 8.63975872759451202221e-01) (9, 4.09738073389924117862e+00) (10, 1.04213202891069123268e+01) (11, 2.77779678000500496182e+00) (12, 2.88847507915678303192e+00) (13, -2.46684547243176588438e+01) (14, 4.30771073953967729153e+01) (15, -6.95977360163441289842e+01) (16, 9.42986744177942171063e+01) (17, -1.55553362696474184457e-01) (0, -1.31375197081715966441e+00) (1, 1.69581974416726957537e-03) (2, -4.11984655414355804837e-02) (3, 6.75093041363986046122e+00) (4, -1.84474423263034985609e+01) (5, 4.04826687607593260765e+00) (6, -1.80073560029198123655e-02) (7, 1.45157927322267909370e-02) (8, -1.89143296939663502210e-01) (9, -1.83931560028157399245e+01) (10, 1.40301822213314775212e-01) (11, -3.87577910766512978569e+00) (12, -7.29052907035434905048e-01) (13, -1.23910224026477933101e+00) (14, -2.28186478471190529183e-01) (15, -3.74776261182852454823e-01) (16, -9.40103465147733907692e-01) (17, 6.48221614816872682141e-01) (18, -2.87825960982799884391e+01) (19, 2.19126833550922439642e+00) (20, -2.12714701951249018919e+01) (21, -8.88273440427610472270e-01) 
