FANN_FLO_2.1
num_layers=3
learning_rate=0.700000
connection_rate=1.000000
network_type=0
learning_momentum=0.000000
training_algorithm=2
train_error_function=1
train_stop_function=1
cascade_output_change_fraction=0.010000
quickprop_decay=-0.000100
quickprop_mu=1.750000
rprop_increase_factor=1.200000
rprop_decrease_factor=0.500000
rprop_delta_min=0.000000
rprop_delta_max=50.000000
rprop_delta_zero=0.100000
cascade_output_stagnation_epochs=12
cascade_candidate_change_fraction=0.010000
cascade_candidate_stagnation_epochs=12
cascade_max_out_epochs=150
cascade_min_out_epochs=50
cascade_max_cand_epochs=150
cascade_min_cand_epochs=50
cascade_num_candidate_groups=2
bit_fail_limit=1.00000000000000005551e-01
cascade_candidate_limit=1.00000000000000000000e+03
cascade_weight_multiplier=4.00000000000000022204e-01
cascade_activation_functions_count=10
cascade_activation_functions=3 5 7 8 10 11 14 15 16 17 
cascade_activation_steepnesses_count=4
cascade_activation_steepnesses=2.50000000000000000000e-01 5.00000000000000000000e-01 7.50000000000000000000e-01 1.00000000000000000000e+00 
layer_sizes=11 4 2 
scale_included=0
neurons (num_inputs, activation_function, activation_steepness)=(0, 0, 0.00000000000000000000e+00) (0, 0, 0.00000000000000000000e+00) (0, 0, 0.00000000000000000000e+00) (0, 0, 0.00000000000000000000e+00) (0, 0, 0.00000000000000000000e+00) (0, 0, 0.00000000000000000000e+00) (0, 0, 0.00000000000000000000e+00) (0, 0, 0.00000000000000000000e+00) (0, 0, 0.00000000000000000000e+00) (0, 0, 0.00000000000000000000e+00) (0, 0, 0.00000000000000000000e+00) (11, 6, 5.00000000000000000000e-01) (11, 6, 5.00000000000000000000e-01) (11, 6, 5.00000000000000000000e-01) (0, 6, 0.00000000000000000000e+00) (4, 4, 5.00000000000000000000e-01) (0, 4, 0.00000000000000000000e+00) 
connections (connected_to_neuron, weight)=(0, 5.50817516300789122852e+00) (1, -3.85448609685641718769e+00) (2, -2.15504999257848295358e+00) (3, -2.91979960493807721988e+00) (4, -2.29797461673364988854e+00) (5, -4.53096536807157246329e+00) (6, -3.85648368692141962910e+00) (7, -3.87180525457602930928e+00) (8, -1.11855651245586251719e+00) (9, -2.16393720403061262658e+00) (10, 5.54626826796642546924e+00) (0, 5.57816846523395781787e+00) (1, -4.32982960814523654136e+00) (2, -2.03491417117641004708e+00) (3, -2.83736626200442243473e+00) (4, -2.21901401176796309045e+00) (5, -4.57644065729715077140e+00) (6, -3.95242701863986489741e+00) (7, -4.37576731020498232994e+00) (8, -1.17422361851803636057e+00) (9, -2.28509336754427305749e+00) (10, 5.57264374051204924854e+00) (0, -3.47896643778168423999e-01) (1, 1.10319238838896294119e+00) (2, -3.95345063797885365453e-01) (3, 7.95496981888251020187e-01) (4, 3.59454270530378261483e-01) (5, 2.90234517875666009346e+00) (6, 1.40000628307159735719e+00) (7, 1.05085337472304862771e+00) (8, -5.32429545102510504151e-01) (9, 4.44598708379899898446e-01) (10, -3.68572779795014127124e-01) (11, -4.86990891528458025306e+00) (12, -4.92449273673028375953e+00) (13, 2.76751068019535706455e+00) (14, -1.19217772183738079939e+00) 
