FANN_FLO_2.1
num_layers=3
learning_rate=0.700000
connection_rate=1.000000
network_type=0
learning_momentum=0.000000
training_algorithm=2
train_error_function=1
train_stop_function=1
cascade_output_change_fraction=0.010000
quickprop_decay=-0.000100
quickprop_mu=1.750000
rprop_increase_factor=1.200000
rprop_decrease_factor=0.500000
rprop_delta_min=0.000000
rprop_delta_max=50.000000
rprop_delta_zero=0.100000
cascade_output_stagnation_epochs=12
cascade_candidate_change_fraction=0.010000
cascade_candidate_stagnation_epochs=12
cascade_max_out_epochs=150
cascade_min_out_epochs=50
cascade_max_cand_epochs=150
cascade_min_cand_epochs=50
cascade_num_candidate_groups=2
bit_fail_limit=1.00000000000000005551e-01
cascade_candidate_limit=1.00000000000000000000e+03
cascade_weight_multiplier=4.00000000000000022204e-01
cascade_activation_functions_count=10
cascade_activation_functions=3 5 7 8 10 11 14 15 16 17 
cascade_activation_steepnesses_count=4
cascade_activation_steepnesses=2.50000000000000000000e-01 5.00000000000000000000e-01 7.50000000000000000000e-01 1.00000000000000000000e+00 
layer_sizes=10 4 2 
scale_included=0
neurons (num_inputs, activation_function, activation_steepness)=(0, 0, 0.00000000000000000000e+00) (0, 0, 0.00000000000000000000e+00) (0, 0, 0.00000000000000000000e+00) (0, 0, 0.00000000000000000000e+00) (0, 0, 0.00000000000000000000e+00) (0, 0, 0.00000000000000000000e+00) (0, 0, 0.00000000000000000000e+00) (0, 0, 0.00000000000000000000e+00) (0, 0, 0.00000000000000000000e+00) (0, 0, 0.00000000000000000000e+00) (10, 6, 5.00000000000000000000e-01) (10, 6, 5.00000000000000000000e-01) (10, 6, 5.00000000000000000000e-01) (0, 6, 0.00000000000000000000e+00) (4, 4, 5.00000000000000000000e-01) (0, 4, 0.00000000000000000000e+00) 
connections (connected_to_neuron, weight)=(0, 3.51502459022557112167e-02) (1, 6.96839804356308878397e-01) (2, 7.94678441478363223327e-02) (3, 3.99985925044019974273e-01) (4, 8.52499484752477720839e-01) (5, 5.64250030768176258356e-01) (6, 8.50331768567961998606e-01) (7, 9.69634054893814045784e-01) (8, 1.73022001055065577368e+00) (9, -7.21467531812602702601e-01) (0, -5.71193618237245348546e-01) (1, 2.03837961490749641769e+00) (2, 9.79800903957737806538e-02) (3, -3.42327063107681128784e-01) (4, 1.99400978177842502781e+00) (5, 1.31809981834712952597e+00) (6, -4.49543230384401026889e-01) (7, -3.01486081194792865379e-01) (8, 3.53981783671910132938e+00) (9, -1.81261756785190297769e+00) (0, 1.77777059036459794683e+00) (1, -3.40320736207963570052e+00) (2, 3.55084856765810197299e-02) (3, -2.61523195519172535484e+00) (4, -6.48763300821519894868e+00) (5, -1.92203823362404757624e+00) (6, -2.61742384894811497276e+00) (7, -2.53514524477193292640e+00) (8, -6.02547775539848995408e+00) (9, 5.08735057935827583719e+00) (10, 1.12461881810334118903e+00) (11, 7.70396012748386738167e+00) (12, -2.40452137409886077535e+01) (13, -1.80276245392835332559e+00) 
