FANN_FLO_2.1
num_layers=3
learning_rate=0.700000
connection_rate=1.000000
network_type=0
learning_momentum=0.000000
training_algorithm=2
train_error_function=1
train_stop_function=1
cascade_output_change_fraction=0.010000
quickprop_decay=-0.000100
quickprop_mu=1.750000
rprop_increase_factor=1.200000
rprop_decrease_factor=0.500000
rprop_delta_min=0.000000
rprop_delta_max=50.000000
rprop_delta_zero=0.100000
cascade_output_stagnation_epochs=12
cascade_candidate_change_fraction=0.010000
cascade_candidate_stagnation_epochs=12
cascade_max_out_epochs=150
cascade_min_out_epochs=50
cascade_max_cand_epochs=150
cascade_min_cand_epochs=50
cascade_num_candidate_groups=2
bit_fail_limit=1.00000000000000005551e-01
cascade_candidate_limit=1.00000000000000000000e+03
cascade_weight_multiplier=4.00000000000000022204e-01
cascade_activation_functions_count=10
cascade_activation_functions=3 5 7 8 10 11 14 15 16 17 
cascade_activation_steepnesses_count=4
cascade_activation_steepnesses=2.50000000000000000000e-01 5.00000000000000000000e-01 7.50000000000000000000e-01 1.00000000000000000000e+00 
layer_sizes=9 4 2 
scale_included=0
neurons (num_inputs, activation_function, activation_steepness)=(0, 0, 0.00000000000000000000e+00) (0, 0, 0.00000000000000000000e+00) (0, 0, 0.00000000000000000000e+00) (0, 0, 0.00000000000000000000e+00) (0, 0, 0.00000000000000000000e+00) (0, 0, 0.00000000000000000000e+00) (0, 0, 0.00000000000000000000e+00) (0, 0, 0.00000000000000000000e+00) (0, 0, 0.00000000000000000000e+00) (9, 6, 5.00000000000000000000e-01) (9, 6, 5.00000000000000000000e-01) (9, 6, 5.00000000000000000000e-01) (0, 6, 0.00000000000000000000e+00) (4, 4, 5.00000000000000000000e-01) (0, 4, 0.00000000000000000000e+00) 
connections (connected_to_neuron, weight)=(0, -1.42717956404526585823e-01) (1, 1.09529827614038377526e+00) (2, 5.04998715368143558102e-01) (3, 9.26918106993165347163e-01) (4, 1.70460711127159103562e-01) (5, 5.18448562008625435382e-01) (6, 5.02072947702264071879e-01) (7, 1.18312383211636854008e-01) (8, -6.85277677983451571908e-02) (0, -2.99813365618514193756e+00) (1, 3.57033340740792315415e+00) (2, 1.49265385930073457565e+00) (3, 1.35764223636425263031e+00) (4, -1.95814315088423840372e-01) (5, 2.71643867673255101636e-01) (6, 5.03292433295283725414e-01) (7, -1.21456996940896289061e+00) (8, -2.94334382246064318878e+00) (0, 4.20394365744022380227e+00) (1, 1.63886525191177789829e+00) (2, -1.71745608302524992439e+01) (3, -1.30926773185945966027e+00) (4, 3.81188181046430318855e-01) (5, 1.47883284276882492891e-01) (6, -9.35677620788605501900e-01) (7, 7.22507055057645897200e-01) (8, 1.57851257846700909759e+00) (9, 4.12570703013464934461e-01) (10, 6.31309164498371622187e+00) (11, -2.06718702146462840474e+00) (12, -2.55773608204722036064e+00) 
