FANN_FLO_2.1
num_layers=3
learning_rate=0.700000
connection_rate=1.000000
network_type=0
learning_momentum=0.000000
training_algorithm=2
train_error_function=1
train_stop_function=1
cascade_output_change_fraction=0.010000
quickprop_decay=-0.000100
quickprop_mu=1.750000
rprop_increase_factor=1.200000
rprop_decrease_factor=0.500000
rprop_delta_min=0.000000
rprop_delta_max=50.000000
rprop_delta_zero=0.100000
cascade_output_stagnation_epochs=12
cascade_candidate_change_fraction=0.010000
cascade_candidate_stagnation_epochs=12
cascade_max_out_epochs=150
cascade_min_out_epochs=50
cascade_max_cand_epochs=150
cascade_min_cand_epochs=50
cascade_num_candidate_groups=2
bit_fail_limit=1.00000000000000005551e-01
cascade_candidate_limit=1.00000000000000000000e+03
cascade_weight_multiplier=4.00000000000000022204e-01
cascade_activation_functions_count=10
cascade_activation_functions=3 5 7 8 10 11 14 15 16 17 
cascade_activation_steepnesses_count=4
cascade_activation_steepnesses=2.50000000000000000000e-01 5.00000000000000000000e-01 7.50000000000000000000e-01 1.00000000000000000000e+00 
layer_sizes=16 4 2 
scale_included=0
neurons (num_inputs, activation_function, activation_steepness)=(0, 0, 0.00000000000000000000e+00) (0, 0, 0.00000000000000000000e+00) (0, 0, 0.00000000000000000000e+00) (0, 0, 0.00000000000000000000e+00) (0, 0, 0.00000000000000000000e+00) (0, 0, 0.00000000000000000000e+00) (0, 0, 0.00000000000000000000e+00) (0, 0, 0.00000000000000000000e+00) (0, 0, 0.00000000000000000000e+00) (0, 0, 0.00000000000000000000e+00) (0, 0, 0.00000000000000000000e+00) (0, 0, 0.00000000000000000000e+00) (0, 0, 0.00000000000000000000e+00) (0, 0, 0.00000000000000000000e+00) (0, 0, 0.00000000000000000000e+00) (0, 0, 0.00000000000000000000e+00) (16, 6, 5.00000000000000000000e-01) (16, 6, 5.00000000000000000000e-01) (16, 6, 5.00000000000000000000e-01) (0, 6, 0.00000000000000000000e+00) (4, 4, 5.00000000000000000000e-01) (0, 4, 0.00000000000000000000e+00) 
connections (connected_to_neuron, weight)=(0, -2.37343160800678099065e+00) (1, 2.55834471491676529453e+00) (2, 1.22515949310102101322e+00) (3, 1.05754048023336411077e+00) (4, 1.43328841231026937741e+00) (5, 1.55807741426352031056e+00) (6, 1.42068327185491583009e+00) (7, 1.21163231955208416935e+00) (8, 6.02604821405225310471e-01) (9, 1.36009170617870256415e+00) (10, 1.75719586521406090363e+00) (11, 2.88530825917407030001e-01) (12, -5.67096229057455936129e-01) (13, 9.18168986146328386377e-02) (14, -2.94479703222860211831e-01) (15, -2.29550430916292036443e+00) (0, 1.72270335828440335213e+00) (1, -9.75026522308885090773e-01) (2, -5.47743567084643223630e-01) (3, -1.44824086447729327709e+00) (4, -8.98604428218553463736e-01) (5, -7.18563837519228032491e-01) (6, -5.62575781144609154971e-01) (7, -5.45466028904291966306e-01) (8, -2.40396167404882843410e-01) (9, -1.69081868152249614745e+00) (10, -2.07957188536740300577e+00) (11, 3.86097636749718808868e-01) (12, 1.30133285277378352163e+00) (13, 6.40850352520319521687e-01) (14, 1.29209828097754209075e+00) (15, 1.34912685427023459894e+00) (0, -8.67334196595264117491e-01) (1, 1.15451048539742995303e+00) (2, 6.00267575096571359694e-01) (3, 1.81043525321820275575e-01) (4, 1.70718612254387958060e+00) (5, 2.44961536275558389164e-01) (6, 6.76232344242080896102e-01) (7, 6.03722081493818674147e-01) (8, 2.86313668484089456356e-01) (9, 5.86851432576277698416e-01) (10, 1.13726583281142157311e+00) (11, 2.31758756133372822994e-01) (12, -2.46311854088922588257e-01) (13, 5.01937735203264012718e-01) (14, -2.20167676965378700249e-01) (15, -9.35519667593551318419e-01) (16, 1.45878836176652999512e+01) (17, -3.56694114549109784207e+01) (18, 3.76277289891262967103e+00) (19, -9.97374625957182514568e-01) 
