FANN_FLO_2.1
num_layers=3
learning_rate=0.700000
connection_rate=1.000000
network_type=0
learning_momentum=0.000000
training_algorithm=2
train_error_function=1
train_stop_function=1
cascade_output_change_fraction=0.010000
quickprop_decay=-0.000100
quickprop_mu=1.750000
rprop_increase_factor=1.200000
rprop_decrease_factor=0.500000
rprop_delta_min=0.000000
rprop_delta_max=50.000000
rprop_delta_zero=0.100000
cascade_output_stagnation_epochs=12
cascade_candidate_change_fraction=0.010000
cascade_candidate_stagnation_epochs=12
cascade_max_out_epochs=150
cascade_min_out_epochs=50
cascade_max_cand_epochs=150
cascade_min_cand_epochs=50
cascade_num_candidate_groups=2
bit_fail_limit=1.00000000000000005551e-01
cascade_candidate_limit=1.00000000000000000000e+03
cascade_weight_multiplier=4.00000000000000022204e-01
cascade_activation_functions_count=10
cascade_activation_functions=3 5 7 8 10 11 14 15 16 17 
cascade_activation_steepnesses_count=4
cascade_activation_steepnesses=2.50000000000000000000e-01 5.00000000000000000000e-01 7.50000000000000000000e-01 1.00000000000000000000e+00 
layer_sizes=11 4 2 
scale_included=0
neurons (num_inputs, activation_function, activation_steepness)=(0, 0, 0.00000000000000000000e+00) (0, 0, 0.00000000000000000000e+00) (0, 0, 0.00000000000000000000e+00) (0, 0, 0.00000000000000000000e+00) (0, 0, 0.00000000000000000000e+00) (0, 0, 0.00000000000000000000e+00) (0, 0, 0.00000000000000000000e+00) (0, 0, 0.00000000000000000000e+00) (0, 0, 0.00000000000000000000e+00) (0, 0, 0.00000000000000000000e+00) (0, 0, 0.00000000000000000000e+00) (11, 6, 5.00000000000000000000e-01) (11, 6, 5.00000000000000000000e-01) (11, 6, 5.00000000000000000000e-01) (0, 6, 0.00000000000000000000e+00) (4, 4, 5.00000000000000000000e-01) (0, 4, 0.00000000000000000000e+00) 
connections (connected_to_neuron, weight)=(0, 1.10071541679681192960e+01) (1, -8.44538641469994644240e+00) (2, -4.35032068506764235671e-01) (3, -5.89894849964377776530e+00) (4, 2.25724297304186638513e+00) (5, -1.23081176383550445763e+01) (6, -8.43836626159468750075e+00) (7, 2.25177394140991982141e+00) (8, -8.32100432860175232008e+00) (9, 1.42301530900305772676e+00) (10, 8.71293828158768235426e+00) (0, 1.10809883711517702665e+01) (1, -7.07663598751626299332e+00) (2, -2.43080620524835078200e+00) (3, -4.45158407610228401552e+00) (4, -5.50195441335748047784e-01) (5, -1.23551319674474608945e+01) (6, -7.07963094210229204606e+00) (7, -4.94765818804810908471e-01) (8, -7.12657891308865831803e+00) (9, -2.78040534307277997783e+00) (10, 8.70910334854515610914e+00) (0, -7.60829560243359903637e-01) (1, 1.09649795858656307068e+00) (2, 1.28763298311508816996e-01) (3, 8.26155492118756940023e-01) (4, 2.44658336119568042832e+00) (5, 1.06334390883104279446e+00) (6, 1.00131958445818369796e+00) (7, 2.44231841044342212754e+00) (8, 1.14184805424432589405e+00) (9, -4.78360404623410173652e-01) (10, -3.85579209178636195254e-01) (11, -2.09061132637054170047e+00) (12, -2.10749924448520387088e+00) (13, 2.77670881146689385588e+00) (14, -1.53604792284608726582e+00) 
