FANN_FLO_2.1
num_layers=3
learning_rate=0.700000
connection_rate=1.000000
network_type=0
learning_momentum=0.000000
training_algorithm=2
train_error_function=1
train_stop_function=1
cascade_output_change_fraction=0.010000
quickprop_decay=-0.000100
quickprop_mu=1.750000
rprop_increase_factor=1.200000
rprop_decrease_factor=0.500000
rprop_delta_min=0.000000
rprop_delta_max=50.000000
rprop_delta_zero=0.100000
cascade_output_stagnation_epochs=12
cascade_candidate_change_fraction=0.010000
cascade_candidate_stagnation_epochs=12
cascade_max_out_epochs=150
cascade_min_out_epochs=50
cascade_max_cand_epochs=150
cascade_min_cand_epochs=50
cascade_num_candidate_groups=2
bit_fail_limit=1.00000000000000005551e-01
cascade_candidate_limit=1.00000000000000000000e+03
cascade_weight_multiplier=4.00000000000000022204e-01
cascade_activation_functions_count=10
cascade_activation_functions=3 5 7 8 10 11 14 15 16 17 
cascade_activation_steepnesses_count=4
cascade_activation_steepnesses=2.50000000000000000000e-01 5.00000000000000000000e-01 7.50000000000000000000e-01 1.00000000000000000000e+00 
layer_sizes=12 4 2 
scale_included=0
neurons (num_inputs, activation_function, activation_steepness)=(0, 0, 0.00000000000000000000e+00) (0, 0, 0.00000000000000000000e+00) (0, 0, 0.00000000000000000000e+00) (0, 0, 0.00000000000000000000e+00) (0, 0, 0.00000000000000000000e+00) (0, 0, 0.00000000000000000000e+00) (0, 0, 0.00000000000000000000e+00) (0, 0, 0.00000000000000000000e+00) (0, 0, 0.00000000000000000000e+00) (0, 0, 0.00000000000000000000e+00) (0, 0, 0.00000000000000000000e+00) (0, 0, 0.00000000000000000000e+00) (12, 6, 5.00000000000000000000e-01) (12, 6, 5.00000000000000000000e-01) (12, 6, 5.00000000000000000000e-01) (0, 6, 0.00000000000000000000e+00) (4, 4, 5.00000000000000000000e-01) (0, 4, 0.00000000000000000000e+00) 
connections (connected_to_neuron, weight)=(0, 1.11556010821226347929e+00) (1, -1.77388679951048437999e+01) (2, -2.11040146724966826142e+00) (3, -1.61930368703068983116e+00) (4, 1.83812938345145626684e+00) (5, -1.75696836353910312845e+00) (6, -1.36699903490528420491e+01) (7, -2.04743007617474770399e+00) (8, 2.90281922065024478030e+00) (9, 1.69023327703248282816e+00) (10, -2.19070785716214757599e+01) (11, 2.29259483009633191486e+00) (0, 3.44735944165776964088e-01) (1, 2.89951755501500318957e+00) (2, 1.32407510417943163894e+00) (3, 2.98546913692165627463e-01) (4, -2.72356663314847313728e+00) (5, 3.46197236018775889033e-01) (6, 7.79462919956079769435e+00) (7, 8.76151549928271156098e-01) (8, -3.49784931627996531489e+00) (9, 4.24606450972130233801e-01) (10, 3.88477433816059969374e+00) (11, -1.65507267307845506998e+00) (0, -6.59455858849034370905e+01) (1, -1.50000000000000000000e+03) (2, -8.51155677851735276818e+02) (3, -1.00285191810271108181e+01) (4, -1.50000000000000000000e+03) (5, -1.50000000000000000000e+03) (6, -1.15408852449209030055e+03) (7, -1.50000000000000000000e+03) (8, -1.50000000000000000000e+03) (9, 1.27157880082426526513e+01) (10, 3.07217190611659916044e+01) (11, -5.14393871581082784417e+00) (12, -1.00355431434818509473e+01) (13, -1.17836362225703386031e+01) (14, 4.32798184252686191087e+00) (15, -2.14540147633176747632e+00) 
