FANN_FLO_2.1
num_layers=3
learning_rate=0.700000
connection_rate=1.000000
network_type=0
learning_momentum=0.000000
training_algorithm=2
train_error_function=1
train_stop_function=1
cascade_output_change_fraction=0.010000
quickprop_decay=-0.000100
quickprop_mu=1.750000
rprop_increase_factor=1.200000
rprop_decrease_factor=0.500000
rprop_delta_min=0.000000
rprop_delta_max=50.000000
rprop_delta_zero=0.100000
cascade_output_stagnation_epochs=12
cascade_candidate_change_fraction=0.010000
cascade_candidate_stagnation_epochs=12
cascade_max_out_epochs=150
cascade_min_out_epochs=50
cascade_max_cand_epochs=150
cascade_min_cand_epochs=50
cascade_num_candidate_groups=2
bit_fail_limit=1.00000000000000005551e-01
cascade_candidate_limit=1.00000000000000000000e+03
cascade_weight_multiplier=4.00000000000000022204e-01
cascade_activation_functions_count=10
cascade_activation_functions=3 5 7 8 10 11 14 15 16 17 
cascade_activation_steepnesses_count=4
cascade_activation_steepnesses=2.50000000000000000000e-01 5.00000000000000000000e-01 7.50000000000000000000e-01 1.00000000000000000000e+00 
layer_sizes=12 4 2 
scale_included=0
neurons (num_inputs, activation_function, activation_steepness)=(0, 0, 0.00000000000000000000e+00) (0, 0, 0.00000000000000000000e+00) (0, 0, 0.00000000000000000000e+00) (0, 0, 0.00000000000000000000e+00) (0, 0, 0.00000000000000000000e+00) (0, 0, 0.00000000000000000000e+00) (0, 0, 0.00000000000000000000e+00) (0, 0, 0.00000000000000000000e+00) (0, 0, 0.00000000000000000000e+00) (0, 0, 0.00000000000000000000e+00) (0, 0, 0.00000000000000000000e+00) (0, 0, 0.00000000000000000000e+00) (12, 6, 5.00000000000000000000e-01) (12, 6, 5.00000000000000000000e-01) (12, 6, 5.00000000000000000000e-01) (0, 6, 0.00000000000000000000e+00) (4, 4, 5.00000000000000000000e-01) (0, 4, 0.00000000000000000000e+00) 
connections (connected_to_neuron, weight)=(0, -2.33376167097406250761e+00) (1, 1.21961031748083037485e+00) (2, 1.27450808172345499969e+01) (3, 1.06781199619383415644e+00) (4, 8.34882353836170154615e-01) (5, 8.12952424545230645236e-01) (6, 6.48293934355464451791e-01) (7, 7.38805402627548568617e-01) (8, 2.50950587491940746432e+00) (9, 1.71961813439949295912e+00) (10, 1.81377302758696767881e+00) (11, -1.61842823442238548104e+00) (0, -2.10197730956314110529e+00) (1, 1.97138407539074367314e+00) (2, 6.53828385608056089628e-02) (3, 1.21991025734608227182e+00) (4, 5.88704020327613597452e-01) (5, 1.59453781381923098692e+00) (6, -2.76529393382912158650e-01) (7, -1.60244153141862993861e-01) (8, 1.75551330794554849568e+00) (9, 4.49055022586015428754e-01) (10, 7.03542070298947219698e-01) (11, -1.40245127098394956056e-01) (0, 1.80839396038057187432e+00) (1, -6.43194992839911994231e-01) (2, -1.30096000800295530375e+00) (3, -2.26634489813367023814e+00) (4, -2.03195398757090961439e+00) (5, -1.67976174764399466266e-01) (6, 1.55177359140615878097e+00) (7, 1.89021458663834951430e+00) (8, 3.71025782282284471991e-02) (9, -1.90752334311250848486e+00) (10, -2.87216014117024354135e-01) (11, 1.23762628632190141431e+00) (12, 6.49003455812718854645e+00) (13, 2.03816937256434149717e+00) (14, -1.31735009393830377888e+01) (15, -3.55757383869063881221e+00) 
