FANN_FLO_2.1
num_layers=3
learning_rate=0.700000
connection_rate=1.000000
network_type=0
learning_momentum=0.000000
training_algorithm=2
train_error_function=1
train_stop_function=1
cascade_output_change_fraction=0.010000
quickprop_decay=-0.000100
quickprop_mu=1.750000
rprop_increase_factor=1.200000
rprop_decrease_factor=0.500000
rprop_delta_min=0.000000
rprop_delta_max=50.000000
rprop_delta_zero=0.100000
cascade_output_stagnation_epochs=12
cascade_candidate_change_fraction=0.010000
cascade_candidate_stagnation_epochs=12
cascade_max_out_epochs=150
cascade_min_out_epochs=50
cascade_max_cand_epochs=150
cascade_min_cand_epochs=50
cascade_num_candidate_groups=2
bit_fail_limit=1.00000000000000005551e-01
cascade_candidate_limit=1.00000000000000000000e+03
cascade_weight_multiplier=4.00000000000000022204e-01
cascade_activation_functions_count=10
cascade_activation_functions=3 5 7 8 10 11 14 15 16 17 
cascade_activation_steepnesses_count=4
cascade_activation_steepnesses=2.50000000000000000000e-01 5.00000000000000000000e-01 7.50000000000000000000e-01 1.00000000000000000000e+00 
layer_sizes=7 4 2 
scale_included=0
neurons (num_inputs, activation_function, activation_steepness)=(0, 0, 0.00000000000000000000e+00) (0, 0, 0.00000000000000000000e+00) (0, 0, 0.00000000000000000000e+00) (0, 0, 0.00000000000000000000e+00) (0, 0, 0.00000000000000000000e+00) (0, 0, 0.00000000000000000000e+00) (0, 0, 0.00000000000000000000e+00) (7, 6, 5.00000000000000000000e-01) (7, 6, 5.00000000000000000000e-01) (7, 6, 5.00000000000000000000e-01) (0, 6, 0.00000000000000000000e+00) (4, 4, 5.00000000000000000000e-01) (0, 4, 0.00000000000000000000e+00) 
connections (connected_to_neuron, weight)=(0, 2.56799339912860635771e-01) (1, 7.14390405795901870079e+02) (2, 7.14469571928858613319e+02) (3, 7.14506198059201096839e+02) (4, 7.14475884165048455543e+02) (5, 7.84813810439888071002e-01) (6, -1.31655321188210355787e-01) (0, 5.48029006108010974252e-01) (1, 4.74162975096041463985e+02) (2, 4.74273032695884012355e+02) (3, 4.74298417397672437801e+02) (4, 4.74294834830695890560e+02) (5, 4.03869639286782877718e-01) (6, -3.69766982741439043103e-01) (0, 1.00200359835585661727e+00) (1, 1.19477996505402961702e+03) (2, 1.19469772535913625688e+03) (3, 1.19482294624649921388e+03) (4, 1.19468710789063015909e+03) (5, 8.89093145150841701607e-01) (6, -1.26684856593080641396e+00) (7, 7.69775033297125155229e-01) (8, 1.04745346731126476314e+00) (9, 1.05834912497223740502e+02) (10, -1.21993629067608000405e+00) 
