FANN_FLO_2.1
num_layers=3
learning_rate=0.700000
connection_rate=1.000000
network_type=0
learning_momentum=0.000000
training_algorithm=2
train_error_function=1
train_stop_function=1
cascade_output_change_fraction=0.010000
quickprop_decay=-0.000100
quickprop_mu=1.750000
rprop_increase_factor=1.200000
rprop_decrease_factor=0.500000
rprop_delta_min=0.000000
rprop_delta_max=50.000000
rprop_delta_zero=0.100000
cascade_output_stagnation_epochs=12
cascade_candidate_change_fraction=0.010000
cascade_candidate_stagnation_epochs=12
cascade_max_out_epochs=150
cascade_min_out_epochs=50
cascade_max_cand_epochs=150
cascade_min_cand_epochs=50
cascade_num_candidate_groups=2
bit_fail_limit=1.00000000000000005551e-01
cascade_candidate_limit=1.00000000000000000000e+03
cascade_weight_multiplier=4.00000000000000022204e-01
cascade_activation_functions_count=10
cascade_activation_functions=3 5 7 8 10 11 14 15 16 17 
cascade_activation_steepnesses_count=4
cascade_activation_steepnesses=2.50000000000000000000e-01 5.00000000000000000000e-01 7.50000000000000000000e-01 1.00000000000000000000e+00 
layer_sizes=11 4 2 
scale_included=0
neurons (num_inputs, activation_function, activation_steepness)=(0, 0, 0.00000000000000000000e+00) (0, 0, 0.00000000000000000000e+00) (0, 0, 0.00000000000000000000e+00) (0, 0, 0.00000000000000000000e+00) (0, 0, 0.00000000000000000000e+00) (0, 0, 0.00000000000000000000e+00) (0, 0, 0.00000000000000000000e+00) (0, 0, 0.00000000000000000000e+00) (0, 0, 0.00000000000000000000e+00) (0, 0, 0.00000000000000000000e+00) (0, 0, 0.00000000000000000000e+00) (11, 6, 5.00000000000000000000e-01) (11, 6, 5.00000000000000000000e-01) (11, 6, 5.00000000000000000000e-01) (0, 6, 0.00000000000000000000e+00) (4, 4, 5.00000000000000000000e-01) (0, 4, 0.00000000000000000000e+00) 
connections (connected_to_neuron, weight)=(0, 1.24459089448508875009e+00) (1, -1.32436561168035904501e+00) (2, 2.90315198460584122930e-01) (3, -8.89569573844125827122e-01) (4, 4.20060354150989731514e-02) (5, 3.45147992285949778424e-01) (6, -1.32637967876998663641e+00) (7, -1.73523438353811876311e+00) (8, -8.54605823046270418608e-01) (9, 1.94045320597944298546e-01) (10, 1.24672649388131961956e+00) (0, 3.80272973077437370648e+00) (1, -3.07506552313171743762e+00) (2, -7.73880875932591805189e-01) (3, -3.96851124664990351221e+00) (4, -6.03394138608735275398e+00) (5, 1.50045101522923740589e+00) (6, -2.89429355382926978280e+00) (7, -2.85037580750011088071e+00) (8, -2.96163196867829281445e+00) (9, -1.02666783737095936857e+01) (10, 3.78000015514037102093e+00) (0, -1.38629647126811716973e+00) (1, 2.84901470834952874611e+00) (2, 1.05419044090540170444e+00) (3, 2.01350697867633998683e+00) (4, 2.11618939915543702313e+00) (5, -2.89378723874721827114e-02) (6, 2.78228856544114977467e+00) (7, 2.50088675940900762029e+00) (8, 2.32681587957981683701e+00) (9, 2.03535469625988874043e+00) (10, -3.43209855912976280479e+00) (11, -6.55683137929901782570e+00) (12, -3.03535640457198807596e+00) (13, 7.20910528711817377712e+00) (14, -1.30469476809685902552e+00) 
