FANN_FLO_2.1
num_layers=3
learning_rate=0.700000
connection_rate=1.000000
network_type=0
learning_momentum=0.000000
training_algorithm=2
train_error_function=1
train_stop_function=1
cascade_output_change_fraction=0.010000
quickprop_decay=-0.000100
quickprop_mu=1.750000
rprop_increase_factor=1.200000
rprop_decrease_factor=0.500000
rprop_delta_min=0.000000
rprop_delta_max=50.000000
rprop_delta_zero=0.100000
cascade_output_stagnation_epochs=12
cascade_candidate_change_fraction=0.010000
cascade_candidate_stagnation_epochs=12
cascade_max_out_epochs=150
cascade_min_out_epochs=50
cascade_max_cand_epochs=150
cascade_min_cand_epochs=50
cascade_num_candidate_groups=2
bit_fail_limit=1.00000000000000005551e-01
cascade_candidate_limit=1.00000000000000000000e+03
cascade_weight_multiplier=4.00000000000000022204e-01
cascade_activation_functions_count=10
cascade_activation_functions=3 5 7 8 10 11 14 15 16 17 
cascade_activation_steepnesses_count=4
cascade_activation_steepnesses=2.50000000000000000000e-01 5.00000000000000000000e-01 7.50000000000000000000e-01 1.00000000000000000000e+00 
layer_sizes=14 4 2 
scale_included=0
neurons (num_inputs, activation_function, activation_steepness)=(0, 0, 0.00000000000000000000e+00) (0, 0, 0.00000000000000000000e+00) (0, 0, 0.00000000000000000000e+00) (0, 0, 0.00000000000000000000e+00) (0, 0, 0.00000000000000000000e+00) (0, 0, 0.00000000000000000000e+00) (0, 0, 0.00000000000000000000e+00) (0, 0, 0.00000000000000000000e+00) (0, 0, 0.00000000000000000000e+00) (0, 0, 0.00000000000000000000e+00) (0, 0, 0.00000000000000000000e+00) (0, 0, 0.00000000000000000000e+00) (0, 0, 0.00000000000000000000e+00) (0, 0, 0.00000000000000000000e+00) (14, 6, 5.00000000000000000000e-01) (14, 6, 5.00000000000000000000e-01) (14, 6, 5.00000000000000000000e-01) (0, 6, 0.00000000000000000000e+00) (4, 4, 5.00000000000000000000e-01) (0, 4, 0.00000000000000000000e+00) 
connections (connected_to_neuron, weight)=(0, 2.37750879217252109044e+00) (1, -9.16992909336483807969e-01) (2, 1.16108717360248836492e+00) (3, 7.91925670160324446378e-01) (4, -2.99476750283102255423e+00) (5, 5.04872526842838231786e-01) (6, -1.18774771161241021744e+00) (7, -1.39586956871568346195e+00) (8, -3.69418053204292862191e+00) (9, 4.99282373734668716292e-01) (10, -2.25251412814624379921e-01) (11, 6.68236916270944919516e-02) (12, 4.43706790697511355148e+00) (13, 4.69471806762678023350e-01) (0, -6.60356694408463007484e-01) (1, 1.28729938922446662808e+00) (2, -5.51449548432419223154e-01) (3, -3.89592956835404735649e-01) (4, 1.66858223657752757774e+00) (5, -5.02472376547044463635e-01) (6, 1.69586616566567549569e+00) (7, 1.82108201991975149348e+00) (8, 1.29113714266338974745e+00) (9, -7.28458093037853027241e-01) (10, 5.33887239888465425786e-01) (11, 1.13129616567980151309e-02) (12, -3.67039120330584678342e+00) (13, -3.22015185725332442335e-01) (0, -3.50958092508684016408e+00) (1, 3.69874605578628123936e+00) (2, -2.63029141698889246115e+00) (3, -2.05227840316024284784e-01) (4, 3.71481799544803914515e+00) (5, -2.24830085694547959774e-01) (6, 3.44637465968246825554e+00) (7, 3.40026893707054700400e+00) (8, 3.65810005951563210758e+00) (9, 1.97253140677984517559e+00) (10, 2.29130301938726921307e+00) (11, 1.39676835094672657789e+00) (12, -2.88318109381462939211e+00) (13, -2.38913940612854736045e+00) (14, -4.63373299975624863833e+00) (15, 2.81306048366136973726e+00) (16, 1.43568056260159639947e+01) (17, -1.32727668057998826612e+00) 
