FANN_FLO_2.1
num_layers=3
learning_rate=0.700000
connection_rate=1.000000
network_type=0
learning_momentum=0.000000
training_algorithm=2
train_error_function=1
train_stop_function=1
cascade_output_change_fraction=0.010000
quickprop_decay=-0.000100
quickprop_mu=1.750000
rprop_increase_factor=1.200000
rprop_decrease_factor=0.500000
rprop_delta_min=0.000000
rprop_delta_max=50.000000
rprop_delta_zero=0.100000
cascade_output_stagnation_epochs=12
cascade_candidate_change_fraction=0.010000
cascade_candidate_stagnation_epochs=12
cascade_max_out_epochs=150
cascade_min_out_epochs=50
cascade_max_cand_epochs=150
cascade_min_cand_epochs=50
cascade_num_candidate_groups=2
bit_fail_limit=1.00000000000000005551e-01
cascade_candidate_limit=1.00000000000000000000e+03
cascade_weight_multiplier=4.00000000000000022204e-01
cascade_activation_functions_count=10
cascade_activation_functions=3 5 7 8 10 11 14 15 16 17 
cascade_activation_steepnesses_count=4
cascade_activation_steepnesses=2.50000000000000000000e-01 5.00000000000000000000e-01 7.50000000000000000000e-01 1.00000000000000000000e+00 
layer_sizes=9 4 2 
scale_included=0
neurons (num_inputs, activation_function, activation_steepness)=(0, 0, 0.00000000000000000000e+00) (0, 0, 0.00000000000000000000e+00) (0, 0, 0.00000000000000000000e+00) (0, 0, 0.00000000000000000000e+00) (0, 0, 0.00000000000000000000e+00) (0, 0, 0.00000000000000000000e+00) (0, 0, 0.00000000000000000000e+00) (0, 0, 0.00000000000000000000e+00) (0, 0, 0.00000000000000000000e+00) (9, 6, 5.00000000000000000000e-01) (9, 6, 5.00000000000000000000e-01) (9, 6, 5.00000000000000000000e-01) (0, 6, 0.00000000000000000000e+00) (4, 4, 5.00000000000000000000e-01) (0, 4, 0.00000000000000000000e+00) 
connections (connected_to_neuron, weight)=(0, 5.94923534610989435123e+00) (1, -4.16449092883262927955e+00) (2, -1.74090860651201584375e+00) (3, -1.33679751793849321828e+00) (4, 6.81947480211348100454e-01) (5, -6.80987926339648552698e-01) (6, -2.51579959844430112170e+00) (7, 3.08054607622272813572e+00) (8, 3.67200818283609464743e+00) (0, 4.43395507679561351466e+00) (1, 1.04274535458658546005e+00) (2, -9.45253499828059950971e+00) (3, -7.71575751655680486252e-01) (4, 8.12421657532989560657e-02) (5, 9.06627841681778012806e-02) (6, -4.04264990167010340727e-02) (7, 4.52639753148310675090e-01) (8, 6.71152190650305069397e-01) (0, -1.85269713470641761432e+00) (1, 5.79281385880063615090e-01) (2, 2.49535145068159414095e+00) (3, 2.29685143581142492408e+00) (4, 1.43178657928269381649e+00) (5, 1.54964420685332293637e+00) (6, 1.76988509242591107729e+00) (7, -2.40720994185647990671e-01) (8, -8.17905280974415394013e-01) (9, -5.50608069145835621327e+00) (10, -1.00804742121661972121e+00) (11, 1.67759475023470039368e+00) (12, -1.98104923688143608196e+00) 
