FANN_FLO_2.1
num_layers=3
learning_rate=0.700000
connection_rate=1.000000
network_type=0
learning_momentum=0.000000
training_algorithm=2
train_error_function=1
train_stop_function=1
cascade_output_change_fraction=0.010000
quickprop_decay=-0.000100
quickprop_mu=1.750000
rprop_increase_factor=1.200000
rprop_decrease_factor=0.500000
rprop_delta_min=0.000000
rprop_delta_max=50.000000
rprop_delta_zero=0.100000
cascade_output_stagnation_epochs=12
cascade_candidate_change_fraction=0.010000
cascade_candidate_stagnation_epochs=12
cascade_max_out_epochs=150
cascade_min_out_epochs=50
cascade_max_cand_epochs=150
cascade_min_cand_epochs=50
cascade_num_candidate_groups=2
bit_fail_limit=1.00000000000000005551e-01
cascade_candidate_limit=1.00000000000000000000e+03
cascade_weight_multiplier=4.00000000000000022204e-01
cascade_activation_functions_count=10
cascade_activation_functions=3 5 7 8 10 11 14 15 16 17 
cascade_activation_steepnesses_count=4
cascade_activation_steepnesses=2.50000000000000000000e-01 5.00000000000000000000e-01 7.50000000000000000000e-01 1.00000000000000000000e+00 
layer_sizes=13 4 2 
scale_included=0
neurons (num_inputs, activation_function, activation_steepness)=(0, 0, 0.00000000000000000000e+00) (0, 0, 0.00000000000000000000e+00) (0, 0, 0.00000000000000000000e+00) (0, 0, 0.00000000000000000000e+00) (0, 0, 0.00000000000000000000e+00) (0, 0, 0.00000000000000000000e+00) (0, 0, 0.00000000000000000000e+00) (0, 0, 0.00000000000000000000e+00) (0, 0, 0.00000000000000000000e+00) (0, 0, 0.00000000000000000000e+00) (0, 0, 0.00000000000000000000e+00) (0, 0, 0.00000000000000000000e+00) (0, 0, 0.00000000000000000000e+00) (13, 6, 5.00000000000000000000e-01) (13, 6, 5.00000000000000000000e-01) (13, 6, 5.00000000000000000000e-01) (0, 6, 0.00000000000000000000e+00) (4, 4, 5.00000000000000000000e-01) (0, 4, 0.00000000000000000000e+00) 
connections (connected_to_neuron, weight)=(0, -6.60712744595957746085e-01) (1, 9.04666337033887879571e-01) (2, -1.37403090157934060223e-01) (3, 4.48923635724458092167e-01) (4, 1.08479718050882212310e+00) (5, 5.42349239914104774840e-01) (6, 8.07561290586912505773e-01) (7, 8.18271865255266073191e-01) (8, 8.34984819709398834453e-02) (9, 1.05673616421947746957e+00) (10, 4.54315719327346823064e-01) (11, -1.79851549226733326003e-01) (12, -6.14799934925986280021e-01) (0, -1.61147075703891262677e+00) (1, 1.94858938171785167626e+00) (2, -4.21295131273533796090e-01) (3, 5.55610216531436829079e-01) (4, 1.68609022627195948019e+00) (5, 6.46661392679290125685e-01) (6, 1.89779301291115620742e+00) (7, 1.93717661760762349665e+00) (8, -1.18147134592845402118e-02) (9, 1.70641882733629257629e+00) (10, 7.62231307822044512612e-01) (11, -5.66933814304744099211e-01) (12, -1.71947337126883015301e+00) (0, -1.80847660413960276138e-01) (1, 2.23437054408839597119e-01) (2, 5.98813514279492725700e-02) (3, 3.28635818076382701936e-01) (4, 3.16358948562247832559e-01) (5, 3.74019938255048978171e-01) (6, 3.25889156365118226599e-01) (7, 2.61769225753635703668e-01) (8, 1.61189083665781357491e-01) (9, 2.34674991290497930718e-01) (10, 5.29014267535673043952e-01) (11, 3.83835945829592156686e-02) (12, -1.42894708327034714035e-01) (13, 1.75572144733277646367e+00) (14, 3.66342010746004262955e+01) (15, 3.88869432066180964469e-01) (16, -1.65121591648610577252e+00) 
