FANN_FLO_2.1
num_layers=3
learning_rate=0.700000
connection_rate=1.000000
network_type=0
learning_momentum=0.000000
training_algorithm=2
train_error_function=1
train_stop_function=1
cascade_output_change_fraction=0.010000
quickprop_decay=-0.000100
quickprop_mu=1.750000
rprop_increase_factor=1.200000
rprop_decrease_factor=0.500000
rprop_delta_min=0.000000
rprop_delta_max=50.000000
rprop_delta_zero=0.100000
cascade_output_stagnation_epochs=12
cascade_candidate_change_fraction=0.010000
cascade_candidate_stagnation_epochs=12
cascade_max_out_epochs=150
cascade_min_out_epochs=50
cascade_max_cand_epochs=150
cascade_min_cand_epochs=50
cascade_num_candidate_groups=2
bit_fail_limit=1.00000000000000005551e-01
cascade_candidate_limit=1.00000000000000000000e+03
cascade_weight_multiplier=4.00000000000000022204e-01
cascade_activation_functions_count=10
cascade_activation_functions=3 5 7 8 10 11 14 15 16 17 
cascade_activation_steepnesses_count=4
cascade_activation_steepnesses=2.50000000000000000000e-01 5.00000000000000000000e-01 7.50000000000000000000e-01 1.00000000000000000000e+00 
layer_sizes=12 4 2 
scale_included=0
neurons (num_inputs, activation_function, activation_steepness)=(0, 0, 0.00000000000000000000e+00) (0, 0, 0.00000000000000000000e+00) (0, 0, 0.00000000000000000000e+00) (0, 0, 0.00000000000000000000e+00) (0, 0, 0.00000000000000000000e+00) (0, 0, 0.00000000000000000000e+00) (0, 0, 0.00000000000000000000e+00) (0, 0, 0.00000000000000000000e+00) (0, 0, 0.00000000000000000000e+00) (0, 0, 0.00000000000000000000e+00) (0, 0, 0.00000000000000000000e+00) (0, 0, 0.00000000000000000000e+00) (12, 6, 5.00000000000000000000e-01) (12, 6, 5.00000000000000000000e-01) (12, 6, 5.00000000000000000000e-01) (0, 6, 0.00000000000000000000e+00) (4, 4, 5.00000000000000000000e-01) (0, 4, 0.00000000000000000000e+00) 
connections (connected_to_neuron, weight)=(0, 6.14291764660811878684e+00) (1, -1.23655031594394526628e+00) (2, -7.01879818092151497311e-02) (3, -5.27966542453371726062e-02) (4, 1.00290831990770420989e-01) (5, 1.48476683693869876413e-01) (6, -2.08466438910369811222e-01) (7, -1.18750223057151349515e+00) (8, -3.97955054088648188526e-02) (9, -1.33394683850635420441e+00) (10, 6.67256010480830497045e-01) (11, 3.17816925117293702652e-01) (0, 1.98064806534252979553e+00) (1, -8.14054384055251656349e-01) (2, 2.59114448221690218954e-01) (3, 4.25842978301615437964e-01) (4, 3.16848881784052460731e-01) (5, 8.75878318022396684661e-02) (6, -1.88950439498877997835e+01) (7, -1.90261096836185927828e+01) (8, -1.79860483094100009893e+00) (9, -2.50445761742271244543e+01) (10, -1.47039057742970680209e+01) (11, 2.66515369384542522013e+00) (0, 6.04639521732068541127e+00) (1, -1.26080598774312790944e+00) (2, -5.92089976281722080165e-02) (3, -1.70040215463240634852e-02) (4, -5.01483868879753283410e-02) (5, 8.56813778255826469232e-03) (6, -2.77044698259238664217e-01) (7, -1.36500299753427989380e+00) (8, -1.67149472837071794151e-01) (9, -1.28212264625061833634e+00) (10, 6.70294695057580769415e-01) (11, 3.84127396711627711046e-01) (12, -6.37846387190780372833e+00) (13, -4.75308477244435145792e+00) (14, -6.38030816746911710879e+00) (15, -3.37049172957667275696e+00) 
