FANN_FLO_2.1
num_layers=3
learning_rate=0.700000
connection_rate=1.000000
network_type=0
learning_momentum=0.000000
training_algorithm=2
train_error_function=1
train_stop_function=1
cascade_output_change_fraction=0.010000
quickprop_decay=-0.000100
quickprop_mu=1.750000
rprop_increase_factor=1.200000
rprop_decrease_factor=0.500000
rprop_delta_min=0.000000
rprop_delta_max=50.000000
rprop_delta_zero=0.100000
cascade_output_stagnation_epochs=12
cascade_candidate_change_fraction=0.010000
cascade_candidate_stagnation_epochs=12
cascade_max_out_epochs=150
cascade_min_out_epochs=50
cascade_max_cand_epochs=150
cascade_min_cand_epochs=50
cascade_num_candidate_groups=2
bit_fail_limit=1.00000000000000005551e-01
cascade_candidate_limit=1.00000000000000000000e+03
cascade_weight_multiplier=4.00000000000000022204e-01
cascade_activation_functions_count=10
cascade_activation_functions=3 5 7 8 10 11 14 15 16 17 
cascade_activation_steepnesses_count=4
cascade_activation_steepnesses=2.50000000000000000000e-01 5.00000000000000000000e-01 7.50000000000000000000e-01 1.00000000000000000000e+00 
layer_sizes=8 4 2 
scale_included=0
neurons (num_inputs, activation_function, activation_steepness)=(0, 0, 0.00000000000000000000e+00) (0, 0, 0.00000000000000000000e+00) (0, 0, 0.00000000000000000000e+00) (0, 0, 0.00000000000000000000e+00) (0, 0, 0.00000000000000000000e+00) (0, 0, 0.00000000000000000000e+00) (0, 0, 0.00000000000000000000e+00) (0, 0, 0.00000000000000000000e+00) (8, 6, 5.00000000000000000000e-01) (8, 6, 5.00000000000000000000e-01) (8, 6, 5.00000000000000000000e-01) (0, 6, 0.00000000000000000000e+00) (4, 4, 5.00000000000000000000e-01) (0, 4, 0.00000000000000000000e+00) 
connections (connected_to_neuron, weight)=(0, -1.01869876822745930589e+00) (1, 1.39921336311964350507e+00) (2, 7.62849566692939462520e-01) (3, 1.30490124108792038271e+00) (4, 2.70765181931996012921e+00) (5, 1.45661326446169203663e+00) (6, 1.40700205912822906562e+00) (7, -2.37822864382490450907e+00) (0, -1.01156966528213154710e+00) (1, 1.44395645978399578269e+00) (2, 7.75667597705951172848e-01) (3, 1.27523521962166519472e+00) (4, 2.71132071617388392681e+00) (5, 1.42801339127653426075e+00) (6, 1.44823357558345211515e+00) (7, -2.67293636386580368836e+00) (0, -1.03269420704162251390e+00) (1, 1.44424265148588482077e+00) (2, 6.32245537217568376320e-01) (3, 1.41917837294340820620e+00) (4, 1.53183567512839569069e+00) (5, 1.47723220982187575245e+00) (6, 1.50563986863101506586e+00) (7, -2.03662251532630422801e+00) (8, 9.31318717400990436772e+00) (9, 1.55369884155134599268e+02) (10, 4.01215025643519052068e+00) (11, -1.83870686427843410549e+00) 
