FANN_FLO_2.1
num_layers=3
learning_rate=0.700000
connection_rate=1.000000
network_type=0
learning_momentum=0.000000
training_algorithm=2
train_error_function=1
train_stop_function=1
cascade_output_change_fraction=0.010000
quickprop_decay=-0.000100
quickprop_mu=1.750000
rprop_increase_factor=1.200000
rprop_decrease_factor=0.500000
rprop_delta_min=0.000000
rprop_delta_max=50.000000
rprop_delta_zero=0.100000
cascade_output_stagnation_epochs=12
cascade_candidate_change_fraction=0.010000
cascade_candidate_stagnation_epochs=12
cascade_max_out_epochs=150
cascade_min_out_epochs=50
cascade_max_cand_epochs=150
cascade_min_cand_epochs=50
cascade_num_candidate_groups=2
bit_fail_limit=1.00000000000000005551e-01
cascade_candidate_limit=1.00000000000000000000e+03
cascade_weight_multiplier=4.00000000000000022204e-01
cascade_activation_functions_count=10
cascade_activation_functions=3 5 7 8 10 11 14 15 16 17 
cascade_activation_steepnesses_count=4
cascade_activation_steepnesses=2.50000000000000000000e-01 5.00000000000000000000e-01 7.50000000000000000000e-01 1.00000000000000000000e+00 
layer_sizes=14 4 2 
scale_included=0
neurons (num_inputs, activation_function, activation_steepness)=(0, 0, 0.00000000000000000000e+00) (0, 0, 0.00000000000000000000e+00) (0, 0, 0.00000000000000000000e+00) (0, 0, 0.00000000000000000000e+00) (0, 0, 0.00000000000000000000e+00) (0, 0, 0.00000000000000000000e+00) (0, 0, 0.00000000000000000000e+00) (0, 0, 0.00000000000000000000e+00) (0, 0, 0.00000000000000000000e+00) (0, 0, 0.00000000000000000000e+00) (0, 0, 0.00000000000000000000e+00) (0, 0, 0.00000000000000000000e+00) (0, 0, 0.00000000000000000000e+00) (0, 0, 0.00000000000000000000e+00) (14, 6, 5.00000000000000000000e-01) (14, 6, 5.00000000000000000000e-01) (14, 6, 5.00000000000000000000e-01) (0, 6, 0.00000000000000000000e+00) (4, 4, 5.00000000000000000000e-01) (0, 4, 0.00000000000000000000e+00) 
connections (connected_to_neuron, weight)=(0, -2.07513943409362600079e+00) (1, 2.28801089933248924524e+00) (2, -1.91620357785539585649e+00) (3, -3.95793662686346414681e-01) (4, 2.88605446414169986014e+00) (5, -1.05140653283663620954e+00) (6, 2.29348341026694813038e+00) (7, 2.80428556186493604940e+00) (8, 2.32513236608570794672e+00) (9, 8.87649683125691812968e-01) (10, 1.60208681649029816008e+00) (11, 2.71400491295045280526e-02) (12, -3.76138581101045810229e+00) (13, -1.31044503362000885893e+00) (0, -1.02865537113175720130e+00) (1, 1.03985257141391973512e+00) (2, -1.10713409522910888327e+00) (3, 6.29018157498869162625e-02) (4, 1.14135276979381972140e+00) (5, -6.72347976844283601316e-02) (6, 1.01928601360181736446e+00) (7, 1.52319186424598673746e+00) (8, 9.95533868842676139543e-01) (9, 3.82762662061671143920e-01) (10, 7.40641959442942976466e-01) (11, 3.81470183852815447612e-01) (12, -5.58927709955039819789e-01) (13, -5.52815064681877244013e-01) (0, -1.05144847041592925940e+00) (1, 9.61026009843752304640e-01) (2, -1.04148242140551383628e+00) (3, 5.59803753869565906554e-02) (4, 1.23172988450701170748e+00) (5, -4.08121033589812776121e-02) (6, 1.07810494994977923433e+00) (7, 1.51675217842445353433e+00) (8, 1.00029725598628771444e+00) (9, 3.11911447831610677550e-01) (10, 2.43135757407908492667e-01) (11, 3.24354517284536181254e-01) (12, -6.75800731998110082444e-01) (13, -5.35098135365356553095e-01) (14, 3.22475827850419207721e+01) (15, 1.81202335534881853185e+00) (16, 3.10225188067877422071e+00) (17, -1.39212976976680580243e+00) 
