FANN_FLO_2.1
num_layers=3
learning_rate=0.700000
connection_rate=1.000000
network_type=0
learning_momentum=0.000000
training_algorithm=2
train_error_function=1
train_stop_function=1
cascade_output_change_fraction=0.010000
quickprop_decay=-0.000100
quickprop_mu=1.750000
rprop_increase_factor=1.200000
rprop_decrease_factor=0.500000
rprop_delta_min=0.000000
rprop_delta_max=50.000000
rprop_delta_zero=0.100000
cascade_output_stagnation_epochs=12
cascade_candidate_change_fraction=0.010000
cascade_candidate_stagnation_epochs=12
cascade_max_out_epochs=150
cascade_min_out_epochs=50
cascade_max_cand_epochs=150
cascade_min_cand_epochs=50
cascade_num_candidate_groups=2
bit_fail_limit=1.00000000000000005551e-01
cascade_candidate_limit=1.00000000000000000000e+03
cascade_weight_multiplier=4.00000000000000022204e-01
cascade_activation_functions_count=10
cascade_activation_functions=3 5 7 8 10 11 14 15 16 17 
cascade_activation_steepnesses_count=4
cascade_activation_steepnesses=2.50000000000000000000e-01 5.00000000000000000000e-01 7.50000000000000000000e-01 1.00000000000000000000e+00 
layer_sizes=9 4 2 
scale_included=0
neurons (num_inputs, activation_function, activation_steepness)=(0, 0, 0.00000000000000000000e+00) (0, 0, 0.00000000000000000000e+00) (0, 0, 0.00000000000000000000e+00) (0, 0, 0.00000000000000000000e+00) (0, 0, 0.00000000000000000000e+00) (0, 0, 0.00000000000000000000e+00) (0, 0, 0.00000000000000000000e+00) (0, 0, 0.00000000000000000000e+00) (0, 0, 0.00000000000000000000e+00) (9, 6, 5.00000000000000000000e-01) (9, 6, 5.00000000000000000000e-01) (9, 6, 5.00000000000000000000e-01) (0, 6, 0.00000000000000000000e+00) (4, 4, 5.00000000000000000000e-01) (0, 4, 0.00000000000000000000e+00) 
connections (connected_to_neuron, weight)=(0, 5.63566339217788403460e+00) (1, -4.78889071697100199287e+00) (2, -1.70784820358127564788e+00) (3, -1.50683307736141758326e+00) (4, -4.92718897525569521356e-01) (5, -1.03062864620392366510e-01) (6, -1.09443217178544882628e+00) (7, 1.83846358893538419643e+00) (8, 4.39603361206689857710e+00) (0, -1.25698790740282184686e+00) (1, -1.42948304975873213829e-01) (2, 8.30487135927263153690e+00) (3, 2.52866337376551619798e+00) (4, 3.40196987916733584179e-01) (5, -3.50888590244129883189e-01) (6, -3.37275183675364242930e-01) (7, -1.11502024334060756416e+00) (8, -1.31091690849573261346e+00) (0, 3.63349303359852582318e+00) (1, -4.80926320457562006538e+00) (2, -1.91487864238013205664e+00) (3, -9.54305778760325185139e-01) (4, 2.50379531739083338593e-01) (5, -7.72341436915404688790e-01) (6, -6.86247202776677500680e-01) (7, 1.70360228375213584862e+00) (8, 4.76094631154416880747e+00) (9, -2.72424022644974295204e+00) (10, 2.54572552923127881641e+00) (11, -2.78751589894510853895e+00) (12, -1.36663293879539615716e+00) 
