FANN_FLO_2.1
num_layers=3
learning_rate=0.700000
connection_rate=1.000000
network_type=0
learning_momentum=0.000000
training_algorithm=2
train_error_function=1
train_stop_function=1
cascade_output_change_fraction=0.010000
quickprop_decay=-0.000100
quickprop_mu=1.750000
rprop_increase_factor=1.200000
rprop_decrease_factor=0.500000
rprop_delta_min=0.000000
rprop_delta_max=50.000000
rprop_delta_zero=0.100000
cascade_output_stagnation_epochs=12
cascade_candidate_change_fraction=0.010000
cascade_candidate_stagnation_epochs=12
cascade_max_out_epochs=150
cascade_min_out_epochs=50
cascade_max_cand_epochs=150
cascade_min_cand_epochs=50
cascade_num_candidate_groups=2
bit_fail_limit=1.00000000000000005551e-01
cascade_candidate_limit=1.00000000000000000000e+03
cascade_weight_multiplier=4.00000000000000022204e-01
cascade_activation_functions_count=10
cascade_activation_functions=3 5 7 8 10 11 14 15 16 17 
cascade_activation_steepnesses_count=4
cascade_activation_steepnesses=2.50000000000000000000e-01 5.00000000000000000000e-01 7.50000000000000000000e-01 1.00000000000000000000e+00 
layer_sizes=16 4 2 
scale_included=0
neurons (num_inputs, activation_function, activation_steepness)=(0, 0, 0.00000000000000000000e+00) (0, 0, 0.00000000000000000000e+00) (0, 0, 0.00000000000000000000e+00) (0, 0, 0.00000000000000000000e+00) (0, 0, 0.00000000000000000000e+00) (0, 0, 0.00000000000000000000e+00) (0, 0, 0.00000000000000000000e+00) (0, 0, 0.00000000000000000000e+00) (0, 0, 0.00000000000000000000e+00) (0, 0, 0.00000000000000000000e+00) (0, 0, 0.00000000000000000000e+00) (0, 0, 0.00000000000000000000e+00) (0, 0, 0.00000000000000000000e+00) (0, 0, 0.00000000000000000000e+00) (0, 0, 0.00000000000000000000e+00) (0, 0, 0.00000000000000000000e+00) (16, 6, 5.00000000000000000000e-01) (16, 6, 5.00000000000000000000e-01) (16, 6, 5.00000000000000000000e-01) (0, 6, 0.00000000000000000000e+00) (4, 4, 5.00000000000000000000e-01) (0, 4, 0.00000000000000000000e+00) 
connections (connected_to_neuron, weight)=(0, 1.41373465233871370428e-01) (1, -1.02010878985093311755e+00) (2, -5.53409399154246472996e-01) (3, 2.38832950303315083573e+00) (4, 1.04898566728865483277e+00) (5, 1.98299572589567696390e+00) (6, 1.87936715754440797355e+00) (7, -4.18921612456077285813e-01) (8, 3.90893032578794707987e+00) (9, 1.46233028319108715465e+00) (10, 1.83621732863358055887e+00) (11, 1.31976849104610827190e+00) (12, 7.19773624360089625540e-01) (13, 7.81216185807710128408e-01) (14, 2.40481218855265188594e+00) (15, 3.85859063534296331532e-01) (0, -1.06005055719851901119e-01) (1, 1.31818136293999810249e+00) (2, 1.64786420558886526067e+00) (3, 1.96160336406086273087e+01) (4, 1.56987990793739884410e+00) (5, -3.66763457441764528788e-01) (6, -5.11241031626706199376e-01) (7, 1.78724493496636105405e+00) (8, -1.49163357279183528270e+00) (9, 4.18687322351877888593e-01) (10, -1.21689873818929816807e-02) (11, 5.07996484505598866477e-01) (12, 1.26219233793869767268e+00) (13, 5.63671101630048410058e-01) (14, -9.66920522703199614156e-02) (15, -9.83455661471997588663e-01) (0, 7.99317518115245373433e-02) (1, 7.92650352257267876155e-01) (2, 6.77507211787694019201e-01) (3, 8.15670754049901169935e+00) (4, 7.46777733530982645860e-01) (5, -2.48435739175396630429e-02) (6, -1.74175113786848134723e-01) (7, 7.31535604842525222224e-01) (8, -5.03686980571852904731e-01) (9, 1.67846527064851258615e-01) (10, 2.37685418060254116668e-01) (11, 3.42501007896319487056e-01) (12, 3.97801090758763797872e-01) (13, 3.86451710742436782553e-01) (14, -6.37974883466163600332e-03) (15, -1.13795702805632323318e-01) (16, -1.18118932260280384838e+01) (17, 1.59917323065677319249e+01) (18, 1.60646369844860492648e+00) (19, -1.63564198184453157836e+00) 
