FANN_FLO_2.1
num_layers=3
learning_rate=0.700000
connection_rate=1.000000
network_type=0
learning_momentum=0.000000
training_algorithm=2
train_error_function=1
train_stop_function=1
cascade_output_change_fraction=0.010000
quickprop_decay=-0.000100
quickprop_mu=1.750000
rprop_increase_factor=1.200000
rprop_decrease_factor=0.500000
rprop_delta_min=0.000000
rprop_delta_max=50.000000
rprop_delta_zero=0.100000
cascade_output_stagnation_epochs=12
cascade_candidate_change_fraction=0.010000
cascade_candidate_stagnation_epochs=12
cascade_max_out_epochs=150
cascade_min_out_epochs=50
cascade_max_cand_epochs=150
cascade_min_cand_epochs=50
cascade_num_candidate_groups=2
bit_fail_limit=1.00000000000000005551e-01
cascade_candidate_limit=1.00000000000000000000e+03
cascade_weight_multiplier=4.00000000000000022204e-01
cascade_activation_functions_count=10
cascade_activation_functions=3 5 7 8 10 11 14 15 16 17 
cascade_activation_steepnesses_count=4
cascade_activation_steepnesses=2.50000000000000000000e-01 5.00000000000000000000e-01 7.50000000000000000000e-01 1.00000000000000000000e+00 
layer_sizes=15 4 2 
scale_included=0
neurons (num_inputs, activation_function, activation_steepness)=(0, 0, 0.00000000000000000000e+00) (0, 0, 0.00000000000000000000e+00) (0, 0, 0.00000000000000000000e+00) (0, 0, 0.00000000000000000000e+00) (0, 0, 0.00000000000000000000e+00) (0, 0, 0.00000000000000000000e+00) (0, 0, 0.00000000000000000000e+00) (0, 0, 0.00000000000000000000e+00) (0, 0, 0.00000000000000000000e+00) (0, 0, 0.00000000000000000000e+00) (0, 0, 0.00000000000000000000e+00) (0, 0, 0.00000000000000000000e+00) (0, 0, 0.00000000000000000000e+00) (0, 0, 0.00000000000000000000e+00) (0, 0, 0.00000000000000000000e+00) (15, 6, 5.00000000000000000000e-01) (15, 6, 5.00000000000000000000e-01) (15, 6, 5.00000000000000000000e-01) (0, 6, 0.00000000000000000000e+00) (4, 4, 5.00000000000000000000e-01) (0, 4, 0.00000000000000000000e+00) 
connections (connected_to_neuron, weight)=(0, 6.71793517791936523054e-01) (1, 1.25160544124712780345e+00) (2, 1.32309406483720692904e-01) (3, -3.31703150554266634753e-01) (4, -1.23461043351562382853e+00) (5, -4.43259896350720827840e-01) (6, -5.60382234209399254787e-01) (7, -7.66417441089762396800e-01) (8, -8.81445315285109137760e-02) (9, 1.04041304485194685547e+00) (10, 2.74106509200381154301e-01) (11, -1.72598260229198774418e-01) (12, -5.94969980130744313662e-01) (13, -1.72851239634521225419e+00) (14, -3.13015358013629618750e-01) (0, -1.63394200485117258026e+00) (1, -1.43500201504055846513e+00) (2, 5.96106562952574581260e-01) (3, 9.89822519726340388502e-01) (4, 1.21376256878289900953e+00) (5, 9.35837605285631535246e-01) (6, 1.14960249150806936846e+00) (7, 2.99940323725991753179e+00) (8, 9.14427931257857262715e-01) (9, -1.57127648420876986357e+00) (10, 2.60921484201138531578e-01) (11, 6.23799651474023719722e-01) (12, 1.91426454147915392490e+00) (13, 1.83585408042979914001e+00) (14, 1.32126922987988404401e+00) (0, 9.98528746614757212186e-01) (1, 2.06361511380144557748e+00) (2, -1.11644933229267648289e-01) (3, -6.91766878202853319202e-01) (4, -2.52524303255364657161e+00) (5, -1.21897287415494459673e+00) (6, -1.20258022593488234087e+00) (7, -1.85561947686507822119e+00) (8, -4.74240642175976445660e-01) (9, 2.19750399657570572032e+00) (10, 9.17170222477959873331e-02) (11, -2.75573886484624219761e-01) (12, -1.16590679463322666187e+00) (13, -1.18203049592003739399e+00) (14, -7.11037524279097721269e-01) (15, 1.10269424983101469451e+01) (16, -6.12572635691981659534e+00) (17, 9.50960870147123671359e+00) (18, -9.08769714210973300617e-01) 
