FANN_FLO_2.1
num_layers=3
learning_rate=0.700000
connection_rate=1.000000
network_type=0
learning_momentum=0.000000
training_algorithm=2
train_error_function=1
train_stop_function=1
cascade_output_change_fraction=0.010000
quickprop_decay=-0.000100
quickprop_mu=1.750000
rprop_increase_factor=1.200000
rprop_decrease_factor=0.500000
rprop_delta_min=0.000000
rprop_delta_max=50.000000
rprop_delta_zero=0.100000
cascade_output_stagnation_epochs=12
cascade_candidate_change_fraction=0.010000
cascade_candidate_stagnation_epochs=12
cascade_max_out_epochs=150
cascade_min_out_epochs=50
cascade_max_cand_epochs=150
cascade_min_cand_epochs=50
cascade_num_candidate_groups=2
bit_fail_limit=1.00000000000000005551e-01
cascade_candidate_limit=1.00000000000000000000e+03
cascade_weight_multiplier=4.00000000000000022204e-01
cascade_activation_functions_count=10
cascade_activation_functions=3 5 7 8 10 11 14 15 16 17 
cascade_activation_steepnesses_count=4
cascade_activation_steepnesses=2.50000000000000000000e-01 5.00000000000000000000e-01 7.50000000000000000000e-01 1.00000000000000000000e+00 
layer_sizes=13 4 2 
scale_included=0
neurons (num_inputs, activation_function, activation_steepness)=(0, 0, 0.00000000000000000000e+00) (0, 0, 0.00000000000000000000e+00) (0, 0, 0.00000000000000000000e+00) (0, 0, 0.00000000000000000000e+00) (0, 0, 0.00000000000000000000e+00) (0, 0, 0.00000000000000000000e+00) (0, 0, 0.00000000000000000000e+00) (0, 0, 0.00000000000000000000e+00) (0, 0, 0.00000000000000000000e+00) (0, 0, 0.00000000000000000000e+00) (0, 0, 0.00000000000000000000e+00) (0, 0, 0.00000000000000000000e+00) (0, 0, 0.00000000000000000000e+00) (13, 6, 5.00000000000000000000e-01) (13, 6, 5.00000000000000000000e-01) (13, 6, 5.00000000000000000000e-01) (0, 6, 0.00000000000000000000e+00) (4, 4, 5.00000000000000000000e-01) (0, 4, 0.00000000000000000000e+00) 
connections (connected_to_neuron, weight)=(0, -1.70905995902752017024e+00) (1, 2.18185830316305562349e+00) (2, 1.07123231459813350597e+00) (3, 4.51463464993408702952e+00) (4, -1.11417686484482025833e+00) (5, 8.25354725805580002884e-01) (6, 4.23979813904554614368e+00) (7, 8.90888698784004895437e-01) (8, -5.30366795041324445847e-01) (9, -2.54366693584565073394e+00) (10, 1.38690823011307551305e+00) (11, -3.51225798738872829752e-01) (12, -1.72450002411824709903e+00) (0, -3.48185641688124936088e-01) (1, -8.13998488582267532010e-01) (2, 7.35346385149779457890e+00) (3, 8.27564619439080217944e+00) (4, -4.58343551501167734141e-02) (5, 9.28387508750042167449e-01) (6, 2.31043342197735057653e+00) (7, 1.50282704343216194642e-01) (8, 1.73326300105898944981e-01) (9, -1.12667251064489537526e+00) (10, 1.45042989428981083933e-01) (11, 1.22419796118872659108e+00) (12, -2.77245239207163263195e-01) (0, 1.79046180214810735087e+00) (1, -3.45186128667253377955e+00) (2, -1.21392412965501939048e+00) (3, -2.84339907034118821727e+00) (4, 1.11307114975093179865e+00) (5, -3.36197728378099647273e+00) (6, -4.82575001986135987408e+00) (7, -2.68926964120265754588e+00) (8, -8.17699733895558833474e-01) (9, 3.53137498367536029065e+00) (10, -4.20709960314694519923e+00) (11, 6.27034323892819100976e-01) (12, 4.48662258262227631178e+00) (13, 5.20367796776746072140e+00) (14, 8.57759154465442708037e-01) (15, -1.27010223582685064514e+01) (16, -1.98701562770856887674e+00) 
