FANN_FLO_2.1
num_layers=3
learning_rate=0.700000
connection_rate=1.000000
network_type=0
learning_momentum=0.000000
training_algorithm=2
train_error_function=1
train_stop_function=1
cascade_output_change_fraction=0.010000
quickprop_decay=-0.000100
quickprop_mu=1.750000
rprop_increase_factor=1.200000
rprop_decrease_factor=0.500000
rprop_delta_min=0.000000
rprop_delta_max=50.000000
rprop_delta_zero=0.100000
cascade_output_stagnation_epochs=12
cascade_candidate_change_fraction=0.010000
cascade_candidate_stagnation_epochs=12
cascade_max_out_epochs=150
cascade_min_out_epochs=50
cascade_max_cand_epochs=150
cascade_min_cand_epochs=50
cascade_num_candidate_groups=2
bit_fail_limit=1.00000000000000005551e-01
cascade_candidate_limit=1.00000000000000000000e+03
cascade_weight_multiplier=4.00000000000000022204e-01
cascade_activation_functions_count=10
cascade_activation_functions=3 5 7 8 10 11 14 15 16 17 
cascade_activation_steepnesses_count=4
cascade_activation_steepnesses=2.50000000000000000000e-01 5.00000000000000000000e-01 7.50000000000000000000e-01 1.00000000000000000000e+00 
layer_sizes=10 4 2 
scale_included=0
neurons (num_inputs, activation_function, activation_steepness)=(0, 0, 0.00000000000000000000e+00) (0, 0, 0.00000000000000000000e+00) (0, 0, 0.00000000000000000000e+00) (0, 0, 0.00000000000000000000e+00) (0, 0, 0.00000000000000000000e+00) (0, 0, 0.00000000000000000000e+00) (0, 0, 0.00000000000000000000e+00) (0, 0, 0.00000000000000000000e+00) (0, 0, 0.00000000000000000000e+00) (0, 0, 0.00000000000000000000e+00) (10, 6, 5.00000000000000000000e-01) (10, 6, 5.00000000000000000000e-01) (10, 6, 5.00000000000000000000e-01) (0, 6, 0.00000000000000000000e+00) (4, 4, 5.00000000000000000000e-01) (0, 4, 0.00000000000000000000e+00) 
connections (connected_to_neuron, weight)=(0, -1.13752610430914002926e+00) (1, 2.70397688641069189330e+00) (2, 6.23649559087990579265e-01) (3, -9.51484088424909502102e-01) (4, 3.55196535195118678896e-01) (5, -3.62545359782328713294e-01) (6, 5.81575516265930847482e-01) (7, 1.52743312626335114857e-01) (8, -1.35143632704725580318e+00) (9, -1.41387161819909468186e+00) (0, -1.73662844208290567671e+00) (1, 2.74750524951932684203e+00) (2, 2.80205523458131100512e-01) (3, -1.05988322627948550192e+00) (4, 2.91989370304100381848e-01) (5, 4.25098773400336249484e-01) (6, 2.63645808456588637281e-01) (7, 3.84221230672291136354e-01) (8, -8.44684989573828093334e-01) (9, -1.71237321106007089888e+00) (0, 1.20683787192202895966e+00) (1, 7.03976597260517866772e-01) (2, -1.35925109023383861029e+01) (3, 5.60326942390310667186e-01) (4, -1.97369481397786816768e-01) (5, 1.14561730322628885226e+00) (6, -1.41530787138617384358e+01) (7, -4.24013761795507482244e-01) (8, 6.71268141541122909111e-01) (9, 1.09468643541432708588e+00) (10, 2.70697175457683281152e+00) (11, 2.67957261696067527978e+00) (12, -4.10109011616679719481e+00) (13, -3.40782830600991371028e+00) 
