FANN_FLO_2.1
num_layers=3
learning_rate=0.700000
connection_rate=1.000000
network_type=0
learning_momentum=0.000000
training_algorithm=2
train_error_function=1
train_stop_function=1
cascade_output_change_fraction=0.010000
quickprop_decay=-0.000100
quickprop_mu=1.750000
rprop_increase_factor=1.200000
rprop_decrease_factor=0.500000
rprop_delta_min=0.000000
rprop_delta_max=50.000000
rprop_delta_zero=0.100000
cascade_output_stagnation_epochs=12
cascade_candidate_change_fraction=0.010000
cascade_candidate_stagnation_epochs=12
cascade_max_out_epochs=150
cascade_min_out_epochs=50
cascade_max_cand_epochs=150
cascade_min_cand_epochs=50
cascade_num_candidate_groups=2
bit_fail_limit=1.00000000000000005551e-01
cascade_candidate_limit=1.00000000000000000000e+03
cascade_weight_multiplier=4.00000000000000022204e-01
cascade_activation_functions_count=10
cascade_activation_functions=3 5 7 8 10 11 14 15 16 17 
cascade_activation_steepnesses_count=4
cascade_activation_steepnesses=2.50000000000000000000e-01 5.00000000000000000000e-01 7.50000000000000000000e-01 1.00000000000000000000e+00 
layer_sizes=10 4 2 
scale_included=0
neurons (num_inputs, activation_function, activation_steepness)=(0, 0, 0.00000000000000000000e+00) (0, 0, 0.00000000000000000000e+00) (0, 0, 0.00000000000000000000e+00) (0, 0, 0.00000000000000000000e+00) (0, 0, 0.00000000000000000000e+00) (0, 0, 0.00000000000000000000e+00) (0, 0, 0.00000000000000000000e+00) (0, 0, 0.00000000000000000000e+00) (0, 0, 0.00000000000000000000e+00) (0, 0, 0.00000000000000000000e+00) (10, 6, 5.00000000000000000000e-01) (10, 6, 5.00000000000000000000e-01) (10, 6, 5.00000000000000000000e-01) (0, 6, 0.00000000000000000000e+00) (4, 4, 5.00000000000000000000e-01) (0, 4, 0.00000000000000000000e+00) 
connections (connected_to_neuron, weight)=(0, 5.14964741509074208636e+00) (1, -1.37111071920021139192e+01) (2, -5.72144818969537105602e+00) (3, -7.22322255985946970469e+00) (4, 1.34434022672279773758e+00) (5, 2.35543381127492956750e-01) (6, 3.38647016307368389221e+01) (7, 8.56156508136280858245e-01) (8, -1.17388430849874065842e+01) (9, 5.30807494370249077775e+00) (0, -2.12599488854322959952e+00) (1, 1.36837602521678403100e+00) (2, 3.69856389197540114111e+00) (3, 3.62481484459863656511e+00) (4, -1.05164477836636049979e+00) (5, 6.77531193176872381656e-01) (6, -5.37848895702390450424e+00) (7, 2.70240274517204337457e+00) (8, 1.85193919276887375425e+00) (9, -3.88233914747901476261e+00) (0, -1.01939501219541184263e+00) (1, 3.19110341774681405269e+00) (2, 3.19980328829157434356e+00) (3, 3.72300761858035755836e+00) (4, -4.65795039253522114020e-01) (5, 1.79360577320498459919e+00) (6, -2.99706156551027680379e+00) (7, 2.32292607758025804188e+00) (8, 1.75302243120931411369e+00) (9, -4.88568215376295977848e+00) (10, -5.09091924142268448250e-01) (11, 4.18959090960335878151e+00) (12, 1.69132202778936324705e+01) (13, -8.95322187724390428087e-01) 
