FANN_FLO_2.1
num_layers=3
learning_rate=0.700000
connection_rate=1.000000
network_type=0
learning_momentum=0.000000
training_algorithm=2
train_error_function=1
train_stop_function=1
cascade_output_change_fraction=0.010000
quickprop_decay=-0.000100
quickprop_mu=1.750000
rprop_increase_factor=1.200000
rprop_decrease_factor=0.500000
rprop_delta_min=0.000000
rprop_delta_max=50.000000
rprop_delta_zero=0.100000
cascade_output_stagnation_epochs=12
cascade_candidate_change_fraction=0.010000
cascade_candidate_stagnation_epochs=12
cascade_max_out_epochs=150
cascade_min_out_epochs=50
cascade_max_cand_epochs=150
cascade_min_cand_epochs=50
cascade_num_candidate_groups=2
bit_fail_limit=1.00000000000000005551e-01
cascade_candidate_limit=1.00000000000000000000e+03
cascade_weight_multiplier=4.00000000000000022204e-01
cascade_activation_functions_count=10
cascade_activation_functions=3 5 7 8 10 11 14 15 16 17 
cascade_activation_steepnesses_count=4
cascade_activation_steepnesses=2.50000000000000000000e-01 5.00000000000000000000e-01 7.50000000000000000000e-01 1.00000000000000000000e+00 
layer_sizes=8 4 2 
scale_included=0
neurons (num_inputs, activation_function, activation_steepness)=(0, 0, 0.00000000000000000000e+00) (0, 0, 0.00000000000000000000e+00) (0, 0, 0.00000000000000000000e+00) (0, 0, 0.00000000000000000000e+00) (0, 0, 0.00000000000000000000e+00) (0, 0, 0.00000000000000000000e+00) (0, 0, 0.00000000000000000000e+00) (0, 0, 0.00000000000000000000e+00) (8, 6, 5.00000000000000000000e-01) (8, 6, 5.00000000000000000000e-01) (8, 6, 5.00000000000000000000e-01) (0, 6, 0.00000000000000000000e+00) (4, 4, 5.00000000000000000000e-01) (0, 4, 0.00000000000000000000e+00) 
connections (connected_to_neuron, weight)=(0, 1.92366754505638049011e+00) (1, -5.32638947168182497194e+00) (2, 1.03786591103174494211e-01) (3, 2.00703906509879992370e+00) (4, 4.33858310060606877645e-01) (5, 4.04443477468596379598e-01) (6, 4.88752243297205846151e-01) (7, 2.52489558458795793072e+00) (0, 7.59248055809245564474e-02) (1, 6.43194079458403678018e-01) (2, 5.93919908135819851758e-01) (3, 4.29302268889298482835e-02) (4, 1.25178409979627230930e-01) (5, 1.14243058727071397640e-01) (6, 1.04568181798741929867e-01) (7, 2.03796859147342690477e-03) (0, -5.53191355704005127691e-01) (1, 3.19301550385854682190e+00) (2, 5.63261749170374526052e-01) (3, -2.18828832240889670224e-01) (4, 4.63283073042142570785e-03) (5, -4.75395618763138072538e-02) (6, -5.60437876846087146276e-03) (7, -6.25533274649317738714e-01) (8, -5.93022662186306259713e+00) (9, 4.78581916327165124425e-01) (10, 2.11096710026341671806e+00) (11, -1.46528584254783900143e+00) 
