FANN_FLO_2.1
num_layers=3
learning_rate=0.700000
connection_rate=1.000000
network_type=0
learning_momentum=0.000000
training_algorithm=2
train_error_function=1
train_stop_function=1
cascade_output_change_fraction=0.010000
quickprop_decay=-0.000100
quickprop_mu=1.750000
rprop_increase_factor=1.200000
rprop_decrease_factor=0.500000
rprop_delta_min=0.000000
rprop_delta_max=50.000000
rprop_delta_zero=0.100000
cascade_output_stagnation_epochs=12
cascade_candidate_change_fraction=0.010000
cascade_candidate_stagnation_epochs=12
cascade_max_out_epochs=150
cascade_min_out_epochs=50
cascade_max_cand_epochs=150
cascade_min_cand_epochs=50
cascade_num_candidate_groups=2
bit_fail_limit=1.00000000000000005551e-01
cascade_candidate_limit=1.00000000000000000000e+03
cascade_weight_multiplier=4.00000000000000022204e-01
cascade_activation_functions_count=10
cascade_activation_functions=3 5 7 8 10 11 14 15 16 17 
cascade_activation_steepnesses_count=4
cascade_activation_steepnesses=2.50000000000000000000e-01 5.00000000000000000000e-01 7.50000000000000000000e-01 1.00000000000000000000e+00 
layer_sizes=6 4 2 
scale_included=0
neurons (num_inputs, activation_function, activation_steepness)=(0, 0, 0.00000000000000000000e+00) (0, 0, 0.00000000000000000000e+00) (0, 0, 0.00000000000000000000e+00) (0, 0, 0.00000000000000000000e+00) (0, 0, 0.00000000000000000000e+00) (0, 0, 0.00000000000000000000e+00) (6, 6, 5.00000000000000000000e-01) (6, 6, 5.00000000000000000000e-01) (6, 6, 5.00000000000000000000e-01) (0, 6, 0.00000000000000000000e+00) (4, 4, 5.00000000000000000000e-01) (0, 4, 0.00000000000000000000e+00) 
connections (connected_to_neuron, weight)=(0, 2.27838823998447770336e+00) (1, 1.80032066606519380869e+00) (2, -5.93770625287210959686e-02) (3, 1.81424249671588821986e-01) (4, 1.50000000000000000000e+03) (5, -2.29925594898606577843e+00) (0, -5.46448500542505577471e+00) (1, -2.36486507747058016804e+00) (2, 1.56692577528683663068e+00) (3, 8.09674651174740134252e-01) (4, 9.20195600580937366431e+02) (5, 2.94314250686892409092e+00) (0, -4.68697384101273772927e+00) (1, -2.44232966728723610572e+00) (2, 2.92182735245322344753e+00) (3, 1.51310774716164719855e+00) (4, 9.20189853396779994910e+02) (5, 2.03932028331503811813e+00) (6, 1.01477644138091307013e+02) (7, -4.47607408882079838008e+00) (8, -1.68452479369382213115e+00) (9, -6.35697864299842096969e-01) 
