FANN_FLO_2.1
num_layers=3
learning_rate=0.700000
connection_rate=1.000000
network_type=0
learning_momentum=0.000000
training_algorithm=2
train_error_function=1
train_stop_function=1
cascade_output_change_fraction=0.010000
quickprop_decay=-0.000100
quickprop_mu=1.750000
rprop_increase_factor=1.200000
rprop_decrease_factor=0.500000
rprop_delta_min=0.000000
rprop_delta_max=50.000000
rprop_delta_zero=0.100000
cascade_output_stagnation_epochs=12
cascade_candidate_change_fraction=0.010000
cascade_candidate_stagnation_epochs=12
cascade_max_out_epochs=150
cascade_min_out_epochs=50
cascade_max_cand_epochs=150
cascade_min_cand_epochs=50
cascade_num_candidate_groups=2
bit_fail_limit=1.00000000000000005551e-01
cascade_candidate_limit=1.00000000000000000000e+03
cascade_weight_multiplier=4.00000000000000022204e-01
cascade_activation_functions_count=10
cascade_activation_functions=3 5 7 8 10 11 14 15 16 17 
cascade_activation_steepnesses_count=4
cascade_activation_steepnesses=2.50000000000000000000e-01 5.00000000000000000000e-01 7.50000000000000000000e-01 1.00000000000000000000e+00 
layer_sizes=6 4 2 
scale_included=0
neurons (num_inputs, activation_function, activation_steepness)=(0, 0, 0.00000000000000000000e+00) (0, 0, 0.00000000000000000000e+00) (0, 0, 0.00000000000000000000e+00) (0, 0, 0.00000000000000000000e+00) (0, 0, 0.00000000000000000000e+00) (0, 0, 0.00000000000000000000e+00) (6, 6, 5.00000000000000000000e-01) (6, 6, 5.00000000000000000000e-01) (6, 6, 5.00000000000000000000e-01) (0, 6, 0.00000000000000000000e+00) (4, 4, 5.00000000000000000000e-01) (0, 4, 0.00000000000000000000e+00) 
connections (connected_to_neuron, weight)=(0, 1.14865220602452167142e+00) (1, 7.38791728622143151206e-01) (2, 1.48362798761075111997e+01) (3, 1.32750194010310962334e+00) (4, 1.43086011756033504305e+00) (5, -1.74453733942886923813e+00) (0, 2.68677333015836978802e+01) (1, 1.24219284801701301824e-01) (2, 8.84498949277163148963e+00) (3, 1.94660599971872416702e+00) (4, 1.52406410173635875616e+00) (5, -4.08618908686270021491e+00) (0, 8.24641784179086290152e-01) (1, 1.57839659360905382179e+00) (2, -4.41382670125558007612e+00) (3, 1.13264298380138273004e+00) (4, 1.06203186825028050855e+00) (5, -4.79129365063344136999e-01) (6, 2.54695597598181748822e+01) (7, 6.82589691895272299149e+00) (8, 2.89874303508729838086e+01) (9, -7.85083472662261083741e+00) 
