FANN_FLO_2.1
num_layers=3
learning_rate=0.700000
connection_rate=1.000000
network_type=0
learning_momentum=0.000000
training_algorithm=2
train_error_function=1
train_stop_function=1
cascade_output_change_fraction=0.010000
quickprop_decay=-0.000100
quickprop_mu=1.750000
rprop_increase_factor=1.200000
rprop_decrease_factor=0.500000
rprop_delta_min=0.000000
rprop_delta_max=50.000000
rprop_delta_zero=0.100000
cascade_output_stagnation_epochs=12
cascade_candidate_change_fraction=0.010000
cascade_candidate_stagnation_epochs=12
cascade_max_out_epochs=150
cascade_min_out_epochs=50
cascade_max_cand_epochs=150
cascade_min_cand_epochs=50
cascade_num_candidate_groups=2
bit_fail_limit=1.00000000000000005551e-01
cascade_candidate_limit=1.00000000000000000000e+03
cascade_weight_multiplier=4.00000000000000022204e-01
cascade_activation_functions_count=10
cascade_activation_functions=3 5 7 8 10 11 14 15 16 17 
cascade_activation_steepnesses_count=4
cascade_activation_steepnesses=2.50000000000000000000e-01 5.00000000000000000000e-01 7.50000000000000000000e-01 1.00000000000000000000e+00 
layer_sizes=14 4 2 
scale_included=0
neurons (num_inputs, activation_function, activation_steepness)=(0, 0, 0.00000000000000000000e+00) (0, 0, 0.00000000000000000000e+00) (0, 0, 0.00000000000000000000e+00) (0, 0, 0.00000000000000000000e+00) (0, 0, 0.00000000000000000000e+00) (0, 0, 0.00000000000000000000e+00) (0, 0, 0.00000000000000000000e+00) (0, 0, 0.00000000000000000000e+00) (0, 0, 0.00000000000000000000e+00) (0, 0, 0.00000000000000000000e+00) (0, 0, 0.00000000000000000000e+00) (0, 0, 0.00000000000000000000e+00) (0, 0, 0.00000000000000000000e+00) (0, 0, 0.00000000000000000000e+00) (14, 6, 5.00000000000000000000e-01) (14, 6, 5.00000000000000000000e-01) (14, 6, 5.00000000000000000000e-01) (0, 6, 0.00000000000000000000e+00) (4, 4, 5.00000000000000000000e-01) (0, 4, 0.00000000000000000000e+00) 
connections (connected_to_neuron, weight)=(0, 1.31179089134258131111e+00) (1, -4.56439238790042001170e+00) (2, -1.33236701704560922543e+00) (3, 2.19439023960949519676e+00) (4, -4.84063856262595493263e+00) (5, -1.45890711834957942372e+00) (6, -1.90292958602634931786e+00) (7, -3.52770488516270752655e+00) (8, 1.34228769640967948718e+00) (9, -5.86318054023547130527e+00) (10, 1.20185205272405881693e+00) (11, 8.06079572486173390189e+00) (12, 4.94546320883581547179e+00) (13, 5.12085654675537860214e+00) (0, -6.92427782148131609752e-01) (1, 1.31804808506468296159e+00) (2, 3.59345835700119187184e-02) (3, 1.78786925072127611536e+00) (4, 2.80848163116566185149e-01) (5, 2.24072071126487282200e+00) (6, 1.74437486185429180274e+00) (7, 1.17328177295925439871e+00) (8, -4.28198315231927861824e-01) (9, 5.11696072022259418333e-01) (10, 2.08056732066111171875e+00) (11, 1.30554774921602212423e+00) (12, -4.48870389151322796151e-02) (13, -1.48305953788529576443e+00) (0, -6.85672579139479876353e-01) (1, 1.38745927342871189225e+00) (2, -5.83611416563903362409e-02) (3, 1.90184505129510150745e+00) (4, 1.73394936073414385191e-01) (5, 2.07477714731836293538e+00) (6, 1.77353023542759546949e+00) (7, 1.16169830315115274466e+00) (8, -5.26610738095082853150e-01) (9, 4.13388484815895629332e-01) (10, 2.06645561641731134728e+00) (11, 1.40138642262882195944e+00) (12, 5.64356206095257967315e-02) (13, -1.45408725487958134792e+00) (14, -1.04691758334680411480e+01) (15, 2.23155865853104735663e+01) (16, 1.10263457300248219894e+01) (17, -1.20211438444678786475e+00) 
