FANN_FLO_2.1
num_layers=3
learning_rate=0.700000
connection_rate=1.000000
network_type=0
learning_momentum=0.000000
training_algorithm=2
train_error_function=1
train_stop_function=1
cascade_output_change_fraction=0.010000
quickprop_decay=-0.000100
quickprop_mu=1.750000
rprop_increase_factor=1.200000
rprop_decrease_factor=0.500000
rprop_delta_min=0.000000
rprop_delta_max=50.000000
rprop_delta_zero=0.100000
cascade_output_stagnation_epochs=12
cascade_candidate_change_fraction=0.010000
cascade_candidate_stagnation_epochs=12
cascade_max_out_epochs=150
cascade_min_out_epochs=50
cascade_max_cand_epochs=150
cascade_min_cand_epochs=50
cascade_num_candidate_groups=2
bit_fail_limit=1.00000000000000005551e-01
cascade_candidate_limit=1.00000000000000000000e+03
cascade_weight_multiplier=4.00000000000000022204e-01
cascade_activation_functions_count=10
cascade_activation_functions=3 5 7 8 10 11 14 15 16 17 
cascade_activation_steepnesses_count=4
cascade_activation_steepnesses=2.50000000000000000000e-01 5.00000000000000000000e-01 7.50000000000000000000e-01 1.00000000000000000000e+00 
layer_sizes=13 4 2 
scale_included=0
neurons (num_inputs, activation_function, activation_steepness)=(0, 0, 0.00000000000000000000e+00) (0, 0, 0.00000000000000000000e+00) (0, 0, 0.00000000000000000000e+00) (0, 0, 0.00000000000000000000e+00) (0, 0, 0.00000000000000000000e+00) (0, 0, 0.00000000000000000000e+00) (0, 0, 0.00000000000000000000e+00) (0, 0, 0.00000000000000000000e+00) (0, 0, 0.00000000000000000000e+00) (0, 0, 0.00000000000000000000e+00) (0, 0, 0.00000000000000000000e+00) (0, 0, 0.00000000000000000000e+00) (0, 0, 0.00000000000000000000e+00) (13, 6, 5.00000000000000000000e-01) (13, 6, 5.00000000000000000000e-01) (13, 6, 5.00000000000000000000e-01) (0, 6, 0.00000000000000000000e+00) (4, 4, 5.00000000000000000000e-01) (0, 4, 0.00000000000000000000e+00) 
connections (connected_to_neuron, weight)=(0, 2.89050008838731820049e+00) (1, -4.53590919720498497725e+00) (2, 1.04179704921270066542e+00) (3, -1.22667684277186594954e+00) (4, -2.81561829143668607145e+00) (5, -3.24163908488443741618e+00) (6, -6.17471147716543211637e-01) (7, -2.94516711560266486458e+00) (8, 2.33443864620589414116e+00) (9, -1.52251339269665120213e+00) (10, 2.67965790261516634274e+00) (11, 2.64967538793573442746e+00) (12, 3.05844893788654381694e+00) (0, -1.06904943858967182990e+00) (1, 2.32468964768410568666e+00) (2, -2.19724580852674516995e-01) (3, 2.06584554674698850363e+00) (4, 1.32691607310267550845e-01) (5, 1.59549148310848387666e+01) (6, 5.54352691673642805625e+00) (7, -5.36521549365915118024e-01) (8, -1.42136391505537140745e+00) (9, 1.84692116067570050175e-01) (10, -7.61018271902614618085e-01) (11, -1.65682180322884131662e+00) (12, -3.77765175431598154709e-01) (0, 2.90791331568251854023e+00) (1, -4.26327516252864491264e+00) (2, 1.73120705501731686482e+00) (3, -1.17844054346571169845e+00) (4, -2.75186484274389098204e+00) (5, -3.40558498329809555827e+00) (6, -1.14575080962204678414e+00) (7, -2.99004106846826545052e+00) (8, 1.12080686968010123650e+00) (9, -2.11358546021152493566e+00) (10, 2.10892939992981531816e+00) (11, 2.05424447038012081279e+00) (12, 2.84098026493083244404e+00) (13, -1.07198617170370056328e+01) (14, 1.39134344756418149025e+00) (15, -1.06684446866429283318e+01) (16, -9.09809153037085427407e-01) 
