FANN_FLO_2.1
num_layers=3
learning_rate=0.700000
connection_rate=1.000000
network_type=0
learning_momentum=0.000000
training_algorithm=2
train_error_function=1
train_stop_function=1
cascade_output_change_fraction=0.010000
quickprop_decay=-0.000100
quickprop_mu=1.750000
rprop_increase_factor=1.200000
rprop_decrease_factor=0.500000
rprop_delta_min=0.000000
rprop_delta_max=50.000000
rprop_delta_zero=0.100000
cascade_output_stagnation_epochs=12
cascade_candidate_change_fraction=0.010000
cascade_candidate_stagnation_epochs=12
cascade_max_out_epochs=150
cascade_min_out_epochs=50
cascade_max_cand_epochs=150
cascade_min_cand_epochs=50
cascade_num_candidate_groups=2
bit_fail_limit=1.00000000000000005551e-01
cascade_candidate_limit=1.00000000000000000000e+03
cascade_weight_multiplier=4.00000000000000022204e-01
cascade_activation_functions_count=10
cascade_activation_functions=3 5 7 8 10 11 14 15 16 17 
cascade_activation_steepnesses_count=4
cascade_activation_steepnesses=2.50000000000000000000e-01 5.00000000000000000000e-01 7.50000000000000000000e-01 1.00000000000000000000e+00 
layer_sizes=12 4 2 
scale_included=0
neurons (num_inputs, activation_function, activation_steepness)=(0, 0, 0.00000000000000000000e+00) (0, 0, 0.00000000000000000000e+00) (0, 0, 0.00000000000000000000e+00) (0, 0, 0.00000000000000000000e+00) (0, 0, 0.00000000000000000000e+00) (0, 0, 0.00000000000000000000e+00) (0, 0, 0.00000000000000000000e+00) (0, 0, 0.00000000000000000000e+00) (0, 0, 0.00000000000000000000e+00) (0, 0, 0.00000000000000000000e+00) (0, 0, 0.00000000000000000000e+00) (0, 0, 0.00000000000000000000e+00) (12, 6, 5.00000000000000000000e-01) (12, 6, 5.00000000000000000000e-01) (12, 6, 5.00000000000000000000e-01) (0, 6, 0.00000000000000000000e+00) (4, 4, 5.00000000000000000000e-01) (0, 4, 0.00000000000000000000e+00) 
connections (connected_to_neuron, weight)=(0, -3.64943595172226498136e+00) (1, 2.35520516619718245366e+00) (2, 1.94404272242438014295e+00) (3, 1.83662810405511067735e+00) (4, 4.25787641896243240769e-01) (5, 3.71015702601963637264e+00) (6, 3.08141623972728107006e+00) (7, 9.96601756979136332859e-02) (8, 1.20100562073969263643e+00) (9, 6.73539141809113228732e-01) (10, -1.16397922014479848762e+00) (11, -2.90597318693218564789e+00) (0, 9.17460484009835486319e-01) (1, -8.24938137867131660030e-01) (2, -1.08026406416799414245e+00) (3, -2.62695552816758359782e+00) (4, 4.29389642382239700158e-01) (5, -1.28201500950765101550e+00) (6, -2.09438885957485415590e-01) (7, -1.10642895863291590430e+00) (8, -9.02860847684967687821e-02) (9, 3.45337005517905415442e-01) (10, 2.78097657652619023594e+00) (11, 4.66486319128575244175e-01) (0, 3.08606299109231185795e+00) (1, -4.44853153900506637086e+00) (2, -3.46018282537600763149e+00) (3, -2.81431605303665088869e+00) (4, -7.34590758325341375290e-01) (5, -5.26605097617086492789e+00) (6, -4.17378868370022360068e+00) (7, 1.32752919661532375883e+00) (8, -2.00753017502736241795e+00) (9, -1.47995731553056431018e+00) (10, 3.22988524094535689457e+00) (11, 5.14831998633178145042e+00) (12, 9.47062047334044976310e+00) (13, -2.31220456184878875305e+00) (14, -4.63576352497165178335e+00) (15, -1.44495758037044352839e+00) 
