FANN_FLO_2.1
num_layers=3
learning_rate=0.700000
connection_rate=1.000000
network_type=0
learning_momentum=0.000000
training_algorithm=2
train_error_function=1
train_stop_function=1
cascade_output_change_fraction=0.010000
quickprop_decay=-0.000100
quickprop_mu=1.750000
rprop_increase_factor=1.200000
rprop_decrease_factor=0.500000
rprop_delta_min=0.000000
rprop_delta_max=50.000000
rprop_delta_zero=0.100000
cascade_output_stagnation_epochs=12
cascade_candidate_change_fraction=0.010000
cascade_candidate_stagnation_epochs=12
cascade_max_out_epochs=150
cascade_min_out_epochs=50
cascade_max_cand_epochs=150
cascade_min_cand_epochs=50
cascade_num_candidate_groups=2
bit_fail_limit=1.00000000000000005551e-01
cascade_candidate_limit=1.00000000000000000000e+03
cascade_weight_multiplier=4.00000000000000022204e-01
cascade_activation_functions_count=10
cascade_activation_functions=3 5 7 8 10 11 14 15 16 17 
cascade_activation_steepnesses_count=4
cascade_activation_steepnesses=2.50000000000000000000e-01 5.00000000000000000000e-01 7.50000000000000000000e-01 1.00000000000000000000e+00 
layer_sizes=9 4 2 
scale_included=0
neurons (num_inputs, activation_function, activation_steepness)=(0, 0, 0.00000000000000000000e+00) (0, 0, 0.00000000000000000000e+00) (0, 0, 0.00000000000000000000e+00) (0, 0, 0.00000000000000000000e+00) (0, 0, 0.00000000000000000000e+00) (0, 0, 0.00000000000000000000e+00) (0, 0, 0.00000000000000000000e+00) (0, 0, 0.00000000000000000000e+00) (0, 0, 0.00000000000000000000e+00) (9, 6, 5.00000000000000000000e-01) (9, 6, 5.00000000000000000000e-01) (9, 6, 5.00000000000000000000e-01) (0, 6, 0.00000000000000000000e+00) (4, 4, 5.00000000000000000000e-01) (0, 4, 0.00000000000000000000e+00) 
connections (connected_to_neuron, weight)=(0, -9.09441678939794995173e-01) (1, 3.83523458217148061067e+00) (2, 3.70126536813152329231e-01) (3, 1.99500471857898542538e-02) (4, -9.17109455136990048274e-01) (5, -1.79805689782730482307e-01) (6, -1.53234803409210584846e-01) (7, -2.06951135129562757697e-01) (8, -5.80861802765963219919e-01) (0, -3.01253699763401883160e-02) (1, 6.77526829177932055082e-01) (2, 1.71353979387531024647e-01) (3, 6.83784544255825882386e-02) (4, -7.47374647362812893903e-02) (5, 6.53264473924585475917e-02) (6, 5.20682286271997307736e-02) (7, 6.86337601194330348964e-02) (8, 1.55136960988994765387e-01) (0, 1.06319088952613327592e+00) (1, -3.88027446691755528718e+00) (2, -5.82688513486486758808e-02) (3, 3.42422663036099805822e-01) (4, 9.32365377414946183698e-01) (5, 7.04842958055253987482e-01) (6, 5.56361395321603779962e-01) (7, 6.25208008490320210626e-01) (8, 1.06138178424907181352e+00) (9, 3.92359291736845250398e+00) (10, 1.58134441321846175299e-01) (11, -3.94239661817316289216e+00) (12, -6.63994583854315423288e-01) 
