FANN_FLO_2.1
num_layers=3
learning_rate=0.700000
connection_rate=1.000000
network_type=0
learning_momentum=0.000000
training_algorithm=2
train_error_function=1
train_stop_function=1
cascade_output_change_fraction=0.010000
quickprop_decay=-0.000100
quickprop_mu=1.750000
rprop_increase_factor=1.200000
rprop_decrease_factor=0.500000
rprop_delta_min=0.000000
rprop_delta_max=50.000000
rprop_delta_zero=0.100000
cascade_output_stagnation_epochs=12
cascade_candidate_change_fraction=0.010000
cascade_candidate_stagnation_epochs=12
cascade_max_out_epochs=150
cascade_min_out_epochs=50
cascade_max_cand_epochs=150
cascade_min_cand_epochs=50
cascade_num_candidate_groups=2
bit_fail_limit=1.00000000000000005551e-01
cascade_candidate_limit=1.00000000000000000000e+03
cascade_weight_multiplier=4.00000000000000022204e-01
cascade_activation_functions_count=10
cascade_activation_functions=3 5 7 8 10 11 14 15 16 17 
cascade_activation_steepnesses_count=4
cascade_activation_steepnesses=2.50000000000000000000e-01 5.00000000000000000000e-01 7.50000000000000000000e-01 1.00000000000000000000e+00 
layer_sizes=15 4 2 
scale_included=0
neurons (num_inputs, activation_function, activation_steepness)=(0, 0, 0.00000000000000000000e+00) (0, 0, 0.00000000000000000000e+00) (0, 0, 0.00000000000000000000e+00) (0, 0, 0.00000000000000000000e+00) (0, 0, 0.00000000000000000000e+00) (0, 0, 0.00000000000000000000e+00) (0, 0, 0.00000000000000000000e+00) (0, 0, 0.00000000000000000000e+00) (0, 0, 0.00000000000000000000e+00) (0, 0, 0.00000000000000000000e+00) (0, 0, 0.00000000000000000000e+00) (0, 0, 0.00000000000000000000e+00) (0, 0, 0.00000000000000000000e+00) (0, 0, 0.00000000000000000000e+00) (0, 0, 0.00000000000000000000e+00) (15, 6, 5.00000000000000000000e-01) (15, 6, 5.00000000000000000000e-01) (15, 6, 5.00000000000000000000e-01) (0, 6, 0.00000000000000000000e+00) (4, 4, 5.00000000000000000000e-01) (0, 4, 0.00000000000000000000e+00) 
connections (connected_to_neuron, weight)=(0, 1.05684080894303065179e+01) (1, -1.46711774924947935261e+00) (2, 2.32985417473856815107e-01) (3, 4.58301148322490803366e+00) (4, -4.55097546457512047713e-01) (5, 1.53444595336765160498e-01) (6, -6.18871276306408257817e-01) (7, -1.31977868758878069677e-01) (8, 8.62394186113417893225e-01) (9, 1.19507200077345876466e+00) (10, 1.88409857759461868421e-01) (11, -7.60938576632969976288e+00) (12, 1.15489881254919923848e+00) (13, 2.34668231294772988704e-01) (14, 4.61285843596236588837e-01) (0, -1.86042459385892762214e+01) (1, 1.12981427633204081773e-01) (2, -6.79771460622676904073e-01) (3, -1.58379792855967749254e+00) (4, 5.08315015278658965947e-01) (5, 7.89363386652378928865e-01) (6, 7.23900795334938784720e-01) (7, 2.86712653131726558087e-02) (8, 1.14481195478758976947e+01) (9, -5.42909453457359525430e+00) (10, -6.84410534541630588556e-01) (11, 4.70214237294175108062e-01) (12, 6.25072316997581189923e+00) (13, -6.79748658895864221741e-01) (14, 2.02273808673454524865e+00) (0, -2.06115115208889747578e+01) (1, 8.98336871558196414789e-01) (2, 5.46787615725404041456e+00) (3, 6.42480405416692068599e+00) (4, 5.03847614045371150482e-01) (5, 8.05564921010330792228e+00) (6, 1.48590703925248801553e+00) (7, -1.21400560280246549993e+00) (8, -4.81123249326571844620e+00) (9, -7.67875502632844542106e-01) (10, 5.43509465303351291254e+00) (11, -3.79916395226385361639e+00) (12, -6.42589306885335087571e+00) (13, 5.48043790791390161843e+00) (14, 4.17670194514670023445e-01) (15, -1.32279907350345844463e+01) (16, 2.01138732716664456746e+01) (17, 1.44890318247069753710e+01) (18, -1.26483385514499446778e-01) 
