FANN_FLO_2.1
num_layers=3
learning_rate=0.700000
connection_rate=1.000000
network_type=0
learning_momentum=0.000000
training_algorithm=2
train_error_function=1
train_stop_function=1
cascade_output_change_fraction=0.010000
quickprop_decay=-0.000100
quickprop_mu=1.750000
rprop_increase_factor=1.200000
rprop_decrease_factor=0.500000
rprop_delta_min=0.000000
rprop_delta_max=50.000000
rprop_delta_zero=0.100000
cascade_output_stagnation_epochs=12
cascade_candidate_change_fraction=0.010000
cascade_candidate_stagnation_epochs=12
cascade_max_out_epochs=150
cascade_min_out_epochs=50
cascade_max_cand_epochs=150
cascade_min_cand_epochs=50
cascade_num_candidate_groups=2
bit_fail_limit=1.00000000000000005551e-01
cascade_candidate_limit=1.00000000000000000000e+03
cascade_weight_multiplier=4.00000000000000022204e-01
cascade_activation_functions_count=10
cascade_activation_functions=3 5 7 8 10 11 14 15 16 17 
cascade_activation_steepnesses_count=4
cascade_activation_steepnesses=2.50000000000000000000e-01 5.00000000000000000000e-01 7.50000000000000000000e-01 1.00000000000000000000e+00 
layer_sizes=9 4 2 
scale_included=0
neurons (num_inputs, activation_function, activation_steepness)=(0, 0, 0.00000000000000000000e+00) (0, 0, 0.00000000000000000000e+00) (0, 0, 0.00000000000000000000e+00) (0, 0, 0.00000000000000000000e+00) (0, 0, 0.00000000000000000000e+00) (0, 0, 0.00000000000000000000e+00) (0, 0, 0.00000000000000000000e+00) (0, 0, 0.00000000000000000000e+00) (0, 0, 0.00000000000000000000e+00) (9, 6, 5.00000000000000000000e-01) (9, 6, 5.00000000000000000000e-01) (9, 6, 5.00000000000000000000e-01) (0, 6, 0.00000000000000000000e+00) (4, 4, 5.00000000000000000000e-01) (0, 4, 0.00000000000000000000e+00) 
connections (connected_to_neuron, weight)=(0, -2.23696228223802862090e+00) (1, 4.81480375148975792143e+00) (2, -8.67847278701673885415e-02) (3, -8.40573459851156612466e-02) (4, -9.97078175364256802382e-01) (5, -2.82864191909972917394e-01) (6, -4.19102412989084127659e-01) (7, -2.71649563094321977452e-01) (8, -7.25434743245358282238e-01) (0, -2.02150233822347757950e+00) (1, 2.12917503880741243449e+00) (2, 3.36207125694004682614e-02) (3, 1.13858935645267167480e-01) (4, -9.00453528196197061639e-01) (5, -2.14825441211023426824e-02) (6, -1.22061112996891985016e-01) (7, -1.42522027817324647980e-01) (8, -3.17934928047454601341e-01) (0, -2.31656481432678518217e+00) (1, 4.75880567201101722929e+00) (2, 1.97003409278977970054e-02) (3, 6.09757751351486243507e-03) (4, -9.86736680088759365859e-01) (5, -3.73134584506694677586e-01) (6, -2.82230505129043351964e-01) (7, -3.03952076812927018956e-01) (8, -7.00186416884178930431e-01) (9, 4.77687239863598289702e+00) (10, 1.90144955920459857168e+00) (11, 4.77468835034096183989e+00) (12, -1.02844853949380010683e+00) 
