FANN_FLO_2.1
num_layers=3
learning_rate=0.700000
connection_rate=1.000000
network_type=0
learning_momentum=0.000000
training_algorithm=2
train_error_function=1
train_stop_function=1
cascade_output_change_fraction=0.010000
quickprop_decay=-0.000100
quickprop_mu=1.750000
rprop_increase_factor=1.200000
rprop_decrease_factor=0.500000
rprop_delta_min=0.000000
rprop_delta_max=50.000000
rprop_delta_zero=0.100000
cascade_output_stagnation_epochs=12
cascade_candidate_change_fraction=0.010000
cascade_candidate_stagnation_epochs=12
cascade_max_out_epochs=150
cascade_min_out_epochs=50
cascade_max_cand_epochs=150
cascade_min_cand_epochs=50
cascade_num_candidate_groups=2
bit_fail_limit=1.00000000000000005551e-01
cascade_candidate_limit=1.00000000000000000000e+03
cascade_weight_multiplier=4.00000000000000022204e-01
cascade_activation_functions_count=10
cascade_activation_functions=3 5 7 8 10 11 14 15 16 17 
cascade_activation_steepnesses_count=4
cascade_activation_steepnesses=2.50000000000000000000e-01 5.00000000000000000000e-01 7.50000000000000000000e-01 1.00000000000000000000e+00 
layer_sizes=8 4 2 
scale_included=0
neurons (num_inputs, activation_function, activation_steepness)=(0, 0, 0.00000000000000000000e+00) (0, 0, 0.00000000000000000000e+00) (0, 0, 0.00000000000000000000e+00) (0, 0, 0.00000000000000000000e+00) (0, 0, 0.00000000000000000000e+00) (0, 0, 0.00000000000000000000e+00) (0, 0, 0.00000000000000000000e+00) (0, 0, 0.00000000000000000000e+00) (8, 6, 5.00000000000000000000e-01) (8, 6, 5.00000000000000000000e-01) (8, 6, 5.00000000000000000000e-01) (0, 6, 0.00000000000000000000e+00) (4, 4, 5.00000000000000000000e-01) (0, 4, 0.00000000000000000000e+00) 
connections (connected_to_neuron, weight)=(0, 3.18317317325158732899e+00) (1, -4.65691288049919283054e+00) (2, -6.68857242904661930538e+00) (3, 4.84420890003494175602e+00) (4, -4.30786145286295951706e+00) (5, -5.79716825413392022881e+00) (6, -5.09855533085799983439e+00) (7, 7.59107832955930383889e+00) (0, 5.94311917383826937566e-01) (1, -1.91530699568145945655e-03) (2, -2.86067245884687615387e+00) (3, 9.55456694408166828936e-01) (4, -2.93495349975192387770e-01) (5, -4.21377558622206160877e-01) (6, -5.50640403758661411970e-01) (7, 1.09435959932223014768e+00) (0, -4.02538820607152736386e-01) (1, -4.46200593371847809010e+00) (2, 1.18750448686679597188e+01) (3, 7.20772771832167435946e+00) (4, 1.21317269070895217276e+00) (5, 4.57964907374590557421e-01) (6, 1.48343877242287525142e+00) (7, -3.11391349748616819149e-01) (8, -1.01354838529179289708e+01) (9, -4.35253653542025886747e-01) (10, 3.04430503330797197492e+00) (11, -2.25423519483523193685e+00) 
