FANN_FLO_2.1
num_layers=3
learning_rate=0.700000
connection_rate=1.000000
network_type=0
learning_momentum=0.000000
training_algorithm=2
train_error_function=1
train_stop_function=1
cascade_output_change_fraction=0.010000
quickprop_decay=-0.000100
quickprop_mu=1.750000
rprop_increase_factor=1.200000
rprop_decrease_factor=0.500000
rprop_delta_min=0.000000
rprop_delta_max=50.000000
rprop_delta_zero=0.100000
cascade_output_stagnation_epochs=12
cascade_candidate_change_fraction=0.010000
cascade_candidate_stagnation_epochs=12
cascade_max_out_epochs=150
cascade_min_out_epochs=50
cascade_max_cand_epochs=150
cascade_min_cand_epochs=50
cascade_num_candidate_groups=2
bit_fail_limit=1.00000000000000005551e-01
cascade_candidate_limit=1.00000000000000000000e+03
cascade_weight_multiplier=4.00000000000000022204e-01
cascade_activation_functions_count=10
cascade_activation_functions=3 5 7 8 10 11 14 15 16 17 
cascade_activation_steepnesses_count=4
cascade_activation_steepnesses=2.50000000000000000000e-01 5.00000000000000000000e-01 7.50000000000000000000e-01 1.00000000000000000000e+00 
layer_sizes=11 4 2 
scale_included=0
neurons (num_inputs, activation_function, activation_steepness)=(0, 0, 0.00000000000000000000e+00) (0, 0, 0.00000000000000000000e+00) (0, 0, 0.00000000000000000000e+00) (0, 0, 0.00000000000000000000e+00) (0, 0, 0.00000000000000000000e+00) (0, 0, 0.00000000000000000000e+00) (0, 0, 0.00000000000000000000e+00) (0, 0, 0.00000000000000000000e+00) (0, 0, 0.00000000000000000000e+00) (0, 0, 0.00000000000000000000e+00) (0, 0, 0.00000000000000000000e+00) (11, 6, 5.00000000000000000000e-01) (11, 6, 5.00000000000000000000e-01) (11, 6, 5.00000000000000000000e-01) (0, 6, 0.00000000000000000000e+00) (4, 4, 5.00000000000000000000e-01) (0, 4, 0.00000000000000000000e+00) 
connections (connected_to_neuron, weight)=(0, 8.96869573809220055338e-01) (1, 5.97939371433927391308e-01) (2, 1.05222049891700319968e+00) (3, -1.51003701031519138587e-01) (4, 8.17827343444017640373e-01) (5, 2.59799936748410997822e+00) (6, 6.44698019697085911162e+00) (7, -7.62660181885139554225e+00) (8, -1.16714629707340455944e+00) (9, -4.50452102615999216972e-01) (10, -4.65268629144050149815e-01) (0, 1.84094603665487288602e+00) (1, 2.61280466679362310956e+00) (2, 3.04222613235413597010e+00) (3, -2.06560837433283284170e+00) (4, 3.24391577140153097858e+00) (5, 1.81006070574648680882e+00) (6, 1.28558228342407843137e+00) (7, 2.54151112100482157174e+00) (8, -2.63075279958985053241e+00) (9, -1.40825916041060339445e+00) (10, -3.58671128788480064742e+00) (0, 1.81924845584051175784e+00) (1, 1.86331420539112002643e+00) (2, 3.19378718396126792811e+00) (3, -1.96549617454950809048e+00) (4, 3.26633728042901205768e+00) (5, 2.51699837618117427951e+00) (6, 5.03416230534480590997e-01) (7, -1.15794549795430912198e+00) (8, -4.94739184575308588165e+00) (9, -1.42040678073092352385e+00) (10, -3.07197410622119626566e+00) (11, 1.03549588126048086600e+00) (12, 3.61014388432217359082e+01) (13, 1.60447351271109006632e+01) (14, -1.33675280474226587657e+00) 
