FANN_FLO_2.1
num_layers=3
learning_rate=0.700000
connection_rate=1.000000
network_type=0
learning_momentum=0.000000
training_algorithm=2
train_error_function=1
train_stop_function=1
cascade_output_change_fraction=0.010000
quickprop_decay=-0.000100
quickprop_mu=1.750000
rprop_increase_factor=1.200000
rprop_decrease_factor=0.500000
rprop_delta_min=0.000000
rprop_delta_max=50.000000
rprop_delta_zero=0.100000
cascade_output_stagnation_epochs=12
cascade_candidate_change_fraction=0.010000
cascade_candidate_stagnation_epochs=12
cascade_max_out_epochs=150
cascade_min_out_epochs=50
cascade_max_cand_epochs=150
cascade_min_cand_epochs=50
cascade_num_candidate_groups=2
bit_fail_limit=1.00000000000000005551e-01
cascade_candidate_limit=1.00000000000000000000e+03
cascade_weight_multiplier=4.00000000000000022204e-01
cascade_activation_functions_count=10
cascade_activation_functions=3 5 7 8 10 11 14 15 16 17 
cascade_activation_steepnesses_count=4
cascade_activation_steepnesses=2.50000000000000000000e-01 5.00000000000000000000e-01 7.50000000000000000000e-01 1.00000000000000000000e+00 
layer_sizes=10 4 2 
scale_included=0
neurons (num_inputs, activation_function, activation_steepness)=(0, 0, 0.00000000000000000000e+00) (0, 0, 0.00000000000000000000e+00) (0, 0, 0.00000000000000000000e+00) (0, 0, 0.00000000000000000000e+00) (0, 0, 0.00000000000000000000e+00) (0, 0, 0.00000000000000000000e+00) (0, 0, 0.00000000000000000000e+00) (0, 0, 0.00000000000000000000e+00) (0, 0, 0.00000000000000000000e+00) (0, 0, 0.00000000000000000000e+00) (10, 6, 5.00000000000000000000e-01) (10, 6, 5.00000000000000000000e-01) (10, 6, 5.00000000000000000000e-01) (0, 6, 0.00000000000000000000e+00) (4, 4, 5.00000000000000000000e-01) (0, 4, 0.00000000000000000000e+00) 
connections (connected_to_neuron, weight)=(0, -1.33044440736833302630e+00) (1, 1.48430745764529103958e+00) (2, 1.62176020829356404285e+00) (3, -3.76374485739216779745e-02) (4, 9.45568071475199056763e-01) (5, 2.72378206359109920065e-01) (6, 3.27929982956987409182e+00) (7, 2.74233347083171818959e-01) (8, -1.70266179716736454353e+00) (9, -1.11409481583881175837e+00) (0, -3.66103604298982343579e+00) (1, 3.47980736619320696335e+00) (2, 3.86706684322243177121e+00) (3, -2.11730513914621898408e+00) (4, 1.95943480534081770905e+00) (5, -2.34063344629745623271e-01) (6, 4.11306438807241292466e+00) (7, 1.74942058234656450111e+00) (8, -1.66122524407176941352e+00) (9, -3.60633591053042135144e+00) (0, 1.36178343797103362789e-01) (1, -1.30491262220077319789e+00) (2, -2.61523199208177015151e-01) (3, 8.23709297938116785653e-02) (4, -1.25928372740174016053e-01) (5, 8.90283265313237572036e-03) (6, 1.66547023956020251445e-01) (7, 1.97172232087254289956e-01) (8, 1.09887139970668767930e+00) (9, 1.92164798094075384149e-01) (10, 2.02182694301827536876e+00) (11, 1.06567525297593554967e+01) (12, -3.62177043853260716144e-01) (13, -2.11700617073243035904e+00) 
