FANN_FLO_2.1
num_layers=3
learning_rate=0.700000
connection_rate=1.000000
network_type=0
learning_momentum=0.000000
training_algorithm=2
train_error_function=1
train_stop_function=1
cascade_output_change_fraction=0.010000
quickprop_decay=-0.000100
quickprop_mu=1.750000
rprop_increase_factor=1.200000
rprop_decrease_factor=0.500000
rprop_delta_min=0.000000
rprop_delta_max=50.000000
rprop_delta_zero=0.100000
cascade_output_stagnation_epochs=12
cascade_candidate_change_fraction=0.010000
cascade_candidate_stagnation_epochs=12
cascade_max_out_epochs=150
cascade_min_out_epochs=50
cascade_max_cand_epochs=150
cascade_min_cand_epochs=50
cascade_num_candidate_groups=2
bit_fail_limit=1.00000000000000005551e-01
cascade_candidate_limit=1.00000000000000000000e+03
cascade_weight_multiplier=4.00000000000000022204e-01
cascade_activation_functions_count=10
cascade_activation_functions=3 5 7 8 10 11 14 15 16 17 
cascade_activation_steepnesses_count=4
cascade_activation_steepnesses=2.50000000000000000000e-01 5.00000000000000000000e-01 7.50000000000000000000e-01 1.00000000000000000000e+00 
layer_sizes=10 4 2 
scale_included=0
neurons (num_inputs, activation_function, activation_steepness)=(0, 0, 0.00000000000000000000e+00) (0, 0, 0.00000000000000000000e+00) (0, 0, 0.00000000000000000000e+00) (0, 0, 0.00000000000000000000e+00) (0, 0, 0.00000000000000000000e+00) (0, 0, 0.00000000000000000000e+00) (0, 0, 0.00000000000000000000e+00) (0, 0, 0.00000000000000000000e+00) (0, 0, 0.00000000000000000000e+00) (0, 0, 0.00000000000000000000e+00) (10, 6, 5.00000000000000000000e-01) (10, 6, 5.00000000000000000000e-01) (10, 6, 5.00000000000000000000e-01) (0, 6, 0.00000000000000000000e+00) (4, 4, 5.00000000000000000000e-01) (0, 4, 0.00000000000000000000e+00) 
connections (connected_to_neuron, weight)=(0, 3.84690877875940895336e+00) (1, -3.87354850186602694961e+00) (2, -4.22458778140538537826e+00) (3, 2.24523117902968794013e+00) (4, -1.08557385062355815641e+00) (5, 1.03150771215055350738e-01) (6, -4.15541920444180679084e+00) (7, -1.54679355785491146058e+00) (8, 2.60773329763033334672e+00) (9, 3.88236445269243812817e+00) (0, -1.01228432501758036643e+00) (1, 1.20733236711765101745e+00) (2, 2.96587647594050229927e+00) (3, -7.48951515011814450418e-01) (4, 6.85339064189478652800e-01) (5, -2.21201870867089644968e-01) (6, 2.29611332946852941816e+00) (7, 2.01550902236058737671e+00) (8, -6.40161234678317092595e-01) (9, -9.77571839048513635539e-01) (0, -4.00951162094365431976e-01) (1, 2.14384696412852049363e+00) (2, 8.85891151062520143533e-01) (3, -2.68363695952563985347e-01) (4, 5.86871699603506380427e-01) (5, 8.18630644615912089757e-02) (6, 7.94198096558915489496e-01) (7, 2.82990881400638161214e-01) (8, -5.64002451048083927598e-02) (9, -4.94660876805077864837e-01) (10, -7.35712995247742007621e+00) (11, 2.72189830178693936702e+00) (12, 1.07747256084450393487e+00) (13, -2.32380017900374413742e+00) 
