FANN_FLO_2.1
num_layers=3
learning_rate=0.700000
connection_rate=1.000000
network_type=0
learning_momentum=0.000000
training_algorithm=2
train_error_function=1
train_stop_function=1
cascade_output_change_fraction=0.010000
quickprop_decay=-0.000100
quickprop_mu=1.750000
rprop_increase_factor=1.200000
rprop_decrease_factor=0.500000
rprop_delta_min=0.000000
rprop_delta_max=50.000000
rprop_delta_zero=0.100000
cascade_output_stagnation_epochs=12
cascade_candidate_change_fraction=0.010000
cascade_candidate_stagnation_epochs=12
cascade_max_out_epochs=150
cascade_min_out_epochs=50
cascade_max_cand_epochs=150
cascade_min_cand_epochs=50
cascade_num_candidate_groups=2
bit_fail_limit=1.00000000000000005551e-01
cascade_candidate_limit=1.00000000000000000000e+03
cascade_weight_multiplier=4.00000000000000022204e-01
cascade_activation_functions_count=10
cascade_activation_functions=3 5 7 8 10 11 14 15 16 17 
cascade_activation_steepnesses_count=4
cascade_activation_steepnesses=2.50000000000000000000e-01 5.00000000000000000000e-01 7.50000000000000000000e-01 1.00000000000000000000e+00 
layer_sizes=9 4 2 
scale_included=0
neurons (num_inputs, activation_function, activation_steepness)=(0, 0, 0.00000000000000000000e+00) (0, 0, 0.00000000000000000000e+00) (0, 0, 0.00000000000000000000e+00) (0, 0, 0.00000000000000000000e+00) (0, 0, 0.00000000000000000000e+00) (0, 0, 0.00000000000000000000e+00) (0, 0, 0.00000000000000000000e+00) (0, 0, 0.00000000000000000000e+00) (0, 0, 0.00000000000000000000e+00) (9, 6, 5.00000000000000000000e-01) (9, 6, 5.00000000000000000000e-01) (9, 6, 5.00000000000000000000e-01) (0, 6, 0.00000000000000000000e+00) (4, 4, 5.00000000000000000000e-01) (0, 4, 0.00000000000000000000e+00) 
connections (connected_to_neuron, weight)=(0, -2.86013564527490071754e+00) (1, 1.41748568036466826570e+00) (2, 7.57303132094964914778e-01) (3, 8.53799944444683878153e-01) (4, 1.38524175640168611956e-01) (5, 7.95829995417521973700e-01) (6, 7.39466129684375306219e-01) (7, 7.09569482946322938055e-01) (8, -1.09685860398333701049e+00) (0, -5.83282131659723823702e+00) (1, 4.35506347871579602149e-01) (2, 5.37056345963943582156e-01) (3, 4.86174418069063363212e-01) (4, 4.50756989345512837364e-01) (5, 4.10960297793049877946e-01) (6, 4.91918403416772065384e-01) (7, 4.27995752304692334000e-01) (8, -1.67006713467335199397e-01) (0, -2.87407305896737508277e+00) (1, 1.46342034258753050935e+00) (2, 7.57312951960191660383e-01) (3, 1.01347309134819885124e+00) (4, 2.60670790634778930250e-02) (5, 8.16122232818530579657e-01) (6, 6.82508191907332917303e-01) (7, 6.43297686123775025457e-01) (8, -1.09961891743462714111e+00) (9, 2.00475215290812087687e+01) (10, 7.22759679023783796481e-01) (11, 7.61604948168812967424e+00) (12, -1.01893783929865988647e+00) 
