FANN_FLO_2.1
num_layers=3
learning_rate=0.700000
connection_rate=1.000000
network_type=0
learning_momentum=0.000000
training_algorithm=2
train_error_function=1
train_stop_function=1
cascade_output_change_fraction=0.010000
quickprop_decay=-0.000100
quickprop_mu=1.750000
rprop_increase_factor=1.200000
rprop_decrease_factor=0.500000
rprop_delta_min=0.000000
rprop_delta_max=50.000000
rprop_delta_zero=0.100000
cascade_output_stagnation_epochs=12
cascade_candidate_change_fraction=0.010000
cascade_candidate_stagnation_epochs=12
cascade_max_out_epochs=150
cascade_min_out_epochs=50
cascade_max_cand_epochs=150
cascade_min_cand_epochs=50
cascade_num_candidate_groups=2
bit_fail_limit=1.00000000000000005551e-01
cascade_candidate_limit=1.00000000000000000000e+03
cascade_weight_multiplier=4.00000000000000022204e-01
cascade_activation_functions_count=10
cascade_activation_functions=3 5 7 8 10 11 14 15 16 17 
cascade_activation_steepnesses_count=4
cascade_activation_steepnesses=2.50000000000000000000e-01 5.00000000000000000000e-01 7.50000000000000000000e-01 1.00000000000000000000e+00 
layer_sizes=8 4 2 
scale_included=0
neurons (num_inputs, activation_function, activation_steepness)=(0, 0, 0.00000000000000000000e+00) (0, 0, 0.00000000000000000000e+00) (0, 0, 0.00000000000000000000e+00) (0, 0, 0.00000000000000000000e+00) (0, 0, 0.00000000000000000000e+00) (0, 0, 0.00000000000000000000e+00) (0, 0, 0.00000000000000000000e+00) (0, 0, 0.00000000000000000000e+00) (8, 6, 5.00000000000000000000e-01) (8, 6, 5.00000000000000000000e-01) (8, 6, 5.00000000000000000000e-01) (0, 6, 0.00000000000000000000e+00) (4, 4, 5.00000000000000000000e-01) (0, 4, 0.00000000000000000000e+00) 
connections (connected_to_neuron, weight)=(0, -2.68784794491509915204e+00) (1, 9.56454286218691507315e+00) (2, -3.28782602420230052331e+00) (3, -4.29174986112299983176e-01) (4, 1.21040393076800967265e+00) (5, 1.47883802240592343580e+00) (6, 1.33173180963151205347e+00) (7, -9.02811599199406455973e-01) (0, 2.37627258496764381945e+00) (1, 4.12156931029977524616e+00) (2, 1.12223530623016110042e+00) (3, 2.87617252853918570210e+00) (4, -2.79149701620580215078e+00) (5, -5.28225036827982119547e+00) (6, -3.21930392891311090153e+00) (7, 3.50781874207547339495e+00) (0, -1.78148116434629355531e+00) (1, 2.06762475009160962003e+00) (2, 4.75177655014853250748e+00) (3, -1.04739729076041898637e+00) (4, 1.52279086082492587373e+00) (5, 1.62278241975798742658e+00) (6, 2.08306552558057678226e+00) (7, -3.02876790364565806613e+00) (8, 3.63317109691682560424e+00) (9, -5.67037631721345558589e+00) (10, 1.12062814618668102895e+01) (11, -1.86067614168308481659e+00) 
