FANN_FLO_2.1
num_layers=3
learning_rate=0.700000
connection_rate=1.000000
network_type=0
learning_momentum=0.000000
training_algorithm=2
train_error_function=1
train_stop_function=1
cascade_output_change_fraction=0.010000
quickprop_decay=-0.000100
quickprop_mu=1.750000
rprop_increase_factor=1.200000
rprop_decrease_factor=0.500000
rprop_delta_min=0.000000
rprop_delta_max=50.000000
rprop_delta_zero=0.100000
cascade_output_stagnation_epochs=12
cascade_candidate_change_fraction=0.010000
cascade_candidate_stagnation_epochs=12
cascade_max_out_epochs=150
cascade_min_out_epochs=50
cascade_max_cand_epochs=150
cascade_min_cand_epochs=50
cascade_num_candidate_groups=2
bit_fail_limit=1.00000000000000005551e-01
cascade_candidate_limit=1.00000000000000000000e+03
cascade_weight_multiplier=4.00000000000000022204e-01
cascade_activation_functions_count=10
cascade_activation_functions=3 5 7 8 10 11 14 15 16 17 
cascade_activation_steepnesses_count=4
cascade_activation_steepnesses=2.50000000000000000000e-01 5.00000000000000000000e-01 7.50000000000000000000e-01 1.00000000000000000000e+00 
layer_sizes=10 4 2 
scale_included=0
neurons (num_inputs, activation_function, activation_steepness)=(0, 0, 0.00000000000000000000e+00) (0, 0, 0.00000000000000000000e+00) (0, 0, 0.00000000000000000000e+00) (0, 0, 0.00000000000000000000e+00) (0, 0, 0.00000000000000000000e+00) (0, 0, 0.00000000000000000000e+00) (0, 0, 0.00000000000000000000e+00) (0, 0, 0.00000000000000000000e+00) (0, 0, 0.00000000000000000000e+00) (0, 0, 0.00000000000000000000e+00) (10, 6, 5.00000000000000000000e-01) (10, 6, 5.00000000000000000000e-01) (10, 6, 5.00000000000000000000e-01) (0, 6, 0.00000000000000000000e+00) (4, 4, 5.00000000000000000000e-01) (0, 4, 0.00000000000000000000e+00) 
connections (connected_to_neuron, weight)=(0, 4.12910851107650356262e-01) (1, -2.31836512536953642805e-01) (2, -5.87649336935817889760e-01) (3, -2.88835070266841686948e-01) (4, 3.76234145147785303820e-01) (5, 4.72566586133658705915e-01) (6, 9.16438450796864589876e-01) (7, -2.19218010078190150836e+00) (8, -3.96295053487612292109e-01) (9, 5.82274231210547887905e-01) (0, -3.36064769675469099397e+00) (1, 2.42138677576337757458e+00) (2, 2.77553212185214626118e+00) (3, 2.94138091966204839878e+00) (4, 2.13576821369601543843e-01) (5, 3.41660287094462944424e-01) (6, 4.52652188187192994206e-01) (7, 2.15618292297133518076e+00) (8, 3.99500277807265691266e+00) (9, -3.99886651732957432159e+00) (0, 8.58155098856959314135e-02) (1, -1.03051947737078999912e-02) (2, -2.68737103015516787252e-01) (3, -7.32970547193455557178e-02) (4, 8.40934626121137701604e-02) (5, 1.46499435981813141971e-01) (6, 9.42434309763429955975e-02) (7, -2.50807461738518755467e+00) (8, -5.11520410819689352877e-01) (9, 5.55289196910501853255e-02) (10, -1.58265715069265500148e+00) (11, 2.65151006245736837741e+01) (12, -4.85579733658072332236e-01) (13, -2.09493008055847340643e+00) 
