FANN_FLO_2.1
num_layers=3
learning_rate=0.700000
connection_rate=1.000000
network_type=0
learning_momentum=0.000000
training_algorithm=2
train_error_function=1
train_stop_function=1
cascade_output_change_fraction=0.010000
quickprop_decay=-0.000100
quickprop_mu=1.750000
rprop_increase_factor=1.200000
rprop_decrease_factor=0.500000
rprop_delta_min=0.000000
rprop_delta_max=50.000000
rprop_delta_zero=0.100000
cascade_output_stagnation_epochs=12
cascade_candidate_change_fraction=0.010000
cascade_candidate_stagnation_epochs=12
cascade_max_out_epochs=150
cascade_min_out_epochs=50
cascade_max_cand_epochs=150
cascade_min_cand_epochs=50
cascade_num_candidate_groups=2
bit_fail_limit=1.00000000000000005551e-01
cascade_candidate_limit=1.00000000000000000000e+03
cascade_weight_multiplier=4.00000000000000022204e-01
cascade_activation_functions_count=10
cascade_activation_functions=3 5 7 8 10 11 14 15 16 17 
cascade_activation_steepnesses_count=4
cascade_activation_steepnesses=2.50000000000000000000e-01 5.00000000000000000000e-01 7.50000000000000000000e-01 1.00000000000000000000e+00 
layer_sizes=10 4 2 
scale_included=0
neurons (num_inputs, activation_function, activation_steepness)=(0, 0, 0.00000000000000000000e+00) (0, 0, 0.00000000000000000000e+00) (0, 0, 0.00000000000000000000e+00) (0, 0, 0.00000000000000000000e+00) (0, 0, 0.00000000000000000000e+00) (0, 0, 0.00000000000000000000e+00) (0, 0, 0.00000000000000000000e+00) (0, 0, 0.00000000000000000000e+00) (0, 0, 0.00000000000000000000e+00) (0, 0, 0.00000000000000000000e+00) (10, 6, 5.00000000000000000000e-01) (10, 6, 5.00000000000000000000e-01) (10, 6, 5.00000000000000000000e-01) (0, 6, 0.00000000000000000000e+00) (4, 4, 5.00000000000000000000e-01) (0, 4, 0.00000000000000000000e+00) 
connections (connected_to_neuron, weight)=(0, -4.29687613636978937848e+00) (1, 3.52389899796371963703e+00) (2, 3.04349739478663527947e+00) (3, -1.65554431083005360037e+00) (4, 8.97425849539044417913e-02) (5, -3.85155321225438551647e-01) (6, 2.34357979269165950242e+00) (7, 6.50569897504637006946e-01) (8, -1.76127747253638444747e+00) (9, -2.42689972675665677215e+00) (0, -2.19641640529448789465e-01) (1, 4.16481370995275046454e-01) (2, 2.05169680631644695268e+01) (3, -3.08506764477993120077e-02) (4, 4.76983458837372864547e-01) (5, 7.46567739627062909591e-01) (6, 2.40971317919568583932e+00) (7, 5.42719128159717012494e-01) (8, 4.14457398098381724072e-01) (9, -2.47862979516799253332e-01) (0, -2.85224437401887431776e+00) (1, 2.34494137944906411164e+00) (2, 3.08952043302192791430e+00) (3, -1.59473025047475935878e+00) (4, 1.34635514738379935551e+00) (5, 4.35842641435577549114e-01) (6, 3.60527980255030078283e+00) (7, 1.55242671530193532270e+00) (8, -1.70242259304339293990e+00) (9, -2.73345407531854167615e+00) (10, 4.19120721428101283834e+00) (11, 1.12432564354232100712e+00) (12, 7.72990660448732125332e+00) (13, -2.59234222077897147329e+00) 
