FANN_FLO_2.1
num_layers=3
learning_rate=0.700000
connection_rate=1.000000
network_type=0
learning_momentum=0.000000
training_algorithm=2
train_error_function=1
train_stop_function=1
cascade_output_change_fraction=0.010000
quickprop_decay=-0.000100
quickprop_mu=1.750000
rprop_increase_factor=1.200000
rprop_decrease_factor=0.500000
rprop_delta_min=0.000000
rprop_delta_max=50.000000
rprop_delta_zero=0.100000
cascade_output_stagnation_epochs=12
cascade_candidate_change_fraction=0.010000
cascade_candidate_stagnation_epochs=12
cascade_max_out_epochs=150
cascade_min_out_epochs=50
cascade_max_cand_epochs=150
cascade_min_cand_epochs=50
cascade_num_candidate_groups=2
bit_fail_limit=1.00000000000000005551e-01
cascade_candidate_limit=1.00000000000000000000e+03
cascade_weight_multiplier=4.00000000000000022204e-01
cascade_activation_functions_count=10
cascade_activation_functions=3 5 7 8 10 11 14 15 16 17 
cascade_activation_steepnesses_count=4
cascade_activation_steepnesses=2.50000000000000000000e-01 5.00000000000000000000e-01 7.50000000000000000000e-01 1.00000000000000000000e+00 
layer_sizes=10 4 2 
scale_included=0
neurons (num_inputs, activation_function, activation_steepness)=(0, 0, 0.00000000000000000000e+00) (0, 0, 0.00000000000000000000e+00) (0, 0, 0.00000000000000000000e+00) (0, 0, 0.00000000000000000000e+00) (0, 0, 0.00000000000000000000e+00) (0, 0, 0.00000000000000000000e+00) (0, 0, 0.00000000000000000000e+00) (0, 0, 0.00000000000000000000e+00) (0, 0, 0.00000000000000000000e+00) (0, 0, 0.00000000000000000000e+00) (10, 6, 5.00000000000000000000e-01) (10, 6, 5.00000000000000000000e-01) (10, 6, 5.00000000000000000000e-01) (0, 6, 0.00000000000000000000e+00) (4, 4, 5.00000000000000000000e-01) (0, 4, 0.00000000000000000000e+00) 
connections (connected_to_neuron, weight)=(0, 4.57667920782706072469e-01) (1, -5.31393740016944948756e-01) (2, -9.20060389557958302476e+00) (3, 3.05486452927623164388e-01) (4, -3.15955511908639130603e-01) (5, -1.36432746324924969450e-01) (6, -1.58397248688770098113e+00) (7, -9.57871027893864718239e-03) (8, 1.33968227627222907783e-01) (9, 5.54787355276747051747e-01) (0, -2.77521782752096646263e+00) (1, 1.68418001668805272786e+00) (2, 1.59297161192415392961e+00) (3, -3.15526341432920631735e-01) (4, 1.08090695054077423620e+00) (5, -4.04288061214005678412e-01) (6, 3.19299773597569647166e+00) (7, 4.52689396887135275804e-01) (8, -3.72203526317262445300e-01) (9, -1.63410212920084196853e+00) (0, -4.73454669051833132443e+00) (1, 4.52623927120625513254e+00) (2, 3.94683618983576289807e+00) (3, -2.54751224346252147512e+00) (4, 2.50779669248472236731e+00) (5, 4.95167726196873325684e-01) (6, 3.92452149955407936233e+00) (7, 1.91251518431791422969e+00) (8, -2.29750133054437277735e+00) (9, -4.11605536259093884865e+00) (10, -2.25216296310212316101e+00) (11, 4.63746140281816376927e+00) (12, 5.21685625950065556822e+00) (13, -2.01967618188802511270e+00) 
