FANN_FLO_2.1
num_layers=3
learning_rate=0.700000
connection_rate=1.000000
network_type=0
learning_momentum=0.000000
training_algorithm=2
train_error_function=1
train_stop_function=1
cascade_output_change_fraction=0.010000
quickprop_decay=-0.000100
quickprop_mu=1.750000
rprop_increase_factor=1.200000
rprop_decrease_factor=0.500000
rprop_delta_min=0.000000
rprop_delta_max=50.000000
rprop_delta_zero=0.100000
cascade_output_stagnation_epochs=12
cascade_candidate_change_fraction=0.010000
cascade_candidate_stagnation_epochs=12
cascade_max_out_epochs=150
cascade_min_out_epochs=50
cascade_max_cand_epochs=150
cascade_min_cand_epochs=50
cascade_num_candidate_groups=2
bit_fail_limit=1.00000000000000005551e-01
cascade_candidate_limit=1.00000000000000000000e+03
cascade_weight_multiplier=4.00000000000000022204e-01
cascade_activation_functions_count=10
cascade_activation_functions=3 5 7 8 10 11 14 15 16 17 
cascade_activation_steepnesses_count=4
cascade_activation_steepnesses=2.50000000000000000000e-01 5.00000000000000000000e-01 7.50000000000000000000e-01 1.00000000000000000000e+00 
layer_sizes=7 4 2 
scale_included=0
neurons (num_inputs, activation_function, activation_steepness)=(0, 0, 0.00000000000000000000e+00) (0, 0, 0.00000000000000000000e+00) (0, 0, 0.00000000000000000000e+00) (0, 0, 0.00000000000000000000e+00) (0, 0, 0.00000000000000000000e+00) (0, 0, 0.00000000000000000000e+00) (0, 0, 0.00000000000000000000e+00) (7, 6, 5.00000000000000000000e-01) (7, 6, 5.00000000000000000000e-01) (7, 6, 5.00000000000000000000e-01) (0, 6, 0.00000000000000000000e+00) (4, 4, 5.00000000000000000000e-01) (0, 4, 0.00000000000000000000e+00) 
connections (connected_to_neuron, weight)=(0, 1.90906769835849732253e+00) (1, 1.64512772000598384015e-01) (2, -3.87776491876786311153e-01) (3, 1.11979185116423840540e+00) (4, 8.56362412196016387078e-01) (5, 1.49846029890666671003e-01) (6, -1.12202488699207306166e-01) (0, 1.50131036695383612845e+00) (1, 1.41849307163115878616e+00) (2, 1.67826757930893122328e+00) (3, 1.86462232440899322583e+00) (4, 1.10304773096406072419e+00) (5, 4.87346572151673207429e-01) (6, -2.05369705938693636327e+00) (0, 1.60429638233725402330e+00) (1, 1.49723499905064016957e+00) (2, 1.48542858273768696442e+00) (3, 1.88078767031620452954e+00) (4, 1.18094011638724416535e+00) (5, 4.78945056666484292318e-01) (6, -1.77675808138118185298e+00) (7, 2.09333334469620613305e+00) (8, 9.59576259594528835351e+00) (9, 2.30556539492783905132e+01) (10, -3.92093964339966438715e+00) 
