FANN_FLO_2.1
num_layers=3
learning_rate=0.700000
connection_rate=1.000000
network_type=0
learning_momentum=0.000000
training_algorithm=2
train_error_function=1
train_stop_function=1
cascade_output_change_fraction=0.010000
quickprop_decay=-0.000100
quickprop_mu=1.750000
rprop_increase_factor=1.200000
rprop_decrease_factor=0.500000
rprop_delta_min=0.000000
rprop_delta_max=50.000000
rprop_delta_zero=0.100000
cascade_output_stagnation_epochs=12
cascade_candidate_change_fraction=0.010000
cascade_candidate_stagnation_epochs=12
cascade_max_out_epochs=150
cascade_min_out_epochs=50
cascade_max_cand_epochs=150
cascade_min_cand_epochs=50
cascade_num_candidate_groups=2
bit_fail_limit=1.00000000000000005551e-01
cascade_candidate_limit=1.00000000000000000000e+03
cascade_weight_multiplier=4.00000000000000022204e-01
cascade_activation_functions_count=10
cascade_activation_functions=3 5 7 8 10 11 14 15 16 17 
cascade_activation_steepnesses_count=4
cascade_activation_steepnesses=2.50000000000000000000e-01 5.00000000000000000000e-01 7.50000000000000000000e-01 1.00000000000000000000e+00 
layer_sizes=13 4 2 
scale_included=0
neurons (num_inputs, activation_function, activation_steepness)=(0, 0, 0.00000000000000000000e+00) (0, 0, 0.00000000000000000000e+00) (0, 0, 0.00000000000000000000e+00) (0, 0, 0.00000000000000000000e+00) (0, 0, 0.00000000000000000000e+00) (0, 0, 0.00000000000000000000e+00) (0, 0, 0.00000000000000000000e+00) (0, 0, 0.00000000000000000000e+00) (0, 0, 0.00000000000000000000e+00) (0, 0, 0.00000000000000000000e+00) (0, 0, 0.00000000000000000000e+00) (0, 0, 0.00000000000000000000e+00) (0, 0, 0.00000000000000000000e+00) (13, 6, 5.00000000000000000000e-01) (13, 6, 5.00000000000000000000e-01) (13, 6, 5.00000000000000000000e-01) (0, 6, 0.00000000000000000000e+00) (4, 4, 5.00000000000000000000e-01) (0, 4, 0.00000000000000000000e+00) 
connections (connected_to_neuron, weight)=(0, -3.45675348852270269973e+00) (1, 2.86831396218883227789e+00) (2, 2.22264745196178309383e-01) (3, 1.71460176475494585624e+00) (4, 1.89523105374641143150e+00) (5, 1.28707349219424416198e+00) (6, 1.20157446162546865942e+00) (7, 1.89496028314584696872e+00) (8, 1.26318058290583778991e+00) (9, -7.62747157039126655320e-01) (10, 1.94702381044416972244e+00) (11, 8.05172237768664755819e-01) (12, -2.08800280177204466980e+00) (0, -3.45639766369455481154e+00) (1, 2.70790079381810855352e+00) (2, 2.32064881285503260555e-01) (3, 2.27111178546842040760e+00) (4, 1.87481516650981627770e+00) (5, 1.18704885908467461242e+00) (6, 1.13510108934487097265e+00) (7, 1.94779828082078898532e+00) (8, 1.09418007650477533410e+00) (9, -2.75527275152351980303e-01) (10, 1.92287799119740077103e+00) (11, 8.82460455611243865803e-01) (12, -2.16154377990572310608e+00) (0, 1.92753689136907602197e+00) (1, -2.20559347683494211267e+00) (2, 4.41355867613822561157e-01) (3, -1.75781001213375986936e+00) (4, -2.01080799522872855079e+00) (5, -3.03062413387554130395e-01) (6, -4.25754524395532463199e-01) (7, -1.97604306828154840936e+00) (8, -2.64197472982662273644e-01) (9, 2.24883428594182976923e+00) (10, -2.26286929158823157948e+00) (11, -2.75630780520652318710e-02) (12, 2.00921470817729996838e+00) (13, 8.88675110510298438271e+00) (14, 8.86560257247397132119e+00) (15, -1.85890560615722471027e+01) (16, -1.11030699121587339562e+00) 
