FANN_FLO_2.1
num_layers=3
learning_rate=0.700000
connection_rate=1.000000
network_type=0
learning_momentum=0.000000
training_algorithm=2
train_error_function=1
train_stop_function=1
cascade_output_change_fraction=0.010000
quickprop_decay=-0.000100
quickprop_mu=1.750000
rprop_increase_factor=1.200000
rprop_decrease_factor=0.500000
rprop_delta_min=0.000000
rprop_delta_max=50.000000
rprop_delta_zero=0.100000
cascade_output_stagnation_epochs=12
cascade_candidate_change_fraction=0.010000
cascade_candidate_stagnation_epochs=12
cascade_max_out_epochs=150
cascade_min_out_epochs=50
cascade_max_cand_epochs=150
cascade_min_cand_epochs=50
cascade_num_candidate_groups=2
bit_fail_limit=1.00000000000000005551e-01
cascade_candidate_limit=1.00000000000000000000e+03
cascade_weight_multiplier=4.00000000000000022204e-01
cascade_activation_functions_count=10
cascade_activation_functions=3 5 7 8 10 11 14 15 16 17 
cascade_activation_steepnesses_count=4
cascade_activation_steepnesses=2.50000000000000000000e-01 5.00000000000000000000e-01 7.50000000000000000000e-01 1.00000000000000000000e+00 
layer_sizes=8 4 2 
scale_included=0
neurons (num_inputs, activation_function, activation_steepness)=(0, 0, 0.00000000000000000000e+00) (0, 0, 0.00000000000000000000e+00) (0, 0, 0.00000000000000000000e+00) (0, 0, 0.00000000000000000000e+00) (0, 0, 0.00000000000000000000e+00) (0, 0, 0.00000000000000000000e+00) (0, 0, 0.00000000000000000000e+00) (0, 0, 0.00000000000000000000e+00) (8, 6, 5.00000000000000000000e-01) (8, 6, 5.00000000000000000000e-01) (8, 6, 5.00000000000000000000e-01) (0, 6, 0.00000000000000000000e+00) (4, 4, 5.00000000000000000000e-01) (0, 4, 0.00000000000000000000e+00) 
connections (connected_to_neuron, weight)=(0, -3.20812637647692633358e-01) (1, 4.37501433275756657082e+00) (2, 2.43345100509797157562e-01) (3, -7.23524271021548148752e-01) (4, 3.07697046203161683753e-01) (5, 3.98288837910031823242e+00) (6, 4.24766862176475346047e+00) (7, -3.12331322594015770022e+00) (0, -1.20173074994898362866e-02) (1, 8.43988335625595387235e-01) (2, 4.64386526440555058581e-01) (3, 2.37516533109972116655e-02) (4, 3.25510123008941956724e-02) (5, 1.70924168866582482096e+00) (6, 8.12846950189537342801e-01) (7, -2.29678700322678314150e-01) (0, -8.41442068597832215637e-01) (1, 2.54586304950272612757e+00) (2, 9.39080911905120774286e-02) (3, -5.56575311929708993475e-01) (4, -8.68455459854164613098e-01) (5, 3.80589275318717490393e+00) (6, 2.67149125265633635706e+00) (7, -1.20643632528683575345e+00) (8, 7.66247225555379074535e+00) (9, 1.44627541131601278224e+00) (10, 4.57738516108746740230e+00) (11, -1.93957107689624486113e+00) 
