FANN_FLO_2.1
num_layers=3
learning_rate=0.700000
connection_rate=1.000000
network_type=0
learning_momentum=0.000000
training_algorithm=2
train_error_function=1
train_stop_function=1
cascade_output_change_fraction=0.010000
quickprop_decay=-0.000100
quickprop_mu=1.750000
rprop_increase_factor=1.200000
rprop_decrease_factor=0.500000
rprop_delta_min=0.000000
rprop_delta_max=50.000000
rprop_delta_zero=0.100000
cascade_output_stagnation_epochs=12
cascade_candidate_change_fraction=0.010000
cascade_candidate_stagnation_epochs=12
cascade_max_out_epochs=150
cascade_min_out_epochs=50
cascade_max_cand_epochs=150
cascade_min_cand_epochs=50
cascade_num_candidate_groups=2
bit_fail_limit=1.00000000000000005551e-01
cascade_candidate_limit=1.00000000000000000000e+03
cascade_weight_multiplier=4.00000000000000022204e-01
cascade_activation_functions_count=10
cascade_activation_functions=3 5 7 8 10 11 14 15 16 17 
cascade_activation_steepnesses_count=4
cascade_activation_steepnesses=2.50000000000000000000e-01 5.00000000000000000000e-01 7.50000000000000000000e-01 1.00000000000000000000e+00 
layer_sizes=10 4 2 
scale_included=0
neurons (num_inputs, activation_function, activation_steepness)=(0, 0, 0.00000000000000000000e+00) (0, 0, 0.00000000000000000000e+00) (0, 0, 0.00000000000000000000e+00) (0, 0, 0.00000000000000000000e+00) (0, 0, 0.00000000000000000000e+00) (0, 0, 0.00000000000000000000e+00) (0, 0, 0.00000000000000000000e+00) (0, 0, 0.00000000000000000000e+00) (0, 0, 0.00000000000000000000e+00) (0, 0, 0.00000000000000000000e+00) (10, 6, 5.00000000000000000000e-01) (10, 6, 5.00000000000000000000e-01) (10, 6, 5.00000000000000000000e-01) (0, 6, 0.00000000000000000000e+00) (4, 4, 5.00000000000000000000e-01) (0, 4, 0.00000000000000000000e+00) 
connections (connected_to_neuron, weight)=(0, 4.37985662761126048892e-01) (1, -3.39821683888535230889e-01) (2, -5.18502012516127597230e-01) (3, 2.32915402825979472867e-01) (4, 5.78022362697858671510e-02) (5, 8.90140105374053088039e-03) (6, -4.58371122169720257578e-01) (7, 6.56010244605350761882e-02) (8, 4.55681318975989860243e-02) (9, 3.61970559839993377693e-01) (0, 2.67434774668286401322e+00) (1, -3.89163146374176172060e+00) (2, -2.29438460720022607831e+00) (3, 2.15026099125216418884e+00) (4, 9.01516495495750108669e-02) (5, -2.05091426140016352964e-01) (6, -2.09940421620651163082e+00) (7, -8.00275777837271218296e-01) (8, 3.89144968878994690353e-01) (9, 2.80638188080261263835e+00) (0, -2.05614099152915086322e+00) (1, 1.57494526770783282998e+00) (2, 2.82845211424635989417e+00) (3, -1.46553898477340727169e+00) (4, 1.48741330539444005510e+00) (5, 4.15239581584637029721e-01) (6, 3.11842355358689005129e+00) (7, 8.35370371329055783072e-01) (8, -2.25346511690550599383e+00) (9, -2.03943377234570588641e+00) (10, -8.93524436652283071680e+00) (11, -4.63875473800809068337e+00) (12, 1.09456651216512081959e+01) (13, -1.67708911209583799717e+00) 
