FANN_FLO_2.1
num_layers=3
learning_rate=0.700000
connection_rate=1.000000
network_type=0
learning_momentum=0.000000
training_algorithm=2
train_error_function=1
train_stop_function=1
cascade_output_change_fraction=0.010000
quickprop_decay=-0.000100
quickprop_mu=1.750000
rprop_increase_factor=1.200000
rprop_decrease_factor=0.500000
rprop_delta_min=0.000000
rprop_delta_max=50.000000
rprop_delta_zero=0.100000
cascade_output_stagnation_epochs=12
cascade_candidate_change_fraction=0.010000
cascade_candidate_stagnation_epochs=12
cascade_max_out_epochs=150
cascade_min_out_epochs=50
cascade_max_cand_epochs=150
cascade_min_cand_epochs=50
cascade_num_candidate_groups=2
bit_fail_limit=1.00000000000000005551e-01
cascade_candidate_limit=1.00000000000000000000e+03
cascade_weight_multiplier=4.00000000000000022204e-01
cascade_activation_functions_count=10
cascade_activation_functions=3 5 7 8 10 11 14 15 16 17 
cascade_activation_steepnesses_count=4
cascade_activation_steepnesses=2.50000000000000000000e-01 5.00000000000000000000e-01 7.50000000000000000000e-01 1.00000000000000000000e+00 
layer_sizes=12 4 2 
scale_included=0
neurons (num_inputs, activation_function, activation_steepness)=(0, 0, 0.00000000000000000000e+00) (0, 0, 0.00000000000000000000e+00) (0, 0, 0.00000000000000000000e+00) (0, 0, 0.00000000000000000000e+00) (0, 0, 0.00000000000000000000e+00) (0, 0, 0.00000000000000000000e+00) (0, 0, 0.00000000000000000000e+00) (0, 0, 0.00000000000000000000e+00) (0, 0, 0.00000000000000000000e+00) (0, 0, 0.00000000000000000000e+00) (0, 0, 0.00000000000000000000e+00) (0, 0, 0.00000000000000000000e+00) (12, 6, 5.00000000000000000000e-01) (12, 6, 5.00000000000000000000e-01) (12, 6, 5.00000000000000000000e-01) (0, 6, 0.00000000000000000000e+00) (4, 4, 5.00000000000000000000e-01) (0, 4, 0.00000000000000000000e+00) 
connections (connected_to_neuron, weight)=(0, -2.47154100344392446686e-01) (1, 2.67368478117908070502e+00) (2, -2.30494535717361737071e+00) (3, -1.44770994408123493402e-01) (4, 5.98439130177619779682e-02) (5, 2.10574584163281164351e+00) (6, 2.12461645253477726669e+00) (7, 1.54464920394511029400e+00) (8, -2.20330518553032828066e+00) (9, -8.95778765736491983107e-02) (10, -1.09434824979153438873e-01) (11, -1.99136310450523830451e-02) (0, -2.06196202470954825792e-01) (1, 1.11617047876131025852e+00) (2, 2.91314863982785476892e+00) (3, -4.22298501575273585451e-02) (4, 3.19121067710720074384e-01) (5, 2.55901871145058634749e-01) (6, 3.38805693262946294730e-01) (7, -7.21105072976260669249e-02) (8, 3.13466700278435661531e+00) (9, 1.88843185920651940313e-01) (10, 1.66221599001821124242e-01) (11, -4.90905707208264041608e-01) (0, -1.94716667659987763273e+00) (1, 6.43821069463976769498e-01) (2, 1.42762419677538705542e+01) (3, 1.19339561435235674836e+00) (4, 1.26250658088887246500e+00) (5, 4.28598697337563838694e-01) (6, 6.71549263277192665100e-01) (7, 1.53460043277044633214e+00) (8, 1.71812974608000210708e+01) (9, 1.25165421580230917797e-01) (10, 1.56879078661358112301e-01) (11, -4.98452825674527044697e+00) (12, 5.59134274631042593739e+00) (13, -2.70344324990468676262e+00) (14, 5.97293098254261334290e+00) (15, -2.49138276092362254133e+00) 
