FANN_FLO_2.1
num_layers=3
learning_rate=0.700000
connection_rate=1.000000
network_type=0
learning_momentum=0.000000
training_algorithm=2
train_error_function=1
train_stop_function=1
cascade_output_change_fraction=0.010000
quickprop_decay=-0.000100
quickprop_mu=1.750000
rprop_increase_factor=1.200000
rprop_decrease_factor=0.500000
rprop_delta_min=0.000000
rprop_delta_max=50.000000
rprop_delta_zero=0.100000
cascade_output_stagnation_epochs=12
cascade_candidate_change_fraction=0.010000
cascade_candidate_stagnation_epochs=12
cascade_max_out_epochs=150
cascade_min_out_epochs=50
cascade_max_cand_epochs=150
cascade_min_cand_epochs=50
cascade_num_candidate_groups=2
bit_fail_limit=1.00000000000000005551e-01
cascade_candidate_limit=1.00000000000000000000e+03
cascade_weight_multiplier=4.00000000000000022204e-01
cascade_activation_functions_count=10
cascade_activation_functions=3 5 7 8 10 11 14 15 16 17 
cascade_activation_steepnesses_count=4
cascade_activation_steepnesses=2.50000000000000000000e-01 5.00000000000000000000e-01 7.50000000000000000000e-01 1.00000000000000000000e+00 
layer_sizes=15 4 2 
scale_included=0
neurons (num_inputs, activation_function, activation_steepness)=(0, 0, 0.00000000000000000000e+00) (0, 0, 0.00000000000000000000e+00) (0, 0, 0.00000000000000000000e+00) (0, 0, 0.00000000000000000000e+00) (0, 0, 0.00000000000000000000e+00) (0, 0, 0.00000000000000000000e+00) (0, 0, 0.00000000000000000000e+00) (0, 0, 0.00000000000000000000e+00) (0, 0, 0.00000000000000000000e+00) (0, 0, 0.00000000000000000000e+00) (0, 0, 0.00000000000000000000e+00) (0, 0, 0.00000000000000000000e+00) (0, 0, 0.00000000000000000000e+00) (0, 0, 0.00000000000000000000e+00) (0, 0, 0.00000000000000000000e+00) (15, 6, 5.00000000000000000000e-01) (15, 6, 5.00000000000000000000e-01) (15, 6, 5.00000000000000000000e-01) (0, 6, 0.00000000000000000000e+00) (4, 4, 5.00000000000000000000e-01) (0, 4, 0.00000000000000000000e+00) 
connections (connected_to_neuron, weight)=(0, -1.15821153373364502670e+01) (1, 1.98907111897051014360e+00) (2, -2.01062272275470954597e+00) (3, 7.65037663910799525802e-01) (4, -7.25980465890211368318e-01) (5, -3.89126909176546442737e+00) (6, -1.73108292088839710310e+00) (7, 6.48129011177690617096e-01) (8, 4.80801841662607865047e-01) (9, 1.45730153895356218108e+00) (10, -7.32090855858607003626e-01) (11, -4.73351116817074535348e-01) (12, 3.40428962716380789644e-01) (13, 4.48827403517950962453e+00) (14, 2.67693345917895009212e-01) (0, -1.40027650741455538252e+01) (1, 1.94265374943782792583e-01) (2, 1.00082966115945808383e+01) (3, -2.07352266359832215770e+00) (4, -6.89248932114051249265e-01) (5, -2.12056907487054546735e+00) (6, 3.75861898285916540274e-01) (7, 3.01203764776710528062e-02) (8, 4.36539265117300789854e-01) (9, -1.32220813017589677862e+00) (10, -7.18340751677730815494e-01) (11, -7.82186706685580324105e-01) (12, -2.80230735866290370240e+00) (13, 1.85045859914662047530e-01) (14, 1.73947772221255858582e+00) (0, -3.28329531230018858423e+01) (1, -4.20171457303436968189e-01) (2, -5.31577790271053451931e+00) (3, -1.40061392980788812501e+00) (4, 9.41361577554136630397e+00) (5, -8.59048231176193555214e-01) (6, 1.27243784913025037575e+00) (7, 1.98799097622019367293e+01) (8, 9.14415076800467185869e-01) (9, 2.62744578865538214174e+00) (10, 9.31006853959842217705e+00) (11, 9.27115676049621839638e+00) (12, 3.86359544805872578976e+00) (13, 6.15503305706123793328e+00) (14, 3.86759189487234089633e-01) (15, 1.05405089739557062956e+01) (16, 1.69879837166796328063e+01) (17, 1.33287832824347667326e+01) (18, -8.12222595735008989770e-01) 
