FANN_FLO_2.1
num_layers=3
learning_rate=0.700000
connection_rate=1.000000
network_type=0
learning_momentum=0.000000
training_algorithm=2
train_error_function=1
train_stop_function=1
cascade_output_change_fraction=0.010000
quickprop_decay=-0.000100
quickprop_mu=1.750000
rprop_increase_factor=1.200000
rprop_decrease_factor=0.500000
rprop_delta_min=0.000000
rprop_delta_max=50.000000
rprop_delta_zero=0.100000
cascade_output_stagnation_epochs=12
cascade_candidate_change_fraction=0.010000
cascade_candidate_stagnation_epochs=12
cascade_max_out_epochs=150
cascade_min_out_epochs=50
cascade_max_cand_epochs=150
cascade_min_cand_epochs=50
cascade_num_candidate_groups=2
bit_fail_limit=1.00000000000000005551e-01
cascade_candidate_limit=1.00000000000000000000e+03
cascade_weight_multiplier=4.00000000000000022204e-01
cascade_activation_functions_count=10
cascade_activation_functions=3 5 7 8 10 11 14 15 16 17 
cascade_activation_steepnesses_count=4
cascade_activation_steepnesses=2.50000000000000000000e-01 5.00000000000000000000e-01 7.50000000000000000000e-01 1.00000000000000000000e+00 
layer_sizes=12 4 2 
scale_included=0
neurons (num_inputs, activation_function, activation_steepness)=(0, 0, 0.00000000000000000000e+00) (0, 0, 0.00000000000000000000e+00) (0, 0, 0.00000000000000000000e+00) (0, 0, 0.00000000000000000000e+00) (0, 0, 0.00000000000000000000e+00) (0, 0, 0.00000000000000000000e+00) (0, 0, 0.00000000000000000000e+00) (0, 0, 0.00000000000000000000e+00) (0, 0, 0.00000000000000000000e+00) (0, 0, 0.00000000000000000000e+00) (0, 0, 0.00000000000000000000e+00) (0, 0, 0.00000000000000000000e+00) (12, 6, 5.00000000000000000000e-01) (12, 6, 5.00000000000000000000e-01) (12, 6, 5.00000000000000000000e-01) (0, 6, 0.00000000000000000000e+00) (4, 4, 5.00000000000000000000e-01) (0, 4, 0.00000000000000000000e+00) 
connections (connected_to_neuron, weight)=(0, -5.22764740516477477428e+00) (1, 1.91978620888220703478e+01) (2, 3.93561019562167624386e+00) (3, -1.34831339260832239191e+00) (4, -3.96510410948356977201e+01) (5, 4.56551590915881888577e+00) (6, 3.24824247137815858011e+00) (7, 3.96898499189768472206e+00) (8, -9.18473607562556471073e-01) (9, -4.91047281909623034579e+00) (10, 3.11653686664610818369e+00) (11, 2.84603826834040329885e+00) (0, 2.12830109468893136082e+00) (1, 8.64450148177575783848e+02) (2, 2.37845284084060937246e+00) (3, 1.85300607876187672929e+00) (4, 8.64444260337632613300e+02) (5, 6.12946352131923166695e-01) (6, 2.97104843065640611410e-01) (7, 7.07034708673896838960e-01) (8, 1.80898770041736178804e+00) (9, -1.56330182036681097912e+00) (10, -2.57525021286652595620e+01) (11, -2.78986316568137437955e+00) (0, 3.15800974623318264634e+00) (1, 1.10508407345371597330e+03) (2, 3.32948806429146315633e-01) (3, 2.14358589876813088182e+00) (4, 1.10506649239318721811e+03) (5, 1.08600076543699430864e+00) (6, 7.87337792569630517958e-04) (7, 1.28602513792568040607e+00) (8, 1.48636250802430480711e+00) (9, -7.08866592944800033571e-01) (10, 7.70001340241955389843e+00) (11, -2.10534472974196518180e+00) (12, -4.86753090530585552642e+00) (13, 3.73479385269744712517e+00) (14, 6.23600703267878397895e+00) (15, -1.31266279750883541055e+00) 
