FANN_FLO_2.1
num_layers=3
learning_rate=0.700000
connection_rate=1.000000
network_type=0
learning_momentum=0.000000
training_algorithm=2
train_error_function=1
train_stop_function=1
cascade_output_change_fraction=0.010000
quickprop_decay=-0.000100
quickprop_mu=1.750000
rprop_increase_factor=1.200000
rprop_decrease_factor=0.500000
rprop_delta_min=0.000000
rprop_delta_max=50.000000
rprop_delta_zero=0.100000
cascade_output_stagnation_epochs=12
cascade_candidate_change_fraction=0.010000
cascade_candidate_stagnation_epochs=12
cascade_max_out_epochs=150
cascade_min_out_epochs=50
cascade_max_cand_epochs=150
cascade_min_cand_epochs=50
cascade_num_candidate_groups=2
bit_fail_limit=1.00000000000000005551e-01
cascade_candidate_limit=1.00000000000000000000e+03
cascade_weight_multiplier=4.00000000000000022204e-01
cascade_activation_functions_count=10
cascade_activation_functions=3 5 7 8 10 11 14 15 16 17 
cascade_activation_steepnesses_count=4
cascade_activation_steepnesses=2.50000000000000000000e-01 5.00000000000000000000e-01 7.50000000000000000000e-01 1.00000000000000000000e+00 
layer_sizes=8 4 2 
scale_included=0
neurons (num_inputs, activation_function, activation_steepness)=(0, 0, 0.00000000000000000000e+00) (0, 0, 0.00000000000000000000e+00) (0, 0, 0.00000000000000000000e+00) (0, 0, 0.00000000000000000000e+00) (0, 0, 0.00000000000000000000e+00) (0, 0, 0.00000000000000000000e+00) (0, 0, 0.00000000000000000000e+00) (0, 0, 0.00000000000000000000e+00) (8, 6, 5.00000000000000000000e-01) (8, 6, 5.00000000000000000000e-01) (8, 6, 5.00000000000000000000e-01) (0, 6, 0.00000000000000000000e+00) (4, 4, 5.00000000000000000000e-01) (0, 4, 0.00000000000000000000e+00) 
connections (connected_to_neuron, weight)=(0, -1.66064155354121112396e+00) (1, 4.28613975722786300082e+00) (2, -2.87181680329465061075e-01) (3, -1.06184585845914813973e+00) (4, -1.21692901336133885160e+00) (5, -1.23750995703518795743e+00) (6, -1.15893166371167111173e+00) (7, -1.74811441703656078595e+00) (0, -4.09655884524569302574e-02) (1, 2.01545113088756711051e+00) (2, 1.93435046568498680841e+00) (3, -2.92418369229957147981e-02) (4, 1.19018493297895641692e-01) (5, 1.50112180116972193655e-01) (6, 8.20981991322843746017e-02) (7, -1.95085254142441683056e-01) (0, 5.80303741752282095656e-02) (1, 1.09752989174232706837e+00) (2, 9.25994392944358146735e-01) (3, 2.13952556371064833707e-01) (4, 3.19111422747674233769e-01) (5, 2.97466346174779239231e-01) (6, 1.28689859294995351258e-01) (7, -6.23000359908792017416e-02) (8, 8.67870404797012007236e+00) (9, 9.50360184885121306309e-01) (10, 1.11523385532344132542e+00) (11, -2.41622848345870089304e+00) 
