FANN_FLO_2.1
num_layers=3
learning_rate=0.700000
connection_rate=1.000000
network_type=0
learning_momentum=0.000000
training_algorithm=2
train_error_function=1
train_stop_function=1
cascade_output_change_fraction=0.010000
quickprop_decay=-0.000100
quickprop_mu=1.750000
rprop_increase_factor=1.200000
rprop_decrease_factor=0.500000
rprop_delta_min=0.000000
rprop_delta_max=50.000000
rprop_delta_zero=0.100000
cascade_output_stagnation_epochs=12
cascade_candidate_change_fraction=0.010000
cascade_candidate_stagnation_epochs=12
cascade_max_out_epochs=150
cascade_min_out_epochs=50
cascade_max_cand_epochs=150
cascade_min_cand_epochs=50
cascade_num_candidate_groups=2
bit_fail_limit=1.00000000000000005551e-01
cascade_candidate_limit=1.00000000000000000000e+03
cascade_weight_multiplier=4.00000000000000022204e-01
cascade_activation_functions_count=10
cascade_activation_functions=3 5 7 8 10 11 14 15 16 17 
cascade_activation_steepnesses_count=4
cascade_activation_steepnesses=2.50000000000000000000e-01 5.00000000000000000000e-01 7.50000000000000000000e-01 1.00000000000000000000e+00 
layer_sizes=10 4 2 
scale_included=0
neurons (num_inputs, activation_function, activation_steepness)=(0, 0, 0.00000000000000000000e+00) (0, 0, 0.00000000000000000000e+00) (0, 0, 0.00000000000000000000e+00) (0, 0, 0.00000000000000000000e+00) (0, 0, 0.00000000000000000000e+00) (0, 0, 0.00000000000000000000e+00) (0, 0, 0.00000000000000000000e+00) (0, 0, 0.00000000000000000000e+00) (0, 0, 0.00000000000000000000e+00) (0, 0, 0.00000000000000000000e+00) (10, 6, 5.00000000000000000000e-01) (10, 6, 5.00000000000000000000e-01) (10, 6, 5.00000000000000000000e-01) (0, 6, 0.00000000000000000000e+00) (4, 4, 5.00000000000000000000e-01) (0, 4, 0.00000000000000000000e+00) 
connections (connected_to_neuron, weight)=(0, 2.01947065124283620108e+00) (1, -2.25825003109715982674e-01) (2, -1.37317318057787218777e+01) (3, 1.91406381184230656167e+00) (4, 3.79365631286589344295e-01) (5, 3.16824822011112172682e-01) (6, -1.37265817707550326077e+01) (7, 9.08642833648314107720e-01) (8, 3.63647429528354659833e-01) (9, 2.12830053323955148414e+00) (0, -3.79346929791621523265e+00) (1, 1.75714972325784799523e+01) (2, -7.58791791707190577121e-01) (3, -8.09785462417340973218e+00) (4, -2.28776221226876863568e+00) (5, -2.13891082506602980828e+00) (6, -3.76842426651671535964e+00) (7, -5.20978289260655369475e+00) (8, -3.75681453383477859109e-01) (9, -2.10846258433881006411e+00) (0, 3.49546435007551803409e+00) (1, -5.41639872148048651113e-01) (2, -1.56448044659932925526e+01) (3, 1.05756294283705654102e+00) (4, 5.65246816556771003448e-01) (5, 3.91469873017732061804e-01) (6, -1.57560297059258296315e+01) (7, 6.49343570004170533849e-01) (8, 3.08376043564740576208e-01) (9, 3.64406078213631978713e+00) (10, -1.22761157762084627265e+00) (11, 3.37691589372763001364e+00) (12, -2.65336001914592900519e+00) (13, -3.70522768848428230015e+00) 
