FANN_FLO_2.1
num_layers=3
learning_rate=0.700000
connection_rate=1.000000
network_type=0
learning_momentum=0.000000
training_algorithm=2
train_error_function=1
train_stop_function=1
cascade_output_change_fraction=0.010000
quickprop_decay=-0.000100
quickprop_mu=1.750000
rprop_increase_factor=1.200000
rprop_decrease_factor=0.500000
rprop_delta_min=0.000000
rprop_delta_max=50.000000
rprop_delta_zero=0.100000
cascade_output_stagnation_epochs=12
cascade_candidate_change_fraction=0.010000
cascade_candidate_stagnation_epochs=12
cascade_max_out_epochs=150
cascade_min_out_epochs=50
cascade_max_cand_epochs=150
cascade_min_cand_epochs=50
cascade_num_candidate_groups=2
bit_fail_limit=1.00000000000000005551e-01
cascade_candidate_limit=1.00000000000000000000e+03
cascade_weight_multiplier=4.00000000000000022204e-01
cascade_activation_functions_count=10
cascade_activation_functions=3 5 7 8 10 11 14 15 16 17 
cascade_activation_steepnesses_count=4
cascade_activation_steepnesses=2.50000000000000000000e-01 5.00000000000000000000e-01 7.50000000000000000000e-01 1.00000000000000000000e+00 
layer_sizes=11 4 2 
scale_included=0
neurons (num_inputs, activation_function, activation_steepness)=(0, 0, 0.00000000000000000000e+00) (0, 0, 0.00000000000000000000e+00) (0, 0, 0.00000000000000000000e+00) (0, 0, 0.00000000000000000000e+00) (0, 0, 0.00000000000000000000e+00) (0, 0, 0.00000000000000000000e+00) (0, 0, 0.00000000000000000000e+00) (0, 0, 0.00000000000000000000e+00) (0, 0, 0.00000000000000000000e+00) (0, 0, 0.00000000000000000000e+00) (0, 0, 0.00000000000000000000e+00) (11, 6, 5.00000000000000000000e-01) (11, 6, 5.00000000000000000000e-01) (11, 6, 5.00000000000000000000e-01) (0, 6, 0.00000000000000000000e+00) (4, 4, 5.00000000000000000000e-01) (0, 4, 0.00000000000000000000e+00) 
connections (connected_to_neuron, weight)=(0, -3.81612594076593092396e+00) (1, 3.05762493873183460735e+00) (2, 1.92656894244157284035e+00) (3, 8.11047604733663107801e-01) (4, -1.28981617148324989586e+00) (5, 2.04082652815050114015e+00) (6, 2.06856417224320487946e+00) (7, -3.74446736152216186344e-01) (8, 1.41479505191032006728e+00) (9, 8.08947058231936577677e-01) (10, -4.36682487859494461446e+00) (0, -2.36122564357085992781e-02) (1, -7.32383112492589916087e-01) (2, 4.40670289605527065735e-01) (3, 9.64982075729283600429e-02) (4, 9.96513128812310938764e-02) (5, 2.28892613538818867625e+00) (6, 1.92171715796509112728e+00) (7, 1.22973054801828032834e-01) (8, 6.93052316481261532211e-01) (9, 9.10379839892247189059e-02) (10, -1.33082968160347286934e-01) (0, -3.88193789799889721337e+00) (1, 3.13248071709816100494e+00) (2, 1.83931999124490230813e+00) (3, -3.11229159368458019319e-01) (4, -1.18814402128860496788e+00) (5, 1.89527838565773087964e+00) (6, 1.98873612225565077338e+00) (7, -4.51027183005381193670e-01) (8, 1.53172242233935906874e+00) (9, -2.24190979075720803193e-01) (10, -3.63393478610145859165e+00) (11, 1.66817673362581132324e+02) (12, 1.36194029102516345198e+00) (13, 3.13930153308164072712e+00) (14, -1.44385558129354585333e+00) 
