FANN_FLO_2.1
num_layers=3
learning_rate=0.700000
connection_rate=1.000000
network_type=0
learning_momentum=0.000000
training_algorithm=2
train_error_function=1
train_stop_function=1
cascade_output_change_fraction=0.010000
quickprop_decay=-0.000100
quickprop_mu=1.750000
rprop_increase_factor=1.200000
rprop_decrease_factor=0.500000
rprop_delta_min=0.000000
rprop_delta_max=50.000000
rprop_delta_zero=0.100000
cascade_output_stagnation_epochs=12
cascade_candidate_change_fraction=0.010000
cascade_candidate_stagnation_epochs=12
cascade_max_out_epochs=150
cascade_min_out_epochs=50
cascade_max_cand_epochs=150
cascade_min_cand_epochs=50
cascade_num_candidate_groups=2
bit_fail_limit=1.00000000000000005551e-01
cascade_candidate_limit=1.00000000000000000000e+03
cascade_weight_multiplier=4.00000000000000022204e-01
cascade_activation_functions_count=10
cascade_activation_functions=3 5 7 8 10 11 14 15 16 17 
cascade_activation_steepnesses_count=4
cascade_activation_steepnesses=2.50000000000000000000e-01 5.00000000000000000000e-01 7.50000000000000000000e-01 1.00000000000000000000e+00 
layer_sizes=18 4 2 
scale_included=0
neurons (num_inputs, activation_function, activation_steepness)=(0, 0, 0.00000000000000000000e+00) (0, 0, 0.00000000000000000000e+00) (0, 0, 0.00000000000000000000e+00) (0, 0, 0.00000000000000000000e+00) (0, 0, 0.00000000000000000000e+00) (0, 0, 0.00000000000000000000e+00) (0, 0, 0.00000000000000000000e+00) (0, 0, 0.00000000000000000000e+00) (0, 0, 0.00000000000000000000e+00) (0, 0, 0.00000000000000000000e+00) (0, 0, 0.00000000000000000000e+00) (0, 0, 0.00000000000000000000e+00) (0, 0, 0.00000000000000000000e+00) (0, 0, 0.00000000000000000000e+00) (0, 0, 0.00000000000000000000e+00) (0, 0, 0.00000000000000000000e+00) (0, 0, 0.00000000000000000000e+00) (0, 0, 0.00000000000000000000e+00) (18, 6, 5.00000000000000000000e-01) (18, 6, 5.00000000000000000000e-01) (18, 6, 5.00000000000000000000e-01) (0, 6, 0.00000000000000000000e+00) (4, 4, 5.00000000000000000000e-01) (0, 4, 0.00000000000000000000e+00) 
connections (connected_to_neuron, weight)=(0, -5.08307086954553954961e-01) (1, 2.10495178811452499090e+00) (2, 8.38926628292882670124e-01) (3, -1.19353720660847573143e+00) (4, -2.61037248292680157391e-01) (5, 3.04938284217885779981e+02) (6, -1.02464903144704379961e-02) (7, 3.76895957712733542522e-01) (8, 1.13443313913243648550e+00) (9, 1.03932158087179593586e+00) (10, 7.53334377646008301888e-01) (11, 9.25815669853372158471e-01) (12, -2.50637258787540673222e-01) (13, -5.15600371160866766118e-01) (14, 4.28414976595611896037e-01) (15, 9.05994043142037908112e-01) (16, -7.23334739501094281522e-01) (17, -6.71720363049946866951e-01) (0, -1.33543714947826930306e+00) (1, 1.75483663766379738291e+00) (2, 2.31430009685794857432e+00) (3, -4.61845485775024378050e-01) (4, 6.63238670812731800908e-01) (5, 5.44787858273619804095e+02) (6, -3.34851734576495474460e-01) (7, -4.03344868179410065423e-01) (8, -5.01954841630715908884e-01) (9, 1.40250326477382158963e+00) (10, 1.91352586336470253947e+00) (11, 1.20127046389598368670e+00) (12, -7.78287387853656031922e-01) (13, -5.84396144570649478389e-01) (14, 2.05709142320663840309e+00) (15, 1.94538793795616515858e+00) (16, -5.90926161857316500914e-01) (17, -1.66603185572972689599e+00) (0, 1.59097030855158627638e+00) (1, -7.81964547316371882957e-01) (2, -1.92900415151873527719e+00) (3, 2.34782954733728654872e+00) (4, 1.63658224142531216749e+00) (5, 4.36894982189920199289e+02) (6, -1.58960013523943788361e-01) (7, -9.49874616308045705004e-02) (8, -4.84426302536737352078e-02) (9, -3.36990691057251545715e+00) (10, -2.01028235379082076406e+00) (11, -1.83992101695671217421e+00) (12, 9.30940527399310324697e-01) (13, 1.73068765323383644272e+00) (14, -1.21385178694941875399e+00) (15, -1.26510613019087192477e+00) (16, 1.69053500663263633896e+00) (17, 2.07179814535492745620e+00) (18, 2.14512779228589645086e+00) (19, 1.35744088760787668946e+01) (20, -3.96680811565773394634e+00) (21, -1.88410799196356371077e+00) 
