FANN_FLO_2.1
num_layers=3
learning_rate=0.700000
connection_rate=1.000000
network_type=0
learning_momentum=0.000000
training_algorithm=2
train_error_function=1
train_stop_function=1
cascade_output_change_fraction=0.010000
quickprop_decay=-0.000100
quickprop_mu=1.750000
rprop_increase_factor=1.200000
rprop_decrease_factor=0.500000
rprop_delta_min=0.000000
rprop_delta_max=50.000000
rprop_delta_zero=0.100000
cascade_output_stagnation_epochs=12
cascade_candidate_change_fraction=0.010000
cascade_candidate_stagnation_epochs=12
cascade_max_out_epochs=150
cascade_min_out_epochs=50
cascade_max_cand_epochs=150
cascade_min_cand_epochs=50
cascade_num_candidate_groups=2
bit_fail_limit=1.00000000000000005551e-01
cascade_candidate_limit=1.00000000000000000000e+03
cascade_weight_multiplier=4.00000000000000022204e-01
cascade_activation_functions_count=10
cascade_activation_functions=3 5 7 8 10 11 14 15 16 17 
cascade_activation_steepnesses_count=4
cascade_activation_steepnesses=2.50000000000000000000e-01 5.00000000000000000000e-01 7.50000000000000000000e-01 1.00000000000000000000e+00 
layer_sizes=9 4 2 
scale_included=0
neurons (num_inputs, activation_function, activation_steepness)=(0, 0, 0.00000000000000000000e+00) (0, 0, 0.00000000000000000000e+00) (0, 0, 0.00000000000000000000e+00) (0, 0, 0.00000000000000000000e+00) (0, 0, 0.00000000000000000000e+00) (0, 0, 0.00000000000000000000e+00) (0, 0, 0.00000000000000000000e+00) (0, 0, 0.00000000000000000000e+00) (0, 0, 0.00000000000000000000e+00) (9, 6, 5.00000000000000000000e-01) (9, 6, 5.00000000000000000000e-01) (9, 6, 5.00000000000000000000e-01) (0, 6, 0.00000000000000000000e+00) (4, 4, 5.00000000000000000000e-01) (0, 4, 0.00000000000000000000e+00) 
connections (connected_to_neuron, weight)=(0, 2.64567447513596523678e-02) (1, 4.97349062122850593681e+00) (2, -1.76674948973654011297e+00) (3, -6.05165892237209401827e-01) (4, -6.90448501726936614276e-01) (5, -1.75554648706998595031e+00) (6, -1.61493127713289075231e+00) (7, -7.03841516396354949237e-01) (8, -5.10923694416454965417e-02) (0, 2.83718528282268644958e+00) (1, 3.63599893406454488520e-01) (2, -1.33763846734413398565e+01) (3, -1.52718468778614102632e+00) (4, 4.81805908118654868666e-01) (5, -4.88265178907882180237e-01) (6, -3.20466741729747095491e-01) (7, 1.41202272376006687793e+00) (8, 2.83831914943082930236e+00) (0, 2.14072780620541713859e+00) (1, 7.73105303736451698882e-01) (2, -8.84227083857773976661e+00) (3, -3.66038496626961507019e+00) (4, -6.11819595020216211445e-01) (5, -1.06751670139755683309e+00) (6, -1.07434424954380469686e+00) (7, 2.72407626373589673019e-01) (8, 1.95480121446830557019e+00) (9, 3.58131890419280063398e+00) (10, -3.55570211436770877711e+00) (11, -1.00685203846457516086e+00) (12, -4.26253904803343797170e+00) 
