FANN_FLO_2.1
num_layers=3
learning_rate=0.700000
connection_rate=1.000000
network_type=0
learning_momentum=0.000000
training_algorithm=2
train_error_function=1
train_stop_function=1
cascade_output_change_fraction=0.010000
quickprop_decay=-0.000100
quickprop_mu=1.750000
rprop_increase_factor=1.200000
rprop_decrease_factor=0.500000
rprop_delta_min=0.000000
rprop_delta_max=50.000000
rprop_delta_zero=0.100000
cascade_output_stagnation_epochs=12
cascade_candidate_change_fraction=0.010000
cascade_candidate_stagnation_epochs=12
cascade_max_out_epochs=150
cascade_min_out_epochs=50
cascade_max_cand_epochs=150
cascade_min_cand_epochs=50
cascade_num_candidate_groups=2
bit_fail_limit=1.00000000000000005551e-01
cascade_candidate_limit=1.00000000000000000000e+03
cascade_weight_multiplier=4.00000000000000022204e-01
cascade_activation_functions_count=10
cascade_activation_functions=3 5 7 8 10 11 14 15 16 17 
cascade_activation_steepnesses_count=4
cascade_activation_steepnesses=2.50000000000000000000e-01 5.00000000000000000000e-01 7.50000000000000000000e-01 1.00000000000000000000e+00 
layer_sizes=11 4 2 
scale_included=0
neurons (num_inputs, activation_function, activation_steepness)=(0, 0, 0.00000000000000000000e+00) (0, 0, 0.00000000000000000000e+00) (0, 0, 0.00000000000000000000e+00) (0, 0, 0.00000000000000000000e+00) (0, 0, 0.00000000000000000000e+00) (0, 0, 0.00000000000000000000e+00) (0, 0, 0.00000000000000000000e+00) (0, 0, 0.00000000000000000000e+00) (0, 0, 0.00000000000000000000e+00) (0, 0, 0.00000000000000000000e+00) (0, 0, 0.00000000000000000000e+00) (11, 6, 5.00000000000000000000e-01) (11, 6, 5.00000000000000000000e-01) (11, 6, 5.00000000000000000000e-01) (0, 6, 0.00000000000000000000e+00) (4, 4, 5.00000000000000000000e-01) (0, 4, 0.00000000000000000000e+00) 
connections (connected_to_neuron, weight)=(0, -1.07481017462620909164e+00) (1, -2.53231151886883987245e+00) (2, -1.66518670620421427309e+00) (3, -1.01873823837286256455e-01) (4, -1.97609110301034074375e+00) (5, 9.93995418631123328623e+00) (6, 2.34613945572218689506e+01) (7, -2.53613692449301597609e-01) (8, -1.29413094867496553109e-01) (9, -3.75573088177009350996e-01) (10, -1.72603366297451410460e+00) (0, -6.39463295013127776656e+02) (1, 2.26276260247008642601e-01) (2, 3.33962006582809767252e+00) (3, -6.46487623843259584522e-02) (4, -3.20891676551958049401e+00) (5, -3.02332088688672691035e+01) (6, -6.14407112207408658833e+01) (7, -7.00615601510518715145e-01) (8, 6.30388582155164245435e-01) (9, -2.44021459069303929823e+01) (10, -1.21087476696734086090e+02) (0, 8.89505038526770341889e+00) (1, -6.30202713495485600248e+00) (2, -3.73425536208864228271e+00) (3, -3.63147826030821407883e+00) (4, 3.24916598620587082635e+00) (5, -1.84884725678988948161e-01) (6, -1.44394053982252934532e+00) (7, 3.05091391041805914952e+00) (8, -2.65947174286870868798e+00) (9, -4.21865381962697405527e+00) (10, 6.63403153747858009837e+00) (11, 1.43564410109207098998e+01) (12, 1.98017811634056051240e+00) (13, -1.45702750334149406797e+01) (14, -3.26451068417002598920e+00) 
