FANN_FLO_2.1
num_layers=3
learning_rate=0.700000
connection_rate=1.000000
network_type=0
learning_momentum=0.000000
training_algorithm=2
train_error_function=1
train_stop_function=1
cascade_output_change_fraction=0.010000
quickprop_decay=-0.000100
quickprop_mu=1.750000
rprop_increase_factor=1.200000
rprop_decrease_factor=0.500000
rprop_delta_min=0.000000
rprop_delta_max=50.000000
rprop_delta_zero=0.100000
cascade_output_stagnation_epochs=12
cascade_candidate_change_fraction=0.010000
cascade_candidate_stagnation_epochs=12
cascade_max_out_epochs=150
cascade_min_out_epochs=50
cascade_max_cand_epochs=150
cascade_min_cand_epochs=50
cascade_num_candidate_groups=2
bit_fail_limit=1.00000000000000005551e-01
cascade_candidate_limit=1.00000000000000000000e+03
cascade_weight_multiplier=4.00000000000000022204e-01
cascade_activation_functions_count=10
cascade_activation_functions=3 5 7 8 10 11 14 15 16 17 
cascade_activation_steepnesses_count=4
cascade_activation_steepnesses=2.50000000000000000000e-01 5.00000000000000000000e-01 7.50000000000000000000e-01 1.00000000000000000000e+00 
layer_sizes=9 4 2 
scale_included=0
neurons (num_inputs, activation_function, activation_steepness)=(0, 0, 0.00000000000000000000e+00) (0, 0, 0.00000000000000000000e+00) (0, 0, 0.00000000000000000000e+00) (0, 0, 0.00000000000000000000e+00) (0, 0, 0.00000000000000000000e+00) (0, 0, 0.00000000000000000000e+00) (0, 0, 0.00000000000000000000e+00) (0, 0, 0.00000000000000000000e+00) (0, 0, 0.00000000000000000000e+00) (9, 6, 5.00000000000000000000e-01) (9, 6, 5.00000000000000000000e-01) (9, 6, 5.00000000000000000000e-01) (0, 6, 0.00000000000000000000e+00) (4, 4, 5.00000000000000000000e-01) (0, 4, 0.00000000000000000000e+00) 
connections (connected_to_neuron, weight)=(0, -5.09115190001950512766e+00) (1, 1.47306517415574500518e+00) (2, 1.17288742453848016112e+00) (3, 1.59548021019275632071e+00) (4, 9.72608456718484504222e-02) (5, 1.07199156697594499832e+00) (6, -7.68937832684946503958e-02) (7, -1.61373774709032524743e-01) (8, -9.82480174886155355196e-01) (0, 1.95585096500780615258e+01) (1, -1.29717765733520167259e+01) (2, -2.65069302196230793811e+00) (3, -5.36314987712508273177e+00) (4, 2.53298209723223477496e+00) (5, -2.36330218591589469312e+00) (6, -1.74361334809119083999e-01) (7, 2.45511410779364647183e+00) (8, 1.21362529678271311440e+01) (0, 2.25588042089248794753e+01) (1, -7.80744893911815651677e+00) (2, -2.27432434638723712794e+00) (3, -1.17857320391900466383e+00) (4, 4.60447635405895194793e+00) (5, 5.84577930319068017617e-01) (6, 2.73637006465121235266e+00) (7, 6.12892968188593023626e+00) (8, 2.43287578228811653958e+01) (9, 9.97181996125087266591e+00) (10, -2.18328083485612367554e+00) (11, -1.57249845082758921144e+00) (12, -2.06459022518984447458e+00) 
