FANN_FLO_2.1
num_layers=3
learning_rate=0.700000
connection_rate=1.000000
network_type=0
learning_momentum=0.000000
training_algorithm=2
train_error_function=1
train_stop_function=1
cascade_output_change_fraction=0.010000
quickprop_decay=-0.000100
quickprop_mu=1.750000
rprop_increase_factor=1.200000
rprop_decrease_factor=0.500000
rprop_delta_min=0.000000
rprop_delta_max=50.000000
rprop_delta_zero=0.100000
cascade_output_stagnation_epochs=12
cascade_candidate_change_fraction=0.010000
cascade_candidate_stagnation_epochs=12
cascade_max_out_epochs=150
cascade_min_out_epochs=50
cascade_max_cand_epochs=150
cascade_min_cand_epochs=50
cascade_num_candidate_groups=2
bit_fail_limit=1.00000000000000005551e-01
cascade_candidate_limit=1.00000000000000000000e+03
cascade_weight_multiplier=4.00000000000000022204e-01
cascade_activation_functions_count=10
cascade_activation_functions=3 5 7 8 10 11 14 15 16 17 
cascade_activation_steepnesses_count=4
cascade_activation_steepnesses=2.50000000000000000000e-01 5.00000000000000000000e-01 7.50000000000000000000e-01 1.00000000000000000000e+00 
layer_sizes=11 4 2 
scale_included=0
neurons (num_inputs, activation_function, activation_steepness)=(0, 0, 0.00000000000000000000e+00) (0, 0, 0.00000000000000000000e+00) (0, 0, 0.00000000000000000000e+00) (0, 0, 0.00000000000000000000e+00) (0, 0, 0.00000000000000000000e+00) (0, 0, 0.00000000000000000000e+00) (0, 0, 0.00000000000000000000e+00) (0, 0, 0.00000000000000000000e+00) (0, 0, 0.00000000000000000000e+00) (0, 0, 0.00000000000000000000e+00) (0, 0, 0.00000000000000000000e+00) (11, 6, 5.00000000000000000000e-01) (11, 6, 5.00000000000000000000e-01) (11, 6, 5.00000000000000000000e-01) (0, 6, 0.00000000000000000000e+00) (4, 4, 5.00000000000000000000e-01) (0, 4, 0.00000000000000000000e+00) 
connections (connected_to_neuron, weight)=(0, 2.34297007429982651061e+00) (1, -3.74817177800208423122e+00) (2, 5.53782861989875696551e-01) (3, 1.50988421687637264235e-02) (4, -3.96727917315960088018e+00) (5, 4.02095862006791904264e+00) (6, 5.44495325845619104754e-01) (7, -2.11688616951737174077e+00) (8, -1.31455823469097810019e+00) (9, 1.15640999558829982163e+00) (10, 2.13343839356219566739e+00) (0, -4.54958432401186607663e-01) (1, 1.76159164502626319759e+00) (2, 2.32460799109021787334e-01) (3, 2.49028056678358034048e-01) (4, 1.19423580657189853937e+00) (5, -1.39324632244457768948e+00) (6, 1.55080127011815727123e-01) (7, 1.03138712293746204196e+00) (8, 2.13317977677861814190e-01) (9, -4.39512304000735376519e-02) (10, -7.53355858653102727907e-01) (0, -1.36199870297895486715e-01) (1, 8.29393372609277812479e-01) (2, 2.52483299609370714922e-01) (3, 3.14757986910064679886e-01) (4, 9.70643539407129440910e-01) (5, -4.14740711746419910000e-01) (6, 2.66317180033870226641e-01) (7, 1.61405251478740652260e+00) (8, 2.65536895629115587969e-01) (9, -1.27342011185386128069e-01) (10, -1.16839159429430405890e-01) (11, -8.50564216134334216690e+00) (12, 5.69180874810789383389e+00) (13, 5.61295964505051148130e-01) (14, -1.71177252582152261695e+00) 
