FANN_FLO_2.1
num_layers=3
learning_rate=0.700000
connection_rate=1.000000
network_type=0
learning_momentum=0.000000
training_algorithm=2
train_error_function=1
train_stop_function=1
cascade_output_change_fraction=0.010000
quickprop_decay=-0.000100
quickprop_mu=1.750000
rprop_increase_factor=1.200000
rprop_decrease_factor=0.500000
rprop_delta_min=0.000000
rprop_delta_max=50.000000
rprop_delta_zero=0.100000
cascade_output_stagnation_epochs=12
cascade_candidate_change_fraction=0.010000
cascade_candidate_stagnation_epochs=12
cascade_max_out_epochs=150
cascade_min_out_epochs=50
cascade_max_cand_epochs=150
cascade_min_cand_epochs=50
cascade_num_candidate_groups=2
bit_fail_limit=1.00000000000000005551e-01
cascade_candidate_limit=1.00000000000000000000e+03
cascade_weight_multiplier=4.00000000000000022204e-01
cascade_activation_functions_count=10
cascade_activation_functions=3 5 7 8 10 11 14 15 16 17 
cascade_activation_steepnesses_count=4
cascade_activation_steepnesses=2.50000000000000000000e-01 5.00000000000000000000e-01 7.50000000000000000000e-01 1.00000000000000000000e+00 
layer_sizes=10 4 2 
scale_included=0
neurons (num_inputs, activation_function, activation_steepness)=(0, 0, 0.00000000000000000000e+00) (0, 0, 0.00000000000000000000e+00) (0, 0, 0.00000000000000000000e+00) (0, 0, 0.00000000000000000000e+00) (0, 0, 0.00000000000000000000e+00) (0, 0, 0.00000000000000000000e+00) (0, 0, 0.00000000000000000000e+00) (0, 0, 0.00000000000000000000e+00) (0, 0, 0.00000000000000000000e+00) (0, 0, 0.00000000000000000000e+00) (10, 6, 5.00000000000000000000e-01) (10, 6, 5.00000000000000000000e-01) (10, 6, 5.00000000000000000000e-01) (0, 6, 0.00000000000000000000e+00) (4, 4, 5.00000000000000000000e-01) (0, 4, 0.00000000000000000000e+00) 
connections (connected_to_neuron, weight)=(0, -4.91158378860750255424e-01) (1, -1.98631641093940103371e-02) (2, -2.19268889869635774659e+00) (3, -2.98497676043148085778e-01) (4, -4.10913571781704067831e-01) (5, -2.54953581380271548928e-02) (6, -2.67523162619569543352e-01) (7, -2.77270591568417934525e+00) (8, -2.76071279742729247531e+00) (9, 8.60761782310675349628e-01) (0, -7.84320448287897820094e-01) (1, 2.44260540984959018118e+00) (2, 9.47629976004300100811e-01) (3, 1.81954378316397136217e+00) (4, -1.41135801891178969125e-01) (5, 2.12651289144989252833e+00) (6, 1.36836458708417846308e-01) (7, 1.09385763889821152617e+00) (8, 8.52802714649044668604e-01) (9, -1.15985042157765438908e+00) (0, 4.84743626790407999838e-01) (1, 5.02506620334913112202e-01) (2, 4.34742582137815780641e+00) (3, 1.46950085752110304327e+00) (4, -4.33066117335063505145e-01) (5, 6.23537208219157812472e-01) (6, -2.09623550391369900536e-01) (7, 2.27390574141782719764e+00) (8, 2.57639697302424020009e+00) (9, -2.87158248575821328785e+00) (10, -2.73218552206842204555e+01) (11, 8.86978842409734902219e+00) (12, 1.22714967510118455607e+01) (13, -4.81141295129148538479e+00) 
