FANN_FLO_2.1
num_layers=3
learning_rate=0.700000
connection_rate=1.000000
network_type=0
learning_momentum=0.000000
training_algorithm=2
train_error_function=1
train_stop_function=1
cascade_output_change_fraction=0.010000
quickprop_decay=-0.000100
quickprop_mu=1.750000
rprop_increase_factor=1.200000
rprop_decrease_factor=0.500000
rprop_delta_min=0.000000
rprop_delta_max=50.000000
rprop_delta_zero=0.100000
cascade_output_stagnation_epochs=12
cascade_candidate_change_fraction=0.010000
cascade_candidate_stagnation_epochs=12
cascade_max_out_epochs=150
cascade_min_out_epochs=50
cascade_max_cand_epochs=150
cascade_min_cand_epochs=50
cascade_num_candidate_groups=2
bit_fail_limit=1.00000000000000005551e-01
cascade_candidate_limit=1.00000000000000000000e+03
cascade_weight_multiplier=4.00000000000000022204e-01
cascade_activation_functions_count=10
cascade_activation_functions=3 5 7 8 10 11 14 15 16 17 
cascade_activation_steepnesses_count=4
cascade_activation_steepnesses=2.50000000000000000000e-01 5.00000000000000000000e-01 7.50000000000000000000e-01 1.00000000000000000000e+00 
layer_sizes=6 4 2 
scale_included=0
neurons (num_inputs, activation_function, activation_steepness)=(0, 0, 0.00000000000000000000e+00) (0, 0, 0.00000000000000000000e+00) (0, 0, 0.00000000000000000000e+00) (0, 0, 0.00000000000000000000e+00) (0, 0, 0.00000000000000000000e+00) (0, 0, 0.00000000000000000000e+00) (6, 6, 5.00000000000000000000e-01) (6, 6, 5.00000000000000000000e-01) (6, 6, 5.00000000000000000000e-01) (0, 6, 0.00000000000000000000e+00) (4, 4, 5.00000000000000000000e-01) (0, 4, 0.00000000000000000000e+00) 
connections (connected_to_neuron, weight)=(0, -3.25836344062773619612e+00) (1, -1.39850737627979637701e+00) (2, -4.66047537882177653756e+00) (3, -1.07835741019950015485e+00) (4, 9.98607992711765035665e-01) (5, 6.98999231318186797779e+00) (0, 2.33824019573887653678e+00) (1, 2.79652111621707399891e+00) (2, 2.88422835113931030904e+00) (3, 1.77338518528933675178e+00) (4, -2.07209365502938253067e-01) (5, -4.31124017960735450572e+00) (0, -9.12030397564774375496e+00) (1, 8.62002514099661332203e-01) (2, -5.54173623833486783674e-01) (3, 1.58894096660949196709e-01) (4, 5.08464890729902529998e-01) (5, 1.29959239552331617951e+00) (6, -1.05875778404928322374e+00) (7, 1.58115331588201222246e+01) (8, -1.06186445546436463161e+01) (9, -1.91674807075814723767e+00) 
