FANN_FLO_2.1
num_layers=3
learning_rate=0.700000
connection_rate=1.000000
network_type=0
learning_momentum=0.000000
training_algorithm=2
train_error_function=1
train_stop_function=1
cascade_output_change_fraction=0.010000
quickprop_decay=-0.000100
quickprop_mu=1.750000
rprop_increase_factor=1.200000
rprop_decrease_factor=0.500000
rprop_delta_min=0.000000
rprop_delta_max=50.000000
rprop_delta_zero=0.100000
cascade_output_stagnation_epochs=12
cascade_candidate_change_fraction=0.010000
cascade_candidate_stagnation_epochs=12
cascade_max_out_epochs=150
cascade_min_out_epochs=50
cascade_max_cand_epochs=150
cascade_min_cand_epochs=50
cascade_num_candidate_groups=2
bit_fail_limit=1.00000000000000005551e-01
cascade_candidate_limit=1.00000000000000000000e+03
cascade_weight_multiplier=4.00000000000000022204e-01
cascade_activation_functions_count=10
cascade_activation_functions=3 5 7 8 10 11 14 15 16 17 
cascade_activation_steepnesses_count=4
cascade_activation_steepnesses=2.50000000000000000000e-01 5.00000000000000000000e-01 7.50000000000000000000e-01 1.00000000000000000000e+00 
layer_sizes=17 4 2 
scale_included=0
neurons (num_inputs, activation_function, activation_steepness)=(0, 0, 0.00000000000000000000e+00) (0, 0, 0.00000000000000000000e+00) (0, 0, 0.00000000000000000000e+00) (0, 0, 0.00000000000000000000e+00) (0, 0, 0.00000000000000000000e+00) (0, 0, 0.00000000000000000000e+00) (0, 0, 0.00000000000000000000e+00) (0, 0, 0.00000000000000000000e+00) (0, 0, 0.00000000000000000000e+00) (0, 0, 0.00000000000000000000e+00) (0, 0, 0.00000000000000000000e+00) (0, 0, 0.00000000000000000000e+00) (0, 0, 0.00000000000000000000e+00) (0, 0, 0.00000000000000000000e+00) (0, 0, 0.00000000000000000000e+00) (0, 0, 0.00000000000000000000e+00) (0, 0, 0.00000000000000000000e+00) (17, 6, 5.00000000000000000000e-01) (17, 6, 5.00000000000000000000e-01) (17, 6, 5.00000000000000000000e-01) (0, 6, 0.00000000000000000000e+00) (4, 4, 5.00000000000000000000e-01) (0, 4, 0.00000000000000000000e+00) 
connections (connected_to_neuron, weight)=(0, -1.25451212280955726186e+00) (1, 9.08427893447389500636e+00) (2, 2.32631728905422008324e+00) (3, 3.39651293369254005938e+01) (4, 4.43383606297067789370e+00) (5, 9.44632745906771376099e-01) (6, 5.93774296081238617262e+00) (7, 4.89217941432740399677e+00) (8, 5.44555597757097586964e+00) (9, -1.64537296811511146721e+00) (10, 3.30317751980533547140e+00) (11, 3.21733942445339415883e+00) (12, 2.37938454027530799095e+00) (13, -1.36231298780449174046e+03) (14, 1.50000000000000000000e+03) (15, 5.74202517276076029873e+00) (16, -6.10290831841714886963e+00) (0, -6.88256249589692004065e+00) (1, 1.50000000000000000000e+03) (2, 1.50000000000000000000e+03) (3, 1.50000000000000000000e+03) (4, 3.22363818166479232374e+00) (5, -1.79054910495600982934e+00) (6, 1.35432087967957227193e+03) (7, 3.75475458503822023815e+00) (8, 1.42530022709159220540e+03) (9, 1.35432087967957227193e+03) (10, 1.24079999079704271026e+03) (11, 1.24079999079704271026e+03) (12, -1.46802566934405032129e+01) (13, 4.67766100434669263031e-01) (14, 1.50000000000000000000e+03) (15, 3.87277818036302656779e+00) (16, 5.22251082491334450708e+00) (0, -6.26378754415189975546e-01) (1, 4.46305146424714610509e-02) (2, -5.67995345368886295212e-01) (3, -5.10451709827637323258e+00) (4, 6.47885090774731553509e-01) (5, 9.39621014725364716469e+02) (6, 6.82388929093366847223e-02) (7, -6.21358034289858918164e-01) (8, -1.50626563083488806960e+00) (9, -6.68021630475382988124e-01) (10, 7.89888638850526447754e+00) (11, 8.07698239409181795168e+00) (12, -8.46656672243465191485e-01) (13, -5.54633181423280234412e+02) (14, 1.50000000000000000000e+03) (15, 1.13389261812571717769e+00) (16, 1.27822445064480572086e+00) (17, 2.25810914517888825515e+01) (18, -1.09747693748967147798e+01) (19, 2.72198632957907058483e+01) (20, -1.90420238538000941020e+00) 
