FANN_FLO_2.1
num_layers=3
learning_rate=0.700000
connection_rate=1.000000
network_type=0
learning_momentum=0.000000
training_algorithm=2
train_error_function=1
train_stop_function=1
cascade_output_change_fraction=0.010000
quickprop_decay=-0.000100
quickprop_mu=1.750000
rprop_increase_factor=1.200000
rprop_decrease_factor=0.500000
rprop_delta_min=0.000000
rprop_delta_max=50.000000
rprop_delta_zero=0.100000
cascade_output_stagnation_epochs=12
cascade_candidate_change_fraction=0.010000
cascade_candidate_stagnation_epochs=12
cascade_max_out_epochs=150
cascade_min_out_epochs=50
cascade_max_cand_epochs=150
cascade_min_cand_epochs=50
cascade_num_candidate_groups=2
bit_fail_limit=1.00000000000000005551e-01
cascade_candidate_limit=1.00000000000000000000e+03
cascade_weight_multiplier=4.00000000000000022204e-01
cascade_activation_functions_count=10
cascade_activation_functions=3 5 7 8 10 11 14 15 16 17 
cascade_activation_steepnesses_count=4
cascade_activation_steepnesses=2.50000000000000000000e-01 5.00000000000000000000e-01 7.50000000000000000000e-01 1.00000000000000000000e+00 
layer_sizes=14 4 2 
scale_included=0
neurons (num_inputs, activation_function, activation_steepness)=(0, 0, 0.00000000000000000000e+00) (0, 0, 0.00000000000000000000e+00) (0, 0, 0.00000000000000000000e+00) (0, 0, 0.00000000000000000000e+00) (0, 0, 0.00000000000000000000e+00) (0, 0, 0.00000000000000000000e+00) (0, 0, 0.00000000000000000000e+00) (0, 0, 0.00000000000000000000e+00) (0, 0, 0.00000000000000000000e+00) (0, 0, 0.00000000000000000000e+00) (0, 0, 0.00000000000000000000e+00) (0, 0, 0.00000000000000000000e+00) (0, 0, 0.00000000000000000000e+00) (0, 0, 0.00000000000000000000e+00) (14, 6, 5.00000000000000000000e-01) (14, 6, 5.00000000000000000000e-01) (14, 6, 5.00000000000000000000e-01) (0, 6, 0.00000000000000000000e+00) (4, 4, 5.00000000000000000000e-01) (0, 4, 0.00000000000000000000e+00) 
connections (connected_to_neuron, weight)=(0, 4.23732293535526771677e+00) (1, -2.13695110807993149393e+00) (2, -1.19770393777809003311e+00) (3, -2.40651412222917659989e+00) (4, 1.13178320752549055328e+00) (5, -1.65896191735023035285e+00) (6, -1.25836816246206062431e+00) (7, -2.25322335711461185781e+00) (8, -3.40510563487818673778e+00) (9, -1.25428071434194343681e+00) (10, -2.12036155233099510298e+00) (11, -1.94018405690898232407e-01) (12, 1.44709634092654276794e-01) (13, 2.30985438890697958314e+00) (0, -3.27505811548333936045e+00) (1, 3.56772958538949902518e+00) (2, 1.08404303926910783318e+00) (3, 2.08451102935101539870e+00) (4, -4.86006462489832924412e-01) (5, 2.15525371929941611526e+00) (6, 1.02198005896346844068e+00) (7, 2.08842636248407842459e+00) (8, 1.55802511617788774778e+00) (9, 1.05210482012765682569e+00) (10, 6.03763452099725372868e-01) (11, 9.34258050862833311356e-01) (12, -4.81970553046030952826e-02) (13, -2.98781726612102271901e+00) (0, -1.36205096176780271477e+00) (1, 1.59399410480017889036e+00) (2, 1.08006667878737783184e+00) (3, 8.91769991242358117667e-01) (4, -1.85763711664724245898e-01) (5, 4.50916256632084788691e-01) (6, 4.25067442032291631371e-01) (7, 1.04450263526792497260e+00) (8, 7.59159314995573430984e-01) (9, 3.81901132437183599144e-01) (10, 2.86448853584720719567e-01) (11, 5.90179546104688701469e-01) (12, 2.75588312326853490664e-01) (13, -1.02876607666926300766e+00) (14, -4.31054149150339327434e+00) (15, 4.81814525713460195533e+00) (16, 2.56010322798930722854e+00) (17, -2.21542664383809517759e+00) 
