FANN_FLO_2.1
num_layers=3
learning_rate=0.700000
connection_rate=1.000000
network_type=0
learning_momentum=0.000000
training_algorithm=2
train_error_function=1
train_stop_function=1
cascade_output_change_fraction=0.010000
quickprop_decay=-0.000100
quickprop_mu=1.750000
rprop_increase_factor=1.200000
rprop_decrease_factor=0.500000
rprop_delta_min=0.000000
rprop_delta_max=50.000000
rprop_delta_zero=0.100000
cascade_output_stagnation_epochs=12
cascade_candidate_change_fraction=0.010000
cascade_candidate_stagnation_epochs=12
cascade_max_out_epochs=150
cascade_min_out_epochs=50
cascade_max_cand_epochs=150
cascade_min_cand_epochs=50
cascade_num_candidate_groups=2
bit_fail_limit=1.00000000000000005551e-01
cascade_candidate_limit=1.00000000000000000000e+03
cascade_weight_multiplier=4.00000000000000022204e-01
cascade_activation_functions_count=10
cascade_activation_functions=3 5 7 8 10 11 14 15 16 17 
cascade_activation_steepnesses_count=4
cascade_activation_steepnesses=2.50000000000000000000e-01 5.00000000000000000000e-01 7.50000000000000000000e-01 1.00000000000000000000e+00 
layer_sizes=9 4 2 
scale_included=0
neurons (num_inputs, activation_function, activation_steepness)=(0, 0, 0.00000000000000000000e+00) (0, 0, 0.00000000000000000000e+00) (0, 0, 0.00000000000000000000e+00) (0, 0, 0.00000000000000000000e+00) (0, 0, 0.00000000000000000000e+00) (0, 0, 0.00000000000000000000e+00) (0, 0, 0.00000000000000000000e+00) (0, 0, 0.00000000000000000000e+00) (0, 0, 0.00000000000000000000e+00) (9, 6, 5.00000000000000000000e-01) (9, 6, 5.00000000000000000000e-01) (9, 6, 5.00000000000000000000e-01) (0, 6, 0.00000000000000000000e+00) (4, 4, 5.00000000000000000000e-01) (0, 4, 0.00000000000000000000e+00) 
connections (connected_to_neuron, weight)=(0, -1.85825048721613428349e-01) (1, 1.13884230830636457021e+00) (2, 3.34879490741869623172e-01) (3, 8.24290925759469050860e-01) (4, 5.02435925022956531016e-01) (5, 1.10565390674789365555e+00) (6, 9.91014669224814737092e-01) (7, 2.66721986991522330701e-01) (8, -2.37656197286428949589e-01) (0, -2.73986201047720756563e+00) (1, 2.42998546525563208220e+00) (2, 2.11117493719118431983e+00) (3, 2.47974895673007367236e+00) (4, -1.12654932847092470460e+00) (5, 8.42361264142067578398e-01) (6, 8.25201425912649777494e-01) (7, -1.02858404468991926350e+00) (8, -2.73424266338171806368e+00) (0, -2.32214290824285818360e+00) (1, 2.39869196029554032634e+00) (2, 9.36538386904304354097e-01) (3, 9.27490000717127394125e-01) (4, -1.60433361318352007974e-01) (5, 3.50131677816060804531e-01) (6, 3.55403663942960523769e-01) (7, -1.17889897909405017007e-01) (8, -2.33304602828375173829e+00) (9, 1.14542686343292365869e+00) (10, 9.30602674136264162996e+00) (11, 1.69114778498435147647e+00) (12, -3.26162124660064733916e+00) 
