FANN_FLO_2.1
num_layers=3
learning_rate=0.700000
connection_rate=1.000000
network_type=0
learning_momentum=0.000000
training_algorithm=2
train_error_function=1
train_stop_function=1
cascade_output_change_fraction=0.010000
quickprop_decay=-0.000100
quickprop_mu=1.750000
rprop_increase_factor=1.200000
rprop_decrease_factor=0.500000
rprop_delta_min=0.000000
rprop_delta_max=50.000000
rprop_delta_zero=0.100000
cascade_output_stagnation_epochs=12
cascade_candidate_change_fraction=0.010000
cascade_candidate_stagnation_epochs=12
cascade_max_out_epochs=150
cascade_min_out_epochs=50
cascade_max_cand_epochs=150
cascade_min_cand_epochs=50
cascade_num_candidate_groups=2
bit_fail_limit=1.00000000000000005551e-01
cascade_candidate_limit=1.00000000000000000000e+03
cascade_weight_multiplier=4.00000000000000022204e-01
cascade_activation_functions_count=10
cascade_activation_functions=3 5 7 8 10 11 14 15 16 17 
cascade_activation_steepnesses_count=4
cascade_activation_steepnesses=2.50000000000000000000e-01 5.00000000000000000000e-01 7.50000000000000000000e-01 1.00000000000000000000e+00 
layer_sizes=17 4 2 
scale_included=0
neurons (num_inputs, activation_function, activation_steepness)=(0, 0, 0.00000000000000000000e+00) (0, 0, 0.00000000000000000000e+00) (0, 0, 0.00000000000000000000e+00) (0, 0, 0.00000000000000000000e+00) (0, 0, 0.00000000000000000000e+00) (0, 0, 0.00000000000000000000e+00) (0, 0, 0.00000000000000000000e+00) (0, 0, 0.00000000000000000000e+00) (0, 0, 0.00000000000000000000e+00) (0, 0, 0.00000000000000000000e+00) (0, 0, 0.00000000000000000000e+00) (0, 0, 0.00000000000000000000e+00) (0, 0, 0.00000000000000000000e+00) (0, 0, 0.00000000000000000000e+00) (0, 0, 0.00000000000000000000e+00) (0, 0, 0.00000000000000000000e+00) (0, 0, 0.00000000000000000000e+00) (17, 6, 5.00000000000000000000e-01) (17, 6, 5.00000000000000000000e-01) (17, 6, 5.00000000000000000000e-01) (0, 6, 0.00000000000000000000e+00) (4, 4, 5.00000000000000000000e-01) (0, 4, 0.00000000000000000000e+00) 
connections (connected_to_neuron, weight)=(0, -2.19591709593575945547e+00) (1, 2.37030254419239483354e+00) (2, 2.85123367863399312938e-01) (3, 1.19485143820530992365e+00) (4, 4.67305592392914470601e-01) (5, 6.64616666693430668822e-01) (6, 2.22041655750916971934e-01) (7, 1.90022637403943650547e+00) (8, 9.30242331709706049558e-01) (9, 6.82335327747270015131e-01) (10, 3.35735860732140123375e-01) (11, 6.36103128406657836180e-01) (12, 1.12785076101173675767e+00) (13, 1.14762869973530090562e+00) (14, 5.50701193751249373776e-01) (15, 1.53996534819828245766e+00) (16, -1.40633459148160766539e+00) (0, 2.02902758782405667759e+00) (1, -1.47111767194423292970e+00) (2, 2.64596596302569229964e-02) (3, -3.74088480498041831002e-01) (4, -1.52504490377109291899e+00) (5, -1.67388180707634259825e+00) (6, -8.79405060971425123206e-01) (7, -1.44514466940571950637e+00) (8, -2.53365596927314862263e-01) (9, -1.68245952268183995848e+00) (10, -9.24452607373661860990e-01) (11, -7.04260990219387594813e-01) (12, -4.01702735487715012486e-01) (13, -5.06372127596632193303e-01) (14, -1.70961258118984038568e+00) (15, -2.15382271506432454444e+00) (16, 2.07086782403904523520e+00) (0, -6.78897968373646354401e-01) (1, 6.98746706464590472407e-01) (2, 1.56506733691210125903e-01) (3, 3.47055281733808174138e+00) (4, 8.15335165942127959582e-01) (5, 6.17658622490733333343e-01) (6, 4.53738578856504037873e-01) (7, 6.37214418290299677849e-01) (8, 7.24293859971092190975e-01) (9, 4.92158498542874189852e-01) (10, 4.00310993943726822764e-01) (11, 4.98688814785331502311e-01) (12, 7.77235987910678161050e-01) (13, 7.77207400032927764322e-01) (14, 4.98066876962036608756e-01) (15, 1.71636777877124058200e+00) (16, -3.48506178757187923267e-01) (17, 1.06997762482021361308e+01) (18, -2.67576421884952182495e+01) (19, 3.77058105153066369652e-01) (20, -1.21698269862001362540e+00) 
