FANN_FLO_2.1
num_layers=3
learning_rate=0.700000
connection_rate=1.000000
network_type=0
learning_momentum=0.000000
training_algorithm=2
train_error_function=1
train_stop_function=1
cascade_output_change_fraction=0.010000
quickprop_decay=-0.000100
quickprop_mu=1.750000
rprop_increase_factor=1.200000
rprop_decrease_factor=0.500000
rprop_delta_min=0.000000
rprop_delta_max=50.000000
rprop_delta_zero=0.100000
cascade_output_stagnation_epochs=12
cascade_candidate_change_fraction=0.010000
cascade_candidate_stagnation_epochs=12
cascade_max_out_epochs=150
cascade_min_out_epochs=50
cascade_max_cand_epochs=150
cascade_min_cand_epochs=50
cascade_num_candidate_groups=2
bit_fail_limit=1.00000000000000005551e-01
cascade_candidate_limit=1.00000000000000000000e+03
cascade_weight_multiplier=4.00000000000000022204e-01
cascade_activation_functions_count=10
cascade_activation_functions=3 5 7 8 10 11 14 15 16 17 
cascade_activation_steepnesses_count=4
cascade_activation_steepnesses=2.50000000000000000000e-01 5.00000000000000000000e-01 7.50000000000000000000e-01 1.00000000000000000000e+00 
layer_sizes=11 4 2 
scale_included=0
neurons (num_inputs, activation_function, activation_steepness)=(0, 0, 0.00000000000000000000e+00) (0, 0, 0.00000000000000000000e+00) (0, 0, 0.00000000000000000000e+00) (0, 0, 0.00000000000000000000e+00) (0, 0, 0.00000000000000000000e+00) (0, 0, 0.00000000000000000000e+00) (0, 0, 0.00000000000000000000e+00) (0, 0, 0.00000000000000000000e+00) (0, 0, 0.00000000000000000000e+00) (0, 0, 0.00000000000000000000e+00) (0, 0, 0.00000000000000000000e+00) (11, 6, 5.00000000000000000000e-01) (11, 6, 5.00000000000000000000e-01) (11, 6, 5.00000000000000000000e-01) (0, 6, 0.00000000000000000000e+00) (4, 4, 5.00000000000000000000e-01) (0, 4, 0.00000000000000000000e+00) 
connections (connected_to_neuron, weight)=(0, -1.06569809262936798788e+00) (1, 3.37998970152950484191e+00) (2, 1.00866321089112837006e-01) (3, 3.23106368212759453851e-01) (4, -5.15329001373501571770e-01) (5, 1.08554825784655406551e+00) (6, 1.12410459282243219148e-01) (7, 2.00239273771706555172e-01) (8, 2.73406322546474633839e+00) (9, -5.59550658942169309995e+00) (10, -8.14165349913752778299e-01) (0, 1.74028842179557963199e+00) (1, -1.80466243532953773965e+00) (2, 3.92829562479532157226e-01) (3, 8.74656221983373394213e-02) (4, 1.19140581712678672588e+00) (5, -6.59461761434454452058e-01) (6, -3.41422249091559992795e-01) (7, -8.94982227752516013020e-02) (8, -2.04465413608239154897e+00) (9, 1.86571437831611741665e+00) (10, 1.77870748220464869327e+00) (0, -1.11505427752917496420e+00) (1, 3.31100438090181548034e+00) (2, 8.94127447031379529729e-02) (3, 3.28358736960947472650e-01) (4, -3.96316176182480717216e-01) (5, 1.05809620993228725716e+00) (6, 1.11234951379144270112e-01) (7, 1.12291212245884897136e-01) (8, 2.61759128667585549977e+00) (9, -5.73799375028318525693e+00) (10, -8.24124317480242951639e-01) (11, 3.56917603930844595794e+00) (12, -1.33690377076646949028e+00) (13, 3.49512980750216772918e+00) (14, -1.38833572467348242974e+00) 
