FANN_FLO_2.1
num_layers=3
learning_rate=0.700000
connection_rate=1.000000
network_type=0
learning_momentum=0.000000
training_algorithm=2
train_error_function=1
train_stop_function=1
cascade_output_change_fraction=0.010000
quickprop_decay=-0.000100
quickprop_mu=1.750000
rprop_increase_factor=1.200000
rprop_decrease_factor=0.500000
rprop_delta_min=0.000000
rprop_delta_max=50.000000
rprop_delta_zero=0.100000
cascade_output_stagnation_epochs=12
cascade_candidate_change_fraction=0.010000
cascade_candidate_stagnation_epochs=12
cascade_max_out_epochs=150
cascade_min_out_epochs=50
cascade_max_cand_epochs=150
cascade_min_cand_epochs=50
cascade_num_candidate_groups=2
bit_fail_limit=1.00000000000000005551e-01
cascade_candidate_limit=1.00000000000000000000e+03
cascade_weight_multiplier=4.00000000000000022204e-01
cascade_activation_functions_count=10
cascade_activation_functions=3 5 7 8 10 11 14 15 16 17 
cascade_activation_steepnesses_count=4
cascade_activation_steepnesses=2.50000000000000000000e-01 5.00000000000000000000e-01 7.50000000000000000000e-01 1.00000000000000000000e+00 
layer_sizes=10 4 2 
scale_included=0
neurons (num_inputs, activation_function, activation_steepness)=(0, 0, 0.00000000000000000000e+00) (0, 0, 0.00000000000000000000e+00) (0, 0, 0.00000000000000000000e+00) (0, 0, 0.00000000000000000000e+00) (0, 0, 0.00000000000000000000e+00) (0, 0, 0.00000000000000000000e+00) (0, 0, 0.00000000000000000000e+00) (0, 0, 0.00000000000000000000e+00) (0, 0, 0.00000000000000000000e+00) (0, 0, 0.00000000000000000000e+00) (10, 6, 5.00000000000000000000e-01) (10, 6, 5.00000000000000000000e-01) (10, 6, 5.00000000000000000000e-01) (0, 6, 0.00000000000000000000e+00) (4, 4, 5.00000000000000000000e-01) (0, 4, 0.00000000000000000000e+00) 
connections (connected_to_neuron, weight)=(0, -1.39092184347762359842e+00) (1, 2.32772790452770950154e+00) (2, 2.39871301164373029735e+00) (3, 2.66190462618173739884e+00) (4, 2.57944431125272588545e+00) (5, 2.77213217254277255464e+00) (6, 2.97801060852418331137e+00) (7, 1.26745383027688784949e-01) (8, 2.96257233089424554251e+00) (9, -3.92918983701734525482e+00) (0, 3.47666662969065287658e-01) (1, 4.33235352361020231715e-01) (2, -2.29965806395965799425e+01) (3, -3.40014271031051062977e+00) (4, -3.09021273998438061881e+00) (5, -3.01478306381933558455e+00) (6, 1.11844036223628529036e+00) (7, 2.68973642144295643774e-01) (8, -1.33272168687383008034e-01) (9, 8.48608764333734555407e-01) (0, -1.33870914695514975357e+00) (1, 2.45617530679635764912e+00) (2, 2.39429077913507093456e+00) (3, 2.71022155194582126114e+00) (4, 2.57798630713571386153e+00) (5, 2.60954871709939029145e+00) (6, 3.14436237391839412680e+00) (7, 1.27058426622049136512e-01) (8, 2.88392179184708163930e+00) (9, -3.94128383550910932343e+00) (10, 1.62197494517981688489e+01) (11, -3.88275640205637939673e+00) (12, 1.41534427718884163738e+01) (13, -1.35200351995435918973e+00) 
