FANN_FLO_2.1
num_layers=3
learning_rate=0.700000
connection_rate=1.000000
network_type=0
learning_momentum=0.000000
training_algorithm=2
train_error_function=1
train_stop_function=1
cascade_output_change_fraction=0.010000
quickprop_decay=-0.000100
quickprop_mu=1.750000
rprop_increase_factor=1.200000
rprop_decrease_factor=0.500000
rprop_delta_min=0.000000
rprop_delta_max=50.000000
rprop_delta_zero=0.100000
cascade_output_stagnation_epochs=12
cascade_candidate_change_fraction=0.010000
cascade_candidate_stagnation_epochs=12
cascade_max_out_epochs=150
cascade_min_out_epochs=50
cascade_max_cand_epochs=150
cascade_min_cand_epochs=50
cascade_num_candidate_groups=2
bit_fail_limit=1.00000000000000005551e-01
cascade_candidate_limit=1.00000000000000000000e+03
cascade_weight_multiplier=4.00000000000000022204e-01
cascade_activation_functions_count=10
cascade_activation_functions=3 5 7 8 10 11 14 15 16 17 
cascade_activation_steepnesses_count=4
cascade_activation_steepnesses=2.50000000000000000000e-01 5.00000000000000000000e-01 7.50000000000000000000e-01 1.00000000000000000000e+00 
layer_sizes=9 4 2 
scale_included=0
neurons (num_inputs, activation_function, activation_steepness)=(0, 0, 0.00000000000000000000e+00) (0, 0, 0.00000000000000000000e+00) (0, 0, 0.00000000000000000000e+00) (0, 0, 0.00000000000000000000e+00) (0, 0, 0.00000000000000000000e+00) (0, 0, 0.00000000000000000000e+00) (0, 0, 0.00000000000000000000e+00) (0, 0, 0.00000000000000000000e+00) (0, 0, 0.00000000000000000000e+00) (9, 6, 5.00000000000000000000e-01) (9, 6, 5.00000000000000000000e-01) (9, 6, 5.00000000000000000000e-01) (0, 6, 0.00000000000000000000e+00) (4, 4, 5.00000000000000000000e-01) (0, 4, 0.00000000000000000000e+00) 
connections (connected_to_neuron, weight)=(0, -2.78120210960642255671e+00) (1, 2.62536024588396310619e+00) (2, 1.40756054458712265287e+00) (3, 1.63251236365725160837e+00) (4, 1.68638506816317201853e+00) (5, 1.29039487230601856993e+00) (6, -5.97814786601953418455e-01) (7, -3.46602033585562019358e-01) (8, -2.85962147459522553206e+00) (0, -1.83940338906180916867e-01) (1, 8.73517225760884863384e-01) (2, 2.88377091715019295837e-01) (3, 3.30310148016165316953e-01) (4, 5.14651853264246006425e-01) (5, 5.65734386117134113725e-01) (6, 3.09713107500877993239e-01) (7, 5.94184951635871372311e-01) (8, -2.51766557809245616895e-01) (0, -2.68292458549276746638e+00) (1, 2.63568297314693689160e+00) (2, 2.04396502425601189756e+00) (3, 1.80263909237076402903e+00) (4, 1.33673255133452961729e+00) (5, 1.35268300759616399986e+00) (6, -5.75218516755991116085e-01) (7, -1.36759835817969266358e+00) (8, -2.77726525262133039362e+00) (9, 7.60110564349895501124e+00) (10, 6.77203176607693246858e-01) (11, 5.15692366791566669804e+00) (12, -2.70515139594808973200e+00) 
