FANN_FLO_2.1
num_layers=3
learning_rate=0.700000
connection_rate=1.000000
network_type=0
learning_momentum=0.000000
training_algorithm=2
train_error_function=1
train_stop_function=1
cascade_output_change_fraction=0.010000
quickprop_decay=-0.000100
quickprop_mu=1.750000
rprop_increase_factor=1.200000
rprop_decrease_factor=0.500000
rprop_delta_min=0.000000
rprop_delta_max=50.000000
rprop_delta_zero=0.100000
cascade_output_stagnation_epochs=12
cascade_candidate_change_fraction=0.010000
cascade_candidate_stagnation_epochs=12
cascade_max_out_epochs=150
cascade_min_out_epochs=50
cascade_max_cand_epochs=150
cascade_min_cand_epochs=50
cascade_num_candidate_groups=2
bit_fail_limit=1.00000000000000005551e-01
cascade_candidate_limit=1.00000000000000000000e+03
cascade_weight_multiplier=4.00000000000000022204e-01
cascade_activation_functions_count=10
cascade_activation_functions=3 5 7 8 10 11 14 15 16 17 
cascade_activation_steepnesses_count=4
cascade_activation_steepnesses=2.50000000000000000000e-01 5.00000000000000000000e-01 7.50000000000000000000e-01 1.00000000000000000000e+00 
layer_sizes=14 4 2 
scale_included=0
neurons (num_inputs, activation_function, activation_steepness)=(0, 0, 0.00000000000000000000e+00) (0, 0, 0.00000000000000000000e+00) (0, 0, 0.00000000000000000000e+00) (0, 0, 0.00000000000000000000e+00) (0, 0, 0.00000000000000000000e+00) (0, 0, 0.00000000000000000000e+00) (0, 0, 0.00000000000000000000e+00) (0, 0, 0.00000000000000000000e+00) (0, 0, 0.00000000000000000000e+00) (0, 0, 0.00000000000000000000e+00) (0, 0, 0.00000000000000000000e+00) (0, 0, 0.00000000000000000000e+00) (0, 0, 0.00000000000000000000e+00) (0, 0, 0.00000000000000000000e+00) (14, 6, 5.00000000000000000000e-01) (14, 6, 5.00000000000000000000e-01) (14, 6, 5.00000000000000000000e-01) (0, 6, 0.00000000000000000000e+00) (4, 4, 5.00000000000000000000e-01) (0, 4, 0.00000000000000000000e+00) 
connections (connected_to_neuron, weight)=(0, 8.21467720158485133208e-04) (1, 7.02989136995551433529e-01) (2, 5.62521259638252280055e-01) (3, 3.28529905754414042196e-01) (4, 6.17715068437036940452e-01) (5, 3.29491418081608256063e-01) (6, 6.60831189195992152463e-01) (7, 6.57871893088699977170e-01) (8, 8.47275753117407770532e-01) (9, 5.58089573584674703000e-01) (10, 5.53396011302686230415e-01) (11, 1.34523690152531655295e-01) (12, 8.30719874760066590014e-01) (13, -3.85254210485118930851e-01) (0, -1.87127059591134203842e+00) (1, 2.54945363241255407161e+00) (2, 1.89865074766354413605e+00) (3, 4.25758490494951680194e-01) (4, 1.02228585784321701624e+00) (5, 3.95436724803909733783e-01) (6, 4.67127818150084361815e-01) (7, 4.76204413456480846190e-01) (8, 1.04949732724984201582e+00) (9, 1.82361691089451927184e+00) (10, 1.10894270302153508112e+00) (11, -2.50173306366602399287e-01) (12, 1.70026396547274161186e+00) (13, -2.73328673274717948161e+00) (0, -1.05056454727895398626e+00) (1, 1.36634550209721017389e+00) (2, 1.01943372280162747323e+00) (3, 4.12675483859381131424e-01) (4, 5.07565601504644581254e-01) (5, 4.21572520173391751541e-01) (6, 1.61330107578215586894e-01) (7, 3.88688349872708394095e-01) (8, 7.26263772602879997820e-01) (9, 1.06895741055274107190e+00) (10, 7.94442489708532928461e-01) (11, -2.61227429263167360007e-03) (12, 7.44128715710219879043e-01) (13, -1.03501125539190907965e+00) (14, 2.08411230694084759207e+00) (15, 1.07256561738378355386e+01) (16, 2.48073701579502658987e+00) (17, -2.12374524898795380423e+00) 
