FANN_FLO_2.1
num_layers=3
learning_rate=0.700000
connection_rate=1.000000
network_type=0
learning_momentum=0.000000
training_algorithm=2
train_error_function=1
train_stop_function=1
cascade_output_change_fraction=0.010000
quickprop_decay=-0.000100
quickprop_mu=1.750000
rprop_increase_factor=1.200000
rprop_decrease_factor=0.500000
rprop_delta_min=0.000000
rprop_delta_max=50.000000
rprop_delta_zero=0.100000
cascade_output_stagnation_epochs=12
cascade_candidate_change_fraction=0.010000
cascade_candidate_stagnation_epochs=12
cascade_max_out_epochs=150
cascade_min_out_epochs=50
cascade_max_cand_epochs=150
cascade_min_cand_epochs=50
cascade_num_candidate_groups=2
bit_fail_limit=1.00000000000000005551e-01
cascade_candidate_limit=1.00000000000000000000e+03
cascade_weight_multiplier=4.00000000000000022204e-01
cascade_activation_functions_count=10
cascade_activation_functions=3 5 7 8 10 11 14 15 16 17 
cascade_activation_steepnesses_count=4
cascade_activation_steepnesses=2.50000000000000000000e-01 5.00000000000000000000e-01 7.50000000000000000000e-01 1.00000000000000000000e+00 
layer_sizes=11 4 2 
scale_included=0
neurons (num_inputs, activation_function, activation_steepness)=(0, 0, 0.00000000000000000000e+00) (0, 0, 0.00000000000000000000e+00) (0, 0, 0.00000000000000000000e+00) (0, 0, 0.00000000000000000000e+00) (0, 0, 0.00000000000000000000e+00) (0, 0, 0.00000000000000000000e+00) (0, 0, 0.00000000000000000000e+00) (0, 0, 0.00000000000000000000e+00) (0, 0, 0.00000000000000000000e+00) (0, 0, 0.00000000000000000000e+00) (0, 0, 0.00000000000000000000e+00) (11, 6, 5.00000000000000000000e-01) (11, 6, 5.00000000000000000000e-01) (11, 6, 5.00000000000000000000e-01) (0, 6, 0.00000000000000000000e+00) (4, 4, 5.00000000000000000000e-01) (0, 4, 0.00000000000000000000e+00) 
connections (connected_to_neuron, weight)=(0, 3.15618712200256612554e-01) (1, 2.75865124150619989152e+00) (2, 3.04838326941899140365e+02) (3, 3.43899162618467757468e-01) (4, -1.37783689973959444508e+00) (5, 2.05410733035316148687e+01) (6, -3.61494229550907908433e+00) (7, 3.04751169677547295578e+02) (8, 2.14168339772838187685e+01) (9, 1.52985155895047153507e+00) (10, -1.20208285743572607096e+00) (0, 1.90013337605315857370e-01) (1, 1.90912469238203197364e+00) (2, 3.04977270558050918225e+02) (3, 2.29072749290016464130e+00) (4, 3.87778600859429944947e-01) (5, 4.45409323965009318336e-01) (6, 3.34997965414469733858e+00) (7, 3.04983688406220721845e+02) (8, 4.30611427818235026344e-01) (9, 1.46787033497877072996e+00) (10, -1.38457888354277747212e+00) (0, -6.26474181197570145763e-01) (1, 2.64375211543780741508e+00) (2, 5.44709587398702296923e+02) (3, -3.46455095074411945077e+00) (4, -3.78112271306933922510e-01) (5, -7.31969513851744846278e+00) (6, -1.25287869208655289199e+00) (7, 5.44711575414771232317e+02) (8, -6.08310959171063370121e+00) (9, 3.57616309957191136348e+00) (10, -1.81637096734616321214e+00) (11, 5.55964400817317105918e+00) (12, 7.00338658134593750049e+00) (13, 4.65329271261034893570e+00) (14, -1.72328878458782974725e+00) 
