FANN_FLO_2.1
num_layers=3
learning_rate=0.700000
connection_rate=1.000000
network_type=0
learning_momentum=0.000000
training_algorithm=2
train_error_function=1
train_stop_function=1
cascade_output_change_fraction=0.010000
quickprop_decay=-0.000100
quickprop_mu=1.750000
rprop_increase_factor=1.200000
rprop_decrease_factor=0.500000
rprop_delta_min=0.000000
rprop_delta_max=50.000000
rprop_delta_zero=0.100000
cascade_output_stagnation_epochs=12
cascade_candidate_change_fraction=0.010000
cascade_candidate_stagnation_epochs=12
cascade_max_out_epochs=150
cascade_min_out_epochs=50
cascade_max_cand_epochs=150
cascade_min_cand_epochs=50
cascade_num_candidate_groups=2
bit_fail_limit=1.00000000000000005551e-01
cascade_candidate_limit=1.00000000000000000000e+03
cascade_weight_multiplier=4.00000000000000022204e-01
cascade_activation_functions_count=10
cascade_activation_functions=3 5 7 8 10 11 14 15 16 17 
cascade_activation_steepnesses_count=4
cascade_activation_steepnesses=2.50000000000000000000e-01 5.00000000000000000000e-01 7.50000000000000000000e-01 1.00000000000000000000e+00 
layer_sizes=6 4 2 
scale_included=0
neurons (num_inputs, activation_function, activation_steepness)=(0, 0, 0.00000000000000000000e+00) (0, 0, 0.00000000000000000000e+00) (0, 0, 0.00000000000000000000e+00) (0, 0, 0.00000000000000000000e+00) (0, 0, 0.00000000000000000000e+00) (0, 0, 0.00000000000000000000e+00) (6, 6, 5.00000000000000000000e-01) (6, 6, 5.00000000000000000000e-01) (6, 6, 5.00000000000000000000e-01) (0, 6, 0.00000000000000000000e+00) (4, 4, 5.00000000000000000000e-01) (0, 4, 0.00000000000000000000e+00) 
connections (connected_to_neuron, weight)=(0, 4.55906228067536822834e+00) (1, 2.94531604963675075481e+00) (2, 1.32633218615569981047e+00) (3, -8.58761645402239537361e-01) (4, 2.21769397867291662152e+00) (5, -4.29319166503337790175e+00) (0, 2.73476904028188760876e+00) (1, 2.80462528315260373191e+00) (2, 1.20236856170751416073e+00) (3, -1.01077428742224184610e+00) (4, 2.32889539416934621130e+00) (5, -3.74831873045899222063e+00) (0, -1.42889702028996072869e+01) (1, -3.81403091296630636364e-01) (2, -5.80734873717071303778e-02) (3, 1.98503966034674728114e+00) (4, 3.34041957456193072673e+00) (5, 8.89238204876204529903e-01) (6, 1.41312645832336336582e+01) (7, 1.59792820812252696072e+01) (8, -5.07715977916445382334e+00) (9, -2.32920953569635402758e+00) 
