FANN_FLO_2.1
num_layers=3
learning_rate=0.700000
connection_rate=1.000000
network_type=0
learning_momentum=0.000000
training_algorithm=2
train_error_function=1
train_stop_function=1
cascade_output_change_fraction=0.010000
quickprop_decay=-0.000100
quickprop_mu=1.750000
rprop_increase_factor=1.200000
rprop_decrease_factor=0.500000
rprop_delta_min=0.000000
rprop_delta_max=50.000000
rprop_delta_zero=0.100000
cascade_output_stagnation_epochs=12
cascade_candidate_change_fraction=0.010000
cascade_candidate_stagnation_epochs=12
cascade_max_out_epochs=150
cascade_min_out_epochs=50
cascade_max_cand_epochs=150
cascade_min_cand_epochs=50
cascade_num_candidate_groups=2
bit_fail_limit=1.00000000000000005551e-01
cascade_candidate_limit=1.00000000000000000000e+03
cascade_weight_multiplier=4.00000000000000022204e-01
cascade_activation_functions_count=10
cascade_activation_functions=3 5 7 8 10 11 14 15 16 17 
cascade_activation_steepnesses_count=4
cascade_activation_steepnesses=2.50000000000000000000e-01 5.00000000000000000000e-01 7.50000000000000000000e-01 1.00000000000000000000e+00 
layer_sizes=9 4 2 
scale_included=0
neurons (num_inputs, activation_function, activation_steepness)=(0, 0, 0.00000000000000000000e+00) (0, 0, 0.00000000000000000000e+00) (0, 0, 0.00000000000000000000e+00) (0, 0, 0.00000000000000000000e+00) (0, 0, 0.00000000000000000000e+00) (0, 0, 0.00000000000000000000e+00) (0, 0, 0.00000000000000000000e+00) (0, 0, 0.00000000000000000000e+00) (0, 0, 0.00000000000000000000e+00) (9, 6, 5.00000000000000000000e-01) (9, 6, 5.00000000000000000000e-01) (9, 6, 5.00000000000000000000e-01) (0, 6, 0.00000000000000000000e+00) (4, 4, 5.00000000000000000000e-01) (0, 4, 0.00000000000000000000e+00) 
connections (connected_to_neuron, weight)=(0, 8.75347238112444525626e-01) (1, -6.84710394604286509690e-01) (2, 3.48514283623560794378e-01) (3, -8.04200768929821840914e+00) (4, -1.09764629364203614159e+00) (5, -8.00047315371138445528e+00) (6, -4.15447291569081222917e+00) (7, 3.44619436786137822715e-01) (8, 8.87511438853506029467e-01) (0, 6.83453556230354308809e-01) (1, -1.15431392861429826802e+00) (2, -1.19116225242537820961e+00) (3, -1.14161852216837333973e-01) (4, -4.93293660282273949136e-01) (5, -1.72799498100327908467e-01) (6, -2.62515074517258695241e-01) (7, 2.66032279289624007390e+00) (8, 5.41214913023949528714e-01) (0, 9.43395066950268557093e+00) (1, -7.97278512849686649133e+00) (2, -1.05182920586925421347e+00) (3, -6.31478398316740818785e+00) (4, -4.49936111091630586145e+00) (5, -6.27683957689642735289e+00) (6, -8.44585441098200995214e+00) (7, 4.12793703940571621303e+00) (8, 8.54810003654775485415e+00) (9, -2.29052307392432341615e+00) (10, -2.09397315208620771187e+00) (11, -5.25802512160586932310e+00) (12, -2.17697223691920349609e+00) 
