FANN_FLO_2.1
num_layers=3
learning_rate=0.700000
connection_rate=1.000000
network_type=0
learning_momentum=0.000000
training_algorithm=2
train_error_function=1
train_stop_function=1
cascade_output_change_fraction=0.010000
quickprop_decay=-0.000100
quickprop_mu=1.750000
rprop_increase_factor=1.200000
rprop_decrease_factor=0.500000
rprop_delta_min=0.000000
rprop_delta_max=50.000000
rprop_delta_zero=0.100000
cascade_output_stagnation_epochs=12
cascade_candidate_change_fraction=0.010000
cascade_candidate_stagnation_epochs=12
cascade_max_out_epochs=150
cascade_min_out_epochs=50
cascade_max_cand_epochs=150
cascade_min_cand_epochs=50
cascade_num_candidate_groups=2
bit_fail_limit=1.00000000000000005551e-01
cascade_candidate_limit=1.00000000000000000000e+03
cascade_weight_multiplier=4.00000000000000022204e-01
cascade_activation_functions_count=10
cascade_activation_functions=3 5 7 8 10 11 14 15 16 17 
cascade_activation_steepnesses_count=4
cascade_activation_steepnesses=2.50000000000000000000e-01 5.00000000000000000000e-01 7.50000000000000000000e-01 1.00000000000000000000e+00 
layer_sizes=12 4 2 
scale_included=0
neurons (num_inputs, activation_function, activation_steepness)=(0, 0, 0.00000000000000000000e+00) (0, 0, 0.00000000000000000000e+00) (0, 0, 0.00000000000000000000e+00) (0, 0, 0.00000000000000000000e+00) (0, 0, 0.00000000000000000000e+00) (0, 0, 0.00000000000000000000e+00) (0, 0, 0.00000000000000000000e+00) (0, 0, 0.00000000000000000000e+00) (0, 0, 0.00000000000000000000e+00) (0, 0, 0.00000000000000000000e+00) (0, 0, 0.00000000000000000000e+00) (0, 0, 0.00000000000000000000e+00) (12, 6, 5.00000000000000000000e-01) (12, 6, 5.00000000000000000000e-01) (12, 6, 5.00000000000000000000e-01) (0, 6, 0.00000000000000000000e+00) (4, 4, 5.00000000000000000000e-01) (0, 4, 0.00000000000000000000e+00) 
connections (connected_to_neuron, weight)=(0, -1.00436813374575217850e+00) (1, -3.19812587281252336258e-01) (2, -2.22996782106365892817e-01) (3, 4.04546270293226872816e-01) (4, 1.86070824477814644737e-01) (5, -1.67687464383855000527e+00) (6, -7.68632086350978127598e-01) (7, 6.20462594240236864351e-01) (8, 1.14237185112121358843e-01) (9, -1.63684293542428443979e-01) (10, -1.76085613510871652476e-01) (11, 5.96249837833556339817e-01) (0, 3.88494347525062888593e+00) (1, 3.91965469957450574068e-01) (2, -1.44619625614989200102e-01) (3, 5.69737582539941467275e+00) (4, 4.88983388837348875722e-01) (5, -2.44996978590685587918e+00) (6, 2.50967303720356271768e+00) (7, -1.37226072971939654366e+01) (8, -6.06995925148677706318e+00) (9, 2.71922956860829179160e-01) (10, 2.38570167878043581933e-01) (11, -2.44925987542757361837e+00) (0, -1.61026461213995730759e+00) (1, -4.80987718491846016899e-01) (2, -8.47478626522866873572e-01) (3, 5.50493832952538147962e-02) (4, -1.29833491124419908580e+00) (5, 2.50875997511942250284e+00) (6, -6.52130439585219345844e+00) (7, 6.93443016247422994169e-01) (8, 6.10155990092947297931e-01) (9, -8.16239176317829384644e-01) (10, -8.01868194673983625265e-01) (11, 1.37530957062380987388e+00) (12, -8.26236974734300559930e+01) (13, 2.87620587237347962173e+01) (14, -3.24418607267212522061e+01) (15, -3.08411746482627391330e+00) 
