FANN_FLO_2.1
num_layers=3
learning_rate=0.700000
connection_rate=1.000000
network_type=0
learning_momentum=0.000000
training_algorithm=2
train_error_function=1
train_stop_function=1
cascade_output_change_fraction=0.010000
quickprop_decay=-0.000100
quickprop_mu=1.750000
rprop_increase_factor=1.200000
rprop_decrease_factor=0.500000
rprop_delta_min=0.000000
rprop_delta_max=50.000000
rprop_delta_zero=0.100000
cascade_output_stagnation_epochs=12
cascade_candidate_change_fraction=0.010000
cascade_candidate_stagnation_epochs=12
cascade_max_out_epochs=150
cascade_min_out_epochs=50
cascade_max_cand_epochs=150
cascade_min_cand_epochs=50
cascade_num_candidate_groups=2
bit_fail_limit=1.00000000000000005551e-01
cascade_candidate_limit=1.00000000000000000000e+03
cascade_weight_multiplier=4.00000000000000022204e-01
cascade_activation_functions_count=10
cascade_activation_functions=3 5 7 8 10 11 14 15 16 17 
cascade_activation_steepnesses_count=4
cascade_activation_steepnesses=2.50000000000000000000e-01 5.00000000000000000000e-01 7.50000000000000000000e-01 1.00000000000000000000e+00 
layer_sizes=11 4 2 
scale_included=0
neurons (num_inputs, activation_function, activation_steepness)=(0, 0, 0.00000000000000000000e+00) (0, 0, 0.00000000000000000000e+00) (0, 0, 0.00000000000000000000e+00) (0, 0, 0.00000000000000000000e+00) (0, 0, 0.00000000000000000000e+00) (0, 0, 0.00000000000000000000e+00) (0, 0, 0.00000000000000000000e+00) (0, 0, 0.00000000000000000000e+00) (0, 0, 0.00000000000000000000e+00) (0, 0, 0.00000000000000000000e+00) (0, 0, 0.00000000000000000000e+00) (11, 6, 5.00000000000000000000e-01) (11, 6, 5.00000000000000000000e-01) (11, 6, 5.00000000000000000000e-01) (0, 6, 0.00000000000000000000e+00) (4, 4, 5.00000000000000000000e-01) (0, 4, 0.00000000000000000000e+00) 
connections (connected_to_neuron, weight)=(0, -9.67713983552024537005e+00) (1, 1.02219800379946423874e+01) (2, 2.02164504340023176709e+00) (3, -2.53717275158600443774e+01) (4, 2.00970991026212963959e-01) (5, -2.89764730652964281887e+01) (6, -1.15324239797639815919e+00) (7, -9.24485611916427196810e-01) (8, -2.17791966129301794997e-01) (9, 3.43211433119494602195e+00) (10, 3.73091660597396046484e+00) (0, 8.18598782655257317664e-01) (1, 2.23014060162298122236e+00) (2, 9.19914975189916939158e-01) (3, 7.81775420231749784694e-02) (4, -1.22701854431460954942e+00) (5, -3.40945565420596841122e-01) (6, 1.98840486300033147948e+00) (7, 2.35267513996109034480e+00) (8, 1.09325729306970731436e+00) (9, 3.10024198086906244143e+00) (10, -2.79735632911407527956e+00) (0, 1.03869724700741872248e+00) (1, -3.99700453831653201853e-01) (2, 1.11478099955309539837e+03) (3, 2.28683381392518271014e+02) (4, 2.39676859522837615302e+00) (5, 2.49932114213214306986e+00) (6, 1.18200771284621239388e-01) (7, -5.62665312611596690751e-01) (8, 1.51826367630911240880e+00) (9, 5.89941426223406253371e+01) (10, 8.90719866496121248645e+00) (11, -4.28222525114109231481e+01) (12, 6.54970483247965518103e+01) (13, -1.78007810995818371858e+00) (14, -2.70362962248291971434e+00) 
