FANN_FLO_2.1
num_layers=3
learning_rate=0.700000
connection_rate=1.000000
network_type=0
learning_momentum=0.000000
training_algorithm=2
train_error_function=1
train_stop_function=1
cascade_output_change_fraction=0.010000
quickprop_decay=-0.000100
quickprop_mu=1.750000
rprop_increase_factor=1.200000
rprop_decrease_factor=0.500000
rprop_delta_min=0.000000
rprop_delta_max=50.000000
rprop_delta_zero=0.100000
cascade_output_stagnation_epochs=12
cascade_candidate_change_fraction=0.010000
cascade_candidate_stagnation_epochs=12
cascade_max_out_epochs=150
cascade_min_out_epochs=50
cascade_max_cand_epochs=150
cascade_min_cand_epochs=50
cascade_num_candidate_groups=2
bit_fail_limit=1.00000000000000005551e-01
cascade_candidate_limit=1.00000000000000000000e+03
cascade_weight_multiplier=4.00000000000000022204e-01
cascade_activation_functions_count=10
cascade_activation_functions=3 5 7 8 10 11 14 15 16 17 
cascade_activation_steepnesses_count=4
cascade_activation_steepnesses=2.50000000000000000000e-01 5.00000000000000000000e-01 7.50000000000000000000e-01 1.00000000000000000000e+00 
layer_sizes=11 4 2 
scale_included=0
neurons (num_inputs, activation_function, activation_steepness)=(0, 0, 0.00000000000000000000e+00) (0, 0, 0.00000000000000000000e+00) (0, 0, 0.00000000000000000000e+00) (0, 0, 0.00000000000000000000e+00) (0, 0, 0.00000000000000000000e+00) (0, 0, 0.00000000000000000000e+00) (0, 0, 0.00000000000000000000e+00) (0, 0, 0.00000000000000000000e+00) (0, 0, 0.00000000000000000000e+00) (0, 0, 0.00000000000000000000e+00) (0, 0, 0.00000000000000000000e+00) (11, 6, 5.00000000000000000000e-01) (11, 6, 5.00000000000000000000e-01) (11, 6, 5.00000000000000000000e-01) (0, 6, 0.00000000000000000000e+00) (4, 4, 5.00000000000000000000e-01) (0, 4, 0.00000000000000000000e+00) 
connections (connected_to_neuron, weight)=(0, -2.92801103730454093110e+00) (1, -1.65822533548251094260e+00) (2, -1.27063600039672230935e+00) (3, -2.78219639942797636323e+00) (4, 2.58024506580737522654e+00) (5, -1.08174334447058446279e-02) (6, -1.68456226884375337427e+00) (7, -2.43994189336907041366e+00) (8, -1.25756604594284571164e+00) (9, -6.19861795085899336399e-01) (10, 2.92771460150411622081e+00) (0, -3.13239522666926228922e-01) (1, 2.96090562708838711536e-01) (2, -1.39894273870612532995e-02) (3, -7.87327424551021448629e-01) (4, 3.60646357535870543121e-01) (5, -5.35546902997988638617e+00) (6, -4.44398924618328583502e-01) (7, -4.30669240835632627373e-01) (8, -2.76331474181247815913e-01) (9, -1.25430014635861564187e-01) (10, 7.29538433925458362772e-01) (0, 2.62166177620236018342e+00) (1, -2.36250296461178788121e+00) (2, -8.49090694546845048407e-01) (3, -3.00791612759215787332e-01) (4, -1.80369170544511980836e+00) (5, -1.83496762722915773836e+00) (6, 3.05760548135651166746e+00) (7, 2.79620098895546487228e+00) (8, 2.12323539187774290582e+00) (9, 2.91251351481576170599e+00) (10, -3.35553130535601651374e+00) (11, -1.65386681506226210558e+02) (12, -5.35020553491284367453e+00) (13, 6.80539700280138859512e+00) (14, -1.62356062616035412560e+00) 
