FANN_FLO_2.1
num_layers=3
learning_rate=0.700000
connection_rate=1.000000
network_type=0
learning_momentum=0.000000
training_algorithm=2
train_error_function=1
train_stop_function=1
cascade_output_change_fraction=0.010000
quickprop_decay=-0.000100
quickprop_mu=1.750000
rprop_increase_factor=1.200000
rprop_decrease_factor=0.500000
rprop_delta_min=0.000000
rprop_delta_max=50.000000
rprop_delta_zero=0.100000
cascade_output_stagnation_epochs=12
cascade_candidate_change_fraction=0.010000
cascade_candidate_stagnation_epochs=12
cascade_max_out_epochs=150
cascade_min_out_epochs=50
cascade_max_cand_epochs=150
cascade_min_cand_epochs=50
cascade_num_candidate_groups=2
bit_fail_limit=1.00000000000000005551e-01
cascade_candidate_limit=1.00000000000000000000e+03
cascade_weight_multiplier=4.00000000000000022204e-01
cascade_activation_functions_count=10
cascade_activation_functions=3 5 7 8 10 11 14 15 16 17 
cascade_activation_steepnesses_count=4
cascade_activation_steepnesses=2.50000000000000000000e-01 5.00000000000000000000e-01 7.50000000000000000000e-01 1.00000000000000000000e+00 
layer_sizes=10 4 2 
scale_included=0
neurons (num_inputs, activation_function, activation_steepness)=(0, 0, 0.00000000000000000000e+00) (0, 0, 0.00000000000000000000e+00) (0, 0, 0.00000000000000000000e+00) (0, 0, 0.00000000000000000000e+00) (0, 0, 0.00000000000000000000e+00) (0, 0, 0.00000000000000000000e+00) (0, 0, 0.00000000000000000000e+00) (0, 0, 0.00000000000000000000e+00) (0, 0, 0.00000000000000000000e+00) (0, 0, 0.00000000000000000000e+00) (10, 6, 5.00000000000000000000e-01) (10, 6, 5.00000000000000000000e-01) (10, 6, 5.00000000000000000000e-01) (0, 6, 0.00000000000000000000e+00) (4, 4, 5.00000000000000000000e-01) (0, 4, 0.00000000000000000000e+00) 
connections (connected_to_neuron, weight)=(0, -3.32852182953396269482e+00) (1, 2.27287018829775089301e+00) (2, 4.16692612954076224696e+00) (3, -9.54997344191264918578e-01) (4, -8.23264146967525145548e-01) (5, 5.49768950987935678398e+00) (6, -3.61322368508675761944e+00) (7, 3.35741248806347014622e+00) (8, 4.37342472158871942156e+00) (9, -3.79843913510097674902e+00) (0, -2.54376970947469915885e-01) (1, 1.30969810510101125622e+00) (2, 4.37191981999634105005e-01) (3, 8.98245047924622341817e-02) (4, 2.40217059669071308914e-01) (5, 4.57604417299020904686e-01) (6, -4.19127570378233949011e-01) (7, 1.40935988445135276237e+01) (8, 8.30206918903990498393e+00) (9, -7.12018100592823111050e-01) (0, 4.46378305520079265989e+00) (1, -2.88030859825836849097e+00) (2, -2.36675469845176289496e+00) (3, 1.97489603551083314770e+00) (4, 2.03701441304736885485e+00) (5, -7.55417832283939727489e+00) (6, 2.75843912074852681826e+00) (7, 5.71476772511275953548e+02) (8, 6.35619540738770183452e+02) (9, 3.31066285316154695906e+00) (10, 1.63283507579492237483e+02) (11, 1.11253638341621025054e-01) (12, -5.17696194287183217853e+01) (13, -1.55962527053411381672e+00) 
