FANN_FLO_2.1
num_layers=3
learning_rate=0.700000
connection_rate=1.000000
network_type=0
learning_momentum=0.000000
training_algorithm=2
train_error_function=1
train_stop_function=1
cascade_output_change_fraction=0.010000
quickprop_decay=-0.000100
quickprop_mu=1.750000
rprop_increase_factor=1.200000
rprop_decrease_factor=0.500000
rprop_delta_min=0.000000
rprop_delta_max=50.000000
rprop_delta_zero=0.100000
cascade_output_stagnation_epochs=12
cascade_candidate_change_fraction=0.010000
cascade_candidate_stagnation_epochs=12
cascade_max_out_epochs=150
cascade_min_out_epochs=50
cascade_max_cand_epochs=150
cascade_min_cand_epochs=50
cascade_num_candidate_groups=2
bit_fail_limit=1.00000000000000005551e-01
cascade_candidate_limit=1.00000000000000000000e+03
cascade_weight_multiplier=4.00000000000000022204e-01
cascade_activation_functions_count=10
cascade_activation_functions=3 5 7 8 10 11 14 15 16 17 
cascade_activation_steepnesses_count=4
cascade_activation_steepnesses=2.50000000000000000000e-01 5.00000000000000000000e-01 7.50000000000000000000e-01 1.00000000000000000000e+00 
layer_sizes=18 4 2 
scale_included=0
neurons (num_inputs, activation_function, activation_steepness)=(0, 0, 0.00000000000000000000e+00) (0, 0, 0.00000000000000000000e+00) (0, 0, 0.00000000000000000000e+00) (0, 0, 0.00000000000000000000e+00) (0, 0, 0.00000000000000000000e+00) (0, 0, 0.00000000000000000000e+00) (0, 0, 0.00000000000000000000e+00) (0, 0, 0.00000000000000000000e+00) (0, 0, 0.00000000000000000000e+00) (0, 0, 0.00000000000000000000e+00) (0, 0, 0.00000000000000000000e+00) (0, 0, 0.00000000000000000000e+00) (0, 0, 0.00000000000000000000e+00) (0, 0, 0.00000000000000000000e+00) (0, 0, 0.00000000000000000000e+00) (0, 0, 0.00000000000000000000e+00) (0, 0, 0.00000000000000000000e+00) (0, 0, 0.00000000000000000000e+00) (18, 6, 5.00000000000000000000e-01) (18, 6, 5.00000000000000000000e-01) (18, 6, 5.00000000000000000000e-01) (0, 6, 0.00000000000000000000e+00) (4, 4, 5.00000000000000000000e-01) (0, 4, 0.00000000000000000000e+00) 
connections (connected_to_neuron, weight)=(0, -1.36681785206037664793e+00) (1, 3.35422277885853048485e-01) (2, 4.59368727185148451042e+00) (3, 1.99357613795940746826e+00) (4, 9.21905295346147735103e-01) (5, 2.12347036357484475477e-01) (6, 2.08997062468473737695e+00) (7, 2.09804467364376767691e+00) (8, 1.43777568740119532364e+00) (9, -2.12870760010893489422e+00) (10, -1.39600330469536637601e+00) (11, -5.37054259133538658411e-01) (12, -1.24941634961232872492e+00) (13, 2.79351496415113276228e+00) (14, -1.96892348618758483703e+00) (15, 6.82770526242594197330e-03) (16, 1.15683106577270322646e+00) (17, -5.61430072971399463100e-01) (0, 2.81279429277234127582e+00) (1, -2.32024206550909761759e+00) (2, -1.49489785085775239715e+00) (3, -7.44878222687649405032e+00) (4, -3.48910659485240426392e+00) (5, 1.83966148611089641562e+00) (6, -7.31611901903752048781e+00) (7, -7.21271646142602040896e+00) (8, -5.00896640859389830069e+00) (9, 2.97553557871035545546e+00) (10, 1.09014756433413229075e+00) (11, 1.79118563818299447732e+00) (12, 1.44183249802820512286e+00) (13, -4.53451362129289226033e+00) (14, 2.60970407409806659516e+00) (15, -6.86084498045660073906e-01) (16, -8.24499432322562775255e+00) (17, 2.83597453912549068988e+00) (0, -2.33151463515076384780e+00) (1, 1.29513297863486229744e+01) (2, -3.79694713289006102741e+00) (3, -3.68245757415972096993e-01) (4, 1.39449095006434635735e+01) (5, -3.00179007757823024249e+00) (6, -3.31000424221239430977e-01) (7, -1.20149083918443677632e+00) (8, 2.89115732730795604866e-01) (9, -1.92388739749426329606e-01) (10, 1.55145231518445658736e+00) (11, 2.29674470377045469860e+00) (12, 1.91509395738363963346e+00) (13, -1.08649027045824864146e+00) (14, -8.74280990338383579008e-01) (15, 4.24708841461354946745e+00) (16, -5.62572325661703454003e-01) (17, -2.45101435205850259891e+00) (18, 2.26269272339957572271e+00) (19, -3.26721155258143580724e+00) (20, 4.73070586329651376900e+00) (21, -3.91882008136304493817e+00) 
