FANN_FLO_2.1
num_layers=3
learning_rate=0.700000
connection_rate=1.000000
network_type=0
learning_momentum=0.000000
training_algorithm=2
train_error_function=1
train_stop_function=1
cascade_output_change_fraction=0.010000
quickprop_decay=-0.000100
quickprop_mu=1.750000
rprop_increase_factor=1.200000
rprop_decrease_factor=0.500000
rprop_delta_min=0.000000
rprop_delta_max=50.000000
rprop_delta_zero=0.100000
cascade_output_stagnation_epochs=12
cascade_candidate_change_fraction=0.010000
cascade_candidate_stagnation_epochs=12
cascade_max_out_epochs=150
cascade_min_out_epochs=50
cascade_max_cand_epochs=150
cascade_min_cand_epochs=50
cascade_num_candidate_groups=2
bit_fail_limit=1.00000000000000005551e-01
cascade_candidate_limit=1.00000000000000000000e+03
cascade_weight_multiplier=4.00000000000000022204e-01
cascade_activation_functions_count=10
cascade_activation_functions=3 5 7 8 10 11 14 15 16 17 
cascade_activation_steepnesses_count=4
cascade_activation_steepnesses=2.50000000000000000000e-01 5.00000000000000000000e-01 7.50000000000000000000e-01 1.00000000000000000000e+00 
layer_sizes=8 4 2 
scale_included=0
neurons (num_inputs, activation_function, activation_steepness)=(0, 0, 0.00000000000000000000e+00) (0, 0, 0.00000000000000000000e+00) (0, 0, 0.00000000000000000000e+00) (0, 0, 0.00000000000000000000e+00) (0, 0, 0.00000000000000000000e+00) (0, 0, 0.00000000000000000000e+00) (0, 0, 0.00000000000000000000e+00) (0, 0, 0.00000000000000000000e+00) (8, 6, 5.00000000000000000000e-01) (8, 6, 5.00000000000000000000e-01) (8, 6, 5.00000000000000000000e-01) (0, 6, 0.00000000000000000000e+00) (4, 4, 5.00000000000000000000e-01) (0, 4, 0.00000000000000000000e+00) 
connections (connected_to_neuron, weight)=(0, 2.55861552647510259728e-01) (1, 4.08002813412359088829e+01) (2, -1.42311964350083042241e+00) (3, -2.05889272909481135798e+00) (4, 5.44394075911672814527e+00) (5, 5.19555468350522264842e+00) (6, 5.65135263722811664877e+00) (7, -3.65643895876736779726e+00) (0, 1.36707755688081800116e-01) (1, -6.24932838957470870866e+00) (2, 7.02530621664660848147e-01) (3, 4.46956703931969068222e-01) (4, -2.61122920118105605880e+00) (5, -2.69542911637398363567e+00) (6, -3.21475365014023140020e+00) (7, 7.18878080490699900018e-01) (0, -2.93113198433116672881e-01) (1, -2.32985864332539804877e+00) (2, 2.22332778025177008052e-01) (3, 2.46749677672893907854e-01) (4, -2.41553707611956847146e+00) (5, -1.62003289026960373143e+00) (6, -3.76038264241514408326e+00) (7, 3.01791177673732202713e-01) (8, 7.32864379957054090653e+00) (9, -2.02868571156188393090e+00) (10, -7.41004408211827114705e-01) (11, -1.83481966958226072606e+00) 
