FANN_FLO_2.1
num_layers=3
learning_rate=0.700000
connection_rate=1.000000
network_type=0
learning_momentum=0.000000
training_algorithm=2
train_error_function=1
train_stop_function=1
cascade_output_change_fraction=0.010000
quickprop_decay=-0.000100
quickprop_mu=1.750000
rprop_increase_factor=1.200000
rprop_decrease_factor=0.500000
rprop_delta_min=0.000000
rprop_delta_max=50.000000
rprop_delta_zero=0.100000
cascade_output_stagnation_epochs=12
cascade_candidate_change_fraction=0.010000
cascade_candidate_stagnation_epochs=12
cascade_max_out_epochs=150
cascade_min_out_epochs=50
cascade_max_cand_epochs=150
cascade_min_cand_epochs=50
cascade_num_candidate_groups=2
bit_fail_limit=1.00000000000000005551e-01
cascade_candidate_limit=1.00000000000000000000e+03
cascade_weight_multiplier=4.00000000000000022204e-01
cascade_activation_functions_count=10
cascade_activation_functions=3 5 7 8 10 11 14 15 16 17 
cascade_activation_steepnesses_count=4
cascade_activation_steepnesses=2.50000000000000000000e-01 5.00000000000000000000e-01 7.50000000000000000000e-01 1.00000000000000000000e+00 
layer_sizes=12 4 2 
scale_included=0
neurons (num_inputs, activation_function, activation_steepness)=(0, 0, 0.00000000000000000000e+00) (0, 0, 0.00000000000000000000e+00) (0, 0, 0.00000000000000000000e+00) (0, 0, 0.00000000000000000000e+00) (0, 0, 0.00000000000000000000e+00) (0, 0, 0.00000000000000000000e+00) (0, 0, 0.00000000000000000000e+00) (0, 0, 0.00000000000000000000e+00) (0, 0, 0.00000000000000000000e+00) (0, 0, 0.00000000000000000000e+00) (0, 0, 0.00000000000000000000e+00) (0, 0, 0.00000000000000000000e+00) (12, 6, 5.00000000000000000000e-01) (12, 6, 5.00000000000000000000e-01) (12, 6, 5.00000000000000000000e-01) (0, 6, 0.00000000000000000000e+00) (4, 4, 5.00000000000000000000e-01) (0, 4, 0.00000000000000000000e+00) 
connections (connected_to_neuron, weight)=(0, -2.44746499413275975243e+00) (1, 1.84195178047534580124e+00) (2, 1.50481166884108574777e+00) (3, 1.32180984528793943333e+00) (4, -1.94639025653875946675e-01) (5, -1.08438523235875461381e+00) (6, 9.75018668753765527235e-01) (7, 3.79200131399359197104e+00) (8, -1.79294660665170635383e+00) (9, 1.90030331857586798350e+00) (10, 1.83694342155885292911e+00) (11, -3.10388857890265246198e+00) (0, 1.22929874669792260633e+00) (1, -2.14972485277139691018e-01) (2, -7.01088781870384036843e-01) (3, -3.91261870068817463331e-01) (4, -7.19585046205399758712e-01) (5, 1.16338515350696891648e-01) (6, -1.66424916466650785196e+00) (7, -1.90340009130954279648e-01) (8, 2.64896994197646451497e-01) (9, -1.48691349442426151706e-01) (10, -8.29648016239682761785e-01) (11, 8.06030244812096730023e-01) (0, 1.24927286027723525308e+01) (1, 7.80152544427790139991e-01) (2, 1.55907101997142749639e-01) (3, 2.33865113777548749852e+00) (4, 1.84353357947426443886e+00) (5, 2.21473800237766171861e+00) (6, -9.28207824587327756660e+00) (7, 2.28342387110712818910e+00) (8, 3.25514218489034723447e+00) (9, 2.17009521302624985850e+00) (10, -2.68170750816600023114e-01) (11, 7.98072799907365038052e+00) (12, 2.26313253107597915914e+02) (13, -8.28896847858771712581e-01) (14, -1.69267312616613163634e+00) (15, -1.77909196758420162787e+00) 
