FANN_FLO_2.1
num_layers=3
learning_rate=0.700000
connection_rate=1.000000
network_type=0
learning_momentum=0.000000
training_algorithm=2
train_error_function=1
train_stop_function=1
cascade_output_change_fraction=0.010000
quickprop_decay=-0.000100
quickprop_mu=1.750000
rprop_increase_factor=1.200000
rprop_decrease_factor=0.500000
rprop_delta_min=0.000000
rprop_delta_max=50.000000
rprop_delta_zero=0.100000
cascade_output_stagnation_epochs=12
cascade_candidate_change_fraction=0.010000
cascade_candidate_stagnation_epochs=12
cascade_max_out_epochs=150
cascade_min_out_epochs=50
cascade_max_cand_epochs=150
cascade_min_cand_epochs=50
cascade_num_candidate_groups=2
bit_fail_limit=1.00000000000000005551e-01
cascade_candidate_limit=1.00000000000000000000e+03
cascade_weight_multiplier=4.00000000000000022204e-01
cascade_activation_functions_count=10
cascade_activation_functions=3 5 7 8 10 11 14 15 16 17 
cascade_activation_steepnesses_count=4
cascade_activation_steepnesses=2.50000000000000000000e-01 5.00000000000000000000e-01 7.50000000000000000000e-01 1.00000000000000000000e+00 
layer_sizes=11 4 2 
scale_included=0
neurons (num_inputs, activation_function, activation_steepness)=(0, 0, 0.00000000000000000000e+00) (0, 0, 0.00000000000000000000e+00) (0, 0, 0.00000000000000000000e+00) (0, 0, 0.00000000000000000000e+00) (0, 0, 0.00000000000000000000e+00) (0, 0, 0.00000000000000000000e+00) (0, 0, 0.00000000000000000000e+00) (0, 0, 0.00000000000000000000e+00) (0, 0, 0.00000000000000000000e+00) (0, 0, 0.00000000000000000000e+00) (0, 0, 0.00000000000000000000e+00) (11, 6, 5.00000000000000000000e-01) (11, 6, 5.00000000000000000000e-01) (11, 6, 5.00000000000000000000e-01) (0, 6, 0.00000000000000000000e+00) (4, 4, 5.00000000000000000000e-01) (0, 4, 0.00000000000000000000e+00) 
connections (connected_to_neuron, weight)=(0, 2.78520914426167154332e+00) (1, -3.05105673890014994498e+00) (2, -3.50554141160568555335e+00) (3, 3.45923609773165852133e+00) (4, 3.87043204990044387159e+00) (5, -3.98127455433039734167e-01) (6, 3.97112882614814788340e+00) (7, 5.59770429796231461239e+00) (8, 3.90920135483824759959e+00) (9, 6.69127997270178687117e-01) (10, 3.08342370624501560528e+00) (0, -4.64795622451100343131e-01) (1, 1.34564442031040210068e+00) (2, 1.14497427231130766145e+00) (3, -1.37834497088403762355e+00) (4, 5.67465679516378496139e-01) (5, 2.01038042291791150262e+01) (6, -1.50015912881852481187e-02) (7, 3.27157972455806578260e-02) (8, 2.76172243755272883714e-01) (9, -1.43816620472280232157e+00) (10, -1.79575812988520500113e+00) (0, -1.68053079755595913269e+00) (1, 2.47944324768151247440e+00) (2, 1.89293228864108220577e+00) (3, 4.72686219133299179163e+00) (4, 1.73258626914542551711e-01) (5, 7.22472333111726983113e-01) (6, -2.36044623211491444437e+00) (7, -1.70878499703392550124e+00) (8, -2.36558233082759716837e+00) (9, 8.00045752885979766234e+00) (10, -1.80696498964016405431e+00) (11, -5.54191252637543652071e+00) (12, 6.61754767416292555282e+00) (13, 5.89342515238525432864e+00) (14, -1.67369826469839866334e+00) 
