FANN_FLO_2.1
num_layers=3
learning_rate=0.700000
connection_rate=1.000000
network_type=0
learning_momentum=0.000000
training_algorithm=2
train_error_function=1
train_stop_function=1
cascade_output_change_fraction=0.010000
quickprop_decay=-0.000100
quickprop_mu=1.750000
rprop_increase_factor=1.200000
rprop_decrease_factor=0.500000
rprop_delta_min=0.000000
rprop_delta_max=50.000000
rprop_delta_zero=0.100000
cascade_output_stagnation_epochs=12
cascade_candidate_change_fraction=0.010000
cascade_candidate_stagnation_epochs=12
cascade_max_out_epochs=150
cascade_min_out_epochs=50
cascade_max_cand_epochs=150
cascade_min_cand_epochs=50
cascade_num_candidate_groups=2
bit_fail_limit=1.00000000000000005551e-01
cascade_candidate_limit=1.00000000000000000000e+03
cascade_weight_multiplier=4.00000000000000022204e-01
cascade_activation_functions_count=10
cascade_activation_functions=3 5 7 8 10 11 14 15 16 17 
cascade_activation_steepnesses_count=4
cascade_activation_steepnesses=2.50000000000000000000e-01 5.00000000000000000000e-01 7.50000000000000000000e-01 1.00000000000000000000e+00 
layer_sizes=11 4 2 
scale_included=0
neurons (num_inputs, activation_function, activation_steepness)=(0, 0, 0.00000000000000000000e+00) (0, 0, 0.00000000000000000000e+00) (0, 0, 0.00000000000000000000e+00) (0, 0, 0.00000000000000000000e+00) (0, 0, 0.00000000000000000000e+00) (0, 0, 0.00000000000000000000e+00) (0, 0, 0.00000000000000000000e+00) (0, 0, 0.00000000000000000000e+00) (0, 0, 0.00000000000000000000e+00) (0, 0, 0.00000000000000000000e+00) (0, 0, 0.00000000000000000000e+00) (11, 6, 5.00000000000000000000e-01) (11, 6, 5.00000000000000000000e-01) (11, 6, 5.00000000000000000000e-01) (0, 6, 0.00000000000000000000e+00) (4, 4, 5.00000000000000000000e-01) (0, 4, 0.00000000000000000000e+00) 
connections (connected_to_neuron, weight)=(0, -2.33652071868579724878e+00) (1, 7.95129408927049219358e+00) (2, 1.53278184930739427849e-02) (3, -1.54280929107923392429e+00) (4, 3.02247323776955711949e+00) (5, -2.35571471214735606026e+00) (6, 5.86920811723813873328e+00) (7, -6.84638661583391316956e-02) (8, -1.83249537379953730820e+00) (9, 3.10122435331596602026e+00) (10, -2.15592354013624110110e+00) (0, 2.66781654286727887282e+00) (1, 4.48654858013820678764e+00) (2, 6.48689738360910705950e+00) (3, 8.64281107317726160488e+00) (4, -3.46577714369092593216e+00) (5, 4.52484360425243181680e+00) (6, 4.44431065049222340235e+00) (7, 2.37982409903007896546e+00) (8, 2.91135201744011329339e+00) (9, -3.78760657700829250771e+00) (10, 3.29842482424471628022e+00) (0, -2.61881117903356053223e-01) (1, -2.32841080516399134837e+00) (2, 2.51632182092466045731e+01) (3, 4.41570452076219754911e-01) (4, 1.53027485632927473524e+00) (5, -1.29519159568952962891e-01) (6, -1.83740922426128960865e+00) (7, 4.58196511258805588840e-02) (8, 3.40945467568910920431e-01) (9, 1.34989420237534218927e+00) (10, -2.14401373343231327340e+00) (11, 3.77894789248353601963e+00) (12, -3.47171124664257035874e+00) (13, 4.59632874714967698537e+00) (14, -1.37381751886930913997e+00) 
