FANN_FLO_2.1
num_layers=3
learning_rate=0.700000
connection_rate=1.000000
network_type=0
learning_momentum=0.000000
training_algorithm=2
train_error_function=1
train_stop_function=1
cascade_output_change_fraction=0.010000
quickprop_decay=-0.000100
quickprop_mu=1.750000
rprop_increase_factor=1.200000
rprop_decrease_factor=0.500000
rprop_delta_min=0.000000
rprop_delta_max=50.000000
rprop_delta_zero=0.100000
cascade_output_stagnation_epochs=12
cascade_candidate_change_fraction=0.010000
cascade_candidate_stagnation_epochs=12
cascade_max_out_epochs=150
cascade_min_out_epochs=50
cascade_max_cand_epochs=150
cascade_min_cand_epochs=50
cascade_num_candidate_groups=2
bit_fail_limit=1.00000000000000005551e-01
cascade_candidate_limit=1.00000000000000000000e+03
cascade_weight_multiplier=4.00000000000000022204e-01
cascade_activation_functions_count=10
cascade_activation_functions=3 5 7 8 10 11 14 15 16 17 
cascade_activation_steepnesses_count=4
cascade_activation_steepnesses=2.50000000000000000000e-01 5.00000000000000000000e-01 7.50000000000000000000e-01 1.00000000000000000000e+00 
layer_sizes=12 4 2 
scale_included=0
neurons (num_inputs, activation_function, activation_steepness)=(0, 0, 0.00000000000000000000e+00) (0, 0, 0.00000000000000000000e+00) (0, 0, 0.00000000000000000000e+00) (0, 0, 0.00000000000000000000e+00) (0, 0, 0.00000000000000000000e+00) (0, 0, 0.00000000000000000000e+00) (0, 0, 0.00000000000000000000e+00) (0, 0, 0.00000000000000000000e+00) (0, 0, 0.00000000000000000000e+00) (0, 0, 0.00000000000000000000e+00) (0, 0, 0.00000000000000000000e+00) (0, 0, 0.00000000000000000000e+00) (12, 6, 5.00000000000000000000e-01) (12, 6, 5.00000000000000000000e-01) (12, 6, 5.00000000000000000000e-01) (0, 6, 0.00000000000000000000e+00) (4, 4, 5.00000000000000000000e-01) (0, 4, 0.00000000000000000000e+00) 
connections (connected_to_neuron, weight)=(0, 3.43152488240007491616e-01) (1, 1.59021877971352032510e-01) (2, 2.15931862216620695794e-01) (3, -1.69700669874376958157e-01) (4, 8.19345867400327193542e-02) (5, 2.77576594507252416566e-01) (6, -7.85575343136533099653e-01) (7, -3.29020239837936823157e-01) (8, -5.08566428672308987191e-02) (9, 4.12341422227020026892e-01) (10, 1.76177901093571322166e-02) (11, 3.64698521039022005574e-01) (0, 4.68110073533018944403e+00) (1, -3.32534442631272364466e+00) (2, -2.90936236376671031323e+00) (3, -3.43371432553204014582e-01) (4, 6.96159104414904250646e-01) (5, 2.77228613930074141436e+00) (6, -3.68596281805504011331e+00) (7, -6.75520509381065892285e+00) (8, -3.33733517978585325636e+00) (9, 2.85608530603001131709e+00) (10, -3.58910635024389268466e+00) (11, 5.10658575453377316933e+00) (0, 6.71069654402386461811e+00) (1, -3.34683793958898911924e+00) (2, -4.55597353342061506254e+00) (3, -4.15472478340978335076e-01) (4, 4.46505553843423441673e-01) (5, 2.17522792226954964079e+00) (6, -2.94298120695517928525e+00) (7, -2.28296320900206151094e+00) (8, -3.29943966422474943556e+00) (9, 1.96280193399138669363e+00) (10, -3.64756198500135475626e+00) (11, 4.80956933325950064528e+00) (12, -3.61269955787585916873e-02) (13, -8.34282003447064113288e+01) (14, -1.96097827887150444326e+01) (15, -2.71713548355224210340e+00) 
