FANN_FLO_2.1
num_layers=3
learning_rate=0.700000
connection_rate=1.000000
network_type=0
learning_momentum=0.000000
training_algorithm=2
train_error_function=1
train_stop_function=1
cascade_output_change_fraction=0.010000
quickprop_decay=-0.000100
quickprop_mu=1.750000
rprop_increase_factor=1.200000
rprop_decrease_factor=0.500000
rprop_delta_min=0.000000
rprop_delta_max=50.000000
rprop_delta_zero=0.100000
cascade_output_stagnation_epochs=12
cascade_candidate_change_fraction=0.010000
cascade_candidate_stagnation_epochs=12
cascade_max_out_epochs=150
cascade_min_out_epochs=50
cascade_max_cand_epochs=150
cascade_min_cand_epochs=50
cascade_num_candidate_groups=2
bit_fail_limit=1.00000000000000005551e-01
cascade_candidate_limit=1.00000000000000000000e+03
cascade_weight_multiplier=4.00000000000000022204e-01
cascade_activation_functions_count=10
cascade_activation_functions=3 5 7 8 10 11 14 15 16 17 
cascade_activation_steepnesses_count=4
cascade_activation_steepnesses=2.50000000000000000000e-01 5.00000000000000000000e-01 7.50000000000000000000e-01 1.00000000000000000000e+00 
layer_sizes=10 4 2 
scale_included=0
neurons (num_inputs, activation_function, activation_steepness)=(0, 0, 0.00000000000000000000e+00) (0, 0, 0.00000000000000000000e+00) (0, 0, 0.00000000000000000000e+00) (0, 0, 0.00000000000000000000e+00) (0, 0, 0.00000000000000000000e+00) (0, 0, 0.00000000000000000000e+00) (0, 0, 0.00000000000000000000e+00) (0, 0, 0.00000000000000000000e+00) (0, 0, 0.00000000000000000000e+00) (0, 0, 0.00000000000000000000e+00) (10, 6, 5.00000000000000000000e-01) (10, 6, 5.00000000000000000000e-01) (10, 6, 5.00000000000000000000e-01) (0, 6, 0.00000000000000000000e+00) (4, 4, 5.00000000000000000000e-01) (0, 4, 0.00000000000000000000e+00) 
connections (connected_to_neuron, weight)=(0, -1.52886837452686302763e-01) (1, 4.40921800352786663613e-01) (2, 7.10505071636767016052e-01) (3, 1.51187967482821039589e-01) (4, 4.11856914956561181995e-01) (5, 7.69111937499202535928e-02) (6, 4.35568650148904223940e-01) (7, 1.33704529973954489019e-01) (8, 2.29468689731375075080e-01) (9, 4.69677530254088079764e-02) (0, -3.89724259208537882060e+00) (1, 3.15345974795938044366e+00) (2, 1.74588681068559603560e+00) (3, 2.09477656145420043643e+00) (4, 2.00144147547145323518e-01) (5, 1.33276941857791353385e+00) (6, 8.36343049145532035915e-01) (7, -8.47480972412458788412e-01) (8, 1.67542983284813629119e+00) (9, -3.36364323499419937136e+00) (0, 2.10905462205044913482e-02) (1, 4.48969643034194232367e-01) (2, 3.31638033095613682377e-01) (3, 2.08870007106082222759e-01) (4, 4.34674550194731446062e-01) (5, 1.40899478218570795018e-01) (6, 5.20981444202458399140e-01) (7, 1.41739572557896542637e-01) (8, 2.10063817671552632849e-01) (9, 7.79621816091291275352e-02) (10, 6.78858421577237192146e-01) (11, 9.13932514205202828350e+00) (12, 6.82391406132004330054e-01) (13, -1.86475718949998525709e+00) 
