FANN_FLO_2.1
num_layers=3
learning_rate=0.700000
connection_rate=1.000000
network_type=0
learning_momentum=0.000000
training_algorithm=2
train_error_function=1
train_stop_function=1
cascade_output_change_fraction=0.010000
quickprop_decay=-0.000100
quickprop_mu=1.750000
rprop_increase_factor=1.200000
rprop_decrease_factor=0.500000
rprop_delta_min=0.000000
rprop_delta_max=50.000000
rprop_delta_zero=0.100000
cascade_output_stagnation_epochs=12
cascade_candidate_change_fraction=0.010000
cascade_candidate_stagnation_epochs=12
cascade_max_out_epochs=150
cascade_min_out_epochs=50
cascade_max_cand_epochs=150
cascade_min_cand_epochs=50
cascade_num_candidate_groups=2
bit_fail_limit=1.00000000000000005551e-01
cascade_candidate_limit=1.00000000000000000000e+03
cascade_weight_multiplier=4.00000000000000022204e-01
cascade_activation_functions_count=10
cascade_activation_functions=3 5 7 8 10 11 14 15 16 17 
cascade_activation_steepnesses_count=4
cascade_activation_steepnesses=2.50000000000000000000e-01 5.00000000000000000000e-01 7.50000000000000000000e-01 1.00000000000000000000e+00 
layer_sizes=16 4 2 
scale_included=0
neurons (num_inputs, activation_function, activation_steepness)=(0, 0, 0.00000000000000000000e+00) (0, 0, 0.00000000000000000000e+00) (0, 0, 0.00000000000000000000e+00) (0, 0, 0.00000000000000000000e+00) (0, 0, 0.00000000000000000000e+00) (0, 0, 0.00000000000000000000e+00) (0, 0, 0.00000000000000000000e+00) (0, 0, 0.00000000000000000000e+00) (0, 0, 0.00000000000000000000e+00) (0, 0, 0.00000000000000000000e+00) (0, 0, 0.00000000000000000000e+00) (0, 0, 0.00000000000000000000e+00) (0, 0, 0.00000000000000000000e+00) (0, 0, 0.00000000000000000000e+00) (0, 0, 0.00000000000000000000e+00) (0, 0, 0.00000000000000000000e+00) (16, 6, 5.00000000000000000000e-01) (16, 6, 5.00000000000000000000e-01) (16, 6, 5.00000000000000000000e-01) (0, 6, 0.00000000000000000000e+00) (4, 4, 5.00000000000000000000e-01) (0, 4, 0.00000000000000000000e+00) 
connections (connected_to_neuron, weight)=(0, -1.05007503153805470397e+00) (1, 5.67145080677683282033e+01) (2, 4.55491813499427911083e-01) (3, 1.11944943859868417668e+00) (4, 1.05405272736840638359e+00) (5, 3.30104948471347636740e-01) (6, 1.41446617373356398062e-01) (7, 6.50962688478632811595e-01) (8, 1.96499265817378296339e-02) (9, 1.16949566101232915738e-01) (10, -2.20228528420391866938e-01) (11, 1.82621159052053838590e-01) (12, 1.00934239232970290878e+00) (13, 5.72138876172705534984e-01) (14, 4.90479002609130243506e-01) (15, -1.14842893900398945739e+00) (0, -1.14442014666323399474e+00) (1, 5.66131721101219582692e+01) (2, 3.96225134510494403361e-01) (3, 1.05122907653146180351e+00) (4, 1.09850708588652978825e+00) (5, 4.84626287112991271933e-01) (6, 8.70836348618360123197e-02) (7, 7.34094493540926817943e-01) (8, -1.03397045275810006704e-01) (9, 1.13113120590845495084e-01) (10, -1.29488942961159592127e-01) (11, 1.00885875915686040738e-01) (12, 1.07844663912488059054e+00) (13, 5.60138233455821143991e-01) (14, 4.37698758109685281958e-01) (15, -1.17964662583594059875e+00) (0, -1.18171618850950932433e+00) (1, 5.67173100672180581228e+01) (2, 4.23238205391861133098e-01) (3, 1.05519361242347153862e+00) (4, 1.16461241438680063176e+00) (5, 3.86197333673993892234e-01) (6, 2.13246514030823230978e-01) (7, 7.19170876297160033275e-01) (8, 1.54005364453540030678e-03) (9, 6.47313932100908664968e-03) (10, -7.03273991150292210328e-02) (11, 1.79328792189756780484e-01) (12, 1.05373239273263052951e+00) (13, 5.62139638218089210397e-01) (14, 2.13160075871957760407e-01) (15, -1.09870599182371830871e+00) (16, 1.22283972319689944186e+01) (17, 1.22587096211043551364e+01) (18, 5.71983762568167808382e+00) (19, -9.87141570366347198551e-01) 
