FANN_FLO_2.1
num_layers=3
learning_rate=0.700000
connection_rate=1.000000
network_type=0
learning_momentum=0.000000
training_algorithm=2
train_error_function=1
train_stop_function=1
cascade_output_change_fraction=0.010000
quickprop_decay=-0.000100
quickprop_mu=1.750000
rprop_increase_factor=1.200000
rprop_decrease_factor=0.500000
rprop_delta_min=0.000000
rprop_delta_max=50.000000
rprop_delta_zero=0.100000
cascade_output_stagnation_epochs=12
cascade_candidate_change_fraction=0.010000
cascade_candidate_stagnation_epochs=12
cascade_max_out_epochs=150
cascade_min_out_epochs=50
cascade_max_cand_epochs=150
cascade_min_cand_epochs=50
cascade_num_candidate_groups=2
bit_fail_limit=1.00000000000000005551e-01
cascade_candidate_limit=1.00000000000000000000e+03
cascade_weight_multiplier=4.00000000000000022204e-01
cascade_activation_functions_count=10
cascade_activation_functions=3 5 7 8 10 11 14 15 16 17 
cascade_activation_steepnesses_count=4
cascade_activation_steepnesses=2.50000000000000000000e-01 5.00000000000000000000e-01 7.50000000000000000000e-01 1.00000000000000000000e+00 
layer_sizes=11 4 2 
scale_included=0
neurons (num_inputs, activation_function, activation_steepness)=(0, 0, 0.00000000000000000000e+00) (0, 0, 0.00000000000000000000e+00) (0, 0, 0.00000000000000000000e+00) (0, 0, 0.00000000000000000000e+00) (0, 0, 0.00000000000000000000e+00) (0, 0, 0.00000000000000000000e+00) (0, 0, 0.00000000000000000000e+00) (0, 0, 0.00000000000000000000e+00) (0, 0, 0.00000000000000000000e+00) (0, 0, 0.00000000000000000000e+00) (0, 0, 0.00000000000000000000e+00) (11, 6, 5.00000000000000000000e-01) (11, 6, 5.00000000000000000000e-01) (11, 6, 5.00000000000000000000e-01) (0, 6, 0.00000000000000000000e+00) (4, 4, 5.00000000000000000000e-01) (0, 4, 0.00000000000000000000e+00) 
connections (connected_to_neuron, weight)=(0, -3.14005766750940429333e+00) (1, 2.64627985851779490289e+00) (2, 6.92263008451104222551e-01) (3, 2.71498376257306661685e+00) (4, 3.94762108297412472879e+00) (5, -4.08433545602502223737e-01) (6, 2.56040022648459997257e+00) (7, 2.38069995212998009038e+00) (8, 1.62933584621723603902e+00) (9, 2.73457285957351237116e+00) (10, -3.16907960863479720715e+00) (0, 3.98525231190676221260e+00) (1, -2.87621164148486085921e+00) (2, -1.97314416256251812243e+00) (3, -3.07859638458768580804e+00) (4, -1.52909273073773266383e+00) (5, 8.56103730865182988019e-01) (6, -3.04855948066989634881e+00) (7, -3.14073977456931174856e+00) (8, -3.39426328065329130368e+00) (9, -2.76016471361554094344e+00) (10, 3.97273009129518994698e+00) (0, 9.78899328248890587822e-01) (1, -7.83700368504798960956e-01) (2, 1.51024714063882598003e-01) (3, -1.88879136197859981428e-01) (4, -3.63462104375628536346e-01) (5, 3.06202530565963082498e-01) (6, -2.24540043824012020002e-01) (7, 4.27587125752521696187e-02) (8, -3.79513952769507278973e-01) (9, -8.07461380164897990497e-01) (10, 9.20762194531353661553e-01) (11, 5.16379516656706627487e+00) (12, -7.42853438793612230739e+00) (13, -5.43305712445547261957e-01) (14, -6.73842700053840837349e-01) 
