FANN_FLO_2.1
num_layers=3
learning_rate=0.700000
connection_rate=1.000000
network_type=0
learning_momentum=0.000000
training_algorithm=2
train_error_function=1
train_stop_function=1
cascade_output_change_fraction=0.010000
quickprop_decay=-0.000100
quickprop_mu=1.750000
rprop_increase_factor=1.200000
rprop_decrease_factor=0.500000
rprop_delta_min=0.000000
rprop_delta_max=50.000000
rprop_delta_zero=0.100000
cascade_output_stagnation_epochs=12
cascade_candidate_change_fraction=0.010000
cascade_candidate_stagnation_epochs=12
cascade_max_out_epochs=150
cascade_min_out_epochs=50
cascade_max_cand_epochs=150
cascade_min_cand_epochs=50
cascade_num_candidate_groups=2
bit_fail_limit=1.00000000000000005551e-01
cascade_candidate_limit=1.00000000000000000000e+03
cascade_weight_multiplier=4.00000000000000022204e-01
cascade_activation_functions_count=10
cascade_activation_functions=3 5 7 8 10 11 14 15 16 17 
cascade_activation_steepnesses_count=4
cascade_activation_steepnesses=2.50000000000000000000e-01 5.00000000000000000000e-01 7.50000000000000000000e-01 1.00000000000000000000e+00 
layer_sizes=10 4 2 
scale_included=0
neurons (num_inputs, activation_function, activation_steepness)=(0, 0, 0.00000000000000000000e+00) (0, 0, 0.00000000000000000000e+00) (0, 0, 0.00000000000000000000e+00) (0, 0, 0.00000000000000000000e+00) (0, 0, 0.00000000000000000000e+00) (0, 0, 0.00000000000000000000e+00) (0, 0, 0.00000000000000000000e+00) (0, 0, 0.00000000000000000000e+00) (0, 0, 0.00000000000000000000e+00) (0, 0, 0.00000000000000000000e+00) (10, 6, 5.00000000000000000000e-01) (10, 6, 5.00000000000000000000e-01) (10, 6, 5.00000000000000000000e-01) (0, 6, 0.00000000000000000000e+00) (4, 4, 5.00000000000000000000e-01) (0, 4, 0.00000000000000000000e+00) 
connections (connected_to_neuron, weight)=(0, -1.46555189796193019447e+01) (1, 6.09140137445134399741e+00) (2, 3.54579369339353345225e+00) (3, 2.99998667111998340573e+00) (4, -1.52103135323897353803e-01) (5, 3.85172075769181165850e-01) (6, 1.19833250901545551592e+00) (7, -1.15455392942797696598e+00) (8, 5.67675731322044740956e-01) (9, -5.20105761548804057526e+00) (0, -6.36874114349597619800e-01) (1, 9.46196833457472519235e-01) (2, 7.43139594644651402255e-01) (3, 1.09564368524112665249e+00) (4, -1.00110261768628347467e-01) (5, -5.68913883274089829389e-02) (6, 6.15689046465984213263e-01) (7, -3.89311425851088854788e-01) (8, -1.53525822676179424242e-01) (9, -5.50140969918471500755e-01) (0, -4.04645357268403049744e+00) (1, 1.55105095491913114181e+00) (2, 1.57919799311754815996e+00) (3, 1.31325509329981193751e+00) (4, -5.57064199379762925446e-01) (5, -6.71171126446804211518e-01) (6, 1.02679753275603280471e+00) (7, -1.10284075907112399939e+00) (8, -7.54267673460706333799e-01) (9, -9.95811805340063749270e-01) (10, 4.98960652792161685198e+00) (11, 1.98813661430586141599e+00) (12, 3.15118473776726348845e+00) (13, -1.87904868671675884251e+00) 
