FANN_FLO_2.1
num_layers=3
learning_rate=0.700000
connection_rate=1.000000
network_type=0
learning_momentum=0.000000
training_algorithm=2
train_error_function=1
train_stop_function=1
cascade_output_change_fraction=0.010000
quickprop_decay=-0.000100
quickprop_mu=1.750000
rprop_increase_factor=1.200000
rprop_decrease_factor=0.500000
rprop_delta_min=0.000000
rprop_delta_max=50.000000
rprop_delta_zero=0.100000
cascade_output_stagnation_epochs=12
cascade_candidate_change_fraction=0.010000
cascade_candidate_stagnation_epochs=12
cascade_max_out_epochs=150
cascade_min_out_epochs=50
cascade_max_cand_epochs=150
cascade_min_cand_epochs=50
cascade_num_candidate_groups=2
bit_fail_limit=1.00000000000000005551e-01
cascade_candidate_limit=1.00000000000000000000e+03
cascade_weight_multiplier=4.00000000000000022204e-01
cascade_activation_functions_count=10
cascade_activation_functions=3 5 7 8 10 11 14 15 16 17 
cascade_activation_steepnesses_count=4
cascade_activation_steepnesses=2.50000000000000000000e-01 5.00000000000000000000e-01 7.50000000000000000000e-01 1.00000000000000000000e+00 
layer_sizes=9 4 2 
scale_included=0
neurons (num_inputs, activation_function, activation_steepness)=(0, 0, 0.00000000000000000000e+00) (0, 0, 0.00000000000000000000e+00) (0, 0, 0.00000000000000000000e+00) (0, 0, 0.00000000000000000000e+00) (0, 0, 0.00000000000000000000e+00) (0, 0, 0.00000000000000000000e+00) (0, 0, 0.00000000000000000000e+00) (0, 0, 0.00000000000000000000e+00) (0, 0, 0.00000000000000000000e+00) (9, 6, 5.00000000000000000000e-01) (9, 6, 5.00000000000000000000e-01) (9, 6, 5.00000000000000000000e-01) (0, 6, 0.00000000000000000000e+00) (4, 4, 5.00000000000000000000e-01) (0, 4, 0.00000000000000000000e+00) 
connections (connected_to_neuron, weight)=(0, 1.15082413730195765034e+00) (1, -7.75714843112611518450e-01) (2, -1.04132765139957039757e+00) (3, -6.15859446349450667668e-01) (4, -2.91474110835155453270e-01) (5, -2.43411439859231859550e-01) (6, -1.61250877582391566323e-01) (7, 3.67899958656619952002e-01) (8, 5.49364103362307454326e-01) (0, 1.21387908634713848066e+00) (1, -6.25427013773107165484e-01) (2, -9.44627385395961916004e-01) (3, -1.11592105879207248442e+00) (4, -2.58414688908418566093e-01) (5, -2.70661498808225542412e-01) (6, -1.43443989955743617104e-01) (7, 4.38095916674922758460e-01) (8, 4.93474794909701142132e-01) (0, -9.73091238485564602456e+00) (1, 3.88668162429185271023e+00) (2, 1.65315061803635310334e+00) (3, 2.13516166791673445147e+00) (4, 7.38745940474695661493e-01) (5, 1.96323053506055189565e+00) (6, 2.52357770373668000019e+00) (7, -4.51461273069371227251e-01) (8, -3.27181698902368900406e+00) (9, -9.14122589162340903890e-01) (10, -6.62228684195008243663e-01) (11, 6.70694698934260280510e+00) (12, -1.90708599149062263400e+00) 
