FANN_FLO_2.1
num_layers=3
learning_rate=0.700000
connection_rate=1.000000
network_type=0
learning_momentum=0.000000
training_algorithm=2
train_error_function=1
train_stop_function=1
cascade_output_change_fraction=0.010000
quickprop_decay=-0.000100
quickprop_mu=1.750000
rprop_increase_factor=1.200000
rprop_decrease_factor=0.500000
rprop_delta_min=0.000000
rprop_delta_max=50.000000
rprop_delta_zero=0.100000
cascade_output_stagnation_epochs=12
cascade_candidate_change_fraction=0.010000
cascade_candidate_stagnation_epochs=12
cascade_max_out_epochs=150
cascade_min_out_epochs=50
cascade_max_cand_epochs=150
cascade_min_cand_epochs=50
cascade_num_candidate_groups=2
bit_fail_limit=1.00000000000000005551e-01
cascade_candidate_limit=1.00000000000000000000e+03
cascade_weight_multiplier=4.00000000000000022204e-01
cascade_activation_functions_count=10
cascade_activation_functions=3 5 7 8 10 11 14 15 16 17 
cascade_activation_steepnesses_count=4
cascade_activation_steepnesses=2.50000000000000000000e-01 5.00000000000000000000e-01 7.50000000000000000000e-01 1.00000000000000000000e+00 
layer_sizes=12 4 2 
scale_included=0
neurons (num_inputs, activation_function, activation_steepness)=(0, 0, 0.00000000000000000000e+00) (0, 0, 0.00000000000000000000e+00) (0, 0, 0.00000000000000000000e+00) (0, 0, 0.00000000000000000000e+00) (0, 0, 0.00000000000000000000e+00) (0, 0, 0.00000000000000000000e+00) (0, 0, 0.00000000000000000000e+00) (0, 0, 0.00000000000000000000e+00) (0, 0, 0.00000000000000000000e+00) (0, 0, 0.00000000000000000000e+00) (0, 0, 0.00000000000000000000e+00) (0, 0, 0.00000000000000000000e+00) (12, 6, 5.00000000000000000000e-01) (12, 6, 5.00000000000000000000e-01) (12, 6, 5.00000000000000000000e-01) (0, 6, 0.00000000000000000000e+00) (4, 4, 5.00000000000000000000e-01) (0, 4, 0.00000000000000000000e+00) 
connections (connected_to_neuron, weight)=(0, 2.10289626714753774550e+00) (1, -2.54343019655689195346e+00) (2, -5.41043826419326912003e-01) (3, -2.58200789925535412195e+00) (4, 1.10309480102846232952e-01) (5, 1.93588209891087026371e+00) (6, 2.69050212564530433212e+00) (7, -2.55365580576351192121e+00) (8, -1.51804105128403410419e+00) (9, -1.21098398332582934955e+00) (10, -8.93406022845275815669e-01) (11, 1.81495002572013985898e+00) (0, -2.40055222908058363274e+00) (1, 1.02118970833986089097e+00) (2, 1.74580773796543864407e+00) (3, 2.37921683580959530957e+00) (4, 1.70532775466487529492e+00) (5, 2.65183832401338137608e-01) (6, -1.12195512106917139050e+00) (7, 1.09594954581181678321e+01) (8, 1.40819969383967480425e+00) (9, 1.01649541732729087329e+00) (10, 4.20387395301233424139e-01) (11, -1.66708437055077807187e+00) (0, 2.13262053725289968398e+00) (1, -2.15758638577961514571e+00) (2, -7.77770583334663201391e-01) (3, -2.70737332788189144495e+00) (4, -4.43984381550603934841e-01) (5, 1.81153906503087491764e+00) (6, 2.67656128468575538193e+00) (7, -3.11623690043299506058e+00) (8, -1.34684527536053222363e+00) (9, -1.25954437171207889179e+00) (10, -9.99039214609630521480e-01) (11, 1.78035486404373299862e+00) (12, -2.81568151007307587719e+00) (13, 4.81187816216031283290e+00) (14, -1.17386924508086245567e+01) (15, -2.29157281952799474212e+00) 
