FANN_FLO_2.1
num_layers=3
learning_rate=0.700000
connection_rate=1.000000
network_type=0
learning_momentum=0.000000
training_algorithm=2
train_error_function=1
train_stop_function=1
cascade_output_change_fraction=0.010000
quickprop_decay=-0.000100
quickprop_mu=1.750000
rprop_increase_factor=1.200000
rprop_decrease_factor=0.500000
rprop_delta_min=0.000000
rprop_delta_max=50.000000
rprop_delta_zero=0.100000
cascade_output_stagnation_epochs=12
cascade_candidate_change_fraction=0.010000
cascade_candidate_stagnation_epochs=12
cascade_max_out_epochs=150
cascade_min_out_epochs=50
cascade_max_cand_epochs=150
cascade_min_cand_epochs=50
cascade_num_candidate_groups=2
bit_fail_limit=1.00000000000000005551e-01
cascade_candidate_limit=1.00000000000000000000e+03
cascade_weight_multiplier=4.00000000000000022204e-01
cascade_activation_functions_count=10
cascade_activation_functions=3 5 7 8 10 11 14 15 16 17 
cascade_activation_steepnesses_count=4
cascade_activation_steepnesses=2.50000000000000000000e-01 5.00000000000000000000e-01 7.50000000000000000000e-01 1.00000000000000000000e+00 
layer_sizes=8 4 2 
scale_included=0
neurons (num_inputs, activation_function, activation_steepness)=(0, 0, 0.00000000000000000000e+00) (0, 0, 0.00000000000000000000e+00) (0, 0, 0.00000000000000000000e+00) (0, 0, 0.00000000000000000000e+00) (0, 0, 0.00000000000000000000e+00) (0, 0, 0.00000000000000000000e+00) (0, 0, 0.00000000000000000000e+00) (0, 0, 0.00000000000000000000e+00) (8, 6, 5.00000000000000000000e-01) (8, 6, 5.00000000000000000000e-01) (8, 6, 5.00000000000000000000e-01) (0, 6, 0.00000000000000000000e+00) (4, 4, 5.00000000000000000000e-01) (0, 4, 0.00000000000000000000e+00) 
connections (connected_to_neuron, weight)=(0, -9.89334821871688641082e-01) (1, 4.52832308990006426885e-01) (2, 2.55963132985361982441e-02) (3, 4.00425336487173100242e-01) (4, 2.24648121162546665630e+00) (5, 1.00795696836033887855e+00) (6, 7.45396769975793294094e-01) (7, -1.13043707511212154770e+00) (0, -5.75467544704866273975e-01) (1, 9.72863315683850538029e-01) (2, 2.14137022254895587059e-01) (3, 2.60305902969796665314e-01) (4, 5.12063938313709887673e-01) (5, 1.65397779213706486168e+00) (6, 1.45384269306577951220e+00) (7, -7.16546540218088612306e-01) (0, -3.01024407907854696376e+00) (1, 4.28506400395306563667e+00) (2, 9.62866343599236063078e-01) (3, 3.48203029874481195804e+00) (4, 4.91913796222777222056e+00) (5, 3.82257839893405648724e+00) (6, 4.04675770088671615810e+00) (7, -6.25323453828265396481e+00) (8, 4.98990053751488389366e+01) (9, 6.64300364743170668191e-01) (10, 6.50436317808208031011e+01) (11, -1.89449255746939404510e+00) 
