FANN_FLO_2.1
num_layers=3
learning_rate=0.700000
connection_rate=1.000000
network_type=0
learning_momentum=0.000000
training_algorithm=2
train_error_function=1
train_stop_function=1
cascade_output_change_fraction=0.010000
quickprop_decay=-0.000100
quickprop_mu=1.750000
rprop_increase_factor=1.200000
rprop_decrease_factor=0.500000
rprop_delta_min=0.000000
rprop_delta_max=50.000000
rprop_delta_zero=0.100000
cascade_output_stagnation_epochs=12
cascade_candidate_change_fraction=0.010000
cascade_candidate_stagnation_epochs=12
cascade_max_out_epochs=150
cascade_min_out_epochs=50
cascade_max_cand_epochs=150
cascade_min_cand_epochs=50
cascade_num_candidate_groups=2
bit_fail_limit=1.00000000000000005551e-01
cascade_candidate_limit=1.00000000000000000000e+03
cascade_weight_multiplier=4.00000000000000022204e-01
cascade_activation_functions_count=10
cascade_activation_functions=3 5 7 8 10 11 14 15 16 17 
cascade_activation_steepnesses_count=4
cascade_activation_steepnesses=2.50000000000000000000e-01 5.00000000000000000000e-01 7.50000000000000000000e-01 1.00000000000000000000e+00 
layer_sizes=10 4 2 
scale_included=0
neurons (num_inputs, activation_function, activation_steepness)=(0, 0, 0.00000000000000000000e+00) (0, 0, 0.00000000000000000000e+00) (0, 0, 0.00000000000000000000e+00) (0, 0, 0.00000000000000000000e+00) (0, 0, 0.00000000000000000000e+00) (0, 0, 0.00000000000000000000e+00) (0, 0, 0.00000000000000000000e+00) (0, 0, 0.00000000000000000000e+00) (0, 0, 0.00000000000000000000e+00) (0, 0, 0.00000000000000000000e+00) (10, 6, 5.00000000000000000000e-01) (10, 6, 5.00000000000000000000e-01) (10, 6, 5.00000000000000000000e-01) (0, 6, 0.00000000000000000000e+00) (4, 4, 5.00000000000000000000e-01) (0, 4, 0.00000000000000000000e+00) 
connections (connected_to_neuron, weight)=(0, -8.29444270474777312074e+00) (1, 1.27980982797543663132e+00) (2, 5.82522338083012236609e-01) (3, 1.35961475988708757612e+00) (4, 5.02671386627857486040e-01) (5, 3.27588462842997918401e-01) (6, 3.30731505168971429143e-01) (7, -8.78360735252611685153e-02) (8, 2.73861555985049520690e-01) (9, -1.92958666359208830254e-01) (0, -3.46106772015777064411e+00) (1, 1.04226028100888279404e+00) (2, 1.67329284345709528026e+00) (3, 1.97860891341564315571e-01) (4, 5.47129301924475841545e-01) (5, 4.76548206613762959094e-01) (6, 4.03913668268023773322e-01) (7, 7.68162309203102855459e-02) (8, 1.16614711928237010929e-01) (9, -5.71006209213912943601e-02) (0, -1.10063391412123969815e+01) (1, 4.91573958012077216750e+00) (2, 3.02937139858379866908e+00) (3, 2.67934774865191371873e+00) (4, 1.29251665550793659598e+00) (5, 3.08745081160126055853e-01) (6, 7.90049228636727884911e-01) (7, -3.47934059564963726885e+00) (8, -6.13070595353596536903e-01) (9, -4.39715537335733053226e+00) (10, 2.64441477406125269312e+00) (11, 3.70214184101550214390e-01) (12, 5.44577746361656789276e+00) (13, -1.48796981434721797832e+00) 
