FANN_FLO_2.1
num_layers=3
learning_rate=0.700000
connection_rate=1.000000
network_type=0
learning_momentum=0.000000
training_algorithm=2
train_error_function=1
train_stop_function=1
cascade_output_change_fraction=0.010000
quickprop_decay=-0.000100
quickprop_mu=1.750000
rprop_increase_factor=1.200000
rprop_decrease_factor=0.500000
rprop_delta_min=0.000000
rprop_delta_max=50.000000
rprop_delta_zero=0.100000
cascade_output_stagnation_epochs=12
cascade_candidate_change_fraction=0.010000
cascade_candidate_stagnation_epochs=12
cascade_max_out_epochs=150
cascade_min_out_epochs=50
cascade_max_cand_epochs=150
cascade_min_cand_epochs=50
cascade_num_candidate_groups=2
bit_fail_limit=1.00000000000000005551e-01
cascade_candidate_limit=1.00000000000000000000e+03
cascade_weight_multiplier=4.00000000000000022204e-01
cascade_activation_functions_count=10
cascade_activation_functions=3 5 7 8 10 11 14 15 16 17 
cascade_activation_steepnesses_count=4
cascade_activation_steepnesses=2.50000000000000000000e-01 5.00000000000000000000e-01 7.50000000000000000000e-01 1.00000000000000000000e+00 
layer_sizes=8 4 2 
scale_included=0
neurons (num_inputs, activation_function, activation_steepness)=(0, 0, 0.00000000000000000000e+00) (0, 0, 0.00000000000000000000e+00) (0, 0, 0.00000000000000000000e+00) (0, 0, 0.00000000000000000000e+00) (0, 0, 0.00000000000000000000e+00) (0, 0, 0.00000000000000000000e+00) (0, 0, 0.00000000000000000000e+00) (0, 0, 0.00000000000000000000e+00) (8, 6, 5.00000000000000000000e-01) (8, 6, 5.00000000000000000000e-01) (8, 6, 5.00000000000000000000e-01) (0, 6, 0.00000000000000000000e+00) (4, 4, 5.00000000000000000000e-01) (0, 4, 0.00000000000000000000e+00) 
connections (connected_to_neuron, weight)=(0, 4.36545316028242758044e-01) (1, 3.57017433675363315970e-01) (2, 8.49651229816060338251e-01) (3, 3.64248367864700051122e-01) (4, 3.70543025756296162676e-01) (5, 4.31661824722379849906e-01) (6, 4.18807868583933318174e-01) (7, -7.45187761074336707523e-01) (0, -2.21137902556371779283e+00) (1, 2.52491333765625780572e+00) (2, -6.11056564635320542678e-02) (3, 2.04750869512026323349e+00) (4, 3.50409654015531435434e+00) (5, 2.56262591426021346663e+00) (6, 2.48519390441173593231e+00) (7, -3.53421136982342032340e+00) (0, -2.25745412378025145372e+00) (1, 2.50251496268153017510e+00) (2, -8.48679526510679252405e-03) (3, 2.01865665703480301474e+00) (4, 3.42511219763984575692e+00) (5, 2.46048033309519809109e+00) (6, 2.54080836839670221039e+00) (7, -3.50917190558811453727e+00) (8, 6.62689456959619005438e-01) (9, 8.20042002684896402798e+01) (10, 8.20191418714349680386e+01) (11, -1.35737177191133850940e+00) 
