FANN_FLO_2.1
num_layers=3
learning_rate=0.700000
connection_rate=1.000000
network_type=0
learning_momentum=0.000000
training_algorithm=2
train_error_function=1
train_stop_function=1
cascade_output_change_fraction=0.010000
quickprop_decay=-0.000100
quickprop_mu=1.750000
rprop_increase_factor=1.200000
rprop_decrease_factor=0.500000
rprop_delta_min=0.000000
rprop_delta_max=50.000000
rprop_delta_zero=0.100000
cascade_output_stagnation_epochs=12
cascade_candidate_change_fraction=0.010000
cascade_candidate_stagnation_epochs=12
cascade_max_out_epochs=150
cascade_min_out_epochs=50
cascade_max_cand_epochs=150
cascade_min_cand_epochs=50
cascade_num_candidate_groups=2
bit_fail_limit=1.00000000000000005551e-01
cascade_candidate_limit=1.00000000000000000000e+03
cascade_weight_multiplier=4.00000000000000022204e-01
cascade_activation_functions_count=10
cascade_activation_functions=3 5 7 8 10 11 14 15 16 17 
cascade_activation_steepnesses_count=4
cascade_activation_steepnesses=2.50000000000000000000e-01 5.00000000000000000000e-01 7.50000000000000000000e-01 1.00000000000000000000e+00 
layer_sizes=12 4 2 
scale_included=0
neurons (num_inputs, activation_function, activation_steepness)=(0, 0, 0.00000000000000000000e+00) (0, 0, 0.00000000000000000000e+00) (0, 0, 0.00000000000000000000e+00) (0, 0, 0.00000000000000000000e+00) (0, 0, 0.00000000000000000000e+00) (0, 0, 0.00000000000000000000e+00) (0, 0, 0.00000000000000000000e+00) (0, 0, 0.00000000000000000000e+00) (0, 0, 0.00000000000000000000e+00) (0, 0, 0.00000000000000000000e+00) (0, 0, 0.00000000000000000000e+00) (0, 0, 0.00000000000000000000e+00) (12, 6, 5.00000000000000000000e-01) (12, 6, 5.00000000000000000000e-01) (12, 6, 5.00000000000000000000e-01) (0, 6, 0.00000000000000000000e+00) (4, 4, 5.00000000000000000000e-01) (0, 4, 0.00000000000000000000e+00) 
connections (connected_to_neuron, weight)=(0, 1.80671276301479699633e+00) (1, -1.69317870072796217151e+00) (2, -1.00639472978989186203e+00) (3, -2.46829693062617216981e+00) (4, 4.57162979598067231723e-01) (5, 2.21910424894386082428e+00) (6, -1.32248390815885175087e+00) (7, -2.26894808460749697332e+00) (8, -2.17307985048395269079e-01) (9, -1.44574806297094338170e+00) (10, -1.04187419445622286851e+00) (11, 1.77215732038355233691e+00) (0, 1.85547702163792016528e+00) (1, -1.93081584305230991028e+00) (2, -9.71992370512881898037e-01) (3, -2.82675986244549637405e+00) (4, 4.39777448381207414219e-01) (5, 2.27386734253459721344e+00) (6, -1.48989928863675702431e+00) (7, -2.30654288728512835149e+00) (8, -5.24089375971624527040e-01) (9, -5.36624634605087136308e-01) (10, -1.05604595871079287583e+00) (11, 1.86330837160683038256e+00) (0, -6.39167829669404441439e-01) (1, 8.22712254129352116294e-01) (2, 1.13580659770229730476e+00) (3, 6.74149008037445529595e+00) (4, 2.41782227407142946696e-01) (5, -1.94108338763862187104e-01) (6, 1.04322695289061062596e+00) (7, 2.51447375270409878567e+00) (8, 5.45492190341628491179e-02) (9, 7.61704116436993754202e-03) (10, 9.64886644587742425827e-02) (11, -3.27534452118330599024e-01) (12, -7.65626781088712515810e+00) (13, -1.46348185616577541879e+01) (14, 3.61602910124746212972e-01) (15, -9.37703927943033033188e-01) 
