FANN_FLO_2.1
num_layers=3
learning_rate=0.700000
connection_rate=1.000000
network_type=0
learning_momentum=0.000000
training_algorithm=2
train_error_function=1
train_stop_function=1
cascade_output_change_fraction=0.010000
quickprop_decay=-0.000100
quickprop_mu=1.750000
rprop_increase_factor=1.200000
rprop_decrease_factor=0.500000
rprop_delta_min=0.000000
rprop_delta_max=50.000000
rprop_delta_zero=0.100000
cascade_output_stagnation_epochs=12
cascade_candidate_change_fraction=0.010000
cascade_candidate_stagnation_epochs=12
cascade_max_out_epochs=150
cascade_min_out_epochs=50
cascade_max_cand_epochs=150
cascade_min_cand_epochs=50
cascade_num_candidate_groups=2
bit_fail_limit=1.00000000000000005551e-01
cascade_candidate_limit=1.00000000000000000000e+03
cascade_weight_multiplier=4.00000000000000022204e-01
cascade_activation_functions_count=10
cascade_activation_functions=3 5 7 8 10 11 14 15 16 17 
cascade_activation_steepnesses_count=4
cascade_activation_steepnesses=2.50000000000000000000e-01 5.00000000000000000000e-01 7.50000000000000000000e-01 1.00000000000000000000e+00 
layer_sizes=7 4 2 
scale_included=0
neurons (num_inputs, activation_function, activation_steepness)=(0, 0, 0.00000000000000000000e+00) (0, 0, 0.00000000000000000000e+00) (0, 0, 0.00000000000000000000e+00) (0, 0, 0.00000000000000000000e+00) (0, 0, 0.00000000000000000000e+00) (0, 0, 0.00000000000000000000e+00) (0, 0, 0.00000000000000000000e+00) (7, 6, 5.00000000000000000000e-01) (7, 6, 5.00000000000000000000e-01) (7, 6, 5.00000000000000000000e-01) (0, 6, 0.00000000000000000000e+00) (4, 4, 5.00000000000000000000e-01) (0, 4, 0.00000000000000000000e+00) 
connections (connected_to_neuron, weight)=(0, 2.78046209931852033037e+01) (1, -3.88028971752680984508e+00) (2, 1.56302773816075046831e+00) (3, -8.84970905321849876657e+00) (4, 3.01626462964295827263e+00) (5, -2.25122353210585579575e+00) (6, 1.37093500936353063224e+01) (0, -1.03632070418230295417e+01) (1, 6.39872475091500980682e+00) (2, 1.48092672339277786620e+00) (3, 1.96049846871006252513e+01) (4, -1.10786358915204474762e+00) (5, 6.94192784449331856678e+00) (6, -7.80854035525845358023e+00) (0, 1.72596360334759779676e+00) (1, -1.85230420763176195642e+00) (2, -1.09970675436947135095e-01) (3, -1.53504819810107745459e-01) (4, 3.15189824777808214051e-01) (5, -1.85292146014446656999e+00) (6, 8.68598439104864117333e-01) (7, -1.31474396330041920500e+00) (8, 3.57112331614171107930e+00) (9, -8.82856870486084233107e+00) (10, -1.32580121350212132292e+00) 
