FANN_FLO_2.1
num_layers=3
learning_rate=0.700000
connection_rate=1.000000
network_type=0
learning_momentum=0.000000
training_algorithm=2
train_error_function=1
train_stop_function=1
cascade_output_change_fraction=0.010000
quickprop_decay=-0.000100
quickprop_mu=1.750000
rprop_increase_factor=1.200000
rprop_decrease_factor=0.500000
rprop_delta_min=0.000000
rprop_delta_max=50.000000
rprop_delta_zero=0.100000
cascade_output_stagnation_epochs=12
cascade_candidate_change_fraction=0.010000
cascade_candidate_stagnation_epochs=12
cascade_max_out_epochs=150
cascade_min_out_epochs=50
cascade_max_cand_epochs=150
cascade_min_cand_epochs=50
cascade_num_candidate_groups=2
bit_fail_limit=1.00000000000000005551e-01
cascade_candidate_limit=1.00000000000000000000e+03
cascade_weight_multiplier=4.00000000000000022204e-01
cascade_activation_functions_count=10
cascade_activation_functions=3 5 7 8 10 11 14 15 16 17 
cascade_activation_steepnesses_count=4
cascade_activation_steepnesses=2.50000000000000000000e-01 5.00000000000000000000e-01 7.50000000000000000000e-01 1.00000000000000000000e+00 
layer_sizes=10 4 2 
scale_included=0
neurons (num_inputs, activation_function, activation_steepness)=(0, 0, 0.00000000000000000000e+00) (0, 0, 0.00000000000000000000e+00) (0, 0, 0.00000000000000000000e+00) (0, 0, 0.00000000000000000000e+00) (0, 0, 0.00000000000000000000e+00) (0, 0, 0.00000000000000000000e+00) (0, 0, 0.00000000000000000000e+00) (0, 0, 0.00000000000000000000e+00) (0, 0, 0.00000000000000000000e+00) (0, 0, 0.00000000000000000000e+00) (10, 6, 5.00000000000000000000e-01) (10, 6, 5.00000000000000000000e-01) (10, 6, 5.00000000000000000000e-01) (0, 6, 0.00000000000000000000e+00) (4, 4, 5.00000000000000000000e-01) (0, 4, 0.00000000000000000000e+00) 
connections (connected_to_neuron, weight)=(0, -1.46918646432263266810e-01) (1, 2.94294314788710931197e+00) (2, 2.40963880922771628290e-01) (3, 3.60617197710758619067e-02) (4, 2.87620903307697212137e-02) (5, -1.67741648293835532435e-01) (6, 9.24060971791050012047e-02) (7, -9.69091751674593659960e-02) (8, -1.16971931792599542765e-01) (9, -1.29508713732141400587e-01) (0, 4.42292880736773752481e-02) (1, 1.27015959841123105001e+00) (2, 2.97187428669904940559e-01) (3, 1.95550781315018490369e-01) (4, -3.58183364909407803145e-02) (5, -6.59421566403919912069e-02) (6, 9.35235295806369770766e-02) (7, 7.03116735572117124153e-02) (8, -6.68029847148825517422e-02) (9, -6.76705303195883622891e-02) (0, 2.00222202572028251666e+00) (1, -4.52593563396702514012e+00) (2, -3.49843671455424165551e-01) (3, 7.45769752462781543301e-01) (4, 8.46822424133695239590e-01) (5, 2.02827733936707588214e+00) (6, 9.09792630333187912761e-01) (7, 1.40718829893013719357e+00) (8, 1.46664694957873109615e+00) (9, 2.06506814989249321002e+00) (10, 6.42019660915537637713e-01) (11, 5.58620876347226791303e-01) (12, -8.32491327621138488269e+00) (13, -1.58477145789402396048e+00) 
