FANN_FLO_2.1
num_layers=3
learning_rate=0.700000
connection_rate=1.000000
network_type=0
learning_momentum=0.000000
training_algorithm=2
train_error_function=1
train_stop_function=1
cascade_output_change_fraction=0.010000
quickprop_decay=-0.000100
quickprop_mu=1.750000
rprop_increase_factor=1.200000
rprop_decrease_factor=0.500000
rprop_delta_min=0.000000
rprop_delta_max=50.000000
rprop_delta_zero=0.100000
cascade_output_stagnation_epochs=12
cascade_candidate_change_fraction=0.010000
cascade_candidate_stagnation_epochs=12
cascade_max_out_epochs=150
cascade_min_out_epochs=50
cascade_max_cand_epochs=150
cascade_min_cand_epochs=50
cascade_num_candidate_groups=2
bit_fail_limit=1.00000000000000005551e-01
cascade_candidate_limit=1.00000000000000000000e+03
cascade_weight_multiplier=4.00000000000000022204e-01
cascade_activation_functions_count=10
cascade_activation_functions=3 5 7 8 10 11 14 15 16 17 
cascade_activation_steepnesses_count=4
cascade_activation_steepnesses=2.50000000000000000000e-01 5.00000000000000000000e-01 7.50000000000000000000e-01 1.00000000000000000000e+00 
layer_sizes=10 4 2 
scale_included=0
neurons (num_inputs, activation_function, activation_steepness)=(0, 0, 0.00000000000000000000e+00) (0, 0, 0.00000000000000000000e+00) (0, 0, 0.00000000000000000000e+00) (0, 0, 0.00000000000000000000e+00) (0, 0, 0.00000000000000000000e+00) (0, 0, 0.00000000000000000000e+00) (0, 0, 0.00000000000000000000e+00) (0, 0, 0.00000000000000000000e+00) (0, 0, 0.00000000000000000000e+00) (0, 0, 0.00000000000000000000e+00) (10, 6, 5.00000000000000000000e-01) (10, 6, 5.00000000000000000000e-01) (10, 6, 5.00000000000000000000e-01) (0, 6, 0.00000000000000000000e+00) (4, 4, 5.00000000000000000000e-01) (0, 4, 0.00000000000000000000e+00) 
connections (connected_to_neuron, weight)=(0, 2.02612689493607422975e+00) (1, -5.44115750646398854684e+00) (2, 1.15699503366924827397e+00) (3, 1.99450073747347711439e+00) (4, 1.33336388766004843021e+00) (5, 1.24209786652757947500e+00) (6, 1.49722680391290130508e+00) (7, 2.07265061496209046510e+00) (8, 1.90490211902569650526e+00) (9, 2.00770745782565018800e+00) (0, -6.08093683105237897690e-02) (1, 1.30045034526637226513e+00) (2, 1.62927566054854838784e-01) (3, -1.33144949060209193820e-02) (4, -2.02944710721639151596e-02) (5, 1.76699552271704085626e-02) (6, 1.19702352169547540650e-01) (7, -8.15895534514114173508e-02) (8, -1.00528459942214182243e-01) (9, -2.86486495876487889944e-01) (0, -1.52905192991074012632e+00) (1, 3.39298581836111479149e+00) (2, -2.11619975848244046279e-01) (3, -1.44364110400255629685e+00) (4, -4.14020677230410139025e-01) (5, -5.51429827830843488634e-01) (6, -5.78111414930872591356e-01) (7, -4.86650546214632551134e-01) (8, -8.21902334996381433996e-01) (9, -1.57248020937021659726e+00) (10, -3.59892127029975661401e+00) (11, 2.51304323539650820152e-01) (12, 8.47198375852793184038e+00) (13, -1.44893906285341689255e+00) 
