FANN_FLO_2.1
num_layers=3
learning_rate=0.700000
connection_rate=1.000000
network_type=0
learning_momentum=0.000000
training_algorithm=2
train_error_function=1
train_stop_function=1
cascade_output_change_fraction=0.010000
quickprop_decay=-0.000100
quickprop_mu=1.750000
rprop_increase_factor=1.200000
rprop_decrease_factor=0.500000
rprop_delta_min=0.000000
rprop_delta_max=50.000000
rprop_delta_zero=0.100000
cascade_output_stagnation_epochs=12
cascade_candidate_change_fraction=0.010000
cascade_candidate_stagnation_epochs=12
cascade_max_out_epochs=150
cascade_min_out_epochs=50
cascade_max_cand_epochs=150
cascade_min_cand_epochs=50
cascade_num_candidate_groups=2
bit_fail_limit=1.00000000000000005551e-01
cascade_candidate_limit=1.00000000000000000000e+03
cascade_weight_multiplier=4.00000000000000022204e-01
cascade_activation_functions_count=10
cascade_activation_functions=3 5 7 8 10 11 14 15 16 17 
cascade_activation_steepnesses_count=4
cascade_activation_steepnesses=2.50000000000000000000e-01 5.00000000000000000000e-01 7.50000000000000000000e-01 1.00000000000000000000e+00 
layer_sizes=7 4 2 
scale_included=0
neurons (num_inputs, activation_function, activation_steepness)=(0, 0, 0.00000000000000000000e+00) (0, 0, 0.00000000000000000000e+00) (0, 0, 0.00000000000000000000e+00) (0, 0, 0.00000000000000000000e+00) (0, 0, 0.00000000000000000000e+00) (0, 0, 0.00000000000000000000e+00) (0, 0, 0.00000000000000000000e+00) (7, 6, 5.00000000000000000000e-01) (7, 6, 5.00000000000000000000e-01) (7, 6, 5.00000000000000000000e-01) (0, 6, 0.00000000000000000000e+00) (4, 4, 5.00000000000000000000e-01) (0, 4, 0.00000000000000000000e+00) 
connections (connected_to_neuron, weight)=(0, 5.34463475295994694392e+00) (1, -4.85458258494875494193e+00) (2, -1.55129616494769223545e-01) (3, -2.49183339770647815925e+00) (4, -6.12899144541442453260e+00) (5, -4.84887236099414664636e+00) (6, 4.67841629151730931113e+00) (0, 5.44452395686600620905e+00) (1, -4.84272978037736478996e+00) (2, -2.46255708273047463353e-01) (3, -2.64558020379158786994e+00) (4, -5.65306508574499844144e+00) (5, -4.80390912037067252527e+00) (6, 4.63279728059201634238e+00) (0, 4.53487979833512699912e+00) (1, -4.70369888797543111991e+00) (2, 1.64606861909493418228e-01) (3, -2.55296916659685901863e+00) (4, -5.68813169035925625394e+00) (5, -4.98378840568106884490e+00) (6, 4.60390583638577854941e+00) (7, -2.05319446676083927628e+00) (8, -2.21710157006578434391e+00) (9, -2.10301762052484875198e+00) (10, -8.99804723476742451815e-01) 
