FANN_FLO_2.1
num_layers=3
learning_rate=0.700000
connection_rate=1.000000
network_type=0
learning_momentum=0.000000
training_algorithm=2
train_error_function=1
train_stop_function=1
cascade_output_change_fraction=0.010000
quickprop_decay=-0.000100
quickprop_mu=1.750000
rprop_increase_factor=1.200000
rprop_decrease_factor=0.500000
rprop_delta_min=0.000000
rprop_delta_max=50.000000
rprop_delta_zero=0.100000
cascade_output_stagnation_epochs=12
cascade_candidate_change_fraction=0.010000
cascade_candidate_stagnation_epochs=12
cascade_max_out_epochs=150
cascade_min_out_epochs=50
cascade_max_cand_epochs=150
cascade_min_cand_epochs=50
cascade_num_candidate_groups=2
bit_fail_limit=1.00000000000000005551e-01
cascade_candidate_limit=1.00000000000000000000e+03
cascade_weight_multiplier=4.00000000000000022204e-01
cascade_activation_functions_count=10
cascade_activation_functions=3 5 7 8 10 11 14 15 16 17 
cascade_activation_steepnesses_count=4
cascade_activation_steepnesses=2.50000000000000000000e-01 5.00000000000000000000e-01 7.50000000000000000000e-01 1.00000000000000000000e+00 
layer_sizes=9 4 2 
scale_included=0
neurons (num_inputs, activation_function, activation_steepness)=(0, 0, 0.00000000000000000000e+00) (0, 0, 0.00000000000000000000e+00) (0, 0, 0.00000000000000000000e+00) (0, 0, 0.00000000000000000000e+00) (0, 0, 0.00000000000000000000e+00) (0, 0, 0.00000000000000000000e+00) (0, 0, 0.00000000000000000000e+00) (0, 0, 0.00000000000000000000e+00) (0, 0, 0.00000000000000000000e+00) (9, 6, 5.00000000000000000000e-01) (9, 6, 5.00000000000000000000e-01) (9, 6, 5.00000000000000000000e-01) (0, 6, 0.00000000000000000000e+00) (4, 4, 5.00000000000000000000e-01) (0, 4, 0.00000000000000000000e+00) 
connections (connected_to_neuron, weight)=(0, 1.35668086992771041999e+00) (1, -9.58610328429622904345e-01) (2, -5.91861731737967189382e-01) (3, -2.54390692412585384119e+00) (4, -1.61604436399769380017e+00) (5, -2.08347268516237926761e+00) (6, 2.75241049356814759808e-01) (7, 2.81954340265797853693e-01) (8, 1.85355532819003943068e+00) (0, 5.62608305455266588524e+00) (1, -1.44443313873102407996e+01) (2, -1.11561940141461679588e+01) (3, -1.48229135319414351279e+00) (4, -9.49926656657637380476e+00) (5, 3.59006213811953767134e+00) (6, 4.30968305008437813086e+00) (7, 5.70116821571218412856e+00) (8, 1.49014017588111631341e+01) (0, -2.72436243657179055777e-01) (1, 6.38483359413285800343e+00) (2, 5.06116866951231525462e+00) (3, -1.03713222299091370471e-01) (4, 8.43765828491080838170e-01) (5, 1.02836645676074489586e+01) (6, -5.32597587066810027046e-03) (7, 9.30895840155358256229e-02) (8, -4.03535537947810141191e+00) (9, -2.92601014012935145558e+01) (10, -2.72271328161753967123e+00) (11, 4.63345518948150125738e+00) (12, -2.04393477911042031891e+00) 
