FANN_FLO_2.1
num_layers=3
learning_rate=0.700000
connection_rate=1.000000
network_type=0
learning_momentum=0.000000
training_algorithm=2
train_error_function=1
train_stop_function=1
cascade_output_change_fraction=0.010000
quickprop_decay=-0.000100
quickprop_mu=1.750000
rprop_increase_factor=1.200000
rprop_decrease_factor=0.500000
rprop_delta_min=0.000000
rprop_delta_max=50.000000
rprop_delta_zero=0.100000
cascade_output_stagnation_epochs=12
cascade_candidate_change_fraction=0.010000
cascade_candidate_stagnation_epochs=12
cascade_max_out_epochs=150
cascade_min_out_epochs=50
cascade_max_cand_epochs=150
cascade_min_cand_epochs=50
cascade_num_candidate_groups=2
bit_fail_limit=1.00000000000000005551e-01
cascade_candidate_limit=1.00000000000000000000e+03
cascade_weight_multiplier=4.00000000000000022204e-01
cascade_activation_functions_count=10
cascade_activation_functions=3 5 7 8 10 11 14 15 16 17 
cascade_activation_steepnesses_count=4
cascade_activation_steepnesses=2.50000000000000000000e-01 5.00000000000000000000e-01 7.50000000000000000000e-01 1.00000000000000000000e+00 
layer_sizes=9 4 2 
scale_included=0
neurons (num_inputs, activation_function, activation_steepness)=(0, 0, 0.00000000000000000000e+00) (0, 0, 0.00000000000000000000e+00) (0, 0, 0.00000000000000000000e+00) (0, 0, 0.00000000000000000000e+00) (0, 0, 0.00000000000000000000e+00) (0, 0, 0.00000000000000000000e+00) (0, 0, 0.00000000000000000000e+00) (0, 0, 0.00000000000000000000e+00) (0, 0, 0.00000000000000000000e+00) (9, 6, 5.00000000000000000000e-01) (9, 6, 5.00000000000000000000e-01) (9, 6, 5.00000000000000000000e-01) (0, 6, 0.00000000000000000000e+00) (4, 4, 5.00000000000000000000e-01) (0, 4, 0.00000000000000000000e+00) 
connections (connected_to_neuron, weight)=(0, -7.75122077074265991570e+00) (1, 1.01438186395517870864e+00) (2, 6.59345739330959856872e-01) (3, 4.70696237885361301601e-01) (4, 6.76605442017177205472e-01) (5, -9.57472375197773381550e-03) (6, 5.62975339607681424248e-01) (7, -4.77426422918359683045e-01) (8, -3.93656503694296722173e-01) (0, -3.19610674479812484350e+00) (1, 2.29649830266568644177e+00) (2, 1.76439476238670867048e+00) (3, 1.15039338171112848208e+00) (4, 1.16558883101476440380e+00) (5, -3.25749382689119348910e-01) (6, -3.04460451319337854770e-01) (7, -9.04121741003386381053e-01) (8, -2.29929964174496515028e+00) (0, -2.76358773673385149650e+00) (1, 2.16060727491710169446e+00) (2, 1.74405133949699919782e+00) (3, 1.10437036305296731875e+00) (4, 6.45288396595553370716e-01) (5, -2.81972661926866541293e-01) (6, 4.13697962266431351619e-01) (7, -9.14624809569708707713e-01) (8, -2.24223278393017633192e+00) (9, 2.28288513730712683270e+00) (10, 5.68884224253129033855e+00) (11, 5.28691039620111613573e+00) (12, -1.62328705962698105481e+00) 
