FANN_FLO_2.1
num_layers=3
learning_rate=0.700000
connection_rate=1.000000
network_type=0
learning_momentum=0.000000
training_algorithm=2
train_error_function=1
train_stop_function=1
cascade_output_change_fraction=0.010000
quickprop_decay=-0.000100
quickprop_mu=1.750000
rprop_increase_factor=1.200000
rprop_decrease_factor=0.500000
rprop_delta_min=0.000000
rprop_delta_max=50.000000
rprop_delta_zero=0.100000
cascade_output_stagnation_epochs=12
cascade_candidate_change_fraction=0.010000
cascade_candidate_stagnation_epochs=12
cascade_max_out_epochs=150
cascade_min_out_epochs=50
cascade_max_cand_epochs=150
cascade_min_cand_epochs=50
cascade_num_candidate_groups=2
bit_fail_limit=1.00000000000000005551e-01
cascade_candidate_limit=1.00000000000000000000e+03
cascade_weight_multiplier=4.00000000000000022204e-01
cascade_activation_functions_count=10
cascade_activation_functions=3 5 7 8 10 11 14 15 16 17 
cascade_activation_steepnesses_count=4
cascade_activation_steepnesses=2.50000000000000000000e-01 5.00000000000000000000e-01 7.50000000000000000000e-01 1.00000000000000000000e+00 
layer_sizes=10 4 2 
scale_included=0
neurons (num_inputs, activation_function, activation_steepness)=(0, 0, 0.00000000000000000000e+00) (0, 0, 0.00000000000000000000e+00) (0, 0, 0.00000000000000000000e+00) (0, 0, 0.00000000000000000000e+00) (0, 0, 0.00000000000000000000e+00) (0, 0, 0.00000000000000000000e+00) (0, 0, 0.00000000000000000000e+00) (0, 0, 0.00000000000000000000e+00) (0, 0, 0.00000000000000000000e+00) (0, 0, 0.00000000000000000000e+00) (10, 6, 5.00000000000000000000e-01) (10, 6, 5.00000000000000000000e-01) (10, 6, 5.00000000000000000000e-01) (0, 6, 0.00000000000000000000e+00) (4, 4, 5.00000000000000000000e-01) (0, 4, 0.00000000000000000000e+00) 
connections (connected_to_neuron, weight)=(0, -6.69732220935365774039e-01) (1, 1.87089546707138243420e+00) (2, 1.66642086405745515343e+00) (3, 7.36685199157944836656e-01) (4, 6.00278005972358780218e-02) (5, 4.59387973919367226250e-02) (6, 1.03346477160221605907e+00) (7, -1.41009993246316644999e+00) (8, 7.93489534947158903222e-01) (9, -2.02381429277026425595e+00) (0, -6.03575230109235860709e-01) (1, 1.90111327481135594653e+00) (2, 1.50582634855500230309e+00) (3, 5.79847236590138592760e-01) (4, 3.49472836628412636406e-02) (5, 2.20191479697679909355e-02) (6, 1.05060242572790651927e+00) (7, -1.33207513532161470060e+00) (8, 8.12561568412067503075e-01) (9, -2.04344839058482419247e+00) (0, 3.80729755376573650305e-02) (1, 2.46620033692693002569e-01) (2, 1.74274119697688995023e-01) (3, 1.27750662051476115977e-01) (4, -3.48452402878751676951e-02) (5, -6.49547612252769634988e-02) (6, 1.23693537332842662391e-01) (7, -4.85646129608782728404e-02) (8, 5.94428878256009624037e-02) (9, -5.62815049673322659318e-02) (10, 3.53229241750096933927e+00) (11, 1.25951882753784332181e+01) (12, 1.75874809087395667095e-01) (13, -1.36070955841696905608e+00) 
