FANN_FLO_2.1
num_layers=3
learning_rate=0.700000
connection_rate=1.000000
network_type=0
learning_momentum=0.000000
training_algorithm=2
train_error_function=1
train_stop_function=1
cascade_output_change_fraction=0.010000
quickprop_decay=-0.000100
quickprop_mu=1.750000
rprop_increase_factor=1.200000
rprop_decrease_factor=0.500000
rprop_delta_min=0.000000
rprop_delta_max=50.000000
rprop_delta_zero=0.100000
cascade_output_stagnation_epochs=12
cascade_candidate_change_fraction=0.010000
cascade_candidate_stagnation_epochs=12
cascade_max_out_epochs=150
cascade_min_out_epochs=50
cascade_max_cand_epochs=150
cascade_min_cand_epochs=50
cascade_num_candidate_groups=2
bit_fail_limit=1.00000000000000005551e-01
cascade_candidate_limit=1.00000000000000000000e+03
cascade_weight_multiplier=4.00000000000000022204e-01
cascade_activation_functions_count=10
cascade_activation_functions=3 5 7 8 10 11 14 15 16 17 
cascade_activation_steepnesses_count=4
cascade_activation_steepnesses=2.50000000000000000000e-01 5.00000000000000000000e-01 7.50000000000000000000e-01 1.00000000000000000000e+00 
layer_sizes=14 4 2 
scale_included=0
neurons (num_inputs, activation_function, activation_steepness)=(0, 0, 0.00000000000000000000e+00) (0, 0, 0.00000000000000000000e+00) (0, 0, 0.00000000000000000000e+00) (0, 0, 0.00000000000000000000e+00) (0, 0, 0.00000000000000000000e+00) (0, 0, 0.00000000000000000000e+00) (0, 0, 0.00000000000000000000e+00) (0, 0, 0.00000000000000000000e+00) (0, 0, 0.00000000000000000000e+00) (0, 0, 0.00000000000000000000e+00) (0, 0, 0.00000000000000000000e+00) (0, 0, 0.00000000000000000000e+00) (0, 0, 0.00000000000000000000e+00) (0, 0, 0.00000000000000000000e+00) (14, 6, 5.00000000000000000000e-01) (14, 6, 5.00000000000000000000e-01) (14, 6, 5.00000000000000000000e-01) (0, 6, 0.00000000000000000000e+00) (4, 4, 5.00000000000000000000e-01) (0, 4, 0.00000000000000000000e+00) 
connections (connected_to_neuron, weight)=(0, -1.50918796708197056056e+00) (1, 1.82247678150396574814e+00) (2, -7.98867901247860556779e-01) (3, -3.86757237986781410299e-01) (4, 1.13031445393330165494e+00) (5, -3.15824934503785403894e-01) (6, 1.24455450709401738152e+00) (7, 8.41132866871990736435e-01) (8, 5.14737807869315333598e-01) (9, 4.37728811907601544906e-01) (10, 8.96067632952900039456e-01) (11, -2.32769736834133134096e+00) (12, 1.36507998072441583126e+00) (13, -4.64791020090516093788e-01) (0, 1.06036632365685568047e+00) (1, -6.77292056979511891690e-01) (2, 9.85228548892641664558e-01) (3, 3.17919726680444603151e-01) (4, -1.35560464406737612997e+00) (5, 3.40797935632292436914e-01) (6, -8.81266147646094566426e-01) (7, -3.84546599234683247892e-02) (8, -8.59080999864121452880e-01) (9, -4.33037823672686450482e-02) (10, -1.41007088430800320289e+00) (11, 7.60760843201436998129e-01) (12, -8.48703080988072344759e-01) (13, 4.59664551846031554927e-01) (0, -2.60653733098725703954e+00) (1, 1.62980797077540562334e+00) (2, -6.76641541303964921816e-01) (3, -1.38032910805652581088e-01) (4, 9.65479149911466438816e-01) (5, -1.95827775857201930032e-01) (6, 1.32504409040748249993e+00) (7, 9.21384976794520471621e-01) (8, 5.82238019167781284402e-01) (9, 2.66824044645062985470e-01) (10, 8.89411206725703618048e-01) (11, -2.31781713106000886171e+00) (12, 1.39712718539770608395e+00) (13, -5.45934720067986267722e-01) (14, 7.64417828887423489448e+00) (15, -4.06819553450510937864e+01) (16, 1.27051857836569812576e+01) (17, -1.94006349982842341007e+00) 
