FANN_FLO_2.1
num_layers=3
learning_rate=0.700000
connection_rate=1.000000
network_type=0
learning_momentum=0.000000
training_algorithm=2
train_error_function=1
train_stop_function=1
cascade_output_change_fraction=0.010000
quickprop_decay=-0.000100
quickprop_mu=1.750000
rprop_increase_factor=1.200000
rprop_decrease_factor=0.500000
rprop_delta_min=0.000000
rprop_delta_max=50.000000
rprop_delta_zero=0.100000
cascade_output_stagnation_epochs=12
cascade_candidate_change_fraction=0.010000
cascade_candidate_stagnation_epochs=12
cascade_max_out_epochs=150
cascade_min_out_epochs=50
cascade_max_cand_epochs=150
cascade_min_cand_epochs=50
cascade_num_candidate_groups=2
bit_fail_limit=1.00000000000000005551e-01
cascade_candidate_limit=1.00000000000000000000e+03
cascade_weight_multiplier=4.00000000000000022204e-01
cascade_activation_functions_count=10
cascade_activation_functions=3 5 7 8 10 11 14 15 16 17 
cascade_activation_steepnesses_count=4
cascade_activation_steepnesses=2.50000000000000000000e-01 5.00000000000000000000e-01 7.50000000000000000000e-01 1.00000000000000000000e+00 
layer_sizes=12 4 2 
scale_included=0
neurons (num_inputs, activation_function, activation_steepness)=(0, 0, 0.00000000000000000000e+00) (0, 0, 0.00000000000000000000e+00) (0, 0, 0.00000000000000000000e+00) (0, 0, 0.00000000000000000000e+00) (0, 0, 0.00000000000000000000e+00) (0, 0, 0.00000000000000000000e+00) (0, 0, 0.00000000000000000000e+00) (0, 0, 0.00000000000000000000e+00) (0, 0, 0.00000000000000000000e+00) (0, 0, 0.00000000000000000000e+00) (0, 0, 0.00000000000000000000e+00) (0, 0, 0.00000000000000000000e+00) (12, 6, 5.00000000000000000000e-01) (12, 6, 5.00000000000000000000e-01) (12, 6, 5.00000000000000000000e-01) (0, 6, 0.00000000000000000000e+00) (4, 4, 5.00000000000000000000e-01) (0, 4, 0.00000000000000000000e+00) 
connections (connected_to_neuron, weight)=(0, -1.44897499191420786602e+00) (1, 2.22382624750159640925e+00) (2, -8.35772709238409738930e-01) (3, 1.47770058817185812039e+00) (4, -9.16010251271794917471e-02) (5, -9.34075557875513773354e-01) (6, 2.22014121203449343867e+00) (7, 1.62216981384984482162e+00) (8, 2.25526313457288463127e+00) (9, -9.77005174386571528800e-02) (10, 1.37792821501682727359e+00) (11, -1.48619555192845576030e+00) (0, -1.36067821198664146154e-01) (1, 5.27435008361526014298e-01) (2, 8.02459541323221649256e-04) (3, 4.15524447845830535719e-01) (4, 1.85361790786769620176e-01) (5, -1.11594838675496577096e-01) (6, 8.80947657460175115318e-01) (7, 4.75709644073050053059e-01) (8, 6.21534504904854401275e-01) (9, 2.45664834349929278590e-01) (10, 3.34579346329368143564e-01) (11, -1.63643392288647077093e-01) (0, -2.40748446249923725437e-01) (1, 6.27120015945620390418e-01) (2, -3.07251130309077469249e-02) (3, 2.63723154800548531540e-01) (4, 6.15946040253525922692e-02) (5, -6.99878548350306717296e-02) (6, 9.90252579039535341110e-01) (7, 3.77003203743498715994e-01) (8, 7.87397960987197720328e-01) (9, 5.08572109739667196915e-02) (10, 2.79382098764575925731e-01) (11, -1.15100983345470531116e-01) (12, 3.89742836823276093128e+01) (13, 5.23284756660713612497e-01) (14, 2.18880881617687483853e-01) (15, -1.74949319916783130324e+00) 
