FANN_FLO_2.1
num_layers=3
learning_rate=0.700000
connection_rate=1.000000
network_type=0
learning_momentum=0.000000
training_algorithm=2
train_error_function=1
train_stop_function=1
cascade_output_change_fraction=0.010000
quickprop_decay=-0.000100
quickprop_mu=1.750000
rprop_increase_factor=1.200000
rprop_decrease_factor=0.500000
rprop_delta_min=0.000000
rprop_delta_max=50.000000
rprop_delta_zero=0.100000
cascade_output_stagnation_epochs=12
cascade_candidate_change_fraction=0.010000
cascade_candidate_stagnation_epochs=12
cascade_max_out_epochs=150
cascade_min_out_epochs=50
cascade_max_cand_epochs=150
cascade_min_cand_epochs=50
cascade_num_candidate_groups=2
bit_fail_limit=1.00000000000000005551e-01
cascade_candidate_limit=1.00000000000000000000e+03
cascade_weight_multiplier=4.00000000000000022204e-01
cascade_activation_functions_count=10
cascade_activation_functions=3 5 7 8 10 11 14 15 16 17 
cascade_activation_steepnesses_count=4
cascade_activation_steepnesses=2.50000000000000000000e-01 5.00000000000000000000e-01 7.50000000000000000000e-01 1.00000000000000000000e+00 
layer_sizes=12 4 2 
scale_included=0
neurons (num_inputs, activation_function, activation_steepness)=(0, 0, 0.00000000000000000000e+00) (0, 0, 0.00000000000000000000e+00) (0, 0, 0.00000000000000000000e+00) (0, 0, 0.00000000000000000000e+00) (0, 0, 0.00000000000000000000e+00) (0, 0, 0.00000000000000000000e+00) (0, 0, 0.00000000000000000000e+00) (0, 0, 0.00000000000000000000e+00) (0, 0, 0.00000000000000000000e+00) (0, 0, 0.00000000000000000000e+00) (0, 0, 0.00000000000000000000e+00) (0, 0, 0.00000000000000000000e+00) (12, 6, 5.00000000000000000000e-01) (12, 6, 5.00000000000000000000e-01) (12, 6, 5.00000000000000000000e-01) (0, 6, 0.00000000000000000000e+00) (4, 4, 5.00000000000000000000e-01) (0, 4, 0.00000000000000000000e+00) 
connections (connected_to_neuron, weight)=(0, 1.55210672401848742696e-01) (1, 6.23480481748080794802e-01) (2, 4.46743018633832478237e-01) (3, 3.59907374016591452559e-01) (4, 7.63992319101097772105e-04) (5, 8.97367347158134487373e-03) (6, 3.70586449206009471702e-01) (7, 2.07413588837237083951e+00) (8, 4.86309316642305478062e-01) (9, 3.86607883996857581987e-01) (10, 4.68508107283713004509e-01) (11, 9.73375088606479310638e-02) (0, 2.73484124618672774787e+00) (1, -1.79810328051534407123e+00) (2, -8.83124092331587950966e-01) (3, -3.11936719929186123679e+00) (4, 1.06483440921007005420e-01) (5, 3.19599531542838866116e+00) (6, -4.03120637918918833797e-01) (7, -9.78592114200000251500e-01) (8, -6.92331029476455084293e-01) (9, -1.88931352875842462069e+00) (10, -1.55496912994278835285e+00) (11, 1.73913017670667446879e+00) (0, 2.24360146281381622746e-01) (1, 6.20034270624614025635e-01) (2, 4.65691218776215776209e-01) (3, 3.84139660903760948862e-01) (4, 7.99544747209492145945e-02) (5, -3.77584804708973598153e-02) (6, 2.00458984714880161793e-01) (7, 8.89617375458665149424e-01) (8, 5.32284797818682098303e-01) (9, 3.50766610820186952591e-01) (10, 4.82296676054598250083e-01) (11, -5.50823112592682944538e-03) (12, 1.33235288824972464283e+00) (13, -2.89835130223128132343e+01) (14, 7.74029742529183439892e-01) (15, -1.43963131827310353295e+00) 
