FANN_FLO_2.1
num_layers=3
learning_rate=0.700000
connection_rate=1.000000
network_type=0
learning_momentum=0.000000
training_algorithm=2
train_error_function=1
train_stop_function=1
cascade_output_change_fraction=0.010000
quickprop_decay=-0.000100
quickprop_mu=1.750000
rprop_increase_factor=1.200000
rprop_decrease_factor=0.500000
rprop_delta_min=0.000000
rprop_delta_max=50.000000
rprop_delta_zero=0.100000
cascade_output_stagnation_epochs=12
cascade_candidate_change_fraction=0.010000
cascade_candidate_stagnation_epochs=12
cascade_max_out_epochs=150
cascade_min_out_epochs=50
cascade_max_cand_epochs=150
cascade_min_cand_epochs=50
cascade_num_candidate_groups=2
bit_fail_limit=1.00000000000000005551e-01
cascade_candidate_limit=1.00000000000000000000e+03
cascade_weight_multiplier=4.00000000000000022204e-01
cascade_activation_functions_count=10
cascade_activation_functions=3 5 7 8 10 11 14 15 16 17 
cascade_activation_steepnesses_count=4
cascade_activation_steepnesses=2.50000000000000000000e-01 5.00000000000000000000e-01 7.50000000000000000000e-01 1.00000000000000000000e+00 
layer_sizes=7 4 2 
scale_included=0
neurons (num_inputs, activation_function, activation_steepness)=(0, 0, 0.00000000000000000000e+00) (0, 0, 0.00000000000000000000e+00) (0, 0, 0.00000000000000000000e+00) (0, 0, 0.00000000000000000000e+00) (0, 0, 0.00000000000000000000e+00) (0, 0, 0.00000000000000000000e+00) (0, 0, 0.00000000000000000000e+00) (7, 6, 5.00000000000000000000e-01) (7, 6, 5.00000000000000000000e-01) (7, 6, 5.00000000000000000000e-01) (0, 6, 0.00000000000000000000e+00) (4, 4, 5.00000000000000000000e-01) (0, 4, 0.00000000000000000000e+00) 
connections (connected_to_neuron, weight)=(0, 8.60466919847915123754e-01) (1, -1.90352105497866541661e+00) (2, 1.56934599150937797996e-01) (3, -2.84973684708241636887e-01) (4, -1.22204407089680389120e+00) (5, -2.04493299456045019014e+00) (6, 8.83397579169420632539e-01) (0, -3.68374494937887719814e+00) (1, 2.29666440338090449558e+00) (2, 1.00383130828602884499e+00) (3, 2.22614452274431817713e+00) (4, 3.28986009327060768825e+00) (5, 2.24926798579517495114e+00) (6, -2.84205909657166033710e+00) (0, -3.58165730809607396612e-01) (1, 2.41745429563896463421e+00) (2, 2.36316739747316900688e-01) (3, 3.91619572420634498577e-01) (4, 7.76260729902812141034e-01) (5, 2.14466170558252278155e+00) (6, -3.24826617812552231879e-01) (7, -3.47554752964281155059e+00) (8, 1.11930678289169094342e+01) (9, 4.81204486296258782119e-01) (10, -2.37958484237791312310e+00) 
