FANN_FLO_2.1
num_layers=3
learning_rate=0.700000
connection_rate=1.000000
network_type=0
learning_momentum=0.000000
training_algorithm=2
train_error_function=1
train_stop_function=1
cascade_output_change_fraction=0.010000
quickprop_decay=-0.000100
quickprop_mu=1.750000
rprop_increase_factor=1.200000
rprop_decrease_factor=0.500000
rprop_delta_min=0.000000
rprop_delta_max=50.000000
rprop_delta_zero=0.100000
cascade_output_stagnation_epochs=12
cascade_candidate_change_fraction=0.010000
cascade_candidate_stagnation_epochs=12
cascade_max_out_epochs=150
cascade_min_out_epochs=50
cascade_max_cand_epochs=150
cascade_min_cand_epochs=50
cascade_num_candidate_groups=2
bit_fail_limit=1.00000000000000005551e-01
cascade_candidate_limit=1.00000000000000000000e+03
cascade_weight_multiplier=4.00000000000000022204e-01
cascade_activation_functions_count=10
cascade_activation_functions=3 5 7 8 10 11 14 15 16 17 
cascade_activation_steepnesses_count=4
cascade_activation_steepnesses=2.50000000000000000000e-01 5.00000000000000000000e-01 7.50000000000000000000e-01 1.00000000000000000000e+00 
layer_sizes=7 4 2 
scale_included=0
neurons (num_inputs, activation_function, activation_steepness)=(0, 0, 0.00000000000000000000e+00) (0, 0, 0.00000000000000000000e+00) (0, 0, 0.00000000000000000000e+00) (0, 0, 0.00000000000000000000e+00) (0, 0, 0.00000000000000000000e+00) (0, 0, 0.00000000000000000000e+00) (0, 0, 0.00000000000000000000e+00) (7, 6, 5.00000000000000000000e-01) (7, 6, 5.00000000000000000000e-01) (7, 6, 5.00000000000000000000e-01) (0, 6, 0.00000000000000000000e+00) (4, 4, 5.00000000000000000000e-01) (0, 4, 0.00000000000000000000e+00) 
connections (connected_to_neuron, weight)=(0, 2.77739324246446894762e+00) (1, -2.74105770737222309563e+00) (2, -1.45737101937233076709e-01) (3, -3.34372816643631143307e+00) (4, 1.56336967080556221710e+00) (5, -2.37336975688196627488e+00) (6, 2.06609685153654698553e+00) (0, 2.56914913056597749019e+00) (1, -3.29620788615047377590e+00) (2, 1.20894434692640251328e+00) (3, -3.39385163447773141598e+00) (4, 1.58608565658055611358e+00) (5, -2.73950355781410115341e+00) (6, 2.63697342377105137246e+00) (0, -3.93874889362922031566e+00) (1, 1.58364566209758117488e+00) (2, 1.27185620856850284399e-01) (3, 1.85353559123163535993e+00) (4, 6.11463827321934383363e-01) (5, 3.04920322590067405244e+00) (6, -1.67421769599127689965e+00) (7, -9.54109829185819968700e+00) (8, -6.56489899457603343080e+00) (9, 4.68571773967691562746e+00) (10, -1.09072515376807221976e+00) 
