FANN_FLO_2.1
num_layers=3
learning_rate=0.700000
connection_rate=1.000000
network_type=0
learning_momentum=0.000000
training_algorithm=2
train_error_function=1
train_stop_function=1
cascade_output_change_fraction=0.010000
quickprop_decay=-0.000100
quickprop_mu=1.750000
rprop_increase_factor=1.200000
rprop_decrease_factor=0.500000
rprop_delta_min=0.000000
rprop_delta_max=50.000000
rprop_delta_zero=0.100000
cascade_output_stagnation_epochs=12
cascade_candidate_change_fraction=0.010000
cascade_candidate_stagnation_epochs=12
cascade_max_out_epochs=150
cascade_min_out_epochs=50
cascade_max_cand_epochs=150
cascade_min_cand_epochs=50
cascade_num_candidate_groups=2
bit_fail_limit=1.00000000000000005551e-01
cascade_candidate_limit=1.00000000000000000000e+03
cascade_weight_multiplier=4.00000000000000022204e-01
cascade_activation_functions_count=10
cascade_activation_functions=3 5 7 8 10 11 14 15 16 17 
cascade_activation_steepnesses_count=4
cascade_activation_steepnesses=2.50000000000000000000e-01 5.00000000000000000000e-01 7.50000000000000000000e-01 1.00000000000000000000e+00 
layer_sizes=11 4 2 
scale_included=0
neurons (num_inputs, activation_function, activation_steepness)=(0, 0, 0.00000000000000000000e+00) (0, 0, 0.00000000000000000000e+00) (0, 0, 0.00000000000000000000e+00) (0, 0, 0.00000000000000000000e+00) (0, 0, 0.00000000000000000000e+00) (0, 0, 0.00000000000000000000e+00) (0, 0, 0.00000000000000000000e+00) (0, 0, 0.00000000000000000000e+00) (0, 0, 0.00000000000000000000e+00) (0, 0, 0.00000000000000000000e+00) (0, 0, 0.00000000000000000000e+00) (11, 6, 5.00000000000000000000e-01) (11, 6, 5.00000000000000000000e-01) (11, 6, 5.00000000000000000000e-01) (0, 6, 0.00000000000000000000e+00) (4, 4, 5.00000000000000000000e-01) (0, 4, 0.00000000000000000000e+00) 
connections (connected_to_neuron, weight)=(0, -6.21287130816563504254e-02) (1, 7.41496195430354387845e-01) (2, 5.77672075281091546017e-02) (3, 6.41180749783464565272e-02) (4, 3.50018858196819437900e-02) (5, 1.96423162300987719231e-01) (6, 7.04377313489512713041e-01) (7, 1.80780116406594776324e-01) (8, 1.84302259174500965289e-01) (9, 6.77303579980925829496e-01) (10, 1.31879422312732863531e-01) (0, 1.04292632358146164506e+00) (1, -3.94281577293638463289e+00) (2, 3.10421448137641387000e-01) (3, 3.32092497434497313513e-01) (4, 9.28733353484396562116e-01) (5, 2.60795827891707854285e-01) (6, -3.87561108146671529084e+00) (7, -4.57207939554492570622e-02) (8, -1.07729122691277656720e-01) (9, -3.84839600299362416536e+00) (10, 1.04960004704070541948e+00) (0, 1.50090990348622232986e+00) (1, -3.76285488133196110994e+00) (2, 2.61437255825877623572e-01) (3, 4.08041614975810484900e-01) (4, 9.61719428170446977155e-01) (5, 3.34343176271796660437e-01) (6, -3.79994777564768071443e+00) (7, 6.86189078758915327327e-02) (8, 4.02872406910618208187e-02) (9, -3.83399016384844060212e+00) (10, 1.08062249140811417192e+00) (11, 2.98623983979627694030e-01) (12, -3.91527701516513104707e+00) (13, -2.04789117216941329858e+00) (14, -5.13339522847769402780e-01) 
