FANN_FLO_2.1
num_layers=3
learning_rate=0.700000
connection_rate=1.000000
network_type=0
learning_momentum=0.000000
training_algorithm=2
train_error_function=1
train_stop_function=1
cascade_output_change_fraction=0.010000
quickprop_decay=-0.000100
quickprop_mu=1.750000
rprop_increase_factor=1.200000
rprop_decrease_factor=0.500000
rprop_delta_min=0.000000
rprop_delta_max=50.000000
rprop_delta_zero=0.100000
cascade_output_stagnation_epochs=12
cascade_candidate_change_fraction=0.010000
cascade_candidate_stagnation_epochs=12
cascade_max_out_epochs=150
cascade_min_out_epochs=50
cascade_max_cand_epochs=150
cascade_min_cand_epochs=50
cascade_num_candidate_groups=2
bit_fail_limit=1.00000000000000005551e-01
cascade_candidate_limit=1.00000000000000000000e+03
cascade_weight_multiplier=4.00000000000000022204e-01
cascade_activation_functions_count=10
cascade_activation_functions=3 5 7 8 10 11 14 15 16 17 
cascade_activation_steepnesses_count=4
cascade_activation_steepnesses=2.50000000000000000000e-01 5.00000000000000000000e-01 7.50000000000000000000e-01 1.00000000000000000000e+00 
layer_sizes=16 4 2 
scale_included=0
neurons (num_inputs, activation_function, activation_steepness)=(0, 0, 0.00000000000000000000e+00) (0, 0, 0.00000000000000000000e+00) (0, 0, 0.00000000000000000000e+00) (0, 0, 0.00000000000000000000e+00) (0, 0, 0.00000000000000000000e+00) (0, 0, 0.00000000000000000000e+00) (0, 0, 0.00000000000000000000e+00) (0, 0, 0.00000000000000000000e+00) (0, 0, 0.00000000000000000000e+00) (0, 0, 0.00000000000000000000e+00) (0, 0, 0.00000000000000000000e+00) (0, 0, 0.00000000000000000000e+00) (0, 0, 0.00000000000000000000e+00) (0, 0, 0.00000000000000000000e+00) (0, 0, 0.00000000000000000000e+00) (0, 0, 0.00000000000000000000e+00) (16, 6, 5.00000000000000000000e-01) (16, 6, 5.00000000000000000000e-01) (16, 6, 5.00000000000000000000e-01) (0, 6, 0.00000000000000000000e+00) (4, 4, 5.00000000000000000000e-01) (0, 4, 0.00000000000000000000e+00) 
connections (connected_to_neuron, weight)=(0, -1.45130627330141059872e+00) (1, 3.00774430254669100648e+00) (2, 1.04390026385938083919e+00) (3, 4.63499266991884206757e-01) (4, 9.83478606054673964998e-01) (5, 5.94703689351281594710e-01) (6, 6.82582345216453112435e-01) (7, 2.99782174092588227232e-01) (8, 3.05835307028461000911e+00) (9, 2.86947363253999254695e+00) (10, 1.00612730604541833479e+00) (11, -1.05560902165506578787e-01) (12, 1.04685234006417293706e+00) (13, 7.93523275765207869448e-01) (14, 7.58006566675928583621e-01) (15, -1.43650622766213409420e+00) (0, 2.27744748154216036795e+00) (1, -1.61988520808199720769e+00) (2, -8.05048734078648298151e-01) (3, -3.17249028953118572538e-01) (4, -1.14830578721233633743e+00) (5, -1.25513507638200993988e+00) (6, -2.18209609990314468142e-01) (7, -6.95869523636820308532e-01) (8, -1.62969758633537264991e+00) (9, -1.64044141078171135106e+00) (10, -1.22296844972556262299e+00) (11, -4.56007629800531527620e-02) (12, -1.79010840316115293902e+00) (13, -3.22971554045236142194e-01) (14, 2.99050940006008181271e-01) (15, 2.10586441322662709652e+00) (0, -9.77098248271373703844e-01) (1, 1.85259246475143052324e-01) (2, 3.08026267710059531435e-01) (3, 5.28708465702480867598e-01) (4, 5.24433577792563165865e-01) (5, 3.41075113329941337348e-01) (6, 3.15425781742248168005e-01) (7, 3.36413878781354591663e-01) (8, 2.55687243920451057200e-01) (9, 1.95631168778132830122e-01) (10, 4.96139674874506053648e-01) (11, 2.44486863727367054189e-01) (12, 4.09578474522110769218e-01) (13, 7.47411734600735844225e-01) (14, 6.14247587692287710937e-01) (15, -3.74733824562188122531e-01) (16, 4.03746943590951978820e+00) (17, -3.43993131370667057922e+01) (18, 5.86184492274597168660e+00) (19, -1.48591615732507698056e+00) 
