FANN_FLO_2.1
num_layers=3
learning_rate=0.700000
connection_rate=1.000000
network_type=0
learning_momentum=0.000000
training_algorithm=2
train_error_function=1
train_stop_function=1
cascade_output_change_fraction=0.010000
quickprop_decay=-0.000100
quickprop_mu=1.750000
rprop_increase_factor=1.200000
rprop_decrease_factor=0.500000
rprop_delta_min=0.000000
rprop_delta_max=50.000000
rprop_delta_zero=0.100000
cascade_output_stagnation_epochs=12
cascade_candidate_change_fraction=0.010000
cascade_candidate_stagnation_epochs=12
cascade_max_out_epochs=150
cascade_min_out_epochs=50
cascade_max_cand_epochs=150
cascade_min_cand_epochs=50
cascade_num_candidate_groups=2
bit_fail_limit=1.00000000000000005551e-01
cascade_candidate_limit=1.00000000000000000000e+03
cascade_weight_multiplier=4.00000000000000022204e-01
cascade_activation_functions_count=10
cascade_activation_functions=3 5 7 8 10 11 14 15 16 17 
cascade_activation_steepnesses_count=4
cascade_activation_steepnesses=2.50000000000000000000e-01 5.00000000000000000000e-01 7.50000000000000000000e-01 1.00000000000000000000e+00 
layer_sizes=14 4 2 
scale_included=0
neurons (num_inputs, activation_function, activation_steepness)=(0, 0, 0.00000000000000000000e+00) (0, 0, 0.00000000000000000000e+00) (0, 0, 0.00000000000000000000e+00) (0, 0, 0.00000000000000000000e+00) (0, 0, 0.00000000000000000000e+00) (0, 0, 0.00000000000000000000e+00) (0, 0, 0.00000000000000000000e+00) (0, 0, 0.00000000000000000000e+00) (0, 0, 0.00000000000000000000e+00) (0, 0, 0.00000000000000000000e+00) (0, 0, 0.00000000000000000000e+00) (0, 0, 0.00000000000000000000e+00) (0, 0, 0.00000000000000000000e+00) (0, 0, 0.00000000000000000000e+00) (14, 6, 5.00000000000000000000e-01) (14, 6, 5.00000000000000000000e-01) (14, 6, 5.00000000000000000000e-01) (0, 6, 0.00000000000000000000e+00) (4, 4, 5.00000000000000000000e-01) (0, 4, 0.00000000000000000000e+00) 
connections (connected_to_neuron, weight)=(0, -4.56315649267867828875e-01) (1, 2.28677388857662000632e+00) (2, -9.97696708696292622331e-02) (3, -8.44401764392173868889e-03) (4, 9.37100032129869475739e-01) (5, -3.86714780254710011054e-01) (6, -1.71212047541943156170e-02) (7, -4.72685117063954496341e-01) (8, -3.45970883973409581991e-01) (9, 2.20843974963302747128e+00) (10, 8.20645630498957334709e-01) (11, 1.54198281330950215384e+00) (12, -1.14363442352610400476e+00) (13, -1.44549073650911158451e-01) (0, 3.81001435908192298552e-01) (1, -1.35700068421781505634e+00) (2, 2.63331391763936550898e-01) (3, -2.42410005018144136812e-01) (4, -1.48473295615969037853e-03) (5, 1.48723471094028864004e-01) (6, 1.91473276043507445454e-01) (7, 1.32863788465445553655e-01) (8, -4.82156322022975827868e-02) (9, -1.30591493464676378089e+00) (10, -1.48450917062646070566e-01) (11, -1.76580604308754440801e+00) (12, 5.58496920918879702356e-01) (13, 4.23769430172692807002e-01) (0, -3.09778381613926478977e+00) (1, 2.54764113169220385302e+00) (2, -1.69234263949343399780e+00) (3, 3.82148058630805864677e-01) (4, 2.87722458332903086031e+00) (5, 6.76842907180666308875e-01) (6, 1.22350790772095452397e+00) (7, 1.50178384540260156932e+00) (8, 1.12889119658127556889e+00) (9, 2.62403519197683054998e+00) (10, 2.81744891155466126165e+00) (11, 2.58317444708269006171e+00) (12, -4.50353924272341643587e+00) (13, -1.73638769664117531555e+00) (14, 1.39551961523564949097e+00) (15, -1.94947721113563621209e+00) (16, 2.16111728140274230725e+01) (17, -2.18199509290381410409e+00) 
