FANN_FLO_2.1
num_layers=3
learning_rate=0.700000
connection_rate=1.000000
network_type=0
learning_momentum=0.000000
training_algorithm=2
train_error_function=1
train_stop_function=1
cascade_output_change_fraction=0.010000
quickprop_decay=-0.000100
quickprop_mu=1.750000
rprop_increase_factor=1.200000
rprop_decrease_factor=0.500000
rprop_delta_min=0.000000
rprop_delta_max=50.000000
rprop_delta_zero=0.100000
cascade_output_stagnation_epochs=12
cascade_candidate_change_fraction=0.010000
cascade_candidate_stagnation_epochs=12
cascade_max_out_epochs=150
cascade_min_out_epochs=50
cascade_max_cand_epochs=150
cascade_min_cand_epochs=50
cascade_num_candidate_groups=2
bit_fail_limit=1.00000000000000005551e-01
cascade_candidate_limit=1.00000000000000000000e+03
cascade_weight_multiplier=4.00000000000000022204e-01
cascade_activation_functions_count=10
cascade_activation_functions=3 5 7 8 10 11 14 15 16 17 
cascade_activation_steepnesses_count=4
cascade_activation_steepnesses=2.50000000000000000000e-01 5.00000000000000000000e-01 7.50000000000000000000e-01 1.00000000000000000000e+00 
layer_sizes=11 4 2 
scale_included=0
neurons (num_inputs, activation_function, activation_steepness)=(0, 0, 0.00000000000000000000e+00) (0, 0, 0.00000000000000000000e+00) (0, 0, 0.00000000000000000000e+00) (0, 0, 0.00000000000000000000e+00) (0, 0, 0.00000000000000000000e+00) (0, 0, 0.00000000000000000000e+00) (0, 0, 0.00000000000000000000e+00) (0, 0, 0.00000000000000000000e+00) (0, 0, 0.00000000000000000000e+00) (0, 0, 0.00000000000000000000e+00) (0, 0, 0.00000000000000000000e+00) (11, 6, 5.00000000000000000000e-01) (11, 6, 5.00000000000000000000e-01) (11, 6, 5.00000000000000000000e-01) (0, 6, 0.00000000000000000000e+00) (4, 4, 5.00000000000000000000e-01) (0, 4, 0.00000000000000000000e+00) 
connections (connected_to_neuron, weight)=(0, 1.58194467858386844661e+00) (1, -1.53720667280598455307e+00) (2, -6.06455515193922045647e-01) (3, -1.99804640673733513445e+00) (4, -1.08729618880181577723e+00) (5, 1.66780499801946491267e+00) (6, -1.10539648190208450451e+00) (7, -1.45004018345686480629e+00) (8, 3.40489300984957998786e-02) (9, -1.80066175132574768369e+00) (10, 1.58068936006141513850e+00) (0, -2.08801997516440929203e+00) (1, 3.02721081177884254743e+00) (2, 6.35660850369019203576e-01) (3, 1.94331405839351911702e+00) (4, 1.61333183280465997100e+00) (5, -2.38210697986094288581e+00) (6, 1.31378047941463305115e+00) (7, 2.51475126865649434293e+00) (8, 3.19911226719814645314e-01) (9, 2.35390837191889756852e+00) (10, -2.09183575276422084599e+00) (0, 1.63230111048045811728e+00) (1, -1.42264036901636958810e+00) (2, 3.30134605084586141288e-01) (3, -2.07018432133532348516e+00) (4, -1.05545323061971929590e+00) (5, 1.67979551539731830623e+00) (6, -1.17772990346022621289e+00) (7, -2.05160295076410514881e+00) (8, -1.81980402282682501847e-03) (9, -1.82719878226103515928e+00) (10, 1.63964028999629674033e+00) (11, -8.07185260920654279460e+00) (12, 6.22456319650298794954e+00) (13, -8.09751068397294027079e+00) (14, -1.98776603933484197206e+00) 
