FANN_FLO_2.1
num_layers=3
learning_rate=0.700000
connection_rate=1.000000
network_type=0
learning_momentum=0.000000
training_algorithm=2
train_error_function=1
train_stop_function=1
cascade_output_change_fraction=0.010000
quickprop_decay=-0.000100
quickprop_mu=1.750000
rprop_increase_factor=1.200000
rprop_decrease_factor=0.500000
rprop_delta_min=0.000000
rprop_delta_max=50.000000
rprop_delta_zero=0.100000
cascade_output_stagnation_epochs=12
cascade_candidate_change_fraction=0.010000
cascade_candidate_stagnation_epochs=12
cascade_max_out_epochs=150
cascade_min_out_epochs=50
cascade_max_cand_epochs=150
cascade_min_cand_epochs=50
cascade_num_candidate_groups=2
bit_fail_limit=1.00000000000000005551e-01
cascade_candidate_limit=1.00000000000000000000e+03
cascade_weight_multiplier=4.00000000000000022204e-01
cascade_activation_functions_count=10
cascade_activation_functions=3 5 7 8 10 11 14 15 16 17 
cascade_activation_steepnesses_count=4
cascade_activation_steepnesses=2.50000000000000000000e-01 5.00000000000000000000e-01 7.50000000000000000000e-01 1.00000000000000000000e+00 
layer_sizes=14 4 2 
scale_included=0
neurons (num_inputs, activation_function, activation_steepness)=(0, 0, 0.00000000000000000000e+00) (0, 0, 0.00000000000000000000e+00) (0, 0, 0.00000000000000000000e+00) (0, 0, 0.00000000000000000000e+00) (0, 0, 0.00000000000000000000e+00) (0, 0, 0.00000000000000000000e+00) (0, 0, 0.00000000000000000000e+00) (0, 0, 0.00000000000000000000e+00) (0, 0, 0.00000000000000000000e+00) (0, 0, 0.00000000000000000000e+00) (0, 0, 0.00000000000000000000e+00) (0, 0, 0.00000000000000000000e+00) (0, 0, 0.00000000000000000000e+00) (0, 0, 0.00000000000000000000e+00) (14, 6, 5.00000000000000000000e-01) (14, 6, 5.00000000000000000000e-01) (14, 6, 5.00000000000000000000e-01) (0, 6, 0.00000000000000000000e+00) (4, 4, 5.00000000000000000000e-01) (0, 4, 0.00000000000000000000e+00) 
connections (connected_to_neuron, weight)=(0, -3.32367686642246162876e+00) (1, 2.32194693709523880543e+00) (2, -1.42004267725689592439e+00) (3, 1.41699616766927036227e-02) (4, 3.51451395952276479662e+00) (5, -2.70889470551437472334e-01) (6, 2.99853387806852866859e+00) (7, 9.04078013251851442256e-01) (8, -2.48059719063700256925e+00) (9, 3.39007576569043811432e+00) (10, 2.89358396002714668427e+00) (11, 2.65445336624064465170e+00) (12, 5.12959144526997867786e-01) (13, -1.76014493800515969824e+00) (0, -3.22964280931191360935e+00) (1, 3.92773769950061524270e+00) (2, -1.46952430013163226619e+00) (3, 2.00985638845261549434e-01) (4, 3.54946750530175458849e+00) (5, -1.37701546178278499966e+00) (6, 2.81958547107509049923e+00) (7, 9.58510764805278969725e-01) (8, -2.49677837647856293302e+00) (9, 3.28518322869264300934e+00) (10, 2.96875829169218574677e+00) (11, 2.80131381674685497885e+00) (12, 4.53989207262078642291e-01) (13, -2.97617227782320803442e+00) (0, -5.98830760654952665156e-01) (1, 1.35922156527887816324e+00) (2, -8.33817009062062131086e-01) (3, -2.12709120058502121342e-01) (4, 1.10132022720463638166e+01) (5, 4.26381220718086498267e-02) (6, 1.92280494672429580483e-01) (7, 3.25569624131428314584e-01) (8, -3.96059217701798804701e-01) (9, 1.17272632094135911274e+01) (10, 8.32941265565059096865e-01) (11, 1.89208971655269344581e+01) (12, 4.52866901061119098149e-01) (13, -4.35315872381574042738e-01) (14, 1.24033839856632379650e+01) (15, 6.97161008331826792528e+00) (16, 2.66210519416879898280e-01) (17, -1.22239881620530255191e+00) 
