FANN_FLO_2.1
num_layers=3
learning_rate=0.700000
connection_rate=1.000000
network_type=0
learning_momentum=0.000000
training_algorithm=2
train_error_function=1
train_stop_function=1
cascade_output_change_fraction=0.010000
quickprop_decay=-0.000100
quickprop_mu=1.750000
rprop_increase_factor=1.200000
rprop_decrease_factor=0.500000
rprop_delta_min=0.000000
rprop_delta_max=50.000000
rprop_delta_zero=0.100000
cascade_output_stagnation_epochs=12
cascade_candidate_change_fraction=0.010000
cascade_candidate_stagnation_epochs=12
cascade_max_out_epochs=150
cascade_min_out_epochs=50
cascade_max_cand_epochs=150
cascade_min_cand_epochs=50
cascade_num_candidate_groups=2
bit_fail_limit=1.00000000000000005551e-01
cascade_candidate_limit=1.00000000000000000000e+03
cascade_weight_multiplier=4.00000000000000022204e-01
cascade_activation_functions_count=10
cascade_activation_functions=3 5 7 8 10 11 14 15 16 17 
cascade_activation_steepnesses_count=4
cascade_activation_steepnesses=2.50000000000000000000e-01 5.00000000000000000000e-01 7.50000000000000000000e-01 1.00000000000000000000e+00 
layer_sizes=10 4 2 
scale_included=0
neurons (num_inputs, activation_function, activation_steepness)=(0, 0, 0.00000000000000000000e+00) (0, 0, 0.00000000000000000000e+00) (0, 0, 0.00000000000000000000e+00) (0, 0, 0.00000000000000000000e+00) (0, 0, 0.00000000000000000000e+00) (0, 0, 0.00000000000000000000e+00) (0, 0, 0.00000000000000000000e+00) (0, 0, 0.00000000000000000000e+00) (0, 0, 0.00000000000000000000e+00) (0, 0, 0.00000000000000000000e+00) (10, 6, 5.00000000000000000000e-01) (10, 6, 5.00000000000000000000e-01) (10, 6, 5.00000000000000000000e-01) (0, 6, 0.00000000000000000000e+00) (4, 4, 5.00000000000000000000e-01) (0, 4, 0.00000000000000000000e+00) 
connections (connected_to_neuron, weight)=(0, -3.62406583029980122745e+00) (1, 2.03140978798592897192e+00) (2, 5.15612585327127337376e-02) (3, 1.74269068351572897768e+00) (4, -1.91532333692267631164e-01) (5, -1.06176741438526178740e+00) (6, -2.13890602191641965302e-01) (7, 2.01821804330075593725e+00) (8, 1.55882710240358646203e+00) (9, -1.42904994307876753723e+00) (0, 4.05650823014295358604e+00) (1, -3.03494753250893456453e+00) (2, -1.63984455877015267156e+00) (3, -2.47969894341956997863e+00) (4, -1.96767607416401868470e+00) (5, 1.10381587346483778234e+00) (6, -2.01739089276085881153e+00) (7, -3.20171634863776777280e+00) (8, -4.33116675850247290214e+00) (9, 4.42579991521549942490e+00) (0, -3.00291519372272741606e+00) (1, 1.65203965173763300811e+00) (2, 3.72855531294050621116e-02) (3, 1.32670299052074653900e+01) (4, 1.45122272419279330080e+00) (5, -6.74362575332600133748e-01) (6, 1.54391890662258379763e+00) (7, 1.65484911666912104522e+00) (8, 2.08929046232817006157e+00) (9, -3.05526818840313207915e+00) (10, 7.82590374153581258554e+00) (11, -3.14136093036519614685e+00) (12, 3.78091801798832927162e+00) (13, -1.38416053025842877844e+00) 
