FANN_FLO_2.1
num_layers=3
learning_rate=0.700000
connection_rate=1.000000
network_type=0
learning_momentum=0.000000
training_algorithm=2
train_error_function=1
train_stop_function=1
cascade_output_change_fraction=0.010000
quickprop_decay=-0.000100
quickprop_mu=1.750000
rprop_increase_factor=1.200000
rprop_decrease_factor=0.500000
rprop_delta_min=0.000000
rprop_delta_max=50.000000
rprop_delta_zero=0.100000
cascade_output_stagnation_epochs=12
cascade_candidate_change_fraction=0.010000
cascade_candidate_stagnation_epochs=12
cascade_max_out_epochs=150
cascade_min_out_epochs=50
cascade_max_cand_epochs=150
cascade_min_cand_epochs=50
cascade_num_candidate_groups=2
bit_fail_limit=1.00000000000000005551e-01
cascade_candidate_limit=1.00000000000000000000e+03
cascade_weight_multiplier=4.00000000000000022204e-01
cascade_activation_functions_count=10
cascade_activation_functions=3 5 7 8 10 11 14 15 16 17 
cascade_activation_steepnesses_count=4
cascade_activation_steepnesses=2.50000000000000000000e-01 5.00000000000000000000e-01 7.50000000000000000000e-01 1.00000000000000000000e+00 
layer_sizes=11 4 2 
scale_included=0
neurons (num_inputs, activation_function, activation_steepness)=(0, 0, 0.00000000000000000000e+00) (0, 0, 0.00000000000000000000e+00) (0, 0, 0.00000000000000000000e+00) (0, 0, 0.00000000000000000000e+00) (0, 0, 0.00000000000000000000e+00) (0, 0, 0.00000000000000000000e+00) (0, 0, 0.00000000000000000000e+00) (0, 0, 0.00000000000000000000e+00) (0, 0, 0.00000000000000000000e+00) (0, 0, 0.00000000000000000000e+00) (0, 0, 0.00000000000000000000e+00) (11, 6, 5.00000000000000000000e-01) (11, 6, 5.00000000000000000000e-01) (11, 6, 5.00000000000000000000e-01) (0, 6, 0.00000000000000000000e+00) (4, 4, 5.00000000000000000000e-01) (0, 4, 0.00000000000000000000e+00) 
connections (connected_to_neuron, weight)=(0, -6.20645544634488066649e-01) (1, 1.50404674182600772703e+00) (2, 1.36838975550659491809e-01) (3, 4.44151356201390012934e-01) (4, 2.19806253120364392117e+00) (5, 1.71987473610064145468e+00) (6, 1.54411343852944171751e+00) (7, 2.15954316735328877286e+00) (8, 1.55421010772652423704e+00) (9, -2.41747099156622291538e-02) (10, -4.88978027508881585295e-01) (0, -3.76457451822430666510e+00) (1, 3.02918435312258926828e+00) (2, 1.31256939043845988202e+00) (3, 2.04844799934800736452e+00) (4, 1.55448798660656484216e+00) (5, 3.75585088781302633976e+00) (6, 3.06420780397402969797e+00) (7, 1.55118488086541073123e+00) (8, 3.12837564624297348459e+00) (9, -1.56766950499329545121e-02) (10, -3.74735559316546495978e+00) (0, -1.87397079565828517111e+00) (1, 3.15777052618014542062e+00) (2, 7.40119261136814365898e-01) (3, 2.05289752333339325929e+00) (4, 1.13892059694654546043e+00) (5, 3.79584422609990301822e+00) (6, 3.10717253066050735910e+00) (7, 1.17003866206533513328e+00) (8, 3.01165811769115654428e+00) (9, -9.09477422336086305243e-02) (10, -3.77139060737759646003e+00) (11, 1.47249969803518965250e+00) (12, 6.05327796268655493606e+00) (13, 6.09221444356633856643e+00) (14, -2.13543615891520444094e+00) 
