FANN_FLO_2.1
num_layers=3
learning_rate=0.700000
connection_rate=1.000000
network_type=0
learning_momentum=0.000000
training_algorithm=2
train_error_function=1
train_stop_function=1
cascade_output_change_fraction=0.010000
quickprop_decay=-0.000100
quickprop_mu=1.750000
rprop_increase_factor=1.200000
rprop_decrease_factor=0.500000
rprop_delta_min=0.000000
rprop_delta_max=50.000000
rprop_delta_zero=0.100000
cascade_output_stagnation_epochs=12
cascade_candidate_change_fraction=0.010000
cascade_candidate_stagnation_epochs=12
cascade_max_out_epochs=150
cascade_min_out_epochs=50
cascade_max_cand_epochs=150
cascade_min_cand_epochs=50
cascade_num_candidate_groups=2
bit_fail_limit=1.00000000000000005551e-01
cascade_candidate_limit=1.00000000000000000000e+03
cascade_weight_multiplier=4.00000000000000022204e-01
cascade_activation_functions_count=10
cascade_activation_functions=3 5 7 8 10 11 14 15 16 17 
cascade_activation_steepnesses_count=4
cascade_activation_steepnesses=2.50000000000000000000e-01 5.00000000000000000000e-01 7.50000000000000000000e-01 1.00000000000000000000e+00 
layer_sizes=10 4 2 
scale_included=0
neurons (num_inputs, activation_function, activation_steepness)=(0, 0, 0.00000000000000000000e+00) (0, 0, 0.00000000000000000000e+00) (0, 0, 0.00000000000000000000e+00) (0, 0, 0.00000000000000000000e+00) (0, 0, 0.00000000000000000000e+00) (0, 0, 0.00000000000000000000e+00) (0, 0, 0.00000000000000000000e+00) (0, 0, 0.00000000000000000000e+00) (0, 0, 0.00000000000000000000e+00) (0, 0, 0.00000000000000000000e+00) (10, 6, 5.00000000000000000000e-01) (10, 6, 5.00000000000000000000e-01) (10, 6, 5.00000000000000000000e-01) (0, 6, 0.00000000000000000000e+00) (4, 4, 5.00000000000000000000e-01) (0, 4, 0.00000000000000000000e+00) 
connections (connected_to_neuron, weight)=(0, -8.79348638091284273699e-01) (1, 9.65048197788112016582e-01) (2, 2.36468730980952918097e-01) (3, 1.07417550586757637454e+00) (4, -2.09355285346838226879e-01) (5, -4.55638628029491343785e-01) (6, 1.10016395373974429361e+00) (7, -3.61523469865652369304e-01) (8, 1.18684998573469013827e+00) (9, -7.59613054428297518328e-01) (0, 2.24377046559201681619e-01) (1, -9.64914225962296923100e-01) (2, -1.24782371931025842793e-01) (3, 9.07984380698689114153e-02) (4, 6.83040107138110030860e-01) (5, 5.19810989879623153165e-01) (6, -1.70013197354336975664e+00) (7, 6.94036493546915878028e-01) (8, -9.94523745345432197418e-01) (9, 2.41116239909278357034e-01) (0, -3.50023515571402032975e+00) (1, 2.93882519498443528505e+00) (2, 1.45195773674871375647e+00) (3, 4.34548250475543440530e+00) (4, -2.49475905641950268521e-01) (5, -8.40206728256849610936e-01) (6, 2.77314291139187130142e+00) (7, -2.41349587187207836880e-01) (8, 2.74849283587048276445e+00) (9, -3.49341092307613809709e+00) (10, 8.13500422882814966385e+00) (11, -2.82726398503869991163e-01) (12, 9.00196450612044074546e+00) (13, -1.42558897456576794127e+00) 
