FANN_FLO_2.1
num_layers=3
learning_rate=0.700000
connection_rate=1.000000
network_type=0
learning_momentum=0.000000
training_algorithm=2
train_error_function=1
train_stop_function=1
cascade_output_change_fraction=0.010000
quickprop_decay=-0.000100
quickprop_mu=1.750000
rprop_increase_factor=1.200000
rprop_decrease_factor=0.500000
rprop_delta_min=0.000000
rprop_delta_max=50.000000
rprop_delta_zero=0.100000
cascade_output_stagnation_epochs=12
cascade_candidate_change_fraction=0.010000
cascade_candidate_stagnation_epochs=12
cascade_max_out_epochs=150
cascade_min_out_epochs=50
cascade_max_cand_epochs=150
cascade_min_cand_epochs=50
cascade_num_candidate_groups=2
bit_fail_limit=1.00000000000000005551e-01
cascade_candidate_limit=1.00000000000000000000e+03
cascade_weight_multiplier=4.00000000000000022204e-01
cascade_activation_functions_count=10
cascade_activation_functions=3 5 7 8 10 11 14 15 16 17 
cascade_activation_steepnesses_count=4
cascade_activation_steepnesses=2.50000000000000000000e-01 5.00000000000000000000e-01 7.50000000000000000000e-01 1.00000000000000000000e+00 
layer_sizes=16 4 2 
scale_included=0
neurons (num_inputs, activation_function, activation_steepness)=(0, 0, 0.00000000000000000000e+00) (0, 0, 0.00000000000000000000e+00) (0, 0, 0.00000000000000000000e+00) (0, 0, 0.00000000000000000000e+00) (0, 0, 0.00000000000000000000e+00) (0, 0, 0.00000000000000000000e+00) (0, 0, 0.00000000000000000000e+00) (0, 0, 0.00000000000000000000e+00) (0, 0, 0.00000000000000000000e+00) (0, 0, 0.00000000000000000000e+00) (0, 0, 0.00000000000000000000e+00) (0, 0, 0.00000000000000000000e+00) (0, 0, 0.00000000000000000000e+00) (0, 0, 0.00000000000000000000e+00) (0, 0, 0.00000000000000000000e+00) (0, 0, 0.00000000000000000000e+00) (16, 6, 5.00000000000000000000e-01) (16, 6, 5.00000000000000000000e-01) (16, 6, 5.00000000000000000000e-01) (0, 6, 0.00000000000000000000e+00) (4, 4, 5.00000000000000000000e-01) (0, 4, 0.00000000000000000000e+00) 
connections (connected_to_neuron, weight)=(0, -4.04287142984615321950e+00) (1, 2.81842942266593432521e+00) (2, 2.33552084500058126926e-01) (3, 8.07415913085306247154e-01) (4, 6.45004059160767972969e-01) (5, 2.34760638791637488154e+00) (6, 5.05511302403046092202e-01) (7, 1.49640207065422536914e+00) (8, 1.25271742001341856998e+00) (9, 1.98836341038605118881e-01) (10, 2.54147444566349145489e+00) (11, 1.62770421672676279812e+00) (12, 9.60923393895944832899e-01) (13, 9.62707189824782094689e-01) (14, 2.77659809084263287104e+00) (15, -2.51165731012602799765e+00) (0, 3.41880945546473613561e+00) (1, -1.64424087663774587398e+00) (2, -9.89495937180950718703e-02) (3, -3.03325944337356467884e+00) (4, -1.04189843460484254933e+00) (5, -2.50193694286143752947e+00) (6, -9.16801546154800417465e-02) (7, -1.80450458630591015208e+00) (8, -1.75965297464215675305e+00) (9, 1.66561895190222020169e-01) (10, -2.42020609866760283424e+00) (11, -1.96575323459918971380e+00) (12, 6.40429443452618318844e-01) (13, -1.40386295171106290081e-01) (14, -1.73096651420380132080e+00) (15, 2.00553656541545732850e+00) (0, -5.62736240968686574071e-01) (1, 1.39305557413998026828e-01) (2, 4.79544329899784627091e-01) (3, 4.90734419792616394229e-01) (4, 2.82852131732522549257e-01) (5, 2.01347369493026429055e+00) (6, 3.09885731603974146076e-01) (7, 3.93884447697197048743e-01) (8, 7.88147376748282613157e-01) (9, 5.56606452906690529758e-02) (10, 3.21693476575299119880e-01) (11, 2.68705067691321075607e-01) (12, 7.11944837746978365089e-01) (13, 4.23046514243256288612e-01) (14, 2.19940651058522118610e-01) (15, -3.87203166847318980270e-01) (16, 1.52264531787015773290e+01) (17, -5.42368895457467825594e+00) (18, 3.47538892547351085938e+00) (19, -1.25943025808933306564e+00) 
