FANN_FLO_2.1
num_layers=3
learning_rate=0.700000
connection_rate=1.000000
network_type=0
learning_momentum=0.000000
training_algorithm=2
train_error_function=1
train_stop_function=1
cascade_output_change_fraction=0.010000
quickprop_decay=-0.000100
quickprop_mu=1.750000
rprop_increase_factor=1.200000
rprop_decrease_factor=0.500000
rprop_delta_min=0.000000
rprop_delta_max=50.000000
rprop_delta_zero=0.100000
cascade_output_stagnation_epochs=12
cascade_candidate_change_fraction=0.010000
cascade_candidate_stagnation_epochs=12
cascade_max_out_epochs=150
cascade_min_out_epochs=50
cascade_max_cand_epochs=150
cascade_min_cand_epochs=50
cascade_num_candidate_groups=2
bit_fail_limit=1.00000000000000005551e-01
cascade_candidate_limit=1.00000000000000000000e+03
cascade_weight_multiplier=4.00000000000000022204e-01
cascade_activation_functions_count=10
cascade_activation_functions=3 5 7 8 10 11 14 15 16 17 
cascade_activation_steepnesses_count=4
cascade_activation_steepnesses=2.50000000000000000000e-01 5.00000000000000000000e-01 7.50000000000000000000e-01 1.00000000000000000000e+00 
layer_sizes=16 4 2 
scale_included=0
neurons (num_inputs, activation_function, activation_steepness)=(0, 0, 0.00000000000000000000e+00) (0, 0, 0.00000000000000000000e+00) (0, 0, 0.00000000000000000000e+00) (0, 0, 0.00000000000000000000e+00) (0, 0, 0.00000000000000000000e+00) (0, 0, 0.00000000000000000000e+00) (0, 0, 0.00000000000000000000e+00) (0, 0, 0.00000000000000000000e+00) (0, 0, 0.00000000000000000000e+00) (0, 0, 0.00000000000000000000e+00) (0, 0, 0.00000000000000000000e+00) (0, 0, 0.00000000000000000000e+00) (0, 0, 0.00000000000000000000e+00) (0, 0, 0.00000000000000000000e+00) (0, 0, 0.00000000000000000000e+00) (0, 0, 0.00000000000000000000e+00) (16, 6, 5.00000000000000000000e-01) (16, 6, 5.00000000000000000000e-01) (16, 6, 5.00000000000000000000e-01) (0, 6, 0.00000000000000000000e+00) (4, 4, 5.00000000000000000000e-01) (0, 4, 0.00000000000000000000e+00) 
connections (connected_to_neuron, weight)=(0, -4.26747545754747648061e+00) (1, 1.60250264277646126132e+00) (2, 2.72514809805234514695e-01) (3, 1.35656714409859657788e-01) (4, 4.06592134201150423589e-01) (5, 9.03172054930934997685e-01) (6, 6.96826495775005660960e-01) (7, 2.21718134975702030331e+00) (8, 2.24877348786861075425e+00) (9, 1.60925588201474933925e+00) (10, 8.62553041079874738273e-01) (11, 1.66083269074630002216e+00) (12, 1.61228441418537160601e+00) (13, 3.82347295973229972521e-01) (14, 9.66634100695882736431e-01) (15, -1.07800397331995068129e+00) (0, -1.51154003793555702373e+00) (1, 4.03400278880976626006e-01) (2, 6.18613781267486229076e-01) (3, 6.51331131226095871867e-01) (4, 1.34038979177927730646e+00) (5, 1.82616538525614158228e-01) (6, 2.49484037054248319887e-01) (7, 2.58948387161762072495e+00) (8, 2.64654434428483797959e+00) (9, 1.38708486850558476711e-01) (10, 1.29398443558909126416e+00) (11, 2.08672892599548243098e+00) (12, 2.57978475641478743885e-01) (13, 1.79911043487192578993e+00) (14, 1.02894948886971615565e+00) (15, -5.62598391320234147983e-01) (0, -4.24342654800253260561e+00) (1, 1.72462441643664421420e+00) (2, 1.61860131609519619644e-01) (3, 3.62809607062555217194e-01) (4, 4.65328742778754578246e-01) (5, 9.57437807365665527470e-01) (6, 8.33984464951774806529e-01) (7, 2.25907491392165793442e+00) (8, 2.22455597913533908994e+00) (9, 1.73654204796743139028e+00) (10, 1.04459061811291764599e+00) (11, 1.75698169201683285223e+00) (12, 1.74980376632341361187e+00) (13, 5.57589987129103126229e-01) (14, 8.58863862624202667462e-01) (15, -1.55582563911767479681e+00) (16, 5.73784589891202401191e+00) (17, 8.24370995714508780772e-01) (18, 1.62244599510693845446e+01) (19, -1.36823765456003831886e+00) 
