FANN_FLO_2.1
num_layers=3
learning_rate=0.700000
connection_rate=1.000000
network_type=0
learning_momentum=0.000000
training_algorithm=2
train_error_function=1
train_stop_function=1
cascade_output_change_fraction=0.010000
quickprop_decay=-0.000100
quickprop_mu=1.750000
rprop_increase_factor=1.200000
rprop_decrease_factor=0.500000
rprop_delta_min=0.000000
rprop_delta_max=50.000000
rprop_delta_zero=0.100000
cascade_output_stagnation_epochs=12
cascade_candidate_change_fraction=0.010000
cascade_candidate_stagnation_epochs=12
cascade_max_out_epochs=150
cascade_min_out_epochs=50
cascade_max_cand_epochs=150
cascade_min_cand_epochs=50
cascade_num_candidate_groups=2
bit_fail_limit=1.00000000000000005551e-01
cascade_candidate_limit=1.00000000000000000000e+03
cascade_weight_multiplier=4.00000000000000022204e-01
cascade_activation_functions_count=10
cascade_activation_functions=3 5 7 8 10 11 14 15 16 17 
cascade_activation_steepnesses_count=4
cascade_activation_steepnesses=2.50000000000000000000e-01 5.00000000000000000000e-01 7.50000000000000000000e-01 1.00000000000000000000e+00 
layer_sizes=12 4 2 
scale_included=0
neurons (num_inputs, activation_function, activation_steepness)=(0, 0, 0.00000000000000000000e+00) (0, 0, 0.00000000000000000000e+00) (0, 0, 0.00000000000000000000e+00) (0, 0, 0.00000000000000000000e+00) (0, 0, 0.00000000000000000000e+00) (0, 0, 0.00000000000000000000e+00) (0, 0, 0.00000000000000000000e+00) (0, 0, 0.00000000000000000000e+00) (0, 0, 0.00000000000000000000e+00) (0, 0, 0.00000000000000000000e+00) (0, 0, 0.00000000000000000000e+00) (0, 0, 0.00000000000000000000e+00) (12, 6, 5.00000000000000000000e-01) (12, 6, 5.00000000000000000000e-01) (12, 6, 5.00000000000000000000e-01) (0, 6, 0.00000000000000000000e+00) (4, 4, 5.00000000000000000000e-01) (0, 4, 0.00000000000000000000e+00) 
connections (connected_to_neuron, weight)=(0, -3.13411163393365432839e+00) (1, 1.75213122718575342596e+00) (2, -2.13327674672984829440e-01) (3, 2.26571409981331184369e+00) (4, 1.39234165571173829079e+00) (5, 2.02815157764971554233e-01) (6, 1.94418276974912274113e+00) (7, 7.82767423455480226835e-01) (8, 1.40360524253524476812e+00) (9, 1.86160307053940932143e+00) (10, 1.38223775684373539896e+00) (11, -1.80735011865723982361e+00) (0, 3.04945678601668124230e+00) (1, -2.89790404617991903535e+00) (2, 9.44167996797174668977e-01) (3, 1.45182638668802710402e-01) (4, -1.78070522722435908847e+00) (5, -7.37677687713673480019e-01) (6, -2.58556125238494294294e+00) (7, -2.18105974828980975211e-01) (8, -2.27552936430309493687e+00) (9, -2.77890520250746453357e+00) (10, -1.78209791613969592561e+00) (11, 2.67809209689223903794e+00) (0, -7.85502753439402789937e-01) (1, 8.55747749096492094090e-01) (2, 1.54197252020933043420e-02) (3, 4.48703516547253739022e-02) (4, 8.65047908070073034992e-01) (5, 1.29162550406698967143e-01) (6, 3.09518349994593267027e-01) (7, -3.71691584899074556336e-02) (8, 6.92492499613396206293e-01) (9, 3.25837136005037719677e-01) (10, 7.78711977544967792753e-01) (11, -3.07735180466305435765e-01) (12, 2.68113504936157767133e+01) (13, -1.13198300259944897306e+01) (14, 2.08017637462641369339e+00) (15, -1.23476144525630382454e+00) 
