FANN_FLO_2.1
num_layers=3
learning_rate=0.700000
connection_rate=1.000000
network_type=0
learning_momentum=0.000000
training_algorithm=2
train_error_function=1
train_stop_function=1
cascade_output_change_fraction=0.010000
quickprop_decay=-0.000100
quickprop_mu=1.750000
rprop_increase_factor=1.200000
rprop_decrease_factor=0.500000
rprop_delta_min=0.000000
rprop_delta_max=50.000000
rprop_delta_zero=0.100000
cascade_output_stagnation_epochs=12
cascade_candidate_change_fraction=0.010000
cascade_candidate_stagnation_epochs=12
cascade_max_out_epochs=150
cascade_min_out_epochs=50
cascade_max_cand_epochs=150
cascade_min_cand_epochs=50
cascade_num_candidate_groups=2
bit_fail_limit=1.00000000000000005551e-01
cascade_candidate_limit=1.00000000000000000000e+03
cascade_weight_multiplier=4.00000000000000022204e-01
cascade_activation_functions_count=10
cascade_activation_functions=3 5 7 8 10 11 14 15 16 17 
cascade_activation_steepnesses_count=4
cascade_activation_steepnesses=2.50000000000000000000e-01 5.00000000000000000000e-01 7.50000000000000000000e-01 1.00000000000000000000e+00 
layer_sizes=8 4 2 
scale_included=0
neurons (num_inputs, activation_function, activation_steepness)=(0, 0, 0.00000000000000000000e+00) (0, 0, 0.00000000000000000000e+00) (0, 0, 0.00000000000000000000e+00) (0, 0, 0.00000000000000000000e+00) (0, 0, 0.00000000000000000000e+00) (0, 0, 0.00000000000000000000e+00) (0, 0, 0.00000000000000000000e+00) (0, 0, 0.00000000000000000000e+00) (8, 6, 5.00000000000000000000e-01) (8, 6, 5.00000000000000000000e-01) (8, 6, 5.00000000000000000000e-01) (0, 6, 0.00000000000000000000e+00) (4, 4, 5.00000000000000000000e-01) (0, 4, 0.00000000000000000000e+00) 
connections (connected_to_neuron, weight)=(0, -1.63072497366783752959e-01) (1, 8.11052802044441745188e-01) (2, 1.89319044117205875777e-01) (3, 1.30914543229632274191e+00) (4, 8.71667578931564546174e-01) (5, 9.93639377619536356967e-01) (6, 1.11261143376569360264e+00) (7, -2.29634746434705228069e+00) (0, 1.85643065773022447607e-01) (1, 3.92396086828912304956e-01) (2, 2.63460417422016424105e-01) (3, 5.76640038398526177943e-01) (4, 8.53488698020704261715e-01) (5, 4.02114155259420513744e-01) (6, 4.63532650991492656267e-01) (7, -1.14169740813452191830e+00) (0, 6.08970322906081218406e-01) (1, -6.21500090048570208445e-01) (2, -3.11896579982087140959e-01) (3, -5.94879339882179891674e-01) (4, -1.17265148223180859510e+00) (5, -6.21879761545833020797e-01) (6, -6.22707130558890931127e-01) (7, 1.10261431699714340660e+00) (8, 1.37545046669231463277e+00) (9, 2.92270963668910532807e-01) (10, -3.88951092978642236631e+02) (11, -3.94424788851659879896e+00) 
