FANN_FLO_2.1
num_layers=3
learning_rate=0.700000
connection_rate=1.000000
network_type=0
learning_momentum=0.000000
training_algorithm=2
train_error_function=1
train_stop_function=1
cascade_output_change_fraction=0.010000
quickprop_decay=-0.000100
quickprop_mu=1.750000
rprop_increase_factor=1.200000
rprop_decrease_factor=0.500000
rprop_delta_min=0.000000
rprop_delta_max=50.000000
rprop_delta_zero=0.100000
cascade_output_stagnation_epochs=12
cascade_candidate_change_fraction=0.010000
cascade_candidate_stagnation_epochs=12
cascade_max_out_epochs=150
cascade_min_out_epochs=50
cascade_max_cand_epochs=150
cascade_min_cand_epochs=50
cascade_num_candidate_groups=2
bit_fail_limit=1.00000000000000005551e-01
cascade_candidate_limit=1.00000000000000000000e+03
cascade_weight_multiplier=4.00000000000000022204e-01
cascade_activation_functions_count=10
cascade_activation_functions=3 5 7 8 10 11 14 15 16 17 
cascade_activation_steepnesses_count=4
cascade_activation_steepnesses=2.50000000000000000000e-01 5.00000000000000000000e-01 7.50000000000000000000e-01 1.00000000000000000000e+00 
layer_sizes=10 4 2 
scale_included=0
neurons (num_inputs, activation_function, activation_steepness)=(0, 0, 0.00000000000000000000e+00) (0, 0, 0.00000000000000000000e+00) (0, 0, 0.00000000000000000000e+00) (0, 0, 0.00000000000000000000e+00) (0, 0, 0.00000000000000000000e+00) (0, 0, 0.00000000000000000000e+00) (0, 0, 0.00000000000000000000e+00) (0, 0, 0.00000000000000000000e+00) (0, 0, 0.00000000000000000000e+00) (0, 0, 0.00000000000000000000e+00) (10, 6, 5.00000000000000000000e-01) (10, 6, 5.00000000000000000000e-01) (10, 6, 5.00000000000000000000e-01) (0, 6, 0.00000000000000000000e+00) (4, 4, 5.00000000000000000000e-01) (0, 4, 0.00000000000000000000e+00) 
connections (connected_to_neuron, weight)=(0, 4.75683708521274895009e-01) (1, -9.45632829649079242884e-01) (2, -1.90733430543268323021e+00) (3, 3.62663370964680764619e-01) (4, 5.80026537027499428101e-02) (5, -1.45000095792347094559e+00) (6, -4.39499321527869191151e-01) (7, 5.46387373847174062647e-01) (8, 7.11053255171186782135e-02) (9, 6.14815770721343524130e-01) (0, -2.65632526492632603521e+00) (1, 3.39593447750415355912e+00) (2, 2.59004240538216246037e+00) (3, 5.12249353523899220164e-02) (4, 5.36854263910282347716e-01) (5, 6.25355235011934240674e-01) (6, 2.27791158626480561011e+00) (7, -2.47509618623752203348e+00) (8, 1.64911479638473135179e-01) (9, -3.29558989941972946269e+00) (0, 5.06392591478971754171e-01) (1, -1.11033799437962787948e+00) (2, -1.22396641386575022459e+00) (3, 3.92544213147279164033e-01) (4, 7.23390118999401310340e-02) (5, -6.80850229848583676784e-01) (6, -4.28923654504210438709e-01) (7, 6.48996844333814881800e-01) (8, 1.62158729431093245887e-01) (9, 5.92384114003089434775e-01) (10, -5.55954532990959093830e-01) (11, 7.86208256009390193952e+00) (12, -3.88037795193018641982e+00) (13, -2.03008991265845928353e+00) 
