FANN_FLO_2.1
num_layers=3
learning_rate=0.700000
connection_rate=1.000000
network_type=0
learning_momentum=0.000000
training_algorithm=2
train_error_function=1
train_stop_function=1
cascade_output_change_fraction=0.010000
quickprop_decay=-0.000100
quickprop_mu=1.750000
rprop_increase_factor=1.200000
rprop_decrease_factor=0.500000
rprop_delta_min=0.000000
rprop_delta_max=50.000000
rprop_delta_zero=0.100000
cascade_output_stagnation_epochs=12
cascade_candidate_change_fraction=0.010000
cascade_candidate_stagnation_epochs=12
cascade_max_out_epochs=150
cascade_min_out_epochs=50
cascade_max_cand_epochs=150
cascade_min_cand_epochs=50
cascade_num_candidate_groups=2
bit_fail_limit=1.00000000000000005551e-01
cascade_candidate_limit=1.00000000000000000000e+03
cascade_weight_multiplier=4.00000000000000022204e-01
cascade_activation_functions_count=10
cascade_activation_functions=3 5 7 8 10 11 14 15 16 17 
cascade_activation_steepnesses_count=4
cascade_activation_steepnesses=2.50000000000000000000e-01 5.00000000000000000000e-01 7.50000000000000000000e-01 1.00000000000000000000e+00 
layer_sizes=12 4 2 
scale_included=0
neurons (num_inputs, activation_function, activation_steepness)=(0, 0, 0.00000000000000000000e+00) (0, 0, 0.00000000000000000000e+00) (0, 0, 0.00000000000000000000e+00) (0, 0, 0.00000000000000000000e+00) (0, 0, 0.00000000000000000000e+00) (0, 0, 0.00000000000000000000e+00) (0, 0, 0.00000000000000000000e+00) (0, 0, 0.00000000000000000000e+00) (0, 0, 0.00000000000000000000e+00) (0, 0, 0.00000000000000000000e+00) (0, 0, 0.00000000000000000000e+00) (0, 0, 0.00000000000000000000e+00) (12, 6, 5.00000000000000000000e-01) (12, 6, 5.00000000000000000000e-01) (12, 6, 5.00000000000000000000e-01) (0, 6, 0.00000000000000000000e+00) (4, 4, 5.00000000000000000000e-01) (0, 4, 0.00000000000000000000e+00) 
connections (connected_to_neuron, weight)=(0, -3.43521494815660494160e-02) (1, 5.57016565098027993663e-01) (2, 3.55498600733055170053e-02) (3, 9.25456342287046762607e-01) (4, 1.57327925662245249327e+00) (5, 2.17175743711229329858e-01) (6, 9.97779097631310701866e-02) (7, 1.37433811388453319680e+00) (8, 8.04037155349846266450e-02) (9, 7.90837355162358979221e-01) (10, 6.59373456077622543958e-01) (11, -3.45159750041250379393e-02) (0, -3.61190965418949572197e+00) (1, 3.20985001104264222604e+00) (2, -3.91175157434796305633e-01) (3, 2.14134092136564602171e+00) (4, 2.49341270272898540838e+00) (5, 5.88020238955025864591e-01) (6, -5.06555105847846832978e-03) (7, 2.91420967142859321797e+00) (8, 2.88355341927768371590e+00) (9, 3.17927968401144367405e+00) (10, 3.24160190028809314100e+00) (11, -3.27409892912399724807e+00) (0, 4.59721664263105367354e+00) (1, -3.43199032564636707932e+00) (2, 6.16018189344924138595e-01) (3, -2.64280129373995498199e+00) (4, -3.62580777934032028043e+00) (5, -4.84985633121358672426e-01) (6, -2.45299309992188241392e-01) (7, -3.13833772314159942241e+00) (8, -1.15729434785150075982e+00) (9, -3.50353033777604494503e+00) (10, -3.37356334376096622663e+00) (11, 3.83817288059309191794e+00) (12, 1.23488376042605030314e+00) (13, 1.16796550362957294311e+01) (14, -1.09862910545094667469e+01) (15, -1.00075562885192392848e+00) 
