FANN_FLO_2.1
num_layers=3
learning_rate=0.700000
connection_rate=1.000000
network_type=0
learning_momentum=0.000000
training_algorithm=2
train_error_function=1
train_stop_function=1
cascade_output_change_fraction=0.010000
quickprop_decay=-0.000100
quickprop_mu=1.750000
rprop_increase_factor=1.200000
rprop_decrease_factor=0.500000
rprop_delta_min=0.000000
rprop_delta_max=50.000000
rprop_delta_zero=0.100000
cascade_output_stagnation_epochs=12
cascade_candidate_change_fraction=0.010000
cascade_candidate_stagnation_epochs=12
cascade_max_out_epochs=150
cascade_min_out_epochs=50
cascade_max_cand_epochs=150
cascade_min_cand_epochs=50
cascade_num_candidate_groups=2
bit_fail_limit=1.00000000000000005551e-01
cascade_candidate_limit=1.00000000000000000000e+03
cascade_weight_multiplier=4.00000000000000022204e-01
cascade_activation_functions_count=10
cascade_activation_functions=3 5 7 8 10 11 14 15 16 17 
cascade_activation_steepnesses_count=4
cascade_activation_steepnesses=2.50000000000000000000e-01 5.00000000000000000000e-01 7.50000000000000000000e-01 1.00000000000000000000e+00 
layer_sizes=16 4 2 
scale_included=0
neurons (num_inputs, activation_function, activation_steepness)=(0, 0, 0.00000000000000000000e+00) (0, 0, 0.00000000000000000000e+00) (0, 0, 0.00000000000000000000e+00) (0, 0, 0.00000000000000000000e+00) (0, 0, 0.00000000000000000000e+00) (0, 0, 0.00000000000000000000e+00) (0, 0, 0.00000000000000000000e+00) (0, 0, 0.00000000000000000000e+00) (0, 0, 0.00000000000000000000e+00) (0, 0, 0.00000000000000000000e+00) (0, 0, 0.00000000000000000000e+00) (0, 0, 0.00000000000000000000e+00) (0, 0, 0.00000000000000000000e+00) (0, 0, 0.00000000000000000000e+00) (0, 0, 0.00000000000000000000e+00) (0, 0, 0.00000000000000000000e+00) (16, 6, 5.00000000000000000000e-01) (16, 6, 5.00000000000000000000e-01) (16, 6, 5.00000000000000000000e-01) (0, 6, 0.00000000000000000000e+00) (4, 4, 5.00000000000000000000e-01) (0, 4, 0.00000000000000000000e+00) 
connections (connected_to_neuron, weight)=(0, -2.78421392037440096345e+00) (1, 1.53532969159263132930e+00) (2, 7.87665342846930460752e-01) (3, 1.04440766079837787927e+00) (4, 7.28454718532291156663e-01) (5, 1.32241856992027062567e+00) (6, 6.35472551763470727693e-01) (7, 9.00372783688249689327e-01) (8, -1.32408773393183049061e-01) (9, 4.28549181791285205279e-01) (10, 7.32523768632148075675e-01) (11, -5.76396463438512696165e-01) (12, 2.08879406269360884396e-01) (13, 1.01881047782446576555e+00) (14, 7.99682154856868332438e-02) (15, -1.14952342155895292919e+00) (0, -2.89273500933218752351e+00) (1, 2.01031695608157479072e+00) (2, 7.76865428248465494931e-01) (3, 1.37253774194694067035e+00) (4, 7.79241757633414966477e-01) (5, 1.50886865645429391058e+00) (6, 6.16808951676304895173e-01) (7, 9.35967921314182382808e-01) (8, -1.48679650865039619800e-01) (9, 3.76859543971578281329e-01) (10, 8.18442247299884018119e-01) (11, -6.63206696439891385531e-01) (12, 4.10673892556358555161e-01) (13, 1.47328078706150522592e+00) (14, 3.77364819685607866262e-01) (15, -1.44938175114514433695e+00) (0, -2.24159076745988272705e+00) (1, -1.51729183701150249775e+00) (2, 3.36212939697010249063e+00) (3, 1.27826499155086157344e+01) (4, 5.07092138627549449126e+00) (5, -1.07207742061735347705e-01) (6, 3.38531350215584936336e+00) (7, 1.69886237777277919747e+01) (8, 6.24097245978668044297e-02) (9, 2.38748415490275700535e+00) (10, 6.08126402665596366148e+00) (11, 4.56491264775250926711e-01) (12, 2.45921255994437792936e+00) (13, 1.22108045207619824168e+01) (14, 4.85527216940842554216e-01) (15, -1.20708517263613890336e+00) (16, 8.05383088043274675272e+00) (17, 1.04927037519241235231e+01) (18, 3.34416045811170548063e+00) (19, -2.57234715727740326230e+00) 
