FANN_FLO_2.1
num_layers=3
learning_rate=0.700000
connection_rate=1.000000
network_type=0
learning_momentum=0.000000
training_algorithm=2
train_error_function=1
train_stop_function=1
cascade_output_change_fraction=0.010000
quickprop_decay=-0.000100
quickprop_mu=1.750000
rprop_increase_factor=1.200000
rprop_decrease_factor=0.500000
rprop_delta_min=0.000000
rprop_delta_max=50.000000
rprop_delta_zero=0.100000
cascade_output_stagnation_epochs=12
cascade_candidate_change_fraction=0.010000
cascade_candidate_stagnation_epochs=12
cascade_max_out_epochs=150
cascade_min_out_epochs=50
cascade_max_cand_epochs=150
cascade_min_cand_epochs=50
cascade_num_candidate_groups=2
bit_fail_limit=1.00000000000000005551e-01
cascade_candidate_limit=1.00000000000000000000e+03
cascade_weight_multiplier=4.00000000000000022204e-01
cascade_activation_functions_count=10
cascade_activation_functions=3 5 7 8 10 11 14 15 16 17 
cascade_activation_steepnesses_count=4
cascade_activation_steepnesses=2.50000000000000000000e-01 5.00000000000000000000e-01 7.50000000000000000000e-01 1.00000000000000000000e+00 
layer_sizes=11 4 2 
scale_included=0
neurons (num_inputs, activation_function, activation_steepness)=(0, 0, 0.00000000000000000000e+00) (0, 0, 0.00000000000000000000e+00) (0, 0, 0.00000000000000000000e+00) (0, 0, 0.00000000000000000000e+00) (0, 0, 0.00000000000000000000e+00) (0, 0, 0.00000000000000000000e+00) (0, 0, 0.00000000000000000000e+00) (0, 0, 0.00000000000000000000e+00) (0, 0, 0.00000000000000000000e+00) (0, 0, 0.00000000000000000000e+00) (0, 0, 0.00000000000000000000e+00) (11, 6, 5.00000000000000000000e-01) (11, 6, 5.00000000000000000000e-01) (11, 6, 5.00000000000000000000e-01) (0, 6, 0.00000000000000000000e+00) (4, 4, 5.00000000000000000000e-01) (0, 4, 0.00000000000000000000e+00) 
connections (connected_to_neuron, weight)=(0, -4.48075216605592352437e+00) (1, 4.12698721216856334593e+00) (2, -1.17776164488964107946e-01) (3, 2.12671471274749279701e+00) (4, 2.63698826127077179393e+00) (5, 4.51333796931417463583e+00) (6, 4.14939526311916040413e+00) (7, 1.17043934134788663037e+00) (8, 2.64760656051660614452e+00) (9, 4.20426935545962976448e+00) (10, -4.49936615272689444112e+00) (0, 4.25685496744051705686e-01) (1, -7.76031110655438616241e-01) (2, -9.95448829421549802321e-02) (3, -4.43201382513301267441e-01) (4, -6.50412605307062130500e-01) (5, -2.02342001436584739693e+00) (6, -9.14465043083022455228e-01) (7, 3.73870166868919717729e-01) (8, -6.73600540659387569953e-01) (9, -2.74771688028902949519e-01) (10, 2.56103845056429801907e-01) (0, -2.63387000431277440438e-01) (1, 6.85175201775652942260e-01) (2, 1.02267561015456842632e+00) (3, 4.24555548665933535357e-01) (4, 5.11955298922629475911e-01) (5, 6.63934159688958525081e-01) (6, 7.66351321631295601122e-01) (7, 3.12860505623097431838e-03) (8, 3.87911250447531275043e-01) (9, 7.69427396171287192317e-01) (10, -2.50910399724700139412e-01) (11, 1.19133814588889777042e+01) (12, -5.04585275532079657879e-01) (13, 2.74924964335215460398e-01) (14, -1.42530575928478375758e+00) 
