FANN_FLO_2.1
num_layers=3
learning_rate=0.700000
connection_rate=1.000000
network_type=0
learning_momentum=0.000000
training_algorithm=2
train_error_function=1
train_stop_function=1
cascade_output_change_fraction=0.010000
quickprop_decay=-0.000100
quickprop_mu=1.750000
rprop_increase_factor=1.200000
rprop_decrease_factor=0.500000
rprop_delta_min=0.000000
rprop_delta_max=50.000000
rprop_delta_zero=0.100000
cascade_output_stagnation_epochs=12
cascade_candidate_change_fraction=0.010000
cascade_candidate_stagnation_epochs=12
cascade_max_out_epochs=150
cascade_min_out_epochs=50
cascade_max_cand_epochs=150
cascade_min_cand_epochs=50
cascade_num_candidate_groups=2
bit_fail_limit=1.00000000000000005551e-01
cascade_candidate_limit=1.00000000000000000000e+03
cascade_weight_multiplier=4.00000000000000022204e-01
cascade_activation_functions_count=10
cascade_activation_functions=3 5 7 8 10 11 14 15 16 17 
cascade_activation_steepnesses_count=4
cascade_activation_steepnesses=2.50000000000000000000e-01 5.00000000000000000000e-01 7.50000000000000000000e-01 1.00000000000000000000e+00 
layer_sizes=10 4 2 
scale_included=0
neurons (num_inputs, activation_function, activation_steepness)=(0, 0, 0.00000000000000000000e+00) (0, 0, 0.00000000000000000000e+00) (0, 0, 0.00000000000000000000e+00) (0, 0, 0.00000000000000000000e+00) (0, 0, 0.00000000000000000000e+00) (0, 0, 0.00000000000000000000e+00) (0, 0, 0.00000000000000000000e+00) (0, 0, 0.00000000000000000000e+00) (0, 0, 0.00000000000000000000e+00) (0, 0, 0.00000000000000000000e+00) (10, 6, 5.00000000000000000000e-01) (10, 6, 5.00000000000000000000e-01) (10, 6, 5.00000000000000000000e-01) (0, 6, 0.00000000000000000000e+00) (4, 4, 5.00000000000000000000e-01) (0, 4, 0.00000000000000000000e+00) 
connections (connected_to_neuron, weight)=(0, -1.46613052487807565827e-01) (1, 1.63961959660251466175e+00) (2, 1.07529736768923944723e+00) (3, 2.74903101706017276296e-02) (4, 8.71977770629938087055e-02) (5, 5.36091202360839402807e-01) (6, -1.68008698865509087383e+00) (7, -6.39719333341164375639e-02) (8, -3.82030917333921332668e-02) (9, -3.03104761226151153686e-01) (0, 9.38295467553889150913e-01) (1, -2.62772264394701648982e+00) (2, 2.88360850358048648179e-01) (3, 4.99461297428540063059e-01) (4, 3.35221898293427245097e-01) (5, 2.37957363147698885975e-01) (6, 1.48176879118053594908e+00) (7, 7.78682753507917380098e-01) (8, 8.83596612869059216955e-01) (9, 9.02540116368090505894e-01) (0, 1.19714400313069735393e-01) (1, 1.36507407623883336711e+00) (2, 3.59340481360296282176e-01) (3, 2.32039054735476146796e-01) (4, 2.59646909514754442583e-01) (5, 4.34967418884486201058e-01) (6, -7.67340683320941185919e-02) (7, 5.17731242546817446715e-02) (8, -4.13382960937715426830e-02) (9, -3.94617034576631442455e-02) (10, 1.88555096232202945572e+00) (11, -1.73163210677807803961e+01) (12, 1.84596030210045247699e+00) (13, -3.58363405803741841282e+00) 
