FANN_FLO_2.1
num_layers=3
learning_rate=0.700000
connection_rate=1.000000
network_type=0
learning_momentum=0.000000
training_algorithm=2
train_error_function=1
train_stop_function=1
cascade_output_change_fraction=0.010000
quickprop_decay=-0.000100
quickprop_mu=1.750000
rprop_increase_factor=1.200000
rprop_decrease_factor=0.500000
rprop_delta_min=0.000000
rprop_delta_max=50.000000
rprop_delta_zero=0.100000
cascade_output_stagnation_epochs=12
cascade_candidate_change_fraction=0.010000
cascade_candidate_stagnation_epochs=12
cascade_max_out_epochs=150
cascade_min_out_epochs=50
cascade_max_cand_epochs=150
cascade_min_cand_epochs=50
cascade_num_candidate_groups=2
bit_fail_limit=1.00000000000000005551e-01
cascade_candidate_limit=1.00000000000000000000e+03
cascade_weight_multiplier=4.00000000000000022204e-01
cascade_activation_functions_count=10
cascade_activation_functions=3 5 7 8 10 11 14 15 16 17 
cascade_activation_steepnesses_count=4
cascade_activation_steepnesses=2.50000000000000000000e-01 5.00000000000000000000e-01 7.50000000000000000000e-01 1.00000000000000000000e+00 
layer_sizes=8 4 2 
scale_included=0
neurons (num_inputs, activation_function, activation_steepness)=(0, 0, 0.00000000000000000000e+00) (0, 0, 0.00000000000000000000e+00) (0, 0, 0.00000000000000000000e+00) (0, 0, 0.00000000000000000000e+00) (0, 0, 0.00000000000000000000e+00) (0, 0, 0.00000000000000000000e+00) (0, 0, 0.00000000000000000000e+00) (0, 0, 0.00000000000000000000e+00) (8, 6, 5.00000000000000000000e-01) (8, 6, 5.00000000000000000000e-01) (8, 6, 5.00000000000000000000e-01) (0, 6, 0.00000000000000000000e+00) (4, 4, 5.00000000000000000000e-01) (0, 4, 0.00000000000000000000e+00) 
connections (connected_to_neuron, weight)=(0, -3.79481385558476172482e-02) (1, 8.78533712634038788103e-01) (2, 6.12549215225705712129e-01) (3, -6.40910659362206452938e-02) (4, 1.89295255141127660714e-01) (5, 6.98160049782877295543e-02) (6, 6.70858365760927527477e-02) (7, -1.13669886729084484989e-01) (0, -6.56162477615076622506e-01) (1, 3.47316137303413219328e+00) (2, 5.69746908180928879339e-01) (3, -8.20009059789377658944e-01) (4, -2.66743611888023091083e-01) (5, -2.38249536947341633564e-01) (6, -2.79286135331721974140e-01) (7, -1.70176418594807632445e+00) (0, 6.21696740835584682472e-01) (1, -1.23628848984286388024e+00) (2, -6.80632859851836441445e-02) (3, 3.41680953516775742784e-01) (4, 2.33225586130434675569e-01) (5, 3.59859371795469895616e-01) (6, 2.26032773270422565615e-01) (7, 1.00388755072015989356e+00) (8, 2.31371750004161713665e-01) (9, 8.71678559424651488996e+00) (10, -3.39690703170746299833e+00) (11, -1.62233572549909599303e+00) 
