FANN_FLO_2.1
num_layers=3
learning_rate=0.700000
connection_rate=1.000000
network_type=0
learning_momentum=0.000000
training_algorithm=2
train_error_function=1
train_stop_function=1
cascade_output_change_fraction=0.010000
quickprop_decay=-0.000100
quickprop_mu=1.750000
rprop_increase_factor=1.200000
rprop_decrease_factor=0.500000
rprop_delta_min=0.000000
rprop_delta_max=50.000000
rprop_delta_zero=0.100000
cascade_output_stagnation_epochs=12
cascade_candidate_change_fraction=0.010000
cascade_candidate_stagnation_epochs=12
cascade_max_out_epochs=150
cascade_min_out_epochs=50
cascade_max_cand_epochs=150
cascade_min_cand_epochs=50
cascade_num_candidate_groups=2
bit_fail_limit=1.00000000000000005551e-01
cascade_candidate_limit=1.00000000000000000000e+03
cascade_weight_multiplier=4.00000000000000022204e-01
cascade_activation_functions_count=10
cascade_activation_functions=3 5 7 8 10 11 14 15 16 17 
cascade_activation_steepnesses_count=4
cascade_activation_steepnesses=2.50000000000000000000e-01 5.00000000000000000000e-01 7.50000000000000000000e-01 1.00000000000000000000e+00 
layer_sizes=6 4 2 
scale_included=0
neurons (num_inputs, activation_function, activation_steepness)=(0, 0, 0.00000000000000000000e+00) (0, 0, 0.00000000000000000000e+00) (0, 0, 0.00000000000000000000e+00) (0, 0, 0.00000000000000000000e+00) (0, 0, 0.00000000000000000000e+00) (0, 0, 0.00000000000000000000e+00) (6, 6, 5.00000000000000000000e-01) (6, 6, 5.00000000000000000000e-01) (6, 6, 5.00000000000000000000e-01) (0, 6, 0.00000000000000000000e+00) (4, 4, 5.00000000000000000000e-01) (0, 4, 0.00000000000000000000e+00) 
connections (connected_to_neuron, weight)=(0, -1.31812201091569591860e+00) (1, 2.79292426306189867091e+00) (2, 1.33062828813294427022e+01) (3, 3.05884651983663680141e+00) (4, 2.59541318591187764042e+00) (5, -1.66963956598120977226e+00) (0, -8.93195398700808884662e-01) (1, 2.68651938858808936317e+00) (2, 1.34430898537881287069e+01) (3, 2.71456354782492326194e+00) (4, 2.24446058804647696761e+00) (5, -1.66189639735895444694e+00) (0, 2.94404621616082162738e-01) (1, -1.19179009871575841695e-01) (2, 2.69260674470499949962e+00) (3, -3.44735982094511381191e-02) (4, -2.39226950937136001452e-01) (5, -6.87739256767953222038e-01) (6, 5.36563058531331016354e+00) (7, 5.40275380349205924801e+00) (8, -1.36074264483331681674e+01) (9, -3.74111029768873137868e+00) 
