FANN_FLO_2.1
num_layers=3
learning_rate=0.700000
connection_rate=1.000000
network_type=0
learning_momentum=0.000000
training_algorithm=2
train_error_function=1
train_stop_function=1
cascade_output_change_fraction=0.010000
quickprop_decay=-0.000100
quickprop_mu=1.750000
rprop_increase_factor=1.200000
rprop_decrease_factor=0.500000
rprop_delta_min=0.000000
rprop_delta_max=50.000000
rprop_delta_zero=0.100000
cascade_output_stagnation_epochs=12
cascade_candidate_change_fraction=0.010000
cascade_candidate_stagnation_epochs=12
cascade_max_out_epochs=150
cascade_min_out_epochs=50
cascade_max_cand_epochs=150
cascade_min_cand_epochs=50
cascade_num_candidate_groups=2
bit_fail_limit=1.00000000000000005551e-01
cascade_candidate_limit=1.00000000000000000000e+03
cascade_weight_multiplier=4.00000000000000022204e-01
cascade_activation_functions_count=10
cascade_activation_functions=3 5 7 8 10 11 14 15 16 17 
cascade_activation_steepnesses_count=4
cascade_activation_steepnesses=2.50000000000000000000e-01 5.00000000000000000000e-01 7.50000000000000000000e-01 1.00000000000000000000e+00 
layer_sizes=12 4 2 
scale_included=0
neurons (num_inputs, activation_function, activation_steepness)=(0, 0, 0.00000000000000000000e+00) (0, 0, 0.00000000000000000000e+00) (0, 0, 0.00000000000000000000e+00) (0, 0, 0.00000000000000000000e+00) (0, 0, 0.00000000000000000000e+00) (0, 0, 0.00000000000000000000e+00) (0, 0, 0.00000000000000000000e+00) (0, 0, 0.00000000000000000000e+00) (0, 0, 0.00000000000000000000e+00) (0, 0, 0.00000000000000000000e+00) (0, 0, 0.00000000000000000000e+00) (0, 0, 0.00000000000000000000e+00) (12, 6, 5.00000000000000000000e-01) (12, 6, 5.00000000000000000000e-01) (12, 6, 5.00000000000000000000e-01) (0, 6, 0.00000000000000000000e+00) (4, 4, 5.00000000000000000000e-01) (0, 4, 0.00000000000000000000e+00) 
connections (connected_to_neuron, weight)=(0, 2.29912362828803740200e+00) (1, -3.04429425092056415991e+00) (2, -3.10203199610272628561e+00) (3, -2.97758110642147189040e+00) (4, 1.06199213155133764808e+00) (5, -4.21861648800544841720e+00) (6, 1.56061791029036611711e+00) (7, -4.09049558664190993085e+00) (8, 4.62135228665841862883e-02) (9, -4.52334159903741550579e+00) (10, -1.92076104120144819376e+00) (11, 3.80755916982130049320e+00) (0, -6.94168124335979519479e-01) (1, 2.40746029669877970036e+00) (2, 1.20818552810565943423e-01) (3, 6.15137449732797492175e-01) (4, -4.59676585155358197188e-01) (5, 2.80357297836050678441e-01) (6, -5.40545317007439241053e-01) (7, 1.00428241778138249707e+00) (8, 2.26217309209393446778e+00) (9, 2.41155921523741378909e-01) (10, 3.92437947636376738281e-01) (11, -5.40794896921678924784e-01) (0, -2.78977911086234264815e+00) (1, 2.14572775734302467754e+00) (2, 1.16147419941574425728e+00) (3, 1.69786796353221447475e+00) (4, -2.73636204993633447291e-01) (5, 9.68337083442218138352e-01) (6, -7.89377901130888792736e-01) (7, 2.32069156194563586126e+00) (8, 2.45546675404774772389e+00) (9, 3.28481095807417267096e+00) (10, 8.56304853161393153549e-01) (11, -2.35137488062872090921e+00) (12, -2.50105341232023192788e+00) (13, 2.44711648218733301974e+00) (14, 1.25045357488171902105e+01) (15, -1.43831264548937398651e+00) 
