FANN_FLO_2.1
num_layers=3
learning_rate=0.700000
connection_rate=1.000000
network_type=0
learning_momentum=0.000000
training_algorithm=2
train_error_function=1
train_stop_function=1
cascade_output_change_fraction=0.010000
quickprop_decay=-0.000100
quickprop_mu=1.750000
rprop_increase_factor=1.200000
rprop_decrease_factor=0.500000
rprop_delta_min=0.000000
rprop_delta_max=50.000000
rprop_delta_zero=0.100000
cascade_output_stagnation_epochs=12
cascade_candidate_change_fraction=0.010000
cascade_candidate_stagnation_epochs=12
cascade_max_out_epochs=150
cascade_min_out_epochs=50
cascade_max_cand_epochs=150
cascade_min_cand_epochs=50
cascade_num_candidate_groups=2
bit_fail_limit=1.00000000000000005551e-01
cascade_candidate_limit=1.00000000000000000000e+03
cascade_weight_multiplier=4.00000000000000022204e-01
cascade_activation_functions_count=10
cascade_activation_functions=3 5 7 8 10 11 14 15 16 17 
cascade_activation_steepnesses_count=4
cascade_activation_steepnesses=2.50000000000000000000e-01 5.00000000000000000000e-01 7.50000000000000000000e-01 1.00000000000000000000e+00 
layer_sizes=6 4 2 
scale_included=0
neurons (num_inputs, activation_function, activation_steepness)=(0, 0, 0.00000000000000000000e+00) (0, 0, 0.00000000000000000000e+00) (0, 0, 0.00000000000000000000e+00) (0, 0, 0.00000000000000000000e+00) (0, 0, 0.00000000000000000000e+00) (0, 0, 0.00000000000000000000e+00) (6, 6, 5.00000000000000000000e-01) (6, 6, 5.00000000000000000000e-01) (6, 6, 5.00000000000000000000e-01) (0, 6, 0.00000000000000000000e+00) (4, 4, 5.00000000000000000000e-01) (0, 4, 0.00000000000000000000e+00) 
connections (connected_to_neuron, weight)=(0, 1.20210671933133994571e+00) (1, 2.77582702088825516995e+00) (2, -1.59843020102156851969e+00) (3, -1.58653019437723918905e+00) (4, -1.24580632619927511584e+00) (5, -1.95789766566132172887e-01) (0, 2.84223122564241714727e+00) (1, -1.31126830485687762007e+01) (2, -1.49714403747912205844e+00) (3, -1.45560173967891026692e+00) (4, -1.34925711539409132200e+00) (5, 1.00260878680248222139e+00) (0, -4.01767547611427477960e+00) (1, 1.50109313135653774651e+01) (2, 2.54611629215325407927e+00) (3, 2.65849786897739503999e+00) (4, 1.74616441051209192459e+00) (5, -1.50272180844396907595e+00) (6, -1.77985640161166855933e+01) (7, -7.96399026414420863063e+00) (8, 3.62579426745735666771e+00) (9, -1.14719187803644584456e+00) 
