FANN_FLO_2.1
num_layers=3
learning_rate=0.700000
connection_rate=1.000000
network_type=0
learning_momentum=0.000000
training_algorithm=2
train_error_function=1
train_stop_function=1
cascade_output_change_fraction=0.010000
quickprop_decay=-0.000100
quickprop_mu=1.750000
rprop_increase_factor=1.200000
rprop_decrease_factor=0.500000
rprop_delta_min=0.000000
rprop_delta_max=50.000000
rprop_delta_zero=0.100000
cascade_output_stagnation_epochs=12
cascade_candidate_change_fraction=0.010000
cascade_candidate_stagnation_epochs=12
cascade_max_out_epochs=150
cascade_min_out_epochs=50
cascade_max_cand_epochs=150
cascade_min_cand_epochs=50
cascade_num_candidate_groups=2
bit_fail_limit=1.00000000000000005551e-01
cascade_candidate_limit=1.00000000000000000000e+03
cascade_weight_multiplier=4.00000000000000022204e-01
cascade_activation_functions_count=10
cascade_activation_functions=3 5 7 8 10 11 14 15 16 17 
cascade_activation_steepnesses_count=4
cascade_activation_steepnesses=2.50000000000000000000e-01 5.00000000000000000000e-01 7.50000000000000000000e-01 1.00000000000000000000e+00 
layer_sizes=7 4 2 
scale_included=0
neurons (num_inputs, activation_function, activation_steepness)=(0, 0, 0.00000000000000000000e+00) (0, 0, 0.00000000000000000000e+00) (0, 0, 0.00000000000000000000e+00) (0, 0, 0.00000000000000000000e+00) (0, 0, 0.00000000000000000000e+00) (0, 0, 0.00000000000000000000e+00) (0, 0, 0.00000000000000000000e+00) (7, 6, 5.00000000000000000000e-01) (7, 6, 5.00000000000000000000e-01) (7, 6, 5.00000000000000000000e-01) (0, 6, 0.00000000000000000000e+00) (4, 4, 5.00000000000000000000e-01) (0, 4, 0.00000000000000000000e+00) 
connections (connected_to_neuron, weight)=(0, 4.44813059847544600700e-01) (1, 7.75687937297194873842e-01) (2, 1.64314784472048369679e+00) (3, 8.10704950886681152689e-01) (4, 3.04440024168369838264e+00) (5, 1.37046948216029251810e-01) (6, -6.84391548727753096237e-01) (0, 9.18462613369094071913e-01) (1, 1.57567055986103987664e+00) (2, 2.62676067168481708336e+00) (3, 1.57003386445261505777e+00) (4, 1.20147855639483269741e+00) (5, 6.18775749192189472581e-01) (6, -1.89257125009875060151e+00) (0, 1.40011757706925282774e-01) (1, -1.15367993137597357745e+00) (2, 4.31593896439102897578e-01) (3, -1.04009754355003702919e+00) (4, -4.02071006894276550270e-01) (5, -1.02834017377070319199e+00) (6, 7.07990739848198935569e-01) (7, 1.70931825654440250339e+00) (8, 5.99619164684031602519e+01) (9, -6.31931925434043972878e-01) (10, -1.45990454213464526667e+00) 
