FANN_FLO_2.1
num_layers=3
learning_rate=0.700000
connection_rate=1.000000
network_type=0
learning_momentum=0.000000
training_algorithm=2
train_error_function=1
train_stop_function=1
cascade_output_change_fraction=0.010000
quickprop_decay=-0.000100
quickprop_mu=1.750000
rprop_increase_factor=1.200000
rprop_decrease_factor=0.500000
rprop_delta_min=0.000000
rprop_delta_max=50.000000
rprop_delta_zero=0.100000
cascade_output_stagnation_epochs=12
cascade_candidate_change_fraction=0.010000
cascade_candidate_stagnation_epochs=12
cascade_max_out_epochs=150
cascade_min_out_epochs=50
cascade_max_cand_epochs=150
cascade_min_cand_epochs=50
cascade_num_candidate_groups=2
bit_fail_limit=1.00000000000000005551e-01
cascade_candidate_limit=1.00000000000000000000e+03
cascade_weight_multiplier=4.00000000000000022204e-01
cascade_activation_functions_count=10
cascade_activation_functions=3 5 7 8 10 11 14 15 16 17 
cascade_activation_steepnesses_count=4
cascade_activation_steepnesses=2.50000000000000000000e-01 5.00000000000000000000e-01 7.50000000000000000000e-01 1.00000000000000000000e+00 
layer_sizes=10 4 2 
scale_included=0
neurons (num_inputs, activation_function, activation_steepness)=(0, 0, 0.00000000000000000000e+00) (0, 0, 0.00000000000000000000e+00) (0, 0, 0.00000000000000000000e+00) (0, 0, 0.00000000000000000000e+00) (0, 0, 0.00000000000000000000e+00) (0, 0, 0.00000000000000000000e+00) (0, 0, 0.00000000000000000000e+00) (0, 0, 0.00000000000000000000e+00) (0, 0, 0.00000000000000000000e+00) (0, 0, 0.00000000000000000000e+00) (10, 6, 5.00000000000000000000e-01) (10, 6, 5.00000000000000000000e-01) (10, 6, 5.00000000000000000000e-01) (0, 6, 0.00000000000000000000e+00) (4, 4, 5.00000000000000000000e-01) (0, 4, 0.00000000000000000000e+00) 
connections (connected_to_neuron, weight)=(0, 1.08129972862588602522e-01) (1, -2.15323949867709918404e-01) (2, -3.79524024689488273521e-02) (3, 1.19956134157764154891e-01) (4, 5.14069286924938237404e-02) (5, 1.59504801872266621654e-01) (6, -3.14173980039423872412e-02) (7, 1.10934335572500403222e-01) (8, 5.01604300806917091649e-02) (9, 1.02857467786223760742e-01) (0, -3.00939978345904624035e+00) (1, 1.59873073197738135853e+00) (2, 1.97987865463818257794e+00) (3, -5.62386900041467852063e-01) (4, 3.88069276562757359272e-01) (5, -1.06947186352379181029e-01) (6, 1.87257053059333222755e+00) (7, -1.08555420251257278563e-01) (8, -1.21259834235133667768e+00) (9, -1.44486110964699165926e+00) (0, -1.91281457456440429077e+00) (1, 2.19036386766706048235e+00) (2, 1.88403314531768528717e+00) (3, -4.86064858589536796796e-01) (4, 4.61952759079682084842e-02) (5, 8.64935477559212184673e-02) (6, 1.87704463022394008043e+00) (7, 4.47746587460866096730e-01) (8, -4.48024255845389074437e-01) (9, -1.80995755286302917320e+00) (10, -4.87875865942475200887e-02) (11, 7.36003520093484997489e+00) (12, 1.14897600731843851918e+01) (13, -1.63259285084005134614e+00) 
