FANN_FLO_2.1
num_layers=3
learning_rate=0.700000
connection_rate=1.000000
network_type=0
learning_momentum=0.000000
training_algorithm=2
train_error_function=1
train_stop_function=1
cascade_output_change_fraction=0.010000
quickprop_decay=-0.000100
quickprop_mu=1.750000
rprop_increase_factor=1.200000
rprop_decrease_factor=0.500000
rprop_delta_min=0.000000
rprop_delta_max=50.000000
rprop_delta_zero=0.100000
cascade_output_stagnation_epochs=12
cascade_candidate_change_fraction=0.010000
cascade_candidate_stagnation_epochs=12
cascade_max_out_epochs=150
cascade_min_out_epochs=50
cascade_max_cand_epochs=150
cascade_min_cand_epochs=50
cascade_num_candidate_groups=2
bit_fail_limit=1.00000000000000005551e-01
cascade_candidate_limit=1.00000000000000000000e+03
cascade_weight_multiplier=4.00000000000000022204e-01
cascade_activation_functions_count=10
cascade_activation_functions=3 5 7 8 10 11 14 15 16 17 
cascade_activation_steepnesses_count=4
cascade_activation_steepnesses=2.50000000000000000000e-01 5.00000000000000000000e-01 7.50000000000000000000e-01 1.00000000000000000000e+00 
layer_sizes=9 4 2 
scale_included=0
neurons (num_inputs, activation_function, activation_steepness)=(0, 0, 0.00000000000000000000e+00) (0, 0, 0.00000000000000000000e+00) (0, 0, 0.00000000000000000000e+00) (0, 0, 0.00000000000000000000e+00) (0, 0, 0.00000000000000000000e+00) (0, 0, 0.00000000000000000000e+00) (0, 0, 0.00000000000000000000e+00) (0, 0, 0.00000000000000000000e+00) (0, 0, 0.00000000000000000000e+00) (9, 6, 5.00000000000000000000e-01) (9, 6, 5.00000000000000000000e-01) (9, 6, 5.00000000000000000000e-01) (0, 6, 0.00000000000000000000e+00) (4, 4, 5.00000000000000000000e-01) (0, 4, 0.00000000000000000000e+00) 
connections (connected_to_neuron, weight)=(0, -2.36240113196613865654e+00) (1, 4.65023431398594322417e+00) (2, -1.67923274883641948652e-01) (3, -4.39672739089148389979e-01) (4, -1.08167770382595151979e+00) (5, -4.65827141732590543910e-01) (6, -3.49098962575810300990e-01) (7, -4.81650409132855283900e-01) (8, -8.27637358674430001493e-01) (0, -1.69919041173936946620e+00) (1, 1.72540048318388095083e+00) (2, 3.48167880637830939872e-01) (3, 6.85583297915626221908e-02) (4, -1.68774483727695567836e+00) (5, -4.61949647543789254645e-02) (6, -8.39624495385052072027e-02) (7, -6.54307255546894145359e-02) (8, -2.10326017546451249363e-01) (0, -1.95782716559650538102e+00) (1, 1.97425922917606477824e+00) (2, 1.87466799630111702335e-01) (3, -1.05394804625971380552e-01) (4, -2.02295558141948816910e+00) (5, -2.12328451166614667889e-01) (6, -3.35433708916172190762e-01) (7, -2.83690797577366038418e-01) (8, -2.05985622892841474529e-01) (9, 4.78270334222042503569e+00) (10, 7.24247704643587342233e-01) (11, 1.87345495628597369375e+00) (12, -9.48301429568053300123e-01) 
