FANN_FLO_2.1
num_layers=3
learning_rate=0.700000
connection_rate=1.000000
network_type=0
learning_momentum=0.000000
training_algorithm=2
train_error_function=1
train_stop_function=1
cascade_output_change_fraction=0.010000
quickprop_decay=-0.000100
quickprop_mu=1.750000
rprop_increase_factor=1.200000
rprop_decrease_factor=0.500000
rprop_delta_min=0.000000
rprop_delta_max=50.000000
rprop_delta_zero=0.100000
cascade_output_stagnation_epochs=12
cascade_candidate_change_fraction=0.010000
cascade_candidate_stagnation_epochs=12
cascade_max_out_epochs=150
cascade_min_out_epochs=50
cascade_max_cand_epochs=150
cascade_min_cand_epochs=50
cascade_num_candidate_groups=2
bit_fail_limit=1.00000000000000005551e-01
cascade_candidate_limit=1.00000000000000000000e+03
cascade_weight_multiplier=4.00000000000000022204e-01
cascade_activation_functions_count=10
cascade_activation_functions=3 5 7 8 10 11 14 15 16 17 
cascade_activation_steepnesses_count=4
cascade_activation_steepnesses=2.50000000000000000000e-01 5.00000000000000000000e-01 7.50000000000000000000e-01 1.00000000000000000000e+00 
layer_sizes=15 4 2 
scale_included=0
neurons (num_inputs, activation_function, activation_steepness)=(0, 0, 0.00000000000000000000e+00) (0, 0, 0.00000000000000000000e+00) (0, 0, 0.00000000000000000000e+00) (0, 0, 0.00000000000000000000e+00) (0, 0, 0.00000000000000000000e+00) (0, 0, 0.00000000000000000000e+00) (0, 0, 0.00000000000000000000e+00) (0, 0, 0.00000000000000000000e+00) (0, 0, 0.00000000000000000000e+00) (0, 0, 0.00000000000000000000e+00) (0, 0, 0.00000000000000000000e+00) (0, 0, 0.00000000000000000000e+00) (0, 0, 0.00000000000000000000e+00) (0, 0, 0.00000000000000000000e+00) (0, 0, 0.00000000000000000000e+00) (15, 6, 5.00000000000000000000e-01) (15, 6, 5.00000000000000000000e-01) (15, 6, 5.00000000000000000000e-01) (0, 6, 0.00000000000000000000e+00) (4, 4, 5.00000000000000000000e-01) (0, 4, 0.00000000000000000000e+00) 
connections (connected_to_neuron, weight)=(0, 1.38783720097883769284e+01) (1, -1.53099413477026646824e+00) (2, 7.40953256161309581351e-01) (3, 7.16141532371161404491e-01) (4, 8.87010758277327449051e-01) (5, 1.90154941687699263753e+00) (6, 6.65627617510195057626e-01) (7, 9.24014699397179284368e-01) (8, 3.63919826111231359267e-01) (9, 1.90399157043233713260e+00) (10, -1.34417990299873024718e+00) (11, 4.79804987523028636520e-01) (12, 1.17662219482362395695e+00) (13, 8.39746683954077588474e-01) (14, -2.55550999706078707518e+00) (0, -3.71698647577955227916e+01) (1, 1.41581888057084426258e+00) (2, 2.80890097264931259957e+00) (3, 2.45111803128125499418e-01) (4, 7.18245779425278740860e+00) (5, 1.60305541499030801411e+00) (6, 1.43106222043660247234e-01) (7, 1.61424979988269434727e+01) (8, 1.45637730151642177390e+01) (9, 4.86818358176763599232e+00) (10, -6.22368516213972267082e-01) (11, 9.75406162491737305231e+00) (12, 7.09155511343290978488e+00) (13, 7.28597200273033962503e+00) (14, -2.46162841811198851438e-01) (0, -7.14688997552808036318e+00) (1, -1.97287968308798144362e-03) (2, -7.38192195476021217893e-02) (3, -6.24163454197942280111e-01) (4, -9.95126330487730303975e-02) (5, -2.47034683447574376913e+00) (6, -5.35979826705051065616e-01) (7, 3.63046866783410082657e-01) (8, -9.55152566654827728243e-01) (9, -2.20070894853217680076e-01) (10, -1.02149577222315268710e-01) (11, -5.86962170176927866549e-02) (12, 1.21800849915101056659e-02) (13, -1.37964495189462882374e-01) (14, 5.91591914696151022213e-01) (15, -1.01297075435252708075e+01) (16, 1.20193283259860219658e+01) (17, 2.53066151731853281603e+01) (18, -2.58033731524639986521e-01) 
