FANN_FLO_2.1
num_layers=3
learning_rate=0.700000
connection_rate=1.000000
network_type=0
learning_momentum=0.000000
training_algorithm=2
train_error_function=1
train_stop_function=1
cascade_output_change_fraction=0.010000
quickprop_decay=-0.000100
quickprop_mu=1.750000
rprop_increase_factor=1.200000
rprop_decrease_factor=0.500000
rprop_delta_min=0.000000
rprop_delta_max=50.000000
rprop_delta_zero=0.100000
cascade_output_stagnation_epochs=12
cascade_candidate_change_fraction=0.010000
cascade_candidate_stagnation_epochs=12
cascade_max_out_epochs=150
cascade_min_out_epochs=50
cascade_max_cand_epochs=150
cascade_min_cand_epochs=50
cascade_num_candidate_groups=2
bit_fail_limit=1.00000000000000005551e-01
cascade_candidate_limit=1.00000000000000000000e+03
cascade_weight_multiplier=4.00000000000000022204e-01
cascade_activation_functions_count=10
cascade_activation_functions=3 5 7 8 10 11 14 15 16 17 
cascade_activation_steepnesses_count=4
cascade_activation_steepnesses=2.50000000000000000000e-01 5.00000000000000000000e-01 7.50000000000000000000e-01 1.00000000000000000000e+00 
layer_sizes=13 4 2 
scale_included=0
neurons (num_inputs, activation_function, activation_steepness)=(0, 0, 0.00000000000000000000e+00) (0, 0, 0.00000000000000000000e+00) (0, 0, 0.00000000000000000000e+00) (0, 0, 0.00000000000000000000e+00) (0, 0, 0.00000000000000000000e+00) (0, 0, 0.00000000000000000000e+00) (0, 0, 0.00000000000000000000e+00) (0, 0, 0.00000000000000000000e+00) (0, 0, 0.00000000000000000000e+00) (0, 0, 0.00000000000000000000e+00) (0, 0, 0.00000000000000000000e+00) (0, 0, 0.00000000000000000000e+00) (0, 0, 0.00000000000000000000e+00) (13, 6, 5.00000000000000000000e-01) (13, 6, 5.00000000000000000000e-01) (13, 6, 5.00000000000000000000e-01) (0, 6, 0.00000000000000000000e+00) (4, 4, 5.00000000000000000000e-01) (0, 4, 0.00000000000000000000e+00) 
connections (connected_to_neuron, weight)=(0, 1.16332639941171467335e+00) (1, 1.46864195496605343116e+00) (2, 6.14532592744661439188e-03) (3, -1.71194168096560410675e+01) (4, 1.09694542072094036733e+00) (5, -4.49038421622674377431e-01) (6, 9.75880629577752678472e-01) (7, -2.02796772722148119783e+01) (8, -7.92307417292380655738e+00) (9, 3.52314249354033615091e+00) (10, 2.73501125896069163801e+00) (11, 1.11457825965942691759e+00) (12, 1.58248213607458199093e+00) (0, -2.42789365530370782054e-01) (1, 2.96228581213497799141e+00) (2, 2.70348569601110533256e-01) (3, 5.23685754077549137087e-01) (4, -6.59376122379342621826e-01) (5, -2.82572988580495308708e-02) (6, -5.37977937331338829097e+00) (7, -2.03417239757976009429e+00) (8, -6.94440420068641484086e-01) (9, 3.72884021027754952726e+00) (10, 3.17133412021566973849e+00) (11, -2.26752283431417200887e+00) (12, -4.08946067347288666483e-01) (0, -5.69942886360440104099e-01) (1, 4.09859984140838307098e+00) (2, 3.47702531113851520672e-02) (3, 2.52140438751372930604e-01) (4, -4.71457794590499523757e-01) (5, -6.52661263435733718374e-01) (6, -5.33036271577616638240e+00) (7, -1.96045883419713473650e+00) (8, -7.89927433527847111527e-01) (9, 3.85182524545859505949e+00) (10, 3.22135499003697978182e+00) (11, -2.17715936161405299032e+00) (12, -4.12486713632107315775e-01) (13, -5.99441802956638269961e+00) (14, 3.53368397803186873318e+00) (15, 3.54044858739852408291e+00) (16, -5.33961495529576524177e+00) 
