FANN_FLO_2.1
num_layers=3
learning_rate=0.700000
connection_rate=1.000000
network_type=0
learning_momentum=0.000000
training_algorithm=2
train_error_function=1
train_stop_function=1
cascade_output_change_fraction=0.010000
quickprop_decay=-0.000100
quickprop_mu=1.750000
rprop_increase_factor=1.200000
rprop_decrease_factor=0.500000
rprop_delta_min=0.000000
rprop_delta_max=50.000000
rprop_delta_zero=0.100000
cascade_output_stagnation_epochs=12
cascade_candidate_change_fraction=0.010000
cascade_candidate_stagnation_epochs=12
cascade_max_out_epochs=150
cascade_min_out_epochs=50
cascade_max_cand_epochs=150
cascade_min_cand_epochs=50
cascade_num_candidate_groups=2
bit_fail_limit=1.00000000000000005551e-01
cascade_candidate_limit=1.00000000000000000000e+03
cascade_weight_multiplier=4.00000000000000022204e-01
cascade_activation_functions_count=10
cascade_activation_functions=3 5 7 8 10 11 14 15 16 17 
cascade_activation_steepnesses_count=4
cascade_activation_steepnesses=2.50000000000000000000e-01 5.00000000000000000000e-01 7.50000000000000000000e-01 1.00000000000000000000e+00 
layer_sizes=12 4 2 
scale_included=0
neurons (num_inputs, activation_function, activation_steepness)=(0, 0, 0.00000000000000000000e+00) (0, 0, 0.00000000000000000000e+00) (0, 0, 0.00000000000000000000e+00) (0, 0, 0.00000000000000000000e+00) (0, 0, 0.00000000000000000000e+00) (0, 0, 0.00000000000000000000e+00) (0, 0, 0.00000000000000000000e+00) (0, 0, 0.00000000000000000000e+00) (0, 0, 0.00000000000000000000e+00) (0, 0, 0.00000000000000000000e+00) (0, 0, 0.00000000000000000000e+00) (0, 0, 0.00000000000000000000e+00) (12, 6, 5.00000000000000000000e-01) (12, 6, 5.00000000000000000000e-01) (12, 6, 5.00000000000000000000e-01) (0, 6, 0.00000000000000000000e+00) (4, 4, 5.00000000000000000000e-01) (0, 4, 0.00000000000000000000e+00) 
connections (connected_to_neuron, weight)=(0, -7.16962640755614111221e-01) (1, 1.20725334798812200532e+00) (2, 5.23946154445865230898e-01) (3, 2.16208854202731570737e+00) (4, -3.27071493976547333915e-01) (5, -2.70331784492389859409e+00) (6, 1.15802019209824824664e+00) (7, 1.40191278264796492792e+00) (8, 2.46801069886861279556e+00) (9, 1.07631314753941098594e+00) (10, 6.70601483388976515876e-01) (11, -8.93003481642975160959e-01) (0, 2.93704412910839351980e+00) (1, -3.57952447188889077978e+00) (2, -7.32753385508631116529e-01) (3, -3.20566757281150005454e+00) (4, -1.30451553912461104545e+00) (5, 3.04784575248219047339e+00) (6, 1.20148023960760452766e+00) (7, -2.07957301951273931806e+00) (8, -1.62340296868964539811e+00) (9, 1.29164162569488194521e+01) (10, -1.28340291607162582110e+00) (11, 4.14549929525574434308e+00) (0, -2.80084873284044100217e+00) (1, 3.57474228168567842445e+00) (2, 1.82735783313953259466e+00) (3, 3.84317325110309182534e+00) (4, 1.39684292299419787753e+00) (5, -2.47382599522158175276e+00) (6, 3.90446987008246759743e+00) (7, 2.63426142014552278070e+00) (8, 2.02868273343133997955e+00) (9, 1.52494442823621101368e+00) (10, 6.94553921065800605739e-01) (11, -4.37449141249890338656e+00) (12, 3.10364716963879505585e+00) (13, -1.98409642906696559450e+00) (14, 1.38856432985616713438e+01) (15, -1.22608572667873994000e+00) 
