FANN_FLO_2.1
num_layers=3
learning_rate=0.700000
connection_rate=1.000000
network_type=0
learning_momentum=0.000000
training_algorithm=2
train_error_function=1
train_stop_function=1
cascade_output_change_fraction=0.010000
quickprop_decay=-0.000100
quickprop_mu=1.750000
rprop_increase_factor=1.200000
rprop_decrease_factor=0.500000
rprop_delta_min=0.000000
rprop_delta_max=50.000000
rprop_delta_zero=0.100000
cascade_output_stagnation_epochs=12
cascade_candidate_change_fraction=0.010000
cascade_candidate_stagnation_epochs=12
cascade_max_out_epochs=150
cascade_min_out_epochs=50
cascade_max_cand_epochs=150
cascade_min_cand_epochs=50
cascade_num_candidate_groups=2
bit_fail_limit=1.00000000000000005551e-01
cascade_candidate_limit=1.00000000000000000000e+03
cascade_weight_multiplier=4.00000000000000022204e-01
cascade_activation_functions_count=10
cascade_activation_functions=3 5 7 8 10 11 14 15 16 17 
cascade_activation_steepnesses_count=4
cascade_activation_steepnesses=2.50000000000000000000e-01 5.00000000000000000000e-01 7.50000000000000000000e-01 1.00000000000000000000e+00 
layer_sizes=16 4 2 
scale_included=0
neurons (num_inputs, activation_function, activation_steepness)=(0, 0, 0.00000000000000000000e+00) (0, 0, 0.00000000000000000000e+00) (0, 0, 0.00000000000000000000e+00) (0, 0, 0.00000000000000000000e+00) (0, 0, 0.00000000000000000000e+00) (0, 0, 0.00000000000000000000e+00) (0, 0, 0.00000000000000000000e+00) (0, 0, 0.00000000000000000000e+00) (0, 0, 0.00000000000000000000e+00) (0, 0, 0.00000000000000000000e+00) (0, 0, 0.00000000000000000000e+00) (0, 0, 0.00000000000000000000e+00) (0, 0, 0.00000000000000000000e+00) (0, 0, 0.00000000000000000000e+00) (0, 0, 0.00000000000000000000e+00) (0, 0, 0.00000000000000000000e+00) (16, 6, 5.00000000000000000000e-01) (16, 6, 5.00000000000000000000e-01) (16, 6, 5.00000000000000000000e-01) (0, 6, 0.00000000000000000000e+00) (4, 4, 5.00000000000000000000e-01) (0, 4, 0.00000000000000000000e+00) 
connections (connected_to_neuron, weight)=(0, -2.13063870623386319991e+00) (1, 1.40016704901407207373e+00) (2, 6.24778035651898711045e-01) (3, 6.46015013042726904402e-01) (4, 2.87763347820726078652e+00) (5, -2.23384571013158295116e+00) (6, 1.65300770081255121724e+00) (7, 1.85761745504725839240e+00) (8, 2.21168075417087495182e+00) (9, 6.88133279339420811382e-01) (10, 1.47835720275731241635e+00) (11, 1.26358016274127216150e+00) (12, 1.23980655697787225944e-01) (13, 1.42483114627802776031e-01) (14, 5.41657846286647481904e-01) (15, -7.99614158728058077585e-01) (0, -4.48527231979763796321e-01) (1, 5.96422136342122821695e-01) (2, 2.56577625661693797809e+00) (3, 2.52556932957501423243e-01) (4, 1.09474094639842212118e+00) (5, -2.11382390998250846437e-01) (6, 9.65965165566274208686e-01) (7, 8.08391346055221449163e-01) (8, 1.42368017349610065381e+00) (9, 1.35151927932032589474e+00) (10, 7.43127656719298812504e-01) (11, 1.38593481529234940908e+00) (12, 2.15067166967842726688e-01) (13, 1.24083475713419058573e-01) (14, 6.24755654665338708287e-02) (15, -4.97592293022805609581e-01) (0, 4.60841694671363644176e+00) (1, -2.36140169842138991640e+00) (2, -2.33194006384752894334e+00) (3, 2.87400049493057752059e-01) (4, -7.06901306269035970692e-03) (5, 2.53965706573570537685e+00) (6, -9.18522707311826058785e-01) (7, -2.55790932115480496023e+00) (8, -2.11552305383297012398e+00) (9, -9.36210327450504031788e-01) (10, -2.39989422084604919760e+00) (11, -2.16850598159765750594e+00) (12, 2.33932828846860535466e-01) (13, 2.45797803941655762516e-01) (14, -9.87364060319601555271e-02) (15, 2.03906209556557094231e+00) (16, 1.55333967565555397528e+00) (17, 4.35695690805206403695e+00) (18, -4.70990680656421076833e+01) (19, -6.02803998886281444669e-01) 
