FANN_FLO_2.1
num_layers=3
learning_rate=0.700000
connection_rate=1.000000
network_type=0
learning_momentum=0.000000
training_algorithm=2
train_error_function=1
train_stop_function=1
cascade_output_change_fraction=0.010000
quickprop_decay=-0.000100
quickprop_mu=1.750000
rprop_increase_factor=1.200000
rprop_decrease_factor=0.500000
rprop_delta_min=0.000000
rprop_delta_max=50.000000
rprop_delta_zero=0.100000
cascade_output_stagnation_epochs=12
cascade_candidate_change_fraction=0.010000
cascade_candidate_stagnation_epochs=12
cascade_max_out_epochs=150
cascade_min_out_epochs=50
cascade_max_cand_epochs=150
cascade_min_cand_epochs=50
cascade_num_candidate_groups=2
bit_fail_limit=1.00000000000000005551e-01
cascade_candidate_limit=1.00000000000000000000e+03
cascade_weight_multiplier=4.00000000000000022204e-01
cascade_activation_functions_count=10
cascade_activation_functions=3 5 7 8 10 11 14 15 16 17 
cascade_activation_steepnesses_count=4
cascade_activation_steepnesses=2.50000000000000000000e-01 5.00000000000000000000e-01 7.50000000000000000000e-01 1.00000000000000000000e+00 
layer_sizes=8 4 2 
scale_included=0
neurons (num_inputs, activation_function, activation_steepness)=(0, 0, 0.00000000000000000000e+00) (0, 0, 0.00000000000000000000e+00) (0, 0, 0.00000000000000000000e+00) (0, 0, 0.00000000000000000000e+00) (0, 0, 0.00000000000000000000e+00) (0, 0, 0.00000000000000000000e+00) (0, 0, 0.00000000000000000000e+00) (0, 0, 0.00000000000000000000e+00) (8, 6, 5.00000000000000000000e-01) (8, 6, 5.00000000000000000000e-01) (8, 6, 5.00000000000000000000e-01) (0, 6, 0.00000000000000000000e+00) (4, 4, 5.00000000000000000000e-01) (0, 4, 0.00000000000000000000e+00) 
connections (connected_to_neuron, weight)=(0, 5.62958150270155610606e-01) (1, -9.19991482777648306168e-01) (2, -1.62862111087198641046e-01) (3, -3.44824054309871841362e-01) (4, -1.88790180128048956654e+00) (5, 4.03964247593599057318e-01) (6, 1.10790652386646226724e+00) (7, 1.87967645063816829465e-01) (0, -4.28817749988939223016e+00) (1, 2.61627900891750941881e+00) (2, 2.24159516719494300574e+00) (3, 3.02923198434509277632e+00) (4, 2.28773523030917802501e+00) (5, 2.60747795839829521469e+00) (6, -2.18648164222739360696e+00) (7, -2.96896340938124447817e+00) (0, -4.31537242520455222028e-01) (1, 1.13900102253865509461e+00) (2, 8.88115541867526503417e-01) (3, 1.64842240496917180614e+00) (4, -4.35815800238913908515e+00) (5, 1.70416426046653981530e+01) (6, -9.71556702352245116217e-01) (7, -4.35641774821881155866e-01) (8, -1.35540379434722857432e+00) (9, 9.45955289377372032789e+00) (10, 3.91304082348233395194e+00) (11, -2.93358226651076137159e+00) 
