FANN_FLO_2.1
num_layers=3
learning_rate=0.700000
connection_rate=1.000000
network_type=0
learning_momentum=0.000000
training_algorithm=2
train_error_function=1
train_stop_function=1
cascade_output_change_fraction=0.010000
quickprop_decay=-0.000100
quickprop_mu=1.750000
rprop_increase_factor=1.200000
rprop_decrease_factor=0.500000
rprop_delta_min=0.000000
rprop_delta_max=50.000000
rprop_delta_zero=0.100000
cascade_output_stagnation_epochs=12
cascade_candidate_change_fraction=0.010000
cascade_candidate_stagnation_epochs=12
cascade_max_out_epochs=150
cascade_min_out_epochs=50
cascade_max_cand_epochs=150
cascade_min_cand_epochs=50
cascade_num_candidate_groups=2
bit_fail_limit=1.00000000000000005551e-01
cascade_candidate_limit=1.00000000000000000000e+03
cascade_weight_multiplier=4.00000000000000022204e-01
cascade_activation_functions_count=10
cascade_activation_functions=3 5 7 8 10 11 14 15 16 17 
cascade_activation_steepnesses_count=4
cascade_activation_steepnesses=2.50000000000000000000e-01 5.00000000000000000000e-01 7.50000000000000000000e-01 1.00000000000000000000e+00 
layer_sizes=10 4 2 
scale_included=0
neurons (num_inputs, activation_function, activation_steepness)=(0, 0, 0.00000000000000000000e+00) (0, 0, 0.00000000000000000000e+00) (0, 0, 0.00000000000000000000e+00) (0, 0, 0.00000000000000000000e+00) (0, 0, 0.00000000000000000000e+00) (0, 0, 0.00000000000000000000e+00) (0, 0, 0.00000000000000000000e+00) (0, 0, 0.00000000000000000000e+00) (0, 0, 0.00000000000000000000e+00) (0, 0, 0.00000000000000000000e+00) (10, 6, 5.00000000000000000000e-01) (10, 6, 5.00000000000000000000e-01) (10, 6, 5.00000000000000000000e-01) (0, 6, 0.00000000000000000000e+00) (4, 4, 5.00000000000000000000e-01) (0, 4, 0.00000000000000000000e+00) 
connections (connected_to_neuron, weight)=(0, 3.72410915478375725840e+00) (1, -3.76373495053418061218e+00) (2, -4.12337374029672165676e+00) (3, 1.92193042516150702781e+00) (4, -1.17355618441339282221e+00) (5, 1.48719786216756411079e-01) (6, -3.84785208724228366961e+00) (7, 6.71991204382863194233e-01) (8, 5.49883381624431885615e-02) (9, 3.78262009903100260289e+00) (0, -4.22564244468981095593e-02) (1, 1.21298335216269648207e+00) (2, 7.17348533531907861516e-01) (3, -1.20878712528903684009e-02) (4, 9.22294752390707239798e-01) (5, 8.98230783151477973902e-01) (6, 5.55055783511886335901e-01) (7, 9.07086714856875087065e-01) (8, 1.09907644752191302473e+00) (9, -1.79243972190316069870e-02) (0, 3.72298156901505761240e+00) (1, -3.74569495659239670715e+00) (2, -4.07946181384837647244e+00) (3, 1.85960063367524397471e+00) (4, -1.15495343321796206659e+00) (5, 1.13049021472474642280e-01) (6, -3.83546270303217395892e+00) (7, 6.46379982592549473530e-01) (8, -7.41032649085805045219e-03) (9, 3.81498826726582773716e+00) (10, -6.64080959119843505789e+00) (11, 1.83555965000349385896e+00) (12, -6.71653052725838684012e+00) (13, -1.21291311616691177555e+00) 
