FANN_FLO_2.1
num_layers=3
learning_rate=0.700000
connection_rate=1.000000
network_type=0
learning_momentum=0.000000
training_algorithm=2
train_error_function=1
train_stop_function=1
cascade_output_change_fraction=0.010000
quickprop_decay=-0.000100
quickprop_mu=1.750000
rprop_increase_factor=1.200000
rprop_decrease_factor=0.500000
rprop_delta_min=0.000000
rprop_delta_max=50.000000
rprop_delta_zero=0.100000
cascade_output_stagnation_epochs=12
cascade_candidate_change_fraction=0.010000
cascade_candidate_stagnation_epochs=12
cascade_max_out_epochs=150
cascade_min_out_epochs=50
cascade_max_cand_epochs=150
cascade_min_cand_epochs=50
cascade_num_candidate_groups=2
bit_fail_limit=1.00000000000000005551e-01
cascade_candidate_limit=1.00000000000000000000e+03
cascade_weight_multiplier=4.00000000000000022204e-01
cascade_activation_functions_count=10
cascade_activation_functions=3 5 7 8 10 11 14 15 16 17 
cascade_activation_steepnesses_count=4
cascade_activation_steepnesses=2.50000000000000000000e-01 5.00000000000000000000e-01 7.50000000000000000000e-01 1.00000000000000000000e+00 
layer_sizes=10 4 2 
scale_included=0
neurons (num_inputs, activation_function, activation_steepness)=(0, 0, 0.00000000000000000000e+00) (0, 0, 0.00000000000000000000e+00) (0, 0, 0.00000000000000000000e+00) (0, 0, 0.00000000000000000000e+00) (0, 0, 0.00000000000000000000e+00) (0, 0, 0.00000000000000000000e+00) (0, 0, 0.00000000000000000000e+00) (0, 0, 0.00000000000000000000e+00) (0, 0, 0.00000000000000000000e+00) (0, 0, 0.00000000000000000000e+00) (10, 6, 5.00000000000000000000e-01) (10, 6, 5.00000000000000000000e-01) (10, 6, 5.00000000000000000000e-01) (0, 6, 0.00000000000000000000e+00) (4, 4, 5.00000000000000000000e-01) (0, 4, 0.00000000000000000000e+00) 
connections (connected_to_neuron, weight)=(0, 2.09277098830622820813e+00) (1, -2.38348947440875358339e+00) (2, -2.07714826932455709496e+00) (3, 1.38454600965799912160e+00) (4, -2.83088089453707469900e+00) (5, 1.26529460805747828722e+00) (6, 1.81771833478134370310e+00) (7, -3.73146277880228272039e+00) (8, 1.25138414625530125512e+00) (9, 2.37286512857971665369e+00) (0, 2.10141411412411205362e+00) (1, -2.43930132662547416444e+00) (2, -2.21425183036115358348e+00) (3, 1.40867988562407120412e+00) (4, -1.40532143827871514041e+00) (5, 1.19739608850117984495e+00) (6, 1.87085302947681664243e+00) (7, -3.02700128628818765364e+00) (8, 2.05815550451734566306e-02) (9, 2.20888909772925057240e+00) (0, -1.87357540812756973025e+00) (1, 1.45309050408329376580e+00) (2, 3.60444402244287287473e+00) (3, -2.31917255676750722060e+00) (4, 8.53301669494469172683e-01) (5, -5.45762302471629268119e-01) (6, -1.15476177006270508407e+00) (7, 3.35006073740904586344e+00) (8, 5.07520150878706055586e-01) (9, -1.52827489345238354268e+00) (10, -6.20175693481377887650e+00) (11, -6.17033667787126827164e+00) (12, 4.57317060333176073073e+00) (13, -1.49588834463522579732e+00) 
