FANN_FLO_2.1
num_layers=3
learning_rate=0.700000
connection_rate=1.000000
network_type=0
learning_momentum=0.000000
training_algorithm=2
train_error_function=1
train_stop_function=1
cascade_output_change_fraction=0.010000
quickprop_decay=-0.000100
quickprop_mu=1.750000
rprop_increase_factor=1.200000
rprop_decrease_factor=0.500000
rprop_delta_min=0.000000
rprop_delta_max=50.000000
rprop_delta_zero=0.100000
cascade_output_stagnation_epochs=12
cascade_candidate_change_fraction=0.010000
cascade_candidate_stagnation_epochs=12
cascade_max_out_epochs=150
cascade_min_out_epochs=50
cascade_max_cand_epochs=150
cascade_min_cand_epochs=50
cascade_num_candidate_groups=2
bit_fail_limit=1.00000000000000005551e-01
cascade_candidate_limit=1.00000000000000000000e+03
cascade_weight_multiplier=4.00000000000000022204e-01
cascade_activation_functions_count=10
cascade_activation_functions=3 5 7 8 10 11 14 15 16 17 
cascade_activation_steepnesses_count=4
cascade_activation_steepnesses=2.50000000000000000000e-01 5.00000000000000000000e-01 7.50000000000000000000e-01 1.00000000000000000000e+00 
layer_sizes=12 4 2 
scale_included=0
neurons (num_inputs, activation_function, activation_steepness)=(0, 0, 0.00000000000000000000e+00) (0, 0, 0.00000000000000000000e+00) (0, 0, 0.00000000000000000000e+00) (0, 0, 0.00000000000000000000e+00) (0, 0, 0.00000000000000000000e+00) (0, 0, 0.00000000000000000000e+00) (0, 0, 0.00000000000000000000e+00) (0, 0, 0.00000000000000000000e+00) (0, 0, 0.00000000000000000000e+00) (0, 0, 0.00000000000000000000e+00) (0, 0, 0.00000000000000000000e+00) (0, 0, 0.00000000000000000000e+00) (12, 6, 5.00000000000000000000e-01) (12, 6, 5.00000000000000000000e-01) (12, 6, 5.00000000000000000000e-01) (0, 6, 0.00000000000000000000e+00) (4, 4, 5.00000000000000000000e-01) (0, 4, 0.00000000000000000000e+00) 
connections (connected_to_neuron, weight)=(0, -6.06482115924106945926e-01) (1, 1.68364621869015973488e+00) (2, 9.60510146949635656988e-01) (3, 1.90362978434995999688e-01) (4, 1.47723641365969271533e+00) (5, 1.10259328623945329628e-01) (6, 1.12753437354647223501e+00) (7, 5.27757103620079881523e-01) (8, -3.65134974698941641713e-02) (9, 1.36739331937269614770e-01) (10, 1.20307241650656981946e+00) (11, -5.74168024003254284793e-01) (0, 1.38438588013524754849e+00) (1, -1.35209353299373624679e+00) (2, -1.81204106005373688504e+00) (3, 1.22433310709064352428e-01) (4, -1.18355414989321872099e+00) (5, 2.47989890138091334526e-01) (6, -1.23154287647861582222e+00) (7, -1.92114108481622936075e+00) (8, 3.81385957927562413428e-01) (9, 1.07087081632678854382e-01) (10, -1.16937107609431278910e+00) (11, 1.47729565580959065763e+00) (0, -2.27650552815030132736e-01) (1, 6.25505045366361089876e-01) (2, 1.30383237943893948163e-01) (3, -2.41549131189191038094e-02) (4, 4.76854505355294111535e-01) (5, 2.87067710737156867040e-01) (6, 2.83138244575287467697e+00) (7, 1.28308781008530381484e-01) (8, -9.33356014553317764326e-02) (9, 4.46286159838831450464e-02) (10, 1.42734370333985705059e+00) (11, -6.85526652394037872007e-02) (12, 2.65166021132788953807e+00) (13, -4.00594620438682582630e+01) (14, 4.61335368890519958995e-01) (15, -1.32172088394600040218e+00) 
