FANN_FLO_2.1
num_layers=3
learning_rate=0.700000
connection_rate=1.000000
network_type=0
learning_momentum=0.000000
training_algorithm=2
train_error_function=1
train_stop_function=1
cascade_output_change_fraction=0.010000
quickprop_decay=-0.000100
quickprop_mu=1.750000
rprop_increase_factor=1.200000
rprop_decrease_factor=0.500000
rprop_delta_min=0.000000
rprop_delta_max=50.000000
rprop_delta_zero=0.100000
cascade_output_stagnation_epochs=12
cascade_candidate_change_fraction=0.010000
cascade_candidate_stagnation_epochs=12
cascade_max_out_epochs=150
cascade_min_out_epochs=50
cascade_max_cand_epochs=150
cascade_min_cand_epochs=50
cascade_num_candidate_groups=2
bit_fail_limit=1.00000000000000005551e-01
cascade_candidate_limit=1.00000000000000000000e+03
cascade_weight_multiplier=4.00000000000000022204e-01
cascade_activation_functions_count=10
cascade_activation_functions=3 5 7 8 10 11 14 15 16 17 
cascade_activation_steepnesses_count=4
cascade_activation_steepnesses=2.50000000000000000000e-01 5.00000000000000000000e-01 7.50000000000000000000e-01 1.00000000000000000000e+00 
layer_sizes=10 4 2 
scale_included=0
neurons (num_inputs, activation_function, activation_steepness)=(0, 0, 0.00000000000000000000e+00) (0, 0, 0.00000000000000000000e+00) (0, 0, 0.00000000000000000000e+00) (0, 0, 0.00000000000000000000e+00) (0, 0, 0.00000000000000000000e+00) (0, 0, 0.00000000000000000000e+00) (0, 0, 0.00000000000000000000e+00) (0, 0, 0.00000000000000000000e+00) (0, 0, 0.00000000000000000000e+00) (0, 0, 0.00000000000000000000e+00) (10, 6, 5.00000000000000000000e-01) (10, 6, 5.00000000000000000000e-01) (10, 6, 5.00000000000000000000e-01) (0, 6, 0.00000000000000000000e+00) (4, 4, 5.00000000000000000000e-01) (0, 4, 0.00000000000000000000e+00) 
connections (connected_to_neuron, weight)=(0, 4.94731254370480755256e+00) (1, -3.55906582401474524957e+00) (2, -4.39569568717802638957e+00) (3, 1.75362699463100768504e+00) (4, -7.58992905307961929218e-01) (5, -7.15475151826097000018e-01) (6, -4.26239572549189205120e+00) (7, -6.23737523843003738300e-01) (8, 1.07726425522681479308e+00) (9, 3.91250139842082367281e+00) (0, -2.30636120585496673385e+00) (1, 3.17592983599487332924e+00) (2, 2.57615706945317901599e+00) (3, -8.86118837612212550958e-01) (4, 1.83697698429919592522e-01) (5, -6.86402876743846812602e-02) (6, 1.96522248530423682134e+00) (7, -2.74381448397213525969e-02) (8, -6.75842498238699351809e-01) (9, -2.11253838984067776607e+00) (0, -8.66302984503388717741e-01) (1, 6.76455250998804769047e-01) (2, 2.99178975146192582812e+00) (3, -2.09728378489494493575e-01) (4, 2.44835501481665940293e-01) (5, 7.58016212953110946060e-02) (6, 3.07504285197633864257e+00) (7, 6.21354946965176901941e-02) (8, -2.73536162432134521971e-01) (9, -2.11448223359718828762e-01) (10, -5.65167075590973499999e+00) (11, 4.98383823573952611241e+00) (12, 9.49104158484349147429e-01) (13, -1.72341288270540404781e+00) 
