FANN_FLO_2.1
num_layers=3
learning_rate=0.700000
connection_rate=1.000000
network_type=0
learning_momentum=0.000000
training_algorithm=2
train_error_function=1
train_stop_function=1
cascade_output_change_fraction=0.010000
quickprop_decay=-0.000100
quickprop_mu=1.750000
rprop_increase_factor=1.200000
rprop_decrease_factor=0.500000
rprop_delta_min=0.000000
rprop_delta_max=50.000000
rprop_delta_zero=0.100000
cascade_output_stagnation_epochs=12
cascade_candidate_change_fraction=0.010000
cascade_candidate_stagnation_epochs=12
cascade_max_out_epochs=150
cascade_min_out_epochs=50
cascade_max_cand_epochs=150
cascade_min_cand_epochs=50
cascade_num_candidate_groups=2
bit_fail_limit=1.00000000000000005551e-01
cascade_candidate_limit=1.00000000000000000000e+03
cascade_weight_multiplier=4.00000000000000022204e-01
cascade_activation_functions_count=10
cascade_activation_functions=3 5 7 8 10 11 14 15 16 17 
cascade_activation_steepnesses_count=4
cascade_activation_steepnesses=2.50000000000000000000e-01 5.00000000000000000000e-01 7.50000000000000000000e-01 1.00000000000000000000e+00 
layer_sizes=14 4 2 
scale_included=0
neurons (num_inputs, activation_function, activation_steepness)=(0, 0, 0.00000000000000000000e+00) (0, 0, 0.00000000000000000000e+00) (0, 0, 0.00000000000000000000e+00) (0, 0, 0.00000000000000000000e+00) (0, 0, 0.00000000000000000000e+00) (0, 0, 0.00000000000000000000e+00) (0, 0, 0.00000000000000000000e+00) (0, 0, 0.00000000000000000000e+00) (0, 0, 0.00000000000000000000e+00) (0, 0, 0.00000000000000000000e+00) (0, 0, 0.00000000000000000000e+00) (0, 0, 0.00000000000000000000e+00) (0, 0, 0.00000000000000000000e+00) (0, 0, 0.00000000000000000000e+00) (14, 6, 5.00000000000000000000e-01) (14, 6, 5.00000000000000000000e-01) (14, 6, 5.00000000000000000000e-01) (0, 6, 0.00000000000000000000e+00) (4, 4, 5.00000000000000000000e-01) (0, 4, 0.00000000000000000000e+00) 
connections (connected_to_neuron, weight)=(0, -1.36432264871720954069e+00) (1, 2.10629155869240536347e+00) (2, 1.95925301651413485970e+00) (3, -4.76937072001627715423e-01) (4, -2.08728083177550383098e+00) (5, -1.21721236691137678354e-02) (6, -1.09665863642219507668e+00) (7, 1.51815990995763061555e+00) (8, 1.99821864595709414170e-01) (9, 1.11533643323480702314e+00) (10, -9.76608885752694722004e-02) (11, -6.82918388675045395786e-01) (12, -4.89362874688085203179e-01) (13, -1.34399762876157446989e+00) (0, -5.93179679426631079053e-01) (1, 1.80259877123965561729e+00) (2, 1.46605797262234593958e+00) (3, -8.47941150532290632835e-02) (4, -2.33316621495319553858e+00) (5, -2.63542342306377241901e-01) (6, -4.02657278880501900975e-01) (7, 1.07559431276930261845e+00) (8, -1.32014399470928994740e-01) (9, 5.50728863213056918369e-02) (10, -2.55832487793806906407e-01) (11, -2.39139808418396770939e-01) (12, -1.63715445408946808081e-01) (13, -5.23663251611670599317e-01) (0, 1.65032530765833884701e+00) (1, -2.96851637902727327756e+00) (2, -3.93000113592998046030e+00) (3, -1.50017349015810375068e-01) (4, 2.23143183189194926896e+00) (5, -3.17887632944314324490e+00) (6, 1.14718422315946000367e+00) (7, -2.34453474201095302121e+00) (8, -4.04211854109337298535e-01) (9, -2.65943045753371221096e+00) (10, 7.77368516812712018194e-01) (11, 9.26931002913286228306e-01) (12, 7.62314704110531926595e-01) (13, 3.75487290609458890245e+00) (14, 6.10475015558934952509e+00) (15, 5.42350087127438929002e-01) (16, -9.16376173296580631700e+00) (17, -2.28524268222261728312e+00) 
