FANN_FLO_2.1
num_layers=3
learning_rate=0.700000
connection_rate=1.000000
network_type=0
learning_momentum=0.000000
training_algorithm=2
train_error_function=1
train_stop_function=1
cascade_output_change_fraction=0.010000
quickprop_decay=-0.000100
quickprop_mu=1.750000
rprop_increase_factor=1.200000
rprop_decrease_factor=0.500000
rprop_delta_min=0.000000
rprop_delta_max=50.000000
rprop_delta_zero=0.100000
cascade_output_stagnation_epochs=12
cascade_candidate_change_fraction=0.010000
cascade_candidate_stagnation_epochs=12
cascade_max_out_epochs=150
cascade_min_out_epochs=50
cascade_max_cand_epochs=150
cascade_min_cand_epochs=50
cascade_num_candidate_groups=2
bit_fail_limit=1.00000000000000005551e-01
cascade_candidate_limit=1.00000000000000000000e+03
cascade_weight_multiplier=4.00000000000000022204e-01
cascade_activation_functions_count=10
cascade_activation_functions=3 5 7 8 10 11 14 15 16 17 
cascade_activation_steepnesses_count=4
cascade_activation_steepnesses=2.50000000000000000000e-01 5.00000000000000000000e-01 7.50000000000000000000e-01 1.00000000000000000000e+00 
layer_sizes=12 4 2 
scale_included=0
neurons (num_inputs, activation_function, activation_steepness)=(0, 0, 0.00000000000000000000e+00) (0, 0, 0.00000000000000000000e+00) (0, 0, 0.00000000000000000000e+00) (0, 0, 0.00000000000000000000e+00) (0, 0, 0.00000000000000000000e+00) (0, 0, 0.00000000000000000000e+00) (0, 0, 0.00000000000000000000e+00) (0, 0, 0.00000000000000000000e+00) (0, 0, 0.00000000000000000000e+00) (0, 0, 0.00000000000000000000e+00) (0, 0, 0.00000000000000000000e+00) (0, 0, 0.00000000000000000000e+00) (12, 6, 5.00000000000000000000e-01) (12, 6, 5.00000000000000000000e-01) (12, 6, 5.00000000000000000000e-01) (0, 6, 0.00000000000000000000e+00) (4, 4, 5.00000000000000000000e-01) (0, 4, 0.00000000000000000000e+00) 
connections (connected_to_neuron, weight)=(0, 3.50769652041110280294e+00) (1, -1.79310978827135003577e+00) (2, -1.46567918150308007519e+00) (3, -5.66770497460651334620e-01) (4, -2.19661783222468365295e+00) (5, -5.63601193175242043409e-01) (6, -2.69034105176263804715e-01) (7, -8.20288296074256240153e-01) (8, 1.33650800098103106350e+00) (9, -9.88083050685462316309e-01) (10, -1.31595603885596390548e+00) (11, 1.58467761834699061296e+00) (0, -2.15072941556880437020e+00) (1, 1.78418711223193127147e+00) (2, 1.85640838014087328212e+00) (3, -1.10056224858828696767e-01) (4, 1.94756274654111360967e+00) (5, 1.47743037605127658374e+00) (6, 1.23221380858387097312e+00) (7, 1.18943849628170705834e+00) (8, -1.01078594202017257864e+00) (9, 2.44812986651850383879e+00) (10, 2.14534166278588855903e+00) (11, -2.15002296641776524666e+00) (0, -8.13003148452354107434e-01) (1, 2.78811085718963358460e+00) (2, 6.49115891623779361908e-01) (3, -1.98668286311743907957e-01) (4, 5.66826274792815776316e-01) (5, 3.01930895114832897885e-01) (6, 4.21245094357713345534e-01) (7, 2.56314162657572786053e-01) (8, -3.48548244502510984333e-01) (9, 1.14778104262395674873e+00) (10, 1.04705354329927180501e+00) (11, -8.49939401761603985364e-01) (12, -6.77001557358359029593e+00) (13, 1.50412956950746306006e+01) (14, 3.59998568130359286599e+00) (15, -1.67330120594040177018e+00) 
