FANN_FLO_2.1
num_layers=3
learning_rate=0.700000
connection_rate=1.000000
network_type=0
learning_momentum=0.000000
training_algorithm=2
train_error_function=1
train_stop_function=1
cascade_output_change_fraction=0.010000
quickprop_decay=-0.000100
quickprop_mu=1.750000
rprop_increase_factor=1.200000
rprop_decrease_factor=0.500000
rprop_delta_min=0.000000
rprop_delta_max=50.000000
rprop_delta_zero=0.100000
cascade_output_stagnation_epochs=12
cascade_candidate_change_fraction=0.010000
cascade_candidate_stagnation_epochs=12
cascade_max_out_epochs=150
cascade_min_out_epochs=50
cascade_max_cand_epochs=150
cascade_min_cand_epochs=50
cascade_num_candidate_groups=2
bit_fail_limit=1.00000000000000005551e-01
cascade_candidate_limit=1.00000000000000000000e+03
cascade_weight_multiplier=4.00000000000000022204e-01
cascade_activation_functions_count=10
cascade_activation_functions=3 5 7 8 10 11 14 15 16 17 
cascade_activation_steepnesses_count=4
cascade_activation_steepnesses=2.50000000000000000000e-01 5.00000000000000000000e-01 7.50000000000000000000e-01 1.00000000000000000000e+00 
layer_sizes=11 4 2 
scale_included=0
neurons (num_inputs, activation_function, activation_steepness)=(0, 0, 0.00000000000000000000e+00) (0, 0, 0.00000000000000000000e+00) (0, 0, 0.00000000000000000000e+00) (0, 0, 0.00000000000000000000e+00) (0, 0, 0.00000000000000000000e+00) (0, 0, 0.00000000000000000000e+00) (0, 0, 0.00000000000000000000e+00) (0, 0, 0.00000000000000000000e+00) (0, 0, 0.00000000000000000000e+00) (0, 0, 0.00000000000000000000e+00) (0, 0, 0.00000000000000000000e+00) (11, 6, 5.00000000000000000000e-01) (11, 6, 5.00000000000000000000e-01) (11, 6, 5.00000000000000000000e-01) (0, 6, 0.00000000000000000000e+00) (4, 4, 5.00000000000000000000e-01) (0, 4, 0.00000000000000000000e+00) 
connections (connected_to_neuron, weight)=(0, 1.97795423090459610016e+00) (1, 3.89947424761452010600e+00) (2, 4.52054547985127630483e+00) (3, -2.40570194414190430265e+00) (4, -2.13241612659805657159e+00) (5, 3.54431717878029939328e+00) (6, 1.25791205897947833137e+00) (7, 8.71592905149796592923e-01) (8, -4.23229826686327026408e+00) (9, 4.44573506339738777626e+00) (10, -4.60915843290094962015e+00) (0, 2.91828696120967845395e-01) (1, 1.00458767235644015614e-02) (2, 2.98303751033339104026e+00) (3, 2.82822186473716430388e-01) (4, 3.18401444839830904954e-02) (5, 1.38827349969375246630e+00) (6, 5.67299699235920829032e-01) (7, -9.77780129891229338179e-02) (8, -1.85822635694719684452e+00) (9, 2.84474270995263189832e+00) (10, -5.78397752661710395916e-02) (0, 2.09414278686048271894e+00) (1, 3.25713387586288849462e+00) (2, 4.50726201479366483937e+00) (3, -2.39616412809423584562e+00) (4, -1.77666566717870066938e+00) (5, 3.58583524113343354855e+00) (6, 1.31065658912083171650e+00) (7, 9.18713208065369713040e-01) (8, -4.20192276013438270610e+00) (9, 4.42865154519031456459e+00) (10, -4.58177429330353369608e+00) (11, 6.36557089779515106187e+00) (12, 7.96829580571034701286e-01) (13, 6.43798019234080154405e+00) (14, -1.44334269468757980803e+00) 
