FANN_FLO_2.1
num_layers=3
learning_rate=0.700000
connection_rate=1.000000
network_type=0
learning_momentum=0.000000
training_algorithm=2
train_error_function=1
train_stop_function=1
cascade_output_change_fraction=0.010000
quickprop_decay=-0.000100
quickprop_mu=1.750000
rprop_increase_factor=1.200000
rprop_decrease_factor=0.500000
rprop_delta_min=0.000000
rprop_delta_max=50.000000
rprop_delta_zero=0.100000
cascade_output_stagnation_epochs=12
cascade_candidate_change_fraction=0.010000
cascade_candidate_stagnation_epochs=12
cascade_max_out_epochs=150
cascade_min_out_epochs=50
cascade_max_cand_epochs=150
cascade_min_cand_epochs=50
cascade_num_candidate_groups=2
bit_fail_limit=1.00000000000000005551e-01
cascade_candidate_limit=1.00000000000000000000e+03
cascade_weight_multiplier=4.00000000000000022204e-01
cascade_activation_functions_count=10
cascade_activation_functions=3 5 7 8 10 11 14 15 16 17 
cascade_activation_steepnesses_count=4
cascade_activation_steepnesses=2.50000000000000000000e-01 5.00000000000000000000e-01 7.50000000000000000000e-01 1.00000000000000000000e+00 
layer_sizes=8 4 2 
scale_included=0
neurons (num_inputs, activation_function, activation_steepness)=(0, 0, 0.00000000000000000000e+00) (0, 0, 0.00000000000000000000e+00) (0, 0, 0.00000000000000000000e+00) (0, 0, 0.00000000000000000000e+00) (0, 0, 0.00000000000000000000e+00) (0, 0, 0.00000000000000000000e+00) (0, 0, 0.00000000000000000000e+00) (0, 0, 0.00000000000000000000e+00) (8, 6, 5.00000000000000000000e-01) (8, 6, 5.00000000000000000000e-01) (8, 6, 5.00000000000000000000e-01) (0, 6, 0.00000000000000000000e+00) (4, 4, 5.00000000000000000000e-01) (0, 4, 0.00000000000000000000e+00) 
connections (connected_to_neuron, weight)=(0, -1.99993500075138919136e+00) (1, 1.47186187544776081459e+00) (2, 2.50066773251309193427e+00) (3, -1.11996880524741393437e+00) (4, 1.87678143735960301086e+00) (5, 8.60158274388778343322e-01) (6, 1.89926911282548172011e+00) (7, -1.98052658847369067452e+00) (0, 4.59238334598788977559e+00) (1, 9.01057918750500119742e-01) (2, -2.72602562371774929939e-02) (3, 1.71126120474731058252e+00) (4, 1.11739004133617170211e+00) (5, 9.20928910732609740109e-01) (6, 6.90884251721208020314e+00) (7, 5.25950286840774339225e+00) (0, -1.73110633670132552098e+00) (1, 1.49298913294387936013e+00) (2, 2.48509146676077641303e+00) (3, -1.05554695034533163600e+00) (4, 1.26776035589033297946e+00) (5, 2.39212072616631443722e+00) (6, 1.98827891933926736989e+00) (7, -2.69360081829619302241e+00) (8, 2.96647996987656004109e+00) (9, -1.50502174165705104869e+00) (10, 6.38254951414382247776e+01) (11, -2.08138947096242432622e+00) 
