FANN_FLO_2.1
num_layers=3
learning_rate=0.700000
connection_rate=1.000000
network_type=0
learning_momentum=0.000000
training_algorithm=2
train_error_function=1
train_stop_function=1
cascade_output_change_fraction=0.010000
quickprop_decay=-0.000100
quickprop_mu=1.750000
rprop_increase_factor=1.200000
rprop_decrease_factor=0.500000
rprop_delta_min=0.000000
rprop_delta_max=50.000000
rprop_delta_zero=0.100000
cascade_output_stagnation_epochs=12
cascade_candidate_change_fraction=0.010000
cascade_candidate_stagnation_epochs=12
cascade_max_out_epochs=150
cascade_min_out_epochs=50
cascade_max_cand_epochs=150
cascade_min_cand_epochs=50
cascade_num_candidate_groups=2
bit_fail_limit=1.00000000000000005551e-01
cascade_candidate_limit=1.00000000000000000000e+03
cascade_weight_multiplier=4.00000000000000022204e-01
cascade_activation_functions_count=10
cascade_activation_functions=3 5 7 8 10 11 14 15 16 17 
cascade_activation_steepnesses_count=4
cascade_activation_steepnesses=2.50000000000000000000e-01 5.00000000000000000000e-01 7.50000000000000000000e-01 1.00000000000000000000e+00 
layer_sizes=10 4 2 
scale_included=0
neurons (num_inputs, activation_function, activation_steepness)=(0, 0, 0.00000000000000000000e+00) (0, 0, 0.00000000000000000000e+00) (0, 0, 0.00000000000000000000e+00) (0, 0, 0.00000000000000000000e+00) (0, 0, 0.00000000000000000000e+00) (0, 0, 0.00000000000000000000e+00) (0, 0, 0.00000000000000000000e+00) (0, 0, 0.00000000000000000000e+00) (0, 0, 0.00000000000000000000e+00) (0, 0, 0.00000000000000000000e+00) (10, 6, 5.00000000000000000000e-01) (10, 6, 5.00000000000000000000e-01) (10, 6, 5.00000000000000000000e-01) (0, 6, 0.00000000000000000000e+00) (4, 4, 5.00000000000000000000e-01) (0, 4, 0.00000000000000000000e+00) 
connections (connected_to_neuron, weight)=(0, 3.85545156393686427876e+00) (1, -2.37823309145730554803e+00) (2, -2.49396510715760877375e+00) (3, 9.14131662125858612811e-01) (4, 2.76015910725676660853e-01) (5, 3.99781500814642587471e-01) (6, -2.30815329320479323272e+00) (7, 5.39540250710459856620e-01) (8, 4.32498443098091989167e-01) (9, 1.76279004004551742568e+00) (0, 1.05752415038763807054e-02) (1, 8.62710959786217590484e-01) (2, 5.40583663952824799992e+00) (3, 1.43082462795284873214e-02) (4, 2.43778346370813148170e+00) (5, 2.52183435111452469712e+00) (6, 5.92348219403561948582e+00) (7, 3.01326871755948688669e-01) (8, 9.98301839670419188799e-01) (9, -2.68387478945206446601e-02) (0, -3.48354733002798622188e-01) (1, 1.02165777176589589459e+00) (2, 5.53757098073804421290e+00) (3, -1.65463424476382792161e-02) (4, 2.23928262028886493340e+00) (5, 2.24803612861825641289e+00) (6, 5.99965309283637715509e+00) (7, 3.55926975754438379429e-01) (8, 2.37433360249536562492e+00) (9, -1.07489550742866812882e-01) (10, -1.12586306547436976189e+01) (11, 5.74555336087977042148e-01) (12, 1.40434715347931837748e+00) (13, -2.31326523763526958888e+00) 
