FANN_FLO_2.1
num_layers=3
learning_rate=0.700000
connection_rate=1.000000
network_type=0
learning_momentum=0.000000
training_algorithm=2
train_error_function=1
train_stop_function=1
cascade_output_change_fraction=0.010000
quickprop_decay=-0.000100
quickprop_mu=1.750000
rprop_increase_factor=1.200000
rprop_decrease_factor=0.500000
rprop_delta_min=0.000000
rprop_delta_max=50.000000
rprop_delta_zero=0.100000
cascade_output_stagnation_epochs=12
cascade_candidate_change_fraction=0.010000
cascade_candidate_stagnation_epochs=12
cascade_max_out_epochs=150
cascade_min_out_epochs=50
cascade_max_cand_epochs=150
cascade_min_cand_epochs=50
cascade_num_candidate_groups=2
bit_fail_limit=1.00000000000000005551e-01
cascade_candidate_limit=1.00000000000000000000e+03
cascade_weight_multiplier=4.00000000000000022204e-01
cascade_activation_functions_count=10
cascade_activation_functions=3 5 7 8 10 11 14 15 16 17 
cascade_activation_steepnesses_count=4
cascade_activation_steepnesses=2.50000000000000000000e-01 5.00000000000000000000e-01 7.50000000000000000000e-01 1.00000000000000000000e+00 
layer_sizes=8 4 2 
scale_included=0
neurons (num_inputs, activation_function, activation_steepness)=(0, 0, 0.00000000000000000000e+00) (0, 0, 0.00000000000000000000e+00) (0, 0, 0.00000000000000000000e+00) (0, 0, 0.00000000000000000000e+00) (0, 0, 0.00000000000000000000e+00) (0, 0, 0.00000000000000000000e+00) (0, 0, 0.00000000000000000000e+00) (0, 0, 0.00000000000000000000e+00) (8, 6, 5.00000000000000000000e-01) (8, 6, 5.00000000000000000000e-01) (8, 6, 5.00000000000000000000e-01) (0, 6, 0.00000000000000000000e+00) (4, 4, 5.00000000000000000000e-01) (0, 4, 0.00000000000000000000e+00) 
connections (connected_to_neuron, weight)=(0, -4.63201920105298370345e-02) (1, 1.55673704971501303262e+00) (2, 4.85633463996497760640e-01) (3, 5.73103882196133382343e-02) (4, 1.02067353118411696666e-01) (5, 1.55436749603389434693e-01) (6, 1.56287360332270447438e-01) (7, -2.27228839904936419369e-01) (0, 1.35786666484231055563e+00) (1, -4.85250746133506094537e+00) (2, -3.60388877868645235436e-02) (3, 9.72183623263572660456e-01) (4, 3.90970569529542233411e-01) (5, 4.99155711808213498060e-01) (6, 4.25547127106198574964e-01) (7, 2.94755900746734900153e+00) (0, 1.81438448023137216536e-01) (1, 6.99110674443250257326e-01) (2, 2.71698218105877464801e-01) (3, 3.30759425352171010370e-01) (4, 5.41966420306413176888e-01) (5, 5.21574365078061319423e-01) (6, 5.96303971587269998622e-01) (7, -1.63427439289071108064e-06) (8, 1.34808336363264857916e+00) (9, -8.35473438523805533862e+00) (10, 5.37129024146645761562e-01) (11, -1.09046424110761885906e+00) 
