FANN_FLO_2.1
num_layers=3
learning_rate=0.700000
connection_rate=1.000000
network_type=0
learning_momentum=0.000000
training_algorithm=2
train_error_function=1
train_stop_function=1
cascade_output_change_fraction=0.010000
quickprop_decay=-0.000100
quickprop_mu=1.750000
rprop_increase_factor=1.200000
rprop_decrease_factor=0.500000
rprop_delta_min=0.000000
rprop_delta_max=50.000000
rprop_delta_zero=0.100000
cascade_output_stagnation_epochs=12
cascade_candidate_change_fraction=0.010000
cascade_candidate_stagnation_epochs=12
cascade_max_out_epochs=150
cascade_min_out_epochs=50
cascade_max_cand_epochs=150
cascade_min_cand_epochs=50
cascade_num_candidate_groups=2
bit_fail_limit=1.00000000000000005551e-01
cascade_candidate_limit=1.00000000000000000000e+03
cascade_weight_multiplier=4.00000000000000022204e-01
cascade_activation_functions_count=10
cascade_activation_functions=3 5 7 8 10 11 14 15 16 17 
cascade_activation_steepnesses_count=4
cascade_activation_steepnesses=2.50000000000000000000e-01 5.00000000000000000000e-01 7.50000000000000000000e-01 1.00000000000000000000e+00 
layer_sizes=9 4 2 
scale_included=0
neurons (num_inputs, activation_function, activation_steepness)=(0, 0, 0.00000000000000000000e+00) (0, 0, 0.00000000000000000000e+00) (0, 0, 0.00000000000000000000e+00) (0, 0, 0.00000000000000000000e+00) (0, 0, 0.00000000000000000000e+00) (0, 0, 0.00000000000000000000e+00) (0, 0, 0.00000000000000000000e+00) (0, 0, 0.00000000000000000000e+00) (0, 0, 0.00000000000000000000e+00) (9, 6, 5.00000000000000000000e-01) (9, 6, 5.00000000000000000000e-01) (9, 6, 5.00000000000000000000e-01) (0, 6, 0.00000000000000000000e+00) (4, 4, 5.00000000000000000000e-01) (0, 4, 0.00000000000000000000e+00) 
connections (connected_to_neuron, weight)=(0, -2.02806232856990931168e+00) (1, 1.95192729102851991740e+00) (2, 1.07335816486066853992e-01) (3, 1.48313542101372625170e-01) (4, -1.98466943564297793046e+00) (5, -1.59723313937648936367e-01) (6, -3.20343299249872370815e-01) (7, -3.33571138272747202969e-01) (8, -2.14700596819385663983e-01) (0, 1.72418768419765999766e+00) (1, -4.77600538202249946806e+00) (2, 1.55314336366317112814e-01) (3, 7.99963584057709065078e-02) (4, 1.08693739818385237683e+00) (5, 6.87850880957216359590e-01) (6, 6.96242100499174565442e-01) (7, 5.41388011958267134638e-01) (8, 1.23869989858916396130e+00) (0, -9.97571604535944234105e-02) (1, 3.48763869340219023751e-01) (2, 9.78702003672246162447e-02) (3, 2.07364904913887398985e-01) (4, -1.58038895039356447336e-01) (5, 9.41253822407286944163e-03) (6, 6.12193606432394482608e-02) (7, 4.41889576252417065616e-02) (8, 3.64271737273649670596e-02) (9, 1.87052020239116778555e+00) (10, -4.84610600986206474516e+00) (11, 4.24742998256258275092e-01) (12, -6.71579158970736611600e-01) 
