FANN_FLO_2.1
num_layers=3
learning_rate=0.700000
connection_rate=1.000000
network_type=0
learning_momentum=0.000000
training_algorithm=2
train_error_function=1
train_stop_function=1
cascade_output_change_fraction=0.010000
quickprop_decay=-0.000100
quickprop_mu=1.750000
rprop_increase_factor=1.200000
rprop_decrease_factor=0.500000
rprop_delta_min=0.000000
rprop_delta_max=50.000000
rprop_delta_zero=0.100000
cascade_output_stagnation_epochs=12
cascade_candidate_change_fraction=0.010000
cascade_candidate_stagnation_epochs=12
cascade_max_out_epochs=150
cascade_min_out_epochs=50
cascade_max_cand_epochs=150
cascade_min_cand_epochs=50
cascade_num_candidate_groups=2
bit_fail_limit=1.00000000000000005551e-01
cascade_candidate_limit=1.00000000000000000000e+03
cascade_weight_multiplier=4.00000000000000022204e-01
cascade_activation_functions_count=10
cascade_activation_functions=3 5 7 8 10 11 14 15 16 17 
cascade_activation_steepnesses_count=4
cascade_activation_steepnesses=2.50000000000000000000e-01 5.00000000000000000000e-01 7.50000000000000000000e-01 1.00000000000000000000e+00 
layer_sizes=14 4 2 
scale_included=0
neurons (num_inputs, activation_function, activation_steepness)=(0, 0, 0.00000000000000000000e+00) (0, 0, 0.00000000000000000000e+00) (0, 0, 0.00000000000000000000e+00) (0, 0, 0.00000000000000000000e+00) (0, 0, 0.00000000000000000000e+00) (0, 0, 0.00000000000000000000e+00) (0, 0, 0.00000000000000000000e+00) (0, 0, 0.00000000000000000000e+00) (0, 0, 0.00000000000000000000e+00) (0, 0, 0.00000000000000000000e+00) (0, 0, 0.00000000000000000000e+00) (0, 0, 0.00000000000000000000e+00) (0, 0, 0.00000000000000000000e+00) (0, 0, 0.00000000000000000000e+00) (14, 6, 5.00000000000000000000e-01) (14, 6, 5.00000000000000000000e-01) (14, 6, 5.00000000000000000000e-01) (0, 6, 0.00000000000000000000e+00) (4, 4, 5.00000000000000000000e-01) (0, 4, 0.00000000000000000000e+00) 
connections (connected_to_neuron, weight)=(0, -1.47156140290387038583e-01) (1, 6.93559459702787317603e-01) (2, 5.64831821624676488902e-01) (3, 4.63114763378449367792e-01) (4, -3.63224785272545314108e-01) (5, 8.40349302572650946885e-01) (6, 7.42080046675439697346e-01) (7, 7.52524897321889429946e-01) (8, 3.18567759793535354440e-01) (9, 2.24610786658395816806e-01) (10, 7.40948541070465482861e-01) (11, 4.63766295196102462661e-01) (12, 3.16305551451315114520e-01) (13, -1.15173990361578867936e-01) (0, -2.31779583903263608491e+00) (1, 3.17650168773925400956e+00) (2, 2.23866149650426082829e+00) (3, -2.89685792174200873461e-01) (4, -1.36215356624591255041e+00) (5, 8.40456911006196349945e-01) (6, 2.62547777442666951941e+00) (7, 4.10655055356008047429e-01) (8, -6.03185390674768173724e-01) (9, -1.27921713574976281258e+00) (10, -9.26170201152582417414e-02) (11, 3.25633858963176037182e-01) (12, -6.07142380038582452073e-01) (13, -2.84486176943759305757e+00) (0, -2.68953459462503774446e+00) (1, 3.09677213070190049393e+00) (2, 4.43706711131699371720e+00) (3, -4.33380110132532581080e-01) (4, -1.48022117251521656556e+00) (5, 8.53790376910193771209e-01) (6, 3.44496793456790806331e+00) (7, 5.02218157213908722447e-01) (8, -6.30995874845681870013e-01) (9, -8.83221460366658051022e-01) (10, -1.11514683917166734783e-01) (11, 2.62550620063468242993e-01) (12, -7.19147655116801232111e-01) (13, -2.90079261050576375780e+00) (14, 3.37339038937889357239e-01) (15, 6.97844064363786387162e+00) (16, 4.95768100213679119292e+00) (17, -1.86352729828088325981e+00) 
