FANN_FLO_2.1
num_layers=3
learning_rate=0.700000
connection_rate=1.000000
network_type=0
learning_momentum=0.000000
training_algorithm=2
train_error_function=1
train_stop_function=1
cascade_output_change_fraction=0.010000
quickprop_decay=-0.000100
quickprop_mu=1.750000
rprop_increase_factor=1.200000
rprop_decrease_factor=0.500000
rprop_delta_min=0.000000
rprop_delta_max=50.000000
rprop_delta_zero=0.100000
cascade_output_stagnation_epochs=12
cascade_candidate_change_fraction=0.010000
cascade_candidate_stagnation_epochs=12
cascade_max_out_epochs=150
cascade_min_out_epochs=50
cascade_max_cand_epochs=150
cascade_min_cand_epochs=50
cascade_num_candidate_groups=2
bit_fail_limit=1.00000000000000005551e-01
cascade_candidate_limit=1.00000000000000000000e+03
cascade_weight_multiplier=4.00000000000000022204e-01
cascade_activation_functions_count=10
cascade_activation_functions=3 5 7 8 10 11 14 15 16 17 
cascade_activation_steepnesses_count=4
cascade_activation_steepnesses=2.50000000000000000000e-01 5.00000000000000000000e-01 7.50000000000000000000e-01 1.00000000000000000000e+00 
layer_sizes=10 4 2 
scale_included=0
neurons (num_inputs, activation_function, activation_steepness)=(0, 0, 0.00000000000000000000e+00) (0, 0, 0.00000000000000000000e+00) (0, 0, 0.00000000000000000000e+00) (0, 0, 0.00000000000000000000e+00) (0, 0, 0.00000000000000000000e+00) (0, 0, 0.00000000000000000000e+00) (0, 0, 0.00000000000000000000e+00) (0, 0, 0.00000000000000000000e+00) (0, 0, 0.00000000000000000000e+00) (0, 0, 0.00000000000000000000e+00) (10, 6, 5.00000000000000000000e-01) (10, 6, 5.00000000000000000000e-01) (10, 6, 5.00000000000000000000e-01) (0, 6, 0.00000000000000000000e+00) (4, 4, 5.00000000000000000000e-01) (0, 4, 0.00000000000000000000e+00) 
connections (connected_to_neuron, weight)=(0, 2.77250544328175152486e+00) (1, -2.29260405229132269156e+00) (2, -2.30294349971043255110e+00) (3, 2.42428989250093618324e+00) (4, -1.12170464960187632464e+00) (5, 5.42912330427341771610e-01) (6, -2.94962284161173693420e+00) (7, -4.67289986699424397809e-01) (8, 7.19811551623076750772e-01) (9, 2.71323647696457470602e+00) (0, -1.70158659523297606242e+00) (1, 1.98676356453183178274e+00) (2, 2.65068800599740272972e+00) (3, -1.38085494068069802864e+00) (4, 1.17779619654928802142e+00) (5, 7.81248617710173620665e-01) (6, 2.37145601270592676357e+00) (7, 1.86658927794120699239e+00) (8, -2.35552485278243928235e+00) (9, -1.74867528295690899398e+00) (0, 2.69227621361523838939e-01) (1, -6.50815635795367719574e-01) (2, 3.40741072749329229619e-02) (3, 2.90992667521215386817e-01) (4, -1.43809832190986211509e-04) (5, 1.51470505969894642107e-01) (6, -3.83400778971571765119e-01) (7, 4.35383016707125286571e-02) (8, 4.27262856947065783331e-01) (9, 3.27667129442006432871e-01) (10, -5.86642578251912638621e+00) (11, 9.61545723675407337794e+00) (12, -5.71050895421991278056e-01) (13, -1.27825303430621639578e+00) 
