FANN_FLO_2.1
num_layers=3
learning_rate=0.700000
connection_rate=1.000000
network_type=0
learning_momentum=0.000000
training_algorithm=2
train_error_function=1
train_stop_function=1
cascade_output_change_fraction=0.010000
quickprop_decay=-0.000100
quickprop_mu=1.750000
rprop_increase_factor=1.200000
rprop_decrease_factor=0.500000
rprop_delta_min=0.000000
rprop_delta_max=50.000000
rprop_delta_zero=0.100000
cascade_output_stagnation_epochs=12
cascade_candidate_change_fraction=0.010000
cascade_candidate_stagnation_epochs=12
cascade_max_out_epochs=150
cascade_min_out_epochs=50
cascade_max_cand_epochs=150
cascade_min_cand_epochs=50
cascade_num_candidate_groups=2
bit_fail_limit=1.00000000000000005551e-01
cascade_candidate_limit=1.00000000000000000000e+03
cascade_weight_multiplier=4.00000000000000022204e-01
cascade_activation_functions_count=10
cascade_activation_functions=3 5 7 8 10 11 14 15 16 17 
cascade_activation_steepnesses_count=4
cascade_activation_steepnesses=2.50000000000000000000e-01 5.00000000000000000000e-01 7.50000000000000000000e-01 1.00000000000000000000e+00 
layer_sizes=11 4 2 
scale_included=0
neurons (num_inputs, activation_function, activation_steepness)=(0, 0, 0.00000000000000000000e+00) (0, 0, 0.00000000000000000000e+00) (0, 0, 0.00000000000000000000e+00) (0, 0, 0.00000000000000000000e+00) (0, 0, 0.00000000000000000000e+00) (0, 0, 0.00000000000000000000e+00) (0, 0, 0.00000000000000000000e+00) (0, 0, 0.00000000000000000000e+00) (0, 0, 0.00000000000000000000e+00) (0, 0, 0.00000000000000000000e+00) (0, 0, 0.00000000000000000000e+00) (11, 6, 5.00000000000000000000e-01) (11, 6, 5.00000000000000000000e-01) (11, 6, 5.00000000000000000000e-01) (0, 6, 0.00000000000000000000e+00) (4, 4, 5.00000000000000000000e-01) (0, 4, 0.00000000000000000000e+00) 
connections (connected_to_neuron, weight)=(0, -1.87656922588005969921e+00) (1, 4.01547588264738930519e+00) (2, 3.10147897188598431484e+00) (3, 4.13461994241620711676e+00) (4, -2.55494010497866741449e-01) (5, 4.36135492315627271154e+00) (6, 4.01558024748314679186e+00) (7, 2.92730664261455197916e+00) (8, 2.17432867242809579889e-01) (9, 1.47129928115958819035e-01) (10, -4.20071120078552961985e+00) (0, -1.37967947220706266265e-01) (1, -4.55822279363465254765e-01) (2, -7.29195612178103330647e-02) (3, -1.34527754375183578039e-01) (4, 4.30068489143347210818e-03) (5, -3.95346548233442146580e-02) (6, -3.97536976961136323538e-01) (7, -6.83811775130854226923e-02) (8, 2.50296774015223766341e-01) (9, 1.45771436636734863512e-01) (10, 1.41033709300098036854e-01) (0, 1.38408618622534174136e-01) (1, -1.05777137859755310245e+00) (2, 3.96276294201566070541e-01) (3, -5.69514824845094635997e-01) (4, 8.29817163206843649847e-02) (5, -4.81263907407142754735e-01) (6, -4.76923315898862887341e-01) (7, -1.99811441768294573151e-01) (8, 3.80865175048023196780e-01) (9, 3.99967425371308027415e-01) (10, 3.82078691940087478152e-01) (11, 1.61668233265407152999e+01) (12, -5.08780610627545648583e-01) (13, -8.56066322483131747489e-01) (14, -1.57695143559886563622e+00) 
