FANN_FLO_2.1
num_layers=3
learning_rate=0.700000
connection_rate=1.000000
network_type=0
learning_momentum=0.000000
training_algorithm=2
train_error_function=1
train_stop_function=1
cascade_output_change_fraction=0.010000
quickprop_decay=-0.000100
quickprop_mu=1.750000
rprop_increase_factor=1.200000
rprop_decrease_factor=0.500000
rprop_delta_min=0.000000
rprop_delta_max=50.000000
rprop_delta_zero=0.100000
cascade_output_stagnation_epochs=12
cascade_candidate_change_fraction=0.010000
cascade_candidate_stagnation_epochs=12
cascade_max_out_epochs=150
cascade_min_out_epochs=50
cascade_max_cand_epochs=150
cascade_min_cand_epochs=50
cascade_num_candidate_groups=2
bit_fail_limit=1.00000000000000005551e-01
cascade_candidate_limit=1.00000000000000000000e+03
cascade_weight_multiplier=4.00000000000000022204e-01
cascade_activation_functions_count=10
cascade_activation_functions=3 5 7 8 10 11 14 15 16 17 
cascade_activation_steepnesses_count=4
cascade_activation_steepnesses=2.50000000000000000000e-01 5.00000000000000000000e-01 7.50000000000000000000e-01 1.00000000000000000000e+00 
layer_sizes=10 4 2 
scale_included=0
neurons (num_inputs, activation_function, activation_steepness)=(0, 0, 0.00000000000000000000e+00) (0, 0, 0.00000000000000000000e+00) (0, 0, 0.00000000000000000000e+00) (0, 0, 0.00000000000000000000e+00) (0, 0, 0.00000000000000000000e+00) (0, 0, 0.00000000000000000000e+00) (0, 0, 0.00000000000000000000e+00) (0, 0, 0.00000000000000000000e+00) (0, 0, 0.00000000000000000000e+00) (0, 0, 0.00000000000000000000e+00) (10, 6, 5.00000000000000000000e-01) (10, 6, 5.00000000000000000000e-01) (10, 6, 5.00000000000000000000e-01) (0, 6, 0.00000000000000000000e+00) (4, 4, 5.00000000000000000000e-01) (0, 4, 0.00000000000000000000e+00) 
connections (connected_to_neuron, weight)=(0, -1.18370065176023508968e+00) (1, 9.83932520417781675270e-01) (2, 2.69485227215688327718e+00) (3, -8.85489375850012971902e-01) (4, 3.47261562902428266852e-01) (5, 8.03344240557618882725e-01) (6, 3.32352258602279793109e+00) (7, 7.78335967321023614041e-01) (8, -9.43733853465438671249e-02) (9, -1.11574738555683117269e+00) (0, 2.24575440770319767481e+00) (1, -2.56119594395092731176e+00) (2, -1.97746484577929737547e+00) (3, 1.63115334500024844466e+00) (4, -8.77538194556947259706e-01) (5, 1.06090337858997973974e+00) (6, -2.49606737890750896014e+00) (7, 3.50391629182815966814e-01) (8, 1.91934888407426096357e+00) (9, 2.39681434816054172998e+00) (0, 2.36949540859392948633e+00) (1, -2.59576581090620761572e+00) (2, -1.63062932474026567320e+00) (3, 1.73548007000635240438e+00) (4, -2.45430212055419660899e+00) (5, 1.04118942545258197363e+00) (6, -2.41657961556226785760e+00) (7, 3.39650097333908496111e-01) (8, 1.86017160460190988935e+00) (9, 2.40394896453551121240e+00) (10, 7.10779964763288951701e+00) (11, -6.86530109803313060013e+00) (12, -6.79957326064938349930e+00) (13, -1.03074837558998089193e+00) 
