FANN_FLO_2.1
num_layers=3
learning_rate=0.700000
connection_rate=1.000000
network_type=0
learning_momentum=0.000000
training_algorithm=2
train_error_function=1
train_stop_function=1
cascade_output_change_fraction=0.010000
quickprop_decay=-0.000100
quickprop_mu=1.750000
rprop_increase_factor=1.200000
rprop_decrease_factor=0.500000
rprop_delta_min=0.000000
rprop_delta_max=50.000000
rprop_delta_zero=0.100000
cascade_output_stagnation_epochs=12
cascade_candidate_change_fraction=0.010000
cascade_candidate_stagnation_epochs=12
cascade_max_out_epochs=150
cascade_min_out_epochs=50
cascade_max_cand_epochs=150
cascade_min_cand_epochs=50
cascade_num_candidate_groups=2
bit_fail_limit=1.00000000000000005551e-01
cascade_candidate_limit=1.00000000000000000000e+03
cascade_weight_multiplier=4.00000000000000022204e-01
cascade_activation_functions_count=10
cascade_activation_functions=3 5 7 8 10 11 14 15 16 17 
cascade_activation_steepnesses_count=4
cascade_activation_steepnesses=2.50000000000000000000e-01 5.00000000000000000000e-01 7.50000000000000000000e-01 1.00000000000000000000e+00 
layer_sizes=12 4 2 
scale_included=0
neurons (num_inputs, activation_function, activation_steepness)=(0, 0, 0.00000000000000000000e+00) (0, 0, 0.00000000000000000000e+00) (0, 0, 0.00000000000000000000e+00) (0, 0, 0.00000000000000000000e+00) (0, 0, 0.00000000000000000000e+00) (0, 0, 0.00000000000000000000e+00) (0, 0, 0.00000000000000000000e+00) (0, 0, 0.00000000000000000000e+00) (0, 0, 0.00000000000000000000e+00) (0, 0, 0.00000000000000000000e+00) (0, 0, 0.00000000000000000000e+00) (0, 0, 0.00000000000000000000e+00) (12, 6, 5.00000000000000000000e-01) (12, 6, 5.00000000000000000000e-01) (12, 6, 5.00000000000000000000e-01) (0, 6, 0.00000000000000000000e+00) (4, 4, 5.00000000000000000000e-01) (0, 4, 0.00000000000000000000e+00) 
connections (connected_to_neuron, weight)=(0, -3.48422726873105581546e+00) (1, 1.58689797428224066422e+00) (2, 9.45619077086011672328e-01) (3, 1.12912145523456164398e+00) (4, 3.42495929776302707181e-02) (5, 1.74887179483191901319e+00) (6, 1.80795072151485736178e+00) (7, -7.69225526856500585460e-01) (8, 5.42624007226006344062e-01) (9, -5.43290398794701867580e-01) (10, -1.95668402703512112062e+00) (11, -1.22201632766996182156e+00) (0, -1.59166896287391862463e-01) (1, 1.08880486984955471286e+00) (2, 5.75680600132674469283e-02) (3, 5.26197234477794650864e-01) (4, 1.71259876093664997754e-01) (5, 4.95967498328674483155e-01) (6, 7.19354490387091538572e-01) (7, 2.24153565243076752234e-01) (8, 2.01548642214448958665e-01) (9, 2.65970581160797969744e-01) (10, 1.31488601582169434279e-01) (11, -1.02116578890631123921e-01) (0, 1.42830648516502400902e+00) (1, 9.66435469799993507323e-01) (2, -1.35583496909184901824e+01) (3, -1.07028790013706132100e+00) (4, 1.52175508251459645770e+00) (5, -1.39902752198656266103e+01) (6, 1.45961255102111220339e+00) (7, 1.34640790497034534834e-01) (8, 1.21553960342416306206e-01) (9, 2.88795250596613872762e-01) (10, 8.89732124927159473415e-01) (11, 7.71012975302805547706e-01) (12, 2.13221006134785291408e+01) (13, 1.29688620064989879044e-01) (14, -3.36189151106574168892e+00) (15, -2.63847153528667321964e+00) 
