FANN_FLO_2.1
num_layers=3
learning_rate=0.700000
connection_rate=1.000000
network_type=0
learning_momentum=0.000000
training_algorithm=2
train_error_function=1
train_stop_function=1
cascade_output_change_fraction=0.010000
quickprop_decay=-0.000100
quickprop_mu=1.750000
rprop_increase_factor=1.200000
rprop_decrease_factor=0.500000
rprop_delta_min=0.000000
rprop_delta_max=50.000000
rprop_delta_zero=0.100000
cascade_output_stagnation_epochs=12
cascade_candidate_change_fraction=0.010000
cascade_candidate_stagnation_epochs=12
cascade_max_out_epochs=150
cascade_min_out_epochs=50
cascade_max_cand_epochs=150
cascade_min_cand_epochs=50
cascade_num_candidate_groups=2
bit_fail_limit=1.00000000000000005551e-01
cascade_candidate_limit=1.00000000000000000000e+03
cascade_weight_multiplier=4.00000000000000022204e-01
cascade_activation_functions_count=10
cascade_activation_functions=3 5 7 8 10 11 14 15 16 17 
cascade_activation_steepnesses_count=4
cascade_activation_steepnesses=2.50000000000000000000e-01 5.00000000000000000000e-01 7.50000000000000000000e-01 1.00000000000000000000e+00 
layer_sizes=10 4 2 
scale_included=0
neurons (num_inputs, activation_function, activation_steepness)=(0, 0, 0.00000000000000000000e+00) (0, 0, 0.00000000000000000000e+00) (0, 0, 0.00000000000000000000e+00) (0, 0, 0.00000000000000000000e+00) (0, 0, 0.00000000000000000000e+00) (0, 0, 0.00000000000000000000e+00) (0, 0, 0.00000000000000000000e+00) (0, 0, 0.00000000000000000000e+00) (0, 0, 0.00000000000000000000e+00) (0, 0, 0.00000000000000000000e+00) (10, 6, 5.00000000000000000000e-01) (10, 6, 5.00000000000000000000e-01) (10, 6, 5.00000000000000000000e-01) (0, 6, 0.00000000000000000000e+00) (4, 4, 5.00000000000000000000e-01) (0, 4, 0.00000000000000000000e+00) 
connections (connected_to_neuron, weight)=(0, 2.85584283371125158268e+00) (1, -2.11142039656830338146e+00) (2, -2.83032594922820379679e+00) (3, 1.06967892218908433577e+00) (4, -3.07440550154291225571e-01) (5, -4.09644568943682396700e-01) (6, -2.09307673956542839022e+00) (7, 3.38790273388927809517e-02) (8, -4.94704613765837630801e-01) (9, 2.22713115386889537461e+00) (0, -6.81391954268633082137e-01) (1, 1.68932673272900557571e+00) (2, 1.04557814043992114428e+00) (3, -6.59405599323040103599e-01) (4, 4.00384022648876847228e-01) (5, 2.37897212739510754975e-01) (6, 9.83198670928090545651e-01) (7, -1.05802957638820793740e+00) (8, 2.82516068901343619935e-01) (9, -8.70464056576906175522e-01) (0, -2.14842125597109889767e+00) (1, 2.16645887088095534523e+00) (2, 1.97811674072965182347e+00) (3, -5.50700603818568557024e-01) (4, 5.35693379436327221654e-01) (5, -3.15366803512282634081e-01) (6, 2.63933217158127941815e+00) (7, -1.06855270177697625478e+00) (8, 4.81257374770707735401e-03) (9, -2.07205664935221811618e+00) (10, -3.45408788154356649613e+00) (11, 1.79375312303626777144e+00) (12, 7.40939470522741849834e+00) (13, -1.16610185081403017193e+00) 
