FANN_FLO_2.1
num_layers=3
learning_rate=0.700000
connection_rate=1.000000
network_type=0
learning_momentum=0.000000
training_algorithm=2
train_error_function=1
train_stop_function=1
cascade_output_change_fraction=0.010000
quickprop_decay=-0.000100
quickprop_mu=1.750000
rprop_increase_factor=1.200000
rprop_decrease_factor=0.500000
rprop_delta_min=0.000000
rprop_delta_max=50.000000
rprop_delta_zero=0.100000
cascade_output_stagnation_epochs=12
cascade_candidate_change_fraction=0.010000
cascade_candidate_stagnation_epochs=12
cascade_max_out_epochs=150
cascade_min_out_epochs=50
cascade_max_cand_epochs=150
cascade_min_cand_epochs=50
cascade_num_candidate_groups=2
bit_fail_limit=1.00000000000000005551e-01
cascade_candidate_limit=1.00000000000000000000e+03
cascade_weight_multiplier=4.00000000000000022204e-01
cascade_activation_functions_count=10
cascade_activation_functions=3 5 7 8 10 11 14 15 16 17 
cascade_activation_steepnesses_count=4
cascade_activation_steepnesses=2.50000000000000000000e-01 5.00000000000000000000e-01 7.50000000000000000000e-01 1.00000000000000000000e+00 
layer_sizes=10 4 2 
scale_included=0
neurons (num_inputs, activation_function, activation_steepness)=(0, 0, 0.00000000000000000000e+00) (0, 0, 0.00000000000000000000e+00) (0, 0, 0.00000000000000000000e+00) (0, 0, 0.00000000000000000000e+00) (0, 0, 0.00000000000000000000e+00) (0, 0, 0.00000000000000000000e+00) (0, 0, 0.00000000000000000000e+00) (0, 0, 0.00000000000000000000e+00) (0, 0, 0.00000000000000000000e+00) (0, 0, 0.00000000000000000000e+00) (10, 6, 5.00000000000000000000e-01) (10, 6, 5.00000000000000000000e-01) (10, 6, 5.00000000000000000000e-01) (0, 6, 0.00000000000000000000e+00) (4, 4, 5.00000000000000000000e-01) (0, 4, 0.00000000000000000000e+00) 
connections (connected_to_neuron, weight)=(0, -1.47621154167237822463e+00) (1, 1.25087302999595029185e+00) (2, 1.04578959249529779285e+00) (3, -7.96586176667248735406e-01) (4, -3.68841117832853615521e-01) (5, 1.59119967223221692176e-01) (6, 1.55854370492135929638e+00) (7, 1.45427548314884108605e-01) (8, -1.01138810990328220640e+00) (9, -9.76727959013220403683e-01) (0, -1.39712292083087552541e+00) (1, 1.25094409363368375132e+00) (2, 1.65402082589475418750e+00) (3, -9.42505996918913346860e-01) (4, -3.91934013579084694623e-01) (5, -2.11590527877859257977e-01) (6, 1.44309134455954479748e+00) (7, 1.29405220027521056236e-01) (8, -1.01754256514782337462e+00) (9, -1.01684469381594366766e+00) (0, -1.49240648128572050979e+00) (1, 1.22232295649150235484e+00) (2, 1.78640460856915805898e+00) (3, -8.69655024504896734250e-01) (4, -3.39034414503767311810e-01) (5, -2.42679237709096939923e-01) (6, 1.52271376597320484692e+00) (7, 9.94026968138961020127e-02) (8, -1.03716557277316479002e+00) (9, -1.06471501687788627777e+00) (10, 7.65371967042917056290e+00) (11, 1.26807156962728022620e+01) (12, 1.27128636849498271033e+01) (13, -9.56402886903521043394e-01) 
