FANN_FLO_2.1
num_layers=3
learning_rate=0.700000
connection_rate=1.000000
network_type=0
learning_momentum=0.000000
training_algorithm=2
train_error_function=1
train_stop_function=1
cascade_output_change_fraction=0.010000
quickprop_decay=-0.000100
quickprop_mu=1.750000
rprop_increase_factor=1.200000
rprop_decrease_factor=0.500000
rprop_delta_min=0.000000
rprop_delta_max=50.000000
rprop_delta_zero=0.100000
cascade_output_stagnation_epochs=12
cascade_candidate_change_fraction=0.010000
cascade_candidate_stagnation_epochs=12
cascade_max_out_epochs=150
cascade_min_out_epochs=50
cascade_max_cand_epochs=150
cascade_min_cand_epochs=50
cascade_num_candidate_groups=2
bit_fail_limit=1.00000000000000005551e-01
cascade_candidate_limit=1.00000000000000000000e+03
cascade_weight_multiplier=4.00000000000000022204e-01
cascade_activation_functions_count=10
cascade_activation_functions=3 5 7 8 10 11 14 15 16 17 
cascade_activation_steepnesses_count=4
cascade_activation_steepnesses=2.50000000000000000000e-01 5.00000000000000000000e-01 7.50000000000000000000e-01 1.00000000000000000000e+00 
layer_sizes=5 4 2 
scale_included=0
neurons (num_inputs, activation_function, activation_steepness)=(0, 0, 0.00000000000000000000e+00) (0, 0, 0.00000000000000000000e+00) (0, 0, 0.00000000000000000000e+00) (0, 0, 0.00000000000000000000e+00) (0, 0, 0.00000000000000000000e+00) (5, 6, 5.00000000000000000000e-01) (5, 6, 5.00000000000000000000e-01) (5, 6, 5.00000000000000000000e-01) (0, 6, 0.00000000000000000000e+00) (4, 4, 5.00000000000000000000e-01) (0, 4, 0.00000000000000000000e+00) 
connections (connected_to_neuron, weight)=(0, 2.12694554869949564724e-01) (1, 6.60395266952308879205e-01) (2, 2.62754502930472444433e+00) (3, 1.17371410353565286400e+00) (4, -4.25449690833491211972e-01) (0, 6.04260549102076049977e-01) (1, 2.49857734652894708516e-01) (2, 4.47840349784122182530e-01) (3, 8.64871192542548405946e-01) (4, -4.35210490812040010078e-02) (0, 2.36929616356194649995e+00) (1, 2.78152422797686948996e+00) (2, 1.87662173261711640038e+00) (3, 1.89595833827255422221e+00) (4, -2.65499148651887661998e+00) (5, 4.64313723890528051719e-01) (6, 4.40517242155160582140e-01) (7, 2.36919217185291870464e+01) (8, -1.90837659116475388821e+00) 
