FANN_FLO_2.1
num_layers=3
learning_rate=0.700000
connection_rate=1.000000
network_type=0
learning_momentum=0.000000
training_algorithm=2
train_error_function=1
train_stop_function=1
cascade_output_change_fraction=0.010000
quickprop_decay=-0.000100
quickprop_mu=1.750000
rprop_increase_factor=1.200000
rprop_decrease_factor=0.500000
rprop_delta_min=0.000000
rprop_delta_max=50.000000
rprop_delta_zero=0.100000
cascade_output_stagnation_epochs=12
cascade_candidate_change_fraction=0.010000
cascade_candidate_stagnation_epochs=12
cascade_max_out_epochs=150
cascade_min_out_epochs=50
cascade_max_cand_epochs=150
cascade_min_cand_epochs=50
cascade_num_candidate_groups=2
bit_fail_limit=1.00000000000000005551e-01
cascade_candidate_limit=1.00000000000000000000e+03
cascade_weight_multiplier=4.00000000000000022204e-01
cascade_activation_functions_count=10
cascade_activation_functions=3 5 7 8 10 11 14 15 16 17 
cascade_activation_steepnesses_count=4
cascade_activation_steepnesses=2.50000000000000000000e-01 5.00000000000000000000e-01 7.50000000000000000000e-01 1.00000000000000000000e+00 
layer_sizes=12 4 2 
scale_included=0
neurons (num_inputs, activation_function, activation_steepness)=(0, 0, 0.00000000000000000000e+00) (0, 0, 0.00000000000000000000e+00) (0, 0, 0.00000000000000000000e+00) (0, 0, 0.00000000000000000000e+00) (0, 0, 0.00000000000000000000e+00) (0, 0, 0.00000000000000000000e+00) (0, 0, 0.00000000000000000000e+00) (0, 0, 0.00000000000000000000e+00) (0, 0, 0.00000000000000000000e+00) (0, 0, 0.00000000000000000000e+00) (0, 0, 0.00000000000000000000e+00) (0, 0, 0.00000000000000000000e+00) (12, 6, 5.00000000000000000000e-01) (12, 6, 5.00000000000000000000e-01) (12, 6, 5.00000000000000000000e-01) (0, 6, 0.00000000000000000000e+00) (4, 4, 5.00000000000000000000e-01) (0, 4, 0.00000000000000000000e+00) 
connections (connected_to_neuron, weight)=(0, -1.00537967781562209701e+00) (1, 8.11795627973845745906e-01) (2, 2.10633221507902801406e+00) (3, -2.11359283113794349518e+00) (4, -1.76919555593127220128e-01) (5, 1.39227037735311687250e+00) (6, 5.18886024497739795081e-01) (7, 3.55230537056385742289e-01) (8, -6.95617039565980999072e+00) (9, 4.72360013487618413119e-01) (10, -1.80280746714467310365e-01) (11, -5.25324839285109312925e-01) (0, -3.55648567745817478780e+00) (1, 6.12193838071375173726e-01) (2, 1.98659056795338329060e+00) (3, -1.53274293786277837626e+00) (4, 5.25752959358069364704e-03) (5, 1.39219997752039259531e+00) (6, 2.01720555118684502505e-01) (7, 9.98861624125272767882e-02) (8, -6.23765307276546554505e+00) (9, 2.40085737050613201582e-01) (10, -2.89530832866629672662e-01) (11, -1.33470024779312856911e-01) (0, -4.79768537631164537771e+00) (1, 4.22475998262241780878e+00) (2, 4.02932225302199142902e+00) (3, 3.52692161213429444810e-01) (4, 1.70839272052436341731e+00) (5, 3.59782222977937715669e+00) (6, 2.30117007587702193661e+00) (7, 2.42003602777273574276e+00) (8, -3.66009715508122734917e+00) (9, 2.44570472700233443319e+00) (10, 2.32683751156992046916e+00) (11, -4.37717152006916165874e+00) (12, 3.19004580728243247734e+00) (13, 1.92344602482758531004e+00) (14, 1.75571057799527459053e+01) (15, -1.23442175512453222730e+00) 
