FANN_FLO_2.1
num_layers=3
learning_rate=0.700000
connection_rate=1.000000
network_type=0
learning_momentum=0.000000
training_algorithm=2
train_error_function=1
train_stop_function=1
cascade_output_change_fraction=0.010000
quickprop_decay=-0.000100
quickprop_mu=1.750000
rprop_increase_factor=1.200000
rprop_decrease_factor=0.500000
rprop_delta_min=0.000000
rprop_delta_max=50.000000
rprop_delta_zero=0.100000
cascade_output_stagnation_epochs=12
cascade_candidate_change_fraction=0.010000
cascade_candidate_stagnation_epochs=12
cascade_max_out_epochs=150
cascade_min_out_epochs=50
cascade_max_cand_epochs=150
cascade_min_cand_epochs=50
cascade_num_candidate_groups=2
bit_fail_limit=1.00000000000000005551e-01
cascade_candidate_limit=1.00000000000000000000e+03
cascade_weight_multiplier=4.00000000000000022204e-01
cascade_activation_functions_count=10
cascade_activation_functions=3 5 7 8 10 11 14 15 16 17 
cascade_activation_steepnesses_count=4
cascade_activation_steepnesses=2.50000000000000000000e-01 5.00000000000000000000e-01 7.50000000000000000000e-01 1.00000000000000000000e+00 
layer_sizes=11 4 2 
scale_included=0
neurons (num_inputs, activation_function, activation_steepness)=(0, 0, 0.00000000000000000000e+00) (0, 0, 0.00000000000000000000e+00) (0, 0, 0.00000000000000000000e+00) (0, 0, 0.00000000000000000000e+00) (0, 0, 0.00000000000000000000e+00) (0, 0, 0.00000000000000000000e+00) (0, 0, 0.00000000000000000000e+00) (0, 0, 0.00000000000000000000e+00) (0, 0, 0.00000000000000000000e+00) (0, 0, 0.00000000000000000000e+00) (0, 0, 0.00000000000000000000e+00) (11, 6, 5.00000000000000000000e-01) (11, 6, 5.00000000000000000000e-01) (11, 6, 5.00000000000000000000e-01) (0, 6, 0.00000000000000000000e+00) (4, 4, 5.00000000000000000000e-01) (0, 4, 0.00000000000000000000e+00) 
connections (connected_to_neuron, weight)=(0, -4.50659184862977346686e-01) (1, 1.43256176154864967032e+00) (2, 1.10701500409087127963e+00) (3, 2.44134378395861029176e+00) (4, 8.38566892813159214803e-01) (5, -4.60477786539154809731e+00) (6, 2.26458850082035478835e+00) (7, 1.51167240404406899579e+00) (8, -1.55246729786258463868e+00) (9, -1.63305252871164219286e+00) (10, -1.70457279859115318210e+00) (0, 4.78584078432377435508e-01) (1, 8.73514073066872120954e-01) (2, 3.45519108090995263893e+00) (3, 4.86868324457441603581e-01) (4, 4.20905814287626345305e+00) (5, 5.51908242449178243483e-01) (6, 1.77928038406086264089e+00) (7, 3.16864570896679631495e-01) (8, -3.73867464348125788653e-01) (9, -1.89118712664470556284e-01) (10, -3.96379963747476027347e-02) (0, 8.84545390740182208011e-02) (1, 5.54660794017842029291e+00) (2, -4.02717941659860478865e+00) (3, 1.63898110987069944855e+00) (4, -7.22551453059732118334e-01) (5, -2.85403141077082800336e+00) (6, 4.79711435616216430589e+00) (7, 6.47741064126231780307e-01) (8, -1.77622593268199652217e-01) (9, -1.32084699101022773338e-01) (10, -2.15047781574966734297e+00) (11, 3.37920983178235161404e+01) (12, 5.65956784378253585643e-01) (13, 9.17745994014446786480e-01) (14, -1.29510445255795070274e+00) 
