FANN_FLO_2.1
num_layers=3
learning_rate=0.700000
connection_rate=1.000000
network_type=0
learning_momentum=0.000000
training_algorithm=2
train_error_function=1
train_stop_function=1
cascade_output_change_fraction=0.010000
quickprop_decay=-0.000100
quickprop_mu=1.750000
rprop_increase_factor=1.200000
rprop_decrease_factor=0.500000
rprop_delta_min=0.000000
rprop_delta_max=50.000000
rprop_delta_zero=0.100000
cascade_output_stagnation_epochs=12
cascade_candidate_change_fraction=0.010000
cascade_candidate_stagnation_epochs=12
cascade_max_out_epochs=150
cascade_min_out_epochs=50
cascade_max_cand_epochs=150
cascade_min_cand_epochs=50
cascade_num_candidate_groups=2
bit_fail_limit=1.00000000000000005551e-01
cascade_candidate_limit=1.00000000000000000000e+03
cascade_weight_multiplier=4.00000000000000022204e-01
cascade_activation_functions_count=10
cascade_activation_functions=3 5 7 8 10 11 14 15 16 17 
cascade_activation_steepnesses_count=4
cascade_activation_steepnesses=2.50000000000000000000e-01 5.00000000000000000000e-01 7.50000000000000000000e-01 1.00000000000000000000e+00 
layer_sizes=11 4 2 
scale_included=0
neurons (num_inputs, activation_function, activation_steepness)=(0, 0, 0.00000000000000000000e+00) (0, 0, 0.00000000000000000000e+00) (0, 0, 0.00000000000000000000e+00) (0, 0, 0.00000000000000000000e+00) (0, 0, 0.00000000000000000000e+00) (0, 0, 0.00000000000000000000e+00) (0, 0, 0.00000000000000000000e+00) (0, 0, 0.00000000000000000000e+00) (0, 0, 0.00000000000000000000e+00) (0, 0, 0.00000000000000000000e+00) (0, 0, 0.00000000000000000000e+00) (11, 6, 5.00000000000000000000e-01) (11, 6, 5.00000000000000000000e-01) (11, 6, 5.00000000000000000000e-01) (0, 6, 0.00000000000000000000e+00) (4, 4, 5.00000000000000000000e-01) (0, 4, 0.00000000000000000000e+00) 
connections (connected_to_neuron, weight)=(0, -1.02628007170443535934e+00) (1, 2.85739685261766940272e+00) (2, 5.13844218747517955670e-01) (3, 3.40013700084640690946e+00) (4, 3.57616007269806779334e+00) (5, -2.93886013972199267030e-01) (6, 3.09270827016361016248e+00) (7, 2.19053239057988191618e+00) (8, 3.58257882796397097991e+00) (9, 1.76272816640576923675e-03) (10, -3.14366271968599964026e+00) (0, 1.53478374762464220282e+00) (1, -3.24788166641408482249e+00) (2, 3.57241806846616105631e-01) (3, -1.36165095760755217036e+00) (4, -2.63251480981916241575e+00) (5, 1.07086361454957246231e+00) (6, -1.47154524000415354301e+00) (7, -3.89957017689846230368e+00) (8, -3.64133281428396804458e+00) (9, 1.08786337630095553131e+00) (10, 3.66478151218681835743e+00) (0, 1.78991411249563503461e+00) (1, -3.24908866047078648265e+00) (2, 6.34155098625742152940e-01) (3, -2.93908715528939401551e+00) (4, -4.19847298486762776637e-01) (5, -3.57841094527130143543e-01) (6, -2.42038721482830121445e+00) (7, -3.36129473586513949357e+00) (8, -2.72841568065039874469e+00) (9, 1.33226949943253258901e+00) (10, 3.03474633002208848964e+00) (11, 1.07181257586138372062e+01) (12, -1.40312025121180883325e+00) (13, -9.13308895952141064356e+00) (14, -6.93661215449408175004e-01) 
