FANN_FLO_2.1
num_layers=3
learning_rate=0.700000
connection_rate=1.000000
network_type=0
learning_momentum=0.000000
training_algorithm=2
train_error_function=1
train_stop_function=1
cascade_output_change_fraction=0.010000
quickprop_decay=-0.000100
quickprop_mu=1.750000
rprop_increase_factor=1.200000
rprop_decrease_factor=0.500000
rprop_delta_min=0.000000
rprop_delta_max=50.000000
rprop_delta_zero=0.100000
cascade_output_stagnation_epochs=12
cascade_candidate_change_fraction=0.010000
cascade_candidate_stagnation_epochs=12
cascade_max_out_epochs=150
cascade_min_out_epochs=50
cascade_max_cand_epochs=150
cascade_min_cand_epochs=50
cascade_num_candidate_groups=2
bit_fail_limit=1.00000000000000005551e-01
cascade_candidate_limit=1.00000000000000000000e+03
cascade_weight_multiplier=4.00000000000000022204e-01
cascade_activation_functions_count=10
cascade_activation_functions=3 5 7 8 10 11 14 15 16 17 
cascade_activation_steepnesses_count=4
cascade_activation_steepnesses=2.50000000000000000000e-01 5.00000000000000000000e-01 7.50000000000000000000e-01 1.00000000000000000000e+00 
layer_sizes=8 4 2 
scale_included=0
neurons (num_inputs, activation_function, activation_steepness)=(0, 0, 0.00000000000000000000e+00) (0, 0, 0.00000000000000000000e+00) (0, 0, 0.00000000000000000000e+00) (0, 0, 0.00000000000000000000e+00) (0, 0, 0.00000000000000000000e+00) (0, 0, 0.00000000000000000000e+00) (0, 0, 0.00000000000000000000e+00) (0, 0, 0.00000000000000000000e+00) (8, 6, 5.00000000000000000000e-01) (8, 6, 5.00000000000000000000e-01) (8, 6, 5.00000000000000000000e-01) (0, 6, 0.00000000000000000000e+00) (4, 4, 5.00000000000000000000e-01) (0, 4, 0.00000000000000000000e+00) 
connections (connected_to_neuron, weight)=(0, -1.79357437454074597483e+00) (1, -3.36391407818857945955e+00) (2, -1.40157134295268037683e+00) (3, 9.45905463224924636378e-01) (4, -3.42635191799465932405e+00) (5, -9.11918207756076792947e-01) (6, -3.33839384288851537264e+00) (7, 3.14091498883656461416e+00) (0, -6.21809536191747391776e-01) (1, 3.31095559199807931705e+00) (2, -2.02613463588826314687e-01) (3, -6.14876670363471711234e-01) (4, 3.16703803142068673893e+00) (5, -4.90791403158230554737e-01) (6, 3.28170014967677881046e+00) (7, -1.71044323144220533628e+00) (0, -1.16194768083749999654e+00) (1, 3.93607004828845097322e+00) (2, 2.01013070776767721615e-01) (3, -6.01149656458984660290e-01) (4, 4.44658202250431511260e+00) (5, -5.48412958611124823349e-01) (6, 4.34820620288084480620e+00) (7, -1.39753332095388538292e+00) (8, -3.56937856339296111230e+00) (9, 3.19155210411518330815e+00) (10, 2.81399983247995111313e+00) (11, -1.52139028798974562662e+00) 
