FANN_FLO_2.1
num_layers=3
learning_rate=0.700000
connection_rate=1.000000
network_type=0
learning_momentum=0.000000
training_algorithm=2
train_error_function=1
train_stop_function=1
cascade_output_change_fraction=0.010000
quickprop_decay=-0.000100
quickprop_mu=1.750000
rprop_increase_factor=1.200000
rprop_decrease_factor=0.500000
rprop_delta_min=0.000000
rprop_delta_max=50.000000
rprop_delta_zero=0.100000
cascade_output_stagnation_epochs=12
cascade_candidate_change_fraction=0.010000
cascade_candidate_stagnation_epochs=12
cascade_max_out_epochs=150
cascade_min_out_epochs=50
cascade_max_cand_epochs=150
cascade_min_cand_epochs=50
cascade_num_candidate_groups=2
bit_fail_limit=1.00000000000000005551e-01
cascade_candidate_limit=1.00000000000000000000e+03
cascade_weight_multiplier=4.00000000000000022204e-01
cascade_activation_functions_count=10
cascade_activation_functions=3 5 7 8 10 11 14 15 16 17 
cascade_activation_steepnesses_count=4
cascade_activation_steepnesses=2.50000000000000000000e-01 5.00000000000000000000e-01 7.50000000000000000000e-01 1.00000000000000000000e+00 
layer_sizes=10 4 2 
scale_included=0
neurons (num_inputs, activation_function, activation_steepness)=(0, 0, 0.00000000000000000000e+00) (0, 0, 0.00000000000000000000e+00) (0, 0, 0.00000000000000000000e+00) (0, 0, 0.00000000000000000000e+00) (0, 0, 0.00000000000000000000e+00) (0, 0, 0.00000000000000000000e+00) (0, 0, 0.00000000000000000000e+00) (0, 0, 0.00000000000000000000e+00) (0, 0, 0.00000000000000000000e+00) (0, 0, 0.00000000000000000000e+00) (10, 6, 5.00000000000000000000e-01) (10, 6, 5.00000000000000000000e-01) (10, 6, 5.00000000000000000000e-01) (0, 6, 0.00000000000000000000e+00) (4, 4, 5.00000000000000000000e-01) (0, 4, 0.00000000000000000000e+00) 
connections (connected_to_neuron, weight)=(0, -1.51244064158706326140e+00) (1, 1.62109265632124111001e+00) (2, 1.82570410532000604320e+00) (3, -8.32785389899356798260e-01) (4, 7.82101636117204734866e-01) (5, -2.65030229197649902506e-01) (6, 2.13941153880564449707e+00) (7, -6.01029516538088975919e-02) (8, -5.25014133667249915938e-01) (9, -1.63290782011060375822e+00) (0, -1.79943108283966379801e+00) (1, 1.74401135525794193093e+00) (2, 1.95021180820706430126e+00) (3, -9.37127300986514533143e-01) (4, 8.07985906785234520022e-01) (5, -2.19198291854767857156e-01) (6, 2.16566230353323696534e+00) (7, 1.10164447071223192687e+00) (8, -1.04773321777633388052e+00) (9, -1.63102067745237011565e+00) (0, -1.61511407530812878264e+00) (1, 1.64133165559859439675e+00) (2, 1.91728349787238183666e+00) (3, -9.01915119477973425965e-01) (4, 7.62853046243890831057e-01) (5, -2.18972695724873600565e-01) (6, 2.18008453395573376099e+00) (7, -2.54384940824600690179e-02) (8, -9.13690276742493701079e-01) (9, -1.51071024045368229594e+00) (10, 6.24110538939090364607e+00) (11, 6.01294717781732490636e+00) (12, 6.16157482991071336897e+00) (13, -1.35075053598799765808e+00) 
