FANN_FLO_2.1
num_layers=3
learning_rate=0.700000
connection_rate=1.000000
network_type=0
learning_momentum=0.000000
training_algorithm=2
train_error_function=1
train_stop_function=1
cascade_output_change_fraction=0.010000
quickprop_decay=-0.000100
quickprop_mu=1.750000
rprop_increase_factor=1.200000
rprop_decrease_factor=0.500000
rprop_delta_min=0.000000
rprop_delta_max=50.000000
rprop_delta_zero=0.100000
cascade_output_stagnation_epochs=12
cascade_candidate_change_fraction=0.010000
cascade_candidate_stagnation_epochs=12
cascade_max_out_epochs=150
cascade_min_out_epochs=50
cascade_max_cand_epochs=150
cascade_min_cand_epochs=50
cascade_num_candidate_groups=2
bit_fail_limit=1.00000000000000005551e-01
cascade_candidate_limit=1.00000000000000000000e+03
cascade_weight_multiplier=4.00000000000000022204e-01
cascade_activation_functions_count=10
cascade_activation_functions=3 5 7 8 10 11 14 15 16 17 
cascade_activation_steepnesses_count=4
cascade_activation_steepnesses=2.50000000000000000000e-01 5.00000000000000000000e-01 7.50000000000000000000e-01 1.00000000000000000000e+00 
layer_sizes=15 4 2 
scale_included=0
neurons (num_inputs, activation_function, activation_steepness)=(0, 0, 0.00000000000000000000e+00) (0, 0, 0.00000000000000000000e+00) (0, 0, 0.00000000000000000000e+00) (0, 0, 0.00000000000000000000e+00) (0, 0, 0.00000000000000000000e+00) (0, 0, 0.00000000000000000000e+00) (0, 0, 0.00000000000000000000e+00) (0, 0, 0.00000000000000000000e+00) (0, 0, 0.00000000000000000000e+00) (0, 0, 0.00000000000000000000e+00) (0, 0, 0.00000000000000000000e+00) (0, 0, 0.00000000000000000000e+00) (0, 0, 0.00000000000000000000e+00) (0, 0, 0.00000000000000000000e+00) (0, 0, 0.00000000000000000000e+00) (15, 6, 5.00000000000000000000e-01) (15, 6, 5.00000000000000000000e-01) (15, 6, 5.00000000000000000000e-01) (0, 6, 0.00000000000000000000e+00) (4, 4, 5.00000000000000000000e-01) (0, 4, 0.00000000000000000000e+00) 
connections (connected_to_neuron, weight)=(0, -1.48127361440740248355e+01) (1, 6.61516435325803842105e-01) (2, -2.31644500289458799003e+00) (3, -1.37956234267271049543e-01) (4, -1.44585614862288991400e-01) (5, 3.88157610605438074813e-01) (6, 6.39116379144035601234e-02) (7, -4.08568036946905410733e-01) (8, -1.68091615570630903420e+00) (9, -9.90696206940109735939e-01) (10, -5.92746347550710317442e-01) (11, 1.18922538846173475591e+00) (12, -2.38208459658354465560e+00) (13, -2.43927973266176278955e+00) (14, 2.90771463450013545327e+00) (0, 1.34071896684954641188e+01) (1, -1.22016792288986999915e-01) (2, -3.20657176314325220723e-01) (3, 2.90962922478126406745e+00) (4, 1.52487815531952952686e-01) (5, -7.49214649232905149923e-01) (6, -2.02823766651627601654e-01) (7, 2.37075566897331668770e-01) (8, 1.58151377112371616107e+00) (9, 3.72530463782415721674e-01) (10, 1.03929001182027769268e+00) (11, 1.59963496819581746378e-01) (12, -4.86749852773019242580e-01) (13, -4.55992950272133157341e-01) (14, -4.71052652648953684711e-01) (0, -4.32840200577610758614e+01) (1, 8.22716355999353110562e-01) (2, 1.75929897232464149681e+01) (3, 1.94531275747818227506e-01) (4, 3.29689045379977141437e+00) (5, 1.08258575900685229954e+01) (6, -5.74826120918960570272e-01) (7, -2.50568079049566039274e+00) (8, 3.28649640008907839572e+00) (9, 1.92862492475705971096e+00) (10, 3.24504460452400023129e+00) (11, -1.33814472963804687033e+00) (12, 1.72721599217294183859e+01) (13, 1.89307656176919962832e+01) (14, -3.79483102258110105431e-01) (15, 1.13764228899639121551e+01) (16, -1.20831550248341752507e+01) (17, 8.59700318739729674178e+00) (18, 2.34912116075517235503e-01) 
