FANN_FLO_2.1
num_layers=3
learning_rate=0.700000
connection_rate=1.000000
network_type=0
learning_momentum=0.000000
training_algorithm=2
train_error_function=1
train_stop_function=1
cascade_output_change_fraction=0.010000
quickprop_decay=-0.000100
quickprop_mu=1.750000
rprop_increase_factor=1.200000
rprop_decrease_factor=0.500000
rprop_delta_min=0.000000
rprop_delta_max=50.000000
rprop_delta_zero=0.100000
cascade_output_stagnation_epochs=12
cascade_candidate_change_fraction=0.010000
cascade_candidate_stagnation_epochs=12
cascade_max_out_epochs=150
cascade_min_out_epochs=50
cascade_max_cand_epochs=150
cascade_min_cand_epochs=50
cascade_num_candidate_groups=2
bit_fail_limit=1.00000000000000005551e-01
cascade_candidate_limit=1.00000000000000000000e+03
cascade_weight_multiplier=4.00000000000000022204e-01
cascade_activation_functions_count=10
cascade_activation_functions=3 5 7 8 10 11 14 15 16 17 
cascade_activation_steepnesses_count=4
cascade_activation_steepnesses=2.50000000000000000000e-01 5.00000000000000000000e-01 7.50000000000000000000e-01 1.00000000000000000000e+00 
layer_sizes=7 4 2 
scale_included=0
neurons (num_inputs, activation_function, activation_steepness)=(0, 0, 0.00000000000000000000e+00) (0, 0, 0.00000000000000000000e+00) (0, 0, 0.00000000000000000000e+00) (0, 0, 0.00000000000000000000e+00) (0, 0, 0.00000000000000000000e+00) (0, 0, 0.00000000000000000000e+00) (0, 0, 0.00000000000000000000e+00) (7, 6, 5.00000000000000000000e-01) (7, 6, 5.00000000000000000000e-01) (7, 6, 5.00000000000000000000e-01) (0, 6, 0.00000000000000000000e+00) (4, 4, 5.00000000000000000000e-01) (0, 4, 0.00000000000000000000e+00) 
connections (connected_to_neuron, weight)=(0, -2.10543959648051970390e+00) (1, -4.19273800916220407142e-01) (2, 5.63781739166446360656e-01) (3, -2.03967467179773631614e+00) (4, 8.21955014529638650078e-02) (5, -1.59407930212777992907e+00) (6, 2.48929797676649799953e+00) (0, 1.53671709570264458655e+00) (1, 1.27290704263166221111e+00) (2, 5.57226002331799863398e-01) (3, 1.33563389867193049731e+00) (4, 2.11095950916376384754e+00) (5, 1.38224806196257388180e+00) (6, -1.92748939519633166739e+00) (0, 4.70473146090498672844e-01) (1, 2.80985396920173702284e+00) (2, 1.14850843263609259104e+00) (3, 1.67589133223885933255e+00) (4, 5.57942343961026376853e-01) (5, 1.61200721024468496267e+00) (6, -9.64978106308383293266e-02) (7, -2.54627343316714060961e+00) (8, 3.35199603878721887895e+01) (9, 1.00841864323702967710e+00) (10, -7.37852846481659829792e-01) 
