FANN_FLO_2.1
num_layers=3
learning_rate=0.700000
connection_rate=1.000000
network_type=0
learning_momentum=0.000000
training_algorithm=2
train_error_function=1
train_stop_function=1
cascade_output_change_fraction=0.010000
quickprop_decay=-0.000100
quickprop_mu=1.750000
rprop_increase_factor=1.200000
rprop_decrease_factor=0.500000
rprop_delta_min=0.000000
rprop_delta_max=50.000000
rprop_delta_zero=0.100000
cascade_output_stagnation_epochs=12
cascade_candidate_change_fraction=0.010000
cascade_candidate_stagnation_epochs=12
cascade_max_out_epochs=150
cascade_min_out_epochs=50
cascade_max_cand_epochs=150
cascade_min_cand_epochs=50
cascade_num_candidate_groups=2
bit_fail_limit=1.00000000000000005551e-01
cascade_candidate_limit=1.00000000000000000000e+03
cascade_weight_multiplier=4.00000000000000022204e-01
cascade_activation_functions_count=10
cascade_activation_functions=3 5 7 8 10 11 14 15 16 17 
cascade_activation_steepnesses_count=4
cascade_activation_steepnesses=2.50000000000000000000e-01 5.00000000000000000000e-01 7.50000000000000000000e-01 1.00000000000000000000e+00 
layer_sizes=11 4 2 
scale_included=0
neurons (num_inputs, activation_function, activation_steepness)=(0, 0, 0.00000000000000000000e+00) (0, 0, 0.00000000000000000000e+00) (0, 0, 0.00000000000000000000e+00) (0, 0, 0.00000000000000000000e+00) (0, 0, 0.00000000000000000000e+00) (0, 0, 0.00000000000000000000e+00) (0, 0, 0.00000000000000000000e+00) (0, 0, 0.00000000000000000000e+00) (0, 0, 0.00000000000000000000e+00) (0, 0, 0.00000000000000000000e+00) (0, 0, 0.00000000000000000000e+00) (11, 6, 5.00000000000000000000e-01) (11, 6, 5.00000000000000000000e-01) (11, 6, 5.00000000000000000000e-01) (0, 6, 0.00000000000000000000e+00) (4, 4, 5.00000000000000000000e-01) (0, 4, 0.00000000000000000000e+00) 
connections (connected_to_neuron, weight)=(0, 1.59620072015286207368e+00) (1, 3.58862621267529302571e+00) (2, 1.80869214965932845196e+00) (3, 1.31159511941989093131e+00) (4, 3.65408458885575493369e+00) (5, 5.22079807567536469115e-01) (6, -1.86911852426745728195e+00) (7, 2.54760201432630006835e+00) (8, -2.54368370977300051194e+00) (9, -1.82917576214306043525e+00) (10, -3.62123711193762654048e+00) (0, 5.03618420402934030555e-01) (1, -8.63884317453491035188e-01) (2, -1.06020775837761771498e+01) (3, 6.09664528721703624647e-01) (4, -4.04910263904085965248e-01) (5, 5.59511944482295464631e-01) (6, 1.62654732328692190890e+01) (7, -8.60291518295758228518e-01) (8, 1.62268453201429951882e+00) (9, 1.32219511504290987425e+00) (10, 2.32424042994976903787e-01) (0, 2.48696274206039624755e-01) (1, 7.11533647205329300434e-01) (2, 2.54228673265236793100e+00) (3, 9.58708447043056644077e+00) (4, 3.61825725766944827910e-01) (5, 3.44745153873970588965e-01) (6, -1.13153881654851922178e+01) (7, 7.64937936432439680168e-01) (8, -2.07644779117801353552e-01) (9, -4.00469009097928693719e-02) (10, -2.12066454235858264932e-01) (11, 5.06042023677711725327e+01) (12, -1.78774442982551828862e+00) (13, 2.15543354565261102707e+00) (14, -1.67663099228641754301e+00) 
