FANN_FLO_2.1
num_layers=3
learning_rate=0.700000
connection_rate=1.000000
network_type=0
learning_momentum=0.000000
training_algorithm=2
train_error_function=1
train_stop_function=1
cascade_output_change_fraction=0.010000
quickprop_decay=-0.000100
quickprop_mu=1.750000
rprop_increase_factor=1.200000
rprop_decrease_factor=0.500000
rprop_delta_min=0.000000
rprop_delta_max=50.000000
rprop_delta_zero=0.100000
cascade_output_stagnation_epochs=12
cascade_candidate_change_fraction=0.010000
cascade_candidate_stagnation_epochs=12
cascade_max_out_epochs=150
cascade_min_out_epochs=50
cascade_max_cand_epochs=150
cascade_min_cand_epochs=50
cascade_num_candidate_groups=2
bit_fail_limit=1.00000000000000005551e-01
cascade_candidate_limit=1.00000000000000000000e+03
cascade_weight_multiplier=4.00000000000000022204e-01
cascade_activation_functions_count=10
cascade_activation_functions=3 5 7 8 10 11 14 15 16 17 
cascade_activation_steepnesses_count=4
cascade_activation_steepnesses=2.50000000000000000000e-01 5.00000000000000000000e-01 7.50000000000000000000e-01 1.00000000000000000000e+00 
layer_sizes=10 4 2 
scale_included=0
neurons (num_inputs, activation_function, activation_steepness)=(0, 0, 0.00000000000000000000e+00) (0, 0, 0.00000000000000000000e+00) (0, 0, 0.00000000000000000000e+00) (0, 0, 0.00000000000000000000e+00) (0, 0, 0.00000000000000000000e+00) (0, 0, 0.00000000000000000000e+00) (0, 0, 0.00000000000000000000e+00) (0, 0, 0.00000000000000000000e+00) (0, 0, 0.00000000000000000000e+00) (0, 0, 0.00000000000000000000e+00) (10, 6, 5.00000000000000000000e-01) (10, 6, 5.00000000000000000000e-01) (10, 6, 5.00000000000000000000e-01) (0, 6, 0.00000000000000000000e+00) (4, 4, 5.00000000000000000000e-01) (0, 4, 0.00000000000000000000e+00) 
connections (connected_to_neuron, weight)=(0, -5.75772902240404449437e-01) (1, 9.29709885559579873870e+00) (2, 1.17917253011679790120e+00) (3, 1.44645522025087647222e+00) (4, -2.28077387802210207468e+00) (5, -1.00019342235629449256e+00) (6, -2.23302199654934625528e+01) (7, 3.55911317476604871501e+00) (8, 1.42503616249550169037e+00) (9, -7.00972276677473082884e-01) (0, 5.28904285164376197770e+00) (1, 2.08271758267793982711e+00) (2, -4.82043885182882370088e+00) (3, -4.94766758294946384922e+00) (4, 1.30091060642328626429e+00) (5, 1.68055906937653993793e+01) (6, 1.54877644773815053014e+01) (7, -7.25378824480937911545e+00) (8, -4.32999660922669526997e+00) (9, 5.33666369874384383110e+00) (0, -3.20549609127176937662e+00) (1, 2.17499855096471428340e+00) (2, 2.92294879638960036772e+00) (3, 2.75357344468499087853e+00) (4, -1.14140088650573212625e+00) (5, 7.25362794677371747198e-01) (6, 3.31107810239915600903e+00) (7, 2.82591394397914985603e+00) (8, 1.25794486455246357082e+00) (9, -3.41755749064942593307e+00) (10, 2.16399962128216127866e+00) (11, -3.09062577320589904062e+00) (12, 1.03241547735684537912e+01) (13, -1.44600327181566967738e+00) 
