FANN_FLO_2.1
num_layers=3
learning_rate=0.700000
connection_rate=1.000000
network_type=0
learning_momentum=0.000000
training_algorithm=2
train_error_function=1
train_stop_function=1
cascade_output_change_fraction=0.010000
quickprop_decay=-0.000100
quickprop_mu=1.750000
rprop_increase_factor=1.200000
rprop_decrease_factor=0.500000
rprop_delta_min=0.000000
rprop_delta_max=50.000000
rprop_delta_zero=0.100000
cascade_output_stagnation_epochs=12
cascade_candidate_change_fraction=0.010000
cascade_candidate_stagnation_epochs=12
cascade_max_out_epochs=150
cascade_min_out_epochs=50
cascade_max_cand_epochs=150
cascade_min_cand_epochs=50
cascade_num_candidate_groups=2
bit_fail_limit=1.00000000000000005551e-01
cascade_candidate_limit=1.00000000000000000000e+03
cascade_weight_multiplier=4.00000000000000022204e-01
cascade_activation_functions_count=10
cascade_activation_functions=3 5 7 8 10 11 14 15 16 17 
cascade_activation_steepnesses_count=4
cascade_activation_steepnesses=2.50000000000000000000e-01 5.00000000000000000000e-01 7.50000000000000000000e-01 1.00000000000000000000e+00 
layer_sizes=13 4 2 
scale_included=0
neurons (num_inputs, activation_function, activation_steepness)=(0, 0, 0.00000000000000000000e+00) (0, 0, 0.00000000000000000000e+00) (0, 0, 0.00000000000000000000e+00) (0, 0, 0.00000000000000000000e+00) (0, 0, 0.00000000000000000000e+00) (0, 0, 0.00000000000000000000e+00) (0, 0, 0.00000000000000000000e+00) (0, 0, 0.00000000000000000000e+00) (0, 0, 0.00000000000000000000e+00) (0, 0, 0.00000000000000000000e+00) (0, 0, 0.00000000000000000000e+00) (0, 0, 0.00000000000000000000e+00) (0, 0, 0.00000000000000000000e+00) (13, 6, 5.00000000000000000000e-01) (13, 6, 5.00000000000000000000e-01) (13, 6, 5.00000000000000000000e-01) (0, 6, 0.00000000000000000000e+00) (4, 4, 5.00000000000000000000e-01) (0, 4, 0.00000000000000000000e+00) 
connections (connected_to_neuron, weight)=(0, -7.39563191637098271691e-01) (1, 7.94817767737774616421e+00) (2, -1.32668880494262442227e+00) (3, -2.65320105840686348841e+00) (4, -6.15972424212942559762e+00) (5, 4.73679513781162775388e+00) (6, -3.78516615264114064665e-01) (7, 6.04572117655880258980e+00) (8, -1.34331584050979946365e-01) (9, -7.32825677840352462944e-01) (10, -5.00195044217168760525e+00) (11, -6.25875388973757065814e-03) (12, -4.03104045754872186702e-01) (0, -5.75325972240436356309e-01) (1, 8.20758120561592141584e-01) (2, 3.47212179767361184268e-01) (3, 7.52136594519645318435e-01) (4, -7.88788723619807563558e-01) (5, 1.28176829304834694057e+00) (6, -3.68992791456868751698e-01) (7, 1.99004003179230670728e-01) (8, 3.32117544953527410456e-01) (9, -3.26070754537230778070e-01) (10, -1.74736797045372771464e+00) (11, 2.06264819267125032454e+00) (12, -6.33559561174381280502e-01) (0, 1.31075308115382616059e+00) (1, 1.28869960239343739339e+00) (2, -5.19629082924251850528e+00) (3, -1.69713871889707021978e+01) (4, 4.86278811723222459396e-01) (5, 6.97056205263759998125e-01) (6, 5.56498105003498055865e-01) (7, 2.43682695932074944167e+00) (8, -9.96617747276531545930e-02) (9, 3.01699780904864434117e-01) (10, 7.22182170804589129709e-01) (11, -1.16868567133087619681e+01) (12, 1.24682198853393022553e+00) (13, 4.04893704826023004273e+00) (14, 3.20636786629505188273e+00) (15, -4.33481895812129192080e+00) (16, -5.13429769611157826859e+00) 
