FANN_FLO_2.1
num_layers=3
learning_rate=0.700000
connection_rate=1.000000
network_type=0
learning_momentum=0.000000
training_algorithm=2
train_error_function=1
train_stop_function=1
cascade_output_change_fraction=0.010000
quickprop_decay=-0.000100
quickprop_mu=1.750000
rprop_increase_factor=1.200000
rprop_decrease_factor=0.500000
rprop_delta_min=0.000000
rprop_delta_max=50.000000
rprop_delta_zero=0.100000
cascade_output_stagnation_epochs=12
cascade_candidate_change_fraction=0.010000
cascade_candidate_stagnation_epochs=12
cascade_max_out_epochs=150
cascade_min_out_epochs=50
cascade_max_cand_epochs=150
cascade_min_cand_epochs=50
cascade_num_candidate_groups=2
bit_fail_limit=1.00000000000000005551e-01
cascade_candidate_limit=1.00000000000000000000e+03
cascade_weight_multiplier=4.00000000000000022204e-01
cascade_activation_functions_count=10
cascade_activation_functions=3 5 7 8 10 11 14 15 16 17 
cascade_activation_steepnesses_count=4
cascade_activation_steepnesses=2.50000000000000000000e-01 5.00000000000000000000e-01 7.50000000000000000000e-01 1.00000000000000000000e+00 
layer_sizes=8 4 2 
scale_included=0
neurons (num_inputs, activation_function, activation_steepness)=(0, 0, 0.00000000000000000000e+00) (0, 0, 0.00000000000000000000e+00) (0, 0, 0.00000000000000000000e+00) (0, 0, 0.00000000000000000000e+00) (0, 0, 0.00000000000000000000e+00) (0, 0, 0.00000000000000000000e+00) (0, 0, 0.00000000000000000000e+00) (0, 0, 0.00000000000000000000e+00) (8, 6, 5.00000000000000000000e-01) (8, 6, 5.00000000000000000000e-01) (8, 6, 5.00000000000000000000e-01) (0, 6, 0.00000000000000000000e+00) (4, 4, 5.00000000000000000000e-01) (0, 4, 0.00000000000000000000e+00) 
connections (connected_to_neuron, weight)=(0, 1.63345785694597300797e+00) (1, -2.64051778129681968821e+00) (2, 4.07823045029684083662e-02) (3, 9.66302633320072046352e-01) (4, 4.77433625225079760757e-01) (5, 4.68115750316632439620e-01) (6, 4.23380661372197319992e-01) (7, 1.62033400940177974014e+00) (0, -1.65435063783731323150e-01) (1, 1.78870278782619607227e+00) (2, 2.49699313450785026491e-01) (3, 5.07954083869129879858e-02) (4, 7.61456810424000624105e-02) (5, 5.55505179354817135717e-02) (6, -1.07075025837692600073e-01) (7, -2.33699008655036843951e-01) (0, 2.16807770367870994432e-01) (1, -2.31623221641690607564e-01) (2, -6.58847218468145090498e-01) (3, 2.05466191109429013872e-01) (4, 1.04584433530577225469e-01) (5, 6.67661879408441016892e-02) (6, 1.71370886658438220662e-01) (7, 1.29050302144299161577e-01) (8, -8.88263008197434800195e+00) (9, 4.46850666873523572065e+00) (10, -2.10630534221566545483e+00) (11, -5.86546580749829349344e-01) 
