FANN_FLO_2.1
num_layers=3
learning_rate=0.700000
connection_rate=1.000000
network_type=0
learning_momentum=0.000000
training_algorithm=2
train_error_function=1
train_stop_function=1
cascade_output_change_fraction=0.010000
quickprop_decay=-0.000100
quickprop_mu=1.750000
rprop_increase_factor=1.200000
rprop_decrease_factor=0.500000
rprop_delta_min=0.000000
rprop_delta_max=50.000000
rprop_delta_zero=0.100000
cascade_output_stagnation_epochs=12
cascade_candidate_change_fraction=0.010000
cascade_candidate_stagnation_epochs=12
cascade_max_out_epochs=150
cascade_min_out_epochs=50
cascade_max_cand_epochs=150
cascade_min_cand_epochs=50
cascade_num_candidate_groups=2
bit_fail_limit=1.00000000000000005551e-01
cascade_candidate_limit=1.00000000000000000000e+03
cascade_weight_multiplier=4.00000000000000022204e-01
cascade_activation_functions_count=10
cascade_activation_functions=3 5 7 8 10 11 14 15 16 17 
cascade_activation_steepnesses_count=4
cascade_activation_steepnesses=2.50000000000000000000e-01 5.00000000000000000000e-01 7.50000000000000000000e-01 1.00000000000000000000e+00 
layer_sizes=10 4 2 
scale_included=0
neurons (num_inputs, activation_function, activation_steepness)=(0, 0, 0.00000000000000000000e+00) (0, 0, 0.00000000000000000000e+00) (0, 0, 0.00000000000000000000e+00) (0, 0, 0.00000000000000000000e+00) (0, 0, 0.00000000000000000000e+00) (0, 0, 0.00000000000000000000e+00) (0, 0, 0.00000000000000000000e+00) (0, 0, 0.00000000000000000000e+00) (0, 0, 0.00000000000000000000e+00) (0, 0, 0.00000000000000000000e+00) (10, 6, 5.00000000000000000000e-01) (10, 6, 5.00000000000000000000e-01) (10, 6, 5.00000000000000000000e-01) (0, 6, 0.00000000000000000000e+00) (4, 4, 5.00000000000000000000e-01) (0, 4, 0.00000000000000000000e+00) 
connections (connected_to_neuron, weight)=(0, 2.03325823494243485001e+00) (1, -2.87261217286986747510e+00) (2, -2.40301419133798654926e+00) (3, 1.65414675239619679559e+00) (4, -2.78398738836167447541e-01) (5, 9.94888467770011941660e-01) (6, 1.71653340479363847315e+00) (7, -2.93668849952556598737e+00) (8, 3.41404378330269597797e-01) (9, 2.45029817848307818196e+00) (0, -1.47217396358713181748e+00) (1, 1.07272772777907099417e+00) (2, 3.13277003563964129285e+00) (3, -4.32435664847786338516e-01) (4, 1.44769342913380216764e+00) (5, 2.63788838240170631089e-01) (6, -1.06964273940676024566e+00) (7, 3.05056615148458831754e+00) (8, 1.62306006451865014739e+00) (9, -1.55512757311328919663e+00) (0, 2.36137680291039631086e+00) (1, -2.73494930019778648145e+00) (2, -1.94289770942540451770e+00) (3, 1.58673008891502376194e+00) (4, -1.04893597132669524896e+00) (5, 9.65667610373714291327e-01) (6, 1.43322047093456284017e+00) (7, -2.19907957703504930436e+00) (8, -1.40823696375325191354e+00) (9, 2.43710227637393206379e+00) (10, -4.98551176252852723536e+00) (11, 6.13174084937654662042e+00) (12, -4.99808792534362122950e+00) (13, -1.48539749244913132920e+00) 
