FANN_FLO_2.1
num_layers=3
learning_rate=0.700000
connection_rate=1.000000
network_type=0
learning_momentum=0.000000
training_algorithm=2
train_error_function=1
train_stop_function=1
cascade_output_change_fraction=0.010000
quickprop_decay=-0.000100
quickprop_mu=1.750000
rprop_increase_factor=1.200000
rprop_decrease_factor=0.500000
rprop_delta_min=0.000000
rprop_delta_max=50.000000
rprop_delta_zero=0.100000
cascade_output_stagnation_epochs=12
cascade_candidate_change_fraction=0.010000
cascade_candidate_stagnation_epochs=12
cascade_max_out_epochs=150
cascade_min_out_epochs=50
cascade_max_cand_epochs=150
cascade_min_cand_epochs=50
cascade_num_candidate_groups=2
bit_fail_limit=1.00000000000000005551e-01
cascade_candidate_limit=1.00000000000000000000e+03
cascade_weight_multiplier=4.00000000000000022204e-01
cascade_activation_functions_count=10
cascade_activation_functions=3 5 7 8 10 11 14 15 16 17 
cascade_activation_steepnesses_count=4
cascade_activation_steepnesses=2.50000000000000000000e-01 5.00000000000000000000e-01 7.50000000000000000000e-01 1.00000000000000000000e+00 
layer_sizes=14 4 2 
scale_included=0
neurons (num_inputs, activation_function, activation_steepness)=(0, 0, 0.00000000000000000000e+00) (0, 0, 0.00000000000000000000e+00) (0, 0, 0.00000000000000000000e+00) (0, 0, 0.00000000000000000000e+00) (0, 0, 0.00000000000000000000e+00) (0, 0, 0.00000000000000000000e+00) (0, 0, 0.00000000000000000000e+00) (0, 0, 0.00000000000000000000e+00) (0, 0, 0.00000000000000000000e+00) (0, 0, 0.00000000000000000000e+00) (0, 0, 0.00000000000000000000e+00) (0, 0, 0.00000000000000000000e+00) (0, 0, 0.00000000000000000000e+00) (0, 0, 0.00000000000000000000e+00) (14, 6, 5.00000000000000000000e-01) (14, 6, 5.00000000000000000000e-01) (14, 6, 5.00000000000000000000e-01) (0, 6, 0.00000000000000000000e+00) (4, 4, 5.00000000000000000000e-01) (0, 4, 0.00000000000000000000e+00) 
connections (connected_to_neuron, weight)=(0, 9.46517031630532246211e-01) (1, -1.28823062286416156752e+00) (2, -1.72728483080901468183e-01) (3, -3.81417727087417612886e-01) (4, -3.95375689481178294038e-01) (5, 3.52827680503979224103e-01) (6, -1.03483752517863347720e+00) (7, 6.88818641399748132770e-01) (8, 2.69944586001428010746e-01) (9, -4.18990699563900115265e-01) (10, -1.67363537469286538517e+00) (11, -3.62721038980911791860e-01) (12, 1.54349831928753150612e-01) (13, 7.31604099666483209674e-01) (0, -1.62933937128196220101e+01) (1, 6.24646208396650326478e+00) (2, 1.99236587041753998584e+00) (3, 4.36745217870026536389e+00) (4, 5.37884545912887013230e+00) (5, -1.08029904833631773542e+00) (6, 8.55758328191611639113e+00) (7, -2.92579147353405000231e+00) (8, -4.63219039415290723127e+00) (9, 4.22280864100008912487e+00) (10, 3.83220416096152094454e+00) (11, 4.25614917333274789257e+00) (12, -4.72099417721202740950e+00) (13, -6.67712158751823547931e+00) (0, 1.28322571825887665753e+00) (1, -6.33888399379722633498e-01) (2, -6.57238472511715160485e-02) (3, -2.36662527426989122148e+00) (4, -3.11166660206945966394e+00) (5, 1.92239249363833131223e-01) (6, -1.70041065424541293361e+00) (7, 7.80249853207724886062e-01) (8, 2.77989813119416534493e-02) (9, -2.39227809637696742229e+00) (10, -1.46483472502991518560e+00) (11, -3.04540533291729520471e+00) (12, 4.75892730464300028892e-01) (13, 4.93901676088893626382e-01) (14, -4.37354434452299045688e+00) (15, 4.88256365599170738534e+00) (16, -3.47925655018539947694e-01) (17, -1.54288045782708560516e+00) 
