FANN_FLO_2.1
num_layers=3
learning_rate=0.700000
connection_rate=1.000000
network_type=0
learning_momentum=0.000000
training_algorithm=2
train_error_function=1
train_stop_function=1
cascade_output_change_fraction=0.010000
quickprop_decay=-0.000100
quickprop_mu=1.750000
rprop_increase_factor=1.200000
rprop_decrease_factor=0.500000
rprop_delta_min=0.000000
rprop_delta_max=50.000000
rprop_delta_zero=0.100000
cascade_output_stagnation_epochs=12
cascade_candidate_change_fraction=0.010000
cascade_candidate_stagnation_epochs=12
cascade_max_out_epochs=150
cascade_min_out_epochs=50
cascade_max_cand_epochs=150
cascade_min_cand_epochs=50
cascade_num_candidate_groups=2
bit_fail_limit=1.00000000000000005551e-01
cascade_candidate_limit=1.00000000000000000000e+03
cascade_weight_multiplier=4.00000000000000022204e-01
cascade_activation_functions_count=10
cascade_activation_functions=3 5 7 8 10 11 14 15 16 17 
cascade_activation_steepnesses_count=4
cascade_activation_steepnesses=2.50000000000000000000e-01 5.00000000000000000000e-01 7.50000000000000000000e-01 1.00000000000000000000e+00 
layer_sizes=9 4 2 
scale_included=0
neurons (num_inputs, activation_function, activation_steepness)=(0, 0, 0.00000000000000000000e+00) (0, 0, 0.00000000000000000000e+00) (0, 0, 0.00000000000000000000e+00) (0, 0, 0.00000000000000000000e+00) (0, 0, 0.00000000000000000000e+00) (0, 0, 0.00000000000000000000e+00) (0, 0, 0.00000000000000000000e+00) (0, 0, 0.00000000000000000000e+00) (0, 0, 0.00000000000000000000e+00) (9, 6, 5.00000000000000000000e-01) (9, 6, 5.00000000000000000000e-01) (9, 6, 5.00000000000000000000e-01) (0, 6, 0.00000000000000000000e+00) (4, 4, 5.00000000000000000000e-01) (0, 4, 0.00000000000000000000e+00) 
connections (connected_to_neuron, weight)=(0, -1.12242163069358658056e+00) (1, 2.74537080715162584710e+00) (2, 5.75993407275343316520e-01) (3, -2.35191289688284232984e-01) (4, -5.52667564332659511095e-03) (5, -2.80367073024446855634e-01) (6, -1.00894032778145681384e-01) (7, -1.75926629806692436109e-01) (8, -3.61992869878942857831e-01) (0, 1.93028044666558451503e+00) (1, -7.15608024723534974498e+00) (2, 9.63468399574162054355e-02) (3, 1.38649319902907208757e+00) (4, 8.92341475971120456911e-01) (5, 1.46230609015475110368e+00) (6, 8.88809230215924839236e-01) (7, 1.34446267084132031755e+00) (8, 1.42489204601298169450e+00) (0, -3.74102711229925610770e-01) (1, 1.26190362717738735476e+00) (2, 2.05410802659062152742e+00) (3, -1.61371282311534275378e-01) (4, 6.10002535952588673118e-02) (5, -1.08134511768400526366e-01) (6, -5.10328551851266659645e-02) (7, -1.63016158997595167479e-01) (8, -1.60674071036332952178e-02) (9, 1.13686215040317084579e+00) (10, -3.51085210263646363416e+00) (11, 4.88576841567163744351e-01) (12, -1.28831984528030729642e+00) 
