FANN_FLO_2.1
num_layers=3
learning_rate=0.700000
connection_rate=1.000000
network_type=0
learning_momentum=0.000000
training_algorithm=2
train_error_function=1
train_stop_function=1
cascade_output_change_fraction=0.010000
quickprop_decay=-0.000100
quickprop_mu=1.750000
rprop_increase_factor=1.200000
rprop_decrease_factor=0.500000
rprop_delta_min=0.000000
rprop_delta_max=50.000000
rprop_delta_zero=0.100000
cascade_output_stagnation_epochs=12
cascade_candidate_change_fraction=0.010000
cascade_candidate_stagnation_epochs=12
cascade_max_out_epochs=150
cascade_min_out_epochs=50
cascade_max_cand_epochs=150
cascade_min_cand_epochs=50
cascade_num_candidate_groups=2
bit_fail_limit=1.00000000000000005551e-01
cascade_candidate_limit=1.00000000000000000000e+03
cascade_weight_multiplier=4.00000000000000022204e-01
cascade_activation_functions_count=10
cascade_activation_functions=3 5 7 8 10 11 14 15 16 17 
cascade_activation_steepnesses_count=4
cascade_activation_steepnesses=2.50000000000000000000e-01 5.00000000000000000000e-01 7.50000000000000000000e-01 1.00000000000000000000e+00 
layer_sizes=15 4 2 
scale_included=0
neurons (num_inputs, activation_function, activation_steepness)=(0, 0, 0.00000000000000000000e+00) (0, 0, 0.00000000000000000000e+00) (0, 0, 0.00000000000000000000e+00) (0, 0, 0.00000000000000000000e+00) (0, 0, 0.00000000000000000000e+00) (0, 0, 0.00000000000000000000e+00) (0, 0, 0.00000000000000000000e+00) (0, 0, 0.00000000000000000000e+00) (0, 0, 0.00000000000000000000e+00) (0, 0, 0.00000000000000000000e+00) (0, 0, 0.00000000000000000000e+00) (0, 0, 0.00000000000000000000e+00) (0, 0, 0.00000000000000000000e+00) (0, 0, 0.00000000000000000000e+00) (0, 0, 0.00000000000000000000e+00) (15, 6, 5.00000000000000000000e-01) (15, 6, 5.00000000000000000000e-01) (15, 6, 5.00000000000000000000e-01) (0, 6, 0.00000000000000000000e+00) (4, 4, 5.00000000000000000000e-01) (0, 4, 0.00000000000000000000e+00) 
connections (connected_to_neuron, weight)=(0, -1.07098761121058370094e+01) (1, 4.92929293806662229827e+01) (2, 3.73306180499589101984e+00) (3, 8.55334435206062670964e-01) (4, 6.34598168855526556520e-01) (5, 2.12574222945447610655e+00) (6, -4.89498989208471957379e-01) (7, 5.69900477472882638352e+00) (8, 4.92482714350332884123e+01) (9, -2.88227167183694288344e-01) (10, 1.06079833408121571026e+00) (11, 1.33802900587177209246e+00) (12, 5.32266175559240939386e-01) (13, 1.35926989664638764310e+00) (14, -6.34485626117472056862e-01) (0, -6.23039273870358645269e+00) (1, 4.90487203855623761228e+01) (2, 4.74686707797119389340e+00) (3, -2.08897992901563467338e-01) (4, 2.92539535289496388515e-01) (5, 1.90711678840990717099e+00) (6, 2.63947652153477596570e-01) (7, 4.22579052854941217277e+00) (8, 4.90801050175537625364e+01) (9, -1.31770850581213805341e+00) (10, 2.22824713623855874545e+00) (11, 7.32454303680631246820e-01) (12, 2.16473412454253777426e+00) (13, 7.59756483032815621570e-01) (14, -6.35215720374403103321e-01) (0, -6.17192600992689310857e+00) (1, 4.91331408579458752683e+01) (2, 4.36114693789866869622e+00) (3, -6.93158292207095017012e-01) (4, 4.26604597769894913761e-03) (5, 2.43816451922895405247e+00) (6, 2.52097384504780697156e-01) (7, 3.31317145408232294201e+00) (8, 4.91247446496595898680e+01) (9, -1.43960089099690291548e+00) (10, 3.60099058858281695361e-01) (11, -2.08631781769299418094e-01) (12, 3.42536767552552667837e+00) (13, 3.55520019983637858285e-01) (14, -5.22192714948473080128e-01) (15, 1.04191603478889600609e+01) (16, 1.23293779864214281261e+00) (17, 2.06421818666978751367e+00) (18, -5.00307494091890125887e-01) 
