FANN_FLO_2.1
num_layers=3
learning_rate=0.700000
connection_rate=1.000000
network_type=0
learning_momentum=0.000000
training_algorithm=2
train_error_function=1
train_stop_function=1
cascade_output_change_fraction=0.010000
quickprop_decay=-0.000100
quickprop_mu=1.750000
rprop_increase_factor=1.200000
rprop_decrease_factor=0.500000
rprop_delta_min=0.000000
rprop_delta_max=50.000000
rprop_delta_zero=0.100000
cascade_output_stagnation_epochs=12
cascade_candidate_change_fraction=0.010000
cascade_candidate_stagnation_epochs=12
cascade_max_out_epochs=150
cascade_min_out_epochs=50
cascade_max_cand_epochs=150
cascade_min_cand_epochs=50
cascade_num_candidate_groups=2
bit_fail_limit=1.00000000000000005551e-01
cascade_candidate_limit=1.00000000000000000000e+03
cascade_weight_multiplier=4.00000000000000022204e-01
cascade_activation_functions_count=10
cascade_activation_functions=3 5 7 8 10 11 14 15 16 17 
cascade_activation_steepnesses_count=4
cascade_activation_steepnesses=2.50000000000000000000e-01 5.00000000000000000000e-01 7.50000000000000000000e-01 1.00000000000000000000e+00 
layer_sizes=9 4 2 
scale_included=0
neurons (num_inputs, activation_function, activation_steepness)=(0, 0, 0.00000000000000000000e+00) (0, 0, 0.00000000000000000000e+00) (0, 0, 0.00000000000000000000e+00) (0, 0, 0.00000000000000000000e+00) (0, 0, 0.00000000000000000000e+00) (0, 0, 0.00000000000000000000e+00) (0, 0, 0.00000000000000000000e+00) (0, 0, 0.00000000000000000000e+00) (0, 0, 0.00000000000000000000e+00) (9, 6, 5.00000000000000000000e-01) (9, 6, 5.00000000000000000000e-01) (9, 6, 5.00000000000000000000e-01) (0, 6, 0.00000000000000000000e+00) (4, 4, 5.00000000000000000000e-01) (0, 4, 0.00000000000000000000e+00) 
connections (connected_to_neuron, weight)=(0, -1.44881990030975460471e+00) (1, 1.41465720612551271174e+00) (2, 6.80000940828622946199e-01) (3, 2.03066311186878056816e+00) (4, 1.51512535030364237087e+00) (5, 8.58300519323860533483e-01) (6, 5.24289998112230537508e-01) (7, 6.19138999122699540401e-01) (8, -1.33611016944618343771e+00) (0, -2.66911326795784331622e+00) (1, 1.07746124570696455436e+00) (2, 3.50004694785748804442e-01) (3, 7.44725793181765238771e-01) (4, 4.44842557240359481874e-01) (5, 2.91940740433642598184e-01) (6, 1.05850297977107613012e-01) (7, 2.29278452570319368764e-01) (8, -5.04020583627803220317e-01) (0, -8.65172114833169469961e-01) (1, 3.20542261995654720330e-01) (2, 5.29743301257762810863e-01) (3, 1.12608278922211102469e+00) (4, 8.10425232469671907864e-01) (5, 6.31295885570954284916e-01) (6, 5.54190677643369933314e-01) (7, 8.86244289955261055347e-01) (8, -1.92681826906781761277e-01) (9, 1.58630587705014782784e+01) (10, 2.94443829830759096211e+00) (11, 3.53015855739120421042e-01) (12, -1.39687049612970470847e+00) 
