FANN_FLO_2.1
num_layers=3
learning_rate=0.700000
connection_rate=1.000000
network_type=0
learning_momentum=0.000000
training_algorithm=2
train_error_function=1
train_stop_function=1
cascade_output_change_fraction=0.010000
quickprop_decay=-0.000100
quickprop_mu=1.750000
rprop_increase_factor=1.200000
rprop_decrease_factor=0.500000
rprop_delta_min=0.000000
rprop_delta_max=50.000000
rprop_delta_zero=0.100000
cascade_output_stagnation_epochs=12
cascade_candidate_change_fraction=0.010000
cascade_candidate_stagnation_epochs=12
cascade_max_out_epochs=150
cascade_min_out_epochs=50
cascade_max_cand_epochs=150
cascade_min_cand_epochs=50
cascade_num_candidate_groups=2
bit_fail_limit=1.00000000000000005551e-01
cascade_candidate_limit=1.00000000000000000000e+03
cascade_weight_multiplier=4.00000000000000022204e-01
cascade_activation_functions_count=10
cascade_activation_functions=3 5 7 8 10 11 14 15 16 17 
cascade_activation_steepnesses_count=4
cascade_activation_steepnesses=2.50000000000000000000e-01 5.00000000000000000000e-01 7.50000000000000000000e-01 1.00000000000000000000e+00 
layer_sizes=11 4 2 
scale_included=0
neurons (num_inputs, activation_function, activation_steepness)=(0, 0, 0.00000000000000000000e+00) (0, 0, 0.00000000000000000000e+00) (0, 0, 0.00000000000000000000e+00) (0, 0, 0.00000000000000000000e+00) (0, 0, 0.00000000000000000000e+00) (0, 0, 0.00000000000000000000e+00) (0, 0, 0.00000000000000000000e+00) (0, 0, 0.00000000000000000000e+00) (0, 0, 0.00000000000000000000e+00) (0, 0, 0.00000000000000000000e+00) (0, 0, 0.00000000000000000000e+00) (11, 6, 5.00000000000000000000e-01) (11, 6, 5.00000000000000000000e-01) (11, 6, 5.00000000000000000000e-01) (0, 6, 0.00000000000000000000e+00) (4, 4, 5.00000000000000000000e-01) (0, 4, 0.00000000000000000000e+00) 
connections (connected_to_neuron, weight)=(0, 1.44240565973855106030e+00) (1, -4.80428572215759697173e+00) (2, -8.36216342700894399442e-01) (3, -3.89477400970626996823e-01) (4, 1.37416585012514497199e-01) (5, 1.53373771536685077344e+00) (6, -3.30476773537803636405e-02) (7, 4.99515432015225524509e-01) (8, 1.49187796193696109448e+00) (9, 1.54308522123433200512e+00) (10, 1.63433672118521777783e+00) (0, 7.27483677961450470040e-02) (1, 3.36842339972644455592e-01) (2, 4.45869582073046277770e-01) (3, 1.97114691456378055001e-01) (4, -2.89373722400080302108e-02) (5, 2.77797329523187461198e-02) (6, 1.19953503039895381654e-01) (7, -6.06144513315496902273e-02) (8, 1.19482067535124386604e-01) (9, 7.04102555232808263730e-02) (10, 1.14187074015341366584e-01) (0, 1.53940339762307254468e+00) (1, -4.83872303583347740386e+00) (2, -8.86944753183301015653e-01) (3, -4.04461185378004239865e-01) (4, -1.83851806081939683768e-02) (5, 1.59047278392649737988e+00) (6, 2.00758824489902509836e-02) (7, 5.05121159449383849704e-01) (8, 1.49608913812376109753e+00) (9, 1.50130522254444209729e+00) (10, 1.55641601610518542920e+00) (11, -2.74925536584778518190e+00) (12, 1.77479887225840765597e-01) (13, -2.71119972613378257265e+00) (14, -8.74981985397665473769e-01) 
