FANN_FLO_2.1
num_layers=3
learning_rate=0.700000
connection_rate=1.000000
network_type=0
learning_momentum=0.000000
training_algorithm=2
train_error_function=1
train_stop_function=1
cascade_output_change_fraction=0.010000
quickprop_decay=-0.000100
quickprop_mu=1.750000
rprop_increase_factor=1.200000
rprop_decrease_factor=0.500000
rprop_delta_min=0.000000
rprop_delta_max=50.000000
rprop_delta_zero=0.100000
cascade_output_stagnation_epochs=12
cascade_candidate_change_fraction=0.010000
cascade_candidate_stagnation_epochs=12
cascade_max_out_epochs=150
cascade_min_out_epochs=50
cascade_max_cand_epochs=150
cascade_min_cand_epochs=50
cascade_num_candidate_groups=2
bit_fail_limit=1.00000000000000005551e-01
cascade_candidate_limit=1.00000000000000000000e+03
cascade_weight_multiplier=4.00000000000000022204e-01
cascade_activation_functions_count=10
cascade_activation_functions=3 5 7 8 10 11 14 15 16 17 
cascade_activation_steepnesses_count=4
cascade_activation_steepnesses=2.50000000000000000000e-01 5.00000000000000000000e-01 7.50000000000000000000e-01 1.00000000000000000000e+00 
layer_sizes=11 4 2 
scale_included=0
neurons (num_inputs, activation_function, activation_steepness)=(0, 0, 0.00000000000000000000e+00) (0, 0, 0.00000000000000000000e+00) (0, 0, 0.00000000000000000000e+00) (0, 0, 0.00000000000000000000e+00) (0, 0, 0.00000000000000000000e+00) (0, 0, 0.00000000000000000000e+00) (0, 0, 0.00000000000000000000e+00) (0, 0, 0.00000000000000000000e+00) (0, 0, 0.00000000000000000000e+00) (0, 0, 0.00000000000000000000e+00) (0, 0, 0.00000000000000000000e+00) (11, 6, 5.00000000000000000000e-01) (11, 6, 5.00000000000000000000e-01) (11, 6, 5.00000000000000000000e-01) (0, 6, 0.00000000000000000000e+00) (4, 4, 5.00000000000000000000e-01) (0, 4, 0.00000000000000000000e+00) 
connections (connected_to_neuron, weight)=(0, -1.09424544294705938796e+00) (1, 1.34538391824594105728e+00) (2, 6.19773761044060567116e-01) (3, 3.03751825369863101556e-02) (4, 1.39860096944829440102e-02) (5, -1.35011102914392833174e-01) (6, -7.43495663724893507407e-02) (7, -1.41578268169939402998e-01) (8, -7.66762829418776992174e-02) (9, -5.34179946504586972145e-02) (10, -3.56018012486451901344e-02) (0, -2.90416186044817448142e-01) (1, 6.95748570478564976050e-01) (2, 1.31114533034447700022e-01) (3, 9.21988193930655397512e-02) (4, 5.96583804763796340942e-02) (5, 1.00391544351996264695e-01) (6, 1.70730654932405329083e-01) (7, -1.04144812126743049885e-02) (8, -5.46727590759383888508e-02) (9, 5.12305352821520315620e-03) (10, -1.14280279741114237924e-03) (0, -1.83819994755870697034e+00) (1, 7.19522827617531213207e+00) (2, 1.73124443505320774195e-01) (3, 1.55354238872834060636e-02) (4, -3.06434184219335770116e-01) (5, -1.16634118844486289746e+00) (6, -3.56779038812612747655e-01) (7, -1.30526672591186554406e+00) (8, -8.09485117984376056910e-01) (9, -9.00623510671219928980e-01) (10, -9.16815529656968219996e-01) (11, 1.31526507345583881792e-01) (12, 4.09176171196954582832e-02) (13, 7.10861760876779946727e+00) (14, -1.38344803505267477384e+00) 
