FANN_FLO_2.1
num_layers=3
learning_rate=0.700000
connection_rate=1.000000
network_type=0
learning_momentum=0.000000
training_algorithm=2
train_error_function=1
train_stop_function=1
cascade_output_change_fraction=0.010000
quickprop_decay=-0.000100
quickprop_mu=1.750000
rprop_increase_factor=1.200000
rprop_decrease_factor=0.500000
rprop_delta_min=0.000000
rprop_delta_max=50.000000
rprop_delta_zero=0.100000
cascade_output_stagnation_epochs=12
cascade_candidate_change_fraction=0.010000
cascade_candidate_stagnation_epochs=12
cascade_max_out_epochs=150
cascade_min_out_epochs=50
cascade_max_cand_epochs=150
cascade_min_cand_epochs=50
cascade_num_candidate_groups=2
bit_fail_limit=1.00000000000000005551e-01
cascade_candidate_limit=1.00000000000000000000e+03
cascade_weight_multiplier=4.00000000000000022204e-01
cascade_activation_functions_count=10
cascade_activation_functions=3 5 7 8 10 11 14 15 16 17 
cascade_activation_steepnesses_count=4
cascade_activation_steepnesses=2.50000000000000000000e-01 5.00000000000000000000e-01 7.50000000000000000000e-01 1.00000000000000000000e+00 
layer_sizes=6 4 2 
scale_included=0
neurons (num_inputs, activation_function, activation_steepness)=(0, 0, 0.00000000000000000000e+00) (0, 0, 0.00000000000000000000e+00) (0, 0, 0.00000000000000000000e+00) (0, 0, 0.00000000000000000000e+00) (0, 0, 0.00000000000000000000e+00) (0, 0, 0.00000000000000000000e+00) (6, 6, 5.00000000000000000000e-01) (6, 6, 5.00000000000000000000e-01) (6, 6, 5.00000000000000000000e-01) (0, 6, 0.00000000000000000000e+00) (4, 4, 5.00000000000000000000e-01) (0, 4, 0.00000000000000000000e+00) 
connections (connected_to_neuron, weight)=(0, -3.16638958545984250392e+00) (1, -3.04375065715407044920e+00) (2, -1.83331205732419544319e+00) (3, -3.98043540272061679985e-01) (4, -3.04097977392212337477e+00) (5, 4.31152730631879244072e+00) (0, -3.08764554996178297586e+00) (1, -1.65578265180995831685e+00) (2, 2.52446656390736989817e-01) (3, 7.30217343403159024895e-01) (4, -1.40446086802286340678e+00) (5, 4.85581792014377511268e-01) (0, 1.63931664718379832557e-01) (1, 6.88948390965928414431e-01) (2, 2.11599021857961810955e-01) (3, -1.35021928008400265986e-01) (4, 4.76003581437793421571e-01) (5, -2.93462192685258693725e-01) (6, -1.70637354048781929805e+02) (7, -1.53207465323601832452e+00) (8, 3.13650412505685760589e-01) (9, -2.64601462684762012145e+00) 
