FANN_FLO_2.1
num_layers=3
learning_rate=0.700000
connection_rate=1.000000
network_type=0
learning_momentum=0.000000
training_algorithm=2
train_error_function=1
train_stop_function=1
cascade_output_change_fraction=0.010000
quickprop_decay=-0.000100
quickprop_mu=1.750000
rprop_increase_factor=1.200000
rprop_decrease_factor=0.500000
rprop_delta_min=0.000000
rprop_delta_max=50.000000
rprop_delta_zero=0.100000
cascade_output_stagnation_epochs=12
cascade_candidate_change_fraction=0.010000
cascade_candidate_stagnation_epochs=12
cascade_max_out_epochs=150
cascade_min_out_epochs=50
cascade_max_cand_epochs=150
cascade_min_cand_epochs=50
cascade_num_candidate_groups=2
bit_fail_limit=1.00000000000000005551e-01
cascade_candidate_limit=1.00000000000000000000e+03
cascade_weight_multiplier=4.00000000000000022204e-01
cascade_activation_functions_count=10
cascade_activation_functions=3 5 7 8 10 11 14 15 16 17 
cascade_activation_steepnesses_count=4
cascade_activation_steepnesses=2.50000000000000000000e-01 5.00000000000000000000e-01 7.50000000000000000000e-01 1.00000000000000000000e+00 
layer_sizes=13 4 2 
scale_included=0
neurons (num_inputs, activation_function, activation_steepness)=(0, 0, 0.00000000000000000000e+00) (0, 0, 0.00000000000000000000e+00) (0, 0, 0.00000000000000000000e+00) (0, 0, 0.00000000000000000000e+00) (0, 0, 0.00000000000000000000e+00) (0, 0, 0.00000000000000000000e+00) (0, 0, 0.00000000000000000000e+00) (0, 0, 0.00000000000000000000e+00) (0, 0, 0.00000000000000000000e+00) (0, 0, 0.00000000000000000000e+00) (0, 0, 0.00000000000000000000e+00) (0, 0, 0.00000000000000000000e+00) (0, 0, 0.00000000000000000000e+00) (13, 6, 5.00000000000000000000e-01) (13, 6, 5.00000000000000000000e-01) (13, 6, 5.00000000000000000000e-01) (0, 6, 0.00000000000000000000e+00) (4, 4, 5.00000000000000000000e-01) (0, 4, 0.00000000000000000000e+00) 
connections (connected_to_neuron, weight)=(0, 6.38559379106983815433e+00) (1, -4.50889194247770319635e+00) (2, -4.57223596709448365516e+00) (3, 7.21646049397357824962e-02) (4, 2.75515838604028928671e+00) (5, 6.71006846074903240407e-01) (6, -1.37345420684874075512e+00) (7, -9.01234479634127061409e-01) (8, -2.53880189084556029400e+00) (9, -5.09225666398112419841e+00) (10, 1.49730354655497088778e+00) (11, 1.50455696250358283983e+00) (12, 4.25881007812915601818e+00) (0, 5.25302131100812363940e+00) (1, -4.54512185094404230767e+00) (2, -2.84304070637315220438e+00) (3, 3.80676598625549200694e-02) (4, 1.88679897513817618204e+00) (5, 6.31284075622403850758e-01) (6, 6.00255316887938983328e-01) (7, -9.35460807768663804573e-01) (8, -2.52913887524154112896e+00) (9, -1.99259731347676249946e+00) (10, 9.56115738663895875504e-01) (11, 9.78016854439004212907e-01) (12, 4.25071972362695493786e+00) (0, -8.73322745243192066766e+00) (1, 1.77926669356957667389e+00) (2, 1.86584355849593097609e+00) (3, -9.71006186354213263190e-03) (4, 6.55843713680686335454e-02) (5, -1.77626767200584456674e-01) (6, -8.67530340377045683375e-02) (7, 4.13048957740353495094e-01) (8, 1.53195587721164550032e+00) (9, 1.22203279553602284224e+00) (10, -1.25986243641157749651e-02) (11, -2.74379405779797802545e-01) (12, -6.46635766952374790861e-01) (13, -2.06319282482696397807e+00) (14, -2.06633492465449197795e+00) (15, 9.72461234957448539262e+00) (16, -1.46143303537959790006e+00) 
