FANN_FLO_2.1
num_layers=3
learning_rate=0.700000
connection_rate=1.000000
network_type=0
learning_momentum=0.000000
training_algorithm=2
train_error_function=1
train_stop_function=1
cascade_output_change_fraction=0.010000
quickprop_decay=-0.000100
quickprop_mu=1.750000
rprop_increase_factor=1.200000
rprop_decrease_factor=0.500000
rprop_delta_min=0.000000
rprop_delta_max=50.000000
rprop_delta_zero=0.100000
cascade_output_stagnation_epochs=12
cascade_candidate_change_fraction=0.010000
cascade_candidate_stagnation_epochs=12
cascade_max_out_epochs=150
cascade_min_out_epochs=50
cascade_max_cand_epochs=150
cascade_min_cand_epochs=50
cascade_num_candidate_groups=2
bit_fail_limit=1.00000000000000005551e-01
cascade_candidate_limit=1.00000000000000000000e+03
cascade_weight_multiplier=4.00000000000000022204e-01
cascade_activation_functions_count=10
cascade_activation_functions=3 5 7 8 10 11 14 15 16 17 
cascade_activation_steepnesses_count=4
cascade_activation_steepnesses=2.50000000000000000000e-01 5.00000000000000000000e-01 7.50000000000000000000e-01 1.00000000000000000000e+00 
layer_sizes=8 4 2 
scale_included=0
neurons (num_inputs, activation_function, activation_steepness)=(0, 0, 0.00000000000000000000e+00) (0, 0, 0.00000000000000000000e+00) (0, 0, 0.00000000000000000000e+00) (0, 0, 0.00000000000000000000e+00) (0, 0, 0.00000000000000000000e+00) (0, 0, 0.00000000000000000000e+00) (0, 0, 0.00000000000000000000e+00) (0, 0, 0.00000000000000000000e+00) (8, 6, 5.00000000000000000000e-01) (8, 6, 5.00000000000000000000e-01) (8, 6, 5.00000000000000000000e-01) (0, 6, 0.00000000000000000000e+00) (4, 4, 5.00000000000000000000e-01) (0, 4, 0.00000000000000000000e+00) 
connections (connected_to_neuron, weight)=(0, 4.66623736970915370392e+00) (1, -3.99071954402838935394e+00) (2, -2.71655385148377304105e+00) (3, -7.55883809590410038481e+00) (4, -2.77887406768989375649e+00) (5, -3.72400581778166950286e+00) (6, -4.78518610958044021686e+00) (7, 6.52493761626680068844e+00) (0, 4.40845130178830590939e-01) (1, -1.08042124895552760222e+00) (2, -3.34625695741425643881e-01) (3, -6.00413628639454355351e-01) (4, -4.47610689269047790084e-01) (5, 3.91374502592831596814e+00) (6, -2.01439800387553802352e+01) (7, 3.05263264095166797496e-01) (0, -1.04178563800363033209e+00) (1, 1.11415455122142725841e+00) (2, 2.73955835434177785714e+00) (3, 6.54782217040162706212e-01) (4, 1.87432150089756599520e+00) (5, -5.04903147054788181691e+00) (6, 3.15025148489833455301e+01) (7, -7.87409151557453501624e-01) (8, -1.32743249900745059477e+01) (9, -2.72740768914227560415e+00) (10, 4.87091849910193808171e+00) (11, -1.86378484172774072647e+00) 
