FANN_FLO_2.1
num_layers=3
learning_rate=0.700000
connection_rate=1.000000
network_type=0
learning_momentum=0.000000
training_algorithm=2
train_error_function=1
train_stop_function=1
cascade_output_change_fraction=0.010000
quickprop_decay=-0.000100
quickprop_mu=1.750000
rprop_increase_factor=1.200000
rprop_decrease_factor=0.500000
rprop_delta_min=0.000000
rprop_delta_max=50.000000
rprop_delta_zero=0.100000
cascade_output_stagnation_epochs=12
cascade_candidate_change_fraction=0.010000
cascade_candidate_stagnation_epochs=12
cascade_max_out_epochs=150
cascade_min_out_epochs=50
cascade_max_cand_epochs=150
cascade_min_cand_epochs=50
cascade_num_candidate_groups=2
bit_fail_limit=1.00000000000000005551e-01
cascade_candidate_limit=1.00000000000000000000e+03
cascade_weight_multiplier=4.00000000000000022204e-01
cascade_activation_functions_count=10
cascade_activation_functions=3 5 7 8 10 11 14 15 16 17 
cascade_activation_steepnesses_count=4
cascade_activation_steepnesses=2.50000000000000000000e-01 5.00000000000000000000e-01 7.50000000000000000000e-01 1.00000000000000000000e+00 
layer_sizes=14 4 2 
scale_included=0
neurons (num_inputs, activation_function, activation_steepness)=(0, 0, 0.00000000000000000000e+00) (0, 0, 0.00000000000000000000e+00) (0, 0, 0.00000000000000000000e+00) (0, 0, 0.00000000000000000000e+00) (0, 0, 0.00000000000000000000e+00) (0, 0, 0.00000000000000000000e+00) (0, 0, 0.00000000000000000000e+00) (0, 0, 0.00000000000000000000e+00) (0, 0, 0.00000000000000000000e+00) (0, 0, 0.00000000000000000000e+00) (0, 0, 0.00000000000000000000e+00) (0, 0, 0.00000000000000000000e+00) (0, 0, 0.00000000000000000000e+00) (0, 0, 0.00000000000000000000e+00) (14, 6, 5.00000000000000000000e-01) (14, 6, 5.00000000000000000000e-01) (14, 6, 5.00000000000000000000e-01) (0, 6, 0.00000000000000000000e+00) (4, 4, 5.00000000000000000000e-01) (0, 4, 0.00000000000000000000e+00) 
connections (connected_to_neuron, weight)=(0, 1.53666142752242640412e+00) (1, 1.98813910056361220491e+00) (2, 8.68157010662734096584e-01) (3, 1.96890226355411046555e+00) (4, 2.93289598348015934093e+00) (5, 1.91354413347359741948e+00) (6, 3.06422891838812327947e+00) (7, 1.81470114937001447686e+00) (8, 1.81525950510201838917e+00) (9, 1.79676178061937474872e+00) (10, 3.03804494241318856496e+00) (11, 2.21555490788997211382e+00) (12, 4.20918622583328527753e+00) (13, -2.25504342411476788044e+00) (0, 8.29791460088299182019e+00) (1, 1.04333361269031144047e+00) (2, -9.02893828465712589004e-02) (3, 3.29350874035810647911e-01) (4, -4.52020413687501620981e-01) (5, 9.12388876032422135864e-01) (6, 2.12964041505868756365e-01) (7, -2.03464759528880489992e-01) (8, 1.19073969175545357757e+00) (9, 6.66182802017926123384e-01) (10, 2.06154238410909546042e-01) (11, 4.00816069061652791028e-01) (12, 5.75315434482402965344e-01) (13, -2.50339539392609022883e+00) (0, 5.74324139620706719533e-01) (1, -2.25408754572529312910e+00) (2, -2.26390658082758688963e+00) (3, -2.77688738773216592381e-01) (4, 3.42920557772232781346e+00) (5, -2.48994666681868359603e+00) (6, -3.05419999912807638154e+00) (7, -3.70874028338256278570e-01) (8, -2.44987176718384835894e+00) (9, -3.19820877280285209565e+00) (10, -3.17290317758567264050e+00) (11, -4.28520188609977825678e+00) (12, -1.76444603952265066660e+00) (13, 1.94895147630788412307e+00) (14, 1.35486194322233206577e+01) (15, 9.23163438565163829708e+00) (16, -8.94941072182681018887e+00) (17, -5.96231298376109219994e-01) 
