FANN_FLO_2.1
num_layers=3
learning_rate=0.700000
connection_rate=1.000000
network_type=0
learning_momentum=0.000000
training_algorithm=2
train_error_function=1
train_stop_function=1
cascade_output_change_fraction=0.010000
quickprop_decay=-0.000100
quickprop_mu=1.750000
rprop_increase_factor=1.200000
rprop_decrease_factor=0.500000
rprop_delta_min=0.000000
rprop_delta_max=50.000000
rprop_delta_zero=0.100000
cascade_output_stagnation_epochs=12
cascade_candidate_change_fraction=0.010000
cascade_candidate_stagnation_epochs=12
cascade_max_out_epochs=150
cascade_min_out_epochs=50
cascade_max_cand_epochs=150
cascade_min_cand_epochs=50
cascade_num_candidate_groups=2
bit_fail_limit=1.00000000000000005551e-01
cascade_candidate_limit=1.00000000000000000000e+03
cascade_weight_multiplier=4.00000000000000022204e-01
cascade_activation_functions_count=10
cascade_activation_functions=3 5 7 8 10 11 14 15 16 17 
cascade_activation_steepnesses_count=4
cascade_activation_steepnesses=2.50000000000000000000e-01 5.00000000000000000000e-01 7.50000000000000000000e-01 1.00000000000000000000e+00 
layer_sizes=16 4 2 
scale_included=0
neurons (num_inputs, activation_function, activation_steepness)=(0, 0, 0.00000000000000000000e+00) (0, 0, 0.00000000000000000000e+00) (0, 0, 0.00000000000000000000e+00) (0, 0, 0.00000000000000000000e+00) (0, 0, 0.00000000000000000000e+00) (0, 0, 0.00000000000000000000e+00) (0, 0, 0.00000000000000000000e+00) (0, 0, 0.00000000000000000000e+00) (0, 0, 0.00000000000000000000e+00) (0, 0, 0.00000000000000000000e+00) (0, 0, 0.00000000000000000000e+00) (0, 0, 0.00000000000000000000e+00) (0, 0, 0.00000000000000000000e+00) (0, 0, 0.00000000000000000000e+00) (0, 0, 0.00000000000000000000e+00) (0, 0, 0.00000000000000000000e+00) (16, 6, 5.00000000000000000000e-01) (16, 6, 5.00000000000000000000e-01) (16, 6, 5.00000000000000000000e-01) (0, 6, 0.00000000000000000000e+00) (4, 4, 5.00000000000000000000e-01) (0, 4, 0.00000000000000000000e+00) 
connections (connected_to_neuron, weight)=(0, -6.05356660222760467605e+00) (1, 2.00612879889369821740e+00) (2, 8.43562761425436846707e-01) (3, 1.46534670791650833976e+00) (4, 1.10345415394353518757e+00) (5, -1.88682671411109570414e+00) (6, -1.90202482564521435648e+00) (7, 8.43125494300783984158e-01) (8, 1.94863336766813581846e+01) (9, 2.49572813965127160429e+00) (10, 1.94450949291442221067e+01) (11, 7.66309360145987383817e-01) (12, 1.95512760813091581724e+01) (13, 8.44266312300623766873e-01) (14, 1.94705772856925314329e+01) (15, -9.31456852210428842831e-01) (0, -6.10036246961108474807e+00) (1, 2.10636964040160945544e+00) (2, 1.41647907993818344963e+00) (3, 2.12770079779337839554e+00) (4, 1.05818909030007968219e+00) (5, -1.96835349274945858866e+00) (6, -1.93095031155419949442e+00) (7, 1.50423582545543732536e+00) (8, 1.93754806826566046141e+01) (9, 2.52991973317906548857e+00) (10, 1.94594845185731237791e+01) (11, 1.41163411638761582267e+00) (12, 1.93940188633952921293e+01) (13, 1.53993949941421526262e+00) (14, 1.95109188641165083311e+01) (15, -1.44431015463970213730e+00) (0, -6.08324549829713134841e+00) (1, 1.95447918372512674523e+00) (2, 1.56801553717876451799e+00) (3, 2.01504615652274132742e+00) (4, 1.06895717601823458942e+00) (5, -1.93599620981288556010e+00) (6, -1.88907160384727124125e+00) (7, 1.48736406019950928581e+00) (8, 1.95297815288160627745e+01) (9, 2.57897632278248956084e+00) (10, 1.94492528299544638060e+01) (11, 1.57459182194496172258e+00) (12, 1.94401308978651350401e+01) (13, 1.41336431256557526481e+00) (14, 1.93816456506703680418e+01) (15, -1.44499399127862959702e+00) (16, 2.70752196489871810314e+00) (17, 8.15083878521804017225e+00) (18, 8.14453120191578072706e+00) (19, -6.55024696596654965042e-01) 
