FANN_FLO_2.1
num_layers=3
learning_rate=0.700000
connection_rate=1.000000
network_type=0
learning_momentum=0.000000
training_algorithm=2
train_error_function=1
train_stop_function=1
cascade_output_change_fraction=0.010000
quickprop_decay=-0.000100
quickprop_mu=1.750000
rprop_increase_factor=1.200000
rprop_decrease_factor=0.500000
rprop_delta_min=0.000000
rprop_delta_max=50.000000
rprop_delta_zero=0.100000
cascade_output_stagnation_epochs=12
cascade_candidate_change_fraction=0.010000
cascade_candidate_stagnation_epochs=12
cascade_max_out_epochs=150
cascade_min_out_epochs=50
cascade_max_cand_epochs=150
cascade_min_cand_epochs=50
cascade_num_candidate_groups=2
bit_fail_limit=1.00000000000000005551e-01
cascade_candidate_limit=1.00000000000000000000e+03
cascade_weight_multiplier=4.00000000000000022204e-01
cascade_activation_functions_count=10
cascade_activation_functions=3 5 7 8 10 11 14 15 16 17 
cascade_activation_steepnesses_count=4
cascade_activation_steepnesses=2.50000000000000000000e-01 5.00000000000000000000e-01 7.50000000000000000000e-01 1.00000000000000000000e+00 
layer_sizes=14 4 2 
scale_included=0
neurons (num_inputs, activation_function, activation_steepness)=(0, 0, 0.00000000000000000000e+00) (0, 0, 0.00000000000000000000e+00) (0, 0, 0.00000000000000000000e+00) (0, 0, 0.00000000000000000000e+00) (0, 0, 0.00000000000000000000e+00) (0, 0, 0.00000000000000000000e+00) (0, 0, 0.00000000000000000000e+00) (0, 0, 0.00000000000000000000e+00) (0, 0, 0.00000000000000000000e+00) (0, 0, 0.00000000000000000000e+00) (0, 0, 0.00000000000000000000e+00) (0, 0, 0.00000000000000000000e+00) (0, 0, 0.00000000000000000000e+00) (0, 0, 0.00000000000000000000e+00) (14, 6, 5.00000000000000000000e-01) (14, 6, 5.00000000000000000000e-01) (14, 6, 5.00000000000000000000e-01) (0, 6, 0.00000000000000000000e+00) (4, 4, 5.00000000000000000000e-01) (0, 4, 0.00000000000000000000e+00) 
connections (connected_to_neuron, weight)=(0, 5.02564532127019791830e+00) (1, -3.12471230104114816584e+00) (2, -3.55026351282715468827e+00) (3, 7.76000654287019031585e-01) (4, 7.57915979213395374359e-01) (5, 1.25443685279071792671e+00) (6, -2.92295518791830755134e+00) (7, -6.05370788327944886476e-01) (8, 8.79886515380245870510e-01) (9, 1.43630981733947105106e+00) (10, 1.25530559858231849368e+00) (11, -4.04277189521258595306e+00) (12, 1.51093100214891706834e+00) (13, 2.20230182584322697892e+00) (0, -3.26313676291665721863e+00) (1, 1.61872624676309961878e+00) (2, 1.56917177826279052866e+00) (3, -4.17199468266631900981e-01) (4, -2.33070205089698667678e-01) (5, -5.11427922841227067252e-01) (6, 2.20447465559600086493e+00) (7, -1.34111917938500024849e-01) (8, -3.64936533634706239404e-01) (9, -1.49081046214702617192e+00) (10, -1.65263762405517566911e+00) (11, 1.47860906148801607429e+00) (12, -2.82199832861467103662e-01) (13, -9.68004340306307442532e-01) (0, -6.04279314825004520983e-01) (1, 5.14698359627115964443e-01) (2, 9.37318691614546173341e-01) (3, 1.15997253915672698943e-01) (4, 8.11025351113369916134e-03) (5, -1.18089490626025334086e-01) (6, 6.37520617257489208285e-01) (7, 1.59406051846243235204e-01) (8, 7.53536107010544381479e-02) (9, 2.69669247165152323187e-02) (10, -6.50102804109624760054e-02) (11, 7.16751471017063712665e-01) (12, -7.67514575680576256050e-03) (13, -2.05668490811583767885e-02) (14, -4.29112064538323956242e+00) (15, 1.05242819597512458074e+01) (16, 3.22386252714227994343e-01) (17, -1.37775021016732268642e+00) 
