FANN_FLO_2.1
num_layers=3
learning_rate=0.700000
connection_rate=1.000000
network_type=0
learning_momentum=0.000000
training_algorithm=2
train_error_function=1
train_stop_function=1
cascade_output_change_fraction=0.010000
quickprop_decay=-0.000100
quickprop_mu=1.750000
rprop_increase_factor=1.200000
rprop_decrease_factor=0.500000
rprop_delta_min=0.000000
rprop_delta_max=50.000000
rprop_delta_zero=0.100000
cascade_output_stagnation_epochs=12
cascade_candidate_change_fraction=0.010000
cascade_candidate_stagnation_epochs=12
cascade_max_out_epochs=150
cascade_min_out_epochs=50
cascade_max_cand_epochs=150
cascade_min_cand_epochs=50
cascade_num_candidate_groups=2
bit_fail_limit=1.00000000000000005551e-01
cascade_candidate_limit=1.00000000000000000000e+03
cascade_weight_multiplier=4.00000000000000022204e-01
cascade_activation_functions_count=10
cascade_activation_functions=3 5 7 8 10 11 14 15 16 17 
cascade_activation_steepnesses_count=4
cascade_activation_steepnesses=2.50000000000000000000e-01 5.00000000000000000000e-01 7.50000000000000000000e-01 1.00000000000000000000e+00 
layer_sizes=14 4 2 
scale_included=0
neurons (num_inputs, activation_function, activation_steepness)=(0, 0, 0.00000000000000000000e+00) (0, 0, 0.00000000000000000000e+00) (0, 0, 0.00000000000000000000e+00) (0, 0, 0.00000000000000000000e+00) (0, 0, 0.00000000000000000000e+00) (0, 0, 0.00000000000000000000e+00) (0, 0, 0.00000000000000000000e+00) (0, 0, 0.00000000000000000000e+00) (0, 0, 0.00000000000000000000e+00) (0, 0, 0.00000000000000000000e+00) (0, 0, 0.00000000000000000000e+00) (0, 0, 0.00000000000000000000e+00) (0, 0, 0.00000000000000000000e+00) (0, 0, 0.00000000000000000000e+00) (14, 6, 5.00000000000000000000e-01) (14, 6, 5.00000000000000000000e-01) (14, 6, 5.00000000000000000000e-01) (0, 6, 0.00000000000000000000e+00) (4, 4, 5.00000000000000000000e-01) (0, 4, 0.00000000000000000000e+00) 
connections (connected_to_neuron, weight)=(0, -1.43025567909901996089e+00) (1, -1.88083990688698343696e+00) (2, 5.00435390353046405387e-01) (3, -7.95501314093409628292e-01) (4, -7.14215689365391148691e-01) (5, -1.69991880949019935620e+00) (6, -1.86403158192498685786e+00) (7, -6.78629305004427862968e-02) (8, -1.82123133105610790494e+00) (9, -1.80232434626177173698e+00) (10, -1.85787324339752846214e+00) (11, -1.76986166727980664959e+00) (12, -1.67187348702568527870e+00) (13, 1.70926133870522845015e+00) (0, 1.43372073245431619348e+00) (1, 2.12249051293723567380e-01) (2, 1.30749241205181654379e+00) (3, 1.22816070155780665552e+00) (4, 1.29013183612641646469e+00) (5, 8.40058756364691849861e-01) (6, 5.13389061116301781418e-01) (7, 2.34372958631830802245e-01) (8, 5.12677312459195566596e-01) (9, 5.08222022363333914008e-01) (10, 7.25470591840672973660e-01) (11, 6.16314953193621173355e-01) (12, 9.37257707321808353207e-01) (13, -1.12267327629000535083e+00) (0, 1.43399083835269647302e+00) (1, 4.54055254893452331366e-01) (2, 1.23874648602928694174e+00) (3, 1.14442410306613795434e+00) (4, 1.24622719959077454810e+00) (5, 7.87355219317782739630e-01) (6, 4.50325387441241009601e-01) (7, 1.58324077816324820800e-01) (8, 5.17711096073831034126e-01) (9, 6.31102533349185201850e-01) (10, 2.49902130177504233632e-01) (11, 6.74204916224151684645e-01) (12, 8.14720802211925998471e-01) (13, -1.05684888683230249207e+00) (14, -4.67171069634337428056e+01) (15, 7.54735547598495415400e+00) (16, 1.58900954334740873719e+01) (17, -6.82603819792253485588e-01) 
