FANN_FLO_2.1
num_layers=3
learning_rate=0.700000
connection_rate=1.000000
network_type=0
learning_momentum=0.000000
training_algorithm=2
train_error_function=1
train_stop_function=1
cascade_output_change_fraction=0.010000
quickprop_decay=-0.000100
quickprop_mu=1.750000
rprop_increase_factor=1.200000
rprop_decrease_factor=0.500000
rprop_delta_min=0.000000
rprop_delta_max=50.000000
rprop_delta_zero=0.100000
cascade_output_stagnation_epochs=12
cascade_candidate_change_fraction=0.010000
cascade_candidate_stagnation_epochs=12
cascade_max_out_epochs=150
cascade_min_out_epochs=50
cascade_max_cand_epochs=150
cascade_min_cand_epochs=50
cascade_num_candidate_groups=2
bit_fail_limit=1.00000000000000005551e-01
cascade_candidate_limit=1.00000000000000000000e+03
cascade_weight_multiplier=4.00000000000000022204e-01
cascade_activation_functions_count=10
cascade_activation_functions=3 5 7 8 10 11 14 15 16 17 
cascade_activation_steepnesses_count=4
cascade_activation_steepnesses=2.50000000000000000000e-01 5.00000000000000000000e-01 7.50000000000000000000e-01 1.00000000000000000000e+00 
layer_sizes=16 4 2 
scale_included=0
neurons (num_inputs, activation_function, activation_steepness)=(0, 0, 0.00000000000000000000e+00) (0, 0, 0.00000000000000000000e+00) (0, 0, 0.00000000000000000000e+00) (0, 0, 0.00000000000000000000e+00) (0, 0, 0.00000000000000000000e+00) (0, 0, 0.00000000000000000000e+00) (0, 0, 0.00000000000000000000e+00) (0, 0, 0.00000000000000000000e+00) (0, 0, 0.00000000000000000000e+00) (0, 0, 0.00000000000000000000e+00) (0, 0, 0.00000000000000000000e+00) (0, 0, 0.00000000000000000000e+00) (0, 0, 0.00000000000000000000e+00) (0, 0, 0.00000000000000000000e+00) (0, 0, 0.00000000000000000000e+00) (0, 0, 0.00000000000000000000e+00) (16, 6, 5.00000000000000000000e-01) (16, 6, 5.00000000000000000000e-01) (16, 6, 5.00000000000000000000e-01) (0, 6, 0.00000000000000000000e+00) (4, 4, 5.00000000000000000000e-01) (0, 4, 0.00000000000000000000e+00) 
connections (connected_to_neuron, weight)=(0, -9.45986471291790254057e-01) (1, 1.02216871428133071475e+00) (2, -2.39827282120545076660e-02) (3, -2.70421005179245638184e-02) (4, 1.50956208736722080621e-01) (5, -4.25435793255337479923e-01) (6, -3.84354119055394516380e-01) (7, 2.02020012448470426270e-02) (8, 1.13599992888809242508e+00) (9, 9.46253519233475337558e-01) (10, 9.75392717596302638583e-01) (11, -9.49371441592533615861e-02) (12, 1.02917487519622863346e+00) (13, 2.81206720183532071777e-02) (14, 9.56512111898670802645e-01) (15, -4.46324501787194016789e-01) (0, -2.19054303068977551661e+00) (1, 2.23836172674161160145e+00) (2, 1.98976377318554192852e-02) (3, 6.37500191400699883770e-02) (4, -5.79579309080609172966e-01) (5, -1.21647768585856436152e-01) (6, -1.07245157076380559502e+00) (7, -8.58067741324252675206e-02) (8, 2.29195091430407726918e+00) (9, 2.30933411721450054799e+00) (10, 2.33064955775004589711e+00) (11, 3.73652035663776665997e-02) (12, 2.22713914070588314686e+00) (13, 5.68168217609577447247e-02) (14, 2.31679518822890484486e+00) (15, -1.61676124601538656611e-01) (0, -5.88141123940672549963e+00) (1, 5.80008674403156909705e+00) (2, -1.89766807539673787453e-01) (3, -1.94419724924775105812e-01) (4, -8.02907973721244561105e-01) (5, -5.78111829879499050655e-01) (6, -5.76923167695727023840e+00) (7, -2.07500813586922627785e-01) (8, 5.85561338057245883704e+00) (9, 5.90283730616297397376e+00) (10, 5.74173720171179446936e+00) (11, -3.59389109595032674171e-01) (12, 5.87346865226950320960e+00) (13, -3.45928048773022633888e-01) (14, 5.82197654982533130408e+00) (15, -5.12227969887471767940e-01) (16, 1.01658550821186177693e+00) (17, 9.66503139313469539218e-01) (18, 5.88321726014341983557e+00) (19, 8.16933982148114051780e-02) 
