FANN_FLO_2.1
num_layers=3
learning_rate=0.700000
connection_rate=1.000000
network_type=0
learning_momentum=0.000000
training_algorithm=2
train_error_function=1
train_stop_function=1
cascade_output_change_fraction=0.010000
quickprop_decay=-0.000100
quickprop_mu=1.750000
rprop_increase_factor=1.200000
rprop_decrease_factor=0.500000
rprop_delta_min=0.000000
rprop_delta_max=50.000000
rprop_delta_zero=0.100000
cascade_output_stagnation_epochs=12
cascade_candidate_change_fraction=0.010000
cascade_candidate_stagnation_epochs=12
cascade_max_out_epochs=150
cascade_min_out_epochs=50
cascade_max_cand_epochs=150
cascade_min_cand_epochs=50
cascade_num_candidate_groups=2
bit_fail_limit=1.00000000000000005551e-01
cascade_candidate_limit=1.00000000000000000000e+03
cascade_weight_multiplier=4.00000000000000022204e-01
cascade_activation_functions_count=10
cascade_activation_functions=3 5 7 8 10 11 14 15 16 17 
cascade_activation_steepnesses_count=4
cascade_activation_steepnesses=2.50000000000000000000e-01 5.00000000000000000000e-01 7.50000000000000000000e-01 1.00000000000000000000e+00 
layer_sizes=6 4 2 
scale_included=0
neurons (num_inputs, activation_function, activation_steepness)=(0, 0, 0.00000000000000000000e+00) (0, 0, 0.00000000000000000000e+00) (0, 0, 0.00000000000000000000e+00) (0, 0, 0.00000000000000000000e+00) (0, 0, 0.00000000000000000000e+00) (0, 0, 0.00000000000000000000e+00) (6, 6, 5.00000000000000000000e-01) (6, 6, 5.00000000000000000000e-01) (6, 6, 5.00000000000000000000e-01) (0, 6, 0.00000000000000000000e+00) (4, 4, 5.00000000000000000000e-01) (0, 4, 0.00000000000000000000e+00) 
connections (connected_to_neuron, weight)=(0, 5.16384033975070058653e-02) (1, -5.86166424018235820981e-01) (2, 3.07865740563625055193e-02) (3, 1.00314602425312399125e-01) (4, 4.44074808177416860411e-02) (5, 2.12489064433079632987e-01) (0, -9.69471433908030921778e-01) (1, 2.51390353637383068275e+00) (2, 3.73383778977564695367e-01) (3, 1.94339372396005682919e-01) (4, -1.70357770097837202261e-01) (5, -4.50494740055653930533e-01) (0, -1.68024973762472540351e+00) (1, 3.77895428767956875760e+00) (2, 2.72832812899785476235e-02) (3, 5.61737406442672115858e-01) (4, -1.19687821844908981461e+00) (5, -1.96628747359516298232e+00) (6, -1.66500935851621556516e+00) (7, 1.44868760725473277873e+00) (8, 9.27062130553747820727e+00) (9, -2.57585190842674638390e+00) 
