FANN_FLO_2.1
num_layers=3
learning_rate=0.700000
connection_rate=1.000000
network_type=0
learning_momentum=0.000000
training_algorithm=2
train_error_function=1
train_stop_function=1
cascade_output_change_fraction=0.010000
quickprop_decay=-0.000100
quickprop_mu=1.750000
rprop_increase_factor=1.200000
rprop_decrease_factor=0.500000
rprop_delta_min=0.000000
rprop_delta_max=50.000000
rprop_delta_zero=0.100000
cascade_output_stagnation_epochs=12
cascade_candidate_change_fraction=0.010000
cascade_candidate_stagnation_epochs=12
cascade_max_out_epochs=150
cascade_min_out_epochs=50
cascade_max_cand_epochs=150
cascade_min_cand_epochs=50
cascade_num_candidate_groups=2
bit_fail_limit=1.00000000000000005551e-01
cascade_candidate_limit=1.00000000000000000000e+03
cascade_weight_multiplier=4.00000000000000022204e-01
cascade_activation_functions_count=10
cascade_activation_functions=3 5 7 8 10 11 14 15 16 17 
cascade_activation_steepnesses_count=4
cascade_activation_steepnesses=2.50000000000000000000e-01 5.00000000000000000000e-01 7.50000000000000000000e-01 1.00000000000000000000e+00 
layer_sizes=7 4 2 
scale_included=0
neurons (num_inputs, activation_function, activation_steepness)=(0, 0, 0.00000000000000000000e+00) (0, 0, 0.00000000000000000000e+00) (0, 0, 0.00000000000000000000e+00) (0, 0, 0.00000000000000000000e+00) (0, 0, 0.00000000000000000000e+00) (0, 0, 0.00000000000000000000e+00) (0, 0, 0.00000000000000000000e+00) (7, 6, 5.00000000000000000000e-01) (7, 6, 5.00000000000000000000e-01) (7, 6, 5.00000000000000000000e-01) (0, 6, 0.00000000000000000000e+00) (4, 4, 5.00000000000000000000e-01) (0, 4, 0.00000000000000000000e+00) 
connections (connected_to_neuron, weight)=(0, -1.22196088507668374490e+01) (1, 1.50000000000000000000e+03) (2, 1.61984215146403869312e+01) (3, 2.28382306303395926639e-01) (4, 6.24718475349097301930e-01) (5, 2.13399819782351118924e-01) (6, -7.56336788917081892514e-01) (0, -6.58871088118421610602e+00) (1, 1.45599941958305976186e+01) (2, 5.07758838031941905911e+00) (3, 3.06552551641710857577e-01) (4, -8.10068968193178662318e+00) (5, 2.96732863232893828709e-01) (6, 9.50612606365424384069e-02) (0, -2.19730158113873930148e+00) (1, 1.50000000000000000000e+03) (2, -1.91093390678640773217e+00) (3, -6.50251554763041195173e-01) (4, 5.04564511046558972218e-01) (5, -7.89604583146102156910e-01) (6, -3.60836258762128592181e+00) (7, 1.08321850109411315088e+01) (8, -1.83398436700721063630e+01) (9, 1.19769053636159910070e+01) (10, -1.46082680123761865509e+00) 
