FANN_FLO_2.1
num_layers=3
learning_rate=0.700000
connection_rate=1.000000
network_type=0
learning_momentum=0.000000
training_algorithm=2
train_error_function=1
train_stop_function=1
cascade_output_change_fraction=0.010000
quickprop_decay=-0.000100
quickprop_mu=1.750000
rprop_increase_factor=1.200000
rprop_decrease_factor=0.500000
rprop_delta_min=0.000000
rprop_delta_max=50.000000
rprop_delta_zero=0.100000
cascade_output_stagnation_epochs=12
cascade_candidate_change_fraction=0.010000
cascade_candidate_stagnation_epochs=12
cascade_max_out_epochs=150
cascade_min_out_epochs=50
cascade_max_cand_epochs=150
cascade_min_cand_epochs=50
cascade_num_candidate_groups=2
bit_fail_limit=1.00000000000000005551e-01
cascade_candidate_limit=1.00000000000000000000e+03
cascade_weight_multiplier=4.00000000000000022204e-01
cascade_activation_functions_count=10
cascade_activation_functions=3 5 7 8 10 11 14 15 16 17 
cascade_activation_steepnesses_count=4
cascade_activation_steepnesses=2.50000000000000000000e-01 5.00000000000000000000e-01 7.50000000000000000000e-01 1.00000000000000000000e+00 
layer_sizes=14 4 2 
scale_included=0
neurons (num_inputs, activation_function, activation_steepness)=(0, 0, 0.00000000000000000000e+00) (0, 0, 0.00000000000000000000e+00) (0, 0, 0.00000000000000000000e+00) (0, 0, 0.00000000000000000000e+00) (0, 0, 0.00000000000000000000e+00) (0, 0, 0.00000000000000000000e+00) (0, 0, 0.00000000000000000000e+00) (0, 0, 0.00000000000000000000e+00) (0, 0, 0.00000000000000000000e+00) (0, 0, 0.00000000000000000000e+00) (0, 0, 0.00000000000000000000e+00) (0, 0, 0.00000000000000000000e+00) (0, 0, 0.00000000000000000000e+00) (0, 0, 0.00000000000000000000e+00) (14, 6, 5.00000000000000000000e-01) (14, 6, 5.00000000000000000000e-01) (14, 6, 5.00000000000000000000e-01) (0, 6, 0.00000000000000000000e+00) (4, 4, 5.00000000000000000000e-01) (0, 4, 0.00000000000000000000e+00) 
connections (connected_to_neuron, weight)=(0, 4.13679578023305882795e+00) (1, -1.98688346301293217167e+00) (2, -1.72413386847405147861e+00) (3, -5.85234120245345032507e-03) (4, 6.82274995048174681678e-01) (5, -1.87855201426176954271e+00) (6, 7.15856297622196491304e-01) (7, 5.60797846625320950409e-01) (8, 6.63918840827266931726e-01) (9, -1.90537034931807447435e+00) (10, 8.13192282641374136753e-02) (11, 1.35562282456834437561e+00) (12, 2.14796763529825796013e+00) (13, 1.49804291530330302429e+00) (0, -7.78804225386251758323e+00) (1, 2.50495414953412653958e+00) (2, 2.89276689134428055539e+00) (3, -2.66566032944886122102e-01) (4, -7.36774740803723848792e-01) (5, 3.05539220680675116526e+00) (6, -2.10614525703948451962e-01) (7, -4.26188484320902671865e-01) (8, -4.42997046301627006581e-01) (9, 3.05260012407979575144e+00) (10, 1.46044671034263551235e-01) (11, -8.17304364518374959481e-01) (12, -1.52913411537671906082e+00) (13, -9.10772688415180109445e-01) (0, -1.59153132629504501239e+00) (1, 4.67035788239894444906e-01) (2, 3.67306779145679174192e+00) (3, -1.73312359448239139414e-01) (4, -9.57991380134803449664e-01) (5, 8.23457610910672066495e+00) (6, -8.50294753048654872174e-02) (7, -3.61566318783034690298e-01) (8, -4.66232171866168387808e-01) (9, 3.60335963040075002439e+00) (10, 9.41709162323542126050e-02) (11, -6.52910617028137130191e-01) (12, -6.34896372292895971867e-01) (13, -2.44759422155274908306e-01) (14, -1.17437771740428011924e+01) (15, 5.22392279094961864416e+00) (16, 6.24859381684411907543e-01) (17, -1.18514704529560921387e+00) 
