FANN_FLO_2.1
num_layers=3
learning_rate=0.700000
connection_rate=1.000000
network_type=0
learning_momentum=0.000000
training_algorithm=2
train_error_function=1
train_stop_function=1
cascade_output_change_fraction=0.010000
quickprop_decay=-0.000100
quickprop_mu=1.750000
rprop_increase_factor=1.200000
rprop_decrease_factor=0.500000
rprop_delta_min=0.000000
rprop_delta_max=50.000000
rprop_delta_zero=0.100000
cascade_output_stagnation_epochs=12
cascade_candidate_change_fraction=0.010000
cascade_candidate_stagnation_epochs=12
cascade_max_out_epochs=150
cascade_min_out_epochs=50
cascade_max_cand_epochs=150
cascade_min_cand_epochs=50
cascade_num_candidate_groups=2
bit_fail_limit=1.00000000000000005551e-01
cascade_candidate_limit=1.00000000000000000000e+03
cascade_weight_multiplier=4.00000000000000022204e-01
cascade_activation_functions_count=10
cascade_activation_functions=3 5 7 8 10 11 14 15 16 17 
cascade_activation_steepnesses_count=4
cascade_activation_steepnesses=2.50000000000000000000e-01 5.00000000000000000000e-01 7.50000000000000000000e-01 1.00000000000000000000e+00 
layer_sizes=14 4 2 
scale_included=0
neurons (num_inputs, activation_function, activation_steepness)=(0, 0, 0.00000000000000000000e+00) (0, 0, 0.00000000000000000000e+00) (0, 0, 0.00000000000000000000e+00) (0, 0, 0.00000000000000000000e+00) (0, 0, 0.00000000000000000000e+00) (0, 0, 0.00000000000000000000e+00) (0, 0, 0.00000000000000000000e+00) (0, 0, 0.00000000000000000000e+00) (0, 0, 0.00000000000000000000e+00) (0, 0, 0.00000000000000000000e+00) (0, 0, 0.00000000000000000000e+00) (0, 0, 0.00000000000000000000e+00) (0, 0, 0.00000000000000000000e+00) (0, 0, 0.00000000000000000000e+00) (14, 6, 5.00000000000000000000e-01) (14, 6, 5.00000000000000000000e-01) (14, 6, 5.00000000000000000000e-01) (0, 6, 0.00000000000000000000e+00) (4, 4, 5.00000000000000000000e-01) (0, 4, 0.00000000000000000000e+00) 
connections (connected_to_neuron, weight)=(0, -6.63062909605869510443e+00) (1, 1.82617157427733789454e+00) (2, 2.72636742965547806961e+00) (3, 2.03532754683806438312e-02) (4, -1.07567841591017154812e+00) (5, -4.85950350817278109439e-01) (6, 2.05451542731653802321e+00) (7, 3.46415288564441814501e-01) (8, -3.70692262596054256107e-01) (9, -1.33432934892029564367e+00) (10, -1.10343089400603799888e+00) (11, 2.49197243599547757498e+00) (12, -7.63093580834895202081e-01) (13, -1.00447693101860235920e+00) (0, -2.00050950647315639586e+00) (1, 1.10871013128736617404e+00) (2, 5.71653258743158754207e-01) (3, 1.35429929579773226933e-02) (4, -1.01674845539636141134e-01) (5, -1.27422114931649732572e-01) (6, 7.81791184102980762916e-01) (7, 1.29841434696405966243e-01) (8, 8.70875493252054599935e-02) (9, -7.07610814303919033463e-01) (10, -6.48558825141582917517e-01) (11, 8.48373189038806985174e-01) (12, -2.79956892493175457659e-01) (13, -2.88835645082401226702e-01) (0, -5.32089558704107634668e+00) (1, 2.23532046603825129694e+00) (2, 1.11677973794510965178e+00) (3, 1.27679813690553811689e-03) (4, -4.34553350531057980266e-01) (5, -5.81378481939635483045e-01) (6, 1.55880926452842705210e+00) (7, -2.05657575767470429673e-02) (8, -2.84233974470584793703e-01) (9, -9.13660308542096677442e-01) (10, -8.74190615686023297926e-01) (11, 1.63852409601691229035e+00) (12, -5.30813171939348071859e-01) (13, -3.26828663363108118389e-01) (14, 1.07222710582073279539e+01) (15, 4.42929985292221584103e+00) (16, 2.13170726497626228380e+00) (17, -1.99147768626698629113e+00) 
