FANN_FLO_2.1
num_layers=3
learning_rate=0.700000
connection_rate=1.000000
network_type=0
learning_momentum=0.000000
training_algorithm=2
train_error_function=1
train_stop_function=1
cascade_output_change_fraction=0.010000
quickprop_decay=-0.000100
quickprop_mu=1.750000
rprop_increase_factor=1.200000
rprop_decrease_factor=0.500000
rprop_delta_min=0.000000
rprop_delta_max=50.000000
rprop_delta_zero=0.100000
cascade_output_stagnation_epochs=12
cascade_candidate_change_fraction=0.010000
cascade_candidate_stagnation_epochs=12
cascade_max_out_epochs=150
cascade_min_out_epochs=50
cascade_max_cand_epochs=150
cascade_min_cand_epochs=50
cascade_num_candidate_groups=2
bit_fail_limit=1.00000000000000005551e-01
cascade_candidate_limit=1.00000000000000000000e+03
cascade_weight_multiplier=4.00000000000000022204e-01
cascade_activation_functions_count=10
cascade_activation_functions=3 5 7 8 10 11 14 15 16 17 
cascade_activation_steepnesses_count=4
cascade_activation_steepnesses=2.50000000000000000000e-01 5.00000000000000000000e-01 7.50000000000000000000e-01 1.00000000000000000000e+00 
layer_sizes=10 4 2 
scale_included=0
neurons (num_inputs, activation_function, activation_steepness)=(0, 0, 0.00000000000000000000e+00) (0, 0, 0.00000000000000000000e+00) (0, 0, 0.00000000000000000000e+00) (0, 0, 0.00000000000000000000e+00) (0, 0, 0.00000000000000000000e+00) (0, 0, 0.00000000000000000000e+00) (0, 0, 0.00000000000000000000e+00) (0, 0, 0.00000000000000000000e+00) (0, 0, 0.00000000000000000000e+00) (0, 0, 0.00000000000000000000e+00) (10, 6, 5.00000000000000000000e-01) (10, 6, 5.00000000000000000000e-01) (10, 6, 5.00000000000000000000e-01) (0, 6, 0.00000000000000000000e+00) (4, 4, 5.00000000000000000000e-01) (0, 4, 0.00000000000000000000e+00) 
connections (connected_to_neuron, weight)=(0, -1.02958774387844842479e+00) (1, 7.52662717228692268456e-01) (2, 6.81452225822094970198e-01) (3, 7.05949692640640114050e-01) (4, -3.19348135516930364819e-01) (5, 1.74310327789017588396e-01) (6, 2.25490460658249425308e+00) (7, -7.15947744692666976363e-01) (8, -1.20148182246457468914e+00) (9, -1.08529353752189750004e+00) (0, -9.20584203749978291498e-01) (1, 8.38785878246587013329e-01) (2, 5.45996774068123968959e-01) (3, 9.22443146650220979765e-01) (4, -3.55470636413384222241e-01) (5, 1.17814447061752480828e+00) (6, 2.24660321438488530532e+00) (7, -8.03450209344728327743e-01) (8, -1.10507816779982004363e+00) (9, -1.11126335948163146305e+00) (0, -9.37840761691414948054e-01) (1, 8.20439076846402381982e-01) (2, 6.81929614475018652797e-01) (3, 9.97995043937589754179e-01) (4, -3.14122178404577623301e-01) (5, 1.08378663362597604802e+00) (6, 2.22153569871363210098e+00) (7, -7.85523538733823634139e-01) (8, -1.10482805180918131072e+00) (9, -1.12541985749655837346e+00) (10, 1.20846892254232756159e+01) (11, 1.35934713906934803163e+01) (12, 1.34995460412791317140e+01) (13, -9.84447407121000317431e-01) 
