FANN_FLO_2.1
num_layers=3
learning_rate=0.700000
connection_rate=1.000000
network_type=0
learning_momentum=0.000000
training_algorithm=2
train_error_function=1
train_stop_function=1
cascade_output_change_fraction=0.010000
quickprop_decay=-0.000100
quickprop_mu=1.750000
rprop_increase_factor=1.200000
rprop_decrease_factor=0.500000
rprop_delta_min=0.000000
rprop_delta_max=50.000000
rprop_delta_zero=0.100000
cascade_output_stagnation_epochs=12
cascade_candidate_change_fraction=0.010000
cascade_candidate_stagnation_epochs=12
cascade_max_out_epochs=150
cascade_min_out_epochs=50
cascade_max_cand_epochs=150
cascade_min_cand_epochs=50
cascade_num_candidate_groups=2
bit_fail_limit=1.00000000000000005551e-01
cascade_candidate_limit=1.00000000000000000000e+03
cascade_weight_multiplier=4.00000000000000022204e-01
cascade_activation_functions_count=10
cascade_activation_functions=3 5 7 8 10 11 14 15 16 17 
cascade_activation_steepnesses_count=4
cascade_activation_steepnesses=2.50000000000000000000e-01 5.00000000000000000000e-01 7.50000000000000000000e-01 1.00000000000000000000e+00 
layer_sizes=13 4 2 
scale_included=0
neurons (num_inputs, activation_function, activation_steepness)=(0, 0, 0.00000000000000000000e+00) (0, 0, 0.00000000000000000000e+00) (0, 0, 0.00000000000000000000e+00) (0, 0, 0.00000000000000000000e+00) (0, 0, 0.00000000000000000000e+00) (0, 0, 0.00000000000000000000e+00) (0, 0, 0.00000000000000000000e+00) (0, 0, 0.00000000000000000000e+00) (0, 0, 0.00000000000000000000e+00) (0, 0, 0.00000000000000000000e+00) (0, 0, 0.00000000000000000000e+00) (0, 0, 0.00000000000000000000e+00) (0, 0, 0.00000000000000000000e+00) (13, 6, 5.00000000000000000000e-01) (13, 6, 5.00000000000000000000e-01) (13, 6, 5.00000000000000000000e-01) (0, 6, 0.00000000000000000000e+00) (4, 4, 5.00000000000000000000e-01) (0, 4, 0.00000000000000000000e+00) 
connections (connected_to_neuron, weight)=(0, -7.80902547653923639892e-01) (1, 1.00564646147132985554e+00) (2, 1.78591492330098411401e-01) (3, -7.22634082552204737304e-01) (4, 1.34213420757096496549e-02) (5, 1.07154435090662114582e+00) (6, 1.09835979458195731606e-01) (7, -3.95506319395262512240e-02) (8, -3.47592363389217173797e-01) (9, 1.03363808460137623912e-01) (10, -7.91202684756527552246e-01) (11, -8.17970907207737574218e-01) (12, -1.83754560342985900911e-02) (0, -7.15542575236569056152e-01) (1, 9.84210783466111460704e-01) (2, 2.02104983636678059433e-01) (3, -8.65521697219620356201e-01) (4, 9.20744913824837890592e-02) (5, 9.47051776423465052623e-01) (6, 1.59473423775536582436e-01) (7, 3.58135181673806396452e-02) (8, -3.11310997487985408050e-01) (9, 1.41679886944196031795e-01) (10, -8.40961182382116922973e-01) (11, -7.64502396699200281738e-01) (12, -2.63939767992087126469e-03) (0, 1.36798678473466561734e+00) (1, -5.75768661489214572669e+00) (2, -2.61742435378724880302e-01) (3, 1.41816745088332818447e+00) (4, 9.95304480087688459022e-01) (5, -5.82448562969889316321e+00) (6, 6.04596863739417456074e-01) (7, 8.63119117808273328407e-01) (8, 2.57030781709992517392e+00) (9, 7.97295695689547390117e-01) (10, 1.43173468992942498623e+00) (11, 1.43359250710242913662e+00) (12, 1.00600577880137254105e+00) (13, 8.56763322242507840976e-01) (14, 5.60372549517815121689e-01) (15, -5.87585957338537845374e+00) (16, -9.18381474970631273003e-01) 
