FANN_FLO_2.1
num_layers=3
learning_rate=0.700000
connection_rate=1.000000
network_type=0
learning_momentum=0.000000
training_algorithm=2
train_error_function=1
train_stop_function=1
cascade_output_change_fraction=0.010000
quickprop_decay=-0.000100
quickprop_mu=1.750000
rprop_increase_factor=1.200000
rprop_decrease_factor=0.500000
rprop_delta_min=0.000000
rprop_delta_max=50.000000
rprop_delta_zero=0.100000
cascade_output_stagnation_epochs=12
cascade_candidate_change_fraction=0.010000
cascade_candidate_stagnation_epochs=12
cascade_max_out_epochs=150
cascade_min_out_epochs=50
cascade_max_cand_epochs=150
cascade_min_cand_epochs=50
cascade_num_candidate_groups=2
bit_fail_limit=1.00000000000000005551e-01
cascade_candidate_limit=1.00000000000000000000e+03
cascade_weight_multiplier=4.00000000000000022204e-01
cascade_activation_functions_count=10
cascade_activation_functions=3 5 7 8 10 11 14 15 16 17 
cascade_activation_steepnesses_count=4
cascade_activation_steepnesses=2.50000000000000000000e-01 5.00000000000000000000e-01 7.50000000000000000000e-01 1.00000000000000000000e+00 
layer_sizes=14 4 2 
scale_included=0
neurons (num_inputs, activation_function, activation_steepness)=(0, 0, 0.00000000000000000000e+00) (0, 0, 0.00000000000000000000e+00) (0, 0, 0.00000000000000000000e+00) (0, 0, 0.00000000000000000000e+00) (0, 0, 0.00000000000000000000e+00) (0, 0, 0.00000000000000000000e+00) (0, 0, 0.00000000000000000000e+00) (0, 0, 0.00000000000000000000e+00) (0, 0, 0.00000000000000000000e+00) (0, 0, 0.00000000000000000000e+00) (0, 0, 0.00000000000000000000e+00) (0, 0, 0.00000000000000000000e+00) (0, 0, 0.00000000000000000000e+00) (0, 0, 0.00000000000000000000e+00) (14, 6, 5.00000000000000000000e-01) (14, 6, 5.00000000000000000000e-01) (14, 6, 5.00000000000000000000e-01) (0, 6, 0.00000000000000000000e+00) (4, 4, 5.00000000000000000000e-01) (0, 4, 0.00000000000000000000e+00) 
connections (connected_to_neuron, weight)=(0, -1.00320570424168864498e+00) (1, 4.11842057305694730918e-01) (2, 5.46117894783759161292e-01) (3, 6.89764241793548893433e-01) (4, 3.93922031754741386322e-01) (5, 1.29339251406952182588e-01) (6, 6.05327894170725883116e-02) (7, 3.29810355294668233750e-01) (8, 1.24859850874779423902e-01) (9, 4.32072744707380829166e-01) (10, 5.15261543378910169544e-01) (11, 9.99018941801972926164e-02) (12, 8.76181144994683802629e-02) (13, 1.49042285246135858268e-01) (0, -3.01474316149919729924e+00) (1, 4.46738544553637983991e-01) (2, 2.30639786879263164465e+00) (3, 3.35186701823967203584e-01) (4, 2.07253309884194714119e-01) (5, 2.75459833820311111863e-02) (6, 3.24966259677855057175e-02) (7, 2.75505302173104871244e+00) (8, 2.13187719455597946006e-01) (9, 3.69847257054404021659e+00) (10, 2.57576887626071671100e-01) (11, 1.07405223695654777893e-01) (12, 1.46608062831778435120e-01) (13, 3.36165855948949363063e-02) (0, 1.97912350678270043680e+00) (1, -1.60754493648095797553e+00) (2, -1.00835848162299179798e+00) (3, -5.72869597631745941513e-01) (4, -6.15964744035879752104e-01) (5, 1.27609987956585801960e+00) (6, 8.60601140060167302259e-01) (7, -9.27373573565169584398e-01) (8, 3.06612902785803664862e-01) (9, -1.02297123976409332080e+00) (10, -6.88944302737111380353e-01) (11, 5.46036346084159851522e-01) (12, 6.08804581886810303182e-01) (13, 1.32691377480415573231e+00) (14, 8.18605218479456997471e-01) (15, 5.84055642769506944134e-01) (16, -1.86095787288727727571e+01) (17, -5.66670332831685663599e-01) 
