FANN_FLO_2.1
num_layers=3
learning_rate=0.700000
connection_rate=1.000000
network_type=0
learning_momentum=0.000000
training_algorithm=2
train_error_function=1
train_stop_function=1
cascade_output_change_fraction=0.010000
quickprop_decay=-0.000100
quickprop_mu=1.750000
rprop_increase_factor=1.200000
rprop_decrease_factor=0.500000
rprop_delta_min=0.000000
rprop_delta_max=50.000000
rprop_delta_zero=0.100000
cascade_output_stagnation_epochs=12
cascade_candidate_change_fraction=0.010000
cascade_candidate_stagnation_epochs=12
cascade_max_out_epochs=150
cascade_min_out_epochs=50
cascade_max_cand_epochs=150
cascade_min_cand_epochs=50
cascade_num_candidate_groups=2
bit_fail_limit=1.00000000000000005551e-01
cascade_candidate_limit=1.00000000000000000000e+03
cascade_weight_multiplier=4.00000000000000022204e-01
cascade_activation_functions_count=10
cascade_activation_functions=3 5 7 8 10 11 14 15 16 17 
cascade_activation_steepnesses_count=4
cascade_activation_steepnesses=2.50000000000000000000e-01 5.00000000000000000000e-01 7.50000000000000000000e-01 1.00000000000000000000e+00 
layer_sizes=15 4 2 
scale_included=0
neurons (num_inputs, activation_function, activation_steepness)=(0, 0, 0.00000000000000000000e+00) (0, 0, 0.00000000000000000000e+00) (0, 0, 0.00000000000000000000e+00) (0, 0, 0.00000000000000000000e+00) (0, 0, 0.00000000000000000000e+00) (0, 0, 0.00000000000000000000e+00) (0, 0, 0.00000000000000000000e+00) (0, 0, 0.00000000000000000000e+00) (0, 0, 0.00000000000000000000e+00) (0, 0, 0.00000000000000000000e+00) (0, 0, 0.00000000000000000000e+00) (0, 0, 0.00000000000000000000e+00) (0, 0, 0.00000000000000000000e+00) (0, 0, 0.00000000000000000000e+00) (0, 0, 0.00000000000000000000e+00) (15, 6, 5.00000000000000000000e-01) (15, 6, 5.00000000000000000000e-01) (15, 6, 5.00000000000000000000e-01) (0, 6, 0.00000000000000000000e+00) (4, 4, 5.00000000000000000000e-01) (0, 4, 0.00000000000000000000e+00) 
connections (connected_to_neuron, weight)=(0, -2.33600610484750559337e+00) (1, 7.09467451500660262198e-01) (2, 1.33707179612443582961e+00) (3, 6.39075334414738627231e+00) (4, 1.34888115829612620367e+00) (5, 2.69058388860723196601e+00) (6, 1.11561353783130345896e+00) (7, 2.02095362851678811422e-01) (8, 1.91073744664534261872e+00) (9, -8.89373221704518601705e-01) (10, 1.18483723307194144247e+00) (11, 1.13994574185547881129e+00) (12, 1.10732878546067881054e+00) (13, 1.51450828315343732910e+00) (14, -1.38269713310985231658e+00) (0, -2.67006255512822976428e+00) (1, 2.81683496260306576175e+00) (2, -2.72509575110323976066e-01) (3, 1.09262257013318153653e+00) (4, 7.85414348351060831455e-01) (5, 1.81258898597063589087e+00) (6, 2.65061079978372937660e+00) (7, 5.98752230632074389227e-01) (8, 1.85985970062234495792e+00) (9, -2.19823787086276478675e+00) (10, 1.97754863639192102198e+00) (11, 1.46629885097527612459e+00) (12, 2.61486292009463028307e+00) (13, 1.89608008914009573687e+00) (14, -2.46093386406336911421e+00) (0, -8.50611271651181111153e-01) (1, 8.24177494830851453678e-01) (2, 6.45923025125814898040e-01) (3, 1.65153954834095961779e+00) (4, 1.39546011614109732868e+00) (5, 3.00871878182670426938e+00) (6, 5.26584869478306627499e-01) (7, 2.50739894293006915227e-01) (8, 2.04780227160318872848e+00) (9, -1.82429911219318591220e-01) (10, 7.41815570148618097512e-01) (11, 4.79498876247619276736e-01) (12, 4.02091306654413616073e-01) (13, 4.78844411008082282422e-01) (14, -2.95771597563912136408e-01) (15, 2.27064867860976393743e+00) (16, 1.23703095450643658637e+01) (17, 5.82923401557904230508e-01) (18, -2.38577782357369549970e+00) 
