FANN_FLO_2.1
num_layers=3
learning_rate=0.700000
connection_rate=1.000000
network_type=0
learning_momentum=0.000000
training_algorithm=2
train_error_function=1
train_stop_function=1
cascade_output_change_fraction=0.010000
quickprop_decay=-0.000100
quickprop_mu=1.750000
rprop_increase_factor=1.200000
rprop_decrease_factor=0.500000
rprop_delta_min=0.000000
rprop_delta_max=50.000000
rprop_delta_zero=0.100000
cascade_output_stagnation_epochs=12
cascade_candidate_change_fraction=0.010000
cascade_candidate_stagnation_epochs=12
cascade_max_out_epochs=150
cascade_min_out_epochs=50
cascade_max_cand_epochs=150
cascade_min_cand_epochs=50
cascade_num_candidate_groups=2
bit_fail_limit=1.00000000000000005551e-01
cascade_candidate_limit=1.00000000000000000000e+03
cascade_weight_multiplier=4.00000000000000022204e-01
cascade_activation_functions_count=10
cascade_activation_functions=3 5 7 8 10 11 14 15 16 17 
cascade_activation_steepnesses_count=4
cascade_activation_steepnesses=2.50000000000000000000e-01 5.00000000000000000000e-01 7.50000000000000000000e-01 1.00000000000000000000e+00 
layer_sizes=11 4 2 
scale_included=0
neurons (num_inputs, activation_function, activation_steepness)=(0, 0, 0.00000000000000000000e+00) (0, 0, 0.00000000000000000000e+00) (0, 0, 0.00000000000000000000e+00) (0, 0, 0.00000000000000000000e+00) (0, 0, 0.00000000000000000000e+00) (0, 0, 0.00000000000000000000e+00) (0, 0, 0.00000000000000000000e+00) (0, 0, 0.00000000000000000000e+00) (0, 0, 0.00000000000000000000e+00) (0, 0, 0.00000000000000000000e+00) (0, 0, 0.00000000000000000000e+00) (11, 6, 5.00000000000000000000e-01) (11, 6, 5.00000000000000000000e-01) (11, 6, 5.00000000000000000000e-01) (0, 6, 0.00000000000000000000e+00) (4, 4, 5.00000000000000000000e-01) (0, 4, 0.00000000000000000000e+00) 
connections (connected_to_neuron, weight)=(0, 1.06578948303821596788e+00) (1, -3.20498875170482389052e+00) (2, -2.29558265845297704288e+00) (3, -4.31954521081232278856e-01) (4, 1.78026871701824407346e-01) (5, 3.36324380903091579853e+00) (6, -3.44990223968094777973e+00) (7, -5.02642581585239889286e-01) (8, -1.24106531460960711755e+00) (9, -2.79780698680863970651e+00) (10, 3.06660548452432912825e+00) (0, -1.14900468710220571289e+00) (1, 1.39772032740407792240e+00) (2, 1.84813553051807555327e+00) (3, 4.62428601338773670459e-01) (4, -5.95770698912564844463e-01) (5, -2.00474782790856798087e+00) (6, 1.89751270983827091676e+00) (7, -9.39631239792404149291e-01) (8, 7.65182726906858512450e-01) (9, 1.26736845529261521470e+00) (10, -1.23791075173176046142e+00) (0, -2.28826487738428419050e+00) (1, -1.80220911801089700432e+00) (2, 1.60155775911819837631e+01) (3, 4.58683239538252462975e-01) (4, 1.48825680190842440931e-01) (5, -3.93077222394704550723e-01) (6, 1.78981460324102066295e+01) (7, 2.03170513871083580071e+00) (8, -1.51144783216950728821e+00) (9, -2.77774659185709449361e+00) (10, -2.37143447179136623859e+00) (11, -6.57562420270823899671e+00) (12, 7.32913522431087827158e+00) (13, 1.90589576791049619686e+00) (14, -1.26692749713314989357e+00) 
