FANN_FLO_2.1
num_layers=3
learning_rate=0.700000
connection_rate=1.000000
network_type=0
learning_momentum=0.000000
training_algorithm=2
train_error_function=1
train_stop_function=1
cascade_output_change_fraction=0.010000
quickprop_decay=-0.000100
quickprop_mu=1.750000
rprop_increase_factor=1.200000
rprop_decrease_factor=0.500000
rprop_delta_min=0.000000
rprop_delta_max=50.000000
rprop_delta_zero=0.100000
cascade_output_stagnation_epochs=12
cascade_candidate_change_fraction=0.010000
cascade_candidate_stagnation_epochs=12
cascade_max_out_epochs=150
cascade_min_out_epochs=50
cascade_max_cand_epochs=150
cascade_min_cand_epochs=50
cascade_num_candidate_groups=2
bit_fail_limit=1.00000000000000005551e-01
cascade_candidate_limit=1.00000000000000000000e+03
cascade_weight_multiplier=4.00000000000000022204e-01
cascade_activation_functions_count=10
cascade_activation_functions=3 5 7 8 10 11 14 15 16 17 
cascade_activation_steepnesses_count=4
cascade_activation_steepnesses=2.50000000000000000000e-01 5.00000000000000000000e-01 7.50000000000000000000e-01 1.00000000000000000000e+00 
layer_sizes=9 4 2 
scale_included=0
neurons (num_inputs, activation_function, activation_steepness)=(0, 0, 0.00000000000000000000e+00) (0, 0, 0.00000000000000000000e+00) (0, 0, 0.00000000000000000000e+00) (0, 0, 0.00000000000000000000e+00) (0, 0, 0.00000000000000000000e+00) (0, 0, 0.00000000000000000000e+00) (0, 0, 0.00000000000000000000e+00) (0, 0, 0.00000000000000000000e+00) (0, 0, 0.00000000000000000000e+00) (9, 6, 5.00000000000000000000e-01) (9, 6, 5.00000000000000000000e-01) (9, 6, 5.00000000000000000000e-01) (0, 6, 0.00000000000000000000e+00) (4, 4, 5.00000000000000000000e-01) (0, 4, 0.00000000000000000000e+00) 
connections (connected_to_neuron, weight)=(0, 9.99799163770108356708e-01) (1, -1.51975131512645900145e+00) (2, -8.85221565726188375223e-01) (3, 7.86892481803445550947e-03) (4, 1.75204800150389972124e-01) (5, 2.41126948983936245652e-01) (6, -5.26966177951701253424e-02) (7, 3.90396636471779467925e-01) (8, 9.89352160822777881855e-01) (0, 9.93859993051915302509e-01) (1, -1.60828447819713771239e+00) (2, -9.14635072114852620828e-01) (3, 1.01500389679672550769e-01) (4, 1.66646049997802081499e-01) (5, 2.60733978839187585663e-01) (6, -4.10509579908259480963e-02) (7, 3.96881353602440478667e-01) (8, 9.32903067898183002704e-01) (0, -5.75988398417160141207e+00) (1, 7.39541859720053196270e+00) (2, 6.88876762446769586035e+00) (3, 1.04413578612365798293e+00) (4, -2.88568122997321596657e-01) (5, -8.19011935882800745645e-01) (6, 7.78858531853112712184e-01) (7, -1.48851944153058046716e+00) (8, -7.59880464217925855053e+00) (9, -2.71539735408855475995e+00) (10, -2.47994972894893317417e+00) (11, 4.94590430534735503443e+00) (12, -1.39995676010492697827e+00) 
