FANN_FLO_2.1
num_layers=3
learning_rate=0.700000
connection_rate=1.000000
network_type=0
learning_momentum=0.000000
training_algorithm=2
train_error_function=1
train_stop_function=1
cascade_output_change_fraction=0.010000
quickprop_decay=-0.000100
quickprop_mu=1.750000
rprop_increase_factor=1.200000
rprop_decrease_factor=0.500000
rprop_delta_min=0.000000
rprop_delta_max=50.000000
rprop_delta_zero=0.100000
cascade_output_stagnation_epochs=12
cascade_candidate_change_fraction=0.010000
cascade_candidate_stagnation_epochs=12
cascade_max_out_epochs=150
cascade_min_out_epochs=50
cascade_max_cand_epochs=150
cascade_min_cand_epochs=50
cascade_num_candidate_groups=2
bit_fail_limit=1.00000000000000005551e-01
cascade_candidate_limit=1.00000000000000000000e+03
cascade_weight_multiplier=4.00000000000000022204e-01
cascade_activation_functions_count=10
cascade_activation_functions=3 5 7 8 10 11 14 15 16 17 
cascade_activation_steepnesses_count=4
cascade_activation_steepnesses=2.50000000000000000000e-01 5.00000000000000000000e-01 7.50000000000000000000e-01 1.00000000000000000000e+00 
layer_sizes=11 4 2 
scale_included=0
neurons (num_inputs, activation_function, activation_steepness)=(0, 0, 0.00000000000000000000e+00) (0, 0, 0.00000000000000000000e+00) (0, 0, 0.00000000000000000000e+00) (0, 0, 0.00000000000000000000e+00) (0, 0, 0.00000000000000000000e+00) (0, 0, 0.00000000000000000000e+00) (0, 0, 0.00000000000000000000e+00) (0, 0, 0.00000000000000000000e+00) (0, 0, 0.00000000000000000000e+00) (0, 0, 0.00000000000000000000e+00) (0, 0, 0.00000000000000000000e+00) (11, 6, 5.00000000000000000000e-01) (11, 6, 5.00000000000000000000e-01) (11, 6, 5.00000000000000000000e-01) (0, 6, 0.00000000000000000000e+00) (4, 4, 5.00000000000000000000e-01) (0, 4, 0.00000000000000000000e+00) 
connections (connected_to_neuron, weight)=(0, 2.80318807897635657866e+00) (1, -2.12896627355038470242e+00) (2, -1.42373862692931174578e+00) (3, -9.79011088730785794532e-01) (4, -1.70437419631650466378e+00) (5, 7.22255236895616881121e-01) (6, 1.86411054105861317964e+00) (7, -5.05073209864501326827e-01) (8, -1.10084985994953976629e+00) (9, -2.54898753105905928606e+00) (10, 2.79076718745922347509e+00) (0, -1.12705386312842525953e+00) (1, 2.59904293362768656905e+00) (2, 3.30083624779724971177e-01) (3, 2.80947285539493440965e-01) (4, 1.57565836351901822354e+00) (5, 2.64689455984748800432e+00) (6, 1.01768765443822517547e+00) (7, -1.26498592143233806739e-01) (8, 4.87972761653803155379e-01) (9, 1.75485684960348309325e+00) (10, -1.15112823297088340269e+00) (0, -2.59943937916617695549e+00) (1, 1.63629199130151259389e+00) (2, 9.12691342478400002847e-01) (3, 1.32472133899261845791e+00) (4, 3.67360657305440607701e+00) (5, 2.56677035196390068705e+00) (6, 1.40977268411617795429e+00) (7, 1.57333115901455511398e+00) (8, 1.15471004776259777991e+00) (9, 1.77933802268557994530e+00) (10, -2.30566511321100531262e+00) (11, -3.99839805010727999957e+00) (12, 4.24330374124992371065e+00) (13, 7.88098693041704478901e+00) (14, -1.16937180807694618423e+00) 
