FANN_FLO_2.1
num_layers=3
learning_rate=0.700000
connection_rate=1.000000
network_type=0
learning_momentum=0.000000
training_algorithm=2
train_error_function=1
train_stop_function=1
cascade_output_change_fraction=0.010000
quickprop_decay=-0.000100
quickprop_mu=1.750000
rprop_increase_factor=1.200000
rprop_decrease_factor=0.500000
rprop_delta_min=0.000000
rprop_delta_max=50.000000
rprop_delta_zero=0.100000
cascade_output_stagnation_epochs=12
cascade_candidate_change_fraction=0.010000
cascade_candidate_stagnation_epochs=12
cascade_max_out_epochs=150
cascade_min_out_epochs=50
cascade_max_cand_epochs=150
cascade_min_cand_epochs=50
cascade_num_candidate_groups=2
bit_fail_limit=1.00000000000000005551e-01
cascade_candidate_limit=1.00000000000000000000e+03
cascade_weight_multiplier=4.00000000000000022204e-01
cascade_activation_functions_count=10
cascade_activation_functions=3 5 7 8 10 11 14 15 16 17 
cascade_activation_steepnesses_count=4
cascade_activation_steepnesses=2.50000000000000000000e-01 5.00000000000000000000e-01 7.50000000000000000000e-01 1.00000000000000000000e+00 
layer_sizes=11 4 2 
scale_included=0
neurons (num_inputs, activation_function, activation_steepness)=(0, 0, 0.00000000000000000000e+00) (0, 0, 0.00000000000000000000e+00) (0, 0, 0.00000000000000000000e+00) (0, 0, 0.00000000000000000000e+00) (0, 0, 0.00000000000000000000e+00) (0, 0, 0.00000000000000000000e+00) (0, 0, 0.00000000000000000000e+00) (0, 0, 0.00000000000000000000e+00) (0, 0, 0.00000000000000000000e+00) (0, 0, 0.00000000000000000000e+00) (0, 0, 0.00000000000000000000e+00) (11, 6, 5.00000000000000000000e-01) (11, 6, 5.00000000000000000000e-01) (11, 6, 5.00000000000000000000e-01) (0, 6, 0.00000000000000000000e+00) (4, 4, 5.00000000000000000000e-01) (0, 4, 0.00000000000000000000e+00) 
connections (connected_to_neuron, weight)=(0, -1.92395903222651476483e+00) (1, 1.68268661430826815817e+00) (2, 9.07940740529200929210e-01) (3, 1.58063847056379946920e+00) (4, 6.84049039435041250634e-01) (5, 1.62139960030708607519e+00) (6, 1.69033621481409701559e+00) (7, 1.54939813156187855547e+00) (8, 1.95415741653793983978e+00) (9, 5.59662252487474587426e-01) (10, -1.96975519279351196644e+00) (0, -1.89257852413148874859e+00) (1, 1.86423597593060286215e+00) (2, 1.04334270099153281208e+00) (3, 1.60190996012440356466e+00) (4, 7.57294341277730764794e-01) (5, 1.98567701406870300573e+00) (6, 1.56720415732613238546e+00) (7, 1.54056185100734555071e+00) (8, 1.85779037775152833234e+00) (9, 1.20831786744421876278e+00) (10, -2.01437319213857612965e+00) (0, -6.96130508360034705451e-02) (1, 1.11239121367398841045e+00) (2, 6.78543329048242216395e-01) (3, 4.48968133895228993513e-01) (4, 4.69550112952968001778e-01) (5, 1.09053239002593338469e+00) (6, 3.29747559174567550500e-01) (7, 1.32477265081835160476e-01) (8, 1.26799775135827363926e+00) (9, 7.09634856815917092199e-01) (10, -2.18588173009154118631e-01) (11, 1.26979605270003794715e+01) (12, 1.27040696007585047766e+01) (13, 5.57514789910099728409e-01) (14, -1.87406281153073273060e+00) 
