FANN_FLO_2.1
num_layers=3
learning_rate=0.700000
connection_rate=1.000000
network_type=0
learning_momentum=0.000000
training_algorithm=2
train_error_function=1
train_stop_function=1
cascade_output_change_fraction=0.010000
quickprop_decay=-0.000100
quickprop_mu=1.750000
rprop_increase_factor=1.200000
rprop_decrease_factor=0.500000
rprop_delta_min=0.000000
rprop_delta_max=50.000000
rprop_delta_zero=0.100000
cascade_output_stagnation_epochs=12
cascade_candidate_change_fraction=0.010000
cascade_candidate_stagnation_epochs=12
cascade_max_out_epochs=150
cascade_min_out_epochs=50
cascade_max_cand_epochs=150
cascade_min_cand_epochs=50
cascade_num_candidate_groups=2
bit_fail_limit=1.00000000000000005551e-01
cascade_candidate_limit=1.00000000000000000000e+03
cascade_weight_multiplier=4.00000000000000022204e-01
cascade_activation_functions_count=10
cascade_activation_functions=3 5 7 8 10 11 14 15 16 17 
cascade_activation_steepnesses_count=4
cascade_activation_steepnesses=2.50000000000000000000e-01 5.00000000000000000000e-01 7.50000000000000000000e-01 1.00000000000000000000e+00 
layer_sizes=15 4 2 
scale_included=0
neurons (num_inputs, activation_function, activation_steepness)=(0, 0, 0.00000000000000000000e+00) (0, 0, 0.00000000000000000000e+00) (0, 0, 0.00000000000000000000e+00) (0, 0, 0.00000000000000000000e+00) (0, 0, 0.00000000000000000000e+00) (0, 0, 0.00000000000000000000e+00) (0, 0, 0.00000000000000000000e+00) (0, 0, 0.00000000000000000000e+00) (0, 0, 0.00000000000000000000e+00) (0, 0, 0.00000000000000000000e+00) (0, 0, 0.00000000000000000000e+00) (0, 0, 0.00000000000000000000e+00) (0, 0, 0.00000000000000000000e+00) (0, 0, 0.00000000000000000000e+00) (0, 0, 0.00000000000000000000e+00) (15, 6, 5.00000000000000000000e-01) (15, 6, 5.00000000000000000000e-01) (15, 6, 5.00000000000000000000e-01) (0, 6, 0.00000000000000000000e+00) (4, 4, 5.00000000000000000000e-01) (0, 4, 0.00000000000000000000e+00) 
connections (connected_to_neuron, weight)=(0, 5.30419215728155357681e+00) (1, -2.86944803153570271448e+00) (2, -9.98272320889779796182e-01) (3, -1.53089435890374625515e+00) (4, -1.90482625196116028832e+00) (5, -1.55838488932268237619e+00) (6, -1.37524258681543765093e+00) (7, 2.80209610465464242779e+00) (8, -1.27257383613959529356e+00) (9, -9.36310076443115701927e-01) (10, -1.78138299520767606765e+00) (11, -2.64322534554918586736e+00) (12, -1.30720971770503835430e+00) (13, -1.75200806992706814569e+00) (14, 2.45287759815960004772e+00) (0, 3.45862133592687870376e+00) (1, -1.66223006074451129521e+00) (2, -5.20991140646691941463e-01) (3, -5.97974701377330219998e-01) (4, -1.95803310552971399083e+00) (5, -1.07379508066949336254e+00) (6, -1.32304078676708636308e+00) (7, 1.41913132975929823232e+00) (8, -1.11101967095509746031e+00) (9, -1.20317494123355128721e+00) (10, -1.64122040374690358888e+00) (11, -1.71515846569817498324e-01) (12, -9.12874595824672896427e-01) (13, -1.70296010179930989992e+00) (14, 1.71670673851656530040e+00) (0, 1.88827348564632768735e+00) (1, -1.48742519903650949331e+00) (2, -3.84212983442302369319e-01) (3, -1.03953658439734342167e+00) (4, -1.42554563763437203150e+00) (5, -1.07988435823497264110e+00) (6, -9.20853818370588328435e-01) (7, 1.30530360947483625722e+00) (8, -1.13264462350980021910e+00) (9, -1.20171710847989299253e+00) (10, -1.81291933162623664089e+00) (11, 9.46895153868727856850e-02) (12, -9.73951855305626112980e-01) (13, -1.82115375800544043727e+00) (14, 1.79963690851616475719e+00) (15, -3.67362208805222056895e+00) (16, -8.17701746590861056063e+00) (17, -8.51830127454395125142e+00) (18, -9.53535949618935507743e-01) 
