FANN_FLO_2.1
num_layers=3
learning_rate=0.700000
connection_rate=1.000000
network_type=0
learning_momentum=0.000000
training_algorithm=2
train_error_function=1
train_stop_function=1
cascade_output_change_fraction=0.010000
quickprop_decay=-0.000100
quickprop_mu=1.750000
rprop_increase_factor=1.200000
rprop_decrease_factor=0.500000
rprop_delta_min=0.000000
rprop_delta_max=50.000000
rprop_delta_zero=0.100000
cascade_output_stagnation_epochs=12
cascade_candidate_change_fraction=0.010000
cascade_candidate_stagnation_epochs=12
cascade_max_out_epochs=150
cascade_min_out_epochs=50
cascade_max_cand_epochs=150
cascade_min_cand_epochs=50
cascade_num_candidate_groups=2
bit_fail_limit=1.00000000000000005551e-01
cascade_candidate_limit=1.00000000000000000000e+03
cascade_weight_multiplier=4.00000000000000022204e-01
cascade_activation_functions_count=10
cascade_activation_functions=3 5 7 8 10 11 14 15 16 17 
cascade_activation_steepnesses_count=4
cascade_activation_steepnesses=2.50000000000000000000e-01 5.00000000000000000000e-01 7.50000000000000000000e-01 1.00000000000000000000e+00 
layer_sizes=11 4 2 
scale_included=0
neurons (num_inputs, activation_function, activation_steepness)=(0, 0, 0.00000000000000000000e+00) (0, 0, 0.00000000000000000000e+00) (0, 0, 0.00000000000000000000e+00) (0, 0, 0.00000000000000000000e+00) (0, 0, 0.00000000000000000000e+00) (0, 0, 0.00000000000000000000e+00) (0, 0, 0.00000000000000000000e+00) (0, 0, 0.00000000000000000000e+00) (0, 0, 0.00000000000000000000e+00) (0, 0, 0.00000000000000000000e+00) (0, 0, 0.00000000000000000000e+00) (11, 6, 5.00000000000000000000e-01) (11, 6, 5.00000000000000000000e-01) (11, 6, 5.00000000000000000000e-01) (0, 6, 0.00000000000000000000e+00) (4, 4, 5.00000000000000000000e-01) (0, 4, 0.00000000000000000000e+00) 
connections (connected_to_neuron, weight)=(0, -1.26983742695196410999e+00) (1, 5.50941478875804802051e-01) (2, 1.29255289536451165588e+01) (3, -4.80277003174976041544e-03) (4, 1.39306105071391472805e+00) (5, -1.02355227960296546463e+00) (6, 1.42958783019862121222e+01) (7, -1.07892042604185633969e+00) (8, -4.67076381733829038012e-01) (9, -1.45541239658197374407e-01) (10, -3.19095350538883870684e+00) (0, 3.41450761785765222189e-01) (1, -4.41164046021498545969e+00) (2, -2.36734790226062496998e+00) (3, -9.14327235135888649609e-01) (4, -6.45904129189235620689e-02) (5, 4.98706261607360357146e+00) (6, -3.01227057545736176536e+00) (7, -2.45803411757451062414e+00) (8, -4.11015433996396239991e+00) (9, 1.63661089635213530258e-01) (10, 4.03629713559313874072e+00) (0, 9.15454152838619250598e-02) (1, -7.52896645215216375746e-01) (2, -1.23237598664655056968e-01) (3, -7.19768168761807242140e-02) (4, 5.02913909956083024499e-02) (5, 5.92108313257864393719e-01) (6, 6.43887290093015651760e-02) (7, -2.58159766950143254594e-01) (8, -3.57343992548666389286e-01) (9, -3.35990008091665501300e-02) (10, 4.30370394007595011288e-02) (11, 3.35425511413601640243e+00) (12, -6.78038159015107488869e+00) (13, 5.48167357229936216823e-02) (14, -1.85429412765007128883e+00) 
