FANN_FLO_2.1
num_layers=3
learning_rate=0.700000
connection_rate=1.000000
network_type=0
learning_momentum=0.000000
training_algorithm=2
train_error_function=1
train_stop_function=1
cascade_output_change_fraction=0.010000
quickprop_decay=-0.000100
quickprop_mu=1.750000
rprop_increase_factor=1.200000
rprop_decrease_factor=0.500000
rprop_delta_min=0.000000
rprop_delta_max=50.000000
rprop_delta_zero=0.100000
cascade_output_stagnation_epochs=12
cascade_candidate_change_fraction=0.010000
cascade_candidate_stagnation_epochs=12
cascade_max_out_epochs=150
cascade_min_out_epochs=50
cascade_max_cand_epochs=150
cascade_min_cand_epochs=50
cascade_num_candidate_groups=2
bit_fail_limit=1.00000000000000005551e-01
cascade_candidate_limit=1.00000000000000000000e+03
cascade_weight_multiplier=4.00000000000000022204e-01
cascade_activation_functions_count=10
cascade_activation_functions=3 5 7 8 10 11 14 15 16 17 
cascade_activation_steepnesses_count=4
cascade_activation_steepnesses=2.50000000000000000000e-01 5.00000000000000000000e-01 7.50000000000000000000e-01 1.00000000000000000000e+00 
layer_sizes=15 4 2 
scale_included=0
neurons (num_inputs, activation_function, activation_steepness)=(0, 0, 0.00000000000000000000e+00) (0, 0, 0.00000000000000000000e+00) (0, 0, 0.00000000000000000000e+00) (0, 0, 0.00000000000000000000e+00) (0, 0, 0.00000000000000000000e+00) (0, 0, 0.00000000000000000000e+00) (0, 0, 0.00000000000000000000e+00) (0, 0, 0.00000000000000000000e+00) (0, 0, 0.00000000000000000000e+00) (0, 0, 0.00000000000000000000e+00) (0, 0, 0.00000000000000000000e+00) (0, 0, 0.00000000000000000000e+00) (0, 0, 0.00000000000000000000e+00) (0, 0, 0.00000000000000000000e+00) (0, 0, 0.00000000000000000000e+00) (15, 6, 5.00000000000000000000e-01) (15, 6, 5.00000000000000000000e-01) (15, 6, 5.00000000000000000000e-01) (0, 6, 0.00000000000000000000e+00) (4, 4, 5.00000000000000000000e-01) (0, 4, 0.00000000000000000000e+00) 
connections (connected_to_neuron, weight)=(0, 1.22695554829980679745e-01) (1, 5.39312864757186649634e-01) (2, 1.14460204578782864804e-01) (3, 2.15486299525843139069e-01) (4, 3.86846892906682823798e-02) (5, 6.11740056410006033394e-03) (6, 7.61807582057955345878e-02) (7, 3.29419950519838633518e-02) (8, -4.90950148068428487980e-02) (9, 5.60927949017888782812e-01) (10, 1.52780045606042719220e-01) (11, 5.49814905143386600805e-01) (12, -1.86125665532094822230e-02) (13, 2.60158904367831289584e-01) (14, 2.89291076733129357001e-02) (0, -4.28355194832022223572e-01) (1, 3.07369802693588578535e+00) (2, -5.03925800527269762696e-01) (3, 3.65997119384017910448e-01) (4, -5.90345278586084765138e-01) (5, -4.99251857603723980805e-01) (6, -2.53055202426316294684e-01) (7, 6.37821802359851558473e-02) (8, 1.02551470695140548028e-01) (9, 3.10165045956833207441e+00) (10, -4.13449369574720893006e-01) (11, 2.95048751483423554731e+00) (12, -4.55719150806601080994e-01) (13, -1.60433163387178334691e-01) (14, -4.49367307330305609803e-01) (0, -1.31467806228126860013e+00) (1, 7.00643331311350259227e+00) (2, -1.25828125008072233548e+00) (3, 6.90192929529365395425e-01) (4, -7.53885607314667915979e-01) (5, -1.39626914688076353421e+00) (6, -8.39828225863537891627e-01) (7, 3.03037192438159186381e-01) (8, -9.24100667411975051913e-02) (9, 7.19385190061932000560e+00) (10, -7.26417939258179878870e-01) (11, 7.03629053137903603954e+00) (12, -9.05549372625908954859e-01) (13, -4.98688600863908981786e-01) (14, -1.41964032181228971830e+00) (15, 4.79856998099344109199e-02) (16, 2.86943800191147158074e+00) (17, 3.92039457151783610200e+00) (18, -1.25974303909267759671e+00) 
