FANN_FLO_2.1
num_layers=3
learning_rate=0.700000
connection_rate=1.000000
network_type=0
learning_momentum=0.000000
training_algorithm=2
train_error_function=1
train_stop_function=1
cascade_output_change_fraction=0.010000
quickprop_decay=-0.000100
quickprop_mu=1.750000
rprop_increase_factor=1.200000
rprop_decrease_factor=0.500000
rprop_delta_min=0.000000
rprop_delta_max=50.000000
rprop_delta_zero=0.100000
cascade_output_stagnation_epochs=12
cascade_candidate_change_fraction=0.010000
cascade_candidate_stagnation_epochs=12
cascade_max_out_epochs=150
cascade_min_out_epochs=50
cascade_max_cand_epochs=150
cascade_min_cand_epochs=50
cascade_num_candidate_groups=2
bit_fail_limit=1.00000000000000005551e-01
cascade_candidate_limit=1.00000000000000000000e+03
cascade_weight_multiplier=4.00000000000000022204e-01
cascade_activation_functions_count=10
cascade_activation_functions=3 5 7 8 10 11 14 15 16 17 
cascade_activation_steepnesses_count=4
cascade_activation_steepnesses=2.50000000000000000000e-01 5.00000000000000000000e-01 7.50000000000000000000e-01 1.00000000000000000000e+00 
layer_sizes=15 4 2 
scale_included=0
neurons (num_inputs, activation_function, activation_steepness)=(0, 0, 0.00000000000000000000e+00) (0, 0, 0.00000000000000000000e+00) (0, 0, 0.00000000000000000000e+00) (0, 0, 0.00000000000000000000e+00) (0, 0, 0.00000000000000000000e+00) (0, 0, 0.00000000000000000000e+00) (0, 0, 0.00000000000000000000e+00) (0, 0, 0.00000000000000000000e+00) (0, 0, 0.00000000000000000000e+00) (0, 0, 0.00000000000000000000e+00) (0, 0, 0.00000000000000000000e+00) (0, 0, 0.00000000000000000000e+00) (0, 0, 0.00000000000000000000e+00) (0, 0, 0.00000000000000000000e+00) (0, 0, 0.00000000000000000000e+00) (15, 6, 5.00000000000000000000e-01) (15, 6, 5.00000000000000000000e-01) (15, 6, 5.00000000000000000000e-01) (0, 6, 0.00000000000000000000e+00) (4, 4, 5.00000000000000000000e-01) (0, 4, 0.00000000000000000000e+00) 
connections (connected_to_neuron, weight)=(0, 1.21893878568669267182e+00) (1, -1.50290877116056709184e+00) (2, 3.00400624646350422609e-01) (3, -8.58844763574439062914e-01) (4, -1.26550860306412826795e+00) (5, 2.46153449432390369900e-01) (6, -1.47010844689937858476e+00) (7, 1.56446830758099952874e-01) (8, -1.10933759620448801897e+00) (9, 8.17702885141816215864e-01) (10, -4.33834388823748140496e-01) (11, -1.21345041337127534931e+00) (12, 1.98750102374159104412e-01) (13, 2.92617106749610444982e-01) (14, 1.28438320503237002335e+00) (0, 3.92110903260791054947e+00) (1, -2.75316429712733734547e+00) (2, -1.17568635289637346553e+00) (3, -2.71651322893096747180e+00) (4, -3.14752376755692342414e+00) (5, -3.66661565088808760748e-01) (6, -2.77580877208870635542e+00) (7, -2.21091286305429557402e+00) (8, -4.08093268282250143386e+00) (9, 6.11416701993164579676e+00) (10, 1.19840348818071262826e+00) (11, -3.43272145691200991635e+00) (12, -2.96488236057789977806e+00) (13, -2.57662217976509744233e+00) (14, 3.91838170287692300064e+00) (0, -7.25959438184043404085e-01) (1, 1.29800001727509117799e+00) (2, 1.01132273093886704274e+00) (3, 1.13485110583771398041e+00) (4, 1.33822405624308737870e+00) (5, 7.20132145266420331531e-01) (6, 1.35775951758814317216e+00) (7, -4.88509991468074777909e-01) (8, 2.08315933904404886334e+01) (9, 1.78090254668043912467e+00) (10, -4.58569838630871196017e-01) (11, 1.17225089333169396610e+00) (12, 2.67444691533331516120e-02) (13, -1.36741945292607147699e+00) (14, -1.46445065656863482317e+00) (15, -1.39950894574852959806e+01) (16, -6.17817647377170153788e+00) (17, 6.21777615083679613406e+00) (18, -2.00740513009869081529e+00) 
