FANN_FLO_2.1
num_layers=3
learning_rate=0.700000
connection_rate=1.000000
network_type=0
learning_momentum=0.000000
training_algorithm=2
train_error_function=1
train_stop_function=1
cascade_output_change_fraction=0.010000
quickprop_decay=-0.000100
quickprop_mu=1.750000
rprop_increase_factor=1.200000
rprop_decrease_factor=0.500000
rprop_delta_min=0.000000
rprop_delta_max=50.000000
rprop_delta_zero=0.100000
cascade_output_stagnation_epochs=12
cascade_candidate_change_fraction=0.010000
cascade_candidate_stagnation_epochs=12
cascade_max_out_epochs=150
cascade_min_out_epochs=50
cascade_max_cand_epochs=150
cascade_min_cand_epochs=50
cascade_num_candidate_groups=2
bit_fail_limit=1.00000000000000005551e-01
cascade_candidate_limit=1.00000000000000000000e+03
cascade_weight_multiplier=4.00000000000000022204e-01
cascade_activation_functions_count=10
cascade_activation_functions=3 5 7 8 10 11 14 15 16 17 
cascade_activation_steepnesses_count=4
cascade_activation_steepnesses=2.50000000000000000000e-01 5.00000000000000000000e-01 7.50000000000000000000e-01 1.00000000000000000000e+00 
layer_sizes=9 4 2 
scale_included=0
neurons (num_inputs, activation_function, activation_steepness)=(0, 0, 0.00000000000000000000e+00) (0, 0, 0.00000000000000000000e+00) (0, 0, 0.00000000000000000000e+00) (0, 0, 0.00000000000000000000e+00) (0, 0, 0.00000000000000000000e+00) (0, 0, 0.00000000000000000000e+00) (0, 0, 0.00000000000000000000e+00) (0, 0, 0.00000000000000000000e+00) (0, 0, 0.00000000000000000000e+00) (9, 6, 5.00000000000000000000e-01) (9, 6, 5.00000000000000000000e-01) (9, 6, 5.00000000000000000000e-01) (0, 6, 0.00000000000000000000e+00) (4, 4, 5.00000000000000000000e-01) (0, 4, 0.00000000000000000000e+00) 
connections (connected_to_neuron, weight)=(0, -5.87723595835892620443e+00) (1, 6.23706538802287191459e+00) (2, 5.25819365299445884432e+00) (3, -1.21081201976704577739e-01) (4, -5.35195578777354907807e-01) (5, 5.77327709341424633038e-01) (6, 6.37609677319819767582e-02) (7, 1.67009209549288217822e-01) (8, -5.98367325403420391439e+00) (0, -1.16041392154150679872e+00) (1, 1.59496732641298644140e+00) (2, 1.75671452374454428735e+00) (3, -1.04491759932016300971e-01) (4, -2.02499296424508312686e-01) (5, 5.60263888178064384249e-01) (6, 4.84174835206410303368e-01) (7, 3.14645441891095001274e-01) (8, -1.25099730557852462098e+00) (0, 1.08807986784619536991e+00) (1, -7.13794525443397609443e-01) (2, -5.89520342739803249188e-01) (3, 4.18844203766129796751e-01) (4, 3.39279740707463139948e-01) (5, 1.00239126507472617322e-01) (6, 9.08787329928740228446e-02) (7, 1.06965944661365414126e-01) (8, 5.04388205510606923987e-01) (9, 7.34107469155269054539e+00) (10, 1.08605706617604935715e+00) (11, -6.46998318428489227472e+00) (12, -1.01711762504921732209e+00) 
