FANN_FLO_2.1
num_layers=3
learning_rate=0.700000
connection_rate=1.000000
network_type=0
learning_momentum=0.000000
training_algorithm=2
train_error_function=1
train_stop_function=1
cascade_output_change_fraction=0.010000
quickprop_decay=-0.000100
quickprop_mu=1.750000
rprop_increase_factor=1.200000
rprop_decrease_factor=0.500000
rprop_delta_min=0.000000
rprop_delta_max=50.000000
rprop_delta_zero=0.100000
cascade_output_stagnation_epochs=12
cascade_candidate_change_fraction=0.010000
cascade_candidate_stagnation_epochs=12
cascade_max_out_epochs=150
cascade_min_out_epochs=50
cascade_max_cand_epochs=150
cascade_min_cand_epochs=50
cascade_num_candidate_groups=2
bit_fail_limit=1.00000000000000005551e-01
cascade_candidate_limit=1.00000000000000000000e+03
cascade_weight_multiplier=4.00000000000000022204e-01
cascade_activation_functions_count=10
cascade_activation_functions=3 5 7 8 10 11 14 15 16 17 
cascade_activation_steepnesses_count=4
cascade_activation_steepnesses=2.50000000000000000000e-01 5.00000000000000000000e-01 7.50000000000000000000e-01 1.00000000000000000000e+00 
layer_sizes=9 4 2 
scale_included=0
neurons (num_inputs, activation_function, activation_steepness)=(0, 0, 0.00000000000000000000e+00) (0, 0, 0.00000000000000000000e+00) (0, 0, 0.00000000000000000000e+00) (0, 0, 0.00000000000000000000e+00) (0, 0, 0.00000000000000000000e+00) (0, 0, 0.00000000000000000000e+00) (0, 0, 0.00000000000000000000e+00) (0, 0, 0.00000000000000000000e+00) (0, 0, 0.00000000000000000000e+00) (9, 6, 5.00000000000000000000e-01) (9, 6, 5.00000000000000000000e-01) (9, 6, 5.00000000000000000000e-01) (0, 6, 0.00000000000000000000e+00) (4, 4, 5.00000000000000000000e-01) (0, 4, 0.00000000000000000000e+00) 
connections (connected_to_neuron, weight)=(0, 1.39618183162023146160e+00) (1, -1.47535305805109540067e+00) (2, -1.15484323294806889848e+00) (3, 1.87351953706201085348e-01) (4, 2.22173374614175356268e-01) (5, 1.99349430964451318493e-01) (6, 3.13298960031441364738e-01) (7, -5.11077887715001219493e-02) (8, 1.01151368427624688273e+00) (0, 1.09499428156418456837e+01) (1, -3.14892722480745712588e+00) (2, -1.58186996541827507023e+00) (3, 1.45615066930911107868e+00) (4, 1.37437279115419030973e+00) (5, 2.33199803304630637335e-01) (6, 2.38127316199995409107e+00) (7, 4.58103850515738042493e-01) (8, 1.07313691364060534994e+01) (0, -5.10547064984392218179e+00) (1, 4.54900640220053364970e+00) (2, 5.49463857396391563981e+00) (3, -1.75730551218596764418e-01) (4, 2.15760900488004364606e-01) (5, -5.17249087708119725804e-01) (6, -5.77958512672302360258e-01) (7, 7.90134264214354176126e-01) (8, -5.28796721244405887319e+00) (9, -1.38693488915506755177e+01) (10, -7.83551919896736781546e-01) (11, 4.11940904332225876772e+00) (12, -8.54495469172135035940e-01) 
