FANN_FLO_2.1
num_layers=3
learning_rate=0.700000
connection_rate=1.000000
network_type=0
learning_momentum=0.000000
training_algorithm=2
train_error_function=1
train_stop_function=1
cascade_output_change_fraction=0.010000
quickprop_decay=-0.000100
quickprop_mu=1.750000
rprop_increase_factor=1.200000
rprop_decrease_factor=0.500000
rprop_delta_min=0.000000
rprop_delta_max=50.000000
rprop_delta_zero=0.100000
cascade_output_stagnation_epochs=12
cascade_candidate_change_fraction=0.010000
cascade_candidate_stagnation_epochs=12
cascade_max_out_epochs=150
cascade_min_out_epochs=50
cascade_max_cand_epochs=150
cascade_min_cand_epochs=50
cascade_num_candidate_groups=2
bit_fail_limit=1.00000000000000005551e-01
cascade_candidate_limit=1.00000000000000000000e+03
cascade_weight_multiplier=4.00000000000000022204e-01
cascade_activation_functions_count=10
cascade_activation_functions=3 5 7 8 10 11 14 15 16 17 
cascade_activation_steepnesses_count=4
cascade_activation_steepnesses=2.50000000000000000000e-01 5.00000000000000000000e-01 7.50000000000000000000e-01 1.00000000000000000000e+00 
layer_sizes=9 4 2 
scale_included=0
neurons (num_inputs, activation_function, activation_steepness)=(0, 0, 0.00000000000000000000e+00) (0, 0, 0.00000000000000000000e+00) (0, 0, 0.00000000000000000000e+00) (0, 0, 0.00000000000000000000e+00) (0, 0, 0.00000000000000000000e+00) (0, 0, 0.00000000000000000000e+00) (0, 0, 0.00000000000000000000e+00) (0, 0, 0.00000000000000000000e+00) (0, 0, 0.00000000000000000000e+00) (9, 6, 5.00000000000000000000e-01) (9, 6, 5.00000000000000000000e-01) (9, 6, 5.00000000000000000000e-01) (0, 6, 0.00000000000000000000e+00) (4, 4, 5.00000000000000000000e-01) (0, 4, 0.00000000000000000000e+00) 
connections (connected_to_neuron, weight)=(0, 2.17367059120527938987e+00) (1, -1.82579888911899179682e+00) (2, -2.22753386277755760503e+00) (3, -1.14847002647784135476e+00) (4, -6.56675741626561504383e-01) (5, 1.86745764684131487776e+00) (6, -1.64136736840337404963e+00) (7, 1.30063229922629974844e+00) (8, 2.55085757700894655287e+00) (0, 2.07207095788465034403e+00) (1, -1.95014235885795206293e+00) (2, -2.24533837739428454583e+00) (3, -1.15466916285422227517e+00) (4, -5.94813526226819377918e-01) (5, 1.82043478261878810542e+00) (6, -1.90774756452227678416e+00) (7, 1.49112539861776038919e+00) (8, 2.53155358461831392347e+00) (0, 2.12823763057905290808e+00) (1, -2.41667278539852192765e+00) (2, -2.25969574678739482110e+00) (3, -1.20198597855832955972e+00) (4, -7.08641551985085826892e-01) (5, 1.93355787660693656527e+00) (6, -1.64714667214788001992e+00) (7, 1.59851977044519832916e+00) (8, 2.43523700553535471514e+00) (9, -4.23931565015498357241e+00) (10, -4.27190791695300298159e+00) (11, -1.02662703587141450612e+01) (12, -1.25312586103975509566e+00) 
