FANN_FLO_2.1
num_layers=3
learning_rate=0.700000
connection_rate=1.000000
network_type=0
learning_momentum=0.000000
training_algorithm=2
train_error_function=1
train_stop_function=1
cascade_output_change_fraction=0.010000
quickprop_decay=-0.000100
quickprop_mu=1.750000
rprop_increase_factor=1.200000
rprop_decrease_factor=0.500000
rprop_delta_min=0.000000
rprop_delta_max=50.000000
rprop_delta_zero=0.100000
cascade_output_stagnation_epochs=12
cascade_candidate_change_fraction=0.010000
cascade_candidate_stagnation_epochs=12
cascade_max_out_epochs=150
cascade_min_out_epochs=50
cascade_max_cand_epochs=150
cascade_min_cand_epochs=50
cascade_num_candidate_groups=2
bit_fail_limit=1.00000000000000005551e-01
cascade_candidate_limit=1.00000000000000000000e+03
cascade_weight_multiplier=4.00000000000000022204e-01
cascade_activation_functions_count=10
cascade_activation_functions=3 5 7 8 10 11 14 15 16 17 
cascade_activation_steepnesses_count=4
cascade_activation_steepnesses=2.50000000000000000000e-01 5.00000000000000000000e-01 7.50000000000000000000e-01 1.00000000000000000000e+00 
layer_sizes=6 4 2 
scale_included=0
neurons (num_inputs, activation_function, activation_steepness)=(0, 0, 0.00000000000000000000e+00) (0, 0, 0.00000000000000000000e+00) (0, 0, 0.00000000000000000000e+00) (0, 0, 0.00000000000000000000e+00) (0, 0, 0.00000000000000000000e+00) (0, 0, 0.00000000000000000000e+00) (6, 6, 5.00000000000000000000e-01) (6, 6, 5.00000000000000000000e-01) (6, 6, 5.00000000000000000000e-01) (0, 6, 0.00000000000000000000e+00) (4, 4, 5.00000000000000000000e-01) (0, 4, 0.00000000000000000000e+00) 
connections (connected_to_neuron, weight)=(0, 6.69192934008021600434e-01) (1, -1.45276178694357116505e+00) (2, -6.21057707438481210183e-01) (3, 3.70027966709224664932e-01) (4, -2.35323898075470161473e-01) (5, 4.33732906652938010605e-01) (0, 5.45939509561709623853e+00) (1, -4.14515506838073388707e+00) (2, -1.26275225330472129492e+00) (3, 8.23496535987908062637e-01) (4, 1.40900268230922276480e+00) (5, 9.76286243963274102953e+00) (0, -2.47155992766839194275e+00) (1, 1.86787710901637082905e+00) (2, 8.02949502873790077473e-01) (3, 2.48835458577562329552e+00) (4, 1.83153720700204969418e+00) (5, -2.45535171857100653625e+00) (6, -3.11431345333748499371e+00) (7, -1.28432358632297249912e+00) (8, 1.78419177343892449983e+01) (9, -2.01524672492468592822e+00) 
