FANN_FLO_2.1
num_layers=3
learning_rate=0.700000
connection_rate=1.000000
network_type=0
learning_momentum=0.000000
training_algorithm=2
train_error_function=1
train_stop_function=1
cascade_output_change_fraction=0.010000
quickprop_decay=-0.000100
quickprop_mu=1.750000
rprop_increase_factor=1.200000
rprop_decrease_factor=0.500000
rprop_delta_min=0.000000
rprop_delta_max=50.000000
rprop_delta_zero=0.100000
cascade_output_stagnation_epochs=12
cascade_candidate_change_fraction=0.010000
cascade_candidate_stagnation_epochs=12
cascade_max_out_epochs=150
cascade_min_out_epochs=50
cascade_max_cand_epochs=150
cascade_min_cand_epochs=50
cascade_num_candidate_groups=2
bit_fail_limit=1.00000000000000005551e-01
cascade_candidate_limit=1.00000000000000000000e+03
cascade_weight_multiplier=4.00000000000000022204e-01
cascade_activation_functions_count=10
cascade_activation_functions=3 5 7 8 10 11 14 15 16 17 
cascade_activation_steepnesses_count=4
cascade_activation_steepnesses=2.50000000000000000000e-01 5.00000000000000000000e-01 7.50000000000000000000e-01 1.00000000000000000000e+00 
layer_sizes=9 4 2 
scale_included=0
neurons (num_inputs, activation_function, activation_steepness)=(0, 0, 0.00000000000000000000e+00) (0, 0, 0.00000000000000000000e+00) (0, 0, 0.00000000000000000000e+00) (0, 0, 0.00000000000000000000e+00) (0, 0, 0.00000000000000000000e+00) (0, 0, 0.00000000000000000000e+00) (0, 0, 0.00000000000000000000e+00) (0, 0, 0.00000000000000000000e+00) (0, 0, 0.00000000000000000000e+00) (9, 6, 5.00000000000000000000e-01) (9, 6, 5.00000000000000000000e-01) (9, 6, 5.00000000000000000000e-01) (0, 6, 0.00000000000000000000e+00) (4, 4, 5.00000000000000000000e-01) (0, 4, 0.00000000000000000000e+00) 
connections (connected_to_neuron, weight)=(0, -1.20552989679115674093e+00) (1, 1.11533477947548265163e+00) (2, 6.42757898057272902825e-01) (3, 3.51204960752298289695e-01) (4, 1.91973002303451545369e-01) (5, 6.38471127824785655847e-01) (6, 6.14925372432086114749e-01) (7, 5.96581782232138757571e-01) (8, -9.18589463137439610207e-01) (0, 2.01724983427092441346e+00) (1, -1.00979373620619594654e+00) (2, 8.53359033783237519444e-02) (3, -1.41744610202484078165e-01) (4, 1.06895901567768666918e-01) (5, -7.75061052783531323485e-01) (6, -1.12022679579429559893e-01) (7, -1.21195417177848749346e-01) (8, 1.49334033411880340303e+00) (0, -1.21071504640119931295e+00) (1, 1.05447337821558351223e+00) (2, 6.26332973922064994987e-01) (3, 4.32975537288953771231e-01) (4, 2.53680215824455324025e-01) (5, 6.24844299035074657311e-01) (6, 3.34306703556388862264e-01) (7, 3.72665093887657172811e-01) (8, -8.83920082502416493142e-01) (9, 2.24075348787911856618e+01) (10, -2.78963728314032310962e+00) (11, 1.83946737674520228722e+01) (12, -7.99979438685230137551e-01) 
