FANN_FLO_2.1
num_layers=3
learning_rate=0.700000
connection_rate=1.000000
network_type=0
learning_momentum=0.000000
training_algorithm=2
train_error_function=1
train_stop_function=1
cascade_output_change_fraction=0.010000
quickprop_decay=-0.000100
quickprop_mu=1.750000
rprop_increase_factor=1.200000
rprop_decrease_factor=0.500000
rprop_delta_min=0.000000
rprop_delta_max=50.000000
rprop_delta_zero=0.100000
cascade_output_stagnation_epochs=12
cascade_candidate_change_fraction=0.010000
cascade_candidate_stagnation_epochs=12
cascade_max_out_epochs=150
cascade_min_out_epochs=50
cascade_max_cand_epochs=150
cascade_min_cand_epochs=50
cascade_num_candidate_groups=2
bit_fail_limit=1.00000000000000005551e-01
cascade_candidate_limit=1.00000000000000000000e+03
cascade_weight_multiplier=4.00000000000000022204e-01
cascade_activation_functions_count=10
cascade_activation_functions=3 5 7 8 10 11 14 15 16 17 
cascade_activation_steepnesses_count=4
cascade_activation_steepnesses=2.50000000000000000000e-01 5.00000000000000000000e-01 7.50000000000000000000e-01 1.00000000000000000000e+00 
layer_sizes=6 4 2 
scale_included=0
neurons (num_inputs, activation_function, activation_steepness)=(0, 0, 0.00000000000000000000e+00) (0, 0, 0.00000000000000000000e+00) (0, 0, 0.00000000000000000000e+00) (0, 0, 0.00000000000000000000e+00) (0, 0, 0.00000000000000000000e+00) (0, 0, 0.00000000000000000000e+00) (6, 6, 5.00000000000000000000e-01) (6, 6, 5.00000000000000000000e-01) (6, 6, 5.00000000000000000000e-01) (0, 6, 0.00000000000000000000e+00) (4, 4, 5.00000000000000000000e-01) (0, 4, 0.00000000000000000000e+00) 
connections (connected_to_neuron, weight)=(0, 2.47612813063152037429e+00) (1, -7.64963806174286248263e-02) (2, -9.60444051229652373536e+00) (3, 1.09793091778054208163e+00) (4, -9.70942549302467128314e+00) (5, 2.21436727656524379171e+00) (0, -1.67127302490125928536e+00) (1, 4.67245586533949275321e+00) (2, -9.88614304087277573352e-01) (3, -2.46812422414314092123e+00) (4, -6.08725364810902447310e-01) (5, -1.54477241091381345406e+00) (0, -3.43200387626816905140e+00) (1, 7.76653534766341113738e+00) (2, -2.62669569108403555546e+00) (3, -7.74690770503953896053e+00) (4, -1.83428721873819911004e+00) (5, -1.58752814762245497704e+00) (6, -5.41133681948711586784e+00) (7, 1.32961761885683382722e+00) (8, 3.09149333223172106955e+00) (9, -3.63637522610340990781e+00) 
