FANN_FLO_2.1
num_layers=3
learning_rate=0.700000
connection_rate=1.000000
network_type=0
learning_momentum=0.000000
training_algorithm=2
train_error_function=1
train_stop_function=1
cascade_output_change_fraction=0.010000
quickprop_decay=-0.000100
quickprop_mu=1.750000
rprop_increase_factor=1.200000
rprop_decrease_factor=0.500000
rprop_delta_min=0.000000
rprop_delta_max=50.000000
rprop_delta_zero=0.100000
cascade_output_stagnation_epochs=12
cascade_candidate_change_fraction=0.010000
cascade_candidate_stagnation_epochs=12
cascade_max_out_epochs=150
cascade_min_out_epochs=50
cascade_max_cand_epochs=150
cascade_min_cand_epochs=50
cascade_num_candidate_groups=2
bit_fail_limit=1.00000000000000005551e-01
cascade_candidate_limit=1.00000000000000000000e+03
cascade_weight_multiplier=4.00000000000000022204e-01
cascade_activation_functions_count=10
cascade_activation_functions=3 5 7 8 10 11 14 15 16 17 
cascade_activation_steepnesses_count=4
cascade_activation_steepnesses=2.50000000000000000000e-01 5.00000000000000000000e-01 7.50000000000000000000e-01 1.00000000000000000000e+00 
layer_sizes=17 4 2 
scale_included=0
neurons (num_inputs, activation_function, activation_steepness)=(0, 0, 0.00000000000000000000e+00) (0, 0, 0.00000000000000000000e+00) (0, 0, 0.00000000000000000000e+00) (0, 0, 0.00000000000000000000e+00) (0, 0, 0.00000000000000000000e+00) (0, 0, 0.00000000000000000000e+00) (0, 0, 0.00000000000000000000e+00) (0, 0, 0.00000000000000000000e+00) (0, 0, 0.00000000000000000000e+00) (0, 0, 0.00000000000000000000e+00) (0, 0, 0.00000000000000000000e+00) (0, 0, 0.00000000000000000000e+00) (0, 0, 0.00000000000000000000e+00) (0, 0, 0.00000000000000000000e+00) (0, 0, 0.00000000000000000000e+00) (0, 0, 0.00000000000000000000e+00) (0, 0, 0.00000000000000000000e+00) (17, 6, 5.00000000000000000000e-01) (17, 6, 5.00000000000000000000e-01) (17, 6, 5.00000000000000000000e-01) (0, 6, 0.00000000000000000000e+00) (4, 4, 5.00000000000000000000e-01) (0, 4, 0.00000000000000000000e+00) 
connections (connected_to_neuron, weight)=(0, -2.61890344270943797866e+00) (1, 1.91277728436890792629e+00) (2, 7.38558857141800251256e-01) (3, 1.19062054010732554232e+00) (4, 7.93599885726617104709e-01) (5, 7.05202183318982989135e-01) (6, 1.28951935689710328603e+00) (7, 2.61290807956972237491e-01) (8, 1.26289657839522106997e+00) (9, 2.40881080029082994542e+00) (10, 4.35211624843922006978e-01) (11, 1.13958923109755283498e+00) (12, 2.16795489625078596774e+00) (13, 1.25404652329019294932e+00) (14, 3.80401148029034408271e-01) (15, 1.78088988669803405251e+00) (16, -1.44386266568135490651e+00) (0, -2.61894903281211055557e+00) (1, 1.87858879028264280642e+00) (2, 8.60217791042924728728e-01) (3, 1.34838207664592646395e+00) (4, 9.27447219217465868013e-01) (5, 8.42556601954351447326e-01) (6, 1.32252033274434754873e+00) (7, 1.03755396539487981800e-01) (8, 1.19538408108935101382e+00) (9, 2.38091099675116391055e+00) (10, 4.64998420221653330220e-01) (11, 1.39701907001393998975e+00) (12, 2.02170607135635771456e+00) (13, 1.28860264870031260287e+00) (14, 7.68019773642472092234e-01) (15, 1.65679860421111846414e+00) (16, -1.54037221917342415090e+00) (0, 1.75231666171029587531e+00) (1, -1.07068179607163060929e+00) (2, -2.79547913225072219845e-01) (3, -6.18011403652091395600e-01) (4, -1.67599150575808741870e+00) (5, -2.82710151371365014938e-01) (6, -5.85148955035796558555e-01) (7, -6.28630407490343268151e-01) (8, -1.13966046205548443560e+00) (9, -8.22516191543070429582e-01) (10, -3.04111476248075052187e-01) (11, -1.10019785097626843218e+00) (12, -9.69932337549828327283e-01) (13, -6.08256343575377833588e-01) (14, -3.73911732506850502666e-01) (15, -1.09333168772554234494e+00) (16, 1.22514145967104548518e+00) (17, 5.49320978965304984598e+00) (18, 4.68251827778547013992e+00) (19, -1.63548721124614715450e+01) (20, -4.10385934848681910303e-01) 
