FANN_FLO_2.1
num_layers=3
learning_rate=0.700000
connection_rate=1.000000
network_type=0
learning_momentum=0.000000
training_algorithm=2
train_error_function=1
train_stop_function=1
cascade_output_change_fraction=0.010000
quickprop_decay=-0.000100
quickprop_mu=1.750000
rprop_increase_factor=1.200000
rprop_decrease_factor=0.500000
rprop_delta_min=0.000000
rprop_delta_max=50.000000
rprop_delta_zero=0.100000
cascade_output_stagnation_epochs=12
cascade_candidate_change_fraction=0.010000
cascade_candidate_stagnation_epochs=12
cascade_max_out_epochs=150
cascade_min_out_epochs=50
cascade_max_cand_epochs=150
cascade_min_cand_epochs=50
cascade_num_candidate_groups=2
bit_fail_limit=1.00000000000000005551e-01
cascade_candidate_limit=1.00000000000000000000e+03
cascade_weight_multiplier=4.00000000000000022204e-01
cascade_activation_functions_count=10
cascade_activation_functions=3 5 7 8 10 11 14 15 16 17 
cascade_activation_steepnesses_count=4
cascade_activation_steepnesses=2.50000000000000000000e-01 5.00000000000000000000e-01 7.50000000000000000000e-01 1.00000000000000000000e+00 
layer_sizes=10 4 2 
scale_included=0
neurons (num_inputs, activation_function, activation_steepness)=(0, 0, 0.00000000000000000000e+00) (0, 0, 0.00000000000000000000e+00) (0, 0, 0.00000000000000000000e+00) (0, 0, 0.00000000000000000000e+00) (0, 0, 0.00000000000000000000e+00) (0, 0, 0.00000000000000000000e+00) (0, 0, 0.00000000000000000000e+00) (0, 0, 0.00000000000000000000e+00) (0, 0, 0.00000000000000000000e+00) (0, 0, 0.00000000000000000000e+00) (10, 6, 5.00000000000000000000e-01) (10, 6, 5.00000000000000000000e-01) (10, 6, 5.00000000000000000000e-01) (0, 6, 0.00000000000000000000e+00) (4, 4, 5.00000000000000000000e-01) (0, 4, 0.00000000000000000000e+00) 
connections (connected_to_neuron, weight)=(0, 1.10199953104552528238e+00) (1, -2.11723208655898753605e+00) (2, 2.13289657194066006873e-01) (3, -4.54605568793381042969e-01) (4, 1.35232810706147743574e+00) (5, 2.60345251817154843543e-01) (6, 1.90935487213028470821e-01) (7, -2.45353438651276434257e+00) (8, -2.14267108072822276554e+00) (9, 1.31712059491863620053e+00) (0, 1.01373075182732841348e+00) (1, -2.26818462689702693424e+00) (2, 2.07129092473435361121e-01) (3, -3.35648131218517609131e-01) (4, 1.41508305102834297529e+00) (5, 2.44485234428095776771e-01) (6, 3.30329017999065777111e-01) (7, -2.42412218397570455863e+00) (8, -2.15036731441800776921e+00) (9, 1.31026103907814395200e+00) (0, 3.38090301504377008235e-02) (1, 3.35963854060078670472e-01) (2, 3.14571628679668757744e-01) (3, 1.55060533281163559494e+00) (4, -3.59499954347712452618e-02) (5, 2.11332521094789560490e-01) (6, 2.96403747417552376753e-02) (7, 6.93521255458084961987e-01) (8, 6.60075224417961736734e-01) (9, 1.48701621975844244794e-01) (10, -1.28014350231277749259e+01) (11, -1.27360764812218949515e+01) (12, 5.07203961924819202167e-01) (13, -6.24140074451511983611e-01) 
