FANN_FLO_2.1
num_layers=3
learning_rate=0.700000
connection_rate=1.000000
network_type=0
learning_momentum=0.000000
training_algorithm=2
train_error_function=1
train_stop_function=1
cascade_output_change_fraction=0.010000
quickprop_decay=-0.000100
quickprop_mu=1.750000
rprop_increase_factor=1.200000
rprop_decrease_factor=0.500000
rprop_delta_min=0.000000
rprop_delta_max=50.000000
rprop_delta_zero=0.100000
cascade_output_stagnation_epochs=12
cascade_candidate_change_fraction=0.010000
cascade_candidate_stagnation_epochs=12
cascade_max_out_epochs=150
cascade_min_out_epochs=50
cascade_max_cand_epochs=150
cascade_min_cand_epochs=50
cascade_num_candidate_groups=2
bit_fail_limit=1.00000000000000005551e-01
cascade_candidate_limit=1.00000000000000000000e+03
cascade_weight_multiplier=4.00000000000000022204e-01
cascade_activation_functions_count=10
cascade_activation_functions=3 5 7 8 10 11 14 15 16 17 
cascade_activation_steepnesses_count=4
cascade_activation_steepnesses=2.50000000000000000000e-01 5.00000000000000000000e-01 7.50000000000000000000e-01 1.00000000000000000000e+00 
layer_sizes=12 4 2 
scale_included=0
neurons (num_inputs, activation_function, activation_steepness)=(0, 0, 0.00000000000000000000e+00) (0, 0, 0.00000000000000000000e+00) (0, 0, 0.00000000000000000000e+00) (0, 0, 0.00000000000000000000e+00) (0, 0, 0.00000000000000000000e+00) (0, 0, 0.00000000000000000000e+00) (0, 0, 0.00000000000000000000e+00) (0, 0, 0.00000000000000000000e+00) (0, 0, 0.00000000000000000000e+00) (0, 0, 0.00000000000000000000e+00) (0, 0, 0.00000000000000000000e+00) (0, 0, 0.00000000000000000000e+00) (12, 6, 5.00000000000000000000e-01) (12, 6, 5.00000000000000000000e-01) (12, 6, 5.00000000000000000000e-01) (0, 6, 0.00000000000000000000e+00) (4, 4, 5.00000000000000000000e-01) (0, 4, 0.00000000000000000000e+00) 
connections (connected_to_neuron, weight)=(0, -9.44120652828880080332e-02) (1, -6.78071065506725134675e-02) (2, 1.90390134135011268590e-01) (3, 2.46277129190717536389e-01) (4, 9.32502937541862531035e-02) (5, 9.87815064344316484668e-02) (6, 2.16186379239818288189e-01) (7, 1.48281187797952490603e-01) (8, 3.20772668331029964239e-01) (9, 1.32451312708890683867e-01) (10, 2.54816680530334516153e-01) (11, -4.86150065446334794794e-02) (0, -1.17522446072944841688e+00) (1, 5.32734139116692095861e-01) (2, -6.09350424996966677504e-02) (3, 9.19518258405859256754e+00) (4, 8.49373634581189640436e-01) (5, -1.09310515605546321183e+00) (6, -1.03334313547949441237e+00) (7, -1.76233240739537749819e-01) (8, 3.49508507205767671167e+00) (9, -2.66626467299003966360e+00) (10, 2.53644604017232966342e+00) (11, -7.91421462678769671584e-01) (0, 2.45634374636747043752e+00) (1, -2.01569918424491945075e+00) (2, -7.19213685420525661307e-01) (3, -1.64018069276261391209e+00) (4, 2.74910243301358769852e-01) (5, 1.33532067296698242487e+00) (6, -1.90973804628878762735e+00) (7, -1.53112196761060004313e+00) (8, -2.09458794285181282291e+00) (9, 2.33751814334981400378e+00) (10, -1.45484167863368707430e+00) (11, 1.76345168074131941616e+00) (12, 8.29326964041443397135e-03) (13, 4.17304836515586430323e+00) (14, -1.38456793955942387697e+01) (15, -1.29650632500542783987e+00) 
