FANN_FLO_2.1
num_layers=3
learning_rate=0.700000
connection_rate=1.000000
network_type=0
learning_momentum=0.000000
training_algorithm=2
train_error_function=1
train_stop_function=1
cascade_output_change_fraction=0.010000
quickprop_decay=-0.000100
quickprop_mu=1.750000
rprop_increase_factor=1.200000
rprop_decrease_factor=0.500000
rprop_delta_min=0.000000
rprop_delta_max=50.000000
rprop_delta_zero=0.100000
cascade_output_stagnation_epochs=12
cascade_candidate_change_fraction=0.010000
cascade_candidate_stagnation_epochs=12
cascade_max_out_epochs=150
cascade_min_out_epochs=50
cascade_max_cand_epochs=150
cascade_min_cand_epochs=50
cascade_num_candidate_groups=2
bit_fail_limit=1.00000000000000005551e-01
cascade_candidate_limit=1.00000000000000000000e+03
cascade_weight_multiplier=4.00000000000000022204e-01
cascade_activation_functions_count=10
cascade_activation_functions=3 5 7 8 10 11 14 15 16 17 
cascade_activation_steepnesses_count=4
cascade_activation_steepnesses=2.50000000000000000000e-01 5.00000000000000000000e-01 7.50000000000000000000e-01 1.00000000000000000000e+00 
layer_sizes=13 4 2 
scale_included=0
neurons (num_inputs, activation_function, activation_steepness)=(0, 0, 0.00000000000000000000e+00) (0, 0, 0.00000000000000000000e+00) (0, 0, 0.00000000000000000000e+00) (0, 0, 0.00000000000000000000e+00) (0, 0, 0.00000000000000000000e+00) (0, 0, 0.00000000000000000000e+00) (0, 0, 0.00000000000000000000e+00) (0, 0, 0.00000000000000000000e+00) (0, 0, 0.00000000000000000000e+00) (0, 0, 0.00000000000000000000e+00) (0, 0, 0.00000000000000000000e+00) (0, 0, 0.00000000000000000000e+00) (0, 0, 0.00000000000000000000e+00) (13, 6, 5.00000000000000000000e-01) (13, 6, 5.00000000000000000000e-01) (13, 6, 5.00000000000000000000e-01) (0, 6, 0.00000000000000000000e+00) (4, 4, 5.00000000000000000000e-01) (0, 4, 0.00000000000000000000e+00) 
connections (connected_to_neuron, weight)=(0, -1.34285854125422532412e+00) (1, 6.02575039719060789878e-01) (2, 6.80856069922200823896e+00) (3, 1.92773991914369474676e-01) (4, 3.73082341262067407328e-01) (5, 1.03173099485314367918e+00) (6, 1.24495466883326351137e+01) (7, -9.04734137917272973617e-02) (8, -7.15736090460028367977e-02) (9, -6.94672543073408532699e-02) (10, 9.47850199142892368975e-01) (11, -1.83687871750003672844e-01) (12, -2.08733505939786656569e+00) (0, 4.43182570890380311823e+00) (1, -4.53688737534970698562e+00) (2, -3.31193990111786451536e+00) (3, 4.93728127707349195852e-01) (4, -5.02376166207724961232e-01) (5, -3.33448085560311802134e-01) (6, -3.57192476047351403778e+00) (7, 4.51693686807862426758e-01) (8, -9.37372407717373845593e-01) (9, 1.33553629154899503040e-03) (10, -1.46262161794617551180e+00) (11, 3.18886710292266917222e+00) (12, 4.58493646637393403864e+00) (0, -1.24084266151156485947e+00) (1, 5.03629197976404818782e-01) (2, 6.54238971127501667269e+00) (3, 1.26336025861434553264e+00) (4, 1.28349233833484266398e+00) (5, 1.44882667920954255614e+00) (6, 3.29926629666507631455e+00) (7, 3.70128450356636218288e-01) (8, 7.59753639280241532816e-01) (9, 6.56751150667113092751e-01) (10, 1.84314686215732015384e+00) (11, -1.06881601129810088757e+00) (12, -1.21143126143480261980e+00) (13, 1.13848068435897364914e+00) (14, -6.16983550927708090938e+00) (15, 2.07169824784202427637e+00) (16, -2.11861442065834326698e+00) 
