FANN_FLO_2.1
num_layers=3
learning_rate=0.700000
connection_rate=1.000000
network_type=0
learning_momentum=0.000000
training_algorithm=2
train_error_function=1
train_stop_function=1
cascade_output_change_fraction=0.010000
quickprop_decay=-0.000100
quickprop_mu=1.750000
rprop_increase_factor=1.200000
rprop_decrease_factor=0.500000
rprop_delta_min=0.000000
rprop_delta_max=50.000000
rprop_delta_zero=0.100000
cascade_output_stagnation_epochs=12
cascade_candidate_change_fraction=0.010000
cascade_candidate_stagnation_epochs=12
cascade_max_out_epochs=150
cascade_min_out_epochs=50
cascade_max_cand_epochs=150
cascade_min_cand_epochs=50
cascade_num_candidate_groups=2
bit_fail_limit=1.00000000000000005551e-01
cascade_candidate_limit=1.00000000000000000000e+03
cascade_weight_multiplier=4.00000000000000022204e-01
cascade_activation_functions_count=10
cascade_activation_functions=3 5 7 8 10 11 14 15 16 17 
cascade_activation_steepnesses_count=4
cascade_activation_steepnesses=2.50000000000000000000e-01 5.00000000000000000000e-01 7.50000000000000000000e-01 1.00000000000000000000e+00 
layer_sizes=12 4 2 
scale_included=0
neurons (num_inputs, activation_function, activation_steepness)=(0, 0, 0.00000000000000000000e+00) (0, 0, 0.00000000000000000000e+00) (0, 0, 0.00000000000000000000e+00) (0, 0, 0.00000000000000000000e+00) (0, 0, 0.00000000000000000000e+00) (0, 0, 0.00000000000000000000e+00) (0, 0, 0.00000000000000000000e+00) (0, 0, 0.00000000000000000000e+00) (0, 0, 0.00000000000000000000e+00) (0, 0, 0.00000000000000000000e+00) (0, 0, 0.00000000000000000000e+00) (0, 0, 0.00000000000000000000e+00) (12, 6, 5.00000000000000000000e-01) (12, 6, 5.00000000000000000000e-01) (12, 6, 5.00000000000000000000e-01) (0, 6, 0.00000000000000000000e+00) (4, 4, 5.00000000000000000000e-01) (0, 4, 0.00000000000000000000e+00) 
connections (connected_to_neuron, weight)=(0, 2.16886316001407708498e+00) (1, -2.58442736259381433683e+00) (2, -1.01901305455118273979e-01) (3, -1.76463443197557090514e+01) (4, -2.95268944104799802020e+00) (5, 2.98940651962390324670e+00) (6, -9.47389651852486136541e-01) (7, 9.46065457965276634944e-02) (8, -1.60738758523392477606e-01) (9, 1.17920335890263361378e+00) (10, 2.48922932757206405441e+00) (11, 2.16874515540586720874e+00) (0, -2.61315717197619123979e+00) (1, 2.49167003503305117817e+00) (2, 9.19011708477484368096e-01) (3, 1.77957057533587392761e+00) (4, 1.51825203160340005404e+00) (5, -2.28006279312493198574e+00) (6, 1.53728245146822417588e+00) (7, 1.70493977531606666354e+00) (8, 1.09962900093747739660e+00) (9, -2.01604777949169311491e-01) (10, -1.27242139052357838835e+00) (11, -1.28705182594817735264e+00) (0, -2.57121681071482344194e+00) (1, 2.42402337512237231465e+00) (2, 8.43772497156607181878e-01) (3, 1.59738116786207018372e+00) (4, 1.41951013460765396168e+00) (5, -2.15491316197163529367e+00) (6, 1.45893261767308923815e+00) (7, 1.57376332968289367464e+00) (8, 1.06751078478051786291e+00) (9, -2.45349640028789728330e-01) (10, -1.34017637442555592742e+00) (11, -1.28790333417814828465e+00) (12, -3.53967164489887675671e+00) (13, 1.72924998503882854095e+01) (14, 2.04618203482234264357e+01) (15, -1.83927446189741905513e+00) 
