FANN_FLO_2.1
num_layers=3
learning_rate=0.700000
connection_rate=1.000000
network_type=0
learning_momentum=0.000000
training_algorithm=2
train_error_function=1
train_stop_function=1
cascade_output_change_fraction=0.010000
quickprop_decay=-0.000100
quickprop_mu=1.750000
rprop_increase_factor=1.200000
rprop_decrease_factor=0.500000
rprop_delta_min=0.000000
rprop_delta_max=50.000000
rprop_delta_zero=0.100000
cascade_output_stagnation_epochs=12
cascade_candidate_change_fraction=0.010000
cascade_candidate_stagnation_epochs=12
cascade_max_out_epochs=150
cascade_min_out_epochs=50
cascade_max_cand_epochs=150
cascade_min_cand_epochs=50
cascade_num_candidate_groups=2
bit_fail_limit=1.00000000000000005551e-01
cascade_candidate_limit=1.00000000000000000000e+03
cascade_weight_multiplier=4.00000000000000022204e-01
cascade_activation_functions_count=10
cascade_activation_functions=3 5 7 8 10 11 14 15 16 17 
cascade_activation_steepnesses_count=4
cascade_activation_steepnesses=2.50000000000000000000e-01 5.00000000000000000000e-01 7.50000000000000000000e-01 1.00000000000000000000e+00 
layer_sizes=7 4 2 
scale_included=0
neurons (num_inputs, activation_function, activation_steepness)=(0, 0, 0.00000000000000000000e+00) (0, 0, 0.00000000000000000000e+00) (0, 0, 0.00000000000000000000e+00) (0, 0, 0.00000000000000000000e+00) (0, 0, 0.00000000000000000000e+00) (0, 0, 0.00000000000000000000e+00) (0, 0, 0.00000000000000000000e+00) (7, 6, 5.00000000000000000000e-01) (7, 6, 5.00000000000000000000e-01) (7, 6, 5.00000000000000000000e-01) (0, 6, 0.00000000000000000000e+00) (4, 4, 5.00000000000000000000e-01) (0, 4, 0.00000000000000000000e+00) 
connections (connected_to_neuron, weight)=(0, 1.30040292864682049956e-01) (1, -9.99285875085439284637e-03) (2, -1.80598633591916635233e-01) (3, 9.79523259408215767052e-03) (4, -8.42509447693323254569e-01) (5, -3.26851644012812470041e-01) (6, 2.67074284254359362034e-01) (0, -2.77552401481803689975e+00) (1, 2.68942781374842265762e+00) (2, 2.00403489972120985030e+00) (3, 2.88429044079815666279e+00) (4, 2.66401132110564775601e+00) (5, 2.77857995356820852706e+00) (6, -3.92179119856861824189e+00) (0, 3.09324534228296821325e+00) (1, -1.98432681466675941984e+00) (2, -1.59516783377520909859e+00) (3, -1.74113284817371427593e+00) (4, -4.55053115001760666303e+00) (5, -2.55766880970849364019e+00) (6, 3.95016929148443773911e+00) (7, -7.94219707973085498054e-01) (8, 1.51543606795817478172e+01) (9, -5.88883869032998035209e+01) (10, -1.03907092484512064701e+00) 
