FANN_FLO_2.1
num_layers=3
learning_rate=0.700000
connection_rate=1.000000
network_type=0
learning_momentum=0.000000
training_algorithm=2
train_error_function=1
train_stop_function=1
cascade_output_change_fraction=0.010000
quickprop_decay=-0.000100
quickprop_mu=1.750000
rprop_increase_factor=1.200000
rprop_decrease_factor=0.500000
rprop_delta_min=0.000000
rprop_delta_max=50.000000
rprop_delta_zero=0.100000
cascade_output_stagnation_epochs=12
cascade_candidate_change_fraction=0.010000
cascade_candidate_stagnation_epochs=12
cascade_max_out_epochs=150
cascade_min_out_epochs=50
cascade_max_cand_epochs=150
cascade_min_cand_epochs=50
cascade_num_candidate_groups=2
bit_fail_limit=1.00000000000000005551e-01
cascade_candidate_limit=1.00000000000000000000e+03
cascade_weight_multiplier=4.00000000000000022204e-01
cascade_activation_functions_count=10
cascade_activation_functions=3 5 7 8 10 11 14 15 16 17 
cascade_activation_steepnesses_count=4
cascade_activation_steepnesses=2.50000000000000000000e-01 5.00000000000000000000e-01 7.50000000000000000000e-01 1.00000000000000000000e+00 
layer_sizes=12 4 2 
scale_included=0
neurons (num_inputs, activation_function, activation_steepness)=(0, 0, 0.00000000000000000000e+00) (0, 0, 0.00000000000000000000e+00) (0, 0, 0.00000000000000000000e+00) (0, 0, 0.00000000000000000000e+00) (0, 0, 0.00000000000000000000e+00) (0, 0, 0.00000000000000000000e+00) (0, 0, 0.00000000000000000000e+00) (0, 0, 0.00000000000000000000e+00) (0, 0, 0.00000000000000000000e+00) (0, 0, 0.00000000000000000000e+00) (0, 0, 0.00000000000000000000e+00) (0, 0, 0.00000000000000000000e+00) (12, 6, 5.00000000000000000000e-01) (12, 6, 5.00000000000000000000e-01) (12, 6, 5.00000000000000000000e-01) (0, 6, 0.00000000000000000000e+00) (4, 4, 5.00000000000000000000e-01) (0, 4, 0.00000000000000000000e+00) 
connections (connected_to_neuron, weight)=(0, 1.02376119851235536373e+00) (1, -6.39028878452243098707e-01) (2, -8.70867204907056602359e-01) (3, -2.44164652556391276184e-01) (4, 3.13317558672957685584e-01) (5, 8.35673512260309836464e-01) (6, -1.17624988356642456999e+00) (7, 1.49308420449213649639e-02) (8, -2.87735833136122054476e-01) (9, 1.11898552028865805319e+00) (10, -3.36950915630845893034e-01) (11, 5.74960801624367690010e-01) (0, 7.37896029605657366446e-01) (1, -6.05327887030305156202e-01) (2, -7.60035079958555459534e-01) (3, -2.45471190095158137146e-01) (4, 1.66772532221608427161e-01) (5, 8.23502754161945960121e-01) (6, -1.09990525940470429411e+00) (7, -1.07083405077086468715e-01) (8, -1.77320113686601832370e-01) (9, 1.12697244701618815022e+00) (10, -3.90243473228006232389e-01) (11, 5.50420909993956430917e-01) (0, 6.79390002741605547598e-01) (1, -9.19023296283933088802e-01) (2, -7.80518849434969186341e-01) (3, -1.38842485279055072311e-01) (4, 2.61877081301741976294e-01) (5, 1.43010719984909484559e+00) (6, -9.48752563593748821091e-01) (7, -1.68629462539778729457e-01) (8, -2.49837095198910091876e-01) (9, 1.23493846653432837179e+00) (10, -1.69609207295446789976e-01) (11, 5.40143012874434336190e-01) (12, -3.24977656670073855594e+01) (13, -3.25203630022863734439e+01) (14, -4.27946939626728983797e+00) (15, -2.32990877933083107010e+00) 
