FANN_FLO_2.1
num_layers=3
learning_rate=0.700000
connection_rate=1.000000
network_type=0
learning_momentum=0.000000
training_algorithm=2
train_error_function=1
train_stop_function=1
cascade_output_change_fraction=0.010000
quickprop_decay=-0.000100
quickprop_mu=1.750000
rprop_increase_factor=1.200000
rprop_decrease_factor=0.500000
rprop_delta_min=0.000000
rprop_delta_max=50.000000
rprop_delta_zero=0.100000
cascade_output_stagnation_epochs=12
cascade_candidate_change_fraction=0.010000
cascade_candidate_stagnation_epochs=12
cascade_max_out_epochs=150
cascade_min_out_epochs=50
cascade_max_cand_epochs=150
cascade_min_cand_epochs=50
cascade_num_candidate_groups=2
bit_fail_limit=1.00000000000000005551e-01
cascade_candidate_limit=1.00000000000000000000e+03
cascade_weight_multiplier=4.00000000000000022204e-01
cascade_activation_functions_count=10
cascade_activation_functions=3 5 7 8 10 11 14 15 16 17 
cascade_activation_steepnesses_count=4
cascade_activation_steepnesses=2.50000000000000000000e-01 5.00000000000000000000e-01 7.50000000000000000000e-01 1.00000000000000000000e+00 
layer_sizes=13 4 2 
scale_included=0
neurons (num_inputs, activation_function, activation_steepness)=(0, 0, 0.00000000000000000000e+00) (0, 0, 0.00000000000000000000e+00) (0, 0, 0.00000000000000000000e+00) (0, 0, 0.00000000000000000000e+00) (0, 0, 0.00000000000000000000e+00) (0, 0, 0.00000000000000000000e+00) (0, 0, 0.00000000000000000000e+00) (0, 0, 0.00000000000000000000e+00) (0, 0, 0.00000000000000000000e+00) (0, 0, 0.00000000000000000000e+00) (0, 0, 0.00000000000000000000e+00) (0, 0, 0.00000000000000000000e+00) (0, 0, 0.00000000000000000000e+00) (13, 6, 5.00000000000000000000e-01) (13, 6, 5.00000000000000000000e-01) (13, 6, 5.00000000000000000000e-01) (0, 6, 0.00000000000000000000e+00) (4, 4, 5.00000000000000000000e-01) (0, 4, 0.00000000000000000000e+00) 
connections (connected_to_neuron, weight)=(0, -2.20232718009324202058e+00) (1, 2.04079163634543769845e+00) (2, 2.35114878724637144103e+00) (3, -6.74853774367656478184e-01) (4, -2.36926936795697012927e-01) (5, 1.20043464778571995488e+00) (6, 1.07049315597503569286e+00) (7, -1.58728206581355624216e+00) (8, 2.51439883214674075873e+00) (9, -2.55423175469822627548e-01) (10, 5.55374309788342235272e-01) (11, -3.93813973515829807148e-01) (12, -2.37491005230517604474e+00) (0, -2.19905729908318647858e+00) (1, 2.08751007729535498214e+00) (2, 2.52822079307811886650e+00) (3, -2.26912526222492333394e-01) (4, -2.56745492359385263370e-01) (5, 1.26245488254934223882e+00) (6, 1.09204487677305128734e+00) (7, -1.57201737589122347849e+00) (8, 2.43453463563622918286e+00) (9, -2.24061055407709791565e-01) (10, 6.36136927078362224286e-01) (11, -3.61804282515845065937e-01) (12, -2.32007111925454267976e+00) (0, -2.26249789763064512726e+00) (1, 2.13846413606172003341e+00) (2, 2.52043314465108103661e+00) (3, -1.80441906484390401921e-01) (4, -1.35077090253815479404e-01) (5, 1.11957024066358479253e+00) (6, 9.93327783305338996023e-01) (7, -1.66525848633529238718e+00) (8, 2.44520504424275841870e+00) (9, -2.11061565504259779358e-01) (10, 5.95297523210640666669e-01) (11, -3.09954894929728330677e-01) (12, -2.33347450885744311933e+00) (13, 5.75164692290922552331e+00) (14, 5.58164109815858466845e+00) (15, 5.59449142743848426562e+00) (16, -1.84134938884189280905e+00) 
