FANN_FLO_2.1
num_layers=3
learning_rate=0.700000
connection_rate=1.000000
network_type=0
learning_momentum=0.000000
training_algorithm=2
train_error_function=1
train_stop_function=1
cascade_output_change_fraction=0.010000
quickprop_decay=-0.000100
quickprop_mu=1.750000
rprop_increase_factor=1.200000
rprop_decrease_factor=0.500000
rprop_delta_min=0.000000
rprop_delta_max=50.000000
rprop_delta_zero=0.100000
cascade_output_stagnation_epochs=12
cascade_candidate_change_fraction=0.010000
cascade_candidate_stagnation_epochs=12
cascade_max_out_epochs=150
cascade_min_out_epochs=50
cascade_max_cand_epochs=150
cascade_min_cand_epochs=50
cascade_num_candidate_groups=2
bit_fail_limit=1.00000000000000005551e-01
cascade_candidate_limit=1.00000000000000000000e+03
cascade_weight_multiplier=4.00000000000000022204e-01
cascade_activation_functions_count=10
cascade_activation_functions=3 5 7 8 10 11 14 15 16 17 
cascade_activation_steepnesses_count=4
cascade_activation_steepnesses=2.50000000000000000000e-01 5.00000000000000000000e-01 7.50000000000000000000e-01 1.00000000000000000000e+00 
layer_sizes=8 4 2 
scale_included=0
neurons (num_inputs, activation_function, activation_steepness)=(0, 0, 0.00000000000000000000e+00) (0, 0, 0.00000000000000000000e+00) (0, 0, 0.00000000000000000000e+00) (0, 0, 0.00000000000000000000e+00) (0, 0, 0.00000000000000000000e+00) (0, 0, 0.00000000000000000000e+00) (0, 0, 0.00000000000000000000e+00) (0, 0, 0.00000000000000000000e+00) (8, 6, 5.00000000000000000000e-01) (8, 6, 5.00000000000000000000e-01) (8, 6, 5.00000000000000000000e-01) (0, 6, 0.00000000000000000000e+00) (4, 4, 5.00000000000000000000e-01) (0, 4, 0.00000000000000000000e+00) 
connections (connected_to_neuron, weight)=(0, -7.53759546125949198014e-01) (1, 2.86282678059860273834e+00) (2, 5.46286119243160839254e-01) (3, -4.79259650319588281775e-01) (4, -5.36426621585858076635e-01) (5, -5.90015980511677473608e-01) (6, -4.41449458807480432654e-01) (7, -1.54415291815644839524e+00) (0, -4.25797164958642726518e-01) (1, 1.35978339357787336716e+00) (2, 2.46426247253157509887e-01) (3, -7.31269881408163902048e-02) (4, -1.89732687203163802314e-01) (5, -7.52078969743487507627e-02) (6, -1.76403248337979018379e-01) (7, -4.74140577536748597520e-01) (0, 1.36084657609398673728e+00) (1, -1.80216692382945486983e+00) (2, -2.39135954475929619900e-02) (3, 8.23605357295234541404e-01) (4, 7.22735336607654432761e-01) (5, 8.36735336667259077537e-01) (6, 8.01552553056109839957e-01) (7, 1.38547686934407066062e+00) (8, 7.14587560318992487396e+00) (9, 6.30324229025780180535e+00) (10, -3.09989591864570801505e+00) (11, -1.29800625247924217298e+00) 
