FANN_FLO_2.1
num_layers=3
learning_rate=0.700000
connection_rate=1.000000
network_type=0
learning_momentum=0.000000
training_algorithm=2
train_error_function=1
train_stop_function=1
cascade_output_change_fraction=0.010000
quickprop_decay=-0.000100
quickprop_mu=1.750000
rprop_increase_factor=1.200000
rprop_decrease_factor=0.500000
rprop_delta_min=0.000000
rprop_delta_max=50.000000
rprop_delta_zero=0.100000
cascade_output_stagnation_epochs=12
cascade_candidate_change_fraction=0.010000
cascade_candidate_stagnation_epochs=12
cascade_max_out_epochs=150
cascade_min_out_epochs=50
cascade_max_cand_epochs=150
cascade_min_cand_epochs=50
cascade_num_candidate_groups=2
bit_fail_limit=1.00000000000000005551e-01
cascade_candidate_limit=1.00000000000000000000e+03
cascade_weight_multiplier=4.00000000000000022204e-01
cascade_activation_functions_count=10
cascade_activation_functions=3 5 7 8 10 11 14 15 16 17 
cascade_activation_steepnesses_count=4
cascade_activation_steepnesses=2.50000000000000000000e-01 5.00000000000000000000e-01 7.50000000000000000000e-01 1.00000000000000000000e+00 
layer_sizes=9 4 2 
scale_included=0
neurons (num_inputs, activation_function, activation_steepness)=(0, 0, 0.00000000000000000000e+00) (0, 0, 0.00000000000000000000e+00) (0, 0, 0.00000000000000000000e+00) (0, 0, 0.00000000000000000000e+00) (0, 0, 0.00000000000000000000e+00) (0, 0, 0.00000000000000000000e+00) (0, 0, 0.00000000000000000000e+00) (0, 0, 0.00000000000000000000e+00) (0, 0, 0.00000000000000000000e+00) (9, 6, 5.00000000000000000000e-01) (9, 6, 5.00000000000000000000e-01) (9, 6, 5.00000000000000000000e-01) (0, 6, 0.00000000000000000000e+00) (4, 4, 5.00000000000000000000e-01) (0, 4, 0.00000000000000000000e+00) 
connections (connected_to_neuron, weight)=(0, 1.79632064467495411453e-01) (1, -4.76774583252842387715e-01) (2, -3.04613186173768479836e-01) (3, -8.78103386778148808922e-01) (4, -1.79577710450622624050e-01) (5, 1.37521822565066981214e-01) (6, 3.15983718638359820097e-02) (7, -5.42252401904458114501e-01) (8, 1.44470301037853632309e-01) (0, 3.71385486589230429111e-01) (1, 4.96819750914987146029e-02) (2, -5.56541088458321731025e-01) (3, -9.10376870533266824292e-02) (4, 1.31683230851053018062e-01) (5, 2.58686783061441438747e-01) (6, 9.59140201102853112713e-02) (7, -4.38252205959518192913e-01) (8, 4.43273891445634116160e-01) (0, -2.32763894501458912245e+00) (1, 3.54174214603595238771e+00) (2, 3.19965271830831898825e+00) (3, 2.39581508040105051194e+00) (4, 9.69412756678242337749e-01) (5, -1.51882227448997064734e+00) (6, -2.05891529612638723989e+00) (7, 3.14669794402010127854e+00) (8, -4.09525727736767475307e+00) (9, -2.86768512953569865154e-01) (10, -2.69805227226113976402e-02) (11, 1.10878237432537751772e+01) (12, -1.61487008981437596411e+00) 
