FANN_FLO_2.1
num_layers=3
learning_rate=0.700000
connection_rate=1.000000
network_type=0
learning_momentum=0.000000
training_algorithm=2
train_error_function=1
train_stop_function=1
cascade_output_change_fraction=0.010000
quickprop_decay=-0.000100
quickprop_mu=1.750000
rprop_increase_factor=1.200000
rprop_decrease_factor=0.500000
rprop_delta_min=0.000000
rprop_delta_max=50.000000
rprop_delta_zero=0.100000
cascade_output_stagnation_epochs=12
cascade_candidate_change_fraction=0.010000
cascade_candidate_stagnation_epochs=12
cascade_max_out_epochs=150
cascade_min_out_epochs=50
cascade_max_cand_epochs=150
cascade_min_cand_epochs=50
cascade_num_candidate_groups=2
bit_fail_limit=1.00000000000000005551e-01
cascade_candidate_limit=1.00000000000000000000e+03
cascade_weight_multiplier=4.00000000000000022204e-01
cascade_activation_functions_count=10
cascade_activation_functions=3 5 7 8 10 11 14 15 16 17 
cascade_activation_steepnesses_count=4
cascade_activation_steepnesses=2.50000000000000000000e-01 5.00000000000000000000e-01 7.50000000000000000000e-01 1.00000000000000000000e+00 
layer_sizes=12 4 2 
scale_included=0
neurons (num_inputs, activation_function, activation_steepness)=(0, 0, 0.00000000000000000000e+00) (0, 0, 0.00000000000000000000e+00) (0, 0, 0.00000000000000000000e+00) (0, 0, 0.00000000000000000000e+00) (0, 0, 0.00000000000000000000e+00) (0, 0, 0.00000000000000000000e+00) (0, 0, 0.00000000000000000000e+00) (0, 0, 0.00000000000000000000e+00) (0, 0, 0.00000000000000000000e+00) (0, 0, 0.00000000000000000000e+00) (0, 0, 0.00000000000000000000e+00) (0, 0, 0.00000000000000000000e+00) (12, 6, 5.00000000000000000000e-01) (12, 6, 5.00000000000000000000e-01) (12, 6, 5.00000000000000000000e-01) (0, 6, 0.00000000000000000000e+00) (4, 4, 5.00000000000000000000e-01) (0, 4, 0.00000000000000000000e+00) 
connections (connected_to_neuron, weight)=(0, 2.16691910369207274556e+00) (1, -2.21938284696692145204e+00) (2, -2.06516730266495907031e+00) (3, 1.25535109687312917970e+00) (4, 2.01318822808348585340e+00) (5, -8.57323391988446759093e-01) (6, -1.27824008374239017627e+00) (7, -2.98883519176941669926e+00) (8, -1.81498469860481903559e+00) (9, 3.12494744453661521533e+00) (10, -1.78221843610425922932e-01) (11, 1.83374795564255399505e+00) (0, -2.29134887295194777934e+00) (1, 1.59494434259744743976e+00) (2, 6.29479311342367608972e+00) (3, -1.04352591894263241334e-02) (4, -5.05568421149521940450e-01) (5, 1.65402552451739115469e+00) (6, 1.06288402330376241522e+00) (7, 1.30364960229871473807e+00) (8, 1.90217722871009620178e+00) (9, -2.28178828759316676411e+00) (10, 4.22562499638635813426e+00) (11, -1.85309818768666811906e+00) (0, -3.21518422937213443902e-01) (1, 1.60947581652511639838e+00) (2, 4.63982455161460527471e-01) (3, -3.02590013401038138152e-02) (4, -3.94347257306515930342e-01) (5, 3.84114217238826716194e-01) (6, 6.92062604243888102040e-01) (7, 2.11770647023199565240e+01) (8, 5.42155636075886349090e-01) (9, -6.17630856689438845208e-01) (10, 1.58950632191899976497e-01) (11, -6.79891201047370385968e-02) (12, -1.38229443285779467487e+01) (13, 7.64045048309666530173e+00) (14, 4.32138298138823984118e-01) (15, -1.50350922733394098962e+00) 
