FANN_FLO_2.1
num_layers=3
learning_rate=0.700000
connection_rate=1.000000
network_type=0
learning_momentum=0.000000
training_algorithm=2
train_error_function=1
train_stop_function=1
cascade_output_change_fraction=0.010000
quickprop_decay=-0.000100
quickprop_mu=1.750000
rprop_increase_factor=1.200000
rprop_decrease_factor=0.500000
rprop_delta_min=0.000000
rprop_delta_max=50.000000
rprop_delta_zero=0.100000
cascade_output_stagnation_epochs=12
cascade_candidate_change_fraction=0.010000
cascade_candidate_stagnation_epochs=12
cascade_max_out_epochs=150
cascade_min_out_epochs=50
cascade_max_cand_epochs=150
cascade_min_cand_epochs=50
cascade_num_candidate_groups=2
bit_fail_limit=1.00000000000000005551e-01
cascade_candidate_limit=1.00000000000000000000e+03
cascade_weight_multiplier=4.00000000000000022204e-01
cascade_activation_functions_count=10
cascade_activation_functions=3 5 7 8 10 11 14 15 16 17 
cascade_activation_steepnesses_count=4
cascade_activation_steepnesses=2.50000000000000000000e-01 5.00000000000000000000e-01 7.50000000000000000000e-01 1.00000000000000000000e+00 
layer_sizes=8 4 2 
scale_included=0
neurons (num_inputs, activation_function, activation_steepness)=(0, 0, 0.00000000000000000000e+00) (0, 0, 0.00000000000000000000e+00) (0, 0, 0.00000000000000000000e+00) (0, 0, 0.00000000000000000000e+00) (0, 0, 0.00000000000000000000e+00) (0, 0, 0.00000000000000000000e+00) (0, 0, 0.00000000000000000000e+00) (0, 0, 0.00000000000000000000e+00) (8, 6, 5.00000000000000000000e-01) (8, 6, 5.00000000000000000000e-01) (8, 6, 5.00000000000000000000e-01) (0, 6, 0.00000000000000000000e+00) (4, 4, 5.00000000000000000000e-01) (0, 4, 0.00000000000000000000e+00) 
connections (connected_to_neuron, weight)=(0, -5.72204903002906162257e-01) (1, 2.28848913808874776521e+00) (2, 1.03846941549397042692e+00) (3, -8.97666817910471870334e-01) (4, -1.97229071320293741776e-01) (5, -4.43778911177584112213e-01) (6, 2.57088237207675129881e+00) (7, -1.04596267661279540562e+00) (0, 2.55695212662315818353e-01) (1, 1.30605872910408676857e-01) (2, 2.49069677107598952404e+00) (3, -7.49809081534032251248e-01) (4, -2.28099511539043738051e-02) (5, -7.55730745672669457225e-02) (6, 2.57999553101767920005e-01) (7, -2.43421284889145550512e-01) (0, -7.14282266995809655974e-01) (1, 2.27915337433628728547e+00) (2, 1.45010378499087777548e+00) (3, -1.02449561291953394893e+00) (4, -6.07494174431725042496e-01) (5, -8.32215485475503835566e-01) (6, 2.18854213690228727174e+00) (7, -1.26519717237703877011e+00) (8, 5.43381190218204679354e+00) (9, 6.12131066817451108264e-01) (10, 1.90493957525767534378e+01) (11, -3.94398511897752435118e+00) 
