FANN_FLO_2.1
num_layers=3
learning_rate=0.700000
connection_rate=1.000000
network_type=0
learning_momentum=0.000000
training_algorithm=2
train_error_function=1
train_stop_function=1
cascade_output_change_fraction=0.010000
quickprop_decay=-0.000100
quickprop_mu=1.750000
rprop_increase_factor=1.200000
rprop_decrease_factor=0.500000
rprop_delta_min=0.000000
rprop_delta_max=50.000000
rprop_delta_zero=0.100000
cascade_output_stagnation_epochs=12
cascade_candidate_change_fraction=0.010000
cascade_candidate_stagnation_epochs=12
cascade_max_out_epochs=150
cascade_min_out_epochs=50
cascade_max_cand_epochs=150
cascade_min_cand_epochs=50
cascade_num_candidate_groups=2
bit_fail_limit=1.00000000000000005551e-01
cascade_candidate_limit=1.00000000000000000000e+03
cascade_weight_multiplier=4.00000000000000022204e-01
cascade_activation_functions_count=10
cascade_activation_functions=3 5 7 8 10 11 14 15 16 17 
cascade_activation_steepnesses_count=4
cascade_activation_steepnesses=2.50000000000000000000e-01 5.00000000000000000000e-01 7.50000000000000000000e-01 1.00000000000000000000e+00 
layer_sizes=12 4 2 
scale_included=0
neurons (num_inputs, activation_function, activation_steepness)=(0, 0, 0.00000000000000000000e+00) (0, 0, 0.00000000000000000000e+00) (0, 0, 0.00000000000000000000e+00) (0, 0, 0.00000000000000000000e+00) (0, 0, 0.00000000000000000000e+00) (0, 0, 0.00000000000000000000e+00) (0, 0, 0.00000000000000000000e+00) (0, 0, 0.00000000000000000000e+00) (0, 0, 0.00000000000000000000e+00) (0, 0, 0.00000000000000000000e+00) (0, 0, 0.00000000000000000000e+00) (0, 0, 0.00000000000000000000e+00) (12, 6, 5.00000000000000000000e-01) (12, 6, 5.00000000000000000000e-01) (12, 6, 5.00000000000000000000e-01) (0, 6, 0.00000000000000000000e+00) (4, 4, 5.00000000000000000000e-01) (0, 4, 0.00000000000000000000e+00) 
connections (connected_to_neuron, weight)=(0, -2.01221886721726725966e+01) (1, 5.89550034640219378090e-01) (2, -6.64103894212683565357e-01) (3, 4.47351140807843661307e-01) (4, -4.89364545246114904242e-02) (5, 3.36628502720882127885e-01) (6, 2.27455203365059199783e+00) (7, 1.51986344659325514073e+01) (8, 1.18284983021236711487e+00) (9, 2.16211513500262597631e+00) (10, 1.19808889258525708144e+00) (11, -8.32905813908386583044e-01) (0, 5.20385644417993109556e+00) (1, -8.85370331329561222056e-01) (2, -1.10481885069253049636e+01) (3, -1.11800651695094743765e+00) (4, 1.28124718300760065404e+00) (5, -6.67243928100870742348e-01) (6, -2.96493620105962740752e+00) (7, 1.71260142038166107703e+00) (8, -8.95378695657797374352e-01) (9, -2.87965769783229630363e+00) (10, -1.03247765237481070599e+00) (11, 7.04420257340470978846e-01) (0, -6.32189886855788363285e-01) (1, 3.56292193565858426041e+01) (2, -8.34629880060549922405e+00) (3, 1.28051231428392253697e+00) (4, 6.22956190350077432250e-01) (5, 4.03132324526897445338e+00) (6, 7.88530049588582748754e+00) (7, -7.34028285237728006507e+00) (8, 5.64514731200357289254e+00) (9, 7.46674564656794004236e+00) (10, 3.34715573155898127311e+01) (11, 3.02140020715213974967e+00) (12, 6.43730420971243688655e+00) (13, -7.98307721559013394597e+00) (14, 4.44527743227719973618e+00) (15, -1.59250942322121735728e+00) 
