FANN_FLO_2.1
num_layers=3
learning_rate=0.700000
connection_rate=1.000000
network_type=0
learning_momentum=0.000000
training_algorithm=2
train_error_function=1
train_stop_function=1
cascade_output_change_fraction=0.010000
quickprop_decay=-0.000100
quickprop_mu=1.750000
rprop_increase_factor=1.200000
rprop_decrease_factor=0.500000
rprop_delta_min=0.000000
rprop_delta_max=50.000000
rprop_delta_zero=0.100000
cascade_output_stagnation_epochs=12
cascade_candidate_change_fraction=0.010000
cascade_candidate_stagnation_epochs=12
cascade_max_out_epochs=150
cascade_min_out_epochs=50
cascade_max_cand_epochs=150
cascade_min_cand_epochs=50
cascade_num_candidate_groups=2
bit_fail_limit=1.00000000000000005551e-01
cascade_candidate_limit=1.00000000000000000000e+03
cascade_weight_multiplier=4.00000000000000022204e-01
cascade_activation_functions_count=10
cascade_activation_functions=3 5 7 8 10 11 14 15 16 17 
cascade_activation_steepnesses_count=4
cascade_activation_steepnesses=2.50000000000000000000e-01 5.00000000000000000000e-01 7.50000000000000000000e-01 1.00000000000000000000e+00 
layer_sizes=12 4 2 
scale_included=0
neurons (num_inputs, activation_function, activation_steepness)=(0, 0, 0.00000000000000000000e+00) (0, 0, 0.00000000000000000000e+00) (0, 0, 0.00000000000000000000e+00) (0, 0, 0.00000000000000000000e+00) (0, 0, 0.00000000000000000000e+00) (0, 0, 0.00000000000000000000e+00) (0, 0, 0.00000000000000000000e+00) (0, 0, 0.00000000000000000000e+00) (0, 0, 0.00000000000000000000e+00) (0, 0, 0.00000000000000000000e+00) (0, 0, 0.00000000000000000000e+00) (0, 0, 0.00000000000000000000e+00) (12, 6, 5.00000000000000000000e-01) (12, 6, 5.00000000000000000000e-01) (12, 6, 5.00000000000000000000e-01) (0, 6, 0.00000000000000000000e+00) (4, 4, 5.00000000000000000000e-01) (0, 4, 0.00000000000000000000e+00) 
connections (connected_to_neuron, weight)=(0, -2.16329465857734049017e-01) (1, 3.10706190063031406634e-01) (2, 5.98285072900771042193e-01) (3, -1.46499551346471496016e-01) (4, 7.82115318629388212024e-01) (5, 7.83652771288062210964e-01) (6, 5.82612944239283891967e-01) (7, 2.45453539448693969227e-01) (8, -2.61631834439968513628e-01) (9, 7.08955368785764705741e-01) (10, 7.03016719739933182431e-01) (11, 1.82277340025456743855e-02) (0, -8.78175064793788373585e-01) (1, 2.11412399067394307650e+00) (2, 2.17906231532195615586e+00) (3, -2.15361775061789328944e+00) (4, 8.06395393675057747807e-01) (5, 1.25086506320113444168e+00) (6, 8.78842311575180445971e-01) (7, 1.42125162962730422489e-01) (8, -2.03549588087440991302e+00) (9, 7.84580235865095176884e-01) (10, 1.01154310505149935828e+00) (11, -1.04485197483419112174e+00) (0, 3.05192264265659263245e+00) (1, -2.04368618273049840184e+00) (2, -3.26980958183884595769e+00) (3, 2.40933621643662165823e+00) (4, -1.91365336281337361513e+00) (5, -2.39053762476451980845e+00) (6, -1.16957405026366223488e+00) (7, -8.26395693822353560876e-01) (8, 2.84693954249951541868e+00) (9, -5.78374748880754796510e-01) (10, -1.58628879844389891751e+00) (11, 2.44851348134187318806e+00) (12, 7.90752776132788048891e-01) (13, 7.86946940271329076211e+00) (14, -1.47961894462509491177e+01) (15, -1.91271861311206592404e+00) 
