FANN_FLO_2.1
num_layers=3
learning_rate=0.700000
connection_rate=1.000000
network_type=0
learning_momentum=0.000000
training_algorithm=2
train_error_function=1
train_stop_function=1
cascade_output_change_fraction=0.010000
quickprop_decay=-0.000100
quickprop_mu=1.750000
rprop_increase_factor=1.200000
rprop_decrease_factor=0.500000
rprop_delta_min=0.000000
rprop_delta_max=50.000000
rprop_delta_zero=0.100000
cascade_output_stagnation_epochs=12
cascade_candidate_change_fraction=0.010000
cascade_candidate_stagnation_epochs=12
cascade_max_out_epochs=150
cascade_min_out_epochs=50
cascade_max_cand_epochs=150
cascade_min_cand_epochs=50
cascade_num_candidate_groups=2
bit_fail_limit=1.00000000000000005551e-01
cascade_candidate_limit=1.00000000000000000000e+03
cascade_weight_multiplier=4.00000000000000022204e-01
cascade_activation_functions_count=10
cascade_activation_functions=3 5 7 8 10 11 14 15 16 17 
cascade_activation_steepnesses_count=4
cascade_activation_steepnesses=2.50000000000000000000e-01 5.00000000000000000000e-01 7.50000000000000000000e-01 1.00000000000000000000e+00 
layer_sizes=7 4 2 
scale_included=0
neurons (num_inputs, activation_function, activation_steepness)=(0, 0, 0.00000000000000000000e+00) (0, 0, 0.00000000000000000000e+00) (0, 0, 0.00000000000000000000e+00) (0, 0, 0.00000000000000000000e+00) (0, 0, 0.00000000000000000000e+00) (0, 0, 0.00000000000000000000e+00) (0, 0, 0.00000000000000000000e+00) (7, 6, 5.00000000000000000000e-01) (7, 6, 5.00000000000000000000e-01) (7, 6, 5.00000000000000000000e-01) (0, 6, 0.00000000000000000000e+00) (4, 4, 5.00000000000000000000e-01) (0, 4, 0.00000000000000000000e+00) 
connections (connected_to_neuron, weight)=(0, 1.77652291597679190538e+00) (1, -3.49904674439947172004e+00) (2, -1.29435068617711990235e+00) (3, -3.10972241551036665541e+00) (4, -3.43054479354120411827e+00) (5, -2.64283975387415237535e+00) (6, 5.38319544005578798362e+00) (0, 3.58387565553258236051e-01) (1, 6.15816951063456130555e-01) (2, 3.64672651035760186922e-01) (3, 7.63279642747649034185e-01) (4, 5.67594348197622555752e-01) (5, 4.72655174422757839992e-01) (6, 1.67197829292304978033e-01) (0, 8.25690315507786459781e-02) (1, -2.92233337117906222247e-01) (2, -4.65327446948338219190e-01) (3, -4.42542492643467511027e-01) (4, -1.06334909593359849822e+00) (5, -6.69905959037446097071e-01) (6, 1.87238776518703270435e-01) (7, -8.52412241358323683471e+01) (8, 5.59309313258944729164e-01) (9, -3.55826141713671439959e-01) (10, -1.66080271539628565591e+00) 
