FANN_FLO_2.1
num_layers=3
learning_rate=0.700000
connection_rate=1.000000
network_type=0
learning_momentum=0.000000
training_algorithm=2
train_error_function=1
train_stop_function=1
cascade_output_change_fraction=0.010000
quickprop_decay=-0.000100
quickprop_mu=1.750000
rprop_increase_factor=1.200000
rprop_decrease_factor=0.500000
rprop_delta_min=0.000000
rprop_delta_max=50.000000
rprop_delta_zero=0.100000
cascade_output_stagnation_epochs=12
cascade_candidate_change_fraction=0.010000
cascade_candidate_stagnation_epochs=12
cascade_max_out_epochs=150
cascade_min_out_epochs=50
cascade_max_cand_epochs=150
cascade_min_cand_epochs=50
cascade_num_candidate_groups=2
bit_fail_limit=1.00000000000000005551e-01
cascade_candidate_limit=1.00000000000000000000e+03
cascade_weight_multiplier=4.00000000000000022204e-01
cascade_activation_functions_count=10
cascade_activation_functions=3 5 7 8 10 11 14 15 16 17 
cascade_activation_steepnesses_count=4
cascade_activation_steepnesses=2.50000000000000000000e-01 5.00000000000000000000e-01 7.50000000000000000000e-01 1.00000000000000000000e+00 
layer_sizes=9 4 2 
scale_included=0
neurons (num_inputs, activation_function, activation_steepness)=(0, 0, 0.00000000000000000000e+00) (0, 0, 0.00000000000000000000e+00) (0, 0, 0.00000000000000000000e+00) (0, 0, 0.00000000000000000000e+00) (0, 0, 0.00000000000000000000e+00) (0, 0, 0.00000000000000000000e+00) (0, 0, 0.00000000000000000000e+00) (0, 0, 0.00000000000000000000e+00) (0, 0, 0.00000000000000000000e+00) (9, 6, 5.00000000000000000000e-01) (9, 6, 5.00000000000000000000e-01) (9, 6, 5.00000000000000000000e-01) (0, 6, 0.00000000000000000000e+00) (4, 4, 5.00000000000000000000e-01) (0, 4, 0.00000000000000000000e+00) 
connections (connected_to_neuron, weight)=(0, 2.08279132782124509760e+00) (1, -1.36742588099064810159e+00) (2, -8.19147326292609112564e-01) (3, -4.75422675480458023500e-01) (4, -1.80769553513137948286e-01) (5, -3.99584146906944992494e-01) (6, -4.67654797007653000307e-01) (7, -4.56011357476326706362e-01) (8, 1.29736770321686378793e+00) (0, 2.10529337762497892328e+00) (1, -1.35339476879658682229e+00) (2, -7.40179352702711956802e-01) (3, -5.10039786567303421450e-01) (4, -1.86872480542270791304e-01) (5, -5.59932450522991898012e-01) (6, -5.47842821796747925234e-01) (7, -4.19306146671387436342e-01) (8, 1.29485697676499000863e+00) (0, -6.07608398585879427856e+00) (1, 2.44249550999916165139e+00) (2, 5.83413496153478483564e-01) (3, 4.75992394500833526649e-01) (4, 1.71131667228796857660e-01) (5, 4.48783254140478149452e-01) (6, 4.52437443548303619423e-01) (7, 6.33216252440076843300e-01) (8, -3.04983356148913364869e-01) (9, -8.05107016358000926459e+00) (10, -8.10209553930384984710e+00) (11, 4.65006143652099535046e+00) (12, -6.43574628421982763982e-01) 
