FANN_FLO_2.1
num_layers=3
learning_rate=0.700000
connection_rate=1.000000
network_type=0
learning_momentum=0.000000
training_algorithm=2
train_error_function=1
train_stop_function=1
cascade_output_change_fraction=0.010000
quickprop_decay=-0.000100
quickprop_mu=1.750000
rprop_increase_factor=1.200000
rprop_decrease_factor=0.500000
rprop_delta_min=0.000000
rprop_delta_max=50.000000
rprop_delta_zero=0.100000
cascade_output_stagnation_epochs=12
cascade_candidate_change_fraction=0.010000
cascade_candidate_stagnation_epochs=12
cascade_max_out_epochs=150
cascade_min_out_epochs=50
cascade_max_cand_epochs=150
cascade_min_cand_epochs=50
cascade_num_candidate_groups=2
bit_fail_limit=1.00000000000000005551e-01
cascade_candidate_limit=1.00000000000000000000e+03
cascade_weight_multiplier=4.00000000000000022204e-01
cascade_activation_functions_count=10
cascade_activation_functions=3 5 7 8 10 11 14 15 16 17 
cascade_activation_steepnesses_count=4
cascade_activation_steepnesses=2.50000000000000000000e-01 5.00000000000000000000e-01 7.50000000000000000000e-01 1.00000000000000000000e+00 
layer_sizes=13 4 2 
scale_included=0
neurons (num_inputs, activation_function, activation_steepness)=(0, 0, 0.00000000000000000000e+00) (0, 0, 0.00000000000000000000e+00) (0, 0, 0.00000000000000000000e+00) (0, 0, 0.00000000000000000000e+00) (0, 0, 0.00000000000000000000e+00) (0, 0, 0.00000000000000000000e+00) (0, 0, 0.00000000000000000000e+00) (0, 0, 0.00000000000000000000e+00) (0, 0, 0.00000000000000000000e+00) (0, 0, 0.00000000000000000000e+00) (0, 0, 0.00000000000000000000e+00) (0, 0, 0.00000000000000000000e+00) (0, 0, 0.00000000000000000000e+00) (13, 6, 5.00000000000000000000e-01) (13, 6, 5.00000000000000000000e-01) (13, 6, 5.00000000000000000000e-01) (0, 6, 0.00000000000000000000e+00) (4, 4, 5.00000000000000000000e-01) (0, 4, 0.00000000000000000000e+00) 
connections (connected_to_neuron, weight)=(0, -2.33332610081250102496e+00) (1, 2.16758315362375242330e+00) (2, 2.85716936103881025133e+00) (3, -9.38009273893198325389e-01) (4, 7.04190434661828151830e-02) (5, 4.51835892955832374440e-01) (6, 3.06513388639081973963e+00) (7, -3.38810021902210878331e-01) (8, 3.12758850159409740321e-01) (9, -1.10867753946770686291e+00) (10, 5.64066697936157157578e-01) (11, -1.98217126552255784588e+00) (12, -2.26352915053937442380e+00) (0, -1.64428647851343434638e+00) (1, 1.47789393895346221619e+00) (2, 1.03686170623537310398e+00) (3, 2.94359921847936856221e-01) (4, 4.50602263976775108123e-01) (5, 6.86698369938738673035e-01) (6, 3.56380610866401825731e-01) (7, -9.34731657520163766728e-02) (8, 7.57084708594503053014e-01) (9, 3.89946437616024821349e-01) (10, 6.04085887959947887005e-01) (11, -8.74968223960286506369e-01) (12, -1.12517882558013804228e+00) (0, -5.92619098066097027555e-01) (1, 1.20654121213633147569e+00) (2, 7.06554740526640245868e-01) (3, 3.99455824983326268640e-01) (4, 3.89272053708277276929e-01) (5, 4.45489358562834891764e-01) (6, 1.16098101539467007948e-01) (7, -3.96621245266519983907e-01) (8, 7.80439310995450719055e-01) (9, 1.55704065550241882443e-01) (10, 6.30158077030387953066e-01) (11, -1.24501936563957316118e+00) (12, -5.73153726099735028043e-01) (13, 1.52988003759954160898e+01) (14, 6.78024671787100907672e-01) (15, 1.12395515976706539263e+00) (16, -2.79942513204990417464e+00) 
