FANN_FLO_2.1
num_layers=3
learning_rate=0.700000
connection_rate=1.000000
network_type=0
learning_momentum=0.000000
training_algorithm=2
train_error_function=1
train_stop_function=1
cascade_output_change_fraction=0.010000
quickprop_decay=-0.000100
quickprop_mu=1.750000
rprop_increase_factor=1.200000
rprop_decrease_factor=0.500000
rprop_delta_min=0.000000
rprop_delta_max=50.000000
rprop_delta_zero=0.100000
cascade_output_stagnation_epochs=12
cascade_candidate_change_fraction=0.010000
cascade_candidate_stagnation_epochs=12
cascade_max_out_epochs=150
cascade_min_out_epochs=50
cascade_max_cand_epochs=150
cascade_min_cand_epochs=50
cascade_num_candidate_groups=2
bit_fail_limit=1.00000000000000005551e-01
cascade_candidate_limit=1.00000000000000000000e+03
cascade_weight_multiplier=4.00000000000000022204e-01
cascade_activation_functions_count=10
cascade_activation_functions=3 5 7 8 10 11 14 15 16 17 
cascade_activation_steepnesses_count=4
cascade_activation_steepnesses=2.50000000000000000000e-01 5.00000000000000000000e-01 7.50000000000000000000e-01 1.00000000000000000000e+00 
layer_sizes=13 4 2 
scale_included=0
neurons (num_inputs, activation_function, activation_steepness)=(0, 0, 0.00000000000000000000e+00) (0, 0, 0.00000000000000000000e+00) (0, 0, 0.00000000000000000000e+00) (0, 0, 0.00000000000000000000e+00) (0, 0, 0.00000000000000000000e+00) (0, 0, 0.00000000000000000000e+00) (0, 0, 0.00000000000000000000e+00) (0, 0, 0.00000000000000000000e+00) (0, 0, 0.00000000000000000000e+00) (0, 0, 0.00000000000000000000e+00) (0, 0, 0.00000000000000000000e+00) (0, 0, 0.00000000000000000000e+00) (0, 0, 0.00000000000000000000e+00) (13, 6, 5.00000000000000000000e-01) (13, 6, 5.00000000000000000000e-01) (13, 6, 5.00000000000000000000e-01) (0, 6, 0.00000000000000000000e+00) (4, 4, 5.00000000000000000000e-01) (0, 4, 0.00000000000000000000e+00) 
connections (connected_to_neuron, weight)=(0, -1.08600736506303907625e+00) (1, 1.31135341386330428470e+00) (2, 2.31294007779460342178e+00) (3, -9.40075499165570649396e-01) (4, 1.06009353677263673532e+00) (5, 6.96512277401348245398e-03) (6, 1.11200560437464623931e+00) (7, -9.87252635157200741922e-01) (8, 3.02900042650771350594e+00) (9, -4.83690664553159566097e-01) (10, 2.98208456853797820862e-01) (11, -4.76816952609533162288e-01) (12, -1.13505742503573570090e+00) (0, 5.68761127383018760817e-01) (1, -6.81317790361907316132e-01) (2, -1.87774847613399908930e+00) (3, -2.26659815860396240961e-01) (4, -1.97635239406478979696e-01) (5, 3.76645583831137914510e-02) (6, -4.92309174579659780679e-01) (7, 8.45069492877673966724e-01) (8, -2.80182853046753965742e+00) (9, 4.15225786199082458339e-01) (10, 3.28097881686864267792e-01) (11, 2.80533117284287369930e-01) (12, 6.77100545306827172887e-01) (0, 3.46253887102957413902e+00) (1, -4.34823360952180504313e+00) (2, -4.32815246956809485113e+00) (3, 1.54346346698268882536e-01) (4, -5.86082759927913254927e-01) (5, -6.58357240419737310688e-01) (6, -1.20985838486232410993e+00) (7, 3.08235696408445614125e+00) (8, -3.71034861329140053243e+00) (9, -4.91433062293545885879e-02) (10, -1.08076607453176332108e+00) (11, -5.47864877321736221116e-02) (12, 4.74364931472972450877e+00) (13, 2.24081162980561066078e+00) (14, -2.01048174971235260600e+00) (15, -6.59901777024546731809e+00) (16, -2.47991410276123502854e+00) 
