FANN_FLO_2.1
num_layers=3
learning_rate=0.700000
connection_rate=1.000000
network_type=0
learning_momentum=0.000000
training_algorithm=2
train_error_function=1
train_stop_function=1
cascade_output_change_fraction=0.010000
quickprop_decay=-0.000100
quickprop_mu=1.750000
rprop_increase_factor=1.200000
rprop_decrease_factor=0.500000
rprop_delta_min=0.000000
rprop_delta_max=50.000000
rprop_delta_zero=0.100000
cascade_output_stagnation_epochs=12
cascade_candidate_change_fraction=0.010000
cascade_candidate_stagnation_epochs=12
cascade_max_out_epochs=150
cascade_min_out_epochs=50
cascade_max_cand_epochs=150
cascade_min_cand_epochs=50
cascade_num_candidate_groups=2
bit_fail_limit=1.00000000000000005551e-01
cascade_candidate_limit=1.00000000000000000000e+03
cascade_weight_multiplier=4.00000000000000022204e-01
cascade_activation_functions_count=10
cascade_activation_functions=3 5 7 8 10 11 14 15 16 17 
cascade_activation_steepnesses_count=4
cascade_activation_steepnesses=2.50000000000000000000e-01 5.00000000000000000000e-01 7.50000000000000000000e-01 1.00000000000000000000e+00 
layer_sizes=12 4 2 
scale_included=0
neurons (num_inputs, activation_function, activation_steepness)=(0, 0, 0.00000000000000000000e+00) (0, 0, 0.00000000000000000000e+00) (0, 0, 0.00000000000000000000e+00) (0, 0, 0.00000000000000000000e+00) (0, 0, 0.00000000000000000000e+00) (0, 0, 0.00000000000000000000e+00) (0, 0, 0.00000000000000000000e+00) (0, 0, 0.00000000000000000000e+00) (0, 0, 0.00000000000000000000e+00) (0, 0, 0.00000000000000000000e+00) (0, 0, 0.00000000000000000000e+00) (0, 0, 0.00000000000000000000e+00) (12, 6, 5.00000000000000000000e-01) (12, 6, 5.00000000000000000000e-01) (12, 6, 5.00000000000000000000e-01) (0, 6, 0.00000000000000000000e+00) (4, 4, 5.00000000000000000000e-01) (0, 4, 0.00000000000000000000e+00) 
connections (connected_to_neuron, weight)=(0, -4.87175638120675991161e-01) (1, 1.50000000000000000000e+03) (2, 8.12540782808275707794e+00) (3, 7.95656537361069809977e-02) (4, 9.16899331983726285922e-03) (5, -2.32977889058840648140e-01) (6, 1.91185627383641887356e+00) (7, -1.37426747414296568373e+00) (8, 1.77391753004753049971e+00) (9, -7.21447608314382593520e-01) (10, -4.92000671537817790835e-02) (11, -1.79531371243509457747e-01) (0, -3.68179936728195045248e+00) (1, 1.50000000000000000000e+03) (2, -1.28168047256339234785e+00) (3, 4.82345951871276823475e-01) (4, -4.22354356023063592929e-01) (5, 5.42637225855982285871e-01) (6, 5.45160383965060946210e-01) (7, -3.14162519105393611696e-01) (8, 6.23845694300493303075e-01) (9, 6.94750002337822358811e-01) (10, 7.94417852247002231891e-01) (11, 3.30835114413768616171e-01) (0, -1.35965976212100461140e+01) (1, 1.50000000000000000000e+03) (2, 4.64774071050604475897e-01) (3, -8.66307891780905503509e-01) (4, -2.88738842468867884516e-01) (5, 3.72016755393227316340e-01) (6, 4.35113295861406701448e+00) (7, 1.45990054330515874881e+01) (8, 4.52708610858215276807e+00) (9, 3.79175367191782464182e-02) (10, 6.79592712691328593166e-01) (11, -2.44924653597475394662e-01) (12, 1.61444306548148546199e+01) (13, 2.37222494520565660991e+01) (14, 9.35932714149342181997e+00) (15, -8.86291814081751172516e-01) 
