FANN_FLO_2.1
num_layers=3
learning_rate=0.700000
connection_rate=1.000000
network_type=0
learning_momentum=0.000000
training_algorithm=2
train_error_function=1
train_stop_function=1
cascade_output_change_fraction=0.010000
quickprop_decay=-0.000100
quickprop_mu=1.750000
rprop_increase_factor=1.200000
rprop_decrease_factor=0.500000
rprop_delta_min=0.000000
rprop_delta_max=50.000000
rprop_delta_zero=0.100000
cascade_output_stagnation_epochs=12
cascade_candidate_change_fraction=0.010000
cascade_candidate_stagnation_epochs=12
cascade_max_out_epochs=150
cascade_min_out_epochs=50
cascade_max_cand_epochs=150
cascade_min_cand_epochs=50
cascade_num_candidate_groups=2
bit_fail_limit=1.00000000000000005551e-01
cascade_candidate_limit=1.00000000000000000000e+03
cascade_weight_multiplier=4.00000000000000022204e-01
cascade_activation_functions_count=10
cascade_activation_functions=3 5 7 8 10 11 14 15 16 17 
cascade_activation_steepnesses_count=4
cascade_activation_steepnesses=2.50000000000000000000e-01 5.00000000000000000000e-01 7.50000000000000000000e-01 1.00000000000000000000e+00 
layer_sizes=13 4 2 
scale_included=0
neurons (num_inputs, activation_function, activation_steepness)=(0, 0, 0.00000000000000000000e+00) (0, 0, 0.00000000000000000000e+00) (0, 0, 0.00000000000000000000e+00) (0, 0, 0.00000000000000000000e+00) (0, 0, 0.00000000000000000000e+00) (0, 0, 0.00000000000000000000e+00) (0, 0, 0.00000000000000000000e+00) (0, 0, 0.00000000000000000000e+00) (0, 0, 0.00000000000000000000e+00) (0, 0, 0.00000000000000000000e+00) (0, 0, 0.00000000000000000000e+00) (0, 0, 0.00000000000000000000e+00) (0, 0, 0.00000000000000000000e+00) (13, 6, 5.00000000000000000000e-01) (13, 6, 5.00000000000000000000e-01) (13, 6, 5.00000000000000000000e-01) (0, 6, 0.00000000000000000000e+00) (4, 4, 5.00000000000000000000e-01) (0, 4, 0.00000000000000000000e+00) 
connections (connected_to_neuron, weight)=(0, 7.39490436649482885123e-01) (1, -7.56470187238526325935e-01) (2, -3.16796681876996721883e+00) (3, -4.21752579886330580816e-01) (4, -2.94162037009160992618e-01) (5, 7.60879240669579681722e-01) (6, -2.33090111749068795710e-01) (7, -5.85096642896134278011e-01) (8, -2.02942859877369574662e+00) (9, 1.19738401507631792020e-01) (10, 6.25978617119986729955e-02) (11, 2.72214894776837024182e-01) (12, 6.60989410271100918948e-01) (0, 4.74452593303234237965e+00) (1, -3.65525376859165129773e+00) (2, -4.02348012808276944696e+00) (3, -9.12592884064846954217e-01) (4, -8.21650735410403565417e-01) (5, 3.45380467254837597579e+00) (6, 1.61594203679652381744e+00) (7, -5.58313886088413702247e-01) (8, -4.85261540073912200910e+00) (9, 7.25299620902167707648e-01) (10, 8.19713728403674513068e-01) (11, 8.70066309249030500617e-01) (12, 3.81988893246981442431e+00) (0, 6.08920319964341816288e-01) (1, -7.53918944529366474860e-01) (2, -3.29326078142741840438e+00) (3, -5.07802881066079625505e-01) (4, -2.67423657858531949039e-01) (5, 7.50363290049405273763e-01) (6, -1.85742700235740187953e-01) (7, -5.01841269871729722674e-01) (8, -2.02886701871178320999e+00) (9, 2.67502953892246875256e-01) (10, 1.77582709241111032228e-02) (11, 1.26976227050320161771e-01) (12, 6.06944515397005002200e-01) (13, -1.88648758808167826828e+00) (14, -1.03852587242182519134e+01) (15, -3.99224429308968453700e-01) (16, -1.98678585024460940822e+00) 
