FANN_FLO_2.1
num_layers=3
learning_rate=0.700000
connection_rate=1.000000
network_type=0
learning_momentum=0.000000
training_algorithm=2
train_error_function=1
train_stop_function=1
cascade_output_change_fraction=0.010000
quickprop_decay=-0.000100
quickprop_mu=1.750000
rprop_increase_factor=1.200000
rprop_decrease_factor=0.500000
rprop_delta_min=0.000000
rprop_delta_max=50.000000
rprop_delta_zero=0.100000
cascade_output_stagnation_epochs=12
cascade_candidate_change_fraction=0.010000
cascade_candidate_stagnation_epochs=12
cascade_max_out_epochs=150
cascade_min_out_epochs=50
cascade_max_cand_epochs=150
cascade_min_cand_epochs=50
cascade_num_candidate_groups=2
bit_fail_limit=1.00000000000000005551e-01
cascade_candidate_limit=1.00000000000000000000e+03
cascade_weight_multiplier=4.00000000000000022204e-01
cascade_activation_functions_count=10
cascade_activation_functions=3 5 7 8 10 11 14 15 16 17 
cascade_activation_steepnesses_count=4
cascade_activation_steepnesses=2.50000000000000000000e-01 5.00000000000000000000e-01 7.50000000000000000000e-01 1.00000000000000000000e+00 
layer_sizes=12 4 2 
scale_included=0
neurons (num_inputs, activation_function, activation_steepness)=(0, 0, 0.00000000000000000000e+00) (0, 0, 0.00000000000000000000e+00) (0, 0, 0.00000000000000000000e+00) (0, 0, 0.00000000000000000000e+00) (0, 0, 0.00000000000000000000e+00) (0, 0, 0.00000000000000000000e+00) (0, 0, 0.00000000000000000000e+00) (0, 0, 0.00000000000000000000e+00) (0, 0, 0.00000000000000000000e+00) (0, 0, 0.00000000000000000000e+00) (0, 0, 0.00000000000000000000e+00) (0, 0, 0.00000000000000000000e+00) (12, 6, 5.00000000000000000000e-01) (12, 6, 5.00000000000000000000e-01) (12, 6, 5.00000000000000000000e-01) (0, 6, 0.00000000000000000000e+00) (4, 4, 5.00000000000000000000e-01) (0, 4, 0.00000000000000000000e+00) 
connections (connected_to_neuron, weight)=(0, -1.70794595511981595060e+00) (1, 1.49991554355005174415e+00) (2, 1.99505663277109102083e+00) (3, -2.63300202571317853995e+00) (4, 2.61563032924124527767e-01) (5, 2.79902447152825972765e+00) (6, 1.52473171190370015982e-01) (7, -3.22639084850731494569e+00) (8, 4.23018946595281220002e-01) (9, 5.00785206340428779015e-01) (10, 5.40448925720259376604e-01) (11, -7.11780412794545291888e-01) (0, -1.30804967579592612559e+00) (1, 1.38767901102625867971e+00) (2, 3.44881980091654050113e+00) (3, -2.19874129558117425987e+00) (4, 4.17236694784352923904e+00) (5, 1.94610547640178643825e+00) (6, 9.88236709945345959127e-01) (7, -1.26803414626338151194e-01) (8, 3.39084856342262541684e-01) (9, 1.60267484932035575440e+00) (10, 1.93144110019041459481e+00) (11, -2.04105200327451852260e+00) (0, -1.40904129740942885007e+00) (1, 1.90924543051531281357e+00) (2, 2.09171716706735155711e+00) (3, -2.66422215238954507299e+00) (4, 2.16188753426706403715e+00) (5, 1.98730394982550584437e+00) (6, 5.99049415624370862332e-01) (7, -2.94938564669313807443e+00) (8, 9.50910742062800684593e-01) (9, 2.89188763737519227703e+00) (10, 4.89303443764421919226e-01) (11, -1.61656016834700255735e+00) (12, 8.18473105950454282720e+00) (13, 5.60808125973318816193e+00) (14, 1.25102847357872555278e+01) (15, -3.83536136778549652249e+00) 
