FANN_FLO_2.1
num_layers=3
learning_rate=0.700000
connection_rate=1.000000
network_type=0
learning_momentum=0.000000
training_algorithm=2
train_error_function=1
train_stop_function=1
cascade_output_change_fraction=0.010000
quickprop_decay=-0.000100
quickprop_mu=1.750000
rprop_increase_factor=1.200000
rprop_decrease_factor=0.500000
rprop_delta_min=0.000000
rprop_delta_max=50.000000
rprop_delta_zero=0.100000
cascade_output_stagnation_epochs=12
cascade_candidate_change_fraction=0.010000
cascade_candidate_stagnation_epochs=12
cascade_max_out_epochs=150
cascade_min_out_epochs=50
cascade_max_cand_epochs=150
cascade_min_cand_epochs=50
cascade_num_candidate_groups=2
bit_fail_limit=1.00000000000000005551e-01
cascade_candidate_limit=1.00000000000000000000e+03
cascade_weight_multiplier=4.00000000000000022204e-01
cascade_activation_functions_count=10
cascade_activation_functions=3 5 7 8 10 11 14 15 16 17 
cascade_activation_steepnesses_count=4
cascade_activation_steepnesses=2.50000000000000000000e-01 5.00000000000000000000e-01 7.50000000000000000000e-01 1.00000000000000000000e+00 
layer_sizes=13 4 2 
scale_included=0
neurons (num_inputs, activation_function, activation_steepness)=(0, 0, 0.00000000000000000000e+00) (0, 0, 0.00000000000000000000e+00) (0, 0, 0.00000000000000000000e+00) (0, 0, 0.00000000000000000000e+00) (0, 0, 0.00000000000000000000e+00) (0, 0, 0.00000000000000000000e+00) (0, 0, 0.00000000000000000000e+00) (0, 0, 0.00000000000000000000e+00) (0, 0, 0.00000000000000000000e+00) (0, 0, 0.00000000000000000000e+00) (0, 0, 0.00000000000000000000e+00) (0, 0, 0.00000000000000000000e+00) (0, 0, 0.00000000000000000000e+00) (13, 6, 5.00000000000000000000e-01) (13, 6, 5.00000000000000000000e-01) (13, 6, 5.00000000000000000000e-01) (0, 6, 0.00000000000000000000e+00) (4, 4, 5.00000000000000000000e-01) (0, 4, 0.00000000000000000000e+00) 
connections (connected_to_neuron, weight)=(0, -1.03377901552902162763e+00) (1, 1.69729054545357005424e+00) (2, 1.72291490513196143830e+00) (3, 3.02070884236069259199e-01) (4, 5.52355728754863273267e-01) (5, 6.45078368558141934663e-01) (6, 1.90681963630444739621e+00) (7, 2.30966777684365548451e-01) (8, 4.81817206269922526651e-01) (9, 4.56336002370467258560e-02) (10, 7.02822620145292176197e-01) (11, -1.82088891718211609572e+00) (12, -1.35099468575639569679e+00) (0, -2.95001715167080291735e-02) (1, 1.99102031892784259171e+00) (2, 3.79280716028145226115e-01) (3, 2.94822083566914194819e-01) (4, 1.71592430222565484055e-01) (5, 1.02674526238062968631e+00) (6, 3.91965763812896106355e-01) (7, 2.26458329416525494526e-01) (8, 7.19563620456818986426e-01) (9, 4.35041227658528317779e-01) (10, 9.61090379869703581583e-01) (11, -1.99481118911868676724e-01) (12, -3.71195011801518037764e-01) (0, -3.48483233893321564523e+00) (1, 3.13101917438054178078e+00) (2, 3.23683074786377078524e+00) (3, -5.05691737504386784607e-01) (4, 1.66846018047705224596e+00) (5, 6.89751207281899536561e-01) (6, 4.06199445653987023519e+00) (7, -4.21457000760189104405e-01) (8, 9.54154707756120212814e-01) (9, -5.11119822081308794459e-01) (10, 1.67337032693779752535e+00) (11, -2.95022941642444491706e+00) (12, -3.73011849699625930299e+00) (13, 6.10611795762378228858e-01) (14, 2.02221611222870967239e+00) (15, 1.09479327831842514485e+01) (16, -2.81479158584396849108e+00) 
