FANN_FLO_2.1
num_layers=3
learning_rate=0.700000
connection_rate=1.000000
network_type=0
learning_momentum=0.000000
training_algorithm=2
train_error_function=1
train_stop_function=1
cascade_output_change_fraction=0.010000
quickprop_decay=-0.000100
quickprop_mu=1.750000
rprop_increase_factor=1.200000
rprop_decrease_factor=0.500000
rprop_delta_min=0.000000
rprop_delta_max=50.000000
rprop_delta_zero=0.100000
cascade_output_stagnation_epochs=12
cascade_candidate_change_fraction=0.010000
cascade_candidate_stagnation_epochs=12
cascade_max_out_epochs=150
cascade_min_out_epochs=50
cascade_max_cand_epochs=150
cascade_min_cand_epochs=50
cascade_num_candidate_groups=2
bit_fail_limit=1.00000000000000005551e-01
cascade_candidate_limit=1.00000000000000000000e+03
cascade_weight_multiplier=4.00000000000000022204e-01
cascade_activation_functions_count=10
cascade_activation_functions=3 5 7 8 10 11 14 15 16 17 
cascade_activation_steepnesses_count=4
cascade_activation_steepnesses=2.50000000000000000000e-01 5.00000000000000000000e-01 7.50000000000000000000e-01 1.00000000000000000000e+00 
layer_sizes=13 4 2 
scale_included=0
neurons (num_inputs, activation_function, activation_steepness)=(0, 0, 0.00000000000000000000e+00) (0, 0, 0.00000000000000000000e+00) (0, 0, 0.00000000000000000000e+00) (0, 0, 0.00000000000000000000e+00) (0, 0, 0.00000000000000000000e+00) (0, 0, 0.00000000000000000000e+00) (0, 0, 0.00000000000000000000e+00) (0, 0, 0.00000000000000000000e+00) (0, 0, 0.00000000000000000000e+00) (0, 0, 0.00000000000000000000e+00) (0, 0, 0.00000000000000000000e+00) (0, 0, 0.00000000000000000000e+00) (0, 0, 0.00000000000000000000e+00) (13, 6, 5.00000000000000000000e-01) (13, 6, 5.00000000000000000000e-01) (13, 6, 5.00000000000000000000e-01) (0, 6, 0.00000000000000000000e+00) (4, 4, 5.00000000000000000000e-01) (0, 4, 0.00000000000000000000e+00) 
connections (connected_to_neuron, weight)=(0, 4.51387011749714606168e+00) (1, -1.61500210309960257060e-01) (2, -2.84293816136263721717e+00) (3, 1.83635419421994638967e+00) (4, 4.47868482932332667712e-01) (5, 1.63472691709353523670e+00) (6, -2.02794749339760516094e+00) (7, 1.51458909085360060587e+00) (8, 2.30999044080065607520e-01) (9, 2.37709370128642305531e+00) (10, 1.67700602601539250358e+00) (11, -1.12777682285463609624e+00) (12, 6.86825928911612049177e+00) (0, -1.40071712573811590907e+00) (1, 2.41980527184994143042e+00) (2, 2.49415651726519671527e+00) (3, -2.97813073773975311997e-01) (4, 6.37713728083894038079e-01) (5, -2.65952528496379847489e-01) (6, 1.88168152376599384645e+00) (7, 9.27820658931939767911e-01) (8, 6.34209679602180109725e-02) (9, -9.95587265235203466851e-01) (10, -5.46929932208902402913e-01) (11, 8.04815434121773587428e-01) (12, -2.35075886311156256880e+00) (0, -1.56780784292284436354e+00) (1, 1.62071943855238953525e+00) (2, 2.65697964423579291449e+00) (3, -2.35483019995019804416e-01) (4, 8.01265462232224501271e-01) (5, -2.63792154436714443300e-01) (6, 4.39409784562427940813e+00) (7, 8.63574674973695444180e-01) (8, 4.71673663959918498811e-01) (9, -1.02901884026075496337e+00) (10, 1.53001689399899976074e+00) (11, 8.37010655754492627345e-01) (12, -1.97319135043154680886e+00) (13, -1.74220348384316614521e+00) (14, 1.28290972980043758156e+01) (15, 3.09239473336152270733e+00) (16, -1.93068385745296255962e+00) 
