FANN_FLO_2.1
num_layers=3
learning_rate=0.700000
connection_rate=1.000000
network_type=0
learning_momentum=0.000000
training_algorithm=2
train_error_function=1
train_stop_function=1
cascade_output_change_fraction=0.010000
quickprop_decay=-0.000100
quickprop_mu=1.750000
rprop_increase_factor=1.200000
rprop_decrease_factor=0.500000
rprop_delta_min=0.000000
rprop_delta_max=50.000000
rprop_delta_zero=0.100000
cascade_output_stagnation_epochs=12
cascade_candidate_change_fraction=0.010000
cascade_candidate_stagnation_epochs=12
cascade_max_out_epochs=150
cascade_min_out_epochs=50
cascade_max_cand_epochs=150
cascade_min_cand_epochs=50
cascade_num_candidate_groups=2
bit_fail_limit=1.00000000000000005551e-01
cascade_candidate_limit=1.00000000000000000000e+03
cascade_weight_multiplier=4.00000000000000022204e-01
cascade_activation_functions_count=10
cascade_activation_functions=3 5 7 8 10 11 14 15 16 17 
cascade_activation_steepnesses_count=4
cascade_activation_steepnesses=2.50000000000000000000e-01 5.00000000000000000000e-01 7.50000000000000000000e-01 1.00000000000000000000e+00 
layer_sizes=8 4 2 
scale_included=0
neurons (num_inputs, activation_function, activation_steepness)=(0, 0, 0.00000000000000000000e+00) (0, 0, 0.00000000000000000000e+00) (0, 0, 0.00000000000000000000e+00) (0, 0, 0.00000000000000000000e+00) (0, 0, 0.00000000000000000000e+00) (0, 0, 0.00000000000000000000e+00) (0, 0, 0.00000000000000000000e+00) (0, 0, 0.00000000000000000000e+00) (8, 6, 5.00000000000000000000e-01) (8, 6, 5.00000000000000000000e-01) (8, 6, 5.00000000000000000000e-01) (0, 6, 0.00000000000000000000e+00) (4, 4, 5.00000000000000000000e-01) (0, 4, 0.00000000000000000000e+00) 
connections (connected_to_neuron, weight)=(0, -1.07050184932949665750e+00) (1, 1.61729167241199700555e+00) (2, 2.58381475484157352440e+00) (3, -1.51116626081316707264e+00) (4, 2.48632873436995582850e+00) (5, -1.43582450103722253365e-01) (6, 1.41512712063081669278e+00) (7, -2.43691237246035630193e+00) (0, -1.12807985287331757895e+00) (1, 1.87828067813579413503e+00) (2, 2.54576381875083468387e+00) (3, -1.38875054485530746717e+00) (4, 2.26950324410114312457e+00) (5, -1.26061875098371967141e-01) (6, 2.42781590123911605872e+00) (7, -2.95708393225636489987e+00) (0, -1.93301466434416674423e-01) (1, -3.72902739867372323701e+00) (2, 1.92830444139344194809e+01) (3, 2.76197023928258122982e-01) (4, 1.46393245679576589069e+00) (5, 1.53034790230891570850e+00) (6, 1.70863445065248953370e+00) (7, -2.03514617724433755086e+00) (8, 1.58611870465279007902e+01) (9, 3.33503965971591895823e+01) (10, 5.69005128928345715877e+00) (11, -2.48590852037964449295e+00) 
