FANN_FLO_2.1
num_layers=3
learning_rate=0.700000
connection_rate=1.000000
network_type=0
learning_momentum=0.000000
training_algorithm=2
train_error_function=1
train_stop_function=1
cascade_output_change_fraction=0.010000
quickprop_decay=-0.000100
quickprop_mu=1.750000
rprop_increase_factor=1.200000
rprop_decrease_factor=0.500000
rprop_delta_min=0.000000
rprop_delta_max=50.000000
rprop_delta_zero=0.100000
cascade_output_stagnation_epochs=12
cascade_candidate_change_fraction=0.010000
cascade_candidate_stagnation_epochs=12
cascade_max_out_epochs=150
cascade_min_out_epochs=50
cascade_max_cand_epochs=150
cascade_min_cand_epochs=50
cascade_num_candidate_groups=2
bit_fail_limit=1.00000000000000005551e-01
cascade_candidate_limit=1.00000000000000000000e+03
cascade_weight_multiplier=4.00000000000000022204e-01
cascade_activation_functions_count=10
cascade_activation_functions=3 5 7 8 10 11 14 15 16 17 
cascade_activation_steepnesses_count=4
cascade_activation_steepnesses=2.50000000000000000000e-01 5.00000000000000000000e-01 7.50000000000000000000e-01 1.00000000000000000000e+00 
layer_sizes=16 4 2 
scale_included=0
neurons (num_inputs, activation_function, activation_steepness)=(0, 0, 0.00000000000000000000e+00) (0, 0, 0.00000000000000000000e+00) (0, 0, 0.00000000000000000000e+00) (0, 0, 0.00000000000000000000e+00) (0, 0, 0.00000000000000000000e+00) (0, 0, 0.00000000000000000000e+00) (0, 0, 0.00000000000000000000e+00) (0, 0, 0.00000000000000000000e+00) (0, 0, 0.00000000000000000000e+00) (0, 0, 0.00000000000000000000e+00) (0, 0, 0.00000000000000000000e+00) (0, 0, 0.00000000000000000000e+00) (0, 0, 0.00000000000000000000e+00) (0, 0, 0.00000000000000000000e+00) (0, 0, 0.00000000000000000000e+00) (0, 0, 0.00000000000000000000e+00) (16, 6, 5.00000000000000000000e-01) (16, 6, 5.00000000000000000000e-01) (16, 6, 5.00000000000000000000e-01) (0, 6, 0.00000000000000000000e+00) (4, 4, 5.00000000000000000000e-01) (0, 4, 0.00000000000000000000e+00) 
connections (connected_to_neuron, weight)=(0, 6.83189832659460627440e+00) (1, -4.84413335393467026080e+00) (2, -8.50341006925282472118e-01) (3, 9.82096614605724282931e-01) (4, -1.57664134628617252920e-01) (5, 1.10136094961459751751e+00) (6, -9.38222895602381479208e-01) (7, -3.30222469000015395046e-01) (8, -3.72947316793594496609e-01) (9, 2.23599329518523265437e-01) (10, 1.49986182965067438300e-01) (11, -8.27812477860273121522e-01) (12, -1.08578047683206024843e+00) (13, 6.08749964727615333615e-01) (14, -7.62469512404949423257e-01) (15, 2.55978668656967300876e+00) (0, 6.92124832661844990866e+00) (1, -4.85174804101982193316e+00) (2, -8.15435527921040681498e-01) (3, 3.37043298102644495184e-01) (4, -2.16703482119972971887e-02) (5, 7.40051544249792359054e-01) (6, -9.14339187781012308065e-01) (7, -1.16010634678334589864e+00) (8, -3.03819235591087366544e-01) (9, 2.26439431237425853327e-01) (10, 2.83951533652571252997e-01) (11, -8.77703942272485493348e-01) (12, -1.13313447093334618287e+00) (13, 6.88469694449161506711e-01) (14, -7.04653610469848867837e-01) (15, 2.82927899852824404903e+00) (0, -5.38914418509549264513e+00) (1, 1.50607591881197411254e+00) (2, 1.45015538083303274774e+00) (3, 9.88071161510038709075e-01) (4, 7.29099389009525977734e-01) (5, -3.60429772609372200964e-01) (6, 3.95739406968720874858e+00) (7, 1.54971614824521841669e+00) (8, 7.96390692870667771253e-01) (9, 8.35695258332570745097e-01) (10, 9.91721640528726910979e-01) (11, 4.12696149076589069438e+00) (12, 1.01613390743880294131e+00) (13, 1.25498216037571252990e+00) (14, 6.59246819275046469500e+00) (15, -9.65341776855628719289e-01) (16, -2.79086736006106539421e+00) (17, -2.77895512593354387931e+00) (18, 2.62579902792066866013e+00) (19, -1.36144158425518368993e+00) 
