FANN_FLO_2.1
num_layers=3
learning_rate=0.700000
connection_rate=1.000000
network_type=0
learning_momentum=0.000000
training_algorithm=2
train_error_function=1
train_stop_function=1
cascade_output_change_fraction=0.010000
quickprop_decay=-0.000100
quickprop_mu=1.750000
rprop_increase_factor=1.200000
rprop_decrease_factor=0.500000
rprop_delta_min=0.000000
rprop_delta_max=50.000000
rprop_delta_zero=0.100000
cascade_output_stagnation_epochs=12
cascade_candidate_change_fraction=0.010000
cascade_candidate_stagnation_epochs=12
cascade_max_out_epochs=150
cascade_min_out_epochs=50
cascade_max_cand_epochs=150
cascade_min_cand_epochs=50
cascade_num_candidate_groups=2
bit_fail_limit=1.00000000000000005551e-01
cascade_candidate_limit=1.00000000000000000000e+03
cascade_weight_multiplier=4.00000000000000022204e-01
cascade_activation_functions_count=10
cascade_activation_functions=3 5 7 8 10 11 14 15 16 17 
cascade_activation_steepnesses_count=4
cascade_activation_steepnesses=2.50000000000000000000e-01 5.00000000000000000000e-01 7.50000000000000000000e-01 1.00000000000000000000e+00 
layer_sizes=6 4 2 
scale_included=0
neurons (num_inputs, activation_function, activation_steepness)=(0, 0, 0.00000000000000000000e+00) (0, 0, 0.00000000000000000000e+00) (0, 0, 0.00000000000000000000e+00) (0, 0, 0.00000000000000000000e+00) (0, 0, 0.00000000000000000000e+00) (0, 0, 0.00000000000000000000e+00) (6, 6, 5.00000000000000000000e-01) (6, 6, 5.00000000000000000000e-01) (6, 6, 5.00000000000000000000e-01) (0, 6, 0.00000000000000000000e+00) (4, 4, 5.00000000000000000000e-01) (0, 4, 0.00000000000000000000e+00) 
connections (connected_to_neuron, weight)=(0, 7.69496106774308241683e-01) (1, 8.15327192001164324786e-01) (2, 7.64090841466409265159e-01) (3, -3.22061404987264224276e-02) (4, 1.04106077196527313511e-01) (5, -4.57404825199715925343e-01) (0, 7.56332836254385521002e-01) (1, 3.27193300222447414072e-01) (2, 6.10478443720557262253e-01) (3, 1.23534385011518310638e-01) (4, 1.78632468334976396429e-01) (5, -9.95374246296876208362e-02) (0, 1.04239890107813781839e+00) (1, 8.70720044450664643065e-01) (2, 9.47479355446715798550e-01) (3, -8.13844531370499169043e-01) (4, 6.18556939346823986270e-01) (5, -1.11887372764197601249e+00) (6, 3.09199402665904043985e+00) (7, 4.65101883005631933088e-01) (8, 6.35835898531679077905e+01) (9, -1.54613986714656825860e+00) 
