FANN_FLO_2.1
num_layers=3
learning_rate=0.700000
connection_rate=1.000000
network_type=0
learning_momentum=0.000000
training_algorithm=2
train_error_function=1
train_stop_function=1
cascade_output_change_fraction=0.010000
quickprop_decay=-0.000100
quickprop_mu=1.750000
rprop_increase_factor=1.200000
rprop_decrease_factor=0.500000
rprop_delta_min=0.000000
rprop_delta_max=50.000000
rprop_delta_zero=0.100000
cascade_output_stagnation_epochs=12
cascade_candidate_change_fraction=0.010000
cascade_candidate_stagnation_epochs=12
cascade_max_out_epochs=150
cascade_min_out_epochs=50
cascade_max_cand_epochs=150
cascade_min_cand_epochs=50
cascade_num_candidate_groups=2
bit_fail_limit=1.00000000000000005551e-01
cascade_candidate_limit=1.00000000000000000000e+03
cascade_weight_multiplier=4.00000000000000022204e-01
cascade_activation_functions_count=10
cascade_activation_functions=3 5 7 8 10 11 14 15 16 17 
cascade_activation_steepnesses_count=4
cascade_activation_steepnesses=2.50000000000000000000e-01 5.00000000000000000000e-01 7.50000000000000000000e-01 1.00000000000000000000e+00 
layer_sizes=13 4 2 
scale_included=0
neurons (num_inputs, activation_function, activation_steepness)=(0, 0, 0.00000000000000000000e+00) (0, 0, 0.00000000000000000000e+00) (0, 0, 0.00000000000000000000e+00) (0, 0, 0.00000000000000000000e+00) (0, 0, 0.00000000000000000000e+00) (0, 0, 0.00000000000000000000e+00) (0, 0, 0.00000000000000000000e+00) (0, 0, 0.00000000000000000000e+00) (0, 0, 0.00000000000000000000e+00) (0, 0, 0.00000000000000000000e+00) (0, 0, 0.00000000000000000000e+00) (0, 0, 0.00000000000000000000e+00) (0, 0, 0.00000000000000000000e+00) (13, 6, 5.00000000000000000000e-01) (13, 6, 5.00000000000000000000e-01) (13, 6, 5.00000000000000000000e-01) (0, 6, 0.00000000000000000000e+00) (4, 4, 5.00000000000000000000e-01) (0, 4, 0.00000000000000000000e+00) 
connections (connected_to_neuron, weight)=(0, 4.42033959414815047495e+00) (1, -4.48472354001809403456e+00) (2, -4.06789700670241138880e+00) (3, -5.16912393868892650062e-01) (4, -1.68976190724606989413e+00) (5, 2.55049241474619137193e+00) (6, -4.56956319645327813106e+00) (7, -1.11102271071039004902e+00) (8, -6.07372871051247376073e-01) (9, 4.29788449507296643759e+00) (10, 2.26832139308610347683e+00) (11, -1.19839500198223181116e+00) (12, 4.83352836801411633871e+00) (0, -8.80995778372386184607e-01) (1, 1.04616146116310582137e+00) (2, 3.71962511982170207503e+00) (3, 7.54990598178460758927e-02) (4, 9.48430788440063676781e-01) (5, 2.53355072996671426555e-01) (6, 4.63856181721156612952e+00) (7, 1.65415206535557546275e+00) (8, 7.47503428503070721511e-01) (9, -1.48786543973509410854e+00) (10, 4.25100541173126567074e-01) (11, 1.00964577822739154378e+00) (12, -8.99434747317788274579e-01) (0, -8.40745275845626305333e-01) (1, 1.03903411655479893660e+00) (2, 3.78964234958735568526e+00) (3, 1.00516798160131232143e-01) (4, 9.97378048223808488792e-01) (5, 1.66593874058778512737e-01) (6, 4.65885613332456038904e+00) (7, 1.68638920768002265049e+00) (8, 6.71972351863180050735e-01) (9, -1.50205930241171459194e+00) (10, 6.05350574634257010409e-01) (11, 9.52701199341359328265e-01) (12, -9.31822883108613164715e-01) (13, -9.64935720349191861089e+00) (14, 1.60903268855143988247e+00) (15, 1.58677929442454779263e+00) (16, -2.29311982596358010511e+00) 
