FANN_FLO_2.1
num_layers=3
learning_rate=0.700000
connection_rate=1.000000
network_type=0
learning_momentum=0.000000
training_algorithm=2
train_error_function=1
train_stop_function=1
cascade_output_change_fraction=0.010000
quickprop_decay=-0.000100
quickprop_mu=1.750000
rprop_increase_factor=1.200000
rprop_decrease_factor=0.500000
rprop_delta_min=0.000000
rprop_delta_max=50.000000
rprop_delta_zero=0.100000
cascade_output_stagnation_epochs=12
cascade_candidate_change_fraction=0.010000
cascade_candidate_stagnation_epochs=12
cascade_max_out_epochs=150
cascade_min_out_epochs=50
cascade_max_cand_epochs=150
cascade_min_cand_epochs=50
cascade_num_candidate_groups=2
bit_fail_limit=1.00000000000000005551e-01
cascade_candidate_limit=1.00000000000000000000e+03
cascade_weight_multiplier=4.00000000000000022204e-01
cascade_activation_functions_count=10
cascade_activation_functions=3 5 7 8 10 11 14 15 16 17 
cascade_activation_steepnesses_count=4
cascade_activation_steepnesses=2.50000000000000000000e-01 5.00000000000000000000e-01 7.50000000000000000000e-01 1.00000000000000000000e+00 
layer_sizes=17 4 2 
scale_included=0
neurons (num_inputs, activation_function, activation_steepness)=(0, 0, 0.00000000000000000000e+00) (0, 0, 0.00000000000000000000e+00) (0, 0, 0.00000000000000000000e+00) (0, 0, 0.00000000000000000000e+00) (0, 0, 0.00000000000000000000e+00) (0, 0, 0.00000000000000000000e+00) (0, 0, 0.00000000000000000000e+00) (0, 0, 0.00000000000000000000e+00) (0, 0, 0.00000000000000000000e+00) (0, 0, 0.00000000000000000000e+00) (0, 0, 0.00000000000000000000e+00) (0, 0, 0.00000000000000000000e+00) (0, 0, 0.00000000000000000000e+00) (0, 0, 0.00000000000000000000e+00) (0, 0, 0.00000000000000000000e+00) (0, 0, 0.00000000000000000000e+00) (0, 0, 0.00000000000000000000e+00) (17, 6, 5.00000000000000000000e-01) (17, 6, 5.00000000000000000000e-01) (17, 6, 5.00000000000000000000e-01) (0, 6, 0.00000000000000000000e+00) (4, 4, 5.00000000000000000000e-01) (0, 4, 0.00000000000000000000e+00) 
connections (connected_to_neuron, weight)=(0, 2.73936435921454046749e+00) (1, -1.12931239727891830071e+00) (2, -4.47092225165846790524e-01) (3, -1.22064174795962987474e+00) (4, -4.74273925250665417952e-01) (5, -8.25613525917072932359e-01) (6, -5.85868140840874573883e-01) (7, -1.27476327389114874045e+00) (8, -5.86475746464257485790e-01) (9, -5.37454082863538795678e-01) (10, -4.22004599620846077013e-01) (11, -3.36176174934509741643e-01) (12, -1.18063840439879963462e+00) (13, -1.20984840490347944630e+00) (14, -9.60939355731636135616e-01) (15, -1.26675473029702501115e+00) (16, 1.29626281045403390912e+00) (0, -1.94448630849271641985e+00) (1, 3.46756812825569316061e+00) (2, 9.55087470140936312113e-01) (3, 6.89152375718567578033e-01) (4, 2.29480264423068597290e-01) (5, 1.12125454815663738728e+00) (6, 6.11378975527728463213e-01) (7, 5.02432484420131664216e-01) (8, 1.35239225632001858202e+00) (9, 5.34690055556429899575e-01) (10, 6.38732485788310433428e-01) (11, 1.31352381035230281192e+00) (12, 2.81487901777580606932e+00) (13, 2.70219423729392493883e+00) (14, 1.11821464517353019730e+00) (15, 6.45659910244913648469e-01) (16, -1.53646177992969357184e+00) (0, -1.77624871174245702043e+00) (1, 3.42032682791122599752e+00) (2, 9.71530700352671083841e-01) (3, 7.08158806821320263580e-01) (4, 2.62679217097934292191e-01) (5, 1.10636818381585522175e+00) (6, 1.32325190358881283892e+00) (7, 4.56706699224304457640e-01) (8, 1.34116031608035068956e+00) (9, 5.60721549697054899575e-01) (10, 5.60317851918185838578e-01) (11, 1.28736531361482264835e+00) (12, 2.82664006472185480590e+00) (13, 2.56468808758470023790e+00) (14, 1.19122542509077034012e+00) (15, 5.85100667281122976959e-01) (16, -1.56893057570606075934e+00) (17, -2.56100767539590528088e+01) (18, 2.67417710857007673297e+00) (19, 2.44676457414243220256e+00) (20, -5.93872164874231445175e-01) 
