FANN_FLO_2.1
num_layers=3
learning_rate=0.700000
connection_rate=1.000000
network_type=0
learning_momentum=0.000000
training_algorithm=2
train_error_function=1
train_stop_function=1
cascade_output_change_fraction=0.010000
quickprop_decay=-0.000100
quickprop_mu=1.750000
rprop_increase_factor=1.200000
rprop_decrease_factor=0.500000
rprop_delta_min=0.000000
rprop_delta_max=50.000000
rprop_delta_zero=0.100000
cascade_output_stagnation_epochs=12
cascade_candidate_change_fraction=0.010000
cascade_candidate_stagnation_epochs=12
cascade_max_out_epochs=150
cascade_min_out_epochs=50
cascade_max_cand_epochs=150
cascade_min_cand_epochs=50
cascade_num_candidate_groups=2
bit_fail_limit=1.00000000000000005551e-01
cascade_candidate_limit=1.00000000000000000000e+03
cascade_weight_multiplier=4.00000000000000022204e-01
cascade_activation_functions_count=10
cascade_activation_functions=3 5 7 8 10 11 14 15 16 17 
cascade_activation_steepnesses_count=4
cascade_activation_steepnesses=2.50000000000000000000e-01 5.00000000000000000000e-01 7.50000000000000000000e-01 1.00000000000000000000e+00 
layer_sizes=8 4 2 
scale_included=0
neurons (num_inputs, activation_function, activation_steepness)=(0, 0, 0.00000000000000000000e+00) (0, 0, 0.00000000000000000000e+00) (0, 0, 0.00000000000000000000e+00) (0, 0, 0.00000000000000000000e+00) (0, 0, 0.00000000000000000000e+00) (0, 0, 0.00000000000000000000e+00) (0, 0, 0.00000000000000000000e+00) (0, 0, 0.00000000000000000000e+00) (8, 6, 5.00000000000000000000e-01) (8, 6, 5.00000000000000000000e-01) (8, 6, 5.00000000000000000000e-01) (0, 6, 0.00000000000000000000e+00) (4, 4, 5.00000000000000000000e-01) (0, 4, 0.00000000000000000000e+00) 
connections (connected_to_neuron, weight)=(0, 2.04344992450714246779e-01) (1, 2.45718740201936867606e+02) (2, -1.09656044929884529893e+02) (3, -4.62283062304711278578e-01) (4, 7.82603964226069814814e-01) (5, 2.27001482169522628141e+00) (6, 7.40978153118663995791e-01) (7, -1.98716876166023098671e-01) (0, -7.84080849822778924718e-01) (1, -1.00185648599257426383e+00) (2, 1.50000000000000000000e+03) (3, 1.50000000000000000000e+03) (4, -4.30806171098069778935e+00) (5, 1.50000000000000000000e+03) (6, -4.25591696496320359699e+00) (7, 6.28833852191837561207e+00) (0, -1.33855833156447751042e-01) (1, -1.25040793426412544243e+00) (2, -7.29541570454603682805e+00) (3, -9.27875043740748028931e-01) (4, -1.00423174605623999334e+00) (5, -2.01263362596945283300e+00) (6, -8.46181360993225939460e-01) (7, 1.28094533601333537831e+00) (8, 4.22168619359508134892e+00) (9, -1.16551183868846628400e+01) (10, -1.44863207281010790695e+01) (11, -2.68720376485317746784e+00) 
