FANN_FLO_2.1
num_layers=3
learning_rate=0.700000
connection_rate=1.000000
network_type=0
learning_momentum=0.000000
training_algorithm=2
train_error_function=1
train_stop_function=1
cascade_output_change_fraction=0.010000
quickprop_decay=-0.000100
quickprop_mu=1.750000
rprop_increase_factor=1.200000
rprop_decrease_factor=0.500000
rprop_delta_min=0.000000
rprop_delta_max=50.000000
rprop_delta_zero=0.100000
cascade_output_stagnation_epochs=12
cascade_candidate_change_fraction=0.010000
cascade_candidate_stagnation_epochs=12
cascade_max_out_epochs=150
cascade_min_out_epochs=50
cascade_max_cand_epochs=150
cascade_min_cand_epochs=50
cascade_num_candidate_groups=2
bit_fail_limit=1.00000000000000005551e-01
cascade_candidate_limit=1.00000000000000000000e+03
cascade_weight_multiplier=4.00000000000000022204e-01
cascade_activation_functions_count=10
cascade_activation_functions=3 5 7 8 10 11 14 15 16 17 
cascade_activation_steepnesses_count=4
cascade_activation_steepnesses=2.50000000000000000000e-01 5.00000000000000000000e-01 7.50000000000000000000e-01 1.00000000000000000000e+00 
layer_sizes=10 4 2 
scale_included=0
neurons (num_inputs, activation_function, activation_steepness)=(0, 0, 0.00000000000000000000e+00) (0, 0, 0.00000000000000000000e+00) (0, 0, 0.00000000000000000000e+00) (0, 0, 0.00000000000000000000e+00) (0, 0, 0.00000000000000000000e+00) (0, 0, 0.00000000000000000000e+00) (0, 0, 0.00000000000000000000e+00) (0, 0, 0.00000000000000000000e+00) (0, 0, 0.00000000000000000000e+00) (0, 0, 0.00000000000000000000e+00) (10, 6, 5.00000000000000000000e-01) (10, 6, 5.00000000000000000000e-01) (10, 6, 5.00000000000000000000e-01) (0, 6, 0.00000000000000000000e+00) (4, 4, 5.00000000000000000000e-01) (0, 4, 0.00000000000000000000e+00) 
connections (connected_to_neuron, weight)=(0, -7.02323320530685024643e-01) (1, 2.07219507560634541576e+00) (2, 1.82476282931399280685e-01) (3, 6.38090719021400909483e-01) (4, -8.52201453035561495852e-01) (5, -4.20229643110428430219e-01) (6, 2.23509000751527331374e+00) (7, 1.79011966178429049457e+00) (8, -3.13462787209400073341e-01) (9, -8.51370754860671596909e-01) (0, -1.13918455212562871881e-01) (1, 8.19842969524324338693e-01) (2, 3.97105511421673329497e-01) (3, 4.44548524911430875672e-01) (4, -4.21340340166201365868e-01) (5, 2.37449988081480989344e-01) (6, 7.64223446595132749337e-01) (7, 7.13125736266290055632e-01) (8, 1.73341498853317954598e-01) (9, -8.00712275199587930619e-02) (0, 1.54772050833178176354e+00) (1, -1.32029981105361393645e+00) (2, 6.61921480874758771940e-01) (3, 2.51654059304926069895e-01) (4, 1.07718493665403869386e+00) (5, 5.48735069315176904325e-01) (6, -1.04372015282374430711e+00) (7, -1.85091688437943835410e+00) (8, 1.42462168067358924128e-01) (9, 1.14701693032329377075e+00) (10, 1.55880939384147030324e+01) (11, 3.19086197984126462845e-01) (12, -7.71924803233551060089e+00) (13, -2.97959046412236916446e-01) 
