FANN_FLO_2.1
num_layers=3
learning_rate=0.700000
connection_rate=1.000000
network_type=0
learning_momentum=0.000000
training_algorithm=2
train_error_function=1
train_stop_function=1
cascade_output_change_fraction=0.010000
quickprop_decay=-0.000100
quickprop_mu=1.750000
rprop_increase_factor=1.200000
rprop_decrease_factor=0.500000
rprop_delta_min=0.000000
rprop_delta_max=50.000000
rprop_delta_zero=0.100000
cascade_output_stagnation_epochs=12
cascade_candidate_change_fraction=0.010000
cascade_candidate_stagnation_epochs=12
cascade_max_out_epochs=150
cascade_min_out_epochs=50
cascade_max_cand_epochs=150
cascade_min_cand_epochs=50
cascade_num_candidate_groups=2
bit_fail_limit=1.00000000000000005551e-01
cascade_candidate_limit=1.00000000000000000000e+03
cascade_weight_multiplier=4.00000000000000022204e-01
cascade_activation_functions_count=10
cascade_activation_functions=3 5 7 8 10 11 14 15 16 17 
cascade_activation_steepnesses_count=4
cascade_activation_steepnesses=2.50000000000000000000e-01 5.00000000000000000000e-01 7.50000000000000000000e-01 1.00000000000000000000e+00 
layer_sizes=8 4 2 
scale_included=0
neurons (num_inputs, activation_function, activation_steepness)=(0, 0, 0.00000000000000000000e+00) (0, 0, 0.00000000000000000000e+00) (0, 0, 0.00000000000000000000e+00) (0, 0, 0.00000000000000000000e+00) (0, 0, 0.00000000000000000000e+00) (0, 0, 0.00000000000000000000e+00) (0, 0, 0.00000000000000000000e+00) (0, 0, 0.00000000000000000000e+00) (8, 6, 5.00000000000000000000e-01) (8, 6, 5.00000000000000000000e-01) (8, 6, 5.00000000000000000000e-01) (0, 6, 0.00000000000000000000e+00) (4, 4, 5.00000000000000000000e-01) (0, 4, 0.00000000000000000000e+00) 
connections (connected_to_neuron, weight)=(0, 2.01750956321182256525e-01) (1, 6.10179588255103211303e-01) (2, 7.30308639538393200574e-01) (3, 1.44500491903515534964e-02) (4, 8.08015598083095754056e-01) (5, 1.81480715609394022136e-01) (6, 1.12936765955745910261e+00) (7, 5.74646594676785360534e-02) (0, 9.80309601312402967288e-01) (1, -1.54240436693160143378e+00) (2, -3.20584886454104500686e+00) (3, 2.39493123369494442798e+00) (4, -4.72297538949072115422e-01) (5, 2.06029658312439245549e+00) (6, -3.13905772335357058367e+00) (7, 1.61136045413694439787e+00) (0, 1.07900685760927594892e+00) (1, -1.51699148704735842230e+00) (2, -3.18830723248480873977e+00) (3, 2.34204285519400601245e+00) (4, -3.30190402401506655217e-01) (5, 2.04346136296629232731e+00) (6, -3.18384203828400957903e+00) (7, 1.63688809531412182707e+00) (8, 2.18533913225205145281e+00) (9, -1.84771129553605000240e+01) (10, -1.84755419706393162471e+01) (11, -1.12157780648459892703e+00) 
