FANN_FLO_2.1
num_layers=3
learning_rate=0.700000
connection_rate=1.000000
network_type=0
learning_momentum=0.000000
training_algorithm=2
train_error_function=1
train_stop_function=1
cascade_output_change_fraction=0.010000
quickprop_decay=-0.000100
quickprop_mu=1.750000
rprop_increase_factor=1.200000
rprop_decrease_factor=0.500000
rprop_delta_min=0.000000
rprop_delta_max=50.000000
rprop_delta_zero=0.100000
cascade_output_stagnation_epochs=12
cascade_candidate_change_fraction=0.010000
cascade_candidate_stagnation_epochs=12
cascade_max_out_epochs=150
cascade_min_out_epochs=50
cascade_max_cand_epochs=150
cascade_min_cand_epochs=50
cascade_num_candidate_groups=2
bit_fail_limit=1.00000000000000005551e-01
cascade_candidate_limit=1.00000000000000000000e+03
cascade_weight_multiplier=4.00000000000000022204e-01
cascade_activation_functions_count=10
cascade_activation_functions=3 5 7 8 10 11 14 15 16 17 
cascade_activation_steepnesses_count=4
cascade_activation_steepnesses=2.50000000000000000000e-01 5.00000000000000000000e-01 7.50000000000000000000e-01 1.00000000000000000000e+00 
layer_sizes=13 4 2 
scale_included=0
neurons (num_inputs, activation_function, activation_steepness)=(0, 0, 0.00000000000000000000e+00) (0, 0, 0.00000000000000000000e+00) (0, 0, 0.00000000000000000000e+00) (0, 0, 0.00000000000000000000e+00) (0, 0, 0.00000000000000000000e+00) (0, 0, 0.00000000000000000000e+00) (0, 0, 0.00000000000000000000e+00) (0, 0, 0.00000000000000000000e+00) (0, 0, 0.00000000000000000000e+00) (0, 0, 0.00000000000000000000e+00) (0, 0, 0.00000000000000000000e+00) (0, 0, 0.00000000000000000000e+00) (0, 0, 0.00000000000000000000e+00) (13, 6, 5.00000000000000000000e-01) (13, 6, 5.00000000000000000000e-01) (13, 6, 5.00000000000000000000e-01) (0, 6, 0.00000000000000000000e+00) (4, 4, 5.00000000000000000000e-01) (0, 4, 0.00000000000000000000e+00) 
connections (connected_to_neuron, weight)=(0, 3.11486591858473094163e+00) (1, -4.53294967077285093637e+00) (2, -2.07380708195957730311e+00) (3, -1.20479553739871306228e-01) (4, 1.77353684659803700896e+00) (5, 2.40444598492254568711e+00) (6, -2.38393607272127416863e+00) (7, 2.02969679426786475673e+00) (8, 8.24689821516817800351e-01) (9, 2.10132074546453484487e+00) (10, 2.14826438168349520552e+00) (11, -2.47590111420014791221e+00) (12, 3.23944519174900236180e+00) (0, -6.27492541127191882921e-01) (1, -2.28692454475680362336e+00) (2, 1.90101441844542158321e+01) (3, 4.02866342942958366447e-01) (4, 9.22045178815073113165e-02) (5, -1.68838795819900977513e+00) (6, 1.46564994438604756510e+01) (7, 5.03144201550056235916e-01) (8, 1.30043750487675358052e+00) (9, 3.20912887069751517899e-01) (10, -3.60623139285520477593e-01) (11, -1.56886064015753468048e+00) (12, -1.63267294117830741307e+00) (0, 6.23531183764444918438e+00) (1, -1.78872755358145463234e+00) (2, -3.67132742438472492452e-01) (3, 4.95733994217827711459e-01) (4, 2.38352600568354189292e+00) (5, 5.38948516186932113925e+00) (6, 1.56217915741504889127e+01) (7, 2.97804222491565706576e+00) (8, 3.62116762244234058343e+00) (9, 3.71710838168907331536e+00) (10, 3.03793639268342907656e+00) (11, -4.68617606652001361667e-01) (12, 5.56916758802393463412e+00) (13, -6.61525986150630362914e+00) (14, 4.34730054645666896818e+00) (15, -1.33857008193362214676e+00) (16, -1.21191177640784242264e+00) 
