FANN_FLO_2.1
num_layers=3
learning_rate=0.700000
connection_rate=1.000000
network_type=0
learning_momentum=0.000000
training_algorithm=2
train_error_function=1
train_stop_function=1
cascade_output_change_fraction=0.010000
quickprop_decay=-0.000100
quickprop_mu=1.750000
rprop_increase_factor=1.200000
rprop_decrease_factor=0.500000
rprop_delta_min=0.000000
rprop_delta_max=50.000000
rprop_delta_zero=0.100000
cascade_output_stagnation_epochs=12
cascade_candidate_change_fraction=0.010000
cascade_candidate_stagnation_epochs=12
cascade_max_out_epochs=150
cascade_min_out_epochs=50
cascade_max_cand_epochs=150
cascade_min_cand_epochs=50
cascade_num_candidate_groups=2
bit_fail_limit=1.00000000000000005551e-01
cascade_candidate_limit=1.00000000000000000000e+03
cascade_weight_multiplier=4.00000000000000022204e-01
cascade_activation_functions_count=10
cascade_activation_functions=3 5 7 8 10 11 14 15 16 17 
cascade_activation_steepnesses_count=4
cascade_activation_steepnesses=2.50000000000000000000e-01 5.00000000000000000000e-01 7.50000000000000000000e-01 1.00000000000000000000e+00 
layer_sizes=16 4 2 
scale_included=0
neurons (num_inputs, activation_function, activation_steepness)=(0, 0, 0.00000000000000000000e+00) (0, 0, 0.00000000000000000000e+00) (0, 0, 0.00000000000000000000e+00) (0, 0, 0.00000000000000000000e+00) (0, 0, 0.00000000000000000000e+00) (0, 0, 0.00000000000000000000e+00) (0, 0, 0.00000000000000000000e+00) (0, 0, 0.00000000000000000000e+00) (0, 0, 0.00000000000000000000e+00) (0, 0, 0.00000000000000000000e+00) (0, 0, 0.00000000000000000000e+00) (0, 0, 0.00000000000000000000e+00) (0, 0, 0.00000000000000000000e+00) (0, 0, 0.00000000000000000000e+00) (0, 0, 0.00000000000000000000e+00) (0, 0, 0.00000000000000000000e+00) (16, 6, 5.00000000000000000000e-01) (16, 6, 5.00000000000000000000e-01) (16, 6, 5.00000000000000000000e-01) (0, 6, 0.00000000000000000000e+00) (4, 4, 5.00000000000000000000e-01) (0, 4, 0.00000000000000000000e+00) 
connections (connected_to_neuron, weight)=(0, -3.69648625518606488427e+00) (1, 1.88803284261639703345e+00) (2, 9.43269013955061130794e-01) (3, -3.78447171818657834841e-01) (4, 4.14583032751645985670e-01) (5, 1.63121042919906339419e-01) (6, 1.01831561101230344546e-01) (7, -7.86742804671558548790e-02) (8, 5.34849776604525817270e-01) (9, 2.61571253766074374170e-01) (10, -7.87500802833918323032e-01) (11, 8.75350579215948276790e-01) (12, 9.03559997274343662532e-01) (13, 2.94254707072939547530e-02) (14, -2.62495453320895966165e-01) (15, -8.21931171423110007446e-01) (0, -3.79024124707506482324e+00) (1, 1.73462040368731584827e+00) (2, 8.47239955856268101009e-01) (3, -5.40662501525326577578e-01) (4, 1.13655349286673934550e+00) (5, 1.99402851589047212799e-02) (6, 8.94100127346837136866e-02) (7, 5.42778210614885958663e-02) (8, 4.61569091954581511850e-01) (9, 5.39411141255252135629e-01) (10, -8.00371442396525134555e-01) (11, 9.06061783029501133235e-01) (12, 9.21374894275133304866e-01) (13, -1.25735120298984925924e-01) (14, -2.44308042191421354028e-01) (15, -8.45200716710003852050e-01) (0, -1.20907794530601453431e+00) (1, 2.53085108698136995731e-01) (2, 5.83911406495037588193e-01) (3, -1.37435462404989744423e-01) (4, 1.38923944785474251518e+00) (5, 6.31244834507074803476e-01) (6, 2.81244657204664905148e-01) (7, 1.10467656332233959970e-01) (8, 1.07103751935040381049e+00) (9, 6.89309261764542768880e-01) (10, -4.87717129775026431160e-02) (11, 4.51164721198740514829e-01) (12, 4.54542274274292501524e-01) (13, 2.29025128114203030405e-01) (14, 1.76750460578946166912e-01) (15, -1.57395388338898642444e-02) (16, 6.96968779019484951931e+00) (17, 6.90802849880824521023e+00) (18, 1.53342072989510386227e-01) (19, -1.14194189150563696344e+00) 
