FANN_FLO_2.1
num_layers=3
learning_rate=0.700000
connection_rate=1.000000
network_type=0
learning_momentum=0.000000
training_algorithm=2
train_error_function=1
train_stop_function=1
cascade_output_change_fraction=0.010000
quickprop_decay=-0.000100
quickprop_mu=1.750000
rprop_increase_factor=1.200000
rprop_decrease_factor=0.500000
rprop_delta_min=0.000000
rprop_delta_max=50.000000
rprop_delta_zero=0.100000
cascade_output_stagnation_epochs=12
cascade_candidate_change_fraction=0.010000
cascade_candidate_stagnation_epochs=12
cascade_max_out_epochs=150
cascade_min_out_epochs=50
cascade_max_cand_epochs=150
cascade_min_cand_epochs=50
cascade_num_candidate_groups=2
bit_fail_limit=1.00000000000000005551e-01
cascade_candidate_limit=1.00000000000000000000e+03
cascade_weight_multiplier=4.00000000000000022204e-01
cascade_activation_functions_count=10
cascade_activation_functions=3 5 7 8 10 11 14 15 16 17 
cascade_activation_steepnesses_count=4
cascade_activation_steepnesses=2.50000000000000000000e-01 5.00000000000000000000e-01 7.50000000000000000000e-01 1.00000000000000000000e+00 
layer_sizes=13 4 2 
scale_included=0
neurons (num_inputs, activation_function, activation_steepness)=(0, 0, 0.00000000000000000000e+00) (0, 0, 0.00000000000000000000e+00) (0, 0, 0.00000000000000000000e+00) (0, 0, 0.00000000000000000000e+00) (0, 0, 0.00000000000000000000e+00) (0, 0, 0.00000000000000000000e+00) (0, 0, 0.00000000000000000000e+00) (0, 0, 0.00000000000000000000e+00) (0, 0, 0.00000000000000000000e+00) (0, 0, 0.00000000000000000000e+00) (0, 0, 0.00000000000000000000e+00) (0, 0, 0.00000000000000000000e+00) (0, 0, 0.00000000000000000000e+00) (13, 6, 5.00000000000000000000e-01) (13, 6, 5.00000000000000000000e-01) (13, 6, 5.00000000000000000000e-01) (0, 6, 0.00000000000000000000e+00) (4, 4, 5.00000000000000000000e-01) (0, 4, 0.00000000000000000000e+00) 
connections (connected_to_neuron, weight)=(0, 1.74891978152746041530e+01) (1, -1.20983598575614390569e+01) (2, -1.03455139513113802963e+01) (3, -1.25736765196406308220e+00) (4, 2.02939226182680609867e+00) (5, 6.26818913293566293277e+00) (6, -1.10664236359139334098e+01) (7, 2.14880825118876339630e+00) (8, 1.83681134251451361195e+00) (9, 2.47825646871827975914e+00) (10, 1.85954544001252419783e+00) (11, -2.74308056897640956118e-03) (12, 1.01585594531112004546e+01) (0, 2.39402356658615023122e+00) (1, -1.06124096322020977645e+00) (2, -1.32472657780884759404e+01) (3, -2.30301899297939183242e+00) (4, -3.91752376000515378784e-01) (5, 2.26785398824548733998e+00) (6, -1.29100914941659610236e+01) (7, 3.72615066688633422842e-01) (8, -1.59736862279497016104e+00) (9, -6.02633117484234093197e-01) (10, -2.48212922449737305453e-01) (11, -6.89293338246505515876e-01) (12, 2.81375254411076625161e+00) (0, 1.81356678461949485381e+01) (1, -1.19322832823536710833e+01) (2, -1.23537767283607706759e+01) (3, 3.06009445286564263355e-01) (4, 2.70034976303704299383e+00) (5, 5.56138577498560859880e+00) (6, -1.30276853878494129901e+01) (7, 2.26454871431945781168e+00) (8, 1.79576194863656368739e+00) (9, 2.48784954199940289143e+00) (10, 3.40248131087423111296e+00) (11, 6.46643229091910409778e-01) (12, 1.04939761735866490255e+01) (13, -1.31203119090932740498e+00) (14, -2.52771074340298529393e+00) (15, -2.05052033920820386825e+00) (16, -2.22984298489480314842e+00) 
