FANN_FLO_2.1
num_layers=3
learning_rate=0.700000
connection_rate=1.000000
network_type=0
learning_momentum=0.000000
training_algorithm=2
train_error_function=1
train_stop_function=1
cascade_output_change_fraction=0.010000
quickprop_decay=-0.000100
quickprop_mu=1.750000
rprop_increase_factor=1.200000
rprop_decrease_factor=0.500000
rprop_delta_min=0.000000
rprop_delta_max=50.000000
rprop_delta_zero=0.100000
cascade_output_stagnation_epochs=12
cascade_candidate_change_fraction=0.010000
cascade_candidate_stagnation_epochs=12
cascade_max_out_epochs=150
cascade_min_out_epochs=50
cascade_max_cand_epochs=150
cascade_min_cand_epochs=50
cascade_num_candidate_groups=2
bit_fail_limit=1.00000000000000005551e-01
cascade_candidate_limit=1.00000000000000000000e+03
cascade_weight_multiplier=4.00000000000000022204e-01
cascade_activation_functions_count=10
cascade_activation_functions=3 5 7 8 10 11 14 15 16 17 
cascade_activation_steepnesses_count=4
cascade_activation_steepnesses=2.50000000000000000000e-01 5.00000000000000000000e-01 7.50000000000000000000e-01 1.00000000000000000000e+00 
layer_sizes=9 4 2 
scale_included=0
neurons (num_inputs, activation_function, activation_steepness)=(0, 0, 0.00000000000000000000e+00) (0, 0, 0.00000000000000000000e+00) (0, 0, 0.00000000000000000000e+00) (0, 0, 0.00000000000000000000e+00) (0, 0, 0.00000000000000000000e+00) (0, 0, 0.00000000000000000000e+00) (0, 0, 0.00000000000000000000e+00) (0, 0, 0.00000000000000000000e+00) (0, 0, 0.00000000000000000000e+00) (9, 6, 5.00000000000000000000e-01) (9, 6, 5.00000000000000000000e-01) (9, 6, 5.00000000000000000000e-01) (0, 6, 0.00000000000000000000e+00) (4, 4, 5.00000000000000000000e-01) (0, 4, 0.00000000000000000000e+00) 
connections (connected_to_neuron, weight)=(0, 2.25098176075286859898e+00) (1, -4.28052298687206622674e+00) (2, 2.38438377580906968323e-01) (3, 2.38416493449411431849e-01) (4, 2.02717746011677135698e-01) (5, 5.35513317891832957285e-02) (6, 9.91045612546106013951e-01) (7, 1.44262313889621129892e-01) (8, 1.23244364715105336749e+00) (0, -3.83877319658644466926e+00) (1, 2.16079941089225924244e+00) (2, 3.03596352070429809089e+00) (3, 1.33366351052344223049e+00) (4, 3.06485623494799597211e+00) (5, 2.31950336691753733476e+00) (6, -2.16821610986567631096e-01) (7, 2.36138445508496630509e+00) (8, -2.18252283658245405107e+00) (0, -3.59960077775510756126e-01) (1, 1.67967593672503157087e+00) (2, 5.34546561038246714759e-01) (3, 3.45025022759267940842e-01) (4, 7.78724819950475710684e-01) (5, 1.27870286596843796278e-01) (6, -1.11624634495810046153e-01) (7, 5.11016062891235911536e-01) (8, -1.98079775652696132848e-01) (9, -3.94976517873148491589e+00) (10, 5.69266140005609333485e+00) (11, 1.49940914132345670673e+00) (12, -4.47208575566563215631e+00) 
