FANN_FLO_2.1
num_layers=3
learning_rate=0.700000
connection_rate=1.000000
network_type=0
learning_momentum=0.000000
training_algorithm=2
train_error_function=1
train_stop_function=1
cascade_output_change_fraction=0.010000
quickprop_decay=-0.000100
quickprop_mu=1.750000
rprop_increase_factor=1.200000
rprop_decrease_factor=0.500000
rprop_delta_min=0.000000
rprop_delta_max=50.000000
rprop_delta_zero=0.100000
cascade_output_stagnation_epochs=12
cascade_candidate_change_fraction=0.010000
cascade_candidate_stagnation_epochs=12
cascade_max_out_epochs=150
cascade_min_out_epochs=50
cascade_max_cand_epochs=150
cascade_min_cand_epochs=50
cascade_num_candidate_groups=2
bit_fail_limit=1.00000000000000005551e-01
cascade_candidate_limit=1.00000000000000000000e+03
cascade_weight_multiplier=4.00000000000000022204e-01
cascade_activation_functions_count=10
cascade_activation_functions=3 5 7 8 10 11 14 15 16 17 
cascade_activation_steepnesses_count=4
cascade_activation_steepnesses=2.50000000000000000000e-01 5.00000000000000000000e-01 7.50000000000000000000e-01 1.00000000000000000000e+00 
layer_sizes=6 4 2 
scale_included=0
neurons (num_inputs, activation_function, activation_steepness)=(0, 0, 0.00000000000000000000e+00) (0, 0, 0.00000000000000000000e+00) (0, 0, 0.00000000000000000000e+00) (0, 0, 0.00000000000000000000e+00) (0, 0, 0.00000000000000000000e+00) (0, 0, 0.00000000000000000000e+00) (6, 6, 5.00000000000000000000e-01) (6, 6, 5.00000000000000000000e-01) (6, 6, 5.00000000000000000000e-01) (0, 6, 0.00000000000000000000e+00) (4, 4, 5.00000000000000000000e-01) (0, 4, 0.00000000000000000000e+00) 
connections (connected_to_neuron, weight)=(0, 9.81993293595983529620e-01) (1, 4.08911697753208347450e-01) (2, -4.50721679805319366818e-02) (3, -8.73650208327279159670e-02) (4, 3.56809554525764405231e-01) (5, -6.00788745113820382704e-02) (0, 3.49180325005925018544e+00) (1, 3.44633907494006663796e+00) (2, -2.04032550760418640579e+00) (3, -2.84095649205409361837e-01) (4, 3.09954578952417181270e+00) (5, -2.40770670461271540930e+00) (0, -7.61863481022705091306e+00) (1, -3.86799581304661987957e+00) (2, 4.70352835972624472305e+00) (3, 2.06118478077906841506e+00) (4, 1.96166133302245704328e+00) (5, 3.23280348147951279714e+00) (6, 9.78825214455063430385e-01) (7, 2.30915298023685906514e+01) (8, -1.94251587421380875753e+01) (9, -1.62328753033376460557e+00) 
