FANN_FLO_2.1
num_layers=3
learning_rate=0.700000
connection_rate=1.000000
network_type=0
learning_momentum=0.000000
training_algorithm=2
train_error_function=1
train_stop_function=1
cascade_output_change_fraction=0.010000
quickprop_decay=-0.000100
quickprop_mu=1.750000
rprop_increase_factor=1.200000
rprop_decrease_factor=0.500000
rprop_delta_min=0.000000
rprop_delta_max=50.000000
rprop_delta_zero=0.100000
cascade_output_stagnation_epochs=12
cascade_candidate_change_fraction=0.010000
cascade_candidate_stagnation_epochs=12
cascade_max_out_epochs=150
cascade_min_out_epochs=50
cascade_max_cand_epochs=150
cascade_min_cand_epochs=50
cascade_num_candidate_groups=2
bit_fail_limit=1.00000000000000005551e-01
cascade_candidate_limit=1.00000000000000000000e+03
cascade_weight_multiplier=4.00000000000000022204e-01
cascade_activation_functions_count=10
cascade_activation_functions=3 5 7 8 10 11 14 15 16 17 
cascade_activation_steepnesses_count=4
cascade_activation_steepnesses=2.50000000000000000000e-01 5.00000000000000000000e-01 7.50000000000000000000e-01 1.00000000000000000000e+00 
layer_sizes=12 4 2 
scale_included=0
neurons (num_inputs, activation_function, activation_steepness)=(0, 0, 0.00000000000000000000e+00) (0, 0, 0.00000000000000000000e+00) (0, 0, 0.00000000000000000000e+00) (0, 0, 0.00000000000000000000e+00) (0, 0, 0.00000000000000000000e+00) (0, 0, 0.00000000000000000000e+00) (0, 0, 0.00000000000000000000e+00) (0, 0, 0.00000000000000000000e+00) (0, 0, 0.00000000000000000000e+00) (0, 0, 0.00000000000000000000e+00) (0, 0, 0.00000000000000000000e+00) (0, 0, 0.00000000000000000000e+00) (12, 6, 5.00000000000000000000e-01) (12, 6, 5.00000000000000000000e-01) (12, 6, 5.00000000000000000000e-01) (0, 6, 0.00000000000000000000e+00) (4, 4, 5.00000000000000000000e-01) (0, 4, 0.00000000000000000000e+00) 
connections (connected_to_neuron, weight)=(0, -5.45787938609203759910e+00) (1, -7.78356375124501937535e+02) (2, 1.50000000000000000000e+03) (3, -2.24170722981005932084e+00) (4, -1.27827000527476047864e+03) (5, 8.87010245102399380812e+02) (6, 1.49842310166800302795e+03) (7, 1.50000000000000000000e+03) (8, -2.48458879325693882123e+00) (9, -2.54507798076455360459e+00) (10, 3.94796935528946124627e-01) (11, 4.81974534088090589279e+00) (0, -2.71041201148523462905e+01) (1, 1.50000000000000000000e+03) (2, -3.06967500482917508009e+01) (3, -1.50000000000000000000e+03) (4, 1.50000000000000000000e+03) (5, -1.93933574772954528953e+01) (6, 1.50917502700304098084e+01) (7, 3.50576012684016120602e+01) (8, 9.17132973821082231325e+00) (9, 2.71387679092742985176e+02) (10, -5.01307752416123491912e+02) (11, -7.20474265739759012206e+00) (0, 2.14556389271672856012e+02) (1, 1.50000000000000000000e+03) (2, -2.81432165538202028188e+01) (3, -9.92391660952430783027e+01) (4, 1.50000000000000000000e+03) (5, -4.43740879335526585692e+01) (6, 6.07697895929471627596e+01) (7, 1.50000000000000000000e+03) (8, -4.92662096055761509206e+01) (9, -1.53336399626899208215e+02) (10, 1.76102268172648962263e+02) (11, -3.03400549806060215730e+00) (12, -9.62474506889696002077e+00) (13, 2.03459902772198342191e+00) (14, 7.83458256776104278174e+00) (15, -2.28770193319651093944e+00) 
