FANN_FLO_2.1
num_layers=3
learning_rate=0.700000
connection_rate=1.000000
network_type=0
learning_momentum=0.000000
training_algorithm=2
train_error_function=1
train_stop_function=1
cascade_output_change_fraction=0.010000
quickprop_decay=-0.000100
quickprop_mu=1.750000
rprop_increase_factor=1.200000
rprop_decrease_factor=0.500000
rprop_delta_min=0.000000
rprop_delta_max=50.000000
rprop_delta_zero=0.100000
cascade_output_stagnation_epochs=12
cascade_candidate_change_fraction=0.010000
cascade_candidate_stagnation_epochs=12
cascade_max_out_epochs=150
cascade_min_out_epochs=50
cascade_max_cand_epochs=150
cascade_min_cand_epochs=50
cascade_num_candidate_groups=2
bit_fail_limit=1.00000000000000005551e-01
cascade_candidate_limit=1.00000000000000000000e+03
cascade_weight_multiplier=4.00000000000000022204e-01
cascade_activation_functions_count=10
cascade_activation_functions=3 5 7 8 10 11 14 15 16 17 
cascade_activation_steepnesses_count=4
cascade_activation_steepnesses=2.50000000000000000000e-01 5.00000000000000000000e-01 7.50000000000000000000e-01 1.00000000000000000000e+00 
layer_sizes=16 4 2 
scale_included=0
neurons (num_inputs, activation_function, activation_steepness)=(0, 0, 0.00000000000000000000e+00) (0, 0, 0.00000000000000000000e+00) (0, 0, 0.00000000000000000000e+00) (0, 0, 0.00000000000000000000e+00) (0, 0, 0.00000000000000000000e+00) (0, 0, 0.00000000000000000000e+00) (0, 0, 0.00000000000000000000e+00) (0, 0, 0.00000000000000000000e+00) (0, 0, 0.00000000000000000000e+00) (0, 0, 0.00000000000000000000e+00) (0, 0, 0.00000000000000000000e+00) (0, 0, 0.00000000000000000000e+00) (0, 0, 0.00000000000000000000e+00) (0, 0, 0.00000000000000000000e+00) (0, 0, 0.00000000000000000000e+00) (0, 0, 0.00000000000000000000e+00) (16, 6, 5.00000000000000000000e-01) (16, 6, 5.00000000000000000000e-01) (16, 6, 5.00000000000000000000e-01) (0, 6, 0.00000000000000000000e+00) (4, 4, 5.00000000000000000000e-01) (0, 4, 0.00000000000000000000e+00) 
connections (connected_to_neuron, weight)=(0, 2.69981986359642833762e+00) (1, -1.26660430077657681913e+00) (2, -1.02383430803026675981e+00) (3, -5.49606973684365729405e-01) (4, -1.35569288351588101982e+00) (5, -2.33978578120407620933e-01) (6, -5.87145020321173660705e-01) (7, -8.45341809062810423114e-01) (8, -1.42738033287551391304e+00) (9, -1.16685523955685280240e-01) (10, -1.25889889666096288501e+00) (11, -1.43648279228262754081e+00) (12, -2.53540875669684584448e-01) (13, -2.26856957339638620752e+00) (14, -8.89779905535597048782e-02) (15, 1.90514145927800515601e+00) (0, -1.78441108998277564446e+00) (1, 2.57457060564887285636e+00) (2, 8.11717024898807870681e-02) (3, 3.29020535315441009505e-01) (4, 1.02778093642322176926e+00) (5, 8.92984241228974129356e-01) (6, 6.71993001191167671493e-01) (7, 1.08183857179013798167e+00) (8, 2.13720816014487224876e+00) (9, 5.25769973664518275314e-01) (10, 2.49381500825297575119e+00) (11, 1.02096308148233050339e+00) (12, 1.09247679442021072838e+00) (13, 3.11573777617612124313e-01) (14, 1.13757986241903985558e+00) (15, -1.73641862582781736357e+00) (0, -1.29825457257474252692e+00) (1, 1.72342317409926892857e-01) (2, 3.96337740527989812467e-01) (3, 3.38064973520205314106e-01) (4, 6.22558535613228491989e-01) (5, 4.52912551508322158700e-01) (6, 2.07015964540995883736e-01) (7, 7.99448719286280917729e-01) (8, 2.51747969309157937357e-01) (9, 1.07230539608414304764e-01) (10, 1.07373776617671862210e-01) (11, 2.82684939967117909720e-01) (12, 7.34865081424397992294e-01) (13, 1.61050631130895294252e-01) (14, 6.67317797929644296318e-01) (15, -3.15018271442305486385e-01) (16, -2.14697797999105226552e+01) (17, 6.70343660408367103543e+00) (18, 2.21581954719737916903e+00) (19, -1.29374553094893340877e+00) 
