FANN_FLO_2.1
num_layers=3
learning_rate=0.700000
connection_rate=1.000000
network_type=0
learning_momentum=0.000000
training_algorithm=2
train_error_function=1
train_stop_function=1
cascade_output_change_fraction=0.010000
quickprop_decay=-0.000100
quickprop_mu=1.750000
rprop_increase_factor=1.200000
rprop_decrease_factor=0.500000
rprop_delta_min=0.000000
rprop_delta_max=50.000000
rprop_delta_zero=0.100000
cascade_output_stagnation_epochs=12
cascade_candidate_change_fraction=0.010000
cascade_candidate_stagnation_epochs=12
cascade_max_out_epochs=150
cascade_min_out_epochs=50
cascade_max_cand_epochs=150
cascade_min_cand_epochs=50
cascade_num_candidate_groups=2
bit_fail_limit=1.00000000000000005551e-01
cascade_candidate_limit=1.00000000000000000000e+03
cascade_weight_multiplier=4.00000000000000022204e-01
cascade_activation_functions_count=10
cascade_activation_functions=3 5 7 8 10 11 14 15 16 17 
cascade_activation_steepnesses_count=4
cascade_activation_steepnesses=2.50000000000000000000e-01 5.00000000000000000000e-01 7.50000000000000000000e-01 1.00000000000000000000e+00 
layer_sizes=10 4 2 
scale_included=0
neurons (num_inputs, activation_function, activation_steepness)=(0, 0, 0.00000000000000000000e+00) (0, 0, 0.00000000000000000000e+00) (0, 0, 0.00000000000000000000e+00) (0, 0, 0.00000000000000000000e+00) (0, 0, 0.00000000000000000000e+00) (0, 0, 0.00000000000000000000e+00) (0, 0, 0.00000000000000000000e+00) (0, 0, 0.00000000000000000000e+00) (0, 0, 0.00000000000000000000e+00) (0, 0, 0.00000000000000000000e+00) (10, 6, 5.00000000000000000000e-01) (10, 6, 5.00000000000000000000e-01) (10, 6, 5.00000000000000000000e-01) (0, 6, 0.00000000000000000000e+00) (4, 4, 5.00000000000000000000e-01) (0, 4, 0.00000000000000000000e+00) 
connections (connected_to_neuron, weight)=(0, -1.46455805192044619112e+00) (1, 2.99859370845578876441e+00) (2, -6.85516648303037962053e-02) (3, 3.16975585807794252302e-02) (4, -1.01075266515852946192e+00) (5, -8.59797278698701816779e-01) (6, -6.40180046768171084892e-01) (7, -3.98153588100786937076e-01) (8, -1.33936947027495745211e+00) (9, -1.50133468399098757295e+00) (0, -5.72523065478212411783e-01) (1, 1.75272751047616859310e+00) (2, 1.54669106448232888951e-02) (3, -5.54793368029087990978e-02) (4, -5.37897314216401856157e-01) (5, -3.02883217005016691648e-01) (6, -1.94870475842032930824e-01) (7, -2.41241123689685366127e-01) (8, -5.09500817031271147073e-01) (9, -6.96382978944213304473e-01) (0, -1.53195513984635045546e-01) (1, 9.33078544212030069893e-01) (2, 1.25728454603233702480e-01) (3, 1.09625056230105988320e-01) (4, -2.83614987519932693072e-01) (5, 2.93862719669705230174e-02) (6, -5.35796324697628001399e-02) (7, -9.45110407387011672298e-03) (8, -1.01887309664239589235e-01) (9, -1.48639588257744481581e-01) (10, 8.64631190093530044294e+00) (11, 7.62858541998011574492e+00) (12, 3.71923276974025385222e-01) (13, -1.81782309899540805986e+00) 
