FANN_FLO_2.1
num_layers=3
learning_rate=0.700000
connection_rate=1.000000
network_type=0
learning_momentum=0.000000
training_algorithm=2
train_error_function=1
train_stop_function=1
cascade_output_change_fraction=0.010000
quickprop_decay=-0.000100
quickprop_mu=1.750000
rprop_increase_factor=1.200000
rprop_decrease_factor=0.500000
rprop_delta_min=0.000000
rprop_delta_max=50.000000
rprop_delta_zero=0.100000
cascade_output_stagnation_epochs=12
cascade_candidate_change_fraction=0.010000
cascade_candidate_stagnation_epochs=12
cascade_max_out_epochs=150
cascade_min_out_epochs=50
cascade_max_cand_epochs=150
cascade_min_cand_epochs=50
cascade_num_candidate_groups=2
bit_fail_limit=1.00000000000000005551e-01
cascade_candidate_limit=1.00000000000000000000e+03
cascade_weight_multiplier=4.00000000000000022204e-01
cascade_activation_functions_count=10
cascade_activation_functions=3 5 7 8 10 11 14 15 16 17 
cascade_activation_steepnesses_count=4
cascade_activation_steepnesses=2.50000000000000000000e-01 5.00000000000000000000e-01 7.50000000000000000000e-01 1.00000000000000000000e+00 
layer_sizes=10 4 2 
scale_included=0
neurons (num_inputs, activation_function, activation_steepness)=(0, 0, 0.00000000000000000000e+00) (0, 0, 0.00000000000000000000e+00) (0, 0, 0.00000000000000000000e+00) (0, 0, 0.00000000000000000000e+00) (0, 0, 0.00000000000000000000e+00) (0, 0, 0.00000000000000000000e+00) (0, 0, 0.00000000000000000000e+00) (0, 0, 0.00000000000000000000e+00) (0, 0, 0.00000000000000000000e+00) (0, 0, 0.00000000000000000000e+00) (10, 6, 5.00000000000000000000e-01) (10, 6, 5.00000000000000000000e-01) (10, 6, 5.00000000000000000000e-01) (0, 6, 0.00000000000000000000e+00) (4, 4, 5.00000000000000000000e-01) (0, 4, 0.00000000000000000000e+00) 
connections (connected_to_neuron, weight)=(0, 1.06585271458706021264e+00) (1, -2.68163225762256685059e+00) (2, -3.16634884054281307009e-01) (3, 1.07874599226946599195e+00) (4, 7.51770798666422823686e-01) (5, 1.56099139287844933255e-02) (6, 1.00681890880344315775e+00) (7, 8.48429237820026327377e-01) (8, 7.43807521306220742474e-01) (9, 1.11464539436275678064e+00) (0, 1.49530129351326634968e+00) (1, -1.91422708025583054869e+00) (2, -2.14119912749728280588e+00) (3, -8.11416163191355455098e-01) (4, -7.43660978123701799092e-01) (5, -8.53338943214218437205e-01) (6, 2.31654517902139378549e+00) (7, -3.01372373692596617900e-01) (8, 6.22004489955153561098e-01) (9, 2.31281260982912106883e+00) (0, -1.53890220118451170883e+00) (1, 3.40983798562857121084e+00) (2, 2.97291926914791249104e+00) (3, -1.87953454123607488491e+00) (4, -1.37019963133339661709e+00) (5, 2.31782861636102444081e+00) (6, -1.98450861006711609669e+00) (7, -3.16427455585917893899e-01) (8, -1.03364081347505742947e+00) (9, -2.37537922249884303483e+00) (10, -1.27064882212554941532e+00) (11, -1.44400145500199350579e+01) (12, 5.85301955698700737685e+00) (13, -1.55478004408764891586e+00) 
