FANN_FLO_2.1
num_layers=3
learning_rate=0.700000
connection_rate=1.000000
network_type=0
learning_momentum=0.000000
training_algorithm=2
train_error_function=1
train_stop_function=1
cascade_output_change_fraction=0.010000
quickprop_decay=-0.000100
quickprop_mu=1.750000
rprop_increase_factor=1.200000
rprop_decrease_factor=0.500000
rprop_delta_min=0.000000
rprop_delta_max=50.000000
rprop_delta_zero=0.100000
cascade_output_stagnation_epochs=12
cascade_candidate_change_fraction=0.010000
cascade_candidate_stagnation_epochs=12
cascade_max_out_epochs=150
cascade_min_out_epochs=50
cascade_max_cand_epochs=150
cascade_min_cand_epochs=50
cascade_num_candidate_groups=2
bit_fail_limit=1.00000000000000005551e-01
cascade_candidate_limit=1.00000000000000000000e+03
cascade_weight_multiplier=4.00000000000000022204e-01
cascade_activation_functions_count=10
cascade_activation_functions=3 5 7 8 10 11 14 15 16 17 
cascade_activation_steepnesses_count=4
cascade_activation_steepnesses=2.50000000000000000000e-01 5.00000000000000000000e-01 7.50000000000000000000e-01 1.00000000000000000000e+00 
layer_sizes=12 4 2 
scale_included=0
neurons (num_inputs, activation_function, activation_steepness)=(0, 0, 0.00000000000000000000e+00) (0, 0, 0.00000000000000000000e+00) (0, 0, 0.00000000000000000000e+00) (0, 0, 0.00000000000000000000e+00) (0, 0, 0.00000000000000000000e+00) (0, 0, 0.00000000000000000000e+00) (0, 0, 0.00000000000000000000e+00) (0, 0, 0.00000000000000000000e+00) (0, 0, 0.00000000000000000000e+00) (0, 0, 0.00000000000000000000e+00) (0, 0, 0.00000000000000000000e+00) (0, 0, 0.00000000000000000000e+00) (12, 6, 5.00000000000000000000e-01) (12, 6, 5.00000000000000000000e-01) (12, 6, 5.00000000000000000000e-01) (0, 6, 0.00000000000000000000e+00) (4, 4, 5.00000000000000000000e-01) (0, 4, 0.00000000000000000000e+00) 
connections (connected_to_neuron, weight)=(0, -2.23380916975311233363e-01) (1, 4.46497550120473152280e-01) (2, 8.30146292777162786436e-01) (3, 5.43613612809208390786e-01) (4, 3.97744915421803302280e+00) (5, 1.02325256868495695350e+00) (6, 4.67707652796685635632e-01) (7, 5.73583361349631060122e-01) (8, 1.58927518743625706410e-01) (9, -5.11664695814123549056e-02) (10, 2.60932403901383169753e-01) (11, -2.77780419809823320154e-01) (0, -1.67134699624523297423e+00) (1, 3.54935270540671921058e-01) (2, 1.19889349982416670848e+00) (3, 1.50956919035084768943e+00) (4, 5.54372935213209405703e+00) (5, 2.24182254334234709603e+00) (6, 9.01616793157772322687e-01) (7, 1.53383368079228188385e+00) (8, -1.52149626772388435469e+00) (9, -7.22081062755847935541e-01) (10, 2.34822628982700620792e-01) (11, -8.60912603698040124200e-01) (0, 8.50483712778943079513e+00) (1, -2.26978964288054063658e+00) (2, -3.79147326277497009883e+00) (3, -1.37444528941039401104e+00) (4, -4.17747921542376943194e+00) (5, -3.06224985007716332674e+00) (6, -1.73797881154720790242e+00) (7, -6.04115267002835043542e+00) (8, 4.06163814561323610608e-01) (9, 3.05596748422681896429e+00) (10, -1.60196116557170964434e+00) (11, 2.73793640566737783715e+00) (12, 2.25586916514499497000e-01) (13, 3.44387562880896958006e+00) (14, -9.49558870189083847890e+00) (15, -1.75555277525615549550e+00) 
