FANN_FLO_2.1
num_layers=3
learning_rate=0.700000
connection_rate=1.000000
network_type=0
learning_momentum=0.000000
training_algorithm=2
train_error_function=1
train_stop_function=1
cascade_output_change_fraction=0.010000
quickprop_decay=-0.000100
quickprop_mu=1.750000
rprop_increase_factor=1.200000
rprop_decrease_factor=0.500000
rprop_delta_min=0.000000
rprop_delta_max=50.000000
rprop_delta_zero=0.100000
cascade_output_stagnation_epochs=12
cascade_candidate_change_fraction=0.010000
cascade_candidate_stagnation_epochs=12
cascade_max_out_epochs=150
cascade_min_out_epochs=50
cascade_max_cand_epochs=150
cascade_min_cand_epochs=50
cascade_num_candidate_groups=2
bit_fail_limit=1.00000000000000005551e-01
cascade_candidate_limit=1.00000000000000000000e+03
cascade_weight_multiplier=4.00000000000000022204e-01
cascade_activation_functions_count=10
cascade_activation_functions=3 5 7 8 10 11 14 15 16 17 
cascade_activation_steepnesses_count=4
cascade_activation_steepnesses=2.50000000000000000000e-01 5.00000000000000000000e-01 7.50000000000000000000e-01 1.00000000000000000000e+00 
layer_sizes=7 4 2 
scale_included=0
neurons (num_inputs, activation_function, activation_steepness)=(0, 0, 0.00000000000000000000e+00) (0, 0, 0.00000000000000000000e+00) (0, 0, 0.00000000000000000000e+00) (0, 0, 0.00000000000000000000e+00) (0, 0, 0.00000000000000000000e+00) (0, 0, 0.00000000000000000000e+00) (0, 0, 0.00000000000000000000e+00) (7, 6, 5.00000000000000000000e-01) (7, 6, 5.00000000000000000000e-01) (7, 6, 5.00000000000000000000e-01) (0, 6, 0.00000000000000000000e+00) (4, 4, 5.00000000000000000000e-01) (0, 4, 0.00000000000000000000e+00) 
connections (connected_to_neuron, weight)=(0, 2.95622340652752990664e+00) (1, -4.71124263712006907667e+00) (2, -2.79658399987281258703e+00) (3, -3.91836147540554780022e+00) (4, -5.47901626240329697737e+00) (5, -3.80405944590469546895e+00) (6, 6.37102179261349998995e+00) (0, -6.16773535412718731941e-01) (1, 1.47228212006932368539e+00) (2, 5.60220013523069382266e-01) (3, 1.29593133488945122522e+00) (4, 1.07969945476974182874e+00) (5, 1.48752487309216241407e+00) (6, -1.02414818578335542476e+00) (0, 2.19983129323792284127e-02) (1, 1.48815717020159921091e+00) (2, -1.21060457673347096619e-01) (3, 2.43614908172522431906e-01) (4, 1.26422616907648022178e+00) (5, 3.12511409018263730530e+00) (6, -1.00642296410396303585e+00) (7, -6.96234691768657487643e+00) (8, 1.37856889041350760827e+00) (9, 2.34825193646640473233e+00) (10, -1.77585199611787292184e+00) 
