FANN_FLO_2.1
num_layers=3
learning_rate=0.700000
connection_rate=1.000000
network_type=0
learning_momentum=0.000000
training_algorithm=2
train_error_function=1
train_stop_function=1
cascade_output_change_fraction=0.010000
quickprop_decay=-0.000100
quickprop_mu=1.750000
rprop_increase_factor=1.200000
rprop_decrease_factor=0.500000
rprop_delta_min=0.000000
rprop_delta_max=50.000000
rprop_delta_zero=0.100000
cascade_output_stagnation_epochs=12
cascade_candidate_change_fraction=0.010000
cascade_candidate_stagnation_epochs=12
cascade_max_out_epochs=150
cascade_min_out_epochs=50
cascade_max_cand_epochs=150
cascade_min_cand_epochs=50
cascade_num_candidate_groups=2
bit_fail_limit=1.00000000000000005551e-01
cascade_candidate_limit=1.00000000000000000000e+03
cascade_weight_multiplier=4.00000000000000022204e-01
cascade_activation_functions_count=10
cascade_activation_functions=3 5 7 8 10 11 14 15 16 17 
cascade_activation_steepnesses_count=4
cascade_activation_steepnesses=2.50000000000000000000e-01 5.00000000000000000000e-01 7.50000000000000000000e-01 1.00000000000000000000e+00 
layer_sizes=14 4 2 
scale_included=0
neurons (num_inputs, activation_function, activation_steepness)=(0, 0, 0.00000000000000000000e+00) (0, 0, 0.00000000000000000000e+00) (0, 0, 0.00000000000000000000e+00) (0, 0, 0.00000000000000000000e+00) (0, 0, 0.00000000000000000000e+00) (0, 0, 0.00000000000000000000e+00) (0, 0, 0.00000000000000000000e+00) (0, 0, 0.00000000000000000000e+00) (0, 0, 0.00000000000000000000e+00) (0, 0, 0.00000000000000000000e+00) (0, 0, 0.00000000000000000000e+00) (0, 0, 0.00000000000000000000e+00) (0, 0, 0.00000000000000000000e+00) (0, 0, 0.00000000000000000000e+00) (14, 6, 5.00000000000000000000e-01) (14, 6, 5.00000000000000000000e-01) (14, 6, 5.00000000000000000000e-01) (0, 6, 0.00000000000000000000e+00) (4, 4, 5.00000000000000000000e-01) (0, 4, 0.00000000000000000000e+00) 
connections (connected_to_neuron, weight)=(0, 8.27508121246334105159e-01) (1, -1.09797357070781353983e+00) (2, 1.90255853013041442701e+00) (3, -2.07875542626238148103e-02) (4, -1.70951208293115808345e+00) (5, 5.35674640172772664748e-01) (6, -1.05138388768619517322e+00) (7, -1.14571744956213383837e+00) (8, -1.60261003042956451381e+00) (9, -1.09357840575864062593e+00) (10, -1.93689411111857623382e+01) (11, -3.56222472268476231250e+00) (12, 1.85412856830781591633e+00) (13, 5.51400075929991517754e-01) (0, 9.12598449775534170669e-01) (1, -1.29232718110598976402e+00) (2, 1.15119402213577970429e+00) (3, -3.82931946241093640326e-02) (4, -1.57267682075178383272e+00) (5, 6.66448864777907212797e-01) (6, -1.21298776872462621412e+00) (7, -1.27464554234014748602e+00) (8, -1.64628689851065690419e+00) (9, -1.77493486197071531629e-01) (10, 1.32404711778545536305e+00) (11, 7.30472509517605894658e-01) (12, 1.93408279015248907307e+00) (13, 5.18739569184767934651e-01) (0, 1.66117557383262628434e+01) (1, -5.60581959516205330374e+00) (2, 3.16870553515913471188e+01) (3, -6.30548873963064071546e+00) (4, -8.01624471018819129142e+00) (5, -3.24915568590066783372e+00) (6, -1.33362287228683342732e+01) (7, -4.92573879779007217650e+00) (8, -1.51496920883443841888e+01) (9, -7.28494388532854308949e-01) (10, 3.98235562885441796155e+00) (11, 2.65726430960512383095e+00) (12, 9.33839075411970043206e+00) (13, 8.12666930396883557819e+00) (14, -9.82187006434878284722e+00) (15, -1.68405085660005262582e+01) (16, -1.62148141555201097397e+00) (17, -1.54551232968752327857e+00) 
