FANN_FLO_2.1
num_layers=3
learning_rate=0.700000
connection_rate=1.000000
network_type=0
learning_momentum=0.000000
training_algorithm=2
train_error_function=1
train_stop_function=1
cascade_output_change_fraction=0.010000
quickprop_decay=-0.000100
quickprop_mu=1.750000
rprop_increase_factor=1.200000
rprop_decrease_factor=0.500000
rprop_delta_min=0.000000
rprop_delta_max=50.000000
rprop_delta_zero=0.100000
cascade_output_stagnation_epochs=12
cascade_candidate_change_fraction=0.010000
cascade_candidate_stagnation_epochs=12
cascade_max_out_epochs=150
cascade_min_out_epochs=50
cascade_max_cand_epochs=150
cascade_min_cand_epochs=50
cascade_num_candidate_groups=2
bit_fail_limit=1.00000000000000005551e-01
cascade_candidate_limit=1.00000000000000000000e+03
cascade_weight_multiplier=4.00000000000000022204e-01
cascade_activation_functions_count=10
cascade_activation_functions=3 5 7 8 10 11 14 15 16 17 
cascade_activation_steepnesses_count=4
cascade_activation_steepnesses=2.50000000000000000000e-01 5.00000000000000000000e-01 7.50000000000000000000e-01 1.00000000000000000000e+00 
layer_sizes=10 4 2 
scale_included=0
neurons (num_inputs, activation_function, activation_steepness)=(0, 0, 0.00000000000000000000e+00) (0, 0, 0.00000000000000000000e+00) (0, 0, 0.00000000000000000000e+00) (0, 0, 0.00000000000000000000e+00) (0, 0, 0.00000000000000000000e+00) (0, 0, 0.00000000000000000000e+00) (0, 0, 0.00000000000000000000e+00) (0, 0, 0.00000000000000000000e+00) (0, 0, 0.00000000000000000000e+00) (0, 0, 0.00000000000000000000e+00) (10, 6, 5.00000000000000000000e-01) (10, 6, 5.00000000000000000000e-01) (10, 6, 5.00000000000000000000e-01) (0, 6, 0.00000000000000000000e+00) (4, 4, 5.00000000000000000000e-01) (0, 4, 0.00000000000000000000e+00) 
connections (connected_to_neuron, weight)=(0, -5.95587869843112044377e-02) (1, 4.09844861677746641337e-01) (2, 7.48885454161657415639e-01) (3, 6.90492088238133516764e-02) (4, 3.77509919674919147692e-01) (5, 3.96085751922653217516e-01) (6, 8.13955020242228877159e-01) (7, -2.38312199079577319294e-01) (8, 2.53259220297038650793e-02) (9, -1.79096733103118327390e-01) (0, -2.10642348613053975726e+00) (1, 2.93687169040871154380e+00) (2, 2.33473147675543835078e+00) (3, -2.30156320742671116619e-01) (4, 4.72326215919502856444e-01) (5, -2.03306531588237221486e-02) (6, 1.40011376764122119631e+00) (7, -1.95792633884982447690e+00) (8, 8.43216586585207150684e-01) (9, -2.88030662132735493230e+00) (0, -1.23439708868584671619e-01) (1, 1.57539022067649425729e+00) (2, 4.19935470718709014104e-01) (3, -9.13300531467063358981e-02) (4, 3.22452874835634728523e-01) (5, 2.77138390955323055120e-01) (6, 2.58800273309259198928e-01) (7, -1.78323418461863059115e-01) (8, -1.39589186683900690067e-01) (9, -1.45665848771653200222e-01) (10, 7.11915691040631459785e-01) (11, 1.51903554106683085223e+01) (12, 5.34109564459777308443e-01) (13, -2.29446302399369894687e+00) 
