FANN_FLO_2.1
num_layers=3
learning_rate=0.700000
connection_rate=1.000000
network_type=0
learning_momentum=0.000000
training_algorithm=2
train_error_function=1
train_stop_function=1
cascade_output_change_fraction=0.010000
quickprop_decay=-0.000100
quickprop_mu=1.750000
rprop_increase_factor=1.200000
rprop_decrease_factor=0.500000
rprop_delta_min=0.000000
rprop_delta_max=50.000000
rprop_delta_zero=0.100000
cascade_output_stagnation_epochs=12
cascade_candidate_change_fraction=0.010000
cascade_candidate_stagnation_epochs=12
cascade_max_out_epochs=150
cascade_min_out_epochs=50
cascade_max_cand_epochs=150
cascade_min_cand_epochs=50
cascade_num_candidate_groups=2
bit_fail_limit=1.00000000000000005551e-01
cascade_candidate_limit=1.00000000000000000000e+03
cascade_weight_multiplier=4.00000000000000022204e-01
cascade_activation_functions_count=10
cascade_activation_functions=3 5 7 8 10 11 14 15 16 17 
cascade_activation_steepnesses_count=4
cascade_activation_steepnesses=2.50000000000000000000e-01 5.00000000000000000000e-01 7.50000000000000000000e-01 1.00000000000000000000e+00 
layer_sizes=16 4 2 
scale_included=0
neurons (num_inputs, activation_function, activation_steepness)=(0, 0, 0.00000000000000000000e+00) (0, 0, 0.00000000000000000000e+00) (0, 0, 0.00000000000000000000e+00) (0, 0, 0.00000000000000000000e+00) (0, 0, 0.00000000000000000000e+00) (0, 0, 0.00000000000000000000e+00) (0, 0, 0.00000000000000000000e+00) (0, 0, 0.00000000000000000000e+00) (0, 0, 0.00000000000000000000e+00) (0, 0, 0.00000000000000000000e+00) (0, 0, 0.00000000000000000000e+00) (0, 0, 0.00000000000000000000e+00) (0, 0, 0.00000000000000000000e+00) (0, 0, 0.00000000000000000000e+00) (0, 0, 0.00000000000000000000e+00) (0, 0, 0.00000000000000000000e+00) (16, 6, 5.00000000000000000000e-01) (16, 6, 5.00000000000000000000e-01) (16, 6, 5.00000000000000000000e-01) (0, 6, 0.00000000000000000000e+00) (4, 4, 5.00000000000000000000e-01) (0, 4, 0.00000000000000000000e+00) 
connections (connected_to_neuron, weight)=(0, -1.34991282584671057343e+00) (1, 1.22590411025869649997e-02) (2, 3.33923105784065565871e+00) (3, 8.65554081321240342817e-01) (4, 3.65160065626014596063e+00) (5, 5.81111792188851339347e-01) (6, 1.43492106509063210851e+00) (7, 1.33058250573284464480e-01) (8, 4.32884805912402867989e+01) (9, 3.47462688655820806094e-01) (10, 2.06786731640917098574e+00) (11, 3.29956386188649464231e+00) (12, 1.53856522997484979065e+00) (13, 7.34278715172957952007e-01) (14, 7.92186151758619949703e-01) (15, -1.33052492738669125849e+00) (0, -1.03556728526569585824e+00) (1, 2.29963549013617096772e-01) (2, 2.88267428493709287896e-01) (3, 1.03776887288665853326e+00) (4, 1.10215067777717057318e+00) (5, 9.30299019177815544879e-01) (6, 1.13571200157800933361e+00) (7, 3.31330071621966315565e-01) (8, 4.93191698878884032808e-01) (9, 5.33473007404134114129e-02) (10, 3.24006580546570110979e-01) (11, 2.60753035334884530894e-01) (12, 1.87480152841460329105e-01) (13, 2.08217813579001015389e-01) (14, 1.10293262234418532053e+00) (15, -6.50324906235342115046e-01) (0, -1.59893785027765478191e+00) (1, 2.31817609015694925390e+00) (2, 8.47383164452266135491e-01) (3, 9.14368964626248947880e-01) (4, 1.51261489143124294721e+00) (5, 1.17310482451609976451e+00) (6, 1.91029770938580223394e+00) (7, 2.53790848774050070702e+00) (8, 1.59179533449455479222e+00) (9, 1.42502389805487274244e-02) (10, 2.19707382898990527531e-01) (11, -5.30549781102306217129e-01) (12, 3.03826398693300969711e-02) (13, 4.05189640704893272449e-01) (14, 8.07304883760575076046e-01) (15, -2.56758405623866892142e+00) (16, 2.82502514363720225177e+00) (17, 2.16157871592439398967e+01) (18, 1.57189547724661711214e+01) (19, -2.48144469574600723405e+00) 
