FANN_FLO_2.1
num_layers=3
learning_rate=0.700000
connection_rate=1.000000
network_type=0
learning_momentum=0.000000
training_algorithm=2
train_error_function=1
train_stop_function=1
cascade_output_change_fraction=0.010000
quickprop_decay=-0.000100
quickprop_mu=1.750000
rprop_increase_factor=1.200000
rprop_decrease_factor=0.500000
rprop_delta_min=0.000000
rprop_delta_max=50.000000
rprop_delta_zero=0.100000
cascade_output_stagnation_epochs=12
cascade_candidate_change_fraction=0.010000
cascade_candidate_stagnation_epochs=12
cascade_max_out_epochs=150
cascade_min_out_epochs=50
cascade_max_cand_epochs=150
cascade_min_cand_epochs=50
cascade_num_candidate_groups=2
bit_fail_limit=1.00000000000000005551e-01
cascade_candidate_limit=1.00000000000000000000e+03
cascade_weight_multiplier=4.00000000000000022204e-01
cascade_activation_functions_count=10
cascade_activation_functions=3 5 7 8 10 11 14 15 16 17 
cascade_activation_steepnesses_count=4
cascade_activation_steepnesses=2.50000000000000000000e-01 5.00000000000000000000e-01 7.50000000000000000000e-01 1.00000000000000000000e+00 
layer_sizes=9 4 2 
scale_included=0
neurons (num_inputs, activation_function, activation_steepness)=(0, 0, 0.00000000000000000000e+00) (0, 0, 0.00000000000000000000e+00) (0, 0, 0.00000000000000000000e+00) (0, 0, 0.00000000000000000000e+00) (0, 0, 0.00000000000000000000e+00) (0, 0, 0.00000000000000000000e+00) (0, 0, 0.00000000000000000000e+00) (0, 0, 0.00000000000000000000e+00) (0, 0, 0.00000000000000000000e+00) (9, 6, 5.00000000000000000000e-01) (9, 6, 5.00000000000000000000e-01) (9, 6, 5.00000000000000000000e-01) (0, 6, 0.00000000000000000000e+00) (4, 4, 5.00000000000000000000e-01) (0, 4, 0.00000000000000000000e+00) 
connections (connected_to_neuron, weight)=(0, -9.64740985911009263365e-02) (1, 1.73036395118450125885e+00) (2, 5.77869504137307088421e-01) (3, -1.18540488203858473959e+00) (4, 1.54890247952424409128e+00) (5, -2.54001090047049793430e-01) (6, 4.05373185364846233547e-02) (7, -1.69727567303126880560e-01) (8, -1.20753071020654467738e+00) (0, -8.14173547291622279332e-02) (1, 4.31665116576637863943e+00) (2, -2.61798714347664052138e-01) (3, 4.65710708870974254836e+00) (4, -2.14043692136825658423e+00) (5, 1.34877877614739514200e+01) (6, 2.22593644941132290382e-01) (7, -1.20675484726388670964e-01) (8, -2.02628517914311734316e+00) (0, -2.45116497297942742550e-01) (1, -3.02643201589306798382e-01) (2, 1.90520598011168540431e+00) (3, 5.23157722377257528024e+00) (4, 9.19162134212613057827e-01) (5, 3.82968025113682175586e+00) (6, -5.06439716358844660427e-01) (7, -2.42040612214924483192e-01) (8, -2.24327398142564682360e+00) (9, 2.37449754282882672385e+01) (10, 4.43031092197796283472e+00) (11, 1.76923582257607492352e+01) (12, -5.62158949086098669312e+00) 
