FANN_FLO_2.1
num_layers=3
learning_rate=0.700000
connection_rate=1.000000
network_type=0
learning_momentum=0.000000
training_algorithm=2
train_error_function=1
train_stop_function=1
cascade_output_change_fraction=0.010000
quickprop_decay=-0.000100
quickprop_mu=1.750000
rprop_increase_factor=1.200000
rprop_decrease_factor=0.500000
rprop_delta_min=0.000000
rprop_delta_max=50.000000
rprop_delta_zero=0.100000
cascade_output_stagnation_epochs=12
cascade_candidate_change_fraction=0.010000
cascade_candidate_stagnation_epochs=12
cascade_max_out_epochs=150
cascade_min_out_epochs=50
cascade_max_cand_epochs=150
cascade_min_cand_epochs=50
cascade_num_candidate_groups=2
bit_fail_limit=1.00000000000000005551e-01
cascade_candidate_limit=1.00000000000000000000e+03
cascade_weight_multiplier=4.00000000000000022204e-01
cascade_activation_functions_count=10
cascade_activation_functions=3 5 7 8 10 11 14 15 16 17 
cascade_activation_steepnesses_count=4
cascade_activation_steepnesses=2.50000000000000000000e-01 5.00000000000000000000e-01 7.50000000000000000000e-01 1.00000000000000000000e+00 
layer_sizes=9 4 2 
scale_included=0
neurons (num_inputs, activation_function, activation_steepness)=(0, 0, 0.00000000000000000000e+00) (0, 0, 0.00000000000000000000e+00) (0, 0, 0.00000000000000000000e+00) (0, 0, 0.00000000000000000000e+00) (0, 0, 0.00000000000000000000e+00) (0, 0, 0.00000000000000000000e+00) (0, 0, 0.00000000000000000000e+00) (0, 0, 0.00000000000000000000e+00) (0, 0, 0.00000000000000000000e+00) (9, 6, 5.00000000000000000000e-01) (9, 6, 5.00000000000000000000e-01) (9, 6, 5.00000000000000000000e-01) (0, 6, 0.00000000000000000000e+00) (4, 4, 5.00000000000000000000e-01) (0, 4, 0.00000000000000000000e+00) 
connections (connected_to_neuron, weight)=(0, -6.87854674333187254831e-01) (1, 1.26636880707177805760e+01) (2, -7.67845227940074792627e+00) (3, -2.10627188413363519714e+00) (4, -2.33805880820388112262e-01) (5, 1.08678459134558913490e+01) (6, 4.91861733063594444570e-02) (7, 5.03324300128179386027e-02) (8, -1.17897208455316548914e+00) (0, -3.86861448643939564995e-01) (1, -7.25963001343987635039e+00) (2, -4.94960486001755306518e+00) (3, -3.61046139673343668974e+00) (4, -8.27486807220529030360e+00) (5, -8.84483911355344609717e+00) (6, 5.64364358691979539628e+00) (7, 5.80724538648922194994e+00) (8, 1.08092624757090671750e+01) (0, 1.90720501952597987216e-01) (1, -5.75972963096706092045e-01) (2, 2.41015185308149471055e-01) (3, -4.07080802717115819434e+00) (4, 5.07360835209575977700e-01) (5, -7.57810147871756889515e+00) (6, -8.20474194803133438647e-01) (7, -5.76083691723954571806e-01) (8, 4.53064956146265851444e-01) (9, 2.08981132160693761080e+00) (10, -2.13800423056490309648e+01) (11, -5.40843620325103291435e+00) (12, -2.19015968676162220419e+00) 
