FANN_FLO_2.1
num_layers=3
learning_rate=0.700000
connection_rate=1.000000
network_type=0
learning_momentum=0.000000
training_algorithm=2
train_error_function=1
train_stop_function=1
cascade_output_change_fraction=0.010000
quickprop_decay=-0.000100
quickprop_mu=1.750000
rprop_increase_factor=1.200000
rprop_decrease_factor=0.500000
rprop_delta_min=0.000000
rprop_delta_max=50.000000
rprop_delta_zero=0.100000
cascade_output_stagnation_epochs=12
cascade_candidate_change_fraction=0.010000
cascade_candidate_stagnation_epochs=12
cascade_max_out_epochs=150
cascade_min_out_epochs=50
cascade_max_cand_epochs=150
cascade_min_cand_epochs=50
cascade_num_candidate_groups=2
bit_fail_limit=1.00000000000000005551e-01
cascade_candidate_limit=1.00000000000000000000e+03
cascade_weight_multiplier=4.00000000000000022204e-01
cascade_activation_functions_count=10
cascade_activation_functions=3 5 7 8 10 11 14 15 16 17 
cascade_activation_steepnesses_count=4
cascade_activation_steepnesses=2.50000000000000000000e-01 5.00000000000000000000e-01 7.50000000000000000000e-01 1.00000000000000000000e+00 
layer_sizes=10 4 2 
scale_included=0
neurons (num_inputs, activation_function, activation_steepness)=(0, 0, 0.00000000000000000000e+00) (0, 0, 0.00000000000000000000e+00) (0, 0, 0.00000000000000000000e+00) (0, 0, 0.00000000000000000000e+00) (0, 0, 0.00000000000000000000e+00) (0, 0, 0.00000000000000000000e+00) (0, 0, 0.00000000000000000000e+00) (0, 0, 0.00000000000000000000e+00) (0, 0, 0.00000000000000000000e+00) (0, 0, 0.00000000000000000000e+00) (10, 6, 5.00000000000000000000e-01) (10, 6, 5.00000000000000000000e-01) (10, 6, 5.00000000000000000000e-01) (0, 6, 0.00000000000000000000e+00) (4, 4, 5.00000000000000000000e-01) (0, 4, 0.00000000000000000000e+00) 
connections (connected_to_neuron, weight)=(0, -3.11097602929641237068e+00) (1, 1.64986069158217940611e+00) (2, 2.04199028568900597946e+00) (3, 1.80750053990519932157e+00) (4, 5.22801909542225384797e-01) (5, 7.15601731038235211457e-01) (6, -1.59150424958686670385e-01) (7, -1.16004200465635554096e+00) (8, 2.61670290727232857098e-01) (9, -1.54802502053344293032e+00) (0, 7.29116169641224232123e+00) (1, -7.28290072446246838922e+00) (2, -4.02069916561445417358e+00) (3, -3.70290776554306333423e+00) (4, 2.26973714707584817152e-01) (5, -2.73965498654117434185e+00) (6, 1.73992064000333335194e+00) (7, 3.92518883096472981364e+00) (8, -4.31406724445229261544e-01) (9, 7.29474852512089100287e+00) (0, -6.45400802148696772775e+00) (1, 5.06303564596425292876e+00) (2, 3.39299208896334070218e+00) (3, 2.70810717230016173573e+00) (4, 1.82585288035311243959e+00) (5, 2.33452113306827957473e+00) (6, 7.13636136759026040721e-01) (7, -1.79677170032376021247e+00) (8, 6.33740536082489258618e-01) (9, -6.50284154443261019907e+00) (10, 1.32246425427691649546e+00) (11, -3.49030817543841420658e+00) (12, 2.67006115801977106372e+00) (13, -1.23342707385304639622e+00) 
