FANN_FLO_2.1
num_layers=3
learning_rate=0.700000
connection_rate=1.000000
network_type=0
learning_momentum=0.000000
training_algorithm=2
train_error_function=1
train_stop_function=1
cascade_output_change_fraction=0.010000
quickprop_decay=-0.000100
quickprop_mu=1.750000
rprop_increase_factor=1.200000
rprop_decrease_factor=0.500000
rprop_delta_min=0.000000
rprop_delta_max=50.000000
rprop_delta_zero=0.100000
cascade_output_stagnation_epochs=12
cascade_candidate_change_fraction=0.010000
cascade_candidate_stagnation_epochs=12
cascade_max_out_epochs=150
cascade_min_out_epochs=50
cascade_max_cand_epochs=150
cascade_min_cand_epochs=50
cascade_num_candidate_groups=2
bit_fail_limit=1.00000000000000005551e-01
cascade_candidate_limit=1.00000000000000000000e+03
cascade_weight_multiplier=4.00000000000000022204e-01
cascade_activation_functions_count=10
cascade_activation_functions=3 5 7 8 10 11 14 15 16 17 
cascade_activation_steepnesses_count=4
cascade_activation_steepnesses=2.50000000000000000000e-01 5.00000000000000000000e-01 7.50000000000000000000e-01 1.00000000000000000000e+00 
layer_sizes=9 4 2 
scale_included=0
neurons (num_inputs, activation_function, activation_steepness)=(0, 0, 0.00000000000000000000e+00) (0, 0, 0.00000000000000000000e+00) (0, 0, 0.00000000000000000000e+00) (0, 0, 0.00000000000000000000e+00) (0, 0, 0.00000000000000000000e+00) (0, 0, 0.00000000000000000000e+00) (0, 0, 0.00000000000000000000e+00) (0, 0, 0.00000000000000000000e+00) (0, 0, 0.00000000000000000000e+00) (9, 6, 5.00000000000000000000e-01) (9, 6, 5.00000000000000000000e-01) (9, 6, 5.00000000000000000000e-01) (0, 6, 0.00000000000000000000e+00) (4, 4, 5.00000000000000000000e-01) (0, 4, 0.00000000000000000000e+00) 
connections (connected_to_neuron, weight)=(0, 1.87675725783501501365e-01) (1, -8.14397916821553574662e-02) (2, -3.20493928845193148947e-02) (3, 1.32558681008957846004e-01) (4, -4.37487441168242174871e-01) (5, 1.28454670734625242545e-01) (6, -2.61871037368969383774e-01) (7, -9.21976368693851328073e-02) (8, 2.40028079713974829001e-01) (0, -1.84198145927244016917e+00) (1, 2.61379160156356427080e+00) (2, 3.59030789501994296309e-01) (3, 2.02800408079820204676e+00) (4, 2.92146578266090095610e+00) (5, -1.71056074441373251460e+00) (6, 2.06439372535308018897e+00) (7, 1.25960594530549374603e+00) (8, -2.85016688166240328428e+00) (0, -1.80318454266839811595e+00) (1, 2.70230936428414914019e+00) (2, 2.26888156302302579359e-01) (3, 2.17841314598517943324e+00) (4, 2.84915332331126869292e+00) (5, -1.64100893379151724361e+00) (6, 2.19265549353165312141e+00) (7, 1.13952897231426564240e+00) (8, -2.86919731853583925840e+00) (9, -1.69660744040431743507e-01) (10, 1.36945708701365056470e+01) (11, 7.15282139866426902586e+00) (12, -2.34453592465765847663e+00) 
