FANN_FLO_2.1
num_layers=3
learning_rate=0.700000
connection_rate=1.000000
network_type=0
learning_momentum=0.000000
training_algorithm=2
train_error_function=1
train_stop_function=1
cascade_output_change_fraction=0.010000
quickprop_decay=-0.000100
quickprop_mu=1.750000
rprop_increase_factor=1.200000
rprop_decrease_factor=0.500000
rprop_delta_min=0.000000
rprop_delta_max=50.000000
rprop_delta_zero=0.100000
cascade_output_stagnation_epochs=12
cascade_candidate_change_fraction=0.010000
cascade_candidate_stagnation_epochs=12
cascade_max_out_epochs=150
cascade_min_out_epochs=50
cascade_max_cand_epochs=150
cascade_min_cand_epochs=50
cascade_num_candidate_groups=2
bit_fail_limit=1.00000000000000005551e-01
cascade_candidate_limit=1.00000000000000000000e+03
cascade_weight_multiplier=4.00000000000000022204e-01
cascade_activation_functions_count=10
cascade_activation_functions=3 5 7 8 10 11 14 15 16 17 
cascade_activation_steepnesses_count=4
cascade_activation_steepnesses=2.50000000000000000000e-01 5.00000000000000000000e-01 7.50000000000000000000e-01 1.00000000000000000000e+00 
layer_sizes=12 4 2 
scale_included=0
neurons (num_inputs, activation_function, activation_steepness)=(0, 0, 0.00000000000000000000e+00) (0, 0, 0.00000000000000000000e+00) (0, 0, 0.00000000000000000000e+00) (0, 0, 0.00000000000000000000e+00) (0, 0, 0.00000000000000000000e+00) (0, 0, 0.00000000000000000000e+00) (0, 0, 0.00000000000000000000e+00) (0, 0, 0.00000000000000000000e+00) (0, 0, 0.00000000000000000000e+00) (0, 0, 0.00000000000000000000e+00) (0, 0, 0.00000000000000000000e+00) (0, 0, 0.00000000000000000000e+00) (12, 6, 5.00000000000000000000e-01) (12, 6, 5.00000000000000000000e-01) (12, 6, 5.00000000000000000000e-01) (0, 6, 0.00000000000000000000e+00) (4, 4, 5.00000000000000000000e-01) (0, 4, 0.00000000000000000000e+00) 
connections (connected_to_neuron, weight)=(0, 3.12954223934977981969e+00) (1, -2.87839927459330802151e+00) (2, -4.54838651995884579726e-01) (3, -2.02032255903088886484e+00) (4, -1.35264566485725379330e+00) (5, -3.78062556029741303476e+00) (6, -1.97981376336563008600e+00) (7, -1.21266440559514832032e+00) (8, 1.26059254551783750387e+00) (9, 2.05412008527469369668e+00) (10, -1.33075678764741867077e+00) (11, 1.82791162387702432746e+00) (0, -2.01213709691534159418e+00) (1, 3.07209872202587241929e+00) (2, 1.38889952918316539332e+00) (3, 3.11129278965230149367e+00) (4, 2.45570664043659370179e+00) (5, 4.75318836879513018090e+00) (6, 3.17142995772521452125e+00) (7, 1.60383309754103509093e+00) (8, -4.26905144578725692650e-01) (9, -2.03820281931602931280e+00) (10, 5.37040004111995150637e-01) (11, -2.78219387920261596037e+00) (0, 1.79395623704028595036e+00) (1, -2.97341423416705374905e+00) (2, -4.23802856188046250807e-01) (3, -2.06644370928609211191e+00) (4, -1.41457482372365928036e+00) (5, -4.00975465857645829715e+00) (6, -2.50640888893747337818e+00) (7, -1.09622533876785110962e+00) (8, 1.13917790646210859151e+00) (9, 1.98636795494508522353e+00) (10, -1.19338800801794997497e+00) (11, 2.51728124736675162865e+00) (12, -9.75435156899210120685e+00) (13, 3.29941640022500637386e+00) (14, -1.02625981055317616608e+01) (15, -2.78631143511892531706e+00) 
