FANN_FLO_2.1
num_layers=3
learning_rate=0.700000
connection_rate=1.000000
network_type=0
learning_momentum=0.000000
training_algorithm=2
train_error_function=1
train_stop_function=1
cascade_output_change_fraction=0.010000
quickprop_decay=-0.000100
quickprop_mu=1.750000
rprop_increase_factor=1.200000
rprop_decrease_factor=0.500000
rprop_delta_min=0.000000
rprop_delta_max=50.000000
rprop_delta_zero=0.100000
cascade_output_stagnation_epochs=12
cascade_candidate_change_fraction=0.010000
cascade_candidate_stagnation_epochs=12
cascade_max_out_epochs=150
cascade_min_out_epochs=50
cascade_max_cand_epochs=150
cascade_min_cand_epochs=50
cascade_num_candidate_groups=2
bit_fail_limit=1.00000000000000005551e-01
cascade_candidate_limit=1.00000000000000000000e+03
cascade_weight_multiplier=4.00000000000000022204e-01
cascade_activation_functions_count=10
cascade_activation_functions=3 5 7 8 10 11 14 15 16 17 
cascade_activation_steepnesses_count=4
cascade_activation_steepnesses=2.50000000000000000000e-01 5.00000000000000000000e-01 7.50000000000000000000e-01 1.00000000000000000000e+00 
layer_sizes=11 4 2 
scale_included=0
neurons (num_inputs, activation_function, activation_steepness)=(0, 0, 0.00000000000000000000e+00) (0, 0, 0.00000000000000000000e+00) (0, 0, 0.00000000000000000000e+00) (0, 0, 0.00000000000000000000e+00) (0, 0, 0.00000000000000000000e+00) (0, 0, 0.00000000000000000000e+00) (0, 0, 0.00000000000000000000e+00) (0, 0, 0.00000000000000000000e+00) (0, 0, 0.00000000000000000000e+00) (0, 0, 0.00000000000000000000e+00) (0, 0, 0.00000000000000000000e+00) (11, 6, 5.00000000000000000000e-01) (11, 6, 5.00000000000000000000e-01) (11, 6, 5.00000000000000000000e-01) (0, 6, 0.00000000000000000000e+00) (4, 4, 5.00000000000000000000e-01) (0, 4, 0.00000000000000000000e+00) 
connections (connected_to_neuron, weight)=(0, -4.14616623937181838500e+00) (1, 3.27235094027420103657e+00) (2, 9.78649053911966215757e-01) (3, 1.95993124927771633637e+00) (4, 1.52186424726105418159e+00) (5, 5.64574007520178522412e+00) (6, 3.35804814831232167904e+00) (7, 2.88838095545605177961e+00) (8, 1.87285659428062678522e+00) (9, 1.56989878111935343696e+00) (10, -4.32731952934555419432e+00) (0, -8.35682383086406410655e-01) (1, 4.69346580348343700440e-01) (2, 1.89813802461052477666e-01) (3, 1.03250959999214630969e+00) (4, 9.59718280655217581554e-01) (5, 8.17985825112972686490e-01) (6, 8.18353323132881449453e-01) (7, 5.11690266708760499448e-01) (8, -9.92280568748306335269e-02) (9, 7.72106839175683790089e-01) (10, -4.62410233572215834119e-01) (0, -4.16916728436045058714e+00) (1, 3.37642826827069342244e+00) (2, 9.02018081586164366392e-01) (3, 1.90575816716445012311e+00) (4, 1.45364506983614627522e+00) (5, 5.63818540999392237012e+00) (6, 3.38948909179185964291e+00) (7, 2.86165788352325911603e+00) (8, 1.07331059548294804884e+00) (9, 1.41581967168904010457e+00) (10, -4.28539224385313399779e+00) (11, 6.95855588710429007193e+00) (12, 6.41781824378651055696e-01) (13, 1.17415809690607346738e+01) (14, -6.52722741386840943356e-01) 
