FANN_FLO_2.1
num_layers=3
learning_rate=0.700000
connection_rate=1.000000
network_type=0
learning_momentum=0.000000
training_algorithm=2
train_error_function=1
train_stop_function=1
cascade_output_change_fraction=0.010000
quickprop_decay=-0.000100
quickprop_mu=1.750000
rprop_increase_factor=1.200000
rprop_decrease_factor=0.500000
rprop_delta_min=0.000000
rprop_delta_max=50.000000
rprop_delta_zero=0.100000
cascade_output_stagnation_epochs=12
cascade_candidate_change_fraction=0.010000
cascade_candidate_stagnation_epochs=12
cascade_max_out_epochs=150
cascade_min_out_epochs=50
cascade_max_cand_epochs=150
cascade_min_cand_epochs=50
cascade_num_candidate_groups=2
bit_fail_limit=1.00000000000000005551e-01
cascade_candidate_limit=1.00000000000000000000e+03
cascade_weight_multiplier=4.00000000000000022204e-01
cascade_activation_functions_count=10
cascade_activation_functions=3 5 7 8 10 11 14 15 16 17 
cascade_activation_steepnesses_count=4
cascade_activation_steepnesses=2.50000000000000000000e-01 5.00000000000000000000e-01 7.50000000000000000000e-01 1.00000000000000000000e+00 
layer_sizes=16 4 2 
scale_included=0
neurons (num_inputs, activation_function, activation_steepness)=(0, 0, 0.00000000000000000000e+00) (0, 0, 0.00000000000000000000e+00) (0, 0, 0.00000000000000000000e+00) (0, 0, 0.00000000000000000000e+00) (0, 0, 0.00000000000000000000e+00) (0, 0, 0.00000000000000000000e+00) (0, 0, 0.00000000000000000000e+00) (0, 0, 0.00000000000000000000e+00) (0, 0, 0.00000000000000000000e+00) (0, 0, 0.00000000000000000000e+00) (0, 0, 0.00000000000000000000e+00) (0, 0, 0.00000000000000000000e+00) (0, 0, 0.00000000000000000000e+00) (0, 0, 0.00000000000000000000e+00) (0, 0, 0.00000000000000000000e+00) (0, 0, 0.00000000000000000000e+00) (16, 6, 5.00000000000000000000e-01) (16, 6, 5.00000000000000000000e-01) (16, 6, 5.00000000000000000000e-01) (0, 6, 0.00000000000000000000e+00) (4, 4, 5.00000000000000000000e-01) (0, 4, 0.00000000000000000000e+00) 
connections (connected_to_neuron, weight)=(0, 1.78578185175017956077e+00) (1, -1.60072189435629863574e+00) (2, -9.63527466027606527277e-01) (3, -6.62223643226987457311e-01) (4, -1.79266516256744723457e+00) (5, -1.27987382899441870521e+00) (6, -1.02587846765375467761e+00) (7, -1.08423350515562044727e+00) (8, -2.37133364215622766125e+00) (9, -1.51775307305779122435e-01) (10, 1.37416717014641442951e+00) (11, 2.24590790864051981224e-01) (12, 1.51971620501626203392e+00) (13, -1.01573596785016118105e+00) (14, -1.47601150794795188403e+00) (15, 1.94912170082077196298e+00) (0, -2.03886689096591383619e-01) (1, 3.01962527510776990169e+00) (2, 8.28988731758720232001e-02) (3, 3.38447263666046105346e-01) (4, 3.97588443315954442880e-01) (5, 2.06295825499007445814e+00) (6, 1.85531385212855226552e-01) (7, 7.89129257778102555232e-02) (8, 3.19868582201963735923e-01) (9, -3.46524850758540670093e-01) (10, -2.08459454357161844129e-01) (11, -5.90752232675832988917e-01) (12, 1.97908709364236479189e+00) (13, 2.30958363289505363980e-01) (14, 7.91163638383505896101e-01) (15, -2.97028870731494420987e-01) (0, 1.85470132414655330955e+00) (1, -1.67281905800371233362e+00) (2, -9.47698677747119355708e-01) (3, -2.96905489962161039941e-01) (4, -1.75898578900511126655e+00) (5, -1.19290287386098059486e+00) (6, -9.98767935727599476259e-01) (7, -1.03879248860078821082e+00) (8, -2.13643098690043142796e+00) (9, -1.44468843289341591918e-01) (10, 1.47528739623160043415e+00) (11, 2.23008242841781778587e-01) (12, 1.36309185059417004027e+00) (13, -1.10677173996515310073e+00) (14, -1.36966152190139922595e+00) (15, 1.88869234382852724252e+00) (16, -2.51166148351668212513e+01) (17, 1.09140930286756221435e+00) (18, -2.50251801552413724039e+01) (19, -9.63126315427953016979e-01) 
