FANN_FLO_2.1
num_layers=3
learning_rate=0.700000
connection_rate=1.000000
network_type=0
learning_momentum=0.000000
training_algorithm=2
train_error_function=1
train_stop_function=1
cascade_output_change_fraction=0.010000
quickprop_decay=-0.000100
quickprop_mu=1.750000
rprop_increase_factor=1.200000
rprop_decrease_factor=0.500000
rprop_delta_min=0.000000
rprop_delta_max=50.000000
rprop_delta_zero=0.100000
cascade_output_stagnation_epochs=12
cascade_candidate_change_fraction=0.010000
cascade_candidate_stagnation_epochs=12
cascade_max_out_epochs=150
cascade_min_out_epochs=50
cascade_max_cand_epochs=150
cascade_min_cand_epochs=50
cascade_num_candidate_groups=2
bit_fail_limit=1.00000000000000005551e-01
cascade_candidate_limit=1.00000000000000000000e+03
cascade_weight_multiplier=4.00000000000000022204e-01
cascade_activation_functions_count=10
cascade_activation_functions=3 5 7 8 10 11 14 15 16 17 
cascade_activation_steepnesses_count=4
cascade_activation_steepnesses=2.50000000000000000000e-01 5.00000000000000000000e-01 7.50000000000000000000e-01 1.00000000000000000000e+00 
layer_sizes=7 4 2 
scale_included=0
neurons (num_inputs, activation_function, activation_steepness)=(0, 0, 0.00000000000000000000e+00) (0, 0, 0.00000000000000000000e+00) (0, 0, 0.00000000000000000000e+00) (0, 0, 0.00000000000000000000e+00) (0, 0, 0.00000000000000000000e+00) (0, 0, 0.00000000000000000000e+00) (0, 0, 0.00000000000000000000e+00) (7, 6, 5.00000000000000000000e-01) (7, 6, 5.00000000000000000000e-01) (7, 6, 5.00000000000000000000e-01) (0, 6, 0.00000000000000000000e+00) (4, 4, 5.00000000000000000000e-01) (0, 4, 0.00000000000000000000e+00) 
connections (connected_to_neuron, weight)=(0, -1.89670561484167210509e+00) (1, 2.33335043626254678983e+00) (2, 1.06524369776734895154e+00) (3, 2.71384455621875186893e+00) (4, 5.51901294404591347131e-01) (5, 2.27447733388333661608e+00) (6, -2.84679402053308061582e+00) (0, -1.74704897849874329907e+00) (1, 5.18638144199594086636e-01) (2, 2.13798797676526070033e-01) (3, 1.65104136692254188645e+00) (4, 3.02378638297877533336e-01) (5, 1.29819724140269232571e+00) (6, -3.03065010515384702927e-01) (0, -2.58560115743090235263e-01) (1, 7.90571764580093705455e-01) (2, 4.44109965753546942491e-01) (3, 3.19210801241721686683e-01) (4, 3.48099850612907879555e-01) (5, 1.80272763731540441867e-01) (6, 1.13045637069743187819e-01) (7, 1.73764086560208177445e+01) (8, 1.58861508937881135139e+00) (9, 4.50972775996556718425e-01) (10, -2.13257519727912336904e+00) 
