FANN_FLO_2.1
num_layers=3
learning_rate=0.700000
connection_rate=1.000000
network_type=0
learning_momentum=0.000000
training_algorithm=2
train_error_function=1
train_stop_function=1
cascade_output_change_fraction=0.010000
quickprop_decay=-0.000100
quickprop_mu=1.750000
rprop_increase_factor=1.200000
rprop_decrease_factor=0.500000
rprop_delta_min=0.000000
rprop_delta_max=50.000000
rprop_delta_zero=0.100000
cascade_output_stagnation_epochs=12
cascade_candidate_change_fraction=0.010000
cascade_candidate_stagnation_epochs=12
cascade_max_out_epochs=150
cascade_min_out_epochs=50
cascade_max_cand_epochs=150
cascade_min_cand_epochs=50
cascade_num_candidate_groups=2
bit_fail_limit=1.00000000000000005551e-01
cascade_candidate_limit=1.00000000000000000000e+03
cascade_weight_multiplier=4.00000000000000022204e-01
cascade_activation_functions_count=10
cascade_activation_functions=3 5 7 8 10 11 14 15 16 17 
cascade_activation_steepnesses_count=4
cascade_activation_steepnesses=2.50000000000000000000e-01 5.00000000000000000000e-01 7.50000000000000000000e-01 1.00000000000000000000e+00 
layer_sizes=10 4 2 
scale_included=0
neurons (num_inputs, activation_function, activation_steepness)=(0, 0, 0.00000000000000000000e+00) (0, 0, 0.00000000000000000000e+00) (0, 0, 0.00000000000000000000e+00) (0, 0, 0.00000000000000000000e+00) (0, 0, 0.00000000000000000000e+00) (0, 0, 0.00000000000000000000e+00) (0, 0, 0.00000000000000000000e+00) (0, 0, 0.00000000000000000000e+00) (0, 0, 0.00000000000000000000e+00) (0, 0, 0.00000000000000000000e+00) (10, 6, 5.00000000000000000000e-01) (10, 6, 5.00000000000000000000e-01) (10, 6, 5.00000000000000000000e-01) (0, 6, 0.00000000000000000000e+00) (4, 4, 5.00000000000000000000e-01) (0, 4, 0.00000000000000000000e+00) 
connections (connected_to_neuron, weight)=(0, 1.45228019611299191682e-01) (1, 3.64173799099111850097e-01) (2, 3.17731102261263886888e-01) (3, 1.02426678062821796544e-01) (4, 9.30196880124604996709e-01) (5, 6.18314166044069746242e-01) (6, 5.01919700212746011658e-01) (7, 1.06335003943592498743e+00) (8, -1.55314410188956086856e-01) (9, 9.69215060335995443053e-02) (0, 1.14622605399549506999e-01) (1, 3.03903586523827762278e-01) (2, 1.43936377447601970836e+00) (3, 1.86739244159846856652e-01) (4, 9.05559872709310820227e-01) (5, 8.65838440924128649456e-01) (6, 1.58423647603205131063e+00) (7, 8.55552369369568688207e-01) (8, 2.10577222963510106435e-02) (9, 5.23710301083927728949e-02) (0, -3.67112528533371351713e+00) (1, 3.54935550734787064187e+00) (2, 4.07971747134211693009e+00) (3, -2.95585286401838187587e+00) (4, 2.14916496084831187829e+00) (5, 9.65302002813884674204e-01) (6, 5.01429037539173716453e+00) (7, -5.26905108188876689090e-03) (8, -2.66062980776130464378e+00) (9, -3.71651659161480329985e+00) (10, 7.22165876542671503202e-01) (11, 7.43602127050503325378e-01) (12, 8.53039833610994335800e+00) (13, -1.70014987077596835263e+00) 
