FANN_FLO_2.1
num_layers=3
learning_rate=0.700000
connection_rate=1.000000
network_type=0
learning_momentum=0.000000
training_algorithm=2
train_error_function=1
train_stop_function=1
cascade_output_change_fraction=0.010000
quickprop_decay=-0.000100
quickprop_mu=1.750000
rprop_increase_factor=1.200000
rprop_decrease_factor=0.500000
rprop_delta_min=0.000000
rprop_delta_max=50.000000
rprop_delta_zero=0.100000
cascade_output_stagnation_epochs=12
cascade_candidate_change_fraction=0.010000
cascade_candidate_stagnation_epochs=12
cascade_max_out_epochs=150
cascade_min_out_epochs=50
cascade_max_cand_epochs=150
cascade_min_cand_epochs=50
cascade_num_candidate_groups=2
bit_fail_limit=1.00000000000000005551e-01
cascade_candidate_limit=1.00000000000000000000e+03
cascade_weight_multiplier=4.00000000000000022204e-01
cascade_activation_functions_count=10
cascade_activation_functions=3 5 7 8 10 11 14 15 16 17 
cascade_activation_steepnesses_count=4
cascade_activation_steepnesses=2.50000000000000000000e-01 5.00000000000000000000e-01 7.50000000000000000000e-01 1.00000000000000000000e+00 
layer_sizes=12 4 2 
scale_included=0
neurons (num_inputs, activation_function, activation_steepness)=(0, 0, 0.00000000000000000000e+00) (0, 0, 0.00000000000000000000e+00) (0, 0, 0.00000000000000000000e+00) (0, 0, 0.00000000000000000000e+00) (0, 0, 0.00000000000000000000e+00) (0, 0, 0.00000000000000000000e+00) (0, 0, 0.00000000000000000000e+00) (0, 0, 0.00000000000000000000e+00) (0, 0, 0.00000000000000000000e+00) (0, 0, 0.00000000000000000000e+00) (0, 0, 0.00000000000000000000e+00) (0, 0, 0.00000000000000000000e+00) (12, 6, 5.00000000000000000000e-01) (12, 6, 5.00000000000000000000e-01) (12, 6, 5.00000000000000000000e-01) (0, 6, 0.00000000000000000000e+00) (4, 4, 5.00000000000000000000e-01) (0, 4, 0.00000000000000000000e+00) 
connections (connected_to_neuron, weight)=(0, -7.04099180505509725236e+00) (1, 4.44974914050186054482e+00) (2, 2.28144581071701102459e+00) (3, 5.27554982621947310406e+00) (4, -1.47927830029776830045e+00) (5, 3.44809807185573502508e+00) (6, 4.93026715340718801883e+00) (7, 9.69682364699722798562e-01) (8, 2.70468537883944737388e+00) (9, 2.01762482111214191960e+00) (10, -5.29253282225274634953e+00) (11, -4.73134870443412047791e+00) (0, -3.01524955968705876685e-01) (1, 1.04130085736009325714e+00) (2, 1.51914437615855102415e-01) (3, 7.02922911457155130677e-01) (4, -5.59050228613772404174e-01) (5, 3.71233231518647899261e-01) (6, 5.46369921703048766481e-01) (7, -1.62135436925352899307e-03) (8, 2.64760469416882249227e-01) (9, 1.31969861258462967113e-01) (10, -1.52653277477812010510e+00) (11, -1.29788006289593388365e-01) (0, -8.76331942298164467964e-01) (1, 9.15570378170145748875e-01) (2, -1.19122947814481100481e-01) (3, 1.37423196423108162634e+01) (4, -4.93953378085215777382e-01) (5, 1.83273750697708709412e-01) (6, 1.81538023897494682490e-01) (7, 2.76237008034992181926e-01) (8, 2.54014984011688982335e-01) (9, 1.50339750280417738804e-01) (10, -3.65942651335252522315e+00) (11, -7.27381402768840890083e-01) (12, 1.28629851390396936495e+01) (13, 9.36057498910155549865e-01) (14, 1.36273922873699326885e+00) (15, -1.27635154134669193127e+00) 
