FANN_FLO_2.1
num_layers=3
learning_rate=0.700000
connection_rate=1.000000
network_type=0
learning_momentum=0.000000
training_algorithm=2
train_error_function=1
train_stop_function=1
cascade_output_change_fraction=0.010000
quickprop_decay=-0.000100
quickprop_mu=1.750000
rprop_increase_factor=1.200000
rprop_decrease_factor=0.500000
rprop_delta_min=0.000000
rprop_delta_max=50.000000
rprop_delta_zero=0.100000
cascade_output_stagnation_epochs=12
cascade_candidate_change_fraction=0.010000
cascade_candidate_stagnation_epochs=12
cascade_max_out_epochs=150
cascade_min_out_epochs=50
cascade_max_cand_epochs=150
cascade_min_cand_epochs=50
cascade_num_candidate_groups=2
bit_fail_limit=1.00000000000000005551e-01
cascade_candidate_limit=1.00000000000000000000e+03
cascade_weight_multiplier=4.00000000000000022204e-01
cascade_activation_functions_count=10
cascade_activation_functions=3 5 7 8 10 11 14 15 16 17 
cascade_activation_steepnesses_count=4
cascade_activation_steepnesses=2.50000000000000000000e-01 5.00000000000000000000e-01 7.50000000000000000000e-01 1.00000000000000000000e+00 
layer_sizes=8 4 2 
scale_included=0
neurons (num_inputs, activation_function, activation_steepness)=(0, 0, 0.00000000000000000000e+00) (0, 0, 0.00000000000000000000e+00) (0, 0, 0.00000000000000000000e+00) (0, 0, 0.00000000000000000000e+00) (0, 0, 0.00000000000000000000e+00) (0, 0, 0.00000000000000000000e+00) (0, 0, 0.00000000000000000000e+00) (0, 0, 0.00000000000000000000e+00) (8, 6, 5.00000000000000000000e-01) (8, 6, 5.00000000000000000000e-01) (8, 6, 5.00000000000000000000e-01) (0, 6, 0.00000000000000000000e+00) (4, 4, 5.00000000000000000000e-01) (0, 4, 0.00000000000000000000e+00) 
connections (connected_to_neuron, weight)=(0, 7.76758779380506136913e-02) (1, 4.14869031854076730781e+00) (2, -1.68395903461010854052e-01) (3, 4.13203231044216501289e+00) (4, 5.19849637745241954789e-01) (5, -5.17920901250602971899e-01) (6, 4.14416193761034357124e+00) (7, -2.22578344437120101418e+00) (0, 8.98824052682591079222e-03) (1, -2.87563379586954193101e+00) (2, -4.08416171796574967168e-01) (3, -2.84137163044233398423e+00) (4, -1.63100034543732619330e-01) (5, 1.28912294141275585169e+00) (6, -3.64418921037308285449e+00) (7, 2.40953270497403115868e+00) (0, -7.02532410922162231515e-01) (1, 4.28804364599390375190e+00) (2, -5.15301298014036013306e-01) (3, 4.06063634243330628948e+00) (4, -5.99658744348387506840e-02) (5, -5.45758918228261391548e-01) (6, 3.29522064246899759610e+00) (7, -1.85234190398319342741e+00) (8, 3.56566458264703456393e+00) (9, -4.16579379919713144176e+00) (10, 2.85478630500125074576e+00) (11, -1.50716995076145665600e+00) 
