FANN_FLO_2.1
num_layers=3
learning_rate=0.700000
connection_rate=1.000000
network_type=0
learning_momentum=0.000000
training_algorithm=2
train_error_function=1
train_stop_function=1
cascade_output_change_fraction=0.010000
quickprop_decay=-0.000100
quickprop_mu=1.750000
rprop_increase_factor=1.200000
rprop_decrease_factor=0.500000
rprop_delta_min=0.000000
rprop_delta_max=50.000000
rprop_delta_zero=0.100000
cascade_output_stagnation_epochs=12
cascade_candidate_change_fraction=0.010000
cascade_candidate_stagnation_epochs=12
cascade_max_out_epochs=150
cascade_min_out_epochs=50
cascade_max_cand_epochs=150
cascade_min_cand_epochs=50
cascade_num_candidate_groups=2
bit_fail_limit=1.00000000000000005551e-01
cascade_candidate_limit=1.00000000000000000000e+03
cascade_weight_multiplier=4.00000000000000022204e-01
cascade_activation_functions_count=10
cascade_activation_functions=3 5 7 8 10 11 14 15 16 17 
cascade_activation_steepnesses_count=4
cascade_activation_steepnesses=2.50000000000000000000e-01 5.00000000000000000000e-01 7.50000000000000000000e-01 1.00000000000000000000e+00 
layer_sizes=16 4 2 
scale_included=0
neurons (num_inputs, activation_function, activation_steepness)=(0, 0, 0.00000000000000000000e+00) (0, 0, 0.00000000000000000000e+00) (0, 0, 0.00000000000000000000e+00) (0, 0, 0.00000000000000000000e+00) (0, 0, 0.00000000000000000000e+00) (0, 0, 0.00000000000000000000e+00) (0, 0, 0.00000000000000000000e+00) (0, 0, 0.00000000000000000000e+00) (0, 0, 0.00000000000000000000e+00) (0, 0, 0.00000000000000000000e+00) (0, 0, 0.00000000000000000000e+00) (0, 0, 0.00000000000000000000e+00) (0, 0, 0.00000000000000000000e+00) (0, 0, 0.00000000000000000000e+00) (0, 0, 0.00000000000000000000e+00) (0, 0, 0.00000000000000000000e+00) (16, 6, 5.00000000000000000000e-01) (16, 6, 5.00000000000000000000e-01) (16, 6, 5.00000000000000000000e-01) (0, 6, 0.00000000000000000000e+00) (4, 4, 5.00000000000000000000e-01) (0, 4, 0.00000000000000000000e+00) 
connections (connected_to_neuron, weight)=(0, -4.74992159701087945933e+00) (1, 3.08598295686224410872e+00) (2, 1.10299968790664260077e+00) (3, -1.63735188176849788544e-02) (4, 6.00491974699033814744e-01) (5, -2.19018518581116117261e+00) (6, 7.28137766509661776837e-01) (7, 2.40204008085870501787e+00) (8, 1.39655620978939354337e+00) (9, 3.90434918085290127987e-01) (10, 1.01663962267395202588e+00) (11, 5.19860722491523319366e-02) (12, 1.43917319733756898792e+00) (13, 3.27822210746167519435e-01) (14, 3.16518043259335690731e-01) (15, -1.60353309504760765947e+00) (0, -7.14956936323956959711e-01) (1, 8.98953101287394251706e-01) (2, 1.00657572607450962465e+00) (3, 1.94672526815111129883e-01) (4, 4.75080272154640659288e-01) (5, -8.58959075629374790850e-01) (6, 9.86041471275898806503e-01) (7, 1.06842952428717552493e+00) (8, 9.71290244298140259538e-01) (9, 3.41438197741950166808e-01) (10, 1.03045124208733884785e+00) (11, 2.02345268824274032715e-01) (12, 1.28797227789121748742e+00) (13, 8.35586280418066817965e-01) (14, 3.29764240632498872863e-01) (15, -1.20260506428849267557e+00) (0, -4.73047138325074190135e+00) (1, 3.10021396813372085433e+00) (2, 1.08138639551057402777e+00) (3, 8.99445303151389652374e-02) (4, 4.86858348496311377218e-01) (5, -2.27128302707397855542e+00) (6, 1.14481424673716114526e+00) (7, 2.31245149089240786822e+00) (8, 1.37307118253576576627e+00) (9, 2.16549714187337094540e-01) (10, 1.02104489766117279004e+00) (11, -4.14716191222885693923e-02) (12, 1.47464739341396211536e+00) (13, 8.01059681700382331115e-01) (14, 3.45869985500527554745e-01) (15, -1.69938025467170739091e+00) (16, 3.66420385888311672673e+00) (17, 4.50226147806395928797e+01) (18, 6.44316713204636659640e+00) (19, -1.28052748955857276236e+00) 
