FANN_FLO_2.1
num_layers=3
learning_rate=0.700000
connection_rate=1.000000
network_type=0
learning_momentum=0.000000
training_algorithm=2
train_error_function=1
train_stop_function=1
cascade_output_change_fraction=0.010000
quickprop_decay=-0.000100
quickprop_mu=1.750000
rprop_increase_factor=1.200000
rprop_decrease_factor=0.500000
rprop_delta_min=0.000000
rprop_delta_max=50.000000
rprop_delta_zero=0.100000
cascade_output_stagnation_epochs=12
cascade_candidate_change_fraction=0.010000
cascade_candidate_stagnation_epochs=12
cascade_max_out_epochs=150
cascade_min_out_epochs=50
cascade_max_cand_epochs=150
cascade_min_cand_epochs=50
cascade_num_candidate_groups=2
bit_fail_limit=1.00000000000000005551e-01
cascade_candidate_limit=1.00000000000000000000e+03
cascade_weight_multiplier=4.00000000000000022204e-01
cascade_activation_functions_count=10
cascade_activation_functions=3 5 7 8 10 11 14 15 16 17 
cascade_activation_steepnesses_count=4
cascade_activation_steepnesses=2.50000000000000000000e-01 5.00000000000000000000e-01 7.50000000000000000000e-01 1.00000000000000000000e+00 
layer_sizes=8 4 2 
scale_included=0
neurons (num_inputs, activation_function, activation_steepness)=(0, 0, 0.00000000000000000000e+00) (0, 0, 0.00000000000000000000e+00) (0, 0, 0.00000000000000000000e+00) (0, 0, 0.00000000000000000000e+00) (0, 0, 0.00000000000000000000e+00) (0, 0, 0.00000000000000000000e+00) (0, 0, 0.00000000000000000000e+00) (0, 0, 0.00000000000000000000e+00) (8, 6, 5.00000000000000000000e-01) (8, 6, 5.00000000000000000000e-01) (8, 6, 5.00000000000000000000e-01) (0, 6, 0.00000000000000000000e+00) (4, 4, 5.00000000000000000000e-01) (0, 4, 0.00000000000000000000e+00) 
connections (connected_to_neuron, weight)=(0, -1.91056528467551212103e+00) (1, 2.33167310181657683188e+00) (2, 3.08128981581613681229e+00) (3, -1.52493861326957858005e+00) (4, 1.67405565761987906725e+00) (5, 3.08157958597728187655e+00) (6, 2.79735758631251041351e+00) (7, -3.35088915830037015198e+00) (0, -1.65244375446998853496e-01) (1, 2.88223031808304464008e+00) (2, -3.52757981280781673927e-01) (3, -7.96933299607936573850e-01) (4, 1.65636659092436921981e+00) (5, 8.85948340852892757269e-01) (6, 1.87761651609207080860e+00) (7, -1.61097522326415965033e+00) (0, 3.27621738053849353989e+00) (1, -4.82088679832041666629e+00) (2, -2.27559817608441683490e+00) (3, 1.90145393372136806143e+00) (4, -6.04074250873040874410e+00) (5, -8.78279332754602792832e-01) (6, -2.05971660213744911516e+00) (7, 4.97388977965851086793e+00) (8, 1.37107474654636281031e+01) (9, 1.68975299339514495323e+00) (10, -1.50254773278018460836e+00) (11, -1.30277039524666227166e+00) 
