FANN_FLO_2.1
num_layers=3
learning_rate=0.700000
connection_rate=1.000000
network_type=0
learning_momentum=0.000000
training_algorithm=2
train_error_function=1
train_stop_function=1
cascade_output_change_fraction=0.010000
quickprop_decay=-0.000100
quickprop_mu=1.750000
rprop_increase_factor=1.200000
rprop_decrease_factor=0.500000
rprop_delta_min=0.000000
rprop_delta_max=50.000000
rprop_delta_zero=0.100000
cascade_output_stagnation_epochs=12
cascade_candidate_change_fraction=0.010000
cascade_candidate_stagnation_epochs=12
cascade_max_out_epochs=150
cascade_min_out_epochs=50
cascade_max_cand_epochs=150
cascade_min_cand_epochs=50
cascade_num_candidate_groups=2
bit_fail_limit=1.00000000000000005551e-01
cascade_candidate_limit=1.00000000000000000000e+03
cascade_weight_multiplier=4.00000000000000022204e-01
cascade_activation_functions_count=10
cascade_activation_functions=3 5 7 8 10 11 14 15 16 17 
cascade_activation_steepnesses_count=4
cascade_activation_steepnesses=2.50000000000000000000e-01 5.00000000000000000000e-01 7.50000000000000000000e-01 1.00000000000000000000e+00 
layer_sizes=10 4 2 
scale_included=0
neurons (num_inputs, activation_function, activation_steepness)=(0, 0, 0.00000000000000000000e+00) (0, 0, 0.00000000000000000000e+00) (0, 0, 0.00000000000000000000e+00) (0, 0, 0.00000000000000000000e+00) (0, 0, 0.00000000000000000000e+00) (0, 0, 0.00000000000000000000e+00) (0, 0, 0.00000000000000000000e+00) (0, 0, 0.00000000000000000000e+00) (0, 0, 0.00000000000000000000e+00) (0, 0, 0.00000000000000000000e+00) (10, 6, 5.00000000000000000000e-01) (10, 6, 5.00000000000000000000e-01) (10, 6, 5.00000000000000000000e-01) (0, 6, 0.00000000000000000000e+00) (4, 4, 5.00000000000000000000e-01) (0, 4, 0.00000000000000000000e+00) 
connections (connected_to_neuron, weight)=(0, 4.51097607775259934471e+00) (1, -4.89239504674926983796e+00) (2, -4.17399146274869980999e+00) (3, 2.43795610932099959811e+00) (4, -1.99552761860227945157e+00) (5, -1.82223747547943992764e+00) (6, -4.58943756490528542713e+00) (7, -2.68319265537766105112e+00) (8, 8.30616045282105752712e-01) (9, 5.36584921615661247785e+00) (0, 5.64880132836795056939e-01) (1, -8.37295412562330976236e-01) (2, -1.80386911236370361955e+00) (3, 4.31628295113015758577e-01) (4, -4.87346300322273884298e-01) (5, -1.96946421337662325168e-01) (6, -1.61254638626370239152e+00) (7, -2.64778149709278598500e-01) (8, -1.69001753473395577299e-01) (9, 4.81444911792890339886e-01) (0, 5.61776378884927485302e-01) (1, -8.42620476625403180826e-01) (2, -1.75373458766067780168e+00) (3, 3.59685451616216289583e-01) (4, -4.66686287361839924337e-01) (5, -2.26568827105103121067e-01) (6, -1.50391299097928854422e+00) (7, -2.54352149948650796407e-01) (8, -1.29607359910125008451e-01) (9, 4.93611635401860981975e-01) (10, -7.63091461668514803307e+00) (11, -1.18474070579172741091e+00) (12, -1.85084426976182769842e+00) (13, -1.87115457356173209291e+00) 
