FANN_FLO_2.1
num_layers=3
learning_rate=0.700000
connection_rate=1.000000
network_type=0
learning_momentum=0.000000
training_algorithm=2
train_error_function=1
train_stop_function=1
cascade_output_change_fraction=0.010000
quickprop_decay=-0.000100
quickprop_mu=1.750000
rprop_increase_factor=1.200000
rprop_decrease_factor=0.500000
rprop_delta_min=0.000000
rprop_delta_max=50.000000
rprop_delta_zero=0.100000
cascade_output_stagnation_epochs=12
cascade_candidate_change_fraction=0.010000
cascade_candidate_stagnation_epochs=12
cascade_max_out_epochs=150
cascade_min_out_epochs=50
cascade_max_cand_epochs=150
cascade_min_cand_epochs=50
cascade_num_candidate_groups=2
bit_fail_limit=1.00000000000000005551e-01
cascade_candidate_limit=1.00000000000000000000e+03
cascade_weight_multiplier=4.00000000000000022204e-01
cascade_activation_functions_count=10
cascade_activation_functions=3 5 7 8 10 11 14 15 16 17 
cascade_activation_steepnesses_count=4
cascade_activation_steepnesses=2.50000000000000000000e-01 5.00000000000000000000e-01 7.50000000000000000000e-01 1.00000000000000000000e+00 
layer_sizes=11 4 2 
scale_included=0
neurons (num_inputs, activation_function, activation_steepness)=(0, 0, 0.00000000000000000000e+00) (0, 0, 0.00000000000000000000e+00) (0, 0, 0.00000000000000000000e+00) (0, 0, 0.00000000000000000000e+00) (0, 0, 0.00000000000000000000e+00) (0, 0, 0.00000000000000000000e+00) (0, 0, 0.00000000000000000000e+00) (0, 0, 0.00000000000000000000e+00) (0, 0, 0.00000000000000000000e+00) (0, 0, 0.00000000000000000000e+00) (0, 0, 0.00000000000000000000e+00) (11, 6, 5.00000000000000000000e-01) (11, 6, 5.00000000000000000000e-01) (11, 6, 5.00000000000000000000e-01) (0, 6, 0.00000000000000000000e+00) (4, 4, 5.00000000000000000000e-01) (0, 4, 0.00000000000000000000e+00) 
connections (connected_to_neuron, weight)=(0, 1.04235063174317543755e+00) (1, 8.01477015474686815821e+00) (2, -3.73507570343229460264e+01) (3, 3.22033378857885388413e+00) (4, -4.35109149739478269225e+01) (5, 1.19090717930958023274e+00) (6, 3.91767983902761063320e+00) (7, -7.69507325051156376716e-02) (8, 3.67258839609061193965e-02) (9, 3.61907891809580961606e+00) (10, 2.01017485588555366860e+00) (0, 1.45940341446416366189e+00) (1, 2.99306190022746188006e+00) (2, -2.00184794128625895837e+01) (3, 2.86718805705729584687e+00) (4, -2.01969539118959033885e+01) (5, 1.07039054383203713350e+00) (6, -1.68699774953822934087e-01) (7, 1.00503130357221648339e+00) (8, 3.92356713717656235829e-01) (9, 5.51565192382234581459e+00) (10, 2.69192193614728392248e+00) (0, -4.11722118965402505975e-01) (1, -2.92855194373442850875e+00) (2, -5.76104183652151213835e-01) (3, 8.21562878247037353674e+00) (4, -3.71740765597953493060e-01) (5, 8.14682641829982223669e+00) (6, -3.07196595873659417109e+00) (7, 4.50468549707557286421e-01) (8, 3.09488620486821064404e+00) (9, 7.94396598293462385953e+00) (10, -5.15473080165665120678e-02) (11, -3.14275831111254211336e+00) (12, -3.11959713824572082430e+00) (13, -6.74887179861752350973e+00) (14, -4.01074209752002186491e+00) 
