FANN_FLO_2.1
num_layers=3
learning_rate=0.700000
connection_rate=1.000000
network_type=0
learning_momentum=0.000000
training_algorithm=2
train_error_function=1
train_stop_function=1
cascade_output_change_fraction=0.010000
quickprop_decay=-0.000100
quickprop_mu=1.750000
rprop_increase_factor=1.200000
rprop_decrease_factor=0.500000
rprop_delta_min=0.000000
rprop_delta_max=50.000000
rprop_delta_zero=0.100000
cascade_output_stagnation_epochs=12
cascade_candidate_change_fraction=0.010000
cascade_candidate_stagnation_epochs=12
cascade_max_out_epochs=150
cascade_min_out_epochs=50
cascade_max_cand_epochs=150
cascade_min_cand_epochs=50
cascade_num_candidate_groups=2
bit_fail_limit=1.00000000000000005551e-01
cascade_candidate_limit=1.00000000000000000000e+03
cascade_weight_multiplier=4.00000000000000022204e-01
cascade_activation_functions_count=10
cascade_activation_functions=3 5 7 8 10 11 14 15 16 17 
cascade_activation_steepnesses_count=4
cascade_activation_steepnesses=2.50000000000000000000e-01 5.00000000000000000000e-01 7.50000000000000000000e-01 1.00000000000000000000e+00 
layer_sizes=10 4 2 
scale_included=0
neurons (num_inputs, activation_function, activation_steepness)=(0, 0, 0.00000000000000000000e+00) (0, 0, 0.00000000000000000000e+00) (0, 0, 0.00000000000000000000e+00) (0, 0, 0.00000000000000000000e+00) (0, 0, 0.00000000000000000000e+00) (0, 0, 0.00000000000000000000e+00) (0, 0, 0.00000000000000000000e+00) (0, 0, 0.00000000000000000000e+00) (0, 0, 0.00000000000000000000e+00) (0, 0, 0.00000000000000000000e+00) (10, 6, 5.00000000000000000000e-01) (10, 6, 5.00000000000000000000e-01) (10, 6, 5.00000000000000000000e-01) (0, 6, 0.00000000000000000000e+00) (4, 4, 5.00000000000000000000e-01) (0, 4, 0.00000000000000000000e+00) 
connections (connected_to_neuron, weight)=(0, 1.00371702077103108763e+00) (1, -3.19062934570359529873e-02) (2, -1.24616537666252344962e+01) (3, 4.66453011692777863573e-01) (4, -7.81684021060330969100e-02) (5, 6.03325281969958937545e-01) (6, -2.78244907778075445393e+00) (7, -1.14339403379236803637e+00) (8, 1.62876992823212485284e+00) (9, 9.00509425124649820482e-01) (0, 6.74966809713160298401e+00) (1, -7.03689734580014558674e+00) (2, -6.29388363920756876979e+00) (3, 5.58288876530975564094e+00) (4, -3.57487414525902957863e+00) (5, -3.44821452625171964712e+00) (6, -6.09797944331909747007e+00) (7, -3.86971646530198531977e+00) (8, 5.60192846011156930786e+00) (9, 6.70046434366022847229e+00) (0, -9.13679998949745719727e-01) (1, 1.63297623450372308973e+00) (2, 4.28032908373109233224e+00) (3, -2.28472719667724921688e-01) (4, 2.31720965894935071461e-01) (5, 1.01771751854893316436e-01) (6, 5.60434736888117956966e+00) (7, 3.83582105094359748776e-01) (8, 9.41737940995045486048e-02) (9, -2.29649030419720689977e+00) (10, -7.15371563150004052822e-01) (11, -4.32180690747694473686e+00) (12, 2.03442013183526348996e+00) (13, -1.92809301697955914889e+00) 
