FANN_FLO_2.1
num_layers=3
learning_rate=0.700000
connection_rate=1.000000
network_type=0
learning_momentum=0.000000
training_algorithm=2
train_error_function=1
train_stop_function=1
cascade_output_change_fraction=0.010000
quickprop_decay=-0.000100
quickprop_mu=1.750000
rprop_increase_factor=1.200000
rprop_decrease_factor=0.500000
rprop_delta_min=0.000000
rprop_delta_max=50.000000
rprop_delta_zero=0.100000
cascade_output_stagnation_epochs=12
cascade_candidate_change_fraction=0.010000
cascade_candidate_stagnation_epochs=12
cascade_max_out_epochs=150
cascade_min_out_epochs=50
cascade_max_cand_epochs=150
cascade_min_cand_epochs=50
cascade_num_candidate_groups=2
bit_fail_limit=1.00000000000000005551e-01
cascade_candidate_limit=1.00000000000000000000e+03
cascade_weight_multiplier=4.00000000000000022204e-01
cascade_activation_functions_count=10
cascade_activation_functions=3 5 7 8 10 11 14 15 16 17 
cascade_activation_steepnesses_count=4
cascade_activation_steepnesses=2.50000000000000000000e-01 5.00000000000000000000e-01 7.50000000000000000000e-01 1.00000000000000000000e+00 
layer_sizes=12 4 2 
scale_included=0
neurons (num_inputs, activation_function, activation_steepness)=(0, 0, 0.00000000000000000000e+00) (0, 0, 0.00000000000000000000e+00) (0, 0, 0.00000000000000000000e+00) (0, 0, 0.00000000000000000000e+00) (0, 0, 0.00000000000000000000e+00) (0, 0, 0.00000000000000000000e+00) (0, 0, 0.00000000000000000000e+00) (0, 0, 0.00000000000000000000e+00) (0, 0, 0.00000000000000000000e+00) (0, 0, 0.00000000000000000000e+00) (0, 0, 0.00000000000000000000e+00) (0, 0, 0.00000000000000000000e+00) (12, 6, 5.00000000000000000000e-01) (12, 6, 5.00000000000000000000e-01) (12, 6, 5.00000000000000000000e-01) (0, 6, 0.00000000000000000000e+00) (4, 4, 5.00000000000000000000e-01) (0, 4, 0.00000000000000000000e+00) 
connections (connected_to_neuron, weight)=(0, 1.84549176640173984154e+00) (1, -1.10131851966207361393e+00) (2, 3.08156697136289348116e-01) (3, -1.14607580342113664074e+01) (4, 1.55027517098906453263e+00) (5, 6.65108785791110657115e-01) (6, 1.82381885513106301033e+00) (7, 2.47743217099601842346e-01) (8, 1.93406834901481833322e-01) (9, -7.34799387017000316114e-01) (10, -2.49089819062293632568e-01) (11, 1.20691216902383113840e+00) (0, 1.74749077527359055750e+01) (1, -9.93296380103942233575e+00) (2, -7.00239446400416909455e+00) (3, -1.11958791272782285375e+01) (4, 8.34212808538845163042e-01) (5, 2.48482874141825593739e+00) (6, 1.19777140069868313077e+01) (7, -4.46748588305728855374e+00) (8, -2.44875596044082222136e+00) (9, -1.05070253671666868911e+01) (10, 7.91192160894595764020e-01) (11, 8.66175908613823253290e+00) (0, -1.00678780671126166801e+00) (1, 5.59107875458763725618e+00) (2, 1.29123164817565694307e+00) (3, -1.28999312201458926630e+00) (4, -7.45414510970854204963e-01) (5, -7.25026006409922318952e-02) (6, -1.72950347811522942010e+00) (7, 2.56532941736850816916e-01) (8, 3.73264920274867378902e-02) (9, 1.26005573051228902948e+00) (10, -6.93092181963574638370e-02) (11, -9.41445186696117208847e-01) (12, -2.94219050433940676470e+00) (13, -5.61294773799951407511e+00) (14, 3.74299556746100270388e-01) (15, -2.44874263881314480074e+00) 
