FANN_FLO_2.1
num_layers=3
learning_rate=0.700000
connection_rate=1.000000
network_type=0
learning_momentum=0.000000
training_algorithm=2
train_error_function=1
train_stop_function=1
cascade_output_change_fraction=0.010000
quickprop_decay=-0.000100
quickprop_mu=1.750000
rprop_increase_factor=1.200000
rprop_decrease_factor=0.500000
rprop_delta_min=0.000000
rprop_delta_max=50.000000
rprop_delta_zero=0.100000
cascade_output_stagnation_epochs=12
cascade_candidate_change_fraction=0.010000
cascade_candidate_stagnation_epochs=12
cascade_max_out_epochs=150
cascade_min_out_epochs=50
cascade_max_cand_epochs=150
cascade_min_cand_epochs=50
cascade_num_candidate_groups=2
bit_fail_limit=1.00000000000000005551e-01
cascade_candidate_limit=1.00000000000000000000e+03
cascade_weight_multiplier=4.00000000000000022204e-01
cascade_activation_functions_count=10
cascade_activation_functions=3 5 7 8 10 11 14 15 16 17 
cascade_activation_steepnesses_count=4
cascade_activation_steepnesses=2.50000000000000000000e-01 5.00000000000000000000e-01 7.50000000000000000000e-01 1.00000000000000000000e+00 
layer_sizes=12 4 2 
scale_included=0
neurons (num_inputs, activation_function, activation_steepness)=(0, 0, 0.00000000000000000000e+00) (0, 0, 0.00000000000000000000e+00) (0, 0, 0.00000000000000000000e+00) (0, 0, 0.00000000000000000000e+00) (0, 0, 0.00000000000000000000e+00) (0, 0, 0.00000000000000000000e+00) (0, 0, 0.00000000000000000000e+00) (0, 0, 0.00000000000000000000e+00) (0, 0, 0.00000000000000000000e+00) (0, 0, 0.00000000000000000000e+00) (0, 0, 0.00000000000000000000e+00) (0, 0, 0.00000000000000000000e+00) (12, 6, 5.00000000000000000000e-01) (12, 6, 5.00000000000000000000e-01) (12, 6, 5.00000000000000000000e-01) (0, 6, 0.00000000000000000000e+00) (4, 4, 5.00000000000000000000e-01) (0, 4, 0.00000000000000000000e+00) 
connections (connected_to_neuron, weight)=(0, -1.61717229062474032730e+00) (1, 2.54199616821140939038e+00) (2, 3.36353563459055848739e+00) (3, 5.98114730668732441643e-01) (4, 1.71242190100451363577e+00) (5, 2.10629493744785367682e+00) (6, 2.12525159365303029091e+00) (7, 1.57244607009192360891e+00) (8, -2.63173085715819610186e+00) (9, 3.01168824277939783940e+00) (10, 1.22544812145381643020e+00) (11, -3.20753660114244443236e+00) (0, 2.76334661943381609817e+00) (1, -4.18671878001999520080e+00) (2, -4.11082510291743030706e+00) (3, -3.56080654286002495912e-01) (4, -7.55269085821636543265e-01) (5, -2.12299422670771731347e+00) (6, -2.39111931794328924639e+00) (7, -8.15210213717945442191e-01) (8, 3.58939522331202987004e+00) (9, 6.89697556142607415275e-01) (10, 9.39726762635118717526e+00) (11, 4.77971637876066424155e+00) (0, 1.31050694418692714738e-01) (1, -3.83587689664045439208e-01) (2, 3.40517418751523723991e-03) (3, 2.11801543102398875940e-01) (4, 7.37753706214909488192e-02) (5, -1.02099217690960093752e-02) (6, -2.14620241438289977021e-01) (7, -1.60728913258453481872e-01) (8, 5.49909114315512481674e-01) (9, -1.21155634013536483984e+00) (10, -2.48534005596630053203e-01) (11, 1.70953639173471866330e-01) (12, 1.12120164305324401255e+01) (13, -2.28560442437590527476e+00) (14, -1.25882948340776468221e+00) (15, -1.33243568676786883209e+00) 
