FANN_FLO_2.1
num_layers=3
learning_rate=0.700000
connection_rate=1.000000
network_type=0
learning_momentum=0.000000
training_algorithm=2
train_error_function=1
train_stop_function=1
cascade_output_change_fraction=0.010000
quickprop_decay=-0.000100
quickprop_mu=1.750000
rprop_increase_factor=1.200000
rprop_decrease_factor=0.500000
rprop_delta_min=0.000000
rprop_delta_max=50.000000
rprop_delta_zero=0.100000
cascade_output_stagnation_epochs=12
cascade_candidate_change_fraction=0.010000
cascade_candidate_stagnation_epochs=12
cascade_max_out_epochs=150
cascade_min_out_epochs=50
cascade_max_cand_epochs=150
cascade_min_cand_epochs=50
cascade_num_candidate_groups=2
bit_fail_limit=1.00000000000000005551e-01
cascade_candidate_limit=1.00000000000000000000e+03
cascade_weight_multiplier=4.00000000000000022204e-01
cascade_activation_functions_count=10
cascade_activation_functions=3 5 7 8 10 11 14 15 16 17 
cascade_activation_steepnesses_count=4
cascade_activation_steepnesses=2.50000000000000000000e-01 5.00000000000000000000e-01 7.50000000000000000000e-01 1.00000000000000000000e+00 
layer_sizes=8 4 2 
scale_included=0
neurons (num_inputs, activation_function, activation_steepness)=(0, 0, 0.00000000000000000000e+00) (0, 0, 0.00000000000000000000e+00) (0, 0, 0.00000000000000000000e+00) (0, 0, 0.00000000000000000000e+00) (0, 0, 0.00000000000000000000e+00) (0, 0, 0.00000000000000000000e+00) (0, 0, 0.00000000000000000000e+00) (0, 0, 0.00000000000000000000e+00) (8, 6, 5.00000000000000000000e-01) (8, 6, 5.00000000000000000000e-01) (8, 6, 5.00000000000000000000e-01) (0, 6, 0.00000000000000000000e+00) (4, 4, 5.00000000000000000000e-01) (0, 4, 0.00000000000000000000e+00) 
connections (connected_to_neuron, weight)=(0, 2.67280849748180282521e-01) (1, 5.67601244859565201573e-01) (2, 1.68047989516077189709e-01) (3, 4.40835901169600419269e-01) (4, 5.46264112560572612232e-01) (5, 5.71335897414507853931e-01) (6, 4.45232168404879502521e-01) (7, 2.12268668346927480428e-01) (0, 1.08824665538891318661e+00) (1, -2.70673867495357711732e+00) (2, 1.02152424998581861648e-01) (3, 9.69447144453560172295e-01) (4, 5.25118623588391786328e-01) (5, 5.27034056101151948681e-01) (6, 5.63048620436498281627e-01) (7, 1.78812150272015468744e+00) (0, -3.06019439036364915285e-01) (1, 1.71222431633840233012e+00) (2, 3.75115033953013210510e-01) (3, -3.53521714522266258807e-02) (4, 2.51019438193416793981e-02) (5, 5.95868220017528732457e-02) (6, 6.45151575492000778356e-02) (7, -2.11653939122672524187e-01) (8, 4.66371119587244920002e-01) (9, -1.00469982634989527526e+01) (10, 4.19455588004209900532e+00) (11, -7.25444019723051281012e-01) 
