FANN_FLO_2.1
num_layers=3
learning_rate=0.700000
connection_rate=1.000000
network_type=0
learning_momentum=0.000000
training_algorithm=2
train_error_function=1
train_stop_function=1
cascade_output_change_fraction=0.010000
quickprop_decay=-0.000100
quickprop_mu=1.750000
rprop_increase_factor=1.200000
rprop_decrease_factor=0.500000
rprop_delta_min=0.000000
rprop_delta_max=50.000000
rprop_delta_zero=0.100000
cascade_output_stagnation_epochs=12
cascade_candidate_change_fraction=0.010000
cascade_candidate_stagnation_epochs=12
cascade_max_out_epochs=150
cascade_min_out_epochs=50
cascade_max_cand_epochs=150
cascade_min_cand_epochs=50
cascade_num_candidate_groups=2
bit_fail_limit=1.00000000000000005551e-01
cascade_candidate_limit=1.00000000000000000000e+03
cascade_weight_multiplier=4.00000000000000022204e-01
cascade_activation_functions_count=10
cascade_activation_functions=3 5 7 8 10 11 14 15 16 17 
cascade_activation_steepnesses_count=4
cascade_activation_steepnesses=2.50000000000000000000e-01 5.00000000000000000000e-01 7.50000000000000000000e-01 1.00000000000000000000e+00 
layer_sizes=6 4 2 
scale_included=0
neurons (num_inputs, activation_function, activation_steepness)=(0, 0, 0.00000000000000000000e+00) (0, 0, 0.00000000000000000000e+00) (0, 0, 0.00000000000000000000e+00) (0, 0, 0.00000000000000000000e+00) (0, 0, 0.00000000000000000000e+00) (0, 0, 0.00000000000000000000e+00) (6, 6, 5.00000000000000000000e-01) (6, 6, 5.00000000000000000000e-01) (6, 6, 5.00000000000000000000e-01) (0, 6, 0.00000000000000000000e+00) (4, 4, 5.00000000000000000000e-01) (0, 4, 0.00000000000000000000e+00) 
connections (connected_to_neuron, weight)=(0, 9.76103822710068591562e+00) (1, -4.62418153379988594587e-01) (2, -4.55117987317059380370e-02) (3, -4.47204715079929870925e-01) (4, -3.94285898061826456384e+00) (5, -1.35103405758943995174e+00) (0, 5.42181592824914404538e-01) (1, 7.68182585606864032357e-01) (2, 1.53866104879048726239e+00) (3, 8.78340037693504438465e-01) (4, 1.82012630531867856121e+01) (5, -2.15948451716300038328e+00) (0, -9.37067670385252515786e-01) (1, 1.43399850611944668088e+00) (2, 1.68195141886528309882e+00) (3, 1.34177987486756578051e+00) (4, -3.10927829459909421672e+00) (5, -1.63482402454581399187e-01) (6, 1.27089734907819682519e+01) (7, 1.73716275219660936102e+01) (8, 1.00880923150805958954e+01) (9, -2.13711185502762068822e+00) 
