FANN_FLO_2.1
num_layers=3
learning_rate=0.700000
connection_rate=1.000000
network_type=0
learning_momentum=0.000000
training_algorithm=2
train_error_function=1
train_stop_function=1
cascade_output_change_fraction=0.010000
quickprop_decay=-0.000100
quickprop_mu=1.750000
rprop_increase_factor=1.200000
rprop_decrease_factor=0.500000
rprop_delta_min=0.000000
rprop_delta_max=50.000000
rprop_delta_zero=0.100000
cascade_output_stagnation_epochs=12
cascade_candidate_change_fraction=0.010000
cascade_candidate_stagnation_epochs=12
cascade_max_out_epochs=150
cascade_min_out_epochs=50
cascade_max_cand_epochs=150
cascade_min_cand_epochs=50
cascade_num_candidate_groups=2
bit_fail_limit=1.00000000000000005551e-01
cascade_candidate_limit=1.00000000000000000000e+03
cascade_weight_multiplier=4.00000000000000022204e-01
cascade_activation_functions_count=10
cascade_activation_functions=3 5 7 8 10 11 14 15 16 17 
cascade_activation_steepnesses_count=4
cascade_activation_steepnesses=2.50000000000000000000e-01 5.00000000000000000000e-01 7.50000000000000000000e-01 1.00000000000000000000e+00 
layer_sizes=7 4 2 
scale_included=0
neurons (num_inputs, activation_function, activation_steepness)=(0, 0, 0.00000000000000000000e+00) (0, 0, 0.00000000000000000000e+00) (0, 0, 0.00000000000000000000e+00) (0, 0, 0.00000000000000000000e+00) (0, 0, 0.00000000000000000000e+00) (0, 0, 0.00000000000000000000e+00) (0, 0, 0.00000000000000000000e+00) (7, 6, 5.00000000000000000000e-01) (7, 6, 5.00000000000000000000e-01) (7, 6, 5.00000000000000000000e-01) (0, 6, 0.00000000000000000000e+00) (4, 4, 5.00000000000000000000e-01) (0, 4, 0.00000000000000000000e+00) 
connections (connected_to_neuron, weight)=(0, 5.74999960183370184552e-01) (1, 2.01072097050814502239e+00) (2, 1.20514455553271493393e+00) (3, 9.51389042693520869953e-01) (4, 4.25103024347210201039e-01) (5, 1.25964049139888945028e+00) (6, -8.95818604685264197052e-01) (0, 1.20434803888083985512e+00) (1, 1.42893496939232544918e+00) (2, 1.22282662238576045333e+00) (3, 8.41220716792289380237e-01) (4, 2.46982497125761424339e-01) (5, 9.46006052033479205576e-01) (6, -1.27658166267969841456e+00) (0, 1.20443039134027007897e+00) (1, 1.63951798229229184223e+00) (2, 1.24050109311320500005e+00) (3, 1.08181586003766994075e+00) (4, 3.22085125102271607744e-01) (5, 1.26141291569250069138e+00) (6, -1.59829375424816011453e+00) (7, 7.14076483085420221641e+00) (8, 3.27195090768357266242e+00) (9, 4.28602525100099072120e+01) (10, -4.56639152978492379731e+00) 
