FANN_FLO_2.1
num_layers=3
learning_rate=0.700000
connection_rate=1.000000
network_type=0
learning_momentum=0.000000
training_algorithm=2
train_error_function=1
train_stop_function=1
cascade_output_change_fraction=0.010000
quickprop_decay=-0.000100
quickprop_mu=1.750000
rprop_increase_factor=1.200000
rprop_decrease_factor=0.500000
rprop_delta_min=0.000000
rprop_delta_max=50.000000
rprop_delta_zero=0.100000
cascade_output_stagnation_epochs=12
cascade_candidate_change_fraction=0.010000
cascade_candidate_stagnation_epochs=12
cascade_max_out_epochs=150
cascade_min_out_epochs=50
cascade_max_cand_epochs=150
cascade_min_cand_epochs=50
cascade_num_candidate_groups=2
bit_fail_limit=1.00000000000000005551e-01
cascade_candidate_limit=1.00000000000000000000e+03
cascade_weight_multiplier=4.00000000000000022204e-01
cascade_activation_functions_count=10
cascade_activation_functions=3 5 7 8 10 11 14 15 16 17 
cascade_activation_steepnesses_count=4
cascade_activation_steepnesses=2.50000000000000000000e-01 5.00000000000000000000e-01 7.50000000000000000000e-01 1.00000000000000000000e+00 
layer_sizes=11 4 2 
scale_included=0
neurons (num_inputs, activation_function, activation_steepness)=(0, 0, 0.00000000000000000000e+00) (0, 0, 0.00000000000000000000e+00) (0, 0, 0.00000000000000000000e+00) (0, 0, 0.00000000000000000000e+00) (0, 0, 0.00000000000000000000e+00) (0, 0, 0.00000000000000000000e+00) (0, 0, 0.00000000000000000000e+00) (0, 0, 0.00000000000000000000e+00) (0, 0, 0.00000000000000000000e+00) (0, 0, 0.00000000000000000000e+00) (0, 0, 0.00000000000000000000e+00) (11, 6, 5.00000000000000000000e-01) (11, 6, 5.00000000000000000000e-01) (11, 6, 5.00000000000000000000e-01) (0, 6, 0.00000000000000000000e+00) (4, 4, 5.00000000000000000000e-01) (0, 4, 0.00000000000000000000e+00) 
connections (connected_to_neuron, weight)=(0, 2.05738383335199309654e-01) (1, 5.70053353034188359238e-01) (2, 1.12319557202695752274e+00) (3, -2.54448632474751912369e-01) (4, -2.52379969121778569008e-01) (5, 1.29914609279093440364e+00) (6, 1.54486867219018786379e+00) (7, 1.34643277333386057748e+00) (8, 6.84718334906636916237e-01) (9, 6.15912082338082367272e-01) (10, -1.45325457096130816748e-01) (0, 3.32106217713871831876e+00) (1, -6.53710471879382293281e+00) (2, -4.20159266738843228950e+00) (3, 4.14540957248285601988e-01) (4, 7.22375835693563672635e-01) (5, -6.44160221945298960833e+00) (6, -6.64175737559083678718e+00) (7, -6.29941497301849206991e+00) (8, -3.99501749002474704220e-01) (9, -4.30720561570997961809e+00) (10, 6.57067841364482774225e+00) (0, 1.97700666441622741054e+00) (1, -5.87181350101722276946e+00) (2, -4.19010993688058164253e+00) (3, -9.30304868600200451922e-01) (4, 1.02284113797557352221e+00) (5, -5.41113808464529899567e+00) (6, -6.29877716007228283246e+00) (7, -6.19222427835854372091e+00) (8, -5.18528015040892409360e-01) (9, -3.82449880600775271589e+00) (10, 6.51279138846734895196e+00) (11, 1.48989120095958482715e+00) (12, -6.16222242144601395353e+00) (13, -6.08801957098500778898e+00) (14, -1.09479281207710887891e+00) 
