FANN_FLO_2.1
num_layers=3
learning_rate=0.700000
connection_rate=1.000000
network_type=0
learning_momentum=0.000000
training_algorithm=2
train_error_function=1
train_stop_function=1
cascade_output_change_fraction=0.010000
quickprop_decay=-0.000100
quickprop_mu=1.750000
rprop_increase_factor=1.200000
rprop_decrease_factor=0.500000
rprop_delta_min=0.000000
rprop_delta_max=50.000000
rprop_delta_zero=0.100000
cascade_output_stagnation_epochs=12
cascade_candidate_change_fraction=0.010000
cascade_candidate_stagnation_epochs=12
cascade_max_out_epochs=150
cascade_min_out_epochs=50
cascade_max_cand_epochs=150
cascade_min_cand_epochs=50
cascade_num_candidate_groups=2
bit_fail_limit=1.00000000000000005551e-01
cascade_candidate_limit=1.00000000000000000000e+03
cascade_weight_multiplier=4.00000000000000022204e-01
cascade_activation_functions_count=10
cascade_activation_functions=3 5 7 8 10 11 14 15 16 17 
cascade_activation_steepnesses_count=4
cascade_activation_steepnesses=2.50000000000000000000e-01 5.00000000000000000000e-01 7.50000000000000000000e-01 1.00000000000000000000e+00 
layer_sizes=16 4 2 
scale_included=0
neurons (num_inputs, activation_function, activation_steepness)=(0, 0, 0.00000000000000000000e+00) (0, 0, 0.00000000000000000000e+00) (0, 0, 0.00000000000000000000e+00) (0, 0, 0.00000000000000000000e+00) (0, 0, 0.00000000000000000000e+00) (0, 0, 0.00000000000000000000e+00) (0, 0, 0.00000000000000000000e+00) (0, 0, 0.00000000000000000000e+00) (0, 0, 0.00000000000000000000e+00) (0, 0, 0.00000000000000000000e+00) (0, 0, 0.00000000000000000000e+00) (0, 0, 0.00000000000000000000e+00) (0, 0, 0.00000000000000000000e+00) (0, 0, 0.00000000000000000000e+00) (0, 0, 0.00000000000000000000e+00) (0, 0, 0.00000000000000000000e+00) (16, 6, 5.00000000000000000000e-01) (16, 6, 5.00000000000000000000e-01) (16, 6, 5.00000000000000000000e-01) (0, 6, 0.00000000000000000000e+00) (4, 4, 5.00000000000000000000e-01) (0, 4, 0.00000000000000000000e+00) 
connections (connected_to_neuron, weight)=(0, -1.51627138780826586917e+00) (1, 1.29641167451863181803e+00) (2, 8.49695264034528996433e-01) (3, 4.39243344142860758783e-01) (4, 7.84182885281476727002e-01) (5, 1.60013220692645830034e+00) (6, 1.54316027266450950250e+00) (7, 3.66246532315694872661e-01) (8, 5.16080689935638492472e-01) (9, -2.89357797203455890944e-01) (10, 1.92228009028594137853e+00) (11, 1.94182282862137789436e+00) (12, 1.58461187355485333406e+00) (13, 6.07677554686378088022e-02) (14, 1.55384646160074302301e+00) (15, -1.09600188132953157982e+00) (0, 4.05908237292381812722e+00) (1, -2.46286827629306293019e+00) (2, -2.26396621587680613175e+00) (3, -1.69801396063458009955e-01) (4, -1.23911192380502854782e+00) (5, -2.55941499013516393646e+00) (6, -2.27860444608138834610e+00) (7, 2.88664503850019141251e-02) (8, -2.80850590692886314947e-01) (9, 2.26994616510979829727e+00) (10, -2.15701265545425235892e-01) (11, -1.06042685133580083523e+00) (12, -2.53286390215143519811e+00) (13, -1.20372252077688146610e-01) (14, -2.30392306867049967423e+00) (15, 2.33549347866433709697e+00) (0, -2.69298628989074417817e-01) (1, 9.93142612440972238907e-01) (2, 2.64393053890346685364e+00) (3, 2.11127202898986315871e-01) (4, 7.26486479301746368442e-01) (5, 7.02782132810189419381e-01) (6, 2.55477219761490026428e+00) (7, 2.35123153204918444725e-01) (8, 2.51330929727073659752e-01) (9, -1.06755688723981251309e-01) (10, 2.52646558084684946799e-01) (11, 1.13269900258813693839e+00) (12, 6.85579229484398200434e-01) (13, 1.87242754062928173919e-01) (14, 2.47497897536634603455e+00) (15, -6.86189320404146152477e-01) (16, 1.42348099466510524813e+00) (17, -2.70975694137141438489e+01) (18, 3.35117689909255300762e+00) (19, -6.81186271376547081147e-01) 
