FANN_FLO_2.1
num_layers=3
learning_rate=0.700000
connection_rate=1.000000
network_type=0
learning_momentum=0.000000
training_algorithm=2
train_error_function=1
train_stop_function=1
cascade_output_change_fraction=0.010000
quickprop_decay=-0.000100
quickprop_mu=1.750000
rprop_increase_factor=1.200000
rprop_decrease_factor=0.500000
rprop_delta_min=0.000000
rprop_delta_max=50.000000
rprop_delta_zero=0.100000
cascade_output_stagnation_epochs=12
cascade_candidate_change_fraction=0.010000
cascade_candidate_stagnation_epochs=12
cascade_max_out_epochs=150
cascade_min_out_epochs=50
cascade_max_cand_epochs=150
cascade_min_cand_epochs=50
cascade_num_candidate_groups=2
bit_fail_limit=1.00000000000000005551e-01
cascade_candidate_limit=1.00000000000000000000e+03
cascade_weight_multiplier=4.00000000000000022204e-01
cascade_activation_functions_count=10
cascade_activation_functions=3 5 7 8 10 11 14 15 16 17 
cascade_activation_steepnesses_count=4
cascade_activation_steepnesses=2.50000000000000000000e-01 5.00000000000000000000e-01 7.50000000000000000000e-01 1.00000000000000000000e+00 
layer_sizes=10 4 2 
scale_included=0
neurons (num_inputs, activation_function, activation_steepness)=(0, 0, 0.00000000000000000000e+00) (0, 0, 0.00000000000000000000e+00) (0, 0, 0.00000000000000000000e+00) (0, 0, 0.00000000000000000000e+00) (0, 0, 0.00000000000000000000e+00) (0, 0, 0.00000000000000000000e+00) (0, 0, 0.00000000000000000000e+00) (0, 0, 0.00000000000000000000e+00) (0, 0, 0.00000000000000000000e+00) (0, 0, 0.00000000000000000000e+00) (10, 6, 5.00000000000000000000e-01) (10, 6, 5.00000000000000000000e-01) (10, 6, 5.00000000000000000000e-01) (0, 6, 0.00000000000000000000e+00) (4, 4, 5.00000000000000000000e-01) (0, 4, 0.00000000000000000000e+00) 
connections (connected_to_neuron, weight)=(0, -4.15770820280181130357e+00) (1, 3.27601465986860773683e+00) (2, 2.92116296207795356210e+00) (3, 3.25399106999809362151e+00) (4, 2.94504077931772378918e+00) (5, 3.60961437930835504773e+00) (6, -8.37415497453449009235e-01) (7, 1.27156434046124000581e+00) (8, -6.94204299809309199887e-01) (9, -4.44370903260122140921e+00) (0, 4.57986479311758121202e-01) (1, -2.58963179361390238853e-01) (2, -6.74760111794830308440e-01) (3, -4.60838606532153971518e-01) (4, -2.44510805746002679584e+00) (5, -4.14706758810577252872e-02) (6, 2.49358958110804246333e-01) (7, 1.23826107031660503921e+00) (8, 1.31770874953823513565e+00) (9, 4.46834711952072069496e-03) (0, 2.69468912982263697486e+00) (1, -4.84329767867896876510e+00) (2, -2.21642781784765396935e+00) (3, -6.11133016365524994740e+00) (4, 5.30653905834390648977e+00) (5, -2.41837388410039766384e+00) (6, 9.57236147669057069187e-01) (7, 2.35977173206268311390e+01) (8, 2.36916622948704720386e+01) (9, 2.92168410800776667813e+00) (10, 1.79776408939814089649e+01) (11, -1.13662771111356275533e+00) (12, -2.14318025849583859710e+00) (13, -1.25315705185506187647e+00) 
