FANN_FLO_2.1
num_layers=3
learning_rate=0.700000
connection_rate=1.000000
network_type=0
learning_momentum=0.000000
training_algorithm=2
train_error_function=1
train_stop_function=1
cascade_output_change_fraction=0.010000
quickprop_decay=-0.000100
quickprop_mu=1.750000
rprop_increase_factor=1.200000
rprop_decrease_factor=0.500000
rprop_delta_min=0.000000
rprop_delta_max=50.000000
rprop_delta_zero=0.100000
cascade_output_stagnation_epochs=12
cascade_candidate_change_fraction=0.010000
cascade_candidate_stagnation_epochs=12
cascade_max_out_epochs=150
cascade_min_out_epochs=50
cascade_max_cand_epochs=150
cascade_min_cand_epochs=50
cascade_num_candidate_groups=2
bit_fail_limit=1.00000000000000005551e-01
cascade_candidate_limit=1.00000000000000000000e+03
cascade_weight_multiplier=4.00000000000000022204e-01
cascade_activation_functions_count=10
cascade_activation_functions=3 5 7 8 10 11 14 15 16 17 
cascade_activation_steepnesses_count=4
cascade_activation_steepnesses=2.50000000000000000000e-01 5.00000000000000000000e-01 7.50000000000000000000e-01 1.00000000000000000000e+00 
layer_sizes=12 4 2 
scale_included=0
neurons (num_inputs, activation_function, activation_steepness)=(0, 0, 0.00000000000000000000e+00) (0, 0, 0.00000000000000000000e+00) (0, 0, 0.00000000000000000000e+00) (0, 0, 0.00000000000000000000e+00) (0, 0, 0.00000000000000000000e+00) (0, 0, 0.00000000000000000000e+00) (0, 0, 0.00000000000000000000e+00) (0, 0, 0.00000000000000000000e+00) (0, 0, 0.00000000000000000000e+00) (0, 0, 0.00000000000000000000e+00) (0, 0, 0.00000000000000000000e+00) (0, 0, 0.00000000000000000000e+00) (12, 6, 5.00000000000000000000e-01) (12, 6, 5.00000000000000000000e-01) (12, 6, 5.00000000000000000000e-01) (0, 6, 0.00000000000000000000e+00) (4, 4, 5.00000000000000000000e-01) (0, 4, 0.00000000000000000000e+00) 
connections (connected_to_neuron, weight)=(0, -8.81147706573544020614e-01) (1, 1.26068528552914105312e+00) (2, 2.47864161180404801721e-01) (3, 1.59470923768052799119e+01) (4, 3.23996024168875240701e-01) (5, -4.87001884185905975500e+00) (6, 4.56410493209339407361e-01) (7, 1.13012896209866742225e+00) (8, 7.57661944363755424092e+00) (9, 2.55648524669670962339e+00) (10, -7.00991667445799437886e-01) (11, -1.99653503769445395122e+00) (0, -5.58349481438187522642e-01) (1, 1.16947356408361757829e+00) (2, 1.62039498462390935130e-01) (3, 1.26334799463568225875e+00) (4, 1.16834836137075931406e-01) (5, -2.84681940850677150934e+00) (6, 1.30250427483734565470e+00) (7, 8.10622642289098527257e-01) (8, 9.37505446790780183619e-01) (9, 5.43269395414753608620e-01) (10, -1.40086160023001116137e+00) (11, -2.23943846270301449852e-01) (0, 8.16311241248193830700e+00) (1, -8.03390673386416409585e+00) (2, -3.17559686583710787389e+00) (3, -8.19815293284330692813e+00) (4, -3.22558411491347429845e+00) (5, 8.38681016867081652322e+00) (6, -8.16600036918180194334e+00) (7, 1.55735167717756417538e+00) (8, -3.57123184623649514435e+00) (9, -7.26757368538251657952e+00) (10, -4.83445102023333239671e-01) (11, 8.29101974078956693859e+00) (12, 1.78160735264419978208e+00) (13, 1.53076546908253652290e+00) (14, -5.22669842532920458922e+00) (15, -1.96050742986199044715e+00) 
