FANN_FLO_2.1
num_layers=3
learning_rate=0.700000
connection_rate=1.000000
network_type=0
learning_momentum=0.000000
training_algorithm=2
train_error_function=1
train_stop_function=1
cascade_output_change_fraction=0.010000
quickprop_decay=-0.000100
quickprop_mu=1.750000
rprop_increase_factor=1.200000
rprop_decrease_factor=0.500000
rprop_delta_min=0.000000
rprop_delta_max=50.000000
rprop_delta_zero=0.100000
cascade_output_stagnation_epochs=12
cascade_candidate_change_fraction=0.010000
cascade_candidate_stagnation_epochs=12
cascade_max_out_epochs=150
cascade_min_out_epochs=50
cascade_max_cand_epochs=150
cascade_min_cand_epochs=50
cascade_num_candidate_groups=2
bit_fail_limit=1.00000000000000005551e-01
cascade_candidate_limit=1.00000000000000000000e+03
cascade_weight_multiplier=4.00000000000000022204e-01
cascade_activation_functions_count=10
cascade_activation_functions=3 5 7 8 10 11 14 15 16 17 
cascade_activation_steepnesses_count=4
cascade_activation_steepnesses=2.50000000000000000000e-01 5.00000000000000000000e-01 7.50000000000000000000e-01 1.00000000000000000000e+00 
layer_sizes=15 4 2 
scale_included=0
neurons (num_inputs, activation_function, activation_steepness)=(0, 0, 0.00000000000000000000e+00) (0, 0, 0.00000000000000000000e+00) (0, 0, 0.00000000000000000000e+00) (0, 0, 0.00000000000000000000e+00) (0, 0, 0.00000000000000000000e+00) (0, 0, 0.00000000000000000000e+00) (0, 0, 0.00000000000000000000e+00) (0, 0, 0.00000000000000000000e+00) (0, 0, 0.00000000000000000000e+00) (0, 0, 0.00000000000000000000e+00) (0, 0, 0.00000000000000000000e+00) (0, 0, 0.00000000000000000000e+00) (0, 0, 0.00000000000000000000e+00) (0, 0, 0.00000000000000000000e+00) (0, 0, 0.00000000000000000000e+00) (15, 6, 5.00000000000000000000e-01) (15, 6, 5.00000000000000000000e-01) (15, 6, 5.00000000000000000000e-01) (0, 6, 0.00000000000000000000e+00) (4, 4, 5.00000000000000000000e-01) (0, 4, 0.00000000000000000000e+00) 
connections (connected_to_neuron, weight)=(0, 1.85301345894832429906e+01) (1, -7.07819677281686043813e-01) (2, -1.03499770748636947815e+01) (3, 2.55079361768042502112e-02) (4, 1.83770505495521740968e+00) (5, 3.98647580011823610135e+00) (6, -9.87827240732546130175e+00) (7, 7.15186239297519565916e-01) (8, -5.25125983350975733543e+00) (9, -7.05711837010581821694e-01) (10, 2.30313931467520971452e+00) (11, 5.08379085110359874022e+00) (12, 2.07629717481670833523e-01) (13, -1.01106394459924811002e+01) (14, -7.51108957116723208181e-01) (0, -1.11703287473807897356e+01) (1, -3.23160876377279804306e-01) (2, -1.18983451774618753660e+00) (3, 6.33798106964316265710e-01) (4, 3.08992763266004444311e-01) (5, -2.01170349318737651245e+00) (6, -1.19319482357459061284e+00) (7, -3.83735775421444158528e-01) (8, 1.27162386664152182725e+00) (9, -2.51894156301578686641e-01) (10, 2.56813689295736446994e-01) (11, 1.28678715666906935411e+01) (12, -3.41954221363027377478e+00) (13, -1.32181819703666780796e+00) (14, 1.20513093751974253998e+00) (0, 1.88587525147001926484e+01) (1, -1.09496715334035110700e+00) (2, 8.76564820549936785099e-01) (3, -1.75345107546964001921e-01) (4, -8.83832571096863639504e-01) (5, -9.01478443496207937358e+00) (6, 8.28833706810349180039e-01) (7, 1.35888789804805965034e+00) (8, -8.37365007554029983083e-01) (9, -8.95402322258008753764e-01) (10, -2.36552029448213430030e+00) (11, 1.17054638778058395232e+00) (12, 9.02131959481380252264e-01) (13, 6.97685712181302819523e-01) (14, -6.86948413942788604913e-01) (15, -1.16218370410718669916e+01) (16, 1.41368371030495918461e+01) (17, -1.18972853659255246583e+01) (18, 2.05562220158255308522e-02) 
