FANN_FLO_2.1
num_layers=3
learning_rate=0.700000
connection_rate=1.000000
network_type=0
learning_momentum=0.000000
training_algorithm=2
train_error_function=1
train_stop_function=1
cascade_output_change_fraction=0.010000
quickprop_decay=-0.000100
quickprop_mu=1.750000
rprop_increase_factor=1.200000
rprop_decrease_factor=0.500000
rprop_delta_min=0.000000
rprop_delta_max=50.000000
rprop_delta_zero=0.100000
cascade_output_stagnation_epochs=12
cascade_candidate_change_fraction=0.010000
cascade_candidate_stagnation_epochs=12
cascade_max_out_epochs=150
cascade_min_out_epochs=50
cascade_max_cand_epochs=150
cascade_min_cand_epochs=50
cascade_num_candidate_groups=2
bit_fail_limit=1.00000000000000005551e-01
cascade_candidate_limit=1.00000000000000000000e+03
cascade_weight_multiplier=4.00000000000000022204e-01
cascade_activation_functions_count=10
cascade_activation_functions=3 5 7 8 10 11 14 15 16 17 
cascade_activation_steepnesses_count=4
cascade_activation_steepnesses=2.50000000000000000000e-01 5.00000000000000000000e-01 7.50000000000000000000e-01 1.00000000000000000000e+00 
layer_sizes=7 4 2 
scale_included=0
neurons (num_inputs, activation_function, activation_steepness)=(0, 0, 0.00000000000000000000e+00) (0, 0, 0.00000000000000000000e+00) (0, 0, 0.00000000000000000000e+00) (0, 0, 0.00000000000000000000e+00) (0, 0, 0.00000000000000000000e+00) (0, 0, 0.00000000000000000000e+00) (0, 0, 0.00000000000000000000e+00) (7, 6, 5.00000000000000000000e-01) (7, 6, 5.00000000000000000000e-01) (7, 6, 5.00000000000000000000e-01) (0, 6, 0.00000000000000000000e+00) (4, 4, 5.00000000000000000000e-01) (0, 4, 0.00000000000000000000e+00) 
connections (connected_to_neuron, weight)=(0, 1.15045071138272358979e+00) (1, 1.97051856537272396253e+00) (2, 9.13745938513656819069e-01) (3, 1.92498449699552032222e+00) (4, 1.86727548699681600297e+00) (5, 2.51954384046917612139e+00) (6, -2.18948120813265934004e+00) (0, -6.09059201437263109113e+00) (1, 3.77448669849986684355e+00) (2, 2.92421291165697017078e+00) (3, -7.98482151682921470481e-01) (4, -1.03299324286073224144e+00) (5, -1.72847525981438066012e+00) (6, 3.08020106078508737468e+00) (0, 2.15711702814600370104e+00) (1, -4.07323408388251273493e+00) (2, 2.24113228115420568543e+01) (3, 5.56573961353216128956e-01) (4, 6.37387246403869234257e-01) (5, 3.60089174618460794441e-01) (6, -1.08804209084294378762e+00) (7, 2.05893325342464734717e+01) (8, -5.85090835984642332335e+00) (9, 1.19852248668186467384e+00) (10, -1.87665153795759298561e+00) 
