FANN_FLO_2.1
num_layers=3
learning_rate=0.700000
connection_rate=1.000000
network_type=0
learning_momentum=0.000000
training_algorithm=2
train_error_function=1
train_stop_function=1
cascade_output_change_fraction=0.010000
quickprop_decay=-0.000100
quickprop_mu=1.750000
rprop_increase_factor=1.200000
rprop_decrease_factor=0.500000
rprop_delta_min=0.000000
rprop_delta_max=50.000000
rprop_delta_zero=0.100000
cascade_output_stagnation_epochs=12
cascade_candidate_change_fraction=0.010000
cascade_candidate_stagnation_epochs=12
cascade_max_out_epochs=150
cascade_min_out_epochs=50
cascade_max_cand_epochs=150
cascade_min_cand_epochs=50
cascade_num_candidate_groups=2
bit_fail_limit=1.00000000000000005551e-01
cascade_candidate_limit=1.00000000000000000000e+03
cascade_weight_multiplier=4.00000000000000022204e-01
cascade_activation_functions_count=10
cascade_activation_functions=3 5 7 8 10 11 14 15 16 17 
cascade_activation_steepnesses_count=4
cascade_activation_steepnesses=2.50000000000000000000e-01 5.00000000000000000000e-01 7.50000000000000000000e-01 1.00000000000000000000e+00 
layer_sizes=12 4 2 
scale_included=0
neurons (num_inputs, activation_function, activation_steepness)=(0, 0, 0.00000000000000000000e+00) (0, 0, 0.00000000000000000000e+00) (0, 0, 0.00000000000000000000e+00) (0, 0, 0.00000000000000000000e+00) (0, 0, 0.00000000000000000000e+00) (0, 0, 0.00000000000000000000e+00) (0, 0, 0.00000000000000000000e+00) (0, 0, 0.00000000000000000000e+00) (0, 0, 0.00000000000000000000e+00) (0, 0, 0.00000000000000000000e+00) (0, 0, 0.00000000000000000000e+00) (0, 0, 0.00000000000000000000e+00) (12, 6, 5.00000000000000000000e-01) (12, 6, 5.00000000000000000000e-01) (12, 6, 5.00000000000000000000e-01) (0, 6, 0.00000000000000000000e+00) (4, 4, 5.00000000000000000000e-01) (0, 4, 0.00000000000000000000e+00) 
connections (connected_to_neuron, weight)=(0, 4.40212512940035993747e-01) (1, -1.94020487977731481699e+00) (2, 2.48621725359737544281e+00) (3, -1.19036495524349450470e+00) (4, 5.83819282161764929739e-01) (5, -2.07801476870696832933e+00) (6, 1.71468265370481209864e+00) (7, 3.12999346270258382852e-01) (8, 5.50447210884860371749e-01) (9, -2.35098529365926012247e+00) (10, -2.04007154671327484152e+00) (11, -2.72387825493133450827e-01) (0, -1.27501295449417728634e+00) (1, 5.28668053123660386383e-01) (2, 1.22381077720901849659e+01) (3, 5.79802447276054122582e-01) (4, -5.29696151192207809189e-01) (5, 1.68670104577439167182e-01) (6, 1.24926800831591773289e+01) (7, 6.39458282880958295280e-01) (8, -4.09278223545090358293e-01) (9, 3.69752711060020028411e-02) (10, 2.18350454796223031328e-01) (11, -2.59684037831355318815e+00) (0, -1.40771130414885181636e+00) (1, 5.24746138542482309930e-01) (2, 1.22433297946236017140e+01) (3, 5.35473139302669265405e-01) (4, -3.93481164790964510480e-01) (5, 2.66555910161392017876e-01) (6, 1.25251734323239016788e+01) (7, 6.46968646936591840202e-01) (8, -5.30711470425860198930e-01) (9, 1.07180524422966425013e-02) (10, 1.34236544001964913653e-01) (11, -2.51764267352153048307e+00) (12, -5.87897581370491106867e+00) (13, 2.42957681337420394740e+00) (14, 2.50681287715260436855e+00) (15, -4.09288007571751233371e+00) 
