FANN_FLO_2.1
num_layers=3
learning_rate=0.700000
connection_rate=1.000000
network_type=0
learning_momentum=0.000000
training_algorithm=2
train_error_function=1
train_stop_function=1
cascade_output_change_fraction=0.010000
quickprop_decay=-0.000100
quickprop_mu=1.750000
rprop_increase_factor=1.200000
rprop_decrease_factor=0.500000
rprop_delta_min=0.000000
rprop_delta_max=50.000000
rprop_delta_zero=0.100000
cascade_output_stagnation_epochs=12
cascade_candidate_change_fraction=0.010000
cascade_candidate_stagnation_epochs=12
cascade_max_out_epochs=150
cascade_min_out_epochs=50
cascade_max_cand_epochs=150
cascade_min_cand_epochs=50
cascade_num_candidate_groups=2
bit_fail_limit=1.00000000000000005551e-01
cascade_candidate_limit=1.00000000000000000000e+03
cascade_weight_multiplier=4.00000000000000022204e-01
cascade_activation_functions_count=10
cascade_activation_functions=3 5 7 8 10 11 14 15 16 17 
cascade_activation_steepnesses_count=4
cascade_activation_steepnesses=2.50000000000000000000e-01 5.00000000000000000000e-01 7.50000000000000000000e-01 1.00000000000000000000e+00 
layer_sizes=15 4 2 
scale_included=0
neurons (num_inputs, activation_function, activation_steepness)=(0, 0, 0.00000000000000000000e+00) (0, 0, 0.00000000000000000000e+00) (0, 0, 0.00000000000000000000e+00) (0, 0, 0.00000000000000000000e+00) (0, 0, 0.00000000000000000000e+00) (0, 0, 0.00000000000000000000e+00) (0, 0, 0.00000000000000000000e+00) (0, 0, 0.00000000000000000000e+00) (0, 0, 0.00000000000000000000e+00) (0, 0, 0.00000000000000000000e+00) (0, 0, 0.00000000000000000000e+00) (0, 0, 0.00000000000000000000e+00) (0, 0, 0.00000000000000000000e+00) (0, 0, 0.00000000000000000000e+00) (0, 0, 0.00000000000000000000e+00) (15, 6, 5.00000000000000000000e-01) (15, 6, 5.00000000000000000000e-01) (15, 6, 5.00000000000000000000e-01) (0, 6, 0.00000000000000000000e+00) (4, 4, 5.00000000000000000000e-01) (0, 4, 0.00000000000000000000e+00) 
connections (connected_to_neuron, weight)=(0, -3.92572039606448157656e+01) (1, 1.38322765669712199887e+00) (2, 1.05198284567859694505e+01) (3, -3.69232978740606032630e+00) (4, 8.92216398821942568986e+00) (5, 1.60428493027836260865e+00) (6, 6.19695889943251310150e-01) (7, 4.83313154955860735384e+00) (8, 1.49956723525632584781e+00) (9, 3.61102671812160203046e+00) (10, 9.63499898750797356684e+00) (11, 8.76503347367002305646e+00) (12, 3.55551381623907036822e-01) (13, 1.05562938106580386233e+01) (14, 9.06717339331074345665e-01) (0, -5.74763048434928425223e+00) (1, 3.09398061354845099746e-01) (2, -1.01081583316969991770e+00) (3, 1.98584276053539898754e-01) (4, -9.31977213939280901833e-01) (5, -2.09240864993261288518e+00) (6, 2.91848766031624906603e-01) (7, 5.91898145152983445882e-01) (8, -2.75713432598070629087e-01) (9, 1.27492688946595406074e-01) (10, -1.00013715188068963435e+00) (11, -1.13777521096797151756e+00) (12, -7.43632417071798945685e-01) (13, -6.78171901339236660178e-01) (14, 7.05335917359917741187e-01) (0, 8.41763499342200560704e+00) (1, -6.92772582144739135224e-01) (2, 9.93993180118844965598e-01) (3, 1.60333303232738810795e-01) (4, 2.06997845768989385817e+00) (5, 2.72757276175466767398e+00) (6, -6.79496702804730290381e-01) (7, -1.40596270122395576863e+01) (8, -7.31523409577637728773e-01) (9, 3.87461091653832218062e-02) (10, 1.81357510464580728993e+00) (11, 1.11956608473388685709e+00) (12, -8.31092045455549666144e+00) (13, -1.49329346944087637539e+00) (14, 6.90552556415142237967e-01) (15, 1.13425735376116527675e+01) (16, 2.26012910806081421811e+01) (17, -3.93886430516165697568e+00) (18, -2.83541127332253450888e-01) 
