FANN_FLO_2.1
num_layers=3
learning_rate=0.700000
connection_rate=1.000000
network_type=0
learning_momentum=0.000000
training_algorithm=2
train_error_function=1
train_stop_function=1
cascade_output_change_fraction=0.010000
quickprop_decay=-0.000100
quickprop_mu=1.750000
rprop_increase_factor=1.200000
rprop_decrease_factor=0.500000
rprop_delta_min=0.000000
rprop_delta_max=50.000000
rprop_delta_zero=0.100000
cascade_output_stagnation_epochs=12
cascade_candidate_change_fraction=0.010000
cascade_candidate_stagnation_epochs=12
cascade_max_out_epochs=150
cascade_min_out_epochs=50
cascade_max_cand_epochs=150
cascade_min_cand_epochs=50
cascade_num_candidate_groups=2
bit_fail_limit=1.00000000000000005551e-01
cascade_candidate_limit=1.00000000000000000000e+03
cascade_weight_multiplier=4.00000000000000022204e-01
cascade_activation_functions_count=10
cascade_activation_functions=3 5 7 8 10 11 14 15 16 17 
cascade_activation_steepnesses_count=4
cascade_activation_steepnesses=2.50000000000000000000e-01 5.00000000000000000000e-01 7.50000000000000000000e-01 1.00000000000000000000e+00 
layer_sizes=10 4 2 
scale_included=0
neurons (num_inputs, activation_function, activation_steepness)=(0, 0, 0.00000000000000000000e+00) (0, 0, 0.00000000000000000000e+00) (0, 0, 0.00000000000000000000e+00) (0, 0, 0.00000000000000000000e+00) (0, 0, 0.00000000000000000000e+00) (0, 0, 0.00000000000000000000e+00) (0, 0, 0.00000000000000000000e+00) (0, 0, 0.00000000000000000000e+00) (0, 0, 0.00000000000000000000e+00) (0, 0, 0.00000000000000000000e+00) (10, 6, 5.00000000000000000000e-01) (10, 6, 5.00000000000000000000e-01) (10, 6, 5.00000000000000000000e-01) (0, 6, 0.00000000000000000000e+00) (4, 4, 5.00000000000000000000e-01) (0, 4, 0.00000000000000000000e+00) 
connections (connected_to_neuron, weight)=(0, 2.40311108191511424437e+00) (1, -2.69677536914067106366e+00) (2, -2.45482250305692684123e+00) (3, 1.26078320329444193426e+00) (4, -4.60360849572228225668e-01) (5, 1.12236711500644359418e+00) (6, -2.52298854920916149069e+00) (7, 1.63751098725010679757e+00) (8, -6.10987714915858903808e-01) (9, 2.46949022670290307957e+00) (0, 2.43084717948934869725e+00) (1, -2.62396609762625532269e+00) (2, -2.52821440252344142863e+00) (3, 1.35691593152383593868e+00) (4, -4.02750486804055007894e-01) (5, 1.10701018689632091352e+00) (6, -2.49128416810087749411e+00) (7, 1.86351861605970636759e+00) (8, -5.18331959336387537718e-01) (9, 2.50296526809236841160e+00) (0, -1.16454183548732759235e+00) (1, 4.89424098158615816789e-01) (2, 4.58497838423182546563e+00) (3, -9.92477807894157293411e-01) (4, 5.31056483638518428414e-01) (5, 4.35392045423202478371e-01) (6, 4.14500364954744249246e+00) (7, 4.25177473044246467815e-01) (8, 2.19269487147861275034e+00) (9, -1.21623168379112289728e+00) (10, -5.86608934517512725648e+00) (11, -5.83854269351373122987e+00) (12, 3.59680625684358279415e+00) (13, -1.28507272736854294415e+00) 
