FANN_FLO_2.1
num_layers=3
learning_rate=0.700000
connection_rate=1.000000
network_type=0
learning_momentum=0.000000
training_algorithm=2
train_error_function=1
train_stop_function=1
cascade_output_change_fraction=0.010000
quickprop_decay=-0.000100
quickprop_mu=1.750000
rprop_increase_factor=1.200000
rprop_decrease_factor=0.500000
rprop_delta_min=0.000000
rprop_delta_max=50.000000
rprop_delta_zero=0.100000
cascade_output_stagnation_epochs=12
cascade_candidate_change_fraction=0.010000
cascade_candidate_stagnation_epochs=12
cascade_max_out_epochs=150
cascade_min_out_epochs=50
cascade_max_cand_epochs=150
cascade_min_cand_epochs=50
cascade_num_candidate_groups=2
bit_fail_limit=1.00000000000000005551e-01
cascade_candidate_limit=1.00000000000000000000e+03
cascade_weight_multiplier=4.00000000000000022204e-01
cascade_activation_functions_count=10
cascade_activation_functions=3 5 7 8 10 11 14 15 16 17 
cascade_activation_steepnesses_count=4
cascade_activation_steepnesses=2.50000000000000000000e-01 5.00000000000000000000e-01 7.50000000000000000000e-01 1.00000000000000000000e+00 
layer_sizes=11 4 2 
scale_included=0
neurons (num_inputs, activation_function, activation_steepness)=(0, 0, 0.00000000000000000000e+00) (0, 0, 0.00000000000000000000e+00) (0, 0, 0.00000000000000000000e+00) (0, 0, 0.00000000000000000000e+00) (0, 0, 0.00000000000000000000e+00) (0, 0, 0.00000000000000000000e+00) (0, 0, 0.00000000000000000000e+00) (0, 0, 0.00000000000000000000e+00) (0, 0, 0.00000000000000000000e+00) (0, 0, 0.00000000000000000000e+00) (0, 0, 0.00000000000000000000e+00) (11, 6, 5.00000000000000000000e-01) (11, 6, 5.00000000000000000000e-01) (11, 6, 5.00000000000000000000e-01) (0, 6, 0.00000000000000000000e+00) (4, 4, 5.00000000000000000000e-01) (0, 4, 0.00000000000000000000e+00) 
connections (connected_to_neuron, weight)=(0, 1.64878182115098037563e+00) (1, -5.11026302732491632952e+00) (2, -3.20187114605154832248e+00) (3, -2.71044609856531470982e+00) (4, 7.76042187881633704905e-01) (5, -6.46469854503048413363e+00) (6, -3.24932010181129449222e+00) (7, -4.16342808949527043438e+00) (8, -4.26607822211763032527e+00) (9, -1.13229670286529437995e+00) (10, 5.96433541523633614645e+00) (0, 2.89406685564558152635e+00) (1, -3.92452419405025088039e+00) (2, -2.40253420556862673507e+00) (3, -6.73712446424690858393e-01) (4, 2.68721291904398085215e-01) (5, -3.75778188753814124112e+00) (6, -3.61355333569568948349e+00) (7, -4.16105601834830540753e+00) (8, -2.23868600903274028724e+00) (9, -1.17723626181834117865e+00) (10, 4.05972577772528442352e+00) (0, -6.08856867881012675525e-01) (1, -3.77749470317285007681e+00) (2, -3.33218438231792291049e+00) (3, 3.51846223525652312958e-01) (4, 5.29466860406983763632e-01) (5, -3.05827067791982276646e+00) (6, -3.11974857026732621534e+00) (7, -4.27286490696248311139e+00) (8, -2.35890903575540988868e+00) (9, -1.03854634523742572760e+00) (10, 4.44135738615093433879e+00) (11, -4.34818235227364802142e+00) (12, -1.77868683459994603169e+00) (13, -9.19152794165428943529e+00) (14, -9.26276281523363276271e-01) 
