FANN_FLO_2.1
num_layers=3
learning_rate=0.700000
connection_rate=1.000000
network_type=0
learning_momentum=0.000000
training_algorithm=2
train_error_function=1
train_stop_function=1
cascade_output_change_fraction=0.010000
quickprop_decay=-0.000100
quickprop_mu=1.750000
rprop_increase_factor=1.200000
rprop_decrease_factor=0.500000
rprop_delta_min=0.000000
rprop_delta_max=50.000000
rprop_delta_zero=0.100000
cascade_output_stagnation_epochs=12
cascade_candidate_change_fraction=0.010000
cascade_candidate_stagnation_epochs=12
cascade_max_out_epochs=150
cascade_min_out_epochs=50
cascade_max_cand_epochs=150
cascade_min_cand_epochs=50
cascade_num_candidate_groups=2
bit_fail_limit=1.00000000000000005551e-01
cascade_candidate_limit=1.00000000000000000000e+03
cascade_weight_multiplier=4.00000000000000022204e-01
cascade_activation_functions_count=10
cascade_activation_functions=3 5 7 8 10 11 14 15 16 17 
cascade_activation_steepnesses_count=4
cascade_activation_steepnesses=2.50000000000000000000e-01 5.00000000000000000000e-01 7.50000000000000000000e-01 1.00000000000000000000e+00 
layer_sizes=14 4 2 
scale_included=0
neurons (num_inputs, activation_function, activation_steepness)=(0, 0, 0.00000000000000000000e+00) (0, 0, 0.00000000000000000000e+00) (0, 0, 0.00000000000000000000e+00) (0, 0, 0.00000000000000000000e+00) (0, 0, 0.00000000000000000000e+00) (0, 0, 0.00000000000000000000e+00) (0, 0, 0.00000000000000000000e+00) (0, 0, 0.00000000000000000000e+00) (0, 0, 0.00000000000000000000e+00) (0, 0, 0.00000000000000000000e+00) (0, 0, 0.00000000000000000000e+00) (0, 0, 0.00000000000000000000e+00) (0, 0, 0.00000000000000000000e+00) (0, 0, 0.00000000000000000000e+00) (14, 6, 5.00000000000000000000e-01) (14, 6, 5.00000000000000000000e-01) (14, 6, 5.00000000000000000000e-01) (0, 6, 0.00000000000000000000e+00) (4, 4, 5.00000000000000000000e-01) (0, 4, 0.00000000000000000000e+00) 
connections (connected_to_neuron, weight)=(0, 1.48267359308156065900e+00) (1, -1.73925201141329810461e+00) (2, -1.49194201383809854633e+00) (3, -6.47211442139041248645e-02) (4, 3.92001576447453370378e-01) (5, 3.69758388536103821398e-01) (6, -1.64540931060541906206e-01) (7, -1.93048452932790137737e+00) (8, -6.67517618353182018431e-01) (9, 2.13283066774876584049e+00) (10, 3.06787128923365326472e+00) (11, -3.64464559325820447455e-01) (12, 5.39461498732430877467e-01) (13, 1.60431596658381514509e+00) (0, 1.49494015447053008039e+00) (1, -1.72474468790980384192e+00) (2, -1.37391786579112817890e+00) (3, -1.32949828579653539506e-01) (4, 4.39271211349930634782e-01) (5, 3.36658387022145844103e-01) (6, 4.24761861288514008805e-01) (7, -1.88141549725488066436e+00) (8, -7.19308451826387584838e-01) (9, 2.25828072752030406534e+00) (10, 3.03420460773536415644e+00) (11, -3.78160998890048505316e-01) (12, 1.10062602041284329779e+00) (13, 1.56480850300940566022e+00) (0, -2.71335672619772538816e-01) (1, 4.04252963542723608992e-01) (2, 1.44993036552851184418e+00) (3, 3.02899783959305002323e-01) (4, 1.18187305335032258324e-01) (5, 1.74155896194621642725e-02) (6, 5.39827748453124006689e-02) (7, 1.79107040357922886464e+00) (8, -2.16802873894749656425e-02) (9, -2.00647936803970861064e-01) (10, -2.17697086776304393752e-01) (11, 1.62986838739649586572e-01) (12, 6.55339121728552020940e-02) (13, -2.78841760042143449461e-01) (14, -1.47946963673213467416e+01) (15, -1.47208544229844555673e+01) (16, 5.47225287253517933550e-01) (17, -1.93071956708290692895e+00) 
