FANN_FLO_2.1
num_layers=3
learning_rate=0.700000
connection_rate=1.000000
network_type=0
learning_momentum=0.000000
training_algorithm=2
train_error_function=1
train_stop_function=1
cascade_output_change_fraction=0.010000
quickprop_decay=-0.000100
quickprop_mu=1.750000
rprop_increase_factor=1.200000
rprop_decrease_factor=0.500000
rprop_delta_min=0.000000
rprop_delta_max=50.000000
rprop_delta_zero=0.100000
cascade_output_stagnation_epochs=12
cascade_candidate_change_fraction=0.010000
cascade_candidate_stagnation_epochs=12
cascade_max_out_epochs=150
cascade_min_out_epochs=50
cascade_max_cand_epochs=150
cascade_min_cand_epochs=50
cascade_num_candidate_groups=2
bit_fail_limit=1.00000000000000005551e-01
cascade_candidate_limit=1.00000000000000000000e+03
cascade_weight_multiplier=4.00000000000000022204e-01
cascade_activation_functions_count=10
cascade_activation_functions=3 5 7 8 10 11 14 15 16 17 
cascade_activation_steepnesses_count=4
cascade_activation_steepnesses=2.50000000000000000000e-01 5.00000000000000000000e-01 7.50000000000000000000e-01 1.00000000000000000000e+00 
layer_sizes=14 4 2 
scale_included=0
neurons (num_inputs, activation_function, activation_steepness)=(0, 0, 0.00000000000000000000e+00) (0, 0, 0.00000000000000000000e+00) (0, 0, 0.00000000000000000000e+00) (0, 0, 0.00000000000000000000e+00) (0, 0, 0.00000000000000000000e+00) (0, 0, 0.00000000000000000000e+00) (0, 0, 0.00000000000000000000e+00) (0, 0, 0.00000000000000000000e+00) (0, 0, 0.00000000000000000000e+00) (0, 0, 0.00000000000000000000e+00) (0, 0, 0.00000000000000000000e+00) (0, 0, 0.00000000000000000000e+00) (0, 0, 0.00000000000000000000e+00) (0, 0, 0.00000000000000000000e+00) (14, 6, 5.00000000000000000000e-01) (14, 6, 5.00000000000000000000e-01) (14, 6, 5.00000000000000000000e-01) (0, 6, 0.00000000000000000000e+00) (4, 4, 5.00000000000000000000e-01) (0, 4, 0.00000000000000000000e+00) 
connections (connected_to_neuron, weight)=(0, 1.13378557013530789632e+00) (1, -3.00899708989957259675e+00) (2, -3.02758510648910794671e+00) (3, -1.83595408433850293406e+00) (4, -1.13999686187889959221e+00) (5, -1.00322700115782903474e+00) (6, 4.14818230286919886751e-01) (7, -9.12649483925651705540e-01) (8, -6.18709549597264762966e-01) (9, -4.12754540419206117363e-01) (10, -2.88101257995339476992e-01) (11, 1.85867343996180633958e+00) (12, 1.61294116947491827929e+00) (13, 3.18798454745898895979e+00) (0, 1.12961030394211814354e+00) (1, -2.89501543316939757844e+00) (2, -3.05260465532247815545e+00) (3, -3.00030559275248931428e+00) (4, -2.41654115356291532279e+00) (5, -2.00404001498433376183e-01) (6, -9.09883631495067790595e-01) (7, -2.87902508949861024590e-01) (8, 2.10728726994847237464e-01) (9, -3.90343581413850282402e-01) (10, -1.67114185351542987590e+00) (11, 1.76992418770207504686e+00) (12, 1.02360141828629602756e+00) (13, 3.73042995882267414132e+00) (0, -2.52465647468213072457e+00) (1, 2.04078727178495711314e+00) (2, 2.48582777964020218420e+00) (3, 1.30157371920356723649e+00) (4, -4.06813455468566370632e-02) (5, -6.58806956025752898931e-01) (6, -5.85965040668769643339e-01) (7, 6.05413984064446908384e-01) (8, -3.68588474711950109253e-01) (9, 3.31342954504013631478e-01) (10, 1.59133405891525553377e-01) (11, -4.13193566082278795903e+00) (12, -1.70142107035107881252e+00) (13, -1.54872878697840721252e+00) (14, -5.56268939458784839047e+00) (15, -2.89409459407779134921e+00) (16, 3.12294572534950143350e+00) (17, -1.31634470780899803799e+00) 
