FANN_FLO_2.1
num_layers=3
learning_rate=0.700000
connection_rate=1.000000
network_type=0
learning_momentum=0.000000
training_algorithm=2
train_error_function=1
train_stop_function=1
cascade_output_change_fraction=0.010000
quickprop_decay=-0.000100
quickprop_mu=1.750000
rprop_increase_factor=1.200000
rprop_decrease_factor=0.500000
rprop_delta_min=0.000000
rprop_delta_max=50.000000
rprop_delta_zero=0.100000
cascade_output_stagnation_epochs=12
cascade_candidate_change_fraction=0.010000
cascade_candidate_stagnation_epochs=12
cascade_max_out_epochs=150
cascade_min_out_epochs=50
cascade_max_cand_epochs=150
cascade_min_cand_epochs=50
cascade_num_candidate_groups=2
bit_fail_limit=1.00000000000000005551e-01
cascade_candidate_limit=1.00000000000000000000e+03
cascade_weight_multiplier=4.00000000000000022204e-01
cascade_activation_functions_count=10
cascade_activation_functions=3 5 7 8 10 11 14 15 16 17 
cascade_activation_steepnesses_count=4
cascade_activation_steepnesses=2.50000000000000000000e-01 5.00000000000000000000e-01 7.50000000000000000000e-01 1.00000000000000000000e+00 
layer_sizes=10 4 2 
scale_included=0
neurons (num_inputs, activation_function, activation_steepness)=(0, 0, 0.00000000000000000000e+00) (0, 0, 0.00000000000000000000e+00) (0, 0, 0.00000000000000000000e+00) (0, 0, 0.00000000000000000000e+00) (0, 0, 0.00000000000000000000e+00) (0, 0, 0.00000000000000000000e+00) (0, 0, 0.00000000000000000000e+00) (0, 0, 0.00000000000000000000e+00) (0, 0, 0.00000000000000000000e+00) (0, 0, 0.00000000000000000000e+00) (10, 6, 5.00000000000000000000e-01) (10, 6, 5.00000000000000000000e-01) (10, 6, 5.00000000000000000000e-01) (0, 6, 0.00000000000000000000e+00) (4, 4, 5.00000000000000000000e-01) (0, 4, 0.00000000000000000000e+00) 
connections (connected_to_neuron, weight)=(0, -1.31895258462084963291e+00) (1, 1.27394196538464576918e+00) (2, 1.35382745015800631805e+00) (3, -5.73193095362213300703e-01) (4, 6.63519531334333834138e-01) (5, 1.17894027771177953290e-01) (6, 1.41580978399040757765e+00) (7, 5.96323341546225793586e-01) (8, -3.88463472889032879198e-01) (9, -1.24967389738215639561e+00) (0, -3.87708554744056466124e-01) (1, 8.09323545986943115871e-01) (2, 7.10166939106269490267e-01) (3, -1.04163113556048486652e-01) (4, 4.89702019510024511018e-01) (5, 2.55834027300958388729e-01) (6, 6.93710362896709842317e-01) (7, 4.50952702447042941269e-01) (8, 4.41236786176668338566e-02) (9, -4.28921418964198830626e-01) (0, -2.83748947974324039478e+00) (1, 2.17382538917753853625e+00) (2, 2.95858093973988012237e+00) (3, -1.65598604119938652701e+00) (4, 4.60240525246320364428e-01) (5, 6.97267600850733471063e-01) (6, 2.82364929985115820088e+00) (7, 5.52428543931114290899e-01) (8, -1.53629152467099672208e+00) (9, -2.18519953665987864966e+00) (10, 2.72841267139775611739e+00) (11, 6.08630602676919929550e-01) (12, 1.32741877831243311192e+01) (13, -1.96806443424929944364e+00) 
