FANN_FLO_2.1
num_layers=3
learning_rate=0.700000
connection_rate=1.000000
network_type=0
learning_momentum=0.000000
training_algorithm=2
train_error_function=1
train_stop_function=1
cascade_output_change_fraction=0.010000
quickprop_decay=-0.000100
quickprop_mu=1.750000
rprop_increase_factor=1.200000
rprop_decrease_factor=0.500000
rprop_delta_min=0.000000
rprop_delta_max=50.000000
rprop_delta_zero=0.100000
cascade_output_stagnation_epochs=12
cascade_candidate_change_fraction=0.010000
cascade_candidate_stagnation_epochs=12
cascade_max_out_epochs=150
cascade_min_out_epochs=50
cascade_max_cand_epochs=150
cascade_min_cand_epochs=50
cascade_num_candidate_groups=2
bit_fail_limit=1.00000000000000005551e-01
cascade_candidate_limit=1.00000000000000000000e+03
cascade_weight_multiplier=4.00000000000000022204e-01
cascade_activation_functions_count=10
cascade_activation_functions=3 5 7 8 10 11 14 15 16 17 
cascade_activation_steepnesses_count=4
cascade_activation_steepnesses=2.50000000000000000000e-01 5.00000000000000000000e-01 7.50000000000000000000e-01 1.00000000000000000000e+00 
layer_sizes=7 4 2 
scale_included=0
neurons (num_inputs, activation_function, activation_steepness)=(0, 0, 0.00000000000000000000e+00) (0, 0, 0.00000000000000000000e+00) (0, 0, 0.00000000000000000000e+00) (0, 0, 0.00000000000000000000e+00) (0, 0, 0.00000000000000000000e+00) (0, 0, 0.00000000000000000000e+00) (0, 0, 0.00000000000000000000e+00) (7, 6, 5.00000000000000000000e-01) (7, 6, 5.00000000000000000000e-01) (7, 6, 5.00000000000000000000e-01) (0, 6, 0.00000000000000000000e+00) (4, 4, 5.00000000000000000000e-01) (0, 4, 0.00000000000000000000e+00) 
connections (connected_to_neuron, weight)=(0, -4.01512284070100311517e-01) (1, 3.90893863181642053917e+00) (2, 1.59262629723223803069e-01) (3, 5.58477894997866375348e-02) (4, 2.50551043717956722912e-01) (5, 1.45176027729376921904e+00) (6, 2.51047834079842768773e-01) (0, -2.73199321077903922728e+00) (1, 2.24244267084606612173e+01) (2, -9.21361036204415562167e-03) (3, -5.78596342108579575481e-01) (4, 6.75687214107106082217e-01) (5, 9.27671524928655233388e-01) (6, 3.00553940221089388452e-02) (0, -2.85893931733211692503e+00) (1, 2.24412608780868971792e+01) (2, -2.04843083739607634275e-01) (3, -4.75855413577886576793e-01) (4, 6.23589711011240832583e-01) (5, 1.00234650378092760015e+00) (6, 1.33482766894938376101e-01) (7, 6.29102316400842020983e-01) (8, 2.24196026512392485586e+01) (9, 2.24282366075523817983e+01) (10, -2.74903654474497161075e-01) 
