FANN_FLO_2.1
num_layers=3
learning_rate=0.700000
connection_rate=1.000000
network_type=0
learning_momentum=0.000000
training_algorithm=2
train_error_function=1
train_stop_function=1
cascade_output_change_fraction=0.010000
quickprop_decay=-0.000100
quickprop_mu=1.750000
rprop_increase_factor=1.200000
rprop_decrease_factor=0.500000
rprop_delta_min=0.000000
rprop_delta_max=50.000000
rprop_delta_zero=0.100000
cascade_output_stagnation_epochs=12
cascade_candidate_change_fraction=0.010000
cascade_candidate_stagnation_epochs=12
cascade_max_out_epochs=150
cascade_min_out_epochs=50
cascade_max_cand_epochs=150
cascade_min_cand_epochs=50
cascade_num_candidate_groups=2
bit_fail_limit=1.00000000000000005551e-01
cascade_candidate_limit=1.00000000000000000000e+03
cascade_weight_multiplier=4.00000000000000022204e-01
cascade_activation_functions_count=10
cascade_activation_functions=3 5 7 8 10 11 14 15 16 17 
cascade_activation_steepnesses_count=4
cascade_activation_steepnesses=2.50000000000000000000e-01 5.00000000000000000000e-01 7.50000000000000000000e-01 1.00000000000000000000e+00 
layer_sizes=14 4 2 
scale_included=0
neurons (num_inputs, activation_function, activation_steepness)=(0, 0, 0.00000000000000000000e+00) (0, 0, 0.00000000000000000000e+00) (0, 0, 0.00000000000000000000e+00) (0, 0, 0.00000000000000000000e+00) (0, 0, 0.00000000000000000000e+00) (0, 0, 0.00000000000000000000e+00) (0, 0, 0.00000000000000000000e+00) (0, 0, 0.00000000000000000000e+00) (0, 0, 0.00000000000000000000e+00) (0, 0, 0.00000000000000000000e+00) (0, 0, 0.00000000000000000000e+00) (0, 0, 0.00000000000000000000e+00) (0, 0, 0.00000000000000000000e+00) (0, 0, 0.00000000000000000000e+00) (14, 6, 5.00000000000000000000e-01) (14, 6, 5.00000000000000000000e-01) (14, 6, 5.00000000000000000000e-01) (0, 6, 0.00000000000000000000e+00) (4, 4, 5.00000000000000000000e-01) (0, 4, 0.00000000000000000000e+00) 
connections (connected_to_neuron, weight)=(0, 7.68426077413331687360e-01) (1, 7.58984530687538794247e-01) (2, 1.32391836002808083173e+00) (3, 6.89577730523239340599e-01) (4, 5.67923737263206995785e-01) (5, 1.20002029406215804386e+00) (6, 5.35198778204047376228e-01) (7, 5.52683560455195843630e-01) (8, 1.29710869676546813878e+00) (9, 1.09929705263665300485e+00) (10, 1.50392796079463741954e+00) (11, 1.35830141171752183382e+00) (12, 1.55641593540090328318e+00) (13, -8.31766002891572320266e-01) (0, 1.93650855144699240995e+00) (1, 2.00580179111973722073e+00) (2, 1.19237414666795937812e+00) (3, 1.96044488478886469451e+00) (4, -6.46440271733740856597e-02) (5, 2.00243266779953943413e+00) (6, -1.52131138733267279317e-01) (7, 1.27823392888385645172e+00) (8, 2.08342943099190502920e+00) (9, 1.99751588065212004608e+00) (10, 2.04443400252204154910e+00) (11, 2.06691029145883486962e+00) (12, 2.05092816234453279023e+00) (13, -2.01126081485168395346e+00) (0, 2.34989045875066526747e+00) (1, 1.23792433941811719222e+00) (2, 5.30339758144428352615e-01) (3, 1.36002149531090221757e+00) (4, 1.12325426875292522233e+00) (5, 6.32079780167133620239e-01) (6, 1.07617844663342543399e+00) (7, 6.40830086036077384293e-01) (8, 1.11261223101303441396e+00) (9, 1.07563455123618356701e+00) (10, 9.99263358313221328189e-01) (11, 1.07101136990076750699e+00) (12, 7.95139741981429004625e-01) (13, -1.78536745735193758122e+00) (14, 4.05215181154824222176e+00) (15, 6.49291128295929951264e+01) (16, 4.28292326518718713402e+00) (17, -2.25616644693334933436e+00) 
