FANN_FLO_2.1
num_layers=3
learning_rate=0.700000
connection_rate=1.000000
network_type=0
learning_momentum=0.000000
training_algorithm=2
train_error_function=1
train_stop_function=1
cascade_output_change_fraction=0.010000
quickprop_decay=-0.000100
quickprop_mu=1.750000
rprop_increase_factor=1.200000
rprop_decrease_factor=0.500000
rprop_delta_min=0.000000
rprop_delta_max=50.000000
rprop_delta_zero=0.100000
cascade_output_stagnation_epochs=12
cascade_candidate_change_fraction=0.010000
cascade_candidate_stagnation_epochs=12
cascade_max_out_epochs=150
cascade_min_out_epochs=50
cascade_max_cand_epochs=150
cascade_min_cand_epochs=50
cascade_num_candidate_groups=2
bit_fail_limit=1.00000000000000005551e-01
cascade_candidate_limit=1.00000000000000000000e+03
cascade_weight_multiplier=4.00000000000000022204e-01
cascade_activation_functions_count=10
cascade_activation_functions=3 5 7 8 10 11 14 15 16 17 
cascade_activation_steepnesses_count=4
cascade_activation_steepnesses=2.50000000000000000000e-01 5.00000000000000000000e-01 7.50000000000000000000e-01 1.00000000000000000000e+00 
layer_sizes=10 4 2 
scale_included=0
neurons (num_inputs, activation_function, activation_steepness)=(0, 0, 0.00000000000000000000e+00) (0, 0, 0.00000000000000000000e+00) (0, 0, 0.00000000000000000000e+00) (0, 0, 0.00000000000000000000e+00) (0, 0, 0.00000000000000000000e+00) (0, 0, 0.00000000000000000000e+00) (0, 0, 0.00000000000000000000e+00) (0, 0, 0.00000000000000000000e+00) (0, 0, 0.00000000000000000000e+00) (0, 0, 0.00000000000000000000e+00) (10, 6, 5.00000000000000000000e-01) (10, 6, 5.00000000000000000000e-01) (10, 6, 5.00000000000000000000e-01) (0, 6, 0.00000000000000000000e+00) (4, 4, 5.00000000000000000000e-01) (0, 4, 0.00000000000000000000e+00) 
connections (connected_to_neuron, weight)=(0, 6.34041205004749475194e-01) (1, -1.24258947741401515330e+00) (2, -8.22560503642098206356e-01) (3, -1.85917825061384522911e+00) (4, -9.73994227654133348793e-01) (5, 4.39544656787741416792e+00) (6, -1.82008175768921773852e+01) (7, -9.73991206935447828563e-01) (8, -1.32045572276383937904e+00) (9, 1.61327303132845134570e+00) (0, -2.73232164269015287417e+00) (1, 3.31913787005099436556e+00) (2, 1.71054597680393793979e+00) (3, 1.92860560287365623289e+00) (4, 2.78882688813298385000e+00) (5, 3.70768268767234099315e+00) (6, 1.30504832554474092809e+00) (7, -1.55235419157149290292e+00) (8, 1.49312770845431441735e+00) (9, -3.57087386632328440683e+00) (0, 6.47137958999623452705e-01) (1, -1.25610241662872157420e+00) (2, -1.00218370761280106684e+00) (3, -1.98078565481606805321e+00) (4, -8.97622669643555082253e-01) (5, 4.62206383037336188124e+00) (6, -1.81098391854236524523e+01) (7, -1.37419481469794046991e-01) (8, -6.44922510852078412213e-01) (9, 1.83244509046217829429e+00) (10, -2.58063529927786783347e+00) (11, 6.89341095360510358603e+00) (12, -2.57937757421788171897e+00) (13, -2.46177119075606887222e+00) 
