FANN_FLO_2.1
num_layers=3
learning_rate=0.700000
connection_rate=1.000000
network_type=0
learning_momentum=0.000000
training_algorithm=2
train_error_function=1
train_stop_function=1
cascade_output_change_fraction=0.010000
quickprop_decay=-0.000100
quickprop_mu=1.750000
rprop_increase_factor=1.200000
rprop_decrease_factor=0.500000
rprop_delta_min=0.000000
rprop_delta_max=50.000000
rprop_delta_zero=0.100000
cascade_output_stagnation_epochs=12
cascade_candidate_change_fraction=0.010000
cascade_candidate_stagnation_epochs=12
cascade_max_out_epochs=150
cascade_min_out_epochs=50
cascade_max_cand_epochs=150
cascade_min_cand_epochs=50
cascade_num_candidate_groups=2
bit_fail_limit=1.00000000000000005551e-01
cascade_candidate_limit=1.00000000000000000000e+03
cascade_weight_multiplier=4.00000000000000022204e-01
cascade_activation_functions_count=10
cascade_activation_functions=3 5 7 8 10 11 14 15 16 17 
cascade_activation_steepnesses_count=4
cascade_activation_steepnesses=2.50000000000000000000e-01 5.00000000000000000000e-01 7.50000000000000000000e-01 1.00000000000000000000e+00 
layer_sizes=7 4 2 
scale_included=0
neurons (num_inputs, activation_function, activation_steepness)=(0, 0, 0.00000000000000000000e+00) (0, 0, 0.00000000000000000000e+00) (0, 0, 0.00000000000000000000e+00) (0, 0, 0.00000000000000000000e+00) (0, 0, 0.00000000000000000000e+00) (0, 0, 0.00000000000000000000e+00) (0, 0, 0.00000000000000000000e+00) (7, 6, 5.00000000000000000000e-01) (7, 6, 5.00000000000000000000e-01) (7, 6, 5.00000000000000000000e-01) (0, 6, 0.00000000000000000000e+00) (4, 4, 5.00000000000000000000e-01) (0, 4, 0.00000000000000000000e+00) 
connections (connected_to_neuron, weight)=(0, 9.78106740572279420576e+00) (1, -2.75569116987194773216e+00) (2, -8.83235027950939000085e-01) (3, 2.00996977845906332760e+00) (4, 1.50000000000000000000e+03) (5, -8.93376175400840910612e-01) (6, -1.04719505237323123881e-01) (0, -1.88384853472963165189e+01) (1, 1.93487857525613122789e+01) (2, 5.78637382758992790954e-01) (3, 2.00615720243623307795e+00) (4, 1.50000000000000000000e+03) (5, 8.74876985726000921950e-01) (6, -1.67514749635572157693e+00) (0, 1.50000000000000000000e+03) (1, 2.38893644085133161070e+00) (2, 1.09434858800251049615e+02) (3, 3.90124461850895332127e-01) (4, 1.50000000000000000000e+03) (5, 1.55817120431354938503e+00) (6, 3.16823655552495893062e+01) (7, 2.76453509788152054227e+01) (8, 1.29842916091890963060e+01) (9, -1.32466510140207738289e+01) (10, -5.46936880003011083318e+00) 
