FANN_FLO_2.1
num_layers=3
learning_rate=0.700000
connection_rate=1.000000
network_type=0
learning_momentum=0.000000
training_algorithm=2
train_error_function=1
train_stop_function=1
cascade_output_change_fraction=0.010000
quickprop_decay=-0.000100
quickprop_mu=1.750000
rprop_increase_factor=1.200000
rprop_decrease_factor=0.500000
rprop_delta_min=0.000000
rprop_delta_max=50.000000
rprop_delta_zero=0.100000
cascade_output_stagnation_epochs=12
cascade_candidate_change_fraction=0.010000
cascade_candidate_stagnation_epochs=12
cascade_max_out_epochs=150
cascade_min_out_epochs=50
cascade_max_cand_epochs=150
cascade_min_cand_epochs=50
cascade_num_candidate_groups=2
bit_fail_limit=1.00000000000000005551e-01
cascade_candidate_limit=1.00000000000000000000e+03
cascade_weight_multiplier=4.00000000000000022204e-01
cascade_activation_functions_count=10
cascade_activation_functions=3 5 7 8 10 11 14 15 16 17 
cascade_activation_steepnesses_count=4
cascade_activation_steepnesses=2.50000000000000000000e-01 5.00000000000000000000e-01 7.50000000000000000000e-01 1.00000000000000000000e+00 
layer_sizes=6 4 2 
scale_included=0
neurons (num_inputs, activation_function, activation_steepness)=(0, 0, 0.00000000000000000000e+00) (0, 0, 0.00000000000000000000e+00) (0, 0, 0.00000000000000000000e+00) (0, 0, 0.00000000000000000000e+00) (0, 0, 0.00000000000000000000e+00) (0, 0, 0.00000000000000000000e+00) (6, 6, 5.00000000000000000000e-01) (6, 6, 5.00000000000000000000e-01) (6, 6, 5.00000000000000000000e-01) (0, 6, 0.00000000000000000000e+00) (4, 4, 5.00000000000000000000e-01) (0, 4, 0.00000000000000000000e+00) 
connections (connected_to_neuron, weight)=(0, -4.20048391070548532422e-02) (1, 8.77693780889286845337e-01) (2, 2.21567449832987539704e-01) (3, 9.80929126467055406691e-02) (4, 9.08189530796469079998e-02) (5, -1.38427649312554967853e-02) (0, 2.37724230316221740722e+00) (1, -3.21164541710651185724e+00) (2, -7.88138585318838291727e-01) (3, 4.33831611116535342809e-01) (4, 4.30918702324039615270e-01) (5, 2.36251447227537658691e+00) (0, -1.46586510166751149420e+00) (1, 2.99692727001434722212e+00) (2, 1.18062283168333737038e+00) (3, 2.83740509376542771047e-01) (4, -1.87057074500711573162e-01) (5, -1.51209532842265370611e+00) (6, 3.01395874035017885539e-01) (7, -5.77279158403093717311e+00) (8, 6.36695763475894249694e+00) (9, -1.34625557289047792509e+00) 
