FANN_FLO_2.1
num_layers=3
learning_rate=0.700000
connection_rate=1.000000
network_type=0
learning_momentum=0.000000
training_algorithm=2
train_error_function=1
train_stop_function=1
cascade_output_change_fraction=0.010000
quickprop_decay=-0.000100
quickprop_mu=1.750000
rprop_increase_factor=1.200000
rprop_decrease_factor=0.500000
rprop_delta_min=0.000000
rprop_delta_max=50.000000
rprop_delta_zero=0.100000
cascade_output_stagnation_epochs=12
cascade_candidate_change_fraction=0.010000
cascade_candidate_stagnation_epochs=12
cascade_max_out_epochs=150
cascade_min_out_epochs=50
cascade_max_cand_epochs=150
cascade_min_cand_epochs=50
cascade_num_candidate_groups=2
bit_fail_limit=1.00000000000000005551e-01
cascade_candidate_limit=1.00000000000000000000e+03
cascade_weight_multiplier=4.00000000000000022204e-01
cascade_activation_functions_count=10
cascade_activation_functions=3 5 7 8 10 11 14 15 16 17 
cascade_activation_steepnesses_count=4
cascade_activation_steepnesses=2.50000000000000000000e-01 5.00000000000000000000e-01 7.50000000000000000000e-01 1.00000000000000000000e+00 
layer_sizes=16 4 2 
scale_included=0
neurons (num_inputs, activation_function, activation_steepness)=(0, 0, 0.00000000000000000000e+00) (0, 0, 0.00000000000000000000e+00) (0, 0, 0.00000000000000000000e+00) (0, 0, 0.00000000000000000000e+00) (0, 0, 0.00000000000000000000e+00) (0, 0, 0.00000000000000000000e+00) (0, 0, 0.00000000000000000000e+00) (0, 0, 0.00000000000000000000e+00) (0, 0, 0.00000000000000000000e+00) (0, 0, 0.00000000000000000000e+00) (0, 0, 0.00000000000000000000e+00) (0, 0, 0.00000000000000000000e+00) (0, 0, 0.00000000000000000000e+00) (0, 0, 0.00000000000000000000e+00) (0, 0, 0.00000000000000000000e+00) (0, 0, 0.00000000000000000000e+00) (16, 6, 5.00000000000000000000e-01) (16, 6, 5.00000000000000000000e-01) (16, 6, 5.00000000000000000000e-01) (0, 6, 0.00000000000000000000e+00) (4, 4, 5.00000000000000000000e-01) (0, 4, 0.00000000000000000000e+00) 
connections (connected_to_neuron, weight)=(0, -1.34653434619815937090e+00) (1, 5.70218535650171776119e-01) (2, 3.12732819020267838184e-01) (3, 1.38465445041176110630e-01) (4, 3.98045660685734763173e-03) (5, -4.52180169535410375614e-02) (6, -4.07503489440375010755e-01) (7, 3.90057455060416835568e-01) (8, 1.56588006317135125522e-01) (9, 3.83600908574992793820e-01) (10, 5.09348951581942888112e+00) (11, 2.39329469327919264199e-01) (12, 5.22157506201493593068e+00) (13, 5.08755833212363572926e+00) (14, 5.21840807352292390675e+00) (15, 6.12543224176673173353e-02) (0, -3.99529970918279397907e+00) (1, 1.62929593219015300676e+00) (2, 1.04385601457379539880e+00) (3, 9.60169111454708290587e-01) (4, 5.06610021584527392413e-01) (5, -1.05594527352285294519e+00) (6, -1.00332641232442765222e+00) (7, 1.34353355100040428027e+00) (8, 9.01057777071220589171e-01) (9, 9.02525779867393684874e-01) (10, 1.27719411994802758414e+01) (11, 1.03691007390602529803e+00) (12, 1.26786262537824914176e+01) (13, 1.26239580656873986442e+01) (14, 1.27951675947296426017e+01) (15, -7.73033588144419581134e-01) (0, -3.97932241592984903278e+00) (1, 1.69432223035547435686e+00) (2, 8.95811875426990700255e-01) (3, 9.11508758628589821349e-01) (4, 4.30500835769669965014e-01) (5, -1.12481082606744675623e+00) (6, -1.05591857064199357019e+00) (7, 1.28883994524960510120e+00) (8, 1.03867561098359306726e+00) (9, 8.79725781345588875304e-01) (10, 1.27621574993717477042e+01) (11, 1.03384424939735830584e+00) (12, 1.26767924647319123466e+01) (13, 1.27540352489340111930e+01) (14, 1.28115457143175408561e+01) (15, -7.70701884243128687579e-01) (16, 2.02048203184186314640e-01) (17, 1.27797670956241891105e+01) (18, 1.27167657013523385245e+01) (19, -3.68472999115476318455e-01) 
