FANN_FLO_2.1
num_layers=3
learning_rate=0.700000
connection_rate=1.000000
network_type=0
learning_momentum=0.000000
training_algorithm=2
train_error_function=1
train_stop_function=1
cascade_output_change_fraction=0.010000
quickprop_decay=-0.000100
quickprop_mu=1.750000
rprop_increase_factor=1.200000
rprop_decrease_factor=0.500000
rprop_delta_min=0.000000
rprop_delta_max=50.000000
rprop_delta_zero=0.100000
cascade_output_stagnation_epochs=12
cascade_candidate_change_fraction=0.010000
cascade_candidate_stagnation_epochs=12
cascade_max_out_epochs=150
cascade_min_out_epochs=50
cascade_max_cand_epochs=150
cascade_min_cand_epochs=50
cascade_num_candidate_groups=2
bit_fail_limit=1.00000000000000005551e-01
cascade_candidate_limit=1.00000000000000000000e+03
cascade_weight_multiplier=4.00000000000000022204e-01
cascade_activation_functions_count=10
cascade_activation_functions=3 5 7 8 10 11 14 15 16 17 
cascade_activation_steepnesses_count=4
cascade_activation_steepnesses=2.50000000000000000000e-01 5.00000000000000000000e-01 7.50000000000000000000e-01 1.00000000000000000000e+00 
layer_sizes=6 4 2 
scale_included=0
neurons (num_inputs, activation_function, activation_steepness)=(0, 0, 0.00000000000000000000e+00) (0, 0, 0.00000000000000000000e+00) (0, 0, 0.00000000000000000000e+00) (0, 0, 0.00000000000000000000e+00) (0, 0, 0.00000000000000000000e+00) (0, 0, 0.00000000000000000000e+00) (6, 6, 5.00000000000000000000e-01) (6, 6, 5.00000000000000000000e-01) (6, 6, 5.00000000000000000000e-01) (0, 6, 0.00000000000000000000e+00) (4, 4, 5.00000000000000000000e-01) (0, 4, 0.00000000000000000000e+00) 
connections (connected_to_neuron, weight)=(0, -5.06256344876939157196e-01) (1, -1.01872089166169285668e-01) (2, 4.22036579643430970199e-02) (3, -6.50558505043001211732e+00) (4, -3.19032537793103448953e-02) (5, 2.61112073049469040065e-01) (0, 1.79464356665723717699e-01) (1, -1.11040309201008713380e+00) (2, 2.78864972703906532914e-01) (3, -5.78917304334358284734e-01) (4, -8.64985117349040932844e-01) (5, 6.42572485385504266198e-01) (0, 4.14312997813194705543e+00) (1, 3.64400800688902837265e+00) (2, 4.73239239034437597642e-01) (3, 2.47810505160015281945e+00) (4, 3.67456419599382089203e+00) (5, -5.02751925048595005308e+00) (6, -1.42569244114237519971e-01) (7, -8.26518917940213593276e-01) (8, 1.29134891000634990377e+01) (9, -1.34588786290455897365e+00) 
