FANN_FLO_2.1
num_layers=3
learning_rate=0.700000
connection_rate=1.000000
network_type=0
learning_momentum=0.000000
training_algorithm=2
train_error_function=1
train_stop_function=1
cascade_output_change_fraction=0.010000
quickprop_decay=-0.000100
quickprop_mu=1.750000
rprop_increase_factor=1.200000
rprop_decrease_factor=0.500000
rprop_delta_min=0.000000
rprop_delta_max=50.000000
rprop_delta_zero=0.100000
cascade_output_stagnation_epochs=12
cascade_candidate_change_fraction=0.010000
cascade_candidate_stagnation_epochs=12
cascade_max_out_epochs=150
cascade_min_out_epochs=50
cascade_max_cand_epochs=150
cascade_min_cand_epochs=50
cascade_num_candidate_groups=2
bit_fail_limit=1.00000000000000005551e-01
cascade_candidate_limit=1.00000000000000000000e+03
cascade_weight_multiplier=4.00000000000000022204e-01
cascade_activation_functions_count=10
cascade_activation_functions=3 5 7 8 10 11 14 15 16 17 
cascade_activation_steepnesses_count=4
cascade_activation_steepnesses=2.50000000000000000000e-01 5.00000000000000000000e-01 7.50000000000000000000e-01 1.00000000000000000000e+00 
layer_sizes=8 4 2 
scale_included=0
neurons (num_inputs, activation_function, activation_steepness)=(0, 0, 0.00000000000000000000e+00) (0, 0, 0.00000000000000000000e+00) (0, 0, 0.00000000000000000000e+00) (0, 0, 0.00000000000000000000e+00) (0, 0, 0.00000000000000000000e+00) (0, 0, 0.00000000000000000000e+00) (0, 0, 0.00000000000000000000e+00) (0, 0, 0.00000000000000000000e+00) (8, 6, 5.00000000000000000000e-01) (8, 6, 5.00000000000000000000e-01) (8, 6, 5.00000000000000000000e-01) (0, 6, 0.00000000000000000000e+00) (4, 4, 5.00000000000000000000e-01) (0, 4, 0.00000000000000000000e+00) 
connections (connected_to_neuron, weight)=(0, -2.15367891120773036207e+00) (1, 8.57383121914883084003e-01) (2, 3.49236697952248809074e+00) (3, 2.62936312728841148356e+00) (4, 2.02971817419154065831e+00) (5, 2.87132106159907085630e-01) (6, 1.03801964609275945151e+01) (7, -3.46438661080218990307e+00) (0, 5.64066394271064819321e+00) (1, -4.75588386698631282457e+00) (2, -9.60705115635698159160e-01) (3, -1.74141392414816920109e+00) (4, -6.48696191608956329588e+00) (5, 3.79859644984815014723e+00) (6, 2.54947771829625594364e+02) (7, 6.00640284106442479128e+00) (0, -1.46334091216580475248e+00) (1, 6.69619948236708673051e-01) (2, 5.54181507135358297766e-01) (3, 2.26584667682043905401e+00) (4, 8.03987764980134933523e+00) (5, 9.47741758939243972293e+00) (6, -1.38948813818114995655e+01) (7, -1.92652070831713739807e+00) (8, 8.95396297792175666075e+00) (9, -5.12203089450878934485e+00) (10, 5.35865435133540657375e+00) (11, -1.39174171913218969188e+00) 
