FANN_FLO_2.1
num_layers=3
learning_rate=0.700000
connection_rate=1.000000
network_type=0
learning_momentum=0.000000
training_algorithm=2
train_error_function=1
train_stop_function=1
cascade_output_change_fraction=0.010000
quickprop_decay=-0.000100
quickprop_mu=1.750000
rprop_increase_factor=1.200000
rprop_decrease_factor=0.500000
rprop_delta_min=0.000000
rprop_delta_max=50.000000
rprop_delta_zero=0.100000
cascade_output_stagnation_epochs=12
cascade_candidate_change_fraction=0.010000
cascade_candidate_stagnation_epochs=12
cascade_max_out_epochs=150
cascade_min_out_epochs=50
cascade_max_cand_epochs=150
cascade_min_cand_epochs=50
cascade_num_candidate_groups=2
bit_fail_limit=1.00000000000000005551e-01
cascade_candidate_limit=1.00000000000000000000e+03
cascade_weight_multiplier=4.00000000000000022204e-01
cascade_activation_functions_count=10
cascade_activation_functions=3 5 7 8 10 11 14 15 16 17 
cascade_activation_steepnesses_count=4
cascade_activation_steepnesses=2.50000000000000000000e-01 5.00000000000000000000e-01 7.50000000000000000000e-01 1.00000000000000000000e+00 
layer_sizes=13 4 2 
scale_included=0
neurons (num_inputs, activation_function, activation_steepness)=(0, 0, 0.00000000000000000000e+00) (0, 0, 0.00000000000000000000e+00) (0, 0, 0.00000000000000000000e+00) (0, 0, 0.00000000000000000000e+00) (0, 0, 0.00000000000000000000e+00) (0, 0, 0.00000000000000000000e+00) (0, 0, 0.00000000000000000000e+00) (0, 0, 0.00000000000000000000e+00) (0, 0, 0.00000000000000000000e+00) (0, 0, 0.00000000000000000000e+00) (0, 0, 0.00000000000000000000e+00) (0, 0, 0.00000000000000000000e+00) (0, 0, 0.00000000000000000000e+00) (13, 6, 5.00000000000000000000e-01) (13, 6, 5.00000000000000000000e-01) (13, 6, 5.00000000000000000000e-01) (0, 6, 0.00000000000000000000e+00) (4, 4, 5.00000000000000000000e-01) (0, 4, 0.00000000000000000000e+00) 
connections (connected_to_neuron, weight)=(0, 2.53936083946501867104e+00) (1, -2.35855672999465593165e+00) (2, -3.21640696064095710227e+00) (3, -7.59355900097865021969e-01) (4, 2.02712108289261161431e+00) (5, 4.27388028720400159344e-02) (6, 2.04115907942314445123e+00) (7, -2.98051389253099552334e+00) (8, 2.39861831526487101485e+00) (9, -1.18234896439757330988e+00) (10, -1.16344138759818060969e+00) (11, -5.66254196718447233572e-01) (12, 2.43326054845130146376e+00) (0, 2.45874473784243763319e+00) (1, -2.25577636566573991317e+00) (2, -3.21329734907012198875e+00) (3, -6.08626847375411395014e-01) (4, 2.08194661234874978106e+00) (5, 5.31186835387728040203e-02) (6, 9.16266608583569008850e-01) (7, -2.92423328703601947964e+00) (8, 2.35022753189533029072e+00) (9, -1.19302883524146063898e+00) (10, -1.27084056067910178278e+00) (11, -5.99774016097300077810e-01) (12, 2.43434173200404346815e+00) (0, 4.18100926518014337496e-01) (1, -5.42748581152166953423e-01) (2, -1.34252249469638407220e+00) (3, -4.64590861075317607121e-01) (4, 1.00707031325240878306e-01) (5, -9.01376320198773450798e-02) (6, -4.80579820043760153059e-01) (7, -1.30538855991437507953e+00) (8, 4.39103865937662873886e-01) (9, -3.36494047032519061347e-01) (10, -4.32017873810454200445e-01) (11, -3.14618569098982170384e-01) (12, 2.89290088773332454419e-01) (13, -1.01439717423043624933e+01) (14, -1.01074718732259647425e+01) (15, -4.96747621671761951934e-01) (16, -1.43853169806810443632e+00) 
