FANN_FLO_2.1
num_layers=3
learning_rate=0.700000
connection_rate=1.000000
network_type=0
learning_momentum=0.000000
training_algorithm=2
train_error_function=1
train_stop_function=1
cascade_output_change_fraction=0.010000
quickprop_decay=-0.000100
quickprop_mu=1.750000
rprop_increase_factor=1.200000
rprop_decrease_factor=0.500000
rprop_delta_min=0.000000
rprop_delta_max=50.000000
rprop_delta_zero=0.100000
cascade_output_stagnation_epochs=12
cascade_candidate_change_fraction=0.010000
cascade_candidate_stagnation_epochs=12
cascade_max_out_epochs=150
cascade_min_out_epochs=50
cascade_max_cand_epochs=150
cascade_min_cand_epochs=50
cascade_num_candidate_groups=2
bit_fail_limit=1.00000000000000005551e-01
cascade_candidate_limit=1.00000000000000000000e+03
cascade_weight_multiplier=4.00000000000000022204e-01
cascade_activation_functions_count=10
cascade_activation_functions=3 5 7 8 10 11 14 15 16 17 
cascade_activation_steepnesses_count=4
cascade_activation_steepnesses=2.50000000000000000000e-01 5.00000000000000000000e-01 7.50000000000000000000e-01 1.00000000000000000000e+00 
layer_sizes=6 4 2 
scale_included=0
neurons (num_inputs, activation_function, activation_steepness)=(0, 0, 0.00000000000000000000e+00) (0, 0, 0.00000000000000000000e+00) (0, 0, 0.00000000000000000000e+00) (0, 0, 0.00000000000000000000e+00) (0, 0, 0.00000000000000000000e+00) (0, 0, 0.00000000000000000000e+00) (6, 6, 5.00000000000000000000e-01) (6, 6, 5.00000000000000000000e-01) (6, 6, 5.00000000000000000000e-01) (0, 6, 0.00000000000000000000e+00) (4, 4, 5.00000000000000000000e-01) (0, 4, 0.00000000000000000000e+00) 
connections (connected_to_neuron, weight)=(0, -4.32219918528806346103e+00) (1, 1.83891086211762755376e+00) (2, 4.34880700763401573106e-01) (3, 1.13204505550110678946e+00) (4, 3.12624190285758185581e+00) (5, -1.63262076678753209613e+00) (0, 7.59518426053483430849e+00) (1, -2.38923595611386563320e+00) (2, -2.76549957942776147846e-01) (3, -3.16982219773915518957e+00) (4, -2.81227536759521834497e+00) (5, 3.90575187451368144309e+00) (0, -2.13368590024581550324e+00) (1, 1.86152449181638046660e+00) (2, 4.34380707200703208848e-01) (3, 1.22004276769602637565e+00) (4, 1.57746720772515125475e+00) (5, -1.91437506691472614229e+00) (6, 6.59680722009333919686e+00) (7, -8.03174042283086531135e-01) (8, 6.62887784194144558114e+00) (9, -8.55265490253588112068e-01) 
