FANN_FLO_2.1
num_layers=3
learning_rate=0.700000
connection_rate=1.000000
network_type=0
learning_momentum=0.000000
training_algorithm=2
train_error_function=1
train_stop_function=1
cascade_output_change_fraction=0.010000
quickprop_decay=-0.000100
quickprop_mu=1.750000
rprop_increase_factor=1.200000
rprop_decrease_factor=0.500000
rprop_delta_min=0.000000
rprop_delta_max=50.000000
rprop_delta_zero=0.100000
cascade_output_stagnation_epochs=12
cascade_candidate_change_fraction=0.010000
cascade_candidate_stagnation_epochs=12
cascade_max_out_epochs=150
cascade_min_out_epochs=50
cascade_max_cand_epochs=150
cascade_min_cand_epochs=50
cascade_num_candidate_groups=2
bit_fail_limit=1.00000000000000005551e-01
cascade_candidate_limit=1.00000000000000000000e+03
cascade_weight_multiplier=4.00000000000000022204e-01
cascade_activation_functions_count=10
cascade_activation_functions=3 5 7 8 10 11 14 15 16 17 
cascade_activation_steepnesses_count=4
cascade_activation_steepnesses=2.50000000000000000000e-01 5.00000000000000000000e-01 7.50000000000000000000e-01 1.00000000000000000000e+00 
layer_sizes=10 4 2 
scale_included=0
neurons (num_inputs, activation_function, activation_steepness)=(0, 0, 0.00000000000000000000e+00) (0, 0, 0.00000000000000000000e+00) (0, 0, 0.00000000000000000000e+00) (0, 0, 0.00000000000000000000e+00) (0, 0, 0.00000000000000000000e+00) (0, 0, 0.00000000000000000000e+00) (0, 0, 0.00000000000000000000e+00) (0, 0, 0.00000000000000000000e+00) (0, 0, 0.00000000000000000000e+00) (0, 0, 0.00000000000000000000e+00) (10, 6, 5.00000000000000000000e-01) (10, 6, 5.00000000000000000000e-01) (10, 6, 5.00000000000000000000e-01) (0, 6, 0.00000000000000000000e+00) (4, 4, 5.00000000000000000000e-01) (0, 4, 0.00000000000000000000e+00) 
connections (connected_to_neuron, weight)=(0, -1.77452815593503210323e+00) (1, 1.09843987954733290913e+00) (2, 1.25007879288343026758e+00) (3, -1.96640519372783018071e+00) (4, 1.11031480091712020375e+00) (5, 1.02004366887632436089e+00) (6, -1.85712727730991566943e+00) (7, 6.14943971416909747063e+01) (8, -1.93697359007335312420e+00) (9, -3.62722295180571030482e-01) (0, -1.81165976346753332393e+00) (1, 1.16370709223625579121e+00) (2, 1.28723368720558717371e+00) (3, -2.02516657434068036991e+00) (4, 1.15985543984076522328e+00) (5, 1.10203874258223577520e+00) (6, -1.94770650392295996411e+00) (7, 6.13697072497565798699e+01) (8, -1.79068291899300224834e+00) (9, -6.87975844289439142365e-01) (0, -1.88534617574237106652e+00) (1, 1.18282198715088360252e+00) (2, 1.27524823820737465141e+00) (3, -2.51569732155829173248e-01) (4, 3.28756772668851338093e-01) (5, 1.25390306585149025054e+00) (6, -3.56054562739805291471e-01) (7, 6.14338642794926315105e+01) (8, -1.78409017772696731896e+00) (9, -7.49855261887687141176e-01) (10, 8.97634266979459383151e+00) (11, 1.32887352968112733009e+01) (12, 8.71615928841338494237e+00) (13, -2.45849324627749865613e+00) 
