FANN_FLO_2.1
num_layers=3
learning_rate=0.700000
connection_rate=1.000000
network_type=0
learning_momentum=0.000000
training_algorithm=2
train_error_function=1
train_stop_function=1
cascade_output_change_fraction=0.010000
quickprop_decay=-0.000100
quickprop_mu=1.750000
rprop_increase_factor=1.200000
rprop_decrease_factor=0.500000
rprop_delta_min=0.000000
rprop_delta_max=50.000000
rprop_delta_zero=0.100000
cascade_output_stagnation_epochs=12
cascade_candidate_change_fraction=0.010000
cascade_candidate_stagnation_epochs=12
cascade_max_out_epochs=150
cascade_min_out_epochs=50
cascade_max_cand_epochs=150
cascade_min_cand_epochs=50
cascade_num_candidate_groups=2
bit_fail_limit=1.00000000000000005551e-01
cascade_candidate_limit=1.00000000000000000000e+03
cascade_weight_multiplier=4.00000000000000022204e-01
cascade_activation_functions_count=10
cascade_activation_functions=3 5 7 8 10 11 14 15 16 17 
cascade_activation_steepnesses_count=4
cascade_activation_steepnesses=2.50000000000000000000e-01 5.00000000000000000000e-01 7.50000000000000000000e-01 1.00000000000000000000e+00 
layer_sizes=7 4 2 
scale_included=0
neurons (num_inputs, activation_function, activation_steepness)=(0, 0, 0.00000000000000000000e+00) (0, 0, 0.00000000000000000000e+00) (0, 0, 0.00000000000000000000e+00) (0, 0, 0.00000000000000000000e+00) (0, 0, 0.00000000000000000000e+00) (0, 0, 0.00000000000000000000e+00) (0, 0, 0.00000000000000000000e+00) (7, 6, 5.00000000000000000000e-01) (7, 6, 5.00000000000000000000e-01) (7, 6, 5.00000000000000000000e-01) (0, 6, 0.00000000000000000000e+00) (4, 4, 5.00000000000000000000e-01) (0, 4, 0.00000000000000000000e+00) 
connections (connected_to_neuron, weight)=(0, 2.66782778836859257865e+00) (1, -8.59913218845439253357e+00) (2, 5.15649015430219848088e-02) (3, 1.26088348723211218783e+00) (4, 1.65837839607249626361e+00) (5, 1.65211797867070564472e+00) (6, 1.66970651213179954730e+00) (0, -4.66753882210806103625e-01) (1, 1.60049633844724792375e+00) (2, 3.37226874824466893443e+00) (3, 4.86940821898516201793e-04) (4, -1.44041681793369041875e-01) (5, -2.05266187098659264043e-01) (6, -1.48529181388057457402e-01) (0, -5.63371640484884417255e-01) (1, 1.50280376686683814214e+00) (2, 3.50325217913689801463e+00) (3, 1.59670241853488048545e-01) (4, -2.39318424966968257284e-01) (5, -1.37751126793063866094e-01) (6, -1.82024391499198689992e-01) (7, -4.18024281711336254119e+00) (8, 6.22129420147493394921e-01) (9, 5.88536935256078752587e-01) (10, -1.40452702437451337758e+00) 
