FANN_FLO_2.1
num_layers=3
learning_rate=0.700000
connection_rate=1.000000
network_type=0
learning_momentum=0.000000
training_algorithm=2
train_error_function=1
train_stop_function=1
cascade_output_change_fraction=0.010000
quickprop_decay=-0.000100
quickprop_mu=1.750000
rprop_increase_factor=1.200000
rprop_decrease_factor=0.500000
rprop_delta_min=0.000000
rprop_delta_max=50.000000
rprop_delta_zero=0.100000
cascade_output_stagnation_epochs=12
cascade_candidate_change_fraction=0.010000
cascade_candidate_stagnation_epochs=12
cascade_max_out_epochs=150
cascade_min_out_epochs=50
cascade_max_cand_epochs=150
cascade_min_cand_epochs=50
cascade_num_candidate_groups=2
bit_fail_limit=1.00000000000000005551e-01
cascade_candidate_limit=1.00000000000000000000e+03
cascade_weight_multiplier=4.00000000000000022204e-01
cascade_activation_functions_count=10
cascade_activation_functions=3 5 7 8 10 11 14 15 16 17 
cascade_activation_steepnesses_count=4
cascade_activation_steepnesses=2.50000000000000000000e-01 5.00000000000000000000e-01 7.50000000000000000000e-01 1.00000000000000000000e+00 
layer_sizes=8 4 2 
scale_included=0
neurons (num_inputs, activation_function, activation_steepness)=(0, 0, 0.00000000000000000000e+00) (0, 0, 0.00000000000000000000e+00) (0, 0, 0.00000000000000000000e+00) (0, 0, 0.00000000000000000000e+00) (0, 0, 0.00000000000000000000e+00) (0, 0, 0.00000000000000000000e+00) (0, 0, 0.00000000000000000000e+00) (0, 0, 0.00000000000000000000e+00) (8, 6, 5.00000000000000000000e-01) (8, 6, 5.00000000000000000000e-01) (8, 6, 5.00000000000000000000e-01) (0, 6, 0.00000000000000000000e+00) (4, 4, 5.00000000000000000000e-01) (0, 4, 0.00000000000000000000e+00) 
connections (connected_to_neuron, weight)=(0, 1.70935930396659996333e+00) (1, 1.94156081643253286551e+00) (2, 1.80200481857755367976e+00) (3, 1.91561758257351955059e+00) (4, 2.68582082056834980932e+00) (5, 1.96927715878597853205e+00) (6, 1.48261449715285764661e+00) (7, -2.24106697006437816100e+00) (0, -6.01949706640626303056e+00) (1, -2.27506181911993810019e+00) (2, -1.70735880009387042122e+00) (3, -1.54422583659688195112e+00) (4, -8.68065669424425312428e-01) (5, -2.70816316584782645904e+00) (6, -2.39342948069063954364e+00) (7, 4.92758989908887290454e+00) (0, 1.42300844245642293950e-01) (1, 6.16220646514804681892e-01) (2, 1.52904051781001060206e+00) (3, 9.80886896672631847238e-01) (4, 1.49813075232301273765e+00) (5, 7.46143866774926389773e-01) (6, 3.16127330881839219145e+00) (7, -4.12675230354812794253e-01) (8, 2.42914590417365303665e+01) (9, -9.46555241121957102735e+00) (10, 1.31890632393705353742e+00) (11, -1.52616073878251801155e+00) 
