FANN_FLO_2.1
num_layers=3
learning_rate=0.700000
connection_rate=1.000000
network_type=0
learning_momentum=0.000000
training_algorithm=2
train_error_function=1
train_stop_function=1
cascade_output_change_fraction=0.010000
quickprop_decay=-0.000100
quickprop_mu=1.750000
rprop_increase_factor=1.200000
rprop_decrease_factor=0.500000
rprop_delta_min=0.000000
rprop_delta_max=50.000000
rprop_delta_zero=0.100000
cascade_output_stagnation_epochs=12
cascade_candidate_change_fraction=0.010000
cascade_candidate_stagnation_epochs=12
cascade_max_out_epochs=150
cascade_min_out_epochs=50
cascade_max_cand_epochs=150
cascade_min_cand_epochs=50
cascade_num_candidate_groups=2
bit_fail_limit=1.00000000000000005551e-01
cascade_candidate_limit=1.00000000000000000000e+03
cascade_weight_multiplier=4.00000000000000022204e-01
cascade_activation_functions_count=10
cascade_activation_functions=3 5 7 8 10 11 14 15 16 17 
cascade_activation_steepnesses_count=4
cascade_activation_steepnesses=2.50000000000000000000e-01 5.00000000000000000000e-01 7.50000000000000000000e-01 1.00000000000000000000e+00 
layer_sizes=8 4 2 
scale_included=0
neurons (num_inputs, activation_function, activation_steepness)=(0, 0, 0.00000000000000000000e+00) (0, 0, 0.00000000000000000000e+00) (0, 0, 0.00000000000000000000e+00) (0, 0, 0.00000000000000000000e+00) (0, 0, 0.00000000000000000000e+00) (0, 0, 0.00000000000000000000e+00) (0, 0, 0.00000000000000000000e+00) (0, 0, 0.00000000000000000000e+00) (8, 6, 5.00000000000000000000e-01) (8, 6, 5.00000000000000000000e-01) (8, 6, 5.00000000000000000000e-01) (0, 6, 0.00000000000000000000e+00) (4, 4, 5.00000000000000000000e-01) (0, 4, 0.00000000000000000000e+00) 
connections (connected_to_neuron, weight)=(0, 8.35441766339028668575e-01) (1, -2.57999337233919101564e+00) (2, 8.14219584071603108555e-01) (3, 3.84160885649846794987e-01) (4, 3.13902293839445234447e-01) (5, 3.65392492660274625926e-01) (6, -7.71826520436917212775e-02) (7, 6.01625927947913252680e-01) (0, -4.22524789633612751771e+00) (1, 4.18723312726008600748e-01) (2, 1.22995843033497891383e+01) (3, 1.64546585358168195867e+00) (4, 2.14495867128552353265e+00) (5, 2.79629175651658057333e+00) (6, -8.81484161824672041163e-01) (7, -4.29207021283369183351e+00) (0, 3.66465734100003759366e+00) (1, -3.27733917646899142184e+00) (2, -1.89016266262653065411e+00) (3, 2.01982560857722459602e+00) (4, -3.29486097157608015529e-03) (5, -3.44187652591374249056e+00) (6, 1.80752389638569832542e+00) (7, 2.91755251672279847241e+00) (8, -2.44163069706415436499e+00) (9, 3.53466574475112427223e+00) (10, -4.06810594755697962910e+00) (11, -2.24981208099702767456e+00) 
