FANN_FLO_2.1
num_layers=3
learning_rate=0.700000
connection_rate=1.000000
network_type=0
learning_momentum=0.000000
training_algorithm=2
train_error_function=1
train_stop_function=1
cascade_output_change_fraction=0.010000
quickprop_decay=-0.000100
quickprop_mu=1.750000
rprop_increase_factor=1.200000
rprop_decrease_factor=0.500000
rprop_delta_min=0.000000
rprop_delta_max=50.000000
rprop_delta_zero=0.100000
cascade_output_stagnation_epochs=12
cascade_candidate_change_fraction=0.010000
cascade_candidate_stagnation_epochs=12
cascade_max_out_epochs=150
cascade_min_out_epochs=50
cascade_max_cand_epochs=150
cascade_min_cand_epochs=50
cascade_num_candidate_groups=2
bit_fail_limit=1.00000000000000005551e-01
cascade_candidate_limit=1.00000000000000000000e+03
cascade_weight_multiplier=4.00000000000000022204e-01
cascade_activation_functions_count=10
cascade_activation_functions=3 5 7 8 10 11 14 15 16 17 
cascade_activation_steepnesses_count=4
cascade_activation_steepnesses=2.50000000000000000000e-01 5.00000000000000000000e-01 7.50000000000000000000e-01 1.00000000000000000000e+00 
layer_sizes=13 4 2 
scale_included=0
neurons (num_inputs, activation_function, activation_steepness)=(0, 0, 0.00000000000000000000e+00) (0, 0, 0.00000000000000000000e+00) (0, 0, 0.00000000000000000000e+00) (0, 0, 0.00000000000000000000e+00) (0, 0, 0.00000000000000000000e+00) (0, 0, 0.00000000000000000000e+00) (0, 0, 0.00000000000000000000e+00) (0, 0, 0.00000000000000000000e+00) (0, 0, 0.00000000000000000000e+00) (0, 0, 0.00000000000000000000e+00) (0, 0, 0.00000000000000000000e+00) (0, 0, 0.00000000000000000000e+00) (0, 0, 0.00000000000000000000e+00) (13, 6, 5.00000000000000000000e-01) (13, 6, 5.00000000000000000000e-01) (13, 6, 5.00000000000000000000e-01) (0, 6, 0.00000000000000000000e+00) (4, 4, 5.00000000000000000000e-01) (0, 4, 0.00000000000000000000e+00) 
connections (connected_to_neuron, weight)=(0, -4.43255969137962679838e+00) (1, 2.24337358912784345932e+00) (2, 1.63123062803382357089e+00) (3, 2.90560338353526148580e+00) (4, 4.44960865314609765875e-01) (5, 2.15372751596474998337e+00) (6, -2.91794928642346462766e+00) (7, 2.30984325846988447495e+00) (8, 1.64741895344828437331e+00) (9, -4.32154829742449564378e+00) (10, 1.40746888561530125727e+00) (11, 2.34967381647187956162e+00) (12, -2.90932234855725369016e+00) (0, 4.51040948018531839825e-01) (1, -7.19725550518733769856e-01) (2, -2.10288520777523052496e-02) (3, -7.00798916529783655349e-01) (4, 1.54707316699032565444e-01) (5, 5.64393286005658093019e-02) (6, 5.07463422831057497930e-01) (7, -4.72213271088406161269e-01) (8, -2.11164867650283361034e-01) (9, 2.85934004888754644824e+00) (10, -4.97446471346679394698e-02) (11, -5.63083897210124972865e-01) (12, 5.23342916950683578747e-01) (0, -7.23161039885761081081e-01) (1, 1.26980086356253174529e+00) (2, 4.90906523728825205932e-01) (3, 1.37237293350748545961e+00) (4, 7.53326260135542491447e-01) (5, 7.48666703088741281036e-01) (6, -4.42356515251548454426e-01) (7, 6.08098430333895989541e-01) (8, 7.30634241348538715499e-01) (9, -2.63643859390995638492e+00) (10, 8.39012723521025960416e-01) (11, 7.16845139248828866485e-01) (12, -3.93526058219821617268e-01) (13, 1.60483237983491129341e+01) (14, -3.60082618144081223477e+00) (15, 8.84808239343548352807e-01) (16, -1.22414046663472797505e+00) 
