FANN_FLO_2.1
num_layers=3
learning_rate=0.700000
connection_rate=1.000000
network_type=0
learning_momentum=0.000000
training_algorithm=2
train_error_function=1
train_stop_function=1
cascade_output_change_fraction=0.010000
quickprop_decay=-0.000100
quickprop_mu=1.750000
rprop_increase_factor=1.200000
rprop_decrease_factor=0.500000
rprop_delta_min=0.000000
rprop_delta_max=50.000000
rprop_delta_zero=0.100000
cascade_output_stagnation_epochs=12
cascade_candidate_change_fraction=0.010000
cascade_candidate_stagnation_epochs=12
cascade_max_out_epochs=150
cascade_min_out_epochs=50
cascade_max_cand_epochs=150
cascade_min_cand_epochs=50
cascade_num_candidate_groups=2
bit_fail_limit=1.00000000000000005551e-01
cascade_candidate_limit=1.00000000000000000000e+03
cascade_weight_multiplier=4.00000000000000022204e-01
cascade_activation_functions_count=10
cascade_activation_functions=3 5 7 8 10 11 14 15 16 17 
cascade_activation_steepnesses_count=4
cascade_activation_steepnesses=2.50000000000000000000e-01 5.00000000000000000000e-01 7.50000000000000000000e-01 1.00000000000000000000e+00 
layer_sizes=13 4 2 
scale_included=0
neurons (num_inputs, activation_function, activation_steepness)=(0, 0, 0.00000000000000000000e+00) (0, 0, 0.00000000000000000000e+00) (0, 0, 0.00000000000000000000e+00) (0, 0, 0.00000000000000000000e+00) (0, 0, 0.00000000000000000000e+00) (0, 0, 0.00000000000000000000e+00) (0, 0, 0.00000000000000000000e+00) (0, 0, 0.00000000000000000000e+00) (0, 0, 0.00000000000000000000e+00) (0, 0, 0.00000000000000000000e+00) (0, 0, 0.00000000000000000000e+00) (0, 0, 0.00000000000000000000e+00) (0, 0, 0.00000000000000000000e+00) (13, 6, 5.00000000000000000000e-01) (13, 6, 5.00000000000000000000e-01) (13, 6, 5.00000000000000000000e-01) (0, 6, 0.00000000000000000000e+00) (4, 4, 5.00000000000000000000e-01) (0, 4, 0.00000000000000000000e+00) 
connections (connected_to_neuron, weight)=(0, 3.84291297885115756827e+00) (1, -2.28504279605386306784e+00) (2, -1.06082969838373863958e+00) (3, -1.49051185886714354645e+00) (4, -2.76794289795148973354e+00) (5, -8.00621215105972949821e-01) (6, 2.84298717786560528609e+00) (7, -3.81328842733744277638e+00) (8, -1.23644048414336960029e+00) (9, 1.57220389514423453114e+00) (10, -3.33525640303001358333e+00) (11, -2.99562968968032583561e+00) (12, 3.48051370900092305050e+00) (0, -3.04490386233620169421e+00) (1, 2.42430392452967158334e+00) (2, 1.35106272363059676245e+00) (3, 2.37086263167143584951e+00) (4, 2.51887556404174395297e+00) (5, 1.20197104870447080138e+00) (6, -2.33360103731377810377e+00) (7, 2.02761864768143418303e+00) (8, 1.58001032146820574731e+00) (9, -9.77650391452510092449e-01) (10, 2.47012932637203741493e+00) (11, 2.35541720191959536024e+00) (12, -3.07924759671978476305e+00) (0, -3.64960609577820616067e+00) (1, 8.11066720287774489684e-01) (2, 6.03588249254256470344e-01) (3, 9.46213212150025295699e-01) (4, 1.05208557131604041324e+00) (5, 5.17922662474611938954e-01) (6, -4.34913689008308690376e+00) (7, 9.74512280726936075403e-01) (8, 6.11266248840789949703e-01) (9, -6.62836021878339010094e-01) (10, 8.72714375948960285889e-01) (11, 6.98924738182605476133e-01) (12, -2.80006487951870663977e-01) (13, -2.10250342728909922485e+00) (14, 1.09574434595503902301e+01) (15, 1.62461334796686229787e+00) (16, -7.87194031743235655973e-01) 
