FANN_FLO_2.1
num_layers=3
learning_rate=0.700000
connection_rate=1.000000
network_type=0
learning_momentum=0.000000
training_algorithm=2
train_error_function=1
train_stop_function=1
cascade_output_change_fraction=0.010000
quickprop_decay=-0.000100
quickprop_mu=1.750000
rprop_increase_factor=1.200000
rprop_decrease_factor=0.500000
rprop_delta_min=0.000000
rprop_delta_max=50.000000
rprop_delta_zero=0.100000
cascade_output_stagnation_epochs=12
cascade_candidate_change_fraction=0.010000
cascade_candidate_stagnation_epochs=12
cascade_max_out_epochs=150
cascade_min_out_epochs=50
cascade_max_cand_epochs=150
cascade_min_cand_epochs=50
cascade_num_candidate_groups=2
bit_fail_limit=1.00000000000000005551e-01
cascade_candidate_limit=1.00000000000000000000e+03
cascade_weight_multiplier=4.00000000000000022204e-01
cascade_activation_functions_count=10
cascade_activation_functions=3 5 7 8 10 11 14 15 16 17 
cascade_activation_steepnesses_count=4
cascade_activation_steepnesses=2.50000000000000000000e-01 5.00000000000000000000e-01 7.50000000000000000000e-01 1.00000000000000000000e+00 
layer_sizes=8 4 2 
scale_included=0
neurons (num_inputs, activation_function, activation_steepness)=(0, 0, 0.00000000000000000000e+00) (0, 0, 0.00000000000000000000e+00) (0, 0, 0.00000000000000000000e+00) (0, 0, 0.00000000000000000000e+00) (0, 0, 0.00000000000000000000e+00) (0, 0, 0.00000000000000000000e+00) (0, 0, 0.00000000000000000000e+00) (0, 0, 0.00000000000000000000e+00) (8, 6, 5.00000000000000000000e-01) (8, 6, 5.00000000000000000000e-01) (8, 6, 5.00000000000000000000e-01) (0, 6, 0.00000000000000000000e+00) (4, 4, 5.00000000000000000000e-01) (0, 4, 0.00000000000000000000e+00) 
connections (connected_to_neuron, weight)=(0, 1.38068188195553831488e-01) (1, 3.53539028917849162958e-01) (2, 8.31354293529150356612e-01) (3, 5.15182948579544497392e-01) (4, 5.69493622831393597750e-01) (5, 2.30001702463646734431e-01) (6, 1.12677542487937154547e+00) (7, -2.10098617966514966682e-01) (0, -1.30385969199094620130e+00) (1, -7.94967997724460695430e-01) (2, -7.33119112274815964980e-01) (3, -8.63338001409274968800e-01) (4, -8.59288972438828513312e-01) (5, -7.86323469952337372746e-01) (6, -6.79507505562177760439e-01) (7, 1.11401169784950671016e+00) (0, -8.63354531201362740411e-01) (1, -8.51845931167053094235e-01) (2, -7.45620411656072068496e-01) (3, -7.52143225082513300350e-01) (4, -8.06581622506211237678e-01) (5, -8.73069626168004653266e-01) (6, -7.38457944657674891786e-01) (7, 1.11443660446094927607e+00) (8, 1.34078176574799123877e+00) (9, -5.79623607209020974551e+01) (10, -4.87209397675397681837e+01) (11, -3.20374295313438839372e+00) 
