FANN_FLO_2.1
num_layers=3
learning_rate=0.700000
connection_rate=1.000000
network_type=0
learning_momentum=0.000000
training_algorithm=2
train_error_function=1
train_stop_function=1
cascade_output_change_fraction=0.010000
quickprop_decay=-0.000100
quickprop_mu=1.750000
rprop_increase_factor=1.200000
rprop_decrease_factor=0.500000
rprop_delta_min=0.000000
rprop_delta_max=50.000000
rprop_delta_zero=0.100000
cascade_output_stagnation_epochs=12
cascade_candidate_change_fraction=0.010000
cascade_candidate_stagnation_epochs=12
cascade_max_out_epochs=150
cascade_min_out_epochs=50
cascade_max_cand_epochs=150
cascade_min_cand_epochs=50
cascade_num_candidate_groups=2
bit_fail_limit=1.00000000000000005551e-01
cascade_candidate_limit=1.00000000000000000000e+03
cascade_weight_multiplier=4.00000000000000022204e-01
cascade_activation_functions_count=10
cascade_activation_functions=3 5 7 8 10 11 14 15 16 17 
cascade_activation_steepnesses_count=4
cascade_activation_steepnesses=2.50000000000000000000e-01 5.00000000000000000000e-01 7.50000000000000000000e-01 1.00000000000000000000e+00 
layer_sizes=6 4 2 
scale_included=0
neurons (num_inputs, activation_function, activation_steepness)=(0, 0, 0.00000000000000000000e+00) (0, 0, 0.00000000000000000000e+00) (0, 0, 0.00000000000000000000e+00) (0, 0, 0.00000000000000000000e+00) (0, 0, 0.00000000000000000000e+00) (0, 0, 0.00000000000000000000e+00) (6, 6, 5.00000000000000000000e-01) (6, 6, 5.00000000000000000000e-01) (6, 6, 5.00000000000000000000e-01) (0, 6, 0.00000000000000000000e+00) (4, 4, 5.00000000000000000000e-01) (0, 4, 0.00000000000000000000e+00) 
connections (connected_to_neuron, weight)=(0, -2.81434863368176746423e-01) (1, 1.86365586333595012469e+00) (2, 5.63207471135999671041e-01) (3, 4.80140450227124260252e-01) (4, 2.38526730354295546377e+00) (5, -4.13388677345823851716e-01) (0, -1.22960672971287721111e+00) (1, 4.19372427696848149026e+00) (2, -1.60574533036101296801e+00) (3, 1.71157623958200222347e-01) (4, 3.34567810643373952928e+00) (5, -1.87558589896381722184e+00) (0, 8.04360540381433786195e+00) (1, -5.77249442935238210595e+00) (2, -4.29340204221882881797e+00) (3, -3.22734364920731486848e+00) (4, -9.31496738578827176980e+00) (5, 7.94521221688749434975e+00) (6, 1.09436928304114711175e+00) (7, 1.27443680694163608003e+00) (8, -4.83015425132669129482e+00) (9, -1.80342525873976278206e+00) 
