FANN_FLO_2.1
num_layers=3
learning_rate=0.700000
connection_rate=1.000000
network_type=0
learning_momentum=0.000000
training_algorithm=2
train_error_function=1
train_stop_function=1
cascade_output_change_fraction=0.010000
quickprop_decay=-0.000100
quickprop_mu=1.750000
rprop_increase_factor=1.200000
rprop_decrease_factor=0.500000
rprop_delta_min=0.000000
rprop_delta_max=50.000000
rprop_delta_zero=0.100000
cascade_output_stagnation_epochs=12
cascade_candidate_change_fraction=0.010000
cascade_candidate_stagnation_epochs=12
cascade_max_out_epochs=150
cascade_min_out_epochs=50
cascade_max_cand_epochs=150
cascade_min_cand_epochs=50
cascade_num_candidate_groups=2
bit_fail_limit=1.00000000000000005551e-01
cascade_candidate_limit=1.00000000000000000000e+03
cascade_weight_multiplier=4.00000000000000022204e-01
cascade_activation_functions_count=10
cascade_activation_functions=3 5 7 8 10 11 14 15 16 17 
cascade_activation_steepnesses_count=4
cascade_activation_steepnesses=2.50000000000000000000e-01 5.00000000000000000000e-01 7.50000000000000000000e-01 1.00000000000000000000e+00 
layer_sizes=11 4 2 
scale_included=0
neurons (num_inputs, activation_function, activation_steepness)=(0, 0, 0.00000000000000000000e+00) (0, 0, 0.00000000000000000000e+00) (0, 0, 0.00000000000000000000e+00) (0, 0, 0.00000000000000000000e+00) (0, 0, 0.00000000000000000000e+00) (0, 0, 0.00000000000000000000e+00) (0, 0, 0.00000000000000000000e+00) (0, 0, 0.00000000000000000000e+00) (0, 0, 0.00000000000000000000e+00) (0, 0, 0.00000000000000000000e+00) (0, 0, 0.00000000000000000000e+00) (11, 6, 5.00000000000000000000e-01) (11, 6, 5.00000000000000000000e-01) (11, 6, 5.00000000000000000000e-01) (0, 6, 0.00000000000000000000e+00) (4, 4, 5.00000000000000000000e-01) (0, 4, 0.00000000000000000000e+00) 
connections (connected_to_neuron, weight)=(0, 9.83914996513115203136e-01) (1, -2.60205039505387092369e-01) (2, -2.29416107295097715379e+00) (3, -1.38860788870472067202e+01) (4, -8.73831271083999272520e-01) (5, 4.11413557249200090293e-01) (6, -1.18493523883105278394e+00) (7, -9.47108072688588009669e+00) (8, 5.07209311897044212714e+00) (9, 1.26479862075837239388e+01) (10, 1.57676776417378738948e+00) (0, 3.42814306625686615604e+00) (1, -1.62647990487242140034e+01) (2, 1.09650752847503563103e+00) (3, 3.67119163896516775836e-01) (4, -1.40415252810152715313e+01) (5, -8.25125083979734830208e-01) (6, -9.59755379458447244190e-01) (7, -9.84903408895032361769e-01) (8, 2.54460206951847567325e+00) (9, 2.18570031779696050123e+00) (10, 3.44939617523513764041e+00) (0, 5.12663530865134053904e-01) (1, 3.49550854973677410653e-02) (2, -2.93289889030849781903e+00) (3, -2.81639561011001449131e+00) (4, 1.98060313813395949545e-01) (5, 5.55040264947990191757e-02) (6, -2.02163707808841053293e+00) (7, -1.57289636428920798217e+00) (8, 3.00161296726381365829e+00) (9, 3.07725551283253384582e+00) (10, 4.98076284983576589305e-01) (11, -3.47901220651144438278e+00) (12, -4.60041504746272611470e+00) (13, -6.46677846582690785127e-01) (14, -3.87969184133042332974e+00) 
