FANN_FLO_2.1
num_layers=3
learning_rate=0.700000
connection_rate=1.000000
network_type=0
learning_momentum=0.000000
training_algorithm=2
train_error_function=1
train_stop_function=1
cascade_output_change_fraction=0.010000
quickprop_decay=-0.000100
quickprop_mu=1.750000
rprop_increase_factor=1.200000
rprop_decrease_factor=0.500000
rprop_delta_min=0.000000
rprop_delta_max=50.000000
rprop_delta_zero=0.100000
cascade_output_stagnation_epochs=12
cascade_candidate_change_fraction=0.010000
cascade_candidate_stagnation_epochs=12
cascade_max_out_epochs=150
cascade_min_out_epochs=50
cascade_max_cand_epochs=150
cascade_min_cand_epochs=50
cascade_num_candidate_groups=2
bit_fail_limit=1.00000000000000005551e-01
cascade_candidate_limit=1.00000000000000000000e+03
cascade_weight_multiplier=4.00000000000000022204e-01
cascade_activation_functions_count=10
cascade_activation_functions=3 5 7 8 10 11 14 15 16 17 
cascade_activation_steepnesses_count=4
cascade_activation_steepnesses=2.50000000000000000000e-01 5.00000000000000000000e-01 7.50000000000000000000e-01 1.00000000000000000000e+00 
layer_sizes=7 4 2 
scale_included=0
neurons (num_inputs, activation_function, activation_steepness)=(0, 0, 0.00000000000000000000e+00) (0, 0, 0.00000000000000000000e+00) (0, 0, 0.00000000000000000000e+00) (0, 0, 0.00000000000000000000e+00) (0, 0, 0.00000000000000000000e+00) (0, 0, 0.00000000000000000000e+00) (0, 0, 0.00000000000000000000e+00) (7, 6, 5.00000000000000000000e-01) (7, 6, 5.00000000000000000000e-01) (7, 6, 5.00000000000000000000e-01) (0, 6, 0.00000000000000000000e+00) (4, 4, 5.00000000000000000000e-01) (0, 4, 0.00000000000000000000e+00) 
connections (connected_to_neuron, weight)=(0, -4.86399658917068489217e-01) (1, 2.95809148798448884321e+00) (2, -1.36406532078762465776e-01) (3, -1.50923273116131240190e-01) (4, 1.68977580064091692513e-01) (5, -1.33301919847507888139e-01) (6, -5.07533543704627998494e-01) (0, 3.19457723020927397695e-01) (1, -4.44175021882456055877e-01) (2, 7.53036708440287666511e-03) (3, 3.23114366139872627448e-03) (4, -1.05485115481955826766e-01) (5, 1.74944491312693073404e-01) (6, 1.93179502970614341839e-01) (0, 1.75983578528815742814e+00) (1, -7.12750839940910729808e+00) (2, 9.65594821063722852372e-01) (3, 1.01864458659097123494e+00) (4, 3.79825049330244579604e-01) (5, 1.07014131584569383016e+00) (6, 1.64528398032838385490e+00) (7, 2.86294088701469728875e+00) (8, -1.46905355507464141507e-01) (9, -3.74414307181740690922e+00) (10, -1.50264366736434529237e+00) 
