FANN_FLO_2.1
num_layers=3
learning_rate=0.700000
connection_rate=1.000000
network_type=0
learning_momentum=0.000000
training_algorithm=2
train_error_function=1
train_stop_function=1
cascade_output_change_fraction=0.010000
quickprop_decay=-0.000100
quickprop_mu=1.750000
rprop_increase_factor=1.200000
rprop_decrease_factor=0.500000
rprop_delta_min=0.000000
rprop_delta_max=50.000000
rprop_delta_zero=0.100000
cascade_output_stagnation_epochs=12
cascade_candidate_change_fraction=0.010000
cascade_candidate_stagnation_epochs=12
cascade_max_out_epochs=150
cascade_min_out_epochs=50
cascade_max_cand_epochs=150
cascade_min_cand_epochs=50
cascade_num_candidate_groups=2
bit_fail_limit=1.00000000000000005551e-01
cascade_candidate_limit=1.00000000000000000000e+03
cascade_weight_multiplier=4.00000000000000022204e-01
cascade_activation_functions_count=10
cascade_activation_functions=3 5 7 8 10 11 14 15 16 17 
cascade_activation_steepnesses_count=4
cascade_activation_steepnesses=2.50000000000000000000e-01 5.00000000000000000000e-01 7.50000000000000000000e-01 1.00000000000000000000e+00 
layer_sizes=18 4 2 
scale_included=0
neurons (num_inputs, activation_function, activation_steepness)=(0, 0, 0.00000000000000000000e+00) (0, 0, 0.00000000000000000000e+00) (0, 0, 0.00000000000000000000e+00) (0, 0, 0.00000000000000000000e+00) (0, 0, 0.00000000000000000000e+00) (0, 0, 0.00000000000000000000e+00) (0, 0, 0.00000000000000000000e+00) (0, 0, 0.00000000000000000000e+00) (0, 0, 0.00000000000000000000e+00) (0, 0, 0.00000000000000000000e+00) (0, 0, 0.00000000000000000000e+00) (0, 0, 0.00000000000000000000e+00) (0, 0, 0.00000000000000000000e+00) (0, 0, 0.00000000000000000000e+00) (0, 0, 0.00000000000000000000e+00) (0, 0, 0.00000000000000000000e+00) (0, 0, 0.00000000000000000000e+00) (0, 0, 0.00000000000000000000e+00) (18, 6, 5.00000000000000000000e-01) (18, 6, 5.00000000000000000000e-01) (18, 6, 5.00000000000000000000e-01) (0, 6, 0.00000000000000000000e+00) (4, 4, 5.00000000000000000000e-01) (0, 4, 0.00000000000000000000e+00) 
connections (connected_to_neuron, weight)=(0, -5.19823729073425333524e+00) (1, 1.92969399494028825970e+00) (2, 1.88219299030362474667e+00) (3, -8.23921930993930851095e-01) (4, 5.17356987057732697899e-01) (5, 6.06395269690560456688e-01) (6, 1.11985195044704788359e+00) (7, -2.34237899249111758415e-01) (8, 4.86328775940941926414e-01) (9, 1.05005930693236537721e+00) (10, 4.02047760692578970421e-01) (11, 5.96049711429188944223e-01) (12, 5.22089716813097903803e-01) (13, 5.62581258296498187832e-01) (14, 7.01441118807791252898e-02) (15, 1.25871464694262269468e+00) (16, 1.84554683634757799027e-01) (17, -4.21493978298523974679e-01) (0, -5.08682302599569347024e+00) (1, 1.71027035456991916007e+00) (2, 1.80346431833564135871e+00) (3, -3.58142888907327427983e-01) (4, 7.76954303293036829814e-01) (5, 7.64767660556840311870e-01) (6, 1.70259093510164882801e-01) (7, -7.90124324612963557790e-02) (8, 8.60759875534581331280e-01) (9, 4.40002329915829049067e-01) (10, 4.14468908555069948108e+00) (11, 1.91260958920065049504e+00) (12, 5.45923674894877031250e-01) (13, 6.17338391436644151611e-01) (14, 2.68907087720403503717e-01) (15, 6.43404686457830998769e-01) (16, -1.08866084908102767059e+00) (17, -6.52689784554226215540e-02) (0, 1.96201940992049150836e+00) (1, -1.60029713432690989805e+00) (2, -2.36639562116081680898e+00) (3, 2.75662967025270688737e+00) (4, -5.35039589146762528671e-01) (5, -6.14302251825719403122e-01) (6, -2.06995720063272736766e+00) (7, 2.88318332473547656036e+00) (8, -6.49512298742919602645e-01) (9, -2.13539825104132585665e+00) (10, -3.83548684354570013078e-01) (11, -5.70281270390142980276e-01) (12, -6.76456570802882906079e-01) (13, -3.36960445681761922021e-01) (14, 7.59022329787863991868e-01) (15, -3.58361472784808476888e+00) (16, 1.34940477783233836462e+00) (17, 1.88892368072508221033e+00) (18, 1.09928456028507230968e+01) (19, 1.63607479307753678199e+00) (20, -1.54617692790817109483e+01) (21, -1.25518111775846619160e+00) 
