FANN_FLO_2.1
num_layers=3
learning_rate=0.700000
connection_rate=1.000000
network_type=0
learning_momentum=0.000000
training_algorithm=2
train_error_function=1
train_stop_function=1
cascade_output_change_fraction=0.010000
quickprop_decay=-0.000100
quickprop_mu=1.750000
rprop_increase_factor=1.200000
rprop_decrease_factor=0.500000
rprop_delta_min=0.000000
rprop_delta_max=50.000000
rprop_delta_zero=0.100000
cascade_output_stagnation_epochs=12
cascade_candidate_change_fraction=0.010000
cascade_candidate_stagnation_epochs=12
cascade_max_out_epochs=150
cascade_min_out_epochs=50
cascade_max_cand_epochs=150
cascade_min_cand_epochs=50
cascade_num_candidate_groups=2
bit_fail_limit=1.00000000000000005551e-01
cascade_candidate_limit=1.00000000000000000000e+03
cascade_weight_multiplier=4.00000000000000022204e-01
cascade_activation_functions_count=10
cascade_activation_functions=3 5 7 8 10 11 14 15 16 17 
cascade_activation_steepnesses_count=4
cascade_activation_steepnesses=2.50000000000000000000e-01 5.00000000000000000000e-01 7.50000000000000000000e-01 1.00000000000000000000e+00 
layer_sizes=8 4 2 
scale_included=0
neurons (num_inputs, activation_function, activation_steepness)=(0, 0, 0.00000000000000000000e+00) (0, 0, 0.00000000000000000000e+00) (0, 0, 0.00000000000000000000e+00) (0, 0, 0.00000000000000000000e+00) (0, 0, 0.00000000000000000000e+00) (0, 0, 0.00000000000000000000e+00) (0, 0, 0.00000000000000000000e+00) (0, 0, 0.00000000000000000000e+00) (8, 6, 5.00000000000000000000e-01) (8, 6, 5.00000000000000000000e-01) (8, 6, 5.00000000000000000000e-01) (0, 6, 0.00000000000000000000e+00) (4, 4, 5.00000000000000000000e-01) (0, 4, 0.00000000000000000000e+00) 
connections (connected_to_neuron, weight)=(0, -2.00183997290613291398e+00) (1, 2.09325404631378297893e+00) (2, 1.50609664036220614047e-01) (3, -2.36487022195417534443e-02) (4, -2.96168288026868176122e-01) (5, -3.35768380944548916478e-01) (6, -2.36658243273316692967e-01) (7, -1.97580365274964642186e-01) (0, -1.73846860232236011257e+00) (1, 1.85071554588558306875e+00) (2, 4.46295696510261796774e-01) (3, 2.82103150929851054229e-02) (4, -8.37759244785892254193e-02) (5, -7.82078889607770166847e-01) (6, -1.11945060972987342485e-01) (7, -6.15474301920520550091e-02) (0, -2.44583702124293367319e+00) (1, 4.77734318592274131987e+00) (2, 3.35618353770409494352e-01) (3, -7.36905057185576473078e-02) (4, -4.01753526462887311510e-01) (5, -8.40609244525870713538e-01) (6, -7.30576604128322149023e-01) (7, -9.21231537580928239173e-01) (8, 1.88604379998924365225e+00) (9, 7.19142224091867676705e-01) (10, 4.83801049210750999663e+00) (11, -7.86735996127566727942e-01) 
