FANN_FLO_2.1
num_layers=3
learning_rate=0.700000
connection_rate=1.000000
network_type=0
learning_momentum=0.000000
training_algorithm=2
train_error_function=1
train_stop_function=1
cascade_output_change_fraction=0.010000
quickprop_decay=-0.000100
quickprop_mu=1.750000
rprop_increase_factor=1.200000
rprop_decrease_factor=0.500000
rprop_delta_min=0.000000
rprop_delta_max=50.000000
rprop_delta_zero=0.100000
cascade_output_stagnation_epochs=12
cascade_candidate_change_fraction=0.010000
cascade_candidate_stagnation_epochs=12
cascade_max_out_epochs=150
cascade_min_out_epochs=50
cascade_max_cand_epochs=150
cascade_min_cand_epochs=50
cascade_num_candidate_groups=2
bit_fail_limit=1.00000000000000005551e-01
cascade_candidate_limit=1.00000000000000000000e+03
cascade_weight_multiplier=4.00000000000000022204e-01
cascade_activation_functions_count=10
cascade_activation_functions=3 5 7 8 10 11 14 15 16 17 
cascade_activation_steepnesses_count=4
cascade_activation_steepnesses=2.50000000000000000000e-01 5.00000000000000000000e-01 7.50000000000000000000e-01 1.00000000000000000000e+00 
layer_sizes=7 4 2 
scale_included=0
neurons (num_inputs, activation_function, activation_steepness)=(0, 0, 0.00000000000000000000e+00) (0, 0, 0.00000000000000000000e+00) (0, 0, 0.00000000000000000000e+00) (0, 0, 0.00000000000000000000e+00) (0, 0, 0.00000000000000000000e+00) (0, 0, 0.00000000000000000000e+00) (0, 0, 0.00000000000000000000e+00) (7, 6, 5.00000000000000000000e-01) (7, 6, 5.00000000000000000000e-01) (7, 6, 5.00000000000000000000e-01) (0, 6, 0.00000000000000000000e+00) (4, 4, 5.00000000000000000000e-01) (0, 4, 0.00000000000000000000e+00) 
connections (connected_to_neuron, weight)=(0, -1.99661299487341725722e+00) (1, -2.07893410559501390367e+00) (2, -3.41089195844116177536e-02) (3, -1.46213739427342948041e+00) (4, -3.13070873843431041195e+00) (5, 4.10079794982793828240e+02) (6, 2.44608617238301606633e+00) (0, -2.05591503431786470912e+00) (1, -1.91097172584142449558e+00) (2, -8.78885216351928677536e-02) (3, -1.41142587599043967117e+00) (4, -3.12801073418855235531e+00) (5, 4.10191786775711079827e+02) (6, 2.43232888070857455887e+00) (0, 2.15850463469931908023e+00) (1, 2.42616521152969744080e+00) (2, 8.39206467851560611315e-01) (3, 2.50362149051734617089e+00) (4, 3.60066033623153458620e+00) (5, 1.14474603490137496919e+03) (6, -3.33051515684950993901e+00) (7, -2.07086298074640362543e+00) (8, -3.34805610222873761828e+00) (9, 3.70450242204755539888e+01) (10, -1.10655465579131795373e+00) 
