FANN_FLO_2.1
num_layers=3
learning_rate=0.700000
connection_rate=1.000000
network_type=0
learning_momentum=0.000000
training_algorithm=2
train_error_function=1
train_stop_function=1
cascade_output_change_fraction=0.010000
quickprop_decay=-0.000100
quickprop_mu=1.750000
rprop_increase_factor=1.200000
rprop_decrease_factor=0.500000
rprop_delta_min=0.000000
rprop_delta_max=50.000000
rprop_delta_zero=0.100000
cascade_output_stagnation_epochs=12
cascade_candidate_change_fraction=0.010000
cascade_candidate_stagnation_epochs=12
cascade_max_out_epochs=150
cascade_min_out_epochs=50
cascade_max_cand_epochs=150
cascade_min_cand_epochs=50
cascade_num_candidate_groups=2
bit_fail_limit=1.00000000000000005551e-01
cascade_candidate_limit=1.00000000000000000000e+03
cascade_weight_multiplier=4.00000000000000022204e-01
cascade_activation_functions_count=10
cascade_activation_functions=3 5 7 8 10 11 14 15 16 17 
cascade_activation_steepnesses_count=4
cascade_activation_steepnesses=2.50000000000000000000e-01 5.00000000000000000000e-01 7.50000000000000000000e-01 1.00000000000000000000e+00 
layer_sizes=15 4 2 
scale_included=0
neurons (num_inputs, activation_function, activation_steepness)=(0, 0, 0.00000000000000000000e+00) (0, 0, 0.00000000000000000000e+00) (0, 0, 0.00000000000000000000e+00) (0, 0, 0.00000000000000000000e+00) (0, 0, 0.00000000000000000000e+00) (0, 0, 0.00000000000000000000e+00) (0, 0, 0.00000000000000000000e+00) (0, 0, 0.00000000000000000000e+00) (0, 0, 0.00000000000000000000e+00) (0, 0, 0.00000000000000000000e+00) (0, 0, 0.00000000000000000000e+00) (0, 0, 0.00000000000000000000e+00) (0, 0, 0.00000000000000000000e+00) (0, 0, 0.00000000000000000000e+00) (0, 0, 0.00000000000000000000e+00) (15, 6, 5.00000000000000000000e-01) (15, 6, 5.00000000000000000000e-01) (15, 6, 5.00000000000000000000e-01) (0, 6, 0.00000000000000000000e+00) (4, 4, 5.00000000000000000000e-01) (0, 4, 0.00000000000000000000e+00) 
connections (connected_to_neuron, weight)=(0, 3.67297892496463385115e+00) (1, -3.47934121045262356731e+00) (2, 2.63742480203905449443e+00) (3, 8.66604961462347489487e+00) (4, -8.68288194923202305553e-01) (5, 6.01560481223298970654e-01) (6, 3.62430816523528287476e+00) (7, -5.22345271094468177608e+00) (8, 8.61831736987114638282e+00) (9, -5.15247610477860451539e+00) (10, 1.59038892214569926864e+00) (11, 1.48522423594088461840e+01) (12, 5.24370973075462654123e+00) (13, -2.53121546114447575349e+01) (14, -1.36857689517967084925e+00) (0, 1.48223903664816969439e+01) (1, 2.28078999203681087593e+00) (2, -3.51041535655213277067e+00) (3, -2.59930278573353179539e+00) (4, 9.03667777634448721180e-01) (5, 3.21471233999982697327e+00) (6, 5.59897268530567959743e+00) (7, 2.33528466634009695957e-01) (8, -2.08363992826178456852e+00) (9, -2.54696014911197776698e+00) (10, -9.13956450940636599967e+00) (11, -2.43240361301407048700e+00) (12, -3.12810631876618439051e+00) (13, 9.73077052124418706569e+00) (14, 3.66818459985441436277e-01) (0, 1.16050276868889601367e+00) (1, -1.29439683260941880150e+01) (2, 7.41234331168911175780e+00) (3, 4.81254451975422909982e+01) (4, 4.18647853147789472672e+00) (5, -1.10710287704410853538e-01) (6, 3.73923422383110093392e+00) (7, 7.34606025236522741650e-02) (8, 4.83511566300269706176e+01) (9, 3.16850443828107952715e-01) (10, -2.91738129163811077404e+00) (11, 1.50000000000000000000e+03) (12, -1.50000000000000000000e+03) (13, -1.50000000000000000000e+03) (14, -4.55506107207515409385e+00) (15, -3.97255382806201779999e+01) (16, -2.01118834092372580358e+01) (17, 2.61280538257553587300e+01) (18, -2.85921311803340705282e+00) 
