FANN_FLO_2.1
num_layers=3
learning_rate=0.700000
connection_rate=1.000000
network_type=0
learning_momentum=0.000000
training_algorithm=2
train_error_function=1
train_stop_function=1
cascade_output_change_fraction=0.010000
quickprop_decay=-0.000100
quickprop_mu=1.750000
rprop_increase_factor=1.200000
rprop_decrease_factor=0.500000
rprop_delta_min=0.000000
rprop_delta_max=50.000000
rprop_delta_zero=0.100000
cascade_output_stagnation_epochs=12
cascade_candidate_change_fraction=0.010000
cascade_candidate_stagnation_epochs=12
cascade_max_out_epochs=150
cascade_min_out_epochs=50
cascade_max_cand_epochs=150
cascade_min_cand_epochs=50
cascade_num_candidate_groups=2
bit_fail_limit=1.00000000000000005551e-01
cascade_candidate_limit=1.00000000000000000000e+03
cascade_weight_multiplier=4.00000000000000022204e-01
cascade_activation_functions_count=10
cascade_activation_functions=3 5 7 8 10 11 14 15 16 17 
cascade_activation_steepnesses_count=4
cascade_activation_steepnesses=2.50000000000000000000e-01 5.00000000000000000000e-01 7.50000000000000000000e-01 1.00000000000000000000e+00 
layer_sizes=12 4 2 
scale_included=0
neurons (num_inputs, activation_function, activation_steepness)=(0, 0, 0.00000000000000000000e+00) (0, 0, 0.00000000000000000000e+00) (0, 0, 0.00000000000000000000e+00) (0, 0, 0.00000000000000000000e+00) (0, 0, 0.00000000000000000000e+00) (0, 0, 0.00000000000000000000e+00) (0, 0, 0.00000000000000000000e+00) (0, 0, 0.00000000000000000000e+00) (0, 0, 0.00000000000000000000e+00) (0, 0, 0.00000000000000000000e+00) (0, 0, 0.00000000000000000000e+00) (0, 0, 0.00000000000000000000e+00) (12, 6, 5.00000000000000000000e-01) (12, 6, 5.00000000000000000000e-01) (12, 6, 5.00000000000000000000e-01) (0, 6, 0.00000000000000000000e+00) (4, 4, 5.00000000000000000000e-01) (0, 4, 0.00000000000000000000e+00) 
connections (connected_to_neuron, weight)=(0, 5.55682053611049386888e+00) (1, -1.95594311163943634924e+00) (2, -2.74363766615735116261e+00) (3, 8.20850122785059421737e-01) (4, 1.23510956812542072036e+00) (5, 1.27231632221382251480e+00) (6, -2.21361745437060264408e+00) (7, -7.83314400838658664306e-01) (8, 1.17910088075897467874e+00) (9, -1.27145182277653701064e+00) (10, -1.06622893613550706604e+00) (11, 1.24377898349067939066e+00) (0, 3.08957001679188181242e+00) (1, -1.89039791778844223913e+00) (2, -2.73009449248658242482e+00) (3, 7.99466509437052219589e-01) (4, 1.13727244783084979751e+00) (5, 1.41501302102304027386e+00) (6, -2.23488786359702018558e+00) (7, -3.43197414322940208553e-02) (8, 1.26995686663887275003e+00) (9, -1.30459756340477950332e+00) (10, -1.02043602865908189514e+00) (11, 1.42822644118623442999e+00) (0, -8.74902432952884168138e-01) (1, 3.51667920787211185640e+00) (2, 9.56338857118011587133e-01) (3, -2.76686597827261626659e-01) (4, -6.62138130547913594803e-01) (5, -7.26224404195859318811e-01) (6, 1.34443400044845517982e+00) (7, -7.01743768734090223038e-02) (8, -5.98299767193495646289e-01) (9, 8.21586583235472844855e-01) (10, -7.40118508950549786052e-04) (11, -5.59770871321275231836e-01) (12, -8.07014382227192861308e+00) (13, -8.09554314209948522318e+00) (14, 1.90192034490888017828e+00) (15, -9.06791686414653574921e-01) 
