FANN_FLO_2.1
num_layers=3
learning_rate=0.700000
connection_rate=1.000000
network_type=0
learning_momentum=0.000000
training_algorithm=2
train_error_function=1
train_stop_function=1
cascade_output_change_fraction=0.010000
quickprop_decay=-0.000100
quickprop_mu=1.750000
rprop_increase_factor=1.200000
rprop_decrease_factor=0.500000
rprop_delta_min=0.000000
rprop_delta_max=50.000000
rprop_delta_zero=0.100000
cascade_output_stagnation_epochs=12
cascade_candidate_change_fraction=0.010000
cascade_candidate_stagnation_epochs=12
cascade_max_out_epochs=150
cascade_min_out_epochs=50
cascade_max_cand_epochs=150
cascade_min_cand_epochs=50
cascade_num_candidate_groups=2
bit_fail_limit=1.00000000000000005551e-01
cascade_candidate_limit=1.00000000000000000000e+03
cascade_weight_multiplier=4.00000000000000022204e-01
cascade_activation_functions_count=10
cascade_activation_functions=3 5 7 8 10 11 14 15 16 17 
cascade_activation_steepnesses_count=4
cascade_activation_steepnesses=2.50000000000000000000e-01 5.00000000000000000000e-01 7.50000000000000000000e-01 1.00000000000000000000e+00 
layer_sizes=9 4 2 
scale_included=0
neurons (num_inputs, activation_function, activation_steepness)=(0, 0, 0.00000000000000000000e+00) (0, 0, 0.00000000000000000000e+00) (0, 0, 0.00000000000000000000e+00) (0, 0, 0.00000000000000000000e+00) (0, 0, 0.00000000000000000000e+00) (0, 0, 0.00000000000000000000e+00) (0, 0, 0.00000000000000000000e+00) (0, 0, 0.00000000000000000000e+00) (0, 0, 0.00000000000000000000e+00) (9, 6, 5.00000000000000000000e-01) (9, 6, 5.00000000000000000000e-01) (9, 6, 5.00000000000000000000e-01) (0, 6, 0.00000000000000000000e+00) (4, 4, 5.00000000000000000000e-01) (0, 4, 0.00000000000000000000e+00) 
connections (connected_to_neuron, weight)=(0, -1.41002328009089211713e-01) (1, 7.67501029448255933652e-01) (2, 1.67165267631708780449e+00) (3, 4.19403814659388071706e-02) (4, 1.69717362633008350681e-01) (5, 2.96312034969716531219e-01) (6, 8.85109263177850067450e+01) (7, 8.86014074053504288031e+01) (8, -1.38817441366470090136e-01) (0, -5.74457393456592524394e-01) (1, 9.80064595216637579611e-01) (2, 1.31387141442058164031e+00) (3, -3.89681441396139582878e-01) (4, 3.17219724903816779893e-01) (5, -5.74436695972780353436e-01) (6, 4.44727231334680709551e+02) (7, 4.44767668675417098711e+02) (8, -1.18232272219886747067e+00) (0, -4.87986007202758920176e-01) (1, 8.76450331980114905051e-01) (2, 1.27809060460088330657e+00) (3, -9.29886919102800968417e-01) (4, 2.14552680960258868037e-01) (5, -5.24468624690870188765e-01) (6, 4.44827643837565574358e+02) (7, 4.44667235161894950579e+02) (8, -9.99245197620681424588e-01) (9, 2.82039537975926957181e-01) (10, 1.91874804162496381821e+01) (11, 2.01829982611520186708e+01) (12, -1.01546928914645628872e+00) 
