FANN_FLO_2.1
num_layers=3
learning_rate=0.700000
connection_rate=1.000000
network_type=0
learning_momentum=0.000000
training_algorithm=2
train_error_function=1
train_stop_function=1
cascade_output_change_fraction=0.010000
quickprop_decay=-0.000100
quickprop_mu=1.750000
rprop_increase_factor=1.200000
rprop_decrease_factor=0.500000
rprop_delta_min=0.000000
rprop_delta_max=50.000000
rprop_delta_zero=0.100000
cascade_output_stagnation_epochs=12
cascade_candidate_change_fraction=0.010000
cascade_candidate_stagnation_epochs=12
cascade_max_out_epochs=150
cascade_min_out_epochs=50
cascade_max_cand_epochs=150
cascade_min_cand_epochs=50
cascade_num_candidate_groups=2
bit_fail_limit=1.00000000000000005551e-01
cascade_candidate_limit=1.00000000000000000000e+03
cascade_weight_multiplier=4.00000000000000022204e-01
cascade_activation_functions_count=10
cascade_activation_functions=3 5 7 8 10 11 14 15 16 17 
cascade_activation_steepnesses_count=4
cascade_activation_steepnesses=2.50000000000000000000e-01 5.00000000000000000000e-01 7.50000000000000000000e-01 1.00000000000000000000e+00 
layer_sizes=6 4 2 
scale_included=0
neurons (num_inputs, activation_function, activation_steepness)=(0, 0, 0.00000000000000000000e+00) (0, 0, 0.00000000000000000000e+00) (0, 0, 0.00000000000000000000e+00) (0, 0, 0.00000000000000000000e+00) (0, 0, 0.00000000000000000000e+00) (0, 0, 0.00000000000000000000e+00) (6, 6, 5.00000000000000000000e-01) (6, 6, 5.00000000000000000000e-01) (6, 6, 5.00000000000000000000e-01) (0, 6, 0.00000000000000000000e+00) (4, 4, 5.00000000000000000000e-01) (0, 4, 0.00000000000000000000e+00) 
connections (connected_to_neuron, weight)=(0, -1.68835962300698749772e-01) (1, 1.00122445496722312086e+00) (2, 1.04834364160700910240e+00) (3, 2.41298700457950494880e-02) (4, -1.07672368385271541302e-01) (5, -1.73461098864478163728e-01) (0, -4.94815550854207808484e-01) (1, 2.66992090243342472533e+00) (2, 2.93088750715082779763e-01) (3, -3.07154476140725218869e-01) (4, -4.11492532782532283164e-01) (5, -8.90073472611641158814e-01) (0, 2.35845045622044358069e+00) (1, -4.61947403255901711816e+00) (2, -2.32182460821982739052e-01) (3, 1.37495789698545856083e+00) (4, 1.64901375924446602639e+00) (5, 2.47322865452223616956e+00) (6, 4.05970117569993960149e-01) (7, 5.11259215673922273737e+00) (8, -6.99222179903380780530e+00) (9, -1.93191734059320707750e+00) 
