FANN_FLO_2.1
num_layers=3
learning_rate=0.700000
connection_rate=1.000000
network_type=0
learning_momentum=0.000000
training_algorithm=2
train_error_function=1
train_stop_function=1
cascade_output_change_fraction=0.010000
quickprop_decay=-0.000100
quickprop_mu=1.750000
rprop_increase_factor=1.200000
rprop_decrease_factor=0.500000
rprop_delta_min=0.000000
rprop_delta_max=50.000000
rprop_delta_zero=0.100000
cascade_output_stagnation_epochs=12
cascade_candidate_change_fraction=0.010000
cascade_candidate_stagnation_epochs=12
cascade_max_out_epochs=150
cascade_min_out_epochs=50
cascade_max_cand_epochs=150
cascade_min_cand_epochs=50
cascade_num_candidate_groups=2
bit_fail_limit=1.00000000000000005551e-01
cascade_candidate_limit=1.00000000000000000000e+03
cascade_weight_multiplier=4.00000000000000022204e-01
cascade_activation_functions_count=10
cascade_activation_functions=3 5 7 8 10 11 14 15 16 17 
cascade_activation_steepnesses_count=4
cascade_activation_steepnesses=2.50000000000000000000e-01 5.00000000000000000000e-01 7.50000000000000000000e-01 1.00000000000000000000e+00 
layer_sizes=15 4 2 
scale_included=0
neurons (num_inputs, activation_function, activation_steepness)=(0, 0, 0.00000000000000000000e+00) (0, 0, 0.00000000000000000000e+00) (0, 0, 0.00000000000000000000e+00) (0, 0, 0.00000000000000000000e+00) (0, 0, 0.00000000000000000000e+00) (0, 0, 0.00000000000000000000e+00) (0, 0, 0.00000000000000000000e+00) (0, 0, 0.00000000000000000000e+00) (0, 0, 0.00000000000000000000e+00) (0, 0, 0.00000000000000000000e+00) (0, 0, 0.00000000000000000000e+00) (0, 0, 0.00000000000000000000e+00) (0, 0, 0.00000000000000000000e+00) (0, 0, 0.00000000000000000000e+00) (0, 0, 0.00000000000000000000e+00) (15, 6, 5.00000000000000000000e-01) (15, 6, 5.00000000000000000000e-01) (15, 6, 5.00000000000000000000e-01) (0, 6, 0.00000000000000000000e+00) (4, 4, 5.00000000000000000000e-01) (0, 4, 0.00000000000000000000e+00) 
connections (connected_to_neuron, weight)=(0, 1.73516669152455946801e+01) (1, -1.87700530524218685002e+01) (2, -1.14256298690201205659e+01) (3, -1.87737120775055466027e+01) (4, 1.35909246927947879868e+00) (5, 9.16733667647535455103e+00) (6, 3.93047929710842502971e+00) (7, -5.79098266257780380784e+00) (8, 1.40066364215187011411e+00) (9, -1.87581213870908811714e+01) (10, 1.13463787392361181716e+00) (11, -2.83212736224457373169e+00) (12, 2.30660793404312641774e-01) (13, -3.32984245857797012125e-01) (14, -2.76640546464597070209e-01) (0, 2.02213490878868951128e+00) (1, 3.34726471766711908273e+00) (2, -1.73695394771299849168e+00) (3, 3.34726716555797887409e+00) (4, 2.90109660776883915290e+00) (5, 3.60572476461265389869e-01) (6, 3.96273632166460831883e-01) (7, -6.93575961862919143641e-01) (8, 2.91188171611442303544e+00) (9, 3.34717577480415329205e+00) (10, 2.90501255739394981248e+00) (11, 1.86134360611393012697e+00) (12, 6.39425218347595913926e-01) (13, -2.00922297062794141809e+00) (14, -2.55984490075627713068e+00) (0, -5.20325902778574558849e-02) (1, 2.91687187714481499512e+00) (2, -3.16990192155786143502e+00) (3, 2.91742299414900640997e+00) (4, 2.53777311461026489070e+00) (5, 7.05887833308916423647e+00) (6, 3.24248354988708964441e+00) (7, -4.56946157893420235041e+00) (8, 2.50449254052951042482e+00) (9, 2.91662608047837723646e+00) (10, 2.61477178154736877858e+00) (11, 8.27831829862251789010e-01) (12, 2.92915306928842156253e-01) (13, -3.60541508186523662616e+00) (14, -1.69586263210164833737e+00) (15, 3.75929481174654167575e+00) (16, 3.04096179941671493907e+01) (17, 7.03508240327500811162e+00) (18, -2.09296545034314807054e+00) 
