FANN_FLO_2.1
num_layers=3
learning_rate=0.700000
connection_rate=1.000000
network_type=0
learning_momentum=0.000000
training_algorithm=2
train_error_function=1
train_stop_function=1
cascade_output_change_fraction=0.010000
quickprop_decay=-0.000100
quickprop_mu=1.750000
rprop_increase_factor=1.200000
rprop_decrease_factor=0.500000
rprop_delta_min=0.000000
rprop_delta_max=50.000000
rprop_delta_zero=0.100000
cascade_output_stagnation_epochs=12
cascade_candidate_change_fraction=0.010000
cascade_candidate_stagnation_epochs=12
cascade_max_out_epochs=150
cascade_min_out_epochs=50
cascade_max_cand_epochs=150
cascade_min_cand_epochs=50
cascade_num_candidate_groups=2
bit_fail_limit=1.00000000000000005551e-01
cascade_candidate_limit=1.00000000000000000000e+03
cascade_weight_multiplier=4.00000000000000022204e-01
cascade_activation_functions_count=10
cascade_activation_functions=3 5 7 8 10 11 14 15 16 17 
cascade_activation_steepnesses_count=4
cascade_activation_steepnesses=2.50000000000000000000e-01 5.00000000000000000000e-01 7.50000000000000000000e-01 1.00000000000000000000e+00 
layer_sizes=13 4 2 
scale_included=0
neurons (num_inputs, activation_function, activation_steepness)=(0, 0, 0.00000000000000000000e+00) (0, 0, 0.00000000000000000000e+00) (0, 0, 0.00000000000000000000e+00) (0, 0, 0.00000000000000000000e+00) (0, 0, 0.00000000000000000000e+00) (0, 0, 0.00000000000000000000e+00) (0, 0, 0.00000000000000000000e+00) (0, 0, 0.00000000000000000000e+00) (0, 0, 0.00000000000000000000e+00) (0, 0, 0.00000000000000000000e+00) (0, 0, 0.00000000000000000000e+00) (0, 0, 0.00000000000000000000e+00) (0, 0, 0.00000000000000000000e+00) (13, 6, 5.00000000000000000000e-01) (13, 6, 5.00000000000000000000e-01) (13, 6, 5.00000000000000000000e-01) (0, 6, 0.00000000000000000000e+00) (4, 4, 5.00000000000000000000e-01) (0, 4, 0.00000000000000000000e+00) 
connections (connected_to_neuron, weight)=(0, -3.56629287731783095605e-02) (1, 9.97184033176335193893e-01) (2, 1.22697594381755270554e+00) (3, 4.58269721229206450364e-01) (4, -6.60657405998240743195e-01) (5, 6.42346833623356691656e-03) (6, 1.40500951846755661734e+00) (7, 3.80127372552286457719e-01) (8, 3.47727298555566211036e+00) (9, 5.68932727129097415286e+00) (10, -1.97944150844921784582e+00) (11, 3.41983747661708248344e-01) (12, 8.19534843857732120398e-02) (0, 3.98448008276504950231e+00) (1, -4.91933271109883918371e+00) (2, -3.69586996175981585822e+00) (3, -2.35090708673480230928e+00) (4, 4.57499382968596890464e+00) (5, -4.69738240104225468485e+00) (6, -1.46803979176978238730e-01) (7, -7.51067372977701208647e-01) (8, -2.68321498187528373336e+00) (9, -5.11954240105769375901e+00) (10, 7.20563900550643232634e+00) (11, -4.56753146211434124524e+00) (12, 5.36163687990741610889e+00) (0, 5.23694215254621386890e+00) (1, -5.23454108987703659039e+00) (2, -3.07440603036322013253e+00) (3, -3.03108556629092262824e+00) (4, 2.48218571630877704592e+00) (5, -1.67081761005443052426e+00) (6, -2.07552224936264684274e-01) (7, -4.86144700226140868971e-01) (8, -4.97140878967607591221e+00) (9, -5.49935382057485178109e+00) (10, 6.83017038908504670047e+00) (11, -1.36639021923089432065e+00) (12, 5.41919617639617801075e+00) (13, 6.32679344851063141242e-01) (14, -3.40917670156582985896e+00) (15, -3.35805195744856987972e+00) (16, -1.34892291896519678218e+00) 
