FANN_FLO_2.1
num_layers=3
learning_rate=0.700000
connection_rate=1.000000
network_type=0
learning_momentum=0.000000
training_algorithm=2
train_error_function=1
train_stop_function=1
cascade_output_change_fraction=0.010000
quickprop_decay=-0.000100
quickprop_mu=1.750000
rprop_increase_factor=1.200000
rprop_decrease_factor=0.500000
rprop_delta_min=0.000000
rprop_delta_max=50.000000
rprop_delta_zero=0.100000
cascade_output_stagnation_epochs=12
cascade_candidate_change_fraction=0.010000
cascade_candidate_stagnation_epochs=12
cascade_max_out_epochs=150
cascade_min_out_epochs=50
cascade_max_cand_epochs=150
cascade_min_cand_epochs=50
cascade_num_candidate_groups=2
bit_fail_limit=1.00000000000000005551e-01
cascade_candidate_limit=1.00000000000000000000e+03
cascade_weight_multiplier=4.00000000000000022204e-01
cascade_activation_functions_count=10
cascade_activation_functions=3 5 7 8 10 11 14 15 16 17 
cascade_activation_steepnesses_count=4
cascade_activation_steepnesses=2.50000000000000000000e-01 5.00000000000000000000e-01 7.50000000000000000000e-01 1.00000000000000000000e+00 
layer_sizes=8 4 2 
scale_included=0
neurons (num_inputs, activation_function, activation_steepness)=(0, 0, 0.00000000000000000000e+00) (0, 0, 0.00000000000000000000e+00) (0, 0, 0.00000000000000000000e+00) (0, 0, 0.00000000000000000000e+00) (0, 0, 0.00000000000000000000e+00) (0, 0, 0.00000000000000000000e+00) (0, 0, 0.00000000000000000000e+00) (0, 0, 0.00000000000000000000e+00) (8, 6, 5.00000000000000000000e-01) (8, 6, 5.00000000000000000000e-01) (8, 6, 5.00000000000000000000e-01) (0, 6, 0.00000000000000000000e+00) (4, 4, 5.00000000000000000000e-01) (0, 4, 0.00000000000000000000e+00) 
connections (connected_to_neuron, weight)=(0, 1.79390690065937641329e+00) (1, 7.23750515340315314639e-01) (2, 1.82270586603677964277e+00) (3, 1.07471715030007608505e+00) (4, 1.19394245383298813756e+00) (5, 1.23888055731285851024e+00) (6, 6.03959972666002098407e-01) (7, -2.89235327125479324550e+00) (0, 8.03688458032593189273e+00) (1, 4.85417972311553036491e-01) (2, 7.29838236844847387808e-01) (3, 1.63056642757451397685e+00) (4, 1.98761298825479570951e+00) (5, 1.58140462477242538242e+00) (6, 6.47785988930599909708e-01) (7, -3.19795368599225060535e+00) (0, 1.85191022288651097050e+00) (1, 2.10117285230484185377e+00) (2, 1.84532287862849164739e+00) (3, 3.03518368370545621460e+00) (4, 3.18575923171936459255e+00) (5, 2.91432975372260871794e+00) (6, 1.98450440835222718938e+00) (7, -2.53557892870156775800e+00) (8, 5.00478835451603476514e+00) (9, 9.44088041986166537356e+00) (10, 1.93075224199672561554e+01) (11, -3.45020937519961101714e+00) 
