FANN_FLO_2.1
num_layers=3
learning_rate=0.700000
connection_rate=1.000000
network_type=0
learning_momentum=0.000000
training_algorithm=2
train_error_function=1
train_stop_function=1
cascade_output_change_fraction=0.010000
quickprop_decay=-0.000100
quickprop_mu=1.750000
rprop_increase_factor=1.200000
rprop_decrease_factor=0.500000
rprop_delta_min=0.000000
rprop_delta_max=50.000000
rprop_delta_zero=0.100000
cascade_output_stagnation_epochs=12
cascade_candidate_change_fraction=0.010000
cascade_candidate_stagnation_epochs=12
cascade_max_out_epochs=150
cascade_min_out_epochs=50
cascade_max_cand_epochs=150
cascade_min_cand_epochs=50
cascade_num_candidate_groups=2
bit_fail_limit=1.00000000000000005551e-01
cascade_candidate_limit=1.00000000000000000000e+03
cascade_weight_multiplier=4.00000000000000022204e-01
cascade_activation_functions_count=10
cascade_activation_functions=3 5 7 8 10 11 14 15 16 17 
cascade_activation_steepnesses_count=4
cascade_activation_steepnesses=2.50000000000000000000e-01 5.00000000000000000000e-01 7.50000000000000000000e-01 1.00000000000000000000e+00 
layer_sizes=15 4 2 
scale_included=0
neurons (num_inputs, activation_function, activation_steepness)=(0, 0, 0.00000000000000000000e+00) (0, 0, 0.00000000000000000000e+00) (0, 0, 0.00000000000000000000e+00) (0, 0, 0.00000000000000000000e+00) (0, 0, 0.00000000000000000000e+00) (0, 0, 0.00000000000000000000e+00) (0, 0, 0.00000000000000000000e+00) (0, 0, 0.00000000000000000000e+00) (0, 0, 0.00000000000000000000e+00) (0, 0, 0.00000000000000000000e+00) (0, 0, 0.00000000000000000000e+00) (0, 0, 0.00000000000000000000e+00) (0, 0, 0.00000000000000000000e+00) (0, 0, 0.00000000000000000000e+00) (0, 0, 0.00000000000000000000e+00) (15, 6, 5.00000000000000000000e-01) (15, 6, 5.00000000000000000000e-01) (15, 6, 5.00000000000000000000e-01) (0, 6, 0.00000000000000000000e+00) (4, 4, 5.00000000000000000000e-01) (0, 4, 0.00000000000000000000e+00) 
connections (connected_to_neuron, weight)=(0, -1.52423234425111875368e+00) (1, 2.63039318885896600264e+00) (2, -1.27791532213985603583e+00) (3, 2.50851346320197876594e+00) (4, 2.67423134491893943476e+00) (5, -2.09165372994528885042e-02) (6, -1.75848222702172418686e+00) (7, 2.46156604709488302518e+00) (8, 2.53426608291313870680e+00) (9, 2.72986164456971103220e+00) (10, 2.49583406800152385330e+00) (11, 4.52099623652519966299e+00) (12, 2.52853933485244875001e+00) (13, -1.21774278347836939496e+00) (14, -1.48684317078149086377e+00) (0, 8.12740656547873818738e+00) (1, 9.71934167803238269201e-01) (2, -7.53942462176729333301e-01) (3, 1.10133612962228255583e+00) (4, 1.10795326998632659432e+00) (5, 6.82311097405734701127e-01) (6, 5.37269807144692990164e+00) (7, -4.88756037919648633761e+00) (8, 1.33439652353980187094e+00) (9, 7.65183692896304945563e-01) (10, 1.20061902176143053822e+00) (11, -7.66538974303941467170e-01) (12, 2.83131073501449925800e+00) (13, -4.90784886347819782060e+00) (14, -2.59911115848815121865e+00) (0, 6.49885795663535503763e+00) (1, -2.68371447505511717679e+00) (2, -4.12829804077592754652e+00) (3, -3.04133684925695702006e+00) (4, -2.66154539584410931852e+00) (5, -2.22906284445545432860e+00) (6, 7.08824048590046729146e+00) (7, -7.46492438567914451397e+00) (8, -2.88325976447433696137e+00) (9, -3.17090260628643916263e+00) (10, -3.10905137661302966023e+00) (11, 2.51177900930642206134e+00) (12, 3.84727284691077364709e-02) (13, 1.28885740039263141377e+00) (14, 1.29570893986368429474e+00) (15, 1.36962149157222512486e+01) (16, 2.05378968487250936903e+01) (17, -1.22044900772184572446e+01) (18, -7.42045190250167685520e-01) 
