FANN_FLO_2.1
num_layers=3
learning_rate=0.700000
connection_rate=1.000000
network_type=0
learning_momentum=0.000000
training_algorithm=2
train_error_function=1
train_stop_function=1
cascade_output_change_fraction=0.010000
quickprop_decay=-0.000100
quickprop_mu=1.750000
rprop_increase_factor=1.200000
rprop_decrease_factor=0.500000
rprop_delta_min=0.000000
rprop_delta_max=50.000000
rprop_delta_zero=0.100000
cascade_output_stagnation_epochs=12
cascade_candidate_change_fraction=0.010000
cascade_candidate_stagnation_epochs=12
cascade_max_out_epochs=150
cascade_min_out_epochs=50
cascade_max_cand_epochs=150
cascade_min_cand_epochs=50
cascade_num_candidate_groups=2
bit_fail_limit=1.00000000000000005551e-01
cascade_candidate_limit=1.00000000000000000000e+03
cascade_weight_multiplier=4.00000000000000022204e-01
cascade_activation_functions_count=10
cascade_activation_functions=3 5 7 8 10 11 14 15 16 17 
cascade_activation_steepnesses_count=4
cascade_activation_steepnesses=2.50000000000000000000e-01 5.00000000000000000000e-01 7.50000000000000000000e-01 1.00000000000000000000e+00 
layer_sizes=9 4 2 
scale_included=0
neurons (num_inputs, activation_function, activation_steepness)=(0, 0, 0.00000000000000000000e+00) (0, 0, 0.00000000000000000000e+00) (0, 0, 0.00000000000000000000e+00) (0, 0, 0.00000000000000000000e+00) (0, 0, 0.00000000000000000000e+00) (0, 0, 0.00000000000000000000e+00) (0, 0, 0.00000000000000000000e+00) (0, 0, 0.00000000000000000000e+00) (0, 0, 0.00000000000000000000e+00) (9, 6, 5.00000000000000000000e-01) (9, 6, 5.00000000000000000000e-01) (9, 6, 5.00000000000000000000e-01) (0, 6, 0.00000000000000000000e+00) (4, 4, 5.00000000000000000000e-01) (0, 4, 0.00000000000000000000e+00) 
connections (connected_to_neuron, weight)=(0, 5.11005538832084926781e+00) (1, -1.66539213219225956664e+00) (2, -2.49744060092992725686e+00) (3, 1.37275819279193544986e+00) (4, 1.01868465106661942876e+00) (5, -1.16534974528773105362e+00) (6, -2.44435833085659259822e+00) (7, 1.15583006706781521444e+00) (8, 1.06723738770659593023e+00) (0, -3.97872706818909627202e-01) (1, 3.28237768636229554353e-01) (2, 1.97479857905873590340e+00) (3, -4.78132210443027449998e-01) (4, 3.04483003393348425347e-02) (5, 7.81618842982934602936e-01) (6, 4.58956199646413542936e-01) (7, -1.52508838751939206080e-02) (8, -3.08996822154850858677e-01) (0, -3.57199970761310758860e+00) (1, 1.28887898778225507002e+00) (2, 1.69466860432018950888e+00) (3, -4.21918948230071977346e-01) (4, -4.02184695901671385165e-01) (5, 9.05324037569984030327e-01) (6, 6.72981010791283029704e-01) (7, -9.47533308817801511736e-01) (8, -5.39926581980982867037e-01) (9, -5.90821166218016902150e+00) (10, 8.83435601615369159312e-01) (11, 1.41530700661467250256e+01) (12, -1.29134433622977407019e+00) 
