FANN_FLO_2.1
num_layers=3
learning_rate=0.700000
connection_rate=1.000000
network_type=0
learning_momentum=0.000000
training_algorithm=2
train_error_function=1
train_stop_function=1
cascade_output_change_fraction=0.010000
quickprop_decay=-0.000100
quickprop_mu=1.750000
rprop_increase_factor=1.200000
rprop_decrease_factor=0.500000
rprop_delta_min=0.000000
rprop_delta_max=50.000000
rprop_delta_zero=0.100000
cascade_output_stagnation_epochs=12
cascade_candidate_change_fraction=0.010000
cascade_candidate_stagnation_epochs=12
cascade_max_out_epochs=150
cascade_min_out_epochs=50
cascade_max_cand_epochs=150
cascade_min_cand_epochs=50
cascade_num_candidate_groups=2
bit_fail_limit=1.00000000000000005551e-01
cascade_candidate_limit=1.00000000000000000000e+03
cascade_weight_multiplier=4.00000000000000022204e-01
cascade_activation_functions_count=10
cascade_activation_functions=3 5 7 8 10 11 14 15 16 17 
cascade_activation_steepnesses_count=4
cascade_activation_steepnesses=2.50000000000000000000e-01 5.00000000000000000000e-01 7.50000000000000000000e-01 1.00000000000000000000e+00 
layer_sizes=12 4 2 
scale_included=0
neurons (num_inputs, activation_function, activation_steepness)=(0, 0, 0.00000000000000000000e+00) (0, 0, 0.00000000000000000000e+00) (0, 0, 0.00000000000000000000e+00) (0, 0, 0.00000000000000000000e+00) (0, 0, 0.00000000000000000000e+00) (0, 0, 0.00000000000000000000e+00) (0, 0, 0.00000000000000000000e+00) (0, 0, 0.00000000000000000000e+00) (0, 0, 0.00000000000000000000e+00) (0, 0, 0.00000000000000000000e+00) (0, 0, 0.00000000000000000000e+00) (0, 0, 0.00000000000000000000e+00) (12, 6, 5.00000000000000000000e-01) (12, 6, 5.00000000000000000000e-01) (12, 6, 5.00000000000000000000e-01) (0, 6, 0.00000000000000000000e+00) (4, 4, 5.00000000000000000000e-01) (0, 4, 0.00000000000000000000e+00) 
connections (connected_to_neuron, weight)=(0, 2.12424212263762424158e+00) (1, -1.44586835301965521694e+00) (2, -8.95999355079576731420e-01) (3, 8.17917331427921556752e-01) (4, -4.62429616274559973643e-01) (5, -4.68538453422083611688e-01) (6, -4.31912819748964560418e-01) (7, 3.55652884334018648538e-01) (8, -7.70136540105011146995e-02) (9, -8.57130748560908983791e-01) (10, 2.40510627415784633554e-01) (11, 9.87008518363533871032e-01) (0, -2.81595764293687311763e+00) (1, 2.45675776160264591752e+00) (2, 1.34955390401066033235e+00) (3, -4.31097617157085832851e-01) (4, 1.76092431146795624919e+00) (5, 1.34488078419872691960e+00) (6, 1.09577266119141647494e+00) (7, 2.06716379719439125040e+00) (8, 9.07308334894879386923e-01) (9, 2.06011072380892334976e+00) (10, 2.41812332338989272040e-01) (11, -1.64057855403196795052e+00) (0, -1.62309641283118888389e+00) (1, 1.04663625097210988280e+00) (2, 2.86421617015061436007e+00) (3, -2.02867252490180094426e+00) (4, 2.61131082228377442433e+00) (5, 1.64807347628617684165e+00) (6, 1.97946402755929695694e+00) (7, 6.51793108184817282513e-01) (8, -4.36675506868597240739e-01) (9, 1.49886817052775223047e+00) (10, -1.01460346688472757837e-01) (11, -1.01943446689080374767e+00) (12, -1.34216412143981855820e+01) (13, 9.46615826262846127293e+00) (14, 1.92238233910878015820e+01) (15, -1.03864666224282209406e+00) 
