FANN_FLO_2.1
num_layers=3
learning_rate=0.700000
connection_rate=1.000000
network_type=0
learning_momentum=0.000000
training_algorithm=2
train_error_function=1
train_stop_function=1
cascade_output_change_fraction=0.010000
quickprop_decay=-0.000100
quickprop_mu=1.750000
rprop_increase_factor=1.200000
rprop_decrease_factor=0.500000
rprop_delta_min=0.000000
rprop_delta_max=50.000000
rprop_delta_zero=0.100000
cascade_output_stagnation_epochs=12
cascade_candidate_change_fraction=0.010000
cascade_candidate_stagnation_epochs=12
cascade_max_out_epochs=150
cascade_min_out_epochs=50
cascade_max_cand_epochs=150
cascade_min_cand_epochs=50
cascade_num_candidate_groups=2
bit_fail_limit=1.00000000000000005551e-01
cascade_candidate_limit=1.00000000000000000000e+03
cascade_weight_multiplier=4.00000000000000022204e-01
cascade_activation_functions_count=10
cascade_activation_functions=3 5 7 8 10 11 14 15 16 17 
cascade_activation_steepnesses_count=4
cascade_activation_steepnesses=2.50000000000000000000e-01 5.00000000000000000000e-01 7.50000000000000000000e-01 1.00000000000000000000e+00 
layer_sizes=15 4 2 
scale_included=0
neurons (num_inputs, activation_function, activation_steepness)=(0, 0, 0.00000000000000000000e+00) (0, 0, 0.00000000000000000000e+00) (0, 0, 0.00000000000000000000e+00) (0, 0, 0.00000000000000000000e+00) (0, 0, 0.00000000000000000000e+00) (0, 0, 0.00000000000000000000e+00) (0, 0, 0.00000000000000000000e+00) (0, 0, 0.00000000000000000000e+00) (0, 0, 0.00000000000000000000e+00) (0, 0, 0.00000000000000000000e+00) (0, 0, 0.00000000000000000000e+00) (0, 0, 0.00000000000000000000e+00) (0, 0, 0.00000000000000000000e+00) (0, 0, 0.00000000000000000000e+00) (0, 0, 0.00000000000000000000e+00) (15, 6, 5.00000000000000000000e-01) (15, 6, 5.00000000000000000000e-01) (15, 6, 5.00000000000000000000e-01) (0, 6, 0.00000000000000000000e+00) (4, 4, 5.00000000000000000000e-01) (0, 4, 0.00000000000000000000e+00) 
connections (connected_to_neuron, weight)=(0, -6.48412562582240670217e-01) (1, 9.95097662080998146550e-01) (2, 1.44509900162081916797e+00) (3, 6.83520844977364011585e-02) (4, 7.13495153489757227838e-01) (5, -2.99938281881928836548e-01) (6, 7.19663245226243253327e-01) (7, 6.89033722673152576599e-02) (8, 4.23774173011553179080e-01) (9, 3.47209732657912772957e-01) (10, 6.88665873236091408138e-01) (11, -1.36217270404306672882e-01) (12, 3.26865005874338088177e-01) (13, 3.09619697902571433534e-01) (14, -6.67845391766370033437e-01) (0, -1.81133394246730294874e+00) (1, 1.41232531629493274217e+00) (2, 1.70149455747954614360e+00) (3, 2.91864462594499385339e-01) (4, 1.79446198258939704218e+00) (5, -6.30834163360126320974e-01) (6, 1.51429590973041539037e+00) (7, 7.59496437099753785027e-01) (8, 3.36413737113928912326e-01) (9, 8.09039051020085220323e-01) (10, 1.63097585889752538790e+00) (11, -2.02423384719911447771e-01) (12, 1.51329734862426712461e+00) (13, 1.64092608475180368188e+00) (14, -1.87530922448071923903e+00) (0, -1.72210520064267647022e+00) (1, 2.22047200437488712055e+00) (2, 1.72931125543467767436e+00) (3, 2.00578470180740153772e-01) (4, 2.40966316805463987016e-01) (5, -1.09043983288543433474e+00) (6, 1.44015933218381886327e+00) (7, 7.51005710748015808953e-01) (8, 3.60981531168675595644e-01) (9, 8.23508138143956069932e-01) (10, 1.65214764478858144869e+00) (11, -5.89309261382716886857e-01) (12, 1.46010777295211746640e+00) (13, 1.55882759326191644433e+00) (14, -1.90966922348174539259e+00) (15, 1.48301223108421531549e+00) (16, 3.00888760170201408073e+01) (17, 1.39282014145470309785e+01) (18, -1.77910688077840295485e+00) 
