FANN_FLO_2.1
num_layers=3
learning_rate=0.700000
connection_rate=1.000000
network_type=0
learning_momentum=0.000000
training_algorithm=2
train_error_function=1
train_stop_function=1
cascade_output_change_fraction=0.010000
quickprop_decay=-0.000100
quickprop_mu=1.750000
rprop_increase_factor=1.200000
rprop_decrease_factor=0.500000
rprop_delta_min=0.000000
rprop_delta_max=50.000000
rprop_delta_zero=0.100000
cascade_output_stagnation_epochs=12
cascade_candidate_change_fraction=0.010000
cascade_candidate_stagnation_epochs=12
cascade_max_out_epochs=150
cascade_min_out_epochs=50
cascade_max_cand_epochs=150
cascade_min_cand_epochs=50
cascade_num_candidate_groups=2
bit_fail_limit=1.00000000000000005551e-01
cascade_candidate_limit=1.00000000000000000000e+03
cascade_weight_multiplier=4.00000000000000022204e-01
cascade_activation_functions_count=10
cascade_activation_functions=3 5 7 8 10 11 14 15 16 17 
cascade_activation_steepnesses_count=4
cascade_activation_steepnesses=2.50000000000000000000e-01 5.00000000000000000000e-01 7.50000000000000000000e-01 1.00000000000000000000e+00 
layer_sizes=13 4 2 
scale_included=0
neurons (num_inputs, activation_function, activation_steepness)=(0, 0, 0.00000000000000000000e+00) (0, 0, 0.00000000000000000000e+00) (0, 0, 0.00000000000000000000e+00) (0, 0, 0.00000000000000000000e+00) (0, 0, 0.00000000000000000000e+00) (0, 0, 0.00000000000000000000e+00) (0, 0, 0.00000000000000000000e+00) (0, 0, 0.00000000000000000000e+00) (0, 0, 0.00000000000000000000e+00) (0, 0, 0.00000000000000000000e+00) (0, 0, 0.00000000000000000000e+00) (0, 0, 0.00000000000000000000e+00) (0, 0, 0.00000000000000000000e+00) (13, 6, 5.00000000000000000000e-01) (13, 6, 5.00000000000000000000e-01) (13, 6, 5.00000000000000000000e-01) (0, 6, 0.00000000000000000000e+00) (4, 4, 5.00000000000000000000e-01) (0, 4, 0.00000000000000000000e+00) 
connections (connected_to_neuron, weight)=(0, -4.85149119908740378282e-01) (1, 7.13793990285052415423e-01) (2, 5.40496430714863529410e-01) (3, 1.38201882825430069635e-03) (4, 5.82451533761705775305e-01) (5, 3.09448871732016206337e+00) (6, 2.46658371389453634492e+00) (7, 1.67786860617757072056e+00) (8, 1.12975527098962391648e+00) (9, 3.65888928821701542304e-01) (10, -1.47290184897599957248e-01) (11, 8.37138043805885356807e-02) (12, -4.36162707323958731553e-01) (0, -3.70104226344110720515e-01) (1, 8.28083232128029256280e-01) (2, 3.97537978873186426121e-01) (3, 6.93607955032733286549e-02) (4, 7.45263240473952537357e-01) (5, 1.03629591180497082625e+00) (6, 8.00672173455094005057e-01) (7, 1.65754301856551111705e+00) (8, 2.01302408982344388511e-01) (9, 1.03021194361925449989e+00) (10, 1.55358273858452855531e-01) (11, 6.87437210328107617396e-02) (12, -1.04988868111357033786e-01) (0, -2.01132737505118486254e+00) (1, 2.47590971500088663504e+00) (2, 2.14474875116639474015e+00) (3, -9.46914273849420451423e-02) (4, 4.89902453908618862322e-01) (5, 2.14507156566860013314e+00) (6, 8.20456404386063264944e-01) (7, 2.00553483123546438804e+00) (8, 1.26933675056857575569e+00) (9, 1.23396687271410043785e+00) (10, -1.62679323886960019996e-01) (11, 7.40032017719580159643e-02) (12, -2.37786011398868035727e+00) (13, 2.00701202307602954988e+00) (14, 1.50559262847674091290e+00) (15, 1.83122091135512974347e+01) (16, -2.62638586547297681051e+00) 
