FANN_FLO_2.1
num_layers=3
learning_rate=0.700000
connection_rate=1.000000
network_type=0
learning_momentum=0.000000
training_algorithm=2
train_error_function=1
train_stop_function=1
cascade_output_change_fraction=0.010000
quickprop_decay=-0.000100
quickprop_mu=1.750000
rprop_increase_factor=1.200000
rprop_decrease_factor=0.500000
rprop_delta_min=0.000000
rprop_delta_max=50.000000
rprop_delta_zero=0.100000
cascade_output_stagnation_epochs=12
cascade_candidate_change_fraction=0.010000
cascade_candidate_stagnation_epochs=12
cascade_max_out_epochs=150
cascade_min_out_epochs=50
cascade_max_cand_epochs=150
cascade_min_cand_epochs=50
cascade_num_candidate_groups=2
bit_fail_limit=1.00000000000000005551e-01
cascade_candidate_limit=1.00000000000000000000e+03
cascade_weight_multiplier=4.00000000000000022204e-01
cascade_activation_functions_count=10
cascade_activation_functions=3 5 7 8 10 11 14 15 16 17 
cascade_activation_steepnesses_count=4
cascade_activation_steepnesses=2.50000000000000000000e-01 5.00000000000000000000e-01 7.50000000000000000000e-01 1.00000000000000000000e+00 
layer_sizes=15 4 2 
scale_included=0
neurons (num_inputs, activation_function, activation_steepness)=(0, 0, 0.00000000000000000000e+00) (0, 0, 0.00000000000000000000e+00) (0, 0, 0.00000000000000000000e+00) (0, 0, 0.00000000000000000000e+00) (0, 0, 0.00000000000000000000e+00) (0, 0, 0.00000000000000000000e+00) (0, 0, 0.00000000000000000000e+00) (0, 0, 0.00000000000000000000e+00) (0, 0, 0.00000000000000000000e+00) (0, 0, 0.00000000000000000000e+00) (0, 0, 0.00000000000000000000e+00) (0, 0, 0.00000000000000000000e+00) (0, 0, 0.00000000000000000000e+00) (0, 0, 0.00000000000000000000e+00) (0, 0, 0.00000000000000000000e+00) (15, 6, 5.00000000000000000000e-01) (15, 6, 5.00000000000000000000e-01) (15, 6, 5.00000000000000000000e-01) (0, 6, 0.00000000000000000000e+00) (4, 4, 5.00000000000000000000e-01) (0, 4, 0.00000000000000000000e+00) 
connections (connected_to_neuron, weight)=(0, -6.87662234160095486857e+00) (1, -6.52914146723154420471e+00) (2, 2.83959461370942900516e+00) (3, 2.48921722706484445098e+01) (4, -4.57247927291689060247e-01) (5, -1.46636891769212263092e+00) (6, -2.21230006177548732538e+00) (7, 8.56268753479836663978e-01) (8, 1.12175359518968020822e+00) (9, 1.55784936596990974955e+00) (10, -1.50000000000000000000e+03) (11, -7.83595079487770703963e+02) (12, -1.50000000000000000000e+03) (13, -1.50000000000000000000e+03) (14, -6.07817443396345205575e-02) (0, 2.69052197066556919580e+00) (1, 1.80249199603703780248e+00) (2, -1.13854762528914621456e+00) (3, -6.59895111742703210922e+00) (4, 9.37681713011462858454e-01) (5, -1.92331469503116386788e-01) (6, 1.72911928957981042565e+00) (7, -1.18834742362209544453e+00) (8, -5.38901647193998467600e+00) (9, -7.87660460278228002906e-01) (10, 2.97752022744606961169e+01) (11, -1.72959952564496717287e+01) (12, -3.19239457645716528944e+00) (13, 2.27117985911629766127e-01) (14, 5.21542320544370774371e-01) (0, -8.87666662794303285011e+00) (1, 8.60549668307049181459e-02) (2, 3.05546419363082222276e+00) (3, 4.79452212171142289066e+00) (4, -1.71882448901943729602e+00) (5, -2.16116698213508362514e+00) (6, -3.10319734272347202975e+00) (7, -5.25925965664191030768e-01) (8, 3.91837402028399708342e+01) (9, 4.97666391634117466491e-01) (10, -6.29192676787937443805e+00) (11, 1.08558494610777245271e+01) (12, 9.08691843607238602942e+00) (13, -1.05192921595430277648e+01) (14, -3.19850231982520805118e+00) (15, 2.20626796634975015365e+01) (16, 3.82357721632710862991e+01) (17, 1.71504761147880913086e+01) (18, -1.18603802950722858611e+00) 
