FANN_FLO_2.1
num_layers=3
learning_rate=0.700000
connection_rate=1.000000
network_type=0
learning_momentum=0.000000
training_algorithm=2
train_error_function=1
train_stop_function=1
cascade_output_change_fraction=0.010000
quickprop_decay=-0.000100
quickprop_mu=1.750000
rprop_increase_factor=1.200000
rprop_decrease_factor=0.500000
rprop_delta_min=0.000000
rprop_delta_max=50.000000
rprop_delta_zero=0.100000
cascade_output_stagnation_epochs=12
cascade_candidate_change_fraction=0.010000
cascade_candidate_stagnation_epochs=12
cascade_max_out_epochs=150
cascade_min_out_epochs=50
cascade_max_cand_epochs=150
cascade_min_cand_epochs=50
cascade_num_candidate_groups=2
bit_fail_limit=1.00000000000000005551e-01
cascade_candidate_limit=1.00000000000000000000e+03
cascade_weight_multiplier=4.00000000000000022204e-01
cascade_activation_functions_count=10
cascade_activation_functions=3 5 7 8 10 11 14 15 16 17 
cascade_activation_steepnesses_count=4
cascade_activation_steepnesses=2.50000000000000000000e-01 5.00000000000000000000e-01 7.50000000000000000000e-01 1.00000000000000000000e+00 
layer_sizes=10 4 2 
scale_included=0
neurons (num_inputs, activation_function, activation_steepness)=(0, 0, 0.00000000000000000000e+00) (0, 0, 0.00000000000000000000e+00) (0, 0, 0.00000000000000000000e+00) (0, 0, 0.00000000000000000000e+00) (0, 0, 0.00000000000000000000e+00) (0, 0, 0.00000000000000000000e+00) (0, 0, 0.00000000000000000000e+00) (0, 0, 0.00000000000000000000e+00) (0, 0, 0.00000000000000000000e+00) (0, 0, 0.00000000000000000000e+00) (10, 6, 5.00000000000000000000e-01) (10, 6, 5.00000000000000000000e-01) (10, 6, 5.00000000000000000000e-01) (0, 6, 0.00000000000000000000e+00) (4, 4, 5.00000000000000000000e-01) (0, 4, 0.00000000000000000000e+00) 
connections (connected_to_neuron, weight)=(0, 4.21522543977319585906e-01) (1, -8.15951530603483271564e-02) (2, 2.20031578395825588856e+00) (3, 2.48139772019790372237e-01) (4, -3.52909378184733529826e-02) (5, -6.94029359938099776883e-02) (6, -4.71158807114634564650e-02) (7, 2.30028976802092754994e+00) (8, 1.39598976276325004164e-01) (9, -1.83433110726591269701e-01) (0, 1.43035345897249144276e-01) (1, 3.41125507398930549741e-02) (2, 5.75655587752785358191e+00) (3, -2.46498694855156713635e-01) (4, -5.33963213160472460750e-01) (5, -4.89506415677148198906e-01) (6, 8.85011930509892741359e-02) (7, 5.90339948227133426428e+00) (8, -2.64802655416909060726e-01) (9, -1.02434408683101096926e+00) (0, 3.53685073456340093312e-01) (1, 6.51967008158055583156e-02) (2, 5.89347587516035709143e+00) (3, -3.59671326565924487362e-01) (4, -5.71417684152560778621e-01) (5, -5.01711927008706481956e-01) (6, 1.11603219553318977475e-02) (7, 5.81829521050181064368e+00) (8, -2.76543235618058047542e-01) (9, -1.03722951579610267459e+00) (10, 7.98604427259870019995e-01) (11, 5.84244378646340045691e+00) (12, 5.90729577829565677405e+00) (13, -9.38138976877130659204e-01) 
