FANN_FLO_2.1
num_layers=3
learning_rate=0.700000
connection_rate=1.000000
network_type=0
learning_momentum=0.000000
training_algorithm=2
train_error_function=1
train_stop_function=1
cascade_output_change_fraction=0.010000
quickprop_decay=-0.000100
quickprop_mu=1.750000
rprop_increase_factor=1.200000
rprop_decrease_factor=0.500000
rprop_delta_min=0.000000
rprop_delta_max=50.000000
rprop_delta_zero=0.100000
cascade_output_stagnation_epochs=12
cascade_candidate_change_fraction=0.010000
cascade_candidate_stagnation_epochs=12
cascade_max_out_epochs=150
cascade_min_out_epochs=50
cascade_max_cand_epochs=150
cascade_min_cand_epochs=50
cascade_num_candidate_groups=2
bit_fail_limit=1.00000000000000005551e-01
cascade_candidate_limit=1.00000000000000000000e+03
cascade_weight_multiplier=4.00000000000000022204e-01
cascade_activation_functions_count=10
cascade_activation_functions=3 5 7 8 10 11 14 15 16 17 
cascade_activation_steepnesses_count=4
cascade_activation_steepnesses=2.50000000000000000000e-01 5.00000000000000000000e-01 7.50000000000000000000e-01 1.00000000000000000000e+00 
layer_sizes=10 4 2 
scale_included=0
neurons (num_inputs, activation_function, activation_steepness)=(0, 0, 0.00000000000000000000e+00) (0, 0, 0.00000000000000000000e+00) (0, 0, 0.00000000000000000000e+00) (0, 0, 0.00000000000000000000e+00) (0, 0, 0.00000000000000000000e+00) (0, 0, 0.00000000000000000000e+00) (0, 0, 0.00000000000000000000e+00) (0, 0, 0.00000000000000000000e+00) (0, 0, 0.00000000000000000000e+00) (0, 0, 0.00000000000000000000e+00) (10, 6, 5.00000000000000000000e-01) (10, 6, 5.00000000000000000000e-01) (10, 6, 5.00000000000000000000e-01) (0, 6, 0.00000000000000000000e+00) (4, 4, 5.00000000000000000000e-01) (0, 4, 0.00000000000000000000e+00) 
connections (connected_to_neuron, weight)=(0, 1.15295538709262479493e+00) (1, -4.00490640182597079644e+00) (2, 7.32185705040239165342e-01) (3, -1.80042497786439631424e-01) (4, 1.79558048410935899852e+00) (5, 7.76013049076583194541e-01) (6, -1.25256040398940271530e+00) (7, 3.12561783275240800961e+00) (8, 8.15392012487437534141e-01) (9, 8.02689659188773441123e-01) (0, -9.88268672120736352271e-02) (1, 2.79837623458021811373e+00) (2, 1.30217684231409269735e+00) (3, 1.22430042788102588780e+00) (4, -1.83651457165456472032e-01) (5, 1.10174682548373953361e-01) (6, 2.49011587336368273027e-01) (7, -9.15109797419695558673e-01) (8, 1.86495893174554477900e-01) (9, 1.03511285593837515373e-01) (0, -1.05012050966933978557e+00) (1, 1.53884683126756094396e+01) (2, 8.43976569300976087185e-01) (3, 8.01589520326397408923e-01) (4, -1.92877524364539087998e+00) (5, -1.67031577649266599339e-01) (6, 1.79804674527603558509e+00) (7, -2.75836678429239645638e+00) (8, -2.13991849544198420308e-01) (9, -1.93838110985906003636e-01) (10, -5.40055100198889359575e+00) (11, 8.82962453170966665716e-01) (12, 6.12292939130252289459e+00) (13, -5.13443277340091319694e-01) 
