FANN_FLO_2.1
num_layers=3
learning_rate=0.700000
connection_rate=1.000000
network_type=0
learning_momentum=0.000000
training_algorithm=2
train_error_function=1
train_stop_function=1
cascade_output_change_fraction=0.010000
quickprop_decay=-0.000100
quickprop_mu=1.750000
rprop_increase_factor=1.200000
rprop_decrease_factor=0.500000
rprop_delta_min=0.000000
rprop_delta_max=50.000000
rprop_delta_zero=0.100000
cascade_output_stagnation_epochs=12
cascade_candidate_change_fraction=0.010000
cascade_candidate_stagnation_epochs=12
cascade_max_out_epochs=150
cascade_min_out_epochs=50
cascade_max_cand_epochs=150
cascade_min_cand_epochs=50
cascade_num_candidate_groups=2
bit_fail_limit=1.00000000000000005551e-01
cascade_candidate_limit=1.00000000000000000000e+03
cascade_weight_multiplier=4.00000000000000022204e-01
cascade_activation_functions_count=10
cascade_activation_functions=3 5 7 8 10 11 14 15 16 17 
cascade_activation_steepnesses_count=4
cascade_activation_steepnesses=2.50000000000000000000e-01 5.00000000000000000000e-01 7.50000000000000000000e-01 1.00000000000000000000e+00 
layer_sizes=6 4 2 
scale_included=0
neurons (num_inputs, activation_function, activation_steepness)=(0, 0, 0.00000000000000000000e+00) (0, 0, 0.00000000000000000000e+00) (0, 0, 0.00000000000000000000e+00) (0, 0, 0.00000000000000000000e+00) (0, 0, 0.00000000000000000000e+00) (0, 0, 0.00000000000000000000e+00) (6, 6, 5.00000000000000000000e-01) (6, 6, 5.00000000000000000000e-01) (6, 6, 5.00000000000000000000e-01) (0, 6, 0.00000000000000000000e+00) (4, 4, 5.00000000000000000000e-01) (0, 4, 0.00000000000000000000e+00) 
connections (connected_to_neuron, weight)=(0, 3.00910208247927302150e-01) (1, -1.23140047023039578278e+00) (2, -2.31880572500875112296e-02) (3, 4.87702680898769225237e-01) (4, 4.98217930830824495825e-01) (5, 7.04573935207842283468e-01) (0, 1.08479310937651299285e-01) (1, 1.63928862504825545443e+00) (2, 1.65552878408301629154e-01) (3, -2.57068411355967745002e-02) (4, 1.04726810292866991114e-02) (5, -8.85081143729338909454e-02) (0, -1.12115022978380787788e-01) (1, 2.52229455621005893562e+00) (2, 7.92420961174031601715e-01) (3, -3.08456477149052554765e-01) (4, -9.78110718595050082635e-02) (5, -6.72215597671136033675e-01) (6, -2.97063362560863097883e+01) (7, 1.34928912858352489934e+00) (8, 4.42249893731267018637e+00) (9, -2.41502040155486241702e+00) 
