FANN_FLO_2.1
num_layers=3
learning_rate=0.700000
connection_rate=1.000000
network_type=0
learning_momentum=0.000000
training_algorithm=2
train_error_function=1
train_stop_function=1
cascade_output_change_fraction=0.010000
quickprop_decay=-0.000100
quickprop_mu=1.750000
rprop_increase_factor=1.200000
rprop_decrease_factor=0.500000
rprop_delta_min=0.000000
rprop_delta_max=50.000000
rprop_delta_zero=0.100000
cascade_output_stagnation_epochs=12
cascade_candidate_change_fraction=0.010000
cascade_candidate_stagnation_epochs=12
cascade_max_out_epochs=150
cascade_min_out_epochs=50
cascade_max_cand_epochs=150
cascade_min_cand_epochs=50
cascade_num_candidate_groups=2
bit_fail_limit=1.00000000000000005551e-01
cascade_candidate_limit=1.00000000000000000000e+03
cascade_weight_multiplier=4.00000000000000022204e-01
cascade_activation_functions_count=10
cascade_activation_functions=3 5 7 8 10 11 14 15 16 17 
cascade_activation_steepnesses_count=4
cascade_activation_steepnesses=2.50000000000000000000e-01 5.00000000000000000000e-01 7.50000000000000000000e-01 1.00000000000000000000e+00 
layer_sizes=12 4 2 
scale_included=0
neurons (num_inputs, activation_function, activation_steepness)=(0, 0, 0.00000000000000000000e+00) (0, 0, 0.00000000000000000000e+00) (0, 0, 0.00000000000000000000e+00) (0, 0, 0.00000000000000000000e+00) (0, 0, 0.00000000000000000000e+00) (0, 0, 0.00000000000000000000e+00) (0, 0, 0.00000000000000000000e+00) (0, 0, 0.00000000000000000000e+00) (0, 0, 0.00000000000000000000e+00) (0, 0, 0.00000000000000000000e+00) (0, 0, 0.00000000000000000000e+00) (0, 0, 0.00000000000000000000e+00) (12, 6, 5.00000000000000000000e-01) (12, 6, 5.00000000000000000000e-01) (12, 6, 5.00000000000000000000e-01) (0, 6, 0.00000000000000000000e+00) (4, 4, 5.00000000000000000000e-01) (0, 4, 0.00000000000000000000e+00) 
connections (connected_to_neuron, weight)=(0, 3.93404872440396458089e-01) (1, -1.28369143346629899227e+00) (2, -4.55023853748019457832e-01) (3, 2.60968932196019309799e+00) (4, -1.12816798332233876323e+01) (5, 1.29358616806329562721e+00) (6, 3.99858128691004566235e-01) (7, 8.55219488707636199543e-01) (8, 6.34332941831380892062e-02) (9, -4.17842868720046112241e-01) (10, 8.69655384643206463835e-01) (11, 5.01300549750702706397e-01) (0, 3.52357192623552473165e+00) (1, -4.50212038270133785289e+00) (2, -6.56322267939558834371e+00) (3, -4.80477758415499245359e+00) (4, -2.02808786019366671383e+00) (5, -8.33512626759915953301e+00) (6, -8.76489663616918157629e+00) (7, 1.19956954997457354573e+00) (8, 1.59228139669698576242e+00) (9, -4.50499528565841078631e+00) (10, -2.08383325369463356935e+00) (11, 6.04695874968409707861e+00) (0, -2.84783051096984518580e+00) (1, 2.18852472513597229309e+00) (2, 1.86223111008573138925e+00) (3, -8.84753819944023800481e-01) (4, 4.62071888214907189329e-01) (5, 2.16701622445278818674e+00) (6, 2.36901867383189390637e+00) (7, 3.80128038917010302455e+00) (8, -8.61885253011725888106e-03) (9, 3.01410247240076278885e+00) (10, -4.48353596966085121700e-01) (11, -1.72295269432121322950e+00) (12, -6.54191439297702537203e+00) (13, -6.10740460729232825798e+00) (14, 8.58720210824225027579e+00) (15, -1.51956138726853384746e+00) 
