FANN_FLO_2.1
num_layers=3
learning_rate=0.700000
connection_rate=1.000000
network_type=0
learning_momentum=0.000000
training_algorithm=2
train_error_function=1
train_stop_function=1
cascade_output_change_fraction=0.010000
quickprop_decay=-0.000100
quickprop_mu=1.750000
rprop_increase_factor=1.200000
rprop_decrease_factor=0.500000
rprop_delta_min=0.000000
rprop_delta_max=50.000000
rprop_delta_zero=0.100000
cascade_output_stagnation_epochs=12
cascade_candidate_change_fraction=0.010000
cascade_candidate_stagnation_epochs=12
cascade_max_out_epochs=150
cascade_min_out_epochs=50
cascade_max_cand_epochs=150
cascade_min_cand_epochs=50
cascade_num_candidate_groups=2
bit_fail_limit=1.00000000000000005551e-01
cascade_candidate_limit=1.00000000000000000000e+03
cascade_weight_multiplier=4.00000000000000022204e-01
cascade_activation_functions_count=10
cascade_activation_functions=3 5 7 8 10 11 14 15 16 17 
cascade_activation_steepnesses_count=4
cascade_activation_steepnesses=2.50000000000000000000e-01 5.00000000000000000000e-01 7.50000000000000000000e-01 1.00000000000000000000e+00 
layer_sizes=17 4 2 
scale_included=0
neurons (num_inputs, activation_function, activation_steepness)=(0, 0, 0.00000000000000000000e+00) (0, 0, 0.00000000000000000000e+00) (0, 0, 0.00000000000000000000e+00) (0, 0, 0.00000000000000000000e+00) (0, 0, 0.00000000000000000000e+00) (0, 0, 0.00000000000000000000e+00) (0, 0, 0.00000000000000000000e+00) (0, 0, 0.00000000000000000000e+00) (0, 0, 0.00000000000000000000e+00) (0, 0, 0.00000000000000000000e+00) (0, 0, 0.00000000000000000000e+00) (0, 0, 0.00000000000000000000e+00) (0, 0, 0.00000000000000000000e+00) (0, 0, 0.00000000000000000000e+00) (0, 0, 0.00000000000000000000e+00) (0, 0, 0.00000000000000000000e+00) (0, 0, 0.00000000000000000000e+00) (17, 6, 5.00000000000000000000e-01) (17, 6, 5.00000000000000000000e-01) (17, 6, 5.00000000000000000000e-01) (0, 6, 0.00000000000000000000e+00) (4, 4, 5.00000000000000000000e-01) (0, 4, 0.00000000000000000000e+00) 
connections (connected_to_neuron, weight)=(0, -1.38423508276028393027e+01) (1, 2.68910730030366407206e+00) (2, 7.38582295096059993078e-01) (3, -1.25712843821973474512e+00) (4, 2.90584109235540788418e+00) (5, 7.31146138953381208303e-01) (6, -3.27435123803213157245e+00) (7, 6.81792128735334586054e+01) (8, 3.37238781725724412475e-01) (9, -3.14089058594897307941e+00) (10, -3.52243877434901042633e-01) (11, 2.83278702344724164774e+00) (12, 4.95555522170217588318e-01) (13, 8.27994429780398721874e-03) (14, -1.56459882647776904463e+00) (15, 4.53569151891470123683e-01) (16, -1.01420442113249367755e-01) (0, -5.48732973979573213086e+00) (1, 1.02991113993956040495e+00) (2, 3.14959658136646947213e-01) (3, -2.16123042074538418422e-01) (4, 9.63298634295861933019e-01) (5, 1.35848521750923878493e+00) (6, -1.12693282771614011750e+00) (7, 2.82251280621198361587e+01) (8, 1.38907795593376337528e+00) (9, -1.23799242552260446715e+00) (10, 3.91221902546749489282e-01) (11, 1.04990155432058762663e+00) (12, 6.45614068236160631997e-01) (13, -4.11510789288803913166e-01) (14, -3.48267503711446435588e-01) (15, 1.93074363050337483028e-01) (16, -2.90830978622472147155e-01) (0, -5.43129866914610826001e+00) (1, 1.09832918512390209642e+00) (2, 4.34247129528137598697e-01) (3, -2.83905131188727566371e-01) (4, 8.28436121945779424536e-01) (5, 1.30267442327496296706e+00) (6, -1.14251503903177220600e+00) (7, 2.82119604498652165603e+01) (8, 6.01720108443897783168e-01) (9, -1.18218505110482263731e+00) (10, 2.86015606698856728052e-01) (11, 1.25314529853628231493e+00) (12, 6.49041201200294848306e-01) (13, -4.53058117522522785237e-01) (14, 6.74228750790636099932e-02) (15, 9.11965979412072691446e-02) (16, -2.65394592156445785491e-01) (17, 9.22948909104570347495e+00) (18, 2.65855945987921860052e+00) (19, 2.71524532107931282354e+00) (20, 6.45955390429149983733e-02) 
