FANN_FLO_2.1
num_layers=3
learning_rate=0.700000
connection_rate=1.000000
network_type=0
learning_momentum=0.000000
training_algorithm=2
train_error_function=1
train_stop_function=1
cascade_output_change_fraction=0.010000
quickprop_decay=-0.000100
quickprop_mu=1.750000
rprop_increase_factor=1.200000
rprop_decrease_factor=0.500000
rprop_delta_min=0.000000
rprop_delta_max=50.000000
rprop_delta_zero=0.100000
cascade_output_stagnation_epochs=12
cascade_candidate_change_fraction=0.010000
cascade_candidate_stagnation_epochs=12
cascade_max_out_epochs=150
cascade_min_out_epochs=50
cascade_max_cand_epochs=150
cascade_min_cand_epochs=50
cascade_num_candidate_groups=2
bit_fail_limit=1.00000000000000005551e-01
cascade_candidate_limit=1.00000000000000000000e+03
cascade_weight_multiplier=4.00000000000000022204e-01
cascade_activation_functions_count=10
cascade_activation_functions=3 5 7 8 10 11 14 15 16 17 
cascade_activation_steepnesses_count=4
cascade_activation_steepnesses=2.50000000000000000000e-01 5.00000000000000000000e-01 7.50000000000000000000e-01 1.00000000000000000000e+00 
layer_sizes=17 4 2 
scale_included=0
neurons (num_inputs, activation_function, activation_steepness)=(0, 0, 0.00000000000000000000e+00) (0, 0, 0.00000000000000000000e+00) (0, 0, 0.00000000000000000000e+00) (0, 0, 0.00000000000000000000e+00) (0, 0, 0.00000000000000000000e+00) (0, 0, 0.00000000000000000000e+00) (0, 0, 0.00000000000000000000e+00) (0, 0, 0.00000000000000000000e+00) (0, 0, 0.00000000000000000000e+00) (0, 0, 0.00000000000000000000e+00) (0, 0, 0.00000000000000000000e+00) (0, 0, 0.00000000000000000000e+00) (0, 0, 0.00000000000000000000e+00) (0, 0, 0.00000000000000000000e+00) (0, 0, 0.00000000000000000000e+00) (0, 0, 0.00000000000000000000e+00) (0, 0, 0.00000000000000000000e+00) (17, 6, 5.00000000000000000000e-01) (17, 6, 5.00000000000000000000e-01) (17, 6, 5.00000000000000000000e-01) (0, 6, 0.00000000000000000000e+00) (4, 4, 5.00000000000000000000e-01) (0, 4, 0.00000000000000000000e+00) 
connections (connected_to_neuron, weight)=(0, 1.63476355083291968739e+00) (1, -2.84394431650281553914e+00) (2, -8.96142616087631127542e-01) (3, 1.30096503676720920417e+00) (4, 1.30730934398123066487e+00) (5, -1.14257849047702442213e+00) (6, -7.34897761527327997300e-01) (7, -2.95497383886856201940e+00) (8, -1.02713979635074181829e+00) (9, -1.60569199965606346225e+00) (10, -2.68656200090156316307e+00) (11, 6.93714829269211352702e-01) (12, -5.07778013405253747514e-01) (13, -2.59305486086206116170e+00) (14, -2.83769874810815458943e+00) (15, -2.77037926209365581443e+00) (16, 2.19417605830113204846e+00) (0, -8.20300276656758420302e-01) (1, 1.11510684585602914964e+00) (2, 1.29045546718430315103e+00) (3, -9.66879578538536343935e-01) (4, -1.38124267119562160744e+00) (5, 2.77900435978749094090e+00) (6, 2.01619413593542029517e+00) (7, 9.22330111275235897672e-01) (8, 1.07910508361049450876e+00) (9, 1.50487971964189015672e+00) (10, 1.09519494931929894932e+00) (11, -2.50440893963282049106e-02) (12, 3.98623576734190743220e-01) (13, 1.25199668467686819895e+00) (14, 1.13704740255938552274e+00) (15, 1.38028710177826563488e+00) (16, -7.27800789764738942367e-01) (0, -3.87688780599737936594e-01) (1, 6.63984158494333343015e-01) (2, 8.82782837296002931282e-01) (3, -2.52143043510510866945e-01) (4, -7.94431449994901894840e-01) (5, 1.01090192821770519238e+00) (6, 8.60545647052871176541e-01) (7, 8.27253142259636864431e-01) (8, 1.36765508931346913002e+00) (9, 1.52951458143779484011e+00) (10, 9.03783731211267427064e-01) (11, -8.78197155322107625430e-01) (12, 3.08550742890455309553e-01) (13, 1.28257159238071505314e+00) (14, 6.51264748161144879646e-01) (15, 1.32198449985670696272e+00) (16, -3.14006945724596753244e-01) (17, -2.44716553752163967772e+01) (18, 4.70484768606590630924e+00) (19, 9.86591937643940708469e-01) (20, -7.00507825948943563255e-01) 
