FANN_FLO_2.1
num_layers=3
learning_rate=0.700000
connection_rate=1.000000
network_type=0
learning_momentum=0.000000
training_algorithm=2
train_error_function=1
train_stop_function=1
cascade_output_change_fraction=0.010000
quickprop_decay=-0.000100
quickprop_mu=1.750000
rprop_increase_factor=1.200000
rprop_decrease_factor=0.500000
rprop_delta_min=0.000000
rprop_delta_max=50.000000
rprop_delta_zero=0.100000
cascade_output_stagnation_epochs=12
cascade_candidate_change_fraction=0.010000
cascade_candidate_stagnation_epochs=12
cascade_max_out_epochs=150
cascade_min_out_epochs=50
cascade_max_cand_epochs=150
cascade_min_cand_epochs=50
cascade_num_candidate_groups=2
bit_fail_limit=1.00000000000000005551e-01
cascade_candidate_limit=1.00000000000000000000e+03
cascade_weight_multiplier=4.00000000000000022204e-01
cascade_activation_functions_count=10
cascade_activation_functions=3 5 7 8 10 11 14 15 16 17 
cascade_activation_steepnesses_count=4
cascade_activation_steepnesses=2.50000000000000000000e-01 5.00000000000000000000e-01 7.50000000000000000000e-01 1.00000000000000000000e+00 
layer_sizes=9 4 2 
scale_included=0
neurons (num_inputs, activation_function, activation_steepness)=(0, 0, 0.00000000000000000000e+00) (0, 0, 0.00000000000000000000e+00) (0, 0, 0.00000000000000000000e+00) (0, 0, 0.00000000000000000000e+00) (0, 0, 0.00000000000000000000e+00) (0, 0, 0.00000000000000000000e+00) (0, 0, 0.00000000000000000000e+00) (0, 0, 0.00000000000000000000e+00) (0, 0, 0.00000000000000000000e+00) (9, 6, 5.00000000000000000000e-01) (9, 6, 5.00000000000000000000e-01) (9, 6, 5.00000000000000000000e-01) (0, 6, 0.00000000000000000000e+00) (4, 4, 5.00000000000000000000e-01) (0, 4, 0.00000000000000000000e+00) 
connections (connected_to_neuron, weight)=(0, -3.20688506165174302964e-01) (1, -3.88927440235587562611e+00) (2, 1.77352860444680686669e+01) (3, 1.87120096685760989308e-01) (4, 3.83292171908438256134e-02) (5, 3.97712490600695828258e-02) (6, 3.45036031333667292387e+00) (7, 1.14064909230322886202e+00) (8, -1.94074463794493473623e-01) (0, 2.22385638540429830812e+00) (1, -1.64666255545404971450e+00) (2, -2.20048696734995541391e+00) (3, 8.15822415418226198902e-01) (4, -1.46598815749302913147e+00) (5, -1.78045145655303382881e+00) (6, -2.16617830118848564425e+00) (7, -1.99212460379263145427e+00) (8, 2.59236678040851176164e+00) (0, 2.26943842654866934083e+00) (1, -1.53286484238294185012e+00) (2, -2.25350695290655789194e+00) (3, 7.68476318932373225756e-01) (4, -1.60634816269293834168e+00) (5, -1.72838124120860481270e+00) (6, -2.13126222065402748385e+00) (7, -2.11690113107820732097e+00) (8, 2.61220420456756174943e+00) (9, 2.13543938095341134797e+00) (10, -1.38351477164377101303e+01) (11, -2.58280002278625957501e+01) (12, -1.47650628500108682672e+00) 
