FANN_FLO_2.1
num_layers=3
learning_rate=0.700000
connection_rate=1.000000
network_type=0
learning_momentum=0.000000
training_algorithm=2
train_error_function=1
train_stop_function=1
cascade_output_change_fraction=0.010000
quickprop_decay=-0.000100
quickprop_mu=1.750000
rprop_increase_factor=1.200000
rprop_decrease_factor=0.500000
rprop_delta_min=0.000000
rprop_delta_max=50.000000
rprop_delta_zero=0.100000
cascade_output_stagnation_epochs=12
cascade_candidate_change_fraction=0.010000
cascade_candidate_stagnation_epochs=12
cascade_max_out_epochs=150
cascade_min_out_epochs=50
cascade_max_cand_epochs=150
cascade_min_cand_epochs=50
cascade_num_candidate_groups=2
bit_fail_limit=1.00000000000000005551e-01
cascade_candidate_limit=1.00000000000000000000e+03
cascade_weight_multiplier=4.00000000000000022204e-01
cascade_activation_functions_count=10
cascade_activation_functions=3 5 7 8 10 11 14 15 16 17 
cascade_activation_steepnesses_count=4
cascade_activation_steepnesses=2.50000000000000000000e-01 5.00000000000000000000e-01 7.50000000000000000000e-01 1.00000000000000000000e+00 
layer_sizes=13 4 2 
scale_included=0
neurons (num_inputs, activation_function, activation_steepness)=(0, 0, 0.00000000000000000000e+00) (0, 0, 0.00000000000000000000e+00) (0, 0, 0.00000000000000000000e+00) (0, 0, 0.00000000000000000000e+00) (0, 0, 0.00000000000000000000e+00) (0, 0, 0.00000000000000000000e+00) (0, 0, 0.00000000000000000000e+00) (0, 0, 0.00000000000000000000e+00) (0, 0, 0.00000000000000000000e+00) (0, 0, 0.00000000000000000000e+00) (0, 0, 0.00000000000000000000e+00) (0, 0, 0.00000000000000000000e+00) (0, 0, 0.00000000000000000000e+00) (13, 6, 5.00000000000000000000e-01) (13, 6, 5.00000000000000000000e-01) (13, 6, 5.00000000000000000000e-01) (0, 6, 0.00000000000000000000e+00) (4, 4, 5.00000000000000000000e-01) (0, 4, 0.00000000000000000000e+00) 
connections (connected_to_neuron, weight)=(0, 2.63695651667210668734e+01) (1, -3.00724411367174866427e+01) (2, -3.85123681206898271778e-01) (3, -1.74720910569822081015e+01) (4, 7.20440387695517898692e+01) (5, -1.28568343245865879254e+01) (6, -4.91257711682620126226e+01) (7, -9.15481450023958664985e+00) (8, 1.27555453397862561538e-01) (9, -1.28653405132451297277e+01) (10, 1.27087678095725020722e-01) (11, -1.36110674391504193892e+01) (12, -1.37975626359289882394e+00) (0, -1.36941537161165105552e+00) (1, 3.83097821241396729874e+00) (2, 3.70955286305460374408e+00) (3, 2.43732328837757439288e+00) (4, 2.21370451249259847515e+00) (5, 1.41284829715455160226e+01) (6, -1.55947007472008225548e+00) (7, 1.43584559692187951896e+00) (8, 3.04590325556812802077e+00) (9, 1.41467687126120083008e+01) (10, 2.55474441405814678419e+00) (11, 1.53468136090056024301e+01) (12, -1.82596880960563412444e+00) (0, -2.76205614001837602700e+01) (1, 6.33679717019676047585e+00) (2, 2.33356189678499692519e+00) (3, 7.82852084133161341128e+00) (4, -1.67713483402277829803e+00) (5, 2.03604040258993457257e+00) (6, -6.31139940809119881493e+00) (7, 4.72311022858926410350e+00) (8, 2.86169893416497833627e+00) (9, 2.21296517637869438744e+00) (10, 3.52601573034700921383e+00) (11, 2.19584302781916040903e-01) (12, -1.95924430524012760380e+00) (13, 1.98992520663757694876e+01) (14, 1.83504521258656758675e+01) (15, 1.29993024525904363742e+01) (16, -6.65722929471074253982e-01) 
