FANN_FLO_2.1
num_layers=3
learning_rate=0.700000
connection_rate=1.000000
network_type=0
learning_momentum=0.000000
training_algorithm=2
train_error_function=1
train_stop_function=1
cascade_output_change_fraction=0.010000
quickprop_decay=-0.000100
quickprop_mu=1.750000
rprop_increase_factor=1.200000
rprop_decrease_factor=0.500000
rprop_delta_min=0.000000
rprop_delta_max=50.000000
rprop_delta_zero=0.100000
cascade_output_stagnation_epochs=12
cascade_candidate_change_fraction=0.010000
cascade_candidate_stagnation_epochs=12
cascade_max_out_epochs=150
cascade_min_out_epochs=50
cascade_max_cand_epochs=150
cascade_min_cand_epochs=50
cascade_num_candidate_groups=2
bit_fail_limit=1.00000000000000005551e-01
cascade_candidate_limit=1.00000000000000000000e+03
cascade_weight_multiplier=4.00000000000000022204e-01
cascade_activation_functions_count=10
cascade_activation_functions=3 5 7 8 10 11 14 15 16 17 
cascade_activation_steepnesses_count=4
cascade_activation_steepnesses=2.50000000000000000000e-01 5.00000000000000000000e-01 7.50000000000000000000e-01 1.00000000000000000000e+00 
layer_sizes=11 4 2 
scale_included=0
neurons (num_inputs, activation_function, activation_steepness)=(0, 0, 0.00000000000000000000e+00) (0, 0, 0.00000000000000000000e+00) (0, 0, 0.00000000000000000000e+00) (0, 0, 0.00000000000000000000e+00) (0, 0, 0.00000000000000000000e+00) (0, 0, 0.00000000000000000000e+00) (0, 0, 0.00000000000000000000e+00) (0, 0, 0.00000000000000000000e+00) (0, 0, 0.00000000000000000000e+00) (0, 0, 0.00000000000000000000e+00) (0, 0, 0.00000000000000000000e+00) (11, 6, 5.00000000000000000000e-01) (11, 6, 5.00000000000000000000e-01) (11, 6, 5.00000000000000000000e-01) (0, 6, 0.00000000000000000000e+00) (4, 4, 5.00000000000000000000e-01) (0, 4, 0.00000000000000000000e+00) 
connections (connected_to_neuron, weight)=(0, 4.32539751599496380408e+00) (1, -3.55374174706201984009e+00) (2, -3.25001099577932972551e+00) (3, 6.44584617586689001545e-02) (4, 1.31264562128674389108e+00) (5, 1.43832752723896994951e+00) (6, -3.11709321535020489335e+00) (7, 5.14734267024300251592e-01) (8, -3.16878882633120095846e+00) (9, 2.25343555516421517604e-01) (10, 2.53265611829314085668e+00) (0, -3.55605757523068111148e-01) (1, 1.50522812012842011065e+00) (2, 1.21799556565674427233e+00) (3, -1.60478952540045155528e-01) (4, -2.86759394302246728437e-01) (5, -4.32446009207256898410e-01) (6, 1.36130607527884128771e+00) (7, -2.66364282656201045718e-01) (8, 1.84828604967546050730e+00) (9, -1.33582968940576113370e-01) (10, -2.44654546573040643231e-01) (0, -2.67378142796771456347e+00) (1, 1.01091836238315280205e+00) (2, 1.94121972004242038246e+00) (3, 1.29947725442957989772e-01) (4, -8.83885154148895013648e-01) (5, -9.70673182627517228127e-01) (6, 1.70827263445253896279e+00) (7, -8.66557847448474527496e-01) (8, 2.12845344788347290432e+00) (9, 2.71268898085726739566e-01) (10, -1.01969987305100584507e+00) (11, -7.14794287586434951010e+00) (12, 6.72234484810274590671e-01) (13, 7.61860951038796585522e+00) (14, -1.60630514655141487523e+00) 
