FANN_FLO_2.1
num_layers=3
learning_rate=0.700000
connection_rate=1.000000
network_type=0
learning_momentum=0.000000
training_algorithm=2
train_error_function=1
train_stop_function=1
cascade_output_change_fraction=0.010000
quickprop_decay=-0.000100
quickprop_mu=1.750000
rprop_increase_factor=1.200000
rprop_decrease_factor=0.500000
rprop_delta_min=0.000000
rprop_delta_max=50.000000
rprop_delta_zero=0.100000
cascade_output_stagnation_epochs=12
cascade_candidate_change_fraction=0.010000
cascade_candidate_stagnation_epochs=12
cascade_max_out_epochs=150
cascade_min_out_epochs=50
cascade_max_cand_epochs=150
cascade_min_cand_epochs=50
cascade_num_candidate_groups=2
bit_fail_limit=1.00000000000000005551e-01
cascade_candidate_limit=1.00000000000000000000e+03
cascade_weight_multiplier=4.00000000000000022204e-01
cascade_activation_functions_count=10
cascade_activation_functions=3 5 7 8 10 11 14 15 16 17 
cascade_activation_steepnesses_count=4
cascade_activation_steepnesses=2.50000000000000000000e-01 5.00000000000000000000e-01 7.50000000000000000000e-01 1.00000000000000000000e+00 
layer_sizes=17 4 2 
scale_included=0
neurons (num_inputs, activation_function, activation_steepness)=(0, 0, 0.00000000000000000000e+00) (0, 0, 0.00000000000000000000e+00) (0, 0, 0.00000000000000000000e+00) (0, 0, 0.00000000000000000000e+00) (0, 0, 0.00000000000000000000e+00) (0, 0, 0.00000000000000000000e+00) (0, 0, 0.00000000000000000000e+00) (0, 0, 0.00000000000000000000e+00) (0, 0, 0.00000000000000000000e+00) (0, 0, 0.00000000000000000000e+00) (0, 0, 0.00000000000000000000e+00) (0, 0, 0.00000000000000000000e+00) (0, 0, 0.00000000000000000000e+00) (0, 0, 0.00000000000000000000e+00) (0, 0, 0.00000000000000000000e+00) (0, 0, 0.00000000000000000000e+00) (0, 0, 0.00000000000000000000e+00) (17, 6, 5.00000000000000000000e-01) (17, 6, 5.00000000000000000000e-01) (17, 6, 5.00000000000000000000e-01) (0, 6, 0.00000000000000000000e+00) (4, 4, 5.00000000000000000000e-01) (0, 4, 0.00000000000000000000e+00) 
connections (connected_to_neuron, weight)=(0, -1.24783256299580730397e-01) (1, 7.65077157133206231521e-01) (2, 1.10189819180762227369e+00) (3, 4.24214055453206589918e-02) (4, 9.57295497570897629958e-02) (5, 1.18338440073195605429e+00) (6, 6.54227306773262018424e-01) (7, 8.56675873229032158740e-01) (8, 1.17952720489242723900e+00) (9, 1.37963794640485226672e+00) (10, 7.56028738721588822180e-01) (11, 8.42492404660875826572e-01) (12, 9.66482963480076451290e-01) (13, 6.56287740985982970265e-01) (14, 7.89799643622687064237e-01) (15, 7.26834267235561770626e-01) (16, -1.83124392775565747460e-01) (0, -2.13532508559311995366e-01) (1, 8.37254783325775964187e-01) (2, 1.07121145197545963867e+00) (3, -3.46402215148543593526e-02) (4, 7.47136076603795579176e-02) (5, 1.10110100445810465963e+00) (6, 8.12659552027778619987e-01) (7, 8.05124605724340081103e-01) (8, 1.24506675120332888085e+00) (9, 1.47277255824986874622e+00) (10, 7.94811447068432541663e-01) (11, 9.01385139009649671848e-01) (12, 9.94721170581898350704e-01) (13, 6.77555594663255766896e-01) (14, 8.00355313288023673124e-01) (15, 7.52657074338957232662e-01) (16, -2.57754824606448940116e-01) (0, 9.46685968896121221583e-01) (1, -2.57090848366101631939e+00) (2, -9.83246764054852562253e-01) (3, 9.78727689942092138331e-01) (4, 1.16929638540609293074e+00) (5, -1.37927360778588159462e+00) (6, -1.42881992901327437018e+00) (7, -2.60715276476857660271e+00) (8, -1.30544789339760414215e+00) (9, -1.82861434109147280580e+00) (10, -2.48733573221725512425e+00) (11, 4.89866216064962944898e-01) (12, -1.61724000779366355873e-01) (13, -2.49059914478743493760e+00) (14, -2.66082852447870132906e+00) (15, -2.57593817937555202846e+00) (16, 2.20662653422798848979e+00) (17, 8.63764668279075387147e-01) (18, 8.89842114051176080736e-01) (19, -3.33661828539964844254e+01) (20, -8.65366070139256593485e-01) 
