FANN_FLO_2.1
num_layers=3
learning_rate=0.700000
connection_rate=1.000000
network_type=0
learning_momentum=0.000000
training_algorithm=2
train_error_function=1
train_stop_function=1
cascade_output_change_fraction=0.010000
quickprop_decay=-0.000100
quickprop_mu=1.750000
rprop_increase_factor=1.200000
rprop_decrease_factor=0.500000
rprop_delta_min=0.000000
rprop_delta_max=50.000000
rprop_delta_zero=0.100000
cascade_output_stagnation_epochs=12
cascade_candidate_change_fraction=0.010000
cascade_candidate_stagnation_epochs=12
cascade_max_out_epochs=150
cascade_min_out_epochs=50
cascade_max_cand_epochs=150
cascade_min_cand_epochs=50
cascade_num_candidate_groups=2
bit_fail_limit=1.00000000000000005551e-01
cascade_candidate_limit=1.00000000000000000000e+03
cascade_weight_multiplier=4.00000000000000022204e-01
cascade_activation_functions_count=10
cascade_activation_functions=3 5 7 8 10 11 14 15 16 17 
cascade_activation_steepnesses_count=4
cascade_activation_steepnesses=2.50000000000000000000e-01 5.00000000000000000000e-01 7.50000000000000000000e-01 1.00000000000000000000e+00 
layer_sizes=10 4 2 
scale_included=0
neurons (num_inputs, activation_function, activation_steepness)=(0, 0, 0.00000000000000000000e+00) (0, 0, 0.00000000000000000000e+00) (0, 0, 0.00000000000000000000e+00) (0, 0, 0.00000000000000000000e+00) (0, 0, 0.00000000000000000000e+00) (0, 0, 0.00000000000000000000e+00) (0, 0, 0.00000000000000000000e+00) (0, 0, 0.00000000000000000000e+00) (0, 0, 0.00000000000000000000e+00) (0, 0, 0.00000000000000000000e+00) (10, 6, 5.00000000000000000000e-01) (10, 6, 5.00000000000000000000e-01) (10, 6, 5.00000000000000000000e-01) (0, 6, 0.00000000000000000000e+00) (4, 4, 5.00000000000000000000e-01) (0, 4, 0.00000000000000000000e+00) 
connections (connected_to_neuron, weight)=(0, 2.97863945500868165794e+00) (1, -6.50408613917940137128e+00) (2, -5.21551010399416981045e-02) (3, 6.92361233699605449488e-01) (4, 4.69174609557206467869e-01) (5, 1.37155676665603398767e+00) (6, 5.52870890069291576197e-01) (7, -8.63729206114367542568e-02) (8, 5.59271634594018296482e-01) (9, 6.42239682757628549403e-01) (0, -2.82308723300420805202e+00) (1, 6.77330600268953375576e+00) (2, 1.90674829086640573728e-02) (3, -4.35360612128113610986e-01) (4, -9.99732797845805265524e-01) (5, -1.26654772482989086413e+00) (6, -6.10194800585883045940e-01) (7, 1.55721048261021011161e-01) (8, -1.14541202585359869204e+00) (9, -9.65570991739237882712e-01) (0, -4.04493801992168777737e-01) (1, 1.37706538754695739790e+00) (2, 2.23351765454946837863e-01) (3, 1.53489191938084190703e-01) (4, -1.27410942158173751126e-01) (5, -2.44659106573645312999e-01) (6, 2.08447542894524162627e-01) (7, 5.55648101780286785001e-01) (8, -7.61570720285884850131e-02) (9, -9.29491700144450400112e-02) (10, -2.84400245696031639397e+00) (11, 2.74580803721467736622e+00) (12, 2.70907929866830565757e+00) (13, -1.86410799714573194308e+00) 
