FANN_FLO_2.1
num_layers=3
learning_rate=0.700000
connection_rate=1.000000
network_type=0
learning_momentum=0.000000
training_algorithm=2
train_error_function=1
train_stop_function=1
cascade_output_change_fraction=0.010000
quickprop_decay=-0.000100
quickprop_mu=1.750000
rprop_increase_factor=1.200000
rprop_decrease_factor=0.500000
rprop_delta_min=0.000000
rprop_delta_max=50.000000
rprop_delta_zero=0.100000
cascade_output_stagnation_epochs=12
cascade_candidate_change_fraction=0.010000
cascade_candidate_stagnation_epochs=12
cascade_max_out_epochs=150
cascade_min_out_epochs=50
cascade_max_cand_epochs=150
cascade_min_cand_epochs=50
cascade_num_candidate_groups=2
bit_fail_limit=1.00000000000000005551e-01
cascade_candidate_limit=1.00000000000000000000e+03
cascade_weight_multiplier=4.00000000000000022204e-01
cascade_activation_functions_count=10
cascade_activation_functions=3 5 7 8 10 11 14 15 16 17 
cascade_activation_steepnesses_count=4
cascade_activation_steepnesses=2.50000000000000000000e-01 5.00000000000000000000e-01 7.50000000000000000000e-01 1.00000000000000000000e+00 
layer_sizes=13 4 2 
scale_included=0
neurons (num_inputs, activation_function, activation_steepness)=(0, 0, 0.00000000000000000000e+00) (0, 0, 0.00000000000000000000e+00) (0, 0, 0.00000000000000000000e+00) (0, 0, 0.00000000000000000000e+00) (0, 0, 0.00000000000000000000e+00) (0, 0, 0.00000000000000000000e+00) (0, 0, 0.00000000000000000000e+00) (0, 0, 0.00000000000000000000e+00) (0, 0, 0.00000000000000000000e+00) (0, 0, 0.00000000000000000000e+00) (0, 0, 0.00000000000000000000e+00) (0, 0, 0.00000000000000000000e+00) (0, 0, 0.00000000000000000000e+00) (13, 6, 5.00000000000000000000e-01) (13, 6, 5.00000000000000000000e-01) (13, 6, 5.00000000000000000000e-01) (0, 6, 0.00000000000000000000e+00) (4, 4, 5.00000000000000000000e-01) (0, 4, 0.00000000000000000000e+00) 
connections (connected_to_neuron, weight)=(0, 1.51994638216431066091e+00) (1, -2.09077548324979423100e+00) (2, -8.66511737415599281320e-01) (3, 6.42581130244779918925e-01) (4, 5.56822101452398632304e-01) (5, 6.11762854137468670146e-01) (6, 5.61774325830582954566e-01) (7, 7.74402639696252781398e-01) (8, 1.32202323047115721799e+00) (9, -2.35207439807072482552e+00) (10, 3.48500153545003765743e+00) (11, -7.77214513778240245756e-01) (12, 1.03202318884272514765e+00) (0, 1.11348703488446429399e-01) (1, 2.46024222762770694573e-01) (2, 1.21931733017808435759e-01) (3, 1.83226279457512186699e-01) (4, 2.27577883845216183412e-01) (5, 3.17476518760372972139e-01) (6, 9.50164565185733500652e-02) (7, 5.08101503452684788442e-02) (8, 6.73210795293407576745e-02) (9, 3.22467065670715924419e-01) (10, -3.13940079893240575615e-01) (11, 5.83272908701560677258e-01) (12, -2.38390678853839035889e-02) (0, -7.35362241793510396093e-01) (1, 2.59679021633501694311e+00) (2, 3.92803141343798345453e-01) (3, -8.58746390529844805251e-02) (4, -1.46737306911585096980e-01) (5, -2.40880317587492231990e-01) (6, -5.83819866814785232156e-03) (7, -1.61265201468107466365e-01) (8, -5.01574215729630568106e-01) (9, 1.64570587665887901885e+00) (10, -3.98579544068554936231e+00) (11, 2.87146667075882655595e-01) (12, -7.18230863211813730373e-01) (13, -5.88889211940441992255e+00) (14, 2.38554915927975841328e-01) (15, 5.96948047384606894639e+00) (16, -6.01323844043675226345e-01) 
