FANN_FLO_2.1
num_layers=3
learning_rate=0.700000
connection_rate=1.000000
network_type=0
learning_momentum=0.000000
training_algorithm=2
train_error_function=1
train_stop_function=1
cascade_output_change_fraction=0.010000
quickprop_decay=-0.000100
quickprop_mu=1.750000
rprop_increase_factor=1.200000
rprop_decrease_factor=0.500000
rprop_delta_min=0.000000
rprop_delta_max=50.000000
rprop_delta_zero=0.100000
cascade_output_stagnation_epochs=12
cascade_candidate_change_fraction=0.010000
cascade_candidate_stagnation_epochs=12
cascade_max_out_epochs=150
cascade_min_out_epochs=50
cascade_max_cand_epochs=150
cascade_min_cand_epochs=50
cascade_num_candidate_groups=2
bit_fail_limit=1.00000000000000005551e-01
cascade_candidate_limit=1.00000000000000000000e+03
cascade_weight_multiplier=4.00000000000000022204e-01
cascade_activation_functions_count=10
cascade_activation_functions=3 5 7 8 10 11 14 15 16 17 
cascade_activation_steepnesses_count=4
cascade_activation_steepnesses=2.50000000000000000000e-01 5.00000000000000000000e-01 7.50000000000000000000e-01 1.00000000000000000000e+00 
layer_sizes=11 4 2 
scale_included=0
neurons (num_inputs, activation_function, activation_steepness)=(0, 0, 0.00000000000000000000e+00) (0, 0, 0.00000000000000000000e+00) (0, 0, 0.00000000000000000000e+00) (0, 0, 0.00000000000000000000e+00) (0, 0, 0.00000000000000000000e+00) (0, 0, 0.00000000000000000000e+00) (0, 0, 0.00000000000000000000e+00) (0, 0, 0.00000000000000000000e+00) (0, 0, 0.00000000000000000000e+00) (0, 0, 0.00000000000000000000e+00) (0, 0, 0.00000000000000000000e+00) (11, 6, 5.00000000000000000000e-01) (11, 6, 5.00000000000000000000e-01) (11, 6, 5.00000000000000000000e-01) (0, 6, 0.00000000000000000000e+00) (4, 4, 5.00000000000000000000e-01) (0, 4, 0.00000000000000000000e+00) 
connections (connected_to_neuron, weight)=(0, -4.50217529892829038118e+00) (1, 3.95810022931512950350e+00) (2, 1.02859826438606782872e+00) (3, 3.33686299479463777118e+00) (4, 3.12001670872157932379e+00) (5, 1.82420349793899927437e-01) (6, 2.25228544928702634209e+00) (7, -3.85773545569213782702e-01) (8, -3.49964665544205377756e+00) (9, -3.01258610484136157837e-01) (10, -1.94934471667348230284e+00) (0, -2.34123888444115335616e+00) (1, 2.53963351802824233161e+00) (2, 2.47628276124808666125e+00) (3, 8.09684742978713956063e-01) (4, 2.29718810066489842470e+00) (5, 3.94994530354898121249e-01) (6, 2.21462864944120729760e+00) (7, -8.85071506550559661264e-01) (8, -2.22864311157842509559e+00) (9, -5.05673301983467826659e-01) (10, -1.20978028857657693429e+00) (0, -6.27292980578973979888e-01) (1, 2.80013813435682257236e+00) (2, 2.09236313380736060896e-01) (3, 1.53955563223138525153e-01) (4, 1.48862924744147151479e+00) (5, 1.40679007384897414301e-01) (6, 1.19656612565702169526e+00) (7, -4.97154153605722931575e-02) (8, -3.59510176292124838948e-01) (9, 1.97340325562825824601e-01) (10, -4.14101875988743095558e-01) (11, 2.04852418324555323181e+01) (12, 4.15863601983321107269e+00) (13, 2.05017599860492394370e-01) (14, -1.42158968421294518159e+00) 
