FANN_FLO_2.1
num_layers=3
learning_rate=0.700000
connection_rate=1.000000
network_type=0
learning_momentum=0.000000
training_algorithm=2
train_error_function=1
train_stop_function=1
cascade_output_change_fraction=0.010000
quickprop_decay=-0.000100
quickprop_mu=1.750000
rprop_increase_factor=1.200000
rprop_decrease_factor=0.500000
rprop_delta_min=0.000000
rprop_delta_max=50.000000
rprop_delta_zero=0.100000
cascade_output_stagnation_epochs=12
cascade_candidate_change_fraction=0.010000
cascade_candidate_stagnation_epochs=12
cascade_max_out_epochs=150
cascade_min_out_epochs=50
cascade_max_cand_epochs=150
cascade_min_cand_epochs=50
cascade_num_candidate_groups=2
bit_fail_limit=1.00000000000000005551e-01
cascade_candidate_limit=1.00000000000000000000e+03
cascade_weight_multiplier=4.00000000000000022204e-01
cascade_activation_functions_count=10
cascade_activation_functions=3 5 7 8 10 11 14 15 16 17 
cascade_activation_steepnesses_count=4
cascade_activation_steepnesses=2.50000000000000000000e-01 5.00000000000000000000e-01 7.50000000000000000000e-01 1.00000000000000000000e+00 
layer_sizes=9 4 2 
scale_included=0
neurons (num_inputs, activation_function, activation_steepness)=(0, 0, 0.00000000000000000000e+00) (0, 0, 0.00000000000000000000e+00) (0, 0, 0.00000000000000000000e+00) (0, 0, 0.00000000000000000000e+00) (0, 0, 0.00000000000000000000e+00) (0, 0, 0.00000000000000000000e+00) (0, 0, 0.00000000000000000000e+00) (0, 0, 0.00000000000000000000e+00) (0, 0, 0.00000000000000000000e+00) (9, 6, 5.00000000000000000000e-01) (9, 6, 5.00000000000000000000e-01) (9, 6, 5.00000000000000000000e-01) (0, 6, 0.00000000000000000000e+00) (4, 4, 5.00000000000000000000e-01) (0, 4, 0.00000000000000000000e+00) 
connections (connected_to_neuron, weight)=(0, -1.42148153607239624563e+00) (1, 2.73063578443622834158e+00) (2, 3.91087944511215090948e-01) (3, -3.62698318319262802412e-01) (4, -2.05038113334175098323e-01) (5, -1.04369248248268015056e-01) (6, 7.88324273500977043549e-04) (7, 1.62017413286854122800e-01) (8, -1.42006258789887329641e+00) (0, -2.23709890807223032994e+00) (1, 2.08007215088515096113e+00) (2, 1.66564137414153834449e+00) (3, 3.95529105264699643030e-01) (4, 2.14212501599796878438e-01) (5, 3.74932375889554969639e-01) (6, 2.53357262643592617835e+00) (7, 2.53870912375467083777e+00) (8, -2.03903551433579721675e+00) (0, -1.41899681214680573049e+00) (1, 1.68141882506828066468e+00) (2, 9.39502673787727116128e-01) (3, 5.34409674420117664084e-02) (4, 4.78039625286318034525e-02) (5, 2.33931124096804721191e-01) (6, 2.45006801267262430688e-01) (7, 1.69939263326309902835e-01) (8, -6.74672953852277434983e-01) (9, 1.49785777523744934037e+00) (10, 9.19329174124786696609e+00) (11, 1.48068412735689514115e+00) (12, -3.41351584781972938742e+00) 
