FANN_FLO_2.1
num_layers=3
learning_rate=0.700000
connection_rate=1.000000
network_type=0
learning_momentum=0.000000
training_algorithm=2
train_error_function=1
train_stop_function=1
cascade_output_change_fraction=0.010000
quickprop_decay=-0.000100
quickprop_mu=1.750000
rprop_increase_factor=1.200000
rprop_decrease_factor=0.500000
rprop_delta_min=0.000000
rprop_delta_max=50.000000
rprop_delta_zero=0.100000
cascade_output_stagnation_epochs=12
cascade_candidate_change_fraction=0.010000
cascade_candidate_stagnation_epochs=12
cascade_max_out_epochs=150
cascade_min_out_epochs=50
cascade_max_cand_epochs=150
cascade_min_cand_epochs=50
cascade_num_candidate_groups=2
bit_fail_limit=1.00000000000000005551e-01
cascade_candidate_limit=1.00000000000000000000e+03
cascade_weight_multiplier=4.00000000000000022204e-01
cascade_activation_functions_count=10
cascade_activation_functions=3 5 7 8 10 11 14 15 16 17 
cascade_activation_steepnesses_count=4
cascade_activation_steepnesses=2.50000000000000000000e-01 5.00000000000000000000e-01 7.50000000000000000000e-01 1.00000000000000000000e+00 
layer_sizes=13 4 2 
scale_included=0
neurons (num_inputs, activation_function, activation_steepness)=(0, 0, 0.00000000000000000000e+00) (0, 0, 0.00000000000000000000e+00) (0, 0, 0.00000000000000000000e+00) (0, 0, 0.00000000000000000000e+00) (0, 0, 0.00000000000000000000e+00) (0, 0, 0.00000000000000000000e+00) (0, 0, 0.00000000000000000000e+00) (0, 0, 0.00000000000000000000e+00) (0, 0, 0.00000000000000000000e+00) (0, 0, 0.00000000000000000000e+00) (0, 0, 0.00000000000000000000e+00) (0, 0, 0.00000000000000000000e+00) (0, 0, 0.00000000000000000000e+00) (13, 6, 5.00000000000000000000e-01) (13, 6, 5.00000000000000000000e-01) (13, 6, 5.00000000000000000000e-01) (0, 6, 0.00000000000000000000e+00) (4, 4, 5.00000000000000000000e-01) (0, 4, 0.00000000000000000000e+00) 
connections (connected_to_neuron, weight)=(0, 5.46945636079315899991e-01) (1, -1.01300703844080342009e+00) (2, -8.44308810828748645960e-01) (3, -4.42029838049885492879e-01) (4, -7.01445486564030024068e-02) (5, 2.31233590781264125580e-01) (6, -8.75823434256480348736e-01) (7, 4.18819881249427872216e-02) (8, 8.13119563378443127588e-02) (9, 5.82626678237915807124e-03) (10, -1.53913027267223972983e-01) (11, 5.22328796466297706758e-01) (12, 6.83646939835873213021e-01) (0, 6.13972232387564709200e-01) (1, -1.04458047186980640397e+00) (2, -7.02921839951101690147e-01) (3, -4.52132583195444803792e-01) (4, -8.70887000281204276542e-02) (5, 9.08095999951884086387e-02) (6, -7.07621516564494013046e-01) (7, 1.60208100752925852728e-01) (8, 5.88003884173979238237e-02) (9, 1.63179287986850718450e-01) (10, -1.05936525981194185064e-01) (11, 5.41991315511489268886e-01) (12, 6.41523935041752424446e-01) (0, -2.79582727030702749005e+00) (1, 2.22676576960391381377e+00) (2, 2.70474084937787484506e+00) (3, -7.61966280624239100661e-01) (4, 1.66685090138325975317e+00) (5, -3.73391481803534097672e-01) (6, 3.17858580482866770467e+00) (7, -1.05751115015258045915e+00) (8, 1.68360826185557987955e+00) (9, -5.20772828908919849233e-01) (10, 5.52914101901969767816e-01) (11, -2.03040311194761313729e+00) (12, -2.66603284985891653136e+00) (13, -5.60333171535560303766e+00) (14, -2.29056871726485500318e+00) (15, 1.03656223647480398853e+01) (16, -2.49145345682703167611e+00) 
