FANN_FLO_2.1
num_layers=3
learning_rate=0.700000
connection_rate=1.000000
network_type=0
learning_momentum=0.000000
training_algorithm=2
train_error_function=1
train_stop_function=1
cascade_output_change_fraction=0.010000
quickprop_decay=-0.000100
quickprop_mu=1.750000
rprop_increase_factor=1.200000
rprop_decrease_factor=0.500000
rprop_delta_min=0.000000
rprop_delta_max=50.000000
rprop_delta_zero=0.100000
cascade_output_stagnation_epochs=12
cascade_candidate_change_fraction=0.010000
cascade_candidate_stagnation_epochs=12
cascade_max_out_epochs=150
cascade_min_out_epochs=50
cascade_max_cand_epochs=150
cascade_min_cand_epochs=50
cascade_num_candidate_groups=2
bit_fail_limit=1.00000000000000005551e-01
cascade_candidate_limit=1.00000000000000000000e+03
cascade_weight_multiplier=4.00000000000000022204e-01
cascade_activation_functions_count=10
cascade_activation_functions=3 5 7 8 10 11 14 15 16 17 
cascade_activation_steepnesses_count=4
cascade_activation_steepnesses=2.50000000000000000000e-01 5.00000000000000000000e-01 7.50000000000000000000e-01 1.00000000000000000000e+00 
layer_sizes=13 4 2 
scale_included=0
neurons (num_inputs, activation_function, activation_steepness)=(0, 0, 0.00000000000000000000e+00) (0, 0, 0.00000000000000000000e+00) (0, 0, 0.00000000000000000000e+00) (0, 0, 0.00000000000000000000e+00) (0, 0, 0.00000000000000000000e+00) (0, 0, 0.00000000000000000000e+00) (0, 0, 0.00000000000000000000e+00) (0, 0, 0.00000000000000000000e+00) (0, 0, 0.00000000000000000000e+00) (0, 0, 0.00000000000000000000e+00) (0, 0, 0.00000000000000000000e+00) (0, 0, 0.00000000000000000000e+00) (0, 0, 0.00000000000000000000e+00) (13, 6, 5.00000000000000000000e-01) (13, 6, 5.00000000000000000000e-01) (13, 6, 5.00000000000000000000e-01) (0, 6, 0.00000000000000000000e+00) (4, 4, 5.00000000000000000000e-01) (0, 4, 0.00000000000000000000e+00) 
connections (connected_to_neuron, weight)=(0, 2.31757080479444823595e+01) (1, -4.11771425426344528375e+00) (2, -2.00650745054975532256e+00) (3, 2.32896105717415169423e+00) (4, 2.29002395439245010067e+00) (5, 5.13316597781517369725e+00) (6, -6.13387610199313093595e-01) (7, 2.41127709322751204724e+00) (8, 1.08442452389068155760e+00) (9, 2.31297225175705856159e+00) (10, 7.47405276934869466920e-01) (11, 1.77782637120633317807e+01) (12, 1.27495774670952588536e+01) (0, 3.33781395098392996701e+00) (1, -1.30414717392969475851e-01) (2, -1.93655987673617708822e+01) (3, 1.22557487511498153232e+00) (4, -8.43372191725486275438e-01) (5, -1.74321393965292226191e+00) (6, -2.16610392426791875664e+01) (7, 1.89939567954615728951e+00) (8, 2.49524011652238281167e-01) (9, 1.90362684472162291272e+00) (10, -1.39165215869202252286e+00) (11, 2.20715906514866322397e+00) (12, 4.82763001274420666675e+00) (0, -1.55642130783710364028e+00) (1, 2.52887820581696942668e+00) (2, 1.71667054715061828674e-01) (3, -2.33377671961706362191e-01) (4, 9.63486723588407478758e-01) (5, -2.24249596356937441755e+00) (6, 2.14584560059958351363e-01) (7, -7.98131034495317526201e-01) (8, 2.43074678846825431577e-01) (9, -6.73795652524493804414e-01) (10, 4.99549991051164155031e-01) (11, -3.09645310230005987862e+00) (12, -1.48243494144592169448e+00) (13, -1.44022203919157698593e+00) (14, -4.47636545765892179816e+00) (15, 6.73452807728887137273e+00) (16, -1.84367736083975097827e+00) 
