FANN_FLO_2.1
num_layers=3
learning_rate=0.700000
connection_rate=1.000000
network_type=0
learning_momentum=0.000000
training_algorithm=2
train_error_function=1
train_stop_function=1
cascade_output_change_fraction=0.010000
quickprop_decay=-0.000100
quickprop_mu=1.750000
rprop_increase_factor=1.200000
rprop_decrease_factor=0.500000
rprop_delta_min=0.000000
rprop_delta_max=50.000000
rprop_delta_zero=0.100000
cascade_output_stagnation_epochs=12
cascade_candidate_change_fraction=0.010000
cascade_candidate_stagnation_epochs=12
cascade_max_out_epochs=150
cascade_min_out_epochs=50
cascade_max_cand_epochs=150
cascade_min_cand_epochs=50
cascade_num_candidate_groups=2
bit_fail_limit=1.00000000000000005551e-01
cascade_candidate_limit=1.00000000000000000000e+03
cascade_weight_multiplier=4.00000000000000022204e-01
cascade_activation_functions_count=10
cascade_activation_functions=3 5 7 8 10 11 14 15 16 17 
cascade_activation_steepnesses_count=4
cascade_activation_steepnesses=2.50000000000000000000e-01 5.00000000000000000000e-01 7.50000000000000000000e-01 1.00000000000000000000e+00 
layer_sizes=12 4 2 
scale_included=0
neurons (num_inputs, activation_function, activation_steepness)=(0, 0, 0.00000000000000000000e+00) (0, 0, 0.00000000000000000000e+00) (0, 0, 0.00000000000000000000e+00) (0, 0, 0.00000000000000000000e+00) (0, 0, 0.00000000000000000000e+00) (0, 0, 0.00000000000000000000e+00) (0, 0, 0.00000000000000000000e+00) (0, 0, 0.00000000000000000000e+00) (0, 0, 0.00000000000000000000e+00) (0, 0, 0.00000000000000000000e+00) (0, 0, 0.00000000000000000000e+00) (0, 0, 0.00000000000000000000e+00) (12, 6, 5.00000000000000000000e-01) (12, 6, 5.00000000000000000000e-01) (12, 6, 5.00000000000000000000e-01) (0, 6, 0.00000000000000000000e+00) (4, 4, 5.00000000000000000000e-01) (0, 4, 0.00000000000000000000e+00) 
connections (connected_to_neuron, weight)=(0, -1.42139302505076381422e+00) (1, 4.23571394989645622076e+00) (2, 1.15550964824826921107e-01) (3, 9.97082796129878379254e-01) (4, -1.35351419786979643156e+00) (5, -1.19913179765512412089e+00) (6, 4.24011682579672477544e+00) (7, 1.65296910109631323138e-01) (8, -7.40608637535213193415e-02) (9, -1.88081885666130110835e+00) (10, -1.88116694778678938960e+00) (11, 2.18040982740850264321e-01) (0, -2.47714932494026740528e+00) (1, 1.05354441425964804324e+01) (2, 7.34851929110023616154e-01) (3, 2.58598945970174476372e+00) (4, -3.64341599530731308221e+00) (5, -3.77980534768854248284e+00) (6, 1.04217492661640616092e+01) (7, 6.73409249126922238027e-01) (8, -9.97100448409864670296e-01) (9, -5.19234408785301493339e+00) (10, -5.06238370735842035941e+00) (11, -1.25548048384516414133e-01) (0, -2.35812907596790410913e-01) (1, 1.77240806549341778364e+00) (2, 2.07046563285322005044e-01) (3, 8.66352841258603678654e-01) (4, -4.09361648425565438636e-01) (5, -5.52269483968721108802e-01) (6, 1.78239815413506130781e+00) (7, 8.27500812868773583109e-02) (8, -5.14455500685797456617e-02) (9, -7.58250574923116316128e-01) (10, -6.31870131350118269253e-01) (11, 2.47508398942620971850e-01) (12, 1.77905552565605740156e+00) (13, 1.05242722354099722537e+01) (14, 1.94789206550391158501e+00) (15, -3.61901802165836450342e-01) 
