FANN_FLO_2.1
num_layers=3
learning_rate=0.700000
connection_rate=1.000000
network_type=0
learning_momentum=0.000000
training_algorithm=2
train_error_function=1
train_stop_function=1
cascade_output_change_fraction=0.010000
quickprop_decay=-0.000100
quickprop_mu=1.750000
rprop_increase_factor=1.200000
rprop_decrease_factor=0.500000
rprop_delta_min=0.000000
rprop_delta_max=50.000000
rprop_delta_zero=0.100000
cascade_output_stagnation_epochs=12
cascade_candidate_change_fraction=0.010000
cascade_candidate_stagnation_epochs=12
cascade_max_out_epochs=150
cascade_min_out_epochs=50
cascade_max_cand_epochs=150
cascade_min_cand_epochs=50
cascade_num_candidate_groups=2
bit_fail_limit=1.00000000000000005551e-01
cascade_candidate_limit=1.00000000000000000000e+03
cascade_weight_multiplier=4.00000000000000022204e-01
cascade_activation_functions_count=10
cascade_activation_functions=3 5 7 8 10 11 14 15 16 17 
cascade_activation_steepnesses_count=4
cascade_activation_steepnesses=2.50000000000000000000e-01 5.00000000000000000000e-01 7.50000000000000000000e-01 1.00000000000000000000e+00 
layer_sizes=10 4 2 
scale_included=0
neurons (num_inputs, activation_function, activation_steepness)=(0, 0, 0.00000000000000000000e+00) (0, 0, 0.00000000000000000000e+00) (0, 0, 0.00000000000000000000e+00) (0, 0, 0.00000000000000000000e+00) (0, 0, 0.00000000000000000000e+00) (0, 0, 0.00000000000000000000e+00) (0, 0, 0.00000000000000000000e+00) (0, 0, 0.00000000000000000000e+00) (0, 0, 0.00000000000000000000e+00) (0, 0, 0.00000000000000000000e+00) (10, 6, 5.00000000000000000000e-01) (10, 6, 5.00000000000000000000e-01) (10, 6, 5.00000000000000000000e-01) (0, 6, 0.00000000000000000000e+00) (4, 4, 5.00000000000000000000e-01) (0, 4, 0.00000000000000000000e+00) 
connections (connected_to_neuron, weight)=(0, -3.60635019066588069503e-01) (1, 1.15424477923244150901e+00) (2, 1.64854527148479895748e-01) (3, 6.22129095575094104298e-01) (4, -1.46591872600588812858e+00) (5, -6.83006036038030228674e-02) (6, 2.71860092695784927308e-01) (7, 1.08401789757937105918e+00) (8, 1.03319785278703579756e+00) (9, -3.43519642768721822357e-01) (0, -4.76823034706370219027e-01) (1, 1.37063291150659227746e+00) (2, 3.21715269010041937658e-02) (3, 2.56739417096852884370e-01) (4, -8.94410000357018120098e-01) (5, -2.89420644318543973661e-01) (6, -4.70644198693511497944e-02) (7, 1.44818726408809328454e+00) (8, 1.16244260859157444443e+00) (9, -4.39545046208720591174e-01) (0, -6.24984656343210875917e-01) (1, 3.02315561874744531679e+00) (2, -3.27557865110155305155e-02) (3, 7.75304862943587025370e-01) (4, -1.04837095197964957904e+00) (5, -3.11559844958163856266e-01) (6, -2.71396760910914580656e-01) (7, 3.04839362232920763063e+00) (8, 2.87390913180633589263e+00) (9, -2.10630451768006299318e+00) (10, 1.22817107277262071996e+00) (11, 4.21884573158668541026e+00) (12, 1.54566294947811506688e+01) (13, -1.16198282149363807392e+00) 
