FANN_FLO_2.1
num_layers=3
learning_rate=0.700000
connection_rate=1.000000
network_type=0
learning_momentum=0.000000
training_algorithm=2
train_error_function=1
train_stop_function=1
cascade_output_change_fraction=0.010000
quickprop_decay=-0.000100
quickprop_mu=1.750000
rprop_increase_factor=1.200000
rprop_decrease_factor=0.500000
rprop_delta_min=0.000000
rprop_delta_max=50.000000
rprop_delta_zero=0.100000
cascade_output_stagnation_epochs=12
cascade_candidate_change_fraction=0.010000
cascade_candidate_stagnation_epochs=12
cascade_max_out_epochs=150
cascade_min_out_epochs=50
cascade_max_cand_epochs=150
cascade_min_cand_epochs=50
cascade_num_candidate_groups=2
bit_fail_limit=1.00000000000000005551e-01
cascade_candidate_limit=1.00000000000000000000e+03
cascade_weight_multiplier=4.00000000000000022204e-01
cascade_activation_functions_count=10
cascade_activation_functions=3 5 7 8 10 11 14 15 16 17 
cascade_activation_steepnesses_count=4
cascade_activation_steepnesses=2.50000000000000000000e-01 5.00000000000000000000e-01 7.50000000000000000000e-01 1.00000000000000000000e+00 
layer_sizes=10 4 2 
scale_included=0
neurons (num_inputs, activation_function, activation_steepness)=(0, 0, 0.00000000000000000000e+00) (0, 0, 0.00000000000000000000e+00) (0, 0, 0.00000000000000000000e+00) (0, 0, 0.00000000000000000000e+00) (0, 0, 0.00000000000000000000e+00) (0, 0, 0.00000000000000000000e+00) (0, 0, 0.00000000000000000000e+00) (0, 0, 0.00000000000000000000e+00) (0, 0, 0.00000000000000000000e+00) (0, 0, 0.00000000000000000000e+00) (10, 6, 5.00000000000000000000e-01) (10, 6, 5.00000000000000000000e-01) (10, 6, 5.00000000000000000000e-01) (0, 6, 0.00000000000000000000e+00) (4, 4, 5.00000000000000000000e-01) (0, 4, 0.00000000000000000000e+00) 
connections (connected_to_neuron, weight)=(0, -4.45166662756597641959e+00) (1, 2.49317771859813075430e-01) (2, -2.80995938493633357069e-03) (3, -5.14700689595203009219e+00) (4, -1.46729351942825858579e+00) (5, 1.83281143776807797785e+00) (6, 6.89376299818736359981e+00) (7, 1.62770929591716195795e+00) (8, 2.28154612201764450674e+01) (9, 2.04583657260151774437e+00) (0, -1.44642746338225314240e+00) (1, -2.28701862221179563761e+00) (2, -2.11510797666615824042e+00) (3, -1.22716190544719472300e+00) (4, -1.65358652603957301253e+00) (5, -2.26618778192002734428e+00) (6, -9.70069152630613107391e-01) (7, 4.96443577225654686380e-01) (8, 2.73381463651399903014e+00) (9, 2.27931669446315154914e+00) (0, 4.76362595098350938283e-01) (1, 2.19552427501341407279e+00) (2, 2.66515760430027492944e+00) (3, 1.43024600268787818180e+01) (4, 1.85769047082976568319e+00) (5, -8.77178166639981826691e-01) (6, 2.92288330450939648486e+00) (7, 6.61029683879600415963e+00) (8, 1.10804640629329820278e+00) (9, -2.08237293830664604855e+00) (10, -5.74503985368030178904e+00) (11, -2.97278860008202983067e+01) (12, 7.91084772789207679722e+00) (13, -1.07883614273555838992e+00) 
