FANN_FLO_2.1
num_layers=3
learning_rate=0.700000
connection_rate=1.000000
network_type=0
learning_momentum=0.000000
training_algorithm=2
train_error_function=1
train_stop_function=1
cascade_output_change_fraction=0.010000
quickprop_decay=-0.000100
quickprop_mu=1.750000
rprop_increase_factor=1.200000
rprop_decrease_factor=0.500000
rprop_delta_min=0.000000
rprop_delta_max=50.000000
rprop_delta_zero=0.100000
cascade_output_stagnation_epochs=12
cascade_candidate_change_fraction=0.010000
cascade_candidate_stagnation_epochs=12
cascade_max_out_epochs=150
cascade_min_out_epochs=50
cascade_max_cand_epochs=150
cascade_min_cand_epochs=50
cascade_num_candidate_groups=2
bit_fail_limit=1.00000000000000005551e-01
cascade_candidate_limit=1.00000000000000000000e+03
cascade_weight_multiplier=4.00000000000000022204e-01
cascade_activation_functions_count=10
cascade_activation_functions=3 5 7 8 10 11 14 15 16 17 
cascade_activation_steepnesses_count=4
cascade_activation_steepnesses=2.50000000000000000000e-01 5.00000000000000000000e-01 7.50000000000000000000e-01 1.00000000000000000000e+00 
layer_sizes=13 4 2 
scale_included=0
neurons (num_inputs, activation_function, activation_steepness)=(0, 0, 0.00000000000000000000e+00) (0, 0, 0.00000000000000000000e+00) (0, 0, 0.00000000000000000000e+00) (0, 0, 0.00000000000000000000e+00) (0, 0, 0.00000000000000000000e+00) (0, 0, 0.00000000000000000000e+00) (0, 0, 0.00000000000000000000e+00) (0, 0, 0.00000000000000000000e+00) (0, 0, 0.00000000000000000000e+00) (0, 0, 0.00000000000000000000e+00) (0, 0, 0.00000000000000000000e+00) (0, 0, 0.00000000000000000000e+00) (0, 0, 0.00000000000000000000e+00) (13, 6, 5.00000000000000000000e-01) (13, 6, 5.00000000000000000000e-01) (13, 6, 5.00000000000000000000e-01) (0, 6, 0.00000000000000000000e+00) (4, 4, 5.00000000000000000000e-01) (0, 4, 0.00000000000000000000e+00) 
connections (connected_to_neuron, weight)=(0, 1.13581930543886722162e+00) (1, 4.79801013768760942213e-01) (2, -1.00672653207729343450e+01) (3, 3.19890626173467973459e-01) (4, 3.58754467966910683963e-01) (5, 8.60056685122138619981e-02) (6, -1.01366136038849834478e+01) (7, 7.75074316847866651159e-01) (8, 5.30445793481953073445e-02) (9, 7.37772057492083188635e-01) (10, 4.30607676209060930006e-01) (11, 1.20776656886665856305e+00) (12, 9.79830291826596977423e-01) (0, 1.07374258338327654982e+00) (1, 3.63707557023613015090e-01) (2, -1.07365596044105533480e+01) (3, 4.45690873067065007618e-01) (4, 2.12344293299075448367e-01) (5, 3.02093723399300961852e-01) (6, -1.08920314934658239991e+01) (7, 9.92741609045621808960e-01) (8, 4.92491140664665483229e-01) (9, 1.48004638567930246751e+00) (10, 5.70073548354943726579e-01) (11, 1.09939244261114610346e+00) (12, 1.66376453180798322684e+00) (0, 3.13186247548000340490e-01) (1, -7.80445379692069440836e+00) (2, 4.81392147902424305528e+00) (3, 6.24169816853668901757e-01) (4, 6.11229682438992061311e-02) (5, 4.80333710187099832689e-02) (6, 4.10971761692793258192e+00) (7, 4.84311228058230847093e-01) (8, 3.81743455403469184040e-02) (9, 1.50671568050649490322e-01) (10, 4.15613358142339572865e-01) (11, 3.45007138430266924178e-01) (12, 3.76895065071061352580e-01) (13, -1.63093124569202374552e+00) (14, -3.25922914597826629546e+00) (15, -3.29595943263959156866e+00) (16, -4.46975493365434584092e+00) 
