FANN_FLO_2.1
num_layers=3
learning_rate=0.700000
connection_rate=1.000000
network_type=0
learning_momentum=0.000000
training_algorithm=2
train_error_function=1
train_stop_function=1
cascade_output_change_fraction=0.010000
quickprop_decay=-0.000100
quickprop_mu=1.750000
rprop_increase_factor=1.200000
rprop_decrease_factor=0.500000
rprop_delta_min=0.000000
rprop_delta_max=50.000000
rprop_delta_zero=0.100000
cascade_output_stagnation_epochs=12
cascade_candidate_change_fraction=0.010000
cascade_candidate_stagnation_epochs=12
cascade_max_out_epochs=150
cascade_min_out_epochs=50
cascade_max_cand_epochs=150
cascade_min_cand_epochs=50
cascade_num_candidate_groups=2
bit_fail_limit=1.00000000000000005551e-01
cascade_candidate_limit=1.00000000000000000000e+03
cascade_weight_multiplier=4.00000000000000022204e-01
cascade_activation_functions_count=10
cascade_activation_functions=3 5 7 8 10 11 14 15 16 17 
cascade_activation_steepnesses_count=4
cascade_activation_steepnesses=2.50000000000000000000e-01 5.00000000000000000000e-01 7.50000000000000000000e-01 1.00000000000000000000e+00 
layer_sizes=6 4 2 
scale_included=0
neurons (num_inputs, activation_function, activation_steepness)=(0, 0, 0.00000000000000000000e+00) (0, 0, 0.00000000000000000000e+00) (0, 0, 0.00000000000000000000e+00) (0, 0, 0.00000000000000000000e+00) (0, 0, 0.00000000000000000000e+00) (0, 0, 0.00000000000000000000e+00) (6, 6, 5.00000000000000000000e-01) (6, 6, 5.00000000000000000000e-01) (6, 6, 5.00000000000000000000e-01) (0, 6, 0.00000000000000000000e+00) (4, 4, 5.00000000000000000000e-01) (0, 4, 0.00000000000000000000e+00) 
connections (connected_to_neuron, weight)=(0, 2.63316969123647259821e+00) (1, 4.65885483797331723110e+00) (2, -5.06813044429948078573e+00) (3, -1.07887968031187275741e+00) (4, 1.50000000000000000000e+03) (5, -2.29610167379870278026e+00) (0, -7.94489154177081413621e+00) (1, -2.96750441969613998339e+00) (2, 2.47330805497796291093e+00) (3, 1.30930269621244610434e+00) (4, 9.75683299435261346844e+02) (5, 3.46466370028705528128e+00) (0, -7.48233245325529860992e+00) (1, -2.85846052880558465503e+00) (2, 2.46150036954024065139e+00) (3, 1.05030315683124841897e+00) (4, 9.75705068198922731426e+02) (5, 3.41065714610071113455e+00) (6, 8.62316246448470877795e+01) (7, -3.08854801890602637116e+00) (8, -2.78375082354766645309e+00) (9, -7.21384135388659086807e-01) 
