FANN_FLO_2.1
num_layers=3
learning_rate=0.700000
connection_rate=1.000000
network_type=0
learning_momentum=0.000000
training_algorithm=2
train_error_function=1
train_stop_function=1
cascade_output_change_fraction=0.010000
quickprop_decay=-0.000100
quickprop_mu=1.750000
rprop_increase_factor=1.200000
rprop_decrease_factor=0.500000
rprop_delta_min=0.000000
rprop_delta_max=50.000000
rprop_delta_zero=0.100000
cascade_output_stagnation_epochs=12
cascade_candidate_change_fraction=0.010000
cascade_candidate_stagnation_epochs=12
cascade_max_out_epochs=150
cascade_min_out_epochs=50
cascade_max_cand_epochs=150
cascade_min_cand_epochs=50
cascade_num_candidate_groups=2
bit_fail_limit=1.00000000000000005551e-01
cascade_candidate_limit=1.00000000000000000000e+03
cascade_weight_multiplier=4.00000000000000022204e-01
cascade_activation_functions_count=10
cascade_activation_functions=3 5 7 8 10 11 14 15 16 17 
cascade_activation_steepnesses_count=4
cascade_activation_steepnesses=2.50000000000000000000e-01 5.00000000000000000000e-01 7.50000000000000000000e-01 1.00000000000000000000e+00 
layer_sizes=8 4 2 
scale_included=0
neurons (num_inputs, activation_function, activation_steepness)=(0, 0, 0.00000000000000000000e+00) (0, 0, 0.00000000000000000000e+00) (0, 0, 0.00000000000000000000e+00) (0, 0, 0.00000000000000000000e+00) (0, 0, 0.00000000000000000000e+00) (0, 0, 0.00000000000000000000e+00) (0, 0, 0.00000000000000000000e+00) (0, 0, 0.00000000000000000000e+00) (8, 6, 5.00000000000000000000e-01) (8, 6, 5.00000000000000000000e-01) (8, 6, 5.00000000000000000000e-01) (0, 6, 0.00000000000000000000e+00) (4, 4, 5.00000000000000000000e-01) (0, 4, 0.00000000000000000000e+00) 
connections (connected_to_neuron, weight)=(0, -1.46145672815836177166e-02) (1, -9.21463047967703730023e-01) (2, 4.73760721004636664588e+00) (3, 7.67219700508225410651e-02) (4, 3.29897920126080723691e+00) (5, 1.11724721843505463426e+01) (6, -1.51748786105554839265e-02) (7, -1.31630444335010321488e+00) (0, 3.00161600079484980341e+00) (1, -3.36995586890382181622e+00) (2, -3.15293443324476063694e+00) (3, 1.38712891769729851354e+00) (4, -4.07423169131335782822e+00) (5, -3.99876037510416848519e+00) (6, -5.58260507146087547881e+00) (7, 5.62701720932696947131e+00) (0, 1.61234456431141842669e-01) (1, -3.93576854523321841839e+01) (2, 1.06010320135379032536e+02) (3, 2.53161947000774656402e-01) (4, 2.70267270497327061207e+00) (5, 3.63965519010536198152e-01) (6, 2.04544766130310362584e+00) (7, -2.02059098293300731797e+00) (8, 7.17965072911997626015e-01) (9, -1.62054495701016101350e+01) (10, 6.46404331902619411210e+00) (11, -3.71823191917990447664e+00) 
