FANN_FLO_2.1
num_layers=3
learning_rate=0.700000
connection_rate=1.000000
network_type=0
learning_momentum=0.000000
training_algorithm=2
train_error_function=1
train_stop_function=1
cascade_output_change_fraction=0.010000
quickprop_decay=-0.000100
quickprop_mu=1.750000
rprop_increase_factor=1.200000
rprop_decrease_factor=0.500000
rprop_delta_min=0.000000
rprop_delta_max=50.000000
rprop_delta_zero=0.100000
cascade_output_stagnation_epochs=12
cascade_candidate_change_fraction=0.010000
cascade_candidate_stagnation_epochs=12
cascade_max_out_epochs=150
cascade_min_out_epochs=50
cascade_max_cand_epochs=150
cascade_min_cand_epochs=50
cascade_num_candidate_groups=2
bit_fail_limit=1.00000000000000005551e-01
cascade_candidate_limit=1.00000000000000000000e+03
cascade_weight_multiplier=4.00000000000000022204e-01
cascade_activation_functions_count=10
cascade_activation_functions=3 5 7 8 10 11 14 15 16 17 
cascade_activation_steepnesses_count=4
cascade_activation_steepnesses=2.50000000000000000000e-01 5.00000000000000000000e-01 7.50000000000000000000e-01 1.00000000000000000000e+00 
layer_sizes=9 4 2 
scale_included=0
neurons (num_inputs, activation_function, activation_steepness)=(0, 0, 0.00000000000000000000e+00) (0, 0, 0.00000000000000000000e+00) (0, 0, 0.00000000000000000000e+00) (0, 0, 0.00000000000000000000e+00) (0, 0, 0.00000000000000000000e+00) (0, 0, 0.00000000000000000000e+00) (0, 0, 0.00000000000000000000e+00) (0, 0, 0.00000000000000000000e+00) (0, 0, 0.00000000000000000000e+00) (9, 6, 5.00000000000000000000e-01) (9, 6, 5.00000000000000000000e-01) (9, 6, 5.00000000000000000000e-01) (0, 6, 0.00000000000000000000e+00) (4, 4, 5.00000000000000000000e-01) (0, 4, 0.00000000000000000000e+00) 
connections (connected_to_neuron, weight)=(0, -6.46504540975803565495e-01) (1, 1.42885750791971766205e+00) (2, 3.54426777853418206732e+00) (3, 1.12943450646801712978e+00) (4, 8.84576154293263083872e-01) (5, -2.76883416714750307808e-01) (6, 1.52734200525674990168e-01) (7, 1.34927377125208325381e+00) (8, -6.47928370802627662250e-01) (0, 5.26925890730680634988e+00) (1, -4.50486037411539896880e+00) (2, -3.05291916600922919045e+00) (3, -2.94902821256136959960e+00) (4, -1.23282623741722074939e+00) (5, 3.91977751961275755477e+00) (6, 5.54667657418562609628e-01) (7, -3.17167870262406603743e+00) (8, 5.26832363592447450173e+00) (0, 5.28338561044992616189e+00) (1, -4.47674194254725321684e+00) (2, -3.57443845064050291782e+00) (3, -2.94789137317156857421e+00) (4, -1.20977591428852049305e+00) (5, 3.94023328235670744490e+00) (6, 6.97006059987856807503e-01) (7, -3.08139834710798421469e+00) (8, 5.22253117548288514627e+00) (9, 2.06721721838784100456e+00) (10, -6.66653011758877589443e+00) (11, -6.62564522047592951992e+00) (12, -2.17965083254203539909e+00) 
