FANN_FLO_2.1
num_layers=3
learning_rate=0.700000
connection_rate=1.000000
network_type=0
learning_momentum=0.000000
training_algorithm=2
train_error_function=1
train_stop_function=1
cascade_output_change_fraction=0.010000
quickprop_decay=-0.000100
quickprop_mu=1.750000
rprop_increase_factor=1.200000
rprop_decrease_factor=0.500000
rprop_delta_min=0.000000
rprop_delta_max=50.000000
rprop_delta_zero=0.100000
cascade_output_stagnation_epochs=12
cascade_candidate_change_fraction=0.010000
cascade_candidate_stagnation_epochs=12
cascade_max_out_epochs=150
cascade_min_out_epochs=50
cascade_max_cand_epochs=150
cascade_min_cand_epochs=50
cascade_num_candidate_groups=2
bit_fail_limit=1.00000000000000005551e-01
cascade_candidate_limit=1.00000000000000000000e+03
cascade_weight_multiplier=4.00000000000000022204e-01
cascade_activation_functions_count=10
cascade_activation_functions=3 5 7 8 10 11 14 15 16 17 
cascade_activation_steepnesses_count=4
cascade_activation_steepnesses=2.50000000000000000000e-01 5.00000000000000000000e-01 7.50000000000000000000e-01 1.00000000000000000000e+00 
layer_sizes=13 4 2 
scale_included=0
neurons (num_inputs, activation_function, activation_steepness)=(0, 0, 0.00000000000000000000e+00) (0, 0, 0.00000000000000000000e+00) (0, 0, 0.00000000000000000000e+00) (0, 0, 0.00000000000000000000e+00) (0, 0, 0.00000000000000000000e+00) (0, 0, 0.00000000000000000000e+00) (0, 0, 0.00000000000000000000e+00) (0, 0, 0.00000000000000000000e+00) (0, 0, 0.00000000000000000000e+00) (0, 0, 0.00000000000000000000e+00) (0, 0, 0.00000000000000000000e+00) (0, 0, 0.00000000000000000000e+00) (0, 0, 0.00000000000000000000e+00) (13, 6, 5.00000000000000000000e-01) (13, 6, 5.00000000000000000000e-01) (13, 6, 5.00000000000000000000e-01) (0, 6, 0.00000000000000000000e+00) (4, 4, 5.00000000000000000000e-01) (0, 4, 0.00000000000000000000e+00) 
connections (connected_to_neuron, weight)=(0, 1.12535796141145150173e+00) (1, -8.98342994445141318494e-01) (2, -1.33851629716434050721e+00) (3, 1.66779660721527472900e-01) (4, -2.99943920799946806000e-01) (5, -2.44692760019889377077e-01) (6, -1.15017155924513736487e+00) (7, 2.48187820319614393938e-01) (8, -5.19225620244347041421e-01) (9, -2.73880165979370648888e-01) (10, -6.37880957025795503057e-01) (11, 1.58183968312823419744e+00) (12, 1.11470498569888110119e+00) (0, 3.68178469856508128188e+00) (1, -3.80627192130354163879e+00) (2, -3.24489302999686968221e+00) (3, 2.02423577906744567301e+00) (4, 9.77691010793202003315e-02) (5, 4.23301051681790441172e-01) (6, -3.98949650199349736823e+00) (7, 1.77282783788146902637e+00) (8, -3.46318634549750981044e-01) (9, 1.89353236181897388590e+00) (10, -2.61271309741367030455e-01) (11, 3.25816545535156576463e+00) (12, 3.65215995331533305190e+00) (0, 4.18804514977680952814e-01) (1, -4.20682238461571600396e-01) (2, -1.77783036279902861843e+00) (3, 1.01282776409157476705e-01) (4, -3.48619534409342679560e-01) (5, -1.65083448485846620568e-03) (6, -1.53882790240893863043e+00) (7, -2.69789110337827375830e-01) (8, -2.01779794877293472410e-01) (9, -1.93159406898211760684e-01) (10, -6.60337424444022325076e-01) (11, 7.50563883069186421615e-01) (12, 4.92175552818524153498e-01) (13, -2.20032392720092992988e+01) (14, -6.73929138860485377194e+00) (15, -1.73739284677556438119e+00) (16, -1.60222965337053468993e+00) 
