FANN_FLO_2.1
num_layers=3
learning_rate=0.700000
connection_rate=1.000000
network_type=0
learning_momentum=0.000000
training_algorithm=2
train_error_function=1
train_stop_function=1
cascade_output_change_fraction=0.010000
quickprop_decay=-0.000100
quickprop_mu=1.750000
rprop_increase_factor=1.200000
rprop_decrease_factor=0.500000
rprop_delta_min=0.000000
rprop_delta_max=50.000000
rprop_delta_zero=0.100000
cascade_output_stagnation_epochs=12
cascade_candidate_change_fraction=0.010000
cascade_candidate_stagnation_epochs=12
cascade_max_out_epochs=150
cascade_min_out_epochs=50
cascade_max_cand_epochs=150
cascade_min_cand_epochs=50
cascade_num_candidate_groups=2
bit_fail_limit=1.00000000000000005551e-01
cascade_candidate_limit=1.00000000000000000000e+03
cascade_weight_multiplier=4.00000000000000022204e-01
cascade_activation_functions_count=10
cascade_activation_functions=3 5 7 8 10 11 14 15 16 17 
cascade_activation_steepnesses_count=4
cascade_activation_steepnesses=2.50000000000000000000e-01 5.00000000000000000000e-01 7.50000000000000000000e-01 1.00000000000000000000e+00 
layer_sizes=7 4 2 
scale_included=0
neurons (num_inputs, activation_function, activation_steepness)=(0, 0, 0.00000000000000000000e+00) (0, 0, 0.00000000000000000000e+00) (0, 0, 0.00000000000000000000e+00) (0, 0, 0.00000000000000000000e+00) (0, 0, 0.00000000000000000000e+00) (0, 0, 0.00000000000000000000e+00) (0, 0, 0.00000000000000000000e+00) (7, 6, 5.00000000000000000000e-01) (7, 6, 5.00000000000000000000e-01) (7, 6, 5.00000000000000000000e-01) (0, 6, 0.00000000000000000000e+00) (4, 4, 5.00000000000000000000e-01) (0, 4, 0.00000000000000000000e+00) 
connections (connected_to_neuron, weight)=(0, 2.04633366523100868051e+00) (1, -2.47243236928336784786e+00) (2, 5.96722530741331080861e-01) (3, -3.68380368235167532376e+00) (4, 1.21097390083748490675e+00) (5, -2.38172829983118017338e+00) (6, 2.09907122333778861645e+00) (0, 2.24219985099489260705e+00) (1, -2.48615593641154930538e+00) (2, 5.76529371161100367971e-01) (3, -2.71533296447040317645e+00) (4, 1.37103019796647451756e+00) (5, -2.53953523275735815190e+00) (6, 1.76561250902173250132e+00) (0, -3.05157794395837544954e+00) (1, 2.65611340703428089327e+00) (2, 4.37549575422504888333e-01) (3, 3.86051921197516634265e+00) (4, -1.76831604607053716194e+00) (5, 2.56234942512718211205e+00) (6, -2.56562501476640436593e+00) (7, -6.21346988826207446976e+00) (8, -6.20829830243400859757e+00) (9, 4.50588893592413164413e+00) (10, -1.29994525475557520799e+00) 
