FANN_FLO_2.1
num_layers=3
learning_rate=0.700000
connection_rate=1.000000
network_type=0
learning_momentum=0.000000
training_algorithm=2
train_error_function=1
train_stop_function=1
cascade_output_change_fraction=0.010000
quickprop_decay=-0.000100
quickprop_mu=1.750000
rprop_increase_factor=1.200000
rprop_decrease_factor=0.500000
rprop_delta_min=0.000000
rprop_delta_max=50.000000
rprop_delta_zero=0.100000
cascade_output_stagnation_epochs=12
cascade_candidate_change_fraction=0.010000
cascade_candidate_stagnation_epochs=12
cascade_max_out_epochs=150
cascade_min_out_epochs=50
cascade_max_cand_epochs=150
cascade_min_cand_epochs=50
cascade_num_candidate_groups=2
bit_fail_limit=1.00000000000000005551e-01
cascade_candidate_limit=1.00000000000000000000e+03
cascade_weight_multiplier=4.00000000000000022204e-01
cascade_activation_functions_count=10
cascade_activation_functions=3 5 7 8 10 11 14 15 16 17 
cascade_activation_steepnesses_count=4
cascade_activation_steepnesses=2.50000000000000000000e-01 5.00000000000000000000e-01 7.50000000000000000000e-01 1.00000000000000000000e+00 
layer_sizes=10 4 2 
scale_included=0
neurons (num_inputs, activation_function, activation_steepness)=(0, 0, 0.00000000000000000000e+00) (0, 0, 0.00000000000000000000e+00) (0, 0, 0.00000000000000000000e+00) (0, 0, 0.00000000000000000000e+00) (0, 0, 0.00000000000000000000e+00) (0, 0, 0.00000000000000000000e+00) (0, 0, 0.00000000000000000000e+00) (0, 0, 0.00000000000000000000e+00) (0, 0, 0.00000000000000000000e+00) (0, 0, 0.00000000000000000000e+00) (10, 6, 5.00000000000000000000e-01) (10, 6, 5.00000000000000000000e-01) (10, 6, 5.00000000000000000000e-01) (0, 6, 0.00000000000000000000e+00) (4, 4, 5.00000000000000000000e-01) (0, 4, 0.00000000000000000000e+00) 
connections (connected_to_neuron, weight)=(0, 3.56823291145238075117e+00) (1, -2.08197316503079532524e+00) (2, -8.79974584162634965168e-01) (3, -1.74639718442288294220e+00) (4, -7.12590923458619407427e-01) (5, -7.46835542768521598589e-01) (6, -1.09413823929946052438e+00) (7, 4.50316663778347892055e-01) (8, -1.02735368979494179342e+00) (9, 1.34427050924032598367e+00) (0, 2.47614657777413320616e+01) (1, -8.91329970144034611224e+00) (2, -5.16289381152195314684e+00) (3, -4.60451973402212022535e+00) (4, -3.44204593923490076435e+00) (5, -3.48304914411704569233e+00) (6, -4.01427351190497905264e+00) (7, 8.39042444349322913411e+00) (8, -3.48916017259782229587e+00) (9, 8.40342388869319556477e+00) (0, 3.51762170941941454405e-01) (1, -6.95705550497412561484e-01) (2, -7.25177233836802548339e-01) (3, -6.80374243078383234007e-01) (4, -6.93957254410325768967e-02) (5, -1.96094871324354436126e-01) (6, -2.64824281566061248139e-01) (7, 5.87754136034985719128e-01) (8, -1.55250865154184541916e-01) (9, 1.97261279783356002770e-01) (10, -2.93197703123172992434e+00) (11, -3.04826351648606586053e+00) (12, -6.04650103547377471003e-01) (13, -1.79729363590847945886e+00) 
