FANN_FLO_2.1
num_layers=3
learning_rate=0.700000
connection_rate=1.000000
network_type=0
learning_momentum=0.000000
training_algorithm=2
train_error_function=1
train_stop_function=1
cascade_output_change_fraction=0.010000
quickprop_decay=-0.000100
quickprop_mu=1.750000
rprop_increase_factor=1.200000
rprop_decrease_factor=0.500000
rprop_delta_min=0.000000
rprop_delta_max=50.000000
rprop_delta_zero=0.100000
cascade_output_stagnation_epochs=12
cascade_candidate_change_fraction=0.010000
cascade_candidate_stagnation_epochs=12
cascade_max_out_epochs=150
cascade_min_out_epochs=50
cascade_max_cand_epochs=150
cascade_min_cand_epochs=50
cascade_num_candidate_groups=2
bit_fail_limit=1.00000000000000005551e-01
cascade_candidate_limit=1.00000000000000000000e+03
cascade_weight_multiplier=4.00000000000000022204e-01
cascade_activation_functions_count=10
cascade_activation_functions=3 5 7 8 10 11 14 15 16 17 
cascade_activation_steepnesses_count=4
cascade_activation_steepnesses=2.50000000000000000000e-01 5.00000000000000000000e-01 7.50000000000000000000e-01 1.00000000000000000000e+00 
layer_sizes=11 4 2 
scale_included=0
neurons (num_inputs, activation_function, activation_steepness)=(0, 0, 0.00000000000000000000e+00) (0, 0, 0.00000000000000000000e+00) (0, 0, 0.00000000000000000000e+00) (0, 0, 0.00000000000000000000e+00) (0, 0, 0.00000000000000000000e+00) (0, 0, 0.00000000000000000000e+00) (0, 0, 0.00000000000000000000e+00) (0, 0, 0.00000000000000000000e+00) (0, 0, 0.00000000000000000000e+00) (0, 0, 0.00000000000000000000e+00) (0, 0, 0.00000000000000000000e+00) (11, 6, 5.00000000000000000000e-01) (11, 6, 5.00000000000000000000e-01) (11, 6, 5.00000000000000000000e-01) (0, 6, 0.00000000000000000000e+00) (4, 4, 5.00000000000000000000e-01) (0, 4, 0.00000000000000000000e+00) 
connections (connected_to_neuron, weight)=(0, -8.24077598274192246741e-01) (1, 4.69445665024840774748e+00) (2, 2.79520369456444650602e-01) (3, -3.15596122576569104723e-01) (4, 1.11634637958123172918e-02) (5, -3.13426304890488172106e-01) (6, -5.72695974462912593683e-02) (7, -8.57753514767131242102e-01) (8, -3.12892962529037976793e-01) (9, -8.56711469114264878577e-01) (10, -8.66634167254409226722e-01) (0, -7.24707543373546148047e-01) (1, 4.67660138227665367339e+00) (2, 1.97268001125489117475e-01) (3, -4.75498263074730420641e-01) (4, -9.23994127863333736261e-02) (5, -3.63451767994736218981e-01) (6, -7.38604087584898982843e-02) (7, -8.97117502510985764808e-01) (8, -3.09666786624763989977e-01) (9, -7.67065315962276006445e-01) (10, -8.45064721525153550452e-01) (0, 2.90437262381499805564e-01) (1, 3.69044580693044188546e-01) (2, 1.89934386712787006690e-01) (3, 2.04360652591174640769e-01) (4, 1.03370898885009054879e-01) (5, 1.23532130544159457486e-02) (6, 8.25679316346619174283e-02) (7, 8.07319257252202548969e-02) (8, -1.43329338009383563945e-02) (9, 2.75066565974681070950e-02) (10, 2.14766099925225772971e-01) (11, 4.79329422332966270659e+00) (12, 4.84170705296719017241e+00) (13, 1.74836922313159448539e-01) (14, -7.92808532238444718665e-01) 
