FANN_FLO_2.1
num_layers=3
learning_rate=0.700000
connection_rate=1.000000
network_type=0
learning_momentum=0.000000
training_algorithm=2
train_error_function=1
train_stop_function=1
cascade_output_change_fraction=0.010000
quickprop_decay=-0.000100
quickprop_mu=1.750000
rprop_increase_factor=1.200000
rprop_decrease_factor=0.500000
rprop_delta_min=0.000000
rprop_delta_max=50.000000
rprop_delta_zero=0.100000
cascade_output_stagnation_epochs=12
cascade_candidate_change_fraction=0.010000
cascade_candidate_stagnation_epochs=12
cascade_max_out_epochs=150
cascade_min_out_epochs=50
cascade_max_cand_epochs=150
cascade_min_cand_epochs=50
cascade_num_candidate_groups=2
bit_fail_limit=1.00000000000000005551e-01
cascade_candidate_limit=1.00000000000000000000e+03
cascade_weight_multiplier=4.00000000000000022204e-01
cascade_activation_functions_count=10
cascade_activation_functions=3 5 7 8 10 11 14 15 16 17 
cascade_activation_steepnesses_count=4
cascade_activation_steepnesses=2.50000000000000000000e-01 5.00000000000000000000e-01 7.50000000000000000000e-01 1.00000000000000000000e+00 
layer_sizes=11 4 2 
scale_included=0
neurons (num_inputs, activation_function, activation_steepness)=(0, 0, 0.00000000000000000000e+00) (0, 0, 0.00000000000000000000e+00) (0, 0, 0.00000000000000000000e+00) (0, 0, 0.00000000000000000000e+00) (0, 0, 0.00000000000000000000e+00) (0, 0, 0.00000000000000000000e+00) (0, 0, 0.00000000000000000000e+00) (0, 0, 0.00000000000000000000e+00) (0, 0, 0.00000000000000000000e+00) (0, 0, 0.00000000000000000000e+00) (0, 0, 0.00000000000000000000e+00) (11, 6, 5.00000000000000000000e-01) (11, 6, 5.00000000000000000000e-01) (11, 6, 5.00000000000000000000e-01) (0, 6, 0.00000000000000000000e+00) (4, 4, 5.00000000000000000000e-01) (0, 4, 0.00000000000000000000e+00) 
connections (connected_to_neuron, weight)=(0, 1.73095164964118986006e+00) (1, 2.85559572934707073255e-01) (2, 1.06271170699114669844e+00) (3, 1.10697103943567756734e-01) (4, -2.02647216153125278026e+01) (5, 7.42145812768876478316e-01) (6, -1.17462439855642156172e-01) (7, -7.78410164091045353452e-01) (8, 4.70490069974091706939e-01) (9, -1.36343999227590384482e-01) (10, 7.74615257602214613009e-01) (0, 1.31791320248236267787e+01) (1, -5.33041335116967829322e+00) (2, -3.65072622350847808548e-01) (3, -5.06546998956967442496e+00) (4, -5.68042558323741886284e+00) (5, -5.45616670898592448502e-01) (6, -5.30099070451849652130e+00) (7, -5.37413399827666804498e+00) (8, -1.75936666651806428163e+00) (9, -5.38737878733654440566e+00) (10, 5.78312748391460385022e+00) (0, 5.49354476329929619638e-01) (1, -1.31510471485684909965e+00) (2, 3.54352413889835682337e-01) (3, -2.10113443448215808651e-01) (4, -2.78416733147831052531e-01) (5, 6.01347279216108643318e-01) (6, -1.47668777539149775890e+00) (7, -3.52134280786936537666e-01) (8, -1.80660763853950162572e-01) (9, -1.37535363478540029192e+00) (10, 4.79561454186614277706e-01) (11, -1.43158257567042546121e+00) (12, -8.26237046955364284884e+00) (13, -2.49300718157531564501e+00) (14, -1.68470360226421900229e+00) 
