FANN_FLO_2.1
num_layers=3
learning_rate=0.700000
connection_rate=1.000000
network_type=0
learning_momentum=0.000000
training_algorithm=2
train_error_function=1
train_stop_function=1
cascade_output_change_fraction=0.010000
quickprop_decay=-0.000100
quickprop_mu=1.750000
rprop_increase_factor=1.200000
rprop_decrease_factor=0.500000
rprop_delta_min=0.000000
rprop_delta_max=50.000000
rprop_delta_zero=0.100000
cascade_output_stagnation_epochs=12
cascade_candidate_change_fraction=0.010000
cascade_candidate_stagnation_epochs=12
cascade_max_out_epochs=150
cascade_min_out_epochs=50
cascade_max_cand_epochs=150
cascade_min_cand_epochs=50
cascade_num_candidate_groups=2
bit_fail_limit=1.00000000000000005551e-01
cascade_candidate_limit=1.00000000000000000000e+03
cascade_weight_multiplier=4.00000000000000022204e-01
cascade_activation_functions_count=10
cascade_activation_functions=3 5 7 8 10 11 14 15 16 17 
cascade_activation_steepnesses_count=4
cascade_activation_steepnesses=2.50000000000000000000e-01 5.00000000000000000000e-01 7.50000000000000000000e-01 1.00000000000000000000e+00 
layer_sizes=9 4 2 
scale_included=0
neurons (num_inputs, activation_function, activation_steepness)=(0, 0, 0.00000000000000000000e+00) (0, 0, 0.00000000000000000000e+00) (0, 0, 0.00000000000000000000e+00) (0, 0, 0.00000000000000000000e+00) (0, 0, 0.00000000000000000000e+00) (0, 0, 0.00000000000000000000e+00) (0, 0, 0.00000000000000000000e+00) (0, 0, 0.00000000000000000000e+00) (0, 0, 0.00000000000000000000e+00) (9, 6, 5.00000000000000000000e-01) (9, 6, 5.00000000000000000000e-01) (9, 6, 5.00000000000000000000e-01) (0, 6, 0.00000000000000000000e+00) (4, 4, 5.00000000000000000000e-01) (0, 4, 0.00000000000000000000e+00) 
connections (connected_to_neuron, weight)=(0, 4.86762436553173916121e-02) (1, -2.79528625438077282794e+00) (2, 6.34277654293512771488e+00) (3, 5.64974806048639965894e+00) (4, 7.20041995450090777098e+00) (5, 2.52569917221519411044e+01) (6, 1.42392537831631678102e+01) (7, 9.38175750886222381553e+00) (8, -1.33459499090406232824e+01) (0, -1.08665195225658202105e+01) (1, 2.42776906655512547673e+00) (2, -1.08758980782199965454e+00) (3, -8.26105496069791556124e+00) (4, -5.97194656212834296127e+00) (5, 5.75658633461578915558e+02) (6, 2.37930299652505290453e+01) (7, 1.47396584452055758874e+01) (8, 1.98686587531294378550e+01) (0, -1.54447098750446287774e+00) (1, -1.31837616644275246180e+00) (2, -9.87360819998405747633e-01) (3, -7.80043446812335172780e-01) (4, -1.50655367523581951161e+00) (5, -1.46477428553280031309e+00) (6, 7.02030998350329893398e-01) (7, 5.59714867726248899160e-01) (8, 2.29850241145965261680e+00) (9, 6.00793074958999095969e+00) (10, -1.00027151153503846004e+00) (11, -1.57040767459648662907e+02) (12, -1.49178190689387291101e+00) 
