FANN_FLO_2.1
num_layers=3
learning_rate=0.700000
connection_rate=1.000000
network_type=0
learning_momentum=0.000000
training_algorithm=2
train_error_function=1
train_stop_function=1
cascade_output_change_fraction=0.010000
quickprop_decay=-0.000100
quickprop_mu=1.750000
rprop_increase_factor=1.200000
rprop_decrease_factor=0.500000
rprop_delta_min=0.000000
rprop_delta_max=50.000000
rprop_delta_zero=0.100000
cascade_output_stagnation_epochs=12
cascade_candidate_change_fraction=0.010000
cascade_candidate_stagnation_epochs=12
cascade_max_out_epochs=150
cascade_min_out_epochs=50
cascade_max_cand_epochs=150
cascade_min_cand_epochs=50
cascade_num_candidate_groups=2
bit_fail_limit=1.00000000000000005551e-01
cascade_candidate_limit=1.00000000000000000000e+03
cascade_weight_multiplier=4.00000000000000022204e-01
cascade_activation_functions_count=10
cascade_activation_functions=3 5 7 8 10 11 14 15 16 17 
cascade_activation_steepnesses_count=4
cascade_activation_steepnesses=2.50000000000000000000e-01 5.00000000000000000000e-01 7.50000000000000000000e-01 1.00000000000000000000e+00 
layer_sizes=7 4 2 
scale_included=0
neurons (num_inputs, activation_function, activation_steepness)=(0, 0, 0.00000000000000000000e+00) (0, 0, 0.00000000000000000000e+00) (0, 0, 0.00000000000000000000e+00) (0, 0, 0.00000000000000000000e+00) (0, 0, 0.00000000000000000000e+00) (0, 0, 0.00000000000000000000e+00) (0, 0, 0.00000000000000000000e+00) (7, 6, 5.00000000000000000000e-01) (7, 6, 5.00000000000000000000e-01) (7, 6, 5.00000000000000000000e-01) (0, 6, 0.00000000000000000000e+00) (4, 4, 5.00000000000000000000e-01) (0, 4, 0.00000000000000000000e+00) 
connections (connected_to_neuron, weight)=(0, -2.79232842041760553897e+00) (1, 2.06083989507850873224e+00) (2, -2.71891966616916225252e-01) (3, 9.45620114493123886668e-01) (4, 1.78024563262853052770e+00) (5, 9.98664831587769086241e-01) (6, -1.88044760503454666534e+00) (0, -1.23686629192412111955e+00) (1, 8.88057097716446586233e-01) (2, -1.29431738528670098320e-01) (3, 7.91733672051864734165e-01) (4, 9.02847846540916321167e-01) (5, 5.61083421482548305725e-01) (6, -5.29576717686128684015e-01) (0, -2.83173749162465204776e+00) (1, 1.92935168362554687604e+00) (2, -2.86398708975123927889e-01) (3, 1.06105584515904571852e+00) (4, 1.79444238031353586749e+00) (5, 9.21564209250335553136e-01) (6, -1.88277600832863312164e+00) (7, 7.58433121223554707058e+00) (8, 9.36353085225010484116e-01) (9, 1.54780053413528229100e+01) (10, -1.35625988808446562572e+00) 
