FANN_FLO_2.1
num_layers=3
learning_rate=0.700000
connection_rate=1.000000
network_type=0
learning_momentum=0.000000
training_algorithm=2
train_error_function=1
train_stop_function=1
cascade_output_change_fraction=0.010000
quickprop_decay=-0.000100
quickprop_mu=1.750000
rprop_increase_factor=1.200000
rprop_decrease_factor=0.500000
rprop_delta_min=0.000000
rprop_delta_max=50.000000
rprop_delta_zero=0.100000
cascade_output_stagnation_epochs=12
cascade_candidate_change_fraction=0.010000
cascade_candidate_stagnation_epochs=12
cascade_max_out_epochs=150
cascade_min_out_epochs=50
cascade_max_cand_epochs=150
cascade_min_cand_epochs=50
cascade_num_candidate_groups=2
bit_fail_limit=1.00000000000000005551e-01
cascade_candidate_limit=1.00000000000000000000e+03
cascade_weight_multiplier=4.00000000000000022204e-01
cascade_activation_functions_count=10
cascade_activation_functions=3 5 7 8 10 11 14 15 16 17 
cascade_activation_steepnesses_count=4
cascade_activation_steepnesses=2.50000000000000000000e-01 5.00000000000000000000e-01 7.50000000000000000000e-01 1.00000000000000000000e+00 
layer_sizes=10 4 2 
scale_included=0
neurons (num_inputs, activation_function, activation_steepness)=(0, 0, 0.00000000000000000000e+00) (0, 0, 0.00000000000000000000e+00) (0, 0, 0.00000000000000000000e+00) (0, 0, 0.00000000000000000000e+00) (0, 0, 0.00000000000000000000e+00) (0, 0, 0.00000000000000000000e+00) (0, 0, 0.00000000000000000000e+00) (0, 0, 0.00000000000000000000e+00) (0, 0, 0.00000000000000000000e+00) (0, 0, 0.00000000000000000000e+00) (10, 6, 5.00000000000000000000e-01) (10, 6, 5.00000000000000000000e-01) (10, 6, 5.00000000000000000000e-01) (0, 6, 0.00000000000000000000e+00) (4, 4, 5.00000000000000000000e-01) (0, 4, 0.00000000000000000000e+00) 
connections (connected_to_neuron, weight)=(0, -2.86667047811070219154e+00) (1, 2.50991150017184105891e+00) (2, 1.21387158013089568875e+00) (3, 2.23475722123515518902e+00) (4, 1.71668459088919056477e+00) (5, 2.47548663072005981078e+00) (6, 1.55085344073151265576e+00) (7, 2.00484859688827010693e-02) (8, -1.72244454736457131006e+00) (9, -2.27168677439040989086e+00) (0, -2.29341173374766865711e-01) (1, 7.81124832829213744390e-01) (2, 7.57969537455630115730e-01) (3, 1.76345558984658340451e-01) (4, 1.13231518303599995590e-01) (5, 2.28840962109703616179e-01) (6, 1.09641844679962696674e+00) (7, 2.97482555804630066643e-01) (8, -1.30724929413728818695e-01) (9, 3.96402268820431336049e-02) (0, -2.74382966381827131386e+00) (1, 2.55488631945248778621e+00) (2, 1.27887724391325385831e+00) (3, 1.88281753082558878098e+00) (4, 1.71458129198667896809e+00) (5, 2.47349333964006179443e+00) (6, 1.62759100851391469433e+00) (7, 6.08711808187961223027e-01) (8, -1.85969977170473588224e+00) (9, -2.89060578120270506020e+00) (10, 4.03423071404860511535e+00) (11, 7.66816139379150385480e-01) (12, 1.01966998069076097977e+01) (13, -1.49243836875705171430e+00) 
