FANN_FLO_2.1
num_layers=3
learning_rate=0.700000
connection_rate=1.000000
network_type=0
learning_momentum=0.000000
training_algorithm=2
train_error_function=1
train_stop_function=1
cascade_output_change_fraction=0.010000
quickprop_decay=-0.000100
quickprop_mu=1.750000
rprop_increase_factor=1.200000
rprop_decrease_factor=0.500000
rprop_delta_min=0.000000
rprop_delta_max=50.000000
rprop_delta_zero=0.100000
cascade_output_stagnation_epochs=12
cascade_candidate_change_fraction=0.010000
cascade_candidate_stagnation_epochs=12
cascade_max_out_epochs=150
cascade_min_out_epochs=50
cascade_max_cand_epochs=150
cascade_min_cand_epochs=50
cascade_num_candidate_groups=2
bit_fail_limit=1.00000000000000005551e-01
cascade_candidate_limit=1.00000000000000000000e+03
cascade_weight_multiplier=4.00000000000000022204e-01
cascade_activation_functions_count=10
cascade_activation_functions=3 5 7 8 10 11 14 15 16 17 
cascade_activation_steepnesses_count=4
cascade_activation_steepnesses=2.50000000000000000000e-01 5.00000000000000000000e-01 7.50000000000000000000e-01 1.00000000000000000000e+00 
layer_sizes=11 4 2 
scale_included=0
neurons (num_inputs, activation_function, activation_steepness)=(0, 0, 0.00000000000000000000e+00) (0, 0, 0.00000000000000000000e+00) (0, 0, 0.00000000000000000000e+00) (0, 0, 0.00000000000000000000e+00) (0, 0, 0.00000000000000000000e+00) (0, 0, 0.00000000000000000000e+00) (0, 0, 0.00000000000000000000e+00) (0, 0, 0.00000000000000000000e+00) (0, 0, 0.00000000000000000000e+00) (0, 0, 0.00000000000000000000e+00) (0, 0, 0.00000000000000000000e+00) (11, 6, 5.00000000000000000000e-01) (11, 6, 5.00000000000000000000e-01) (11, 6, 5.00000000000000000000e-01) (0, 6, 0.00000000000000000000e+00) (4, 4, 5.00000000000000000000e-01) (0, 4, 0.00000000000000000000e+00) 
connections (connected_to_neuron, weight)=(0, 4.74399883534589683620e+00) (1, -4.43714134430211348814e+00) (2, -1.13274287435962905946e+00) (3, -2.54101346105129044517e+00) (4, 1.08690207265736915598e-01) (5, -4.38055402584453457138e+00) (6, -5.73481549508237792301e-02) (7, -4.30924932713657149463e+00) (8, -7.62445478650456309744e-01) (9, -4.43439440022628783566e+00) (10, 4.83265161376276886074e+00) (0, -4.48678112818674712514e+00) (1, 1.81559574732102690930e+00) (2, 1.75415766031925901558e+00) (3, 2.01511346605049102010e+00) (4, -5.64075715342798877927e-01) (5, 8.74064853163717536688e+00) (6, -3.15515879363790552325e-01) (7, 1.98412359853565201107e+00) (8, -8.96269496361928430517e-01) (9, 1.95537094389473220524e+00) (10, -3.13759628839180271243e+00) (0, 4.71445226531306182949e+00) (1, -4.48147201200645728392e+00) (2, -4.48112194611916536680e-01) (3, -2.38335477232724946006e+00) (4, 1.79820497893216468821e-01) (5, -4.51015859641214245102e+00) (6, -1.08340658713068957453e-01) (7, -4.44631300496696901803e+00) (8, -7.08539328488236308523e-01) (9, -4.47692996601980208737e+00) (10, 4.87932173769751464931e+00) (11, -3.29549978025786671765e+00) (12, 3.96074089365523773765e+00) (13, -3.26505028926365170605e+00) (14, -8.45889895377971101631e-01) 
