FANN_FLO_2.1
num_layers=3
learning_rate=0.700000
connection_rate=1.000000
network_type=0
learning_momentum=0.000000
training_algorithm=2
train_error_function=1
train_stop_function=1
cascade_output_change_fraction=0.010000
quickprop_decay=-0.000100
quickprop_mu=1.750000
rprop_increase_factor=1.200000
rprop_decrease_factor=0.500000
rprop_delta_min=0.000000
rprop_delta_max=50.000000
rprop_delta_zero=0.100000
cascade_output_stagnation_epochs=12
cascade_candidate_change_fraction=0.010000
cascade_candidate_stagnation_epochs=12
cascade_max_out_epochs=150
cascade_min_out_epochs=50
cascade_max_cand_epochs=150
cascade_min_cand_epochs=50
cascade_num_candidate_groups=2
bit_fail_limit=1.00000000000000005551e-01
cascade_candidate_limit=1.00000000000000000000e+03
cascade_weight_multiplier=4.00000000000000022204e-01
cascade_activation_functions_count=10
cascade_activation_functions=3 5 7 8 10 11 14 15 16 17 
cascade_activation_steepnesses_count=4
cascade_activation_steepnesses=2.50000000000000000000e-01 5.00000000000000000000e-01 7.50000000000000000000e-01 1.00000000000000000000e+00 
layer_sizes=10 4 2 
scale_included=0
neurons (num_inputs, activation_function, activation_steepness)=(0, 0, 0.00000000000000000000e+00) (0, 0, 0.00000000000000000000e+00) (0, 0, 0.00000000000000000000e+00) (0, 0, 0.00000000000000000000e+00) (0, 0, 0.00000000000000000000e+00) (0, 0, 0.00000000000000000000e+00) (0, 0, 0.00000000000000000000e+00) (0, 0, 0.00000000000000000000e+00) (0, 0, 0.00000000000000000000e+00) (0, 0, 0.00000000000000000000e+00) (10, 6, 5.00000000000000000000e-01) (10, 6, 5.00000000000000000000e-01) (10, 6, 5.00000000000000000000e-01) (0, 6, 0.00000000000000000000e+00) (4, 4, 5.00000000000000000000e-01) (0, 4, 0.00000000000000000000e+00) 
connections (connected_to_neuron, weight)=(0, -1.19928173064223808630e+00) (1, 2.78020258676692932909e+00) (2, -2.50411123300548654758e-01) (3, -5.56216548633200691398e-01) (4, -1.92895926798339945041e-01) (5, -1.22643136830286950123e-01) (6, -1.15981385680687343331e+00) (7, -1.06317853006374751779e+00) (8, -1.16143467738262695654e+00) (9, -1.12101891352764648779e+00) (0, 5.47629412100019002940e-02) (1, 4.80363642487269981718e-01) (2, 2.22975940406348493994e-01) (3, -1.18659507127076180311e-01) (4, -5.81763409760428090722e-03) (5, 2.70822091198219955244e-02) (6, -4.90813485797670506772e-02) (7, 1.30452681780099232628e-02) (8, 6.45973941537758642589e-03) (9, 2.81398709699811483409e-02) (0, 2.92080422724473820484e-01) (1, 5.83546497042416595358e-02) (2, -7.30818970744386287031e-02) (3, 1.92124543572652656254e-01) (4, 1.33345663044439038947e-01) (5, 1.82363195153169344032e-01) (6, 3.51478885205016688964e-01) (7, 1.68761782520706032917e-01) (8, 2.88163510943639622486e-01) (9, 2.74710459495771219807e-01) (10, 1.86576354803624120393e+01) (11, 1.18708719143892721393e-01) (12, -1.02066834403293626998e+00) (13, -1.19221858023635429724e+00) 
