FANN_FLO_2.1
num_layers=3
learning_rate=0.700000
connection_rate=1.000000
network_type=0
learning_momentum=0.000000
training_algorithm=2
train_error_function=1
train_stop_function=1
cascade_output_change_fraction=0.010000
quickprop_decay=-0.000100
quickprop_mu=1.750000
rprop_increase_factor=1.200000
rprop_decrease_factor=0.500000
rprop_delta_min=0.000000
rprop_delta_max=50.000000
rprop_delta_zero=0.100000
cascade_output_stagnation_epochs=12
cascade_candidate_change_fraction=0.010000
cascade_candidate_stagnation_epochs=12
cascade_max_out_epochs=150
cascade_min_out_epochs=50
cascade_max_cand_epochs=150
cascade_min_cand_epochs=50
cascade_num_candidate_groups=2
bit_fail_limit=1.00000000000000005551e-01
cascade_candidate_limit=1.00000000000000000000e+03
cascade_weight_multiplier=4.00000000000000022204e-01
cascade_activation_functions_count=10
cascade_activation_functions=3 5 7 8 10 11 14 15 16 17 
cascade_activation_steepnesses_count=4
cascade_activation_steepnesses=2.50000000000000000000e-01 5.00000000000000000000e-01 7.50000000000000000000e-01 1.00000000000000000000e+00 
layer_sizes=12 4 2 
scale_included=0
neurons (num_inputs, activation_function, activation_steepness)=(0, 0, 0.00000000000000000000e+00) (0, 0, 0.00000000000000000000e+00) (0, 0, 0.00000000000000000000e+00) (0, 0, 0.00000000000000000000e+00) (0, 0, 0.00000000000000000000e+00) (0, 0, 0.00000000000000000000e+00) (0, 0, 0.00000000000000000000e+00) (0, 0, 0.00000000000000000000e+00) (0, 0, 0.00000000000000000000e+00) (0, 0, 0.00000000000000000000e+00) (0, 0, 0.00000000000000000000e+00) (0, 0, 0.00000000000000000000e+00) (12, 6, 5.00000000000000000000e-01) (12, 6, 5.00000000000000000000e-01) (12, 6, 5.00000000000000000000e-01) (0, 6, 0.00000000000000000000e+00) (4, 4, 5.00000000000000000000e-01) (0, 4, 0.00000000000000000000e+00) 
connections (connected_to_neuron, weight)=(0, -5.85118034895037624210e+01) (1, -1.11496927954456441512e+03) (2, -1.37101247151399002178e+03) (3, -1.11496927954456441512e+03) (4, 1.44938310055859531644e+00) (5, 4.43851651963018856151e+00) (6, 3.75604094016208236440e+01) (7, -4.27393251321153688771e-01) (8, -1.20568090237306591028e+00) (9, -2.32486868444270866618e+00) (10, 4.53558084760474216068e+01) (11, 2.69760837715971746320e+00) (0, -9.10018142638003957323e-01) (1, 8.73957355575547190085e+00) (2, 9.70655894206999292351e+00) (3, 7.08043726699804665259e+00) (4, 4.23180869793684699687e+00) (5, 7.63857384125888771997e-01) (6, 3.27322197171479645217e-01) (7, -5.07764808393205910320e-02) (8, 4.43400473147442752975e+00) (9, 4.45183768193892692722e+00) (10, -6.61946853225865106118e-01) (11, -3.24965856464439450946e+00) (0, -2.19974074958943743852e+00) (1, -5.37812844511255416791e+00) (2, -2.66049721693964036362e+00) (3, -8.02188228860054763913e+00) (4, -6.19494110802812780747e+00) (5, -1.21428465163353234146e+01) (6, 1.78423040472793168476e+01) (7, -5.70891524000358874247e+00) (8, -1.03230997901613346102e+01) (9, -8.10583785255419009275e+00) (10, 1.33363713159823920051e+01) (11, 6.96836266509884882936e+00) (12, 3.28137412763192637399e+00) (13, 7.85756448356618708573e+00) (14, 4.64423538904685262452e+00) (15, -4.22844696536084097005e+00) 
