FANN_FLO_2.1
num_layers=3
learning_rate=0.700000
connection_rate=1.000000
network_type=0
learning_momentum=0.000000
training_algorithm=2
train_error_function=1
train_stop_function=1
cascade_output_change_fraction=0.010000
quickprop_decay=-0.000100
quickprop_mu=1.750000
rprop_increase_factor=1.200000
rprop_decrease_factor=0.500000
rprop_delta_min=0.000000
rprop_delta_max=50.000000
rprop_delta_zero=0.100000
cascade_output_stagnation_epochs=12
cascade_candidate_change_fraction=0.010000
cascade_candidate_stagnation_epochs=12
cascade_max_out_epochs=150
cascade_min_out_epochs=50
cascade_max_cand_epochs=150
cascade_min_cand_epochs=50
cascade_num_candidate_groups=2
bit_fail_limit=1.00000000000000005551e-01
cascade_candidate_limit=1.00000000000000000000e+03
cascade_weight_multiplier=4.00000000000000022204e-01
cascade_activation_functions_count=10
cascade_activation_functions=3 5 7 8 10 11 14 15 16 17 
cascade_activation_steepnesses_count=4
cascade_activation_steepnesses=2.50000000000000000000e-01 5.00000000000000000000e-01 7.50000000000000000000e-01 1.00000000000000000000e+00 
layer_sizes=7 4 2 
scale_included=0
neurons (num_inputs, activation_function, activation_steepness)=(0, 0, 0.00000000000000000000e+00) (0, 0, 0.00000000000000000000e+00) (0, 0, 0.00000000000000000000e+00) (0, 0, 0.00000000000000000000e+00) (0, 0, 0.00000000000000000000e+00) (0, 0, 0.00000000000000000000e+00) (0, 0, 0.00000000000000000000e+00) (7, 6, 5.00000000000000000000e-01) (7, 6, 5.00000000000000000000e-01) (7, 6, 5.00000000000000000000e-01) (0, 6, 0.00000000000000000000e+00) (4, 4, 5.00000000000000000000e-01) (0, 4, 0.00000000000000000000e+00) 
connections (connected_to_neuron, weight)=(0, 1.28661832261441655412e+00) (1, -3.94937032435898061067e+00) (2, 8.16055723811178967964e-01) (3, -3.65852682315754851317e-02) (4, -1.16969030948822494409e-01) (5, 2.55063277596298321193e-01) (6, 1.45324613947032399430e+00) (0, -7.28458506472650535457e-01) (1, 3.91075397257570500642e+00) (2, -3.55572346567161190478e-01) (3, 4.80016434099301836369e-01) (4, 4.70641089137420198796e-01) (5, 1.73181898164370795534e-01) (6, -8.21724475778881080501e-01) (0, 8.56249028510095155919e-02) (1, 2.84713227078668973391e-01) (2, -4.94512213700769934221e-02) (3, 2.42126521717931780797e-01) (4, -4.13788316064831809826e-02) (5, 9.66935398763659470500e-02) (6, 8.04155463046075380529e-02) (7, -2.34527498601832018466e+00) (8, 3.95426338140730138093e+00) (9, 1.18656514112590746879e-01) (10, -7.06373480566087730281e-01) 
