FANN_FLO_2.1
num_layers=3
learning_rate=0.700000
connection_rate=1.000000
network_type=0
learning_momentum=0.000000
training_algorithm=2
train_error_function=1
train_stop_function=1
cascade_output_change_fraction=0.010000
quickprop_decay=-0.000100
quickprop_mu=1.750000
rprop_increase_factor=1.200000
rprop_decrease_factor=0.500000
rprop_delta_min=0.000000
rprop_delta_max=50.000000
rprop_delta_zero=0.100000
cascade_output_stagnation_epochs=12
cascade_candidate_change_fraction=0.010000
cascade_candidate_stagnation_epochs=12
cascade_max_out_epochs=150
cascade_min_out_epochs=50
cascade_max_cand_epochs=150
cascade_min_cand_epochs=50
cascade_num_candidate_groups=2
bit_fail_limit=1.00000000000000005551e-01
cascade_candidate_limit=1.00000000000000000000e+03
cascade_weight_multiplier=4.00000000000000022204e-01
cascade_activation_functions_count=10
cascade_activation_functions=3 5 7 8 10 11 14 15 16 17 
cascade_activation_steepnesses_count=4
cascade_activation_steepnesses=2.50000000000000000000e-01 5.00000000000000000000e-01 7.50000000000000000000e-01 1.00000000000000000000e+00 
layer_sizes=16 4 2 
scale_included=0
neurons (num_inputs, activation_function, activation_steepness)=(0, 0, 0.00000000000000000000e+00) (0, 0, 0.00000000000000000000e+00) (0, 0, 0.00000000000000000000e+00) (0, 0, 0.00000000000000000000e+00) (0, 0, 0.00000000000000000000e+00) (0, 0, 0.00000000000000000000e+00) (0, 0, 0.00000000000000000000e+00) (0, 0, 0.00000000000000000000e+00) (0, 0, 0.00000000000000000000e+00) (0, 0, 0.00000000000000000000e+00) (0, 0, 0.00000000000000000000e+00) (0, 0, 0.00000000000000000000e+00) (0, 0, 0.00000000000000000000e+00) (0, 0, 0.00000000000000000000e+00) (0, 0, 0.00000000000000000000e+00) (0, 0, 0.00000000000000000000e+00) (16, 6, 5.00000000000000000000e-01) (16, 6, 5.00000000000000000000e-01) (16, 6, 5.00000000000000000000e-01) (0, 6, 0.00000000000000000000e+00) (4, 4, 5.00000000000000000000e-01) (0, 4, 0.00000000000000000000e+00) 
connections (connected_to_neuron, weight)=(0, -8.84627104431319644107e-01) (1, 1.73063586299228933107e+00) (2, 5.55762336766986053682e-01) (3, -1.90488011131054957303e-01) (4, 6.93945312341732956085e-01) (5, 5.49513925281525428268e-01) (6, -7.39608837531056551029e-01) (7, 1.31552635947524776405e+00) (8, 8.30292323590588465798e-01) (9, -7.37371369461670318757e-03) (10, 6.60653703192630059604e-01) (11, 8.97032485710572702331e-01) (12, 2.74218466629481627539e-01) (13, 8.32258157423359845595e-01) (14, 8.91172864144876952786e-01) (15, -1.05722965082968411998e+00) (0, -9.04142731238257946202e-01) (1, 1.75484984516026853996e+00) (2, 4.97467694050339970246e-01) (3, -1.42845317983976982656e-01) (4, 5.98185555478615738068e-01) (5, 5.50049659279347236129e-01) (6, -7.26820333168950227787e-01) (7, 1.42785152390351677276e+00) (8, 7.25578034282994055459e-01) (9, -6.73004809287591938827e-03) (10, 3.85020381905960107360e-01) (11, 8.39558792667578934754e-01) (12, 3.25603863274388116711e-01) (13, 7.17250376931054089980e-01) (14, 9.81567636734083648342e-01) (15, -9.96767543882060569338e-01) (0, 1.64679517419119503252e+00) (1, -1.05728242029988028783e+00) (2, -1.97227621507140127299e+00) (3, 6.21233882128472192363e-01) (4, -1.32291652887130672944e+00) (5, -1.12735650744942539347e+00) (6, 1.13512607225270389932e+00) (7, -1.03685444810328486476e+00) (8, -6.36685525855196998712e-01) (9, -1.31642287062452867374e+00) (10, -1.12665331195558282573e+00) (11, -2.26457884366060602233e+00) (12, -2.64837149532063220736e-01) (13, -1.06662038105062895177e+00) (14, -2.16466486373928557185e+00) (15, 1.90045278136219586429e+00) (16, 5.53629873672322592171e+00) (17, 8.55796742935673115937e+00) (18, -3.63853717447972826449e+01) (19, -1.00436222336138403222e+00) 
