FANN_FLO_2.1
num_layers=3
learning_rate=0.700000
connection_rate=1.000000
network_type=0
learning_momentum=0.000000
training_algorithm=2
train_error_function=1
train_stop_function=1
cascade_output_change_fraction=0.010000
quickprop_decay=-0.000100
quickprop_mu=1.750000
rprop_increase_factor=1.200000
rprop_decrease_factor=0.500000
rprop_delta_min=0.000000
rprop_delta_max=50.000000
rprop_delta_zero=0.100000
cascade_output_stagnation_epochs=12
cascade_candidate_change_fraction=0.010000
cascade_candidate_stagnation_epochs=12
cascade_max_out_epochs=150
cascade_min_out_epochs=50
cascade_max_cand_epochs=150
cascade_min_cand_epochs=50
cascade_num_candidate_groups=2
bit_fail_limit=1.00000000000000005551e-01
cascade_candidate_limit=1.00000000000000000000e+03
cascade_weight_multiplier=4.00000000000000022204e-01
cascade_activation_functions_count=10
cascade_activation_functions=3 5 7 8 10 11 14 15 16 17 
cascade_activation_steepnesses_count=4
cascade_activation_steepnesses=2.50000000000000000000e-01 5.00000000000000000000e-01 7.50000000000000000000e-01 1.00000000000000000000e+00 
layer_sizes=9 4 2 
scale_included=0
neurons (num_inputs, activation_function, activation_steepness)=(0, 0, 0.00000000000000000000e+00) (0, 0, 0.00000000000000000000e+00) (0, 0, 0.00000000000000000000e+00) (0, 0, 0.00000000000000000000e+00) (0, 0, 0.00000000000000000000e+00) (0, 0, 0.00000000000000000000e+00) (0, 0, 0.00000000000000000000e+00) (0, 0, 0.00000000000000000000e+00) (0, 0, 0.00000000000000000000e+00) (9, 6, 5.00000000000000000000e-01) (9, 6, 5.00000000000000000000e-01) (9, 6, 5.00000000000000000000e-01) (0, 6, 0.00000000000000000000e+00) (4, 4, 5.00000000000000000000e-01) (0, 4, 0.00000000000000000000e+00) 
connections (connected_to_neuron, weight)=(0, -4.49675406159315205201e+00) (1, 1.59717307325532620332e+00) (2, 1.07215863886670126348e+00) (3, 7.51383383382162817199e-01) (4, -4.56127169639485796626e-01) (5, -3.29692658665396987061e-01) (6, -1.10102352500184497153e+00) (7, 5.88621276858195674464e+00) (8, -2.02522525199136715912e+00) (0, -2.39278629226198757962e+00) (1, 1.67154423978259702999e+00) (2, 1.95211848461080506034e+00) (3, -7.62273508122533360876e-01) (4, -3.43572992403378685289e-01) (5, -7.16855556044480923816e-01) (6, -1.19082981548014177342e+00) (7, 4.99233865520762520873e+00) (8, -1.82469289839637460737e+00) (0, 2.77209136819198587176e+00) (1, -9.72307464721751668613e-01) (2, 1.63097028189292236888e+00) (3, 2.32430785508257270466e-01) (4, -9.31266309224475108408e+00) (5, 3.48017920889618759261e+00) (6, 4.00874033557846953801e-01) (7, -1.77161453364052268178e+00) (8, 6.60349856948256652700e-01) (9, 4.88035258376054414953e+00) (10, 4.32843940442044328165e+00) (11, -4.04332769562299887411e+00) (12, -6.85746866859424319962e-01) 
