FANN_FLO_2.1
num_layers=3
learning_rate=0.700000
connection_rate=1.000000
network_type=0
learning_momentum=0.000000
training_algorithm=2
train_error_function=1
train_stop_function=1
cascade_output_change_fraction=0.010000
quickprop_decay=-0.000100
quickprop_mu=1.750000
rprop_increase_factor=1.200000
rprop_decrease_factor=0.500000
rprop_delta_min=0.000000
rprop_delta_max=50.000000
rprop_delta_zero=0.100000
cascade_output_stagnation_epochs=12
cascade_candidate_change_fraction=0.010000
cascade_candidate_stagnation_epochs=12
cascade_max_out_epochs=150
cascade_min_out_epochs=50
cascade_max_cand_epochs=150
cascade_min_cand_epochs=50
cascade_num_candidate_groups=2
bit_fail_limit=1.00000000000000005551e-01
cascade_candidate_limit=1.00000000000000000000e+03
cascade_weight_multiplier=4.00000000000000022204e-01
cascade_activation_functions_count=10
cascade_activation_functions=3 5 7 8 10 11 14 15 16 17 
cascade_activation_steepnesses_count=4
cascade_activation_steepnesses=2.50000000000000000000e-01 5.00000000000000000000e-01 7.50000000000000000000e-01 1.00000000000000000000e+00 
layer_sizes=8 4 2 
scale_included=0
neurons (num_inputs, activation_function, activation_steepness)=(0, 0, 0.00000000000000000000e+00) (0, 0, 0.00000000000000000000e+00) (0, 0, 0.00000000000000000000e+00) (0, 0, 0.00000000000000000000e+00) (0, 0, 0.00000000000000000000e+00) (0, 0, 0.00000000000000000000e+00) (0, 0, 0.00000000000000000000e+00) (0, 0, 0.00000000000000000000e+00) (8, 6, 5.00000000000000000000e-01) (8, 6, 5.00000000000000000000e-01) (8, 6, 5.00000000000000000000e-01) (0, 6, 0.00000000000000000000e+00) (4, 4, 5.00000000000000000000e-01) (0, 4, 0.00000000000000000000e+00) 
connections (connected_to_neuron, weight)=(0, 2.69656217738121029015e+00) (1, -4.24654024812550190404e+00) (2, -3.27871829298163097732e+00) (3, -3.91533863516478453093e+00) (4, -8.31086257776197889768e+00) (5, -4.24391875443737109919e+00) (6, -4.23736160810972162238e+00) (7, 8.50353889279181807126e+00) (0, 4.87141343659833081503e-01) (1, -9.03781288491121936879e-01) (2, -7.32254371510690726943e-01) (3, -8.44224881942540528179e-01) (4, -1.72412736639872488098e+00) (5, -9.22430106127069882049e-01) (6, -8.68222673431326974480e-01) (7, 4.42288137455866425807e-01) (0, 1.41046591159330575449e-01) (1, -1.22809813102566778298e+00) (2, -3.09777063933155849540e-01) (3, -9.59435197208199253005e-01) (4, -8.10374443232676600068e-01) (5, -1.22220545143108538788e+00) (6, -1.16221767204373405136e+00) (7, 2.15051519902924676009e-01) (8, -4.85519581697651076979e+01) (9, -5.25434959799637391065e-01) (10, -5.30112275505610797133e-01) (11, -2.03602574892073873158e+00) 
