FANN_FLO_2.1
num_layers=3
learning_rate=0.700000
connection_rate=1.000000
network_type=0
learning_momentum=0.000000
training_algorithm=2
train_error_function=1
train_stop_function=1
cascade_output_change_fraction=0.010000
quickprop_decay=-0.000100
quickprop_mu=1.750000
rprop_increase_factor=1.200000
rprop_decrease_factor=0.500000
rprop_delta_min=0.000000
rprop_delta_max=50.000000
rprop_delta_zero=0.100000
cascade_output_stagnation_epochs=12
cascade_candidate_change_fraction=0.010000
cascade_candidate_stagnation_epochs=12
cascade_max_out_epochs=150
cascade_min_out_epochs=50
cascade_max_cand_epochs=150
cascade_min_cand_epochs=50
cascade_num_candidate_groups=2
bit_fail_limit=1.00000000000000005551e-01
cascade_candidate_limit=1.00000000000000000000e+03
cascade_weight_multiplier=4.00000000000000022204e-01
cascade_activation_functions_count=10
cascade_activation_functions=3 5 7 8 10 11 14 15 16 17 
cascade_activation_steepnesses_count=4
cascade_activation_steepnesses=2.50000000000000000000e-01 5.00000000000000000000e-01 7.50000000000000000000e-01 1.00000000000000000000e+00 
layer_sizes=10 4 2 
scale_included=0
neurons (num_inputs, activation_function, activation_steepness)=(0, 0, 0.00000000000000000000e+00) (0, 0, 0.00000000000000000000e+00) (0, 0, 0.00000000000000000000e+00) (0, 0, 0.00000000000000000000e+00) (0, 0, 0.00000000000000000000e+00) (0, 0, 0.00000000000000000000e+00) (0, 0, 0.00000000000000000000e+00) (0, 0, 0.00000000000000000000e+00) (0, 0, 0.00000000000000000000e+00) (0, 0, 0.00000000000000000000e+00) (10, 6, 5.00000000000000000000e-01) (10, 6, 5.00000000000000000000e-01) (10, 6, 5.00000000000000000000e-01) (0, 6, 0.00000000000000000000e+00) (4, 4, 5.00000000000000000000e-01) (0, 4, 0.00000000000000000000e+00) 
connections (connected_to_neuron, weight)=(0, 2.27310784733500570454e+00) (1, -5.21531348832166052887e+00) (2, 2.20744900862639703565e-01) (3, 2.67279163460200586133e-01) (4, 1.78508915159772096892e+00) (5, 1.80140519294808565398e+00) (6, 6.05866064261587067286e-01) (7, 6.64547179769666596094e-01) (8, 2.20385980433430761494e+00) (9, 2.34030047631468862690e+00) (0, 1.87177619267192701935e-01) (1, -1.26889227196587861535e+00) (2, -3.07684437227948082150e-01) (3, 7.33359740125403974931e-02) (4, 2.75225774791259258922e-01) (5, 2.88452176678863358994e-01) (6, 1.22487031754184391708e-01) (7, 8.73206541883216474931e-02) (8, 1.44319175112930186966e-01) (9, 3.96348782837607938045e-01) (0, 6.53758502842281263856e-02) (1, 5.37971726380209069873e-01) (2, -1.39605150737176983422e-02) (3, 9.01587600659885385346e-02) (4, 1.84878489268578555249e-01) (5, 8.65112847925517958192e-02) (6, -2.59009184576880976958e-02) (7, 1.14306389803842542441e-01) (8, 1.38476497770641526763e-02) (9, 4.97072722015426057829e-02) (10, -1.01099791335021826910e+01) (11, -3.29058502272521535836e-01) (12, 2.13850182340963590466e-01) (13, -1.28949096504423765808e+00) 
