FANN_FLO_2.1
num_layers=3
learning_rate=0.700000
connection_rate=1.000000
network_type=0
learning_momentum=0.000000
training_algorithm=2
train_error_function=1
train_stop_function=1
cascade_output_change_fraction=0.010000
quickprop_decay=-0.000100
quickprop_mu=1.750000
rprop_increase_factor=1.200000
rprop_decrease_factor=0.500000
rprop_delta_min=0.000000
rprop_delta_max=50.000000
rprop_delta_zero=0.100000
cascade_output_stagnation_epochs=12
cascade_candidate_change_fraction=0.010000
cascade_candidate_stagnation_epochs=12
cascade_max_out_epochs=150
cascade_min_out_epochs=50
cascade_max_cand_epochs=150
cascade_min_cand_epochs=50
cascade_num_candidate_groups=2
bit_fail_limit=1.00000000000000005551e-01
cascade_candidate_limit=1.00000000000000000000e+03
cascade_weight_multiplier=4.00000000000000022204e-01
cascade_activation_functions_count=10
cascade_activation_functions=3 5 7 8 10 11 14 15 16 17 
cascade_activation_steepnesses_count=4
cascade_activation_steepnesses=2.50000000000000000000e-01 5.00000000000000000000e-01 7.50000000000000000000e-01 1.00000000000000000000e+00 
layer_sizes=16 4 2 
scale_included=0
neurons (num_inputs, activation_function, activation_steepness)=(0, 0, 0.00000000000000000000e+00) (0, 0, 0.00000000000000000000e+00) (0, 0, 0.00000000000000000000e+00) (0, 0, 0.00000000000000000000e+00) (0, 0, 0.00000000000000000000e+00) (0, 0, 0.00000000000000000000e+00) (0, 0, 0.00000000000000000000e+00) (0, 0, 0.00000000000000000000e+00) (0, 0, 0.00000000000000000000e+00) (0, 0, 0.00000000000000000000e+00) (0, 0, 0.00000000000000000000e+00) (0, 0, 0.00000000000000000000e+00) (0, 0, 0.00000000000000000000e+00) (0, 0, 0.00000000000000000000e+00) (0, 0, 0.00000000000000000000e+00) (0, 0, 0.00000000000000000000e+00) (16, 6, 5.00000000000000000000e-01) (16, 6, 5.00000000000000000000e-01) (16, 6, 5.00000000000000000000e-01) (0, 6, 0.00000000000000000000e+00) (4, 4, 5.00000000000000000000e-01) (0, 4, 0.00000000000000000000e+00) 
connections (connected_to_neuron, weight)=(0, -8.50280717797168250627e+00) (1, 3.25575458588862742815e+00) (2, 7.37036738873460772759e-01) (3, 1.62129494685356334571e+00) (4, 1.97645304864880766438e+00) (5, 1.49850970853642684322e-01) (6, -2.96528910345672391813e+00) (7, 4.04965407598840609893e+00) (8, 3.07366141832620654029e+00) (9, 1.65514150797451620178e+00) (10, -3.64880205119548384207e-01) (11, 1.98895880864592355941e+00) (12, 1.99605869413944048141e+00) (13, -1.70186220495070150704e+00) (14, 5.64624224031678334512e+00) (15, -3.08767945755323980350e+00) (0, 7.52451246670137585681e+00) (1, -4.42845468109625439723e+00) (2, -2.31104223057761748450e+00) (3, -3.53611585722321253300e+00) (4, -3.11046642888896807122e+00) (5, 1.05787403768725973841e+00) (6, 9.49483127830664663804e+00) (7, -7.92276499290412772325e+00) (8, -7.09980671771466176345e-01) (9, -3.20319435079210146355e+00) (10, -1.18653581828071374993e+00) (11, -1.83006172339174377761e+00) (12, -1.85080898637625801406e+00) (13, -3.07654376851702293649e+00) (14, -6.09812880339182861178e+00) (15, 5.73398051305638034592e+00) (0, -6.50390854429056308739e-01) (1, 6.10449441316992968964e-01) (2, 5.71950373304248804729e-01) (3, 3.11206835293227346284e-01) (4, 2.74042839538462867921e-01) (5, 2.91572597967488800208e-01) (6, -2.88842933668041923490e-01) (7, 1.18877817662121954001e+00) (8, -1.01384412947775996716e-02) (9, 1.74004635296638704434e-01) (10, 3.83836555597324213807e-01) (11, 1.31935247431039015531e-01) (12, 4.09101419094757778883e-01) (13, -8.30889035807129694433e-02) (14, 1.57492784919779471586e+00) (15, 6.50298850307327869213e-03) (16, 7.76688286752042422734e+00) (17, -1.46457423642460637936e+00) (18, 1.39188675325772925895e+00) (19, -1.04778018041369103130e+00) 
