FANN_FLO_2.1
num_layers=3
learning_rate=0.700000
connection_rate=1.000000
network_type=0
learning_momentum=0.000000
training_algorithm=2
train_error_function=1
train_stop_function=1
cascade_output_change_fraction=0.010000
quickprop_decay=-0.000100
quickprop_mu=1.750000
rprop_increase_factor=1.200000
rprop_decrease_factor=0.500000
rprop_delta_min=0.000000
rprop_delta_max=50.000000
rprop_delta_zero=0.100000
cascade_output_stagnation_epochs=12
cascade_candidate_change_fraction=0.010000
cascade_candidate_stagnation_epochs=12
cascade_max_out_epochs=150
cascade_min_out_epochs=50
cascade_max_cand_epochs=150
cascade_min_cand_epochs=50
cascade_num_candidate_groups=2
bit_fail_limit=1.00000000000000005551e-01
cascade_candidate_limit=1.00000000000000000000e+03
cascade_weight_multiplier=4.00000000000000022204e-01
cascade_activation_functions_count=10
cascade_activation_functions=3 5 7 8 10 11 14 15 16 17 
cascade_activation_steepnesses_count=4
cascade_activation_steepnesses=2.50000000000000000000e-01 5.00000000000000000000e-01 7.50000000000000000000e-01 1.00000000000000000000e+00 
layer_sizes=7 4 2 
scale_included=0
neurons (num_inputs, activation_function, activation_steepness)=(0, 0, 0.00000000000000000000e+00) (0, 0, 0.00000000000000000000e+00) (0, 0, 0.00000000000000000000e+00) (0, 0, 0.00000000000000000000e+00) (0, 0, 0.00000000000000000000e+00) (0, 0, 0.00000000000000000000e+00) (0, 0, 0.00000000000000000000e+00) (7, 6, 5.00000000000000000000e-01) (7, 6, 5.00000000000000000000e-01) (7, 6, 5.00000000000000000000e-01) (0, 6, 0.00000000000000000000e+00) (4, 4, 5.00000000000000000000e-01) (0, 4, 0.00000000000000000000e+00) 
connections (connected_to_neuron, weight)=(0, -2.12006992426831919474e+00) (1, 1.11180315386572514669e+00) (2, 7.23897712750364741296e-01) (3, 2.60974271655281149507e-02) (4, 8.44714378156802281339e-01) (5, 3.23457854082275186869e+00) (6, -1.89939561115266797309e+00) (0, -2.02049021748025570133e+00) (1, 1.09584827195921574727e+00) (2, 7.10121663732458552332e-01) (3, 1.18080879604836305741e-01) (4, 9.78342277147909888946e-01) (5, 3.10832708915162836405e+00) (6, -1.94653703646423337226e+00) (0, 7.87828372297678380942e-02) (1, -7.55339523300016590923e+00) (2, 1.77021200529198319273e+00) (3, 2.17600233760138095374e-01) (4, 8.67246597058028356741e+00) (5, -1.63684555146193111419e+00) (6, 2.83366168572677878945e-01) (7, 3.35371345406636081066e+01) (8, 3.34873727685078463878e+01) (9, -1.10668391541373800635e+00) (10, -5.94857706485082737835e-01) 
