FANN_FLO_2.1
num_layers=3
learning_rate=0.700000
connection_rate=1.000000
network_type=0
learning_momentum=0.000000
training_algorithm=2
train_error_function=1
train_stop_function=1
cascade_output_change_fraction=0.010000
quickprop_decay=-0.000100
quickprop_mu=1.750000
rprop_increase_factor=1.200000
rprop_decrease_factor=0.500000
rprop_delta_min=0.000000
rprop_delta_max=50.000000
rprop_delta_zero=0.100000
cascade_output_stagnation_epochs=12
cascade_candidate_change_fraction=0.010000
cascade_candidate_stagnation_epochs=12
cascade_max_out_epochs=150
cascade_min_out_epochs=50
cascade_max_cand_epochs=150
cascade_min_cand_epochs=50
cascade_num_candidate_groups=2
bit_fail_limit=1.00000000000000005551e-01
cascade_candidate_limit=1.00000000000000000000e+03
cascade_weight_multiplier=4.00000000000000022204e-01
cascade_activation_functions_count=10
cascade_activation_functions=3 5 7 8 10 11 14 15 16 17 
cascade_activation_steepnesses_count=4
cascade_activation_steepnesses=2.50000000000000000000e-01 5.00000000000000000000e-01 7.50000000000000000000e-01 1.00000000000000000000e+00 
layer_sizes=14 4 2 
scale_included=0
neurons (num_inputs, activation_function, activation_steepness)=(0, 0, 0.00000000000000000000e+00) (0, 0, 0.00000000000000000000e+00) (0, 0, 0.00000000000000000000e+00) (0, 0, 0.00000000000000000000e+00) (0, 0, 0.00000000000000000000e+00) (0, 0, 0.00000000000000000000e+00) (0, 0, 0.00000000000000000000e+00) (0, 0, 0.00000000000000000000e+00) (0, 0, 0.00000000000000000000e+00) (0, 0, 0.00000000000000000000e+00) (0, 0, 0.00000000000000000000e+00) (0, 0, 0.00000000000000000000e+00) (0, 0, 0.00000000000000000000e+00) (0, 0, 0.00000000000000000000e+00) (14, 6, 5.00000000000000000000e-01) (14, 6, 5.00000000000000000000e-01) (14, 6, 5.00000000000000000000e-01) (0, 6, 0.00000000000000000000e+00) (4, 4, 5.00000000000000000000e-01) (0, 4, 0.00000000000000000000e+00) 
connections (connected_to_neuron, weight)=(0, 1.02398667008116088795e+01) (1, -5.56209576856729004390e+00) (2, 3.69966008507421317830e+00) (3, -7.61634216291438903568e-01) (4, -8.03451900550976283455e+00) (5, -2.64934519343244279099e+00) (6, 6.95765332115197576712e+00) (7, -7.28283426973377601144e+00) (8, -2.27625628875977661925e-02) (9, -5.99055419167003577741e+00) (10, -6.00997088421331326913e+00) (11, 1.53521306039565508250e+00) (12, -8.13928128028169162178e+00) (13, 4.32748018580620641416e+00) (0, 1.09102009319096797668e+01) (1, -7.73478456889958732035e+00) (2, 3.08461969340945518780e+00) (3, -1.56848622802245230012e+00) (4, -8.12973438570156581306e+00) (5, -3.54086130442760405046e+00) (6, 9.98163720647887586779e+00) (7, -7.19302905413662330147e+00) (8, 3.30368874676481572017e-01) (9, -7.17309740719877009241e+00) (10, -7.32072212936170618747e+00) (11, 2.34840404867512164699e+00) (12, -8.07796258101120479012e+00) (13, 5.70157082710061224873e+00) (0, -2.64300443512975269389e-01) (1, 6.13363602683363318135e-01) (2, -4.27455262194176566215e-01) (3, 1.06006884760784125810e+00) (4, 4.10157907323582904269e+00) (5, 4.24843615874876157079e+00) (6, -1.35126411528984413657e+00) (7, 5.44670710952499526059e+00) (8, 2.02635405048910977044e+00) (9, 7.50789977532500651947e-01) (10, 7.29800015409812319334e-01) (11, 1.82055463970570846621e-01) (12, 3.50381421112670121687e+00) (13, -2.30826781813729869919e-01) (14, -5.04824415247351332425e+00) (15, -5.03329775135428114652e+00) (16, 1.17337989125764963205e+00) (17, -1.32437301439461840857e+00) 
