FANN_FLO_2.1
num_layers=3
learning_rate=0.700000
connection_rate=1.000000
network_type=0
learning_momentum=0.000000
training_algorithm=2
train_error_function=1
train_stop_function=1
cascade_output_change_fraction=0.010000
quickprop_decay=-0.000100
quickprop_mu=1.750000
rprop_increase_factor=1.200000
rprop_decrease_factor=0.500000
rprop_delta_min=0.000000
rprop_delta_max=50.000000
rprop_delta_zero=0.100000
cascade_output_stagnation_epochs=12
cascade_candidate_change_fraction=0.010000
cascade_candidate_stagnation_epochs=12
cascade_max_out_epochs=150
cascade_min_out_epochs=50
cascade_max_cand_epochs=150
cascade_min_cand_epochs=50
cascade_num_candidate_groups=2
bit_fail_limit=1.00000000000000005551e-01
cascade_candidate_limit=1.00000000000000000000e+03
cascade_weight_multiplier=4.00000000000000022204e-01
cascade_activation_functions_count=10
cascade_activation_functions=3 5 7 8 10 11 14 15 16 17 
cascade_activation_steepnesses_count=4
cascade_activation_steepnesses=2.50000000000000000000e-01 5.00000000000000000000e-01 7.50000000000000000000e-01 1.00000000000000000000e+00 
layer_sizes=11 4 2 
scale_included=0
neurons (num_inputs, activation_function, activation_steepness)=(0, 0, 0.00000000000000000000e+00) (0, 0, 0.00000000000000000000e+00) (0, 0, 0.00000000000000000000e+00) (0, 0, 0.00000000000000000000e+00) (0, 0, 0.00000000000000000000e+00) (0, 0, 0.00000000000000000000e+00) (0, 0, 0.00000000000000000000e+00) (0, 0, 0.00000000000000000000e+00) (0, 0, 0.00000000000000000000e+00) (0, 0, 0.00000000000000000000e+00) (0, 0, 0.00000000000000000000e+00) (11, 6, 5.00000000000000000000e-01) (11, 6, 5.00000000000000000000e-01) (11, 6, 5.00000000000000000000e-01) (0, 6, 0.00000000000000000000e+00) (4, 4, 5.00000000000000000000e-01) (0, 4, 0.00000000000000000000e+00) 
connections (connected_to_neuron, weight)=(0, 1.33472281080574495249e+00) (1, -1.50181868310572719238e+00) (2, 1.23723523160045867364e+00) (3, -1.52358072633287343345e-02) (4, -1.34338176910506335027e+00) (5, 5.23420700750361400644e-01) (6, -1.93807764621272388128e-01) (7, -4.43853666451674400140e-01) (8, -4.63629770412797681534e-01) (9, 2.37751412618121582554e+00) (10, 7.81583928490819479507e-01) (0, -1.03029596507427800844e+00) (1, 1.22174132724840833752e+00) (2, -2.94231231974630025316e-01) (3, 9.11309258802293964408e-01) (4, 2.25087607545939594189e+00) (5, 5.08898124578964106135e-01) (6, 6.11590436571233109220e+00) (7, 3.66219749926351845204e+00) (8, 3.41176624607673595335e+00) (9, -2.06415127956941546472e+00) (10, -2.21177488191026005993e-01) (0, -6.43639140971913659151e-01) (1, 4.46536350844750906663e-01) (2, -4.25561998628534254863e+00) (3, 1.00217517076289164280e+00) (4, 2.27925593863157764929e+01) (5, 7.37670411080462939957e-01) (6, 1.38317607324813884873e+01) (7, 1.42578893941134339229e+01) (8, 1.40891945607153772357e+01) (9, -4.94845664227546944147e+00) (10, -5.46552811958804674042e-01) (11, -2.54881626605774087579e+01) (12, 3.08512804511846461253e+00) (13, 1.79976457863670424864e+00) (14, -3.47102199869948480071e+00) 
