FANN_FLO_2.1
num_layers=3
learning_rate=0.700000
connection_rate=1.000000
network_type=0
learning_momentum=0.000000
training_algorithm=2
train_error_function=1
train_stop_function=1
cascade_output_change_fraction=0.010000
quickprop_decay=-0.000100
quickprop_mu=1.750000
rprop_increase_factor=1.200000
rprop_decrease_factor=0.500000
rprop_delta_min=0.000000
rprop_delta_max=50.000000
rprop_delta_zero=0.100000
cascade_output_stagnation_epochs=12
cascade_candidate_change_fraction=0.010000
cascade_candidate_stagnation_epochs=12
cascade_max_out_epochs=150
cascade_min_out_epochs=50
cascade_max_cand_epochs=150
cascade_min_cand_epochs=50
cascade_num_candidate_groups=2
bit_fail_limit=1.00000000000000005551e-01
cascade_candidate_limit=1.00000000000000000000e+03
cascade_weight_multiplier=4.00000000000000022204e-01
cascade_activation_functions_count=10
cascade_activation_functions=3 5 7 8 10 11 14 15 16 17 
cascade_activation_steepnesses_count=4
cascade_activation_steepnesses=2.50000000000000000000e-01 5.00000000000000000000e-01 7.50000000000000000000e-01 1.00000000000000000000e+00 
layer_sizes=7 4 2 
scale_included=0
neurons (num_inputs, activation_function, activation_steepness)=(0, 0, 0.00000000000000000000e+00) (0, 0, 0.00000000000000000000e+00) (0, 0, 0.00000000000000000000e+00) (0, 0, 0.00000000000000000000e+00) (0, 0, 0.00000000000000000000e+00) (0, 0, 0.00000000000000000000e+00) (0, 0, 0.00000000000000000000e+00) (7, 6, 5.00000000000000000000e-01) (7, 6, 5.00000000000000000000e-01) (7, 6, 5.00000000000000000000e-01) (0, 6, 0.00000000000000000000e+00) (4, 4, 5.00000000000000000000e-01) (0, 4, 0.00000000000000000000e+00) 
connections (connected_to_neuron, weight)=(0, 4.82323398361724109407e+00) (1, -4.65132358106573295942e+00) (2, -2.56236020941699926823e+00) (3, -4.22212347117283570697e+00) (4, -7.60259800863135204452e+00) (5, -5.36125035756953405297e+00) (6, 6.99836493195189390804e+00) (0, -2.27228727190528534408e+00) (1, 4.10646285152774037641e+00) (2, -2.94840934424642556189e-02) (3, 7.32944287664927918158e-01) (4, 1.32420546980147757488e+00) (5, 3.65495679675906659511e+00) (6, -2.60885098705846596445e+00) (0, 4.69568597073477000947e+00) (1, -4.44285432476542396785e+00) (2, -2.55988351721729223698e+00) (3, -2.79539128104029765964e+00) (4, -9.96392879578199064383e+00) (5, -4.62070150838689208683e+00) (6, 6.59606789281994299046e+00) (7, -2.40563222408587140677e+00) (8, 2.79206952112134265676e+00) (9, -2.39344583839470548270e+00) (10, -1.52555487097261699425e+00) 
