FANN_FLO_2.1
num_layers=3
learning_rate=0.700000
connection_rate=1.000000
network_type=0
learning_momentum=0.000000
training_algorithm=2
train_error_function=1
train_stop_function=1
cascade_output_change_fraction=0.010000
quickprop_decay=-0.000100
quickprop_mu=1.750000
rprop_increase_factor=1.200000
rprop_decrease_factor=0.500000
rprop_delta_min=0.000000
rprop_delta_max=50.000000
rprop_delta_zero=0.100000
cascade_output_stagnation_epochs=12
cascade_candidate_change_fraction=0.010000
cascade_candidate_stagnation_epochs=12
cascade_max_out_epochs=150
cascade_min_out_epochs=50
cascade_max_cand_epochs=150
cascade_min_cand_epochs=50
cascade_num_candidate_groups=2
bit_fail_limit=1.00000000000000005551e-01
cascade_candidate_limit=1.00000000000000000000e+03
cascade_weight_multiplier=4.00000000000000022204e-01
cascade_activation_functions_count=10
cascade_activation_functions=3 5 7 8 10 11 14 15 16 17 
cascade_activation_steepnesses_count=4
cascade_activation_steepnesses=2.50000000000000000000e-01 5.00000000000000000000e-01 7.50000000000000000000e-01 1.00000000000000000000e+00 
layer_sizes=11 4 2 
scale_included=0
neurons (num_inputs, activation_function, activation_steepness)=(0, 0, 0.00000000000000000000e+00) (0, 0, 0.00000000000000000000e+00) (0, 0, 0.00000000000000000000e+00) (0, 0, 0.00000000000000000000e+00) (0, 0, 0.00000000000000000000e+00) (0, 0, 0.00000000000000000000e+00) (0, 0, 0.00000000000000000000e+00) (0, 0, 0.00000000000000000000e+00) (0, 0, 0.00000000000000000000e+00) (0, 0, 0.00000000000000000000e+00) (0, 0, 0.00000000000000000000e+00) (11, 6, 5.00000000000000000000e-01) (11, 6, 5.00000000000000000000e-01) (11, 6, 5.00000000000000000000e-01) (0, 6, 0.00000000000000000000e+00) (4, 4, 5.00000000000000000000e-01) (0, 4, 0.00000000000000000000e+00) 
connections (connected_to_neuron, weight)=(0, 1.62753828643083164884e+00) (1, -1.51960330363212503535e+00) (2, -3.80831300158423979862e-01) (3, -4.16194487407380853128e-01) (4, -2.28285810510423403663e-01) (5, -1.72196556006748213719e+00) (6, -3.01519629585542348060e-01) (7, 5.68785915110587070309e-01) (8, 4.06403214081897945498e-01) (9, -1.29040405920535250495e+00) (10, 1.52212349353551457121e+00) (0, -3.27353654571892205283e+00) (1, 3.60807220616651669332e+00) (2, 1.38799932633385109115e-01) (3, 3.02390492974979485652e+00) (4, 3.46613006128217637780e+00) (5, 3.36798864794315333526e+00) (6, 3.70180776249892939944e+00) (7, -7.27660144345638415508e-01) (8, 5.25930463928216340719e+00) (9, 3.21445923563052371463e+00) (10, -3.14337466111479235664e+00) (0, -3.65253321162380606424e+00) (1, 3.42709011765953652784e+00) (2, -1.12928289485677263437e-01) (3, 3.44309149862582231094e+00) (4, 2.98324629207240077378e+00) (5, 3.46343498868288035553e+00) (6, 3.67725617718227137942e+00) (7, -1.48469835062103117096e+00) (8, 3.51874951379056755130e+00) (9, 3.86038104091564227005e+00) (10, -3.60399016956569440140e+00) (11, -9.52540188158647893601e+00) (12, 3.84596581959112349125e+00) (13, 9.67844440385630377932e+00) (14, -1.67024214185236918873e+00) 
