FANN_FLO_2.1
num_layers=3
learning_rate=0.700000
connection_rate=1.000000
network_type=0
learning_momentum=0.000000
training_algorithm=2
train_error_function=1
train_stop_function=1
cascade_output_change_fraction=0.010000
quickprop_decay=-0.000100
quickprop_mu=1.750000
rprop_increase_factor=1.200000
rprop_decrease_factor=0.500000
rprop_delta_min=0.000000
rprop_delta_max=50.000000
rprop_delta_zero=0.100000
cascade_output_stagnation_epochs=12
cascade_candidate_change_fraction=0.010000
cascade_candidate_stagnation_epochs=12
cascade_max_out_epochs=150
cascade_min_out_epochs=50
cascade_max_cand_epochs=150
cascade_min_cand_epochs=50
cascade_num_candidate_groups=2
bit_fail_limit=1.00000000000000005551e-01
cascade_candidate_limit=1.00000000000000000000e+03
cascade_weight_multiplier=4.00000000000000022204e-01
cascade_activation_functions_count=10
cascade_activation_functions=3 5 7 8 10 11 14 15 16 17 
cascade_activation_steepnesses_count=4
cascade_activation_steepnesses=2.50000000000000000000e-01 5.00000000000000000000e-01 7.50000000000000000000e-01 1.00000000000000000000e+00 
layer_sizes=16 4 2 
scale_included=0
neurons (num_inputs, activation_function, activation_steepness)=(0, 0, 0.00000000000000000000e+00) (0, 0, 0.00000000000000000000e+00) (0, 0, 0.00000000000000000000e+00) (0, 0, 0.00000000000000000000e+00) (0, 0, 0.00000000000000000000e+00) (0, 0, 0.00000000000000000000e+00) (0, 0, 0.00000000000000000000e+00) (0, 0, 0.00000000000000000000e+00) (0, 0, 0.00000000000000000000e+00) (0, 0, 0.00000000000000000000e+00) (0, 0, 0.00000000000000000000e+00) (0, 0, 0.00000000000000000000e+00) (0, 0, 0.00000000000000000000e+00) (0, 0, 0.00000000000000000000e+00) (0, 0, 0.00000000000000000000e+00) (0, 0, 0.00000000000000000000e+00) (16, 6, 5.00000000000000000000e-01) (16, 6, 5.00000000000000000000e-01) (16, 6, 5.00000000000000000000e-01) (0, 6, 0.00000000000000000000e+00) (4, 4, 5.00000000000000000000e-01) (0, 4, 0.00000000000000000000e+00) 
connections (connected_to_neuron, weight)=(0, 6.51480903797510535469e+00) (1, -2.73359744728127207480e+00) (2, -1.48390539524539866179e+00) (3, -1.50725408433851981727e+00) (4, -1.43957156199967428734e+00) (5, -2.01080953267417417152e+00) (6, 1.02170375153883097319e+00) (7, -2.45431089902604870900e+00) (8, -2.72238940638648951875e+00) (9, -5.00068197978488115929e-01) (10, -7.68782114736350052908e-01) (11, -1.57522142977730839064e+00) (12, -2.77068523955690348970e+00) (13, -2.76613747808079013524e+00) (14, -3.69093565010754209865e+00) (15, 3.40261383873257017285e+00) (0, 2.16599957387761321570e+00) (1, -1.19949964179866164216e+00) (2, -4.98098155104120643433e-01) (3, 2.07050084405681011912e-01) (4, -2.21036087948954396154e+00) (5, -2.84990388493988500151e-01) (6, 3.30723650220245468656e-01) (7, -2.97133351161212033720e-01) (8, -1.25745077701273411108e+00) (9, -1.26858668283265285659e+00) (10, 9.97960358701898558875e-02) (11, -2.13627016026652150060e+00) (12, -1.32031633229914158179e+00) (13, -6.33531154492687931246e-01) (14, -1.25117982591795323666e-01) (15, 9.32719318707400102397e-01) (0, -3.60802912557883992406e+00) (1, 2.14546193464283785346e+00) (2, 8.81494210422946178340e-01) (3, 3.73011478649798999818e-01) (4, 1.48214101852568891360e+00) (5, 7.13330311904045721860e-01) (6, 8.11915888123322160297e-01) (7, 3.66585703332426959822e-01) (8, 2.17957215092902512055e+00) (9, 3.46083793637390724207e-01) (10, 2.25448533753164537252e-01) (11, 1.58022113950642850710e+00) (12, 1.96624523860019673194e+00) (13, 2.47738205991027982122e+00) (14, 1.81880949503949151946e+00) (15, -1.52097732161258480943e+00) (16, -1.51987196088909044533e+01) (17, -3.65561946641131196856e+00) (18, 5.39310596779210538187e+00) (19, -1.73020732481392025548e+00) 
