FANN_FLO_2.1
num_layers=3
learning_rate=0.700000
connection_rate=1.000000
network_type=0
learning_momentum=0.000000
training_algorithm=2
train_error_function=1
train_stop_function=1
cascade_output_change_fraction=0.010000
quickprop_decay=-0.000100
quickprop_mu=1.750000
rprop_increase_factor=1.200000
rprop_decrease_factor=0.500000
rprop_delta_min=0.000000
rprop_delta_max=50.000000
rprop_delta_zero=0.100000
cascade_output_stagnation_epochs=12
cascade_candidate_change_fraction=0.010000
cascade_candidate_stagnation_epochs=12
cascade_max_out_epochs=150
cascade_min_out_epochs=50
cascade_max_cand_epochs=150
cascade_min_cand_epochs=50
cascade_num_candidate_groups=2
bit_fail_limit=1.00000000000000005551e-01
cascade_candidate_limit=1.00000000000000000000e+03
cascade_weight_multiplier=4.00000000000000022204e-01
cascade_activation_functions_count=10
cascade_activation_functions=3 5 7 8 10 11 14 15 16 17 
cascade_activation_steepnesses_count=4
cascade_activation_steepnesses=2.50000000000000000000e-01 5.00000000000000000000e-01 7.50000000000000000000e-01 1.00000000000000000000e+00 
layer_sizes=9 4 2 
scale_included=0
neurons (num_inputs, activation_function, activation_steepness)=(0, 0, 0.00000000000000000000e+00) (0, 0, 0.00000000000000000000e+00) (0, 0, 0.00000000000000000000e+00) (0, 0, 0.00000000000000000000e+00) (0, 0, 0.00000000000000000000e+00) (0, 0, 0.00000000000000000000e+00) (0, 0, 0.00000000000000000000e+00) (0, 0, 0.00000000000000000000e+00) (0, 0, 0.00000000000000000000e+00) (9, 6, 5.00000000000000000000e-01) (9, 6, 5.00000000000000000000e-01) (9, 6, 5.00000000000000000000e-01) (0, 6, 0.00000000000000000000e+00) (4, 4, 5.00000000000000000000e-01) (0, 4, 0.00000000000000000000e+00) 
connections (connected_to_neuron, weight)=(0, -4.76518787616910000082e+00) (1, -6.74455560527361330792e-01) (2, 1.57643974234876260709e+01) (3, 3.00741221006030645668e+00) (4, 1.14343805800607567491e+00) (5, 1.51940039977167384855e+00) (6, 1.71411980781890838088e+00) (7, -1.15476881311818879716e+00) (8, -3.12298586050481663534e+00) (0, -3.71036727543039679400e-01) (1, 4.15856302743984507231e+00) (2, -5.34518836856127887991e-01) (3, -1.79622406172752424602e+00) (4, -5.19506172024877033166e-01) (5, 3.12760142583913269831e-02) (6, 4.71186606187886658503e-02) (7, 3.58749301740359481661e-03) (8, -3.55130495397549317271e-01) (0, 9.80312708958813061599e+00) (1, -6.30188074463183056650e+00) (2, -2.93624745114239393828e+00) (3, -2.21243163548381804873e+00) (4, 1.63104180856530756039e+00) (5, -2.28711588809738713968e-01) (6, -2.11228626827487175888e+00) (7, 2.23517085639550661114e+00) (8, 5.05115402991822826095e+00) (9, 2.81479040250342338325e+00) (10, 1.50022230291006808400e+00) (11, -2.42217841705880232439e+00) (12, -2.81028912304668443412e+00) 
