FANN_FLO_2.1
num_layers=3
learning_rate=0.700000
connection_rate=1.000000
network_type=0
learning_momentum=0.000000
training_algorithm=2
train_error_function=1
train_stop_function=1
cascade_output_change_fraction=0.010000
quickprop_decay=-0.000100
quickprop_mu=1.750000
rprop_increase_factor=1.200000
rprop_decrease_factor=0.500000
rprop_delta_min=0.000000
rprop_delta_max=50.000000
rprop_delta_zero=0.100000
cascade_output_stagnation_epochs=12
cascade_candidate_change_fraction=0.010000
cascade_candidate_stagnation_epochs=12
cascade_max_out_epochs=150
cascade_min_out_epochs=50
cascade_max_cand_epochs=150
cascade_min_cand_epochs=50
cascade_num_candidate_groups=2
bit_fail_limit=1.00000000000000005551e-01
cascade_candidate_limit=1.00000000000000000000e+03
cascade_weight_multiplier=4.00000000000000022204e-01
cascade_activation_functions_count=10
cascade_activation_functions=3 5 7 8 10 11 14 15 16 17 
cascade_activation_steepnesses_count=4
cascade_activation_steepnesses=2.50000000000000000000e-01 5.00000000000000000000e-01 7.50000000000000000000e-01 1.00000000000000000000e+00 
layer_sizes=12 4 2 
scale_included=0
neurons (num_inputs, activation_function, activation_steepness)=(0, 0, 0.00000000000000000000e+00) (0, 0, 0.00000000000000000000e+00) (0, 0, 0.00000000000000000000e+00) (0, 0, 0.00000000000000000000e+00) (0, 0, 0.00000000000000000000e+00) (0, 0, 0.00000000000000000000e+00) (0, 0, 0.00000000000000000000e+00) (0, 0, 0.00000000000000000000e+00) (0, 0, 0.00000000000000000000e+00) (0, 0, 0.00000000000000000000e+00) (0, 0, 0.00000000000000000000e+00) (0, 0, 0.00000000000000000000e+00) (12, 6, 5.00000000000000000000e-01) (12, 6, 5.00000000000000000000e-01) (12, 6, 5.00000000000000000000e-01) (0, 6, 0.00000000000000000000e+00) (4, 4, 5.00000000000000000000e-01) (0, 4, 0.00000000000000000000e+00) 
connections (connected_to_neuron, weight)=(0, -2.26475419479045175786e-01) (1, 2.64420846303766099439e+00) (2, 3.68789887778399383400e-01) (3, 9.10746459597918978091e+00) (4, 1.23609538551829789554e+00) (5, -1.27325857040978679402e-01) (6, -2.72651137267175491807e-01) (7, 7.14447813867033709734e-01) (8, 6.06880194992134569532e+00) (9, 7.53360260405333131972e-02) (10, 1.68875725953099936616e-01) (11, -3.04200127495214411866e-01) (0, -2.94044512433360827330e-01) (1, 8.47545280974175807565e-01) (2, 3.70016755577861067295e-01) (3, 5.38137296118129992983e-01) (4, 4.08290223904170301861e-01) (5, -2.73383631225091350281e-01) (6, -3.27701797317450693736e-01) (7, 4.14879871709322889384e-01) (8, 2.35313941763758505132e+00) (9, 6.05470438846650305109e-04) (10, 5.28064748582959264667e-01) (11, -3.08656548689788035045e-01) (0, -3.95787236978045520175e+00) (1, 3.96777650850788488057e+00) (2, 2.07411303813879310809e+00) (3, 4.31988125314652293696e+00) (4, 1.46227715829165583195e+00) (5, -4.80215000312497974910e-01) (6, -2.33451945281019801470e+00) (7, 5.60033730935100937387e+00) (8, 4.44358993053084905256e+00) (9, 5.31952899570898862791e-01) (10, 3.06779953906930602514e+00) (11, -4.00955489416352328647e+00) (12, 1.10924307011240297349e+00) (13, 5.78740573491022036734e-01) (14, 1.51677010103577796230e+01) (15, -2.37146689689150447222e+00) 
