FANN_FLO_2.1
num_layers=3
learning_rate=0.700000
connection_rate=1.000000
network_type=0
learning_momentum=0.000000
training_algorithm=2
train_error_function=1
train_stop_function=1
cascade_output_change_fraction=0.010000
quickprop_decay=-0.000100
quickprop_mu=1.750000
rprop_increase_factor=1.200000
rprop_decrease_factor=0.500000
rprop_delta_min=0.000000
rprop_delta_max=50.000000
rprop_delta_zero=0.100000
cascade_output_stagnation_epochs=12
cascade_candidate_change_fraction=0.010000
cascade_candidate_stagnation_epochs=12
cascade_max_out_epochs=150
cascade_min_out_epochs=50
cascade_max_cand_epochs=150
cascade_min_cand_epochs=50
cascade_num_candidate_groups=2
bit_fail_limit=1.00000000000000005551e-01
cascade_candidate_limit=1.00000000000000000000e+03
cascade_weight_multiplier=4.00000000000000022204e-01
cascade_activation_functions_count=10
cascade_activation_functions=3 5 7 8 10 11 14 15 16 17 
cascade_activation_steepnesses_count=4
cascade_activation_steepnesses=2.50000000000000000000e-01 5.00000000000000000000e-01 7.50000000000000000000e-01 1.00000000000000000000e+00 
layer_sizes=9 4 2 
scale_included=0
neurons (num_inputs, activation_function, activation_steepness)=(0, 0, 0.00000000000000000000e+00) (0, 0, 0.00000000000000000000e+00) (0, 0, 0.00000000000000000000e+00) (0, 0, 0.00000000000000000000e+00) (0, 0, 0.00000000000000000000e+00) (0, 0, 0.00000000000000000000e+00) (0, 0, 0.00000000000000000000e+00) (0, 0, 0.00000000000000000000e+00) (0, 0, 0.00000000000000000000e+00) (9, 6, 5.00000000000000000000e-01) (9, 6, 5.00000000000000000000e-01) (9, 6, 5.00000000000000000000e-01) (0, 6, 0.00000000000000000000e+00) (4, 4, 5.00000000000000000000e-01) (0, 4, 0.00000000000000000000e+00) 
connections (connected_to_neuron, weight)=(0, -1.26929212191567120094e+00) (1, 1.07434610334320645997e+00) (2, 6.39090230984465046404e-01) (3, 7.01971176432013899138e-01) (4, 5.87932377822772189724e-01) (5, 3.25970858102808624945e-01) (6, 5.29841442295226117132e-01) (7, -4.22504829917769664238e-01) (8, -7.43419263505902372380e-01) (0, -2.46569894711187087566e+00) (1, 2.53001171215644937718e+00) (2, 1.56780369378103601186e+00) (3, 1.32235639567117768678e+00) (4, -3.18677641847745052317e-01) (5, -3.78740133019821123561e-01) (6, -2.41179275044341751011e-01) (7, -1.06715890412987013391e+00) (8, -2.10321029734818276680e+00) (0, -1.99813672985417101202e+00) (1, 1.60063705060747163422e+00) (2, 1.51570424895068200932e+00) (3, 1.42984085692498918974e+00) (4, 1.22340293171619607371e+00) (5, -1.50670066712738387471e-01) (6, -1.73142331550149325414e-01) (7, -1.20376840079757241320e+00) (8, -2.13389614682180051020e+00) (9, 1.37465485689575106498e+00) (10, 5.58228081446516011255e+00) (11, 6.44550189354130420583e+00) (12, -2.08694052036387178717e+00) 
