FANN_FLO_2.1
num_layers=3
learning_rate=0.700000
connection_rate=1.000000
network_type=0
learning_momentum=0.000000
training_algorithm=2
train_error_function=1
train_stop_function=1
cascade_output_change_fraction=0.010000
quickprop_decay=-0.000100
quickprop_mu=1.750000
rprop_increase_factor=1.200000
rprop_decrease_factor=0.500000
rprop_delta_min=0.000000
rprop_delta_max=50.000000
rprop_delta_zero=0.100000
cascade_output_stagnation_epochs=12
cascade_candidate_change_fraction=0.010000
cascade_candidate_stagnation_epochs=12
cascade_max_out_epochs=150
cascade_min_out_epochs=50
cascade_max_cand_epochs=150
cascade_min_cand_epochs=50
cascade_num_candidate_groups=2
bit_fail_limit=1.00000000000000005551e-01
cascade_candidate_limit=1.00000000000000000000e+03
cascade_weight_multiplier=4.00000000000000022204e-01
cascade_activation_functions_count=10
cascade_activation_functions=3 5 7 8 10 11 14 15 16 17 
cascade_activation_steepnesses_count=4
cascade_activation_steepnesses=2.50000000000000000000e-01 5.00000000000000000000e-01 7.50000000000000000000e-01 1.00000000000000000000e+00 
layer_sizes=9 4 2 
scale_included=0
neurons (num_inputs, activation_function, activation_steepness)=(0, 0, 0.00000000000000000000e+00) (0, 0, 0.00000000000000000000e+00) (0, 0, 0.00000000000000000000e+00) (0, 0, 0.00000000000000000000e+00) (0, 0, 0.00000000000000000000e+00) (0, 0, 0.00000000000000000000e+00) (0, 0, 0.00000000000000000000e+00) (0, 0, 0.00000000000000000000e+00) (0, 0, 0.00000000000000000000e+00) (9, 6, 5.00000000000000000000e-01) (9, 6, 5.00000000000000000000e-01) (9, 6, 5.00000000000000000000e-01) (0, 6, 0.00000000000000000000e+00) (4, 4, 5.00000000000000000000e-01) (0, 4, 0.00000000000000000000e+00) 
connections (connected_to_neuron, weight)=(0, -2.39663873395248472331e-01) (1, 6.30914689587964816475e-01) (2, 1.02650950030485055287e+00) (3, 2.06392213667857893356e+00) (4, 1.55681426010819889960e+00) (5, 9.86107039461525669566e-01) (6, 5.50687508526227054162e-01) (7, 4.48895024907102091483e-01) (8, -1.82482419230489412154e-02) (0, 4.89234799695102129391e+00) (1, -3.62843462575933317638e+00) (2, -1.91329364895811115943e+00) (3, -4.35400860365261266338e+00) (4, -3.62352883761786737082e+00) (5, 2.26149380757836082623e+00) (6, -3.49922639446488314974e+00) (7, -3.57286924524343652010e+00) (8, 4.77132219313013283823e+00) (0, -2.81392683709382351864e+00) (1, 2.87934793672284383703e+00) (2, 3.89491679314045047278e-01) (3, 4.14779724243389402716e+00) (4, 2.09078224268981260892e+00) (5, -1.90792161501648727118e+00) (6, 3.27061008304738054520e+00) (7, 2.62144250983215387762e+00) (8, -2.78800172234296139706e+00) (9, 4.00734919228900809962e-01) (10, -1.21755938973900459388e+01) (11, 7.49210201415354881682e-01) (12, -1.87224241004273506128e+00) 
