FANN_FLO_2.1
num_layers=3
learning_rate=0.700000
connection_rate=1.000000
network_type=0
learning_momentum=0.000000
training_algorithm=2
train_error_function=1
train_stop_function=1
cascade_output_change_fraction=0.010000
quickprop_decay=-0.000100
quickprop_mu=1.750000
rprop_increase_factor=1.200000
rprop_decrease_factor=0.500000
rprop_delta_min=0.000000
rprop_delta_max=50.000000
rprop_delta_zero=0.100000
cascade_output_stagnation_epochs=12
cascade_candidate_change_fraction=0.010000
cascade_candidate_stagnation_epochs=12
cascade_max_out_epochs=150
cascade_min_out_epochs=50
cascade_max_cand_epochs=150
cascade_min_cand_epochs=50
cascade_num_candidate_groups=2
bit_fail_limit=1.00000000000000005551e-01
cascade_candidate_limit=1.00000000000000000000e+03
cascade_weight_multiplier=4.00000000000000022204e-01
cascade_activation_functions_count=10
cascade_activation_functions=3 5 7 8 10 11 14 15 16 17 
cascade_activation_steepnesses_count=4
cascade_activation_steepnesses=2.50000000000000000000e-01 5.00000000000000000000e-01 7.50000000000000000000e-01 1.00000000000000000000e+00 
layer_sizes=9 4 2 
scale_included=0
neurons (num_inputs, activation_function, activation_steepness)=(0, 0, 0.00000000000000000000e+00) (0, 0, 0.00000000000000000000e+00) (0, 0, 0.00000000000000000000e+00) (0, 0, 0.00000000000000000000e+00) (0, 0, 0.00000000000000000000e+00) (0, 0, 0.00000000000000000000e+00) (0, 0, 0.00000000000000000000e+00) (0, 0, 0.00000000000000000000e+00) (0, 0, 0.00000000000000000000e+00) (9, 6, 5.00000000000000000000e-01) (9, 6, 5.00000000000000000000e-01) (9, 6, 5.00000000000000000000e-01) (0, 6, 0.00000000000000000000e+00) (4, 4, 5.00000000000000000000e-01) (0, 4, 0.00000000000000000000e+00) 
connections (connected_to_neuron, weight)=(0, 2.39593767957948816649e-01) (1, -1.86321930687157300000e+00) (2, -2.38535485228340643493e-01) (3, 1.51254674389711007976e+00) (4, 1.54308986635822598110e-01) (5, 7.98432265043949596084e-01) (6, 3.46003474133276145430e-01) (7, 3.49010054107684819513e+00) (8, 3.81266595261358420821e-01) (0, 1.20973617116483223022e+00) (1, 2.73683030567376972542e-01) (2, -1.01791376935532813519e+01) (3, 1.52502666091513883195e+00) (4, 7.67801079740101366511e-01) (5, 5.88529717018181131039e-01) (6, 6.77617861262077569862e-01) (7, 1.25253161845026683707e+00) (8, 1.06755610088380326061e+00) (0, 6.55562962290445039315e+00) (1, -6.96624178790492010194e+00) (2, -3.64714310921656714726e+00) (3, 4.53698565102768902602e-02) (4, -1.86735693531045399141e+00) (5, -6.32326662256949001417e-01) (6, 3.35523735140333290161e+00) (7, -6.35460517868227370286e+00) (8, 6.68620469119945237679e+00) (9, -1.07428726791511452987e+00) (10, -4.07727490766414479850e+00) (11, -7.10891930121298010192e+00) (12, -1.57825750322032432038e+00) 
