FANN_FLO_2.1
num_layers=3
learning_rate=0.700000
connection_rate=1.000000
network_type=0
learning_momentum=0.000000
training_algorithm=2
train_error_function=1
train_stop_function=1
cascade_output_change_fraction=0.010000
quickprop_decay=-0.000100
quickprop_mu=1.750000
rprop_increase_factor=1.200000
rprop_decrease_factor=0.500000
rprop_delta_min=0.000000
rprop_delta_max=50.000000
rprop_delta_zero=0.100000
cascade_output_stagnation_epochs=12
cascade_candidate_change_fraction=0.010000
cascade_candidate_stagnation_epochs=12
cascade_max_out_epochs=150
cascade_min_out_epochs=50
cascade_max_cand_epochs=150
cascade_min_cand_epochs=50
cascade_num_candidate_groups=2
bit_fail_limit=1.00000000000000005551e-01
cascade_candidate_limit=1.00000000000000000000e+03
cascade_weight_multiplier=4.00000000000000022204e-01
cascade_activation_functions_count=10
cascade_activation_functions=3 5 7 8 10 11 14 15 16 17 
cascade_activation_steepnesses_count=4
cascade_activation_steepnesses=2.50000000000000000000e-01 5.00000000000000000000e-01 7.50000000000000000000e-01 1.00000000000000000000e+00 
layer_sizes=8 4 2 
scale_included=0
neurons (num_inputs, activation_function, activation_steepness)=(0, 0, 0.00000000000000000000e+00) (0, 0, 0.00000000000000000000e+00) (0, 0, 0.00000000000000000000e+00) (0, 0, 0.00000000000000000000e+00) (0, 0, 0.00000000000000000000e+00) (0, 0, 0.00000000000000000000e+00) (0, 0, 0.00000000000000000000e+00) (0, 0, 0.00000000000000000000e+00) (8, 6, 5.00000000000000000000e-01) (8, 6, 5.00000000000000000000e-01) (8, 6, 5.00000000000000000000e-01) (0, 6, 0.00000000000000000000e+00) (4, 4, 5.00000000000000000000e-01) (0, 4, 0.00000000000000000000e+00) 
connections (connected_to_neuron, weight)=(0, -1.16567861345631040848e+00) (1, 3.19832086201523146940e+00) (2, 5.94396214476215767331e-02) (3, -3.04595830598778760656e-01) (4, -3.39666272262043988928e-01) (5, -3.12387029388852155432e-01) (6, -3.79591277548975980505e-01) (7, -1.60557101985560879420e+00) (0, -4.85071121222751672208e-02) (1, 8.29560458988929938506e-01) (2, 5.07330954094610375726e-01) (3, -5.35964732153413562360e-03) (4, 1.05669884803462760248e-01) (5, 1.98481692793537001229e-01) (6, 1.70262767794299940682e-01) (7, -4.19234223745617029522e-02) (0, 1.45260486173615954719e+00) (1, -3.50408603185200195895e+00) (2, 2.05966418593761746436e-01) (3, 1.08355387672481140449e+00) (4, 9.86665179340973641509e-01) (5, 6.77327379163151666042e-01) (6, 6.54709040697461053249e-01) (7, 1.62909639048562548957e+00) (8, 6.06981662067745908473e+00) (9, 1.93350001662269233016e-01) (10, -5.77214493020761310049e+00) (11, -1.02436840601883583091e+00) 
