FANN_FLO_2.1
num_layers=3
learning_rate=0.700000
connection_rate=1.000000
network_type=0
learning_momentum=0.000000
training_algorithm=2
train_error_function=1
train_stop_function=1
cascade_output_change_fraction=0.010000
quickprop_decay=-0.000100
quickprop_mu=1.750000
rprop_increase_factor=1.200000
rprop_decrease_factor=0.500000
rprop_delta_min=0.000000
rprop_delta_max=50.000000
rprop_delta_zero=0.100000
cascade_output_stagnation_epochs=12
cascade_candidate_change_fraction=0.010000
cascade_candidate_stagnation_epochs=12
cascade_max_out_epochs=150
cascade_min_out_epochs=50
cascade_max_cand_epochs=150
cascade_min_cand_epochs=50
cascade_num_candidate_groups=2
bit_fail_limit=1.00000000000000005551e-01
cascade_candidate_limit=1.00000000000000000000e+03
cascade_weight_multiplier=4.00000000000000022204e-01
cascade_activation_functions_count=10
cascade_activation_functions=3 5 7 8 10 11 14 15 16 17 
cascade_activation_steepnesses_count=4
cascade_activation_steepnesses=2.50000000000000000000e-01 5.00000000000000000000e-01 7.50000000000000000000e-01 1.00000000000000000000e+00 
layer_sizes=12 4 2 
scale_included=0
neurons (num_inputs, activation_function, activation_steepness)=(0, 0, 0.00000000000000000000e+00) (0, 0, 0.00000000000000000000e+00) (0, 0, 0.00000000000000000000e+00) (0, 0, 0.00000000000000000000e+00) (0, 0, 0.00000000000000000000e+00) (0, 0, 0.00000000000000000000e+00) (0, 0, 0.00000000000000000000e+00) (0, 0, 0.00000000000000000000e+00) (0, 0, 0.00000000000000000000e+00) (0, 0, 0.00000000000000000000e+00) (0, 0, 0.00000000000000000000e+00) (0, 0, 0.00000000000000000000e+00) (12, 6, 5.00000000000000000000e-01) (12, 6, 5.00000000000000000000e-01) (12, 6, 5.00000000000000000000e-01) (0, 6, 0.00000000000000000000e+00) (4, 4, 5.00000000000000000000e-01) (0, 4, 0.00000000000000000000e+00) 
connections (connected_to_neuron, weight)=(0, -1.29324502994003909251e+00) (1, 2.24534420642485121888e+00) (2, -3.80329031240678849812e-01) (3, -1.90612164399311889706e-01) (4, -6.05989417379397377061e-01) (5, 2.01640784194677236130e+00) (6, -6.50044190694061718716e-01) (7, 1.76985289988167648900e+00) (8, 2.41218033541780796369e+00) (9, -2.06850981053449234359e-01) (10, -6.58236142512645949765e-01) (11, -4.76625584240046307194e-01) (0, 1.79306427179626992618e+00) (1, -4.70988028683902160143e-01) (2, -6.86351941327242176527e+00) (3, -5.39950656475135470913e+00) (4, 9.79328529351111587431e-01) (5, 3.32473502223921912879e-01) (6, 9.44105276368164547662e-01) (7, -1.91608458007233628528e+00) (8, -5.97171064356415426388e-01) (9, -9.52301991119868596058e+00) (10, -2.32010311816175096578e-01) (11, 2.57487518901389256243e+00) (0, -1.07347144214840284349e+00) (1, 7.16807990294551444777e-01) (2, 1.41282103410148494049e+01) (3, 7.34816755062581261626e-01) (4, -1.00960751360770012441e-01) (5, 2.29816868188142287011e-01) (6, -4.59884297755843302058e-02) (7, 2.18357861653393170442e+00) (8, 4.79133373253963379401e-01) (9, 1.46682324045214862451e+01) (10, 9.15827940952030683519e-01) (11, -4.94444488169838081149e+00) (12, 7.53281730870763777119e+00) (13, -7.13721837283739946045e-01) (14, 4.09018759616195826112e+00) (15, -3.44859561796645985865e+00) 
