FANN_FLO_2.1
num_layers=3
learning_rate=0.700000
connection_rate=1.000000
network_type=0
learning_momentum=0.000000
training_algorithm=2
train_error_function=1
train_stop_function=1
cascade_output_change_fraction=0.010000
quickprop_decay=-0.000100
quickprop_mu=1.750000
rprop_increase_factor=1.200000
rprop_decrease_factor=0.500000
rprop_delta_min=0.000000
rprop_delta_max=50.000000
rprop_delta_zero=0.100000
cascade_output_stagnation_epochs=12
cascade_candidate_change_fraction=0.010000
cascade_candidate_stagnation_epochs=12
cascade_max_out_epochs=150
cascade_min_out_epochs=50
cascade_max_cand_epochs=150
cascade_min_cand_epochs=50
cascade_num_candidate_groups=2
bit_fail_limit=1.00000000000000005551e-01
cascade_candidate_limit=1.00000000000000000000e+03
cascade_weight_multiplier=4.00000000000000022204e-01
cascade_activation_functions_count=10
cascade_activation_functions=3 5 7 8 10 11 14 15 16 17 
cascade_activation_steepnesses_count=4
cascade_activation_steepnesses=2.50000000000000000000e-01 5.00000000000000000000e-01 7.50000000000000000000e-01 1.00000000000000000000e+00 
layer_sizes=9 4 2 
scale_included=0
neurons (num_inputs, activation_function, activation_steepness)=(0, 0, 0.00000000000000000000e+00) (0, 0, 0.00000000000000000000e+00) (0, 0, 0.00000000000000000000e+00) (0, 0, 0.00000000000000000000e+00) (0, 0, 0.00000000000000000000e+00) (0, 0, 0.00000000000000000000e+00) (0, 0, 0.00000000000000000000e+00) (0, 0, 0.00000000000000000000e+00) (0, 0, 0.00000000000000000000e+00) (9, 6, 5.00000000000000000000e-01) (9, 6, 5.00000000000000000000e-01) (9, 6, 5.00000000000000000000e-01) (0, 6, 0.00000000000000000000e+00) (4, 4, 5.00000000000000000000e-01) (0, 4, 0.00000000000000000000e+00) 
connections (connected_to_neuron, weight)=(0, 4.14894050767762645471e-01) (1, -2.29217677370630656952e+00) (2, -1.78710835393282030381e-01) (3, 2.50089532176098583438e-01) (4, -1.14135892080421533223e-01) (5, 3.75008998347949665253e-02) (6, 8.91402886272752853491e-02) (7, 3.33636408580970447724e-02) (8, 2.64374869355997799136e-01) (0, -2.14626104580716425829e+00) (1, 2.95131444803412890110e+00) (2, 4.10177158323673385354e+00) (3, -1.01533524455194257285e+00) (4, 1.36657709030323992749e+00) (5, 6.83873519113571859407e-01) (6, -1.14413353125350147899e+00) (7, 1.81661761708425584239e+00) (8, -3.61138125349458061208e+00) (0, -9.70179552979880233110e-01) (1, 3.41743709190122313402e+00) (2, 1.07787560149641836738e+00) (3, -2.53084861396156668434e+00) (4, -1.54177473634757478127e-01) (5, -5.02308216234806037548e-01) (6, -1.21996949703387014274e+00) (7, -4.86072119614246345165e-01) (8, -1.11666421855252373518e+00) (9, -9.54132350679612994959e-01) (10, 7.42981658004814704555e+00) (11, 2.17394615676314728603e+00) (12, -2.84525660567022420366e+00) 
