FANN_FLO_2.1
num_layers=3
learning_rate=0.700000
connection_rate=1.000000
network_type=0
learning_momentum=0.000000
training_algorithm=2
train_error_function=1
train_stop_function=1
cascade_output_change_fraction=0.010000
quickprop_decay=-0.000100
quickprop_mu=1.750000
rprop_increase_factor=1.200000
rprop_decrease_factor=0.500000
rprop_delta_min=0.000000
rprop_delta_max=50.000000
rprop_delta_zero=0.100000
cascade_output_stagnation_epochs=12
cascade_candidate_change_fraction=0.010000
cascade_candidate_stagnation_epochs=12
cascade_max_out_epochs=150
cascade_min_out_epochs=50
cascade_max_cand_epochs=150
cascade_min_cand_epochs=50
cascade_num_candidate_groups=2
bit_fail_limit=1.00000000000000005551e-01
cascade_candidate_limit=1.00000000000000000000e+03
cascade_weight_multiplier=4.00000000000000022204e-01
cascade_activation_functions_count=10
cascade_activation_functions=3 5 7 8 10 11 14 15 16 17 
cascade_activation_steepnesses_count=4
cascade_activation_steepnesses=2.50000000000000000000e-01 5.00000000000000000000e-01 7.50000000000000000000e-01 1.00000000000000000000e+00 
layer_sizes=6 4 2 
scale_included=0
neurons (num_inputs, activation_function, activation_steepness)=(0, 0, 0.00000000000000000000e+00) (0, 0, 0.00000000000000000000e+00) (0, 0, 0.00000000000000000000e+00) (0, 0, 0.00000000000000000000e+00) (0, 0, 0.00000000000000000000e+00) (0, 0, 0.00000000000000000000e+00) (6, 6, 5.00000000000000000000e-01) (6, 6, 5.00000000000000000000e-01) (6, 6, 5.00000000000000000000e-01) (0, 6, 0.00000000000000000000e+00) (4, 4, 5.00000000000000000000e-01) (0, 4, 0.00000000000000000000e+00) 
connections (connected_to_neuron, weight)=(0, -7.35150075623416054960e-01) (1, 4.77340773709738197539e+00) (2, 4.79477105699216976653e-01) (3, -8.82938560300753627619e-02) (4, -3.37279776272039755192e-03) (5, -1.21307086413670539571e+00) (0, 1.32664667578876027676e+00) (1, -4.67608793296539726470e+00) (2, -4.17062888792560648721e-02) (3, 4.12863231684829634638e-01) (4, 9.09595713965569041548e-01) (5, 1.39965475859582433316e+00) (0, 1.42803768577516088101e+00) (1, -4.66146613874161186430e+00) (2, -9.56805298975513529580e-02) (3, 4.95670608665611189814e-01) (4, 7.98777946285877726851e-01) (5, 1.42152969303071508023e+00) (6, 2.68978166983951050284e+00) (7, -1.24470362281371116353e+00) (8, -1.18592368280459403707e+00) (9, -1.08814572011996291145e+00) 
