FANN_FLO_2.1
num_layers=3
learning_rate=0.700000
connection_rate=1.000000
network_type=0
learning_momentum=0.000000
training_algorithm=2
train_error_function=1
train_stop_function=1
cascade_output_change_fraction=0.010000
quickprop_decay=-0.000100
quickprop_mu=1.750000
rprop_increase_factor=1.200000
rprop_decrease_factor=0.500000
rprop_delta_min=0.000000
rprop_delta_max=50.000000
rprop_delta_zero=0.100000
cascade_output_stagnation_epochs=12
cascade_candidate_change_fraction=0.010000
cascade_candidate_stagnation_epochs=12
cascade_max_out_epochs=150
cascade_min_out_epochs=50
cascade_max_cand_epochs=150
cascade_min_cand_epochs=50
cascade_num_candidate_groups=2
bit_fail_limit=1.00000000000000005551e-01
cascade_candidate_limit=1.00000000000000000000e+03
cascade_weight_multiplier=4.00000000000000022204e-01
cascade_activation_functions_count=10
cascade_activation_functions=3 5 7 8 10 11 14 15 16 17 
cascade_activation_steepnesses_count=4
cascade_activation_steepnesses=2.50000000000000000000e-01 5.00000000000000000000e-01 7.50000000000000000000e-01 1.00000000000000000000e+00 
layer_sizes=16 4 2 
scale_included=0
neurons (num_inputs, activation_function, activation_steepness)=(0, 0, 0.00000000000000000000e+00) (0, 0, 0.00000000000000000000e+00) (0, 0, 0.00000000000000000000e+00) (0, 0, 0.00000000000000000000e+00) (0, 0, 0.00000000000000000000e+00) (0, 0, 0.00000000000000000000e+00) (0, 0, 0.00000000000000000000e+00) (0, 0, 0.00000000000000000000e+00) (0, 0, 0.00000000000000000000e+00) (0, 0, 0.00000000000000000000e+00) (0, 0, 0.00000000000000000000e+00) (0, 0, 0.00000000000000000000e+00) (0, 0, 0.00000000000000000000e+00) (0, 0, 0.00000000000000000000e+00) (0, 0, 0.00000000000000000000e+00) (0, 0, 0.00000000000000000000e+00) (16, 6, 5.00000000000000000000e-01) (16, 6, 5.00000000000000000000e-01) (16, 6, 5.00000000000000000000e-01) (0, 6, 0.00000000000000000000e+00) (4, 4, 5.00000000000000000000e-01) (0, 4, 0.00000000000000000000e+00) 
connections (connected_to_neuron, weight)=(0, -1.43795012758287610311e+00) (1, 2.07007837380630954627e+00) (2, 1.67588214757039999370e+00) (3, 6.93918713155831229367e-02) (4, 8.91995524603425793408e-01) (5, 1.82680894834607099320e+00) (6, 5.18610712431433640290e-01) (7, -1.33394356930910151782e+00) (8, 8.94319389375663575947e-01) (9, 1.96771034161454161371e+00) (10, -1.67225013194550048423e-02) (11, 1.82091191338019187107e+00) (12, 1.72445264222422012246e+00) (13, 1.07868784025314759512e-01) (14, -7.52436171042996926328e-02) (15, -1.94724613060273488152e+00) (0, -1.48639620543631734151e+00) (1, 1.97202804769737793933e+00) (2, 1.81946332933500265483e+00) (3, 1.34722197872742560643e-01) (4, 8.69853203732072643994e-01) (5, 1.79343517897336934830e+00) (6, 4.42121070168974727999e-01) (7, -1.40064431095777552905e+00) (8, 8.18134237441039857686e-01) (9, 1.97090749005680998529e+00) (10, -5.18266956190955793704e-03) (11, 1.96513602064566339500e+00) (12, 1.72092765333452590859e+00) (13, 1.40667722478512224882e-01) (14, -2.14477206337530604263e-02) (15, -2.00839355965175014873e+00) (0, -1.46701943949970425862e+00) (1, 2.07642473365528568152e+00) (2, 1.76308554591730093364e+00) (3, -3.10330943854072560661e-01) (4, 7.97021792817413143872e-01) (5, 1.40476693839995525614e+00) (6, 4.90666264427663145753e-01) (7, -1.35911877567230265917e+00) (8, 9.73415758820987520039e-01) (9, 1.93961318145400030133e+00) (10, -4.07113740859498113300e-02) (11, 1.90618982838110717637e+00) (12, 1.72098526122370132363e+00) (13, 1.09934077516201447744e-01) (14, 1.53100316655557146944e-02) (15, -1.85678203036107380974e+00) (16, 1.14313963846349651021e+01) (17, 1.14808247135066920919e+01) (18, 6.41541566697059462143e+00) (19, -1.98817812283553463359e+00) 
