FANN_FLO_2.1
num_layers=3
learning_rate=0.700000
connection_rate=1.000000
network_type=0
learning_momentum=0.000000
training_algorithm=2
train_error_function=1
train_stop_function=1
cascade_output_change_fraction=0.010000
quickprop_decay=-0.000100
quickprop_mu=1.750000
rprop_increase_factor=1.200000
rprop_decrease_factor=0.500000
rprop_delta_min=0.000000
rprop_delta_max=50.000000
rprop_delta_zero=0.100000
cascade_output_stagnation_epochs=12
cascade_candidate_change_fraction=0.010000
cascade_candidate_stagnation_epochs=12
cascade_max_out_epochs=150
cascade_min_out_epochs=50
cascade_max_cand_epochs=150
cascade_min_cand_epochs=50
cascade_num_candidate_groups=2
bit_fail_limit=1.00000000000000005551e-01
cascade_candidate_limit=1.00000000000000000000e+03
cascade_weight_multiplier=4.00000000000000022204e-01
cascade_activation_functions_count=10
cascade_activation_functions=3 5 7 8 10 11 14 15 16 17 
cascade_activation_steepnesses_count=4
cascade_activation_steepnesses=2.50000000000000000000e-01 5.00000000000000000000e-01 7.50000000000000000000e-01 1.00000000000000000000e+00 
layer_sizes=7 4 2 
scale_included=0
neurons (num_inputs, activation_function, activation_steepness)=(0, 0, 0.00000000000000000000e+00) (0, 0, 0.00000000000000000000e+00) (0, 0, 0.00000000000000000000e+00) (0, 0, 0.00000000000000000000e+00) (0, 0, 0.00000000000000000000e+00) (0, 0, 0.00000000000000000000e+00) (0, 0, 0.00000000000000000000e+00) (7, 6, 5.00000000000000000000e-01) (7, 6, 5.00000000000000000000e-01) (7, 6, 5.00000000000000000000e-01) (0, 6, 0.00000000000000000000e+00) (4, 4, 5.00000000000000000000e-01) (0, 4, 0.00000000000000000000e+00) 
connections (connected_to_neuron, weight)=(0, -1.91961933669420914406e+00) (1, -1.63079911172738434288e+00) (2, -1.84733055194215967099e+00) (3, -1.15963219834262742935e+00) (4, -5.35682831131149783666e-01) (5, -1.67253981088452863268e+00) (6, 2.38598186576693915839e+00) (0, 1.65399322331901954541e+00) (1, 7.72963160697847539993e-01) (2, 8.61925268265198774031e-01) (3, 1.08981442724084431894e+00) (4, 7.27947746578572552067e+00) (5, 2.93656075926655990571e-01) (6, -8.07289163941035559091e-01) (0, -1.87536250051829056495e+00) (1, -1.53361355215659500573e+00) (2, -1.86132118010355518400e+00) (3, -1.24273686093980684220e+00) (4, -5.46525594018627769444e-01) (5, -1.74326207046561765246e+00) (6, 2.29940941787091412962e+00) (7, -2.11591201648672040392e+01) (8, 1.90642392895825940613e+00) (9, -2.12369290441830571581e+01) (10, -1.15223439319714260343e+00) 
