FANN_FLO_2.1
num_layers=3
learning_rate=0.700000
connection_rate=1.000000
network_type=0
learning_momentum=0.000000
training_algorithm=2
train_error_function=1
train_stop_function=1
cascade_output_change_fraction=0.010000
quickprop_decay=-0.000100
quickprop_mu=1.750000
rprop_increase_factor=1.200000
rprop_decrease_factor=0.500000
rprop_delta_min=0.000000
rprop_delta_max=50.000000
rprop_delta_zero=0.100000
cascade_output_stagnation_epochs=12
cascade_candidate_change_fraction=0.010000
cascade_candidate_stagnation_epochs=12
cascade_max_out_epochs=150
cascade_min_out_epochs=50
cascade_max_cand_epochs=150
cascade_min_cand_epochs=50
cascade_num_candidate_groups=2
bit_fail_limit=1.00000000000000005551e-01
cascade_candidate_limit=1.00000000000000000000e+03
cascade_weight_multiplier=4.00000000000000022204e-01
cascade_activation_functions_count=10
cascade_activation_functions=3 5 7 8 10 11 14 15 16 17 
cascade_activation_steepnesses_count=4
cascade_activation_steepnesses=2.50000000000000000000e-01 5.00000000000000000000e-01 7.50000000000000000000e-01 1.00000000000000000000e+00 
layer_sizes=9 4 2 
scale_included=0
neurons (num_inputs, activation_function, activation_steepness)=(0, 0, 0.00000000000000000000e+00) (0, 0, 0.00000000000000000000e+00) (0, 0, 0.00000000000000000000e+00) (0, 0, 0.00000000000000000000e+00) (0, 0, 0.00000000000000000000e+00) (0, 0, 0.00000000000000000000e+00) (0, 0, 0.00000000000000000000e+00) (0, 0, 0.00000000000000000000e+00) (0, 0, 0.00000000000000000000e+00) (9, 6, 5.00000000000000000000e-01) (9, 6, 5.00000000000000000000e-01) (9, 6, 5.00000000000000000000e-01) (0, 6, 0.00000000000000000000e+00) (4, 4, 5.00000000000000000000e-01) (0, 4, 0.00000000000000000000e+00) 
connections (connected_to_neuron, weight)=(0, -3.53345791850974755288e-01) (1, 1.13782499330879249833e+00) (2, 2.59256678505235871324e-01) (3, 1.27808789594465455064e-01) (4, 1.46958324969830439466e-02) (5, 2.83585599515524811043e-02) (6, 9.16880554411498294165e-02) (7, 1.77652909312334961189e-02) (8, -4.37897499739108159167e-02) (0, 1.90964580131497485560e+00) (1, -5.77567978193487796545e+00) (2, 2.61018696960499618775e-01) (3, 6.33717872575814689107e-01) (4, 1.50130672605159820598e+00) (5, 7.54355356470639670796e-01) (6, 1.03626004044443709162e+00) (7, 1.03289784674078566340e+00) (8, 1.09274181161553007868e+00) (0, -2.73509164809346561054e-01) (1, 2.23155600879651272450e+00) (2, 1.48773806269459962781e-01) (3, 2.07930380578332185681e-01) (4, -2.37203513740659066578e-01) (5, 1.03973248436740592360e-01) (6, -4.49897112104380575426e-02) (7, 1.08309665158084586500e-01) (8, -3.18526574879050616840e-01) (9, 1.20217821561668025687e+00) (10, -5.87736034010972652197e+00) (11, 9.13240660318145547336e-01) (12, -9.11890365590920515260e-01) 
