FANN_FLO_2.1
num_layers=3
learning_rate=0.700000
connection_rate=1.000000
network_type=0
learning_momentum=0.000000
training_algorithm=2
train_error_function=1
train_stop_function=1
cascade_output_change_fraction=0.010000
quickprop_decay=-0.000100
quickprop_mu=1.750000
rprop_increase_factor=1.200000
rprop_decrease_factor=0.500000
rprop_delta_min=0.000000
rprop_delta_max=50.000000
rprop_delta_zero=0.100000
cascade_output_stagnation_epochs=12
cascade_candidate_change_fraction=0.010000
cascade_candidate_stagnation_epochs=12
cascade_max_out_epochs=150
cascade_min_out_epochs=50
cascade_max_cand_epochs=150
cascade_min_cand_epochs=50
cascade_num_candidate_groups=2
bit_fail_limit=1.00000000000000005551e-01
cascade_candidate_limit=1.00000000000000000000e+03
cascade_weight_multiplier=4.00000000000000022204e-01
cascade_activation_functions_count=10
cascade_activation_functions=3 5 7 8 10 11 14 15 16 17 
cascade_activation_steepnesses_count=4
cascade_activation_steepnesses=2.50000000000000000000e-01 5.00000000000000000000e-01 7.50000000000000000000e-01 1.00000000000000000000e+00 
layer_sizes=12 4 2 
scale_included=0
neurons (num_inputs, activation_function, activation_steepness)=(0, 0, 0.00000000000000000000e+00) (0, 0, 0.00000000000000000000e+00) (0, 0, 0.00000000000000000000e+00) (0, 0, 0.00000000000000000000e+00) (0, 0, 0.00000000000000000000e+00) (0, 0, 0.00000000000000000000e+00) (0, 0, 0.00000000000000000000e+00) (0, 0, 0.00000000000000000000e+00) (0, 0, 0.00000000000000000000e+00) (0, 0, 0.00000000000000000000e+00) (0, 0, 0.00000000000000000000e+00) (0, 0, 0.00000000000000000000e+00) (12, 6, 5.00000000000000000000e-01) (12, 6, 5.00000000000000000000e-01) (12, 6, 5.00000000000000000000e-01) (0, 6, 0.00000000000000000000e+00) (4, 4, 5.00000000000000000000e-01) (0, 4, 0.00000000000000000000e+00) 
connections (connected_to_neuron, weight)=(0, -5.94362626357313184045e-01) (1, 4.62740712403223397597e-01) (2, 8.69710533840726718324e+00) (3, 1.14593331219780747432e+01) (4, 1.24000900222414078833e+00) (5, 4.96137692460802748329e-01) (6, 9.20196514302422885478e-01) (7, 6.96095444078412395328e-01) (8, -1.64425550236358408718e-01) (9, 8.73662716704284636471e-01) (10, 1.70168483838861117619e+00) (11, -4.76263920350309399865e-01) (0, 1.05863350875958950326e+00) (1, -1.17548100298913471562e+00) (2, -4.52247248578384108963e-01) (3, -7.52976017598805835718e-01) (4, 2.51478326056643552988e-01) (5, -5.02102504655007941814e-01) (6, -1.28456654943505377275e+00) (7, -9.74888950971742745955e-02) (8, 1.34022821906346689680e+00) (9, -1.08455562398450755524e+00) (10, -1.78195266255604285732e-02) (11, 9.44601791241391097742e-01) (0, 1.00239218272552044198e+00) (1, -1.03341941929133884770e+00) (2, -9.18407518907333186853e-01) (3, -9.67654588877249088874e-01) (4, 2.57653397354448490675e-02) (5, -4.35930251374624766481e-01) (6, -1.23695654220858664019e+00) (7, -4.64068265917714273261e-01) (8, 1.35947703245419870832e+00) (9, -9.52221882002303510184e-01) (10, -5.26568247207867129456e-02) (11, 9.56640990712864791590e-01) (12, 4.30791009535737290381e-01) (13, -1.82772937873324465841e+01) (14, -1.87138279472288715510e+01) (15, -4.55391923536635534475e+00) 
