FANN_FLO_2.1
num_layers=3
learning_rate=0.700000
connection_rate=1.000000
network_type=0
learning_momentum=0.000000
training_algorithm=2
train_error_function=1
train_stop_function=1
cascade_output_change_fraction=0.010000
quickprop_decay=-0.000100
quickprop_mu=1.750000
rprop_increase_factor=1.200000
rprop_decrease_factor=0.500000
rprop_delta_min=0.000000
rprop_delta_max=50.000000
rprop_delta_zero=0.100000
cascade_output_stagnation_epochs=12
cascade_candidate_change_fraction=0.010000
cascade_candidate_stagnation_epochs=12
cascade_max_out_epochs=150
cascade_min_out_epochs=50
cascade_max_cand_epochs=150
cascade_min_cand_epochs=50
cascade_num_candidate_groups=2
bit_fail_limit=1.00000000000000005551e-01
cascade_candidate_limit=1.00000000000000000000e+03
cascade_weight_multiplier=4.00000000000000022204e-01
cascade_activation_functions_count=10
cascade_activation_functions=3 5 7 8 10 11 14 15 16 17 
cascade_activation_steepnesses_count=4
cascade_activation_steepnesses=2.50000000000000000000e-01 5.00000000000000000000e-01 7.50000000000000000000e-01 1.00000000000000000000e+00 
layer_sizes=10 4 2 
scale_included=0
neurons (num_inputs, activation_function, activation_steepness)=(0, 0, 0.00000000000000000000e+00) (0, 0, 0.00000000000000000000e+00) (0, 0, 0.00000000000000000000e+00) (0, 0, 0.00000000000000000000e+00) (0, 0, 0.00000000000000000000e+00) (0, 0, 0.00000000000000000000e+00) (0, 0, 0.00000000000000000000e+00) (0, 0, 0.00000000000000000000e+00) (0, 0, 0.00000000000000000000e+00) (0, 0, 0.00000000000000000000e+00) (10, 6, 5.00000000000000000000e-01) (10, 6, 5.00000000000000000000e-01) (10, 6, 5.00000000000000000000e-01) (0, 6, 0.00000000000000000000e+00) (4, 4, 5.00000000000000000000e-01) (0, 4, 0.00000000000000000000e+00) 
connections (connected_to_neuron, weight)=(0, 5.03360724545698623444e+00) (1, -1.37463451607336306637e+00) (2, 3.08532807972125366902e+00) (3, 4.59010241846150393030e+01) (4, -6.58304982508912228667e+00) (5, -2.29782208268351695324e+00) (6, -6.48094700678442436903e-01) (7, -8.86450953473613023625e-01) (8, -1.81483698343289234778e+00) (9, 4.95592133052330474641e+00) (0, 1.19281175264272731873e-01) (1, 8.34596117436919859855e-01) (2, 5.97231270821814153038e-01) (3, 5.43980003826002089795e-01) (4, 3.85287368757446380130e+00) (5, 5.24975029163842310531e-01) (6, -1.70865474202896683309e+00) (7, -2.54182062551005305551e+00) (8, -4.58163565720601795306e+00) (9, -5.76725922914780975148e-01) (0, -2.94404722410034391800e+00) (1, 3.12473787502152422491e+00) (2, 1.79261779918927843802e+00) (3, 1.02528300540725525458e+00) (4, 1.95107392840865467853e+00) (5, 3.28466179931585910978e+00) (6, -2.47782238655478215250e+00) (7, -7.22621796875455246756e-01) (8, -1.79241211802283095800e+00) (9, -3.04561134832691404739e+00) (10, -1.97012438343167906041e+00) (11, 1.25629620317536661034e+00) (12, 2.38389768855296075856e+01) (13, -5.81249821180689574263e-01) 
