FANN_FLO_2.1
num_layers=3
learning_rate=0.700000
connection_rate=1.000000
network_type=0
learning_momentum=0.000000
training_algorithm=2
train_error_function=1
train_stop_function=1
cascade_output_change_fraction=0.010000
quickprop_decay=-0.000100
quickprop_mu=1.750000
rprop_increase_factor=1.200000
rprop_decrease_factor=0.500000
rprop_delta_min=0.000000
rprop_delta_max=50.000000
rprop_delta_zero=0.100000
cascade_output_stagnation_epochs=12
cascade_candidate_change_fraction=0.010000
cascade_candidate_stagnation_epochs=12
cascade_max_out_epochs=150
cascade_min_out_epochs=50
cascade_max_cand_epochs=150
cascade_min_cand_epochs=50
cascade_num_candidate_groups=2
bit_fail_limit=1.00000000000000005551e-01
cascade_candidate_limit=1.00000000000000000000e+03
cascade_weight_multiplier=4.00000000000000022204e-01
cascade_activation_functions_count=10
cascade_activation_functions=3 5 7 8 10 11 14 15 16 17 
cascade_activation_steepnesses_count=4
cascade_activation_steepnesses=2.50000000000000000000e-01 5.00000000000000000000e-01 7.50000000000000000000e-01 1.00000000000000000000e+00 
layer_sizes=12 4 2 
scale_included=0
neurons (num_inputs, activation_function, activation_steepness)=(0, 0, 0.00000000000000000000e+00) (0, 0, 0.00000000000000000000e+00) (0, 0, 0.00000000000000000000e+00) (0, 0, 0.00000000000000000000e+00) (0, 0, 0.00000000000000000000e+00) (0, 0, 0.00000000000000000000e+00) (0, 0, 0.00000000000000000000e+00) (0, 0, 0.00000000000000000000e+00) (0, 0, 0.00000000000000000000e+00) (0, 0, 0.00000000000000000000e+00) (0, 0, 0.00000000000000000000e+00) (0, 0, 0.00000000000000000000e+00) (12, 6, 5.00000000000000000000e-01) (12, 6, 5.00000000000000000000e-01) (12, 6, 5.00000000000000000000e-01) (0, 6, 0.00000000000000000000e+00) (4, 4, 5.00000000000000000000e-01) (0, 4, 0.00000000000000000000e+00) 
connections (connected_to_neuron, weight)=(0, 7.11804776350539514240e-01) (1, -9.29041627502737443756e-02) (2, -4.77768131498272019542e+00) (3, -3.44051059372292925009e-03) (4, 8.40350320839140796370e-02) (5, 2.70089446258306220550e-01) (6, -1.26305709225290385689e+00) (7, 4.56903827314996124898e-01) (8, 5.32995201619043679209e-01) (9, 4.11077894195240267639e-01) (10, 2.81953363910260879077e-01) (11, 5.95950062284749337849e-01) (0, -2.13375303017904238700e+00) (1, 3.70624747353411398976e+00) (2, 3.60859835990881228085e+00) (3, -2.61504649038155456697e-01) (4, -1.28824846290010319727e+00) (5, 2.57715756836488329995e+00) (6, 3.59821894454888147052e+00) (7, 1.20826151046599195027e+00) (8, 4.42365649499071977857e-01) (9, -1.29728751611286163836e+00) (10, 2.39655638700882755998e+00) (11, -3.77703350674076299143e+00) (0, -2.11398129033853487968e+00) (1, 2.28164611399034500394e+00) (2, 2.74106120848711531934e+00) (3, 5.89227920719935654992e-02) (4, -9.58668622100367961991e-01) (5, 1.03832031025758575460e+00) (6, 1.84419889072845188949e+00) (7, 1.15356205600942418599e+00) (8, -1.75865038628349762417e-01) (9, -1.40142253022962570697e+00) (10, 4.31806763907087887144e-01) (11, -2.27209167796184408061e+00) (12, -1.38180836761045711114e+00) (13, 1.22994519147341456744e+01) (14, 1.20894556387094169736e+01) (15, -2.11927304468734689635e+00) 
