FANN_FLO_2.1
num_layers=3
learning_rate=0.700000
connection_rate=1.000000
network_type=0
learning_momentum=0.000000
training_algorithm=2
train_error_function=1
train_stop_function=1
cascade_output_change_fraction=0.010000
quickprop_decay=-0.000100
quickprop_mu=1.750000
rprop_increase_factor=1.200000
rprop_decrease_factor=0.500000
rprop_delta_min=0.000000
rprop_delta_max=50.000000
rprop_delta_zero=0.100000
cascade_output_stagnation_epochs=12
cascade_candidate_change_fraction=0.010000
cascade_candidate_stagnation_epochs=12
cascade_max_out_epochs=150
cascade_min_out_epochs=50
cascade_max_cand_epochs=150
cascade_min_cand_epochs=50
cascade_num_candidate_groups=2
bit_fail_limit=1.00000000000000005551e-01
cascade_candidate_limit=1.00000000000000000000e+03
cascade_weight_multiplier=4.00000000000000022204e-01
cascade_activation_functions_count=10
cascade_activation_functions=3 5 7 8 10 11 14 15 16 17 
cascade_activation_steepnesses_count=4
cascade_activation_steepnesses=2.50000000000000000000e-01 5.00000000000000000000e-01 7.50000000000000000000e-01 1.00000000000000000000e+00 
layer_sizes=6 4 2 
scale_included=0
neurons (num_inputs, activation_function, activation_steepness)=(0, 0, 0.00000000000000000000e+00) (0, 0, 0.00000000000000000000e+00) (0, 0, 0.00000000000000000000e+00) (0, 0, 0.00000000000000000000e+00) (0, 0, 0.00000000000000000000e+00) (0, 0, 0.00000000000000000000e+00) (6, 6, 5.00000000000000000000e-01) (6, 6, 5.00000000000000000000e-01) (6, 6, 5.00000000000000000000e-01) (0, 6, 0.00000000000000000000e+00) (4, 4, 5.00000000000000000000e-01) (0, 4, 0.00000000000000000000e+00) 
connections (connected_to_neuron, weight)=(0, 2.23872984943058961349e+00) (1, 1.33397492233023817754e+00) (2, 3.28107895228781520913e+00) (3, 1.80770459894362858222e+01) (4, 1.46266992143615515154e+00) (5, -1.96382400117179534149e+00) (0, 3.47334111358258978974e-01) (1, 1.77774546549941647733e+00) (2, 7.64584987805967508656e-01) (3, -6.56684957486737719279e-01) (4, 1.25824220101415740203e+00) (5, -2.27876945055319829470e-01) (0, -3.51380937931855596990e-01) (1, -5.61234460060371698198e-01) (2, -6.85715332727733911655e-02) (3, 3.89858295867200776996e+00) (4, 1.15258206337602628344e-01) (5, 7.40492661048312905692e-01) (6, 7.31640828883715386155e+01) (7, 2.13976704744387618007e+01) (8, -7.96877920502504508704e+01) (9, -5.83635344653689047689e-01) 
