FANN_FLO_2.1
num_layers=3
learning_rate=0.700000
connection_rate=1.000000
network_type=0
learning_momentum=0.000000
training_algorithm=2
train_error_function=1
train_stop_function=1
cascade_output_change_fraction=0.010000
quickprop_decay=-0.000100
quickprop_mu=1.750000
rprop_increase_factor=1.200000
rprop_decrease_factor=0.500000
rprop_delta_min=0.000000
rprop_delta_max=50.000000
rprop_delta_zero=0.100000
cascade_output_stagnation_epochs=12
cascade_candidate_change_fraction=0.010000
cascade_candidate_stagnation_epochs=12
cascade_max_out_epochs=150
cascade_min_out_epochs=50
cascade_max_cand_epochs=150
cascade_min_cand_epochs=50
cascade_num_candidate_groups=2
bit_fail_limit=1.00000000000000005551e-01
cascade_candidate_limit=1.00000000000000000000e+03
cascade_weight_multiplier=4.00000000000000022204e-01
cascade_activation_functions_count=10
cascade_activation_functions=3 5 7 8 10 11 14 15 16 17 
cascade_activation_steepnesses_count=4
cascade_activation_steepnesses=2.50000000000000000000e-01 5.00000000000000000000e-01 7.50000000000000000000e-01 1.00000000000000000000e+00 
layer_sizes=7 4 2 
scale_included=0
neurons (num_inputs, activation_function, activation_steepness)=(0, 0, 0.00000000000000000000e+00) (0, 0, 0.00000000000000000000e+00) (0, 0, 0.00000000000000000000e+00) (0, 0, 0.00000000000000000000e+00) (0, 0, 0.00000000000000000000e+00) (0, 0, 0.00000000000000000000e+00) (0, 0, 0.00000000000000000000e+00) (7, 6, 5.00000000000000000000e-01) (7, 6, 5.00000000000000000000e-01) (7, 6, 5.00000000000000000000e-01) (0, 6, 0.00000000000000000000e+00) (4, 4, 5.00000000000000000000e-01) (0, 4, 0.00000000000000000000e+00) 
connections (connected_to_neuron, weight)=(0, 2.10746741858564901051e+00) (1, -1.62810416795233514620e+00) (2, -9.63118785690828649315e-01) (3, -1.14256759028632970399e+00) (4, 1.26370190540156857040e-01) (5, -2.40285053676910642650e+00) (6, 1.84246689027237620095e+00) (0, -4.13390478539744810060e-01) (1, 8.76367937540540098418e-01) (2, 5.84979058904588788970e-01) (3, 6.03275139128363058205e-01) (4, 2.75965751223478772403e-01) (5, 1.06705341454900359821e+00) (6, -2.07078562581062886050e-01) (0, -1.81952257726600929999e+00) (1, 2.70448916013035978168e+00) (2, 5.21045975636539648868e-01) (3, 6.19679837747329265163e-01) (4, -3.27554630462580820272e-01) (5, 5.78183188027084904448e-01) (6, -1.25223811634818571470e+00) (7, -2.01296249913061799930e+01) (8, 5.57840607905359719965e-01) (9, 2.99975333652403630680e+00) (10, -9.42582260627675472264e-01) 
