FANN_FLO_2.1
num_layers=3
learning_rate=0.700000
connection_rate=1.000000
network_type=0
learning_momentum=0.000000
training_algorithm=2
train_error_function=1
train_stop_function=1
cascade_output_change_fraction=0.010000
quickprop_decay=-0.000100
quickprop_mu=1.750000
rprop_increase_factor=1.200000
rprop_decrease_factor=0.500000
rprop_delta_min=0.000000
rprop_delta_max=50.000000
rprop_delta_zero=0.100000
cascade_output_stagnation_epochs=12
cascade_candidate_change_fraction=0.010000
cascade_candidate_stagnation_epochs=12
cascade_max_out_epochs=150
cascade_min_out_epochs=50
cascade_max_cand_epochs=150
cascade_min_cand_epochs=50
cascade_num_candidate_groups=2
bit_fail_limit=1.00000000000000005551e-01
cascade_candidate_limit=1.00000000000000000000e+03
cascade_weight_multiplier=4.00000000000000022204e-01
cascade_activation_functions_count=10
cascade_activation_functions=3 5 7 8 10 11 14 15 16 17 
cascade_activation_steepnesses_count=4
cascade_activation_steepnesses=2.50000000000000000000e-01 5.00000000000000000000e-01 7.50000000000000000000e-01 1.00000000000000000000e+00 
layer_sizes=9 4 2 
scale_included=0
neurons (num_inputs, activation_function, activation_steepness)=(0, 0, 0.00000000000000000000e+00) (0, 0, 0.00000000000000000000e+00) (0, 0, 0.00000000000000000000e+00) (0, 0, 0.00000000000000000000e+00) (0, 0, 0.00000000000000000000e+00) (0, 0, 0.00000000000000000000e+00) (0, 0, 0.00000000000000000000e+00) (0, 0, 0.00000000000000000000e+00) (0, 0, 0.00000000000000000000e+00) (9, 6, 5.00000000000000000000e-01) (9, 6, 5.00000000000000000000e-01) (9, 6, 5.00000000000000000000e-01) (0, 6, 0.00000000000000000000e+00) (4, 4, 5.00000000000000000000e-01) (0, 4, 0.00000000000000000000e+00) 
connections (connected_to_neuron, weight)=(0, -3.58310834578331816047e+00) (1, 3.01508905450592790132e+00) (2, 2.99615873420254796855e+00) (3, -7.79781237452512265840e-01) (4, -1.81101925710315136975e-01) (5, 3.50171068317419398319e-01) (6, 9.15196255409629011446e-01) (7, -1.34297771339435834115e+00) (8, -2.15315974623353278972e+00) (0, -5.43821538893396239089e-01) (1, 2.69993290096373073084e+00) (2, 3.38715149458174658026e-01) (3, 1.11305028672169806225e-01) (4, 1.68764434394522822025e+00) (5, 1.13011780009356699317e+00) (6, 2.07236949875146431177e-01) (7, 4.98005858409437174306e-01) (8, -4.34713348328459425751e-01) (0, 5.60315558522679513231e+00) (1, -5.26566231585068589283e+00) (2, -7.68657846237191844097e+00) (3, 5.85772924392458094189e+00) (4, -4.25183231733670208286e+00) (5, -7.06533761057644427162e-01) (6, -2.82574515960254890601e+00) (7, 5.16393221478345587627e+00) (8, 5.70560907780863946215e+00) (9, 3.90874829762113451537e+00) (10, 7.37458847772523018449e-01) (11, -4.50198672191637250251e+00) (12, -2.71661757873481368719e+00) 
