FANN_FLO_2.1
num_layers=3
learning_rate=0.700000
connection_rate=1.000000
network_type=0
learning_momentum=0.000000
training_algorithm=2
train_error_function=1
train_stop_function=1
cascade_output_change_fraction=0.010000
quickprop_decay=-0.000100
quickprop_mu=1.750000
rprop_increase_factor=1.200000
rprop_decrease_factor=0.500000
rprop_delta_min=0.000000
rprop_delta_max=50.000000
rprop_delta_zero=0.100000
cascade_output_stagnation_epochs=12
cascade_candidate_change_fraction=0.010000
cascade_candidate_stagnation_epochs=12
cascade_max_out_epochs=150
cascade_min_out_epochs=50
cascade_max_cand_epochs=150
cascade_min_cand_epochs=50
cascade_num_candidate_groups=2
bit_fail_limit=1.00000000000000005551e-01
cascade_candidate_limit=1.00000000000000000000e+03
cascade_weight_multiplier=4.00000000000000022204e-01
cascade_activation_functions_count=10
cascade_activation_functions=3 5 7 8 10 11 14 15 16 17 
cascade_activation_steepnesses_count=4
cascade_activation_steepnesses=2.50000000000000000000e-01 5.00000000000000000000e-01 7.50000000000000000000e-01 1.00000000000000000000e+00 
layer_sizes=8 4 2 
scale_included=0
neurons (num_inputs, activation_function, activation_steepness)=(0, 0, 0.00000000000000000000e+00) (0, 0, 0.00000000000000000000e+00) (0, 0, 0.00000000000000000000e+00) (0, 0, 0.00000000000000000000e+00) (0, 0, 0.00000000000000000000e+00) (0, 0, 0.00000000000000000000e+00) (0, 0, 0.00000000000000000000e+00) (0, 0, 0.00000000000000000000e+00) (8, 6, 5.00000000000000000000e-01) (8, 6, 5.00000000000000000000e-01) (8, 6, 5.00000000000000000000e-01) (0, 6, 0.00000000000000000000e+00) (4, 4, 5.00000000000000000000e-01) (0, 4, 0.00000000000000000000e+00) 
connections (connected_to_neuron, weight)=(0, 1.57445997754647487588e-01) (1, -4.80060457491039871414e-01) (2, -9.42779291355269832842e-01) (3, 2.65624497912674339961e-01) (4, -1.50598155043057319036e-01) (5, -1.30136103572053907218e-01) (6, -5.99733613976635049347e-01) (7, 2.81392595688093161144e-01) (0, 2.40758580972209390580e+00) (1, -4.00854919665659892303e+00) (2, -6.75831141821108349887e+00) (3, 5.42139838892510095292e+00) (4, -4.12593967709866316085e+00) (5, -4.23522719794242608060e+00) (6, -4.29621356259328557314e+00) (7, 6.70496279744514023236e+00) (0, -4.99555516582118275259e-01) (1, -5.81001429081884257499e+00) (2, 3.14939438580269808199e+01) (3, 4.64657562245611632790e+00) (4, 1.90576729678428336001e+00) (5, 4.63914785029190124277e+00) (6, 2.60497226843842666355e+00) (7, -1.43201233204638733731e+00) (8, -1.36863403543091366465e+00) (9, -1.29675087855054993469e+01) (10, 2.66826263616560943603e+00) (11, -1.97771732386585474828e+00) 
