FANN_FLO_2.1
num_layers=3
learning_rate=0.700000
connection_rate=1.000000
network_type=0
learning_momentum=0.000000
training_algorithm=2
train_error_function=1
train_stop_function=1
cascade_output_change_fraction=0.010000
quickprop_decay=-0.000100
quickprop_mu=1.750000
rprop_increase_factor=1.200000
rprop_decrease_factor=0.500000
rprop_delta_min=0.000000
rprop_delta_max=50.000000
rprop_delta_zero=0.100000
cascade_output_stagnation_epochs=12
cascade_candidate_change_fraction=0.010000
cascade_candidate_stagnation_epochs=12
cascade_max_out_epochs=150
cascade_min_out_epochs=50
cascade_max_cand_epochs=150
cascade_min_cand_epochs=50
cascade_num_candidate_groups=2
bit_fail_limit=1.00000000000000005551e-01
cascade_candidate_limit=1.00000000000000000000e+03
cascade_weight_multiplier=4.00000000000000022204e-01
cascade_activation_functions_count=10
cascade_activation_functions=3 5 7 8 10 11 14 15 16 17 
cascade_activation_steepnesses_count=4
cascade_activation_steepnesses=2.50000000000000000000e-01 5.00000000000000000000e-01 7.50000000000000000000e-01 1.00000000000000000000e+00 
layer_sizes=11 4 2 
scale_included=0
neurons (num_inputs, activation_function, activation_steepness)=(0, 0, 0.00000000000000000000e+00) (0, 0, 0.00000000000000000000e+00) (0, 0, 0.00000000000000000000e+00) (0, 0, 0.00000000000000000000e+00) (0, 0, 0.00000000000000000000e+00) (0, 0, 0.00000000000000000000e+00) (0, 0, 0.00000000000000000000e+00) (0, 0, 0.00000000000000000000e+00) (0, 0, 0.00000000000000000000e+00) (0, 0, 0.00000000000000000000e+00) (0, 0, 0.00000000000000000000e+00) (11, 6, 5.00000000000000000000e-01) (11, 6, 5.00000000000000000000e-01) (11, 6, 5.00000000000000000000e-01) (0, 6, 0.00000000000000000000e+00) (4, 4, 5.00000000000000000000e-01) (0, 4, 0.00000000000000000000e+00) 
connections (connected_to_neuron, weight)=(0, 4.05245846008707236163e-02) (1, 9.25286223473132801720e-02) (2, 5.25342024971786281107e-01) (3, 1.85428702153636404404e+00) (4, -3.93082704906431379399e-01) (5, 2.31109228266556847586e+01) (6, 1.02489314276940817194e+01) (7, 1.49831522522148041787e+00) (8, -7.10375566546450065708e-01) (9, -1.28631003258525371535e+01) (10, -1.22036467201342063715e-01) (0, 1.57438909765396140017e+00) (1, 2.32766995272781862525e+00) (2, 2.40617503361850149091e+00) (3, -1.17999221223382977364e+00) (4, -2.13964095414679933427e+00) (5, 2.73627373289880804208e+00) (6, 1.89455391727115474154e+00) (7, 8.79183258340398454678e-01) (8, 1.62469790417337822674e+00) (9, -3.84990164413152147205e+00) (10, -2.98405155362524476814e+00) (0, 1.31069788452591895478e+00) (1, 5.50515651249835688552e-02) (2, -4.46245204328709910158e+00) (3, 4.15374187368818925670e-01) (4, 3.19837109992161694461e-01) (5, -6.04570474707501404055e+00) (6, -8.70872808908582318743e-01) (7, -2.91831055257307525608e+00) (8, 4.78748290534797282803e-01) (9, 4.12160082857925935684e+00) (10, 1.75915130962999177733e+00) (11, 1.01576330197023434465e+00) (12, 7.37690397382728946241e+01) (13, -4.53859351141509126393e+00) (14, -1.21135899271164371171e+00) 
