FANN_FLO_2.1
num_layers=3
learning_rate=0.700000
connection_rate=1.000000
network_type=0
learning_momentum=0.000000
training_algorithm=2
train_error_function=1
train_stop_function=1
cascade_output_change_fraction=0.010000
quickprop_decay=-0.000100
quickprop_mu=1.750000
rprop_increase_factor=1.200000
rprop_decrease_factor=0.500000
rprop_delta_min=0.000000
rprop_delta_max=50.000000
rprop_delta_zero=0.100000
cascade_output_stagnation_epochs=12
cascade_candidate_change_fraction=0.010000
cascade_candidate_stagnation_epochs=12
cascade_max_out_epochs=150
cascade_min_out_epochs=50
cascade_max_cand_epochs=150
cascade_min_cand_epochs=50
cascade_num_candidate_groups=2
bit_fail_limit=1.00000000000000005551e-01
cascade_candidate_limit=1.00000000000000000000e+03
cascade_weight_multiplier=4.00000000000000022204e-01
cascade_activation_functions_count=10
cascade_activation_functions=3 5 7 8 10 11 14 15 16 17 
cascade_activation_steepnesses_count=4
cascade_activation_steepnesses=2.50000000000000000000e-01 5.00000000000000000000e-01 7.50000000000000000000e-01 1.00000000000000000000e+00 
layer_sizes=8 4 2 
scale_included=0
neurons (num_inputs, activation_function, activation_steepness)=(0, 0, 0.00000000000000000000e+00) (0, 0, 0.00000000000000000000e+00) (0, 0, 0.00000000000000000000e+00) (0, 0, 0.00000000000000000000e+00) (0, 0, 0.00000000000000000000e+00) (0, 0, 0.00000000000000000000e+00) (0, 0, 0.00000000000000000000e+00) (0, 0, 0.00000000000000000000e+00) (8, 6, 5.00000000000000000000e-01) (8, 6, 5.00000000000000000000e-01) (8, 6, 5.00000000000000000000e-01) (0, 6, 0.00000000000000000000e+00) (4, 4, 5.00000000000000000000e-01) (0, 4, 0.00000000000000000000e+00) 
connections (connected_to_neuron, weight)=(0, -8.39795506265662905498e-01) (1, 3.63311911834897127704e+00) (2, 1.07111161871924576161e+00) (3, -8.55084276464484926983e-01) (4, -1.74989633216297374441e-01) (5, 3.58697884245337572651e+00) (6, 2.61173308707922080529e+00) (7, -1.59990805823486859083e+00) (0, 9.43537344711422032439e-01) (1, -2.30598214460752704014e+00) (2, 4.80562051933970502127e-01) (3, 1.01191645629942317264e+00) (4, 7.36428256028634931063e-01) (5, -2.34142783476255633701e+00) (6, -2.52622561624038866057e+00) (7, 1.27229896402418951595e+00) (0, 5.01508606285529165425e-02) (1, 1.39106499625858970326e+00) (2, 3.86729657892387113094e-01) (3, -1.04502576807074074039e-01) (4, -7.07421657128104452994e-02) (5, 1.42691783084091849965e+00) (6, 7.88709448961754433505e-01) (7, -4.11586700544867400975e-01) (8, 5.48408337747951435404e+00) (9, -1.34766152614019976141e+01) (10, 1.29193157301241079438e+00) (11, -1.55241264838856274366e+00) 
