FANN_FLO_2.1
num_layers=3
learning_rate=0.700000
connection_rate=1.000000
network_type=0
learning_momentum=0.000000
training_algorithm=2
train_error_function=1
train_stop_function=1
cascade_output_change_fraction=0.010000
quickprop_decay=-0.000100
quickprop_mu=1.750000
rprop_increase_factor=1.200000
rprop_decrease_factor=0.500000
rprop_delta_min=0.000000
rprop_delta_max=50.000000
rprop_delta_zero=0.100000
cascade_output_stagnation_epochs=12
cascade_candidate_change_fraction=0.010000
cascade_candidate_stagnation_epochs=12
cascade_max_out_epochs=150
cascade_min_out_epochs=50
cascade_max_cand_epochs=150
cascade_min_cand_epochs=50
cascade_num_candidate_groups=2
bit_fail_limit=1.00000000000000005551e-01
cascade_candidate_limit=1.00000000000000000000e+03
cascade_weight_multiplier=4.00000000000000022204e-01
cascade_activation_functions_count=10
cascade_activation_functions=3 5 7 8 10 11 14 15 16 17 
cascade_activation_steepnesses_count=4
cascade_activation_steepnesses=2.50000000000000000000e-01 5.00000000000000000000e-01 7.50000000000000000000e-01 1.00000000000000000000e+00 
layer_sizes=15 4 2 
scale_included=0
neurons (num_inputs, activation_function, activation_steepness)=(0, 0, 0.00000000000000000000e+00) (0, 0, 0.00000000000000000000e+00) (0, 0, 0.00000000000000000000e+00) (0, 0, 0.00000000000000000000e+00) (0, 0, 0.00000000000000000000e+00) (0, 0, 0.00000000000000000000e+00) (0, 0, 0.00000000000000000000e+00) (0, 0, 0.00000000000000000000e+00) (0, 0, 0.00000000000000000000e+00) (0, 0, 0.00000000000000000000e+00) (0, 0, 0.00000000000000000000e+00) (0, 0, 0.00000000000000000000e+00) (0, 0, 0.00000000000000000000e+00) (0, 0, 0.00000000000000000000e+00) (0, 0, 0.00000000000000000000e+00) (15, 6, 5.00000000000000000000e-01) (15, 6, 5.00000000000000000000e-01) (15, 6, 5.00000000000000000000e-01) (0, 6, 0.00000000000000000000e+00) (4, 4, 5.00000000000000000000e-01) (0, 4, 0.00000000000000000000e+00) 
connections (connected_to_neuron, weight)=(0, 7.58755810815837783423e+00) (1, 4.09798837507886393183e+00) (2, 1.48618967555598757713e+00) (3, 7.98592647405415245743e-01) (4, 2.36534906565211322516e+00) (5, -1.24146720984071734506e+00) (6, -2.73535119650271418834e+01) (7, 1.67908533760703768678e+01) (8, 2.42633154134058104390e+00) (9, 3.52487789859990074959e+00) (10, -2.07815226674192748968e-01) (11, -8.38409538406183485471e-02) (12, 1.52332151371554536112e+00) (13, 2.21018077724090167280e+00) (14, -4.49671985711272981234e+00) (0, -2.43365713357450630383e+01) (1, 1.50798248521652666909e+00) (2, -1.39087963315966872679e-01) (3, -3.15171225186233194826e-01) (4, 5.83634518284682712874e-01) (5, 1.38360687522844055808e-01) (6, -4.24886793143396501726e-01) (7, 1.05479594021572982143e+01) (8, 6.19599248478741038149e-01) (9, -7.19566911114470464383e-01) (10, 2.24955549773387808443e+00) (11, 1.03900777405277500165e+00) (12, 3.51874481443040620920e-01) (13, 2.16986899113912556913e-01) (14, 5.92529085253361786911e-01) (0, -1.85315365276840395836e+01) (1, 1.45481146524852689161e+00) (2, 2.01126863293580182557e+00) (3, -3.66181652020762471444e-01) (4, 2.26483676301630199035e+00) (5, 2.39184699074647233452e-01) (6, -1.31547728866769819689e+01) (7, -2.39169181736757252565e+00) (8, 2.30941071989545632093e+00) (9, 5.34117109665885325676e-01) (10, 4.52491198383930015581e+00) (11, 8.96171616630373812917e-01) (12, 1.79876622749136350077e-01) (13, 4.78374685710179203824e+00) (14, 9.78518388448640807908e-01) (15, -1.38598418820482933711e+01) (16, 2.72414193147103915749e+01) (17, 1.24027121933321993197e+01) (18, -4.99820744125191618323e-01) 
