FANN_FLO_2.1
num_layers=3
learning_rate=0.700000
connection_rate=1.000000
network_type=0
learning_momentum=0.000000
training_algorithm=2
train_error_function=1
train_stop_function=1
cascade_output_change_fraction=0.010000
quickprop_decay=-0.000100
quickprop_mu=1.750000
rprop_increase_factor=1.200000
rprop_decrease_factor=0.500000
rprop_delta_min=0.000000
rprop_delta_max=50.000000
rprop_delta_zero=0.100000
cascade_output_stagnation_epochs=12
cascade_candidate_change_fraction=0.010000
cascade_candidate_stagnation_epochs=12
cascade_max_out_epochs=150
cascade_min_out_epochs=50
cascade_max_cand_epochs=150
cascade_min_cand_epochs=50
cascade_num_candidate_groups=2
bit_fail_limit=1.00000000000000005551e-01
cascade_candidate_limit=1.00000000000000000000e+03
cascade_weight_multiplier=4.00000000000000022204e-01
cascade_activation_functions_count=10
cascade_activation_functions=3 5 7 8 10 11 14 15 16 17 
cascade_activation_steepnesses_count=4
cascade_activation_steepnesses=2.50000000000000000000e-01 5.00000000000000000000e-01 7.50000000000000000000e-01 1.00000000000000000000e+00 
layer_sizes=13 4 2 
scale_included=0
neurons (num_inputs, activation_function, activation_steepness)=(0, 0, 0.00000000000000000000e+00) (0, 0, 0.00000000000000000000e+00) (0, 0, 0.00000000000000000000e+00) (0, 0, 0.00000000000000000000e+00) (0, 0, 0.00000000000000000000e+00) (0, 0, 0.00000000000000000000e+00) (0, 0, 0.00000000000000000000e+00) (0, 0, 0.00000000000000000000e+00) (0, 0, 0.00000000000000000000e+00) (0, 0, 0.00000000000000000000e+00) (0, 0, 0.00000000000000000000e+00) (0, 0, 0.00000000000000000000e+00) (0, 0, 0.00000000000000000000e+00) (13, 6, 5.00000000000000000000e-01) (13, 6, 5.00000000000000000000e-01) (13, 6, 5.00000000000000000000e-01) (0, 6, 0.00000000000000000000e+00) (4, 4, 5.00000000000000000000e-01) (0, 4, 0.00000000000000000000e+00) 
connections (connected_to_neuron, weight)=(0, -3.62487047537489459614e+00) (1, 1.48014384879623150937e+00) (2, 1.48881495954188847186e+00) (3, 2.45084345881190834859e+00) (4, 1.14480193979398658932e+00) (5, 6.70477704328824253288e-01) (6, -4.62134336595260875047e-01) (7, -1.56158647191033206347e+00) (8, 2.00101768944942364215e+01) (9, 1.75259653249890234861e+00) (10, 3.75210012787852931204e-01) (11, 5.00872405001261622459e-01) (12, -1.68438560698362405077e+00) (0, 1.58881324164905080032e+00) (1, -1.72819106578693726384e+00) (2, -2.13486328954928961110e+00) (3, 1.09159264562457991588e+00) (4, -1.74782212660767211077e+00) (5, -7.56032715050132586576e-01) (6, 6.43580567804314718217e-01) (7, -8.41676187303889489222e-01) (8, -1.91689326877586707631e+00) (9, -3.42943669473871670661e-01) (10, 6.38977471350814840712e-01) (11, 1.13304288386709872682e+00) (12, 1.59839544080533513259e+00) (0, -3.77908192088141414722e-01) (1, 7.80813012789260518787e-01) (2, 1.03847460671800417842e+00) (3, 2.78783717084999960178e+00) (4, 5.37516162634274374810e-01) (5, 3.05157020138181633850e-01) (6, -3.05614973531815325991e-01) (7, -3.80679665526067467773e-01) (8, 1.08559435750027670764e+01) (9, 7.28213954011742825578e-01) (10, 1.38380047344078188631e-01) (11, 9.97941990335217549157e-02) (12, -3.72545770813956234058e-01) (13, 4.22538164806961802356e+00) (14, -2.54414931486036692831e+01) (15, 3.19310450848788818234e+00) (16, -2.80145497145424604568e+00) 
