FANN_FLO_2.1
num_layers=3
learning_rate=0.700000
connection_rate=1.000000
network_type=0
learning_momentum=0.000000
training_algorithm=2
train_error_function=1
train_stop_function=1
cascade_output_change_fraction=0.010000
quickprop_decay=-0.000100
quickprop_mu=1.750000
rprop_increase_factor=1.200000
rprop_decrease_factor=0.500000
rprop_delta_min=0.000000
rprop_delta_max=50.000000
rprop_delta_zero=0.100000
cascade_output_stagnation_epochs=12
cascade_candidate_change_fraction=0.010000
cascade_candidate_stagnation_epochs=12
cascade_max_out_epochs=150
cascade_min_out_epochs=50
cascade_max_cand_epochs=150
cascade_min_cand_epochs=50
cascade_num_candidate_groups=2
bit_fail_limit=1.00000000000000005551e-01
cascade_candidate_limit=1.00000000000000000000e+03
cascade_weight_multiplier=4.00000000000000022204e-01
cascade_activation_functions_count=10
cascade_activation_functions=3 5 7 8 10 11 14 15 16 17 
cascade_activation_steepnesses_count=4
cascade_activation_steepnesses=2.50000000000000000000e-01 5.00000000000000000000e-01 7.50000000000000000000e-01 1.00000000000000000000e+00 
layer_sizes=9 4 2 
scale_included=0
neurons (num_inputs, activation_function, activation_steepness)=(0, 0, 0.00000000000000000000e+00) (0, 0, 0.00000000000000000000e+00) (0, 0, 0.00000000000000000000e+00) (0, 0, 0.00000000000000000000e+00) (0, 0, 0.00000000000000000000e+00) (0, 0, 0.00000000000000000000e+00) (0, 0, 0.00000000000000000000e+00) (0, 0, 0.00000000000000000000e+00) (0, 0, 0.00000000000000000000e+00) (9, 6, 5.00000000000000000000e-01) (9, 6, 5.00000000000000000000e-01) (9, 6, 5.00000000000000000000e-01) (0, 6, 0.00000000000000000000e+00) (4, 4, 5.00000000000000000000e-01) (0, 4, 0.00000000000000000000e+00) 
connections (connected_to_neuron, weight)=(0, -1.38941935222084378410e+00) (1, 9.90458359587999992435e-01) (2, 1.10882434965955734008e+00) (3, -4.51586105242930302417e-01) (4, 5.08141654103866025061e-01) (5, 2.94593621916112824444e-01) (6, 4.59599785830497875594e-01) (7, -6.79146100975899780217e-02) (8, -8.28070035591954134446e-01) (0, -2.00606700018123085272e+00) (1, 2.02696321403435675279e+00) (2, 2.26426605896896449011e+00) (3, -1.09839617913229936619e+00) (4, 7.45916738979111149099e-01) (5, 1.57270307660659608429e-01) (6, 4.09313284824549927787e-01) (7, -1.14226964890272264519e+00) (8, -1.98356433942988807928e+00) (0, -1.29117174722903982342e+00) (1, 2.01539646332911503990e+00) (2, 2.23657766746229258459e+00) (3, -5.60444080529471366781e-01) (4, 6.72725029164282672944e-01) (5, 1.60146868795713243072e-01) (6, 5.35072498987376299340e-01) (7, -7.66101745907927456081e-01) (8, -2.04832593508967120144e+00) (9, 1.65346674837750251541e+00) (10, 2.92297279267296206129e+00) (11, 9.15608737414916440400e+00) (12, -2.07308216015474577887e+00) 
