FANN_FLO_2.1
num_layers=3
learning_rate=0.700000
connection_rate=1.000000
network_type=0
learning_momentum=0.000000
training_algorithm=2
train_error_function=1
train_stop_function=1
cascade_output_change_fraction=0.010000
quickprop_decay=-0.000100
quickprop_mu=1.750000
rprop_increase_factor=1.200000
rprop_decrease_factor=0.500000
rprop_delta_min=0.000000
rprop_delta_max=50.000000
rprop_delta_zero=0.100000
cascade_output_stagnation_epochs=12
cascade_candidate_change_fraction=0.010000
cascade_candidate_stagnation_epochs=12
cascade_max_out_epochs=150
cascade_min_out_epochs=50
cascade_max_cand_epochs=150
cascade_min_cand_epochs=50
cascade_num_candidate_groups=2
bit_fail_limit=1.00000000000000005551e-01
cascade_candidate_limit=1.00000000000000000000e+03
cascade_weight_multiplier=4.00000000000000022204e-01
cascade_activation_functions_count=10
cascade_activation_functions=3 5 7 8 10 11 14 15 16 17 
cascade_activation_steepnesses_count=4
cascade_activation_steepnesses=2.50000000000000000000e-01 5.00000000000000000000e-01 7.50000000000000000000e-01 1.00000000000000000000e+00 
layer_sizes=15 4 2 
scale_included=0
neurons (num_inputs, activation_function, activation_steepness)=(0, 0, 0.00000000000000000000e+00) (0, 0, 0.00000000000000000000e+00) (0, 0, 0.00000000000000000000e+00) (0, 0, 0.00000000000000000000e+00) (0, 0, 0.00000000000000000000e+00) (0, 0, 0.00000000000000000000e+00) (0, 0, 0.00000000000000000000e+00) (0, 0, 0.00000000000000000000e+00) (0, 0, 0.00000000000000000000e+00) (0, 0, 0.00000000000000000000e+00) (0, 0, 0.00000000000000000000e+00) (0, 0, 0.00000000000000000000e+00) (0, 0, 0.00000000000000000000e+00) (0, 0, 0.00000000000000000000e+00) (0, 0, 0.00000000000000000000e+00) (15, 6, 5.00000000000000000000e-01) (15, 6, 5.00000000000000000000e-01) (15, 6, 5.00000000000000000000e-01) (0, 6, 0.00000000000000000000e+00) (4, 4, 5.00000000000000000000e-01) (0, 4, 0.00000000000000000000e+00) 
connections (connected_to_neuron, weight)=(0, -1.99849786935192561543e+01) (1, 6.88978768055333867792e-02) (2, 1.18954700838714604316e+01) (3, 4.55078561117396640512e-01) (4, -4.95790593795765288654e-01) (5, -2.61979252849301125217e-01) (6, 2.86432589390842151644e-01) (7, 6.59459110751125177075e-01) (8, 6.62997922200665668058e-01) (9, 1.40920941515738395999e+00) (10, -8.53508715116229610409e-01) (11, -5.36870599602501274994e-01) (12, 7.98916367366462498723e+00) (13, 1.76173066123173249764e+00) (14, 1.08308954409365143512e+00) (0, -1.67520328062069872033e+01) (1, 1.43417777011209635063e+00) (2, -1.97894288594733924747e+00) (3, -3.59525123036590343872e-01) (4, 8.33007142202478689796e+00) (5, -2.63118171181262994196e+00) (6, 1.11411066837027117327e-01) (7, 1.10354842860205337729e+01) (8, 1.51085953678655824511e-02) (9, 1.66555154764953816660e+00) (10, 7.91134039025495727770e+00) (11, 7.90652974920029549821e+00) (12, -1.09297382444305668514e+00) (13, 6.20663084972601009071e+00) (14, 3.35220622955083036310e-01) (0, -7.62832162017931381115e+00) (1, 1.26627207857428369930e-01) (2, -1.08271222378478659820e+00) (3, -7.67184998785435223745e-01) (4, -4.52505436348647260836e-01) (5, -2.50581223506950501179e-01) (6, 1.16385797028943832609e-01) (7, 2.67790245030057771913e-01) (8, 2.65234070311393066444e-01) (9, 4.29683097214751119619e-01) (10, -3.65406122300064417630e-01) (11, -4.33517345115757735119e-01) (12, -1.30650356401903300352e+00) (13, 2.22657834730911874388e+00) (14, 5.29838188544136667879e-01) (15, 1.25070042361856987867e+01) (16, 1.42110575222817647756e+01) (17, 3.47527912554290381308e+01) (18, -6.39552865706754958275e-01) 
