FANN_FLO_2.1
num_layers=3
learning_rate=0.700000
connection_rate=1.000000
network_type=0
learning_momentum=0.000000
training_algorithm=2
train_error_function=1
train_stop_function=1
cascade_output_change_fraction=0.010000
quickprop_decay=-0.000100
quickprop_mu=1.750000
rprop_increase_factor=1.200000
rprop_decrease_factor=0.500000
rprop_delta_min=0.000000
rprop_delta_max=50.000000
rprop_delta_zero=0.100000
cascade_output_stagnation_epochs=12
cascade_candidate_change_fraction=0.010000
cascade_candidate_stagnation_epochs=12
cascade_max_out_epochs=150
cascade_min_out_epochs=50
cascade_max_cand_epochs=150
cascade_min_cand_epochs=50
cascade_num_candidate_groups=2
bit_fail_limit=1.00000000000000005551e-01
cascade_candidate_limit=1.00000000000000000000e+03
cascade_weight_multiplier=4.00000000000000022204e-01
cascade_activation_functions_count=10
cascade_activation_functions=3 5 7 8 10 11 14 15 16 17 
cascade_activation_steepnesses_count=4
cascade_activation_steepnesses=2.50000000000000000000e-01 5.00000000000000000000e-01 7.50000000000000000000e-01 1.00000000000000000000e+00 
layer_sizes=11 4 2 
scale_included=0
neurons (num_inputs, activation_function, activation_steepness)=(0, 0, 0.00000000000000000000e+00) (0, 0, 0.00000000000000000000e+00) (0, 0, 0.00000000000000000000e+00) (0, 0, 0.00000000000000000000e+00) (0, 0, 0.00000000000000000000e+00) (0, 0, 0.00000000000000000000e+00) (0, 0, 0.00000000000000000000e+00) (0, 0, 0.00000000000000000000e+00) (0, 0, 0.00000000000000000000e+00) (0, 0, 0.00000000000000000000e+00) (0, 0, 0.00000000000000000000e+00) (11, 6, 5.00000000000000000000e-01) (11, 6, 5.00000000000000000000e-01) (11, 6, 5.00000000000000000000e-01) (0, 6, 0.00000000000000000000e+00) (4, 4, 5.00000000000000000000e-01) (0, 4, 0.00000000000000000000e+00) 
connections (connected_to_neuron, weight)=(0, 2.30263348266816436638e-01) (1, -1.36810200091633693553e+00) (2, -2.93833733692684118122e-01) (3, 2.40959634676811917942e-01) (4, -6.00018783533144417497e-01) (5, -4.52476264885456114229e-01) (6, -3.71802370730933695597e-01) (7, 5.10591975815179455189e-01) (8, -3.15021270501742056691e-01) (9, -1.38312492183434576631e+00) (10, 8.20747584387025774788e-01) (0, -1.00993269824553832947e+00) (1, 4.74211474945198219189e+00) (2, 3.65897394622241822759e+00) (3, 4.41495411313811259024e-01) (4, 5.37322011867969884236e+00) (5, 5.04772357484537970151e+00) (6, 3.13575925160371671296e+00) (7, 7.88718493537055698184e-01) (8, 7.71822860089134032968e-01) (9, 3.98572491001978912450e+00) (10, -5.89246832330992020843e+00) (0, -9.40934257145417896062e-01) (1, 4.72178249498258750805e+00) (2, 3.81174459958946121318e+00) (3, 4.09423820890227274649e-01) (4, 4.87021310315464805996e+00) (5, 4.86299905209587013388e+00) (6, 4.62635291471869880553e+00) (7, 1.10374480869503277525e+00) (8, -5.23996814572295521728e-01) (9, 3.97115484517708816625e+00) (10, -5.80941819151212968109e+00) (11, -5.23345307093285150302e+00) (12, 6.09972237033361341929e+00) (13, 6.03818523866647627329e+00) (14, -5.71574166226818225489e-01) 
