FANN_FLO_2.1
num_layers=3
learning_rate=0.700000
connection_rate=1.000000
network_type=0
learning_momentum=0.000000
training_algorithm=2
train_error_function=1
train_stop_function=1
cascade_output_change_fraction=0.010000
quickprop_decay=-0.000100
quickprop_mu=1.750000
rprop_increase_factor=1.200000
rprop_decrease_factor=0.500000
rprop_delta_min=0.000000
rprop_delta_max=50.000000
rprop_delta_zero=0.100000
cascade_output_stagnation_epochs=12
cascade_candidate_change_fraction=0.010000
cascade_candidate_stagnation_epochs=12
cascade_max_out_epochs=150
cascade_min_out_epochs=50
cascade_max_cand_epochs=150
cascade_min_cand_epochs=50
cascade_num_candidate_groups=2
bit_fail_limit=1.00000000000000005551e-01
cascade_candidate_limit=1.00000000000000000000e+03
cascade_weight_multiplier=4.00000000000000022204e-01
cascade_activation_functions_count=10
cascade_activation_functions=3 5 7 8 10 11 14 15 16 17 
cascade_activation_steepnesses_count=4
cascade_activation_steepnesses=2.50000000000000000000e-01 5.00000000000000000000e-01 7.50000000000000000000e-01 1.00000000000000000000e+00 
layer_sizes=9 4 2 
scale_included=0
neurons (num_inputs, activation_function, activation_steepness)=(0, 0, 0.00000000000000000000e+00) (0, 0, 0.00000000000000000000e+00) (0, 0, 0.00000000000000000000e+00) (0, 0, 0.00000000000000000000e+00) (0, 0, 0.00000000000000000000e+00) (0, 0, 0.00000000000000000000e+00) (0, 0, 0.00000000000000000000e+00) (0, 0, 0.00000000000000000000e+00) (0, 0, 0.00000000000000000000e+00) (9, 6, 5.00000000000000000000e-01) (9, 6, 5.00000000000000000000e-01) (9, 6, 5.00000000000000000000e-01) (0, 6, 0.00000000000000000000e+00) (4, 4, 5.00000000000000000000e-01) (0, 4, 0.00000000000000000000e+00) 
connections (connected_to_neuron, weight)=(0, -1.04523462097870334375e+00) (1, 5.89065404226507816077e+00) (2, 1.23851163681750670031e-01) (3, -2.55218948210475748972e-01) (4, -2.55816522027252024607e-01) (5, -9.56461169233193464478e-01) (6, -1.07376139651762469995e+00) (7, -3.08821181739566630320e-01) (8, -1.43167724762908510350e+00) (0, -9.77341913094391778749e-01) (1, 5.90529561032976779700e+00) (2, 1.17597220834498777942e-01) (3, -1.76632794524429148630e-01) (4, -2.84050053889749354319e-01) (5, -1.07761630456673129785e+00) (6, -1.00892023782955631006e+00) (7, -1.69856744791267222361e-01) (8, -1.36975354258767656468e+00) (0, -5.45339726795567025786e-03) (1, 9.72880059703599253673e-01) (2, 9.79960025105560683656e-02) (3, 6.07950328138386203447e-02) (4, 6.73707364347493203871e-02) (5, 9.68686945984439384816e-02) (6, 7.53660828531800830454e-02) (7, 1.07805667665516885512e-02) (8, -9.28974344669760421223e-02) (9, 3.17340672913401178334e+00) (10, 3.20190658572523645375e+00) (11, 2.48840030802185807612e-01) (12, -1.35472033475390962742e+00) 
