FANN_FLO_2.1
num_layers=3
learning_rate=0.700000
connection_rate=1.000000
network_type=0
learning_momentum=0.000000
training_algorithm=2
train_error_function=1
train_stop_function=1
cascade_output_change_fraction=0.010000
quickprop_decay=-0.000100
quickprop_mu=1.750000
rprop_increase_factor=1.200000
rprop_decrease_factor=0.500000
rprop_delta_min=0.000000
rprop_delta_max=50.000000
rprop_delta_zero=0.100000
cascade_output_stagnation_epochs=12
cascade_candidate_change_fraction=0.010000
cascade_candidate_stagnation_epochs=12
cascade_max_out_epochs=150
cascade_min_out_epochs=50
cascade_max_cand_epochs=150
cascade_min_cand_epochs=50
cascade_num_candidate_groups=2
bit_fail_limit=1.00000000000000005551e-01
cascade_candidate_limit=1.00000000000000000000e+03
cascade_weight_multiplier=4.00000000000000022204e-01
cascade_activation_functions_count=10
cascade_activation_functions=3 5 7 8 10 11 14 15 16 17 
cascade_activation_steepnesses_count=4
cascade_activation_steepnesses=2.50000000000000000000e-01 5.00000000000000000000e-01 7.50000000000000000000e-01 1.00000000000000000000e+00 
layer_sizes=9 4 2 
scale_included=0
neurons (num_inputs, activation_function, activation_steepness)=(0, 0, 0.00000000000000000000e+00) (0, 0, 0.00000000000000000000e+00) (0, 0, 0.00000000000000000000e+00) (0, 0, 0.00000000000000000000e+00) (0, 0, 0.00000000000000000000e+00) (0, 0, 0.00000000000000000000e+00) (0, 0, 0.00000000000000000000e+00) (0, 0, 0.00000000000000000000e+00) (0, 0, 0.00000000000000000000e+00) (9, 6, 5.00000000000000000000e-01) (9, 6, 5.00000000000000000000e-01) (9, 6, 5.00000000000000000000e-01) (0, 6, 0.00000000000000000000e+00) (4, 4, 5.00000000000000000000e-01) (0, 4, 0.00000000000000000000e+00) 
connections (connected_to_neuron, weight)=(0, -1.65688047480866762484e+00) (1, 1.91747675662098182592e+00) (2, 2.12367534397154633652e+00) (3, -9.95725827025977894280e-01) (4, 9.21357226137235030272e-01) (5, 5.92908511892469985982e-02) (6, -1.05472857933663521912e+00) (7, 1.13489858505560659019e+00) (8, -1.78254127425238895199e+00) (0, -1.82209772539422321103e+00) (1, 1.93329134409485114965e+00) (2, 2.19106979427843873154e+00) (3, -9.83989001917449757073e-01) (4, 8.69272765282704695800e-01) (5, 1.14126327170482266826e-01) (6, -1.18970147948884141798e+00) (7, 1.04724257138802356870e+00) (8, -1.77635793310687351010e+00) (0, 2.31990859048992109637e-01) (1, 1.36841271386296510840e-03) (2, -3.62244830182879895553e-01) (3, 3.19658929531394520041e-02) (4, 3.00685988706653299640e-02) (5, 1.54968117722383252888e-01) (6, 9.94292767887180600761e-02) (7, 8.57087845986888863248e-02) (8, 2.14351143824487694323e-01) (9, 7.54688579507897294718e+00) (10, 7.54354657896588243204e+00) (11, -2.44075173851559384941e-01) (12, -2.28757263616054240529e+00) 
