FANN_FLO_2.1
num_layers=3
learning_rate=0.700000
connection_rate=1.000000
network_type=0
learning_momentum=0.000000
training_algorithm=2
train_error_function=1
train_stop_function=1
cascade_output_change_fraction=0.010000
quickprop_decay=-0.000100
quickprop_mu=1.750000
rprop_increase_factor=1.200000
rprop_decrease_factor=0.500000
rprop_delta_min=0.000000
rprop_delta_max=50.000000
rprop_delta_zero=0.100000
cascade_output_stagnation_epochs=12
cascade_candidate_change_fraction=0.010000
cascade_candidate_stagnation_epochs=12
cascade_max_out_epochs=150
cascade_min_out_epochs=50
cascade_max_cand_epochs=150
cascade_min_cand_epochs=50
cascade_num_candidate_groups=2
bit_fail_limit=1.00000000000000005551e-01
cascade_candidate_limit=1.00000000000000000000e+03
cascade_weight_multiplier=4.00000000000000022204e-01
cascade_activation_functions_count=10
cascade_activation_functions=3 5 7 8 10 11 14 15 16 17 
cascade_activation_steepnesses_count=4
cascade_activation_steepnesses=2.50000000000000000000e-01 5.00000000000000000000e-01 7.50000000000000000000e-01 1.00000000000000000000e+00 
layer_sizes=16 4 2 
scale_included=0
neurons (num_inputs, activation_function, activation_steepness)=(0, 0, 0.00000000000000000000e+00) (0, 0, 0.00000000000000000000e+00) (0, 0, 0.00000000000000000000e+00) (0, 0, 0.00000000000000000000e+00) (0, 0, 0.00000000000000000000e+00) (0, 0, 0.00000000000000000000e+00) (0, 0, 0.00000000000000000000e+00) (0, 0, 0.00000000000000000000e+00) (0, 0, 0.00000000000000000000e+00) (0, 0, 0.00000000000000000000e+00) (0, 0, 0.00000000000000000000e+00) (0, 0, 0.00000000000000000000e+00) (0, 0, 0.00000000000000000000e+00) (0, 0, 0.00000000000000000000e+00) (0, 0, 0.00000000000000000000e+00) (0, 0, 0.00000000000000000000e+00) (16, 6, 5.00000000000000000000e-01) (16, 6, 5.00000000000000000000e-01) (16, 6, 5.00000000000000000000e-01) (0, 6, 0.00000000000000000000e+00) (4, 4, 5.00000000000000000000e-01) (0, 4, 0.00000000000000000000e+00) 
connections (connected_to_neuron, weight)=(0, -1.66457599490867386161e-01) (1, 6.87716590610303879494e-01) (2, -1.30086093574898264968e+00) (3, 9.12411027557115872355e+00) (4, 7.61492169850780387108e-01) (5, 8.19693368259687638044e-01) (6, 3.82669564325553157591e-01) (7, 1.28477928637042926319e+00) (8, -7.36846056909269808699e+00) (9, 5.56434140598908388853e-01) (10, 4.40905873374147716515e-01) (11, 1.06105463616494377632e+00) (12, -3.72138039194159597756e+00) (13, 9.09105641055561797259e+00) (14, 2.83918504313631414604e-01) (15, -8.79698857480009643872e-01) (0, 6.74175314880500198278e-01) (1, -6.14619833543162386036e+00) (2, 3.54974826416091948644e+00) (3, -2.85633098497508663982e+00) (4, 5.63139631228786519124e-01) (5, 1.07699658991536728614e+00) (6, 2.91471749722668560523e+00) (7, 1.34556547801264780873e+00) (8, -8.10804388995175706611e+00) (9, 8.69355974616223270424e-01) (10, 1.66398858609446809176e+00) (11, 1.42404144697782930606e+00) (12, -8.15283796907179336699e+00) (13, -3.70423388156157340489e+00) (14, 1.53376218739006331404e+00) (15, 5.36886505587219620139e+00) (0, -2.54686826724821124834e-01) (1, 1.22509483727149404153e+00) (2, 2.63896939919807493879e+00) (3, 2.33936658983333423123e+00) (4, -8.74857008024131632684e-02) (5, -1.69876445503528039627e-01) (6, 1.30949742826575982191e-01) (7, -1.63575397858847060295e-01) (8, -2.11898680154434942979e-01) (9, -1.16936114392290915753e-01) (10, -6.75434464265109169023e-02) (11, -8.88766985149585519999e-02) (12, 5.41934956343688933877e-01) (13, 2.28155509750017015946e+00) (14, -1.26935054160594307238e-01) (15, -1.96030721732587087658e+00) (16, 5.01254193403642656079e+00) (17, -8.99869766618478195142e+00) (18, 1.50850038364971155147e+01) (19, -1.73718083766132025403e+00) 
