FANN_FLO_2.1
num_layers=3
learning_rate=0.700000
connection_rate=1.000000
network_type=0
learning_momentum=0.000000
training_algorithm=2
train_error_function=1
train_stop_function=1
cascade_output_change_fraction=0.010000
quickprop_decay=-0.000100
quickprop_mu=1.750000
rprop_increase_factor=1.200000
rprop_decrease_factor=0.500000
rprop_delta_min=0.000000
rprop_delta_max=50.000000
rprop_delta_zero=0.100000
cascade_output_stagnation_epochs=12
cascade_candidate_change_fraction=0.010000
cascade_candidate_stagnation_epochs=12
cascade_max_out_epochs=150
cascade_min_out_epochs=50
cascade_max_cand_epochs=150
cascade_min_cand_epochs=50
cascade_num_candidate_groups=2
bit_fail_limit=1.00000000000000005551e-01
cascade_candidate_limit=1.00000000000000000000e+03
cascade_weight_multiplier=4.00000000000000022204e-01
cascade_activation_functions_count=10
cascade_activation_functions=3 5 7 8 10 11 14 15 16 17 
cascade_activation_steepnesses_count=4
cascade_activation_steepnesses=2.50000000000000000000e-01 5.00000000000000000000e-01 7.50000000000000000000e-01 1.00000000000000000000e+00 
layer_sizes=18 4 2 
scale_included=0
neurons (num_inputs, activation_function, activation_steepness)=(0, 0, 0.00000000000000000000e+00) (0, 0, 0.00000000000000000000e+00) (0, 0, 0.00000000000000000000e+00) (0, 0, 0.00000000000000000000e+00) (0, 0, 0.00000000000000000000e+00) (0, 0, 0.00000000000000000000e+00) (0, 0, 0.00000000000000000000e+00) (0, 0, 0.00000000000000000000e+00) (0, 0, 0.00000000000000000000e+00) (0, 0, 0.00000000000000000000e+00) (0, 0, 0.00000000000000000000e+00) (0, 0, 0.00000000000000000000e+00) (0, 0, 0.00000000000000000000e+00) (0, 0, 0.00000000000000000000e+00) (0, 0, 0.00000000000000000000e+00) (0, 0, 0.00000000000000000000e+00) (0, 0, 0.00000000000000000000e+00) (0, 0, 0.00000000000000000000e+00) (18, 6, 5.00000000000000000000e-01) (18, 6, 5.00000000000000000000e-01) (18, 6, 5.00000000000000000000e-01) (0, 6, 0.00000000000000000000e+00) (4, 4, 5.00000000000000000000e-01) (0, 4, 0.00000000000000000000e+00) 
connections (connected_to_neuron, weight)=(0, -2.51442932580056455194e+00) (1, 1.37433691512932609768e+00) (2, 1.18164576128706443114e+02) (3, -3.85756220191040610779e-01) (4, -2.37740150346894496547e-01) (5, 2.59090406856489297027e+00) (6, 1.81880919866212442670e+00) (7, -3.15813535666911449074e-01) (8, -1.50261888173608060271e+00) (9, 1.68456237971109001883e+00) (10, 2.02418572062571788805e+00) (11, 5.27007315876278498168e-02) (12, 2.03453193457295800073e+00) (13, 1.96988519036319642552e+00) (14, -1.45207591082162901230e+00) (15, -1.19835315164717837177e+00) (16, -1.45317849244184538193e+00) (17, -1.55964483309393076027e+00) (0, -2.89856355091007877878e-01) (1, 2.19936930473358893678e+00) (2, 2.05879069644893597513e+01) (3, 1.16084129690172552229e-01) (4, 8.97414249860664994807e-03) (5, 4.54110004132442235392e-01) (6, 3.74712677033442409513e-01) (7, 1.91279203312074513876e-01) (8, 7.39818096964971055884e-02) (9, 1.40375962506212093039e+00) (10, 5.10355792293564092255e-01) (11, -9.08147703025384417375e-02) (12, 4.42106450762186187209e-01) (13, 5.70323593370690051785e-01) (14, -1.38043435035333755811e-01) (15, -2.74916173635110894224e-01) (16, -2.77910077689275780699e-01) (17, -3.44341890871200762003e-01) (0, -2.68831863453062702707e-01) (1, 2.28975658203871512697e+00) (2, 2.04148865345801304727e+01) (3, 2.31337930550597620227e-02) (4, 1.51468530423277902841e-01) (5, 5.12791715686969795662e-01) (6, 3.96336184175509365080e-01) (7, 2.15538636462365817970e-01) (8, 9.72591646605886969712e-03) (9, 1.49975780422963000937e+00) (10, 5.37294491479412217316e-01) (11, -1.19979941605395754034e-01) (12, 4.08649298216733958267e-01) (13, 5.44811888985409442654e-01) (14, -1.95872554300413309614e-01) (15, -2.84771682439432294309e-01) (16, -2.19989040611372171918e-01) (17, -3.03201360612783632487e-01) (18, 2.53087064319601289242e+01) (19, 5.56746303235953421407e-01) (20, 5.76907674914067247762e-01) (21, -2.02809800334249468179e+00) 
