FANN_FLO_2.1
num_layers=3
learning_rate=0.700000
connection_rate=1.000000
network_type=0
learning_momentum=0.000000
training_algorithm=2
train_error_function=1
train_stop_function=1
cascade_output_change_fraction=0.010000
quickprop_decay=-0.000100
quickprop_mu=1.750000
rprop_increase_factor=1.200000
rprop_decrease_factor=0.500000
rprop_delta_min=0.000000
rprop_delta_max=50.000000
rprop_delta_zero=0.100000
cascade_output_stagnation_epochs=12
cascade_candidate_change_fraction=0.010000
cascade_candidate_stagnation_epochs=12
cascade_max_out_epochs=150
cascade_min_out_epochs=50
cascade_max_cand_epochs=150
cascade_min_cand_epochs=50
cascade_num_candidate_groups=2
bit_fail_limit=1.00000000000000005551e-01
cascade_candidate_limit=1.00000000000000000000e+03
cascade_weight_multiplier=4.00000000000000022204e-01
cascade_activation_functions_count=10
cascade_activation_functions=3 5 7 8 10 11 14 15 16 17 
cascade_activation_steepnesses_count=4
cascade_activation_steepnesses=2.50000000000000000000e-01 5.00000000000000000000e-01 7.50000000000000000000e-01 1.00000000000000000000e+00 
layer_sizes=6 4 2 
scale_included=0
neurons (num_inputs, activation_function, activation_steepness)=(0, 0, 0.00000000000000000000e+00) (0, 0, 0.00000000000000000000e+00) (0, 0, 0.00000000000000000000e+00) (0, 0, 0.00000000000000000000e+00) (0, 0, 0.00000000000000000000e+00) (0, 0, 0.00000000000000000000e+00) (6, 6, 5.00000000000000000000e-01) (6, 6, 5.00000000000000000000e-01) (6, 6, 5.00000000000000000000e-01) (0, 6, 0.00000000000000000000e+00) (4, 4, 5.00000000000000000000e-01) (0, 4, 0.00000000000000000000e+00) 
connections (connected_to_neuron, weight)=(0, -2.84945217163312669584e-01) (1, -2.42671440589122183740e-01) (2, -8.52557445165560090494e-01) (3, -3.53059343968075722842e+00) (4, -2.77880584996855417579e-01) (5, 4.37901348283916636017e-01) (0, -1.44223587154621757378e+00) (1, -3.71657836400601171434e+00) (2, -3.79288610015840710332e+00) (3, -5.73995461543454865705e+00) (4, -3.67568620080121499782e+00) (5, 7.46317754135807831517e+00) (0, 1.39091706405593007467e+00) (1, 1.61946926004343616512e+00) (2, 6.62268956703368494310e-01) (3, 2.02330372613186737496e+00) (4, 1.71696605869256613275e+00) (5, -3.26225280227350311613e-01) (6, -1.10843369108731004680e+00) (7, -2.47696215971741864337e+01) (8, 1.27253088543652492781e+00) (9, -1.99381653822862769943e+00) 
