FANN_FLO_2.1
num_layers=3
learning_rate=0.700000
connection_rate=1.000000
network_type=0
learning_momentum=0.000000
training_algorithm=2
train_error_function=1
train_stop_function=1
cascade_output_change_fraction=0.010000
quickprop_decay=-0.000100
quickprop_mu=1.750000
rprop_increase_factor=1.200000
rprop_decrease_factor=0.500000
rprop_delta_min=0.000000
rprop_delta_max=50.000000
rprop_delta_zero=0.100000
cascade_output_stagnation_epochs=12
cascade_candidate_change_fraction=0.010000
cascade_candidate_stagnation_epochs=12
cascade_max_out_epochs=150
cascade_min_out_epochs=50
cascade_max_cand_epochs=150
cascade_min_cand_epochs=50
cascade_num_candidate_groups=2
bit_fail_limit=1.00000000000000005551e-01
cascade_candidate_limit=1.00000000000000000000e+03
cascade_weight_multiplier=4.00000000000000022204e-01
cascade_activation_functions_count=10
cascade_activation_functions=3 5 7 8 10 11 14 15 16 17 
cascade_activation_steepnesses_count=4
cascade_activation_steepnesses=2.50000000000000000000e-01 5.00000000000000000000e-01 7.50000000000000000000e-01 1.00000000000000000000e+00 
layer_sizes=16 4 2 
scale_included=0
neurons (num_inputs, activation_function, activation_steepness)=(0, 0, 0.00000000000000000000e+00) (0, 0, 0.00000000000000000000e+00) (0, 0, 0.00000000000000000000e+00) (0, 0, 0.00000000000000000000e+00) (0, 0, 0.00000000000000000000e+00) (0, 0, 0.00000000000000000000e+00) (0, 0, 0.00000000000000000000e+00) (0, 0, 0.00000000000000000000e+00) (0, 0, 0.00000000000000000000e+00) (0, 0, 0.00000000000000000000e+00) (0, 0, 0.00000000000000000000e+00) (0, 0, 0.00000000000000000000e+00) (0, 0, 0.00000000000000000000e+00) (0, 0, 0.00000000000000000000e+00) (0, 0, 0.00000000000000000000e+00) (0, 0, 0.00000000000000000000e+00) (16, 6, 5.00000000000000000000e-01) (16, 6, 5.00000000000000000000e-01) (16, 6, 5.00000000000000000000e-01) (0, 6, 0.00000000000000000000e+00) (4, 4, 5.00000000000000000000e-01) (0, 4, 0.00000000000000000000e+00) 
connections (connected_to_neuron, weight)=(0, 1.71420254184453363377e-01) (1, 1.24185314479626818240e+00) (2, 6.81278769935999228835e-01) (3, -5.69387315215356237807e-01) (4, -2.99362470062724428388e-01) (5, -5.55206427347046671539e-02) (6, 6.20366701426100619621e-01) (7, 6.36719220920683115494e-01) (8, 7.46528064783960054740e-01) (9, 6.57542185600299644577e-01) (10, -1.38373722104683849476e-01) (11, 2.67624311028234140863e-01) (12, 3.02533384989076004068e-01) (13, 8.73016912394533189934e-02) (14, 1.28075427723920415302e-01) (15, -1.13941677257446222216e-01) (0, -2.20044061690597114733e+00) (1, 2.80406762163361777951e+00) (2, 5.48414697668414063969e+00) (3, -4.81685362488382173840e-01) (4, -1.61058032906504028370e-01) (5, -1.83632490566245754060e-01) (6, 3.74317175468287954843e+00) (7, 5.49596492135761405251e+00) (8, -3.57033220422010300066e-01) (9, -6.00339970914175680150e-01) (10, -3.37673135717267536293e-01) (11, 8.61857543049767381438e-03) (12, 2.86380075462418659527e+00) (13, -1.08061133736150324913e-01) (14, -3.20975806979900246674e-01) (15, -4.76504297077893568257e+00) (0, -9.21526063146354879052e-01) (1, 4.76863841459177351112e+00) (2, 7.76642007327348893320e-01) (3, -4.75604640997383865120e-01) (4, -7.16228512919763637967e-01) (5, -3.56526076485823739670e-01) (6, 2.52534667392603173752e+00) (7, -2.45942108854440844024e-01) (8, 1.01053112948673848304e-01) (9, 5.97496117461874698407e-01) (10, -5.73119864549898272443e-01) (11, 2.65577153880499738925e-01) (12, 1.39856569835439104033e+00) (13, -6.44849502669648133590e-01) (14, 1.28604850486057609160e+00) (15, -9.29684458168710481374e-01) (16, 4.73337993417027091958e-01) (17, 2.71984928951084555138e+02) (18, 1.35455679167301323851e+00) (19, -1.59981899679824923766e+00) 
