FANN_FLO_2.1
num_layers=3
learning_rate=0.700000
connection_rate=1.000000
network_type=0
learning_momentum=0.000000
training_algorithm=2
train_error_function=1
train_stop_function=1
cascade_output_change_fraction=0.010000
quickprop_decay=-0.000100
quickprop_mu=1.750000
rprop_increase_factor=1.200000
rprop_decrease_factor=0.500000
rprop_delta_min=0.000000
rprop_delta_max=50.000000
rprop_delta_zero=0.100000
cascade_output_stagnation_epochs=12
cascade_candidate_change_fraction=0.010000
cascade_candidate_stagnation_epochs=12
cascade_max_out_epochs=150
cascade_min_out_epochs=50
cascade_max_cand_epochs=150
cascade_min_cand_epochs=50
cascade_num_candidate_groups=2
bit_fail_limit=1.00000000000000005551e-01
cascade_candidate_limit=1.00000000000000000000e+03
cascade_weight_multiplier=4.00000000000000022204e-01
cascade_activation_functions_count=10
cascade_activation_functions=3 5 7 8 10 11 14 15 16 17 
cascade_activation_steepnesses_count=4
cascade_activation_steepnesses=2.50000000000000000000e-01 5.00000000000000000000e-01 7.50000000000000000000e-01 1.00000000000000000000e+00 
layer_sizes=9 4 2 
scale_included=0
neurons (num_inputs, activation_function, activation_steepness)=(0, 0, 0.00000000000000000000e+00) (0, 0, 0.00000000000000000000e+00) (0, 0, 0.00000000000000000000e+00) (0, 0, 0.00000000000000000000e+00) (0, 0, 0.00000000000000000000e+00) (0, 0, 0.00000000000000000000e+00) (0, 0, 0.00000000000000000000e+00) (0, 0, 0.00000000000000000000e+00) (0, 0, 0.00000000000000000000e+00) (9, 6, 5.00000000000000000000e-01) (9, 6, 5.00000000000000000000e-01) (9, 6, 5.00000000000000000000e-01) (0, 6, 0.00000000000000000000e+00) (4, 4, 5.00000000000000000000e-01) (0, 4, 0.00000000000000000000e+00) 
connections (connected_to_neuron, weight)=(0, -3.22049440181271062755e+00) (1, 5.80056882310667765168e-01) (2, 8.19872373811502619390e+00) (3, 2.45218205949030609858e+00) (4, 1.04294681399052779902e+00) (5, 1.57013434159611708907e+00) (6, 1.47336329987874181668e+00) (7, -4.49003813773285354038e-01) (8, -1.61558482965476746251e+00) (0, 4.40024742135005109134e+00) (1, -4.82043569566841334506e+00) (2, -2.42268221050462795318e+00) (3, -1.62597871759535728131e+00) (4, 4.29649052697369748799e-01) (5, -6.76460806283041282683e-01) (6, -4.48169060562363330558e-01) (7, 2.84590746497454860631e+00) (8, 4.55297222384410016360e+00) (0, 6.85313003446125001972e-01) (1, -1.81851982124702793442e+00) (2, 6.48187015864606030924e-01) (3, 1.29488469292840191471e+00) (4, 5.08268875363202976558e-01) (5, 3.97427712860437376552e-01) (6, 4.41215315195651991420e-01) (7, 6.67389532979780542021e-01) (8, 2.98807851705599425429e-01) (9, 3.89673380962824733587e+00) (10, -5.30390285745087108893e+00) (11, -1.72035480749742841766e+00) (12, -2.43175343425177770129e+00) 
