FANN_FLO_2.1
num_layers=3
learning_rate=0.700000
connection_rate=1.000000
network_type=0
learning_momentum=0.000000
training_algorithm=2
train_error_function=1
train_stop_function=1
cascade_output_change_fraction=0.010000
quickprop_decay=-0.000100
quickprop_mu=1.750000
rprop_increase_factor=1.200000
rprop_decrease_factor=0.500000
rprop_delta_min=0.000000
rprop_delta_max=50.000000
rprop_delta_zero=0.100000
cascade_output_stagnation_epochs=12
cascade_candidate_change_fraction=0.010000
cascade_candidate_stagnation_epochs=12
cascade_max_out_epochs=150
cascade_min_out_epochs=50
cascade_max_cand_epochs=150
cascade_min_cand_epochs=50
cascade_num_candidate_groups=2
bit_fail_limit=1.00000000000000005551e-01
cascade_candidate_limit=1.00000000000000000000e+03
cascade_weight_multiplier=4.00000000000000022204e-01
cascade_activation_functions_count=10
cascade_activation_functions=3 5 7 8 10 11 14 15 16 17 
cascade_activation_steepnesses_count=4
cascade_activation_steepnesses=2.50000000000000000000e-01 5.00000000000000000000e-01 7.50000000000000000000e-01 1.00000000000000000000e+00 
layer_sizes=11 4 2 
scale_included=0
neurons (num_inputs, activation_function, activation_steepness)=(0, 0, 0.00000000000000000000e+00) (0, 0, 0.00000000000000000000e+00) (0, 0, 0.00000000000000000000e+00) (0, 0, 0.00000000000000000000e+00) (0, 0, 0.00000000000000000000e+00) (0, 0, 0.00000000000000000000e+00) (0, 0, 0.00000000000000000000e+00) (0, 0, 0.00000000000000000000e+00) (0, 0, 0.00000000000000000000e+00) (0, 0, 0.00000000000000000000e+00) (0, 0, 0.00000000000000000000e+00) (11, 6, 5.00000000000000000000e-01) (11, 6, 5.00000000000000000000e-01) (11, 6, 5.00000000000000000000e-01) (0, 6, 0.00000000000000000000e+00) (4, 4, 5.00000000000000000000e-01) (0, 4, 0.00000000000000000000e+00) 
connections (connected_to_neuron, weight)=(0, -1.45017075774758130713e+00) (1, -7.65770948615192015296e-01) (2, 1.06592425059957154332e+01) (3, -3.95224242460472607874e-01) (4, -4.26852109251930122991e-01) (5, 3.03441582582295032999e-01) (6, -2.42479150085250072522e+00) (7, -6.15860884344194947637e-01) (8, -5.30612042376297221580e-01) (9, -4.98423988941317952506e-01) (10, -1.81636357913476742532e+00) (0, 3.90475541641227907874e+00) (1, -3.06740503117735396899e+00) (2, -5.01854996265542308009e-01) (3, 1.41392042103164849998e+00) (4, 2.81981323383844317831e+00) (5, -1.19168498288713253785e+00) (6, -2.53049454147976282670e+00) (7, 2.33405190043934940292e+00) (8, 1.06712109831019419381e+00) (9, -1.97415892971142392653e+00) (10, 3.32319827527546607371e+00) (0, -3.47132561703404851627e+00) (1, 2.46504683476227803851e+00) (2, 2.89602618072945128258e-01) (3, 1.63709488472897857214e+00) (4, -9.42916759789960590155e-01) (5, 1.77790776713873333037e+00) (6, 4.65868817808862889507e+00) (7, -8.47700906947495447241e-01) (8, 8.16596755444128685753e-01) (9, 1.42374022430703806030e+00) (10, -3.47881628253704366927e+00) (11, 1.89150044190216570783e+00) (12, -6.99517310027164285202e+00) (13, 9.34561610003364791055e+01) (14, -1.60644354807804101704e+00) 
