FANN_FLO_2.1
num_layers=3
learning_rate=0.700000
connection_rate=1.000000
network_type=0
learning_momentum=0.000000
training_algorithm=2
train_error_function=1
train_stop_function=1
cascade_output_change_fraction=0.010000
quickprop_decay=-0.000100
quickprop_mu=1.750000
rprop_increase_factor=1.200000
rprop_decrease_factor=0.500000
rprop_delta_min=0.000000
rprop_delta_max=50.000000
rprop_delta_zero=0.100000
cascade_output_stagnation_epochs=12
cascade_candidate_change_fraction=0.010000
cascade_candidate_stagnation_epochs=12
cascade_max_out_epochs=150
cascade_min_out_epochs=50
cascade_max_cand_epochs=150
cascade_min_cand_epochs=50
cascade_num_candidate_groups=2
bit_fail_limit=1.00000000000000005551e-01
cascade_candidate_limit=1.00000000000000000000e+03
cascade_weight_multiplier=4.00000000000000022204e-01
cascade_activation_functions_count=10
cascade_activation_functions=3 5 7 8 10 11 14 15 16 17 
cascade_activation_steepnesses_count=4
cascade_activation_steepnesses=2.50000000000000000000e-01 5.00000000000000000000e-01 7.50000000000000000000e-01 1.00000000000000000000e+00 
layer_sizes=9 4 2 
scale_included=0
neurons (num_inputs, activation_function, activation_steepness)=(0, 0, 0.00000000000000000000e+00) (0, 0, 0.00000000000000000000e+00) (0, 0, 0.00000000000000000000e+00) (0, 0, 0.00000000000000000000e+00) (0, 0, 0.00000000000000000000e+00) (0, 0, 0.00000000000000000000e+00) (0, 0, 0.00000000000000000000e+00) (0, 0, 0.00000000000000000000e+00) (0, 0, 0.00000000000000000000e+00) (9, 6, 5.00000000000000000000e-01) (9, 6, 5.00000000000000000000e-01) (9, 6, 5.00000000000000000000e-01) (0, 6, 0.00000000000000000000e+00) (4, 4, 5.00000000000000000000e-01) (0, 4, 0.00000000000000000000e+00) 
connections (connected_to_neuron, weight)=(0, -9.47389794584952565915e-02) (1, 5.46495663663024822121e-01) (2, 1.44336067904392018058e-01) (3, 6.34604250896781629798e-01) (4, 1.06800273825088276602e-01) (5, 1.90106033478511682322e-01) (6, 9.20838216537279929952e-01) (7, -2.54976917113041781637e-02) (8, -5.88938957496454099094e-02) (0, -1.78001682862992227641e+00) (1, 3.72454246499485108757e+00) (2, 8.83976843337867412842e-01) (3, 1.76518172845842058472e+00) (4, 7.96841111163947735108e-01) (5, 9.61498265065148016717e-01) (6, 2.16660387356521866309e+00) (7, -3.97588430154399663508e+00) (8, -1.91955347761864558720e+00) (0, 4.07231183173787092411e-01) (1, -1.71532013840279995431e-01) (2, 1.77548326333356709661e-01) (3, -3.01945132438469121539e+00) (4, 1.04547165115667139990e-01) (5, -1.44456213063895000381e-01) (6, -4.15729922177805200079e+00) (7, 6.40843744573176166135e-01) (8, 4.77628755109985370098e-01) (9, 3.50857099248900794475e-01) (10, 8.60984772137113729684e+00) (11, -7.84567077650868305305e-01) (12, -2.11772162859454393669e+00) 
