FANN_FLO_2.1
num_layers=3
learning_rate=0.700000
connection_rate=1.000000
network_type=0
learning_momentum=0.000000
training_algorithm=2
train_error_function=1
train_stop_function=1
cascade_output_change_fraction=0.010000
quickprop_decay=-0.000100
quickprop_mu=1.750000
rprop_increase_factor=1.200000
rprop_decrease_factor=0.500000
rprop_delta_min=0.000000
rprop_delta_max=50.000000
rprop_delta_zero=0.100000
cascade_output_stagnation_epochs=12
cascade_candidate_change_fraction=0.010000
cascade_candidate_stagnation_epochs=12
cascade_max_out_epochs=150
cascade_min_out_epochs=50
cascade_max_cand_epochs=150
cascade_min_cand_epochs=50
cascade_num_candidate_groups=2
bit_fail_limit=1.00000000000000005551e-01
cascade_candidate_limit=1.00000000000000000000e+03
cascade_weight_multiplier=4.00000000000000022204e-01
cascade_activation_functions_count=10
cascade_activation_functions=3 5 7 8 10 11 14 15 16 17 
cascade_activation_steepnesses_count=4
cascade_activation_steepnesses=2.50000000000000000000e-01 5.00000000000000000000e-01 7.50000000000000000000e-01 1.00000000000000000000e+00 
layer_sizes=13 4 2 
scale_included=0
neurons (num_inputs, activation_function, activation_steepness)=(0, 0, 0.00000000000000000000e+00) (0, 0, 0.00000000000000000000e+00) (0, 0, 0.00000000000000000000e+00) (0, 0, 0.00000000000000000000e+00) (0, 0, 0.00000000000000000000e+00) (0, 0, 0.00000000000000000000e+00) (0, 0, 0.00000000000000000000e+00) (0, 0, 0.00000000000000000000e+00) (0, 0, 0.00000000000000000000e+00) (0, 0, 0.00000000000000000000e+00) (0, 0, 0.00000000000000000000e+00) (0, 0, 0.00000000000000000000e+00) (0, 0, 0.00000000000000000000e+00) (13, 6, 5.00000000000000000000e-01) (13, 6, 5.00000000000000000000e-01) (13, 6, 5.00000000000000000000e-01) (0, 6, 0.00000000000000000000e+00) (4, 4, 5.00000000000000000000e-01) (0, 4, 0.00000000000000000000e+00) 
connections (connected_to_neuron, weight)=(0, 4.98461431167548374432e-01) (1, 4.25090049988541163195e-01) (2, 1.51527372534443016683e+00) (3, 2.63325722323688893312e-01) (4, 3.87688636638173822480e-01) (5, 4.44628014025381212981e-01) (6, 3.20949798202330716101e-01) (7, -6.93071605956412373217e-01) (8, -2.11641266889487766889e+00) (9, 1.89780647219196851871e-01) (10, 2.97082952510280662306e-01) (11, -9.10635100551260984192e-02) (12, 3.83813401350751925989e-01) (0, -1.58868318807741237819e+00) (1, 3.80762798980320660291e+00) (2, -8.42839563347919651370e-01) (3, -5.56107805523918113932e-02) (4, -7.16296311518279521513e-02) (5, -6.38415822306940161646e-01) (6, -2.08258137583478414312e-01) (7, 2.81520765111484649879e+00) (8, 3.12320996057566802051e+00) (9, 1.02386629836507550562e-01) (10, -3.60428661584599852041e-01) (11, 1.73222974125615758467e+00) (12, -7.16005875314696171863e-01) (0, 4.86349923772867942517e+00) (1, -5.52259003407618687120e-01) (2, -1.65003035145780465598e+01) (3, -7.30087507329901796993e-01) (4, -2.78195191655560059019e-01) (5, -3.99055372428955348885e-02) (6, -5.62534229347475989158e-01) (7, 2.98203351621260936977e-01) (8, 7.82687976775673810437e-01) (9, -8.05334230291569808102e-01) (10, -5.39303759085853151589e-01) (11, -7.43428434654385350555e-01) (12, 3.44804477105161089057e+00) (13, -1.93343018302275559961e+00) (14, 4.28347624310735763942e+00) (15, -4.90674005671996393829e+00) (16, -3.17485713393662516424e+00) 
