FANN_FLO_2.1
num_layers=3
learning_rate=0.700000
connection_rate=1.000000
network_type=0
learning_momentum=0.000000
training_algorithm=2
train_error_function=1
train_stop_function=1
cascade_output_change_fraction=0.010000
quickprop_decay=-0.000100
quickprop_mu=1.750000
rprop_increase_factor=1.200000
rprop_decrease_factor=0.500000
rprop_delta_min=0.000000
rprop_delta_max=50.000000
rprop_delta_zero=0.100000
cascade_output_stagnation_epochs=12
cascade_candidate_change_fraction=0.010000
cascade_candidate_stagnation_epochs=12
cascade_max_out_epochs=150
cascade_min_out_epochs=50
cascade_max_cand_epochs=150
cascade_min_cand_epochs=50
cascade_num_candidate_groups=2
bit_fail_limit=1.00000000000000005551e-01
cascade_candidate_limit=1.00000000000000000000e+03
cascade_weight_multiplier=4.00000000000000022204e-01
cascade_activation_functions_count=10
cascade_activation_functions=3 5 7 8 10 11 14 15 16 17 
cascade_activation_steepnesses_count=4
cascade_activation_steepnesses=2.50000000000000000000e-01 5.00000000000000000000e-01 7.50000000000000000000e-01 1.00000000000000000000e+00 
layer_sizes=18 4 2 
scale_included=0
neurons (num_inputs, activation_function, activation_steepness)=(0, 0, 0.00000000000000000000e+00) (0, 0, 0.00000000000000000000e+00) (0, 0, 0.00000000000000000000e+00) (0, 0, 0.00000000000000000000e+00) (0, 0, 0.00000000000000000000e+00) (0, 0, 0.00000000000000000000e+00) (0, 0, 0.00000000000000000000e+00) (0, 0, 0.00000000000000000000e+00) (0, 0, 0.00000000000000000000e+00) (0, 0, 0.00000000000000000000e+00) (0, 0, 0.00000000000000000000e+00) (0, 0, 0.00000000000000000000e+00) (0, 0, 0.00000000000000000000e+00) (0, 0, 0.00000000000000000000e+00) (0, 0, 0.00000000000000000000e+00) (0, 0, 0.00000000000000000000e+00) (0, 0, 0.00000000000000000000e+00) (0, 0, 0.00000000000000000000e+00) (18, 6, 5.00000000000000000000e-01) (18, 6, 5.00000000000000000000e-01) (18, 6, 5.00000000000000000000e-01) (0, 6, 0.00000000000000000000e+00) (4, 4, 5.00000000000000000000e-01) (0, 4, 0.00000000000000000000e+00) 
connections (connected_to_neuron, weight)=(0, 2.23826834259281515216e+00) (1, -1.56073562824070655175e+00) (2, -3.74342364833216301179e+00) (3, 1.43856714575230792974e+00) (4, -4.75606521178508934167e-01) (5, -2.60397734401418068373e+00) (6, 2.06166386557399716750e-01) (7, 9.52877572212279810859e-02) (8, 5.62019804693598135081e-02) (9, -1.21004575815561898899e+00) (10, -1.81748755766514147325e+00) (11, 8.94579662110597806368e-01) (12, 3.35090096915642066122e-01) (13, -6.97090992662130259916e-01) (14, 2.02706916446776475027e+00) (15, 9.85174561180351737733e-01) (16, 1.84207038072887296920e+00) (17, 2.02658046590180118685e+00) (0, -4.80344697805032194715e-01) (1, 7.45716037024397504496e+00) (2, -1.75038557799089100619e+00) (3, 2.32979490406560696414e+00) (4, 8.56830265717839800743e+00) (5, -2.09567076418596442977e+00) (6, 6.10086541583210451023e+00) (7, 7.70631490166626242910e+00) (8, 6.53853988600635194217e+00) (9, 1.75093219825624890618e+00) (10, 4.83089985118872000669e+00) (11, -3.88031446226402820798e+00) (12, -1.12649092353517232823e+00) (13, 4.60685880887791121552e+00) (14, -5.38480016491865387529e-01) (15, -2.62429283710329031010e+00) (16, -6.53482695677800928813e-01) (17, -5.52851687156165394477e-01) (0, 1.99649403513672973887e+00) (1, -1.23903850880418531233e+00) (2, -3.84824812154437445599e+00) (3, 9.27348411248595350109e-01) (4, -1.79696491369363053892e-01) (5, -7.64656931472761769442e+00) (6, 1.09737296908602344203e+00) (7, 1.50767133180412515880e-01) (8, 8.63030122604792754304e-02) (9, -8.20720633481185735114e-01) (10, -1.33940732661973505024e+00) (11, -1.93241109991483556163e-01) (12, 2.67298381268202822625e-01) (13, 3.58519771579458301769e-02) (14, -2.03399243113307148789e-01) (15, -5.99306768366812070425e-01) (16, 8.89978276708358717606e-01) (17, 1.86021895123477243317e+00) (18, -2.49170475986179091876e+01) (19, 3.05911360051529168658e+00) (20, -5.42899914950133055669e+00) (21, -2.94166377763294084602e+00) 
