FANN_FLO_2.1
num_layers=3
learning_rate=0.700000
connection_rate=1.000000
network_type=0
learning_momentum=0.000000
training_algorithm=2
train_error_function=1
train_stop_function=1
cascade_output_change_fraction=0.010000
quickprop_decay=-0.000100
quickprop_mu=1.750000
rprop_increase_factor=1.200000
rprop_decrease_factor=0.500000
rprop_delta_min=0.000000
rprop_delta_max=50.000000
rprop_delta_zero=0.100000
cascade_output_stagnation_epochs=12
cascade_candidate_change_fraction=0.010000
cascade_candidate_stagnation_epochs=12
cascade_max_out_epochs=150
cascade_min_out_epochs=50
cascade_max_cand_epochs=150
cascade_min_cand_epochs=50
cascade_num_candidate_groups=2
bit_fail_limit=1.00000000000000005551e-01
cascade_candidate_limit=1.00000000000000000000e+03
cascade_weight_multiplier=4.00000000000000022204e-01
cascade_activation_functions_count=10
cascade_activation_functions=3 5 7 8 10 11 14 15 16 17 
cascade_activation_steepnesses_count=4
cascade_activation_steepnesses=2.50000000000000000000e-01 5.00000000000000000000e-01 7.50000000000000000000e-01 1.00000000000000000000e+00 
layer_sizes=10 4 2 
scale_included=0
neurons (num_inputs, activation_function, activation_steepness)=(0, 0, 0.00000000000000000000e+00) (0, 0, 0.00000000000000000000e+00) (0, 0, 0.00000000000000000000e+00) (0, 0, 0.00000000000000000000e+00) (0, 0, 0.00000000000000000000e+00) (0, 0, 0.00000000000000000000e+00) (0, 0, 0.00000000000000000000e+00) (0, 0, 0.00000000000000000000e+00) (0, 0, 0.00000000000000000000e+00) (0, 0, 0.00000000000000000000e+00) (10, 6, 5.00000000000000000000e-01) (10, 6, 5.00000000000000000000e-01) (10, 6, 5.00000000000000000000e-01) (0, 6, 0.00000000000000000000e+00) (4, 4, 5.00000000000000000000e-01) (0, 4, 0.00000000000000000000e+00) 
connections (connected_to_neuron, weight)=(0, 3.48723980278587841752e+00) (1, 2.47164694359083769726e+00) (2, 5.81269367727937913415e-01) (3, 2.47627398335446535782e+00) (4, 1.02550146649135753840e+00) (5, 1.13219130240879506388e+00) (6, 4.42397493029915767071e-01) (7, 1.88766547646847437925e+00) (8, 5.59165816071057530934e-01) (9, -3.72115411839571530450e+00) (0, 1.75487246876095004389e+00) (1, 3.17111925594916355120e-01) (2, 3.17676376014223293964e+00) (3, -7.19029515993215850855e-01) (4, 1.07539370339809114974e+00) (5, 9.20556367543280296140e-01) (6, 3.78563617053451721972e+01) (7, 2.53491683664421385558e+00) (8, 1.74281118518646991333e+01) (9, 8.47129249615721136024e+00) (0, 1.42700206383799010901e+00) (1, -4.13666115616239116193e-01) (2, 2.94857724986297320413e+00) (3, -7.36321617816699025560e-01) (4, 1.98394233627948124443e+00) (5, 3.68117639200510604613e-01) (6, 3.78943137931647484606e+01) (7, 3.20824212517230700215e+00) (8, 3.95141818345075392926e+01) (9, 6.33809992118279907913e+00) (10, 1.85997021496038030364e+02) (11, -6.83488884368270821490e-01) (12, -6.99518599906295723834e-01) (13, -7.28035779097408242144e-01) 
