FANN_FLO_2.1
num_layers=3
learning_rate=0.700000
connection_rate=1.000000
network_type=0
learning_momentum=0.000000
training_algorithm=2
train_error_function=1
train_stop_function=1
cascade_output_change_fraction=0.010000
quickprop_decay=-0.000100
quickprop_mu=1.750000
rprop_increase_factor=1.200000
rprop_decrease_factor=0.500000
rprop_delta_min=0.000000
rprop_delta_max=50.000000
rprop_delta_zero=0.100000
cascade_output_stagnation_epochs=12
cascade_candidate_change_fraction=0.010000
cascade_candidate_stagnation_epochs=12
cascade_max_out_epochs=150
cascade_min_out_epochs=50
cascade_max_cand_epochs=150
cascade_min_cand_epochs=50
cascade_num_candidate_groups=2
bit_fail_limit=1.00000000000000005551e-01
cascade_candidate_limit=1.00000000000000000000e+03
cascade_weight_multiplier=4.00000000000000022204e-01
cascade_activation_functions_count=10
cascade_activation_functions=3 5 7 8 10 11 14 15 16 17 
cascade_activation_steepnesses_count=4
cascade_activation_steepnesses=2.50000000000000000000e-01 5.00000000000000000000e-01 7.50000000000000000000e-01 1.00000000000000000000e+00 
layer_sizes=7 4 2 
scale_included=0
neurons (num_inputs, activation_function, activation_steepness)=(0, 0, 0.00000000000000000000e+00) (0, 0, 0.00000000000000000000e+00) (0, 0, 0.00000000000000000000e+00) (0, 0, 0.00000000000000000000e+00) (0, 0, 0.00000000000000000000e+00) (0, 0, 0.00000000000000000000e+00) (0, 0, 0.00000000000000000000e+00) (7, 6, 5.00000000000000000000e-01) (7, 6, 5.00000000000000000000e-01) (7, 6, 5.00000000000000000000e-01) (0, 6, 0.00000000000000000000e+00) (4, 4, 5.00000000000000000000e-01) (0, 4, 0.00000000000000000000e+00) 
connections (connected_to_neuron, weight)=(0, -1.54687785986782622150e-01) (1, 1.17173572646770480787e+03) (2, 5.17386504507134432629e+01) (3, 5.18198438916009322952e+01) (4, -4.89037846174375512298e-01) (5, -4.21050394377044501226e-01) (6, 5.59314676076584582631e-01) (0, -1.43832029286743712237e-01) (1, 1.17162399791870120680e+03) (2, 5.18273379898140902355e+01) (3, 5.19302982125085250686e+01) (4, -5.37549429532424904998e-01) (5, -5.65684622576764328805e-01) (6, 5.12387913167887121269e-01) (0, 2.72181525913975264075e+00) (1, 1.50000000000000000000e+03) (2, -4.40996794645975676019e+00) (3, -3.61537642742402720586e+00) (4, 1.92308953119680259292e+00) (5, 1.93252629575881162971e+00) (6, -2.90128546646321217040e+00) (7, -1.05144298882068127909e+01) (8, -8.79679798075750341013e+00) (9, 2.57151449060861025941e+01) (10, -2.08242031237102676045e+00) 
