FANN_FLO_2.1
num_layers=3
learning_rate=0.700000
connection_rate=1.000000
network_type=0
learning_momentum=0.000000
training_algorithm=2
train_error_function=1
train_stop_function=1
cascade_output_change_fraction=0.010000
quickprop_decay=-0.000100
quickprop_mu=1.750000
rprop_increase_factor=1.200000
rprop_decrease_factor=0.500000
rprop_delta_min=0.000000
rprop_delta_max=50.000000
rprop_delta_zero=0.100000
cascade_output_stagnation_epochs=12
cascade_candidate_change_fraction=0.010000
cascade_candidate_stagnation_epochs=12
cascade_max_out_epochs=150
cascade_min_out_epochs=50
cascade_max_cand_epochs=150
cascade_min_cand_epochs=50
cascade_num_candidate_groups=2
bit_fail_limit=1.00000000000000005551e-01
cascade_candidate_limit=1.00000000000000000000e+03
cascade_weight_multiplier=4.00000000000000022204e-01
cascade_activation_functions_count=10
cascade_activation_functions=3 5 7 8 10 11 14 15 16 17 
cascade_activation_steepnesses_count=4
cascade_activation_steepnesses=2.50000000000000000000e-01 5.00000000000000000000e-01 7.50000000000000000000e-01 1.00000000000000000000e+00 
layer_sizes=9 4 2 
scale_included=0
neurons (num_inputs, activation_function, activation_steepness)=(0, 0, 0.00000000000000000000e+00) (0, 0, 0.00000000000000000000e+00) (0, 0, 0.00000000000000000000e+00) (0, 0, 0.00000000000000000000e+00) (0, 0, 0.00000000000000000000e+00) (0, 0, 0.00000000000000000000e+00) (0, 0, 0.00000000000000000000e+00) (0, 0, 0.00000000000000000000e+00) (0, 0, 0.00000000000000000000e+00) (9, 6, 5.00000000000000000000e-01) (9, 6, 5.00000000000000000000e-01) (9, 6, 5.00000000000000000000e-01) (0, 6, 0.00000000000000000000e+00) (4, 4, 5.00000000000000000000e-01) (0, 4, 0.00000000000000000000e+00) 
connections (connected_to_neuron, weight)=(0, 3.92814973418536772520e-01) (1, 8.63757385727969229094e+00) (2, -7.60618456255224995033e+00) (3, 2.38900953024135165315e-01) (4, 3.05355220282881756333e+00) (5, -2.68233516103122293650e-01) (6, 8.26411843813020574601e-01) (7, 6.21085247039617135978e-02) (8, -1.78942811717736294241e-01) (0, 5.19296966849618235607e-01) (1, 1.26655431290448361459e+00) (2, 2.09001309865760598328e+00) (3, -1.13357522906439078803e+00) (4, 1.68094613804215287090e+00) (5, 6.84224900102667565882e-01) (6, 1.16934142334322022094e+00) (7, -1.09676986043203839039e+00) (8, -2.38054678873347969059e+00) (0, 4.54510801286977239588e-01) (1, 1.44568015510452729799e+00) (2, 2.04479313969104303794e+00) (3, -9.79010542944835582269e-01) (4, 1.58809373918783536261e+00) (5, -3.20205007460045654177e-01) (6, 1.19427368862489746704e+00) (7, -1.06336822216261395191e+00) (8, -2.19631151664373147625e+00) (9, 1.10442611931113843227e+00) (10, 1.70008893864420912223e+02) (11, 5.10962101056225748152e+00) (12, -1.99376034631930054708e+00) 
