FANN_FLO_2.1
num_layers=3
learning_rate=0.700000
connection_rate=1.000000
network_type=0
learning_momentum=0.000000
training_algorithm=2
train_error_function=1
train_stop_function=1
cascade_output_change_fraction=0.010000
quickprop_decay=-0.000100
quickprop_mu=1.750000
rprop_increase_factor=1.200000
rprop_decrease_factor=0.500000
rprop_delta_min=0.000000
rprop_delta_max=50.000000
rprop_delta_zero=0.100000
cascade_output_stagnation_epochs=12
cascade_candidate_change_fraction=0.010000
cascade_candidate_stagnation_epochs=12
cascade_max_out_epochs=150
cascade_min_out_epochs=50
cascade_max_cand_epochs=150
cascade_min_cand_epochs=50
cascade_num_candidate_groups=2
bit_fail_limit=1.00000000000000005551e-01
cascade_candidate_limit=1.00000000000000000000e+03
cascade_weight_multiplier=4.00000000000000022204e-01
cascade_activation_functions_count=10
cascade_activation_functions=3 5 7 8 10 11 14 15 16 17 
cascade_activation_steepnesses_count=4
cascade_activation_steepnesses=2.50000000000000000000e-01 5.00000000000000000000e-01 7.50000000000000000000e-01 1.00000000000000000000e+00 
layer_sizes=17 4 2 
scale_included=0
neurons (num_inputs, activation_function, activation_steepness)=(0, 0, 0.00000000000000000000e+00) (0, 0, 0.00000000000000000000e+00) (0, 0, 0.00000000000000000000e+00) (0, 0, 0.00000000000000000000e+00) (0, 0, 0.00000000000000000000e+00) (0, 0, 0.00000000000000000000e+00) (0, 0, 0.00000000000000000000e+00) (0, 0, 0.00000000000000000000e+00) (0, 0, 0.00000000000000000000e+00) (0, 0, 0.00000000000000000000e+00) (0, 0, 0.00000000000000000000e+00) (0, 0, 0.00000000000000000000e+00) (0, 0, 0.00000000000000000000e+00) (0, 0, 0.00000000000000000000e+00) (0, 0, 0.00000000000000000000e+00) (0, 0, 0.00000000000000000000e+00) (0, 0, 0.00000000000000000000e+00) (17, 6, 5.00000000000000000000e-01) (17, 6, 5.00000000000000000000e-01) (17, 6, 5.00000000000000000000e-01) (0, 6, 0.00000000000000000000e+00) (4, 4, 5.00000000000000000000e-01) (0, 4, 0.00000000000000000000e+00) 
connections (connected_to_neuron, weight)=(0, -5.91555057150592400461e+00) (1, 1.07421185357533088833e+00) (2, -1.55817195887562380818e+01) (3, 3.52539685146574410801e-01) (4, -4.54319144343396086327e+00) (5, 3.48714770404569591733e+01) (6, 1.27718488522709474609e+01) (7, 3.73846050448910816044e+01) (8, 7.65388915541074954518e+00) (9, 2.31131951515078455373e+01) (10, 5.91378089731670719686e+00) (11, 1.04315250258551355245e+01) (12, 1.00321808581644997815e+01) (13, -1.75252753726992231975e+01) (14, -9.30649757547197392649e-02) (15, -4.18487845900392049781e-02) (16, -1.12548352623148528728e+00) (0, 2.96709383847167273984e+00) (1, 5.26039412061584665814e-01) (2, -1.79727318735464898225e+01) (3, -2.51229573947696582792e+00) (4, 2.18201365892369658628e-01) (5, 9.40979412683985394494e+00) (6, 1.09970847035630487909e+01) (7, 1.08960114700872985338e+01) (8, 3.22424972649863228469e+00) (9, 8.85714106435110615223e+00) (10, 8.59624456835717865033e-01) (11, 1.28008317338073869252e+01) (12, 2.69423070393316432813e+00) (13, -2.58228652392647433089e+01) (14, -2.42036552174943908611e+00) (15, -2.29435707106366759689e+00) (16, 4.36776885207810661171e+00) (0, 1.54586716874505725627e+02) (1, -1.73048511636194426444e+01) (2, -1.30775203322501254455e+00) (3, -5.49162214382914104505e+00) (4, -5.41692363574358193290e+00) (5, 6.64434166242142396186e+02) (6, -4.14889197985858331208e+01) (7, 1.87215219256510465584e+01) (8, 1.08800012512286663480e+01) (9, -3.52504471684860165581e+00) (10, -1.83765910105921967954e+01) (11, -1.19883959680201037656e+01) (12, 1.50000000000000000000e+03) (13, 1.50000000000000000000e+03) (14, 1.50000000000000000000e+03) (15, 1.50000000000000000000e+03) (16, 5.58851955979269288122e+00) (17, 1.44944100280922398838e+01) (18, -1.21912695688300996011e+01) (19, -5.02358466489057065019e+00) (20, -3.74456312330051854786e+00) 
