FANN_FLO_2.1
num_layers=3
learning_rate=0.700000
connection_rate=1.000000
network_type=0
learning_momentum=0.000000
training_algorithm=2
train_error_function=1
train_stop_function=1
cascade_output_change_fraction=0.010000
quickprop_decay=-0.000100
quickprop_mu=1.750000
rprop_increase_factor=1.200000
rprop_decrease_factor=0.500000
rprop_delta_min=0.000000
rprop_delta_max=50.000000
rprop_delta_zero=0.100000
cascade_output_stagnation_epochs=12
cascade_candidate_change_fraction=0.010000
cascade_candidate_stagnation_epochs=12
cascade_max_out_epochs=150
cascade_min_out_epochs=50
cascade_max_cand_epochs=150
cascade_min_cand_epochs=50
cascade_num_candidate_groups=2
bit_fail_limit=1.00000000000000005551e-01
cascade_candidate_limit=1.00000000000000000000e+03
cascade_weight_multiplier=4.00000000000000022204e-01
cascade_activation_functions_count=10
cascade_activation_functions=3 5 7 8 10 11 14 15 16 17 
cascade_activation_steepnesses_count=4
cascade_activation_steepnesses=2.50000000000000000000e-01 5.00000000000000000000e-01 7.50000000000000000000e-01 1.00000000000000000000e+00 
layer_sizes=17 4 2 
scale_included=0
neurons (num_inputs, activation_function, activation_steepness)=(0, 0, 0.00000000000000000000e+00) (0, 0, 0.00000000000000000000e+00) (0, 0, 0.00000000000000000000e+00) (0, 0, 0.00000000000000000000e+00) (0, 0, 0.00000000000000000000e+00) (0, 0, 0.00000000000000000000e+00) (0, 0, 0.00000000000000000000e+00) (0, 0, 0.00000000000000000000e+00) (0, 0, 0.00000000000000000000e+00) (0, 0, 0.00000000000000000000e+00) (0, 0, 0.00000000000000000000e+00) (0, 0, 0.00000000000000000000e+00) (0, 0, 0.00000000000000000000e+00) (0, 0, 0.00000000000000000000e+00) (0, 0, 0.00000000000000000000e+00) (0, 0, 0.00000000000000000000e+00) (0, 0, 0.00000000000000000000e+00) (17, 6, 5.00000000000000000000e-01) (17, 6, 5.00000000000000000000e-01) (17, 6, 5.00000000000000000000e-01) (0, 6, 0.00000000000000000000e+00) (4, 4, 5.00000000000000000000e-01) (0, 4, 0.00000000000000000000e+00) 
connections (connected_to_neuron, weight)=(0, -8.80561077988701312869e-01) (1, -4.82676385184789835670e-02) (2, 4.84562347433728568546e+00) (3, 2.03487700308267738247e-02) (4, 1.28104071962404675311e+00) (5, 5.16094710306249315757e-01) (6, 8.99674040521560303141e-01) (7, 9.29452365481584230622e+00) (8, 1.03195892541243394724e-01) (9, 6.90006147412829839993e-01) (10, 1.01224321378354753520e+00) (11, 1.41085224826389055153e+00) (12, 2.78166686392813744533e+00) (13, 7.39637965879590963958e-01) (14, 1.31636439621018963564e+00) (15, -3.35938833666368952269e-01) (16, -1.37120848136178574705e+00) (0, -3.82378498658934584675e-01) (1, 1.39886008112352810961e+00) (2, 1.37288830883053214471e+00) (3, -7.70184849838026902580e-02) (4, 2.04677682498062868399e-01) (5, 1.46937723589715596439e+00) (6, 1.46983641553867297458e-02) (7, 1.29087504160405619480e+00) (8, -9.86955215406963015656e-02) (9, 1.46693918295414393871e-01) (10, -4.26727326087035119251e-01) (11, 1.70615628170987215784e-01) (12, 2.92158595214412064589e-02) (13, -5.19938118872190421782e-02) (14, 3.00371555167770254435e-01) (15, -1.70342977943993501011e-01) (16, -1.76604411174620401503e+00) (0, 1.41814059314638724052e-01) (1, 2.73781341756003326893e-01) (2, 1.62302144233346712365e-01) (3, 2.11388237934150846620e-01) (4, 1.74648788391028375599e-01) (5, 4.57648686746623012400e-01) (6, 3.53587583397804383623e-01) (7, 2.21779579976114887829e-01) (8, 5.73974692797084642959e-02) (9, 1.84907083931139942790e-01) (10, 2.00437391304832152050e-01) (11, 4.00282703751986546070e-01) (12, 2.29728834838282602870e-01) (13, 3.13990964045532117144e-01) (14, 5.81453063092755503827e-02) (15, 1.14661002756958355087e-01) (16, -1.64750757832161504046e-01) (17, 4.70869146871658017517e+00) (18, 3.56700031706177256297e+01) (19, 7.86306371043417828837e-01) (20, -1.82671559770668756606e+00) 
