FANN_FLO_2.1
num_layers=3
learning_rate=0.700000
connection_rate=1.000000
network_type=0
learning_momentum=0.000000
training_algorithm=2
train_error_function=1
train_stop_function=1
cascade_output_change_fraction=0.010000
quickprop_decay=-0.000100
quickprop_mu=1.750000
rprop_increase_factor=1.200000
rprop_decrease_factor=0.500000
rprop_delta_min=0.000000
rprop_delta_max=50.000000
rprop_delta_zero=0.100000
cascade_output_stagnation_epochs=12
cascade_candidate_change_fraction=0.010000
cascade_candidate_stagnation_epochs=12
cascade_max_out_epochs=150
cascade_min_out_epochs=50
cascade_max_cand_epochs=150
cascade_min_cand_epochs=50
cascade_num_candidate_groups=2
bit_fail_limit=1.00000000000000005551e-01
cascade_candidate_limit=1.00000000000000000000e+03
cascade_weight_multiplier=4.00000000000000022204e-01
cascade_activation_functions_count=10
cascade_activation_functions=3 5 7 8 10 11 14 15 16 17 
cascade_activation_steepnesses_count=4
cascade_activation_steepnesses=2.50000000000000000000e-01 5.00000000000000000000e-01 7.50000000000000000000e-01 1.00000000000000000000e+00 
layer_sizes=18 4 2 
scale_included=0
neurons (num_inputs, activation_function, activation_steepness)=(0, 0, 0.00000000000000000000e+00) (0, 0, 0.00000000000000000000e+00) (0, 0, 0.00000000000000000000e+00) (0, 0, 0.00000000000000000000e+00) (0, 0, 0.00000000000000000000e+00) (0, 0, 0.00000000000000000000e+00) (0, 0, 0.00000000000000000000e+00) (0, 0, 0.00000000000000000000e+00) (0, 0, 0.00000000000000000000e+00) (0, 0, 0.00000000000000000000e+00) (0, 0, 0.00000000000000000000e+00) (0, 0, 0.00000000000000000000e+00) (0, 0, 0.00000000000000000000e+00) (0, 0, 0.00000000000000000000e+00) (0, 0, 0.00000000000000000000e+00) (0, 0, 0.00000000000000000000e+00) (0, 0, 0.00000000000000000000e+00) (0, 0, 0.00000000000000000000e+00) (18, 6, 5.00000000000000000000e-01) (18, 6, 5.00000000000000000000e-01) (18, 6, 5.00000000000000000000e-01) (0, 6, 0.00000000000000000000e+00) (4, 4, 5.00000000000000000000e-01) (0, 4, 0.00000000000000000000e+00) 
connections (connected_to_neuron, weight)=(0, 2.37088265174834367244e+00) (1, -1.97575404363770812388e+00) (2, -1.91012183992853801229e-01) (3, -1.56086665462346979583e-01) (4, -1.27131485704396307579e-01) (5, -2.60091800009688256523e+00) (6, -1.94668705024851740326e+00) (7, -1.78649301616437949924e+00) (8, -6.94873689989422227420e-01) (9, -1.36984300135842923529e-01) (10, -1.36867888681008076368e-01) (11, -5.81238009185073956075e-01) (12, -1.88684006264401848973e-01) (13, -1.96936355172938615254e-01) (14, 5.70986436835895158626e-02) (15, -1.82857965161992486181e-01) (16, -1.41281672231270527540e-01) (17, 2.32222335360983622721e+00) (0, -1.59461245489299696665e+00) (1, 7.15513136523359571939e-01) (2, 1.38723139840396858524e+00) (3, 9.70304282449231836338e-01) (4, 7.42584273662534877225e-01) (5, 3.04045503410076101147e+00) (6, 7.93432627147285129965e-01) (7, 6.26396547621318577903e-01) (8, 4.78970825646209907855e-01) (9, 1.36286903435250827954e+00) (10, 1.16421829687390565589e+00) (11, 6.23123446934028657473e-01) (12, 1.29472390824815342114e+00) (13, 8.92411810233557756256e-01) (14, 1.28777128720542499707e+00) (15, 1.35805621260663578198e+00) (16, 1.17338404673270813028e+00) (17, -9.98396051263580885937e-01) (0, -1.03014181980101304781e+00) (1, 4.64191537037422718992e-01) (2, 1.11200703720742954950e+00) (3, 1.21467189584840240535e+00) (4, 1.30094489485260744743e+00) (5, 2.59025368488201923611e+00) (6, 1.53438958986768270165e+00) (7, 9.56430739006739139008e-01) (8, 4.33187776499767585037e-01) (9, 1.35002324893747793766e+00) (10, 1.25086608095779694416e+00) (11, 7.72832167731471231242e-01) (12, 1.42173625319873320194e+00) (13, 1.46943341862125986808e+00) (14, 1.44214606821214186283e+00) (15, 1.35134658753549086185e+00) (16, 1.33034761901770925974e+00) (17, -1.07265553658118051317e+00) (18, -2.24993801218790707708e+01) (19, 9.26122711511335161561e+00) (20, 4.66436254462678778765e+00) (21, -8.90208242276808836557e-01) 
