FANN_FLO_2.1
num_layers=3
learning_rate=0.700000
connection_rate=1.000000
network_type=0
learning_momentum=0.000000
training_algorithm=2
train_error_function=1
train_stop_function=1
cascade_output_change_fraction=0.010000
quickprop_decay=-0.000100
quickprop_mu=1.750000
rprop_increase_factor=1.200000
rprop_decrease_factor=0.500000
rprop_delta_min=0.000000
rprop_delta_max=50.000000
rprop_delta_zero=0.100000
cascade_output_stagnation_epochs=12
cascade_candidate_change_fraction=0.010000
cascade_candidate_stagnation_epochs=12
cascade_max_out_epochs=150
cascade_min_out_epochs=50
cascade_max_cand_epochs=150
cascade_min_cand_epochs=50
cascade_num_candidate_groups=2
bit_fail_limit=1.00000000000000005551e-01
cascade_candidate_limit=1.00000000000000000000e+03
cascade_weight_multiplier=4.00000000000000022204e-01
cascade_activation_functions_count=10
cascade_activation_functions=3 5 7 8 10 11 14 15 16 17 
cascade_activation_steepnesses_count=4
cascade_activation_steepnesses=2.50000000000000000000e-01 5.00000000000000000000e-01 7.50000000000000000000e-01 1.00000000000000000000e+00 
layer_sizes=13 4 2 
scale_included=0
neurons (num_inputs, activation_function, activation_steepness)=(0, 0, 0.00000000000000000000e+00) (0, 0, 0.00000000000000000000e+00) (0, 0, 0.00000000000000000000e+00) (0, 0, 0.00000000000000000000e+00) (0, 0, 0.00000000000000000000e+00) (0, 0, 0.00000000000000000000e+00) (0, 0, 0.00000000000000000000e+00) (0, 0, 0.00000000000000000000e+00) (0, 0, 0.00000000000000000000e+00) (0, 0, 0.00000000000000000000e+00) (0, 0, 0.00000000000000000000e+00) (0, 0, 0.00000000000000000000e+00) (0, 0, 0.00000000000000000000e+00) (13, 6, 5.00000000000000000000e-01) (13, 6, 5.00000000000000000000e-01) (13, 6, 5.00000000000000000000e-01) (0, 6, 0.00000000000000000000e+00) (4, 4, 5.00000000000000000000e-01) (0, 4, 0.00000000000000000000e+00) 
connections (connected_to_neuron, weight)=(0, 2.81524544463354375878e+00) (1, -2.80128740162294098681e+00) (2, -1.59755885716603684976e+00) (3, -1.66632604330593930841e-01) (4, 1.30404326248048274550e+00) (5, 1.11527643206482340865e+00) (6, -4.20211192243958464587e+00) (7, 2.64453255095663919416e-01) (8, 9.58437273831832081683e-01) (9, 3.00882955199923973755e-01) (10, -2.89152157138030885264e+00) (11, -1.48523786040169336609e+00) (12, 2.40261738372799626973e+00) (0, -6.01602176618918438322e+00) (1, 1.66317648275439244898e+00) (2, 2.66243193568951319605e+01) (3, -2.23726560193062584680e-01) (4, -4.40765839855410748727e-02) (5, -5.29422796031773015835e-02) (6, 5.69461118119814146965e-01) (7, 6.92376145858779712405e-01) (8, 1.54266776039070774296e+00) (9, 6.47162769567686813055e-01) (10, -1.75732646903060807375e+00) (11, 7.00549386759621195431e-01) (12, -6.26410274566856362100e+00) (0, 6.32450721086657008385e+00) (1, -2.48181839620128164015e+00) (2, -1.48332321150119916808e+00) (3, 5.08678030080239040878e-01) (4, 2.40836338374525615880e-01) (5, 3.63073306611952917322e-01) (6, 1.40847241530849043301e-01) (7, 4.84143035940108157344e-01) (8, 8.28312878157385634736e-01) (9, 1.68533407731471213120e-01) (10, -3.38375713708469882945e+00) (11, -1.81579342176539548781e+00) (12, 2.52560531117410391744e+00) (13, -7.62360772096079220006e+00) (14, 6.85896355467164031694e+00) (15, -4.56416806648153183801e+00) (16, -1.65047240409028339592e+00) 
