FANN_FLO_2.1
num_layers=3
learning_rate=0.700000
connection_rate=1.000000
network_type=0
learning_momentum=0.000000
training_algorithm=2
train_error_function=1
train_stop_function=1
cascade_output_change_fraction=0.010000
quickprop_decay=-0.000100
quickprop_mu=1.750000
rprop_increase_factor=1.200000
rprop_decrease_factor=0.500000
rprop_delta_min=0.000000
rprop_delta_max=50.000000
rprop_delta_zero=0.100000
cascade_output_stagnation_epochs=12
cascade_candidate_change_fraction=0.010000
cascade_candidate_stagnation_epochs=12
cascade_max_out_epochs=150
cascade_min_out_epochs=50
cascade_max_cand_epochs=150
cascade_min_cand_epochs=50
cascade_num_candidate_groups=2
bit_fail_limit=1.00000000000000005551e-01
cascade_candidate_limit=1.00000000000000000000e+03
cascade_weight_multiplier=4.00000000000000022204e-01
cascade_activation_functions_count=10
cascade_activation_functions=3 5 7 8 10 11 14 15 16 17 
cascade_activation_steepnesses_count=4
cascade_activation_steepnesses=2.50000000000000000000e-01 5.00000000000000000000e-01 7.50000000000000000000e-01 1.00000000000000000000e+00 
layer_sizes=8 4 2 
scale_included=0
neurons (num_inputs, activation_function, activation_steepness)=(0, 0, 0.00000000000000000000e+00) (0, 0, 0.00000000000000000000e+00) (0, 0, 0.00000000000000000000e+00) (0, 0, 0.00000000000000000000e+00) (0, 0, 0.00000000000000000000e+00) (0, 0, 0.00000000000000000000e+00) (0, 0, 0.00000000000000000000e+00) (0, 0, 0.00000000000000000000e+00) (8, 6, 5.00000000000000000000e-01) (8, 6, 5.00000000000000000000e-01) (8, 6, 5.00000000000000000000e-01) (0, 6, 0.00000000000000000000e+00) (4, 4, 5.00000000000000000000e-01) (0, 4, 0.00000000000000000000e+00) 
connections (connected_to_neuron, weight)=(0, -1.47761540581396078053e+00) (1, 2.31915753354611631210e+00) (2, 2.29487431394366758752e+00) (3, 3.63834635671129377754e-02) (4, 2.04808788065641067533e+00) (5, 2.20940315872339576586e+00) (6, -1.41274654737870958288e-01) (7, -3.73507695270813711019e+00) (0, 4.70365916183865251377e-01) (1, 1.08642789584872145880e+00) (2, -6.51440317326140994059e-02) (3, 2.74268059108303319249e+00) (4, -1.40089177937083917413e+01) (5, -1.61216239508768355293e+00) (6, 2.09219637081177056714e+00) (7, 1.91117409252084802240e+00) (0, 6.24301242596552619091e+00) (1, 3.15758274008589978621e+00) (2, -1.70471421582185839183e-01) (3, 2.21340993967739319004e+00) (4, 2.63202419318800506787e+00) (5, 1.64592182802276121301e+00) (6, 1.23203893232949912573e+00) (7, 6.52781928153846546792e+00) (8, 3.65541499383579022719e+01) (9, -1.04968590892402158232e+01) (10, -1.92023510346728487619e+00) (11, -1.78916928032952515792e+00) 
