FANN_FLO_2.1
num_layers=3
learning_rate=0.700000
connection_rate=1.000000
network_type=0
learning_momentum=0.000000
training_algorithm=2
train_error_function=1
train_stop_function=1
cascade_output_change_fraction=0.010000
quickprop_decay=-0.000100
quickprop_mu=1.750000
rprop_increase_factor=1.200000
rprop_decrease_factor=0.500000
rprop_delta_min=0.000000
rprop_delta_max=50.000000
rprop_delta_zero=0.100000
cascade_output_stagnation_epochs=12
cascade_candidate_change_fraction=0.010000
cascade_candidate_stagnation_epochs=12
cascade_max_out_epochs=150
cascade_min_out_epochs=50
cascade_max_cand_epochs=150
cascade_min_cand_epochs=50
cascade_num_candidate_groups=2
bit_fail_limit=1.00000000000000005551e-01
cascade_candidate_limit=1.00000000000000000000e+03
cascade_weight_multiplier=4.00000000000000022204e-01
cascade_activation_functions_count=10
cascade_activation_functions=3 5 7 8 10 11 14 15 16 17 
cascade_activation_steepnesses_count=4
cascade_activation_steepnesses=2.50000000000000000000e-01 5.00000000000000000000e-01 7.50000000000000000000e-01 1.00000000000000000000e+00 
layer_sizes=18 4 2 
scale_included=0
neurons (num_inputs, activation_function, activation_steepness)=(0, 0, 0.00000000000000000000e+00) (0, 0, 0.00000000000000000000e+00) (0, 0, 0.00000000000000000000e+00) (0, 0, 0.00000000000000000000e+00) (0, 0, 0.00000000000000000000e+00) (0, 0, 0.00000000000000000000e+00) (0, 0, 0.00000000000000000000e+00) (0, 0, 0.00000000000000000000e+00) (0, 0, 0.00000000000000000000e+00) (0, 0, 0.00000000000000000000e+00) (0, 0, 0.00000000000000000000e+00) (0, 0, 0.00000000000000000000e+00) (0, 0, 0.00000000000000000000e+00) (0, 0, 0.00000000000000000000e+00) (0, 0, 0.00000000000000000000e+00) (0, 0, 0.00000000000000000000e+00) (0, 0, 0.00000000000000000000e+00) (0, 0, 0.00000000000000000000e+00) (18, 6, 5.00000000000000000000e-01) (18, 6, 5.00000000000000000000e-01) (18, 6, 5.00000000000000000000e-01) (0, 6, 0.00000000000000000000e+00) (4, 4, 5.00000000000000000000e-01) (0, 4, 0.00000000000000000000e+00) 
connections (connected_to_neuron, weight)=(0, 2.12685297416019869488e+00) (1, -1.21850455749468800093e+01) (2, -1.06653936322020204130e+00) (3, -2.49247982809856694075e+00) (4, -2.32359939304780827030e+00) (5, -1.07718331373090876468e+01) (6, -7.94050465562342910886e+00) (7, -5.20403585695689940849e+00) (8, 7.03518540729936514566e+00) (9, 7.25084381198695737680e+00) (10, 2.01530365354100204911e+00) (11, -7.98034794692449001019e+00) (12, -1.47110741223795393751e+00) (13, -3.65891400450893833352e+00) (14, 8.73232662957981098373e+00) (15, 7.52844527363697402222e+00) (16, -7.97580506716422465985e+00) (17, 2.11621831343937349956e+00) (0, -2.25875994709441041408e+00) (1, -1.02214809479286938831e+00) (2, 6.79809778641495299212e+00) (3, 2.02453997408874819541e+01) (4, -7.50503868610511659654e-01) (5, -9.64932808090304128257e-01) (6, -7.79083258501365172322e-01) (7, 2.01332694012150064111e+01) (8, -5.64902925931328514508e-01) (9, 2.56460090497087289663e-01) (10, 3.32566654532357453000e-02) (11, -8.34265606929112113477e-01) (12, -1.49716229246329923797e+00) (13, 1.31583877437351026707e+00) (14, 3.39551554654893239515e+00) (15, -5.26270899509841516561e-01) (16, -8.96022571702052017528e-01) (17, -3.37170366476845284609e+00) (0, -2.53234149878696523928e-01) (1, 3.59045773589596717290e-01) (2, 4.98760807045795062642e-01) (3, 7.46462806373601628351e-01) (4, 8.93498476901681382145e-01) (5, 3.18822827941453779133e-01) (6, 3.96167696383062373222e-03) (7, 6.57333410663112904793e-01) (8, -6.01190714332461406677e-01) (9, -1.51553347444950481382e+00) (10, -2.89054295743315936562e+00) (11, 7.11726195690373542035e-01) (12, 2.54157259729637152734e-01) (13, 8.59843571087176239409e-01) (14, -8.38039688326462917090e-01) (15, -5.77358306066328319517e-01) (16, 6.09324016511612498448e-01) (17, -9.91342834332510580708e-01) (18, -3.34393064720889432451e+00) (19, 4.49535408041306094873e+00) (20, 2.00676739348880328606e+00) (21, -2.94199701993539575184e+00) 
