FANN_FLO_2.1
num_layers=3
learning_rate=0.700000
connection_rate=1.000000
network_type=0
learning_momentum=0.000000
training_algorithm=2
train_error_function=1
train_stop_function=1
cascade_output_change_fraction=0.010000
quickprop_decay=-0.000100
quickprop_mu=1.750000
rprop_increase_factor=1.200000
rprop_decrease_factor=0.500000
rprop_delta_min=0.000000
rprop_delta_max=50.000000
rprop_delta_zero=0.100000
cascade_output_stagnation_epochs=12
cascade_candidate_change_fraction=0.010000
cascade_candidate_stagnation_epochs=12
cascade_max_out_epochs=150
cascade_min_out_epochs=50
cascade_max_cand_epochs=150
cascade_min_cand_epochs=50
cascade_num_candidate_groups=2
bit_fail_limit=1.00000000000000005551e-01
cascade_candidate_limit=1.00000000000000000000e+03
cascade_weight_multiplier=4.00000000000000022204e-01
cascade_activation_functions_count=10
cascade_activation_functions=3 5 7 8 10 11 14 15 16 17 
cascade_activation_steepnesses_count=4
cascade_activation_steepnesses=2.50000000000000000000e-01 5.00000000000000000000e-01 7.50000000000000000000e-01 1.00000000000000000000e+00 
layer_sizes=6 4 2 
scale_included=0
neurons (num_inputs, activation_function, activation_steepness)=(0, 0, 0.00000000000000000000e+00) (0, 0, 0.00000000000000000000e+00) (0, 0, 0.00000000000000000000e+00) (0, 0, 0.00000000000000000000e+00) (0, 0, 0.00000000000000000000e+00) (0, 0, 0.00000000000000000000e+00) (6, 6, 5.00000000000000000000e-01) (6, 6, 5.00000000000000000000e-01) (6, 6, 5.00000000000000000000e-01) (0, 6, 0.00000000000000000000e+00) (4, 4, 5.00000000000000000000e-01) (0, 4, 0.00000000000000000000e+00) 
connections (connected_to_neuron, weight)=(0, 7.39601030398564285306e-01) (1, 1.16806521146448738513e+00) (2, 1.08991092323216109961e+00) (3, 8.52893469770441114974e-01) (4, 9.32932300791862290090e-01) (5, -7.24168417119332219478e-01) (0, -3.06570870426284336485e-01) (1, -2.90312754895072488992e+00) (2, -2.96174105789046748782e+00) (3, -2.90792136134126533165e+00) (4, -2.85281792044867010816e+00) (5, 1.91967140320537232867e+00) (0, 1.02742925371141824442e-01) (1, 2.78530761783092994932e+00) (2, 2.78839130138128776792e+00) (3, 3.02321024841108787484e+00) (4, 2.92386220490960102580e+00) (5, -1.81497187592086151042e+00) (6, 1.79300304859723524942e+00) (7, -5.99364109927844257442e+00) (8, 6.48532895836041234361e+00) (9, -1.84115313045677497783e+00) 
