FANN_FLO_2.1
num_layers=3
learning_rate=0.700000
connection_rate=1.000000
network_type=0
learning_momentum=0.000000
training_algorithm=2
train_error_function=1
train_stop_function=1
cascade_output_change_fraction=0.010000
quickprop_decay=-0.000100
quickprop_mu=1.750000
rprop_increase_factor=1.200000
rprop_decrease_factor=0.500000
rprop_delta_min=0.000000
rprop_delta_max=50.000000
rprop_delta_zero=0.100000
cascade_output_stagnation_epochs=12
cascade_candidate_change_fraction=0.010000
cascade_candidate_stagnation_epochs=12
cascade_max_out_epochs=150
cascade_min_out_epochs=50
cascade_max_cand_epochs=150
cascade_min_cand_epochs=50
cascade_num_candidate_groups=2
bit_fail_limit=1.00000000000000005551e-01
cascade_candidate_limit=1.00000000000000000000e+03
cascade_weight_multiplier=4.00000000000000022204e-01
cascade_activation_functions_count=10
cascade_activation_functions=3 5 7 8 10 11 14 15 16 17 
cascade_activation_steepnesses_count=4
cascade_activation_steepnesses=2.50000000000000000000e-01 5.00000000000000000000e-01 7.50000000000000000000e-01 1.00000000000000000000e+00 
layer_sizes=9 4 2 
scale_included=0
neurons (num_inputs, activation_function, activation_steepness)=(0, 0, 0.00000000000000000000e+00) (0, 0, 0.00000000000000000000e+00) (0, 0, 0.00000000000000000000e+00) (0, 0, 0.00000000000000000000e+00) (0, 0, 0.00000000000000000000e+00) (0, 0, 0.00000000000000000000e+00) (0, 0, 0.00000000000000000000e+00) (0, 0, 0.00000000000000000000e+00) (0, 0, 0.00000000000000000000e+00) (9, 6, 5.00000000000000000000e-01) (9, 6, 5.00000000000000000000e-01) (9, 6, 5.00000000000000000000e-01) (0, 6, 0.00000000000000000000e+00) (4, 4, 5.00000000000000000000e-01) (0, 4, 0.00000000000000000000e+00) 
connections (connected_to_neuron, weight)=(0, -3.63802687205373898038e-01) (1, 1.92892503610383081458e+00) (2, 1.31155818726382933370e-01) (3, 8.22174867149850774339e-01) (4, 9.16979261560300767941e-02) (5, 1.39971307804285816090e+00) (6, -6.81188083014841461171e-01) (7, 5.25084476719833159741e-02) (8, -4.55114027184096714418e-01) (0, 1.30976313683796119491e+00) (1, -2.80724771359269453797e+00) (2, -4.20799365768280031475e-01) (3, -8.19495063809997037474e-01) (4, -7.02185701055004551918e-01) (5, -1.72666154622515999328e+00) (6, 3.22173878916402900430e+00) (7, -1.22906570186601227235e+00) (8, 2.14418552180586097222e+00) (0, 1.94611445034885616190e-01) (1, -4.76384705185914358871e-01) (2, 9.13785177105480572735e-02) (3, -1.60934142047132366926e+00) (4, -6.44419594571301601604e-02) (5, -1.05054933118131987868e+00) (6, 5.61000664957199246530e-01) (7, 2.86761334593904959611e-01) (8, 2.30616077746296110895e-01) (9, 4.16657729402685816922e+00) (10, -1.00918958330606791662e+01) (11, -1.42958823357680309130e+00) (12, -9.69637171737490533019e-01) 
