FANN_FLO_2.1
num_layers=3
learning_rate=0.700000
connection_rate=1.000000
network_type=0
learning_momentum=0.000000
training_algorithm=2
train_error_function=1
train_stop_function=1
cascade_output_change_fraction=0.010000
quickprop_decay=-0.000100
quickprop_mu=1.750000
rprop_increase_factor=1.200000
rprop_decrease_factor=0.500000
rprop_delta_min=0.000000
rprop_delta_max=50.000000
rprop_delta_zero=0.100000
cascade_output_stagnation_epochs=12
cascade_candidate_change_fraction=0.010000
cascade_candidate_stagnation_epochs=12
cascade_max_out_epochs=150
cascade_min_out_epochs=50
cascade_max_cand_epochs=150
cascade_min_cand_epochs=50
cascade_num_candidate_groups=2
bit_fail_limit=1.00000000000000005551e-01
cascade_candidate_limit=1.00000000000000000000e+03
cascade_weight_multiplier=4.00000000000000022204e-01
cascade_activation_functions_count=10
cascade_activation_functions=3 5 7 8 10 11 14 15 16 17 
cascade_activation_steepnesses_count=4
cascade_activation_steepnesses=2.50000000000000000000e-01 5.00000000000000000000e-01 7.50000000000000000000e-01 1.00000000000000000000e+00 
layer_sizes=11 4 2 
scale_included=0
neurons (num_inputs, activation_function, activation_steepness)=(0, 0, 0.00000000000000000000e+00) (0, 0, 0.00000000000000000000e+00) (0, 0, 0.00000000000000000000e+00) (0, 0, 0.00000000000000000000e+00) (0, 0, 0.00000000000000000000e+00) (0, 0, 0.00000000000000000000e+00) (0, 0, 0.00000000000000000000e+00) (0, 0, 0.00000000000000000000e+00) (0, 0, 0.00000000000000000000e+00) (0, 0, 0.00000000000000000000e+00) (0, 0, 0.00000000000000000000e+00) (11, 6, 5.00000000000000000000e-01) (11, 6, 5.00000000000000000000e-01) (11, 6, 5.00000000000000000000e-01) (0, 6, 0.00000000000000000000e+00) (4, 4, 5.00000000000000000000e-01) (0, 4, 0.00000000000000000000e+00) 
connections (connected_to_neuron, weight)=(0, 9.37789868168989748654e+00) (1, -3.43732341237430594205e+00) (2, -1.29021766811338811642e+00) (3, -3.10581708439724213378e+00) (4, 3.58757760991722074451e+00) (5, -1.58256765097334062276e+00) (6, -2.58991545946576184889e+00) (7, -1.92769162459141996102e+00) (8, 1.23243435222702135690e+00) (9, -3.07698198371594378031e+00) (10, 3.77119285752095922959e+00) (0, 1.06049416547116504006e+00) (1, -5.13917321150667225083e-02) (2, -9.36678816896386767787e-01) (3, -4.97009751910085714743e-02) (4, 5.13290723155366210295e-02) (5, -2.81279452240357041859e+00) (6, -7.45918130158253617212e-02) (7, -4.08705181873494749478e-01) (8, -3.77931486844597860908e-02) (9, -1.81228196596895513304e-02) (10, 9.29058695143371693348e-01) (0, -1.72654586853548352998e+00) (1, 1.46409121445348944235e+00) (2, 1.95379538954343834334e+00) (3, 1.01390718768175402964e-01) (4, -7.80464635977086484964e-01) (5, 4.56398141675087387625e+00) (6, 4.97127003118688914896e+00) (7, 8.99896646817222811698e-01) (8, -1.00300423686012663005e-01) (9, 1.38952723966235397457e-01) (10, -3.89843643353028346255e+00) (11, -5.08132860387421700921e+01) (12, -3.54248424597103706013e-01) (13, 3.91292199111941130241e+01) (14, -4.40233827837600344424e+00) 
