FANN_FLO_2.1
num_layers=3
learning_rate=0.700000
connection_rate=1.000000
network_type=0
learning_momentum=0.000000
training_algorithm=2
train_error_function=1
train_stop_function=1
cascade_output_change_fraction=0.010000
quickprop_decay=-0.000100
quickprop_mu=1.750000
rprop_increase_factor=1.200000
rprop_decrease_factor=0.500000
rprop_delta_min=0.000000
rprop_delta_max=50.000000
rprop_delta_zero=0.100000
cascade_output_stagnation_epochs=12
cascade_candidate_change_fraction=0.010000
cascade_candidate_stagnation_epochs=12
cascade_max_out_epochs=150
cascade_min_out_epochs=50
cascade_max_cand_epochs=150
cascade_min_cand_epochs=50
cascade_num_candidate_groups=2
bit_fail_limit=1.00000000000000005551e-01
cascade_candidate_limit=1.00000000000000000000e+03
cascade_weight_multiplier=4.00000000000000022204e-01
cascade_activation_functions_count=10
cascade_activation_functions=3 5 7 8 10 11 14 15 16 17 
cascade_activation_steepnesses_count=4
cascade_activation_steepnesses=2.50000000000000000000e-01 5.00000000000000000000e-01 7.50000000000000000000e-01 1.00000000000000000000e+00 
layer_sizes=9 4 2 
scale_included=0
neurons (num_inputs, activation_function, activation_steepness)=(0, 0, 0.00000000000000000000e+00) (0, 0, 0.00000000000000000000e+00) (0, 0, 0.00000000000000000000e+00) (0, 0, 0.00000000000000000000e+00) (0, 0, 0.00000000000000000000e+00) (0, 0, 0.00000000000000000000e+00) (0, 0, 0.00000000000000000000e+00) (0, 0, 0.00000000000000000000e+00) (0, 0, 0.00000000000000000000e+00) (9, 6, 5.00000000000000000000e-01) (9, 6, 5.00000000000000000000e-01) (9, 6, 5.00000000000000000000e-01) (0, 6, 0.00000000000000000000e+00) (4, 4, 5.00000000000000000000e-01) (0, 4, 0.00000000000000000000e+00) 
connections (connected_to_neuron, weight)=(0, -5.04415145703877065841e+00) (1, 3.19099056493058785833e+00) (2, 1.99782572518365442171e+00) (3, 2.31824044031475429151e+00) (4, -2.04278451998980842275e-02) (5, 1.03001474952894134240e+00) (6, 9.82417728664454537046e-01) (7, -1.45177051699365655679e+00) (8, -3.30974661841448059008e+00) (0, -2.95205307348404977219e+00) (1, 3.03903187583699807561e+00) (2, 2.05271902786073034974e+00) (3, 2.31292897728656177136e+00) (4, -7.60008767702348264628e-01) (5, 1.06101234621005935388e+00) (6, 1.14481773591237945276e+00) (7, -1.62296916073764818655e+00) (8, -2.88906743719016256833e+00) (0, -9.27453153396010421261e-01) (1, 8.06551010505763388281e-01) (2, 1.24243716139146020971e+00) (3, 1.25376233935900915917e+00) (4, 1.86381462010727638745e-01) (5, 5.01780298155012904893e-01) (6, 3.75139289152089050461e-01) (7, -3.96780810270415257301e-02) (8, -4.11483866681942145327e-01) (9, 3.67799543646468629632e+00) (10, 5.32447818602671141264e+00) (11, 2.08339773141727302441e-01) (12, -2.04469903573286249099e+00) 
