FANN_FLO_2.1
num_layers=3
learning_rate=0.700000
connection_rate=1.000000
network_type=0
learning_momentum=0.000000
training_algorithm=2
train_error_function=1
train_stop_function=1
cascade_output_change_fraction=0.010000
quickprop_decay=-0.000100
quickprop_mu=1.750000
rprop_increase_factor=1.200000
rprop_decrease_factor=0.500000
rprop_delta_min=0.000000
rprop_delta_max=50.000000
rprop_delta_zero=0.100000
cascade_output_stagnation_epochs=12
cascade_candidate_change_fraction=0.010000
cascade_candidate_stagnation_epochs=12
cascade_max_out_epochs=150
cascade_min_out_epochs=50
cascade_max_cand_epochs=150
cascade_min_cand_epochs=50
cascade_num_candidate_groups=2
bit_fail_limit=1.00000000000000005551e-01
cascade_candidate_limit=1.00000000000000000000e+03
cascade_weight_multiplier=4.00000000000000022204e-01
cascade_activation_functions_count=10
cascade_activation_functions=3 5 7 8 10 11 14 15 16 17 
cascade_activation_steepnesses_count=4
cascade_activation_steepnesses=2.50000000000000000000e-01 5.00000000000000000000e-01 7.50000000000000000000e-01 1.00000000000000000000e+00 
layer_sizes=9 4 2 
scale_included=0
neurons (num_inputs, activation_function, activation_steepness)=(0, 0, 0.00000000000000000000e+00) (0, 0, 0.00000000000000000000e+00) (0, 0, 0.00000000000000000000e+00) (0, 0, 0.00000000000000000000e+00) (0, 0, 0.00000000000000000000e+00) (0, 0, 0.00000000000000000000e+00) (0, 0, 0.00000000000000000000e+00) (0, 0, 0.00000000000000000000e+00) (0, 0, 0.00000000000000000000e+00) (9, 6, 5.00000000000000000000e-01) (9, 6, 5.00000000000000000000e-01) (9, 6, 5.00000000000000000000e-01) (0, 6, 0.00000000000000000000e+00) (4, 4, 5.00000000000000000000e-01) (0, 4, 0.00000000000000000000e+00) 
connections (connected_to_neuron, weight)=(0, 2.30372828124154249707e+00) (1, 1.97927374067079886455e-01) (2, -1.05623699098129595342e+01) (3, -8.73829151098610257264e-01) (4, 4.39039521507342545004e-02) (5, -4.23659461010230553590e-01) (6, -4.77135884035361668154e-01) (7, 1.41937215935305549586e+00) (8, 2.11296514825510017843e+00) (0, -7.97440431194261667436e-01) (1, 5.10476975584509329309e+00) (2, -3.64026011769298829535e+00) (3, -8.30147225826893930822e-01) (4, -3.92661716202074628779e-01) (5, 3.07107427030676227719e-01) (6, 3.26756664425009113462e-01) (7, -6.32938783555130113356e-01) (8, -7.00154531686405179336e-01) (0, -1.04537806544766798122e-01) (1, 4.72917138103653034165e+00) (2, -1.00200418315666017754e+00) (3, -1.30154791926660395873e+00) (4, -3.13026495952326255789e+00) (5, -3.14247103709894615164e+00) (6, -1.40268851744171452189e+00) (7, 4.01756824542017082491e-02) (8, -9.09601673344696687318e-02) (9, -4.78806593088774334888e+00) (10, 1.20662705509077183841e+00) (11, 2.41640851492763486519e+00) (12, -4.09203132044392248190e+00) 
