FANN_FLO_2.1
num_layers=3
learning_rate=0.700000
connection_rate=1.000000
network_type=0
learning_momentum=0.000000
training_algorithm=2
train_error_function=1
train_stop_function=1
cascade_output_change_fraction=0.010000
quickprop_decay=-0.000100
quickprop_mu=1.750000
rprop_increase_factor=1.200000
rprop_decrease_factor=0.500000
rprop_delta_min=0.000000
rprop_delta_max=50.000000
rprop_delta_zero=0.100000
cascade_output_stagnation_epochs=12
cascade_candidate_change_fraction=0.010000
cascade_candidate_stagnation_epochs=12
cascade_max_out_epochs=150
cascade_min_out_epochs=50
cascade_max_cand_epochs=150
cascade_min_cand_epochs=50
cascade_num_candidate_groups=2
bit_fail_limit=1.00000000000000005551e-01
cascade_candidate_limit=1.00000000000000000000e+03
cascade_weight_multiplier=4.00000000000000022204e-01
cascade_activation_functions_count=10
cascade_activation_functions=3 5 7 8 10 11 14 15 16 17 
cascade_activation_steepnesses_count=4
cascade_activation_steepnesses=2.50000000000000000000e-01 5.00000000000000000000e-01 7.50000000000000000000e-01 1.00000000000000000000e+00 
layer_sizes=9 4 2 
scale_included=0
neurons (num_inputs, activation_function, activation_steepness)=(0, 0, 0.00000000000000000000e+00) (0, 0, 0.00000000000000000000e+00) (0, 0, 0.00000000000000000000e+00) (0, 0, 0.00000000000000000000e+00) (0, 0, 0.00000000000000000000e+00) (0, 0, 0.00000000000000000000e+00) (0, 0, 0.00000000000000000000e+00) (0, 0, 0.00000000000000000000e+00) (0, 0, 0.00000000000000000000e+00) (9, 6, 5.00000000000000000000e-01) (9, 6, 5.00000000000000000000e-01) (9, 6, 5.00000000000000000000e-01) (0, 6, 0.00000000000000000000e+00) (4, 4, 5.00000000000000000000e-01) (0, 4, 0.00000000000000000000e+00) 
connections (connected_to_neuron, weight)=(0, 3.06255989571953657347e+00) (1, -3.27481144822657554982e+00) (2, -2.07053681282653245788e+00) (3, -1.81405319407118770236e+00) (4, 2.45624578128939141664e+00) (5, 2.09757217096112924537e+00) (6, 2.56335850934868370032e+00) (7, 2.49198611955528770423e+00) (8, 1.93721520394878643501e+00) (0, -1.47653626005096083595e+00) (1, 8.60247913848151024574e-01) (2, 4.04508051377559318951e+00) (3, 7.01153790675128618659e-01) (4, -1.96179876463181662727e-01) (5, -1.39683576659924646446e-01) (6, -5.12336797105551355891e-01) (7, -4.94386545407057342860e-01) (8, -9.10771447202151362976e-02) (0, -9.17478949685266553793e-01) (1, 7.92512348144044365128e-01) (2, 6.35589797037964476800e-01) (3, 1.56344526181117915442e+00) (4, -8.21828926966261669174e-02) (5, -8.44027644177862690356e-02) (6, -2.14206029084590438005e-01) (7, -3.20458870736030076998e-01) (8, -8.68951177379080341723e-02) (9, -8.33434608005082999682e+00) (10, 6.68541570562249165555e-01) (11, 1.54539344379798793128e+00) (12, -1.38004614997752472760e+00) 
