FANN_FLO_2.1
num_layers=3
learning_rate=0.700000
connection_rate=1.000000
network_type=0
learning_momentum=0.000000
training_algorithm=2
train_error_function=1
train_stop_function=1
cascade_output_change_fraction=0.010000
quickprop_decay=-0.000100
quickprop_mu=1.750000
rprop_increase_factor=1.200000
rprop_decrease_factor=0.500000
rprop_delta_min=0.000000
rprop_delta_max=50.000000
rprop_delta_zero=0.100000
cascade_output_stagnation_epochs=12
cascade_candidate_change_fraction=0.010000
cascade_candidate_stagnation_epochs=12
cascade_max_out_epochs=150
cascade_min_out_epochs=50
cascade_max_cand_epochs=150
cascade_min_cand_epochs=50
cascade_num_candidate_groups=2
bit_fail_limit=1.00000000000000005551e-01
cascade_candidate_limit=1.00000000000000000000e+03
cascade_weight_multiplier=4.00000000000000022204e-01
cascade_activation_functions_count=10
cascade_activation_functions=3 5 7 8 10 11 14 15 16 17 
cascade_activation_steepnesses_count=4
cascade_activation_steepnesses=2.50000000000000000000e-01 5.00000000000000000000e-01 7.50000000000000000000e-01 1.00000000000000000000e+00 
layer_sizes=9 4 2 
scale_included=0
neurons (num_inputs, activation_function, activation_steepness)=(0, 0, 0.00000000000000000000e+00) (0, 0, 0.00000000000000000000e+00) (0, 0, 0.00000000000000000000e+00) (0, 0, 0.00000000000000000000e+00) (0, 0, 0.00000000000000000000e+00) (0, 0, 0.00000000000000000000e+00) (0, 0, 0.00000000000000000000e+00) (0, 0, 0.00000000000000000000e+00) (0, 0, 0.00000000000000000000e+00) (9, 6, 5.00000000000000000000e-01) (9, 6, 5.00000000000000000000e-01) (9, 6, 5.00000000000000000000e-01) (0, 6, 0.00000000000000000000e+00) (4, 4, 5.00000000000000000000e-01) (0, 4, 0.00000000000000000000e+00) 
connections (connected_to_neuron, weight)=(0, -3.19733557369309995266e+00) (1, 6.31454040065340649335e+00) (2, -4.61170256564658598286e-01) (3, 5.40455897866156526055e-02) (4, -2.88221265810884919034e-01) (5, -5.17746545478522279815e-01) (6, -8.19176843390702402736e-01) (7, -6.37276151459903572594e-01) (8, -1.55701543205925907465e+00) (0, 1.09084330562801579134e+01) (1, -3.33291444571060546664e+00) (2, 3.47244976284655804122e+00) (3, 3.70707403255288525656e+00) (4, 3.15619737904593256062e+00) (5, 3.21222546946331766193e+00) (6, 6.82290706356697107537e+00) (7, 4.37099661667860406311e+00) (8, 7.65367227323277710127e+00) (0, -3.86526439968101165334e+00) (1, -4.96201386776230879416e-01) (2, 1.59286739579131921829e+01) (3, 2.90048371829670426081e+00) (4, 2.20964677324468405928e+00) (5, 2.12382934680158408369e+00) (6, -1.59217383541945767256e+00) (7, -5.94478327324978739199e-01) (8, -3.96063000592938951883e+00) (9, 3.16740786516268402195e+00) (10, -1.55845290728274887826e+00) (11, 3.43220644820847775591e+00) (12, -1.95483083520108680275e+00) 
