FANN_FLO_2.1
num_layers=3
learning_rate=0.700000
connection_rate=1.000000
network_type=0
learning_momentum=0.000000
training_algorithm=2
train_error_function=1
train_stop_function=1
cascade_output_change_fraction=0.010000
quickprop_decay=-0.000100
quickprop_mu=1.750000
rprop_increase_factor=1.200000
rprop_decrease_factor=0.500000
rprop_delta_min=0.000000
rprop_delta_max=50.000000
rprop_delta_zero=0.100000
cascade_output_stagnation_epochs=12
cascade_candidate_change_fraction=0.010000
cascade_candidate_stagnation_epochs=12
cascade_max_out_epochs=150
cascade_min_out_epochs=50
cascade_max_cand_epochs=150
cascade_min_cand_epochs=50
cascade_num_candidate_groups=2
bit_fail_limit=1.00000000000000005551e-01
cascade_candidate_limit=1.00000000000000000000e+03
cascade_weight_multiplier=4.00000000000000022204e-01
cascade_activation_functions_count=10
cascade_activation_functions=3 5 7 8 10 11 14 15 16 17 
cascade_activation_steepnesses_count=4
cascade_activation_steepnesses=2.50000000000000000000e-01 5.00000000000000000000e-01 7.50000000000000000000e-01 1.00000000000000000000e+00 
layer_sizes=6 4 2 
scale_included=0
neurons (num_inputs, activation_function, activation_steepness)=(0, 0, 0.00000000000000000000e+00) (0, 0, 0.00000000000000000000e+00) (0, 0, 0.00000000000000000000e+00) (0, 0, 0.00000000000000000000e+00) (0, 0, 0.00000000000000000000e+00) (0, 0, 0.00000000000000000000e+00) (6, 6, 5.00000000000000000000e-01) (6, 6, 5.00000000000000000000e-01) (6, 6, 5.00000000000000000000e-01) (0, 6, 0.00000000000000000000e+00) (4, 4, 5.00000000000000000000e-01) (0, 4, 0.00000000000000000000e+00) 
connections (connected_to_neuron, weight)=(0, -1.77798562557601447232e+00) (1, 2.26551707785477196566e+00) (2, 3.99341504400015034904e+00) (3, 1.43467845572669672194e+00) (4, 2.30243421445924356661e+00) (5, -4.14750129186215410471e+00) (0, -8.07843927424554242300e-01) (1, 9.70578065475631968084e-01) (2, 7.71738347489831499892e-01) (3, 2.68922250668588214140e-01) (4, 8.41951547558492774392e-01) (5, -1.25459955143043577763e+00) (0, 6.60108466897388113104e-01) (1, -1.96982443856476030497e+00) (2, 2.06584361897030610589e-01) (3, 1.00991286613973274555e-01) (4, -1.48304637766632807505e+00) (5, 3.42668050837665660868e-01) (6, 8.08197531358296572535e+01) (7, 6.59689879710955828784e+00) (8, -5.85513129638449147940e-01) (9, -1.52567877663610351746e+00) 
