FANN_FLO_2.1
num_layers=3
learning_rate=0.700000
connection_rate=1.000000
network_type=0
learning_momentum=0.000000
training_algorithm=2
train_error_function=1
train_stop_function=1
cascade_output_change_fraction=0.010000
quickprop_decay=-0.000100
quickprop_mu=1.750000
rprop_increase_factor=1.200000
rprop_decrease_factor=0.500000
rprop_delta_min=0.000000
rprop_delta_max=50.000000
rprop_delta_zero=0.100000
cascade_output_stagnation_epochs=12
cascade_candidate_change_fraction=0.010000
cascade_candidate_stagnation_epochs=12
cascade_max_out_epochs=150
cascade_min_out_epochs=50
cascade_max_cand_epochs=150
cascade_min_cand_epochs=50
cascade_num_candidate_groups=2
bit_fail_limit=1.00000000000000005551e-01
cascade_candidate_limit=1.00000000000000000000e+03
cascade_weight_multiplier=4.00000000000000022204e-01
cascade_activation_functions_count=10
cascade_activation_functions=3 5 7 8 10 11 14 15 16 17 
cascade_activation_steepnesses_count=4
cascade_activation_steepnesses=2.50000000000000000000e-01 5.00000000000000000000e-01 7.50000000000000000000e-01 1.00000000000000000000e+00 
layer_sizes=9 4 2 
scale_included=0
neurons (num_inputs, activation_function, activation_steepness)=(0, 0, 0.00000000000000000000e+00) (0, 0, 0.00000000000000000000e+00) (0, 0, 0.00000000000000000000e+00) (0, 0, 0.00000000000000000000e+00) (0, 0, 0.00000000000000000000e+00) (0, 0, 0.00000000000000000000e+00) (0, 0, 0.00000000000000000000e+00) (0, 0, 0.00000000000000000000e+00) (0, 0, 0.00000000000000000000e+00) (9, 6, 5.00000000000000000000e-01) (9, 6, 5.00000000000000000000e-01) (9, 6, 5.00000000000000000000e-01) (0, 6, 0.00000000000000000000e+00) (4, 4, 5.00000000000000000000e-01) (0, 4, 0.00000000000000000000e+00) 
connections (connected_to_neuron, weight)=(0, -4.66418760062025672397e+00) (1, 1.81665564221177433524e+00) (2, 1.12369459472264621169e+00) (3, 1.56429281937252184775e+00) (4, -4.70973603302114351976e-01) (5, -1.17940843835639697090e+00) (6, -1.35156413152980547920e+00) (7, -1.30685454964804392830e+00) (8, -9.28640825434305261510e-01) (0, -4.60683735997246390781e+00) (1, 1.66789253693852757010e+00) (2, 1.25925932801927875637e+00) (3, 1.56440940605770251182e+00) (4, -3.47931876653306937364e-01) (5, -1.20315323010253649727e+00) (6, -1.28820234522390109078e+00) (7, -1.26116877779531222359e+00) (8, -8.66140430553533624547e-01) (0, -1.56238244829315986451e+00) (1, 5.02142472517142945954e-01) (2, 5.44771604944046194952e-01) (3, 6.97812564805946999869e-01) (4, 2.05103730135906048293e-01) (5, -9.72219170442170932400e-02) (6, -1.12971602510506613504e-01) (7, -1.97208283971840869775e-01) (8, -2.20724663268620502343e-01) (9, 7.67887055131394546947e+00) (10, 7.61672319474417847118e+00) (11, 1.67014827389982034589e+00) (12, -1.94760005285988224699e+00) 
