FANN_FLO_2.1
num_layers=3
learning_rate=0.700000
connection_rate=1.000000
network_type=0
learning_momentum=0.000000
training_algorithm=2
train_error_function=1
train_stop_function=1
cascade_output_change_fraction=0.010000
quickprop_decay=-0.000100
quickprop_mu=1.750000
rprop_increase_factor=1.200000
rprop_decrease_factor=0.500000
rprop_delta_min=0.000000
rprop_delta_max=50.000000
rprop_delta_zero=0.100000
cascade_output_stagnation_epochs=12
cascade_candidate_change_fraction=0.010000
cascade_candidate_stagnation_epochs=12
cascade_max_out_epochs=150
cascade_min_out_epochs=50
cascade_max_cand_epochs=150
cascade_min_cand_epochs=50
cascade_num_candidate_groups=2
bit_fail_limit=1.00000000000000005551e-01
cascade_candidate_limit=1.00000000000000000000e+03
cascade_weight_multiplier=4.00000000000000022204e-01
cascade_activation_functions_count=10
cascade_activation_functions=3 5 7 8 10 11 14 15 16 17 
cascade_activation_steepnesses_count=4
cascade_activation_steepnesses=2.50000000000000000000e-01 5.00000000000000000000e-01 7.50000000000000000000e-01 1.00000000000000000000e+00 
layer_sizes=16 4 2 
scale_included=0
neurons (num_inputs, activation_function, activation_steepness)=(0, 0, 0.00000000000000000000e+00) (0, 0, 0.00000000000000000000e+00) (0, 0, 0.00000000000000000000e+00) (0, 0, 0.00000000000000000000e+00) (0, 0, 0.00000000000000000000e+00) (0, 0, 0.00000000000000000000e+00) (0, 0, 0.00000000000000000000e+00) (0, 0, 0.00000000000000000000e+00) (0, 0, 0.00000000000000000000e+00) (0, 0, 0.00000000000000000000e+00) (0, 0, 0.00000000000000000000e+00) (0, 0, 0.00000000000000000000e+00) (0, 0, 0.00000000000000000000e+00) (0, 0, 0.00000000000000000000e+00) (0, 0, 0.00000000000000000000e+00) (0, 0, 0.00000000000000000000e+00) (16, 6, 5.00000000000000000000e-01) (16, 6, 5.00000000000000000000e-01) (16, 6, 5.00000000000000000000e-01) (0, 6, 0.00000000000000000000e+00) (4, 4, 5.00000000000000000000e-01) (0, 4, 0.00000000000000000000e+00) 
connections (connected_to_neuron, weight)=(0, -2.11713337376548793589e-01) (1, 2.39596780345210036423e-01) (2, -7.95405661571262800891e-01) (3, 9.51851368926518226488e+00) (4, 4.85175874886540126063e-01) (5, -2.03722510461480960098e-01) (6, -9.46793865109776255906e-01) (7, 5.30127906551309258099e-01) (8, 8.94111273538897577406e-02) (9, 1.02851715335190552203e-01) (10, 2.55863653931820811405e-01) (11, -1.68842157357086096459e-02) (12, 9.70045418454179575463e+00) (13, 3.00776179074596534957e-02) (14, -1.58749060405123459949e-01) (15, -2.11146024272549093226e+00) (0, 2.65163423128112052396e+00) (1, -7.39384525616140741988e+00) (2, 2.06840715101215444349e+00) (3, -2.85936488743581396221e+00) (4, 1.63710568702424397181e+00) (5, 2.21191278224487986037e+00) (6, -1.04998537220388072910e+01) (7, 1.83247272795553861613e+00) (8, 1.18978178887502061833e+00) (9, 8.57490547451940310353e-01) (10, 1.57628721952231853898e+00) (11, 2.55951676115535375899e+00) (12, -2.05734982823845991007e+00) (13, 8.89900714609590304249e-01) (14, -3.36787360391703716189e+00) (15, 5.68228191207626043280e+00) (0, -5.04591854744275147837e-01) (1, 1.36416374623097924612e+00) (2, 3.93240156873056490028e+00) (3, 2.06758552833511619062e-02) (4, -2.85087409080256759530e-01) (5, -1.37163667283068668734e-01) (6, 2.80838586353276242757e-01) (7, -2.58967310296440322848e-01) (8, -5.45404606371645284124e-03) (9, -5.64611233496778996965e-01) (10, 4.31359857400406832006e-04) (11, -1.56129313882712894568e-01) (12, 3.04300366019973900222e-02) (13, -3.72889948418860917023e-01) (14, -7.98170577384835988610e-01) (15, -1.68578241751316459940e+00) (16, 6.83447320212913567161e+00) (17, -4.36313324957776504931e+00) (18, 5.86652904135664954310e+00) (19, -1.50345602480740025975e+00) 
