FANN_FLO_2.1
num_layers=3
learning_rate=0.700000
connection_rate=1.000000
network_type=0
learning_momentum=0.000000
training_algorithm=2
train_error_function=1
train_stop_function=1
cascade_output_change_fraction=0.010000
quickprop_decay=-0.000100
quickprop_mu=1.750000
rprop_increase_factor=1.200000
rprop_decrease_factor=0.500000
rprop_delta_min=0.000000
rprop_delta_max=50.000000
rprop_delta_zero=0.100000
cascade_output_stagnation_epochs=12
cascade_candidate_change_fraction=0.010000
cascade_candidate_stagnation_epochs=12
cascade_max_out_epochs=150
cascade_min_out_epochs=50
cascade_max_cand_epochs=150
cascade_min_cand_epochs=50
cascade_num_candidate_groups=2
bit_fail_limit=1.00000000000000005551e-01
cascade_candidate_limit=1.00000000000000000000e+03
cascade_weight_multiplier=4.00000000000000022204e-01
cascade_activation_functions_count=10
cascade_activation_functions=3 5 7 8 10 11 14 15 16 17 
cascade_activation_steepnesses_count=4
cascade_activation_steepnesses=2.50000000000000000000e-01 5.00000000000000000000e-01 7.50000000000000000000e-01 1.00000000000000000000e+00 
layer_sizes=9 4 2 
scale_included=0
neurons (num_inputs, activation_function, activation_steepness)=(0, 0, 0.00000000000000000000e+00) (0, 0, 0.00000000000000000000e+00) (0, 0, 0.00000000000000000000e+00) (0, 0, 0.00000000000000000000e+00) (0, 0, 0.00000000000000000000e+00) (0, 0, 0.00000000000000000000e+00) (0, 0, 0.00000000000000000000e+00) (0, 0, 0.00000000000000000000e+00) (0, 0, 0.00000000000000000000e+00) (9, 6, 5.00000000000000000000e-01) (9, 6, 5.00000000000000000000e-01) (9, 6, 5.00000000000000000000e-01) (0, 6, 0.00000000000000000000e+00) (4, 4, 5.00000000000000000000e-01) (0, 4, 0.00000000000000000000e+00) 
connections (connected_to_neuron, weight)=(0, -3.09331165377457528720e-01) (1, 1.98898628232260943349e+00) (2, -2.35128825281222142429e-01) (3, 4.87109721071991463859e-01) (4, 1.22261426611492707295e+00) (5, -6.54031094339262986104e-01) (6, -7.48274438484099885249e-02) (7, 1.35714383436987473530e+00) (8, -3.50574297581274951785e-01) (0, 8.53336498442262558761e-01) (1, -1.03640494093939028453e+00) (2, -4.12528385037580214156e-01) (3, -6.02100935585163865582e-01) (4, -1.25982752864621860844e+00) (5, 1.07538778052393824147e+00) (6, -4.47358612531820021285e-01) (7, -7.25915505732593668853e-01) (8, 9.08338226018916339299e-01) (0, 1.67633262078121747507e+00) (1, -3.43576205557194569451e+00) (2, -5.94101089704438201089e-01) (3, -8.23149002832935905438e-01) (4, -3.01076344699985432030e+00) (5, 3.08418779526393338486e+00) (6, -3.08106966857285557992e-01) (7, -1.48750552794909918219e+00) (8, 2.42734083485807206060e+00) (9, 8.14612722225464769288e-01) (10, -1.57532768722956162399e+00) (11, -8.76524573816949192917e+00) (12, -1.11683483959155505083e+00) 
