FANN_FLO_2.1
num_layers=3
learning_rate=0.700000
connection_rate=1.000000
network_type=0
learning_momentum=0.000000
training_algorithm=2
train_error_function=1
train_stop_function=1
cascade_output_change_fraction=0.010000
quickprop_decay=-0.000100
quickprop_mu=1.750000
rprop_increase_factor=1.200000
rprop_decrease_factor=0.500000
rprop_delta_min=0.000000
rprop_delta_max=50.000000
rprop_delta_zero=0.100000
cascade_output_stagnation_epochs=12
cascade_candidate_change_fraction=0.010000
cascade_candidate_stagnation_epochs=12
cascade_max_out_epochs=150
cascade_min_out_epochs=50
cascade_max_cand_epochs=150
cascade_min_cand_epochs=50
cascade_num_candidate_groups=2
bit_fail_limit=1.00000000000000005551e-01
cascade_candidate_limit=1.00000000000000000000e+03
cascade_weight_multiplier=4.00000000000000022204e-01
cascade_activation_functions_count=10
cascade_activation_functions=3 5 7 8 10 11 14 15 16 17 
cascade_activation_steepnesses_count=4
cascade_activation_steepnesses=2.50000000000000000000e-01 5.00000000000000000000e-01 7.50000000000000000000e-01 1.00000000000000000000e+00 
layer_sizes=11 4 2 
scale_included=0
neurons (num_inputs, activation_function, activation_steepness)=(0, 0, 0.00000000000000000000e+00) (0, 0, 0.00000000000000000000e+00) (0, 0, 0.00000000000000000000e+00) (0, 0, 0.00000000000000000000e+00) (0, 0, 0.00000000000000000000e+00) (0, 0, 0.00000000000000000000e+00) (0, 0, 0.00000000000000000000e+00) (0, 0, 0.00000000000000000000e+00) (0, 0, 0.00000000000000000000e+00) (0, 0, 0.00000000000000000000e+00) (0, 0, 0.00000000000000000000e+00) (11, 6, 5.00000000000000000000e-01) (11, 6, 5.00000000000000000000e-01) (11, 6, 5.00000000000000000000e-01) (0, 6, 0.00000000000000000000e+00) (4, 4, 5.00000000000000000000e-01) (0, 4, 0.00000000000000000000e+00) 
connections (connected_to_neuron, weight)=(0, -6.07586721575420529717e+00) (1, 3.41842222122034478105e+00) (2, 2.32123379309018496031e+00) (3, 1.41370584943158267288e-01) (4, -5.05095734913189930992e-01) (5, 2.28294417430937679470e+00) (6, 3.21565510647859120752e+00) (7, 6.64188611886104673943e-01) (8, -5.26771691061104996301e-01) (9, 7.49463432160223375078e-02) (10, -4.80077379428808459494e+00) (0, 9.08541609055784071813e+00) (1, -3.40577781138728674648e+00) (2, -1.94487998103571824160e+00) (3, -1.86729743437618544988e+00) (4, 1.70570006814518571048e+00) (5, -2.27374360962347799031e+00) (6, -2.35977846297817883681e+00) (7, -1.17975507520420030971e+00) (8, -2.01319898710838307565e+00) (9, -3.99312020015726343303e+00) (10, 4.72025098487871552777e+00) (0, 7.68476232884049803573e+00) (1, -3.09850421978715218074e+00) (2, -1.92878873307567300088e+00) (3, -1.81341689431599784044e+00) (4, 1.54875635838829128765e+00) (5, -3.05615191361443327978e+00) (6, -3.20534170256913952812e+00) (7, -3.93640714763301735601e+00) (8, -1.50613827894690865961e+00) (9, 4.31323848726495429062e-01) (10, 4.04270442931184081914e+00) (11, 1.66304921288494938381e+02) (12, -6.41832426243151044076e+00) (13, -1.59134043721699880436e+00) (14, -1.07892697993812469726e+00) 
