FANN_FLO_2.1
num_layers=3
learning_rate=0.700000
connection_rate=1.000000
network_type=0
learning_momentum=0.000000
training_algorithm=2
train_error_function=1
train_stop_function=1
cascade_output_change_fraction=0.010000
quickprop_decay=-0.000100
quickprop_mu=1.750000
rprop_increase_factor=1.200000
rprop_decrease_factor=0.500000
rprop_delta_min=0.000000
rprop_delta_max=50.000000
rprop_delta_zero=0.100000
cascade_output_stagnation_epochs=12
cascade_candidate_change_fraction=0.010000
cascade_candidate_stagnation_epochs=12
cascade_max_out_epochs=150
cascade_min_out_epochs=50
cascade_max_cand_epochs=150
cascade_min_cand_epochs=50
cascade_num_candidate_groups=2
bit_fail_limit=1.00000000000000005551e-01
cascade_candidate_limit=1.00000000000000000000e+03
cascade_weight_multiplier=4.00000000000000022204e-01
cascade_activation_functions_count=10
cascade_activation_functions=3 5 7 8 10 11 14 15 16 17 
cascade_activation_steepnesses_count=4
cascade_activation_steepnesses=2.50000000000000000000e-01 5.00000000000000000000e-01 7.50000000000000000000e-01 1.00000000000000000000e+00 
layer_sizes=9 4 2 
scale_included=0
neurons (num_inputs, activation_function, activation_steepness)=(0, 0, 0.00000000000000000000e+00) (0, 0, 0.00000000000000000000e+00) (0, 0, 0.00000000000000000000e+00) (0, 0, 0.00000000000000000000e+00) (0, 0, 0.00000000000000000000e+00) (0, 0, 0.00000000000000000000e+00) (0, 0, 0.00000000000000000000e+00) (0, 0, 0.00000000000000000000e+00) (0, 0, 0.00000000000000000000e+00) (9, 6, 5.00000000000000000000e-01) (9, 6, 5.00000000000000000000e-01) (9, 6, 5.00000000000000000000e-01) (0, 6, 0.00000000000000000000e+00) (4, 4, 5.00000000000000000000e-01) (0, 4, 0.00000000000000000000e+00) 
connections (connected_to_neuron, weight)=(0, -1.73413979825089903386e+00) (1, 6.33621397075196490789e-01) (2, 1.10568764062555030536e-01) (3, -3.78032514671816533003e-01) (4, 6.51864593668170178020e-01) (5, -1.14121161212006461128e+00) (6, 1.41479865836957263703e-01) (7, -2.50450803609089667212e-01) (8, -9.05897771336073576176e-02) (0, -8.80891479517400766142e-01) (1, 1.50584639987568635888e+00) (2, 1.84595360851565498672e-01) (3, -3.78329288334435798191e-01) (4, 1.53128148175174461088e+00) (5, -2.81885831006429388168e+00) (6, 8.35522430749123801164e-02) (7, -3.25674184012725409509e-01) (8, -3.62312428176864431695e-01) (0, -9.36704166199148091643e-01) (1, 1.56709430000405092187e+00) (2, 2.31899748987237114273e-01) (3, -3.47102869422025006596e-01) (4, 1.39325186170036063871e+00) (5, -2.80705495872161581161e+00) (6, 1.91214110567028416909e-03) (7, -4.11097921777083930017e-01) (8, -3.15823383152946279839e-01) (9, 2.86287198404533693719e+00) (10, 7.14042307190304192943e+00) (11, 7.16276782504921349926e+00) (12, -4.46833466843691906600e-01) 
