FANN_FLO_2.1
num_layers=3
learning_rate=0.700000
connection_rate=1.000000
network_type=0
learning_momentum=0.000000
training_algorithm=2
train_error_function=1
train_stop_function=1
cascade_output_change_fraction=0.010000
quickprop_decay=-0.000100
quickprop_mu=1.750000
rprop_increase_factor=1.200000
rprop_decrease_factor=0.500000
rprop_delta_min=0.000000
rprop_delta_max=50.000000
rprop_delta_zero=0.100000
cascade_output_stagnation_epochs=12
cascade_candidate_change_fraction=0.010000
cascade_candidate_stagnation_epochs=12
cascade_max_out_epochs=150
cascade_min_out_epochs=50
cascade_max_cand_epochs=150
cascade_min_cand_epochs=50
cascade_num_candidate_groups=2
bit_fail_limit=1.00000000000000005551e-01
cascade_candidate_limit=1.00000000000000000000e+03
cascade_weight_multiplier=4.00000000000000022204e-01
cascade_activation_functions_count=10
cascade_activation_functions=3 5 7 8 10 11 14 15 16 17 
cascade_activation_steepnesses_count=4
cascade_activation_steepnesses=2.50000000000000000000e-01 5.00000000000000000000e-01 7.50000000000000000000e-01 1.00000000000000000000e+00 
layer_sizes=16 4 2 
scale_included=0
neurons (num_inputs, activation_function, activation_steepness)=(0, 0, 0.00000000000000000000e+00) (0, 0, 0.00000000000000000000e+00) (0, 0, 0.00000000000000000000e+00) (0, 0, 0.00000000000000000000e+00) (0, 0, 0.00000000000000000000e+00) (0, 0, 0.00000000000000000000e+00) (0, 0, 0.00000000000000000000e+00) (0, 0, 0.00000000000000000000e+00) (0, 0, 0.00000000000000000000e+00) (0, 0, 0.00000000000000000000e+00) (0, 0, 0.00000000000000000000e+00) (0, 0, 0.00000000000000000000e+00) (0, 0, 0.00000000000000000000e+00) (0, 0, 0.00000000000000000000e+00) (0, 0, 0.00000000000000000000e+00) (0, 0, 0.00000000000000000000e+00) (16, 6, 5.00000000000000000000e-01) (16, 6, 5.00000000000000000000e-01) (16, 6, 5.00000000000000000000e-01) (0, 6, 0.00000000000000000000e+00) (4, 4, 5.00000000000000000000e-01) (0, 4, 0.00000000000000000000e+00) 
connections (connected_to_neuron, weight)=(0, 5.04942921875113137631e-01) (1, -5.88784389707621702570e-02) (2, 5.75112236540483434677e-02) (3, -7.76893419086413494767e+00) (4, 1.19061181759813861092e+00) (5, 5.71086641573715914078e-01) (6, 4.92075014016382983328e-01) (7, -7.80925662012044874416e+00) (8, 7.05964292961131834048e-01) (9, 1.17352259996790153629e+00) (10, 5.91072057875543954708e-01) (11, 5.80610338698395844759e-01) (12, 4.30393870889175522709e-01) (13, 5.28580205894196408778e-01) (14, 3.91538895491208738253e-01) (15, 1.36084852161074443266e+00) (0, -6.37579868745395739182e-01) (1, 3.70729804346817859440e+00) (2, 7.55226526753312565887e+00) (3, -6.24951237530386505270e-01) (4, -8.25578762338680216537e-01) (5, -5.31157477122344845455e-01) (6, 2.87652679895286755851e+00) (7, -1.72722472888048067530e-01) (8, -1.05579000212245865953e+00) (9, 6.91836849920969054750e+00) (10, -6.74068862692636439071e-01) (11, 1.68397897659090106659e-01) (12, 2.05783943783428374674e-01) (13, 8.47884358747272443013e-02) (14, -3.46602389104130270692e-01) (15, -2.98225567884745013103e+00) (0, 1.22953305384759903340e+00) (1, -4.69108227798755539339e+00) (2, -1.03795482986001363912e+00) (3, -2.85687951594519429221e+00) (4, -2.64340398275025556529e+00) (5, -2.63469171148190373088e+00) (6, -8.90020516674048245420e-01) (7, -2.75899477737496967578e+00) (8, -3.61271128939442665029e+00) (9, -3.45174110205002060425e+00) (10, -1.73094067225144665478e+00) (11, -8.42124729677857453147e-01) (12, -8.19030973726471933638e-01) (13, -8.56728548794634336971e-01) (14, -4.56383251945414514239e-01) (15, 6.73350470962702196687e+00) (16, -8.66334209673238397897e+00) (17, 5.69426955337241835764e+00) (18, -6.55321570154685950627e+00) (19, -2.22669237656106444589e+00) 
