FANN_FLO_2.1
num_layers=3
learning_rate=0.700000
connection_rate=1.000000
network_type=0
learning_momentum=0.000000
training_algorithm=2
train_error_function=1
train_stop_function=1
cascade_output_change_fraction=0.010000
quickprop_decay=-0.000100
quickprop_mu=1.750000
rprop_increase_factor=1.200000
rprop_decrease_factor=0.500000
rprop_delta_min=0.000000
rprop_delta_max=50.000000
rprop_delta_zero=0.100000
cascade_output_stagnation_epochs=12
cascade_candidate_change_fraction=0.010000
cascade_candidate_stagnation_epochs=12
cascade_max_out_epochs=150
cascade_min_out_epochs=50
cascade_max_cand_epochs=150
cascade_min_cand_epochs=50
cascade_num_candidate_groups=2
bit_fail_limit=1.00000000000000005551e-01
cascade_candidate_limit=1.00000000000000000000e+03
cascade_weight_multiplier=4.00000000000000022204e-01
cascade_activation_functions_count=10
cascade_activation_functions=3 5 7 8 10 11 14 15 16 17 
cascade_activation_steepnesses_count=4
cascade_activation_steepnesses=2.50000000000000000000e-01 5.00000000000000000000e-01 7.50000000000000000000e-01 1.00000000000000000000e+00 
layer_sizes=9 4 2 
scale_included=0
neurons (num_inputs, activation_function, activation_steepness)=(0, 0, 0.00000000000000000000e+00) (0, 0, 0.00000000000000000000e+00) (0, 0, 0.00000000000000000000e+00) (0, 0, 0.00000000000000000000e+00) (0, 0, 0.00000000000000000000e+00) (0, 0, 0.00000000000000000000e+00) (0, 0, 0.00000000000000000000e+00) (0, 0, 0.00000000000000000000e+00) (0, 0, 0.00000000000000000000e+00) (9, 6, 5.00000000000000000000e-01) (9, 6, 5.00000000000000000000e-01) (9, 6, 5.00000000000000000000e-01) (0, 6, 0.00000000000000000000e+00) (4, 4, 5.00000000000000000000e-01) (0, 4, 0.00000000000000000000e+00) 
connections (connected_to_neuron, weight)=(0, -1.66306242183960240055e+00) (1, 2.34859250804162034143e+00) (2, 1.06815583166462862996e-02) (3, -3.07048793825854759998e-01) (4, 1.52671285436850290296e+00) (5, -3.62302019082924786630e+00) (6, 3.00431064779555889732e-01) (7, 1.16548538935943024608e-02) (8, -7.62137627195509370637e-01) (0, -4.86402742815410127353e-01) (1, 3.06627182247958374184e-01) (2, 4.39756745381939539996e-02) (3, -5.95880395219254704875e-02) (4, 8.67046687451608955044e-01) (5, -3.67518641305362214755e-01) (6, 2.34377073612192121654e-01) (7, 4.93035847230541834918e-02) (8, -2.49195575782610923010e-01) (0, -1.73010086850441258122e+00) (1, 2.33378924747681626428e+00) (2, 1.99540521865783415656e-01) (3, -2.52136882338275414295e-01) (4, 1.44338830278616647718e+00) (5, -3.55811360859295788828e+00) (6, 4.55176025147235485679e-01) (7, -2.29800446305797601010e-01) (8, -7.68362773548754152131e-01) (9, 5.90470404913153323889e+00) (10, 6.18843117538036557868e-01) (11, 5.88747210790838870764e+00) (12, -4.19602860464404758822e-01) 
