FANN_FLO_2.1
num_layers=3
learning_rate=0.700000
connection_rate=1.000000
network_type=0
learning_momentum=0.000000
training_algorithm=2
train_error_function=1
train_stop_function=1
cascade_output_change_fraction=0.010000
quickprop_decay=-0.000100
quickprop_mu=1.750000
rprop_increase_factor=1.200000
rprop_decrease_factor=0.500000
rprop_delta_min=0.000000
rprop_delta_max=50.000000
rprop_delta_zero=0.100000
cascade_output_stagnation_epochs=12
cascade_candidate_change_fraction=0.010000
cascade_candidate_stagnation_epochs=12
cascade_max_out_epochs=150
cascade_min_out_epochs=50
cascade_max_cand_epochs=150
cascade_min_cand_epochs=50
cascade_num_candidate_groups=2
bit_fail_limit=1.00000000000000005551e-01
cascade_candidate_limit=1.00000000000000000000e+03
cascade_weight_multiplier=4.00000000000000022204e-01
cascade_activation_functions_count=10
cascade_activation_functions=3 5 7 8 10 11 14 15 16 17 
cascade_activation_steepnesses_count=4
cascade_activation_steepnesses=2.50000000000000000000e-01 5.00000000000000000000e-01 7.50000000000000000000e-01 1.00000000000000000000e+00 
layer_sizes=9 4 2 
scale_included=0
neurons (num_inputs, activation_function, activation_steepness)=(0, 0, 0.00000000000000000000e+00) (0, 0, 0.00000000000000000000e+00) (0, 0, 0.00000000000000000000e+00) (0, 0, 0.00000000000000000000e+00) (0, 0, 0.00000000000000000000e+00) (0, 0, 0.00000000000000000000e+00) (0, 0, 0.00000000000000000000e+00) (0, 0, 0.00000000000000000000e+00) (0, 0, 0.00000000000000000000e+00) (9, 6, 5.00000000000000000000e-01) (9, 6, 5.00000000000000000000e-01) (9, 6, 5.00000000000000000000e-01) (0, 6, 0.00000000000000000000e+00) (4, 4, 5.00000000000000000000e-01) (0, 4, 0.00000000000000000000e+00) 
connections (connected_to_neuron, weight)=(0, 1.50283723443997785374e+00) (1, -2.20122687328788968486e+00) (2, -6.94768330162531699834e-01) (3, -1.94088655553517619445e-01) (4, -2.46782629179548074205e+00) (5, 2.51818174574136621757e+00) (6, -8.49652191704279857731e-01) (7, -1.12480581901410037204e+00) (8, 1.88819712169493070242e+00) (0, 3.54120552166256735704e-02) (1, 3.94234115491833680966e-01) (2, 3.40944183649962706539e-01) (3, 1.55310943341752577540e-01) (4, 6.70700903025418737613e-01) (5, -1.03216789980446633362e-02) (6, 5.16720171341897849260e-01) (7, 1.08255927847717581258e+00) (8, 6.46248727663311789415e-02) (0, -9.80424912945704662981e-01) (1, 2.65028499487867241768e+00) (2, 4.10384646323093127407e-01) (3, 4.36274099294225448098e-01) (4, 2.12934775282648036665e+00) (5, -1.60596706327296634420e+00) (6, 3.77218789127239051417e-01) (7, 1.42179095513964126596e+00) (8, -1.20745088696383851001e+00) (9, -5.17744864036593810397e+00) (10, 1.58102188635022122831e-01) (11, 5.29149186764412071682e+00) (12, -1.01095447245788894186e+00) 
