FANN_FLO_2.1
num_layers=3
learning_rate=0.700000
connection_rate=1.000000
network_type=0
learning_momentum=0.000000
training_algorithm=2
train_error_function=1
train_stop_function=1
cascade_output_change_fraction=0.010000
quickprop_decay=-0.000100
quickprop_mu=1.750000
rprop_increase_factor=1.200000
rprop_decrease_factor=0.500000
rprop_delta_min=0.000000
rprop_delta_max=50.000000
rprop_delta_zero=0.100000
cascade_output_stagnation_epochs=12
cascade_candidate_change_fraction=0.010000
cascade_candidate_stagnation_epochs=12
cascade_max_out_epochs=150
cascade_min_out_epochs=50
cascade_max_cand_epochs=150
cascade_min_cand_epochs=50
cascade_num_candidate_groups=2
bit_fail_limit=1.00000000000000005551e-01
cascade_candidate_limit=1.00000000000000000000e+03
cascade_weight_multiplier=4.00000000000000022204e-01
cascade_activation_functions_count=10
cascade_activation_functions=3 5 7 8 10 11 14 15 16 17 
cascade_activation_steepnesses_count=4
cascade_activation_steepnesses=2.50000000000000000000e-01 5.00000000000000000000e-01 7.50000000000000000000e-01 1.00000000000000000000e+00 
layer_sizes=6 4 2 
scale_included=0
neurons (num_inputs, activation_function, activation_steepness)=(0, 0, 0.00000000000000000000e+00) (0, 0, 0.00000000000000000000e+00) (0, 0, 0.00000000000000000000e+00) (0, 0, 0.00000000000000000000e+00) (0, 0, 0.00000000000000000000e+00) (0, 0, 0.00000000000000000000e+00) (6, 6, 5.00000000000000000000e-01) (6, 6, 5.00000000000000000000e-01) (6, 6, 5.00000000000000000000e-01) (0, 6, 0.00000000000000000000e+00) (4, 4, 5.00000000000000000000e-01) (0, 4, 0.00000000000000000000e+00) 
connections (connected_to_neuron, weight)=(0, 4.30306078967524729961e+00) (1, 2.53876948128928381365e+00) (2, 2.19645096263729833197e+00) (3, 6.59111887368341253790e-01) (4, -5.49978557557977199011e-01) (5, -3.72978894875403499398e+00) (0, -2.54077085711656602829e-01) (1, -3.52979526740160709508e+00) (2, 4.52261409836007377550e+00) (3, 1.56248430099898372170e+00) (4, 2.00824761573673127302e+00) (5, -3.73090186357912712012e+00) (0, 2.74697676641248866858e+00) (1, 9.11902361881050227410e-01) (2, 2.59019944564823889621e+00) (3, 8.71194689648310149899e-01) (4, 3.97126864208863714079e-02) (5, -3.80480515723823931040e+00) (6, 4.32785097592948844181e+01) (7, 1.37559272033127921731e+01) (8, 2.49921350123839935975e+00) (9, -4.36210208890601691678e-01) 
