FANN_FLO_2.1
num_layers=3
learning_rate=0.700000
connection_rate=1.000000
network_type=0
learning_momentum=0.000000
training_algorithm=2
train_error_function=1
train_stop_function=1
cascade_output_change_fraction=0.010000
quickprop_decay=-0.000100
quickprop_mu=1.750000
rprop_increase_factor=1.200000
rprop_decrease_factor=0.500000
rprop_delta_min=0.000000
rprop_delta_max=50.000000
rprop_delta_zero=0.100000
cascade_output_stagnation_epochs=12
cascade_candidate_change_fraction=0.010000
cascade_candidate_stagnation_epochs=12
cascade_max_out_epochs=150
cascade_min_out_epochs=50
cascade_max_cand_epochs=150
cascade_min_cand_epochs=50
cascade_num_candidate_groups=2
bit_fail_limit=1.00000000000000005551e-01
cascade_candidate_limit=1.00000000000000000000e+03
cascade_weight_multiplier=4.00000000000000022204e-01
cascade_activation_functions_count=10
cascade_activation_functions=3 5 7 8 10 11 14 15 16 17 
cascade_activation_steepnesses_count=4
cascade_activation_steepnesses=2.50000000000000000000e-01 5.00000000000000000000e-01 7.50000000000000000000e-01 1.00000000000000000000e+00 
layer_sizes=16 4 2 
scale_included=0
neurons (num_inputs, activation_function, activation_steepness)=(0, 0, 0.00000000000000000000e+00) (0, 0, 0.00000000000000000000e+00) (0, 0, 0.00000000000000000000e+00) (0, 0, 0.00000000000000000000e+00) (0, 0, 0.00000000000000000000e+00) (0, 0, 0.00000000000000000000e+00) (0, 0, 0.00000000000000000000e+00) (0, 0, 0.00000000000000000000e+00) (0, 0, 0.00000000000000000000e+00) (0, 0, 0.00000000000000000000e+00) (0, 0, 0.00000000000000000000e+00) (0, 0, 0.00000000000000000000e+00) (0, 0, 0.00000000000000000000e+00) (0, 0, 0.00000000000000000000e+00) (0, 0, 0.00000000000000000000e+00) (0, 0, 0.00000000000000000000e+00) (16, 6, 5.00000000000000000000e-01) (16, 6, 5.00000000000000000000e-01) (16, 6, 5.00000000000000000000e-01) (0, 6, 0.00000000000000000000e+00) (4, 4, 5.00000000000000000000e-01) (0, 4, 0.00000000000000000000e+00) 
connections (connected_to_neuron, weight)=(0, -5.92155708235099220715e-01) (1, 1.41403914675541364510e+00) (2, 1.82354232948180694507e+00) (3, -1.33596237904930276175e-01) (4, -4.09974509804400977231e-01) (5, -5.66059337814874385941e-01) (6, 1.36094392348635984114e+00) (7, 6.67867607874618740560e-01) (8, -3.87203118114390176796e-01) (9, 1.81165406461847777742e+00) (10, -1.62260926091327112308e-01) (11, -9.05103689138572337081e-02) (12, -3.29640382849588076120e-01) (13, -1.07471843017842599854e-01) (14, -2.89407049331477927989e-01) (15, -1.71732359629094899489e+00) (0, -6.86700826528253593928e-01) (1, 1.15431864689437846394e+00) (2, 1.86414799373504180835e+00) (3, 5.01685590089441107997e-02) (4, -3.59240958421382261534e-01) (5, -6.84197991505913094556e-01) (6, 1.26434842009652448347e+00) (7, 1.00035049863062108777e+00) (8, -6.27756902027055918580e-01) (9, 2.00290739339264067809e+00) (10, -5.59031444847686645461e-02) (11, 5.40658645667725146211e-01) (12, -2.97051722132577356028e-01) (13, -3.61664285365856374987e-01) (14, -2.01217924270442938273e-01) (15, -1.49287179207568554418e+00) (0, -5.67444538715066948420e-01) (1, 8.52664864116515208714e-01) (2, 1.88377362769004363940e+00) (3, 1.92023819099673871691e-03) (4, -4.35029694764766383663e-01) (5, -5.36296694890312508619e-01) (6, 1.33485248942483258894e+00) (7, 9.42277134432412899478e-01) (8, -5.60612619864866434938e-01) (9, 1.88199969184072646300e+00) (10, -1.82749585044025525393e-01) (11, -2.17051387399880169049e-01) (12, -4.48475092482700954388e-01) (13, -3.27942979935920919665e-01) (14, -1.65524589187741349994e-01) (15, -1.47783316564106770308e+00) (16, 3.48680092257815488210e+01) (17, 1.22832442587707237891e+01) (18, 2.92052722502875099053e+02) (19, -6.31002869882728578688e-01) 
