FANN_FLO_2.1
num_layers=3
learning_rate=0.700000
connection_rate=1.000000
network_type=0
learning_momentum=0.000000
training_algorithm=2
train_error_function=1
train_stop_function=1
cascade_output_change_fraction=0.010000
quickprop_decay=-0.000100
quickprop_mu=1.750000
rprop_increase_factor=1.200000
rprop_decrease_factor=0.500000
rprop_delta_min=0.000000
rprop_delta_max=50.000000
rprop_delta_zero=0.100000
cascade_output_stagnation_epochs=12
cascade_candidate_change_fraction=0.010000
cascade_candidate_stagnation_epochs=12
cascade_max_out_epochs=150
cascade_min_out_epochs=50
cascade_max_cand_epochs=150
cascade_min_cand_epochs=50
cascade_num_candidate_groups=2
bit_fail_limit=1.00000000000000005551e-01
cascade_candidate_limit=1.00000000000000000000e+03
cascade_weight_multiplier=4.00000000000000022204e-01
cascade_activation_functions_count=10
cascade_activation_functions=3 5 7 8 10 11 14 15 16 17 
cascade_activation_steepnesses_count=4
cascade_activation_steepnesses=2.50000000000000000000e-01 5.00000000000000000000e-01 7.50000000000000000000e-01 1.00000000000000000000e+00 
layer_sizes=9 4 2 
scale_included=0
neurons (num_inputs, activation_function, activation_steepness)=(0, 0, 0.00000000000000000000e+00) (0, 0, 0.00000000000000000000e+00) (0, 0, 0.00000000000000000000e+00) (0, 0, 0.00000000000000000000e+00) (0, 0, 0.00000000000000000000e+00) (0, 0, 0.00000000000000000000e+00) (0, 0, 0.00000000000000000000e+00) (0, 0, 0.00000000000000000000e+00) (0, 0, 0.00000000000000000000e+00) (9, 6, 5.00000000000000000000e-01) (9, 6, 5.00000000000000000000e-01) (9, 6, 5.00000000000000000000e-01) (0, 6, 0.00000000000000000000e+00) (4, 4, 5.00000000000000000000e-01) (0, 4, 0.00000000000000000000e+00) 
connections (connected_to_neuron, weight)=(0, 3.83932519160776886125e+00) (1, -1.24626478798411133297e+00) (2, -1.36933158196779158899e+00) (3, -9.50996870039419350817e-01) (4, 3.58775558242454772895e-01) (5, 1.47121877318747373842e+00) (6, 1.44310664481051298402e+00) (7, 1.47448781973250242494e+00) (8, 9.30507830123286083790e-01) (0, 2.04259080718833541113e+00) (1, -6.76709083682827228223e-01) (2, -7.07157594419709711886e-01) (3, -1.78354907551380348352e+00) (4, -8.51292904472570888252e-02) (5, 3.53562812519280234014e-01) (6, 3.91863069695441046392e-01) (7, 4.22577011597363272344e-01) (8, 3.36256071136019685230e-01) (0, 3.26625296840313650293e+00) (1, -2.22675602760734259178e+00) (2, -1.24432706691594985315e+00) (3, -9.06950244544462380603e-01) (4, 1.33240744970163582650e-01) (5, 1.35523781564215073381e+00) (6, 1.45582666631916413102e+00) (7, 2.17508842443544025969e+00) (8, 1.01142639876974627100e+00) (9, -5.44155384906681671708e+00) (10, -2.81001802287863222674e+00) (11, -6.17353563138639493957e+00) (12, -9.44948208807241618601e-01) 
