FANN_FLO_2.1
num_layers=3
learning_rate=0.700000
connection_rate=1.000000
network_type=0
learning_momentum=0.000000
training_algorithm=2
train_error_function=1
train_stop_function=1
cascade_output_change_fraction=0.010000
quickprop_decay=-0.000100
quickprop_mu=1.750000
rprop_increase_factor=1.200000
rprop_decrease_factor=0.500000
rprop_delta_min=0.000000
rprop_delta_max=50.000000
rprop_delta_zero=0.100000
cascade_output_stagnation_epochs=12
cascade_candidate_change_fraction=0.010000
cascade_candidate_stagnation_epochs=12
cascade_max_out_epochs=150
cascade_min_out_epochs=50
cascade_max_cand_epochs=150
cascade_min_cand_epochs=50
cascade_num_candidate_groups=2
bit_fail_limit=1.00000000000000005551e-01
cascade_candidate_limit=1.00000000000000000000e+03
cascade_weight_multiplier=4.00000000000000022204e-01
cascade_activation_functions_count=10
cascade_activation_functions=3 5 7 8 10 11 14 15 16 17 
cascade_activation_steepnesses_count=4
cascade_activation_steepnesses=2.50000000000000000000e-01 5.00000000000000000000e-01 7.50000000000000000000e-01 1.00000000000000000000e+00 
layer_sizes=9 4 2 
scale_included=0
neurons (num_inputs, activation_function, activation_steepness)=(0, 0, 0.00000000000000000000e+00) (0, 0, 0.00000000000000000000e+00) (0, 0, 0.00000000000000000000e+00) (0, 0, 0.00000000000000000000e+00) (0, 0, 0.00000000000000000000e+00) (0, 0, 0.00000000000000000000e+00) (0, 0, 0.00000000000000000000e+00) (0, 0, 0.00000000000000000000e+00) (0, 0, 0.00000000000000000000e+00) (9, 6, 5.00000000000000000000e-01) (9, 6, 5.00000000000000000000e-01) (9, 6, 5.00000000000000000000e-01) (0, 6, 0.00000000000000000000e+00) (4, 4, 5.00000000000000000000e-01) (0, 4, 0.00000000000000000000e+00) 
connections (connected_to_neuron, weight)=(0, 2.27827635372727943519e+00) (1, 4.77916395489250578343e-01) (2, -1.31474514407767735236e+01) (3, -1.56241981244024596975e+00) (4, 1.29603568778844624454e+00) (5, -7.97918566646516946861e-01) (6, -8.56352598550260690757e-01) (7, 2.79695410952433931584e+00) (8, 1.92564168181785233536e+00) (0, -2.90719089154077847681e-01) (1, 4.87825742560320296803e+00) (2, -9.97457706951888845026e-01) (3, -6.68731597745463757221e-01) (4, -2.05920311477223316743e+00) (5, -7.53956197931812788227e-01) (6, -8.16208019092129255512e-01) (7, -1.21803530855592298532e-01) (8, -6.81709598229832403060e-02) (0, -4.98113721090220540333e+00) (1, 8.82664389235385371535e-01) (2, 1.46120574368052213998e+00) (3, 1.31357063105404270331e+00) (4, 4.06518425051816678639e-01) (5, 2.26794455293209473723e+00) (6, 2.24175585899145524138e+00) (7, -4.05148766677683846993e-01) (8, -1.54871599310056384802e+00) (9, -3.81409588743929139909e+00) (10, 4.49557413462734256626e+00) (11, 6.02439210382822665224e-01) (12, -5.11703448127623516939e+00) 
