FANN_FLO_2.1
num_layers=3
learning_rate=0.700000
connection_rate=1.000000
network_type=0
learning_momentum=0.000000
training_algorithm=2
train_error_function=1
train_stop_function=1
cascade_output_change_fraction=0.010000
quickprop_decay=-0.000100
quickprop_mu=1.750000
rprop_increase_factor=1.200000
rprop_decrease_factor=0.500000
rprop_delta_min=0.000000
rprop_delta_max=50.000000
rprop_delta_zero=0.100000
cascade_output_stagnation_epochs=12
cascade_candidate_change_fraction=0.010000
cascade_candidate_stagnation_epochs=12
cascade_max_out_epochs=150
cascade_min_out_epochs=50
cascade_max_cand_epochs=150
cascade_min_cand_epochs=50
cascade_num_candidate_groups=2
bit_fail_limit=1.00000000000000005551e-01
cascade_candidate_limit=1.00000000000000000000e+03
cascade_weight_multiplier=4.00000000000000022204e-01
cascade_activation_functions_count=10
cascade_activation_functions=3 5 7 8 10 11 14 15 16 17 
cascade_activation_steepnesses_count=4
cascade_activation_steepnesses=2.50000000000000000000e-01 5.00000000000000000000e-01 7.50000000000000000000e-01 1.00000000000000000000e+00 
layer_sizes=9 4 2 
scale_included=0
neurons (num_inputs, activation_function, activation_steepness)=(0, 0, 0.00000000000000000000e+00) (0, 0, 0.00000000000000000000e+00) (0, 0, 0.00000000000000000000e+00) (0, 0, 0.00000000000000000000e+00) (0, 0, 0.00000000000000000000e+00) (0, 0, 0.00000000000000000000e+00) (0, 0, 0.00000000000000000000e+00) (0, 0, 0.00000000000000000000e+00) (0, 0, 0.00000000000000000000e+00) (9, 6, 5.00000000000000000000e-01) (9, 6, 5.00000000000000000000e-01) (9, 6, 5.00000000000000000000e-01) (0, 6, 0.00000000000000000000e+00) (4, 4, 5.00000000000000000000e-01) (0, 4, 0.00000000000000000000e+00) 
connections (connected_to_neuron, weight)=(0, 1.15303532488742344064e+00) (1, -4.50864954954690089206e-01) (2, -2.13768418309598207117e+00) (3, -1.62489816021916011479e+00) (4, 4.42969738857666162080e-02) (5, -3.80206184124267487778e-01) (6, -4.26506755536115556016e-01) (7, 6.43523998777985273279e-01) (8, 6.69759803875875525669e-01) (0, -2.14107534374140678901e-01) (1, 2.17479696072528794204e+00) (2, 3.25731111804129613851e-01) (3, 5.37558372940438733423e-01) (4, 1.37459142020451258182e-01) (5, 8.31364587033535773486e-01) (6, 8.88423778200890357226e-01) (7, -2.65924058984654099191e-01) (8, -3.30280203675532735286e-01) (0, -5.76505731825929590428e+00) (1, 3.40743751193918509301e+00) (2, 2.02227502613289544797e+00) (3, 2.48846937012140978496e+00) (4, -1.07308686658135671310e-01) (5, 1.46566581332612844157e+00) (6, 1.46015063279796453166e+00) (7, -1.91067916214530919561e+00) (8, -3.58394657503366964590e+00) (9, -1.11538570802878256316e+00) (10, 4.95046773850228827296e-01) (11, 1.08354182855608343061e+01) (12, -2.57802099450397337321e+00) 
