FANN_FLO_2.1
num_layers=3
learning_rate=0.700000
connection_rate=1.000000
network_type=0
learning_momentum=0.000000
training_algorithm=2
train_error_function=1
train_stop_function=1
cascade_output_change_fraction=0.010000
quickprop_decay=-0.000100
quickprop_mu=1.750000
rprop_increase_factor=1.200000
rprop_decrease_factor=0.500000
rprop_delta_min=0.000000
rprop_delta_max=50.000000
rprop_delta_zero=0.100000
cascade_output_stagnation_epochs=12
cascade_candidate_change_fraction=0.010000
cascade_candidate_stagnation_epochs=12
cascade_max_out_epochs=150
cascade_min_out_epochs=50
cascade_max_cand_epochs=150
cascade_min_cand_epochs=50
cascade_num_candidate_groups=2
bit_fail_limit=1.00000000000000005551e-01
cascade_candidate_limit=1.00000000000000000000e+03
cascade_weight_multiplier=4.00000000000000022204e-01
cascade_activation_functions_count=10
cascade_activation_functions=3 5 7 8 10 11 14 15 16 17 
cascade_activation_steepnesses_count=4
cascade_activation_steepnesses=2.50000000000000000000e-01 5.00000000000000000000e-01 7.50000000000000000000e-01 1.00000000000000000000e+00 
layer_sizes=11 4 2 
scale_included=0
neurons (num_inputs, activation_function, activation_steepness)=(0, 0, 0.00000000000000000000e+00) (0, 0, 0.00000000000000000000e+00) (0, 0, 0.00000000000000000000e+00) (0, 0, 0.00000000000000000000e+00) (0, 0, 0.00000000000000000000e+00) (0, 0, 0.00000000000000000000e+00) (0, 0, 0.00000000000000000000e+00) (0, 0, 0.00000000000000000000e+00) (0, 0, 0.00000000000000000000e+00) (0, 0, 0.00000000000000000000e+00) (0, 0, 0.00000000000000000000e+00) (11, 6, 5.00000000000000000000e-01) (11, 6, 5.00000000000000000000e-01) (11, 6, 5.00000000000000000000e-01) (0, 6, 0.00000000000000000000e+00) (4, 4, 5.00000000000000000000e-01) (0, 4, 0.00000000000000000000e+00) 
connections (connected_to_neuron, weight)=(0, 9.72879177851279308697e+00) (1, 9.24084588561043585031e-01) (2, -1.56464445414612240981e-01) (3, -2.94465814567479666763e+00) (4, 4.36178281535079914732e+00) (5, -2.10525174576426898909e+00) (6, 1.50000000000000000000e+03) (7, -5.02298133281242087378e+00) (8, -1.13816184597227287867e+00) (9, -4.41461016931431871058e+00) (10, 1.46942685243484998381e+01) (0, -4.26150657314256964270e+00) (1, -8.46489497028958259861e-01) (2, -8.11533152866287132987e-01) (3, -6.29248829299311196461e-02) (4, -2.45797681205872464716e+00) (5, 8.64328810165408190080e-01) (6, 2.26527007031947995586e+01) (7, -1.41200196361769531039e-01) (8, -2.68517084441042552800e-01) (9, -2.95207602918747258336e-02) (10, -1.20350561682873302694e+00) (0, -7.90114769788939863560e+00) (1, 3.48058270878174980112e+00) (2, 1.63590033297116321798e+00) (3, 2.63224144662689374385e+00) (4, -2.33536407016495717315e+00) (5, 9.96449669316141095621e-01) (6, 1.00105054972466400720e+00) (7, 1.70722883816862824879e+00) (8, -7.94215887685421395581e-01) (9, 2.60271352278764611654e+00) (10, -3.85421879142336365476e+00) (11, -2.61475276004775247785e+00) (12, 2.31813876074797740046e+01) (13, 2.54903857601196897065e+01) (14, -2.55095720839007578107e+00) 
