FANN_FLO_2.1
num_layers=3
learning_rate=0.700000
connection_rate=1.000000
network_type=0
learning_momentum=0.000000
training_algorithm=2
train_error_function=1
train_stop_function=1
cascade_output_change_fraction=0.010000
quickprop_decay=-0.000100
quickprop_mu=1.750000
rprop_increase_factor=1.200000
rprop_decrease_factor=0.500000
rprop_delta_min=0.000000
rprop_delta_max=50.000000
rprop_delta_zero=0.100000
cascade_output_stagnation_epochs=12
cascade_candidate_change_fraction=0.010000
cascade_candidate_stagnation_epochs=12
cascade_max_out_epochs=150
cascade_min_out_epochs=50
cascade_max_cand_epochs=150
cascade_min_cand_epochs=50
cascade_num_candidate_groups=2
bit_fail_limit=1.00000000000000005551e-01
cascade_candidate_limit=1.00000000000000000000e+03
cascade_weight_multiplier=4.00000000000000022204e-01
cascade_activation_functions_count=10
cascade_activation_functions=3 5 7 8 10 11 14 15 16 17 
cascade_activation_steepnesses_count=4
cascade_activation_steepnesses=2.50000000000000000000e-01 5.00000000000000000000e-01 7.50000000000000000000e-01 1.00000000000000000000e+00 
layer_sizes=16 4 2 
scale_included=0
neurons (num_inputs, activation_function, activation_steepness)=(0, 0, 0.00000000000000000000e+00) (0, 0, 0.00000000000000000000e+00) (0, 0, 0.00000000000000000000e+00) (0, 0, 0.00000000000000000000e+00) (0, 0, 0.00000000000000000000e+00) (0, 0, 0.00000000000000000000e+00) (0, 0, 0.00000000000000000000e+00) (0, 0, 0.00000000000000000000e+00) (0, 0, 0.00000000000000000000e+00) (0, 0, 0.00000000000000000000e+00) (0, 0, 0.00000000000000000000e+00) (0, 0, 0.00000000000000000000e+00) (0, 0, 0.00000000000000000000e+00) (0, 0, 0.00000000000000000000e+00) (0, 0, 0.00000000000000000000e+00) (0, 0, 0.00000000000000000000e+00) (16, 6, 5.00000000000000000000e-01) (16, 6, 5.00000000000000000000e-01) (16, 6, 5.00000000000000000000e-01) (0, 6, 0.00000000000000000000e+00) (4, 4, 5.00000000000000000000e-01) (0, 4, 0.00000000000000000000e+00) 
connections (connected_to_neuron, weight)=(0, -2.11654206162629754395e-01) (1, 2.19325834516567924615e-01) (2, -3.38869277626713538698e-01) (3, 4.77389926294694078024e+00) (4, -3.41379435319084864608e-02) (5, 4.40972753276398701100e-04) (6, 1.06371787757695512866e-01) (7, -1.40315223332895655517e+00) (8, 5.76283238551527876581e+00) (9, 1.94250289983505380897e-01) (10, 7.32924220044513380357e-02) (11, 6.62633880027664601275e-02) (12, 2.67598090598670417320e-03) (13, -1.24988576974489146165e-01) (14, 2.96993012528083855095e-01) (15, -1.45902620997475773734e+00) (0, -6.42847856117618632332e-01) (1, 2.31465962168086480943e+00) (2, 2.06946585145162328945e-02) (3, 2.69748997333357154460e+00) (4, 2.64851759203866943260e-01) (5, 3.40919586845830902000e-01) (6, 1.60682401782317740846e+00) (7, 1.82494879221820616166e+00) (8, 2.66376996448929803663e+00) (9, 2.17639881454702144303e-01) (10, 3.08611246773199066062e-01) (11, 1.74467307582018649192e+00) (12, 1.66414810984840033647e+00) (13, 2.59630279328141533313e-01) (14, 3.58729147448744289939e-01) (15, -3.40072034348392504555e+00) (0, -7.52440904809368205086e-01) (1, 2.34138075273741197435e+00) (2, -9.17055049870741517681e-03) (3, 2.66079967745083934005e+00) (4, 2.82913590797380432029e-01) (5, 2.90531742402509673973e-01) (6, 1.69100779271169288087e+00) (7, 1.89730602210664511809e+00) (8, 2.62847490269955796904e+00) (9, 3.13480626128908090866e-01) (10, 3.02580672332242950340e-01) (11, 1.79952150836108049070e+00) (12, 1.62489215552320120928e+00) (13, 3.15281221355710350451e-01) (14, 2.89102801218237615011e-01) (15, -3.40506990302944201332e+00) (16, 3.46199673870368673789e+00) (17, 5.30859072674756475863e+01) (18, 5.30690818150287100252e+01) (19, -1.14467807695978551763e+00) 
