FANN_FLO_2.1
num_layers=3
learning_rate=0.700000
connection_rate=1.000000
network_type=0
learning_momentum=0.000000
training_algorithm=2
train_error_function=1
train_stop_function=1
cascade_output_change_fraction=0.010000
quickprop_decay=-0.000100
quickprop_mu=1.750000
rprop_increase_factor=1.200000
rprop_decrease_factor=0.500000
rprop_delta_min=0.000000
rprop_delta_max=50.000000
rprop_delta_zero=0.100000
cascade_output_stagnation_epochs=12
cascade_candidate_change_fraction=0.010000
cascade_candidate_stagnation_epochs=12
cascade_max_out_epochs=150
cascade_min_out_epochs=50
cascade_max_cand_epochs=150
cascade_min_cand_epochs=50
cascade_num_candidate_groups=2
bit_fail_limit=1.00000000000000005551e-01
cascade_candidate_limit=1.00000000000000000000e+03
cascade_weight_multiplier=4.00000000000000022204e-01
cascade_activation_functions_count=10
cascade_activation_functions=3 5 7 8 10 11 14 15 16 17 
cascade_activation_steepnesses_count=4
cascade_activation_steepnesses=2.50000000000000000000e-01 5.00000000000000000000e-01 7.50000000000000000000e-01 1.00000000000000000000e+00 
layer_sizes=9 4 2 
scale_included=0
neurons (num_inputs, activation_function, activation_steepness)=(0, 0, 0.00000000000000000000e+00) (0, 0, 0.00000000000000000000e+00) (0, 0, 0.00000000000000000000e+00) (0, 0, 0.00000000000000000000e+00) (0, 0, 0.00000000000000000000e+00) (0, 0, 0.00000000000000000000e+00) (0, 0, 0.00000000000000000000e+00) (0, 0, 0.00000000000000000000e+00) (0, 0, 0.00000000000000000000e+00) (9, 6, 5.00000000000000000000e-01) (9, 6, 5.00000000000000000000e-01) (9, 6, 5.00000000000000000000e-01) (0, 6, 0.00000000000000000000e+00) (4, 4, 5.00000000000000000000e-01) (0, 4, 0.00000000000000000000e+00) 
connections (connected_to_neuron, weight)=(0, -1.12379948591223310927e+00) (1, 1.31778658028474415786e+00) (2, 1.59750788725232983900e+00) (3, 8.71733022992233347326e-02) (4, 1.19566425400527420742e-03) (5, -3.82227628121976970021e-01) (6, -4.94929766843919871633e-01) (7, -6.31049767417160567540e-03) (8, 3.37573836715772956918e-02) (0, -2.89264503489000635028e+00) (1, 2.95985885510904633833e+00) (2, 3.11725453092231263863e-01) (3, -9.73816745408897510572e-02) (4, -3.73717047062222529341e-01) (5, -3.91724891748730763563e-01) (6, -4.33154314544503260542e-01) (7, -1.40240722192180644612e-01) (8, -2.92171699913397919790e-01) (0, 2.03383468142466217188e+00) (1, -7.15296293176417741222e+00) (2, -9.89091503589912962591e-02) (3, 7.38983561923973963914e-01) (4, 1.32588428688665538324e+00) (5, 1.28198574168106227411e+00) (6, 1.73742138693444836406e+00) (7, 7.38977750471108363328e-01) (8, 1.35307881665846019281e+00) (9, 4.82086596105699816128e-01) (10, 2.88781670669777223992e+00) (11, -3.45295734753830707575e+00) (12, -1.10463989993007150048e+00) 
