FANN_FLO_2.1
num_layers=3
learning_rate=0.700000
connection_rate=1.000000
network_type=0
learning_momentum=0.000000
training_algorithm=2
train_error_function=1
train_stop_function=1
cascade_output_change_fraction=0.010000
quickprop_decay=-0.000100
quickprop_mu=1.750000
rprop_increase_factor=1.200000
rprop_decrease_factor=0.500000
rprop_delta_min=0.000000
rprop_delta_max=50.000000
rprop_delta_zero=0.100000
cascade_output_stagnation_epochs=12
cascade_candidate_change_fraction=0.010000
cascade_candidate_stagnation_epochs=12
cascade_max_out_epochs=150
cascade_min_out_epochs=50
cascade_max_cand_epochs=150
cascade_min_cand_epochs=50
cascade_num_candidate_groups=2
bit_fail_limit=1.00000000000000005551e-01
cascade_candidate_limit=1.00000000000000000000e+03
cascade_weight_multiplier=4.00000000000000022204e-01
cascade_activation_functions_count=10
cascade_activation_functions=3 5 7 8 10 11 14 15 16 17 
cascade_activation_steepnesses_count=4
cascade_activation_steepnesses=2.50000000000000000000e-01 5.00000000000000000000e-01 7.50000000000000000000e-01 1.00000000000000000000e+00 
layer_sizes=18 4 2 
scale_included=0
neurons (num_inputs, activation_function, activation_steepness)=(0, 0, 0.00000000000000000000e+00) (0, 0, 0.00000000000000000000e+00) (0, 0, 0.00000000000000000000e+00) (0, 0, 0.00000000000000000000e+00) (0, 0, 0.00000000000000000000e+00) (0, 0, 0.00000000000000000000e+00) (0, 0, 0.00000000000000000000e+00) (0, 0, 0.00000000000000000000e+00) (0, 0, 0.00000000000000000000e+00) (0, 0, 0.00000000000000000000e+00) (0, 0, 0.00000000000000000000e+00) (0, 0, 0.00000000000000000000e+00) (0, 0, 0.00000000000000000000e+00) (0, 0, 0.00000000000000000000e+00) (0, 0, 0.00000000000000000000e+00) (0, 0, 0.00000000000000000000e+00) (0, 0, 0.00000000000000000000e+00) (0, 0, 0.00000000000000000000e+00) (18, 6, 5.00000000000000000000e-01) (18, 6, 5.00000000000000000000e-01) (18, 6, 5.00000000000000000000e-01) (0, 6, 0.00000000000000000000e+00) (4, 4, 5.00000000000000000000e-01) (0, 4, 0.00000000000000000000e+00) 
connections (connected_to_neuron, weight)=(0, -1.31368869207155580803e+00) (1, 7.10919114701157006664e+00) (2, 1.73711096203676040872e+00) (3, -1.06988826336574194276e-01) (4, -7.08736205448519451799e-01) (5, -6.89212137808214886370e-01) (6, 7.03358974806671533031e+00) (7, -6.92275838901411755266e-01) (8, -7.12692597855936749163e-01) (9, 7.01317684106235894603e+00) (10, -4.41060084746988656512e-01) (11, -2.98138641735229770191e+00) (12, -5.05413714693697335711e-01) (13, -5.13571564005525948993e-01) (14, -5.32966623186195853634e+00) (15, -5.26505224510158065243e+00) (16, -5.32747173040235999508e+00) (17, 2.42386143634607809094e-01) (0, -8.08014043569051376714e-01) (1, 2.88925788740379640984e+00) (2, 2.75506295452577898430e+00) (3, -3.73643816749054002990e-01) (4, -6.28852165224266457244e-01) (5, -1.54049206711751596188e-01) (6, 2.86013969222767183709e+00) (7, -1.60827543773156778073e-01) (8, -6.48249762984228539153e-01) (9, 2.85456381181938478875e+00) (10, 1.87740538527755629339e-01) (11, -9.37912780683004432269e-01) (12, 1.46345366050987135687e-01) (13, 1.08944516887454823095e-01) (14, -1.81462932254544884181e+00) (15, -1.89503026630155235743e+00) (16, -1.99965272720328957057e+00) (17, -9.15785696343360267058e-04) (0, 8.66959449704401197145e-01) (1, -6.70237565506725418985e-01) (2, -1.39430209456792164602e+00) (3, 4.26018283492445415384e-01) (4, 5.74245149258336140541e-01) (5, 6.20670905325373833961e-01) (6, -5.24665089417724717080e-01) (7, 5.84610560897549813575e-01) (8, 6.22878475103339379615e-01) (9, -3.23754145300468998414e+00) (10, 1.01734440325767261371e+00) (11, 2.24179325442188925877e+00) (12, 8.74139144262378042782e-01) (13, 8.68232126524751013363e-01) (14, 6.41182602073875251847e+00) (15, 6.35857739921537223893e+00) (16, 6.35730015363422218400e+00) (17, 6.22821469606142028019e-02) (18, 3.39447406763060266499e+00) (19, 1.23849717374673473635e+00) (20, -7.13190025590067300243e+00) (21, 3.06075752451259341935e-01) 
