FANN_FLO_2.1
num_layers=3
learning_rate=0.700000
connection_rate=1.000000
network_type=0
learning_momentum=0.000000
training_algorithm=2
train_error_function=1
train_stop_function=1
cascade_output_change_fraction=0.010000
quickprop_decay=-0.000100
quickprop_mu=1.750000
rprop_increase_factor=1.200000
rprop_decrease_factor=0.500000
rprop_delta_min=0.000000
rprop_delta_max=50.000000
rprop_delta_zero=0.100000
cascade_output_stagnation_epochs=12
cascade_candidate_change_fraction=0.010000
cascade_candidate_stagnation_epochs=12
cascade_max_out_epochs=150
cascade_min_out_epochs=50
cascade_max_cand_epochs=150
cascade_min_cand_epochs=50
cascade_num_candidate_groups=2
bit_fail_limit=1.00000000000000005551e-01
cascade_candidate_limit=1.00000000000000000000e+03
cascade_weight_multiplier=4.00000000000000022204e-01
cascade_activation_functions_count=10
cascade_activation_functions=3 5 7 8 10 11 14 15 16 17 
cascade_activation_steepnesses_count=4
cascade_activation_steepnesses=2.50000000000000000000e-01 5.00000000000000000000e-01 7.50000000000000000000e-01 1.00000000000000000000e+00 
layer_sizes=16 4 2 
scale_included=0
neurons (num_inputs, activation_function, activation_steepness)=(0, 0, 0.00000000000000000000e+00) (0, 0, 0.00000000000000000000e+00) (0, 0, 0.00000000000000000000e+00) (0, 0, 0.00000000000000000000e+00) (0, 0, 0.00000000000000000000e+00) (0, 0, 0.00000000000000000000e+00) (0, 0, 0.00000000000000000000e+00) (0, 0, 0.00000000000000000000e+00) (0, 0, 0.00000000000000000000e+00) (0, 0, 0.00000000000000000000e+00) (0, 0, 0.00000000000000000000e+00) (0, 0, 0.00000000000000000000e+00) (0, 0, 0.00000000000000000000e+00) (0, 0, 0.00000000000000000000e+00) (0, 0, 0.00000000000000000000e+00) (0, 0, 0.00000000000000000000e+00) (16, 6, 5.00000000000000000000e-01) (16, 6, 5.00000000000000000000e-01) (16, 6, 5.00000000000000000000e-01) (0, 6, 0.00000000000000000000e+00) (4, 4, 5.00000000000000000000e-01) (0, 4, 0.00000000000000000000e+00) 
connections (connected_to_neuron, weight)=(0, -7.94686552051179995182e-01) (1, 2.69834661292564526036e+00) (2, 2.07107933791927933953e+00) (3, 3.91248535316394185912e+00) (4, -2.12125153824729323349e-01) (5, 3.19403261266554217013e-01) (6, -9.60054370163115677883e-01) (7, -3.43893209346660733150e-01) (8, -7.89377048986056206736e-01) (9, -1.47750062955792793584e-01) (10, 3.95832851169204413821e+00) (11, -8.77814889051467317493e-01) (12, -9.42962031592423421955e-01) (13, -2.45172578939197000070e-01) (14, 2.08511002093159802939e+00) (15, -3.50173629477004055843e+00) (0, -1.37013191054544569703e-01) (1, -1.39346821988084212940e+00) (2, -1.52833446974091669013e+00) (3, 7.42374279179808027607e+00) (4, 2.44554529186854852085e+00) (5, -7.12285449458806008138e-02) (6, -2.98266264444745576867e-01) (7, 2.18921493919856358090e+00) (8, 3.25847167162870932078e-01) (9, -2.96094412907542854640e-02) (10, 1.54918009077284057895e+00) (11, 2.98857709353448686151e-01) (12, -1.91669480582894985465e-01) (13, 2.05771058865623990286e+00) (14, -6.51400903887200621867e-01) (15, -8.80353938635528021628e-01) (0, 2.99289284081081796707e-01) (1, -4.52004778295671538757e-02) (2, -4.53327208930593883451e+00) (3, 1.25697106010645036633e+01) (4, 2.17465214092191150286e+00) (5, -2.75058613238486404651e-01) (6, -2.31663501992812215224e-01) (7, 4.94093194372550392757e+00) (8, 3.57740782943452462206e-01) (9, -5.73325950481733959130e-01) (10, 2.01598105149643380685e+00) (11, 8.42816521991738287767e-01) (12, -7.10924192151853873156e-02) (13, 1.69236598894333578613e+00) (14, -9.57299238891671455676e-01) (15, -6.53524599883821388779e-01) (16, 2.25042358575301761903e+02) (17, 1.32131555177706694337e+00) (18, 8.03286537968702529788e-01) (19, -5.97687985550928169154e-01) 
