FANN_FLO_2.1
num_layers=3
learning_rate=0.700000
connection_rate=1.000000
network_type=0
learning_momentum=0.000000
training_algorithm=2
train_error_function=1
train_stop_function=1
cascade_output_change_fraction=0.010000
quickprop_decay=-0.000100
quickprop_mu=1.750000
rprop_increase_factor=1.200000
rprop_decrease_factor=0.500000
rprop_delta_min=0.000000
rprop_delta_max=50.000000
rprop_delta_zero=0.100000
cascade_output_stagnation_epochs=12
cascade_candidate_change_fraction=0.010000
cascade_candidate_stagnation_epochs=12
cascade_max_out_epochs=150
cascade_min_out_epochs=50
cascade_max_cand_epochs=150
cascade_min_cand_epochs=50
cascade_num_candidate_groups=2
bit_fail_limit=1.00000000000000005551e-01
cascade_candidate_limit=1.00000000000000000000e+03
cascade_weight_multiplier=4.00000000000000022204e-01
cascade_activation_functions_count=10
cascade_activation_functions=3 5 7 8 10 11 14 15 16 17 
cascade_activation_steepnesses_count=4
cascade_activation_steepnesses=2.50000000000000000000e-01 5.00000000000000000000e-01 7.50000000000000000000e-01 1.00000000000000000000e+00 
layer_sizes=11 4 2 
scale_included=0
neurons (num_inputs, activation_function, activation_steepness)=(0, 0, 0.00000000000000000000e+00) (0, 0, 0.00000000000000000000e+00) (0, 0, 0.00000000000000000000e+00) (0, 0, 0.00000000000000000000e+00) (0, 0, 0.00000000000000000000e+00) (0, 0, 0.00000000000000000000e+00) (0, 0, 0.00000000000000000000e+00) (0, 0, 0.00000000000000000000e+00) (0, 0, 0.00000000000000000000e+00) (0, 0, 0.00000000000000000000e+00) (0, 0, 0.00000000000000000000e+00) (11, 6, 5.00000000000000000000e-01) (11, 6, 5.00000000000000000000e-01) (11, 6, 5.00000000000000000000e-01) (0, 6, 0.00000000000000000000e+00) (4, 4, 5.00000000000000000000e-01) (0, 4, 0.00000000000000000000e+00) 
connections (connected_to_neuron, weight)=(0, -6.88544934342231407243e-01) (1, -2.27470127635496871532e-01) (2, 1.11477653729537287686e-01) (3, 1.35464752403488097876e-01) (4, -3.06072401180972508694e-01) (5, 2.51334659552633610247e+00) (6, 2.79337960822029307550e+00) (7, -1.08861796991167686377e-01) (8, 6.94263581414995556429e-02) (9, 2.34203014487598920601e-01) (10, -6.07346208416460031643e-01) (0, -4.52856925718360159294e+00) (1, 2.69839016888233595992e+00) (2, 1.64898140097145118332e+00) (3, 1.49203693893052058428e+00) (4, -1.12245154023523086018e+00) (5, 1.25460282962329761069e+00) (6, 2.13052347321617618903e+00) (7, -8.24738287714333551115e-01) (8, 1.76775594795559021222e+00) (9, 1.42443119274638885230e+00) (10, -3.88233881865070085126e+00) (0, 2.93943316177022906377e-01) (1, 5.62917203736314486484e-01) (2, -2.83868671441846842640e+00) (3, -1.51999062518494128596e-03) (4, 4.20098084308392731578e-03) (5, -1.23481521553674267189e+00) (6, 2.15545802580209611143e-01) (7, 7.84071414862838600435e-02) (8, 5.53386085508738162497e-02) (9, -1.24711443039090975199e-02) (10, 1.69584405660233250579e-01) (11, 5.97835920090411434558e+01) (12, 9.95451165160398545595e+01) (13, -8.27259452740302436702e-01) (14, -2.37187981937186220804e+00) 
