FANN_FLO_2.1
num_layers=3
learning_rate=0.700000
connection_rate=1.000000
network_type=0
learning_momentum=0.000000
training_algorithm=2
train_error_function=1
train_stop_function=1
cascade_output_change_fraction=0.010000
quickprop_decay=-0.000100
quickprop_mu=1.750000
rprop_increase_factor=1.200000
rprop_decrease_factor=0.500000
rprop_delta_min=0.000000
rprop_delta_max=50.000000
rprop_delta_zero=0.100000
cascade_output_stagnation_epochs=12
cascade_candidate_change_fraction=0.010000
cascade_candidate_stagnation_epochs=12
cascade_max_out_epochs=150
cascade_min_out_epochs=50
cascade_max_cand_epochs=150
cascade_min_cand_epochs=50
cascade_num_candidate_groups=2
bit_fail_limit=1.00000000000000005551e-01
cascade_candidate_limit=1.00000000000000000000e+03
cascade_weight_multiplier=4.00000000000000022204e-01
cascade_activation_functions_count=10
cascade_activation_functions=3 5 7 8 10 11 14 15 16 17 
cascade_activation_steepnesses_count=4
cascade_activation_steepnesses=2.50000000000000000000e-01 5.00000000000000000000e-01 7.50000000000000000000e-01 1.00000000000000000000e+00 
layer_sizes=6 4 2 
scale_included=0
neurons (num_inputs, activation_function, activation_steepness)=(0, 0, 0.00000000000000000000e+00) (0, 0, 0.00000000000000000000e+00) (0, 0, 0.00000000000000000000e+00) (0, 0, 0.00000000000000000000e+00) (0, 0, 0.00000000000000000000e+00) (0, 0, 0.00000000000000000000e+00) (6, 6, 5.00000000000000000000e-01) (6, 6, 5.00000000000000000000e-01) (6, 6, 5.00000000000000000000e-01) (0, 6, 0.00000000000000000000e+00) (4, 4, 5.00000000000000000000e-01) (0, 4, 0.00000000000000000000e+00) 
connections (connected_to_neuron, weight)=(0, 5.47107596120911865434e-01) (1, 7.32296467865873879077e-01) (2, 5.11506667487729105304e-01) (3, 1.80641959169960231169e-01) (4, -1.81806483052091794050e-01) (5, -8.02828604789494471028e-01) (0, 7.47360753215768225388e-01) (1, 5.15549695075392722110e-01) (2, 2.46098398807246432352e-01) (3, 2.92455086416963327967e-01) (4, -3.69004695956008793578e-02) (5, -4.64982428733726194103e-01) (0, 4.73116046799836187375e+00) (1, 2.50189357669548018137e+00) (2, 4.81742204931930650957e+00) (3, -2.37451093816048119933e-01) (4, -3.01155519210060562685e+00) (5, -4.77110599502835608376e+00) (6, 7.09458615539439230169e-01) (7, 5.01115374217265152623e-01) (8, 1.30229217117917585256e+02) (9, -2.04563946777573280045e+00) 
