FANN_FLO_2.1
num_layers=3
learning_rate=0.700000
connection_rate=1.000000
network_type=0
learning_momentum=0.000000
training_algorithm=2
train_error_function=1
train_stop_function=1
cascade_output_change_fraction=0.010000
quickprop_decay=-0.000100
quickprop_mu=1.750000
rprop_increase_factor=1.200000
rprop_decrease_factor=0.500000
rprop_delta_min=0.000000
rprop_delta_max=50.000000
rprop_delta_zero=0.100000
cascade_output_stagnation_epochs=12
cascade_candidate_change_fraction=0.010000
cascade_candidate_stagnation_epochs=12
cascade_max_out_epochs=150
cascade_min_out_epochs=50
cascade_max_cand_epochs=150
cascade_min_cand_epochs=50
cascade_num_candidate_groups=2
bit_fail_limit=1.00000000000000005551e-01
cascade_candidate_limit=1.00000000000000000000e+03
cascade_weight_multiplier=4.00000000000000022204e-01
cascade_activation_functions_count=10
cascade_activation_functions=3 5 7 8 10 11 14 15 16 17 
cascade_activation_steepnesses_count=4
cascade_activation_steepnesses=2.50000000000000000000e-01 5.00000000000000000000e-01 7.50000000000000000000e-01 1.00000000000000000000e+00 
layer_sizes=6 4 2 
scale_included=0
neurons (num_inputs, activation_function, activation_steepness)=(0, 0, 0.00000000000000000000e+00) (0, 0, 0.00000000000000000000e+00) (0, 0, 0.00000000000000000000e+00) (0, 0, 0.00000000000000000000e+00) (0, 0, 0.00000000000000000000e+00) (0, 0, 0.00000000000000000000e+00) (6, 6, 5.00000000000000000000e-01) (6, 6, 5.00000000000000000000e-01) (6, 6, 5.00000000000000000000e-01) (0, 6, 0.00000000000000000000e+00) (4, 4, 5.00000000000000000000e-01) (0, 4, 0.00000000000000000000e+00) 
connections (connected_to_neuron, weight)=(0, -6.32053304952700845121e+00) (1, -3.24426072831846612488e+00) (2, -6.50795005368693679770e+00) (3, 1.71258696574344426722e+00) (4, 2.52432774651676483657e+00) (5, 6.27878499332811657041e+00) (0, -3.99820719524976153636e+00) (1, 9.83030679696415887747e+00) (2, 6.43847021303737498954e+00) (3, 2.56246044285592189382e+00) (4, 4.17126324966251293969e-02) (5, -1.81066218705311920978e+00) (0, 2.45946806765141745554e-01) (1, -2.66151198902605656826e+00) (2, 1.68781719823276854520e+00) (3, 4.91674554605014357822e-01) (4, -2.50384463181492281092e-02) (5, -1.31620091023048257917e+00) (6, -6.50869345123332152525e+01) (7, 2.03984033880208803780e+00) (8, 6.25016885952074829902e-01) (9, -2.11235463897274255984e+00) 
