FANN_FLO_2.1
num_layers=3
learning_rate=0.700000
connection_rate=1.000000
network_type=0
learning_momentum=0.000000
training_algorithm=2
train_error_function=1
train_stop_function=1
cascade_output_change_fraction=0.010000
quickprop_decay=-0.000100
quickprop_mu=1.750000
rprop_increase_factor=1.200000
rprop_decrease_factor=0.500000
rprop_delta_min=0.000000
rprop_delta_max=50.000000
rprop_delta_zero=0.100000
cascade_output_stagnation_epochs=12
cascade_candidate_change_fraction=0.010000
cascade_candidate_stagnation_epochs=12
cascade_max_out_epochs=150
cascade_min_out_epochs=50
cascade_max_cand_epochs=150
cascade_min_cand_epochs=50
cascade_num_candidate_groups=2
bit_fail_limit=1.00000000000000005551e-01
cascade_candidate_limit=1.00000000000000000000e+03
cascade_weight_multiplier=4.00000000000000022204e-01
cascade_activation_functions_count=10
cascade_activation_functions=3 5 7 8 10 11 14 15 16 17 
cascade_activation_steepnesses_count=4
cascade_activation_steepnesses=2.50000000000000000000e-01 5.00000000000000000000e-01 7.50000000000000000000e-01 1.00000000000000000000e+00 
layer_sizes=9 4 2 
scale_included=0
neurons (num_inputs, activation_function, activation_steepness)=(0, 0, 0.00000000000000000000e+00) (0, 0, 0.00000000000000000000e+00) (0, 0, 0.00000000000000000000e+00) (0, 0, 0.00000000000000000000e+00) (0, 0, 0.00000000000000000000e+00) (0, 0, 0.00000000000000000000e+00) (0, 0, 0.00000000000000000000e+00) (0, 0, 0.00000000000000000000e+00) (0, 0, 0.00000000000000000000e+00) (9, 6, 5.00000000000000000000e-01) (9, 6, 5.00000000000000000000e-01) (9, 6, 5.00000000000000000000e-01) (0, 6, 0.00000000000000000000e+00) (4, 4, 5.00000000000000000000e-01) (0, 4, 0.00000000000000000000e+00) 
connections (connected_to_neuron, weight)=(0, -5.49764423309152050479e+00) (1, 2.93143871413173773277e+00) (2, 5.23331790517639117155e-01) (3, 8.68607748378825483826e+00) (4, -5.91203018319642170653e-01) (5, -8.86835814092197693981e-01) (6, -5.60452870453296192466e+00) (7, -1.09441729526629205616e+00) (8, 7.36263149847929843084e-01) (0, -1.86979329072923111665e-01) (1, 6.60127174671246486071e-01) (2, 1.05030968150389480975e-01) (3, 5.80084346951797669156e-01) (4, -2.44557010648901618222e-01) (5, -1.75783384900743022694e-01) (6, -2.37257067423516765370e-01) (7, -1.37803647976571574940e-01) (8, -2.30853590069649228234e-01) (0, -1.14271471136302371630e-01) (1, 6.55134734328343348864e-01) (2, 1.60884118935358810809e-01) (3, 5.43576326938226883634e-01) (4, -2.40355464337523139218e-01) (5, -2.30458084803277507557e-01) (6, -2.19034452300721660389e-01) (7, -6.70524279887022706115e-02) (8, -2.44065212903854855675e-01) (9, 8.71657224823546705750e+00) (10, 5.78536394012525656549e-01) (11, 2.36556199363770369715e-01) (12, -1.87722261527549033611e-01) 
