FANN_FLO_2.1
num_layers=3
learning_rate=0.700000
connection_rate=1.000000
network_type=0
learning_momentum=0.000000
training_algorithm=2
train_error_function=1
train_stop_function=1
cascade_output_change_fraction=0.010000
quickprop_decay=-0.000100
quickprop_mu=1.750000
rprop_increase_factor=1.200000
rprop_decrease_factor=0.500000
rprop_delta_min=0.000000
rprop_delta_max=50.000000
rprop_delta_zero=0.100000
cascade_output_stagnation_epochs=12
cascade_candidate_change_fraction=0.010000
cascade_candidate_stagnation_epochs=12
cascade_max_out_epochs=150
cascade_min_out_epochs=50
cascade_max_cand_epochs=150
cascade_min_cand_epochs=50
cascade_num_candidate_groups=2
bit_fail_limit=1.00000000000000005551e-01
cascade_candidate_limit=1.00000000000000000000e+03
cascade_weight_multiplier=4.00000000000000022204e-01
cascade_activation_functions_count=10
cascade_activation_functions=3 5 7 8 10 11 14 15 16 17 
cascade_activation_steepnesses_count=4
cascade_activation_steepnesses=2.50000000000000000000e-01 5.00000000000000000000e-01 7.50000000000000000000e-01 1.00000000000000000000e+00 
layer_sizes=18 4 2 
scale_included=0
neurons (num_inputs, activation_function, activation_steepness)=(0, 0, 0.00000000000000000000e+00) (0, 0, 0.00000000000000000000e+00) (0, 0, 0.00000000000000000000e+00) (0, 0, 0.00000000000000000000e+00) (0, 0, 0.00000000000000000000e+00) (0, 0, 0.00000000000000000000e+00) (0, 0, 0.00000000000000000000e+00) (0, 0, 0.00000000000000000000e+00) (0, 0, 0.00000000000000000000e+00) (0, 0, 0.00000000000000000000e+00) (0, 0, 0.00000000000000000000e+00) (0, 0, 0.00000000000000000000e+00) (0, 0, 0.00000000000000000000e+00) (0, 0, 0.00000000000000000000e+00) (0, 0, 0.00000000000000000000e+00) (0, 0, 0.00000000000000000000e+00) (0, 0, 0.00000000000000000000e+00) (0, 0, 0.00000000000000000000e+00) (18, 6, 5.00000000000000000000e-01) (18, 6, 5.00000000000000000000e-01) (18, 6, 5.00000000000000000000e-01) (0, 6, 0.00000000000000000000e+00) (4, 4, 5.00000000000000000000e-01) (0, 4, 0.00000000000000000000e+00) 
connections (connected_to_neuron, weight)=(0, 3.96072400707198335468e+00) (1, -3.37884336572289978307e+00) (2, 1.50783884838325410449e+00) (3, 1.38644402618078110834e+00) (4, 2.36283110127362111497e-01) (5, -1.54659608628473299596e+00) (6, -2.88981672911934017733e+00) (7, 1.37672460665212526010e+00) (8, 1.55955368325623455750e-01) (9, 8.00895225250015663221e-01) (10, 5.03044832446893838696e-02) (11, -7.06480770655106560252e-02) (12, -3.35962591360630069559e+00) (13, -7.29025652946051205827e-02) (14, 1.98220433339985790955e-01) (15, 2.13342563853176958588e-01) (16, 6.96304710864513509705e-01) (17, 7.95983793656211302547e-01) (0, -2.36751330233699563976e+00) (1, 2.12054406474766210522e+00) (2, -6.45362069156754758481e-01) (3, 4.18814577075551919272e-01) (4, 3.39153837678721759019e-01) (5, 2.16116520391915267751e+00) (6, 1.67959639864898102601e+00) (7, -3.01932528590717286221e-01) (8, 2.69509282229235980211e-01) (9, -3.84454105244212196446e-01) (10, 3.38425857320741707568e-01) (11, -3.62912338901862197016e-01) (12, 1.56820804134538516195e+00) (13, 1.53591932817925547194e-02) (14, 3.44920557258418414293e-01) (15, 3.84963359949878070054e-01) (16, -7.29990164740295655044e-01) (17, -2.24545737690812829968e+00) (0, -3.75809977499579339622e+00) (1, 6.14482051135560758404e-01) (2, -2.08959394748079052562e+00) (3, -7.69652749894620402671e-01) (4, 1.93027802434907904683e+01) (5, 7.40654144155107996284e+00) (6, -1.33010926089908121384e+00) (7, -5.35059780120081707189e-01) (8, 1.86483554363570362966e+01) (9, -9.55245714882253516009e-01) (10, 6.94857099843110148640e+00) (11, -1.70877453276203322696e-01) (12, -2.12204861482701012676e+00) (13, 2.04962364040994859948e+00) (14, 1.86012281585129279904e+01) (15, 1.86115377802046317868e+01) (16, -5.31855332817336767803e-01) (17, -1.66341947768817832731e+00) (18, -6.19782558719282583581e+00) (19, 2.40824260563459358053e+00) (20, 4.95030163007895573912e+00) (21, -2.87075025063609201581e+00) 
