FANN_FLO_2.1
num_layers=3
learning_rate=0.700000
connection_rate=1.000000
network_type=0
learning_momentum=0.000000
training_algorithm=2
train_error_function=1
train_stop_function=1
cascade_output_change_fraction=0.010000
quickprop_decay=-0.000100
quickprop_mu=1.750000
rprop_increase_factor=1.200000
rprop_decrease_factor=0.500000
rprop_delta_min=0.000000
rprop_delta_max=50.000000
rprop_delta_zero=0.100000
cascade_output_stagnation_epochs=12
cascade_candidate_change_fraction=0.010000
cascade_candidate_stagnation_epochs=12
cascade_max_out_epochs=150
cascade_min_out_epochs=50
cascade_max_cand_epochs=150
cascade_min_cand_epochs=50
cascade_num_candidate_groups=2
bit_fail_limit=1.00000000000000005551e-01
cascade_candidate_limit=1.00000000000000000000e+03
cascade_weight_multiplier=4.00000000000000022204e-01
cascade_activation_functions_count=10
cascade_activation_functions=3 5 7 8 10 11 14 15 16 17 
cascade_activation_steepnesses_count=4
cascade_activation_steepnesses=2.50000000000000000000e-01 5.00000000000000000000e-01 7.50000000000000000000e-01 1.00000000000000000000e+00 
layer_sizes=18 4 2 
scale_included=0
neurons (num_inputs, activation_function, activation_steepness)=(0, 0, 0.00000000000000000000e+00) (0, 0, 0.00000000000000000000e+00) (0, 0, 0.00000000000000000000e+00) (0, 0, 0.00000000000000000000e+00) (0, 0, 0.00000000000000000000e+00) (0, 0, 0.00000000000000000000e+00) (0, 0, 0.00000000000000000000e+00) (0, 0, 0.00000000000000000000e+00) (0, 0, 0.00000000000000000000e+00) (0, 0, 0.00000000000000000000e+00) (0, 0, 0.00000000000000000000e+00) (0, 0, 0.00000000000000000000e+00) (0, 0, 0.00000000000000000000e+00) (0, 0, 0.00000000000000000000e+00) (0, 0, 0.00000000000000000000e+00) (0, 0, 0.00000000000000000000e+00) (0, 0, 0.00000000000000000000e+00) (0, 0, 0.00000000000000000000e+00) (18, 6, 5.00000000000000000000e-01) (18, 6, 5.00000000000000000000e-01) (18, 6, 5.00000000000000000000e-01) (0, 6, 0.00000000000000000000e+00) (4, 4, 5.00000000000000000000e-01) (0, 4, 0.00000000000000000000e+00) 
connections (connected_to_neuron, weight)=(0, 1.91500652598969267615e+00) (1, -7.42511303139558886954e+00) (2, -3.16782859584260445551e-01) (3, -1.21822589763126720719e+00) (4, 4.36046557258336608953e+00) (5, 1.77696420597006277120e+00) (6, -2.98307274304931580033e+00) (7, -1.07616047383521529213e+01) (8, -2.95207358749465020864e+00) (9, 4.51000314697850424039e+00) (10, -8.58619206350566521735e+00) (11, -8.60151599299432412238e+00) (12, -6.60952296999666888411e+00) (13, 4.32216159841834102195e+00) (14, 3.10931335290085630874e+00) (15, -5.15268736698309215427e+00) (16, -9.16348885868459195336e-01) (17, 1.95910776857062263190e+00) (0, -3.80998344907217956212e-01) (1, 4.59359688713168567986e-01) (2, 2.79959780467137653304e-01) (3, 1.80799766218574908816e-01) (4, -1.80444497973032436100e+00) (5, -2.19658119519513217455e+00) (6, 1.02506319772307996629e+00) (7, 5.39076720465575087715e-01) (8, 4.71100242069108832155e-01) (9, -9.96977738320149908802e-01) (10, 7.52851225442024762913e-01) (11, 7.23651912069651181980e-01) (12, -9.18536904253578756485e-02) (13, -1.21029477473795687992e+00) (14, -3.19917582858898086329e+00) (15, 2.26177883851768957157e+00) (16, -1.33428508145363583504e-02) (17, -2.21141523622967073326e-01) (0, -2.31316568244751330496e+00) (1, 7.23192819978101669731e-02) (2, 3.15324090585171878942e+00) (3, 1.96571511705978920759e+01) (4, 5.35073233593587094248e+00) (5, 1.01491372269536070383e-01) (6, -3.16360778965877775804e+00) (7, -4.31770188398269749719e-01) (8, 2.06969588566890578818e+01) (9, -3.01969534170408948626e+00) (10, -1.76095550744391693421e+00) (11, -1.74589932947016968079e+00) (12, 3.07193085843878610497e-01) (13, -2.15971322393703246689e+00) (14, 2.41398741641995595586e-01) (15, -1.04737597857842312798e+00) (16, -5.28362904921545695203e+00) (17, -3.65549128231538222877e+00) (18, -3.67015149534421158961e+00) (19, 1.42885755025678307106e+00) (20, 4.83434930263159401420e+00) (21, -3.81784057630681417095e+00) 
