FANN_FLO_2.1
num_layers=3
learning_rate=0.700000
connection_rate=1.000000
network_type=0
learning_momentum=0.000000
training_algorithm=2
train_error_function=1
train_stop_function=1
cascade_output_change_fraction=0.010000
quickprop_decay=-0.000100
quickprop_mu=1.750000
rprop_increase_factor=1.200000
rprop_decrease_factor=0.500000
rprop_delta_min=0.000000
rprop_delta_max=50.000000
rprop_delta_zero=0.100000
cascade_output_stagnation_epochs=12
cascade_candidate_change_fraction=0.010000
cascade_candidate_stagnation_epochs=12
cascade_max_out_epochs=150
cascade_min_out_epochs=50
cascade_max_cand_epochs=150
cascade_min_cand_epochs=50
cascade_num_candidate_groups=2
bit_fail_limit=1.00000000000000005551e-01
cascade_candidate_limit=1.00000000000000000000e+03
cascade_weight_multiplier=4.00000000000000022204e-01
cascade_activation_functions_count=10
cascade_activation_functions=3 5 7 8 10 11 14 15 16 17 
cascade_activation_steepnesses_count=4
cascade_activation_steepnesses=2.50000000000000000000e-01 5.00000000000000000000e-01 7.50000000000000000000e-01 1.00000000000000000000e+00 
layer_sizes=12 4 2 
scale_included=0
neurons (num_inputs, activation_function, activation_steepness)=(0, 0, 0.00000000000000000000e+00) (0, 0, 0.00000000000000000000e+00) (0, 0, 0.00000000000000000000e+00) (0, 0, 0.00000000000000000000e+00) (0, 0, 0.00000000000000000000e+00) (0, 0, 0.00000000000000000000e+00) (0, 0, 0.00000000000000000000e+00) (0, 0, 0.00000000000000000000e+00) (0, 0, 0.00000000000000000000e+00) (0, 0, 0.00000000000000000000e+00) (0, 0, 0.00000000000000000000e+00) (0, 0, 0.00000000000000000000e+00) (12, 6, 5.00000000000000000000e-01) (12, 6, 5.00000000000000000000e-01) (12, 6, 5.00000000000000000000e-01) (0, 6, 0.00000000000000000000e+00) (4, 4, 5.00000000000000000000e-01) (0, 4, 0.00000000000000000000e+00) 
connections (connected_to_neuron, weight)=(0, -1.14923391068644042967e+00) (1, 1.34798385921901964224e+00) (2, 1.23337489686265833200e+00) (3, 1.34164170149750017202e+00) (4, 4.41243162224447882380e+00) (5, -1.56030985364648344671e+00) (6, -2.97934665896080197456e+00) (7, -3.04160324849270047309e+00) (8, -2.95490774877451123359e+00) (9, 1.24383386544242746652e+00) (10, -1.60382623994680884039e+00) (11, 2.74884540120083564751e-01) (0, -3.37268926307277616683e-01) (1, 1.19785894814914972706e+00) (2, 1.26673426095432528626e+00) (3, 1.25460292760319003236e+00) (4, 4.23821615288412711919e+00) (5, -1.33107796722980964432e+00) (6, -2.74332818396471189715e+00) (7, -2.79560469098470854021e+00) (8, -2.65262556828640150286e+00) (9, 1.01598010919347636616e+00) (10, -1.29328762406441200028e+00) (11, -1.80185352976520385404e-01) (0, -1.05787424320644873887e+00) (1, 1.41174427393860124624e+00) (2, 1.34978138272621728255e+00) (3, 1.33780896637625001944e+00) (4, 4.43432166645682013240e+00) (5, -1.55661471212240698492e+00) (6, -2.86838863410137356880e+00) (7, -2.91589088358066739204e+00) (8, -2.96127795793197812202e+00) (9, 1.22828018985048181833e+00) (10, -1.44310050481888296758e+00) (11, 9.80833353705068411443e-02) (12, 4.26346788416063926519e+00) (13, 1.81612125515492062178e+00) (14, 4.29613827774679801763e+00) (15, 1.81683916244087563518e-02) 
