FANN_FLO_2.1
num_layers=3
learning_rate=0.700000
connection_rate=1.000000
network_type=0
learning_momentum=0.000000
training_algorithm=2
train_error_function=1
train_stop_function=1
cascade_output_change_fraction=0.010000
quickprop_decay=-0.000100
quickprop_mu=1.750000
rprop_increase_factor=1.200000
rprop_decrease_factor=0.500000
rprop_delta_min=0.000000
rprop_delta_max=50.000000
rprop_delta_zero=0.100000
cascade_output_stagnation_epochs=12
cascade_candidate_change_fraction=0.010000
cascade_candidate_stagnation_epochs=12
cascade_max_out_epochs=150
cascade_min_out_epochs=50
cascade_max_cand_epochs=150
cascade_min_cand_epochs=50
cascade_num_candidate_groups=2
bit_fail_limit=1.00000000000000005551e-01
cascade_candidate_limit=1.00000000000000000000e+03
cascade_weight_multiplier=4.00000000000000022204e-01
cascade_activation_functions_count=10
cascade_activation_functions=3 5 7 8 10 11 14 15 16 17 
cascade_activation_steepnesses_count=4
cascade_activation_steepnesses=2.50000000000000000000e-01 5.00000000000000000000e-01 7.50000000000000000000e-01 1.00000000000000000000e+00 
layer_sizes=12 4 2 
scale_included=0
neurons (num_inputs, activation_function, activation_steepness)=(0, 0, 0.00000000000000000000e+00) (0, 0, 0.00000000000000000000e+00) (0, 0, 0.00000000000000000000e+00) (0, 0, 0.00000000000000000000e+00) (0, 0, 0.00000000000000000000e+00) (0, 0, 0.00000000000000000000e+00) (0, 0, 0.00000000000000000000e+00) (0, 0, 0.00000000000000000000e+00) (0, 0, 0.00000000000000000000e+00) (0, 0, 0.00000000000000000000e+00) (0, 0, 0.00000000000000000000e+00) (0, 0, 0.00000000000000000000e+00) (12, 6, 5.00000000000000000000e-01) (12, 6, 5.00000000000000000000e-01) (12, 6, 5.00000000000000000000e-01) (0, 6, 0.00000000000000000000e+00) (4, 4, 5.00000000000000000000e-01) (0, 4, 0.00000000000000000000e+00) 
connections (connected_to_neuron, weight)=(0, -5.19636741767717413865e+00) (1, -1.50076676947078513358e+00) (2, -4.32251020738036384472e+00) (3, 4.73833600610565408573e+00) (4, 4.91937648160294338506e-01) (5, 7.44395511859201697291e+00) (6, -1.52445447803067524184e+00) (7, -3.81241160260467637499e+00) (8, -3.77410021548856189355e+00) (9, -7.82421981669417232474e-01) (10, 8.75910445585753549835e+00) (11, 3.75805933744531017737e+00) (0, 1.10840914414084501516e+00) (1, 1.19858719854765760626e-01) (2, 1.06440512697890010685e+01) (3, 5.20023277583201615215e+00) (4, 4.65572047295500635045e+00) (5, 1.09906423414104104097e+00) (6, 1.97222020960063937345e+00) (7, 1.37398243009810840931e+01) (8, 1.54726108113684173162e+01) (9, 2.61705671574712717131e+00) (10, 1.87785044255459787621e+01) (11, -2.05600251425468361077e+00) (0, 2.45335894610901550372e-01) (1, 1.06464511908749166480e+01) (2, 4.31663307281953789740e-01) (3, -4.83370047412743186754e+00) (4, 9.23182301963455409499e-01) (5, -1.00471611203825572645e+00) (6, -4.20327717994497707110e+00) (7, 2.33404823392546034722e-01) (8, -8.70821484189269606757e-02) (9, 1.24260119037557426047e+00) (10, 3.20496911669475803564e-01) (11, -1.28344839324340531661e+00) (12, -1.35804792323515641783e+01) (13, 1.37508900048380642289e+01) (14, 7.77376913488075516057e+00) (15, -1.83470622396985882929e+00) 
