FANN_FLO_2.1
num_layers=3
learning_rate=0.700000
connection_rate=1.000000
network_type=0
learning_momentum=0.000000
training_algorithm=2
train_error_function=1
train_stop_function=1
cascade_output_change_fraction=0.010000
quickprop_decay=-0.000100
quickprop_mu=1.750000
rprop_increase_factor=1.200000
rprop_decrease_factor=0.500000
rprop_delta_min=0.000000
rprop_delta_max=50.000000
rprop_delta_zero=0.100000
cascade_output_stagnation_epochs=12
cascade_candidate_change_fraction=0.010000
cascade_candidate_stagnation_epochs=12
cascade_max_out_epochs=150
cascade_min_out_epochs=50
cascade_max_cand_epochs=150
cascade_min_cand_epochs=50
cascade_num_candidate_groups=2
bit_fail_limit=1.00000000000000005551e-01
cascade_candidate_limit=1.00000000000000000000e+03
cascade_weight_multiplier=4.00000000000000022204e-01
cascade_activation_functions_count=10
cascade_activation_functions=3 5 7 8 10 11 14 15 16 17 
cascade_activation_steepnesses_count=4
cascade_activation_steepnesses=2.50000000000000000000e-01 5.00000000000000000000e-01 7.50000000000000000000e-01 1.00000000000000000000e+00 
layer_sizes=10 4 2 
scale_included=0
neurons (num_inputs, activation_function, activation_steepness)=(0, 0, 0.00000000000000000000e+00) (0, 0, 0.00000000000000000000e+00) (0, 0, 0.00000000000000000000e+00) (0, 0, 0.00000000000000000000e+00) (0, 0, 0.00000000000000000000e+00) (0, 0, 0.00000000000000000000e+00) (0, 0, 0.00000000000000000000e+00) (0, 0, 0.00000000000000000000e+00) (0, 0, 0.00000000000000000000e+00) (0, 0, 0.00000000000000000000e+00) (10, 6, 5.00000000000000000000e-01) (10, 6, 5.00000000000000000000e-01) (10, 6, 5.00000000000000000000e-01) (0, 6, 0.00000000000000000000e+00) (4, 4, 5.00000000000000000000e-01) (0, 4, 0.00000000000000000000e+00) 
connections (connected_to_neuron, weight)=(0, 4.54358738407670825765e-01) (1, 1.67820650917776403865e+00) (2, -4.59579535772796088366e-01) (3, -7.63019150464791184874e-01) (4, 1.56225625783254495893e+00) (5, 3.83352157115616765104e-01) (6, 6.78779413119384167352e-01) (7, -1.63036497076156222663e-01) (8, -3.65145616899333447236e-01) (9, -1.78973434744822501585e+00) (0, 3.29840526725440341682e-01) (1, 1.47983927795115732806e+00) (2, -1.64601641095219286548e+00) (3, -1.35791776027826371909e+00) (4, 1.58635167564662138417e+00) (5, 1.95978174347680694778e-01) (6, 6.54034789517948023096e-01) (7, -2.27585847516658001943e-01) (8, -4.61539493869147277039e-01) (9, -1.06678692103430172722e+00) (0, -9.40280001515216135033e+00) (1, -3.30703656718570437878e-01) (2, 3.20976497902070123658e+00) (3, 2.46200839820787154011e+00) (4, -5.29951755895335274715e-01) (5, 2.31516366498234571480e+00) (6, 3.02179087265476375990e+00) (7, 7.93154245368078436584e-01) (8, 1.67402925915377798205e+00) (9, 8.88867451371534555982e-01) (10, 5.92801138109284480038e+01) (11, 3.18951580391996047936e+00) (12, -3.30432733179949664759e+01) (13, -2.92604902283659606965e+00) 
