FANN_FLO_2.1
num_layers=3
learning_rate=0.700000
connection_rate=1.000000
network_type=0
learning_momentum=0.000000
training_algorithm=2
train_error_function=1
train_stop_function=1
cascade_output_change_fraction=0.010000
quickprop_decay=-0.000100
quickprop_mu=1.750000
rprop_increase_factor=1.200000
rprop_decrease_factor=0.500000
rprop_delta_min=0.000000
rprop_delta_max=50.000000
rprop_delta_zero=0.100000
cascade_output_stagnation_epochs=12
cascade_candidate_change_fraction=0.010000
cascade_candidate_stagnation_epochs=12
cascade_max_out_epochs=150
cascade_min_out_epochs=50
cascade_max_cand_epochs=150
cascade_min_cand_epochs=50
cascade_num_candidate_groups=2
bit_fail_limit=1.00000000000000005551e-01
cascade_candidate_limit=1.00000000000000000000e+03
cascade_weight_multiplier=4.00000000000000022204e-01
cascade_activation_functions_count=10
cascade_activation_functions=3 5 7 8 10 11 14 15 16 17 
cascade_activation_steepnesses_count=4
cascade_activation_steepnesses=2.50000000000000000000e-01 5.00000000000000000000e-01 7.50000000000000000000e-01 1.00000000000000000000e+00 
layer_sizes=17 4 2 
scale_included=0
neurons (num_inputs, activation_function, activation_steepness)=(0, 0, 0.00000000000000000000e+00) (0, 0, 0.00000000000000000000e+00) (0, 0, 0.00000000000000000000e+00) (0, 0, 0.00000000000000000000e+00) (0, 0, 0.00000000000000000000e+00) (0, 0, 0.00000000000000000000e+00) (0, 0, 0.00000000000000000000e+00) (0, 0, 0.00000000000000000000e+00) (0, 0, 0.00000000000000000000e+00) (0, 0, 0.00000000000000000000e+00) (0, 0, 0.00000000000000000000e+00) (0, 0, 0.00000000000000000000e+00) (0, 0, 0.00000000000000000000e+00) (0, 0, 0.00000000000000000000e+00) (0, 0, 0.00000000000000000000e+00) (0, 0, 0.00000000000000000000e+00) (0, 0, 0.00000000000000000000e+00) (17, 6, 5.00000000000000000000e-01) (17, 6, 5.00000000000000000000e-01) (17, 6, 5.00000000000000000000e-01) (0, 6, 0.00000000000000000000e+00) (4, 4, 5.00000000000000000000e-01) (0, 4, 0.00000000000000000000e+00) 
connections (connected_to_neuron, weight)=(0, 9.65620317129916916343e-01) (1, -9.44663201388548312565e-01) (2, -1.04416890201974688068e+00) (3, 2.07253220483878147773e-01) (4, 2.14935275438883272026e-01) (5, -9.95360156701520781830e-01) (6, 3.96037187449486183244e-01) (7, 2.62473631184595324051e-01) (8, -3.69512508295675945469e-01) (9, -1.16306949737133158429e+00) (10, -1.35079058446267885607e-01) (11, -1.29467631183861092703e-01) (12, 6.44783751448576025744e-02) (13, 1.61594892406117712769e-01) (14, 4.06636421353289090330e-01) (15, -1.43441266492488478379e-01) (16, 1.44891553094187575113e+00) (0, -6.99405259282603886106e-01) (1, 9.57084345033506145306e-01) (2, 1.61998188773945583918e+00) (3, 5.78254314291504478707e-02) (4, 3.75666868809331866430e-01) (5, 9.70632953349549909561e-01) (6, 7.48214350134177898222e-03) (7, -9.99200980352071693735e-02) (8, -2.01083639607448266817e-01) (9, 1.47189992062013441654e+00) (10, 3.11840164932478070003e-01) (11, 1.17964028052960107074e-01) (12, 5.37589066291937367481e-01) (13, -3.57752908706305661202e-01) (14, 2.35186502999306490391e-01) (15, -5.60465099018044726753e-02) (16, -1.03195469930025818250e+00) (0, -5.97991726191058781126e-01) (1, 1.04176814428896857834e+00) (2, 1.64339925627068295100e+00) (3, -1.06677947052855770504e-01) (4, 4.31106087688077899145e-01) (5, 9.79523261789281507461e-01) (6, 3.86781786263784435956e-03) (7, -1.48001276435427653322e-01) (8, -1.61361946381640530834e-01) (9, 1.54682815960805708499e+00) (10, -2.10705583247826289117e-01) (11, -3.18778172114164981554e-02) (12, 5.39712720180639760059e-01) (13, -3.08911134242652318793e-01) (14, 5.73947782837482406437e-02) (15, 5.79578230060290022774e-02) (16, -1.01069553299996139906e+00) (17, -3.92421725327187758126e+01) (18, 1.85801160733664794122e+01) (19, 1.85730718176329894220e+01) (20, -7.99937231727995912145e-01) 
