FANN_FLO_2.1
num_layers=3
learning_rate=0.700000
connection_rate=1.000000
network_type=0
learning_momentum=0.000000
training_algorithm=2
train_error_function=1
train_stop_function=1
cascade_output_change_fraction=0.010000
quickprop_decay=-0.000100
quickprop_mu=1.750000
rprop_increase_factor=1.200000
rprop_decrease_factor=0.500000
rprop_delta_min=0.000000
rprop_delta_max=50.000000
rprop_delta_zero=0.100000
cascade_output_stagnation_epochs=12
cascade_candidate_change_fraction=0.010000
cascade_candidate_stagnation_epochs=12
cascade_max_out_epochs=150
cascade_min_out_epochs=50
cascade_max_cand_epochs=150
cascade_min_cand_epochs=50
cascade_num_candidate_groups=2
bit_fail_limit=1.00000000000000005551e-01
cascade_candidate_limit=1.00000000000000000000e+03
cascade_weight_multiplier=4.00000000000000022204e-01
cascade_activation_functions_count=10
cascade_activation_functions=3 5 7 8 10 11 14 15 16 17 
cascade_activation_steepnesses_count=4
cascade_activation_steepnesses=2.50000000000000000000e-01 5.00000000000000000000e-01 7.50000000000000000000e-01 1.00000000000000000000e+00 
layer_sizes=17 4 2 
scale_included=0
neurons (num_inputs, activation_function, activation_steepness)=(0, 0, 0.00000000000000000000e+00) (0, 0, 0.00000000000000000000e+00) (0, 0, 0.00000000000000000000e+00) (0, 0, 0.00000000000000000000e+00) (0, 0, 0.00000000000000000000e+00) (0, 0, 0.00000000000000000000e+00) (0, 0, 0.00000000000000000000e+00) (0, 0, 0.00000000000000000000e+00) (0, 0, 0.00000000000000000000e+00) (0, 0, 0.00000000000000000000e+00) (0, 0, 0.00000000000000000000e+00) (0, 0, 0.00000000000000000000e+00) (0, 0, 0.00000000000000000000e+00) (0, 0, 0.00000000000000000000e+00) (0, 0, 0.00000000000000000000e+00) (0, 0, 0.00000000000000000000e+00) (0, 0, 0.00000000000000000000e+00) (17, 6, 5.00000000000000000000e-01) (17, 6, 5.00000000000000000000e-01) (17, 6, 5.00000000000000000000e-01) (0, 6, 0.00000000000000000000e+00) (4, 4, 5.00000000000000000000e-01) (0, 4, 0.00000000000000000000e+00) 
connections (connected_to_neuron, weight)=(0, -2.31122008073093709868e+00) (1, 4.83720833279812278960e+00) (2, -6.37686075598578816503e-01) (3, -1.54290334078458402089e+00) (4, -1.20869970962407302650e+00) (5, -1.25505465164782714638e+00) (6, 4.68016412325823250029e+00) (7, -7.46211701959948903173e-01) (8, -2.20581269028486426365e+00) (9, -1.29320983768360675548e+00) (10, -1.28329977572815479014e+00) (11, -1.23998872370379031871e+00) (12, -1.25848794908182681773e+00) (13, -1.59254222861757410712e+00) (14, -1.13682279631497573646e+00) (15, -1.49515905729761233722e+00) (16, 1.55143194370474524213e-01) (0, -1.83508945988895533219e+00) (1, 2.00398693027379160014e+00) (2, -3.39201800913195294918e-01) (3, -6.60396482860189038000e-01) (4, -6.47477220808606701574e-01) (5, -9.26095863426942944585e-01) (6, 2.05733443217756395427e+00) (7, -4.43756081551890058101e-01) (8, -8.09759107972402691900e-01) (9, -9.14701685909198314306e-01) (10, -9.39780213538573772070e-01) (11, -9.03527856472896129247e-01) (12, -1.01932205319778779185e+00) (13, -6.52671164603045084185e-01) (14, -9.56146707381029248296e-01) (15, -9.24280201638956189214e-01) (16, 4.55696275164737263363e-02) (0, 2.51432716079476215043e+00) (1, -2.96403897286459017124e+00) (2, 4.06797141964234831857e-01) (3, 1.73904330014011643257e+00) (4, 1.69830277292749665108e+00) (5, 1.12517605303550727314e+00) (6, -3.02853286371632623997e+00) (7, 3.30253281588354319354e-01) (8, 2.02818180120815005907e+00) (9, 1.32372516567242803909e+00) (10, 1.34625407051330592267e+00) (11, 1.27602763647568884231e+00) (12, 1.23666317934525671340e+00) (13, 1.36380480345374133222e+00) (14, 1.20725821285272627570e+00) (15, 1.98568671441901889452e+00) (16, 1.79957679137981385598e-01) (17, 4.79981264688694420073e+00) (18, 1.89375614928485980215e+00) (19, -4.79816479080045166228e+00) (20, 1.96051840208973593427e-01) 
