FANN_FLO_2.1
num_layers=3
learning_rate=0.700000
connection_rate=1.000000
network_type=0
learning_momentum=0.000000
training_algorithm=2
train_error_function=1
train_stop_function=1
cascade_output_change_fraction=0.010000
quickprop_decay=-0.000100
quickprop_mu=1.750000
rprop_increase_factor=1.200000
rprop_decrease_factor=0.500000
rprop_delta_min=0.000000
rprop_delta_max=50.000000
rprop_delta_zero=0.100000
cascade_output_stagnation_epochs=12
cascade_candidate_change_fraction=0.010000
cascade_candidate_stagnation_epochs=12
cascade_max_out_epochs=150
cascade_min_out_epochs=50
cascade_max_cand_epochs=150
cascade_min_cand_epochs=50
cascade_num_candidate_groups=2
bit_fail_limit=1.00000000000000005551e-01
cascade_candidate_limit=1.00000000000000000000e+03
cascade_weight_multiplier=4.00000000000000022204e-01
cascade_activation_functions_count=10
cascade_activation_functions=3 5 7 8 10 11 14 15 16 17 
cascade_activation_steepnesses_count=4
cascade_activation_steepnesses=2.50000000000000000000e-01 5.00000000000000000000e-01 7.50000000000000000000e-01 1.00000000000000000000e+00 
layer_sizes=10 4 2 
scale_included=0
neurons (num_inputs, activation_function, activation_steepness)=(0, 0, 0.00000000000000000000e+00) (0, 0, 0.00000000000000000000e+00) (0, 0, 0.00000000000000000000e+00) (0, 0, 0.00000000000000000000e+00) (0, 0, 0.00000000000000000000e+00) (0, 0, 0.00000000000000000000e+00) (0, 0, 0.00000000000000000000e+00) (0, 0, 0.00000000000000000000e+00) (0, 0, 0.00000000000000000000e+00) (0, 0, 0.00000000000000000000e+00) (10, 6, 5.00000000000000000000e-01) (10, 6, 5.00000000000000000000e-01) (10, 6, 5.00000000000000000000e-01) (0, 6, 0.00000000000000000000e+00) (4, 4, 5.00000000000000000000e-01) (0, 4, 0.00000000000000000000e+00) 
connections (connected_to_neuron, weight)=(0, 5.82873745145153421277e+00) (1, 1.36641424659940469155e+00) (2, 1.82033750343963274254e+00) (3, 1.04812074690400569565e+00) (4, 5.00429461319423674048e-01) (5, 1.50888702356415116412e+00) (6, 1.06475860132136102010e+00) (7, 1.79826304775504430822e+00) (8, 1.84523629139235856300e+00) (9, -4.28543484622590753474e+00) (0, -7.81740691336362480968e+00) (1, 4.41880161001544546906e+00) (2, -1.21663443815311400620e+00) (3, 1.46091044151474100943e+01) (4, 1.52086476283672056287e-01) (5, -4.38509295991815317706e+00) (6, 2.50382968191587735873e+01) (7, -5.68000387933913220007e-05) (8, 2.89064318346390902725e-01) (9, -9.31554754128923412360e-01) (0, -3.02679657214920228014e+00) (1, 3.61725230730849789396e+00) (2, 8.93220204169885012568e-01) (3, -3.00691802228207105685e+00) (4, 2.85098741019591344070e+01) (5, -4.80677070746120449485e+00) (6, 2.17587907281874919363e+01) (7, -2.06648955041910031838e+00) (8, 3.77004838139889775217e-01) (9, -6.72179968746159151038e-01) (10, 9.32687782901766837540e+01) (11, 5.68340882834955785086e+00) (12, 1.49318732609972197878e+01) (13, -1.88478017284263943409e+00) 
