FANN_FLO_2.1
num_layers=3
learning_rate=0.700000
connection_rate=1.000000
network_type=0
learning_momentum=0.000000
training_algorithm=2
train_error_function=1
train_stop_function=1
cascade_output_change_fraction=0.010000
quickprop_decay=-0.000100
quickprop_mu=1.750000
rprop_increase_factor=1.200000
rprop_decrease_factor=0.500000
rprop_delta_min=0.000000
rprop_delta_max=50.000000
rprop_delta_zero=0.100000
cascade_output_stagnation_epochs=12
cascade_candidate_change_fraction=0.010000
cascade_candidate_stagnation_epochs=12
cascade_max_out_epochs=150
cascade_min_out_epochs=50
cascade_max_cand_epochs=150
cascade_min_cand_epochs=50
cascade_num_candidate_groups=2
bit_fail_limit=1.00000000000000005551e-01
cascade_candidate_limit=1.00000000000000000000e+03
cascade_weight_multiplier=4.00000000000000022204e-01
cascade_activation_functions_count=10
cascade_activation_functions=3 5 7 8 10 11 14 15 16 17 
cascade_activation_steepnesses_count=4
cascade_activation_steepnesses=2.50000000000000000000e-01 5.00000000000000000000e-01 7.50000000000000000000e-01 1.00000000000000000000e+00 
layer_sizes=9 4 2 
scale_included=0
neurons (num_inputs, activation_function, activation_steepness)=(0, 0, 0.00000000000000000000e+00) (0, 0, 0.00000000000000000000e+00) (0, 0, 0.00000000000000000000e+00) (0, 0, 0.00000000000000000000e+00) (0, 0, 0.00000000000000000000e+00) (0, 0, 0.00000000000000000000e+00) (0, 0, 0.00000000000000000000e+00) (0, 0, 0.00000000000000000000e+00) (0, 0, 0.00000000000000000000e+00) (9, 6, 5.00000000000000000000e-01) (9, 6, 5.00000000000000000000e-01) (9, 6, 5.00000000000000000000e-01) (0, 6, 0.00000000000000000000e+00) (4, 4, 5.00000000000000000000e-01) (0, 4, 0.00000000000000000000e+00) 
connections (connected_to_neuron, weight)=(0, -2.07898460758976749707e-01) (1, 9.00899841306799054053e+00) (2, -7.91822874304687118752e+00) (3, -4.10107169446097774568e+00) (4, 3.36008635803665933750e+00) (5, -3.22435317264215282052e+00) (6, 3.44479008937829123127e-01) (7, -4.25108965373718739045e+00) (8, -5.22048739065505751356e-01) (0, 1.66389179590866582714e+01) (1, 5.24819253370463414399e+01) (2, 1.37180074525461463963e+03) (3, 1.50000000000000000000e+03) (4, 1.02521084482544044825e+00) (5, 1.14197079243897792367e+03) (6, -1.17820598322240044808e+02) (7, 1.37218069850921438046e+03) (8, 1.14727395956795362508e+02) (0, -2.61809731847646487424e+00) (1, -6.33226057631841254825e-01) (2, 1.30086151766283091291e+01) (3, 2.75017434348817424450e+00) (4, 3.75421117725827313549e+00) (5, -3.55361143873260543202e+00) (6, 4.90093280861657110137e+00) (7, 3.13699548034711828137e+00) (8, -4.05623014417427896205e+00) (9, 4.69461186951445252902e+00) (10, -1.83263827064868189964e+00) (11, 6.12129766330919622419e+00) (12, -2.80076065338736190924e+00) 
