FANN_FLO_2.1
num_layers=3
learning_rate=0.700000
connection_rate=1.000000
network_type=0
learning_momentum=0.000000
training_algorithm=2
train_error_function=1
train_stop_function=1
cascade_output_change_fraction=0.010000
quickprop_decay=-0.000100
quickprop_mu=1.750000
rprop_increase_factor=1.200000
rprop_decrease_factor=0.500000
rprop_delta_min=0.000000
rprop_delta_max=50.000000
rprop_delta_zero=0.100000
cascade_output_stagnation_epochs=12
cascade_candidate_change_fraction=0.010000
cascade_candidate_stagnation_epochs=12
cascade_max_out_epochs=150
cascade_min_out_epochs=50
cascade_max_cand_epochs=150
cascade_min_cand_epochs=50
cascade_num_candidate_groups=2
bit_fail_limit=1.00000000000000005551e-01
cascade_candidate_limit=1.00000000000000000000e+03
cascade_weight_multiplier=4.00000000000000022204e-01
cascade_activation_functions_count=10
cascade_activation_functions=3 5 7 8 10 11 14 15 16 17 
cascade_activation_steepnesses_count=4
cascade_activation_steepnesses=2.50000000000000000000e-01 5.00000000000000000000e-01 7.50000000000000000000e-01 1.00000000000000000000e+00 
layer_sizes=17 4 2 
scale_included=0
neurons (num_inputs, activation_function, activation_steepness)=(0, 0, 0.00000000000000000000e+00) (0, 0, 0.00000000000000000000e+00) (0, 0, 0.00000000000000000000e+00) (0, 0, 0.00000000000000000000e+00) (0, 0, 0.00000000000000000000e+00) (0, 0, 0.00000000000000000000e+00) (0, 0, 0.00000000000000000000e+00) (0, 0, 0.00000000000000000000e+00) (0, 0, 0.00000000000000000000e+00) (0, 0, 0.00000000000000000000e+00) (0, 0, 0.00000000000000000000e+00) (0, 0, 0.00000000000000000000e+00) (0, 0, 0.00000000000000000000e+00) (0, 0, 0.00000000000000000000e+00) (0, 0, 0.00000000000000000000e+00) (0, 0, 0.00000000000000000000e+00) (0, 0, 0.00000000000000000000e+00) (17, 6, 5.00000000000000000000e-01) (17, 6, 5.00000000000000000000e-01) (17, 6, 5.00000000000000000000e-01) (0, 6, 0.00000000000000000000e+00) (4, 4, 5.00000000000000000000e-01) (0, 4, 0.00000000000000000000e+00) 
connections (connected_to_neuron, weight)=(0, -1.97628057482545926860e+01) (1, -1.50000000000000000000e+03) (2, -1.28764417374475019784e+01) (3, -1.50000000000000000000e+03) (4, -1.50000000000000000000e+03) (5, 5.94958148470645564743e+00) (6, 1.54809823809005937534e+01) (7, 4.88260829374443883211e+00) (8, 1.39617779359643645609e-01) (9, -3.25089078488890681484e+00) (10, -2.16400497275979404321e+01) (11, 6.25437308161124971839e-01) (12, 3.80523839633474647570e+00) (13, -2.03156662561082157481e+00) (14, -1.56623103330763524532e+00) (15, -1.50000000000000000000e+03) (16, -4.40814369961565866163e+00) (0, -1.33633953802314486836e+01) (1, 7.45514930149644072799e+00) (2, 2.06819795332245792707e+00) (3, -6.76314765508791193582e+00) (4, 4.47332741620091312029e+00) (5, 2.83305833219105407395e+00) (6, 1.18937683953591721853e+00) (7, 2.47691112315622996576e+00) (8, 9.14571834712537556911e-01) (9, -1.75508227657188542459e-01) (10, -7.40824981426037076915e+00) (11, 5.26239974597361492847e-01) (12, -2.70825194309621473110e+01) (13, -1.81507646033459191237e+00) (14, 3.04830636971351820463e+00) (15, 4.47592180021507068943e+00) (16, 5.36015568752154170085e-01) (0, 5.47469861964043502667e+00) (1, 1.32184988931971112436e+01) (2, -4.03248016492401495370e-01) (3, -3.28749318101077321330e+01) (4, 1.31965739452810186805e+01) (5, 5.54925639191831265862e+00) (6, 7.17194497551205056851e+00) (7, 6.48795000458561421652e+00) (8, 1.42761878318292279033e+00) (9, -9.65607669171702198696e+00) (10, 1.50000000000000000000e+03) (11, -7.19825581089515598165e+00) (12, -5.68331944643320099431e+01) (13, -3.73596392072871941181e+00) (14, -3.02886624206858412478e+00) (15, 1.32064268588476370070e+01) (16, 1.48287559191964568583e+00) (17, 1.28938440116614447817e+01) (18, 3.68671847324479600161e+01) (19, -2.97614085396304126618e+01) (20, 6.32012038776182283328e-01) 
