FANN_FLO_2.1
num_layers=3
learning_rate=0.700000
connection_rate=1.000000
network_type=0
learning_momentum=0.000000
training_algorithm=2
train_error_function=1
train_stop_function=1
cascade_output_change_fraction=0.010000
quickprop_decay=-0.000100
quickprop_mu=1.750000
rprop_increase_factor=1.200000
rprop_decrease_factor=0.500000
rprop_delta_min=0.000000
rprop_delta_max=50.000000
rprop_delta_zero=0.100000
cascade_output_stagnation_epochs=12
cascade_candidate_change_fraction=0.010000
cascade_candidate_stagnation_epochs=12
cascade_max_out_epochs=150
cascade_min_out_epochs=50
cascade_max_cand_epochs=150
cascade_min_cand_epochs=50
cascade_num_candidate_groups=2
bit_fail_limit=1.00000000000000005551e-01
cascade_candidate_limit=1.00000000000000000000e+03
cascade_weight_multiplier=4.00000000000000022204e-01
cascade_activation_functions_count=10
cascade_activation_functions=3 5 7 8 10 11 14 15 16 17 
cascade_activation_steepnesses_count=4
cascade_activation_steepnesses=2.50000000000000000000e-01 5.00000000000000000000e-01 7.50000000000000000000e-01 1.00000000000000000000e+00 
layer_sizes=8 4 2 
scale_included=0
neurons (num_inputs, activation_function, activation_steepness)=(0, 0, 0.00000000000000000000e+00) (0, 0, 0.00000000000000000000e+00) (0, 0, 0.00000000000000000000e+00) (0, 0, 0.00000000000000000000e+00) (0, 0, 0.00000000000000000000e+00) (0, 0, 0.00000000000000000000e+00) (0, 0, 0.00000000000000000000e+00) (0, 0, 0.00000000000000000000e+00) (8, 6, 5.00000000000000000000e-01) (8, 6, 5.00000000000000000000e-01) (8, 6, 5.00000000000000000000e-01) (0, 6, 0.00000000000000000000e+00) (4, 4, 5.00000000000000000000e-01) (0, 4, 0.00000000000000000000e+00) 
connections (connected_to_neuron, weight)=(0, 2.44214000445331758105e-01) (1, -5.31073197008450348378e-01) (2, -5.92342674544758640565e-01) (3, -1.28991448385969958990e-01) (4, -1.73538681488042134671e-01) (5, -6.83554614326311482664e-01) (6, 4.23503349788497962525e-02) (7, 4.01952573562404380514e-01) (0, -3.52040353067982536572e+00) (1, 1.62550082502638160165e+00) (2, 8.75182426462362883512e-01) (3, -4.03078497171033334201e-01) (4, 4.36109170417211267079e+00) (5, 1.16645790341404231860e+00) (6, 1.18411965871970603636e+00) (7, -2.69519530689428465919e+00) (0, -2.45443052074225809278e+00) (1, 1.78610999293237604491e+00) (2, 2.30868326517077315785e+00) (3, 1.86875253453051254349e-01) (4, 2.01227339179352515686e+00) (5, 1.07965230538236323099e+00) (6, -9.77215302516684092282e-01) (7, -3.13819117677339232131e+00) (8, -7.07798432493516593844e-01) (9, 4.69395862445304388189e+01) (10, 6.38795033952458410909e+01) (11, -1.55454754342585688143e+00) 
