FANN_FLO_2.1
num_layers=3
learning_rate=0.700000
connection_rate=1.000000
network_type=0
learning_momentum=0.000000
training_algorithm=2
train_error_function=1
train_stop_function=1
cascade_output_change_fraction=0.010000
quickprop_decay=-0.000100
quickprop_mu=1.750000
rprop_increase_factor=1.200000
rprop_decrease_factor=0.500000
rprop_delta_min=0.000000
rprop_delta_max=50.000000
rprop_delta_zero=0.100000
cascade_output_stagnation_epochs=12
cascade_candidate_change_fraction=0.010000
cascade_candidate_stagnation_epochs=12
cascade_max_out_epochs=150
cascade_min_out_epochs=50
cascade_max_cand_epochs=150
cascade_min_cand_epochs=50
cascade_num_candidate_groups=2
bit_fail_limit=1.00000000000000005551e-01
cascade_candidate_limit=1.00000000000000000000e+03
cascade_weight_multiplier=4.00000000000000022204e-01
cascade_activation_functions_count=10
cascade_activation_functions=3 5 7 8 10 11 14 15 16 17 
cascade_activation_steepnesses_count=4
cascade_activation_steepnesses=2.50000000000000000000e-01 5.00000000000000000000e-01 7.50000000000000000000e-01 1.00000000000000000000e+00 
layer_sizes=7 4 2 
scale_included=0
neurons (num_inputs, activation_function, activation_steepness)=(0, 0, 0.00000000000000000000e+00) (0, 0, 0.00000000000000000000e+00) (0, 0, 0.00000000000000000000e+00) (0, 0, 0.00000000000000000000e+00) (0, 0, 0.00000000000000000000e+00) (0, 0, 0.00000000000000000000e+00) (0, 0, 0.00000000000000000000e+00) (7, 6, 5.00000000000000000000e-01) (7, 6, 5.00000000000000000000e-01) (7, 6, 5.00000000000000000000e-01) (0, 6, 0.00000000000000000000e+00) (4, 4, 5.00000000000000000000e-01) (0, 4, 0.00000000000000000000e+00) 
connections (connected_to_neuron, weight)=(0, 2.78135870894900827377e-01) (1, 1.50000000000000000000e+03) (2, 1.15683365491426437544e+00) (3, 1.71772636918109533610e+00) (4, 1.18201666043735653666e+00) (5, 1.38782654227259505397e+00) (6, -1.10965053235787602937e+00) (0, 4.29157786007337949119e-01) (1, 1.50000000000000000000e+03) (2, 1.32383187130280655097e+00) (3, 1.01769929323992003312e+00) (4, 6.52618109585662797834e-01) (5, 4.23437438065018600941e-01) (6, -6.55234635098437712131e-01) (0, -2.27945345602041626876e+00) (1, 8.84685661354939838930e+02) (2, 3.56635989362223604360e+00) (3, 8.70583098281470846302e+00) (4, -1.18763863953249115823e-01) (5, -2.98876086415123587425e-01) (6, 1.25509388167895408195e+00) (7, 3.84303644995179425337e+01) (8, 1.31812551389973409144e+00) (9, -2.72522437080891180017e+01) (10, -1.06139310634734940209e+00) 
