FANN_FLO_2.1
num_layers=3
learning_rate=0.700000
connection_rate=1.000000
network_type=0
learning_momentum=0.000000
training_algorithm=2
train_error_function=1
train_stop_function=1
cascade_output_change_fraction=0.010000
quickprop_decay=-0.000100
quickprop_mu=1.750000
rprop_increase_factor=1.200000
rprop_decrease_factor=0.500000
rprop_delta_min=0.000000
rprop_delta_max=50.000000
rprop_delta_zero=0.100000
cascade_output_stagnation_epochs=12
cascade_candidate_change_fraction=0.010000
cascade_candidate_stagnation_epochs=12
cascade_max_out_epochs=150
cascade_min_out_epochs=50
cascade_max_cand_epochs=150
cascade_min_cand_epochs=50
cascade_num_candidate_groups=2
bit_fail_limit=1.00000000000000005551e-01
cascade_candidate_limit=1.00000000000000000000e+03
cascade_weight_multiplier=4.00000000000000022204e-01
cascade_activation_functions_count=10
cascade_activation_functions=3 5 7 8 10 11 14 15 16 17 
cascade_activation_steepnesses_count=4
cascade_activation_steepnesses=2.50000000000000000000e-01 5.00000000000000000000e-01 7.50000000000000000000e-01 1.00000000000000000000e+00 
layer_sizes=8 4 2 
scale_included=0
neurons (num_inputs, activation_function, activation_steepness)=(0, 0, 0.00000000000000000000e+00) (0, 0, 0.00000000000000000000e+00) (0, 0, 0.00000000000000000000e+00) (0, 0, 0.00000000000000000000e+00) (0, 0, 0.00000000000000000000e+00) (0, 0, 0.00000000000000000000e+00) (0, 0, 0.00000000000000000000e+00) (0, 0, 0.00000000000000000000e+00) (8, 6, 5.00000000000000000000e-01) (8, 6, 5.00000000000000000000e-01) (8, 6, 5.00000000000000000000e-01) (0, 6, 0.00000000000000000000e+00) (4, 4, 5.00000000000000000000e-01) (0, 4, 0.00000000000000000000e+00) 
connections (connected_to_neuron, weight)=(0, -3.36393526511178686533e+00) (1, 2.31769811203192643845e+00) (2, 1.83390152067039724493e+00) (3, -3.63467323056391511393e-01) (4, 4.03471671274546839214e+00) (5, 5.19723979325776852534e-01) (6, -3.75400550779548702884e-01) (7, -3.59252507518329933234e+00) (0, -3.28251190798268988047e+00) (1, 2.40939526101063661301e+00) (2, 1.89376404494140859747e+00) (3, -3.27064408383301530314e-01) (4, 4.02086761823538996197e+00) (5, 5.32592637033944882319e-01) (6, -3.33125505712476732700e-01) (7, -3.61789290140667274542e+00) (0, 1.26726751204331217204e-01) (1, 6.47990923018947895251e-02) (2, -6.00386387003009169838e-01) (3, -3.51810809298983118154e-01) (4, -2.18708396448484432284e+00) (5, -8.06912453861602596561e-01) (6, -1.56100968492072361693e-01) (7, 2.53769978546920849105e-01) (8, 9.08213236345166450292e+01) (9, 2.04930507581832195285e+01) (10, -1.87984601433030129591e+00) (11, -1.33689881202140137262e+00) 
