FANN_FLO_2.1
num_layers=3
learning_rate=0.700000
connection_rate=1.000000
network_type=0
learning_momentum=0.000000
training_algorithm=2
train_error_function=1
train_stop_function=1
cascade_output_change_fraction=0.010000
quickprop_decay=-0.000100
quickprop_mu=1.750000
rprop_increase_factor=1.200000
rprop_decrease_factor=0.500000
rprop_delta_min=0.000000
rprop_delta_max=50.000000
rprop_delta_zero=0.100000
cascade_output_stagnation_epochs=12
cascade_candidate_change_fraction=0.010000
cascade_candidate_stagnation_epochs=12
cascade_max_out_epochs=150
cascade_min_out_epochs=50
cascade_max_cand_epochs=150
cascade_min_cand_epochs=50
cascade_num_candidate_groups=2
bit_fail_limit=1.00000000000000005551e-01
cascade_candidate_limit=1.00000000000000000000e+03
cascade_weight_multiplier=4.00000000000000022204e-01
cascade_activation_functions_count=10
cascade_activation_functions=3 5 7 8 10 11 14 15 16 17 
cascade_activation_steepnesses_count=4
cascade_activation_steepnesses=2.50000000000000000000e-01 5.00000000000000000000e-01 7.50000000000000000000e-01 1.00000000000000000000e+00 
layer_sizes=18 4 2 
scale_included=0
neurons (num_inputs, activation_function, activation_steepness)=(0, 0, 0.00000000000000000000e+00) (0, 0, 0.00000000000000000000e+00) (0, 0, 0.00000000000000000000e+00) (0, 0, 0.00000000000000000000e+00) (0, 0, 0.00000000000000000000e+00) (0, 0, 0.00000000000000000000e+00) (0, 0, 0.00000000000000000000e+00) (0, 0, 0.00000000000000000000e+00) (0, 0, 0.00000000000000000000e+00) (0, 0, 0.00000000000000000000e+00) (0, 0, 0.00000000000000000000e+00) (0, 0, 0.00000000000000000000e+00) (0, 0, 0.00000000000000000000e+00) (0, 0, 0.00000000000000000000e+00) (0, 0, 0.00000000000000000000e+00) (0, 0, 0.00000000000000000000e+00) (0, 0, 0.00000000000000000000e+00) (0, 0, 0.00000000000000000000e+00) (18, 6, 5.00000000000000000000e-01) (18, 6, 5.00000000000000000000e-01) (18, 6, 5.00000000000000000000e-01) (0, 6, 0.00000000000000000000e+00) (4, 4, 5.00000000000000000000e-01) (0, 4, 0.00000000000000000000e+00) 
connections (connected_to_neuron, weight)=(0, -6.51255404598821585616e-01) (1, 1.29918154176107036868e+00) (2, 6.16610566336632692774e-01) (3, -1.03749726136556219558e+00) (4, -1.14494326879611563186e+00) (5, 2.34867170136355205012e-02) (6, -6.20564768113006537398e-01) (7, 6.79750497077334703278e-01) (8, 1.58650845418750630067e-01) (9, -5.35403652138818575423e-01) (10, 1.23504081960549938479e+00) (11, -4.78847352810014614821e-01) (12, -3.41090579586704578663e-01) (13, -9.96704676946311707297e-01) (14, -4.73031995840181240798e-01) (15, 3.86029050738358969763e-01) (16, -3.65794939058502521778e-01) (17, 1.95962382035286541981e-01) (0, 3.51593377876278179173e+00) (1, -4.48748161125229749757e+00) (2, -2.80293021804423059251e+00) (3, 7.19009053460960778636e+00) (4, 7.17557680360680016918e+00) (5, 4.74874219443847250810e-03) (6, 3.21328141976843395522e-01) (7, -2.91812993117213625993e+00) (8, 5.44351252017386766369e-01) (9, 4.16725107718954601577e-01) (10, -4.57365839037345800477e+00) (11, 4.55445715476522960952e-01) (12, 3.42597717481848018650e+00) (13, 7.07627036921387109203e+00) (14, 3.89211760152826824477e-01) (15, -3.97827180290077797586e-01) (16, 3.37045496392246501927e+00) (17, 5.66612324729209096419e-02) (0, -1.64840596474912404190e+00) (1, 2.97990235487682664228e+00) (2, 1.62775154241774333563e+00) (3, -2.88716655592186288715e+00) (4, -2.83310085157615976215e+00) (5, 7.55580433317254163139e-02) (6, -5.50482476631886319396e-01) (7, 1.68335032731959421959e+00) (8, -2.37597124813865884230e-01) (9, -4.59398761892998663825e-01) (10, 2.99860756645662629438e+00) (11, -4.15694878006661328040e-01) (12, -1.29812188631223346391e+00) (13, -2.98683338234884576678e+00) (14, -5.69621803740746335265e-01) (15, 7.59223308845622835150e-01) (16, -1.32704224249647761980e+00) (17, -7.18199142188219591398e-02) (18, 4.80175075147753038785e-01) (19, -7.18895917884712609691e+00) (20, 2.88649095038635561394e+00) (21, 1.98021460572582297388e-01) 
