FANN_FLO_2.1
num_layers=3
learning_rate=0.700000
connection_rate=1.000000
network_type=0
learning_momentum=0.000000
training_algorithm=2
train_error_function=1
train_stop_function=1
cascade_output_change_fraction=0.010000
quickprop_decay=-0.000100
quickprop_mu=1.750000
rprop_increase_factor=1.200000
rprop_decrease_factor=0.500000
rprop_delta_min=0.000000
rprop_delta_max=50.000000
rprop_delta_zero=0.100000
cascade_output_stagnation_epochs=12
cascade_candidate_change_fraction=0.010000
cascade_candidate_stagnation_epochs=12
cascade_max_out_epochs=150
cascade_min_out_epochs=50
cascade_max_cand_epochs=150
cascade_min_cand_epochs=50
cascade_num_candidate_groups=2
bit_fail_limit=1.00000000000000005551e-01
cascade_candidate_limit=1.00000000000000000000e+03
cascade_weight_multiplier=4.00000000000000022204e-01
cascade_activation_functions_count=10
cascade_activation_functions=3 5 7 8 10 11 14 15 16 17 
cascade_activation_steepnesses_count=4
cascade_activation_steepnesses=2.50000000000000000000e-01 5.00000000000000000000e-01 7.50000000000000000000e-01 1.00000000000000000000e+00 
layer_sizes=11 4 2 
scale_included=0
neurons (num_inputs, activation_function, activation_steepness)=(0, 0, 0.00000000000000000000e+00) (0, 0, 0.00000000000000000000e+00) (0, 0, 0.00000000000000000000e+00) (0, 0, 0.00000000000000000000e+00) (0, 0, 0.00000000000000000000e+00) (0, 0, 0.00000000000000000000e+00) (0, 0, 0.00000000000000000000e+00) (0, 0, 0.00000000000000000000e+00) (0, 0, 0.00000000000000000000e+00) (0, 0, 0.00000000000000000000e+00) (0, 0, 0.00000000000000000000e+00) (11, 6, 5.00000000000000000000e-01) (11, 6, 5.00000000000000000000e-01) (11, 6, 5.00000000000000000000e-01) (0, 6, 0.00000000000000000000e+00) (4, 4, 5.00000000000000000000e-01) (0, 4, 0.00000000000000000000e+00) 
connections (connected_to_neuron, weight)=(0, -1.87143741042976152755e+00) (1, -1.86810907898063627286e+00) (2, 1.48385408713828992333e+00) (3, -8.97029836339270136847e-01) (4, 2.21244055365817704484e+00) (5, 7.10108132960835192193e-01) (6, -3.31312419259543977645e+00) (7, 1.03133393583893373524e+00) (8, 8.97014168483014073807e-01) (9, 9.36961663347477879960e-01) (10, 1.96598539405008421177e+00) (0, -1.98881764949922401620e+00) (1, -2.20595560206658847235e+00) (2, 1.37664374157201696569e+00) (3, -8.44629157943045161261e-01) (4, 2.21309917753236451432e+00) (5, 6.69950442316570971002e-01) (6, -3.30332720517642552949e+00) (7, 9.87224986567785789404e-01) (8, 9.51184225991060894323e-01) (9, 1.37931369345999321752e+00) (10, 1.99993652753969297642e+00) (0, -2.26798218860123856899e-01) (1, 2.30746947371840516183e+00) (2, -1.33894413809397566650e-01) (3, 7.11715425960855574417e-01) (4, -6.42426386443768593359e-01) (5, -1.88948423726064296257e-01) (6, 2.38863612749703468907e+00) (7, 1.09759542391447542653e-01) (8, -2.66550336681275368278e-01) (9, -4.97830200621653395920e-02) (10, -4.54715615200017797548e-01) (11, -8.39382394345304589933e+01) (12, -2.07681153725248151432e+02) (13, 1.49379645336340938222e+00) (14, -1.11660206279557749909e+00) 
