FANN_FLO_2.1
num_layers=3
learning_rate=0.700000
connection_rate=1.000000
network_type=0
learning_momentum=0.000000
training_algorithm=2
train_error_function=1
train_stop_function=1
cascade_output_change_fraction=0.010000
quickprop_decay=-0.000100
quickprop_mu=1.750000
rprop_increase_factor=1.200000
rprop_decrease_factor=0.500000
rprop_delta_min=0.000000
rprop_delta_max=50.000000
rprop_delta_zero=0.100000
cascade_output_stagnation_epochs=12
cascade_candidate_change_fraction=0.010000
cascade_candidate_stagnation_epochs=12
cascade_max_out_epochs=150
cascade_min_out_epochs=50
cascade_max_cand_epochs=150
cascade_min_cand_epochs=50
cascade_num_candidate_groups=2
bit_fail_limit=1.00000000000000005551e-01
cascade_candidate_limit=1.00000000000000000000e+03
cascade_weight_multiplier=4.00000000000000022204e-01
cascade_activation_functions_count=10
cascade_activation_functions=3 5 7 8 10 11 14 15 16 17 
cascade_activation_steepnesses_count=4
cascade_activation_steepnesses=2.50000000000000000000e-01 5.00000000000000000000e-01 7.50000000000000000000e-01 1.00000000000000000000e+00 
layer_sizes=18 4 2 
scale_included=0
neurons (num_inputs, activation_function, activation_steepness)=(0, 0, 0.00000000000000000000e+00) (0, 0, 0.00000000000000000000e+00) (0, 0, 0.00000000000000000000e+00) (0, 0, 0.00000000000000000000e+00) (0, 0, 0.00000000000000000000e+00) (0, 0, 0.00000000000000000000e+00) (0, 0, 0.00000000000000000000e+00) (0, 0, 0.00000000000000000000e+00) (0, 0, 0.00000000000000000000e+00) (0, 0, 0.00000000000000000000e+00) (0, 0, 0.00000000000000000000e+00) (0, 0, 0.00000000000000000000e+00) (0, 0, 0.00000000000000000000e+00) (0, 0, 0.00000000000000000000e+00) (0, 0, 0.00000000000000000000e+00) (0, 0, 0.00000000000000000000e+00) (0, 0, 0.00000000000000000000e+00) (0, 0, 0.00000000000000000000e+00) (18, 6, 5.00000000000000000000e-01) (18, 6, 5.00000000000000000000e-01) (18, 6, 5.00000000000000000000e-01) (0, 6, 0.00000000000000000000e+00) (4, 4, 5.00000000000000000000e-01) (0, 4, 0.00000000000000000000e+00) 
connections (connected_to_neuron, weight)=(0, -2.35007936194728772605e+00) (1, -7.56089157522601418293e-01) (2, 1.29201962516943122949e+01) (3, 1.00531088984888317128e+00) (4, -5.57997821132674931555e-01) (5, -8.70735936288732581545e-01) (6, -6.66588724109895736092e+00) (7, 1.51783205133250866936e+01) (8, -2.37598560478559983622e+00) (9, -7.19307135795512575527e+00) (10, -7.64591417670886341895e-01) (11, -8.19588069991500667300e+00) (12, -4.42307663968124376019e-01) (13, -1.20215667048603980227e-01) (14, -7.68938321980496741759e+00) (15, 4.06477763596157259940e+00) (16, -4.23539377226111346531e-01) (17, -2.23025089562128897569e+00) (0, 1.48524284994663913206e-01) (1, 2.49172930452229524079e+00) (2, -1.28802608284638364644e+00) (3, -1.91410795081739149026e+00) (4, -2.54279671090129055777e-01) (5, 1.84639378225257022592e+00) (6, 5.47660998247525032667e+00) (7, 1.32153047167784670757e-02) (8, -5.91153490723230978787e-01) (9, 3.23603556674622483413e+00) (10, 1.88013524166007250926e+00) (11, 2.91283356881314947628e+00) (12, -2.56835348818665876180e+00) (13, -2.41989622271335047543e+00) (14, 2.54315788739111869887e+00) (15, -5.61622302824340224880e-01) (16, -2.56234099856303210174e+00) (17, -2.85463826072369850073e-02) (0, 1.55191887725688593136e-02) (1, 1.86766252039794844464e+00) (2, -5.92319065612409656474e-01) (3, -3.30101035512978224773e+00) (4, -2.46621369824557096218e-01) (5, 1.24992822444306250773e+00) (6, 1.78602225215915355605e+00) (7, 1.70838685869499296022e-01) (8, -9.51219707902170918956e-01) (9, 2.40690456303398558902e+00) (10, 1.94179927906651661473e+00) (11, 2.62625055618714320360e+00) (12, -2.58632629788539825100e+00) (13, -3.06040802434901548779e+00) (14, 2.39503878314922191706e+00) (15, -5.71290326185148633620e-01) (16, -2.59834461201197042257e+00) (17, -5.04613206920959955770e-02) (18, 7.12416847999535907121e+00) (19, 2.30807788319929629850e+00) (20, 5.68119185292651351915e+00) (21, -4.11581915419752952801e+00) 
