FANN_FLO_2.1
num_layers=3
learning_rate=0.700000
connection_rate=1.000000
network_type=0
learning_momentum=0.000000
training_algorithm=2
train_error_function=1
train_stop_function=1
cascade_output_change_fraction=0.010000
quickprop_decay=-0.000100
quickprop_mu=1.750000
rprop_increase_factor=1.200000
rprop_decrease_factor=0.500000
rprop_delta_min=0.000000
rprop_delta_max=50.000000
rprop_delta_zero=0.100000
cascade_output_stagnation_epochs=12
cascade_candidate_change_fraction=0.010000
cascade_candidate_stagnation_epochs=12
cascade_max_out_epochs=150
cascade_min_out_epochs=50
cascade_max_cand_epochs=150
cascade_min_cand_epochs=50
cascade_num_candidate_groups=2
bit_fail_limit=1.00000000000000005551e-01
cascade_candidate_limit=1.00000000000000000000e+03
cascade_weight_multiplier=4.00000000000000022204e-01
cascade_activation_functions_count=10
cascade_activation_functions=3 5 7 8 10 11 14 15 16 17 
cascade_activation_steepnesses_count=4
cascade_activation_steepnesses=2.50000000000000000000e-01 5.00000000000000000000e-01 7.50000000000000000000e-01 1.00000000000000000000e+00 
layer_sizes=11 4 2 
scale_included=0
neurons (num_inputs, activation_function, activation_steepness)=(0, 0, 0.00000000000000000000e+00) (0, 0, 0.00000000000000000000e+00) (0, 0, 0.00000000000000000000e+00) (0, 0, 0.00000000000000000000e+00) (0, 0, 0.00000000000000000000e+00) (0, 0, 0.00000000000000000000e+00) (0, 0, 0.00000000000000000000e+00) (0, 0, 0.00000000000000000000e+00) (0, 0, 0.00000000000000000000e+00) (0, 0, 0.00000000000000000000e+00) (0, 0, 0.00000000000000000000e+00) (11, 6, 5.00000000000000000000e-01) (11, 6, 5.00000000000000000000e-01) (11, 6, 5.00000000000000000000e-01) (0, 6, 0.00000000000000000000e+00) (4, 4, 5.00000000000000000000e-01) (0, 4, 0.00000000000000000000e+00) 
connections (connected_to_neuron, weight)=(0, 3.95078989634201460657e-01) (1, 3.96916386030961632070e-01) (2, 3.14594575991946484583e-02) (3, 1.28351751637003963502e-01) (4, 1.63002519324333156048e-01) (5, 1.11507493474527965560e+01) (6, -2.38271549969393126034e+00) (7, 1.16812152600551577564e+01) (8, 1.15253197056565248602e+00) (9, 7.51869136105902946543e-02) (10, -1.50818999967620714919e+00) (0, -2.15097994688527061058e+00) (1, -2.01831117537269966178e+00) (2, 3.44779254097108078803e-01) (3, 3.58316652427132509295e-01) (4, 3.42697174448136521185e-01) (5, 2.82531906152810696753e+00) (6, -2.58745356260309877783e+00) (7, -2.28209410935354906069e-01) (8, 2.95949349005222905884e-01) (9, -3.44624346291538610765e-02) (10, 2.33767690788064408380e+00) (0, 3.64065589665627875604e+00) (1, 2.72217868871420920485e+00) (2, 1.76788108459761050817e+00) (3, -1.68072346482644774390e+00) (4, 1.17713198325446333214e+00) (5, 4.80891113926722546523e+00) (6, -4.56609637769734899582e-01) (7, 1.15769640041826415988e+00) (8, 4.22366883971799289554e+00) (9, 2.68506504822639069374e+00) (10, -3.29820187155958510772e+00) (11, 5.57488533508637296165e+00) (12, -1.25767759383913897864e+02) (13, 6.58275907671199433935e+01) (14, -1.56034707380946624511e+00) 
