FANN_FLO_2.1
num_layers=3
learning_rate=0.700000
connection_rate=1.000000
network_type=0
learning_momentum=0.000000
training_algorithm=2
train_error_function=1
train_stop_function=1
cascade_output_change_fraction=0.010000
quickprop_decay=-0.000100
quickprop_mu=1.750000
rprop_increase_factor=1.200000
rprop_decrease_factor=0.500000
rprop_delta_min=0.000000
rprop_delta_max=50.000000
rprop_delta_zero=0.100000
cascade_output_stagnation_epochs=12
cascade_candidate_change_fraction=0.010000
cascade_candidate_stagnation_epochs=12
cascade_max_out_epochs=150
cascade_min_out_epochs=50
cascade_max_cand_epochs=150
cascade_min_cand_epochs=50
cascade_num_candidate_groups=2
bit_fail_limit=1.00000000000000005551e-01
cascade_candidate_limit=1.00000000000000000000e+03
cascade_weight_multiplier=4.00000000000000022204e-01
cascade_activation_functions_count=10
cascade_activation_functions=3 5 7 8 10 11 14 15 16 17 
cascade_activation_steepnesses_count=4
cascade_activation_steepnesses=2.50000000000000000000e-01 5.00000000000000000000e-01 7.50000000000000000000e-01 1.00000000000000000000e+00 
layer_sizes=18 4 2 
scale_included=0
neurons (num_inputs, activation_function, activation_steepness)=(0, 0, 0.00000000000000000000e+00) (0, 0, 0.00000000000000000000e+00) (0, 0, 0.00000000000000000000e+00) (0, 0, 0.00000000000000000000e+00) (0, 0, 0.00000000000000000000e+00) (0, 0, 0.00000000000000000000e+00) (0, 0, 0.00000000000000000000e+00) (0, 0, 0.00000000000000000000e+00) (0, 0, 0.00000000000000000000e+00) (0, 0, 0.00000000000000000000e+00) (0, 0, 0.00000000000000000000e+00) (0, 0, 0.00000000000000000000e+00) (0, 0, 0.00000000000000000000e+00) (0, 0, 0.00000000000000000000e+00) (0, 0, 0.00000000000000000000e+00) (0, 0, 0.00000000000000000000e+00) (0, 0, 0.00000000000000000000e+00) (0, 0, 0.00000000000000000000e+00) (18, 6, 5.00000000000000000000e-01) (18, 6, 5.00000000000000000000e-01) (18, 6, 5.00000000000000000000e-01) (0, 6, 0.00000000000000000000e+00) (4, 4, 5.00000000000000000000e-01) (0, 4, 0.00000000000000000000e+00) 
connections (connected_to_neuron, weight)=(0, 4.69132908442842655461e+00) (1, -1.04053563624252110031e+00) (2, 3.07496609083384164762e-01) (3, 6.70671898240386088474e-01) (4, 2.66269629385564532420e-01) (5, -1.64450866732919620539e+00) (6, 1.79811863628099560808e-01) (7, -1.32999232303750436479e-01) (8, 2.01397406107405502196e-01) (9, -9.64057983034647292264e-01) (10, -6.69741853464165259879e-01) (11, 2.53870496764288300362e-01) (12, 2.07571360535327265051e-01) (13, 6.53268481904803355320e-01) (14, -1.53788713095452322932e+00) (15, 1.40087787664965057743e+00) (16, 1.95526788249120980767e-01) (17, 7.43875705445414481254e-01) (0, -6.66918611127962623897e+00) (1, -1.30607087155275136681e+00) (2, 1.44851937082742914242e+01) (3, -7.14032115559941282790e-01) (4, 8.65547851129397294301e+00) (5, 2.90178251568400042970e+01) (6, 1.38878391678316095437e+01) (7, -5.68909609722646036900e-01) (8, 5.27245127595675211474e-01) (9, 1.70435087082289493665e+00) (10, -1.08186051719143550010e+00) (11, 1.46077809873933386342e+01) (12, 9.16309908050739352348e+00) (13, 6.07792394605480068570e-01) (14, 4.58034510827392757348e-02) (15, -1.29699523493420842968e+00) (16, 1.44704786483163427846e+01) (17, -2.66286617784054246982e+00) (0, -4.63185409641103884582e+00) (1, 1.59155528692846770511e+00) (2, 3.09495843854421026631e-01) (3, 2.64409154790273492885e-01) (4, 3.60628189665601728287e-01) (5, 2.19996444803200708051e+00) (6, 1.46206077617262453217e-01) (7, -8.10683323299151825658e-01) (8, 2.69781975402190565827e-01) (9, 1.55795464097934255321e+00) (10, -1.25718712707326196742e+00) (11, 2.74880061040510936810e-01) (12, 1.04584015553677800447e-01) (13, 3.57279737100467731370e-01) (14, 2.44849687605938859392e+00) (15, -1.26733665005157414285e+00) (16, 1.98810683677782706891e-01) (17, -7.31905277653384755965e-01) (18, -9.30262305786748200376e+00) (19, 5.40268457245871491779e+00) (20, 7.02477988265409969415e+00) (21, -6.56213905554862253489e-01) 
