FANN_FLO_2.1
num_layers=3
learning_rate=0.700000
connection_rate=1.000000
network_type=0
learning_momentum=0.000000
training_algorithm=2
train_error_function=1
train_stop_function=1
cascade_output_change_fraction=0.010000
quickprop_decay=-0.000100
quickprop_mu=1.750000
rprop_increase_factor=1.200000
rprop_decrease_factor=0.500000
rprop_delta_min=0.000000
rprop_delta_max=50.000000
rprop_delta_zero=0.100000
cascade_output_stagnation_epochs=12
cascade_candidate_change_fraction=0.010000
cascade_candidate_stagnation_epochs=12
cascade_max_out_epochs=150
cascade_min_out_epochs=50
cascade_max_cand_epochs=150
cascade_min_cand_epochs=50
cascade_num_candidate_groups=2
bit_fail_limit=1.00000000000000005551e-01
cascade_candidate_limit=1.00000000000000000000e+03
cascade_weight_multiplier=4.00000000000000022204e-01
cascade_activation_functions_count=10
cascade_activation_functions=3 5 7 8 10 11 14 15 16 17 
cascade_activation_steepnesses_count=4
cascade_activation_steepnesses=2.50000000000000000000e-01 5.00000000000000000000e-01 7.50000000000000000000e-01 1.00000000000000000000e+00 
layer_sizes=17 4 2 
scale_included=0
neurons (num_inputs, activation_function, activation_steepness)=(0, 0, 0.00000000000000000000e+00) (0, 0, 0.00000000000000000000e+00) (0, 0, 0.00000000000000000000e+00) (0, 0, 0.00000000000000000000e+00) (0, 0, 0.00000000000000000000e+00) (0, 0, 0.00000000000000000000e+00) (0, 0, 0.00000000000000000000e+00) (0, 0, 0.00000000000000000000e+00) (0, 0, 0.00000000000000000000e+00) (0, 0, 0.00000000000000000000e+00) (0, 0, 0.00000000000000000000e+00) (0, 0, 0.00000000000000000000e+00) (0, 0, 0.00000000000000000000e+00) (0, 0, 0.00000000000000000000e+00) (0, 0, 0.00000000000000000000e+00) (0, 0, 0.00000000000000000000e+00) (0, 0, 0.00000000000000000000e+00) (17, 6, 5.00000000000000000000e-01) (17, 6, 5.00000000000000000000e-01) (17, 6, 5.00000000000000000000e-01) (0, 6, 0.00000000000000000000e+00) (4, 4, 5.00000000000000000000e-01) (0, 4, 0.00000000000000000000e+00) 
connections (connected_to_neuron, weight)=(0, -3.34981321396986331251e+01) (1, -5.13723379756811660002e+00) (2, 5.10326475384976219196e-01) (3, 2.73729273552294323224e+01) (4, 7.65388207165051426273e+00) (5, 2.27088654680895585258e+00) (6, 4.57773363577356562359e+00) (7, 1.61095165925487338043e+00) (8, -4.50111089040691858543e-01) (9, 3.14884012300759108527e+00) (10, 6.72986425321758652274e+00) (11, 4.36252066174013286570e+00) (12, 2.47220888552224700163e+01) (13, 1.59103461921676370139e+00) (14, 8.78974279829771831807e-01) (15, 7.56096944833144046783e+00) (16, -3.52210096570697661633e+00) (0, 5.21917236256498218161e-01) (1, -4.64394470326521613401e+00) (2, -1.98600797205062518103e-01) (3, 1.26491504747630738592e+01) (4, -3.80061939745147403524e-01) (5, -1.14453826993019891489e+00) (6, 1.61521286810905584375e+00) (7, 1.60642205465852239143e+00) (8, 1.00445773380194380842e+00) (9, 1.88677019677255186636e+00) (10, 9.66767467076690678596e+00) (11, -5.96391844021134964748e+00) (12, 1.29739111726408555825e+01) (13, -4.53483931299593967523e-01) (14, -5.90969939994891646506e+00) (15, -4.86115473014173127275e-01) (16, -3.87716781396080456545e+00) (0, 4.76446347097373674728e+01) (1, 2.03412509584123277762e+01) (2, -4.37494205748139997070e+00) (3, 1.50000000000000000000e+03) (4, 1.22337653257168926757e+03) (5, -6.08919858314028061841e+00) (6, 2.09272927952335319191e+00) (7, -4.11902530384640108707e+00) (8, 5.09744581470676916268e-01) (9, 8.90514444825496909175e+00) (10, -1.13284650731733389506e+01) (11, -6.88319114583085500669e+00) (12, 1.50000000000000000000e+03) (13, -1.59104495580562654844e+00) (14, -2.63711485136565926268e+00) (15, 1.50000000000000000000e+03) (16, 4.61722602206173338146e+00) (17, 1.97727418385807318657e+01) (18, -1.83840575355432491733e+01) (19, -1.18113735085917692658e+01) (20, -2.49084243842822372628e+00) 
