FANN_FLO_2.1
num_layers=3
learning_rate=0.700000
connection_rate=1.000000
network_type=0
learning_momentum=0.000000
training_algorithm=2
train_error_function=1
train_stop_function=1
cascade_output_change_fraction=0.010000
quickprop_decay=-0.000100
quickprop_mu=1.750000
rprop_increase_factor=1.200000
rprop_decrease_factor=0.500000
rprop_delta_min=0.000000
rprop_delta_max=50.000000
rprop_delta_zero=0.100000
cascade_output_stagnation_epochs=12
cascade_candidate_change_fraction=0.010000
cascade_candidate_stagnation_epochs=12
cascade_max_out_epochs=150
cascade_min_out_epochs=50
cascade_max_cand_epochs=150
cascade_min_cand_epochs=50
cascade_num_candidate_groups=2
bit_fail_limit=1.00000000000000005551e-01
cascade_candidate_limit=1.00000000000000000000e+03
cascade_weight_multiplier=4.00000000000000022204e-01
cascade_activation_functions_count=10
cascade_activation_functions=3 5 7 8 10 11 14 15 16 17 
cascade_activation_steepnesses_count=4
cascade_activation_steepnesses=2.50000000000000000000e-01 5.00000000000000000000e-01 7.50000000000000000000e-01 1.00000000000000000000e+00 
layer_sizes=11 4 2 
scale_included=0
neurons (num_inputs, activation_function, activation_steepness)=(0, 0, 0.00000000000000000000e+00) (0, 0, 0.00000000000000000000e+00) (0, 0, 0.00000000000000000000e+00) (0, 0, 0.00000000000000000000e+00) (0, 0, 0.00000000000000000000e+00) (0, 0, 0.00000000000000000000e+00) (0, 0, 0.00000000000000000000e+00) (0, 0, 0.00000000000000000000e+00) (0, 0, 0.00000000000000000000e+00) (0, 0, 0.00000000000000000000e+00) (0, 0, 0.00000000000000000000e+00) (11, 6, 5.00000000000000000000e-01) (11, 6, 5.00000000000000000000e-01) (11, 6, 5.00000000000000000000e-01) (0, 6, 0.00000000000000000000e+00) (4, 4, 5.00000000000000000000e-01) (0, 4, 0.00000000000000000000e+00) 
connections (connected_to_neuron, weight)=(0, 3.28645131450420846519e-01) (1, 1.12894025114710985780e-01) (2, 1.51859386978637905807e-01) (3, 1.04054234452757382590e-01) (4, 6.26505253845023313275e-02) (5, -3.30350294422419088480e-01) (6, 2.01004260568868131642e+00) (7, -7.11721722355189378995e-01) (8, 2.27818322129018469013e+00) (9, 2.37604199633809054504e+00) (10, -3.00758991078428561394e+00) (0, 2.91505366729523762714e+00) (1, 1.63682381496186768466e+00) (2, 1.81707806091568735418e+00) (3, -1.11493231259468994487e+00) (4, 7.49577367588901033457e-01) (5, 9.41744269252602905773e-01) (6, 1.38803757246520120816e+00) (7, 4.29808644870958433959e-01) (8, 1.60338584892479474320e+00) (9, 1.04825795621507089628e+00) (10, -2.51229644092562987012e+00) (0, 1.45294278158913869881e+00) (1, 1.75954648374045330428e+00) (2, 1.97086299907229101080e+00) (3, -1.18939245465552101422e+00) (4, 9.34950837776088117259e-01) (5, 8.35579109930816854579e-01) (6, 1.44846522683667222609e+00) (7, 1.68551406934387593139e+00) (8, 1.64892645515288527314e+00) (9, 9.65681676290292001497e-01) (10, -2.32285226529285626640e+00) (11, 3.17242922667328066666e+01) (12, 1.52904532738851315798e+02) (13, 8.40940777785283444246e+00) (14, -2.30002697940745814975e+00) 
