FANN_FLO_2.1
num_layers=3
learning_rate=0.700000
connection_rate=1.000000
network_type=0
learning_momentum=0.000000
training_algorithm=2
train_error_function=1
train_stop_function=1
cascade_output_change_fraction=0.010000
quickprop_decay=-0.000100
quickprop_mu=1.750000
rprop_increase_factor=1.200000
rprop_decrease_factor=0.500000
rprop_delta_min=0.000000
rprop_delta_max=50.000000
rprop_delta_zero=0.100000
cascade_output_stagnation_epochs=12
cascade_candidate_change_fraction=0.010000
cascade_candidate_stagnation_epochs=12
cascade_max_out_epochs=150
cascade_min_out_epochs=50
cascade_max_cand_epochs=150
cascade_min_cand_epochs=50
cascade_num_candidate_groups=2
bit_fail_limit=1.00000000000000005551e-01
cascade_candidate_limit=1.00000000000000000000e+03
cascade_weight_multiplier=4.00000000000000022204e-01
cascade_activation_functions_count=10
cascade_activation_functions=3 5 7 8 10 11 14 15 16 17 
cascade_activation_steepnesses_count=4
cascade_activation_steepnesses=2.50000000000000000000e-01 5.00000000000000000000e-01 7.50000000000000000000e-01 1.00000000000000000000e+00 
layer_sizes=6 4 2 
scale_included=0
neurons (num_inputs, activation_function, activation_steepness)=(0, 0, 0.00000000000000000000e+00) (0, 0, 0.00000000000000000000e+00) (0, 0, 0.00000000000000000000e+00) (0, 0, 0.00000000000000000000e+00) (0, 0, 0.00000000000000000000e+00) (0, 0, 0.00000000000000000000e+00) (6, 6, 5.00000000000000000000e-01) (6, 6, 5.00000000000000000000e-01) (6, 6, 5.00000000000000000000e-01) (0, 6, 0.00000000000000000000e+00) (4, 4, 5.00000000000000000000e-01) (0, 4, 0.00000000000000000000e+00) 
connections (connected_to_neuron, weight)=(0, 6.69033664321135312925e-01) (1, 2.64587853739421952071e+00) (2, 2.11304462805406512160e+00) (3, 2.52150141151216100610e+00) (4, 2.23204634495507381331e+00) (5, -1.27476110046207558035e+00) (0, 6.37436699651215521456e-01) (1, 2.84587738637298848232e+00) (2, 2.96974617217153813442e+00) (3, 2.65773233814992693169e+00) (4, 3.32667522445734942238e+00) (5, -1.98827294805385323961e+00) (0, 7.67291816925238401303e-01) (1, 2.67326423416298020186e+00) (2, 2.63937960083048928084e+00) (3, 2.59452797175910543359e+00) (4, 2.34119501121770046126e+00) (5, -1.30846818273365150809e+00) (6, 1.79052548322796378777e+00) (7, 6.22865891759593104382e+00) (8, 3.96801032522278029901e+00) (9, -3.18957388425366339391e+00) 
