FANN_FLO_2.1
num_layers=3
learning_rate=0.700000
connection_rate=1.000000
network_type=0
learning_momentum=0.000000
training_algorithm=2
train_error_function=1
train_stop_function=1
cascade_output_change_fraction=0.010000
quickprop_decay=-0.000100
quickprop_mu=1.750000
rprop_increase_factor=1.200000
rprop_decrease_factor=0.500000
rprop_delta_min=0.000000
rprop_delta_max=50.000000
rprop_delta_zero=0.100000
cascade_output_stagnation_epochs=12
cascade_candidate_change_fraction=0.010000
cascade_candidate_stagnation_epochs=12
cascade_max_out_epochs=150
cascade_min_out_epochs=50
cascade_max_cand_epochs=150
cascade_min_cand_epochs=50
cascade_num_candidate_groups=2
bit_fail_limit=1.00000000000000005551e-01
cascade_candidate_limit=1.00000000000000000000e+03
cascade_weight_multiplier=4.00000000000000022204e-01
cascade_activation_functions_count=10
cascade_activation_functions=3 5 7 8 10 11 14 15 16 17 
cascade_activation_steepnesses_count=4
cascade_activation_steepnesses=2.50000000000000000000e-01 5.00000000000000000000e-01 7.50000000000000000000e-01 1.00000000000000000000e+00 
layer_sizes=13 4 2 
scale_included=0
neurons (num_inputs, activation_function, activation_steepness)=(0, 0, 0.00000000000000000000e+00) (0, 0, 0.00000000000000000000e+00) (0, 0, 0.00000000000000000000e+00) (0, 0, 0.00000000000000000000e+00) (0, 0, 0.00000000000000000000e+00) (0, 0, 0.00000000000000000000e+00) (0, 0, 0.00000000000000000000e+00) (0, 0, 0.00000000000000000000e+00) (0, 0, 0.00000000000000000000e+00) (0, 0, 0.00000000000000000000e+00) (0, 0, 0.00000000000000000000e+00) (0, 0, 0.00000000000000000000e+00) (0, 0, 0.00000000000000000000e+00) (13, 6, 5.00000000000000000000e-01) (13, 6, 5.00000000000000000000e-01) (13, 6, 5.00000000000000000000e-01) (0, 6, 0.00000000000000000000e+00) (4, 4, 5.00000000000000000000e-01) (0, 4, 0.00000000000000000000e+00) 
connections (connected_to_neuron, weight)=(0, 4.02332787150015569466e+00) (1, 7.46297967475469050669e+01) (2, 7.46298496466691432261e+01) (3, -1.62328000498124835893e+00) (4, 6.33954525204822316731e-02) (5, 6.11785194190259562497e-01) (6, 1.10654021005551689294e-01) (7, 4.14154550443836810825e-01) (8, -1.66999153050771687035e+00) (9, 7.45630920645410952829e+01) (10, 3.20264695703683932582e-01) (11, 6.23846451532036772036e-01) (12, 1.70088059900412424952e+00) (0, -3.27473300490500252025e+00) (1, 1.18131059274658667846e+02) (2, 1.18023050197050082488e+02) (3, 1.64795303656088099054e+00) (4, -1.28526312757074531734e-02) (5, -4.35991432332916373227e-01) (6, 1.00675416800063047273e-01) (7, -5.09857609680085754889e-01) (8, 1.48926189328428359993e+00) (9, 1.18028095085755097671e+02) (10, 1.21314179195583758675e-02) (11, 1.70277393557734302298e-01) (12, -1.15674283615072370779e+00) (0, -1.21041219462312077404e+00) (1, 4.93569600130428938201e+01) (2, 4.93105428363194135954e+01) (3, 1.02445086323239675785e+00) (4, 1.76180905634356566036e-01) (5, -1.03964638394833275292e-01) (6, -2.22966892978704728234e-02) (7, -7.86841944711999669027e-02) (8, 7.32919862199528759916e-01) (9, 4.93682322497477201750e+01) (10, 5.07634045829506025393e-02) (11, 5.10345650166688022398e-02) (12, -4.59183165968615247809e-01) (13, -1.00489509314907170534e+01) (14, 2.19018206979710114979e+01) (15, 2.61274631961357117760e+00) (16, -1.17029400833457120079e+00) 
