FANN_FLO_2.1
num_layers=3
learning_rate=0.700000
connection_rate=1.000000
network_type=0
learning_momentum=0.000000
training_algorithm=2
train_error_function=1
train_stop_function=1
cascade_output_change_fraction=0.010000
quickprop_decay=-0.000100
quickprop_mu=1.750000
rprop_increase_factor=1.200000
rprop_decrease_factor=0.500000
rprop_delta_min=0.000000
rprop_delta_max=50.000000
rprop_delta_zero=0.100000
cascade_output_stagnation_epochs=12
cascade_candidate_change_fraction=0.010000
cascade_candidate_stagnation_epochs=12
cascade_max_out_epochs=150
cascade_min_out_epochs=50
cascade_max_cand_epochs=150
cascade_min_cand_epochs=50
cascade_num_candidate_groups=2
bit_fail_limit=1.00000000000000005551e-01
cascade_candidate_limit=1.00000000000000000000e+03
cascade_weight_multiplier=4.00000000000000022204e-01
cascade_activation_functions_count=10
cascade_activation_functions=3 5 7 8 10 11 14 15 16 17 
cascade_activation_steepnesses_count=4
cascade_activation_steepnesses=2.50000000000000000000e-01 5.00000000000000000000e-01 7.50000000000000000000e-01 1.00000000000000000000e+00 
layer_sizes=17 4 2 
scale_included=0
neurons (num_inputs, activation_function, activation_steepness)=(0, 0, 0.00000000000000000000e+00) (0, 0, 0.00000000000000000000e+00) (0, 0, 0.00000000000000000000e+00) (0, 0, 0.00000000000000000000e+00) (0, 0, 0.00000000000000000000e+00) (0, 0, 0.00000000000000000000e+00) (0, 0, 0.00000000000000000000e+00) (0, 0, 0.00000000000000000000e+00) (0, 0, 0.00000000000000000000e+00) (0, 0, 0.00000000000000000000e+00) (0, 0, 0.00000000000000000000e+00) (0, 0, 0.00000000000000000000e+00) (0, 0, 0.00000000000000000000e+00) (0, 0, 0.00000000000000000000e+00) (0, 0, 0.00000000000000000000e+00) (0, 0, 0.00000000000000000000e+00) (0, 0, 0.00000000000000000000e+00) (17, 6, 5.00000000000000000000e-01) (17, 6, 5.00000000000000000000e-01) (17, 6, 5.00000000000000000000e-01) (0, 6, 0.00000000000000000000e+00) (4, 4, 5.00000000000000000000e-01) (0, 4, 0.00000000000000000000e+00) 
connections (connected_to_neuron, weight)=(0, -1.76926773375388246556e+00) (1, 3.92297974948648686677e+00) (2, -5.45427927507946441743e-01) (3, -1.84570271641764360737e+00) (4, -1.15282296902142067374e+00) (5, 3.86802224789623494416e+00) (6, -5.65646758791996662197e-01) (7, -1.84174663693461138081e+00) (8, -1.13195447391472359122e+00) (9, -1.22085222369633217276e+00) (10, -1.12220360851488609732e+00) (11, -9.69926954441197253232e-01) (12, -1.84430746109041887593e+00) (13, -1.20875496185026665152e+00) (14, -1.08500271058283348502e+00) (15, -1.15698393947086830558e+00) (16, 1.61209401959601428267e-01) (0, -1.69447906649228197118e+00) (1, 3.86840149734977956086e+00) (2, -4.76868847145626495454e-01) (3, -1.03119004257810864544e+00) (4, -1.08628114080629845084e+00) (5, 3.95001403217081303865e+00) (6, -5.53436958922932098481e-01) (7, -9.90140200786717272763e-01) (8, -1.06672320282660026969e+00) (9, -5.18380468324338150587e-01) (10, -1.18466329342327614249e+00) (11, -1.23567341035805244864e+00) (12, -9.07588512830860949521e-01) (13, -1.25239774352512855948e+00) (14, -1.12901974237165947379e+00) (15, -1.12755241012774010123e+00) (16, 1.77306954805289129773e-02) (0, 1.99359927598115316272e+00) (1, -2.43891442579726991369e+00) (2, 7.87738972456050956517e-01) (3, 1.65467365473876659721e+00) (4, 1.57186117411027614921e+00) (5, -2.41753325251440820409e+00) (6, 7.96404757649494254856e-01) (7, 1.00260843909795593909e+00) (8, 2.03971059146996847034e+00) (9, 1.10871016024549540191e+00) (10, 9.88553484668331705620e-01) (11, 9.76572698126390692508e-01) (12, 1.57431783914933864921e+00) (13, 1.15176918893058832793e+00) (14, 1.09596754400928553252e+00) (15, 1.68466788918147747367e+00) (16, 9.52105457623575734960e-02) (17, 3.90833302562002415925e+00) (18, 3.86099031542305226594e+00) (19, -3.91672467042569394380e+00) (20, 1.55653459304991748091e-01) 
