FANN_FLO_2.1
num_layers=3
learning_rate=0.700000
connection_rate=1.000000
network_type=0
learning_momentum=0.000000
training_algorithm=2
train_error_function=1
train_stop_function=1
cascade_output_change_fraction=0.010000
quickprop_decay=-0.000100
quickprop_mu=1.750000
rprop_increase_factor=1.200000
rprop_decrease_factor=0.500000
rprop_delta_min=0.000000
rprop_delta_max=50.000000
rprop_delta_zero=0.100000
cascade_output_stagnation_epochs=12
cascade_candidate_change_fraction=0.010000
cascade_candidate_stagnation_epochs=12
cascade_max_out_epochs=150
cascade_min_out_epochs=50
cascade_max_cand_epochs=150
cascade_min_cand_epochs=50
cascade_num_candidate_groups=2
bit_fail_limit=1.00000000000000005551e-01
cascade_candidate_limit=1.00000000000000000000e+03
cascade_weight_multiplier=4.00000000000000022204e-01
cascade_activation_functions_count=10
cascade_activation_functions=3 5 7 8 10 11 14 15 16 17 
cascade_activation_steepnesses_count=4
cascade_activation_steepnesses=2.50000000000000000000e-01 5.00000000000000000000e-01 7.50000000000000000000e-01 1.00000000000000000000e+00 
layer_sizes=11 4 2 
scale_included=0
neurons (num_inputs, activation_function, activation_steepness)=(0, 0, 0.00000000000000000000e+00) (0, 0, 0.00000000000000000000e+00) (0, 0, 0.00000000000000000000e+00) (0, 0, 0.00000000000000000000e+00) (0, 0, 0.00000000000000000000e+00) (0, 0, 0.00000000000000000000e+00) (0, 0, 0.00000000000000000000e+00) (0, 0, 0.00000000000000000000e+00) (0, 0, 0.00000000000000000000e+00) (0, 0, 0.00000000000000000000e+00) (0, 0, 0.00000000000000000000e+00) (11, 6, 5.00000000000000000000e-01) (11, 6, 5.00000000000000000000e-01) (11, 6, 5.00000000000000000000e-01) (0, 6, 0.00000000000000000000e+00) (4, 4, 5.00000000000000000000e-01) (0, 4, 0.00000000000000000000e+00) 
connections (connected_to_neuron, weight)=(0, -9.52723086649525185976e+00) (1, -5.51358657639611893231e-01) (2, -1.29241547064606465689e+00) (3, 2.13008855729845070215e+00) (4, -2.09981719640380726233e+00) (5, -4.88461889672066329471e-01) (6, -5.72034423719324891522e-01) (7, -1.01718173279365942108e+00) (8, 5.41913070813609398790e-01) (9, 4.11246238194792823606e+00) (10, 2.61270473247723078458e+00) (0, -5.69229757149996817844e+00) (1, -1.02893419191406709778e+00) (2, -1.79745514941564543676e+00) (3, 2.20925086104847689938e+00) (4, -7.91675003806936117279e-01) (5, -6.79342701945726684665e-02) (6, -1.32215658038791039619e-01) (7, -1.12495347146788038373e+00) (8, 8.40267534429568030419e-01) (9, 2.30361924095936876355e+00) (10, 2.62114251867747150015e+00) (0, 4.77179856501328603091e-01) (1, 2.62732125642859415393e+00) (2, 2.65267075204771751729e+00) (3, -1.46636383802593961434e+00) (4, 8.83138341457247788568e-01) (5, 2.54853529941158285510e+00) (6, 1.37474324757402044384e+00) (7, 3.04333043491753052479e+00) (8, 2.44677098236911616524e+00) (9, 4.01588002401726384960e+00) (10, -3.83529207753193102093e+00) (11, -4.73719545843847171795e+01) (12, -2.53902044096304901899e+00) (13, 6.22608403394197651437e+01) (14, -1.17061448927956446298e+00) 
