FANN_FLO_2.1
num_layers=3
learning_rate=0.700000
connection_rate=1.000000
network_type=0
learning_momentum=0.000000
training_algorithm=2
train_error_function=1
train_stop_function=1
cascade_output_change_fraction=0.010000
quickprop_decay=-0.000100
quickprop_mu=1.750000
rprop_increase_factor=1.200000
rprop_decrease_factor=0.500000
rprop_delta_min=0.000000
rprop_delta_max=50.000000
rprop_delta_zero=0.100000
cascade_output_stagnation_epochs=12
cascade_candidate_change_fraction=0.010000
cascade_candidate_stagnation_epochs=12
cascade_max_out_epochs=150
cascade_min_out_epochs=50
cascade_max_cand_epochs=150
cascade_min_cand_epochs=50
cascade_num_candidate_groups=2
bit_fail_limit=1.00000000000000005551e-01
cascade_candidate_limit=1.00000000000000000000e+03
cascade_weight_multiplier=4.00000000000000022204e-01
cascade_activation_functions_count=10
cascade_activation_functions=3 5 7 8 10 11 14 15 16 17 
cascade_activation_steepnesses_count=4
cascade_activation_steepnesses=2.50000000000000000000e-01 5.00000000000000000000e-01 7.50000000000000000000e-01 1.00000000000000000000e+00 
layer_sizes=10 4 2 
scale_included=0
neurons (num_inputs, activation_function, activation_steepness)=(0, 0, 0.00000000000000000000e+00) (0, 0, 0.00000000000000000000e+00) (0, 0, 0.00000000000000000000e+00) (0, 0, 0.00000000000000000000e+00) (0, 0, 0.00000000000000000000e+00) (0, 0, 0.00000000000000000000e+00) (0, 0, 0.00000000000000000000e+00) (0, 0, 0.00000000000000000000e+00) (0, 0, 0.00000000000000000000e+00) (0, 0, 0.00000000000000000000e+00) (10, 6, 5.00000000000000000000e-01) (10, 6, 5.00000000000000000000e-01) (10, 6, 5.00000000000000000000e-01) (0, 6, 0.00000000000000000000e+00) (4, 4, 5.00000000000000000000e-01) (0, 4, 0.00000000000000000000e+00) 
connections (connected_to_neuron, weight)=(0, 2.57725603156775706637e+00) (1, 2.63525298457123824392e+00) (2, 1.30157939831881530601e+00) (3, 1.31153853931862385274e+00) (4, 2.63520113593536420282e+00) (5, 7.39708839147436569839e-01) (6, 2.52930323270952728265e+00) (7, 1.59564658491753719183e+00) (8, 1.61802060394429347845e+00) (9, -4.02856444057815199500e+00) (0, 2.16669207072282876680e+00) (1, 2.16133085319241552424e-01) (2, 6.06294099251483920021e-01) (3, 1.32193266019601729511e+00) (4, 7.19938448893084198543e-02) (5, 1.64333161241859286861e+01) (6, -5.60432164440676139350e+00) (7, 1.00106586202536096408e+00) (8, 1.00480243622813691928e+00) (9, 1.33666682549312394457e+01) (0, 8.46893504455896062311e-01) (1, 9.52975935106648019968e-01) (2, 7.31486523869135263354e-01) (3, 4.99525164706337898579e-01) (4, 1.07333727853088878312e+00) (5, -3.86776975379539322830e+01) (6, 2.11275254344999183331e+02) (7, 5.06452465868929779802e-01) (8, 2.82241701720664150965e-01) (9, -8.50965503823341240519e-01) (10, 1.73628890580593122195e+02) (11, -9.03053391975266461777e-01) (12, 5.13147293276201743595e+00) (13, -1.59014791224496643274e+00) 
