FANN_FLO_2.1
num_layers=3
learning_rate=0.700000
connection_rate=1.000000
network_type=0
learning_momentum=0.000000
training_algorithm=2
train_error_function=1
train_stop_function=1
cascade_output_change_fraction=0.010000
quickprop_decay=-0.000100
quickprop_mu=1.750000
rprop_increase_factor=1.200000
rprop_decrease_factor=0.500000
rprop_delta_min=0.000000
rprop_delta_max=50.000000
rprop_delta_zero=0.100000
cascade_output_stagnation_epochs=12
cascade_candidate_change_fraction=0.010000
cascade_candidate_stagnation_epochs=12
cascade_max_out_epochs=150
cascade_min_out_epochs=50
cascade_max_cand_epochs=150
cascade_min_cand_epochs=50
cascade_num_candidate_groups=2
bit_fail_limit=1.00000000000000005551e-01
cascade_candidate_limit=1.00000000000000000000e+03
cascade_weight_multiplier=4.00000000000000022204e-01
cascade_activation_functions_count=10
cascade_activation_functions=3 5 7 8 10 11 14 15 16 17 
cascade_activation_steepnesses_count=4
cascade_activation_steepnesses=2.50000000000000000000e-01 5.00000000000000000000e-01 7.50000000000000000000e-01 1.00000000000000000000e+00 
layer_sizes=10 4 2 
scale_included=0
neurons (num_inputs, activation_function, activation_steepness)=(0, 0, 0.00000000000000000000e+00) (0, 0, 0.00000000000000000000e+00) (0, 0, 0.00000000000000000000e+00) (0, 0, 0.00000000000000000000e+00) (0, 0, 0.00000000000000000000e+00) (0, 0, 0.00000000000000000000e+00) (0, 0, 0.00000000000000000000e+00) (0, 0, 0.00000000000000000000e+00) (0, 0, 0.00000000000000000000e+00) (0, 0, 0.00000000000000000000e+00) (10, 6, 5.00000000000000000000e-01) (10, 6, 5.00000000000000000000e-01) (10, 6, 5.00000000000000000000e-01) (0, 6, 0.00000000000000000000e+00) (4, 4, 5.00000000000000000000e-01) (0, 4, 0.00000000000000000000e+00) 
connections (connected_to_neuron, weight)=(0, -1.14471744353753290824e+01) (1, 4.93141837352324308164e-01) (2, -2.44485929513132926871e+00) (3, 1.20219334764750773736e+00) (4, 6.08240038506518221340e+00) (5, 2.01416054484747558684e-01) (6, 1.22373273721278139070e-01) (7, 2.82809364679158781186e+00) (8, 1.21023336738214659647e+00) (9, -1.44755881742782366306e-01) (0, 6.69657803645494276168e+00) (1, 2.21972782722494432761e+00) (2, 7.85847295120495004106e-01) (3, 8.17536127735232320823e-01) (4, 2.08887675159014163384e+00) (5, 1.01342962362581623381e+00) (6, 1.64794810610039643706e+00) (7, 4.14965290840007827722e-01) (8, 2.00855648809931119914e+00) (9, -4.66075075883298683976e+00) (0, 1.12723793627886301749e+01) (1, -2.98585647912480933730e-01) (2, 3.68416755139746854297e+00) (3, 6.07724460808805755363e+00) (4, -5.92282955444377012810e+00) (5, -1.61136631492306903191e+00) (6, 4.38673139456194061125e+00) (7, 6.64473829429039852812e+00) (8, 6.05531790396861696602e-02) (9, -2.99555374590340006691e+00) (10, 6.69681180933603936722e+00) (11, 3.92936246696402307066e+01) (12, 1.96272820457509737935e+01) (13, -5.34808270997393364610e-01) 
