FANN_FLO_2.1
num_layers=3
learning_rate=0.700000
connection_rate=1.000000
network_type=0
learning_momentum=0.000000
training_algorithm=2
train_error_function=1
train_stop_function=1
cascade_output_change_fraction=0.010000
quickprop_decay=-0.000100
quickprop_mu=1.750000
rprop_increase_factor=1.200000
rprop_decrease_factor=0.500000
rprop_delta_min=0.000000
rprop_delta_max=50.000000
rprop_delta_zero=0.100000
cascade_output_stagnation_epochs=12
cascade_candidate_change_fraction=0.010000
cascade_candidate_stagnation_epochs=12
cascade_max_out_epochs=150
cascade_min_out_epochs=50
cascade_max_cand_epochs=150
cascade_min_cand_epochs=50
cascade_num_candidate_groups=2
bit_fail_limit=1.00000000000000005551e-01
cascade_candidate_limit=1.00000000000000000000e+03
cascade_weight_multiplier=4.00000000000000022204e-01
cascade_activation_functions_count=10
cascade_activation_functions=3 5 7 8 10 11 14 15 16 17 
cascade_activation_steepnesses_count=4
cascade_activation_steepnesses=2.50000000000000000000e-01 5.00000000000000000000e-01 7.50000000000000000000e-01 1.00000000000000000000e+00 
layer_sizes=18 4 2 
scale_included=0
neurons (num_inputs, activation_function, activation_steepness)=(0, 0, 0.00000000000000000000e+00) (0, 0, 0.00000000000000000000e+00) (0, 0, 0.00000000000000000000e+00) (0, 0, 0.00000000000000000000e+00) (0, 0, 0.00000000000000000000e+00) (0, 0, 0.00000000000000000000e+00) (0, 0, 0.00000000000000000000e+00) (0, 0, 0.00000000000000000000e+00) (0, 0, 0.00000000000000000000e+00) (0, 0, 0.00000000000000000000e+00) (0, 0, 0.00000000000000000000e+00) (0, 0, 0.00000000000000000000e+00) (0, 0, 0.00000000000000000000e+00) (0, 0, 0.00000000000000000000e+00) (0, 0, 0.00000000000000000000e+00) (0, 0, 0.00000000000000000000e+00) (0, 0, 0.00000000000000000000e+00) (0, 0, 0.00000000000000000000e+00) (18, 6, 5.00000000000000000000e-01) (18, 6, 5.00000000000000000000e-01) (18, 6, 5.00000000000000000000e-01) (0, 6, 0.00000000000000000000e+00) (4, 4, 5.00000000000000000000e-01) (0, 4, 0.00000000000000000000e+00) 
connections (connected_to_neuron, weight)=(0, 1.94006946180827011261e+00) (1, 2.65839263074164700029e+00) (2, 3.63463482721089814476e+00) (3, 2.33780169206303645169e+00) (4, 2.51006721869426874250e+00) (5, 4.61835916599101814484e+00) (6, -1.32327707618125622879e+00) (7, -7.99998006676774053858e+00) (8, 1.38050356045030619967e+00) (9, 2.32292422137195373466e+01) (10, 4.59751836627332011176e+00) (11, -6.69133933658844992642e-01) (12, 2.83678394518033671901e+00) (13, 2.32455492738241993322e+01) (14, 2.20789648718336772859e+00) (15, 2.32302100242772056049e+01) (16, -3.79687262373672540505e+00) (17, -2.21392369686217094227e+00) (0, -2.40573806242247023590e+00) (1, -6.46594920682761387098e+00) (2, -1.66378564887746582812e+00) (3, -4.70873347326305857763e+00) (4, -6.40927380114081834961e+00) (5, 1.13273035492672757840e+00) (6, -1.83979438719796273283e+00) (7, -2.19113487788378069610e+00) (8, -6.51861247076500838205e+00) (9, 1.72960956258581823874e+01) (10, -2.25572266929040043948e+00) (11, 5.32075352202152629388e-01) (12, -9.15250817948138450930e-01) (13, 1.77653700457150769410e+01) (14, -4.86917941364201389831e+00) (15, 1.71292303254373017296e+01) (16, 4.70989996357158613449e+00) (17, 5.46633684905050731828e+00) (0, 1.68128341927871116646e+00) (1, -3.70446243081274806386e+00) (2, -8.09973693783883241792e+00) (3, -1.34337752187579759777e+01) (4, -3.42104097347823854491e+00) (5, -6.91093612947584468031e+00) (6, 9.97574460472544188860e+00) (7, 9.39027185008771247965e+00) (8, -8.03378974876639118108e-01) (9, -6.33924333132329032026e+00) (10, -1.67509169872515393251e+01) (11, 6.74067208941314355286e+00) (12, -1.57357792776755611719e+00) (13, -6.34324073535820698311e+00) (14, -1.33787772358849998966e+01) (15, -6.34246269184807420771e+00) (16, 5.32517758198245338974e+00) (17, -9.44946343020318213490e-01) (18, 2.59103016147763334232e+01) (19, -1.74371144256776986481e+01) (20, 2.22556503213726486479e+01) (21, -1.48682419869210735719e+00) 
