FANN_FLO_2.1
num_layers=3
learning_rate=0.700000
connection_rate=1.000000
network_type=0
learning_momentum=0.000000
training_algorithm=2
train_error_function=1
train_stop_function=1
cascade_output_change_fraction=0.010000
quickprop_decay=-0.000100
quickprop_mu=1.750000
rprop_increase_factor=1.200000
rprop_decrease_factor=0.500000
rprop_delta_min=0.000000
rprop_delta_max=50.000000
rprop_delta_zero=0.100000
cascade_output_stagnation_epochs=12
cascade_candidate_change_fraction=0.010000
cascade_candidate_stagnation_epochs=12
cascade_max_out_epochs=150
cascade_min_out_epochs=50
cascade_max_cand_epochs=150
cascade_min_cand_epochs=50
cascade_num_candidate_groups=2
bit_fail_limit=1.00000000000000005551e-01
cascade_candidate_limit=1.00000000000000000000e+03
cascade_weight_multiplier=4.00000000000000022204e-01
cascade_activation_functions_count=10
cascade_activation_functions=3 5 7 8 10 11 14 15 16 17 
cascade_activation_steepnesses_count=4
cascade_activation_steepnesses=2.50000000000000000000e-01 5.00000000000000000000e-01 7.50000000000000000000e-01 1.00000000000000000000e+00 
layer_sizes=8 4 2 
scale_included=0
neurons (num_inputs, activation_function, activation_steepness)=(0, 0, 0.00000000000000000000e+00) (0, 0, 0.00000000000000000000e+00) (0, 0, 0.00000000000000000000e+00) (0, 0, 0.00000000000000000000e+00) (0, 0, 0.00000000000000000000e+00) (0, 0, 0.00000000000000000000e+00) (0, 0, 0.00000000000000000000e+00) (0, 0, 0.00000000000000000000e+00) (8, 6, 5.00000000000000000000e-01) (8, 6, 5.00000000000000000000e-01) (8, 6, 5.00000000000000000000e-01) (0, 6, 0.00000000000000000000e+00) (4, 4, 5.00000000000000000000e-01) (0, 4, 0.00000000000000000000e+00) 
connections (connected_to_neuron, weight)=(0, 6.74719733995453485598e-01) (1, -6.93356094622112895109e-01) (2, -1.90131379064650607447e+00) (3, -1.12255781191974879363e+00) (4, 1.19054573173230338057e+00) (5, 6.71056986391732335218e-02) (6, -4.39980482045818521719e-01) (7, 7.64568232312583639931e-01) (0, 9.59380047211731401546e+00) (1, -7.55091791832154779485e+00) (2, -8.35283149864206642121e+00) (3, -2.86232523659282733774e+01) (4, 2.63866814712261401610e+01) (5, -8.38162517171118892634e+00) (6, -1.07092041106252295890e+01) (7, 1.23327918049800970834e+01) (0, 5.46535102150002338739e-01) (1, -9.53080024976226347633e-01) (2, -8.40237405067212561605e-01) (3, -2.10237099568668561744e+00) (4, 2.59608319117979258195e+00) (5, -2.96788205812325622812e-01) (6, -1.20256279052622216952e+00) (7, 7.80211880505202959313e-01) (8, -3.15969648267730107705e-01) (9, -1.91191482929018725656e+01) (10, -7.76637735827718511672e+00) (11, -2.44750681103466272148e+00) 
