FANN_FLO_2.1
num_layers=3
learning_rate=0.700000
connection_rate=1.000000
network_type=0
learning_momentum=0.000000
training_algorithm=2
train_error_function=1
train_stop_function=1
cascade_output_change_fraction=0.010000
quickprop_decay=-0.000100
quickprop_mu=1.750000
rprop_increase_factor=1.200000
rprop_decrease_factor=0.500000
rprop_delta_min=0.000000
rprop_delta_max=50.000000
rprop_delta_zero=0.100000
cascade_output_stagnation_epochs=12
cascade_candidate_change_fraction=0.010000
cascade_candidate_stagnation_epochs=12
cascade_max_out_epochs=150
cascade_min_out_epochs=50
cascade_max_cand_epochs=150
cascade_min_cand_epochs=50
cascade_num_candidate_groups=2
bit_fail_limit=1.00000000000000005551e-01
cascade_candidate_limit=1.00000000000000000000e+03
cascade_weight_multiplier=4.00000000000000022204e-01
cascade_activation_functions_count=10
cascade_activation_functions=3 5 7 8 10 11 14 15 16 17 
cascade_activation_steepnesses_count=4
cascade_activation_steepnesses=2.50000000000000000000e-01 5.00000000000000000000e-01 7.50000000000000000000e-01 1.00000000000000000000e+00 
layer_sizes=6 4 2 
scale_included=0
neurons (num_inputs, activation_function, activation_steepness)=(0, 0, 0.00000000000000000000e+00) (0, 0, 0.00000000000000000000e+00) (0, 0, 0.00000000000000000000e+00) (0, 0, 0.00000000000000000000e+00) (0, 0, 0.00000000000000000000e+00) (0, 0, 0.00000000000000000000e+00) (6, 6, 5.00000000000000000000e-01) (6, 6, 5.00000000000000000000e-01) (6, 6, 5.00000000000000000000e-01) (0, 6, 0.00000000000000000000e+00) (4, 4, 5.00000000000000000000e-01) (0, 4, 0.00000000000000000000e+00) 
connections (connected_to_neuron, weight)=(0, 1.32489818067871900631e+00) (1, -1.58639738768831883853e+00) (2, -1.79370113508541395575e+00) (3, 5.86781967502597145980e-01) (4, -1.37427348268357607530e+00) (5, 1.52942333318740431025e+00) (0, 1.16109169007860990597e+00) (1, -1.48809846178189908450e+00) (2, -1.76374293165047002496e+00) (3, 6.23948541363387107483e-02) (4, -1.43621936810342165636e+00) (5, 1.62085474975854459956e+00) (0, -3.04788716423289654522e-02) (1, 1.11871372026527260424e+00) (2, 1.63582753057014440579e+00) (3, 6.95589133099691281359e-01) (4, 9.80373392334501492229e-01) (5, -4.73503282490945476280e-01) (6, -1.53164700912711797542e+01) (7, -1.52651763083813367672e+01) (8, 2.01044037210710202501e+00) (9, -7.26984205645627046266e-01) 
