FANN_FLO_2.1
num_layers=3
learning_rate=0.700000
connection_rate=1.000000
network_type=0
learning_momentum=0.000000
training_algorithm=2
train_error_function=1
train_stop_function=1
cascade_output_change_fraction=0.010000
quickprop_decay=-0.000100
quickprop_mu=1.750000
rprop_increase_factor=1.200000
rprop_decrease_factor=0.500000
rprop_delta_min=0.000000
rprop_delta_max=50.000000
rprop_delta_zero=0.100000
cascade_output_stagnation_epochs=12
cascade_candidate_change_fraction=0.010000
cascade_candidate_stagnation_epochs=12
cascade_max_out_epochs=150
cascade_min_out_epochs=50
cascade_max_cand_epochs=150
cascade_min_cand_epochs=50
cascade_num_candidate_groups=2
bit_fail_limit=1.00000000000000005551e-01
cascade_candidate_limit=1.00000000000000000000e+03
cascade_weight_multiplier=4.00000000000000022204e-01
cascade_activation_functions_count=10
cascade_activation_functions=3 5 7 8 10 11 14 15 16 17 
cascade_activation_steepnesses_count=4
cascade_activation_steepnesses=2.50000000000000000000e-01 5.00000000000000000000e-01 7.50000000000000000000e-01 1.00000000000000000000e+00 
layer_sizes=9 4 2 
scale_included=0
neurons (num_inputs, activation_function, activation_steepness)=(0, 0, 0.00000000000000000000e+00) (0, 0, 0.00000000000000000000e+00) (0, 0, 0.00000000000000000000e+00) (0, 0, 0.00000000000000000000e+00) (0, 0, 0.00000000000000000000e+00) (0, 0, 0.00000000000000000000e+00) (0, 0, 0.00000000000000000000e+00) (0, 0, 0.00000000000000000000e+00) (0, 0, 0.00000000000000000000e+00) (9, 6, 5.00000000000000000000e-01) (9, 6, 5.00000000000000000000e-01) (9, 6, 5.00000000000000000000e-01) (0, 6, 0.00000000000000000000e+00) (4, 4, 5.00000000000000000000e-01) (0, 4, 0.00000000000000000000e+00) 
connections (connected_to_neuron, weight)=(0, -1.67409508815043484020e+00) (1, 1.36467010232952867810e+00) (2, 6.62386795566314301453e-01) (3, 9.91470707211914881185e-01) (4, 7.64863072250857145562e-01) (5, 4.16595313724049232107e-01) (6, 6.89543335054888517632e-01) (7, 3.55084273990162624379e-01) (8, -1.12029450432351418421e+00) (0, 4.65140338388231722178e+00) (1, -3.07861262686710057679e+00) (2, -2.70839234161345476792e+00) (3, -1.83352075701025762910e+00) (4, -6.56119912283386952367e-01) (5, -2.24723761727768145402e-01) (6, -6.28837122933830983129e-01) (7, -4.01880567719894610246e-01) (8, 3.40002385406427487524e+00) (0, -1.83475803723567043590e+00) (1, 1.21388431343582903210e+00) (2, 7.55880391285651764832e-01) (3, 1.04242924258045066566e+00) (4, 7.02598361586108000054e-01) (5, 4.09866664584644935232e-01) (6, 7.07583448205961973443e-01) (7, 4.59526594754227302175e-01) (8, -1.03236486063292809412e+00) (9, 8.77842296552967837897e+00) (10, -4.11670844694625515103e+00) (11, 8.79697199058842471686e+00) (12, -1.03081046835473366663e+00) 
