FANN_FLO_2.1
num_layers=3
learning_rate=0.700000
connection_rate=1.000000
network_type=0
learning_momentum=0.000000
training_algorithm=2
train_error_function=1
train_stop_function=1
cascade_output_change_fraction=0.010000
quickprop_decay=-0.000100
quickprop_mu=1.750000
rprop_increase_factor=1.200000
rprop_decrease_factor=0.500000
rprop_delta_min=0.000000
rprop_delta_max=50.000000
rprop_delta_zero=0.100000
cascade_output_stagnation_epochs=12
cascade_candidate_change_fraction=0.010000
cascade_candidate_stagnation_epochs=12
cascade_max_out_epochs=150
cascade_min_out_epochs=50
cascade_max_cand_epochs=150
cascade_min_cand_epochs=50
cascade_num_candidate_groups=2
bit_fail_limit=1.00000000000000005551e-01
cascade_candidate_limit=1.00000000000000000000e+03
cascade_weight_multiplier=4.00000000000000022204e-01
cascade_activation_functions_count=10
cascade_activation_functions=3 5 7 8 10 11 14 15 16 17 
cascade_activation_steepnesses_count=4
cascade_activation_steepnesses=2.50000000000000000000e-01 5.00000000000000000000e-01 7.50000000000000000000e-01 1.00000000000000000000e+00 
layer_sizes=14 4 2 
scale_included=0
neurons (num_inputs, activation_function, activation_steepness)=(0, 0, 0.00000000000000000000e+00) (0, 0, 0.00000000000000000000e+00) (0, 0, 0.00000000000000000000e+00) (0, 0, 0.00000000000000000000e+00) (0, 0, 0.00000000000000000000e+00) (0, 0, 0.00000000000000000000e+00) (0, 0, 0.00000000000000000000e+00) (0, 0, 0.00000000000000000000e+00) (0, 0, 0.00000000000000000000e+00) (0, 0, 0.00000000000000000000e+00) (0, 0, 0.00000000000000000000e+00) (0, 0, 0.00000000000000000000e+00) (0, 0, 0.00000000000000000000e+00) (0, 0, 0.00000000000000000000e+00) (14, 6, 5.00000000000000000000e-01) (14, 6, 5.00000000000000000000e-01) (14, 6, 5.00000000000000000000e-01) (0, 6, 0.00000000000000000000e+00) (4, 4, 5.00000000000000000000e-01) (0, 4, 0.00000000000000000000e+00) 
connections (connected_to_neuron, weight)=(0, -1.05449524359091140191e+00) (1, 6.87863077599855210487e-01) (2, -4.73403441733561747284e-01) (3, 8.64306110641427094432e-02) (4, -4.94159387893113311030e-01) (5, -6.52226628190910040495e-01) (6, -1.84859759264862533179e-01) (7, -6.55500332362088600213e-01) (8, -2.81858027692011708920e-02) (9, 1.46727133786144463556e+01) (10, -9.47929385753709774498e-01) (11, 3.39604020352503366276e-01) (12, -6.65881867057713794367e-01) (13, -1.00337481046633381077e+00) (0, -2.73481531753685969122e+00) (1, -2.54562300548201336792e-01) (2, 1.50692200477593747365e+01) (3, -1.07757938882052028973e+00) (4, -1.22272893970062218605e-01) (5, -1.08728386614855576653e+00) (6, 1.35530177459847376298e+01) (7, -3.77528892803687746160e-02) (8, -2.86043194402781253416e-01) (9, -9.83362706089568328061e-01) (10, -1.14333853088080283911e+00) (11, 1.74367913840304741835e-02) (12, -3.02911551642913515203e-02) (13, -2.76533114477541897003e+00) (0, -1.44669178963336175769e+00) (1, 5.69997505744849597420e+00) (2, 9.82818548770972744144e-01) (3, -1.18449840072573864269e-01) (4, -2.06803245890043951860e+00) (5, -3.44485627160816765269e+00) (6, 1.39168318161072246397e+00) (7, -2.08939550864599921098e+00) (8, 1.41481512192873593037e+00) (9, 8.08470402271449195553e+00) (10, -2.15485432484590377911e+00) (11, 1.24798079856322652326e+00) (12, -2.11862640875481389457e+00) (13, -1.64109130293759530872e+00) (14, 3.39229605563305558480e-01) (15, 3.66411686393383018157e+00) (16, 3.62389455930887383062e+00) (17, -3.25500676733262128693e+00) 
