FANN_FLO_2.1
num_layers=3
learning_rate=0.700000
connection_rate=1.000000
network_type=0
learning_momentum=0.000000
training_algorithm=2
train_error_function=1
train_stop_function=1
cascade_output_change_fraction=0.010000
quickprop_decay=-0.000100
quickprop_mu=1.750000
rprop_increase_factor=1.200000
rprop_decrease_factor=0.500000
rprop_delta_min=0.000000
rprop_delta_max=50.000000
rprop_delta_zero=0.100000
cascade_output_stagnation_epochs=12
cascade_candidate_change_fraction=0.010000
cascade_candidate_stagnation_epochs=12
cascade_max_out_epochs=150
cascade_min_out_epochs=50
cascade_max_cand_epochs=150
cascade_min_cand_epochs=50
cascade_num_candidate_groups=2
bit_fail_limit=1.00000000000000005551e-01
cascade_candidate_limit=1.00000000000000000000e+03
cascade_weight_multiplier=4.00000000000000022204e-01
cascade_activation_functions_count=10
cascade_activation_functions=3 5 7 8 10 11 14 15 16 17 
cascade_activation_steepnesses_count=4
cascade_activation_steepnesses=2.50000000000000000000e-01 5.00000000000000000000e-01 7.50000000000000000000e-01 1.00000000000000000000e+00 
layer_sizes=10 4 2 
scale_included=0
neurons (num_inputs, activation_function, activation_steepness)=(0, 0, 0.00000000000000000000e+00) (0, 0, 0.00000000000000000000e+00) (0, 0, 0.00000000000000000000e+00) (0, 0, 0.00000000000000000000e+00) (0, 0, 0.00000000000000000000e+00) (0, 0, 0.00000000000000000000e+00) (0, 0, 0.00000000000000000000e+00) (0, 0, 0.00000000000000000000e+00) (0, 0, 0.00000000000000000000e+00) (0, 0, 0.00000000000000000000e+00) (10, 6, 5.00000000000000000000e-01) (10, 6, 5.00000000000000000000e-01) (10, 6, 5.00000000000000000000e-01) (0, 6, 0.00000000000000000000e+00) (4, 4, 5.00000000000000000000e-01) (0, 4, 0.00000000000000000000e+00) 
connections (connected_to_neuron, weight)=(0, 3.03337544743838394279e-01) (1, -1.13667585137930404748e-01) (2, -6.72214849843391526463e-01) (3, 2.10371153920925119118e-01) (4, 6.99072407972969656065e-01) (5, 1.47990979553914242528e-01) (6, 3.65758521691475269044e-01) (7, 1.52213168911939644712e-01) (8, 1.70083527631650112399e-02) (9, 2.96913033984963325995e-01) (0, -6.63873647896248697542e-01) (1, 1.11787972647310662744e+00) (2, 1.29676442200145336514e+00) (3, 4.56105735613743401569e-01) (4, -2.08937003172337565360e+00) (5, 3.42588672533102545081e-01) (6, -9.82124541805922790516e-01) (7, -1.72835485479686634669e-01) (8, 1.61017619082279095366e+00) (9, -6.62143822277377558372e-01) (0, -3.82525255254002205518e+00) (1, 4.04183180302971400977e+00) (2, 3.08170265443008828399e+00) (3, 4.33910259876167181403e+00) (4, -5.83464805109037776276e+00) (5, 3.71110841319498119262e+00) (6, 8.49306383882533988405e-01) (7, 1.47155382552409363939e+00) (8, 1.43278910054424168941e+00) (9, -4.78444878708223164665e+00) (10, -2.62915378738846472473e+00) (11, 4.42910486152906202051e+00) (12, 8.18746324279898374243e+00) (13, -1.28565754817007826816e+00) 
