FANN_FLO_2.1
num_layers=3
learning_rate=0.700000
connection_rate=1.000000
network_type=0
learning_momentum=0.000000
training_algorithm=2
train_error_function=1
train_stop_function=1
cascade_output_change_fraction=0.010000
quickprop_decay=-0.000100
quickprop_mu=1.750000
rprop_increase_factor=1.200000
rprop_decrease_factor=0.500000
rprop_delta_min=0.000000
rprop_delta_max=50.000000
rprop_delta_zero=0.100000
cascade_output_stagnation_epochs=12
cascade_candidate_change_fraction=0.010000
cascade_candidate_stagnation_epochs=12
cascade_max_out_epochs=150
cascade_min_out_epochs=50
cascade_max_cand_epochs=150
cascade_min_cand_epochs=50
cascade_num_candidate_groups=2
bit_fail_limit=1.00000000000000005551e-01
cascade_candidate_limit=1.00000000000000000000e+03
cascade_weight_multiplier=4.00000000000000022204e-01
cascade_activation_functions_count=10
cascade_activation_functions=3 5 7 8 10 11 14 15 16 17 
cascade_activation_steepnesses_count=4
cascade_activation_steepnesses=2.50000000000000000000e-01 5.00000000000000000000e-01 7.50000000000000000000e-01 1.00000000000000000000e+00 
layer_sizes=10 4 2 
scale_included=0
neurons (num_inputs, activation_function, activation_steepness)=(0, 0, 0.00000000000000000000e+00) (0, 0, 0.00000000000000000000e+00) (0, 0, 0.00000000000000000000e+00) (0, 0, 0.00000000000000000000e+00) (0, 0, 0.00000000000000000000e+00) (0, 0, 0.00000000000000000000e+00) (0, 0, 0.00000000000000000000e+00) (0, 0, 0.00000000000000000000e+00) (0, 0, 0.00000000000000000000e+00) (0, 0, 0.00000000000000000000e+00) (10, 6, 5.00000000000000000000e-01) (10, 6, 5.00000000000000000000e-01) (10, 6, 5.00000000000000000000e-01) (0, 6, 0.00000000000000000000e+00) (4, 4, 5.00000000000000000000e-01) (0, 4, 0.00000000000000000000e+00) 
connections (connected_to_neuron, weight)=(0, 1.81846281643111984394e+00) (1, -5.17730741217839351975e+00) (2, 6.99586307981412747203e-01) (3, 7.37796737232606747448e-01) (4, 1.18148439640773061932e+00) (5, 1.17825477088464025677e+00) (6, 5.96069435643502010258e-01) (7, 9.32540282148395016648e-01) (8, 1.70203993971545974873e+00) (9, 1.79373240227897445820e+00) (0, -2.56205577935963227376e-02) (1, 9.62236716494406785216e-01) (2, 9.83023908026631476620e-02) (3, 1.35489633744141357852e-01) (4, 3.45400334052054988621e-02) (5, 4.05392169149019154784e-01) (6, 2.93018106268799552461e-02) (7, 5.95400739358818778535e-02) (8, 9.54758786394328262670e-02) (9, -2.51873050024382094669e-02) (0, 1.66656397935197181370e-01) (1, 7.81210871392664096824e-01) (2, 3.88994877290182398261e-03) (3, 2.71016953112369562984e-01) (4, 1.97722432734256714504e-01) (5, 2.80214915480995918617e-01) (6, 1.11608267926639539991e-01) (7, 1.47952353181129425685e-01) (8, 1.61001159864630871699e-01) (9, 1.60319363758765959238e-01) (10, -9.91105454846983668915e+00) (11, 2.42196916506189047213e-01) (12, 2.72781902674509635354e-01) (13, -1.69075553912116838262e+00) 
