FANN_FLO_2.1
num_layers=3
learning_rate=0.700000
connection_rate=1.000000
network_type=0
learning_momentum=0.000000
training_algorithm=2
train_error_function=1
train_stop_function=1
cascade_output_change_fraction=0.010000
quickprop_decay=-0.000100
quickprop_mu=1.750000
rprop_increase_factor=1.200000
rprop_decrease_factor=0.500000
rprop_delta_min=0.000000
rprop_delta_max=50.000000
rprop_delta_zero=0.100000
cascade_output_stagnation_epochs=12
cascade_candidate_change_fraction=0.010000
cascade_candidate_stagnation_epochs=12
cascade_max_out_epochs=150
cascade_min_out_epochs=50
cascade_max_cand_epochs=150
cascade_min_cand_epochs=50
cascade_num_candidate_groups=2
bit_fail_limit=1.00000000000000005551e-01
cascade_candidate_limit=1.00000000000000000000e+03
cascade_weight_multiplier=4.00000000000000022204e-01
cascade_activation_functions_count=10
cascade_activation_functions=3 5 7 8 10 11 14 15 16 17 
cascade_activation_steepnesses_count=4
cascade_activation_steepnesses=2.50000000000000000000e-01 5.00000000000000000000e-01 7.50000000000000000000e-01 1.00000000000000000000e+00 
layer_sizes=10 4 2 
scale_included=0
neurons (num_inputs, activation_function, activation_steepness)=(0, 0, 0.00000000000000000000e+00) (0, 0, 0.00000000000000000000e+00) (0, 0, 0.00000000000000000000e+00) (0, 0, 0.00000000000000000000e+00) (0, 0, 0.00000000000000000000e+00) (0, 0, 0.00000000000000000000e+00) (0, 0, 0.00000000000000000000e+00) (0, 0, 0.00000000000000000000e+00) (0, 0, 0.00000000000000000000e+00) (0, 0, 0.00000000000000000000e+00) (10, 6, 5.00000000000000000000e-01) (10, 6, 5.00000000000000000000e-01) (10, 6, 5.00000000000000000000e-01) (0, 6, 0.00000000000000000000e+00) (4, 4, 5.00000000000000000000e-01) (0, 4, 0.00000000000000000000e+00) 
connections (connected_to_neuron, weight)=(0, 1.52535541430232846061e+00) (1, -5.92426173417269552601e-01) (2, -4.91189799947072847086e-01) (3, 1.03565408639269357360e-01) (4, -4.09247476961531131412e-01) (5, -6.07744469760698735605e-01) (6, 4.70581294987268506702e+02) (7, -4.49751660027027932998e-01) (8, 5.07495419959231526263e+02) (9, 9.26661517469470896735e-01) (0, -2.75387252364175516561e+00) (1, 1.66024599725838095665e+00) (2, 9.26758387578673681340e-01) (3, 3.31858717521684221108e-01) (4, 9.46995762638390470300e-01) (5, 7.10483331929936179350e-01) (6, 6.94809217180842551898e+02) (7, 1.10685441785157467898e+00) (8, 6.94649258401030692767e+02) (9, -1.28212344340373207707e+00) (0, -1.04500602940017950360e+00) (1, 1.84114179840390956855e+00) (2, 1.57102352631288938456e-01) (3, 9.60333558142514448486e-02) (4, 1.86198560570464521913e-01) (5, 2.63401768937763403056e-01) (6, 2.20324167898354914996e+02) (7, 1.57873194283000117810e-01) (8, 2.20447498521266368243e+02) (9, -9.99865977970907038319e-01) (10, -4.72040058363273740127e+00) (11, 4.22155842188879830701e+01) (12, 9.10506559054398145747e-01) (13, -3.50635903418138217269e-01) 
