FANN_FLO_2.1
num_layers=3
learning_rate=0.700000
connection_rate=1.000000
network_type=0
learning_momentum=0.000000
training_algorithm=2
train_error_function=1
train_stop_function=1
cascade_output_change_fraction=0.010000
quickprop_decay=-0.000100
quickprop_mu=1.750000
rprop_increase_factor=1.200000
rprop_decrease_factor=0.500000
rprop_delta_min=0.000000
rprop_delta_max=50.000000
rprop_delta_zero=0.100000
cascade_output_stagnation_epochs=12
cascade_candidate_change_fraction=0.010000
cascade_candidate_stagnation_epochs=12
cascade_max_out_epochs=150
cascade_min_out_epochs=50
cascade_max_cand_epochs=150
cascade_min_cand_epochs=50
cascade_num_candidate_groups=2
bit_fail_limit=1.00000000000000005551e-01
cascade_candidate_limit=1.00000000000000000000e+03
cascade_weight_multiplier=4.00000000000000022204e-01
cascade_activation_functions_count=10
cascade_activation_functions=3 5 7 8 10 11 14 15 16 17 
cascade_activation_steepnesses_count=4
cascade_activation_steepnesses=2.50000000000000000000e-01 5.00000000000000000000e-01 7.50000000000000000000e-01 1.00000000000000000000e+00 
layer_sizes=10 4 2 
scale_included=0
neurons (num_inputs, activation_function, activation_steepness)=(0, 0, 0.00000000000000000000e+00) (0, 0, 0.00000000000000000000e+00) (0, 0, 0.00000000000000000000e+00) (0, 0, 0.00000000000000000000e+00) (0, 0, 0.00000000000000000000e+00) (0, 0, 0.00000000000000000000e+00) (0, 0, 0.00000000000000000000e+00) (0, 0, 0.00000000000000000000e+00) (0, 0, 0.00000000000000000000e+00) (0, 0, 0.00000000000000000000e+00) (10, 6, 5.00000000000000000000e-01) (10, 6, 5.00000000000000000000e-01) (10, 6, 5.00000000000000000000e-01) (0, 6, 0.00000000000000000000e+00) (4, 4, 5.00000000000000000000e-01) (0, 4, 0.00000000000000000000e+00) 
connections (connected_to_neuron, weight)=(0, -5.07534382096114233818e-01) (1, 1.45922282231941280450e+00) (2, 1.73360382995194139966e+00) (3, -7.52143869773487350194e-01) (4, -4.66173177119828086035e-01) (5, 1.00520653677211524446e+00) (6, -2.34527352109088482734e+00) (7, 6.51616287916346625941e-01) (8, 1.99381272295656580829e-01) (9, -8.59303414109083285588e-01) (0, 4.74781538856224649692e+00) (1, -5.40712243531445846401e+00) (2, -4.36724901751396998861e+00) (3, -3.57756188912898898113e-01) (4, -8.23919577501522115703e-01) (5, -5.88810571649506009351e+00) (6, 7.95998294549157048294e+00) (7, -3.74963932486174833514e+00) (8, -1.64392820288309371435e+00) (9, 5.69632747890806445668e+00) (0, -1.80570205764383828750e+00) (1, 3.22225027164862920515e+00) (2, 3.56819698907240390184e+00) (3, -1.08772635872601464158e+00) (4, 1.23843986362340507945e+00) (5, 6.07624166154032363529e-01) (6, -3.67993848653879540578e+00) (7, 2.38739102257096647008e+00) (8, -1.25787018104035336341e-01) (9, -3.84247255926346564792e+00) (10, 2.19938601351340468071e+00) (11, -2.31142363975170717083e+00) (12, 5.16989880842466842381e+00) (13, -1.24804503135613109599e+00) 
