FANN_FLO_2.1
num_layers=3
learning_rate=0.700000
connection_rate=1.000000
network_type=0
learning_momentum=0.000000
training_algorithm=2
train_error_function=1
train_stop_function=1
cascade_output_change_fraction=0.010000
quickprop_decay=-0.000100
quickprop_mu=1.750000
rprop_increase_factor=1.200000
rprop_decrease_factor=0.500000
rprop_delta_min=0.000000
rprop_delta_max=50.000000
rprop_delta_zero=0.100000
cascade_output_stagnation_epochs=12
cascade_candidate_change_fraction=0.010000
cascade_candidate_stagnation_epochs=12
cascade_max_out_epochs=150
cascade_min_out_epochs=50
cascade_max_cand_epochs=150
cascade_min_cand_epochs=50
cascade_num_candidate_groups=2
bit_fail_limit=1.00000000000000005551e-01
cascade_candidate_limit=1.00000000000000000000e+03
cascade_weight_multiplier=4.00000000000000022204e-01
cascade_activation_functions_count=10
cascade_activation_functions=3 5 7 8 10 11 14 15 16 17 
cascade_activation_steepnesses_count=4
cascade_activation_steepnesses=2.50000000000000000000e-01 5.00000000000000000000e-01 7.50000000000000000000e-01 1.00000000000000000000e+00 
layer_sizes=8 4 2 
scale_included=0
neurons (num_inputs, activation_function, activation_steepness)=(0, 0, 0.00000000000000000000e+00) (0, 0, 0.00000000000000000000e+00) (0, 0, 0.00000000000000000000e+00) (0, 0, 0.00000000000000000000e+00) (0, 0, 0.00000000000000000000e+00) (0, 0, 0.00000000000000000000e+00) (0, 0, 0.00000000000000000000e+00) (0, 0, 0.00000000000000000000e+00) (8, 6, 5.00000000000000000000e-01) (8, 6, 5.00000000000000000000e-01) (8, 6, 5.00000000000000000000e-01) (0, 6, 0.00000000000000000000e+00) (4, 4, 5.00000000000000000000e-01) (0, 4, 0.00000000000000000000e+00) 
connections (connected_to_neuron, weight)=(0, 2.10760078351877622183e+00) (1, -5.78420504917826328040e+00) (2, -8.50386180002833669267e-02) (3, 2.35014483170976173909e-01) (4, 7.48211236103056065438e-01) (5, 1.12207162179013519854e+00) (6, 1.23102836109658508867e+00) (7, 1.24684938587209015459e+00) (0, -7.20377078171978602050e-01) (1, 1.08397792451025121174e+00) (2, 2.85830854786130794665e-01) (3, 3.07619291835146524416e-01) (4, 8.82469170911034661575e-02) (5, -3.84160267740181637919e-01) (6, -2.80590735845857863762e-02) (7, -4.30952675392551817768e-02) (0, -7.90496989306221253813e-01) (1, 1.04661314534784377628e+00) (2, 9.15419209096844044282e-01) (3, 6.16390488869877489764e-02) (4, 8.59327208621228078034e-02) (5, -2.87014644473484348275e-01) (6, -5.81121725313951953407e-02) (7, -9.11919814848108356564e-03) (8, -5.82944615920509967566e+00) (9, 4.12348387728651177841e-01) (10, 1.94774148849170769537e-01) (11, -6.04260780323209401033e-01) 
