FANN_FLO_2.1
num_layers=3
learning_rate=0.700000
connection_rate=1.000000
network_type=0
learning_momentum=0.000000
training_algorithm=2
train_error_function=1
train_stop_function=1
cascade_output_change_fraction=0.010000
quickprop_decay=-0.000100
quickprop_mu=1.750000
rprop_increase_factor=1.200000
rprop_decrease_factor=0.500000
rprop_delta_min=0.000000
rprop_delta_max=50.000000
rprop_delta_zero=0.100000
cascade_output_stagnation_epochs=12
cascade_candidate_change_fraction=0.010000
cascade_candidate_stagnation_epochs=12
cascade_max_out_epochs=150
cascade_min_out_epochs=50
cascade_max_cand_epochs=150
cascade_min_cand_epochs=50
cascade_num_candidate_groups=2
bit_fail_limit=1.00000000000000005551e-01
cascade_candidate_limit=1.00000000000000000000e+03
cascade_weight_multiplier=4.00000000000000022204e-01
cascade_activation_functions_count=10
cascade_activation_functions=3 5 7 8 10 11 14 15 16 17 
cascade_activation_steepnesses_count=4
cascade_activation_steepnesses=2.50000000000000000000e-01 5.00000000000000000000e-01 7.50000000000000000000e-01 1.00000000000000000000e+00 
layer_sizes=10 4 2 
scale_included=0
neurons (num_inputs, activation_function, activation_steepness)=(0, 0, 0.00000000000000000000e+00) (0, 0, 0.00000000000000000000e+00) (0, 0, 0.00000000000000000000e+00) (0, 0, 0.00000000000000000000e+00) (0, 0, 0.00000000000000000000e+00) (0, 0, 0.00000000000000000000e+00) (0, 0, 0.00000000000000000000e+00) (0, 0, 0.00000000000000000000e+00) (0, 0, 0.00000000000000000000e+00) (0, 0, 0.00000000000000000000e+00) (10, 6, 5.00000000000000000000e-01) (10, 6, 5.00000000000000000000e-01) (10, 6, 5.00000000000000000000e-01) (0, 6, 0.00000000000000000000e+00) (4, 4, 5.00000000000000000000e-01) (0, 4, 0.00000000000000000000e+00) 
connections (connected_to_neuron, weight)=(0, 1.87815054610639542432e+00) (1, -3.76400949692298336657e+00) (2, 1.07303357506110907948e+00) (3, 1.01725468051038392403e+00) (4, 8.67646083350998464923e-01) (5, 8.90716925378662649493e-01) (6, 1.03166815650067933419e+00) (7, 1.47371816315943804376e+00) (8, 1.56579709574782399706e+00) (9, 1.54592878422545609851e+00) (0, -8.40180093806175531945e-01) (1, 3.51561008518848749915e+00) (2, -1.64292110261102408675e-01) (3, -1.45909272638666404065e-01) (4, -2.57436433757674776324e-01) (5, -1.84456997124063742932e-01) (6, -9.84825496948835976685e-02) (7, -2.82838920081985079058e-01) (8, -7.28627546505081546968e-01) (9, -4.44920886947321070348e-01) (0, -6.03467785754587926483e-01) (1, 2.11091870625310074061e+00) (2, 7.51686936437501451724e-02) (3, -9.40887065962901433802e-03) (4, 7.27153356773814069092e-02) (5, 1.42927428594768674008e-01) (6, 3.95702848946458476953e-02) (7, -1.06076820030858873234e-01) (8, -1.88051889796804483357e-01) (9, -1.04245521779670113904e-01) (10, -1.17375423560301577197e+01) (11, 5.03239060866627774260e+00) (12, 8.17041789661344886042e-01) (13, -1.55366028375316700405e+00) 
