FANN_FLO_2.1
num_layers=3
learning_rate=0.700000
connection_rate=1.000000
network_type=0
learning_momentum=0.000000
training_algorithm=2
train_error_function=1
train_stop_function=1
cascade_output_change_fraction=0.010000
quickprop_decay=-0.000100
quickprop_mu=1.750000
rprop_increase_factor=1.200000
rprop_decrease_factor=0.500000
rprop_delta_min=0.000000
rprop_delta_max=50.000000
rprop_delta_zero=0.100000
cascade_output_stagnation_epochs=12
cascade_candidate_change_fraction=0.010000
cascade_candidate_stagnation_epochs=12
cascade_max_out_epochs=150
cascade_min_out_epochs=50
cascade_max_cand_epochs=150
cascade_min_cand_epochs=50
cascade_num_candidate_groups=2
bit_fail_limit=1.00000000000000005551e-01
cascade_candidate_limit=1.00000000000000000000e+03
cascade_weight_multiplier=4.00000000000000022204e-01
cascade_activation_functions_count=10
cascade_activation_functions=3 5 7 8 10 11 14 15 16 17 
cascade_activation_steepnesses_count=4
cascade_activation_steepnesses=2.50000000000000000000e-01 5.00000000000000000000e-01 7.50000000000000000000e-01 1.00000000000000000000e+00 
layer_sizes=16 4 2 
scale_included=0
neurons (num_inputs, activation_function, activation_steepness)=(0, 0, 0.00000000000000000000e+00) (0, 0, 0.00000000000000000000e+00) (0, 0, 0.00000000000000000000e+00) (0, 0, 0.00000000000000000000e+00) (0, 0, 0.00000000000000000000e+00) (0, 0, 0.00000000000000000000e+00) (0, 0, 0.00000000000000000000e+00) (0, 0, 0.00000000000000000000e+00) (0, 0, 0.00000000000000000000e+00) (0, 0, 0.00000000000000000000e+00) (0, 0, 0.00000000000000000000e+00) (0, 0, 0.00000000000000000000e+00) (0, 0, 0.00000000000000000000e+00) (0, 0, 0.00000000000000000000e+00) (0, 0, 0.00000000000000000000e+00) (0, 0, 0.00000000000000000000e+00) (16, 6, 5.00000000000000000000e-01) (16, 6, 5.00000000000000000000e-01) (16, 6, 5.00000000000000000000e-01) (0, 6, 0.00000000000000000000e+00) (4, 4, 5.00000000000000000000e-01) (0, 4, 0.00000000000000000000e+00) 
connections (connected_to_neuron, weight)=(0, -6.17093688077311242068e-01) (1, 8.16329738832097140389e-01) (2, 2.33555163104074980929e-01) (3, -6.27980103916506493533e-01) (4, 9.14527317722764743202e-02) (5, -6.11129528111796105350e-01) (6, -1.81497493545088040001e-02) (7, -2.02032288405693982725e-01) (8, 6.52043175287423115716e-02) (9, -7.22199177114052626170e-02) (10, -1.42871906850136759504e-01) (11, -7.16845477200131142581e-01) (12, 4.12842462094741013967e-02) (13, 8.82300543374400225716e-01) (14, -1.91734662148751261457e-01) (15, -5.58051524428410522516e-02) (0, -9.35181314764739091139e-01) (1, 4.84512654163563194487e+00) (2, -1.16726431497945509763e-01) (3, -9.33251688895941788893e-01) (4, -4.22095780105011808558e-01) (5, -1.11594249558281988222e+00) (6, -4.09284581274407255336e-01) (7, -6.64600259730242837186e-01) (8, -6.92885691822978100340e-03) (9, -3.08367964655773985072e-01) (10, -6.76531918724293523937e-01) (11, -1.06914345425200552064e+00) (12, -7.49114855298422921415e-01) (13, 4.75343544252836647246e+00) (14, -5.80552816768402868419e-01) (15, -1.08511643734407514650e+00) (0, -6.01418128437380516971e-01) (1, 9.28553568906168913522e-01) (2, 2.31342102248209502413e-01) (3, -6.41010267860274041141e-01) (4, 7.22087717375327620140e-03) (5, -7.36800870127062523807e-01) (6, -6.55014274386448852594e-02) (7, -1.94542934987343790754e-01) (8, 1.28130721706884886935e-01) (9, -7.73897340265793654002e-02) (10, -1.46627744529046061261e-01) (11, -7.31330258972029412234e-01) (12, 4.81501201423125274603e-02) (13, 8.80365478581767169075e-01) (14, -2.35155178103245737775e-01) (15, 3.84590903552489427053e-02) (16, 1.82809511380674472036e+00) (17, 4.82431355335438194487e+00) (18, 8.09661541289668384991e-01) (19, -9.39207012472868973951e-01) 
