FANN_FLO_2.1
num_layers=3
learning_rate=0.700000
connection_rate=1.000000
network_type=0
learning_momentum=0.000000
training_algorithm=2
train_error_function=1
train_stop_function=1
cascade_output_change_fraction=0.010000
quickprop_decay=-0.000100
quickprop_mu=1.750000
rprop_increase_factor=1.200000
rprop_decrease_factor=0.500000
rprop_delta_min=0.000000
rprop_delta_max=50.000000
rprop_delta_zero=0.100000
cascade_output_stagnation_epochs=12
cascade_candidate_change_fraction=0.010000
cascade_candidate_stagnation_epochs=12
cascade_max_out_epochs=150
cascade_min_out_epochs=50
cascade_max_cand_epochs=150
cascade_min_cand_epochs=50
cascade_num_candidate_groups=2
bit_fail_limit=1.00000000000000005551e-01
cascade_candidate_limit=1.00000000000000000000e+03
cascade_weight_multiplier=4.00000000000000022204e-01
cascade_activation_functions_count=10
cascade_activation_functions=3 5 7 8 10 11 14 15 16 17 
cascade_activation_steepnesses_count=4
cascade_activation_steepnesses=2.50000000000000000000e-01 5.00000000000000000000e-01 7.50000000000000000000e-01 1.00000000000000000000e+00 
layer_sizes=7 4 2 
scale_included=0
neurons (num_inputs, activation_function, activation_steepness)=(0, 0, 0.00000000000000000000e+00) (0, 0, 0.00000000000000000000e+00) (0, 0, 0.00000000000000000000e+00) (0, 0, 0.00000000000000000000e+00) (0, 0, 0.00000000000000000000e+00) (0, 0, 0.00000000000000000000e+00) (0, 0, 0.00000000000000000000e+00) (7, 6, 5.00000000000000000000e-01) (7, 6, 5.00000000000000000000e-01) (7, 6, 5.00000000000000000000e-01) (0, 6, 0.00000000000000000000e+00) (4, 4, 5.00000000000000000000e-01) (0, 4, 0.00000000000000000000e+00) 
connections (connected_to_neuron, weight)=(0, -1.70659176065752160589e+00) (1, 4.38478332810103221817e+00) (2, -5.38892462927077597890e-01) (3, -1.06940881831884171405e+00) (4, 1.61332032516536105771e-01) (5, -1.74827116392957271351e+00) (6, -5.57296584016753748791e-01) (0, 3.77415977029476401583e+00) (1, -2.56911785339926623806e+00) (2, -5.66701902768550791478e+00) (3, 1.14886198876941270086e+00) (4, -2.29613628738376274185e+00) (5, 9.59479666740613357234e-01) (6, 3.91770265607509848849e+00) (0, 4.23965235464112311092e+00) (1, -3.18173810172648696692e+00) (2, -2.69426400400373555755e+00) (3, 1.61201986032332023058e+00) (4, -2.33100957923385276871e+00) (5, 9.80977154762463943172e-01) (6, 3.31994569737329392467e+00) (7, 2.86873259195415641898e+00) (8, -4.66888283867416475914e+00) (9, -4.61940677393255327843e+00) (10, -1.34083885743141162372e+00) 
