FANN_FLO_2.1
num_layers=3
learning_rate=0.700000
connection_rate=1.000000
network_type=0
learning_momentum=0.000000
training_algorithm=2
train_error_function=1
train_stop_function=1
cascade_output_change_fraction=0.010000
quickprop_decay=-0.000100
quickprop_mu=1.750000
rprop_increase_factor=1.200000
rprop_decrease_factor=0.500000
rprop_delta_min=0.000000
rprop_delta_max=50.000000
rprop_delta_zero=0.100000
cascade_output_stagnation_epochs=12
cascade_candidate_change_fraction=0.010000
cascade_candidate_stagnation_epochs=12
cascade_max_out_epochs=150
cascade_min_out_epochs=50
cascade_max_cand_epochs=150
cascade_min_cand_epochs=50
cascade_num_candidate_groups=2
bit_fail_limit=1.00000000000000005551e-01
cascade_candidate_limit=1.00000000000000000000e+03
cascade_weight_multiplier=4.00000000000000022204e-01
cascade_activation_functions_count=10
cascade_activation_functions=3 5 7 8 10 11 14 15 16 17 
cascade_activation_steepnesses_count=4
cascade_activation_steepnesses=2.50000000000000000000e-01 5.00000000000000000000e-01 7.50000000000000000000e-01 1.00000000000000000000e+00 
layer_sizes=16 4 2 
scale_included=0
neurons (num_inputs, activation_function, activation_steepness)=(0, 0, 0.00000000000000000000e+00) (0, 0, 0.00000000000000000000e+00) (0, 0, 0.00000000000000000000e+00) (0, 0, 0.00000000000000000000e+00) (0, 0, 0.00000000000000000000e+00) (0, 0, 0.00000000000000000000e+00) (0, 0, 0.00000000000000000000e+00) (0, 0, 0.00000000000000000000e+00) (0, 0, 0.00000000000000000000e+00) (0, 0, 0.00000000000000000000e+00) (0, 0, 0.00000000000000000000e+00) (0, 0, 0.00000000000000000000e+00) (0, 0, 0.00000000000000000000e+00) (0, 0, 0.00000000000000000000e+00) (0, 0, 0.00000000000000000000e+00) (0, 0, 0.00000000000000000000e+00) (16, 6, 5.00000000000000000000e-01) (16, 6, 5.00000000000000000000e-01) (16, 6, 5.00000000000000000000e-01) (0, 6, 0.00000000000000000000e+00) (4, 4, 5.00000000000000000000e-01) (0, 4, 0.00000000000000000000e+00) 
connections (connected_to_neuron, weight)=(0, -1.17059800329269969588e+00) (1, 4.10761958712341446187e+00) (2, 2.17365767435194257029e-01) (3, 2.45440853807239012241e-01) (4, 1.53611221998704805536e-01) (5, 3.07777710296157802627e-01) (6, 5.63119742503980447168e-01) (7, 2.24752153300925905377e-01) (8, 5.80613151646332537048e-01) (9, -2.59122242810203295971e-01) (10, 4.12877547347547668721e+00) (11, 1.29154812530997864517e-01) (12, -3.24913609950128079440e-01) (13, 4.11027584576608795430e+00) (14, 1.99706136352226060193e-01) (15, -2.04459549372446258708e-01) (0, -3.47056184832513103800e+00) (1, 9.88476116328708265257e+00) (2, 3.29767776356137076732e-01) (3, -2.49269053690254538402e-01) (4, -2.24959948139258625321e-01) (5, 3.82742726088923790329e-01) (6, 7.73193440830715839063e-01) (7, 5.77090233020778997641e-01) (8, 2.22691768285194602317e-01) (9, 5.57149592094375450957e-03) (10, 9.82144579782358739806e+00) (11, -6.28905460886243661278e-01) (12, -9.74786258670197414133e-01) (13, 9.80436882867685888243e+00) (14, -1.38320360539618547602e-01) (15, -1.50727620862816907854e-01) (0, -3.40244824562728176431e+00) (1, 9.76887541382781598998e+00) (2, 3.43592634127533713695e-01) (3, -1.55585855595886446423e-01) (4, -1.13259122746058704667e-01) (5, 4.14204307676715344222e-01) (6, 7.70318559801586810742e-01) (7, 6.12697041981216772299e-01) (8, 3.71006475266376645195e-01) (9, 7.77556264703746224942e-02) (10, 9.86008583127729032469e+00) (11, -5.48548386148694833153e-01) (12, -1.09025621357809154865e+00) (13, 9.84935138493053052855e+00) (14, -2.70991552828017345789e-01) (15, -1.66339776061867811174e-01) (16, 1.65525620694892627860e+00) (17, 2.34300726399117635879e+01) (18, 1.41909365421140698516e+01) (19, -1.14778008817081467186e+00) 
