FANN_FLO_2.1
num_layers=3
learning_rate=0.700000
connection_rate=1.000000
network_type=0
learning_momentum=0.000000
training_algorithm=2
train_error_function=1
train_stop_function=1
cascade_output_change_fraction=0.010000
quickprop_decay=-0.000100
quickprop_mu=1.750000
rprop_increase_factor=1.200000
rprop_decrease_factor=0.500000
rprop_delta_min=0.000000
rprop_delta_max=50.000000
rprop_delta_zero=0.100000
cascade_output_stagnation_epochs=12
cascade_candidate_change_fraction=0.010000
cascade_candidate_stagnation_epochs=12
cascade_max_out_epochs=150
cascade_min_out_epochs=50
cascade_max_cand_epochs=150
cascade_min_cand_epochs=50
cascade_num_candidate_groups=2
bit_fail_limit=1.00000000000000005551e-01
cascade_candidate_limit=1.00000000000000000000e+03
cascade_weight_multiplier=4.00000000000000022204e-01
cascade_activation_functions_count=10
cascade_activation_functions=3 5 7 8 10 11 14 15 16 17 
cascade_activation_steepnesses_count=4
cascade_activation_steepnesses=2.50000000000000000000e-01 5.00000000000000000000e-01 7.50000000000000000000e-01 1.00000000000000000000e+00 
layer_sizes=8 4 2 
scale_included=0
neurons (num_inputs, activation_function, activation_steepness)=(0, 0, 0.00000000000000000000e+00) (0, 0, 0.00000000000000000000e+00) (0, 0, 0.00000000000000000000e+00) (0, 0, 0.00000000000000000000e+00) (0, 0, 0.00000000000000000000e+00) (0, 0, 0.00000000000000000000e+00) (0, 0, 0.00000000000000000000e+00) (0, 0, 0.00000000000000000000e+00) (8, 6, 5.00000000000000000000e-01) (8, 6, 5.00000000000000000000e-01) (8, 6, 5.00000000000000000000e-01) (0, 6, 0.00000000000000000000e+00) (4, 4, 5.00000000000000000000e-01) (0, 4, 0.00000000000000000000e+00) 
connections (connected_to_neuron, weight)=(0, -4.03358578054601224494e+00) (1, 6.21859389306846388479e+00) (2, 2.75117111961199700687e+00) (3, -2.44784096138044926505e+00) (4, -2.52728355970425311305e-01) (5, 1.24155794592906862372e-01) (6, -5.32361785792382025129e-01) (7, -3.93718350385477267039e+00) (0, 2.26868897359437715622e+00) (1, 1.03433668856030544503e-01) (2, -1.34475166056297386064e+01) (3, 6.57032165075317475811e-01) (4, 8.88630233104804712063e-01) (5, 6.52489359820858094707e-01) (6, 5.81782850427750242162e-01) (7, 2.05643706865038700116e+00) (0, -1.57664369044199004222e+00) (1, 8.94080199613770254530e+00) (2, -2.74092794213681578697e+00) (3, -1.24065904973798191158e+00) (4, -5.80711980170584007865e-01) (5, -1.20093515357542957034e+00) (6, -5.22295064642878670291e-01) (7, -1.49457801875963225413e+00) (8, 2.27686448944863917276e+00) (9, -3.69843942648531198714e+00) (10, 1.55923503730658596922e+00) (11, -3.07376017232813181224e+00) 
