FANN_FLO_2.1
num_layers=3
learning_rate=0.700000
connection_rate=1.000000
network_type=0
learning_momentum=0.000000
training_algorithm=2
train_error_function=1
train_stop_function=1
cascade_output_change_fraction=0.010000
quickprop_decay=-0.000100
quickprop_mu=1.750000
rprop_increase_factor=1.200000
rprop_decrease_factor=0.500000
rprop_delta_min=0.000000
rprop_delta_max=50.000000
rprop_delta_zero=0.100000
cascade_output_stagnation_epochs=12
cascade_candidate_change_fraction=0.010000
cascade_candidate_stagnation_epochs=12
cascade_max_out_epochs=150
cascade_min_out_epochs=50
cascade_max_cand_epochs=150
cascade_min_cand_epochs=50
cascade_num_candidate_groups=2
bit_fail_limit=1.00000000000000005551e-01
cascade_candidate_limit=1.00000000000000000000e+03
cascade_weight_multiplier=4.00000000000000022204e-01
cascade_activation_functions_count=10
cascade_activation_functions=3 5 7 8 10 11 14 15 16 17 
cascade_activation_steepnesses_count=4
cascade_activation_steepnesses=2.50000000000000000000e-01 5.00000000000000000000e-01 7.50000000000000000000e-01 1.00000000000000000000e+00 
layer_sizes=12 4 2 
scale_included=0
neurons (num_inputs, activation_function, activation_steepness)=(0, 0, 0.00000000000000000000e+00) (0, 0, 0.00000000000000000000e+00) (0, 0, 0.00000000000000000000e+00) (0, 0, 0.00000000000000000000e+00) (0, 0, 0.00000000000000000000e+00) (0, 0, 0.00000000000000000000e+00) (0, 0, 0.00000000000000000000e+00) (0, 0, 0.00000000000000000000e+00) (0, 0, 0.00000000000000000000e+00) (0, 0, 0.00000000000000000000e+00) (0, 0, 0.00000000000000000000e+00) (0, 0, 0.00000000000000000000e+00) (12, 6, 5.00000000000000000000e-01) (12, 6, 5.00000000000000000000e-01) (12, 6, 5.00000000000000000000e-01) (0, 6, 0.00000000000000000000e+00) (4, 4, 5.00000000000000000000e-01) (0, 4, 0.00000000000000000000e+00) 
connections (connected_to_neuron, weight)=(0, -1.03954727851718775611e+00) (1, 2.74104428420157120172e+00) (2, 1.19917678406801231361e+00) (3, -9.85963527402606176864e-01) (4, 1.91348722193547571280e+00) (5, 7.30920242140462028679e-01) (6, 8.73370190353555009288e-01) (7, 1.15432571856032062385e+00) (8, 8.98831658249907294866e-01) (9, -3.12178118536348470080e-01) (10, 1.11247639998483735524e-02) (11, -7.86027525724298681276e-01) (0, 1.89769778555047174962e+00) (1, -3.33585299118939726526e+00) (2, -4.63031691176473181315e+00) (3, 1.39574226436669901474e+00) (4, -2.77818573740878882461e+00) (5, -1.92741158740758744550e+00) (6, -3.11436269474381033362e+00) (7, -1.08487014767187872621e+00) (8, -1.18302283730763235781e+00) (9, -5.05587723330603866501e-01) (10, -2.99636846518880783918e+00) (11, 3.57990823492409715456e+00) (0, -5.21887448502268203043e-01) (1, 1.45290614192335132415e+00) (2, 1.82371032388899578791e+00) (3, -4.38557181328605716342e-01) (4, 2.77704872720870188374e+00) (5, -1.79621920197884615833e-01) (6, -2.06926970637454743507e-01) (7, 1.96465946321963846888e-01) (8, 1.09620104744909990790e-01) (9, -1.12958435893082229096e-01) (10, -2.18198962205757240884e-01) (11, -4.73546077383245889170e-01) (12, 3.71128074860285250836e+00) (13, -8.09103762684537564098e+00) (14, 1.05527281573265518944e+00) (15, -2.25496300021831830307e+00) 
