FANN_FLO_2.1
num_layers=3
learning_rate=0.700000
connection_rate=1.000000
network_type=0
learning_momentum=0.000000
training_algorithm=2
train_error_function=1
train_stop_function=1
cascade_output_change_fraction=0.010000
quickprop_decay=-0.000100
quickprop_mu=1.750000
rprop_increase_factor=1.200000
rprop_decrease_factor=0.500000
rprop_delta_min=0.000000
rprop_delta_max=50.000000
rprop_delta_zero=0.100000
cascade_output_stagnation_epochs=12
cascade_candidate_change_fraction=0.010000
cascade_candidate_stagnation_epochs=12
cascade_max_out_epochs=150
cascade_min_out_epochs=50
cascade_max_cand_epochs=150
cascade_min_cand_epochs=50
cascade_num_candidate_groups=2
bit_fail_limit=1.00000000000000005551e-01
cascade_candidate_limit=1.00000000000000000000e+03
cascade_weight_multiplier=4.00000000000000022204e-01
cascade_activation_functions_count=10
cascade_activation_functions=3 5 7 8 10 11 14 15 16 17 
cascade_activation_steepnesses_count=4
cascade_activation_steepnesses=2.50000000000000000000e-01 5.00000000000000000000e-01 7.50000000000000000000e-01 1.00000000000000000000e+00 
layer_sizes=8 4 2 
scale_included=0
neurons (num_inputs, activation_function, activation_steepness)=(0, 0, 0.00000000000000000000e+00) (0, 0, 0.00000000000000000000e+00) (0, 0, 0.00000000000000000000e+00) (0, 0, 0.00000000000000000000e+00) (0, 0, 0.00000000000000000000e+00) (0, 0, 0.00000000000000000000e+00) (0, 0, 0.00000000000000000000e+00) (0, 0, 0.00000000000000000000e+00) (8, 6, 5.00000000000000000000e-01) (8, 6, 5.00000000000000000000e-01) (8, 6, 5.00000000000000000000e-01) (0, 6, 0.00000000000000000000e+00) (4, 4, 5.00000000000000000000e-01) (0, 4, 0.00000000000000000000e+00) 
connections (connected_to_neuron, weight)=(0, -6.69156220972703152938e+00) (1, 1.11697506079237762755e+00) (2, 3.17279116971356112131e+00) (3, -6.00062189268606216430e-01) (4, 7.71002558086633649204e-01) (5, 1.07830974624421993546e+00) (6, 1.41474412943991123548e+00) (7, -6.03537302590283375459e-01) (0, 4.59849812427364312839e+00) (1, -4.46067247936888566784e+00) (2, -4.21618514702937474681e+00) (3, 9.66943940781867378176e-02) (4, 1.45333420103510735366e+00) (5, -1.09759906298000031732e+00) (6, -2.88734925733960468008e+00) (7, 4.59090848604045831394e+00) (0, 1.73563826558155653856e+00) (1, -1.76388044851250502809e+00) (2, -9.51521218067387097861e-01) (3, 4.66585917508521352826e-01) (4, 1.13012697058766098390e-01) (5, 1.26595230825925192386e-01) (6, -4.58868649928459437781e-01) (7, 7.95618040827366090895e-01) (8, 1.75828007804241681633e+00) (9, -5.23582392147268382843e+00) (10, -1.76893627978300549408e+00) (11, -2.27280543616784935779e+00) 
