FANN_FLO_2.1
num_layers=3
learning_rate=0.700000
connection_rate=1.000000
network_type=0
learning_momentum=0.000000
training_algorithm=2
train_error_function=1
train_stop_function=1
cascade_output_change_fraction=0.010000
quickprop_decay=-0.000100
quickprop_mu=1.750000
rprop_increase_factor=1.200000
rprop_decrease_factor=0.500000
rprop_delta_min=0.000000
rprop_delta_max=50.000000
rprop_delta_zero=0.100000
cascade_output_stagnation_epochs=12
cascade_candidate_change_fraction=0.010000
cascade_candidate_stagnation_epochs=12
cascade_max_out_epochs=150
cascade_min_out_epochs=50
cascade_max_cand_epochs=150
cascade_min_cand_epochs=50
cascade_num_candidate_groups=2
bit_fail_limit=1.00000000000000005551e-01
cascade_candidate_limit=1.00000000000000000000e+03
cascade_weight_multiplier=4.00000000000000022204e-01
cascade_activation_functions_count=10
cascade_activation_functions=3 5 7 8 10 11 14 15 16 17 
cascade_activation_steepnesses_count=4
cascade_activation_steepnesses=2.50000000000000000000e-01 5.00000000000000000000e-01 7.50000000000000000000e-01 1.00000000000000000000e+00 
layer_sizes=10 4 2 
scale_included=0
neurons (num_inputs, activation_function, activation_steepness)=(0, 0, 0.00000000000000000000e+00) (0, 0, 0.00000000000000000000e+00) (0, 0, 0.00000000000000000000e+00) (0, 0, 0.00000000000000000000e+00) (0, 0, 0.00000000000000000000e+00) (0, 0, 0.00000000000000000000e+00) (0, 0, 0.00000000000000000000e+00) (0, 0, 0.00000000000000000000e+00) (0, 0, 0.00000000000000000000e+00) (0, 0, 0.00000000000000000000e+00) (10, 6, 5.00000000000000000000e-01) (10, 6, 5.00000000000000000000e-01) (10, 6, 5.00000000000000000000e-01) (0, 6, 0.00000000000000000000e+00) (4, 4, 5.00000000000000000000e-01) (0, 4, 0.00000000000000000000e+00) 
connections (connected_to_neuron, weight)=(0, 1.54669831675463136378e+01) (1, -4.12024732567961127216e+00) (2, -3.76314530501066091261e+00) (3, -3.10328335042960468115e+00) (4, -8.56990256815063311535e+00) (5, 5.66302843299044766923e+00) (6, -1.75107003739302768963e+01) (7, -8.11358610363303789370e+00) (8, 3.94104207431107944615e+00) (9, 5.47599931852963006662e+00) (0, 1.13417195768205107953e+01) (1, -3.76775958986283665553e+00) (2, -2.91389533519525256722e+00) (3, -1.13531115903702839454e+00) (4, -8.17611501635465920401e+00) (5, 5.39947359461993237062e+00) (6, -6.26302687244347122686e+00) (7, 2.71100329600486489312e+00) (8, -8.54810791635619615647e+00) (9, 6.02804676901398206468e+00) (0, -1.02970533469656277958e+01) (1, 2.78351428045681847934e+00) (2, 5.99193721537930934495e-01) (3, -1.00514211140466369621e+00) (4, 2.07951619988634162084e+00) (5, -4.58165275000984140163e-01) (6, 1.81624168207593399416e+01) (7, 1.31249361544495926069e+01) (8, 9.74655729955186678204e-02) (9, -4.26582380069664424127e+00) (10, 1.48375573495097290433e+00) (11, -7.18207198045486023830e+01) (12, 6.12007465958123901828e+01) (13, -7.81953522133335177102e+00) 
