FANN_FLO_2.1
num_layers=3
learning_rate=0.700000
connection_rate=1.000000
network_type=0
learning_momentum=0.000000
training_algorithm=2
train_error_function=1
train_stop_function=1
cascade_output_change_fraction=0.010000
quickprop_decay=-0.000100
quickprop_mu=1.750000
rprop_increase_factor=1.200000
rprop_decrease_factor=0.500000
rprop_delta_min=0.000000
rprop_delta_max=50.000000
rprop_delta_zero=0.100000
cascade_output_stagnation_epochs=12
cascade_candidate_change_fraction=0.010000
cascade_candidate_stagnation_epochs=12
cascade_max_out_epochs=150
cascade_min_out_epochs=50
cascade_max_cand_epochs=150
cascade_min_cand_epochs=50
cascade_num_candidate_groups=2
bit_fail_limit=1.00000000000000005551e-01
cascade_candidate_limit=1.00000000000000000000e+03
cascade_weight_multiplier=4.00000000000000022204e-01
cascade_activation_functions_count=10
cascade_activation_functions=3 5 7 8 10 11 14 15 16 17 
cascade_activation_steepnesses_count=4
cascade_activation_steepnesses=2.50000000000000000000e-01 5.00000000000000000000e-01 7.50000000000000000000e-01 1.00000000000000000000e+00 
layer_sizes=12 4 2 
scale_included=0
neurons (num_inputs, activation_function, activation_steepness)=(0, 0, 0.00000000000000000000e+00) (0, 0, 0.00000000000000000000e+00) (0, 0, 0.00000000000000000000e+00) (0, 0, 0.00000000000000000000e+00) (0, 0, 0.00000000000000000000e+00) (0, 0, 0.00000000000000000000e+00) (0, 0, 0.00000000000000000000e+00) (0, 0, 0.00000000000000000000e+00) (0, 0, 0.00000000000000000000e+00) (0, 0, 0.00000000000000000000e+00) (0, 0, 0.00000000000000000000e+00) (0, 0, 0.00000000000000000000e+00) (12, 6, 5.00000000000000000000e-01) (12, 6, 5.00000000000000000000e-01) (12, 6, 5.00000000000000000000e-01) (0, 6, 0.00000000000000000000e+00) (4, 4, 5.00000000000000000000e-01) (0, 4, 0.00000000000000000000e+00) 
connections (connected_to_neuron, weight)=(0, -4.14288802021307667189e+00) (1, 2.24495414980658019033e+01) (2, 7.86637677244731992054e-01) (3, 8.47222664443651907185e-01) (4, 8.26384354347408423003e-01) (5, 8.07682542495319455433e-01) (6, 1.71291125225519791364e+00) (7, 8.00990456326258204456e-01) (8, 2.11344593625752585897e-01) (9, 5.37465433421821958682e-01) (10, 8.54674287819149669509e-01) (11, -1.19233261505238030686e+00) (0, -1.46890118917601353310e+00) (1, 3.85846691444686484829e+00) (2, 1.73285755646025385612e-01) (3, 8.07216093522991506859e-01) (4, 3.40099078860629955301e-01) (5, 2.97190289330279133750e-01) (6, 3.77814523212445574352e-01) (7, 2.00111095453547482848e+00) (8, 1.83159040530445432760e-01) (9, 3.00453313697214230427e-01) (10, 2.01347706636301904126e+00) (11, -1.60825843403752305472e-01) (0, -1.55935078060405474254e+00) (1, 3.96300970803073404625e+00) (2, 1.27179627427298935771e+00) (3, 3.85119537593140570664e+00) (4, 4.27750273743021991457e-01) (5, 1.08415156909663590312e+00) (6, 2.91315433715117144686e-01) (7, 1.63778619518326662430e+00) (8, 4.96624733973269227860e-01) (9, 3.63391745556120748795e-01) (10, 1.57041546330563352996e+00) (11, -2.34171633496698144983e-01) (12, 2.25023673214920485464e+01) (13, 8.44199450637449833046e-01) (14, 4.25467741931033494041e+00) (15, -1.73783297020939953015e+00) 
