FANN_FLO_2.1
num_layers=3
learning_rate=0.700000
connection_rate=1.000000
network_type=0
learning_momentum=0.000000
training_algorithm=2
train_error_function=1
train_stop_function=1
cascade_output_change_fraction=0.010000
quickprop_decay=-0.000100
quickprop_mu=1.750000
rprop_increase_factor=1.200000
rprop_decrease_factor=0.500000
rprop_delta_min=0.000000
rprop_delta_max=50.000000
rprop_delta_zero=0.100000
cascade_output_stagnation_epochs=12
cascade_candidate_change_fraction=0.010000
cascade_candidate_stagnation_epochs=12
cascade_max_out_epochs=150
cascade_min_out_epochs=50
cascade_max_cand_epochs=150
cascade_min_cand_epochs=50
cascade_num_candidate_groups=2
bit_fail_limit=1.00000000000000005551e-01
cascade_candidate_limit=1.00000000000000000000e+03
cascade_weight_multiplier=4.00000000000000022204e-01
cascade_activation_functions_count=10
cascade_activation_functions=3 5 7 8 10 11 14 15 16 17 
cascade_activation_steepnesses_count=4
cascade_activation_steepnesses=2.50000000000000000000e-01 5.00000000000000000000e-01 7.50000000000000000000e-01 1.00000000000000000000e+00 
layer_sizes=10 4 2 
scale_included=0
neurons (num_inputs, activation_function, activation_steepness)=(0, 0, 0.00000000000000000000e+00) (0, 0, 0.00000000000000000000e+00) (0, 0, 0.00000000000000000000e+00) (0, 0, 0.00000000000000000000e+00) (0, 0, 0.00000000000000000000e+00) (0, 0, 0.00000000000000000000e+00) (0, 0, 0.00000000000000000000e+00) (0, 0, 0.00000000000000000000e+00) (0, 0, 0.00000000000000000000e+00) (0, 0, 0.00000000000000000000e+00) (10, 6, 5.00000000000000000000e-01) (10, 6, 5.00000000000000000000e-01) (10, 6, 5.00000000000000000000e-01) (0, 6, 0.00000000000000000000e+00) (4, 4, 5.00000000000000000000e-01) (0, 4, 0.00000000000000000000e+00) 
connections (connected_to_neuron, weight)=(0, -4.57124494169134987231e+00) (1, 2.22736277320669096014e+00) (2, 8.64509587592201200756e-01) (3, 3.64390015107264542138e-01) (4, 2.70833033949900547910e+00) (5, 4.25431468734827400446e-01) (6, 4.80326768897989708762e+00) (7, 8.13416698127171877708e-01) (8, 4.40364370525007409185e+00) (9, -3.59482968788849932551e+00) (0, 3.21465083800822313265e+01) (1, -4.87370786087381713259e-01) (2, 5.06695608488960336224e-01) (3, 2.08731154621067416244e+00) (4, -7.12997853134474168790e-01) (5, 3.88552083108229506792e+00) (6, 7.14106717567321025442e-01) (7, 2.68752264320306499812e+00) (8, -5.18230427061764160612e+01) (9, 1.18922385848171483502e+01) (0, 8.41929503395842937508e-01) (1, -1.06894286983295172533e+00) (2, 3.81763167811225045956e-01) (3, 2.17803495513158340557e+00) (4, 1.88706873876351677310e+00) (5, 3.29990078998112146280e+00) (6, -1.35333443317560409014e+01) (7, -2.74198780103056849455e+00) (8, -1.85784427389124351393e+00) (9, 1.20614666227121469788e+00) (10, 1.44699588195915225697e+02) (11, -1.47406268137298113174e+00) (12, -2.30555838735755962432e+01) (13, -1.53029619919858461685e+00) 
