FANN_FLO_2.1
num_layers=3
learning_rate=0.700000
connection_rate=1.000000
network_type=0
learning_momentum=0.000000
training_algorithm=2
train_error_function=1
train_stop_function=1
cascade_output_change_fraction=0.010000
quickprop_decay=-0.000100
quickprop_mu=1.750000
rprop_increase_factor=1.200000
rprop_decrease_factor=0.500000
rprop_delta_min=0.000000
rprop_delta_max=50.000000
rprop_delta_zero=0.100000
cascade_output_stagnation_epochs=12
cascade_candidate_change_fraction=0.010000
cascade_candidate_stagnation_epochs=12
cascade_max_out_epochs=150
cascade_min_out_epochs=50
cascade_max_cand_epochs=150
cascade_min_cand_epochs=50
cascade_num_candidate_groups=2
bit_fail_limit=1.00000000000000005551e-01
cascade_candidate_limit=1.00000000000000000000e+03
cascade_weight_multiplier=4.00000000000000022204e-01
cascade_activation_functions_count=10
cascade_activation_functions=3 5 7 8 10 11 14 15 16 17 
cascade_activation_steepnesses_count=4
cascade_activation_steepnesses=2.50000000000000000000e-01 5.00000000000000000000e-01 7.50000000000000000000e-01 1.00000000000000000000e+00 
layer_sizes=10 4 2 
scale_included=0
neurons (num_inputs, activation_function, activation_steepness)=(0, 0, 0.00000000000000000000e+00) (0, 0, 0.00000000000000000000e+00) (0, 0, 0.00000000000000000000e+00) (0, 0, 0.00000000000000000000e+00) (0, 0, 0.00000000000000000000e+00) (0, 0, 0.00000000000000000000e+00) (0, 0, 0.00000000000000000000e+00) (0, 0, 0.00000000000000000000e+00) (0, 0, 0.00000000000000000000e+00) (0, 0, 0.00000000000000000000e+00) (10, 6, 5.00000000000000000000e-01) (10, 6, 5.00000000000000000000e-01) (10, 6, 5.00000000000000000000e-01) (0, 6, 0.00000000000000000000e+00) (4, 4, 5.00000000000000000000e-01) (0, 4, 0.00000000000000000000e+00) 
connections (connected_to_neuron, weight)=(0, 2.35033564593365162931e-01) (1, -1.59020217722476431277e+00) (2, 2.85308841738556064060e-02) (3, -5.88471733199140589754e-01) (4, -4.94226477855772783343e-01) (5, -4.06613295649168537960e-01) (6, -2.80526153692355673108e-01) (7, 1.19555540882618133169e-01) (8, 1.22391678189288555245e+00) (9, 7.12608389282237575379e-01) (0, -3.67851801073870721126e+00) (1, 3.38062459091468747729e+00) (2, 3.68426248314880977475e+00) (3, 4.52736650282439967441e+00) (4, 4.19313118448006694194e+00) (5, -7.08774880933727535748e-01) (6, 4.80153213072258466809e+00) (7, -7.02110009065988194266e-01) (8, -5.30052151842996721598e+00) (9, -4.95130841492982476382e+00) (0, 3.26775293031911662212e+00) (1, -4.13931269628798670368e+00) (2, -8.66652697062079591106e-01) (3, -4.46820055953960348916e+00) (4, -3.51668721845814280513e+00) (5, -7.77859797914174588840e-01) (6, -3.74541911183411668773e+00) (7, -1.07920501078426905872e-02) (8, 9.65217145744913906924e-01) (9, 5.07887681351905051486e+00) (10, -1.08664702417374825494e+00) (11, 7.49297200468426893849e+00) (12, -2.05833217330105222587e+00) (13, -9.57188354762487092486e-01) 
