FANN_FLO_2.1
num_layers=3
learning_rate=0.700000
connection_rate=1.000000
network_type=0
learning_momentum=0.000000
training_algorithm=2
train_error_function=1
train_stop_function=1
cascade_output_change_fraction=0.010000
quickprop_decay=-0.000100
quickprop_mu=1.750000
rprop_increase_factor=1.200000
rprop_decrease_factor=0.500000
rprop_delta_min=0.000000
rprop_delta_max=50.000000
rprop_delta_zero=0.100000
cascade_output_stagnation_epochs=12
cascade_candidate_change_fraction=0.010000
cascade_candidate_stagnation_epochs=12
cascade_max_out_epochs=150
cascade_min_out_epochs=50
cascade_max_cand_epochs=150
cascade_min_cand_epochs=50
cascade_num_candidate_groups=2
bit_fail_limit=1.00000000000000005551e-01
cascade_candidate_limit=1.00000000000000000000e+03
cascade_weight_multiplier=4.00000000000000022204e-01
cascade_activation_functions_count=10
cascade_activation_functions=3 5 7 8 10 11 14 15 16 17 
cascade_activation_steepnesses_count=4
cascade_activation_steepnesses=2.50000000000000000000e-01 5.00000000000000000000e-01 7.50000000000000000000e-01 1.00000000000000000000e+00 
layer_sizes=9 4 2 
scale_included=0
neurons (num_inputs, activation_function, activation_steepness)=(0, 0, 0.00000000000000000000e+00) (0, 0, 0.00000000000000000000e+00) (0, 0, 0.00000000000000000000e+00) (0, 0, 0.00000000000000000000e+00) (0, 0, 0.00000000000000000000e+00) (0, 0, 0.00000000000000000000e+00) (0, 0, 0.00000000000000000000e+00) (0, 0, 0.00000000000000000000e+00) (0, 0, 0.00000000000000000000e+00) (9, 6, 5.00000000000000000000e-01) (9, 6, 5.00000000000000000000e-01) (9, 6, 5.00000000000000000000e-01) (0, 6, 0.00000000000000000000e+00) (4, 4, 5.00000000000000000000e-01) (0, 4, 0.00000000000000000000e+00) 
connections (connected_to_neuron, weight)=(0, -3.30028303241988341110e-01) (1, 1.63513706206755893291e+00) (2, 3.40244863202555758441e-01) (3, 4.24832504587205131430e-02) (4, 1.34870103954114872735e+00) (5, 1.29593890050659110713e+00) (6, 1.64178622283658270931e+00) (7, -4.71257671255655985476e-02) (8, -2.99634469367234812509e-01) (0, 1.32366534804446511764e+00) (1, -2.53061367300855133422e+00) (2, 1.78324954325906726016e-01) (3, 8.05594285037231405688e-01) (4, -1.23743385293524665869e+00) (5, -1.50621994912969237035e+00) (6, -2.45733889459441323666e+00) (7, 9.57638546078134145212e-01) (8, 1.45382201894012230703e+00) (0, 1.26831279431922250289e+00) (1, -2.43757705119954559692e+00) (2, 8.32491831133289339473e-02) (3, 7.81343367900562246753e-01) (4, -1.20485432663004798925e+00) (5, -1.52393069446431761449e+00) (6, -2.56590662418673653988e+00) (7, 8.32145738600421291942e-01) (8, 1.52111865057435768911e+00) (9, 4.47034689008658503440e+00) (10, -1.47679347835865009131e+01) (11, -8.17607497426083895675e+00) (12, -5.13802451256910930333e-01) 
