FANN_FLO_2.1
num_layers=3
learning_rate=0.700000
connection_rate=1.000000
network_type=0
learning_momentum=0.000000
training_algorithm=2
train_error_function=1
train_stop_function=1
cascade_output_change_fraction=0.010000
quickprop_decay=-0.000100
quickprop_mu=1.750000
rprop_increase_factor=1.200000
rprop_decrease_factor=0.500000
rprop_delta_min=0.000000
rprop_delta_max=50.000000
rprop_delta_zero=0.100000
cascade_output_stagnation_epochs=12
cascade_candidate_change_fraction=0.010000
cascade_candidate_stagnation_epochs=12
cascade_max_out_epochs=150
cascade_min_out_epochs=50
cascade_max_cand_epochs=150
cascade_min_cand_epochs=50
cascade_num_candidate_groups=2
bit_fail_limit=1.00000000000000005551e-01
cascade_candidate_limit=1.00000000000000000000e+03
cascade_weight_multiplier=4.00000000000000022204e-01
cascade_activation_functions_count=10
cascade_activation_functions=3 5 7 8 10 11 14 15 16 17 
cascade_activation_steepnesses_count=4
cascade_activation_steepnesses=2.50000000000000000000e-01 5.00000000000000000000e-01 7.50000000000000000000e-01 1.00000000000000000000e+00 
layer_sizes=10 4 2 
scale_included=0
neurons (num_inputs, activation_function, activation_steepness)=(0, 0, 0.00000000000000000000e+00) (0, 0, 0.00000000000000000000e+00) (0, 0, 0.00000000000000000000e+00) (0, 0, 0.00000000000000000000e+00) (0, 0, 0.00000000000000000000e+00) (0, 0, 0.00000000000000000000e+00) (0, 0, 0.00000000000000000000e+00) (0, 0, 0.00000000000000000000e+00) (0, 0, 0.00000000000000000000e+00) (0, 0, 0.00000000000000000000e+00) (10, 6, 5.00000000000000000000e-01) (10, 6, 5.00000000000000000000e-01) (10, 6, 5.00000000000000000000e-01) (0, 6, 0.00000000000000000000e+00) (4, 4, 5.00000000000000000000e-01) (0, 4, 0.00000000000000000000e+00) 
connections (connected_to_neuron, weight)=(0, -3.56574303129047420757e-01) (1, 1.06252727358087867060e+02) (2, 1.15285392179603540797e-01) (3, -4.17090889089602678830e-01) (4, 6.65991482895345598969e-01) (5, -1.78101905176258928920e-01) (6, -1.12931605350645147823e+00) (7, 7.80199308531492996543e-01) (8, 5.71615957139141039889e-01) (9, -1.47597715681534513710e-01) (0, -7.79142850561305833068e-01) (1, 4.94729269396299514483e+02) (2, 1.29032155235630363599e+00) (3, -6.73647830778395517726e-01) (4, 7.92601421452790222411e-01) (5, -6.75519319572266629947e-01) (6, -6.31992044171409084186e-01) (7, 7.91854882779311930463e-01) (8, 8.26974045709677807459e-01) (9, -8.30582456214591813293e-01) (0, -6.76950448675319282898e-01) (1, 4.94691389757925662707e+02) (2, 1.34778682996851295606e+00) (3, -7.44732397192751527371e-01) (4, 8.24755981541901550536e-01) (5, -7.45323801734265156682e-01) (6, -6.92745821794585658893e-01) (7, 8.27932024541091937664e-01) (8, 8.10073953346320263513e-01) (9, -8.39543284399673073182e-01) (10, 1.30625673798309382967e+00) (11, 2.34459343904499561972e+01) (12, 2.34600232222919018454e+01) (13, -1.24759155686882050595e+00) 
