FANN_FLO_2.1
num_layers=3
learning_rate=0.700000
connection_rate=1.000000
network_type=0
learning_momentum=0.000000
training_algorithm=2
train_error_function=1
train_stop_function=1
cascade_output_change_fraction=0.010000
quickprop_decay=-0.000100
quickprop_mu=1.750000
rprop_increase_factor=1.200000
rprop_decrease_factor=0.500000
rprop_delta_min=0.000000
rprop_delta_max=50.000000
rprop_delta_zero=0.100000
cascade_output_stagnation_epochs=12
cascade_candidate_change_fraction=0.010000
cascade_candidate_stagnation_epochs=12
cascade_max_out_epochs=150
cascade_min_out_epochs=50
cascade_max_cand_epochs=150
cascade_min_cand_epochs=50
cascade_num_candidate_groups=2
bit_fail_limit=1.00000000000000005551e-01
cascade_candidate_limit=1.00000000000000000000e+03
cascade_weight_multiplier=4.00000000000000022204e-01
cascade_activation_functions_count=10
cascade_activation_functions=3 5 7 8 10 11 14 15 16 17 
cascade_activation_steepnesses_count=4
cascade_activation_steepnesses=2.50000000000000000000e-01 5.00000000000000000000e-01 7.50000000000000000000e-01 1.00000000000000000000e+00 
layer_sizes=17 4 2 
scale_included=0
neurons (num_inputs, activation_function, activation_steepness)=(0, 0, 0.00000000000000000000e+00) (0, 0, 0.00000000000000000000e+00) (0, 0, 0.00000000000000000000e+00) (0, 0, 0.00000000000000000000e+00) (0, 0, 0.00000000000000000000e+00) (0, 0, 0.00000000000000000000e+00) (0, 0, 0.00000000000000000000e+00) (0, 0, 0.00000000000000000000e+00) (0, 0, 0.00000000000000000000e+00) (0, 0, 0.00000000000000000000e+00) (0, 0, 0.00000000000000000000e+00) (0, 0, 0.00000000000000000000e+00) (0, 0, 0.00000000000000000000e+00) (0, 0, 0.00000000000000000000e+00) (0, 0, 0.00000000000000000000e+00) (0, 0, 0.00000000000000000000e+00) (0, 0, 0.00000000000000000000e+00) (17, 6, 5.00000000000000000000e-01) (17, 6, 5.00000000000000000000e-01) (17, 6, 5.00000000000000000000e-01) (0, 6, 0.00000000000000000000e+00) (4, 4, 5.00000000000000000000e-01) (0, 4, 0.00000000000000000000e+00) 
connections (connected_to_neuron, weight)=(0, -2.48738756245086722885e+00) (1, 9.17236548951293695353e-01) (2, 7.78842192741492245212e-01) (3, 4.56450509196655196398e-01) (4, 7.03812077775928468526e-01) (5, 4.93313910728828075580e-01) (6, 1.97765515348705411824e+00) (7, 1.60946631940672091332e+00) (8, 1.13820195118473610485e+00) (9, 1.43984976028426014949e+00) (10, 1.57692897083828142968e+00) (11, 1.16360397947048332945e-01) (12, 3.15203735018275810198e-01) (13, 4.96857921399831148346e-01) (14, 4.92993807823719210059e-02) (15, 8.81614491372011865877e-01) (16, -2.68446286595531435903e-01) (0, 9.01764140201907693495e+00) (1, -2.52037677670995119428e+00) (2, -2.29274481202404434299e+00) (3, 2.04272818151936069730e-01) (4, 1.58929193567165782941e-02) (5, 4.96751815997590107088e-01) (6, -1.00211793560102258027e+00) (7, -2.19037091399471695041e+00) (8, -7.79125665951524881692e-01) (9, -1.45002649995092658397e-01) (10, -2.18934033478538925266e+00) (11, 1.36345749141222949419e+00) (12, -2.63494827029133737994e-01) (13, -3.47660299566412867023e-01) (14, 3.14209799938206923997e+00) (15, -2.14607370044761769368e-01) (16, 1.50918137659741424805e+00) (0, -2.44456835305402808700e+00) (1, 8.11564778080608117961e-01) (2, 1.45731197488310737498e+00) (3, 5.09133087760345270922e-01) (4, 6.32189959422085001606e-01) (5, 3.66539111650125315478e-01) (6, 1.93572154617699743184e+00) (7, 1.66160396995613268700e+00) (8, 1.41126813978307596997e+00) (9, 1.55795526867134892512e+00) (10, 1.73593400927850893822e+00) (11, 1.68671810937141536391e-01) (12, 7.13358179085019195043e-01) (13, 5.84962027885674862304e-01) (14, 2.73013478548587949779e-02) (15, 8.39026305853031728610e-01) (16, -2.46268709576793670690e-01) (17, 5.45124543482677470507e-01) (18, -1.82563244561220230366e+01) (19, 5.25593837375061045947e-01) (20, -1.12898041651801150920e+00) 
