FANN_FLO_2.1
num_layers=3
learning_rate=0.700000
connection_rate=1.000000
network_type=0
learning_momentum=0.000000
training_algorithm=2
train_error_function=1
train_stop_function=1
cascade_output_change_fraction=0.010000
quickprop_decay=-0.000100
quickprop_mu=1.750000
rprop_increase_factor=1.200000
rprop_decrease_factor=0.500000
rprop_delta_min=0.000000
rprop_delta_max=50.000000
rprop_delta_zero=0.100000
cascade_output_stagnation_epochs=12
cascade_candidate_change_fraction=0.010000
cascade_candidate_stagnation_epochs=12
cascade_max_out_epochs=150
cascade_min_out_epochs=50
cascade_max_cand_epochs=150
cascade_min_cand_epochs=50
cascade_num_candidate_groups=2
bit_fail_limit=1.00000000000000005551e-01
cascade_candidate_limit=1.00000000000000000000e+03
cascade_weight_multiplier=4.00000000000000022204e-01
cascade_activation_functions_count=10
cascade_activation_functions=3 5 7 8 10 11 14 15 16 17 
cascade_activation_steepnesses_count=4
cascade_activation_steepnesses=2.50000000000000000000e-01 5.00000000000000000000e-01 7.50000000000000000000e-01 1.00000000000000000000e+00 
layer_sizes=9 4 2 
scale_included=0
neurons (num_inputs, activation_function, activation_steepness)=(0, 0, 0.00000000000000000000e+00) (0, 0, 0.00000000000000000000e+00) (0, 0, 0.00000000000000000000e+00) (0, 0, 0.00000000000000000000e+00) (0, 0, 0.00000000000000000000e+00) (0, 0, 0.00000000000000000000e+00) (0, 0, 0.00000000000000000000e+00) (0, 0, 0.00000000000000000000e+00) (0, 0, 0.00000000000000000000e+00) (9, 6, 5.00000000000000000000e-01) (9, 6, 5.00000000000000000000e-01) (9, 6, 5.00000000000000000000e-01) (0, 6, 0.00000000000000000000e+00) (4, 4, 5.00000000000000000000e-01) (0, 4, 0.00000000000000000000e+00) 
connections (connected_to_neuron, weight)=(0, -2.37997695478152104798e+00) (1, 2.71698262733552509118e+00) (2, 2.78083884997306052256e+00) (3, -9.66836898946418998868e-01) (4, -1.79408407450907336766e+00) (5, 2.46437864615728141615e+00) (6, 2.23877717845373602756e+00) (7, 1.80052352775029955723e+00) (8, -2.03306254157251053982e+00) (0, -2.84303607178712391956e-01) (1, 2.71655623399881784863e+00) (2, 6.90119033810178694743e-01) (3, -9.37429367042760530726e-02) (4, -3.15651336444402352832e-01) (5, 2.94507468068410771522e+00) (6, 2.87623846045533149152e-01) (7, 1.75822302154344439762e-01) (8, -1.63522625101590657337e-01) (0, 2.62077352461331258837e+00) (1, -1.60826176634238748875e+00) (2, -3.15132405708428420255e+00) (3, 4.58961856441190307887e-01) (4, 1.33530387508529901908e+00) (5, -1.27512840551798500854e+00) (6, -1.19733351615933969470e+00) (7, -2.16613838843643380372e+00) (8, 1.67695359507847840952e+00) (9, 9.04554259284549821984e+00) (10, 7.69849587594283235603e-01) (11, -1.22585774200894501718e+01) (12, -1.69724299542344558844e+00) 
