FANN_FLO_2.1
num_layers=3
learning_rate=0.700000
connection_rate=1.000000
network_type=0
learning_momentum=0.000000
training_algorithm=2
train_error_function=1
train_stop_function=1
cascade_output_change_fraction=0.010000
quickprop_decay=-0.000100
quickprop_mu=1.750000
rprop_increase_factor=1.200000
rprop_decrease_factor=0.500000
rprop_delta_min=0.000000
rprop_delta_max=50.000000
rprop_delta_zero=0.100000
cascade_output_stagnation_epochs=12
cascade_candidate_change_fraction=0.010000
cascade_candidate_stagnation_epochs=12
cascade_max_out_epochs=150
cascade_min_out_epochs=50
cascade_max_cand_epochs=150
cascade_min_cand_epochs=50
cascade_num_candidate_groups=2
bit_fail_limit=1.00000000000000005551e-01
cascade_candidate_limit=1.00000000000000000000e+03
cascade_weight_multiplier=4.00000000000000022204e-01
cascade_activation_functions_count=10
cascade_activation_functions=3 5 7 8 10 11 14 15 16 17 
cascade_activation_steepnesses_count=4
cascade_activation_steepnesses=2.50000000000000000000e-01 5.00000000000000000000e-01 7.50000000000000000000e-01 1.00000000000000000000e+00 
layer_sizes=15 4 2 
scale_included=0
neurons (num_inputs, activation_function, activation_steepness)=(0, 0, 0.00000000000000000000e+00) (0, 0, 0.00000000000000000000e+00) (0, 0, 0.00000000000000000000e+00) (0, 0, 0.00000000000000000000e+00) (0, 0, 0.00000000000000000000e+00) (0, 0, 0.00000000000000000000e+00) (0, 0, 0.00000000000000000000e+00) (0, 0, 0.00000000000000000000e+00) (0, 0, 0.00000000000000000000e+00) (0, 0, 0.00000000000000000000e+00) (0, 0, 0.00000000000000000000e+00) (0, 0, 0.00000000000000000000e+00) (0, 0, 0.00000000000000000000e+00) (0, 0, 0.00000000000000000000e+00) (0, 0, 0.00000000000000000000e+00) (15, 6, 5.00000000000000000000e-01) (15, 6, 5.00000000000000000000e-01) (15, 6, 5.00000000000000000000e-01) (0, 6, 0.00000000000000000000e+00) (4, 4, 5.00000000000000000000e-01) (0, 4, 0.00000000000000000000e+00) 
connections (connected_to_neuron, weight)=(0, -2.49026861327955728598e+00) (1, 2.87902204122867511060e+00) (2, 3.29097220318619010371e+00) (3, -2.37879201756528768641e-01) (4, -2.90240119694374287818e+00) (5, 1.65882726746366859771e+00) (6, 2.06706469717226015703e+00) (7, 1.63276143706610143980e+00) (8, -1.33591268517947137084e+00) (9, 6.82402981460002111547e-01) (10, 2.10530738050691068608e+00) (11, 1.31211672125515377285e-01) (12, 2.68401563715695434809e+00) (13, -5.19655606609226494719e-01) (14, -2.49560712936589723654e+00) (0, 1.73168174677477559875e+00) (1, -1.49466822273887700590e+00) (2, -2.15823263091227479649e+00) (3, 8.40236393436577633231e-01) (4, 2.60288674254458030077e+00) (5, -2.27942158424771346148e+00) (6, -1.44776914011438062602e+00) (7, -8.65008647425764887195e-01) (8, 1.72058293918543281364e+00) (9, -2.66560418916610974982e-01) (10, -2.28555375118003833990e+00) (11, -1.61967542194434765968e-01) (12, -1.34317499915439020342e+00) (13, 7.80483159961003702954e-01) (14, 1.57929092955757854888e+00) (0, -8.09913112253269562579e-01) (1, 1.61632604134310531308e+00) (2, 1.61421230491101930227e+00) (3, -4.58250643627045387007e-02) (4, -1.08514470959262654404e+00) (5, 3.15718243013595578628e-01) (6, 1.12426603053014395606e+00) (7, 7.29430704487461167851e-01) (8, -3.17657256758660855311e-01) (9, 4.57532862180367594362e-01) (10, 1.20257605599118377881e+00) (11, -3.87780292707230397897e-02) (12, 4.36938274398929515918e-01) (13, -3.55708787477464261073e-01) (14, -8.08751186758598694659e-01) (15, 5.04910476985133094274e+00) (16, -1.72584596512960573023e+01) (17, 1.50875948351849364926e+00) (18, -1.48731363187296139472e+00) 
