FANN_FLO_2.1
num_layers=3
learning_rate=0.700000
connection_rate=1.000000
network_type=0
learning_momentum=0.000000
training_algorithm=2
train_error_function=1
train_stop_function=1
cascade_output_change_fraction=0.010000
quickprop_decay=-0.000100
quickprop_mu=1.750000
rprop_increase_factor=1.200000
rprop_decrease_factor=0.500000
rprop_delta_min=0.000000
rprop_delta_max=50.000000
rprop_delta_zero=0.100000
cascade_output_stagnation_epochs=12
cascade_candidate_change_fraction=0.010000
cascade_candidate_stagnation_epochs=12
cascade_max_out_epochs=150
cascade_min_out_epochs=50
cascade_max_cand_epochs=150
cascade_min_cand_epochs=50
cascade_num_candidate_groups=2
bit_fail_limit=1.00000000000000005551e-01
cascade_candidate_limit=1.00000000000000000000e+03
cascade_weight_multiplier=4.00000000000000022204e-01
cascade_activation_functions_count=10
cascade_activation_functions=3 5 7 8 10 11 14 15 16 17 
cascade_activation_steepnesses_count=4
cascade_activation_steepnesses=2.50000000000000000000e-01 5.00000000000000000000e-01 7.50000000000000000000e-01 1.00000000000000000000e+00 
layer_sizes=7 4 2 
scale_included=0
neurons (num_inputs, activation_function, activation_steepness)=(0, 0, 0.00000000000000000000e+00) (0, 0, 0.00000000000000000000e+00) (0, 0, 0.00000000000000000000e+00) (0, 0, 0.00000000000000000000e+00) (0, 0, 0.00000000000000000000e+00) (0, 0, 0.00000000000000000000e+00) (0, 0, 0.00000000000000000000e+00) (7, 6, 5.00000000000000000000e-01) (7, 6, 5.00000000000000000000e-01) (7, 6, 5.00000000000000000000e-01) (0, 6, 0.00000000000000000000e+00) (4, 4, 5.00000000000000000000e-01) (0, 4, 0.00000000000000000000e+00) 
connections (connected_to_neuron, weight)=(0, -7.17560320624835656922e-01) (1, 1.60676819273047133407e+00) (2, -1.04691961467419727971e-03) (3, 3.10894236018778746811e+00) (4, 3.37868688841034892079e+00) (5, 3.32913118889215775553e+00) (6, -1.85780471779886435790e+00) (0, -6.75268526652581857483e-01) (1, 1.63059517183117552719e+00) (2, 1.20601131229995106597e-01) (3, 3.08307660421254103866e+00) (4, 3.24482866217066767689e+00) (5, 3.15601445277813352774e+00) (6, -1.87974222220960807128e+00) (0, -6.84401455798871682923e-01) (1, 1.64728991129212065658e+00) (2, 5.29196793977010582211e-01) (3, 3.17676221629502242294e+00) (4, 3.26301707540323260304e+00) (5, 3.22189451297405549113e+00) (6, -1.81650788553539466186e+00) (7, 4.64356671387986175148e+00) (8, 4.63556936497525207130e+00) (9, 3.38516174784529288999e+00) (10, -1.49568043526749017147e+00) 
