FANN_FLO_2.1
num_layers=3
learning_rate=0.700000
connection_rate=1.000000
network_type=0
learning_momentum=0.000000
training_algorithm=2
train_error_function=1
train_stop_function=1
cascade_output_change_fraction=0.010000
quickprop_decay=-0.000100
quickprop_mu=1.750000
rprop_increase_factor=1.200000
rprop_decrease_factor=0.500000
rprop_delta_min=0.000000
rprop_delta_max=50.000000
rprop_delta_zero=0.100000
cascade_output_stagnation_epochs=12
cascade_candidate_change_fraction=0.010000
cascade_candidate_stagnation_epochs=12
cascade_max_out_epochs=150
cascade_min_out_epochs=50
cascade_max_cand_epochs=150
cascade_min_cand_epochs=50
cascade_num_candidate_groups=2
bit_fail_limit=1.00000000000000005551e-01
cascade_candidate_limit=1.00000000000000000000e+03
cascade_weight_multiplier=4.00000000000000022204e-01
cascade_activation_functions_count=10
cascade_activation_functions=3 5 7 8 10 11 14 15 16 17 
cascade_activation_steepnesses_count=4
cascade_activation_steepnesses=2.50000000000000000000e-01 5.00000000000000000000e-01 7.50000000000000000000e-01 1.00000000000000000000e+00 
layer_sizes=9 4 2 
scale_included=0
neurons (num_inputs, activation_function, activation_steepness)=(0, 0, 0.00000000000000000000e+00) (0, 0, 0.00000000000000000000e+00) (0, 0, 0.00000000000000000000e+00) (0, 0, 0.00000000000000000000e+00) (0, 0, 0.00000000000000000000e+00) (0, 0, 0.00000000000000000000e+00) (0, 0, 0.00000000000000000000e+00) (0, 0, 0.00000000000000000000e+00) (0, 0, 0.00000000000000000000e+00) (9, 6, 5.00000000000000000000e-01) (9, 6, 5.00000000000000000000e-01) (9, 6, 5.00000000000000000000e-01) (0, 6, 0.00000000000000000000e+00) (4, 4, 5.00000000000000000000e-01) (0, 4, 0.00000000000000000000e+00) 
connections (connected_to_neuron, weight)=(0, -2.63141471002986626626e-01) (1, 1.14192692535759010575e+00) (2, 4.81124791594750522705e-01) (3, 1.27892125293978808909e-01) (4, -1.00918529564040682089e-01) (5, 4.30376182588345645996e-01) (6, 4.10592193993336795899e-01) (7, 2.67293821523268831930e-02) (8, -2.44514700113711430651e-02) (0, -4.14376451908529952473e-02) (1, 9.98369747623215952892e-01) (2, 1.84099780843027915900e-01) (3, 2.22726034100346859113e-01) (4, 3.72448720285968176702e-02) (5, 1.28933245763548698370e-01) (6, 1.89223008677729453986e-01) (7, -2.17004187157078254344e-02) (8, 2.45683424422816765187e-02) (0, 1.92704342854943377894e+00) (1, -5.89723005135979327918e+00) (2, 2.47588712510159347779e-01) (3, 6.61557630077893699116e-01) (4, 1.10637798343330961970e+00) (5, 3.66662498351624344117e-01) (6, 3.86982809540322159059e-01) (7, 1.11238602731854063776e+00) (8, 9.94483513725105350289e-01) (9, 4.21738147229505311309e-01) (10, 2.66704839242394242671e-01) (11, -5.87380569790925655127e+00) (12, -1.09000286500679477442e+00) 
