FANN_FLO_2.1
num_layers=3
learning_rate=0.700000
connection_rate=1.000000
network_type=0
learning_momentum=0.000000
training_algorithm=2
train_error_function=1
train_stop_function=1
cascade_output_change_fraction=0.010000
quickprop_decay=-0.000100
quickprop_mu=1.750000
rprop_increase_factor=1.200000
rprop_decrease_factor=0.500000
rprop_delta_min=0.000000
rprop_delta_max=50.000000
rprop_delta_zero=0.100000
cascade_output_stagnation_epochs=12
cascade_candidate_change_fraction=0.010000
cascade_candidate_stagnation_epochs=12
cascade_max_out_epochs=150
cascade_min_out_epochs=50
cascade_max_cand_epochs=150
cascade_min_cand_epochs=50
cascade_num_candidate_groups=2
bit_fail_limit=1.00000000000000005551e-01
cascade_candidate_limit=1.00000000000000000000e+03
cascade_weight_multiplier=4.00000000000000022204e-01
cascade_activation_functions_count=10
cascade_activation_functions=3 5 7 8 10 11 14 15 16 17 
cascade_activation_steepnesses_count=4
cascade_activation_steepnesses=2.50000000000000000000e-01 5.00000000000000000000e-01 7.50000000000000000000e-01 1.00000000000000000000e+00 
layer_sizes=10 4 2 
scale_included=0
neurons (num_inputs, activation_function, activation_steepness)=(0, 0, 0.00000000000000000000e+00) (0, 0, 0.00000000000000000000e+00) (0, 0, 0.00000000000000000000e+00) (0, 0, 0.00000000000000000000e+00) (0, 0, 0.00000000000000000000e+00) (0, 0, 0.00000000000000000000e+00) (0, 0, 0.00000000000000000000e+00) (0, 0, 0.00000000000000000000e+00) (0, 0, 0.00000000000000000000e+00) (0, 0, 0.00000000000000000000e+00) (10, 6, 5.00000000000000000000e-01) (10, 6, 5.00000000000000000000e-01) (10, 6, 5.00000000000000000000e-01) (0, 6, 0.00000000000000000000e+00) (4, 4, 5.00000000000000000000e-01) (0, 4, 0.00000000000000000000e+00) 
connections (connected_to_neuron, weight)=(0, -1.01506190272598928459e+00) (1, 1.82205923712454986862e+00) (2, 6.07606795503636942790e-01) (3, -1.51037964928036460427e-02) (4, -6.74517632467289240950e-01) (5, 1.50546265274387036648e+00) (6, 1.93326643888672200511e+00) (7, 1.67097647669129201198e+00) (8, -6.43245298895879225043e-01) (9, -6.64206595165272029035e-01) (0, -6.33653132422127463030e+00) (1, 2.10885382619391315018e+00) (2, 2.66110749262225043665e+00) (3, -4.53382198944899061921e-01) (4, -6.91338546846910428911e-01) (5, 2.22959736814410192096e+00) (6, 3.08688723683109955687e+00) (7, 3.17752825503425118114e+00) (8, -8.91345233589575514088e-01) (9, -1.34531510537928045146e+00) (0, -4.12995172250312592155e+00) (1, 1.75456814392388715795e+00) (2, 1.78024990750976042087e+00) (3, 9.98615119412858860681e-03) (4, -8.08610225854628827946e-01) (5, 1.64163122644407954986e+00) (6, 1.57245119127829524608e+00) (7, 1.46903745816044284389e+00) (8, -6.78175293723432881521e-01) (9, -8.25309506900518519146e-01) (10, 6.75320360413327769322e-01) (11, 4.46114859528211304962e+00) (12, 1.44012091076161272696e+01) (13, -1.92324742542489279806e+00) 
