FANN_FLO_2.1
num_layers=3
learning_rate=0.700000
connection_rate=1.000000
network_type=0
learning_momentum=0.000000
training_algorithm=2
train_error_function=1
train_stop_function=1
cascade_output_change_fraction=0.010000
quickprop_decay=-0.000100
quickprop_mu=1.750000
rprop_increase_factor=1.200000
rprop_decrease_factor=0.500000
rprop_delta_min=0.000000
rprop_delta_max=50.000000
rprop_delta_zero=0.100000
cascade_output_stagnation_epochs=12
cascade_candidate_change_fraction=0.010000
cascade_candidate_stagnation_epochs=12
cascade_max_out_epochs=150
cascade_min_out_epochs=50
cascade_max_cand_epochs=150
cascade_min_cand_epochs=50
cascade_num_candidate_groups=2
bit_fail_limit=1.00000000000000005551e-01
cascade_candidate_limit=1.00000000000000000000e+03
cascade_weight_multiplier=4.00000000000000022204e-01
cascade_activation_functions_count=10
cascade_activation_functions=3 5 7 8 10 11 14 15 16 17 
cascade_activation_steepnesses_count=4
cascade_activation_steepnesses=2.50000000000000000000e-01 5.00000000000000000000e-01 7.50000000000000000000e-01 1.00000000000000000000e+00 
layer_sizes=10 4 2 
scale_included=0
neurons (num_inputs, activation_function, activation_steepness)=(0, 0, 0.00000000000000000000e+00) (0, 0, 0.00000000000000000000e+00) (0, 0, 0.00000000000000000000e+00) (0, 0, 0.00000000000000000000e+00) (0, 0, 0.00000000000000000000e+00) (0, 0, 0.00000000000000000000e+00) (0, 0, 0.00000000000000000000e+00) (0, 0, 0.00000000000000000000e+00) (0, 0, 0.00000000000000000000e+00) (0, 0, 0.00000000000000000000e+00) (10, 6, 5.00000000000000000000e-01) (10, 6, 5.00000000000000000000e-01) (10, 6, 5.00000000000000000000e-01) (0, 6, 0.00000000000000000000e+00) (4, 4, 5.00000000000000000000e-01) (0, 4, 0.00000000000000000000e+00) 
connections (connected_to_neuron, weight)=(0, -1.52284422329083846126e-01) (1, 1.42450945665344130830e+00) (2, 4.62244334702696102468e-02) (3, 2.71785714050162008348e+00) (4, 6.93973684531232870576e-01) (5, -3.14511270139273546587e-02) (6, 2.46314256422947952530e+00) (7, 3.29184043863088582338e-02) (8, -1.05048673349695285140e+01) (9, -1.62955238858929207790e-01) (0, -6.43668261839649691325e+00) (1, 3.71229739833848659813e+00) (2, 3.19528853068015861183e+00) (3, 5.57703456015111243005e+00) (4, 4.42649667113744627045e+00) (5, -8.62536852194163095042e-01) (6, 4.35359084634569004635e+00) (7, -1.86484688531191877825e-01) (8, -2.58135476721877221706e+00) (9, -4.67082044094119552824e+00) (0, 1.78375303173943955404e-01) (1, -1.11382110749950635764e+00) (2, 5.22267234465545945876e-02) (3, -1.62362988754357506771e+00) (4, -5.87690740396195065998e-01) (5, -1.23342624155360902627e-02) (6, -1.65999330000810707553e+00) (7, 1.60995177823211432777e-01) (8, 5.90719160495084238960e+00) (9, 2.56305906350299317342e-01) (10, 2.24511289748033693314e+00) (11, 8.90850806195414257616e+00) (12, -5.67448899045450816381e-01) (13, -2.77388028199156044806e+00) 
