FANN_FLO_2.1
num_layers=3
learning_rate=0.700000
connection_rate=1.000000
network_type=0
learning_momentum=0.000000
training_algorithm=2
train_error_function=1
train_stop_function=1
cascade_output_change_fraction=0.010000
quickprop_decay=-0.000100
quickprop_mu=1.750000
rprop_increase_factor=1.200000
rprop_decrease_factor=0.500000
rprop_delta_min=0.000000
rprop_delta_max=50.000000
rprop_delta_zero=0.100000
cascade_output_stagnation_epochs=12
cascade_candidate_change_fraction=0.010000
cascade_candidate_stagnation_epochs=12
cascade_max_out_epochs=150
cascade_min_out_epochs=50
cascade_max_cand_epochs=150
cascade_min_cand_epochs=50
cascade_num_candidate_groups=2
bit_fail_limit=1.00000000000000005551e-01
cascade_candidate_limit=1.00000000000000000000e+03
cascade_weight_multiplier=4.00000000000000022204e-01
cascade_activation_functions_count=10
cascade_activation_functions=3 5 7 8 10 11 14 15 16 17 
cascade_activation_steepnesses_count=4
cascade_activation_steepnesses=2.50000000000000000000e-01 5.00000000000000000000e-01 7.50000000000000000000e-01 1.00000000000000000000e+00 
layer_sizes=13 4 2 
scale_included=0
neurons (num_inputs, activation_function, activation_steepness)=(0, 0, 0.00000000000000000000e+00) (0, 0, 0.00000000000000000000e+00) (0, 0, 0.00000000000000000000e+00) (0, 0, 0.00000000000000000000e+00) (0, 0, 0.00000000000000000000e+00) (0, 0, 0.00000000000000000000e+00) (0, 0, 0.00000000000000000000e+00) (0, 0, 0.00000000000000000000e+00) (0, 0, 0.00000000000000000000e+00) (0, 0, 0.00000000000000000000e+00) (0, 0, 0.00000000000000000000e+00) (0, 0, 0.00000000000000000000e+00) (0, 0, 0.00000000000000000000e+00) (13, 6, 5.00000000000000000000e-01) (13, 6, 5.00000000000000000000e-01) (13, 6, 5.00000000000000000000e-01) (0, 6, 0.00000000000000000000e+00) (4, 4, 5.00000000000000000000e-01) (0, 4, 0.00000000000000000000e+00) 
connections (connected_to_neuron, weight)=(0, -1.61155726905899465695e-01) (1, 1.36741805891455170396e+00) (2, 1.81647871869070776096e-01) (3, -1.23584704754030383356e+00) (4, -5.88059941888089077189e-01) (5, 1.41751043894106509846e+00) (6, -3.46352811284031614214e-01) (7, -5.04689127878951371287e-01) (8, 2.15533574828756568920e+00) (9, 3.63085818304057594830e+00) (10, 9.50616342340295350510e-01) (11, 1.16579348359956047609e+00) (12, -4.08198604823959476651e-01) (0, 3.00194336618746948631e+00) (1, -3.66029196338121387555e+00) (2, -5.93560025605153462891e+00) (3, -1.61852503833582805903e+00) (4, 1.56243662741964217666e+00) (5, -4.09399583371227127060e+00) (6, -7.19780605358840475105e-01) (7, 1.75543816672644248378e+00) (8, -3.87612216155915190186e+00) (9, -4.79787827258772225925e-01) (10, -1.80080864165007148436e+00) (11, -4.17244350053154988700e+00) (12, 4.84772444461479601330e+00) (0, -3.62205420397585964309e-01) (1, 1.36536682960142008447e+00) (2, 1.53458590989573928631e-01) (3, -1.09774626952683673764e+00) (4, -5.00663928042824224462e-01) (5, 1.41201069831896930395e+00) (6, -5.67260988974226526560e-02) (7, -5.19887211479986510732e-01) (8, -1.70630892634854203216e-01) (9, 3.42162602090533685129e+00) (10, 2.06161919747286731530e-01) (11, 2.70011294142729019185e+00) (12, -5.11631338721214468102e-01) (13, 3.50915097712908563565e+00) (14, -1.36442975860046722403e+01) (15, 3.49288078039322735791e+00) (16, -3.05192652918973639231e+00) 
