FANN_FLO_2.1
num_layers=3
learning_rate=0.700000
connection_rate=1.000000
network_type=0
learning_momentum=0.000000
training_algorithm=2
train_error_function=1
train_stop_function=1
cascade_output_change_fraction=0.010000
quickprop_decay=-0.000100
quickprop_mu=1.750000
rprop_increase_factor=1.200000
rprop_decrease_factor=0.500000
rprop_delta_min=0.000000
rprop_delta_max=50.000000
rprop_delta_zero=0.100000
cascade_output_stagnation_epochs=12
cascade_candidate_change_fraction=0.010000
cascade_candidate_stagnation_epochs=12
cascade_max_out_epochs=150
cascade_min_out_epochs=50
cascade_max_cand_epochs=150
cascade_min_cand_epochs=50
cascade_num_candidate_groups=2
bit_fail_limit=1.00000000000000005551e-01
cascade_candidate_limit=1.00000000000000000000e+03
cascade_weight_multiplier=4.00000000000000022204e-01
cascade_activation_functions_count=10
cascade_activation_functions=3 5 7 8 10 11 14 15 16 17 
cascade_activation_steepnesses_count=4
cascade_activation_steepnesses=2.50000000000000000000e-01 5.00000000000000000000e-01 7.50000000000000000000e-01 1.00000000000000000000e+00 
layer_sizes=17 4 2 
scale_included=0
neurons (num_inputs, activation_function, activation_steepness)=(0, 0, 0.00000000000000000000e+00) (0, 0, 0.00000000000000000000e+00) (0, 0, 0.00000000000000000000e+00) (0, 0, 0.00000000000000000000e+00) (0, 0, 0.00000000000000000000e+00) (0, 0, 0.00000000000000000000e+00) (0, 0, 0.00000000000000000000e+00) (0, 0, 0.00000000000000000000e+00) (0, 0, 0.00000000000000000000e+00) (0, 0, 0.00000000000000000000e+00) (0, 0, 0.00000000000000000000e+00) (0, 0, 0.00000000000000000000e+00) (0, 0, 0.00000000000000000000e+00) (0, 0, 0.00000000000000000000e+00) (0, 0, 0.00000000000000000000e+00) (0, 0, 0.00000000000000000000e+00) (0, 0, 0.00000000000000000000e+00) (17, 6, 5.00000000000000000000e-01) (17, 6, 5.00000000000000000000e-01) (17, 6, 5.00000000000000000000e-01) (0, 6, 0.00000000000000000000e+00) (4, 4, 5.00000000000000000000e-01) (0, 4, 0.00000000000000000000e+00) 
connections (connected_to_neuron, weight)=(0, -7.14252156928409931425e-01) (1, 6.21236420023683844072e-01) (2, 5.24625571172538496256e-01) (3, 5.13277333959865300628e-01) (4, 2.26402218480425299063e-01) (5, 1.89381608608114176961e-01) (6, 9.43044965487006114913e-01) (7, 1.82361826094467049941e+00) (8, 2.05465048942818784283e+00) (9, 9.32087398205717621025e-01) (10, 4.87729267841470082168e-01) (11, -1.46571162071043648023e-01) (12, 1.40501800924627356926e-01) (13, 2.86128094772881202967e-01) (14, -8.36465311310832099201e-02) (15, 5.44384499185423115231e-02) (16, 3.75011195601901090035e-02) (0, 2.66345916676631722098e+00) (1, -1.45152633995915625320e+00) (2, -1.58732765350532423199e+00) (3, 3.73091983524256542992e-01) (4, 2.67950595574725114467e-01) (5, 2.47483511167574110612e-01) (6, 1.14652815189450474342e-01) (7, -1.53568559281900562929e+00) (8, -6.78937498998362420899e-01) (9, 2.25730837548731189113e-01) (10, -1.63858399836197987653e+00) (11, 1.40608526191260385652e+00) (12, 9.63734259248310243251e-01) (13, -6.60749238914590808491e-01) (14, 1.32810193097736406465e+00) (15, -2.99845865071334261032e-02) (16, 1.24518931965145229768e+00) (0, -3.56047301631472301597e-01) (1, 5.03298115825896341669e-01) (2, 5.24680234341923124042e-01) (3, 1.96558019419271062800e-01) (4, 3.75847045238749122298e-01) (5, 5.04928726609484068710e-01) (6, 1.79414377874938024693e-01) (7, 3.50853880002135354310e-01) (8, 3.53067607902711078083e-01) (9, 3.00308971528382040450e-01) (10, 5.12208103948724735588e-01) (11, -5.05975040417387667002e-03) (12, 2.79851133362509441049e-01) (13, 3.37597027103489266686e-01) (14, -1.53184363272006074386e-01) (15, 2.30234369310562375643e-01) (16, -3.33929639440009575976e-03) (17, 1.09494954708935732235e+00) (18, -4.70988803110110652028e+01) (19, 6.41626950735002532511e-01) (20, -7.98476126462629109959e-01) 
