FANN_FLO_2.1
num_layers=3
learning_rate=0.700000
connection_rate=1.000000
network_type=0
learning_momentum=0.000000
training_algorithm=2
train_error_function=1
train_stop_function=1
cascade_output_change_fraction=0.010000
quickprop_decay=-0.000100
quickprop_mu=1.750000
rprop_increase_factor=1.200000
rprop_decrease_factor=0.500000
rprop_delta_min=0.000000
rprop_delta_max=50.000000
rprop_delta_zero=0.100000
cascade_output_stagnation_epochs=12
cascade_candidate_change_fraction=0.010000
cascade_candidate_stagnation_epochs=12
cascade_max_out_epochs=150
cascade_min_out_epochs=50
cascade_max_cand_epochs=150
cascade_min_cand_epochs=50
cascade_num_candidate_groups=2
bit_fail_limit=1.00000000000000005551e-01
cascade_candidate_limit=1.00000000000000000000e+03
cascade_weight_multiplier=4.00000000000000022204e-01
cascade_activation_functions_count=10
cascade_activation_functions=3 5 7 8 10 11 14 15 16 17 
cascade_activation_steepnesses_count=4
cascade_activation_steepnesses=2.50000000000000000000e-01 5.00000000000000000000e-01 7.50000000000000000000e-01 1.00000000000000000000e+00 
layer_sizes=14 4 2 
scale_included=0
neurons (num_inputs, activation_function, activation_steepness)=(0, 0, 0.00000000000000000000e+00) (0, 0, 0.00000000000000000000e+00) (0, 0, 0.00000000000000000000e+00) (0, 0, 0.00000000000000000000e+00) (0, 0, 0.00000000000000000000e+00) (0, 0, 0.00000000000000000000e+00) (0, 0, 0.00000000000000000000e+00) (0, 0, 0.00000000000000000000e+00) (0, 0, 0.00000000000000000000e+00) (0, 0, 0.00000000000000000000e+00) (0, 0, 0.00000000000000000000e+00) (0, 0, 0.00000000000000000000e+00) (0, 0, 0.00000000000000000000e+00) (0, 0, 0.00000000000000000000e+00) (14, 6, 5.00000000000000000000e-01) (14, 6, 5.00000000000000000000e-01) (14, 6, 5.00000000000000000000e-01) (0, 6, 0.00000000000000000000e+00) (4, 4, 5.00000000000000000000e-01) (0, 4, 0.00000000000000000000e+00) 
connections (connected_to_neuron, weight)=(0, -4.59704334073536613481e-01) (1, 7.00738104186659249706e+00) (2, 7.19189613964603680074e-02) (3, -6.07048555002455580976e-01) (4, -5.56703834519629348065e-01) (5, -5.32300345558228693577e-03) (6, -3.21891838520667189494e-02) (7, -7.02462966493969354076e+00) (8, 1.49943511329936485232e+00) (9, -9.62035328477030549088e-02) (10, 7.13962554685478600902e+00) (11, -2.72625756269878172233e-01) (12, -5.81713753781367248763e-01) (13, -4.73545188241474845903e-01) (0, -3.17971820168965080278e-01) (1, 7.04282767452006730480e+00) (2, 1.26968559613470866054e-01) (3, -5.85242791757826674726e-01) (4, -7.01749547109846938397e-01) (5, 6.37830985341638068142e-02) (6, -1.15345449170460426225e-01) (7, -7.08050586037044915599e+00) (8, 1.45337307595061759891e+00) (9, -4.28357430129652563822e-02) (10, 7.01421957961922082347e+00) (11, -2.23129329091495326454e-01) (12, -5.66679771087218342451e-01) (13, -4.87619759672157981889e-01) (0, -4.98883767075647244216e-01) (1, 1.18617155249944317141e+00) (2, 4.99450878885037030663e-01) (3, -3.87318186104017719851e-02) (4, -1.22400879815790911143e-01) (5, 4.22986512503443878863e-01) (6, 3.13028815490134171284e-01) (7, -1.16966820677152227859e+00) (8, 9.75635845792763745088e-01) (9, 2.58937931409414678896e-01) (10, 1.34804684515824879654e+00) (11, 1.02748866721204507035e-01) (12, -2.42685812168172559966e-01) (13, 1.65814236038884899038e-01) (14, 7.19019104294186028881e+00) (15, 7.13593396298294457836e+00) (16, 3.03466594567831426943e-01) (17, -3.31294546061032035844e-01) 
