FANN_FLO_2.1
num_layers=3
learning_rate=0.700000
connection_rate=1.000000
network_type=0
learning_momentum=0.000000
training_algorithm=2
train_error_function=1
train_stop_function=1
cascade_output_change_fraction=0.010000
quickprop_decay=-0.000100
quickprop_mu=1.750000
rprop_increase_factor=1.200000
rprop_decrease_factor=0.500000
rprop_delta_min=0.000000
rprop_delta_max=50.000000
rprop_delta_zero=0.100000
cascade_output_stagnation_epochs=12
cascade_candidate_change_fraction=0.010000
cascade_candidate_stagnation_epochs=12
cascade_max_out_epochs=150
cascade_min_out_epochs=50
cascade_max_cand_epochs=150
cascade_min_cand_epochs=50
cascade_num_candidate_groups=2
bit_fail_limit=1.00000000000000005551e-01
cascade_candidate_limit=1.00000000000000000000e+03
cascade_weight_multiplier=4.00000000000000022204e-01
cascade_activation_functions_count=10
cascade_activation_functions=3 5 7 8 10 11 14 15 16 17 
cascade_activation_steepnesses_count=4
cascade_activation_steepnesses=2.50000000000000000000e-01 5.00000000000000000000e-01 7.50000000000000000000e-01 1.00000000000000000000e+00 
layer_sizes=10 4 2 
scale_included=0
neurons (num_inputs, activation_function, activation_steepness)=(0, 0, 0.00000000000000000000e+00) (0, 0, 0.00000000000000000000e+00) (0, 0, 0.00000000000000000000e+00) (0, 0, 0.00000000000000000000e+00) (0, 0, 0.00000000000000000000e+00) (0, 0, 0.00000000000000000000e+00) (0, 0, 0.00000000000000000000e+00) (0, 0, 0.00000000000000000000e+00) (0, 0, 0.00000000000000000000e+00) (0, 0, 0.00000000000000000000e+00) (10, 6, 5.00000000000000000000e-01) (10, 6, 5.00000000000000000000e-01) (10, 6, 5.00000000000000000000e-01) (0, 6, 0.00000000000000000000e+00) (4, 4, 5.00000000000000000000e-01) (0, 4, 0.00000000000000000000e+00) 
connections (connected_to_neuron, weight)=(0, 2.38435657474801693256e-01) (1, 7.93386987955273847994e-01) (2, 7.54950815454138890459e-01) (3, 2.13120232148236499192e-01) (4, 9.26752176023377893799e-01) (5, 5.29396851061634476920e-01) (6, 5.93288898351985949375e+00) (7, -1.07150142870534903494e+00) (8, -2.48676270356510276116e+00) (9, -1.87478812122613880398e+00) (0, 1.50935687035074650453e-01) (1, 1.03384767818769995884e+00) (2, 3.91460319246483257061e+00) (3, -2.39683282289498134077e+00) (4, 3.44107656803049399841e+00) (5, -2.35984438548954367221e+00) (6, -2.75983553998158859244e+00) (7, 1.27256221223264560649e+01) (8, -3.26267057683332772910e+00) (9, -1.64836126075678057745e+00) (0, 7.95586158187593962821e-03) (1, -2.59002801466909327033e+00) (2, -2.27599615983460701329e+00) (3, 2.56896733647307184967e+00) (4, -2.61809353338122230426e+00) (5, 2.58284604786662752574e+00) (6, 2.55303082681236315210e+00) (7, 8.67063996093187228098e+00) (8, 3.27882729366499745538e+01) (9, 2.24965714793625171097e+00) (10, 1.54680519511736207505e+01) (11, 1.89534497239415280490e+01) (12, -1.27392110173635249026e+01) (13, -1.06514338927792762135e+00) 
