FANN_FLO_2.1
num_layers=3
learning_rate=0.700000
connection_rate=1.000000
network_type=0
learning_momentum=0.000000
training_algorithm=2
train_error_function=1
train_stop_function=1
cascade_output_change_fraction=0.010000
quickprop_decay=-0.000100
quickprop_mu=1.750000
rprop_increase_factor=1.200000
rprop_decrease_factor=0.500000
rprop_delta_min=0.000000
rprop_delta_max=50.000000
rprop_delta_zero=0.100000
cascade_output_stagnation_epochs=12
cascade_candidate_change_fraction=0.010000
cascade_candidate_stagnation_epochs=12
cascade_max_out_epochs=150
cascade_min_out_epochs=50
cascade_max_cand_epochs=150
cascade_min_cand_epochs=50
cascade_num_candidate_groups=2
bit_fail_limit=1.00000000000000005551e-01
cascade_candidate_limit=1.00000000000000000000e+03
cascade_weight_multiplier=4.00000000000000022204e-01
cascade_activation_functions_count=10
cascade_activation_functions=3 5 7 8 10 11 14 15 16 17 
cascade_activation_steepnesses_count=4
cascade_activation_steepnesses=2.50000000000000000000e-01 5.00000000000000000000e-01 7.50000000000000000000e-01 1.00000000000000000000e+00 
layer_sizes=8 4 2 
scale_included=0
neurons (num_inputs, activation_function, activation_steepness)=(0, 0, 0.00000000000000000000e+00) (0, 0, 0.00000000000000000000e+00) (0, 0, 0.00000000000000000000e+00) (0, 0, 0.00000000000000000000e+00) (0, 0, 0.00000000000000000000e+00) (0, 0, 0.00000000000000000000e+00) (0, 0, 0.00000000000000000000e+00) (0, 0, 0.00000000000000000000e+00) (8, 6, 5.00000000000000000000e-01) (8, 6, 5.00000000000000000000e-01) (8, 6, 5.00000000000000000000e-01) (0, 6, 0.00000000000000000000e+00) (4, 4, 5.00000000000000000000e-01) (0, 4, 0.00000000000000000000e+00) 
connections (connected_to_neuron, weight)=(0, -1.28698725555888726646e+00) (1, 5.75919315209116611243e+00) (2, -1.72252520954557786226e-02) (3, -2.57355655516383952097e-01) (4, -2.41549874628780192332e-01) (5, -6.83535245481733388928e-01) (6, 9.51881840789369493283e-02) (7, -1.10219003300892337549e+00) (0, -5.71627521275639982612e-01) (1, 2.43230692956906535684e+00) (2, 7.17205567651577058363e-04) (3, -1.00456690166897649741e-01) (4, -2.53070185348698073469e-01) (5, -2.98316061083983952162e-01) (6, 8.62229220703180504470e-02) (7, -3.30785303895186955092e-01) (0, -5.18698127328515501411e-01) (1, 2.48125356350404002725e+00) (2, 1.54207424669820791774e-03) (3, -9.82160919651459407564e-02) (4, -9.82320405694927789586e-02) (5, -3.08775245730590397475e-01) (6, 3.97057511046464833848e-02) (7, -3.34589138214301640151e-01) (8, 5.86528994133200320960e+00) (9, 2.32281327549678051625e+00) (10, 2.31967169348460400258e+00) (11, -9.87457856943478540224e-01) 
