FANN_FLO_2.1
num_layers=3
learning_rate=0.700000
connection_rate=1.000000
network_type=0
learning_momentum=0.000000
training_algorithm=2
train_error_function=1
train_stop_function=1
cascade_output_change_fraction=0.010000
quickprop_decay=-0.000100
quickprop_mu=1.750000
rprop_increase_factor=1.200000
rprop_decrease_factor=0.500000
rprop_delta_min=0.000000
rprop_delta_max=50.000000
rprop_delta_zero=0.100000
cascade_output_stagnation_epochs=12
cascade_candidate_change_fraction=0.010000
cascade_candidate_stagnation_epochs=12
cascade_max_out_epochs=150
cascade_min_out_epochs=50
cascade_max_cand_epochs=150
cascade_min_cand_epochs=50
cascade_num_candidate_groups=2
bit_fail_limit=1.00000000000000005551e-01
cascade_candidate_limit=1.00000000000000000000e+03
cascade_weight_multiplier=4.00000000000000022204e-01
cascade_activation_functions_count=10
cascade_activation_functions=3 5 7 8 10 11 14 15 16 17 
cascade_activation_steepnesses_count=4
cascade_activation_steepnesses=2.50000000000000000000e-01 5.00000000000000000000e-01 7.50000000000000000000e-01 1.00000000000000000000e+00 
layer_sizes=12 4 2 
scale_included=0
neurons (num_inputs, activation_function, activation_steepness)=(0, 0, 0.00000000000000000000e+00) (0, 0, 0.00000000000000000000e+00) (0, 0, 0.00000000000000000000e+00) (0, 0, 0.00000000000000000000e+00) (0, 0, 0.00000000000000000000e+00) (0, 0, 0.00000000000000000000e+00) (0, 0, 0.00000000000000000000e+00) (0, 0, 0.00000000000000000000e+00) (0, 0, 0.00000000000000000000e+00) (0, 0, 0.00000000000000000000e+00) (0, 0, 0.00000000000000000000e+00) (0, 0, 0.00000000000000000000e+00) (12, 6, 5.00000000000000000000e-01) (12, 6, 5.00000000000000000000e-01) (12, 6, 5.00000000000000000000e-01) (0, 6, 0.00000000000000000000e+00) (4, 4, 5.00000000000000000000e-01) (0, 4, 0.00000000000000000000e+00) 
connections (connected_to_neuron, weight)=(0, -2.54037287604268824381e+00) (1, -1.57274184433648933634e+00) (2, -3.73127766448530406862e-01) (3, 1.32037837656587475621e+00) (4, 5.31988025605605985291e-01) (5, -1.27012419744070359506e+00) (6, -2.25684918306112647368e-01) (7, -9.95663757248159766999e-03) (8, -3.39896648667749712303e-01) (9, -1.15843692947339738097e+00) (10, -3.82011712438026715399e-02) (11, 1.93871863330342120157e+00) (0, -1.38104973623135757199e-01) (1, -4.04164744127625374936e-01) (2, -8.02059519017696676002e-01) (3, -1.00523774309504787539e+00) (4, 3.16219729636407043127e-01) (5, -6.35956139965177524864e-01) (6, -1.98388522564462349562e-01) (7, 1.48059361067477517071e-02) (8, -7.53200157061131081448e-01) (9, -1.10777034805301100029e+00) (10, -1.19761436422637235211e+00) (11, 1.55262673492038238976e+00) (0, 1.29075153258483021901e+00) (1, 2.61752070916516588195e-01) (2, 1.73205382864658874453e+00) (3, 7.91745107737988291774e+02) (4, 1.01218498415653797906e+02) (5, 8.37951959750315999997e-01) (6, 8.69816084302824199526e-01) (7, 1.24340038106085826186e+00) (8, 1.84027306425148262647e+00) (9, 8.58011857732151272948e-01) (10, 6.31150807224315713029e-01) (11, -2.14807834219545545906e+00) (12, -5.63103265897885520985e+01) (13, -1.16420769944755448932e+01) (14, 2.55887650999726474765e+01) (15, -1.72301237104858673277e+00) 
