FANN_FLO_2.1
num_layers=3
learning_rate=0.700000
connection_rate=1.000000
network_type=0
learning_momentum=0.000000
training_algorithm=2
train_error_function=1
train_stop_function=1
cascade_output_change_fraction=0.010000
quickprop_decay=-0.000100
quickprop_mu=1.750000
rprop_increase_factor=1.200000
rprop_decrease_factor=0.500000
rprop_delta_min=0.000000
rprop_delta_max=50.000000
rprop_delta_zero=0.100000
cascade_output_stagnation_epochs=12
cascade_candidate_change_fraction=0.010000
cascade_candidate_stagnation_epochs=12
cascade_max_out_epochs=150
cascade_min_out_epochs=50
cascade_max_cand_epochs=150
cascade_min_cand_epochs=50
cascade_num_candidate_groups=2
bit_fail_limit=1.00000000000000005551e-01
cascade_candidate_limit=1.00000000000000000000e+03
cascade_weight_multiplier=4.00000000000000022204e-01
cascade_activation_functions_count=10
cascade_activation_functions=3 5 7 8 10 11 14 15 16 17 
cascade_activation_steepnesses_count=4
cascade_activation_steepnesses=2.50000000000000000000e-01 5.00000000000000000000e-01 7.50000000000000000000e-01 1.00000000000000000000e+00 
layer_sizes=9 4 2 
scale_included=0
neurons (num_inputs, activation_function, activation_steepness)=(0, 0, 0.00000000000000000000e+00) (0, 0, 0.00000000000000000000e+00) (0, 0, 0.00000000000000000000e+00) (0, 0, 0.00000000000000000000e+00) (0, 0, 0.00000000000000000000e+00) (0, 0, 0.00000000000000000000e+00) (0, 0, 0.00000000000000000000e+00) (0, 0, 0.00000000000000000000e+00) (0, 0, 0.00000000000000000000e+00) (9, 6, 5.00000000000000000000e-01) (9, 6, 5.00000000000000000000e-01) (9, 6, 5.00000000000000000000e-01) (0, 6, 0.00000000000000000000e+00) (4, 4, 5.00000000000000000000e-01) (0, 4, 0.00000000000000000000e+00) 
connections (connected_to_neuron, weight)=(0, -8.29419757339301289001e-01) (1, 1.88839867606223799079e+00) (2, -6.76964119274172104745e-02) (3, -3.66233091350273876063e-01) (4, 2.40037662144989027979e+00) (5, 2.38455409062139411791e-01) (6, 2.16363127346236217008e+00) (7, -3.41776019437821487745e-01) (8, -1.10604913408790994644e+00) (0, 1.20739075159945175031e+00) (1, -2.48453646866008792671e+00) (2, -8.06522338236599634076e-02) (3, 6.44677938597046584768e-01) (4, -2.77287669663195535108e+00) (5, 4.02518169713442897084e-01) (6, -2.72468624074821397230e+00) (7, 5.33874353829024261842e-01) (8, 1.47590880630617071745e+00) (0, 1.17478533452667877057e+00) (1, -2.43631921676322971138e+00) (2, 5.99360777485069204373e-03) (3, 3.54823269752143843903e-01) (4, -2.57897534404759332105e+00) (5, 4.03590576482241725209e-01) (6, -2.61128469739918633863e+00) (7, 5.00914792034028000245e-01) (8, 1.47554699866180349943e+00) (9, 8.64911120463919935730e+00) (10, -8.71294742901635466126e+00) (11, -8.71823124666524229553e+00) (12, -8.55445171806159199157e-01) 
