FANN_FLO_2.1
num_layers=3
learning_rate=0.700000
connection_rate=1.000000
network_type=0
learning_momentum=0.000000
training_algorithm=2
train_error_function=1
train_stop_function=1
cascade_output_change_fraction=0.010000
quickprop_decay=-0.000100
quickprop_mu=1.750000
rprop_increase_factor=1.200000
rprop_decrease_factor=0.500000
rprop_delta_min=0.000000
rprop_delta_max=50.000000
rprop_delta_zero=0.100000
cascade_output_stagnation_epochs=12
cascade_candidate_change_fraction=0.010000
cascade_candidate_stagnation_epochs=12
cascade_max_out_epochs=150
cascade_min_out_epochs=50
cascade_max_cand_epochs=150
cascade_min_cand_epochs=50
cascade_num_candidate_groups=2
bit_fail_limit=1.00000000000000005551e-01
cascade_candidate_limit=1.00000000000000000000e+03
cascade_weight_multiplier=4.00000000000000022204e-01
cascade_activation_functions_count=10
cascade_activation_functions=3 5 7 8 10 11 14 15 16 17 
cascade_activation_steepnesses_count=4
cascade_activation_steepnesses=2.50000000000000000000e-01 5.00000000000000000000e-01 7.50000000000000000000e-01 1.00000000000000000000e+00 
layer_sizes=17 4 2 
scale_included=0
neurons (num_inputs, activation_function, activation_steepness)=(0, 0, 0.00000000000000000000e+00) (0, 0, 0.00000000000000000000e+00) (0, 0, 0.00000000000000000000e+00) (0, 0, 0.00000000000000000000e+00) (0, 0, 0.00000000000000000000e+00) (0, 0, 0.00000000000000000000e+00) (0, 0, 0.00000000000000000000e+00) (0, 0, 0.00000000000000000000e+00) (0, 0, 0.00000000000000000000e+00) (0, 0, 0.00000000000000000000e+00) (0, 0, 0.00000000000000000000e+00) (0, 0, 0.00000000000000000000e+00) (0, 0, 0.00000000000000000000e+00) (0, 0, 0.00000000000000000000e+00) (0, 0, 0.00000000000000000000e+00) (0, 0, 0.00000000000000000000e+00) (0, 0, 0.00000000000000000000e+00) (17, 6, 5.00000000000000000000e-01) (17, 6, 5.00000000000000000000e-01) (17, 6, 5.00000000000000000000e-01) (0, 6, 0.00000000000000000000e+00) (4, 4, 5.00000000000000000000e-01) (0, 4, 0.00000000000000000000e+00) 
connections (connected_to_neuron, weight)=(0, 3.91753029077017966841e+00) (1, -1.88305380074662775947e+00) (2, -7.88592367759199719401e-01) (3, -7.93407688574634839540e-01) (4, -2.95623756896306710829e+00) (5, -1.82688695384776189634e+00) (6, -1.40884299603044893523e+00) (7, -1.92696881116144291823e+00) (8, -1.42192767655111218517e+00) (9, -6.54927596996488614600e-01) (10, -1.66580047049693336092e+00) (11, -4.17847619298709394009e-01) (12, -2.95046521016354112987e+00) (13, 7.70524043262756086481e-02) (14, -1.32153098833585112004e+01) (15, 1.12918890684230399657e+00) (16, 3.05545781327489063273e+00) (0, -4.76403371066176628545e+00) (1, 1.53253831791508599025e+00) (2, 4.91532915762104616331e-01) (3, 3.37680448122864573790e-01) (4, 5.07527606832162359041e-01) (5, 7.96861827376195153150e-01) (6, 1.36949835524303109580e+00) (7, 1.53739127065490999158e+00) (8, 4.75779908191731382150e-01) (9, 3.49859256682862607146e-01) (10, 1.87994721355035721011e+00) (11, 7.11277130246260935742e-01) (12, 5.28000043334613478052e-01) (13, 2.31538031572105262867e+00) (14, -1.69822743592133673651e-01) (15, 1.34553731563967216012e+00) (16, -9.88009833343747145840e-01) (0, -3.51629243793269274931e+00) (1, 1.41174733495654924909e+00) (2, 1.13107562479372458775e+00) (3, 5.29916555151504931054e-01) (4, 1.16287418532104136482e+00) (5, 9.00232915999286675834e-01) (6, 6.95408261996246057635e-01) (7, 1.26998482471083029566e+00) (8, 3.79373815446666207141e-01) (9, 7.74249952518040851501e-01) (10, 1.64661249207570681286e+00) (11, 1.30458601580971422784e+00) (12, 1.36962998383021616888e+00) (13, 2.19048232028009026706e+00) (14, 5.85331534499228034463e-01) (15, 3.71766976887421884967e-01) (16, -1.42585975501370532115e+00) (17, -1.03433276016826134480e+01) (18, 4.77094323424807509326e+00) (19, 1.18737166837569585454e+01) (20, -2.38071085529384740553e+00) 
