FANN_FLO_2.1
num_layers=3
learning_rate=0.700000
connection_rate=1.000000
network_type=0
learning_momentum=0.000000
training_algorithm=2
train_error_function=1
train_stop_function=1
cascade_output_change_fraction=0.010000
quickprop_decay=-0.000100
quickprop_mu=1.750000
rprop_increase_factor=1.200000
rprop_decrease_factor=0.500000
rprop_delta_min=0.000000
rprop_delta_max=50.000000
rprop_delta_zero=0.100000
cascade_output_stagnation_epochs=12
cascade_candidate_change_fraction=0.010000
cascade_candidate_stagnation_epochs=12
cascade_max_out_epochs=150
cascade_min_out_epochs=50
cascade_max_cand_epochs=150
cascade_min_cand_epochs=50
cascade_num_candidate_groups=2
bit_fail_limit=1.00000000000000005551e-01
cascade_candidate_limit=1.00000000000000000000e+03
cascade_weight_multiplier=4.00000000000000022204e-01
cascade_activation_functions_count=10
cascade_activation_functions=3 5 7 8 10 11 14 15 16 17 
cascade_activation_steepnesses_count=4
cascade_activation_steepnesses=2.50000000000000000000e-01 5.00000000000000000000e-01 7.50000000000000000000e-01 1.00000000000000000000e+00 
layer_sizes=6 4 2 
scale_included=0
neurons (num_inputs, activation_function, activation_steepness)=(0, 0, 0.00000000000000000000e+00) (0, 0, 0.00000000000000000000e+00) (0, 0, 0.00000000000000000000e+00) (0, 0, 0.00000000000000000000e+00) (0, 0, 0.00000000000000000000e+00) (0, 0, 0.00000000000000000000e+00) (6, 6, 5.00000000000000000000e-01) (6, 6, 5.00000000000000000000e-01) (6, 6, 5.00000000000000000000e-01) (0, 6, 0.00000000000000000000e+00) (4, 4, 5.00000000000000000000e-01) (0, 4, 0.00000000000000000000e+00) 
connections (connected_to_neuron, weight)=(0, -9.55089143364319381746e-01) (1, 1.95611281544866000282e+00) (2, -2.23940266021368117322e+00) (3, 5.80058824789818280876e-02) (4, -1.97423522580547350369e-01) (5, -6.26327162396304260028e-01) (0, -1.96452997277967988943e+00) (1, 1.90484103476310262515e+00) (2, 1.55142579354628851185e+00) (3, 1.42434165695195424917e+00) (4, 8.25130437818823725404e-02) (5, -2.72259028748783071805e+00) (0, 3.24957094647041344615e+00) (1, -1.40114790216610840545e+00) (2, -1.78212258359831809962e+00) (3, -1.39890257574026648513e+01) (4, 1.40568023437016664801e+00) (5, 5.29250263212969418447e+00) (6, 5.53786936203432667014e-01) (7, 2.80881734668125950805e+01) (8, -1.16244094889819873373e+01) (9, -1.38634892918779106807e+00) 
