FANN_FLO_2.1
num_layers=3
learning_rate=0.700000
connection_rate=1.000000
network_type=0
learning_momentum=0.000000
training_algorithm=2
train_error_function=1
train_stop_function=1
cascade_output_change_fraction=0.010000
quickprop_decay=-0.000100
quickprop_mu=1.750000
rprop_increase_factor=1.200000
rprop_decrease_factor=0.500000
rprop_delta_min=0.000000
rprop_delta_max=50.000000
rprop_delta_zero=0.100000
cascade_output_stagnation_epochs=12
cascade_candidate_change_fraction=0.010000
cascade_candidate_stagnation_epochs=12
cascade_max_out_epochs=150
cascade_min_out_epochs=50
cascade_max_cand_epochs=150
cascade_min_cand_epochs=50
cascade_num_candidate_groups=2
bit_fail_limit=1.00000000000000005551e-01
cascade_candidate_limit=1.00000000000000000000e+03
cascade_weight_multiplier=4.00000000000000022204e-01
cascade_activation_functions_count=10
cascade_activation_functions=3 5 7 8 10 11 14 15 16 17 
cascade_activation_steepnesses_count=4
cascade_activation_steepnesses=2.50000000000000000000e-01 5.00000000000000000000e-01 7.50000000000000000000e-01 1.00000000000000000000e+00 
layer_sizes=9 4 2 
scale_included=0
neurons (num_inputs, activation_function, activation_steepness)=(0, 0, 0.00000000000000000000e+00) (0, 0, 0.00000000000000000000e+00) (0, 0, 0.00000000000000000000e+00) (0, 0, 0.00000000000000000000e+00) (0, 0, 0.00000000000000000000e+00) (0, 0, 0.00000000000000000000e+00) (0, 0, 0.00000000000000000000e+00) (0, 0, 0.00000000000000000000e+00) (0, 0, 0.00000000000000000000e+00) (9, 6, 5.00000000000000000000e-01) (9, 6, 5.00000000000000000000e-01) (9, 6, 5.00000000000000000000e-01) (0, 6, 0.00000000000000000000e+00) (4, 4, 5.00000000000000000000e-01) (0, 4, 0.00000000000000000000e+00) 
connections (connected_to_neuron, weight)=(0, 5.47691809770747134456e-02) (1, 1.54151485157386058944e+00) (2, 6.85155187692225831064e-01) (3, -1.87835544197955811585e-02) (4, 1.58624552473983237988e+00) (5, 7.46696300334698470635e-01) (6, 1.54107536602279493465e+00) (7, -1.75913472240002777269e+00) (8, -1.34103682530606782564e+00) (0, 1.38644431048361937986e-01) (1, 1.56877091569081539291e+00) (2, 6.26223322894156830820e-01) (3, 2.76751332134804045593e-02) (4, 1.44867577687463233715e+00) (5, 8.85402284092671187921e-01) (6, 1.46781305822989338594e+00) (7, -1.74826189641984131029e+00) (8, -1.33079264206374681123e+00) (0, 1.81081984454123712247e-01) (1, 1.55993120786920780318e+00) (2, 6.62286472465575593027e-01) (3, 1.10377982273777347499e-01) (4, 1.49752138093671272046e+00) (5, 8.07824335522419723077e-01) (6, 1.43257111537715786653e+00) (7, -1.68554469709427934276e+00) (8, -1.30482867253507173189e+00) (9, 1.14414532626434244378e+01) (10, 4.03925521710553994126e+01) (11, 6.22163353100202698442e+00) (12, -1.30362685663188493379e+00) 
