FANN_FLO_2.1
num_layers=3
learning_rate=0.700000
connection_rate=1.000000
network_type=0
learning_momentum=0.000000
training_algorithm=2
train_error_function=1
train_stop_function=1
cascade_output_change_fraction=0.010000
quickprop_decay=-0.000100
quickprop_mu=1.750000
rprop_increase_factor=1.200000
rprop_decrease_factor=0.500000
rprop_delta_min=0.000000
rprop_delta_max=50.000000
rprop_delta_zero=0.100000
cascade_output_stagnation_epochs=12
cascade_candidate_change_fraction=0.010000
cascade_candidate_stagnation_epochs=12
cascade_max_out_epochs=150
cascade_min_out_epochs=50
cascade_max_cand_epochs=150
cascade_min_cand_epochs=50
cascade_num_candidate_groups=2
bit_fail_limit=1.00000000000000005551e-01
cascade_candidate_limit=1.00000000000000000000e+03
cascade_weight_multiplier=4.00000000000000022204e-01
cascade_activation_functions_count=10
cascade_activation_functions=3 5 7 8 10 11 14 15 16 17 
cascade_activation_steepnesses_count=4
cascade_activation_steepnesses=2.50000000000000000000e-01 5.00000000000000000000e-01 7.50000000000000000000e-01 1.00000000000000000000e+00 
layer_sizes=15 4 2 
scale_included=0
neurons (num_inputs, activation_function, activation_steepness)=(0, 0, 0.00000000000000000000e+00) (0, 0, 0.00000000000000000000e+00) (0, 0, 0.00000000000000000000e+00) (0, 0, 0.00000000000000000000e+00) (0, 0, 0.00000000000000000000e+00) (0, 0, 0.00000000000000000000e+00) (0, 0, 0.00000000000000000000e+00) (0, 0, 0.00000000000000000000e+00) (0, 0, 0.00000000000000000000e+00) (0, 0, 0.00000000000000000000e+00) (0, 0, 0.00000000000000000000e+00) (0, 0, 0.00000000000000000000e+00) (0, 0, 0.00000000000000000000e+00) (0, 0, 0.00000000000000000000e+00) (0, 0, 0.00000000000000000000e+00) (15, 6, 5.00000000000000000000e-01) (15, 6, 5.00000000000000000000e-01) (15, 6, 5.00000000000000000000e-01) (0, 6, 0.00000000000000000000e+00) (4, 4, 5.00000000000000000000e-01) (0, 4, 0.00000000000000000000e+00) 
connections (connected_to_neuron, weight)=(0, -3.64538293693831949582e+00) (1, 3.87767577211431024864e+00) (2, 1.24442427670768118730e+00) (3, -1.47296380459455433787e+00) (4, -2.26975232255220804589e+00) (5, -1.08133203624654461450e+00) (6, 1.93737249297466940234e-01) (7, -7.55980559972598276097e-01) (8, -1.38922991354570068978e+00) (9, -1.30947623525366463326e+00) (10, 2.77473102731075949023e-01) (11, -1.32675415013898367889e+00) (12, -4.30115844987276729761e-01) (13, -1.42249407742724098824e+00) (14, -8.87354341033534839422e-03) (0, -3.68033948157599954953e+00) (1, 3.86241923685244081810e+00) (2, 1.25850917464307165972e+00) (3, -1.51191723554519596995e+00) (4, -2.36947236102581415551e+00) (5, -1.43827584603485325587e+00) (6, 3.55865526420441335986e-01) (7, -1.11020906386351558837e+00) (8, -1.26342111204371132516e+00) (9, -1.37899762515530266427e+00) (10, 2.89886246842709249805e-01) (11, -1.38042626266349310882e+00) (12, -1.25168469930267445278e+00) (13, -1.30868554238781609200e+00) (14, 4.88942501258508577244e-02) (0, -3.62026785556844288294e+00) (1, 3.87939523771575522915e+00) (2, 1.03687116435101600587e+00) (3, -8.86126977796236059426e-01) (4, -2.36456099298358379812e+00) (5, -1.40304870256838065679e+00) (6, 7.76230562466031503988e-02) (7, -4.74499799279906875338e-01) (8, -1.25321187828287783361e+00) (9, -1.26394220445856753088e+00) (10, 1.77377784623468537362e-01) (11, -8.94531664843240759133e-01) (12, -5.25424531938161409883e-01) (13, -1.17213873569473925329e+00) (14, -5.42640885401117004094e-02) (15, 1.60181770846828586130e+00) (16, 1.60584251210674411325e+00) (17, 3.75228987362554988749e+00) (18, -8.27543376144022957419e-01) 
