FANN_FLO_2.1
num_layers=3
learning_rate=0.700000
connection_rate=1.000000
network_type=0
learning_momentum=0.000000
training_algorithm=2
train_error_function=1
train_stop_function=1
cascade_output_change_fraction=0.010000
quickprop_decay=-0.000100
quickprop_mu=1.750000
rprop_increase_factor=1.200000
rprop_decrease_factor=0.500000
rprop_delta_min=0.000000
rprop_delta_max=50.000000
rprop_delta_zero=0.100000
cascade_output_stagnation_epochs=12
cascade_candidate_change_fraction=0.010000
cascade_candidate_stagnation_epochs=12
cascade_max_out_epochs=150
cascade_min_out_epochs=50
cascade_max_cand_epochs=150
cascade_min_cand_epochs=50
cascade_num_candidate_groups=2
bit_fail_limit=1.00000000000000005551e-01
cascade_candidate_limit=1.00000000000000000000e+03
cascade_weight_multiplier=4.00000000000000022204e-01
cascade_activation_functions_count=10
cascade_activation_functions=3 5 7 8 10 11 14 15 16 17 
cascade_activation_steepnesses_count=4
cascade_activation_steepnesses=2.50000000000000000000e-01 5.00000000000000000000e-01 7.50000000000000000000e-01 1.00000000000000000000e+00 
layer_sizes=14 4 2 
scale_included=0
neurons (num_inputs, activation_function, activation_steepness)=(0, 0, 0.00000000000000000000e+00) (0, 0, 0.00000000000000000000e+00) (0, 0, 0.00000000000000000000e+00) (0, 0, 0.00000000000000000000e+00) (0, 0, 0.00000000000000000000e+00) (0, 0, 0.00000000000000000000e+00) (0, 0, 0.00000000000000000000e+00) (0, 0, 0.00000000000000000000e+00) (0, 0, 0.00000000000000000000e+00) (0, 0, 0.00000000000000000000e+00) (0, 0, 0.00000000000000000000e+00) (0, 0, 0.00000000000000000000e+00) (0, 0, 0.00000000000000000000e+00) (0, 0, 0.00000000000000000000e+00) (14, 6, 5.00000000000000000000e-01) (14, 6, 5.00000000000000000000e-01) (14, 6, 5.00000000000000000000e-01) (0, 6, 0.00000000000000000000e+00) (4, 4, 5.00000000000000000000e-01) (0, 4, 0.00000000000000000000e+00) 
connections (connected_to_neuron, weight)=(0, -3.41745655620597066360e+00) (1, 2.27567944001722688441e+00) (2, 4.44233304484300928205e-01) (3, 9.30921195927818079241e-01) (4, -1.00969480838633773878e-01) (5, 2.72416268681677675723e-01) (6, -2.50676213871462927330e+00) (7, 2.46419558856115461509e+00) (8, 9.24606386698827442672e-01) (9, 9.59238036457259912737e-01) (10, 2.25740498375463882752e+00) (11, 4.36088434083872156233e-01) (12, 9.70852820687629458618e-01) (13, -7.46004266574197716366e-01) (0, -1.70591252655844662911e+01) (1, 3.69909180069367193866e+00) (2, -1.13662579878799774313e+00) (3, -1.74462459664314817331e+00) (4, 8.98807533012810999651e+00) (5, 6.55624796043618474073e+00) (6, -5.23884715686101842813e-01) (7, 4.95122695215846597705e+00) (8, 5.41457980376041803083e+00) (9, -1.74480903576582502268e+00) (10, 3.70629913473526739764e+00) (11, -1.12612712606422760153e+00) (12, 2.38913561058161771911e+00) (13, -1.17096179574363090659e+00) (0, 2.11457523616730256322e+01) (1, -4.17654846926839518062e+00) (2, 6.18091780548508773485e-01) (3, 1.25710415818732412774e+00) (4, -5.56382873295238855604e+00) (5, -2.08337921495044886555e+00) (6, 9.05614384276174577693e-01) (7, -3.93431972735969326394e+00) (8, -1.97602065341717647584e-02) (9, 1.17086489104669766448e+00) (10, -4.14175254424722361080e+00) (11, 6.10407747184451232592e-01) (12, -5.47269387321963662885e+00) (13, 1.24665900885493097228e+00) (14, 4.65311681786585484843e+00) (15, 2.58560113912632694166e+00) (16, -7.70851163611508916063e+00) (17, -2.15498950083568097114e+00) 
