FANN_FLO_2.1
num_layers=3
learning_rate=0.700000
connection_rate=1.000000
network_type=0
learning_momentum=0.000000
training_algorithm=2
train_error_function=1
train_stop_function=1
cascade_output_change_fraction=0.010000
quickprop_decay=-0.000100
quickprop_mu=1.750000
rprop_increase_factor=1.200000
rprop_decrease_factor=0.500000
rprop_delta_min=0.000000
rprop_delta_max=50.000000
rprop_delta_zero=0.100000
cascade_output_stagnation_epochs=12
cascade_candidate_change_fraction=0.010000
cascade_candidate_stagnation_epochs=12
cascade_max_out_epochs=150
cascade_min_out_epochs=50
cascade_max_cand_epochs=150
cascade_min_cand_epochs=50
cascade_num_candidate_groups=2
bit_fail_limit=1.00000000000000005551e-01
cascade_candidate_limit=1.00000000000000000000e+03
cascade_weight_multiplier=4.00000000000000022204e-01
cascade_activation_functions_count=10
cascade_activation_functions=3 5 7 8 10 11 14 15 16 17 
cascade_activation_steepnesses_count=4
cascade_activation_steepnesses=2.50000000000000000000e-01 5.00000000000000000000e-01 7.50000000000000000000e-01 1.00000000000000000000e+00 
layer_sizes=12 4 2 
scale_included=0
neurons (num_inputs, activation_function, activation_steepness)=(0, 0, 0.00000000000000000000e+00) (0, 0, 0.00000000000000000000e+00) (0, 0, 0.00000000000000000000e+00) (0, 0, 0.00000000000000000000e+00) (0, 0, 0.00000000000000000000e+00) (0, 0, 0.00000000000000000000e+00) (0, 0, 0.00000000000000000000e+00) (0, 0, 0.00000000000000000000e+00) (0, 0, 0.00000000000000000000e+00) (0, 0, 0.00000000000000000000e+00) (0, 0, 0.00000000000000000000e+00) (0, 0, 0.00000000000000000000e+00) (12, 6, 5.00000000000000000000e-01) (12, 6, 5.00000000000000000000e-01) (12, 6, 5.00000000000000000000e-01) (0, 6, 0.00000000000000000000e+00) (4, 4, 5.00000000000000000000e-01) (0, 4, 0.00000000000000000000e+00) 
connections (connected_to_neuron, weight)=(0, 3.78496110507366700926e-01) (1, 1.50699748426782487165e+00) (2, 7.21570368369615189330e-01) (3, 7.82347114320938952226e-01) (4, -1.06182553768528609162e+00) (5, 1.76895636684475565659e+00) (6, 9.67674030779342331243e-01) (7, 7.90125584799668989611e-01) (8, 5.51440661073011262339e-01) (9, 1.45793290529074792694e+00) (10, 3.26341347109329715792e-01) (11, -1.77171566683772141459e+00) (0, -2.77170847015867138907e-01) (1, -1.25897277480045799436e+00) (2, -4.89135589338697762685e+00) (3, 9.06165693805255934024e+00) (4, 2.76057013554973806890e+00) (5, -1.66519883296962212249e+00) (6, 3.13849304211751594096e+01) (7, -1.49050883441502768356e+00) (8, -4.19993470015503689297e+00) (9, -1.07499163467890257451e+00) (10, -7.93700169040849168312e-01) (11, 3.04988160469454161472e+00) (0, 2.69118341357087276222e+00) (1, 1.54990003819734423196e+00) (2, 6.65872241272572162885e-01) (3, 9.43787934783329673927e-01) (4, 6.89859828655664863994e-01) (5, 1.51994765434066780863e+00) (6, 9.69177982231107959521e-01) (7, 3.46482719510911973959e-01) (8, 6.97254046840138030916e-01) (9, 1.55631064575603050848e+00) (10, 4.43367325972569115144e-01) (11, -2.56588770750880534877e+00) (12, 4.60557009989438803643e+00) (13, -3.14586722528397677578e+00) (14, 6.53792264326740593106e+01) (15, -1.60360439198355742008e+00) 
