FANN_FLO_2.1
num_layers=3
learning_rate=0.700000
connection_rate=1.000000
network_type=0
learning_momentum=0.000000
training_algorithm=2
train_error_function=1
train_stop_function=1
cascade_output_change_fraction=0.010000
quickprop_decay=-0.000100
quickprop_mu=1.750000
rprop_increase_factor=1.200000
rprop_decrease_factor=0.500000
rprop_delta_min=0.000000
rprop_delta_max=50.000000
rprop_delta_zero=0.100000
cascade_output_stagnation_epochs=12
cascade_candidate_change_fraction=0.010000
cascade_candidate_stagnation_epochs=12
cascade_max_out_epochs=150
cascade_min_out_epochs=50
cascade_max_cand_epochs=150
cascade_min_cand_epochs=50
cascade_num_candidate_groups=2
bit_fail_limit=1.00000000000000005551e-01
cascade_candidate_limit=1.00000000000000000000e+03
cascade_weight_multiplier=4.00000000000000022204e-01
cascade_activation_functions_count=10
cascade_activation_functions=3 5 7 8 10 11 14 15 16 17 
cascade_activation_steepnesses_count=4
cascade_activation_steepnesses=2.50000000000000000000e-01 5.00000000000000000000e-01 7.50000000000000000000e-01 1.00000000000000000000e+00 
layer_sizes=7 4 2 
scale_included=0
neurons (num_inputs, activation_function, activation_steepness)=(0, 0, 0.00000000000000000000e+00) (0, 0, 0.00000000000000000000e+00) (0, 0, 0.00000000000000000000e+00) (0, 0, 0.00000000000000000000e+00) (0, 0, 0.00000000000000000000e+00) (0, 0, 0.00000000000000000000e+00) (0, 0, 0.00000000000000000000e+00) (7, 6, 5.00000000000000000000e-01) (7, 6, 5.00000000000000000000e-01) (7, 6, 5.00000000000000000000e-01) (0, 6, 0.00000000000000000000e+00) (4, 4, 5.00000000000000000000e-01) (0, 4, 0.00000000000000000000e+00) 
connections (connected_to_neuron, weight)=(0, 8.32974853149866800717e-02) (1, 8.86268404892722960753e-01) (2, 1.58426634947747868587e+00) (3, -1.21150767590147734332e+00) (4, -1.42342310514341896521e+00) (5, -2.84339477988420430421e+00) (6, 2.41509082761976756615e+00) (0, -3.18485074978977711346e-01) (1, 1.13103496601128594712e+00) (2, 6.87258059438774493444e-02) (3, 2.29844802257658198386e+00) (4, 2.06721680103405436313e+00) (5, 1.91434596448775207200e+00) (6, -1.19324838145831901848e+00) (0, -3.83859088015467198041e-01) (1, 1.11132845600390450791e+00) (2, 1.68239269619853304416e-01) (3, 2.18602098164201930075e+00) (4, 1.97397393970354539938e+00) (5, 1.95802497833605682054e+00) (6, -1.20168407037118751823e+00) (7, -2.51669584688542080642e+00) (8, 7.74454572430859400356e+00) (9, 1.28108870252334803297e+01) (10, -1.05627294840783192420e+00) 
