FANN_FLO_2.1
num_layers=3
learning_rate=0.700000
connection_rate=1.000000
network_type=0
learning_momentum=0.000000
training_algorithm=2
train_error_function=1
train_stop_function=1
cascade_output_change_fraction=0.010000
quickprop_decay=-0.000100
quickprop_mu=1.750000
rprop_increase_factor=1.200000
rprop_decrease_factor=0.500000
rprop_delta_min=0.000000
rprop_delta_max=50.000000
rprop_delta_zero=0.100000
cascade_output_stagnation_epochs=12
cascade_candidate_change_fraction=0.010000
cascade_candidate_stagnation_epochs=12
cascade_max_out_epochs=150
cascade_min_out_epochs=50
cascade_max_cand_epochs=150
cascade_min_cand_epochs=50
cascade_num_candidate_groups=2
bit_fail_limit=1.00000000000000005551e-01
cascade_candidate_limit=1.00000000000000000000e+03
cascade_weight_multiplier=4.00000000000000022204e-01
cascade_activation_functions_count=10
cascade_activation_functions=3 5 7 8 10 11 14 15 16 17 
cascade_activation_steepnesses_count=4
cascade_activation_steepnesses=2.50000000000000000000e-01 5.00000000000000000000e-01 7.50000000000000000000e-01 1.00000000000000000000e+00 
layer_sizes=11 4 2 
scale_included=0
neurons (num_inputs, activation_function, activation_steepness)=(0, 0, 0.00000000000000000000e+00) (0, 0, 0.00000000000000000000e+00) (0, 0, 0.00000000000000000000e+00) (0, 0, 0.00000000000000000000e+00) (0, 0, 0.00000000000000000000e+00) (0, 0, 0.00000000000000000000e+00) (0, 0, 0.00000000000000000000e+00) (0, 0, 0.00000000000000000000e+00) (0, 0, 0.00000000000000000000e+00) (0, 0, 0.00000000000000000000e+00) (0, 0, 0.00000000000000000000e+00) (11, 6, 5.00000000000000000000e-01) (11, 6, 5.00000000000000000000e-01) (11, 6, 5.00000000000000000000e-01) (0, 6, 0.00000000000000000000e+00) (4, 4, 5.00000000000000000000e-01) (0, 4, 0.00000000000000000000e+00) 
connections (connected_to_neuron, weight)=(0, 2.16698849134063653565e+00) (1, -2.07788440478238634057e+00) (2, -1.97759659679745425365e+00) (3, -1.74784882643278205450e+00) (4, -2.23449563883023039068e+00) (5, -7.86936279546487482683e-01) (6, -2.37073564531739489070e+00) (7, 1.27634383647451610244e+00) (8, -5.81471803917334578715e-02) (9, -1.58726761194701415647e+00) (10, 2.47352186292916620403e+00) (0, 2.32136971235880951170e+00) (1, -2.17337255818042329736e+00) (2, -1.90359180512045611522e+00) (3, -1.64160231777484977300e+00) (4, -2.11386801950411529205e+00) (5, -9.80732236217725428240e-01) (6, -1.87295727535956468834e+00) (7, 1.17050879358062953628e+00) (8, -6.75108093156264327250e-02) (9, -1.54865401315326911558e+00) (10, 2.46379308850079858928e+00) (0, -2.38150212485297574361e+00) (1, 1.10155411072712028364e+00) (2, 2.56574688911797732516e+00) (3, 3.47240151635905824890e+00) (4, 2.81485961402774709228e+00) (5, 2.14007847958982866388e+00) (6, 1.87302280599817083662e+00) (7, -1.02172876761658049105e+00) (8, 5.62915428293646602498e+00) (9, 1.74132963299751408748e+00) (10, -1.60618456795040276397e+00) (11, -2.24579241927114310329e+01) (12, -9.96378807454273207611e+00) (13, 2.59066324272172554544e+00) (14, -1.28193004996671833240e+00) 
