FANN_FLO_2.1
num_layers=3
learning_rate=0.700000
connection_rate=1.000000
network_type=0
learning_momentum=0.000000
training_algorithm=2
train_error_function=1
train_stop_function=1
cascade_output_change_fraction=0.010000
quickprop_decay=-0.000100
quickprop_mu=1.750000
rprop_increase_factor=1.200000
rprop_decrease_factor=0.500000
rprop_delta_min=0.000000
rprop_delta_max=50.000000
rprop_delta_zero=0.100000
cascade_output_stagnation_epochs=12
cascade_candidate_change_fraction=0.010000
cascade_candidate_stagnation_epochs=12
cascade_max_out_epochs=150
cascade_min_out_epochs=50
cascade_max_cand_epochs=150
cascade_min_cand_epochs=50
cascade_num_candidate_groups=2
bit_fail_limit=1.00000000000000005551e-01
cascade_candidate_limit=1.00000000000000000000e+03
cascade_weight_multiplier=4.00000000000000022204e-01
cascade_activation_functions_count=10
cascade_activation_functions=3 5 7 8 10 11 14 15 16 17 
cascade_activation_steepnesses_count=4
cascade_activation_steepnesses=2.50000000000000000000e-01 5.00000000000000000000e-01 7.50000000000000000000e-01 1.00000000000000000000e+00 
layer_sizes=7 4 2 
scale_included=0
neurons (num_inputs, activation_function, activation_steepness)=(0, 0, 0.00000000000000000000e+00) (0, 0, 0.00000000000000000000e+00) (0, 0, 0.00000000000000000000e+00) (0, 0, 0.00000000000000000000e+00) (0, 0, 0.00000000000000000000e+00) (0, 0, 0.00000000000000000000e+00) (0, 0, 0.00000000000000000000e+00) (7, 6, 5.00000000000000000000e-01) (7, 6, 5.00000000000000000000e-01) (7, 6, 5.00000000000000000000e-01) (0, 6, 0.00000000000000000000e+00) (4, 4, 5.00000000000000000000e-01) (0, 4, 0.00000000000000000000e+00) 
connections (connected_to_neuron, weight)=(0, 1.69390698900622389544e+01) (1, -1.34862468398369195199e+01) (2, -4.76031866999122477146e-01) (3, 2.01456875226500520260e-01) (4, 7.88420933305749138675e-01) (5, 8.67934744289807547091e-01) (6, 4.00387942874874114274e-01) (0, 1.81914829011864043196e+01) (1, -1.49041274125197773515e+01) (2, -6.84007619370705366446e-02) (3, 3.09592636142805688326e-01) (4, 1.58043591833808738656e+00) (5, 1.21404340256850273860e+00) (6, 3.71387789109593746684e-03) (0, -5.09843472208672876533e-01) (1, -3.98078288803418756103e+00) (2, -5.10537718995474509853e-01) (3, 1.63723102635504713653e+00) (4, 8.71577094676773134196e-01) (5, 3.26382155138285445783e-01) (6, 1.57906704782253082264e+00) (7, -2.92490611281390178178e+00) (8, -4.68054889628758896691e+00) (9, 9.06093604561625731719e+00) (10, -4.23441445575881569852e+00) 
