FANN_FLO_2.1
num_layers=3
learning_rate=0.700000
connection_rate=1.000000
network_type=0
learning_momentum=0.000000
training_algorithm=2
train_error_function=1
train_stop_function=1
cascade_output_change_fraction=0.010000
quickprop_decay=-0.000100
quickprop_mu=1.750000
rprop_increase_factor=1.200000
rprop_decrease_factor=0.500000
rprop_delta_min=0.000000
rprop_delta_max=50.000000
rprop_delta_zero=0.100000
cascade_output_stagnation_epochs=12
cascade_candidate_change_fraction=0.010000
cascade_candidate_stagnation_epochs=12
cascade_max_out_epochs=150
cascade_min_out_epochs=50
cascade_max_cand_epochs=150
cascade_min_cand_epochs=50
cascade_num_candidate_groups=2
bit_fail_limit=1.00000000000000005551e-01
cascade_candidate_limit=1.00000000000000000000e+03
cascade_weight_multiplier=4.00000000000000022204e-01
cascade_activation_functions_count=10
cascade_activation_functions=3 5 7 8 10 11 14 15 16 17 
cascade_activation_steepnesses_count=4
cascade_activation_steepnesses=2.50000000000000000000e-01 5.00000000000000000000e-01 7.50000000000000000000e-01 1.00000000000000000000e+00 
layer_sizes=9 4 2 
scale_included=0
neurons (num_inputs, activation_function, activation_steepness)=(0, 0, 0.00000000000000000000e+00) (0, 0, 0.00000000000000000000e+00) (0, 0, 0.00000000000000000000e+00) (0, 0, 0.00000000000000000000e+00) (0, 0, 0.00000000000000000000e+00) (0, 0, 0.00000000000000000000e+00) (0, 0, 0.00000000000000000000e+00) (0, 0, 0.00000000000000000000e+00) (0, 0, 0.00000000000000000000e+00) (9, 6, 5.00000000000000000000e-01) (9, 6, 5.00000000000000000000e-01) (9, 6, 5.00000000000000000000e-01) (0, 6, 0.00000000000000000000e+00) (4, 4, 5.00000000000000000000e-01) (0, 4, 0.00000000000000000000e+00) 
connections (connected_to_neuron, weight)=(0, -1.95702401546499071827e+00) (1, 3.25197758994026431267e+00) (2, 2.20862106351418496786e+00) (3, 3.03204321408086130418e+00) (4, 3.14399808192067409252e+00) (5, 2.57112973809502909361e+00) (6, 1.89008215904693765985e+00) (7, 3.29104385915088704095e+00) (8, -4.64229894459039194032e+00) (0, -4.12543285914130641867e-01) (1, 3.26314254212436116731e+00) (2, 5.11769673318881679336e-01) (3, -9.29277300177470677589e-01) (4, -8.98353993235484815649e-01) (5, -6.29917424165382877632e-01) (6, -3.31995597384652507689e-01) (7, -5.31599223465819337164e-01) (8, 9.33736121263796792213e-01) (0, 3.26527626252352543013e-01) (1, 7.30251491018652720832e-01) (2, 6.45783156087058607397e-02) (3, 4.11039334244711285216e-01) (4, 4.55328967876417523009e-01) (5, 3.92036308196467286891e-01) (6, 1.13550635039590674946e-01) (7, 8.58388364636120226869e-01) (8, 2.05831736757539907057e-01) (9, 4.25248445265608339128e+01) (10, -3.39588042872503015346e+00) (11, 6.96698524310763955825e-01) (12, -2.83498679526901398162e+00) 
