FANN_FLO_2.1
num_layers=3
learning_rate=0.700000
connection_rate=1.000000
network_type=0
learning_momentum=0.000000
training_algorithm=2
train_error_function=1
train_stop_function=1
cascade_output_change_fraction=0.010000
quickprop_decay=-0.000100
quickprop_mu=1.750000
rprop_increase_factor=1.200000
rprop_decrease_factor=0.500000
rprop_delta_min=0.000000
rprop_delta_max=50.000000
rprop_delta_zero=0.100000
cascade_output_stagnation_epochs=12
cascade_candidate_change_fraction=0.010000
cascade_candidate_stagnation_epochs=12
cascade_max_out_epochs=150
cascade_min_out_epochs=50
cascade_max_cand_epochs=150
cascade_min_cand_epochs=50
cascade_num_candidate_groups=2
bit_fail_limit=1.00000000000000005551e-01
cascade_candidate_limit=1.00000000000000000000e+03
cascade_weight_multiplier=4.00000000000000022204e-01
cascade_activation_functions_count=10
cascade_activation_functions=3 5 7 8 10 11 14 15 16 17 
cascade_activation_steepnesses_count=4
cascade_activation_steepnesses=2.50000000000000000000e-01 5.00000000000000000000e-01 7.50000000000000000000e-01 1.00000000000000000000e+00 
layer_sizes=10 4 2 
scale_included=0
neurons (num_inputs, activation_function, activation_steepness)=(0, 0, 0.00000000000000000000e+00) (0, 0, 0.00000000000000000000e+00) (0, 0, 0.00000000000000000000e+00) (0, 0, 0.00000000000000000000e+00) (0, 0, 0.00000000000000000000e+00) (0, 0, 0.00000000000000000000e+00) (0, 0, 0.00000000000000000000e+00) (0, 0, 0.00000000000000000000e+00) (0, 0, 0.00000000000000000000e+00) (0, 0, 0.00000000000000000000e+00) (10, 6, 5.00000000000000000000e-01) (10, 6, 5.00000000000000000000e-01) (10, 6, 5.00000000000000000000e-01) (0, 6, 0.00000000000000000000e+00) (4, 4, 5.00000000000000000000e-01) (0, 4, 0.00000000000000000000e+00) 
connections (connected_to_neuron, weight)=(0, 2.90503747674519496869e+00) (1, -2.07804525318793897881e+00) (2, -1.76838761124992860374e+00) (3, -1.60105042239151895700e+00) (4, 2.82878416384110376036e-01) (5, 5.99575586877302724176e-01) (6, -1.93740871882462073472e+00) (7, -2.24911232459134247108e+00) (8, -2.59473355859186938233e+00) (9, 2.09950267257897316142e+00) (0, -1.27593758278340585477e+00) (1, 1.12010175129957589846e+00) (2, 2.32028589074865987385e+00) (3, 6.16480888266747878435e-02) (4, 6.93476661582627523783e-02) (5, -7.24018700469353931881e-02) (6, 2.34708431038784581801e+00) (7, 6.12528779723835126170e-01) (8, 3.17696315475026480613e+00) (9, -3.56176269003788459333e-01) (0, -2.90045382170833754287e+00) (1, 3.24895011453466864282e+00) (2, 2.04747584058247777961e+00) (3, 8.34677964205033484646e-01) (4, 7.83896947213308603608e-01) (5, -3.05426018889050632232e-01) (6, 3.59626299571611784955e+00) (7, 2.75305008996563271850e+00) (8, 2.07156229732834074042e+00) (9, -2.82772976993478941665e+00) (10, -6.72756228800175204441e+00) (11, 5.84912529431200534091e-01) (12, 7.64146638664204758129e+00) (13, -1.40457430450505182939e+00) 
