FANN_FLO_2.1
num_layers=3
learning_rate=0.700000
connection_rate=1.000000
network_type=0
learning_momentum=0.000000
training_algorithm=2
train_error_function=1
train_stop_function=1
cascade_output_change_fraction=0.010000
quickprop_decay=-0.000100
quickprop_mu=1.750000
rprop_increase_factor=1.200000
rprop_decrease_factor=0.500000
rprop_delta_min=0.000000
rprop_delta_max=50.000000
rprop_delta_zero=0.100000
cascade_output_stagnation_epochs=12
cascade_candidate_change_fraction=0.010000
cascade_candidate_stagnation_epochs=12
cascade_max_out_epochs=150
cascade_min_out_epochs=50
cascade_max_cand_epochs=150
cascade_min_cand_epochs=50
cascade_num_candidate_groups=2
bit_fail_limit=1.00000000000000005551e-01
cascade_candidate_limit=1.00000000000000000000e+03
cascade_weight_multiplier=4.00000000000000022204e-01
cascade_activation_functions_count=10
cascade_activation_functions=3 5 7 8 10 11 14 15 16 17 
cascade_activation_steepnesses_count=4
cascade_activation_steepnesses=2.50000000000000000000e-01 5.00000000000000000000e-01 7.50000000000000000000e-01 1.00000000000000000000e+00 
layer_sizes=11 4 2 
scale_included=0
neurons (num_inputs, activation_function, activation_steepness)=(0, 0, 0.00000000000000000000e+00) (0, 0, 0.00000000000000000000e+00) (0, 0, 0.00000000000000000000e+00) (0, 0, 0.00000000000000000000e+00) (0, 0, 0.00000000000000000000e+00) (0, 0, 0.00000000000000000000e+00) (0, 0, 0.00000000000000000000e+00) (0, 0, 0.00000000000000000000e+00) (0, 0, 0.00000000000000000000e+00) (0, 0, 0.00000000000000000000e+00) (0, 0, 0.00000000000000000000e+00) (11, 6, 5.00000000000000000000e-01) (11, 6, 5.00000000000000000000e-01) (11, 6, 5.00000000000000000000e-01) (0, 6, 0.00000000000000000000e+00) (4, 4, 5.00000000000000000000e-01) (0, 4, 0.00000000000000000000e+00) 
connections (connected_to_neuron, weight)=(0, -2.38968764106185327378e+00) (1, 1.74363096535526818087e+00) (2, 9.36310882475396732971e-01) (3, 1.14686864247640962766e+00) (4, -1.50373974317850978011e+00) (5, 1.54569566930985535791e+00) (6, 1.80119183460196374824e+00) (7, 1.48335474192345273536e+00) (8, 4.11336922145736361145e-01) (9, 1.04023515922242570930e+00) (10, -2.72880003999805564874e+00) (0, -2.44749057526142488328e+00) (1, 1.72836436435901230624e+00) (2, 9.93047225084325413391e-01) (3, 1.00479559978565569089e+00) (4, -1.47136498863043696517e+00) (5, 1.52413940365767563989e+00) (6, 1.66666254946907876899e+00) (7, 1.48669646143162381691e+00) (8, 4.91427035129916978118e-01) (9, 1.18627737951690082063e+00) (10, -2.71083142261839027398e+00) (0, -6.36952276122461302776e-01) (1, 1.68616796989657591332e-01) (2, 1.18366251333605912444e-01) (3, 9.49376534892512835562e-01) (4, 7.07523464887276631874e-02) (5, 1.26843676411949934923e+00) (6, 4.98033072541862131821e-01) (7, 8.23174660328941931731e-01) (8, 5.66303611151208974306e-01) (9, 9.50335552711821018868e-01) (10, -7.44476240219985707647e-01) (11, 1.26725479164221965789e+02) (12, 3.43588485891681258977e+01) (13, 1.29762250302668058488e+00) (14, -2.76019550653609169188e+00) 
