FANN_FLO_2.1
num_layers=3
learning_rate=0.700000
connection_rate=1.000000
network_type=0
learning_momentum=0.000000
training_algorithm=2
train_error_function=1
train_stop_function=1
cascade_output_change_fraction=0.010000
quickprop_decay=-0.000100
quickprop_mu=1.750000
rprop_increase_factor=1.200000
rprop_decrease_factor=0.500000
rprop_delta_min=0.000000
rprop_delta_max=50.000000
rprop_delta_zero=0.100000
cascade_output_stagnation_epochs=12
cascade_candidate_change_fraction=0.010000
cascade_candidate_stagnation_epochs=12
cascade_max_out_epochs=150
cascade_min_out_epochs=50
cascade_max_cand_epochs=150
cascade_min_cand_epochs=50
cascade_num_candidate_groups=2
bit_fail_limit=1.00000000000000005551e-01
cascade_candidate_limit=1.00000000000000000000e+03
cascade_weight_multiplier=4.00000000000000022204e-01
cascade_activation_functions_count=10
cascade_activation_functions=3 5 7 8 10 11 14 15 16 17 
cascade_activation_steepnesses_count=4
cascade_activation_steepnesses=2.50000000000000000000e-01 5.00000000000000000000e-01 7.50000000000000000000e-01 1.00000000000000000000e+00 
layer_sizes=18 4 2 
scale_included=0
neurons (num_inputs, activation_function, activation_steepness)=(0, 0, 0.00000000000000000000e+00) (0, 0, 0.00000000000000000000e+00) (0, 0, 0.00000000000000000000e+00) (0, 0, 0.00000000000000000000e+00) (0, 0, 0.00000000000000000000e+00) (0, 0, 0.00000000000000000000e+00) (0, 0, 0.00000000000000000000e+00) (0, 0, 0.00000000000000000000e+00) (0, 0, 0.00000000000000000000e+00) (0, 0, 0.00000000000000000000e+00) (0, 0, 0.00000000000000000000e+00) (0, 0, 0.00000000000000000000e+00) (0, 0, 0.00000000000000000000e+00) (0, 0, 0.00000000000000000000e+00) (0, 0, 0.00000000000000000000e+00) (0, 0, 0.00000000000000000000e+00) (0, 0, 0.00000000000000000000e+00) (0, 0, 0.00000000000000000000e+00) (18, 6, 5.00000000000000000000e-01) (18, 6, 5.00000000000000000000e-01) (18, 6, 5.00000000000000000000e-01) (0, 6, 0.00000000000000000000e+00) (4, 4, 5.00000000000000000000e-01) (0, 4, 0.00000000000000000000e+00) 
connections (connected_to_neuron, weight)=(0, -6.87809920389096496329e-01) (1, 8.04535559194480498491e-01) (2, 2.25554923121902994865e+00) (3, 1.20202192865760637552e+00) (4, -8.89856675090553661533e-01) (5, -5.99099689764190146413e-01) (6, 1.70238844821782663530e+02) (7, -6.23768465263057181325e-01) (8, -1.29222124268418558923e-02) (9, 1.09741480104590705125e+00) (10, 1.82561332815423105203e+00) (11, -1.10120752888678996584e+00) (12, 1.79429980822935197793e+00) (13, 1.79070280209306131880e+00) (14, -1.25341592285913239202e+00) (15, -1.28108366355541125614e+00) (16, -1.23142832087791109785e+00) (17, -1.18180904320409618791e+00) (0, -5.00608786703534813789e-01) (1, 1.08900595922986220820e+00) (2, 1.05590274634180181224e+00) (3, 5.42627875345794152828e-01) (4, -1.35886581647538062789e+00) (5, -2.71708344440088955807e-01) (6, 7.09572695753669648866e+01) (7, -2.19662060360537314541e-01) (8, 1.99678615740265547052e-01) (9, 8.02638879376509351005e-01) (10, 7.53141999902376846343e-01) (11, -7.20893424916109082368e-01) (12, 8.28527272405276016265e-01) (13, 8.71619322553685349497e-01) (14, -5.28188472213152793167e-01) (15, -3.85350412800373243183e-01) (16, -5.39335218592858156583e-01) (17, -4.68714156683322558106e-01) (0, -2.44659773917384693043e-01) (1, 1.30473847766438644236e+00) (2, 7.15149731360054996543e-01) (3, 3.47682700294105251348e-01) (4, -9.87586286397207802068e-01) (5, 4.34784279064077544552e-02) (6, 7.08203525469398300629e+01) (7, -3.70007394953828991357e-02) (8, 1.17339352892677295515e+00) (9, 7.51769367171476132761e-01) (10, 1.02827749824727532335e+00) (11, -1.85658392224363577583e+00) (12, 1.14198617315495987157e+00) (13, 1.04141659016948118222e+00) (14, -1.96224063217158642414e-02) (15, -2.14242930784286633727e-01) (16, -1.92534544988846367808e-01) (17, -3.97527506287929044415e-01) (18, 3.72281851209881864406e+01) (19, 5.85575977141660164449e+00) (20, 1.46286482016540486661e+00) (21, -1.53799503341372378884e+00) 
