FANN_FLO_2.1
num_layers=3
learning_rate=0.700000
connection_rate=1.000000
network_type=0
learning_momentum=0.000000
training_algorithm=2
train_error_function=1
train_stop_function=1
cascade_output_change_fraction=0.010000
quickprop_decay=-0.000100
quickprop_mu=1.750000
rprop_increase_factor=1.200000
rprop_decrease_factor=0.500000
rprop_delta_min=0.000000
rprop_delta_max=50.000000
rprop_delta_zero=0.100000
cascade_output_stagnation_epochs=12
cascade_candidate_change_fraction=0.010000
cascade_candidate_stagnation_epochs=12
cascade_max_out_epochs=150
cascade_min_out_epochs=50
cascade_max_cand_epochs=150
cascade_min_cand_epochs=50
cascade_num_candidate_groups=2
bit_fail_limit=1.00000000000000005551e-01
cascade_candidate_limit=1.00000000000000000000e+03
cascade_weight_multiplier=4.00000000000000022204e-01
cascade_activation_functions_count=10
cascade_activation_functions=3 5 7 8 10 11 14 15 16 17 
cascade_activation_steepnesses_count=4
cascade_activation_steepnesses=2.50000000000000000000e-01 5.00000000000000000000e-01 7.50000000000000000000e-01 1.00000000000000000000e+00 
layer_sizes=11 4 2 
scale_included=0
neurons (num_inputs, activation_function, activation_steepness)=(0, 0, 0.00000000000000000000e+00) (0, 0, 0.00000000000000000000e+00) (0, 0, 0.00000000000000000000e+00) (0, 0, 0.00000000000000000000e+00) (0, 0, 0.00000000000000000000e+00) (0, 0, 0.00000000000000000000e+00) (0, 0, 0.00000000000000000000e+00) (0, 0, 0.00000000000000000000e+00) (0, 0, 0.00000000000000000000e+00) (0, 0, 0.00000000000000000000e+00) (0, 0, 0.00000000000000000000e+00) (11, 6, 5.00000000000000000000e-01) (11, 6, 5.00000000000000000000e-01) (11, 6, 5.00000000000000000000e-01) (0, 6, 0.00000000000000000000e+00) (4, 4, 5.00000000000000000000e-01) (0, 4, 0.00000000000000000000e+00) 
connections (connected_to_neuron, weight)=(0, -4.90713919304771106766e+00) (1, 3.16674765697107485352e+00) (2, 2.71845637458278988063e+00) (3, 1.38976127877916710851e+00) (4, -2.96761248419766410223e+00) (5, 2.38303101661558214275e+00) (6, 1.78862972942678921662e+00) (7, 2.32053942805481167033e-02) (8, 3.13068960663700282532e-02) (9, 1.38751235972166719890e+00) (10, -4.43438681470853346411e+00) (0, -2.97445757652522235759e-01) (1, -2.36845371207430793747e-01) (2, -8.09094784844139214286e-01) (3, 1.74043195428771307887e-01) (4, -1.91628109183266698290e-01) (5, 8.66617563836483806305e-01) (6, 5.83450075559687864057e+00) (7, 1.46610182733468652483e-01) (8, 1.40445215254044932646e-02) (9, 1.46016250891956883562e-01) (10, -6.89197685533658732648e-02) (0, -9.77252397091706859200e-01) (1, 1.08372231845387734239e+00) (2, 2.82997396831987796384e-02) (3, 5.83976915331258727981e-01) (4, -5.51700072304879185481e+00) (5, 3.69483283132509132685e+00) (6, 5.53354821114905881529e+00) (7, 1.32637507218318934088e-01) (8, -1.71029157660438968502e-01) (9, -5.15399591356739752990e-02) (10, -1.26025396942346112894e+00) (11, 1.99308752050689150792e+02) (12, 7.74995437244922946718e+00) (13, 4.24371787547200440827e+00) (14, -2.16862154101312443188e+00) 
