FANN_FLO_2.1
num_layers=3
learning_rate=0.700000
connection_rate=1.000000
network_type=0
learning_momentum=0.000000
training_algorithm=2
train_error_function=1
train_stop_function=1
cascade_output_change_fraction=0.010000
quickprop_decay=-0.000100
quickprop_mu=1.750000
rprop_increase_factor=1.200000
rprop_decrease_factor=0.500000
rprop_delta_min=0.000000
rprop_delta_max=50.000000
rprop_delta_zero=0.100000
cascade_output_stagnation_epochs=12
cascade_candidate_change_fraction=0.010000
cascade_candidate_stagnation_epochs=12
cascade_max_out_epochs=150
cascade_min_out_epochs=50
cascade_max_cand_epochs=150
cascade_min_cand_epochs=50
cascade_num_candidate_groups=2
bit_fail_limit=1.00000000000000005551e-01
cascade_candidate_limit=1.00000000000000000000e+03
cascade_weight_multiplier=4.00000000000000022204e-01
cascade_activation_functions_count=10
cascade_activation_functions=3 5 7 8 10 11 14 15 16 17 
cascade_activation_steepnesses_count=4
cascade_activation_steepnesses=2.50000000000000000000e-01 5.00000000000000000000e-01 7.50000000000000000000e-01 1.00000000000000000000e+00 
layer_sizes=9 4 2 
scale_included=0
neurons (num_inputs, activation_function, activation_steepness)=(0, 0, 0.00000000000000000000e+00) (0, 0, 0.00000000000000000000e+00) (0, 0, 0.00000000000000000000e+00) (0, 0, 0.00000000000000000000e+00) (0, 0, 0.00000000000000000000e+00) (0, 0, 0.00000000000000000000e+00) (0, 0, 0.00000000000000000000e+00) (0, 0, 0.00000000000000000000e+00) (0, 0, 0.00000000000000000000e+00) (9, 6, 5.00000000000000000000e-01) (9, 6, 5.00000000000000000000e-01) (9, 6, 5.00000000000000000000e-01) (0, 6, 0.00000000000000000000e+00) (4, 4, 5.00000000000000000000e-01) (0, 4, 0.00000000000000000000e+00) 
connections (connected_to_neuron, weight)=(0, 4.74210123517735226972e-01) (1, -8.74792860818487810759e-02) (2, -7.23886361101628184045e-01) (3, -4.56897142622530427758e+00) (4, -4.12432036278308211674e-01) (5, -3.00570832211465743811e-01) (6, -3.07225228864641097815e-01) (7, 3.32209542642835919946e-01) (8, 4.75455181344010546773e-01) (0, -3.24601010314541449375e+00) (1, 2.35892550789412336343e+00) (2, 1.18782352445267025409e+00) (3, 1.21233009269481506465e+00) (4, 3.41817968742306188545e-01) (5, 1.27192763628408211929e+00) (6, 1.51054143275690044845e+00) (7, -1.60225731761285317134e+00) (8, -2.53386834742886524197e+00) (0, -2.57187790902716617580e+00) (1, 1.85627404583345945177e+00) (2, 1.81536435638311099972e+00) (3, 2.26986236882238268109e+00) (4, 3.73579797480678654775e-01) (5, 5.24588912492435333057e-01) (6, 5.44739380245845672412e-01) (7, -2.01845954917857417499e+00) (8, -2.19257456061715760853e+00) (9, -6.91625385321525953941e-01) (10, 8.02098952730414183065e+00) (11, 4.45107155913024854499e+00) (12, -2.19219765833667423749e+00) 
