FANN_FLO_2.1
num_layers=3
learning_rate=0.700000
connection_rate=1.000000
network_type=0
learning_momentum=0.000000
training_algorithm=2
train_error_function=1
train_stop_function=1
cascade_output_change_fraction=0.010000
quickprop_decay=-0.000100
quickprop_mu=1.750000
rprop_increase_factor=1.200000
rprop_decrease_factor=0.500000
rprop_delta_min=0.000000
rprop_delta_max=50.000000
rprop_delta_zero=0.100000
cascade_output_stagnation_epochs=12
cascade_candidate_change_fraction=0.010000
cascade_candidate_stagnation_epochs=12
cascade_max_out_epochs=150
cascade_min_out_epochs=50
cascade_max_cand_epochs=150
cascade_min_cand_epochs=50
cascade_num_candidate_groups=2
bit_fail_limit=1.00000000000000005551e-01
cascade_candidate_limit=1.00000000000000000000e+03
cascade_weight_multiplier=4.00000000000000022204e-01
cascade_activation_functions_count=10
cascade_activation_functions=3 5 7 8 10 11 14 15 16 17 
cascade_activation_steepnesses_count=4
cascade_activation_steepnesses=2.50000000000000000000e-01 5.00000000000000000000e-01 7.50000000000000000000e-01 1.00000000000000000000e+00 
layer_sizes=11 4 2 
scale_included=0
neurons (num_inputs, activation_function, activation_steepness)=(0, 0, 0.00000000000000000000e+00) (0, 0, 0.00000000000000000000e+00) (0, 0, 0.00000000000000000000e+00) (0, 0, 0.00000000000000000000e+00) (0, 0, 0.00000000000000000000e+00) (0, 0, 0.00000000000000000000e+00) (0, 0, 0.00000000000000000000e+00) (0, 0, 0.00000000000000000000e+00) (0, 0, 0.00000000000000000000e+00) (0, 0, 0.00000000000000000000e+00) (0, 0, 0.00000000000000000000e+00) (11, 6, 5.00000000000000000000e-01) (11, 6, 5.00000000000000000000e-01) (11, 6, 5.00000000000000000000e-01) (0, 6, 0.00000000000000000000e+00) (4, 4, 5.00000000000000000000e-01) (0, 4, 0.00000000000000000000e+00) 
connections (connected_to_neuron, weight)=(0, -4.76429913925115355866e-01) (1, -1.42892698035921039690e+00) (2, 7.85891109426151285300e-02) (3, 1.78856994057503798645e-01) (4, -4.96248927725259636468e-01) (5, 3.91866639671179228799e+00) (6, 1.44552655137037326938e+01) (7, 6.86459390498767724198e-02) (8, 7.72318818635595732980e-02) (9, -1.15081125996540453715e-01) (10, -1.58675755817350649934e+00) (0, 1.51505447983814338642e+01) (1, -8.22605520345282315020e+00) (2, -5.77078460335349419097e+00) (3, -5.71504194198000092797e+00) (4, 4.08201017917198871743e+00) (5, -4.44913405551743679212e+00) (6, -5.60569069398284636208e+00) (7, 3.54324152540443071402e+00) (8, 1.91776517996111772746e+00) (9, -6.02427055470424921424e+00) (10, 1.09831432744275527824e+01) (0, 2.96096881544039103318e+00) (1, -2.27683459477908645141e+00) (2, -5.08159480454565160024e-01) (3, 6.77319934784394173111e-02) (4, 6.09421584078406630702e-01) (5, 1.80529770383533960665e-01) (6, 3.09546212736935721921e+00) (7, 1.59907405939732377709e-01) (8, 6.21501437982102111768e-02) (9, 1.23812230701912176500e-01) (10, 1.07122144709109967664e+00) (11, 2.48504491129243625380e+01) (12, -2.51553141550201715404e+01) (13, -1.91414756812157604848e+00) (14, -3.45747196480861473944e+00) 
