FANN_FLO_2.1
num_layers=3
learning_rate=0.700000
connection_rate=1.000000
network_type=0
learning_momentum=0.000000
training_algorithm=2
train_error_function=1
train_stop_function=1
cascade_output_change_fraction=0.010000
quickprop_decay=-0.000100
quickprop_mu=1.750000
rprop_increase_factor=1.200000
rprop_decrease_factor=0.500000
rprop_delta_min=0.000000
rprop_delta_max=50.000000
rprop_delta_zero=0.100000
cascade_output_stagnation_epochs=12
cascade_candidate_change_fraction=0.010000
cascade_candidate_stagnation_epochs=12
cascade_max_out_epochs=150
cascade_min_out_epochs=50
cascade_max_cand_epochs=150
cascade_min_cand_epochs=50
cascade_num_candidate_groups=2
bit_fail_limit=1.00000000000000005551e-01
cascade_candidate_limit=1.00000000000000000000e+03
cascade_weight_multiplier=4.00000000000000022204e-01
cascade_activation_functions_count=10
cascade_activation_functions=3 5 7 8 10 11 14 15 16 17 
cascade_activation_steepnesses_count=4
cascade_activation_steepnesses=2.50000000000000000000e-01 5.00000000000000000000e-01 7.50000000000000000000e-01 1.00000000000000000000e+00 
layer_sizes=6 4 2 
scale_included=0
neurons (num_inputs, activation_function, activation_steepness)=(0, 0, 0.00000000000000000000e+00) (0, 0, 0.00000000000000000000e+00) (0, 0, 0.00000000000000000000e+00) (0, 0, 0.00000000000000000000e+00) (0, 0, 0.00000000000000000000e+00) (0, 0, 0.00000000000000000000e+00) (6, 6, 5.00000000000000000000e-01) (6, 6, 5.00000000000000000000e-01) (6, 6, 5.00000000000000000000e-01) (0, 6, 0.00000000000000000000e+00) (4, 4, 5.00000000000000000000e-01) (0, 4, 0.00000000000000000000e+00) 
connections (connected_to_neuron, weight)=(0, -1.70156701948302291338e-01) (1, -6.01942408279640406299e-02) (2, -8.63722084390243005636e-01) (3, -7.35317257343483743348e-01) (4, 2.61703933426367003900e-02) (5, 1.60563918469023625413e-01) (0, 6.49672439676244772855e-01) (1, 1.60112332130704992927e+00) (2, 3.48854418144517897105e-01) (3, 3.36834505973295950110e-01) (4, 1.62446112293900868373e+00) (5, -5.71495103343481303249e-01) (0, -6.97426385998571096714e-01) (1, 1.69625791097817657516e+00) (2, 2.24483108864872615840e+00) (3, 1.93338734448068816363e+00) (4, 1.67262721587865303974e+00) (5, -3.12931965832521097326e+00) (6, -7.75169900547012402647e-01) (7, 1.96936498058685016677e-01) (8, 8.35683464538962823553e+01) (9, -1.64382454666786559372e+00) 
