FANN_FLO_2.1
num_layers=3
learning_rate=0.700000
connection_rate=1.000000
network_type=0
learning_momentum=0.000000
training_algorithm=2
train_error_function=1
train_stop_function=1
cascade_output_change_fraction=0.010000
quickprop_decay=-0.000100
quickprop_mu=1.750000
rprop_increase_factor=1.200000
rprop_decrease_factor=0.500000
rprop_delta_min=0.000000
rprop_delta_max=50.000000
rprop_delta_zero=0.100000
cascade_output_stagnation_epochs=12
cascade_candidate_change_fraction=0.010000
cascade_candidate_stagnation_epochs=12
cascade_max_out_epochs=150
cascade_min_out_epochs=50
cascade_max_cand_epochs=150
cascade_min_cand_epochs=50
cascade_num_candidate_groups=2
bit_fail_limit=1.00000000000000005551e-01
cascade_candidate_limit=1.00000000000000000000e+03
cascade_weight_multiplier=4.00000000000000022204e-01
cascade_activation_functions_count=10
cascade_activation_functions=3 5 7 8 10 11 14 15 16 17 
cascade_activation_steepnesses_count=4
cascade_activation_steepnesses=2.50000000000000000000e-01 5.00000000000000000000e-01 7.50000000000000000000e-01 1.00000000000000000000e+00 
layer_sizes=16 4 2 
scale_included=0
neurons (num_inputs, activation_function, activation_steepness)=(0, 0, 0.00000000000000000000e+00) (0, 0, 0.00000000000000000000e+00) (0, 0, 0.00000000000000000000e+00) (0, 0, 0.00000000000000000000e+00) (0, 0, 0.00000000000000000000e+00) (0, 0, 0.00000000000000000000e+00) (0, 0, 0.00000000000000000000e+00) (0, 0, 0.00000000000000000000e+00) (0, 0, 0.00000000000000000000e+00) (0, 0, 0.00000000000000000000e+00) (0, 0, 0.00000000000000000000e+00) (0, 0, 0.00000000000000000000e+00) (0, 0, 0.00000000000000000000e+00) (0, 0, 0.00000000000000000000e+00) (0, 0, 0.00000000000000000000e+00) (0, 0, 0.00000000000000000000e+00) (16, 6, 5.00000000000000000000e-01) (16, 6, 5.00000000000000000000e-01) (16, 6, 5.00000000000000000000e-01) (0, 6, 0.00000000000000000000e+00) (4, 4, 5.00000000000000000000e-01) (0, 4, 0.00000000000000000000e+00) 
connections (connected_to_neuron, weight)=(0, -3.59818434096374650810e-01) (1, 1.79298061754798965239e+00) (2, -1.08386230115247728101e+00) (3, 2.84872238684731282632e+00) (4, 1.86050690899878218287e-01) (5, 5.17110551826251096941e-01) (6, 7.62445610323181588441e-01) (7, 1.31277745499718156985e-01) (8, 2.00814458521526084667e+00) (9, 1.00893734995532502463e-01) (10, 1.60110815469432399283e-01) (11, 6.12966923863382251447e-01) (12, 1.62871009715747305791e-01) (13, 1.57829172019172236929e-01) (14, 2.90296555145760981631e+00) (15, -2.63166289962371235944e+00) (0, 2.27862693713026320808e+00) (1, -5.14997817764621146353e+00) (2, -8.55495803005230825988e+00) (3, -1.64315574131020336601e+00) (4, 2.68461272358229097179e+00) (5, 2.24605926988178961068e+00) (6, -1.00324353542811479656e+01) (7, 1.67686513835900674607e+00) (8, 3.95040069829339701712e+00) (9, 1.15926013340538203167e+00) (10, 2.98928217516609162629e+00) (11, 3.48864753553584039381e+00) (12, 2.14910009372943378025e+00) (13, 2.96608836130567521394e+00) (14, -1.12729370708445086890e+00) (15, 3.72622592309922984199e+00) (0, -8.54579889044397300601e-02) (1, 3.24059750060623752432e+00) (2, 2.98217825606182540543e-01) (3, 1.35111055585006201163e+00) (4, -4.07268478648251219809e-01) (5, -5.68071114115317327142e-02) (6, 5.91746649322721696151e-01) (7, 4.04365970984745359829e-01) (8, 1.86910885066007326216e+00) (9, -3.15096499870451296488e-01) (10, -2.70892012450916541688e-01) (11, 1.26334388322837162105e-03) (12, -3.71411760602260304642e-02) (13, -2.41647168580515214753e-01) (14, 8.34042107951746047867e-01) (15, -4.74317233846288321963e-01) (16, 3.20204846370796047950e+01) (17, -9.84274552640767907974e+00) (18, 1.20654310928999697339e+00) (19, -9.93357373454368808297e-01) 
