FANN_FLO_2.1
num_layers=3
learning_rate=0.700000
connection_rate=1.000000
network_type=0
learning_momentum=0.000000
training_algorithm=2
train_error_function=1
train_stop_function=1
cascade_output_change_fraction=0.010000
quickprop_decay=-0.000100
quickprop_mu=1.750000
rprop_increase_factor=1.200000
rprop_decrease_factor=0.500000
rprop_delta_min=0.000000
rprop_delta_max=50.000000
rprop_delta_zero=0.100000
cascade_output_stagnation_epochs=12
cascade_candidate_change_fraction=0.010000
cascade_candidate_stagnation_epochs=12
cascade_max_out_epochs=150
cascade_min_out_epochs=50
cascade_max_cand_epochs=150
cascade_min_cand_epochs=50
cascade_num_candidate_groups=2
bit_fail_limit=1.00000000000000005551e-01
cascade_candidate_limit=1.00000000000000000000e+03
cascade_weight_multiplier=4.00000000000000022204e-01
cascade_activation_functions_count=10
cascade_activation_functions=3 5 7 8 10 11 14 15 16 17 
cascade_activation_steepnesses_count=4
cascade_activation_steepnesses=2.50000000000000000000e-01 5.00000000000000000000e-01 7.50000000000000000000e-01 1.00000000000000000000e+00 
layer_sizes=9 4 2 
scale_included=0
neurons (num_inputs, activation_function, activation_steepness)=(0, 0, 0.00000000000000000000e+00) (0, 0, 0.00000000000000000000e+00) (0, 0, 0.00000000000000000000e+00) (0, 0, 0.00000000000000000000e+00) (0, 0, 0.00000000000000000000e+00) (0, 0, 0.00000000000000000000e+00) (0, 0, 0.00000000000000000000e+00) (0, 0, 0.00000000000000000000e+00) (0, 0, 0.00000000000000000000e+00) (9, 6, 5.00000000000000000000e-01) (9, 6, 5.00000000000000000000e-01) (9, 6, 5.00000000000000000000e-01) (0, 6, 0.00000000000000000000e+00) (4, 4, 5.00000000000000000000e-01) (0, 4, 0.00000000000000000000e+00) 
connections (connected_to_neuron, weight)=(0, -8.90704708664737276891e-01) (1, 3.96522365001355681091e-01) (2, 1.56019243042169675206e+00) (3, 2.52261142313363107004e-01) (4, -3.02337781348177070395e-01) (5, -2.84469828762956733481e-01) (6, -8.55608290552220873693e-01) (7, -8.66165219365678362706e-01) (8, 1.20877935702580572436e-03) (0, -1.07644440921317974258e-01) (1, 1.28522377362922296529e-01) (2, 2.77637240776897442629e-01) (3, 3.07852327833057271000e-01) (4, 1.24381170869416676772e-02) (5, -4.22121732935998444924e-02) (6, -1.41155513318550057678e-01) (7, -1.72163563164245553283e-01) (8, 1.06796488541226683444e-02) (0, -2.81210547527077681096e+00) (1, 1.87028404178725216056e+00) (2, 1.36377735792099041845e+00) (3, 8.51791444944721032329e-01) (4, -9.36364724697236971984e-01) (5, -8.30404038937454180846e-01) (6, -1.29162870963238818334e+00) (7, -1.22097243984364633995e+00) (8, -9.86236247630481677184e-01) (9, 5.47597615280711491614e-01) (10, 3.41902260979239258631e-01) (11, 1.54608304511100058676e+01) (12, -1.41362049301289660619e+00) 
