FANN_FLO_2.1
num_layers=3
learning_rate=0.700000
connection_rate=1.000000
network_type=0
learning_momentum=0.000000
training_algorithm=2
train_error_function=1
train_stop_function=1
cascade_output_change_fraction=0.010000
quickprop_decay=-0.000100
quickprop_mu=1.750000
rprop_increase_factor=1.200000
rprop_decrease_factor=0.500000
rprop_delta_min=0.000000
rprop_delta_max=50.000000
rprop_delta_zero=0.100000
cascade_output_stagnation_epochs=12
cascade_candidate_change_fraction=0.010000
cascade_candidate_stagnation_epochs=12
cascade_max_out_epochs=150
cascade_min_out_epochs=50
cascade_max_cand_epochs=150
cascade_min_cand_epochs=50
cascade_num_candidate_groups=2
bit_fail_limit=1.00000000000000005551e-01
cascade_candidate_limit=1.00000000000000000000e+03
cascade_weight_multiplier=4.00000000000000022204e-01
cascade_activation_functions_count=10
cascade_activation_functions=3 5 7 8 10 11 14 15 16 17 
cascade_activation_steepnesses_count=4
cascade_activation_steepnesses=2.50000000000000000000e-01 5.00000000000000000000e-01 7.50000000000000000000e-01 1.00000000000000000000e+00 
layer_sizes=6 4 2 
scale_included=0
neurons (num_inputs, activation_function, activation_steepness)=(0, 0, 0.00000000000000000000e+00) (0, 0, 0.00000000000000000000e+00) (0, 0, 0.00000000000000000000e+00) (0, 0, 0.00000000000000000000e+00) (0, 0, 0.00000000000000000000e+00) (0, 0, 0.00000000000000000000e+00) (6, 6, 5.00000000000000000000e-01) (6, 6, 5.00000000000000000000e-01) (6, 6, 5.00000000000000000000e-01) (0, 6, 0.00000000000000000000e+00) (4, 4, 5.00000000000000000000e-01) (0, 4, 0.00000000000000000000e+00) 
connections (connected_to_neuron, weight)=(0, 5.90801628593091088248e+00) (1, 4.24171014815539493270e+00) (2, 2.02642987404463781331e+00) (3, -3.70372051718714834223e+00) (4, 2.53983435797574541581e+00) (5, -5.62620307034681133018e+00) (0, 5.82611564145616611654e+00) (1, -2.52306868412179507999e+00) (2, 1.20163962410597169317e+00) (3, 3.08357483477460858623e+00) (4, 2.22508787473250091438e-01) (5, 1.21716654457183484084e+01) (0, 1.65963549150970446355e+00) (1, 2.91464943250716257417e-01) (2, -1.60123743370002706854e+01) (3, 3.86494481003802847763e-01) (4, -7.70510027500938399214e+00) (5, 2.28861228832413088341e+00) (6, 5.16617576876503576955e+01) (7, -9.97118681312519683502e-01) (8, -8.14744311862183145934e+00) (9, -9.89057145656067504547e-01) 
