FANN_FLO_2.1
num_layers=3
learning_rate=0.700000
connection_rate=1.000000
network_type=0
learning_momentum=0.000000
training_algorithm=2
train_error_function=1
train_stop_function=1
cascade_output_change_fraction=0.010000
quickprop_decay=-0.000100
quickprop_mu=1.750000
rprop_increase_factor=1.200000
rprop_decrease_factor=0.500000
rprop_delta_min=0.000000
rprop_delta_max=50.000000
rprop_delta_zero=0.100000
cascade_output_stagnation_epochs=12
cascade_candidate_change_fraction=0.010000
cascade_candidate_stagnation_epochs=12
cascade_max_out_epochs=150
cascade_min_out_epochs=50
cascade_max_cand_epochs=150
cascade_min_cand_epochs=50
cascade_num_candidate_groups=2
bit_fail_limit=1.00000000000000005551e-01
cascade_candidate_limit=1.00000000000000000000e+03
cascade_weight_multiplier=4.00000000000000022204e-01
cascade_activation_functions_count=10
cascade_activation_functions=3 5 7 8 10 11 14 15 16 17 
cascade_activation_steepnesses_count=4
cascade_activation_steepnesses=2.50000000000000000000e-01 5.00000000000000000000e-01 7.50000000000000000000e-01 1.00000000000000000000e+00 
layer_sizes=18 4 2 
scale_included=0
neurons (num_inputs, activation_function, activation_steepness)=(0, 0, 0.00000000000000000000e+00) (0, 0, 0.00000000000000000000e+00) (0, 0, 0.00000000000000000000e+00) (0, 0, 0.00000000000000000000e+00) (0, 0, 0.00000000000000000000e+00) (0, 0, 0.00000000000000000000e+00) (0, 0, 0.00000000000000000000e+00) (0, 0, 0.00000000000000000000e+00) (0, 0, 0.00000000000000000000e+00) (0, 0, 0.00000000000000000000e+00) (0, 0, 0.00000000000000000000e+00) (0, 0, 0.00000000000000000000e+00) (0, 0, 0.00000000000000000000e+00) (0, 0, 0.00000000000000000000e+00) (0, 0, 0.00000000000000000000e+00) (0, 0, 0.00000000000000000000e+00) (0, 0, 0.00000000000000000000e+00) (0, 0, 0.00000000000000000000e+00) (18, 6, 5.00000000000000000000e-01) (18, 6, 5.00000000000000000000e-01) (18, 6, 5.00000000000000000000e-01) (0, 6, 0.00000000000000000000e+00) (4, 4, 5.00000000000000000000e-01) (0, 4, 0.00000000000000000000e+00) 
connections (connected_to_neuron, weight)=(0, -1.78676808758250094122e+00) (1, 4.18963210890448234380e+00) (2, 1.77677478465436378130e+00) (3, -3.83996032028396439006e-01) (4, -4.22271292650549023850e-01) (5, -2.34030757902920133473e-01) (6, 4.26839799294626853765e+00) (7, -1.79571901320278531911e-01) (8, 4.23528041551268241705e+00) (9, -2.75914300227014630540e-01) (10, -4.04383384118235245097e+00) (11, -2.57657647638710640692e+00) (12, -2.92399437703778630748e-01) (13, -4.15222938785708084453e+00) (14, -3.23334985949685571605e-01) (15, 2.26177489365485817618e-02) (16, -4.04673985073721542705e+00) (17, 1.07688461645217056079e-02) (0, -1.69753980024329043097e+00) (1, 4.29179244349157951177e+00) (2, 1.80912131640313544878e+00) (3, -3.26308376937110733440e-01) (4, -3.64604692900030225022e-01) (5, -1.94826234935581571461e-01) (6, 4.10619518766558311285e+00) (7, -2.20768530725300199391e-01) (8, 4.30146603892004630865e+00) (9, -2.35453564667551129563e-01) (10, -4.03000796268141403544e+00) (11, -2.56906214862259529852e+00) (12, -3.18976366498162633434e-01) (13, -4.16607243994629516948e+00) (14, -3.18929040410210973278e-01) (15, -2.13486449812504280876e-02) (16, -4.11289295981085434306e+00) (17, -2.22496879741062997260e-02) (0, -1.44266760869494259367e+00) (1, 4.37761347214138663020e+00) (2, 1.98007028731702261481e+00) (3, -6.95075558146442173957e-01) (4, -2.63558174355398022737e-01) (5, -1.53597675406782208096e-01) (6, 4.46713125178969061579e+00) (7, -5.50268442867680382391e-02) (8, 4.40570067087567007746e+00) (9, -4.10990117921005093660e-01) (10, -4.39490936736023574127e+00) (11, -2.64143051325472555391e+00) (12, -1.61602240840062860716e-01) (13, -4.24174555430567412628e+00) (14, -4.89137043633153467681e-01) (15, -1.97112572232351068724e-01) (16, -4.33087841460859923615e+00) (17, -3.26124548119914731137e-02) (18, 1.82535505771191219893e+00) (19, 1.84919521688969235029e+00) (20, 4.28380902717268607915e+00) (21, 2.68093194043314775321e-01) 
