FANN_FLO_2.1
num_layers=3
learning_rate=0.700000
connection_rate=1.000000
network_type=0
learning_momentum=0.000000
training_algorithm=2
train_error_function=1
train_stop_function=1
cascade_output_change_fraction=0.010000
quickprop_decay=-0.000100
quickprop_mu=1.750000
rprop_increase_factor=1.200000
rprop_decrease_factor=0.500000
rprop_delta_min=0.000000
rprop_delta_max=50.000000
rprop_delta_zero=0.100000
cascade_output_stagnation_epochs=12
cascade_candidate_change_fraction=0.010000
cascade_candidate_stagnation_epochs=12
cascade_max_out_epochs=150
cascade_min_out_epochs=50
cascade_max_cand_epochs=150
cascade_min_cand_epochs=50
cascade_num_candidate_groups=2
bit_fail_limit=1.00000000000000005551e-01
cascade_candidate_limit=1.00000000000000000000e+03
cascade_weight_multiplier=4.00000000000000022204e-01
cascade_activation_functions_count=10
cascade_activation_functions=3 5 7 8 10 11 14 15 16 17 
cascade_activation_steepnesses_count=4
cascade_activation_steepnesses=2.50000000000000000000e-01 5.00000000000000000000e-01 7.50000000000000000000e-01 1.00000000000000000000e+00 
layer_sizes=18 4 2 
scale_included=0
neurons (num_inputs, activation_function, activation_steepness)=(0, 0, 0.00000000000000000000e+00) (0, 0, 0.00000000000000000000e+00) (0, 0, 0.00000000000000000000e+00) (0, 0, 0.00000000000000000000e+00) (0, 0, 0.00000000000000000000e+00) (0, 0, 0.00000000000000000000e+00) (0, 0, 0.00000000000000000000e+00) (0, 0, 0.00000000000000000000e+00) (0, 0, 0.00000000000000000000e+00) (0, 0, 0.00000000000000000000e+00) (0, 0, 0.00000000000000000000e+00) (0, 0, 0.00000000000000000000e+00) (0, 0, 0.00000000000000000000e+00) (0, 0, 0.00000000000000000000e+00) (0, 0, 0.00000000000000000000e+00) (0, 0, 0.00000000000000000000e+00) (0, 0, 0.00000000000000000000e+00) (0, 0, 0.00000000000000000000e+00) (18, 6, 5.00000000000000000000e-01) (18, 6, 5.00000000000000000000e-01) (18, 6, 5.00000000000000000000e-01) (0, 6, 0.00000000000000000000e+00) (4, 4, 5.00000000000000000000e-01) (0, 4, 0.00000000000000000000e+00) 
connections (connected_to_neuron, weight)=(0, -1.19078109288385691755e+00) (1, 1.15831113920411254981e+00) (2, 1.85908567697998461377e+00) (3, 1.19647794544156571561e+00) (4, 6.98953729112401500601e-02) (5, 1.21415730139200456206e-01) (6, 1.28710480521107184515e+00) (7, 9.85323149170324874557e-02) (8, 4.70914760134208094655e+01) (9, -1.40222022680214042367e+00) (10, -2.51306666446309945329e-01) (11, -9.73226908098605569819e-01) (12, 1.96491266133534159266e+00) (13, -5.01841623710527984237e-01) (14, 1.94175742587357413882e+00) (15, 1.97393542548924338931e+00) (16, -4.48156524824038282606e-01) (17, -1.27220656071467264070e+00) (0, -1.30672009909323016963e+00) (1, 1.14134211406907226660e+00) (2, 1.87721223921772417675e+00) (3, 1.17681415706332703763e+00) (4, 4.62085959983318028677e-01) (5, 1.65941487571184292937e-01) (6, 1.24447964618587958441e+00) (7, 1.77707727571909085418e-01) (8, 4.70448844446825873433e+01) (9, -1.22271192071607748275e+00) (10, -4.11542250228505990250e-01) (11, -1.00002575243606894873e+00) (12, 1.98328824432837214076e+00) (13, -3.78268909083738891219e-01) (14, 1.92828729769497764224e+00) (15, 1.97339078059702766055e+00) (16, -4.53928914295569196913e-01) (17, -1.23767560069126947297e+00) (0, -1.25101369122244315824e-01) (1, 8.20647234798788094423e-01) (2, 4.34663544242169241905e-01) (3, 2.54039136919491370659e-01) (4, 5.13980937814400573593e-01) (5, 2.83036598280564967445e-02) (6, 3.54416937186800229398e-01) (7, 1.72860857998292927196e-03) (8, 8.10904072632078332106e+00) (9, -2.16107146122892945783e-01) (10, -2.00457245866403378776e-02) (11, 3.05430328838443496120e-02) (12, 3.30814826640918635547e+00) (13, 9.96957846318468066116e-02) (14, 2.60115599397851138264e+00) (15, 2.35152611613780093691e+00) (16, 2.04372001472590797411e-01) (17, 7.39317119541954975714e-02) (18, 1.89513715171777477053e+01) (19, 2.24156823507089022485e+01) (20, 1.51034513330259329011e-01) (21, -1.26384007279438836946e+00) 
