FANN_FLO_2.1
num_layers=3
learning_rate=0.700000
connection_rate=1.000000
network_type=0
learning_momentum=0.000000
training_algorithm=2
train_error_function=1
train_stop_function=1
cascade_output_change_fraction=0.010000
quickprop_decay=-0.000100
quickprop_mu=1.750000
rprop_increase_factor=1.200000
rprop_decrease_factor=0.500000
rprop_delta_min=0.000000
rprop_delta_max=50.000000
rprop_delta_zero=0.100000
cascade_output_stagnation_epochs=12
cascade_candidate_change_fraction=0.010000
cascade_candidate_stagnation_epochs=12
cascade_max_out_epochs=150
cascade_min_out_epochs=50
cascade_max_cand_epochs=150
cascade_min_cand_epochs=50
cascade_num_candidate_groups=2
bit_fail_limit=1.00000000000000005551e-01
cascade_candidate_limit=1.00000000000000000000e+03
cascade_weight_multiplier=4.00000000000000022204e-01
cascade_activation_functions_count=10
cascade_activation_functions=3 5 7 8 10 11 14 15 16 17 
cascade_activation_steepnesses_count=4
cascade_activation_steepnesses=2.50000000000000000000e-01 5.00000000000000000000e-01 7.50000000000000000000e-01 1.00000000000000000000e+00 
layer_sizes=9 4 2 
scale_included=0
neurons (num_inputs, activation_function, activation_steepness)=(0, 0, 0.00000000000000000000e+00) (0, 0, 0.00000000000000000000e+00) (0, 0, 0.00000000000000000000e+00) (0, 0, 0.00000000000000000000e+00) (0, 0, 0.00000000000000000000e+00) (0, 0, 0.00000000000000000000e+00) (0, 0, 0.00000000000000000000e+00) (0, 0, 0.00000000000000000000e+00) (0, 0, 0.00000000000000000000e+00) (9, 6, 5.00000000000000000000e-01) (9, 6, 5.00000000000000000000e-01) (9, 6, 5.00000000000000000000e-01) (0, 6, 0.00000000000000000000e+00) (4, 4, 5.00000000000000000000e-01) (0, 4, 0.00000000000000000000e+00) 
connections (connected_to_neuron, weight)=(0, 1.62420806004547646495e+00) (1, -4.66433871009075584624e+00) (2, -3.55599026135013651650e-02) (3, 4.02577362444068831415e-01) (4, 4.86737064506675642939e-01) (5, 8.55311484090958140669e-01) (6, 1.30606404455840596768e+00) (7, 1.32923611017405995938e+00) (8, 8.99117947570953868208e-01) (0, -1.17549360012579917623e+00) (1, 4.84628783383095207427e+00) (2, 4.64692307673132076751e-01) (3, -3.51409334891722713312e-02) (4, -4.55101523750708614191e-02) (5, -7.17547117838286507840e-01) (6, -8.08338172257384690589e-01) (7, -1.16673237299490928365e+00) (8, -7.44084327587508309598e-01) (0, 1.71256090339143712820e-02) (1, 7.74855042583327380257e-01) (2, 6.54908716909325283595e-01) (3, 3.78472034467644158351e-01) (4, 9.80869574277385414263e-02) (5, 5.37880833085496862234e-02) (6, -2.44825606409589877077e-02) (7, -1.24452163762239650935e-01) (8, -7.41410453979055583673e-02) (9, -2.40531757889034825126e+00) (10, 4.79598024704182090971e+00) (11, 1.08757440540073802016e-01) (12, -8.08272666752776536292e-01) 
