FANN_FLO_2.1
num_layers=3
learning_rate=0.700000
connection_rate=1.000000
network_type=0
learning_momentum=0.000000
training_algorithm=2
train_error_function=1
train_stop_function=1
cascade_output_change_fraction=0.010000
quickprop_decay=-0.000100
quickprop_mu=1.750000
rprop_increase_factor=1.200000
rprop_decrease_factor=0.500000
rprop_delta_min=0.000000
rprop_delta_max=50.000000
rprop_delta_zero=0.100000
cascade_output_stagnation_epochs=12
cascade_candidate_change_fraction=0.010000
cascade_candidate_stagnation_epochs=12
cascade_max_out_epochs=150
cascade_min_out_epochs=50
cascade_max_cand_epochs=150
cascade_min_cand_epochs=50
cascade_num_candidate_groups=2
bit_fail_limit=1.00000000000000005551e-01
cascade_candidate_limit=1.00000000000000000000e+03
cascade_weight_multiplier=4.00000000000000022204e-01
cascade_activation_functions_count=10
cascade_activation_functions=3 5 7 8 10 11 14 15 16 17 
cascade_activation_steepnesses_count=4
cascade_activation_steepnesses=2.50000000000000000000e-01 5.00000000000000000000e-01 7.50000000000000000000e-01 1.00000000000000000000e+00 
layer_sizes=6 4 2 
scale_included=0
neurons (num_inputs, activation_function, activation_steepness)=(0, 0, 0.00000000000000000000e+00) (0, 0, 0.00000000000000000000e+00) (0, 0, 0.00000000000000000000e+00) (0, 0, 0.00000000000000000000e+00) (0, 0, 0.00000000000000000000e+00) (0, 0, 0.00000000000000000000e+00) (6, 6, 5.00000000000000000000e-01) (6, 6, 5.00000000000000000000e-01) (6, 6, 5.00000000000000000000e-01) (0, 6, 0.00000000000000000000e+00) (4, 4, 5.00000000000000000000e-01) (0, 4, 0.00000000000000000000e+00) 
connections (connected_to_neuron, weight)=(0, -1.00711410628775713261e-01) (1, 2.56687397337473421910e-01) (2, 4.40264579072699002715e-01) (3, 6.03058987278335734139e-01) (4, -6.54536453813877150409e-01) (5, 2.02030525721448167564e-01) (0, 5.40181803325160525553e-01) (1, 2.65609408979755948210e-02) (2, -5.70170995822109477613e-02) (3, -5.79185230026382606716e-03) (4, 4.87295943893374494671e-01) (5, 9.29738036389342881183e-02) (0, 3.73400035616123116000e+00) (1, 3.84704006523264352424e+00) (2, -3.15201047728823458005e-01) (3, -2.30317540257844521889e+00) (4, 1.96254899773983559896e+00) (5, -3.78292712043473278172e+00) (6, -1.61223732313449463760e+00) (7, 2.15492156639265397544e+00) (8, 1.78904530638398313158e+02) (9, -1.35143766293948308643e+00) 
