FANN_FLO_2.1
num_layers=3
learning_rate=0.700000
connection_rate=1.000000
network_type=0
learning_momentum=0.000000
training_algorithm=2
train_error_function=1
train_stop_function=1
cascade_output_change_fraction=0.010000
quickprop_decay=-0.000100
quickprop_mu=1.750000
rprop_increase_factor=1.200000
rprop_decrease_factor=0.500000
rprop_delta_min=0.000000
rprop_delta_max=50.000000
rprop_delta_zero=0.100000
cascade_output_stagnation_epochs=12
cascade_candidate_change_fraction=0.010000
cascade_candidate_stagnation_epochs=12
cascade_max_out_epochs=150
cascade_min_out_epochs=50
cascade_max_cand_epochs=150
cascade_min_cand_epochs=50
cascade_num_candidate_groups=2
bit_fail_limit=1.00000000000000005551e-01
cascade_candidate_limit=1.00000000000000000000e+03
cascade_weight_multiplier=4.00000000000000022204e-01
cascade_activation_functions_count=10
cascade_activation_functions=3 5 7 8 10 11 14 15 16 17 
cascade_activation_steepnesses_count=4
cascade_activation_steepnesses=2.50000000000000000000e-01 5.00000000000000000000e-01 7.50000000000000000000e-01 1.00000000000000000000e+00 
layer_sizes=6 4 2 
scale_included=0
neurons (num_inputs, activation_function, activation_steepness)=(0, 0, 0.00000000000000000000e+00) (0, 0, 0.00000000000000000000e+00) (0, 0, 0.00000000000000000000e+00) (0, 0, 0.00000000000000000000e+00) (0, 0, 0.00000000000000000000e+00) (0, 0, 0.00000000000000000000e+00) (6, 6, 5.00000000000000000000e-01) (6, 6, 5.00000000000000000000e-01) (6, 6, 5.00000000000000000000e-01) (0, 6, 0.00000000000000000000e+00) (4, 4, 5.00000000000000000000e-01) (0, 4, 0.00000000000000000000e+00) 
connections (connected_to_neuron, weight)=(0, -3.58406333900854356944e-01) (1, 1.30403912155264034567e+00) (2, 2.08703951074695170931e+00) (3, 7.43165932666820072683e+00) (4, -3.15519320018168458741e-01) (5, -2.86053851648942414343e+00) (0, 3.20823809081347333105e+00) (1, 1.20901910595706407747e+01) (2, -2.11295147069482469604e+00) (3, -4.70553166567935665654e+00) (4, -6.41653820165306765233e+00) (5, 6.83799268387148195814e+00) (0, 8.10860583390745404131e-01) (1, -5.09435951515349572105e+00) (2, 7.18195209724140526397e-01) (3, 1.99397399953819975948e+00) (4, -3.99232248916297782770e+00) (5, 9.60653866355961505441e-01) (6, 6.71697686115112002625e+00) (7, -3.53126182498436724799e+00) (8, -4.52833859187993059692e+00) (9, -2.17300825412943776627e+00) 
