FANN_FLO_2.1
num_layers=3
learning_rate=0.700000
connection_rate=1.000000
network_type=0
learning_momentum=0.000000
training_algorithm=2
train_error_function=1
train_stop_function=1
cascade_output_change_fraction=0.010000
quickprop_decay=-0.000100
quickprop_mu=1.750000
rprop_increase_factor=1.200000
rprop_decrease_factor=0.500000
rprop_delta_min=0.000000
rprop_delta_max=50.000000
rprop_delta_zero=0.100000
cascade_output_stagnation_epochs=12
cascade_candidate_change_fraction=0.010000
cascade_candidate_stagnation_epochs=12
cascade_max_out_epochs=150
cascade_min_out_epochs=50
cascade_max_cand_epochs=150
cascade_min_cand_epochs=50
cascade_num_candidate_groups=2
bit_fail_limit=1.00000000000000005551e-01
cascade_candidate_limit=1.00000000000000000000e+03
cascade_weight_multiplier=4.00000000000000022204e-01
cascade_activation_functions_count=10
cascade_activation_functions=3 5 7 8 10 11 14 15 16 17 
cascade_activation_steepnesses_count=4
cascade_activation_steepnesses=2.50000000000000000000e-01 5.00000000000000000000e-01 7.50000000000000000000e-01 1.00000000000000000000e+00 
layer_sizes=12 4 2 
scale_included=0
neurons (num_inputs, activation_function, activation_steepness)=(0, 0, 0.00000000000000000000e+00) (0, 0, 0.00000000000000000000e+00) (0, 0, 0.00000000000000000000e+00) (0, 0, 0.00000000000000000000e+00) (0, 0, 0.00000000000000000000e+00) (0, 0, 0.00000000000000000000e+00) (0, 0, 0.00000000000000000000e+00) (0, 0, 0.00000000000000000000e+00) (0, 0, 0.00000000000000000000e+00) (0, 0, 0.00000000000000000000e+00) (0, 0, 0.00000000000000000000e+00) (0, 0, 0.00000000000000000000e+00) (12, 6, 5.00000000000000000000e-01) (12, 6, 5.00000000000000000000e-01) (12, 6, 5.00000000000000000000e-01) (0, 6, 0.00000000000000000000e+00) (4, 4, 5.00000000000000000000e-01) (0, 4, 0.00000000000000000000e+00) 
connections (connected_to_neuron, weight)=(0, -5.04014059897233246410e-01) (1, -2.66574691052957923887e+00) (2, -2.51471030529066474912e+00) (3, -2.51932981863099136888e+00) (4, -1.58143031908508846506e+00) (5, -1.95819192301422551061e+00) (6, 1.69299888261915909560e+00) (7, -2.19374436108531378764e+00) (8, 7.43464992264627699825e-01) (9, -2.25718303004872700157e+00) (10, -1.76150322936647563132e+00) (11, 2.53482514796085167674e+00) (0, -6.46553233261872528637e-01) (1, -2.47053563411756904600e+00) (2, -2.56489035304113777158e+00) (3, -2.54442851498204269944e+00) (4, -1.56992713673349926218e+00) (5, -2.00300605516821361718e+00) (6, 1.57856001356007369374e+00) (7, -2.30563402889432378373e+00) (8, 8.32571525941013801386e-01) (9, -2.38169479350221058311e+00) (10, -1.86985872544520548288e+00) (11, 2.60031148222513008861e+00) (0, 4.28164190064091565446e-01) (1, 5.21235357103606022910e-01) (2, 4.79453093395761031914e-01) (3, 8.96144956718284535491e-01) (4, 1.79845846647830293064e-01) (5, 9.99338896223448514000e-01) (6, 3.50480749990061957178e-03) (7, 2.32075393683398267797e+00) (8, 6.16129490984188121772e-01) (9, 8.27238854610889418062e-01) (10, 2.49251903597712676230e+00) (11, -1.39269599719188535980e-01) (12, -4.68925622395734009729e+01) (13, -9.80090379831582936276e+01) (14, 7.77095934071643013041e-01) (15, -1.30849084842509522097e+00) 
