FANN_FLO_2.1
num_layers=3
learning_rate=0.700000
connection_rate=1.000000
network_type=0
learning_momentum=0.000000
training_algorithm=2
train_error_function=1
train_stop_function=1
cascade_output_change_fraction=0.010000
quickprop_decay=-0.000100
quickprop_mu=1.750000
rprop_increase_factor=1.200000
rprop_decrease_factor=0.500000
rprop_delta_min=0.000000
rprop_delta_max=50.000000
rprop_delta_zero=0.100000
cascade_output_stagnation_epochs=12
cascade_candidate_change_fraction=0.010000
cascade_candidate_stagnation_epochs=12
cascade_max_out_epochs=150
cascade_min_out_epochs=50
cascade_max_cand_epochs=150
cascade_min_cand_epochs=50
cascade_num_candidate_groups=2
bit_fail_limit=1.00000000000000005551e-01
cascade_candidate_limit=1.00000000000000000000e+03
cascade_weight_multiplier=4.00000000000000022204e-01
cascade_activation_functions_count=10
cascade_activation_functions=3 5 7 8 10 11 14 15 16 17 
cascade_activation_steepnesses_count=4
cascade_activation_steepnesses=2.50000000000000000000e-01 5.00000000000000000000e-01 7.50000000000000000000e-01 1.00000000000000000000e+00 
layer_sizes=8 4 2 
scale_included=0
neurons (num_inputs, activation_function, activation_steepness)=(0, 0, 0.00000000000000000000e+00) (0, 0, 0.00000000000000000000e+00) (0, 0, 0.00000000000000000000e+00) (0, 0, 0.00000000000000000000e+00) (0, 0, 0.00000000000000000000e+00) (0, 0, 0.00000000000000000000e+00) (0, 0, 0.00000000000000000000e+00) (0, 0, 0.00000000000000000000e+00) (8, 6, 5.00000000000000000000e-01) (8, 6, 5.00000000000000000000e-01) (8, 6, 5.00000000000000000000e-01) (0, 6, 0.00000000000000000000e+00) (4, 4, 5.00000000000000000000e-01) (0, 4, 0.00000000000000000000e+00) 
connections (connected_to_neuron, weight)=(0, 1.12977708913643795641e-01) (1, 6.14505885200524293310e-01) (2, -1.95343863775295334406e-01) (3, -1.89516288284511369433e+00) (4, -7.89866565330175252058e+00) (5, 3.76284387042079160324e+00) (6, 7.49608287245481369476e-02) (7, 3.44826948534529623136e-02) (0, 9.41949856061569980314e-03) (1, 3.62758252873768768931e-02) (2, 1.07558896360942348736e+01) (3, 1.55796344383160723090e+00) (4, 1.96866604877003847918e+00) (5, -3.29355112879222922118e-01) (6, -6.08228158939804752769e-01) (7, -1.78430488612954907257e-01) (0, 1.66284772839486572060e+00) (1, -1.17262756191019468233e+00) (2, -1.12679803539922751554e+00) (3, -1.68903250965841977838e+00) (4, -8.34237414120769238401e-01) (5, -2.88215750109490720376e+00) (6, 1.48657481395072710306e+00) (7, 1.63494351455491271352e+00) (8, -3.25844200297394381849e+00) (9, 1.76196993325217365900e+00) (10, -1.22329908372971814856e+02) (11, -4.03317889553683883719e+00) 
