FANN_FLO_2.1
num_layers=3
learning_rate=0.700000
connection_rate=1.000000
network_type=0
learning_momentum=0.000000
training_algorithm=2
train_error_function=1
train_stop_function=1
cascade_output_change_fraction=0.010000
quickprop_decay=-0.000100
quickprop_mu=1.750000
rprop_increase_factor=1.200000
rprop_decrease_factor=0.500000
rprop_delta_min=0.000000
rprop_delta_max=50.000000
rprop_delta_zero=0.100000
cascade_output_stagnation_epochs=12
cascade_candidate_change_fraction=0.010000
cascade_candidate_stagnation_epochs=12
cascade_max_out_epochs=150
cascade_min_out_epochs=50
cascade_max_cand_epochs=150
cascade_min_cand_epochs=50
cascade_num_candidate_groups=2
bit_fail_limit=1.00000000000000005551e-01
cascade_candidate_limit=1.00000000000000000000e+03
cascade_weight_multiplier=4.00000000000000022204e-01
cascade_activation_functions_count=10
cascade_activation_functions=3 5 7 8 10 11 14 15 16 17 
cascade_activation_steepnesses_count=4
cascade_activation_steepnesses=2.50000000000000000000e-01 5.00000000000000000000e-01 7.50000000000000000000e-01 1.00000000000000000000e+00 
layer_sizes=8 4 2 
scale_included=0
neurons (num_inputs, activation_function, activation_steepness)=(0, 0, 0.00000000000000000000e+00) (0, 0, 0.00000000000000000000e+00) (0, 0, 0.00000000000000000000e+00) (0, 0, 0.00000000000000000000e+00) (0, 0, 0.00000000000000000000e+00) (0, 0, 0.00000000000000000000e+00) (0, 0, 0.00000000000000000000e+00) (0, 0, 0.00000000000000000000e+00) (8, 6, 5.00000000000000000000e-01) (8, 6, 5.00000000000000000000e-01) (8, 6, 5.00000000000000000000e-01) (0, 6, 0.00000000000000000000e+00) (4, 4, 5.00000000000000000000e-01) (0, 4, 0.00000000000000000000e+00) 
connections (connected_to_neuron, weight)=(0, 5.92843978885546007973e+00) (1, -3.34850691500329267214e+00) (2, -5.23368573491464861291e+00) (3, 9.75685470946887845045e-01) (4, -3.83185842542146515299e+00) (5, -2.41009195826080002689e+00) (6, 9.78702108450218655200e-01) (7, 6.00202896437895727644e+00) (0, 2.45989455126142120278e+00) (1, -1.82631099351032077927e+00) (2, -1.19744086224228496462e+00) (3, 4.45051360465825940338e-01) (4, -2.98075409807015523356e+00) (5, -1.54017142874993395729e+00) (6, 2.52134751242592602960e-01) (7, 2.59762624903738847948e+00) (0, 1.48243539761343932071e+01) (1, -9.88184416340177507188e-01) (2, -5.65738788399365066795e+00) (3, 1.02744867021665942097e+00) (4, -1.13778826718436150145e+01) (5, -2.51765035052574370766e+00) (6, 1.11255044404415626147e+00) (7, 1.50085458979358055132e+01) (8, -9.77697074918791741993e+01) (9, -1.26306335030477683290e+01) (10, -1.21194445909759873636e+00) (11, -1.57337897980940177867e+00) 
