FANN_FLO_2.1
num_layers=3
learning_rate=0.700000
connection_rate=1.000000
network_type=0
learning_momentum=0.000000
training_algorithm=2
train_error_function=1
train_stop_function=1
cascade_output_change_fraction=0.010000
quickprop_decay=-0.000100
quickprop_mu=1.750000
rprop_increase_factor=1.200000
rprop_decrease_factor=0.500000
rprop_delta_min=0.000000
rprop_delta_max=50.000000
rprop_delta_zero=0.100000
cascade_output_stagnation_epochs=12
cascade_candidate_change_fraction=0.010000
cascade_candidate_stagnation_epochs=12
cascade_max_out_epochs=150
cascade_min_out_epochs=50
cascade_max_cand_epochs=150
cascade_min_cand_epochs=50
cascade_num_candidate_groups=2
bit_fail_limit=1.00000000000000005551e-01
cascade_candidate_limit=1.00000000000000000000e+03
cascade_weight_multiplier=4.00000000000000022204e-01
cascade_activation_functions_count=10
cascade_activation_functions=3 5 7 8 10 11 14 15 16 17 
cascade_activation_steepnesses_count=4
cascade_activation_steepnesses=2.50000000000000000000e-01 5.00000000000000000000e-01 7.50000000000000000000e-01 1.00000000000000000000e+00 
layer_sizes=13 4 2 
scale_included=0
neurons (num_inputs, activation_function, activation_steepness)=(0, 0, 0.00000000000000000000e+00) (0, 0, 0.00000000000000000000e+00) (0, 0, 0.00000000000000000000e+00) (0, 0, 0.00000000000000000000e+00) (0, 0, 0.00000000000000000000e+00) (0, 0, 0.00000000000000000000e+00) (0, 0, 0.00000000000000000000e+00) (0, 0, 0.00000000000000000000e+00) (0, 0, 0.00000000000000000000e+00) (0, 0, 0.00000000000000000000e+00) (0, 0, 0.00000000000000000000e+00) (0, 0, 0.00000000000000000000e+00) (0, 0, 0.00000000000000000000e+00) (13, 6, 5.00000000000000000000e-01) (13, 6, 5.00000000000000000000e-01) (13, 6, 5.00000000000000000000e-01) (0, 6, 0.00000000000000000000e+00) (4, 4, 5.00000000000000000000e-01) (0, 4, 0.00000000000000000000e+00) 
connections (connected_to_neuron, weight)=(0, -9.61747828700801554724e-01) (1, 2.12556325293391893183e+02) (2, 8.97827082553088962058e-01) (3, 2.10297006328731333688e-03) (4, 6.05588254093274783174e-02) (5, 2.12486521846860597407e+02) (6, 9.83090411509572603688e-02) (7, 1.49788982607435422478e-02) (8, -3.50261713169978117222e-01) (9, -7.23387759381444866991e-02) (10, -1.69411710570050721980e-01) (11, 6.51844732297393814058e-01) (12, -6.13449354161253679329e-01) (0, 4.16071183582142634094e+00) (1, 2.89066702303187412326e+02) (2, -1.42305291099535513588e+00) (3, 5.40030785265401935824e-01) (4, 4.15899161466441791291e-01) (5, 3.04393473865165105963e+02) (6, 3.09559496510453224793e-01) (7, 3.01710628177178252773e-01) (8, 8.27111598151291360637e+00) (9, 6.96649251129656588155e-01) (10, 8.67986871164395434874e-01) (11, -1.66254956029452927169e+00) (12, 1.49783362010764564687e+00) (0, -8.50696250775119344745e-01) (1, 2.12169026001751376498e+02) (2, 7.64182755180776274173e-01) (3, 2.97888966977197411357e-01) (4, 3.25579118981044024483e-01) (5, 2.12222356628090096820e+02) (6, 2.22649203556583130670e-01) (7, -1.35303884836849130924e-01) (8, -6.45133032106325998711e-01) (9, 6.44394125465472394909e-02) (10, 7.25571152872706293113e-02) (11, 7.94499894092691172354e-01) (12, -7.69330494084617177997e-01) (13, 2.69705772862170860549e+01) (14, -1.02118295469122593033e+01) (15, 3.32994288830676588020e+00) (16, -7.84966355874517129898e-01) 
