FANN_FLO_2.1
num_layers=3
learning_rate=0.700000
connection_rate=1.000000
network_type=0
learning_momentum=0.000000
training_algorithm=2
train_error_function=1
train_stop_function=1
cascade_output_change_fraction=0.010000
quickprop_decay=-0.000100
quickprop_mu=1.750000
rprop_increase_factor=1.200000
rprop_decrease_factor=0.500000
rprop_delta_min=0.000000
rprop_delta_max=50.000000
rprop_delta_zero=0.100000
cascade_output_stagnation_epochs=12
cascade_candidate_change_fraction=0.010000
cascade_candidate_stagnation_epochs=12
cascade_max_out_epochs=150
cascade_min_out_epochs=50
cascade_max_cand_epochs=150
cascade_min_cand_epochs=50
cascade_num_candidate_groups=2
bit_fail_limit=1.00000000000000005551e-01
cascade_candidate_limit=1.00000000000000000000e+03
cascade_weight_multiplier=4.00000000000000022204e-01
cascade_activation_functions_count=10
cascade_activation_functions=3 5 7 8 10 11 14 15 16 17 
cascade_activation_steepnesses_count=4
cascade_activation_steepnesses=2.50000000000000000000e-01 5.00000000000000000000e-01 7.50000000000000000000e-01 1.00000000000000000000e+00 
layer_sizes=17 4 2 
scale_included=0
neurons (num_inputs, activation_function, activation_steepness)=(0, 0, 0.00000000000000000000e+00) (0, 0, 0.00000000000000000000e+00) (0, 0, 0.00000000000000000000e+00) (0, 0, 0.00000000000000000000e+00) (0, 0, 0.00000000000000000000e+00) (0, 0, 0.00000000000000000000e+00) (0, 0, 0.00000000000000000000e+00) (0, 0, 0.00000000000000000000e+00) (0, 0, 0.00000000000000000000e+00) (0, 0, 0.00000000000000000000e+00) (0, 0, 0.00000000000000000000e+00) (0, 0, 0.00000000000000000000e+00) (0, 0, 0.00000000000000000000e+00) (0, 0, 0.00000000000000000000e+00) (0, 0, 0.00000000000000000000e+00) (0, 0, 0.00000000000000000000e+00) (0, 0, 0.00000000000000000000e+00) (17, 6, 5.00000000000000000000e-01) (17, 6, 5.00000000000000000000e-01) (17, 6, 5.00000000000000000000e-01) (0, 6, 0.00000000000000000000e+00) (4, 4, 5.00000000000000000000e-01) (0, 4, 0.00000000000000000000e+00) 
connections (connected_to_neuron, weight)=(0, -3.60288133008762923026e+00) (1, 6.43710452427039214740e+00) (2, -9.17009354382725683230e-01) (3, -4.02930661806567158578e+00) (4, 1.06531915563464463226e+00) (5, 2.32694055920099263091e+00) (6, 1.14726162093990780022e+01) (7, 1.43810228109371829319e+00) (8, 2.23840991057876204096e+00) (9, 2.41137112260037067557e+00) (10, -2.88631217116251370669e+01) (11, 2.92535254012227809994e+01) (12, -1.16275001014555012802e+00) (13, 9.21478710866527528367e+00) (14, 1.60839852315149345330e+00) (15, -1.16659013858832016908e+00) (16, -1.36826700855232563647e+00) (0, -3.67353381916807038010e+01) (1, 3.57022936489776077096e+00) (2, 9.12495592021963730645e+00) (3, 1.61728453451969258481e+01) (4, 9.91362050963160545969e-01) (5, -2.53303792879634182000e+00) (6, 5.91340063430373708009e-01) (7, -3.50116853297495289610e+00) (8, 7.78883711618307383873e-01) (9, 4.84940828946843704994e-01) (10, -3.41289425968798880717e+01) (11, -1.42999999821186065674e+03) (12, -7.63956558790819002525e+01) (13, -2.43094804713116854900e-02) (14, -1.15954951115337867584e+00) (15, -1.43775720053376721808e+03) (16, -3.89717323781895386148e+00) (0, 1.98184063800517118459e+00) (1, 7.37311519043728313960e+00) (2, 3.37367167549374735724e-01) (3, 1.88543509725543317890e-01) (4, 1.25061493747224838913e+00) (5, 5.94357228152463501480e-01) (6, 7.52047329024232880101e+00) (7, 1.46844823964588200305e+00) (8, 2.95535756137334237881e-01) (9, 1.94880016620087720414e-01) (10, -1.32955308949208772518e+00) (11, 5.20705610671404794942e+00) (12, -2.53350739681139769388e+00) (13, -4.17181725515400281257e-01) (14, -1.23217567613745374033e-01) (15, -2.53182723522897878965e+00) (16, -1.27495349227422294369e+00) (17, 2.92384724964364224320e+01) (18, 2.02620776348562223745e+01) (19, -4.33007766508935034722e+01) (20, -1.25342899506151650435e+00) 
