FANN_FLO_2.1
num_layers=3
learning_rate=0.700000
connection_rate=1.000000
network_type=0
learning_momentum=0.000000
training_algorithm=2
train_error_function=1
train_stop_function=1
cascade_output_change_fraction=0.010000
quickprop_decay=-0.000100
quickprop_mu=1.750000
rprop_increase_factor=1.200000
rprop_decrease_factor=0.500000
rprop_delta_min=0.000000
rprop_delta_max=50.000000
rprop_delta_zero=0.100000
cascade_output_stagnation_epochs=12
cascade_candidate_change_fraction=0.010000
cascade_candidate_stagnation_epochs=12
cascade_max_out_epochs=150
cascade_min_out_epochs=50
cascade_max_cand_epochs=150
cascade_min_cand_epochs=50
cascade_num_candidate_groups=2
bit_fail_limit=1.00000000000000005551e-01
cascade_candidate_limit=1.00000000000000000000e+03
cascade_weight_multiplier=4.00000000000000022204e-01
cascade_activation_functions_count=10
cascade_activation_functions=3 5 7 8 10 11 14 15 16 17 
cascade_activation_steepnesses_count=4
cascade_activation_steepnesses=2.50000000000000000000e-01 5.00000000000000000000e-01 7.50000000000000000000e-01 1.00000000000000000000e+00 
layer_sizes=18 4 2 
scale_included=0
neurons (num_inputs, activation_function, activation_steepness)=(0, 0, 0.00000000000000000000e+00) (0, 0, 0.00000000000000000000e+00) (0, 0, 0.00000000000000000000e+00) (0, 0, 0.00000000000000000000e+00) (0, 0, 0.00000000000000000000e+00) (0, 0, 0.00000000000000000000e+00) (0, 0, 0.00000000000000000000e+00) (0, 0, 0.00000000000000000000e+00) (0, 0, 0.00000000000000000000e+00) (0, 0, 0.00000000000000000000e+00) (0, 0, 0.00000000000000000000e+00) (0, 0, 0.00000000000000000000e+00) (0, 0, 0.00000000000000000000e+00) (0, 0, 0.00000000000000000000e+00) (0, 0, 0.00000000000000000000e+00) (0, 0, 0.00000000000000000000e+00) (0, 0, 0.00000000000000000000e+00) (0, 0, 0.00000000000000000000e+00) (18, 6, 5.00000000000000000000e-01) (18, 6, 5.00000000000000000000e-01) (18, 6, 5.00000000000000000000e-01) (0, 6, 0.00000000000000000000e+00) (4, 4, 5.00000000000000000000e-01) (0, 4, 0.00000000000000000000e+00) 
connections (connected_to_neuron, weight)=(0, 5.86732592060304591897e-01) (1, 5.75035078774476193786e+00) (2, -1.40499624860581229235e+00) (3, 1.12124773954353873506e+00) (4, -1.29474826131943254737e+00) (5, 5.32033305204521322906e+00) (6, -9.98025870072278720180e-01) (7, 2.30416936885421552716e+00) (8, -3.91185663132957578414e-02) (9, -1.70079216633257979119e+00) (10, 3.96648952449545066923e-01) (11, -5.73874086322484711076e+00) (12, 1.40017002434031839764e-01) (13, -5.17523957826018499162e+00) (14, -1.74641665660567424467e+00) (15, -5.17168621554018859143e+00) (16, 1.45642329918300572622e+00) (17, -2.48361548857977121330e+00) (0, 2.61557359011744927635e-01) (1, -1.88350105885345300294e+01) (2, -6.43150939300760615680e+00) (3, 8.72817880911481402961e+00) (4, -2.99651076024835871792e-01) (5, -7.03278156804926890544e+00) (6, 3.72992516079857922007e-02) (7, 1.35290606091881837614e+00) (8, -1.98074285919300474568e+00) (9, 8.97432172379235115756e-01) (10, -1.00864560615284890588e+01) (11, 2.75184771587339902510e+01) (12, -5.80458383551318402027e+00) (13, 2.73556517909022680612e+01) (14, 9.28023823983565865348e-01) (15, 2.73699154462375702224e+01) (16, -5.59174257804028655983e+01) (17, -9.30711725679685408785e-01) (0, 3.86221958565930112428e+00) (1, 2.71024744726758637370e+00) (2, 9.73626196207467842214e+00) (3, -5.35156749861763358922e+00) (4, 6.15752911471713293423e+00) (5, 3.36848572631715592607e+00) (6, 4.91411834276664283294e+00) (7, 8.36506700046919959846e-01) (8, 8.27959479181602908682e+00) (9, 2.69869432074848969449e+00) (10, 1.35531124036989290005e+01) (11, -1.52916137523661550546e+01) (12, 4.32978852403011504890e+00) (13, -1.53968018565638722350e+01) (14, 2.69337554520750144249e+00) (15, -1.54349011894138605783e+01) (16, -8.16784037965922493640e+00) (17, -2.89934445821525388354e+00) (18, 1.44942290773991597774e+01) (19, 1.82518595957082467862e+01) (20, 1.45040825707131428857e+01) (21, -1.74516453981201724588e+00) 
