FANN_FLO_2.1
num_layers=3
learning_rate=0.700000
connection_rate=1.000000
network_type=0
learning_momentum=0.000000
training_algorithm=2
train_error_function=1
train_stop_function=1
cascade_output_change_fraction=0.010000
quickprop_decay=-0.000100
quickprop_mu=1.750000
rprop_increase_factor=1.200000
rprop_decrease_factor=0.500000
rprop_delta_min=0.000000
rprop_delta_max=50.000000
rprop_delta_zero=0.100000
cascade_output_stagnation_epochs=12
cascade_candidate_change_fraction=0.010000
cascade_candidate_stagnation_epochs=12
cascade_max_out_epochs=150
cascade_min_out_epochs=50
cascade_max_cand_epochs=150
cascade_min_cand_epochs=50
cascade_num_candidate_groups=2
bit_fail_limit=1.00000000000000005551e-01
cascade_candidate_limit=1.00000000000000000000e+03
cascade_weight_multiplier=4.00000000000000022204e-01
cascade_activation_functions_count=10
cascade_activation_functions=3 5 7 8 10 11 14 15 16 17 
cascade_activation_steepnesses_count=4
cascade_activation_steepnesses=2.50000000000000000000e-01 5.00000000000000000000e-01 7.50000000000000000000e-01 1.00000000000000000000e+00 
layer_sizes=17 4 2 
scale_included=0
neurons (num_inputs, activation_function, activation_steepness)=(0, 0, 0.00000000000000000000e+00) (0, 0, 0.00000000000000000000e+00) (0, 0, 0.00000000000000000000e+00) (0, 0, 0.00000000000000000000e+00) (0, 0, 0.00000000000000000000e+00) (0, 0, 0.00000000000000000000e+00) (0, 0, 0.00000000000000000000e+00) (0, 0, 0.00000000000000000000e+00) (0, 0, 0.00000000000000000000e+00) (0, 0, 0.00000000000000000000e+00) (0, 0, 0.00000000000000000000e+00) (0, 0, 0.00000000000000000000e+00) (0, 0, 0.00000000000000000000e+00) (0, 0, 0.00000000000000000000e+00) (0, 0, 0.00000000000000000000e+00) (0, 0, 0.00000000000000000000e+00) (0, 0, 0.00000000000000000000e+00) (17, 6, 5.00000000000000000000e-01) (17, 6, 5.00000000000000000000e-01) (17, 6, 5.00000000000000000000e-01) (0, 6, 0.00000000000000000000e+00) (4, 4, 5.00000000000000000000e-01) (0, 4, 0.00000000000000000000e+00) 
connections (connected_to_neuron, weight)=(0, -1.53814124822082010091e+00) (1, 2.51053368706451784931e-01) (2, 1.03965424416010989717e+01) (3, 9.26074598446222307935e-01) (4, -4.77022007760464716863e-01) (5, -1.12126077812147939561e+00) (6, -4.17527100474268664243e+00) (7, 1.13401917787399719728e-01) (8, 5.11088763310677096641e-01) (9, -6.50801407950063803831e-01) (10, -9.03958117214159102559e+01) (11, 8.36514918260784554604e+01) (12, -2.46939065677700888557e+01) (13, -2.51437833502123719853e+00) (14, 4.52162557017540378546e-01) (15, -2.47053654884854729801e+01) (16, -3.02669194528015772505e+00) (0, -2.48794838385550214355e+01) (1, 6.84169784213774960335e+02) (2, -1.04063638797162616356e+03) (3, 6.62325479532489325152e-01) (4, -2.63103349911756856372e+00) (5, -1.82227845807464783334e+00) (6, 8.11102879009613161543e+02) (7, 1.29588191988841749946e+00) (8, 2.41866186972297825264e+00) (9, 2.25604997065370005416e+00) (10, 2.85730700256496668032e+01) (11, -3.60414322712868369081e+01) (12, 9.57422548313705235046e+00) (13, -5.29191239510866580531e+02) (14, 5.36832027754119600615e+00) (15, 9.54778450057090033454e+00) (16, 1.06499352636009323447e+01) (0, -2.05971484827443234167e+01) (1, 4.90820902442498763207e+00) (2, -8.43338621574821090121e+00) (3, -4.70192809596965577423e-01) (4, 2.87997270043080799695e+00) (5, 5.46160473580196637045e+00) (6, 7.65548828853514340409e+00) (7, 2.29205962776690741478e+00) (8, -3.59607138031132478329e-01) (9, 3.02425443800011350959e+00) (10, 3.97941635758615177565e+02) (11, -2.00388590004203393846e+02) (12, -2.34411615336008907207e+01) (13, 2.87166518587544565833e+01) (14, 3.67155013516306816257e+00) (15, -2.34117988367171108166e+01) (16, -4.70164639920287341646e-01) (17, 9.62912083465109347458e+00) (18, 1.47802197130580603712e+00) (19, 8.33048638191685952847e+00) (20, -5.92116299860510952868e+00) 
