FANN_FLO_2.1
num_layers=3
learning_rate=0.700000
connection_rate=1.000000
network_type=0
learning_momentum=0.000000
training_algorithm=2
train_error_function=1
train_stop_function=1
cascade_output_change_fraction=0.010000
quickprop_decay=-0.000100
quickprop_mu=1.750000
rprop_increase_factor=1.200000
rprop_decrease_factor=0.500000
rprop_delta_min=0.000000
rprop_delta_max=50.000000
rprop_delta_zero=0.100000
cascade_output_stagnation_epochs=12
cascade_candidate_change_fraction=0.010000
cascade_candidate_stagnation_epochs=12
cascade_max_out_epochs=150
cascade_min_out_epochs=50
cascade_max_cand_epochs=150
cascade_min_cand_epochs=50
cascade_num_candidate_groups=2
bit_fail_limit=1.00000000000000005551e-01
cascade_candidate_limit=1.00000000000000000000e+03
cascade_weight_multiplier=4.00000000000000022204e-01
cascade_activation_functions_count=10
cascade_activation_functions=3 5 7 8 10 11 14 15 16 17 
cascade_activation_steepnesses_count=4
cascade_activation_steepnesses=2.50000000000000000000e-01 5.00000000000000000000e-01 7.50000000000000000000e-01 1.00000000000000000000e+00 
layer_sizes=8 4 2 
scale_included=0
neurons (num_inputs, activation_function, activation_steepness)=(0, 0, 0.00000000000000000000e+00) (0, 0, 0.00000000000000000000e+00) (0, 0, 0.00000000000000000000e+00) (0, 0, 0.00000000000000000000e+00) (0, 0, 0.00000000000000000000e+00) (0, 0, 0.00000000000000000000e+00) (0, 0, 0.00000000000000000000e+00) (0, 0, 0.00000000000000000000e+00) (8, 6, 5.00000000000000000000e-01) (8, 6, 5.00000000000000000000e-01) (8, 6, 5.00000000000000000000e-01) (0, 6, 0.00000000000000000000e+00) (4, 4, 5.00000000000000000000e-01) (0, 4, 0.00000000000000000000e+00) 
connections (connected_to_neuron, weight)=(0, 1.22225789762835947982e+01) (1, -8.97004984098241919810e+00) (2, -1.03723810596147014707e+01) (3, -8.20388334868664514943e+00) (4, -1.23772376329438369424e+01) (5, -3.45025546380913610278e+01) (6, 8.08782473575936364796e+01) (7, 1.24415442177469319773e+01) (0, -1.26343338788279324625e+00) (1, 1.61695116162966789908e+00) (2, 1.88586647259381767761e+00) (3, 4.55474815002824851007e+00) (4, 2.27431881765520538252e+00) (5, 5.38903989837934105367e+00) (6, -3.60112745695076519326e+00) (7, -3.42925218296612444036e+00) (0, -3.49052840817339671275e+00) (1, 2.20584130358500241087e+00) (2, 1.66938236837740117124e+00) (3, 2.50990290324851361703e+00) (4, 2.32176183967036875444e+00) (5, 5.53389126544782694594e+00) (6, -3.16463307706468288671e+00) (7, -3.42867269915903749578e+00) (8, -3.38141990523059243756e+00) (9, 4.47811238622389709008e+01) (10, 1.11690467405032638482e+01) (11, -1.60755204153237274411e+00) 
