FANN_FLO_2.1
num_layers=3
learning_rate=0.700000
connection_rate=1.000000
network_type=0
learning_momentum=0.000000
training_algorithm=2
train_error_function=1
train_stop_function=1
cascade_output_change_fraction=0.010000
quickprop_decay=-0.000100
quickprop_mu=1.750000
rprop_increase_factor=1.200000
rprop_decrease_factor=0.500000
rprop_delta_min=0.000000
rprop_delta_max=50.000000
rprop_delta_zero=0.100000
cascade_output_stagnation_epochs=12
cascade_candidate_change_fraction=0.010000
cascade_candidate_stagnation_epochs=12
cascade_max_out_epochs=150
cascade_min_out_epochs=50
cascade_max_cand_epochs=150
cascade_min_cand_epochs=50
cascade_num_candidate_groups=2
bit_fail_limit=1.00000000000000005551e-01
cascade_candidate_limit=1.00000000000000000000e+03
cascade_weight_multiplier=4.00000000000000022204e-01
cascade_activation_functions_count=10
cascade_activation_functions=3 5 7 8 10 11 14 15 16 17 
cascade_activation_steepnesses_count=4
cascade_activation_steepnesses=2.50000000000000000000e-01 5.00000000000000000000e-01 7.50000000000000000000e-01 1.00000000000000000000e+00 
layer_sizes=9 4 2 
scale_included=0
neurons (num_inputs, activation_function, activation_steepness)=(0, 0, 0.00000000000000000000e+00) (0, 0, 0.00000000000000000000e+00) (0, 0, 0.00000000000000000000e+00) (0, 0, 0.00000000000000000000e+00) (0, 0, 0.00000000000000000000e+00) (0, 0, 0.00000000000000000000e+00) (0, 0, 0.00000000000000000000e+00) (0, 0, 0.00000000000000000000e+00) (0, 0, 0.00000000000000000000e+00) (9, 6, 5.00000000000000000000e-01) (9, 6, 5.00000000000000000000e-01) (9, 6, 5.00000000000000000000e-01) (0, 6, 0.00000000000000000000e+00) (4, 4, 5.00000000000000000000e-01) (0, 4, 0.00000000000000000000e+00) 
connections (connected_to_neuron, weight)=(0, -6.58830123697727532139e-01) (1, 1.05591458443331035255e+02) (2, -7.12898158315709373767e+00) (3, 3.63583225046009594905e-01) (4, 4.16806566416970669664e-01) (5, -8.55817889166825884750e-01) (6, 2.47040979296407385846e+01) (7, 1.91426790557606474330e-01) (8, -1.00789936274380984571e+01) (0, 8.12961942055176689514e-01) (1, -2.52708374226776610882e-01) (2, -2.06152950576381854830e+01) (3, -3.63143202952383559179e+00) (4, -9.24324739269735928815e+00) (5, 1.79132579265033662352e+01) (6, -9.93632435549887227388e-01) (7, -3.84944050473008969604e+00) (8, 6.30258499627675217170e+00) (0, 1.40167565669625258096e+01) (1, -1.04231152470802683752e+02) (2, 1.18872351340431987410e+03) (3, 1.33418492754078374674e+03) (4, 1.06110091869816769439e+00) (5, 1.25066184676969032807e+03) (6, -6.28565454935681486859e+01) (7, 1.33418492754078374674e+03) (8, 1.20771566881631216006e+02) (9, 3.83203751279113946637e+00) (10, -4.24772546801771078151e+00) (11, -1.50240587462456365309e+00) (12, -2.51493381155745998612e+00) 
