FANN_FLO_2.1
num_layers=3
learning_rate=0.700000
connection_rate=1.000000
network_type=0
learning_momentum=0.000000
training_algorithm=2
train_error_function=1
train_stop_function=1
cascade_output_change_fraction=0.010000
quickprop_decay=-0.000100
quickprop_mu=1.750000
rprop_increase_factor=1.200000
rprop_decrease_factor=0.500000
rprop_delta_min=0.000000
rprop_delta_max=50.000000
rprop_delta_zero=0.100000
cascade_output_stagnation_epochs=12
cascade_candidate_change_fraction=0.010000
cascade_candidate_stagnation_epochs=12
cascade_max_out_epochs=150
cascade_min_out_epochs=50
cascade_max_cand_epochs=150
cascade_min_cand_epochs=50
cascade_num_candidate_groups=2
bit_fail_limit=1.00000000000000005551e-01
cascade_candidate_limit=1.00000000000000000000e+03
cascade_weight_multiplier=4.00000000000000022204e-01
cascade_activation_functions_count=10
cascade_activation_functions=3 5 7 8 10 11 14 15 16 17 
cascade_activation_steepnesses_count=4
cascade_activation_steepnesses=2.50000000000000000000e-01 5.00000000000000000000e-01 7.50000000000000000000e-01 1.00000000000000000000e+00 
layer_sizes=17 4 2 
scale_included=0
neurons (num_inputs, activation_function, activation_steepness)=(0, 0, 0.00000000000000000000e+00) (0, 0, 0.00000000000000000000e+00) (0, 0, 0.00000000000000000000e+00) (0, 0, 0.00000000000000000000e+00) (0, 0, 0.00000000000000000000e+00) (0, 0, 0.00000000000000000000e+00) (0, 0, 0.00000000000000000000e+00) (0, 0, 0.00000000000000000000e+00) (0, 0, 0.00000000000000000000e+00) (0, 0, 0.00000000000000000000e+00) (0, 0, 0.00000000000000000000e+00) (0, 0, 0.00000000000000000000e+00) (0, 0, 0.00000000000000000000e+00) (0, 0, 0.00000000000000000000e+00) (0, 0, 0.00000000000000000000e+00) (0, 0, 0.00000000000000000000e+00) (0, 0, 0.00000000000000000000e+00) (17, 6, 5.00000000000000000000e-01) (17, 6, 5.00000000000000000000e-01) (17, 6, 5.00000000000000000000e-01) (0, 6, 0.00000000000000000000e+00) (4, 4, 5.00000000000000000000e-01) (0, 4, 0.00000000000000000000e+00) 
connections (connected_to_neuron, weight)=(0, -2.23396558437806325159e+00) (1, 2.31685963575106823598e+00) (2, -7.89827255209165635108e-01) (3, -9.91194283270385723128e-01) (4, -7.18684600790433503192e-01) (5, 2.34828847948771679555e+00) (6, -9.80958794855621318831e-01) (7, -8.42199132594584620737e-02) (8, -5.95022643957410002358e-01) (9, -2.06511431543518531040e-01) (10, -5.87204227348260388020e-01) (11, -1.06610270751974889336e+00) (12, -7.39257646401601742348e-01) (13, -1.17539102001450390667e+00) (14, -8.56843224758801147445e-01) (15, -7.87227033669647746628e-01) (16, -2.72327597117392739001e-02) (0, -2.19093652565342145166e+00) (1, 2.33672084216338360463e+00) (2, -8.03709854980188431739e-01) (3, -8.93492011034038524642e-01) (4, -5.25903019918935732413e-01) (5, 2.22631905529957974110e+00) (6, -9.56177940272834758773e-01) (7, -5.22616844489114718009e-01) (8, -5.67983369384083891518e-01) (9, -9.30449808856259275025e-01) (10, -7.28552894791059113544e-01) (11, -1.17158794937990040630e+00) (12, -7.96809812684732499122e-01) (13, -1.11611054255030484050e+00) (14, -9.07573658073839828475e-01) (15, -8.99278420055803939803e-01) (16, 1.52625984432700423366e-01) (0, -5.79254566123213443518e+00) (1, 5.78002306809153232336e+00) (2, -4.81116734433314485742e-01) (3, -2.59516212550740421605e+00) (4, -1.71435357824877043775e+00) (5, 5.85517518212523135901e+00) (6, -2.83847231581432035696e+00) (7, -1.94351176916441348297e+00) (8, -2.05350819228968006769e+00) (9, -6.37029416847369356347e-01) (10, -1.53728230158351752976e+00) (11, -1.64499581687592422163e+00) (12, -2.48887036442430664707e+00) (13, -1.85988535934708898445e+00) (14, -2.81585856556545133245e+00) (15, -1.64701678686283981001e+00) (16, 5.04061150234061505770e-01) (17, 9.43356867607842097811e-01) (18, 9.04048953541526589817e-01) (19, 5.91031743576254520178e+00) (20, 2.53814021691187607921e-01) 
