FANN_FLO_2.1
num_layers=3
learning_rate=0.700000
connection_rate=1.000000
network_type=0
learning_momentum=0.000000
training_algorithm=2
train_error_function=1
train_stop_function=1
cascade_output_change_fraction=0.010000
quickprop_decay=-0.000100
quickprop_mu=1.750000
rprop_increase_factor=1.200000
rprop_decrease_factor=0.500000
rprop_delta_min=0.000000
rprop_delta_max=50.000000
rprop_delta_zero=0.100000
cascade_output_stagnation_epochs=12
cascade_candidate_change_fraction=0.010000
cascade_candidate_stagnation_epochs=12
cascade_max_out_epochs=150
cascade_min_out_epochs=50
cascade_max_cand_epochs=150
cascade_min_cand_epochs=50
cascade_num_candidate_groups=2
bit_fail_limit=1.00000000000000005551e-01
cascade_candidate_limit=1.00000000000000000000e+03
cascade_weight_multiplier=4.00000000000000022204e-01
cascade_activation_functions_count=10
cascade_activation_functions=3 5 7 8 10 11 14 15 16 17 
cascade_activation_steepnesses_count=4
cascade_activation_steepnesses=2.50000000000000000000e-01 5.00000000000000000000e-01 7.50000000000000000000e-01 1.00000000000000000000e+00 
layer_sizes=10 4 2 
scale_included=0
neurons (num_inputs, activation_function, activation_steepness)=(0, 0, 0.00000000000000000000e+00) (0, 0, 0.00000000000000000000e+00) (0, 0, 0.00000000000000000000e+00) (0, 0, 0.00000000000000000000e+00) (0, 0, 0.00000000000000000000e+00) (0, 0, 0.00000000000000000000e+00) (0, 0, 0.00000000000000000000e+00) (0, 0, 0.00000000000000000000e+00) (0, 0, 0.00000000000000000000e+00) (0, 0, 0.00000000000000000000e+00) (10, 6, 5.00000000000000000000e-01) (10, 6, 5.00000000000000000000e-01) (10, 6, 5.00000000000000000000e-01) (0, 6, 0.00000000000000000000e+00) (4, 4, 5.00000000000000000000e-01) (0, 4, 0.00000000000000000000e+00) 
connections (connected_to_neuron, weight)=(0, 4.21828962371394844411e+00) (1, 3.25909561980484552279e+00) (2, 4.26331569289365830411e-01) (3, 3.75379653853661254814e+00) (4, 1.64029227479623535002e-01) (5, -6.21519546203398332018e-01) (6, 7.88921391884601197475e-01) (7, 3.35795035841727829151e+00) (8, 1.55798346909856677556e+00) (9, -4.20460579380766397151e+00) (0, 1.17981618043359617332e+01) (1, -1.36608429652598395432e-01) (2, 4.44123478084913436703e+00) (3, -3.58271818372486583471e+00) (4, -2.13104434990641217196e-02) (5, 4.73609510406010159045e+00) (6, 1.52640329624837778333e+00) (7, -1.53233003423842467638e-01) (8, 3.26859792281575778361e+00) (9, -3.40092281084461234286e+00) (0, 1.47843720834743908199e+03) (1, -4.16364256880634941993e-01) (2, 1.50000000000000000000e+03) (3, -1.49994976657563552180e+03) (4, -1.36049047686044877992e+03) (5, -6.70081727511636813688e+02) (6, -6.20202803657043318708e+02) (7, 1.03110620036439399883e+03) (8, 1.49583816128079570262e+03) (9, 1.49968334752752434724e+03) (10, 3.10877086175720620531e+01) (11, 2.99570079932265080913e+01) (12, -4.14180520415462982697e+00) (13, -4.23652272713322908260e+00) 
