FANN_FLO_2.1
num_layers=3
learning_rate=0.700000
connection_rate=1.000000
network_type=0
learning_momentum=0.000000
training_algorithm=2
train_error_function=1
train_stop_function=1
cascade_output_change_fraction=0.010000
quickprop_decay=-0.000100
quickprop_mu=1.750000
rprop_increase_factor=1.200000
rprop_decrease_factor=0.500000
rprop_delta_min=0.000000
rprop_delta_max=50.000000
rprop_delta_zero=0.100000
cascade_output_stagnation_epochs=12
cascade_candidate_change_fraction=0.010000
cascade_candidate_stagnation_epochs=12
cascade_max_out_epochs=150
cascade_min_out_epochs=50
cascade_max_cand_epochs=150
cascade_min_cand_epochs=50
cascade_num_candidate_groups=2
bit_fail_limit=1.00000000000000005551e-01
cascade_candidate_limit=1.00000000000000000000e+03
cascade_weight_multiplier=4.00000000000000022204e-01
cascade_activation_functions_count=10
cascade_activation_functions=3 5 7 8 10 11 14 15 16 17 
cascade_activation_steepnesses_count=4
cascade_activation_steepnesses=2.50000000000000000000e-01 5.00000000000000000000e-01 7.50000000000000000000e-01 1.00000000000000000000e+00 
layer_sizes=17 4 2 
scale_included=0
neurons (num_inputs, activation_function, activation_steepness)=(0, 0, 0.00000000000000000000e+00) (0, 0, 0.00000000000000000000e+00) (0, 0, 0.00000000000000000000e+00) (0, 0, 0.00000000000000000000e+00) (0, 0, 0.00000000000000000000e+00) (0, 0, 0.00000000000000000000e+00) (0, 0, 0.00000000000000000000e+00) (0, 0, 0.00000000000000000000e+00) (0, 0, 0.00000000000000000000e+00) (0, 0, 0.00000000000000000000e+00) (0, 0, 0.00000000000000000000e+00) (0, 0, 0.00000000000000000000e+00) (0, 0, 0.00000000000000000000e+00) (0, 0, 0.00000000000000000000e+00) (0, 0, 0.00000000000000000000e+00) (0, 0, 0.00000000000000000000e+00) (0, 0, 0.00000000000000000000e+00) (17, 6, 5.00000000000000000000e-01) (17, 6, 5.00000000000000000000e-01) (17, 6, 5.00000000000000000000e-01) (0, 6, 0.00000000000000000000e+00) (4, 4, 5.00000000000000000000e-01) (0, 4, 0.00000000000000000000e+00) 
connections (connected_to_neuron, weight)=(0, -9.24520463751884569170e-01) (1, 1.23807821657385352943e+00) (2, 1.34601250001599415107e+00) (3, -3.30713481513212406715e-02) (4, 4.08848086819728950836e-01) (5, 1.28853422431201325438e+00) (6, 1.31807721174690795074e+00) (7, -1.52657875655097169387e-01) (8, -2.64630645943578324264e-01) (9, -7.50402772627379033299e-02) (10, 6.00702297393330586495e-01) (11, 4.27321706436568471421e-01) (12, 5.15671724160088107425e-01) (13, 3.69675361192334905880e-01) (14, 5.06273017386349666324e-01) (15, 8.10436024096076595979e-02) (16, -1.55361519067588571552e+00) (0, -2.87749363678560694801e-02) (1, -9.46368084208578930205e-02) (2, 2.05482833751589950566e+01) (3, 7.43523218843816363632e-02) (4, 1.00149948630937024596e+00) (5, -7.07236418187474402686e-01) (6, 9.40272334417314148425e+00) (7, 2.34931506232549852653e-01) (8, 6.94507304383493506705e-01) (9, 1.21779393128325447160e-01) (10, 9.16024899151550831000e-01) (11, 3.30935148553543445615e-01) (12, 5.31902814600092921360e-01) (13, 9.02635875814231325442e-01) (14, 6.79897106876790724428e-01) (15, 1.29365157802621477678e-01) (16, -4.08420119769260625553e-01) (0, -2.78242461295149567935e-01) (1, 6.79971415918417698698e-01) (2, 1.14811681833674450459e+00) (3, 5.37461735968220791215e-02) (4, 5.08433370942484974542e-01) (5, 5.71170758649601983947e-01) (6, 2.01939633849109645425e+00) (7, -1.19141218972385151686e-01) (8, -1.22858664159492966816e-01) (9, 1.02538788531428587403e-01) (10, 7.30908627517450448785e-01) (11, 1.50851441477441727823e-01) (12, 3.29581730578657194908e-02) (13, 1.48816973714889388969e-01) (14, 2.79009901095476298138e-01) (15, 5.94033040717952681709e-02) (16, -9.83189619771584477625e-01) (17, 6.02956317589508543620e+01) (18, 3.61709999840957996398e+00) (19, 1.99267745754372627154e+00) (20, -1.83015256730486686187e+00) 
