FANN_FLO_2.1
num_layers=3
learning_rate=0.700000
connection_rate=1.000000
network_type=0
learning_momentum=0.000000
training_algorithm=2
train_error_function=1
train_stop_function=1
cascade_output_change_fraction=0.010000
quickprop_decay=-0.000100
quickprop_mu=1.750000
rprop_increase_factor=1.200000
rprop_decrease_factor=0.500000
rprop_delta_min=0.000000
rprop_delta_max=50.000000
rprop_delta_zero=0.100000
cascade_output_stagnation_epochs=12
cascade_candidate_change_fraction=0.010000
cascade_candidate_stagnation_epochs=12
cascade_max_out_epochs=150
cascade_min_out_epochs=50
cascade_max_cand_epochs=150
cascade_min_cand_epochs=50
cascade_num_candidate_groups=2
bit_fail_limit=1.00000000000000005551e-01
cascade_candidate_limit=1.00000000000000000000e+03
cascade_weight_multiplier=4.00000000000000022204e-01
cascade_activation_functions_count=10
cascade_activation_functions=3 5 7 8 10 11 14 15 16 17 
cascade_activation_steepnesses_count=4
cascade_activation_steepnesses=2.50000000000000000000e-01 5.00000000000000000000e-01 7.50000000000000000000e-01 1.00000000000000000000e+00 
layer_sizes=18 4 2 
scale_included=0
neurons (num_inputs, activation_function, activation_steepness)=(0, 0, 0.00000000000000000000e+00) (0, 0, 0.00000000000000000000e+00) (0, 0, 0.00000000000000000000e+00) (0, 0, 0.00000000000000000000e+00) (0, 0, 0.00000000000000000000e+00) (0, 0, 0.00000000000000000000e+00) (0, 0, 0.00000000000000000000e+00) (0, 0, 0.00000000000000000000e+00) (0, 0, 0.00000000000000000000e+00) (0, 0, 0.00000000000000000000e+00) (0, 0, 0.00000000000000000000e+00) (0, 0, 0.00000000000000000000e+00) (0, 0, 0.00000000000000000000e+00) (0, 0, 0.00000000000000000000e+00) (0, 0, 0.00000000000000000000e+00) (0, 0, 0.00000000000000000000e+00) (0, 0, 0.00000000000000000000e+00) (0, 0, 0.00000000000000000000e+00) (18, 6, 5.00000000000000000000e-01) (18, 6, 5.00000000000000000000e-01) (18, 6, 5.00000000000000000000e-01) (0, 6, 0.00000000000000000000e+00) (4, 4, 5.00000000000000000000e-01) (0, 4, 0.00000000000000000000e+00) 
connections (connected_to_neuron, weight)=(0, -2.68932193067594260683e+00) (1, 4.77420284815752449248e+00) (2, 7.03411257849021698263e-01) (3, 1.71658360673927834483e+00) (4, -4.72191700556003990386e+00) (5, -4.77121409245455208037e+00) (6, 9.44867200953289632093e-02) (7, -3.32249184196748648112e-01) (8, 2.39087694958466823181e+00) (9, -3.21338350213210910411e+00) (10, -4.99091088293823315070e-01) (11, -7.39531710267505193457e-01) (12, 4.70594002150618972991e+00) (13, -3.08118478841226428599e+00) (14, -4.68580027141296806548e+00) (15, -8.33178780496558579749e-01) (16, -3.58717341257904553942e-01) (17, 8.60519001042774622778e-02) (0, -2.64593130645080298891e+00) (1, 4.84127584316456260893e+00) (2, 8.01098956749721313741e-01) (3, 2.59148297117579895499e+00) (4, -4.79987792514884414885e+00) (5, -4.70564218082153740141e+00) (6, 3.04964117140051949040e-01) (7, -3.35332033282079611247e-01) (8, 2.32721803412455852111e+00) (9, -2.09950385148302309801e+00) (10, -5.11639788268837047980e-01) (11, -3.72987371927060995525e-01) (12, 4.81369224407398643706e+00) (13, -2.02971817086116068651e+00) (14, -4.65095435299599113677e+00) (15, -2.68991445248880411967e-01) (16, -4.08460039927338147692e-01) (17, -3.09167287728955131332e-01) (0, -3.52997129887142269133e-01) (1, 8.82361533827166644173e-01) (2, 1.92631671064158571660e-01) (3, 7.68905821031909075813e-01) (4, -5.75583180612902367557e-01) (5, -7.06543194330315316165e-01) (6, 2.65621797653909919035e-01) (7, -1.25969978359464551687e-01) (8, 3.91600872841700198279e-01) (9, -1.34932571669823836435e-01) (10, -3.47148201735057101991e-02) (11, 2.52694018809757892097e-02) (12, 8.54763160235266772347e-01) (13, -3.96962649924061661277e-01) (14, -5.76451828903536522830e-01) (15, -1.61603058067087107519e-01) (16, 1.02264728936432236495e-01) (17, -1.77487002515860498031e-02) (18, 4.80350420095646324370e+00) (19, 4.82932712354385795805e+00) (20, 3.33698510000504766637e-01) (21, -5.32357005716045661448e-03) 
