FANN_FLO_2.1
num_layers=3
learning_rate=0.700000
connection_rate=1.000000
network_type=0
learning_momentum=0.000000
training_algorithm=2
train_error_function=1
train_stop_function=1
cascade_output_change_fraction=0.010000
quickprop_decay=-0.000100
quickprop_mu=1.750000
rprop_increase_factor=1.200000
rprop_decrease_factor=0.500000
rprop_delta_min=0.000000
rprop_delta_max=50.000000
rprop_delta_zero=0.100000
cascade_output_stagnation_epochs=12
cascade_candidate_change_fraction=0.010000
cascade_candidate_stagnation_epochs=12
cascade_max_out_epochs=150
cascade_min_out_epochs=50
cascade_max_cand_epochs=150
cascade_min_cand_epochs=50
cascade_num_candidate_groups=2
bit_fail_limit=1.00000000000000005551e-01
cascade_candidate_limit=1.00000000000000000000e+03
cascade_weight_multiplier=4.00000000000000022204e-01
cascade_activation_functions_count=10
cascade_activation_functions=3 5 7 8 10 11 14 15 16 17 
cascade_activation_steepnesses_count=4
cascade_activation_steepnesses=2.50000000000000000000e-01 5.00000000000000000000e-01 7.50000000000000000000e-01 1.00000000000000000000e+00 
layer_sizes=18 4 2 
scale_included=0
neurons (num_inputs, activation_function, activation_steepness)=(0, 0, 0.00000000000000000000e+00) (0, 0, 0.00000000000000000000e+00) (0, 0, 0.00000000000000000000e+00) (0, 0, 0.00000000000000000000e+00) (0, 0, 0.00000000000000000000e+00) (0, 0, 0.00000000000000000000e+00) (0, 0, 0.00000000000000000000e+00) (0, 0, 0.00000000000000000000e+00) (0, 0, 0.00000000000000000000e+00) (0, 0, 0.00000000000000000000e+00) (0, 0, 0.00000000000000000000e+00) (0, 0, 0.00000000000000000000e+00) (0, 0, 0.00000000000000000000e+00) (0, 0, 0.00000000000000000000e+00) (0, 0, 0.00000000000000000000e+00) (0, 0, 0.00000000000000000000e+00) (0, 0, 0.00000000000000000000e+00) (0, 0, 0.00000000000000000000e+00) (18, 6, 5.00000000000000000000e-01) (18, 6, 5.00000000000000000000e-01) (18, 6, 5.00000000000000000000e-01) (0, 6, 0.00000000000000000000e+00) (4, 4, 5.00000000000000000000e-01) (0, 4, 0.00000000000000000000e+00) 
connections (connected_to_neuron, weight)=(0, -1.71369439638936804648e+00) (1, -4.50900935083500531420e+00) (2, 1.74821571209575366002e-01) (3, 3.74285874172516797032e-01) (4, -8.76668678479616492183e-01) (5, 2.92721781078868870107e-01) (6, -3.99566542284377623773e+00) (7, -1.51883634087401575563e+00) (8, -3.55713432303905452425e-01) (9, 7.24204682789851705849e+00) (10, 5.91457862225597974515e+00) (11, -5.30997377656465152640e-01) (12, -4.42140964149137083439e+00) (13, 7.17546591705225056401e-01) (14, -8.64591894314981179726e-01) (15, 7.43240775449924573337e+00) (16, 3.14462368681967918693e-01) (17, 4.07406780460629036611e+00) (0, 2.10550961290147808924e+00) (1, 3.28647617245461232116e+00) (2, 3.91235182544342308120e+00) (3, 4.29848194800890937017e+00) (4, 8.50919168721993024462e+00) (5, 1.58704615941142490598e+00) (6, 1.47284720073789177075e-01) (7, -5.97524495060604632357e+00) (8, 1.20482322026897605838e+01) (9, -9.76693338330099969369e+00) (10, -9.64205701769325074224e+00) (11, 1.53358419348838488361e+01) (12, 3.55484678625383532236e+00) (13, 2.78325340438434798429e+00) (14, 6.69869381772222283189e+00) (15, -9.83791635019864862954e+00) (16, 8.02899680324018372168e-01) (17, -2.92643877888955161737e+00) (0, 1.06430449315807229560e+00) (1, -1.32880068393122712678e+02) (2, -1.71860744351501248950e+00) (3, -2.62449637421690296080e+00) (4, -9.32428454785065774502e+00) (5, 2.25205125552735807570e-01) (6, 2.15225396412890512821e-01) (7, 1.20103982711892705026e+01) (8, -9.99900668477159726422e+00) (9, 2.04508796794334983815e+01) (10, 2.02306503753844957316e+01) (11, -2.79481825179482939348e+02) (12, -1.15489280703794111105e+03) (13, -8.01496988925166187201e-01) (14, -5.55758796079653727418e+00) (15, 2.05382636292546223444e+01) (16, 1.19535454323080814198e+00) (17, 1.07502331525859995409e+00) (18, -1.92167826216989894306e+01) (19, 2.46360890810453305733e+01) (20, 1.86186008775203930554e+01) (21, -8.80132615426692521687e-01) 
