FANN_FLO_2.1
num_layers=3
learning_rate=0.700000
connection_rate=1.000000
network_type=0
learning_momentum=0.000000
training_algorithm=2
train_error_function=1
train_stop_function=1
cascade_output_change_fraction=0.010000
quickprop_decay=-0.000100
quickprop_mu=1.750000
rprop_increase_factor=1.200000
rprop_decrease_factor=0.500000
rprop_delta_min=0.000000
rprop_delta_max=50.000000
rprop_delta_zero=0.100000
cascade_output_stagnation_epochs=12
cascade_candidate_change_fraction=0.010000
cascade_candidate_stagnation_epochs=12
cascade_max_out_epochs=150
cascade_min_out_epochs=50
cascade_max_cand_epochs=150
cascade_min_cand_epochs=50
cascade_num_candidate_groups=2
bit_fail_limit=1.00000000000000005551e-01
cascade_candidate_limit=1.00000000000000000000e+03
cascade_weight_multiplier=4.00000000000000022204e-01
cascade_activation_functions_count=10
cascade_activation_functions=3 5 7 8 10 11 14 15 16 17 
cascade_activation_steepnesses_count=4
cascade_activation_steepnesses=2.50000000000000000000e-01 5.00000000000000000000e-01 7.50000000000000000000e-01 1.00000000000000000000e+00 
layer_sizes=11 4 2 
scale_included=0
neurons (num_inputs, activation_function, activation_steepness)=(0, 0, 0.00000000000000000000e+00) (0, 0, 0.00000000000000000000e+00) (0, 0, 0.00000000000000000000e+00) (0, 0, 0.00000000000000000000e+00) (0, 0, 0.00000000000000000000e+00) (0, 0, 0.00000000000000000000e+00) (0, 0, 0.00000000000000000000e+00) (0, 0, 0.00000000000000000000e+00) (0, 0, 0.00000000000000000000e+00) (0, 0, 0.00000000000000000000e+00) (0, 0, 0.00000000000000000000e+00) (11, 6, 5.00000000000000000000e-01) (11, 6, 5.00000000000000000000e-01) (11, 6, 5.00000000000000000000e-01) (0, 6, 0.00000000000000000000e+00) (4, 4, 5.00000000000000000000e-01) (0, 4, 0.00000000000000000000e+00) 
connections (connected_to_neuron, weight)=(0, 7.65589819341648905038e+01) (1, -8.48494058899587288991e-01) (2, 5.53932131257882147679e+01) (3, 5.21968507694054295598e+01) (4, 3.47854357857104234952e+00) (5, 2.51477633752028822300e+02) (6, 2.09085551172614625415e+00) (7, 8.20294751747221368987e+01) (8, 1.02450328454575037562e-02) (9, 1.58071289522417890439e+00) (10, 7.54263567940355716956e+00) (0, 1.07903063476586358327e+00) (1, 1.98134588884012874388e+00) (2, 9.84352765135528273710e-01) (3, 6.73930347836513399251e-01) (4, -1.66981073581611583201e+00) (5, -3.48887184234161762397e-01) (6, 2.14754279327086106122e+00) (7, 2.55507974384794467326e+00) (8, 2.53259911883955446399e+00) (9, 1.23734438477003294565e+00) (10, -2.77711325490109572911e+00) (0, -9.23009826215933060212e+00) (1, 4.71923588377912928138e+00) (2, 7.17124664411399770358e+00) (3, -9.62845155369968708214e+00) (4, 2.66898489055196808106e-01) (5, -4.08669774908313456763e+01) (6, -8.32367783565406305080e-01) (7, 2.72400688205054120061e+00) (8, -7.35308658181763497019e-01) (9, -4.60065039350651017180e-01) (10, 3.53845680987584110255e+00) (11, -2.80002561396682114747e+00) (12, 6.61530167500632870770e+01) (13, -4.25625879647090812341e+01) (14, -2.65486667490327343799e+00) 
