FANN_FLO_2.1
num_layers=3
learning_rate=0.700000
connection_rate=1.000000
network_type=0
learning_momentum=0.000000
training_algorithm=2
train_error_function=1
train_stop_function=1
cascade_output_change_fraction=0.010000
quickprop_decay=-0.000100
quickprop_mu=1.750000
rprop_increase_factor=1.200000
rprop_decrease_factor=0.500000
rprop_delta_min=0.000000
rprop_delta_max=50.000000
rprop_delta_zero=0.100000
cascade_output_stagnation_epochs=12
cascade_candidate_change_fraction=0.010000
cascade_candidate_stagnation_epochs=12
cascade_max_out_epochs=150
cascade_min_out_epochs=50
cascade_max_cand_epochs=150
cascade_min_cand_epochs=50
cascade_num_candidate_groups=2
bit_fail_limit=1.00000000000000005551e-01
cascade_candidate_limit=1.00000000000000000000e+03
cascade_weight_multiplier=4.00000000000000022204e-01
cascade_activation_functions_count=10
cascade_activation_functions=3 5 7 8 10 11 14 15 16 17 
cascade_activation_steepnesses_count=4
cascade_activation_steepnesses=2.50000000000000000000e-01 5.00000000000000000000e-01 7.50000000000000000000e-01 1.00000000000000000000e+00 
layer_sizes=13 4 2 
scale_included=0
neurons (num_inputs, activation_function, activation_steepness)=(0, 0, 0.00000000000000000000e+00) (0, 0, 0.00000000000000000000e+00) (0, 0, 0.00000000000000000000e+00) (0, 0, 0.00000000000000000000e+00) (0, 0, 0.00000000000000000000e+00) (0, 0, 0.00000000000000000000e+00) (0, 0, 0.00000000000000000000e+00) (0, 0, 0.00000000000000000000e+00) (0, 0, 0.00000000000000000000e+00) (0, 0, 0.00000000000000000000e+00) (0, 0, 0.00000000000000000000e+00) (0, 0, 0.00000000000000000000e+00) (0, 0, 0.00000000000000000000e+00) (13, 6, 5.00000000000000000000e-01) (13, 6, 5.00000000000000000000e-01) (13, 6, 5.00000000000000000000e-01) (0, 6, 0.00000000000000000000e+00) (4, 4, 5.00000000000000000000e-01) (0, 4, 0.00000000000000000000e+00) 
connections (connected_to_neuron, weight)=(0, 1.92549871195574451299e+00) (1, -3.85346811534846267477e+01) (2, -1.26197048253357224645e+00) (3, -2.48134792772819745554e-02) (4, 3.83615089187593419351e-02) (5, 1.68809826663217865672e-01) (6, 4.52011953502847951825e-01) (7, 1.91694468348687113712e-01) (8, 1.85682296410835667722e-01) (9, -1.57543854676656569502e+00) (10, 4.31153363570009062755e+00) (11, 2.15452634479255209499e+01) (12, 1.51619047173745880031e+00) (0, -4.42750940065162001957e+00) (1, 6.44708991352254543017e+02) (2, 1.95596431308317297848e+00) (3, 1.86111084438525566098e-02) (4, 1.08530168993835302027e-01) (5, 9.82682371037859603291e-02) (6, -2.40137534722887513450e-01) (7, -2.97336447392374803034e-01) (8, -3.11490403403637330926e-02) (9, 1.30467283348851115221e+00) (10, -1.03062814945473801842e+00) (11, 6.44650760169858131121e+02) (12, -1.22564845773225483683e+00) (0, -1.64222510136868926622e+00) (1, 4.05086233734659003858e+02) (2, 7.70743504923215305702e-01) (3, 1.37792428788090726144e-01) (4, -1.40984486008731424445e-01) (5, 2.76280528764953209331e-02) (6, -3.67757525468062895779e-02) (7, -1.60568040574885828597e-01) (8, -5.60220291948240814439e-02) (9, 9.14463137205037690514e-01) (10, -2.80395858354263283196e-01) (11, 4.05004626072517680768e+02) (12, -4.83632419075104402761e-01) (13, -1.05890774956444797539e+01) (14, 1.51365989964493827813e+01) (15, 4.55868815054547393828e+00) (16, -9.54829728326814008987e-01) 
