FANN_FLO_2.1
num_layers=3
learning_rate=0.700000
connection_rate=1.000000
network_type=0
learning_momentum=0.000000
training_algorithm=2
train_error_function=1
train_stop_function=1
cascade_output_change_fraction=0.010000
quickprop_decay=-0.000100
quickprop_mu=1.750000
rprop_increase_factor=1.200000
rprop_decrease_factor=0.500000
rprop_delta_min=0.000000
rprop_delta_max=50.000000
rprop_delta_zero=0.100000
cascade_output_stagnation_epochs=12
cascade_candidate_change_fraction=0.010000
cascade_candidate_stagnation_epochs=12
cascade_max_out_epochs=150
cascade_min_out_epochs=50
cascade_max_cand_epochs=150
cascade_min_cand_epochs=50
cascade_num_candidate_groups=2
bit_fail_limit=1.00000000000000005551e-01
cascade_candidate_limit=1.00000000000000000000e+03
cascade_weight_multiplier=4.00000000000000022204e-01
cascade_activation_functions_count=10
cascade_activation_functions=3 5 7 8 10 11 14 15 16 17 
cascade_activation_steepnesses_count=4
cascade_activation_steepnesses=2.50000000000000000000e-01 5.00000000000000000000e-01 7.50000000000000000000e-01 1.00000000000000000000e+00 
layer_sizes=10 4 2 
scale_included=0
neurons (num_inputs, activation_function, activation_steepness)=(0, 0, 0.00000000000000000000e+00) (0, 0, 0.00000000000000000000e+00) (0, 0, 0.00000000000000000000e+00) (0, 0, 0.00000000000000000000e+00) (0, 0, 0.00000000000000000000e+00) (0, 0, 0.00000000000000000000e+00) (0, 0, 0.00000000000000000000e+00) (0, 0, 0.00000000000000000000e+00) (0, 0, 0.00000000000000000000e+00) (0, 0, 0.00000000000000000000e+00) (10, 6, 5.00000000000000000000e-01) (10, 6, 5.00000000000000000000e-01) (10, 6, 5.00000000000000000000e-01) (0, 6, 0.00000000000000000000e+00) (4, 4, 5.00000000000000000000e-01) (0, 4, 0.00000000000000000000e+00) 
connections (connected_to_neuron, weight)=(0, -6.20276203546118232168e-01) (1, 1.29034735441066539252e+00) (2, 3.01834496803809955168e+01) (3, 1.88196414589932858874e-02) (4, -9.24763866358048081118e-01) (5, -4.22071678568711916579e-01) (6, -6.79491191837875763149e-01) (7, 7.88509366133509220775e-02) (8, -3.51638712153499011226e-01) (9, 9.77397818626018155541e-01) (0, 6.95598830832019032755e+00) (1, 2.50782150863502240057e+00) (2, 6.05572760627184436544e+00) (3, 3.04856742319770246397e+00) (4, 2.26213865568564687081e+00) (5, 1.88581886247421359748e+00) (6, 2.04133183811213125836e+00) (7, 3.09599704624905580630e+00) (8, 2.74359166225558315233e+00) (9, -5.63281256621858528177e+00) (0, -9.15763584583327272526e+00) (1, -9.45596191139872210840e+00) (2, -1.41658568385817940083e+00) (3, 6.51971238633844052401e+00) (4, 6.05676725707662466647e+00) (5, 2.00770795405919821874e+00) (6, -4.21020674283165963203e+00) (7, 6.53913458615986176170e+00) (8, 7.19872873316129791021e+00) (9, 5.15420055435480151118e+00) (10, -2.69596226154755918003e+01) (11, 3.26241054722890027051e+01) (12, -6.80346116168665915325e+00) (13, -1.15641079934975055110e+00) 
