FANN_FLO_2.1
num_layers=3
learning_rate=0.700000
connection_rate=1.000000
network_type=0
learning_momentum=0.000000
training_algorithm=2
train_error_function=1
train_stop_function=1
cascade_output_change_fraction=0.010000
quickprop_decay=-0.000100
quickprop_mu=1.750000
rprop_increase_factor=1.200000
rprop_decrease_factor=0.500000
rprop_delta_min=0.000000
rprop_delta_max=50.000000
rprop_delta_zero=0.100000
cascade_output_stagnation_epochs=12
cascade_candidate_change_fraction=0.010000
cascade_candidate_stagnation_epochs=12
cascade_max_out_epochs=150
cascade_min_out_epochs=50
cascade_max_cand_epochs=150
cascade_min_cand_epochs=50
cascade_num_candidate_groups=2
bit_fail_limit=1.00000000000000005551e-01
cascade_candidate_limit=1.00000000000000000000e+03
cascade_weight_multiplier=4.00000000000000022204e-01
cascade_activation_functions_count=10
cascade_activation_functions=3 5 7 8 10 11 14 15 16 17 
cascade_activation_steepnesses_count=4
cascade_activation_steepnesses=2.50000000000000000000e-01 5.00000000000000000000e-01 7.50000000000000000000e-01 1.00000000000000000000e+00 
layer_sizes=8 4 2 
scale_included=0
neurons (num_inputs, activation_function, activation_steepness)=(0, 0, 0.00000000000000000000e+00) (0, 0, 0.00000000000000000000e+00) (0, 0, 0.00000000000000000000e+00) (0, 0, 0.00000000000000000000e+00) (0, 0, 0.00000000000000000000e+00) (0, 0, 0.00000000000000000000e+00) (0, 0, 0.00000000000000000000e+00) (0, 0, 0.00000000000000000000e+00) (8, 6, 5.00000000000000000000e-01) (8, 6, 5.00000000000000000000e-01) (8, 6, 5.00000000000000000000e-01) (0, 6, 0.00000000000000000000e+00) (4, 4, 5.00000000000000000000e-01) (0, 4, 0.00000000000000000000e+00) 
connections (connected_to_neuron, weight)=(0, 6.46710976492480660305e-01) (1, -2.82165636864627589198e-01) (2, -3.34223555635946356634e-01) (3, -2.59107868651564654527e-01) (4, -2.10525490476400484186e-01) (5, -1.84508405979563350208e+00) (6, 1.48951620775254950368e-01) (7, 6.68486307678670454990e-01) (0, -2.92734447507586459380e+00) (1, 2.54561929101419570642e+00) (2, 1.50910904025457903721e+00) (3, -1.22212487711544626201e+00) (4, 3.46410392903732278214e+00) (5, -5.73763942093479528683e-02) (6, -6.45556340324112354345e-01) (7, -3.27062986048541981532e+00) (0, 5.88136218022422219143e-01) (1, -9.02783724864143349853e-02) (2, -3.98955727231042944769e-01) (3, -2.45282969901974734483e-01) (4, -5.91191360469591864479e-01) (5, -1.82894442584206240454e+00) (6, 2.92880647796186277532e-01) (7, 6.15964131525671310108e-01) (8, -7.20056732360948625882e+00) (9, 8.65845465920898931245e+01) (10, -8.42903542127367018111e+01) (11, -2.69619091340171745941e+00) 
