FANN_FLO_2.1
num_layers=3
learning_rate=0.700000
connection_rate=1.000000
network_type=0
learning_momentum=0.000000
training_algorithm=2
train_error_function=1
train_stop_function=1
cascade_output_change_fraction=0.010000
quickprop_decay=-0.000100
quickprop_mu=1.750000
rprop_increase_factor=1.200000
rprop_decrease_factor=0.500000
rprop_delta_min=0.000000
rprop_delta_max=50.000000
rprop_delta_zero=0.100000
cascade_output_stagnation_epochs=12
cascade_candidate_change_fraction=0.010000
cascade_candidate_stagnation_epochs=12
cascade_max_out_epochs=150
cascade_min_out_epochs=50
cascade_max_cand_epochs=150
cascade_min_cand_epochs=50
cascade_num_candidate_groups=2
bit_fail_limit=1.00000000000000005551e-01
cascade_candidate_limit=1.00000000000000000000e+03
cascade_weight_multiplier=4.00000000000000022204e-01
cascade_activation_functions_count=10
cascade_activation_functions=3 5 7 8 10 11 14 15 16 17 
cascade_activation_steepnesses_count=4
cascade_activation_steepnesses=2.50000000000000000000e-01 5.00000000000000000000e-01 7.50000000000000000000e-01 1.00000000000000000000e+00 
layer_sizes=7 4 2 
scale_included=0
neurons (num_inputs, activation_function, activation_steepness)=(0, 0, 0.00000000000000000000e+00) (0, 0, 0.00000000000000000000e+00) (0, 0, 0.00000000000000000000e+00) (0, 0, 0.00000000000000000000e+00) (0, 0, 0.00000000000000000000e+00) (0, 0, 0.00000000000000000000e+00) (0, 0, 0.00000000000000000000e+00) (7, 6, 5.00000000000000000000e-01) (7, 6, 5.00000000000000000000e-01) (7, 6, 5.00000000000000000000e-01) (0, 6, 0.00000000000000000000e+00) (4, 4, 5.00000000000000000000e-01) (0, 4, 0.00000000000000000000e+00) 
connections (connected_to_neuron, weight)=(0, -2.66667090205781498469e+00) (1, -3.35702638594640490055e+01) (2, 2.08126467442875302538e+01) (3, 6.90437623800713708988e+01) (4, -8.65832094563627974182e-01) (5, -9.44066890139220515898e-01) (6, 1.69785198888611743584e+00) (0, -1.07436226725453054520e+00) (1, -3.36544596968425508976e+01) (2, 2.08740577897792256579e+01) (3, 6.90837034599859407535e+01) (4, -1.06806852739506830119e+00) (5, -1.21617829648211994709e+00) (6, 1.41077741852823534963e+00) (0, 2.05550216059877932651e+00) (1, 1.50000000000000000000e+03) (2, 2.63849502122182855146e+01) (3, 2.17478965397352340005e+02) (4, 1.82253288999268958648e+00) (5, 1.64045601283044639729e+00) (6, -2.71693499307576269430e+00) (7, -1.08702418478072679875e+01) (8, -1.33876866226672426308e+01) (9, 1.39989627767148920867e+01) (10, -1.94407616746017009035e+00) 
