FANN_FLO_2.1
num_layers=3
learning_rate=0.700000
connection_rate=1.000000
network_type=0
learning_momentum=0.000000
training_algorithm=2
train_error_function=1
train_stop_function=1
cascade_output_change_fraction=0.010000
quickprop_decay=-0.000100
quickprop_mu=1.750000
rprop_increase_factor=1.200000
rprop_decrease_factor=0.500000
rprop_delta_min=0.000000
rprop_delta_max=50.000000
rprop_delta_zero=0.100000
cascade_output_stagnation_epochs=12
cascade_candidate_change_fraction=0.010000
cascade_candidate_stagnation_epochs=12
cascade_max_out_epochs=150
cascade_min_out_epochs=50
cascade_max_cand_epochs=150
cascade_min_cand_epochs=50
cascade_num_candidate_groups=2
bit_fail_limit=1.00000000000000005551e-01
cascade_candidate_limit=1.00000000000000000000e+03
cascade_weight_multiplier=4.00000000000000022204e-01
cascade_activation_functions_count=10
cascade_activation_functions=3 5 7 8 10 11 14 15 16 17 
cascade_activation_steepnesses_count=4
cascade_activation_steepnesses=2.50000000000000000000e-01 5.00000000000000000000e-01 7.50000000000000000000e-01 1.00000000000000000000e+00 
layer_sizes=9 4 2 
scale_included=0
neurons (num_inputs, activation_function, activation_steepness)=(0, 0, 0.00000000000000000000e+00) (0, 0, 0.00000000000000000000e+00) (0, 0, 0.00000000000000000000e+00) (0, 0, 0.00000000000000000000e+00) (0, 0, 0.00000000000000000000e+00) (0, 0, 0.00000000000000000000e+00) (0, 0, 0.00000000000000000000e+00) (0, 0, 0.00000000000000000000e+00) (0, 0, 0.00000000000000000000e+00) (9, 6, 5.00000000000000000000e-01) (9, 6, 5.00000000000000000000e-01) (9, 6, 5.00000000000000000000e-01) (0, 6, 0.00000000000000000000e+00) (4, 4, 5.00000000000000000000e-01) (0, 4, 0.00000000000000000000e+00) 
connections (connected_to_neuron, weight)=(0, -1.50974780567310107315e+00) (1, 2.36702967466372182770e+00) (2, 1.81866728064506855134e+00) (3, 1.84837322988683522285e-01) (4, -5.51088453918732526504e-02) (5, -5.72521299168668007518e-01) (6, -4.83115427240929928843e-01) (7, -4.51681636318765011850e-01) (8, -1.63868913728905080118e-01) (0, 2.16081493604486940541e+00) (1, -1.77771449188699071087e+00) (2, -1.28802820635575976382e+00) (3, -1.41001512945432372348e+00) (4, 1.52559941930325931869e-01) (5, 5.81437857056565032821e-01) (6, 9.65927984141154993836e-01) (7, 1.01241658213023733026e+00) (8, 3.90394502485699623762e-01) (0, 1.00544977698670869870e+01) (1, -4.03091191566618878284e+00) (2, -3.17301813574585223066e+00) (3, -2.72265079620512784331e+00) (4, 7.14490375263065136124e-01) (5, 3.02259240683642449454e+00) (6, 3.08499096718159737662e+00) (7, 2.16669765944411318870e+00) (8, 2.03567408412575145960e+00) (9, 9.00138218917135191077e-01) (10, -1.10107020411926948000e+00) (11, -7.39273064960607850793e+00) (12, -2.16302375608834740461e+00) 
