FANN_FLO_2.1
num_layers=3
learning_rate=0.700000
connection_rate=1.000000
network_type=0
learning_momentum=0.000000
training_algorithm=2
train_error_function=1
train_stop_function=1
cascade_output_change_fraction=0.010000
quickprop_decay=-0.000100
quickprop_mu=1.750000
rprop_increase_factor=1.200000
rprop_decrease_factor=0.500000
rprop_delta_min=0.000000
rprop_delta_max=50.000000
rprop_delta_zero=0.100000
cascade_output_stagnation_epochs=12
cascade_candidate_change_fraction=0.010000
cascade_candidate_stagnation_epochs=12
cascade_max_out_epochs=150
cascade_min_out_epochs=50
cascade_max_cand_epochs=150
cascade_min_cand_epochs=50
cascade_num_candidate_groups=2
bit_fail_limit=1.00000000000000005551e-01
cascade_candidate_limit=1.00000000000000000000e+03
cascade_weight_multiplier=4.00000000000000022204e-01
cascade_activation_functions_count=10
cascade_activation_functions=3 5 7 8 10 11 14 15 16 17 
cascade_activation_steepnesses_count=4
cascade_activation_steepnesses=2.50000000000000000000e-01 5.00000000000000000000e-01 7.50000000000000000000e-01 1.00000000000000000000e+00 
layer_sizes=9 4 2 
scale_included=0
neurons (num_inputs, activation_function, activation_steepness)=(0, 0, 0.00000000000000000000e+00) (0, 0, 0.00000000000000000000e+00) (0, 0, 0.00000000000000000000e+00) (0, 0, 0.00000000000000000000e+00) (0, 0, 0.00000000000000000000e+00) (0, 0, 0.00000000000000000000e+00) (0, 0, 0.00000000000000000000e+00) (0, 0, 0.00000000000000000000e+00) (0, 0, 0.00000000000000000000e+00) (9, 6, 5.00000000000000000000e-01) (9, 6, 5.00000000000000000000e-01) (9, 6, 5.00000000000000000000e-01) (0, 6, 0.00000000000000000000e+00) (4, 4, 5.00000000000000000000e-01) (0, 4, 0.00000000000000000000e+00) 
connections (connected_to_neuron, weight)=(0, -6.63302330564604858409e+00) (1, 3.52250216911166225131e+00) (2, 2.43033526151859202713e+00) (3, 2.10147149877800387685e+00) (4, -1.20774783754492950893e-01) (5, 1.18117301493403981105e+00) (6, 1.14428926959154675380e+00) (7, 3.01322424180697712170e-01) (8, -3.96999100953913997003e+00) (0, -4.49742058616063111742e+00) (1, 1.76308233569554562159e+00) (2, 1.25912047865146892178e+00) (3, 1.00353742330545481209e+00) (4, -8.42049782618527892231e-02) (5, 5.91849845479137326443e-01) (6, 5.58304194937354947292e-01) (7, 1.09081638783100745571e-01) (8, -1.14584833840383715220e+00) (0, -2.29260010372348166374e-01) (1, 3.33377442074212049228e-01) (2, 7.86822633119449998951e-01) (3, 2.09765729963566405214e-01) (4, 3.89566558045218613859e-01) (5, 2.26030191292509785583e-01) (6, 1.56331921922947314485e-01) (7, 1.85657551398024311951e-01) (8, -1.29045723368266695985e-01) (9, 6.48740169377468411938e+00) (10, 2.35644253819258064908e+00) (11, 5.18997010182757789742e-01) (12, -1.82821590069632611275e+00) 
