FANN_FLO_2.1
num_layers=3
learning_rate=0.700000
connection_rate=1.000000
network_type=0
learning_momentum=0.000000
training_algorithm=2
train_error_function=1
train_stop_function=1
cascade_output_change_fraction=0.010000
quickprop_decay=-0.000100
quickprop_mu=1.750000
rprop_increase_factor=1.200000
rprop_decrease_factor=0.500000
rprop_delta_min=0.000000
rprop_delta_max=50.000000
rprop_delta_zero=0.100000
cascade_output_stagnation_epochs=12
cascade_candidate_change_fraction=0.010000
cascade_candidate_stagnation_epochs=12
cascade_max_out_epochs=150
cascade_min_out_epochs=50
cascade_max_cand_epochs=150
cascade_min_cand_epochs=50
cascade_num_candidate_groups=2
bit_fail_limit=1.00000000000000005551e-01
cascade_candidate_limit=1.00000000000000000000e+03
cascade_weight_multiplier=4.00000000000000022204e-01
cascade_activation_functions_count=10
cascade_activation_functions=3 5 7 8 10 11 14 15 16 17 
cascade_activation_steepnesses_count=4
cascade_activation_steepnesses=2.50000000000000000000e-01 5.00000000000000000000e-01 7.50000000000000000000e-01 1.00000000000000000000e+00 
layer_sizes=6 4 2 
scale_included=0
neurons (num_inputs, activation_function, activation_steepness)=(0, 0, 0.00000000000000000000e+00) (0, 0, 0.00000000000000000000e+00) (0, 0, 0.00000000000000000000e+00) (0, 0, 0.00000000000000000000e+00) (0, 0, 0.00000000000000000000e+00) (0, 0, 0.00000000000000000000e+00) (6, 6, 5.00000000000000000000e-01) (6, 6, 5.00000000000000000000e-01) (6, 6, 5.00000000000000000000e-01) (0, 6, 0.00000000000000000000e+00) (4, 4, 5.00000000000000000000e-01) (0, 4, 0.00000000000000000000e+00) 
connections (connected_to_neuron, weight)=(0, -1.72950864958400907234e+00) (1, -8.09298770686330826152e-01) (2, 2.33980692662911149426e+00) (3, 3.02931407250034645529e+00) (4, 1.12768596396232592127e+01) (5, -8.54701233946015115350e+00) (0, 2.10982354362158563976e-01) (1, -9.27624803397596786603e-01) (2, -9.22766157328627101286e-01) (3, -5.07244071729987422437e-01) (4, 3.50867580645710719356e-01) (5, 5.41194864682333465211e-01) (0, 2.75908121983459952986e+00) (1, 2.40408536891251145562e+00) (2, -1.51493833600047955734e+00) (3, -1.32311451214917008556e+00) (4, -1.01325533724217446974e+01) (5, 5.96932018433764000065e+00) (6, 5.99077720110335221193e+00) (7, -3.20298459669193320565e+01) (8, -4.05161120369901706084e+00) (9, -1.39008170269067865554e+00) 
