FANN_FLO_2.1
num_layers=3
learning_rate=0.700000
connection_rate=1.000000
network_type=0
learning_momentum=0.000000
training_algorithm=2
train_error_function=1
train_stop_function=1
cascade_output_change_fraction=0.010000
quickprop_decay=-0.000100
quickprop_mu=1.750000
rprop_increase_factor=1.200000
rprop_decrease_factor=0.500000
rprop_delta_min=0.000000
rprop_delta_max=50.000000
rprop_delta_zero=0.100000
cascade_output_stagnation_epochs=12
cascade_candidate_change_fraction=0.010000
cascade_candidate_stagnation_epochs=12
cascade_max_out_epochs=150
cascade_min_out_epochs=50
cascade_max_cand_epochs=150
cascade_min_cand_epochs=50
cascade_num_candidate_groups=2
bit_fail_limit=1.00000000000000005551e-01
cascade_candidate_limit=1.00000000000000000000e+03
cascade_weight_multiplier=4.00000000000000022204e-01
cascade_activation_functions_count=10
cascade_activation_functions=3 5 7 8 10 11 14 15 16 17 
cascade_activation_steepnesses_count=4
cascade_activation_steepnesses=2.50000000000000000000e-01 5.00000000000000000000e-01 7.50000000000000000000e-01 1.00000000000000000000e+00 
layer_sizes=11 4 2 
scale_included=0
neurons (num_inputs, activation_function, activation_steepness)=(0, 0, 0.00000000000000000000e+00) (0, 0, 0.00000000000000000000e+00) (0, 0, 0.00000000000000000000e+00) (0, 0, 0.00000000000000000000e+00) (0, 0, 0.00000000000000000000e+00) (0, 0, 0.00000000000000000000e+00) (0, 0, 0.00000000000000000000e+00) (0, 0, 0.00000000000000000000e+00) (0, 0, 0.00000000000000000000e+00) (0, 0, 0.00000000000000000000e+00) (0, 0, 0.00000000000000000000e+00) (11, 6, 5.00000000000000000000e-01) (11, 6, 5.00000000000000000000e-01) (11, 6, 5.00000000000000000000e-01) (0, 6, 0.00000000000000000000e+00) (4, 4, 5.00000000000000000000e-01) (0, 4, 0.00000000000000000000e+00) 
connections (connected_to_neuron, weight)=(0, 1.09177426826730772369e+00) (1, -2.79447632455527061879e-01) (2, 1.97990484079392826955e-02) (3, -1.22611474217647176133e+00) (4, 2.26266014935029929900e-01) (5, -9.95597891021480108087e-01) (6, -1.33233962803082484072e+00) (7, -6.52752865788440050920e-01) (8, -1.66549812794799612092e+00) (9, -1.67816515885400852071e+00) (10, 6.72912337107413827120e-01) (0, 2.17174694603753798416e-01) (1, -6.53941517475232658718e-01) (2, 2.91982138870509194684e-02) (3, -8.02078854601353752329e-01) (4, -1.18016873375379929834e-01) (5, -5.55536664891051579218e-01) (6, -2.14629763711401910786e-01) (7, -7.91607499531039371377e-01) (8, -2.07965080427741505487e-01) (9, -3.12474380628043280073e-01) (10, 5.03434038482991619290e-01) (0, 6.68668633814701873774e+00) (1, -2.56205318796492242939e+00) (2, -2.71188116198131945467e+00) (3, -1.10969291210720655272e+00) (4, 2.05540106595203075912e+00) (5, -1.96072093022481030999e+00) (6, -2.87423204047052127663e+00) (7, -2.58942098613253657291e+00) (8, -3.88144252875807049818e+00) (9, -1.10215436893729012979e+00) (10, 4.62447464466612601086e+00) (11, -1.70910479003637028050e+00) (12, -1.36169766314578222222e+00) (13, -1.21965104101258049241e+02) (14, -2.71167731939169609490e+00) 
