FANN_FLO_2.1
num_layers=3
learning_rate=0.700000
connection_rate=1.000000
network_type=0
learning_momentum=0.000000
training_algorithm=2
train_error_function=1
train_stop_function=1
cascade_output_change_fraction=0.010000
quickprop_decay=-0.000100
quickprop_mu=1.750000
rprop_increase_factor=1.200000
rprop_decrease_factor=0.500000
rprop_delta_min=0.000000
rprop_delta_max=50.000000
rprop_delta_zero=0.100000
cascade_output_stagnation_epochs=12
cascade_candidate_change_fraction=0.010000
cascade_candidate_stagnation_epochs=12
cascade_max_out_epochs=150
cascade_min_out_epochs=50
cascade_max_cand_epochs=150
cascade_min_cand_epochs=50
cascade_num_candidate_groups=2
bit_fail_limit=1.00000000000000005551e-01
cascade_candidate_limit=1.00000000000000000000e+03
cascade_weight_multiplier=4.00000000000000022204e-01
cascade_activation_functions_count=10
cascade_activation_functions=3 5 7 8 10 11 14 15 16 17 
cascade_activation_steepnesses_count=4
cascade_activation_steepnesses=2.50000000000000000000e-01 5.00000000000000000000e-01 7.50000000000000000000e-01 1.00000000000000000000e+00 
layer_sizes=6 4 2 
scale_included=0
neurons (num_inputs, activation_function, activation_steepness)=(0, 0, 0.00000000000000000000e+00) (0, 0, 0.00000000000000000000e+00) (0, 0, 0.00000000000000000000e+00) (0, 0, 0.00000000000000000000e+00) (0, 0, 0.00000000000000000000e+00) (0, 0, 0.00000000000000000000e+00) (6, 6, 5.00000000000000000000e-01) (6, 6, 5.00000000000000000000e-01) (6, 6, 5.00000000000000000000e-01) (0, 6, 0.00000000000000000000e+00) (4, 4, 5.00000000000000000000e-01) (0, 4, 0.00000000000000000000e+00) 
connections (connected_to_neuron, weight)=(0, -2.01942004981183441392e-02) (1, -9.50970614684941151218e-02) (2, -1.16917843312436368908e-02) (3, 6.23889132705248358746e-02) (4, 2.57600070438695094577e-01) (5, 2.98047417880772103072e-01) (0, 3.09033924082753301832e+01) (1, -5.74573577504718358000e+00) (2, 7.91741231471329021119e-01) (3, -7.40803496875698130886e-01) (4, -3.70215497298999762776e+00) (5, -7.34104781867786715388e-01) (0, 4.94181862199678434422e+00) (1, 2.93103777459056136223e+00) (2, 3.75740251671583358473e+00) (3, 9.98675495615970798546e-01) (4, -3.47094694233080314216e-01) (5, -5.51148746622550689267e+00) (6, -5.26957244209479980235e-01) (7, 5.81069876977908084115e+00) (8, 3.11778201937328240945e+01) (9, -1.19529942600666649888e+00) 
