FANN_FLO_2.1
num_layers=3
learning_rate=0.700000
connection_rate=1.000000
network_type=0
learning_momentum=0.000000
training_algorithm=2
train_error_function=1
train_stop_function=1
cascade_output_change_fraction=0.010000
quickprop_decay=-0.000100
quickprop_mu=1.750000
rprop_increase_factor=1.200000
rprop_decrease_factor=0.500000
rprop_delta_min=0.000000
rprop_delta_max=50.000000
rprop_delta_zero=0.100000
cascade_output_stagnation_epochs=12
cascade_candidate_change_fraction=0.010000
cascade_candidate_stagnation_epochs=12
cascade_max_out_epochs=150
cascade_min_out_epochs=50
cascade_max_cand_epochs=150
cascade_min_cand_epochs=50
cascade_num_candidate_groups=2
bit_fail_limit=1.00000000000000005551e-01
cascade_candidate_limit=1.00000000000000000000e+03
cascade_weight_multiplier=4.00000000000000022204e-01
cascade_activation_functions_count=10
cascade_activation_functions=3 5 7 8 10 11 14 15 16 17 
cascade_activation_steepnesses_count=4
cascade_activation_steepnesses=2.50000000000000000000e-01 5.00000000000000000000e-01 7.50000000000000000000e-01 1.00000000000000000000e+00 
layer_sizes=17 4 2 
scale_included=0
neurons (num_inputs, activation_function, activation_steepness)=(0, 0, 0.00000000000000000000e+00) (0, 0, 0.00000000000000000000e+00) (0, 0, 0.00000000000000000000e+00) (0, 0, 0.00000000000000000000e+00) (0, 0, 0.00000000000000000000e+00) (0, 0, 0.00000000000000000000e+00) (0, 0, 0.00000000000000000000e+00) (0, 0, 0.00000000000000000000e+00) (0, 0, 0.00000000000000000000e+00) (0, 0, 0.00000000000000000000e+00) (0, 0, 0.00000000000000000000e+00) (0, 0, 0.00000000000000000000e+00) (0, 0, 0.00000000000000000000e+00) (0, 0, 0.00000000000000000000e+00) (0, 0, 0.00000000000000000000e+00) (0, 0, 0.00000000000000000000e+00) (0, 0, 0.00000000000000000000e+00) (17, 6, 5.00000000000000000000e-01) (17, 6, 5.00000000000000000000e-01) (17, 6, 5.00000000000000000000e-01) (0, 6, 0.00000000000000000000e+00) (4, 4, 5.00000000000000000000e-01) (0, 4, 0.00000000000000000000e+00) 
connections (connected_to_neuron, weight)=(0, -2.16127644893239295731e-01) (1, 2.61217935787842980844e+00) (2, 9.55388565525398369971e+00) (3, -3.12162994048259134772e+00) (4, -6.31187420908190660596e-02) (5, -1.65961372175064514334e-01) (6, 7.81779370269921081160e+00) (7, -3.21556124318825631292e+00) (8, 3.31646997976792035079e-01) (9, 1.75871947149711160829e-01) (10, 9.55245825211436638824e+00) (11, -3.67018572843818446927e+00) (12, -1.50944571616199296749e+00) (13, -7.74313473052555378828e-01) (14, -1.97179093898728763357e+00) (15, -2.05396805358154035948e-02) (16, -9.91779513056135653137e-01) (0, 6.95030313636132879296e-01) (1, 1.04067167903138835250e+00) (2, -1.51392864994761650044e-01) (3, 6.70946214643258875832e-01) (4, 9.91176767618143494953e-02) (5, 1.14378091595390557478e-01) (6, 8.64629588382457403561e-01) (7, 6.14900707369835042293e-01) (8, 6.60756030097417040858e-02) (9, -6.48463532102314943462e-02) (10, 7.54912876976001401275e-01) (11, 8.51849758813554180925e-01) (12, 7.65562520798329648741e-02) (13, -3.21718229739623717833e-02) (14, 2.95578164900731854559e-01) (15, -1.42946744458868985062e-01) (16, -1.37770600406820831196e+00) (0, 4.77864820489581954011e-01) (1, -1.13415079552337005886e+00) (2, 2.64730106780539486966e-01) (3, -2.32146767385305219378e+00) (4, 3.44003364131793776259e-01) (5, 6.46307456336489338788e-01) (6, -6.38801688391054445226e-01) (7, -2.26019529452600753672e+00) (8, -1.20570884153243476633e-01) (9, 3.83435071669747939982e-01) (10, -7.06516975168597571866e-01) (11, -2.06400181634349255688e+00) (12, 4.85516313368369811787e-01) (13, 5.33204411268772826560e-01) (14, 3.45220645731494191200e-01) (15, 1.36027640004522332173e-01) (16, 1.31552561588231919920e+00) (17, 3.63209469649564375970e+00) (18, 5.64509029003575690808e+01) (19, -6.65270227725665108665e+01) (20, -3.93059565227316953795e+00) 
