FANN_FLO_2.1
num_layers=3
learning_rate=0.700000
connection_rate=1.000000
network_type=0
learning_momentum=0.000000
training_algorithm=2
train_error_function=1
train_stop_function=1
cascade_output_change_fraction=0.010000
quickprop_decay=-0.000100
quickprop_mu=1.750000
rprop_increase_factor=1.200000
rprop_decrease_factor=0.500000
rprop_delta_min=0.000000
rprop_delta_max=50.000000
rprop_delta_zero=0.100000
cascade_output_stagnation_epochs=12
cascade_candidate_change_fraction=0.010000
cascade_candidate_stagnation_epochs=12
cascade_max_out_epochs=150
cascade_min_out_epochs=50
cascade_max_cand_epochs=150
cascade_min_cand_epochs=50
cascade_num_candidate_groups=2
bit_fail_limit=1.00000000000000005551e-01
cascade_candidate_limit=1.00000000000000000000e+03
cascade_weight_multiplier=4.00000000000000022204e-01
cascade_activation_functions_count=10
cascade_activation_functions=3 5 7 8 10 11 14 15 16 17 
cascade_activation_steepnesses_count=4
cascade_activation_steepnesses=2.50000000000000000000e-01 5.00000000000000000000e-01 7.50000000000000000000e-01 1.00000000000000000000e+00 
layer_sizes=10 4 2 
scale_included=0
neurons (num_inputs, activation_function, activation_steepness)=(0, 0, 0.00000000000000000000e+00) (0, 0, 0.00000000000000000000e+00) (0, 0, 0.00000000000000000000e+00) (0, 0, 0.00000000000000000000e+00) (0, 0, 0.00000000000000000000e+00) (0, 0, 0.00000000000000000000e+00) (0, 0, 0.00000000000000000000e+00) (0, 0, 0.00000000000000000000e+00) (0, 0, 0.00000000000000000000e+00) (0, 0, 0.00000000000000000000e+00) (10, 6, 5.00000000000000000000e-01) (10, 6, 5.00000000000000000000e-01) (10, 6, 5.00000000000000000000e-01) (0, 6, 0.00000000000000000000e+00) (4, 4, 5.00000000000000000000e-01) (0, 4, 0.00000000000000000000e+00) 
connections (connected_to_neuron, weight)=(0, -2.01133274473742362787e+00) (1, 2.38248662798175780964e+00) (2, 5.16476669611394934023e-01) (3, -1.00019434556012432047e+00) (4, 2.78851754450144539987e+00) (5, -4.29282550376036464712e+00) (6, 5.24952234031618170107e-01) (7, -4.92605148019988503538e-01) (8, -5.38244767251212619108e-01) (9, -6.22370931786755954285e-01) (0, -4.92315873532619130426e-01) (1, 8.39647304651157888600e-01) (2, 2.60718348640714081554e-01) (3, 1.19064204220268907153e-01) (4, 3.86866618619513824573e-01) (5, -4.73990649013843190485e-01) (6, 2.00675162691388547787e-01) (7, -9.40670677985253611553e-02) (8, -5.27315148676934589145e-02) (9, -6.22664083772029863795e-01) (0, -1.74958958916381557280e+00) (1, 2.03799800333450198409e+00) (2, 3.23667570399558568450e-01) (3, -2.45053203453652279631e-01) (4, 9.17594865652233249165e-01) (5, -1.68132307447508533294e+00) (6, 2.68931179689681554290e-01) (7, -1.45768773764592601827e-01) (8, -1.21106884479016657652e-01) (9, -1.92303301998896808422e-01) (10, 8.69415365983557997254e+00) (11, 8.71375475854249237351e-01) (12, 2.56261627090628385517e+00) (13, -7.35706815240704137260e-01) 
