FANN_FLO_2.1
num_layers=3
learning_rate=0.700000
connection_rate=1.000000
network_type=0
learning_momentum=0.000000
training_algorithm=2
train_error_function=1
train_stop_function=1
cascade_output_change_fraction=0.010000
quickprop_decay=-0.000100
quickprop_mu=1.750000
rprop_increase_factor=1.200000
rprop_decrease_factor=0.500000
rprop_delta_min=0.000000
rprop_delta_max=50.000000
rprop_delta_zero=0.100000
cascade_output_stagnation_epochs=12
cascade_candidate_change_fraction=0.010000
cascade_candidate_stagnation_epochs=12
cascade_max_out_epochs=150
cascade_min_out_epochs=50
cascade_max_cand_epochs=150
cascade_min_cand_epochs=50
cascade_num_candidate_groups=2
bit_fail_limit=1.00000000000000005551e-01
cascade_candidate_limit=1.00000000000000000000e+03
cascade_weight_multiplier=4.00000000000000022204e-01
cascade_activation_functions_count=10
cascade_activation_functions=3 5 7 8 10 11 14 15 16 17 
cascade_activation_steepnesses_count=4
cascade_activation_steepnesses=2.50000000000000000000e-01 5.00000000000000000000e-01 7.50000000000000000000e-01 1.00000000000000000000e+00 
layer_sizes=6 4 2 
scale_included=0
neurons (num_inputs, activation_function, activation_steepness)=(0, 0, 0.00000000000000000000e+00) (0, 0, 0.00000000000000000000e+00) (0, 0, 0.00000000000000000000e+00) (0, 0, 0.00000000000000000000e+00) (0, 0, 0.00000000000000000000e+00) (0, 0, 0.00000000000000000000e+00) (6, 6, 5.00000000000000000000e-01) (6, 6, 5.00000000000000000000e-01) (6, 6, 5.00000000000000000000e-01) (0, 6, 0.00000000000000000000e+00) (4, 4, 5.00000000000000000000e-01) (0, 4, 0.00000000000000000000e+00) 
connections (connected_to_neuron, weight)=(0, -1.63442266806029223858e+01) (1, -5.79591336856225680663e+00) (2, 1.82930597224683255675e+00) (3, 3.12226181411194847470e+00) (4, -2.50738355112633692912e+00) (5, 6.62420991901731603946e+00) (0, -1.68493567742483962846e+00) (1, 4.02167348905280519489e+00) (2, -4.30801093951867566934e-02) (3, -6.94235388309840661947e-01) (4, 2.77936042368328584118e+00) (5, -1.32378647772541824246e+00) (0, -1.70882461145413078185e+00) (1, 3.53679827171432359378e+00) (2, -4.57731739060090528359e-02) (3, -6.17250191681820603584e-01) (4, 2.92114890907117974450e+00) (5, -1.25122789680346135910e+00) (6, -1.29416811570450054347e+01) (7, 3.95649846338615196473e+00) (8, 3.97209063612804191834e+00) (9, -8.50366295373245684175e+00) 
