FANN_FLO_2.1
num_layers=3
learning_rate=0.700000
connection_rate=1.000000
network_type=0
learning_momentum=0.000000
training_algorithm=2
train_error_function=1
train_stop_function=1
cascade_output_change_fraction=0.010000
quickprop_decay=-0.000100
quickprop_mu=1.750000
rprop_increase_factor=1.200000
rprop_decrease_factor=0.500000
rprop_delta_min=0.000000
rprop_delta_max=50.000000
rprop_delta_zero=0.100000
cascade_output_stagnation_epochs=12
cascade_candidate_change_fraction=0.010000
cascade_candidate_stagnation_epochs=12
cascade_max_out_epochs=150
cascade_min_out_epochs=50
cascade_max_cand_epochs=150
cascade_min_cand_epochs=50
cascade_num_candidate_groups=2
bit_fail_limit=1.00000000000000005551e-01
cascade_candidate_limit=1.00000000000000000000e+03
cascade_weight_multiplier=4.00000000000000022204e-01
cascade_activation_functions_count=10
cascade_activation_functions=3 5 7 8 10 11 14 15 16 17 
cascade_activation_steepnesses_count=4
cascade_activation_steepnesses=2.50000000000000000000e-01 5.00000000000000000000e-01 7.50000000000000000000e-01 1.00000000000000000000e+00 
layer_sizes=9 4 2 
scale_included=0
neurons (num_inputs, activation_function, activation_steepness)=(0, 0, 0.00000000000000000000e+00) (0, 0, 0.00000000000000000000e+00) (0, 0, 0.00000000000000000000e+00) (0, 0, 0.00000000000000000000e+00) (0, 0, 0.00000000000000000000e+00) (0, 0, 0.00000000000000000000e+00) (0, 0, 0.00000000000000000000e+00) (0, 0, 0.00000000000000000000e+00) (0, 0, 0.00000000000000000000e+00) (9, 6, 5.00000000000000000000e-01) (9, 6, 5.00000000000000000000e-01) (9, 6, 5.00000000000000000000e-01) (0, 6, 0.00000000000000000000e+00) (4, 4, 5.00000000000000000000e-01) (0, 4, 0.00000000000000000000e+00) 
connections (connected_to_neuron, weight)=(0, 9.48650971499659867447e+00) (1, 6.81680651628218670091e-01) (2, -5.85911864100188584104e+00) (3, -2.08315725214076934435e+01) (4, -3.03457284695285378628e-01) (5, -8.94824069172238001357e-01) (6, -9.25897594720219263564e-01) (7, 1.02375015914554640117e-01) (8, 2.29121461635690426561e+00) (0, -6.28961173406508144978e+00) (1, 4.61569137129623285887e+00) (2, 3.29761330267368313329e+00) (3, 1.62537183522650896528e+00) (4, -1.62564205244050330457e+00) (5, 9.12325372628870367997e-01) (6, 9.83612054668369650834e-01) (7, -1.63851592555508918103e+00) (8, -3.69671073805205940843e+00) (0, 3.45100746422864261831e+01) (1, -8.41368392670600862004e+00) (2, 1.28599474845600134643e+01) (3, 2.44992425279934877835e+00) (4, 5.69204060606045381121e+00) (5, 1.75798227225496583870e+00) (6, 1.23457232751479417665e+00) (7, 4.81519401913840372487e+00) (8, 8.56189289150599819322e+00) (9, -2.04119721309225443662e+00) (10, 5.59175630911308374493e+00) (11, -1.49714165542800570208e+00) (12, -1.59885437872676350324e+00) 
