FANN_FLO_2.1
num_layers=3
learning_rate=0.700000
connection_rate=1.000000
network_type=0
learning_momentum=0.000000
training_algorithm=2
train_error_function=1
train_stop_function=1
cascade_output_change_fraction=0.010000
quickprop_decay=-0.000100
quickprop_mu=1.750000
rprop_increase_factor=1.200000
rprop_decrease_factor=0.500000
rprop_delta_min=0.000000
rprop_delta_max=50.000000
rprop_delta_zero=0.100000
cascade_output_stagnation_epochs=12
cascade_candidate_change_fraction=0.010000
cascade_candidate_stagnation_epochs=12
cascade_max_out_epochs=150
cascade_min_out_epochs=50
cascade_max_cand_epochs=150
cascade_min_cand_epochs=50
cascade_num_candidate_groups=2
bit_fail_limit=1.00000000000000005551e-01
cascade_candidate_limit=1.00000000000000000000e+03
cascade_weight_multiplier=4.00000000000000022204e-01
cascade_activation_functions_count=10
cascade_activation_functions=3 5 7 8 10 11 14 15 16 17 
cascade_activation_steepnesses_count=4
cascade_activation_steepnesses=2.50000000000000000000e-01 5.00000000000000000000e-01 7.50000000000000000000e-01 1.00000000000000000000e+00 
layer_sizes=17 4 2 
scale_included=0
neurons (num_inputs, activation_function, activation_steepness)=(0, 0, 0.00000000000000000000e+00) (0, 0, 0.00000000000000000000e+00) (0, 0, 0.00000000000000000000e+00) (0, 0, 0.00000000000000000000e+00) (0, 0, 0.00000000000000000000e+00) (0, 0, 0.00000000000000000000e+00) (0, 0, 0.00000000000000000000e+00) (0, 0, 0.00000000000000000000e+00) (0, 0, 0.00000000000000000000e+00) (0, 0, 0.00000000000000000000e+00) (0, 0, 0.00000000000000000000e+00) (0, 0, 0.00000000000000000000e+00) (0, 0, 0.00000000000000000000e+00) (0, 0, 0.00000000000000000000e+00) (0, 0, 0.00000000000000000000e+00) (0, 0, 0.00000000000000000000e+00) (0, 0, 0.00000000000000000000e+00) (17, 6, 5.00000000000000000000e-01) (17, 6, 5.00000000000000000000e-01) (17, 6, 5.00000000000000000000e-01) (0, 6, 0.00000000000000000000e+00) (4, 4, 5.00000000000000000000e-01) (0, 4, 0.00000000000000000000e+00) 
connections (connected_to_neuron, weight)=(0, -2.35669481306065264903e+00) (1, 2.63836729469612762955e+00) (2, 4.34976451189697410626e+00) (3, -8.11446086543997635587e-01) (4, 8.78346514764010224963e-03) (5, 2.27645553097163749756e-01) (6, 9.58070438218652647988e-02) (7, 1.62471317705302431555e+00) (8, 1.71780125464440813765e+00) (9, -2.72565300979324254271e+00) (10, 3.74950029646410243345e+00) (11, -4.03047057730652247276e-01) (12, 2.53625048301981514953e-01) (13, -7.70462129771674608669e-01) (14, 1.60767309396677693378e+00) (15, 3.81775329742105951070e+00) (16, -2.66394562447752836221e+00) (0, 3.85025834988881898724e+00) (1, 3.50723079010329596983e+00) (2, -3.52092921059014818397e+00) (3, 1.70546921135451934326e+00) (4, 9.85860649728415583404e-01) (5, 6.89715184340508491445e-01) (6, 8.37244758392431953631e-01) (7, -1.21079991328040081910e+00) (8, -5.02451637339985079933e+00) (9, -9.08544396885743132941e+00) (10, -1.90005925276166487414e+00) (11, -9.51711027170589396462e+00) (12, 7.88594161204082211292e-01) (13, 1.98277129469008261964e+00) (14, 3.45100802650305016339e-01) (15, -1.82513037762366803207e+00) (16, 5.03469353690096710352e+00) (0, -1.10324198345872037663e+00) (1, 6.67097764768470824492e+00) (2, -9.36859305948535281416e-01) (3, -2.11714506296101889760e-01) (4, -1.61469321368100438008e-01) (5, -5.61329619553100012119e-01) (6, -3.94713208309245222605e-01) (7, -1.16813452998510713954e+00) (8, 3.47324289739683500500e+00) (9, 5.69495560098565256624e+00) (10, 9.44626119329401880975e-01) (11, 5.63445615112577868899e+00) (12, -3.91429269352622177802e-01) (13, -3.77366938607969548691e-01) (14, -4.91462438684788505139e-01) (15, 2.23266598721574227593e-01) (16, -1.01534377809524833935e+00) (17, 2.54725782298080858368e+01) (18, -1.56338877023397273547e+01) (19, 3.89017786876932225582e+00) (20, -1.03478433299039385140e+00) 
