FANN_FLO_2.1
num_layers=3
learning_rate=0.700000
connection_rate=1.000000
network_type=0
learning_momentum=0.000000
training_algorithm=2
train_error_function=1
train_stop_function=1
cascade_output_change_fraction=0.010000
quickprop_decay=-0.000100
quickprop_mu=1.750000
rprop_increase_factor=1.200000
rprop_decrease_factor=0.500000
rprop_delta_min=0.000000
rprop_delta_max=50.000000
rprop_delta_zero=0.100000
cascade_output_stagnation_epochs=12
cascade_candidate_change_fraction=0.010000
cascade_candidate_stagnation_epochs=12
cascade_max_out_epochs=150
cascade_min_out_epochs=50
cascade_max_cand_epochs=150
cascade_min_cand_epochs=50
cascade_num_candidate_groups=2
bit_fail_limit=1.00000000000000005551e-01
cascade_candidate_limit=1.00000000000000000000e+03
cascade_weight_multiplier=4.00000000000000022204e-01
cascade_activation_functions_count=10
cascade_activation_functions=3 5 7 8 10 11 14 15 16 17 
cascade_activation_steepnesses_count=4
cascade_activation_steepnesses=2.50000000000000000000e-01 5.00000000000000000000e-01 7.50000000000000000000e-01 1.00000000000000000000e+00 
layer_sizes=17 4 2 
scale_included=0
neurons (num_inputs, activation_function, activation_steepness)=(0, 0, 0.00000000000000000000e+00) (0, 0, 0.00000000000000000000e+00) (0, 0, 0.00000000000000000000e+00) (0, 0, 0.00000000000000000000e+00) (0, 0, 0.00000000000000000000e+00) (0, 0, 0.00000000000000000000e+00) (0, 0, 0.00000000000000000000e+00) (0, 0, 0.00000000000000000000e+00) (0, 0, 0.00000000000000000000e+00) (0, 0, 0.00000000000000000000e+00) (0, 0, 0.00000000000000000000e+00) (0, 0, 0.00000000000000000000e+00) (0, 0, 0.00000000000000000000e+00) (0, 0, 0.00000000000000000000e+00) (0, 0, 0.00000000000000000000e+00) (0, 0, 0.00000000000000000000e+00) (0, 0, 0.00000000000000000000e+00) (17, 6, 5.00000000000000000000e-01) (17, 6, 5.00000000000000000000e-01) (17, 6, 5.00000000000000000000e-01) (0, 6, 0.00000000000000000000e+00) (4, 4, 5.00000000000000000000e-01) (0, 4, 0.00000000000000000000e+00) 
connections (connected_to_neuron, weight)=(0, 2.57201694028613037091e+00) (1, 2.70046328885600095404e+00) (2, -1.81538779236296954345e+00) (3, 2.06972046621544603084e+00) (4, -2.39105845274240191856e+00) (5, 1.77923195839456416145e+00) (6, 3.17667125639733693987e+00) (7, -4.43952428594953918406e+00) (8, -2.09307370833410599786e+00) (9, -5.39438404491938605645e+00) (10, 1.72120917834186104578e+00) (11, 1.29012121399352297502e+00) (12, 1.57571544564707455294e+00) (13, -2.09283109918026966056e+00) (14, 1.71672497314670513546e+00) (15, 1.71424752537282532039e+00) (16, 3.30154309180644789379e+00) (0, -8.26508528462997049679e-01) (1, 5.86789866708549201491e+00) (2, -2.16023116837672723989e+00) (3, -8.99024835451770476524e-01) (4, -1.80387566673778132476e+00) (5, -5.42314220041651307014e-01) (6, -5.62360749626943046131e-01) (7, 1.79430604438313445748e+00) (8, 2.70798323128252516057e+00) (9, 5.49155593441296563384e+00) (10, -1.90723501153913843620e-01) (11, -2.98067926522411173751e-02) (12, -1.59143071566626354008e-01) (13, -1.70707165317273101834e+00) (14, -2.01426465009257177341e-01) (15, -4.40176051701913706449e-01) (16, -1.40527730793609140214e+00) (0, -5.88921101490726295324e-01) (1, 2.10379962413361820683e-01) (2, 7.92512728491402018705e+00) (3, -6.27067603523899924634e-02) (4, 8.16352056068340914408e+00) (5, -4.27524191856373414478e-01) (6, 3.68823225352835903923e-02) (7, 9.61316406141002888219e-01) (8, -1.36557461979469763058e+00) (9, -1.66621610707056966305e+00) (10, 6.64386099478930375328e-02) (11, 6.05678059059196471914e-02) (12, 7.12467230754905422874e-02) (13, 7.84017680016392048969e+00) (14, 1.74278343310090955143e-01) (15, -5.45020172689752335771e-01) (16, -2.52022440531070479608e+00) (17, -4.93495220378924770444e+00) (18, 5.28647548400243749711e+00) (19, 7.23117900653780942832e+00) (20, -1.25947115598316128349e+00) 
