FANN_FLO_2.1
num_layers=3
learning_rate=0.700000
connection_rate=1.000000
network_type=0
learning_momentum=0.000000
training_algorithm=2
train_error_function=1
train_stop_function=1
cascade_output_change_fraction=0.010000
quickprop_decay=-0.000100
quickprop_mu=1.750000
rprop_increase_factor=1.200000
rprop_decrease_factor=0.500000
rprop_delta_min=0.000000
rprop_delta_max=50.000000
rprop_delta_zero=0.100000
cascade_output_stagnation_epochs=12
cascade_candidate_change_fraction=0.010000
cascade_candidate_stagnation_epochs=12
cascade_max_out_epochs=150
cascade_min_out_epochs=50
cascade_max_cand_epochs=150
cascade_min_cand_epochs=50
cascade_num_candidate_groups=2
bit_fail_limit=1.00000000000000005551e-01
cascade_candidate_limit=1.00000000000000000000e+03
cascade_weight_multiplier=4.00000000000000022204e-01
cascade_activation_functions_count=10
cascade_activation_functions=3 5 7 8 10 11 14 15 16 17 
cascade_activation_steepnesses_count=4
cascade_activation_steepnesses=2.50000000000000000000e-01 5.00000000000000000000e-01 7.50000000000000000000e-01 1.00000000000000000000e+00 
layer_sizes=17 4 2 
scale_included=0
neurons (num_inputs, activation_function, activation_steepness)=(0, 0, 0.00000000000000000000e+00) (0, 0, 0.00000000000000000000e+00) (0, 0, 0.00000000000000000000e+00) (0, 0, 0.00000000000000000000e+00) (0, 0, 0.00000000000000000000e+00) (0, 0, 0.00000000000000000000e+00) (0, 0, 0.00000000000000000000e+00) (0, 0, 0.00000000000000000000e+00) (0, 0, 0.00000000000000000000e+00) (0, 0, 0.00000000000000000000e+00) (0, 0, 0.00000000000000000000e+00) (0, 0, 0.00000000000000000000e+00) (0, 0, 0.00000000000000000000e+00) (0, 0, 0.00000000000000000000e+00) (0, 0, 0.00000000000000000000e+00) (0, 0, 0.00000000000000000000e+00) (0, 0, 0.00000000000000000000e+00) (17, 6, 5.00000000000000000000e-01) (17, 6, 5.00000000000000000000e-01) (17, 6, 5.00000000000000000000e-01) (0, 6, 0.00000000000000000000e+00) (4, 4, 5.00000000000000000000e-01) (0, 4, 0.00000000000000000000e+00) 
connections (connected_to_neuron, weight)=(0, 2.33782393655912112962e+00) (1, 3.23379644356279838391e+00) (2, -1.92161137254863123580e+00) (3, 1.86711941264684866404e+00) (4, 1.39612726998001890344e+00) (5, 1.32795944940716559302e+00) (6, 1.99979201414397822489e+00) (7, -1.03617187060927644637e+01) (8, -1.21339780094720528503e+00) (9, 1.77720370408619676716e+00) (10, -1.49945912654794977215e+00) (11, 2.63041512337446903302e+00) (12, -6.10796529240452645837e+00) (13, -7.24438713112681931250e+00) (14, 1.12112082935188350774e+00) (15, 1.83328323210861432457e+00) (16, 4.49198196408297256710e+00) (0, 3.02795242087537896936e+00) (1, 2.26187119606926723137e+00) (2, -4.20487717577863584495e+00) (3, 1.92981190524989498769e+00) (4, 2.29553057547333461130e+00) (5, 2.34099771626312991302e+00) (6, 2.76050721453287062346e+00) (7, -1.05651564894972125330e+01) (8, -3.88080621347398668775e+00) (9, 2.50182875592042197610e+00) (10, -4.21577131758981415999e+00) (11, 4.00703393217589542985e+00) (12, -8.08104773258142827785e+00) (13, -4.51216221913409665234e+00) (14, 2.34642402918327697137e+00) (15, 1.78753379138653056835e+00) (16, 5.41636278587961772502e+00) (0, 1.99527970890267525306e-03) (1, 2.60400481213962198268e+00) (2, 3.58758775753346137449e+00) (3, -6.17400184915851912848e-01) (4, 2.65145645083278702625e-01) (5, -1.27570780392140009640e-01) (6, -1.06108363846116562912e-01) (7, -2.59078857921622829341e-01) (8, 3.21021746608498359521e+00) (9, 2.42637204426256081202e-01) (10, 3.19501241124128698701e+00) (11, 1.30368985937711311107e-03) (12, 8.91636183131797266377e-01) (13, -1.13624949615359827071e+00) (14, -1.20293973390420569358e-01) (15, -6.24394569799850640557e-01) (16, -2.32752428745261630283e+00) (17, -7.31076791613098819766e+00) (18, -1.32889925801917474502e+01) (19, 3.51870369375432332504e+01) (20, 1.60980170999479088589e-01) 
