FANN_FLO_2.1
num_layers=3
learning_rate=0.700000
connection_rate=1.000000
network_type=0
learning_momentum=0.000000
training_algorithm=2
train_error_function=1
train_stop_function=1
cascade_output_change_fraction=0.010000
quickprop_decay=-0.000100
quickprop_mu=1.750000
rprop_increase_factor=1.200000
rprop_decrease_factor=0.500000
rprop_delta_min=0.000000
rprop_delta_max=50.000000
rprop_delta_zero=0.100000
cascade_output_stagnation_epochs=12
cascade_candidate_change_fraction=0.010000
cascade_candidate_stagnation_epochs=12
cascade_max_out_epochs=150
cascade_min_out_epochs=50
cascade_max_cand_epochs=150
cascade_min_cand_epochs=50
cascade_num_candidate_groups=2
bit_fail_limit=1.00000000000000005551e-01
cascade_candidate_limit=1.00000000000000000000e+03
cascade_weight_multiplier=4.00000000000000022204e-01
cascade_activation_functions_count=10
cascade_activation_functions=3 5 7 8 10 11 14 15 16 17 
cascade_activation_steepnesses_count=4
cascade_activation_steepnesses=2.50000000000000000000e-01 5.00000000000000000000e-01 7.50000000000000000000e-01 1.00000000000000000000e+00 
layer_sizes=18 4 2 
scale_included=0
neurons (num_inputs, activation_function, activation_steepness)=(0, 0, 0.00000000000000000000e+00) (0, 0, 0.00000000000000000000e+00) (0, 0, 0.00000000000000000000e+00) (0, 0, 0.00000000000000000000e+00) (0, 0, 0.00000000000000000000e+00) (0, 0, 0.00000000000000000000e+00) (0, 0, 0.00000000000000000000e+00) (0, 0, 0.00000000000000000000e+00) (0, 0, 0.00000000000000000000e+00) (0, 0, 0.00000000000000000000e+00) (0, 0, 0.00000000000000000000e+00) (0, 0, 0.00000000000000000000e+00) (0, 0, 0.00000000000000000000e+00) (0, 0, 0.00000000000000000000e+00) (0, 0, 0.00000000000000000000e+00) (0, 0, 0.00000000000000000000e+00) (0, 0, 0.00000000000000000000e+00) (0, 0, 0.00000000000000000000e+00) (18, 6, 5.00000000000000000000e-01) (18, 6, 5.00000000000000000000e-01) (18, 6, 5.00000000000000000000e-01) (0, 6, 0.00000000000000000000e+00) (4, 4, 5.00000000000000000000e-01) (0, 4, 0.00000000000000000000e+00) 
connections (connected_to_neuron, weight)=(0, -8.04529658346755383036e-02) (1, 5.39338523948537429398e-01) (2, 4.16994543715513921178e-01) (3, 3.60033108688445291357e-01) (4, 1.02180093581395112223e-02) (5, 2.86557051844198107382e-01) (6, 1.71629638999737998972e+01) (7, 1.35325376191513901958e+00) (8, 2.56257123407569231688e+00) (9, -4.53294407444155486586e-02) (10, 3.25642335719663500448e-01) (11, 2.57278110739436449705e+00) (12, 1.75507454145253649624e-01) (13, 4.83675998126058964699e-03) (14, -1.78191033324116079872e-02) (15, 2.17935291369701511499e+00) (16, -4.35940336217961021958e-01) (17, -1.10711305051385433540e-01) (0, -1.57902747333253401507e+00) (1, 1.18213655269346418208e+00) (2, 2.01878603553534041737e+00) (3, 1.41625675652000593274e+00) (4, -7.29352026250885021597e-01) (5, -1.89853812486696610362e-01) (6, 9.83598943531135887497e+01) (7, 1.55780875292705989210e+00) (8, 1.98945593284812183299e+00) (9, -6.24383082190135829670e-01) (10, -9.27081716946790701517e-02) (11, 1.96791596161570758738e+00) (12, 5.38001343412157995161e-01) (13, -4.01669873589911352596e-01) (14, -3.21416320692882173660e-01) (15, 2.18224180243795462530e+00) (16, -2.89511833875796820159e-01) (17, -1.69008454621041792620e+00) (0, -1.64228828564489859332e+00) (1, 1.36784619307718458003e+00) (2, 1.95149981981277953480e+00) (3, 1.35735616180870222180e+00) (4, -7.56268764850423824697e-01) (5, -1.19903719902801908503e-01) (6, 9.83791896730284065598e+01) (7, 1.51915115472959971754e+00) (8, 2.05683613019433231273e+00) (9, -6.28124480643848293049e-01) (10, -1.56923042028350667731e-01) (11, 2.08071582960334033885e+00) (12, 6.43152214390990240034e-01) (13, -2.90310437524952780208e-01) (14, -3.63720747124538057449e-01) (15, 2.26417831830566473883e+00) (16, -2.89876316278598333831e-01) (17, -1.67868526965583342303e+00) (18, 6.38822155944586689280e-01) (19, 1.93738649874164927667e+01) (20, 1.93201172589495051568e+01) (21, -1.93539121239256495244e+00) 
