FANN_FLO_2.1
num_layers=3
learning_rate=0.700000
connection_rate=1.000000
network_type=0
learning_momentum=0.000000
training_algorithm=2
train_error_function=1
train_stop_function=1
cascade_output_change_fraction=0.010000
quickprop_decay=-0.000100
quickprop_mu=1.750000
rprop_increase_factor=1.200000
rprop_decrease_factor=0.500000
rprop_delta_min=0.000000
rprop_delta_max=50.000000
rprop_delta_zero=0.100000
cascade_output_stagnation_epochs=12
cascade_candidate_change_fraction=0.010000
cascade_candidate_stagnation_epochs=12
cascade_max_out_epochs=150
cascade_min_out_epochs=50
cascade_max_cand_epochs=150
cascade_min_cand_epochs=50
cascade_num_candidate_groups=2
bit_fail_limit=1.00000000000000005551e-01
cascade_candidate_limit=1.00000000000000000000e+03
cascade_weight_multiplier=4.00000000000000022204e-01
cascade_activation_functions_count=10
cascade_activation_functions=3 5 7 8 10 11 14 15 16 17 
cascade_activation_steepnesses_count=4
cascade_activation_steepnesses=2.50000000000000000000e-01 5.00000000000000000000e-01 7.50000000000000000000e-01 1.00000000000000000000e+00 
layer_sizes=11 4 2 
scale_included=0
neurons (num_inputs, activation_function, activation_steepness)=(0, 0, 0.00000000000000000000e+00) (0, 0, 0.00000000000000000000e+00) (0, 0, 0.00000000000000000000e+00) (0, 0, 0.00000000000000000000e+00) (0, 0, 0.00000000000000000000e+00) (0, 0, 0.00000000000000000000e+00) (0, 0, 0.00000000000000000000e+00) (0, 0, 0.00000000000000000000e+00) (0, 0, 0.00000000000000000000e+00) (0, 0, 0.00000000000000000000e+00) (0, 0, 0.00000000000000000000e+00) (11, 6, 5.00000000000000000000e-01) (11, 6, 5.00000000000000000000e-01) (11, 6, 5.00000000000000000000e-01) (0, 6, 0.00000000000000000000e+00) (4, 4, 5.00000000000000000000e-01) (0, 4, 0.00000000000000000000e+00) 
connections (connected_to_neuron, weight)=(0, 4.11334351578831802776e-01) (1, -4.67205232615288179598e-01) (2, -6.87054017482893481655e-03) (3, -7.88093425161948468727e-01) (4, 1.11352860255881047635e+00) (5, -2.21266361097949004755e-01) (6, -5.26970386697303672108e-01) (7, -1.31306266637242519124e+00) (8, -1.10614917423658609685e+00) (9, -2.58229326076490028896e+00) (10, 1.12570842674533308503e-01) (0, 7.30995892457880369619e+00) (1, -1.29766875654205393609e+00) (2, -5.71728301485530221449e-01) (3, -9.90870932644082214047e-01) (4, 2.61274182538119958963e+00) (5, -1.07175452262044732521e+01) (6, -1.03560398138659763845e+01) (7, -5.21863338536324050665e+00) (8, -4.70171765650113737678e+00) (9, -8.05744924416250896115e+00) (10, 7.10641179478212592358e+00) (0, -5.57273401430026815717e+00) (1, 3.79359735892457194950e+00) (2, 1.97595997772528519931e+00) (3, 1.73246577856355798986e+00) (4, -4.23608199627660919617e+00) (5, 2.25607513926344527277e+00) (6, 3.05310012204594549701e+00) (7, 2.61993239221991780497e+00) (8, 4.03337301525259761537e-01) (9, 1.58568183452095223807e+00) (10, -4.94693574112249123687e+00) (11, -1.05553753242478043362e+00) (12, -2.53475610801062334332e+00) (13, 1.21806406916673964247e+02) (14, -1.55018018873549201508e+00) 
