FANN_FLO_2.1
num_layers=3
learning_rate=0.700000
connection_rate=1.000000
network_type=0
learning_momentum=0.000000
training_algorithm=2
train_error_function=1
train_stop_function=1
cascade_output_change_fraction=0.010000
quickprop_decay=-0.000100
quickprop_mu=1.750000
rprop_increase_factor=1.200000
rprop_decrease_factor=0.500000
rprop_delta_min=0.000000
rprop_delta_max=50.000000
rprop_delta_zero=0.100000
cascade_output_stagnation_epochs=12
cascade_candidate_change_fraction=0.010000
cascade_candidate_stagnation_epochs=12
cascade_max_out_epochs=150
cascade_min_out_epochs=50
cascade_max_cand_epochs=150
cascade_min_cand_epochs=50
cascade_num_candidate_groups=2
bit_fail_limit=1.00000000000000005551e-01
cascade_candidate_limit=1.00000000000000000000e+03
cascade_weight_multiplier=4.00000000000000022204e-01
cascade_activation_functions_count=10
cascade_activation_functions=3 5 7 8 10 11 14 15 16 17 
cascade_activation_steepnesses_count=4
cascade_activation_steepnesses=2.50000000000000000000e-01 5.00000000000000000000e-01 7.50000000000000000000e-01 1.00000000000000000000e+00 
layer_sizes=9 4 2 
scale_included=0
neurons (num_inputs, activation_function, activation_steepness)=(0, 0, 0.00000000000000000000e+00) (0, 0, 0.00000000000000000000e+00) (0, 0, 0.00000000000000000000e+00) (0, 0, 0.00000000000000000000e+00) (0, 0, 0.00000000000000000000e+00) (0, 0, 0.00000000000000000000e+00) (0, 0, 0.00000000000000000000e+00) (0, 0, 0.00000000000000000000e+00) (0, 0, 0.00000000000000000000e+00) (9, 6, 5.00000000000000000000e-01) (9, 6, 5.00000000000000000000e-01) (9, 6, 5.00000000000000000000e-01) (0, 6, 0.00000000000000000000e+00) (4, 4, 5.00000000000000000000e-01) (0, 4, 0.00000000000000000000e+00) 
connections (connected_to_neuron, weight)=(0, -5.65672049910655072580e+00) (1, 1.64869395949513930510e+00) (2, 1.84121433982291304865e+00) (3, 1.06276112888179841143e+00) (4, -5.16658691569754635609e-03) (5, -1.31319003241402443294e+00) (6, -1.36481475146753128413e+00) (7, -1.27903765129191215877e+00) (8, -1.13694826909611945709e+00) (0, -1.06588268199378166656e+00) (1, 4.72807842455037097285e-01) (2, 3.87516603636928469445e-01) (3, 8.03686917784482091065e-01) (4, 2.20973448718766340981e-01) (5, -1.40498019042043909010e+00) (6, -7.83765772013669814733e-01) (7, -7.67647245554929580358e-01) (8, -1.25145668119611752633e-01) (0, 4.71997793414143629320e+00) (1, -2.35515717741436425570e+00) (2, -1.34477263551481662773e+00) (3, -8.79629889404849762968e-01) (4, -1.90679975874074369990e-01) (5, 1.63879369006725328362e+00) (6, 1.53005772636505144035e+00) (7, 1.62282539711566942131e+00) (8, 1.19938634735663351982e+00) (9, 7.63694171610076111278e+00) (10, 2.92040642402057237792e-01) (11, -7.20648164803012480917e+00) (12, -7.80633871891598940529e-01) 
