FANN_FLO_2.1
num_layers=3
learning_rate=0.700000
connection_rate=1.000000
network_type=0
learning_momentum=0.000000
training_algorithm=2
train_error_function=1
train_stop_function=1
cascade_output_change_fraction=0.010000
quickprop_decay=-0.000100
quickprop_mu=1.750000
rprop_increase_factor=1.200000
rprop_decrease_factor=0.500000
rprop_delta_min=0.000000
rprop_delta_max=50.000000
rprop_delta_zero=0.100000
cascade_output_stagnation_epochs=12
cascade_candidate_change_fraction=0.010000
cascade_candidate_stagnation_epochs=12
cascade_max_out_epochs=150
cascade_min_out_epochs=50
cascade_max_cand_epochs=150
cascade_min_cand_epochs=50
cascade_num_candidate_groups=2
bit_fail_limit=1.00000000000000005551e-01
cascade_candidate_limit=1.00000000000000000000e+03
cascade_weight_multiplier=4.00000000000000022204e-01
cascade_activation_functions_count=10
cascade_activation_functions=3 5 7 8 10 11 14 15 16 17 
cascade_activation_steepnesses_count=4
cascade_activation_steepnesses=2.50000000000000000000e-01 5.00000000000000000000e-01 7.50000000000000000000e-01 1.00000000000000000000e+00 
layer_sizes=9 4 2 
scale_included=0
neurons (num_inputs, activation_function, activation_steepness)=(0, 0, 0.00000000000000000000e+00) (0, 0, 0.00000000000000000000e+00) (0, 0, 0.00000000000000000000e+00) (0, 0, 0.00000000000000000000e+00) (0, 0, 0.00000000000000000000e+00) (0, 0, 0.00000000000000000000e+00) (0, 0, 0.00000000000000000000e+00) (0, 0, 0.00000000000000000000e+00) (0, 0, 0.00000000000000000000e+00) (9, 6, 5.00000000000000000000e-01) (9, 6, 5.00000000000000000000e-01) (9, 6, 5.00000000000000000000e-01) (0, 6, 0.00000000000000000000e+00) (4, 4, 5.00000000000000000000e-01) (0, 4, 0.00000000000000000000e+00) 
connections (connected_to_neuron, weight)=(0, -2.79350140803536983736e-01) (1, 1.05192750774388943391e+00) (2, 1.60654485376138000952e+00) (3, 7.98148908820128677455e-01) (4, 4.63456380994669459028e-01) (5, 4.36467718215338251753e-01) (6, 2.96401171716083766672e-01) (7, 3.27751039637058372289e-01) (8, -8.57976409187629213138e-02) (0, -3.82541458688666269339e+00) (1, 3.36168838456842733464e+00) (2, 1.75922945344375469823e+00) (3, 2.59389914662949161439e+00) (4, 1.02384582014443026310e+00) (5, 1.59660871792280478765e+00) (6, -5.02896259632261588557e-01) (7, 1.11760010086896871551e-01) (8, -3.90614818416525766409e+00) (0, -3.87245862193395540274e+00) (1, 3.34323867574903799138e+00) (2, 1.76937048201052071761e+00) (3, 2.06623248759084843229e+00) (4, 1.54378868359768217644e+00) (5, 1.51208344567262953362e+00) (6, -5.45152357872875525935e-01) (7, -5.67037751945296819578e-01) (8, -3.79645282410075113333e+00) (9, 5.29998084943645531020e-01) (10, 5.16603388995669021710e+00) (11, 5.10947819412491455182e+00) (12, -2.10389987557202395863e+00) 
