FANN_FLO_2.1
num_layers=3
learning_rate=0.700000
connection_rate=1.000000
network_type=0
learning_momentum=0.000000
training_algorithm=2
train_error_function=1
train_stop_function=1
cascade_output_change_fraction=0.010000
quickprop_decay=-0.000100
quickprop_mu=1.750000
rprop_increase_factor=1.200000
rprop_decrease_factor=0.500000
rprop_delta_min=0.000000
rprop_delta_max=50.000000
rprop_delta_zero=0.100000
cascade_output_stagnation_epochs=12
cascade_candidate_change_fraction=0.010000
cascade_candidate_stagnation_epochs=12
cascade_max_out_epochs=150
cascade_min_out_epochs=50
cascade_max_cand_epochs=150
cascade_min_cand_epochs=50
cascade_num_candidate_groups=2
bit_fail_limit=1.00000000000000005551e-01
cascade_candidate_limit=1.00000000000000000000e+03
cascade_weight_multiplier=4.00000000000000022204e-01
cascade_activation_functions_count=10
cascade_activation_functions=3 5 7 8 10 11 14 15 16 17 
cascade_activation_steepnesses_count=4
cascade_activation_steepnesses=2.50000000000000000000e-01 5.00000000000000000000e-01 7.50000000000000000000e-01 1.00000000000000000000e+00 
layer_sizes=9 4 2 
scale_included=0
neurons (num_inputs, activation_function, activation_steepness)=(0, 0, 0.00000000000000000000e+00) (0, 0, 0.00000000000000000000e+00) (0, 0, 0.00000000000000000000e+00) (0, 0, 0.00000000000000000000e+00) (0, 0, 0.00000000000000000000e+00) (0, 0, 0.00000000000000000000e+00) (0, 0, 0.00000000000000000000e+00) (0, 0, 0.00000000000000000000e+00) (0, 0, 0.00000000000000000000e+00) (9, 6, 5.00000000000000000000e-01) (9, 6, 5.00000000000000000000e-01) (9, 6, 5.00000000000000000000e-01) (0, 6, 0.00000000000000000000e+00) (4, 4, 5.00000000000000000000e-01) (0, 4, 0.00000000000000000000e+00) 
connections (connected_to_neuron, weight)=(0, 1.11849118322181761975e+00) (1, -1.38918256642924076161e+00) (2, -1.05912616125725911331e+00) (3, -6.27331524216641178704e-01) (4, 1.41758876101120012692e+00) (5, 7.90841625664703284926e-01) (6, 1.25005589723634780164e+00) (7, 1.23785800039815963025e+00) (8, 7.70244972441665565199e-01) (0, 1.10160596221733153577e+00) (1, -1.41137247415886646351e+00) (2, -1.12210847459220097733e+00) (3, -6.59772492074478855706e-01) (4, 1.35376499400480287960e+00) (5, 8.33375731144420539565e-01) (6, 1.28212432861375869031e+00) (7, 1.15006175935316146131e+00) (8, 8.35014560852519904799e-01) (0, -1.49158908070257423262e+00) (1, 2.45267992348564911609e+00) (2, 1.19210060217062108201e+00) (3, 8.12681380912456452492e-01) (4, -4.21847432487296392090e-01) (5, -2.84530476131595877476e-01) (6, -7.24693777697248853187e-01) (7, -6.12717534141703046302e-01) (8, -3.48526932695068680790e-01) (9, -1.39165144911121032578e+01) (10, -1.38764522088776711684e+01) (11, 1.78942386601572622773e+00) (12, -6.07876849633398386175e-01) 
