FANN_FLO_2.1
num_layers=3
learning_rate=0.700000
connection_rate=1.000000
network_type=0
learning_momentum=0.000000
training_algorithm=2
train_error_function=1
train_stop_function=1
cascade_output_change_fraction=0.010000
quickprop_decay=-0.000100
quickprop_mu=1.750000
rprop_increase_factor=1.200000
rprop_decrease_factor=0.500000
rprop_delta_min=0.000000
rprop_delta_max=50.000000
rprop_delta_zero=0.100000
cascade_output_stagnation_epochs=12
cascade_candidate_change_fraction=0.010000
cascade_candidate_stagnation_epochs=12
cascade_max_out_epochs=150
cascade_min_out_epochs=50
cascade_max_cand_epochs=150
cascade_min_cand_epochs=50
cascade_num_candidate_groups=2
bit_fail_limit=1.00000000000000005551e-01
cascade_candidate_limit=1.00000000000000000000e+03
cascade_weight_multiplier=4.00000000000000022204e-01
cascade_activation_functions_count=10
cascade_activation_functions=3 5 7 8 10 11 14 15 16 17 
cascade_activation_steepnesses_count=4
cascade_activation_steepnesses=2.50000000000000000000e-01 5.00000000000000000000e-01 7.50000000000000000000e-01 1.00000000000000000000e+00 
layer_sizes=10 4 2 
scale_included=0
neurons (num_inputs, activation_function, activation_steepness)=(0, 0, 0.00000000000000000000e+00) (0, 0, 0.00000000000000000000e+00) (0, 0, 0.00000000000000000000e+00) (0, 0, 0.00000000000000000000e+00) (0, 0, 0.00000000000000000000e+00) (0, 0, 0.00000000000000000000e+00) (0, 0, 0.00000000000000000000e+00) (0, 0, 0.00000000000000000000e+00) (0, 0, 0.00000000000000000000e+00) (0, 0, 0.00000000000000000000e+00) (10, 6, 5.00000000000000000000e-01) (10, 6, 5.00000000000000000000e-01) (10, 6, 5.00000000000000000000e-01) (0, 6, 0.00000000000000000000e+00) (4, 4, 5.00000000000000000000e-01) (0, 4, 0.00000000000000000000e+00) 
connections (connected_to_neuron, weight)=(0, 1.78643639166921386341e+00) (1, -1.32362476567235942682e+00) (2, -4.08767106809374280996e-02) (3, -1.62938975427737359203e-01) (4, -9.96939766101116342512e-01) (5, 2.57403350252509222074e+00) (6, 3.35758358575455273520e-01) (7, -1.37758327415869907817e-01) (8, -5.62448346664292109232e-01) (9, 1.88268404980272063831e+00) (0, -1.05883966091279146937e+00) (1, 1.96575323507979460302e+00) (2, 5.17939192916958335289e-01) (3, 2.59945855400130099166e-01) (4, 1.68062127649107861949e+00) (5, -1.77752107026663419553e+00) (6, 3.78230337237760894098e-01) (7, 9.90482482481654713524e-01) (8, 8.85759192872699330223e-01) (9, -1.04276173266772387294e+00) (0, -9.48550906807223426220e-01) (1, 1.84225039944842339246e+00) (2, 5.37200255062191489586e-01) (3, 3.28886852523848360885e-01) (4, 1.62099053978243756724e+00) (5, -1.78691262769189473936e+00) (6, 3.08063336333454340643e-01) (7, 1.00892198400562627114e+00) (8, 8.72675999421533177269e-01) (9, -9.99144320219794379589e-01) (10, -1.33765137162336533727e+00) (11, 6.72586372292627299174e+00) (12, 6.77609628236879313334e+00) (13, -9.08877362340728023327e-01) 
