FANN_FLO_2.1
num_layers=3
learning_rate=0.700000
connection_rate=1.000000
network_type=0
learning_momentum=0.000000
training_algorithm=2
train_error_function=1
train_stop_function=1
cascade_output_change_fraction=0.010000
quickprop_decay=-0.000100
quickprop_mu=1.750000
rprop_increase_factor=1.200000
rprop_decrease_factor=0.500000
rprop_delta_min=0.000000
rprop_delta_max=50.000000
rprop_delta_zero=0.100000
cascade_output_stagnation_epochs=12
cascade_candidate_change_fraction=0.010000
cascade_candidate_stagnation_epochs=12
cascade_max_out_epochs=150
cascade_min_out_epochs=50
cascade_max_cand_epochs=150
cascade_min_cand_epochs=50
cascade_num_candidate_groups=2
bit_fail_limit=1.00000000000000005551e-01
cascade_candidate_limit=1.00000000000000000000e+03
cascade_weight_multiplier=4.00000000000000022204e-01
cascade_activation_functions_count=10
cascade_activation_functions=3 5 7 8 10 11 14 15 16 17 
cascade_activation_steepnesses_count=4
cascade_activation_steepnesses=2.50000000000000000000e-01 5.00000000000000000000e-01 7.50000000000000000000e-01 1.00000000000000000000e+00 
layer_sizes=10 4 2 
scale_included=0
neurons (num_inputs, activation_function, activation_steepness)=(0, 0, 0.00000000000000000000e+00) (0, 0, 0.00000000000000000000e+00) (0, 0, 0.00000000000000000000e+00) (0, 0, 0.00000000000000000000e+00) (0, 0, 0.00000000000000000000e+00) (0, 0, 0.00000000000000000000e+00) (0, 0, 0.00000000000000000000e+00) (0, 0, 0.00000000000000000000e+00) (0, 0, 0.00000000000000000000e+00) (0, 0, 0.00000000000000000000e+00) (10, 6, 5.00000000000000000000e-01) (10, 6, 5.00000000000000000000e-01) (10, 6, 5.00000000000000000000e-01) (0, 6, 0.00000000000000000000e+00) (4, 4, 5.00000000000000000000e-01) (0, 4, 0.00000000000000000000e+00) 
connections (connected_to_neuron, weight)=(0, -2.32816694303291482626e+00) (1, 3.95561049142554077562e+00) (2, 5.37615974401685625672e-01) (3, 1.12368058815917204463e+00) (4, 5.61847240632030398011e-01) (5, 1.09095645526845408391e+00) (6, 5.83796022649527790449e-01) (7, 2.52601925313312269950e+00) (8, -2.60972520348344261265e+00) (9, -1.73467244675600773540e+00) (0, -3.78280825525007385890e-02) (1, 9.08661225948835138411e-01) (2, 4.31912412363578523955e-01) (3, 1.83606968064623621295e+00) (4, 2.68824716526557649932e-01) (5, 1.92854750891047244110e+00) (6, 1.26594349172396786196e-01) (7, 1.90415782468081529188e+00) (8, -1.64248704397484901474e-01) (9, 2.09425830408312453612e-02) (0, 8.63271841459090638615e-01) (1, -9.81254094272081656136e-01) (2, 7.66722042897910877057e-02) (3, -4.57815734337921842467e+00) (4, -4.74339334222639741334e-01) (5, -4.62583509873505338561e+00) (6, -2.76627596439026512964e-01) (7, -4.51922877696152180960e+00) (8, 1.61820580206529296419e+00) (9, 7.54415915144678761450e-01) (10, 7.55608153986042907491e+00) (11, 8.85312761100837564143e-01) (12, -3.18213963245324027440e+00) (13, -2.71720494416851776620e+00) 
