FANN_FLO_2.1
num_layers=3
learning_rate=0.700000
connection_rate=1.000000
network_type=0
learning_momentum=0.000000
training_algorithm=2
train_error_function=1
train_stop_function=1
cascade_output_change_fraction=0.010000
quickprop_decay=-0.000100
quickprop_mu=1.750000
rprop_increase_factor=1.200000
rprop_decrease_factor=0.500000
rprop_delta_min=0.000000
rprop_delta_max=50.000000
rprop_delta_zero=0.100000
cascade_output_stagnation_epochs=12
cascade_candidate_change_fraction=0.010000
cascade_candidate_stagnation_epochs=12
cascade_max_out_epochs=150
cascade_min_out_epochs=50
cascade_max_cand_epochs=150
cascade_min_cand_epochs=50
cascade_num_candidate_groups=2
bit_fail_limit=1.00000000000000005551e-01
cascade_candidate_limit=1.00000000000000000000e+03
cascade_weight_multiplier=4.00000000000000022204e-01
cascade_activation_functions_count=10
cascade_activation_functions=3 5 7 8 10 11 14 15 16 17 
cascade_activation_steepnesses_count=4
cascade_activation_steepnesses=2.50000000000000000000e-01 5.00000000000000000000e-01 7.50000000000000000000e-01 1.00000000000000000000e+00 
layer_sizes=10 4 2 
scale_included=0
neurons (num_inputs, activation_function, activation_steepness)=(0, 0, 0.00000000000000000000e+00) (0, 0, 0.00000000000000000000e+00) (0, 0, 0.00000000000000000000e+00) (0, 0, 0.00000000000000000000e+00) (0, 0, 0.00000000000000000000e+00) (0, 0, 0.00000000000000000000e+00) (0, 0, 0.00000000000000000000e+00) (0, 0, 0.00000000000000000000e+00) (0, 0, 0.00000000000000000000e+00) (0, 0, 0.00000000000000000000e+00) (10, 6, 5.00000000000000000000e-01) (10, 6, 5.00000000000000000000e-01) (10, 6, 5.00000000000000000000e-01) (0, 6, 0.00000000000000000000e+00) (4, 4, 5.00000000000000000000e-01) (0, 4, 0.00000000000000000000e+00) 
connections (connected_to_neuron, weight)=(0, -5.92557558328324462948e-01) (1, 2.12482223180718232669e+00) (2, 1.39866078528323667385e-01) (3, -1.95176905605032702251e-01) (4, 1.59607628616252439357e-01) (5, -1.77525466891958944027e-01) (6, -5.82208091308811237496e-02) (7, 1.71931106493482910302e+00) (8, -2.85843761778414240382e+00) (9, -3.60786676534822492446e-01) (0, -1.02452384919884481596e-01) (1, 9.97572939761408372661e-01) (2, 5.59491963532634112299e-02) (3, 5.33578499592881477787e-02) (4, 2.56588840232087889159e-01) (5, -1.14385162349786281832e-01) (6, 1.81842732703475201683e-01) (7, 1.24549946611789352779e+00) (8, -1.12392142760611002394e+00) (9, -2.31610784919026146955e-01) (0, 1.17266693600599247738e+00) (1, -1.34705601577030531502e+00) (2, 3.22762237526241169139e-01) (3, 5.49900718627592599574e-01) (4, 8.86904087191935780465e-03) (5, 5.01831258689251935579e-01) (6, 6.83867244260990991833e-01) (7, -1.85807029082114505414e+00) (8, 4.17617350898604122733e+00) (9, 5.68438003845342820775e-01) (10, 6.14764333967154907867e+00) (11, 2.43598185701661806846e+00) (12, -5.33496377196217164141e+00) (13, -6.27375313550645019589e-01) 
