FANN_FLO_2.1
num_layers=3
learning_rate=0.700000
connection_rate=1.000000
network_type=0
learning_momentum=0.000000
training_algorithm=2
train_error_function=1
train_stop_function=1
cascade_output_change_fraction=0.010000
quickprop_decay=-0.000100
quickprop_mu=1.750000
rprop_increase_factor=1.200000
rprop_decrease_factor=0.500000
rprop_delta_min=0.000000
rprop_delta_max=50.000000
rprop_delta_zero=0.100000
cascade_output_stagnation_epochs=12
cascade_candidate_change_fraction=0.010000
cascade_candidate_stagnation_epochs=12
cascade_max_out_epochs=150
cascade_min_out_epochs=50
cascade_max_cand_epochs=150
cascade_min_cand_epochs=50
cascade_num_candidate_groups=2
bit_fail_limit=1.00000000000000005551e-01
cascade_candidate_limit=1.00000000000000000000e+03
cascade_weight_multiplier=4.00000000000000022204e-01
cascade_activation_functions_count=10
cascade_activation_functions=3 5 7 8 10 11 14 15 16 17 
cascade_activation_steepnesses_count=4
cascade_activation_steepnesses=2.50000000000000000000e-01 5.00000000000000000000e-01 7.50000000000000000000e-01 1.00000000000000000000e+00 
layer_sizes=11 4 2 
scale_included=0
neurons (num_inputs, activation_function, activation_steepness)=(0, 0, 0.00000000000000000000e+00) (0, 0, 0.00000000000000000000e+00) (0, 0, 0.00000000000000000000e+00) (0, 0, 0.00000000000000000000e+00) (0, 0, 0.00000000000000000000e+00) (0, 0, 0.00000000000000000000e+00) (0, 0, 0.00000000000000000000e+00) (0, 0, 0.00000000000000000000e+00) (0, 0, 0.00000000000000000000e+00) (0, 0, 0.00000000000000000000e+00) (0, 0, 0.00000000000000000000e+00) (11, 6, 5.00000000000000000000e-01) (11, 6, 5.00000000000000000000e-01) (11, 6, 5.00000000000000000000e-01) (0, 6, 0.00000000000000000000e+00) (4, 4, 5.00000000000000000000e-01) (0, 4, 0.00000000000000000000e+00) 
connections (connected_to_neuron, weight)=(0, 6.37044612694903200634e-01) (1, -1.86727134326140270515e-01) (2, 9.08324622183213525872e-01) (3, -3.66375088087280073590e-02) (4, 4.26359887739006515606e-01) (5, -5.53594931278858215506e+00) (6, -2.40071277776647118429e+00) (7, 3.47691649909331792351e-03) (8, -4.94364266505003424612e-01) (9, -9.07448627588108985842e-02) (10, 8.52534235750811553167e-01) (0, -1.12312111331484647536e+01) (1, 3.35688215933152722670e+00) (2, 2.11605012986979756917e+00) (3, 3.27747773104647777132e+00) (4, -2.53079806614400437681e+00) (5, 1.76818773669495765688e+00) (6, 2.28104472875378938568e+00) (7, 2.75796304944853165608e+00) (8, 1.71398241697903519487e+00) (9, 3.22370356845360728215e+00) (10, -4.52504226266448039695e+00) (0, 6.93793624988261825592e+00) (1, 1.09241605271698438706e+00) (2, 1.79789605482974113038e+00) (3, 1.34288620702670336016e-01) (4, 3.63390264236972937439e+00) (5, 6.47031457660778869467e+02) (6, 4.87144828722636702434e-01) (7, 1.00044523992531764200e+00) (8, 4.78538430895625865880e-01) (9, 1.44104707648865959513e+00) (10, 3.39692610807280814811e+01) (11, -3.69944149381773641494e+01) (12, 3.80342978000257829763e+01) (13, -4.66612200472019456043e+00) (14, -5.19008502706063534760e+00) 
