FANN_FLO_2.1
num_layers=3
learning_rate=0.700000
connection_rate=1.000000
network_type=0
learning_momentum=0.000000
training_algorithm=2
train_error_function=1
train_stop_function=1
cascade_output_change_fraction=0.010000
quickprop_decay=-0.000100
quickprop_mu=1.750000
rprop_increase_factor=1.200000
rprop_decrease_factor=0.500000
rprop_delta_min=0.000000
rprop_delta_max=50.000000
rprop_delta_zero=0.100000
cascade_output_stagnation_epochs=12
cascade_candidate_change_fraction=0.010000
cascade_candidate_stagnation_epochs=12
cascade_max_out_epochs=150
cascade_min_out_epochs=50
cascade_max_cand_epochs=150
cascade_min_cand_epochs=50
cascade_num_candidate_groups=2
bit_fail_limit=1.00000000000000005551e-01
cascade_candidate_limit=1.00000000000000000000e+03
cascade_weight_multiplier=4.00000000000000022204e-01
cascade_activation_functions_count=10
cascade_activation_functions=3 5 7 8 10 11 14 15 16 17 
cascade_activation_steepnesses_count=4
cascade_activation_steepnesses=2.50000000000000000000e-01 5.00000000000000000000e-01 7.50000000000000000000e-01 1.00000000000000000000e+00 
layer_sizes=9 4 2 
scale_included=0
neurons (num_inputs, activation_function, activation_steepness)=(0, 0, 0.00000000000000000000e+00) (0, 0, 0.00000000000000000000e+00) (0, 0, 0.00000000000000000000e+00) (0, 0, 0.00000000000000000000e+00) (0, 0, 0.00000000000000000000e+00) (0, 0, 0.00000000000000000000e+00) (0, 0, 0.00000000000000000000e+00) (0, 0, 0.00000000000000000000e+00) (0, 0, 0.00000000000000000000e+00) (9, 6, 5.00000000000000000000e-01) (9, 6, 5.00000000000000000000e-01) (9, 6, 5.00000000000000000000e-01) (0, 6, 0.00000000000000000000e+00) (4, 4, 5.00000000000000000000e-01) (0, 4, 0.00000000000000000000e+00) 
connections (connected_to_neuron, weight)=(0, 1.17709250764299189207e+00) (1, 7.85308554954290694017e-02) (2, -1.86614615733318334190e-01) (3, -4.24032389644879270652e-01) (4, 2.43100758443938524955e-01) (5, 6.83367670767896173700e-01) (6, 1.08233886973310267088e+00) (7, 3.90885476827044220371e-01) (8, 1.67667109321223473106e-01) (0, -2.14019311031225667463e+00) (1, 6.57910190585249909923e-01) (2, 5.63458935560547935495e-01) (3, 6.58475583851746315567e-01) (4, -1.50305609907024351202e-01) (5, -9.79753148572861332077e-01) (6, -9.97202598320662159104e-01) (7, -3.41681809642147227279e-01) (8, -5.11085865808756437123e-02) (0, -1.42459941315350269164e+00) (1, 1.89110842892158581563e+00) (2, 1.14294572957017903647e+00) (3, 9.34807243659670494829e-01) (4, -9.48018933522976836592e-01) (5, -1.02157833694247113243e+00) (6, -9.26297704565800628096e-01) (7, -1.39920184408056114123e+00) (8, -1.08037814765004025475e+00) (9, -3.65127853333074980924e+00) (10, 1.18358103456732211001e+00) (11, 1.55286855198158679769e+01) (12, -7.81917188008311447867e-01) 
