FANN_FLO_2.1
num_layers=3
learning_rate=0.700000
connection_rate=1.000000
network_type=0
learning_momentum=0.000000
training_algorithm=2
train_error_function=1
train_stop_function=1
cascade_output_change_fraction=0.010000
quickprop_decay=-0.000100
quickprop_mu=1.750000
rprop_increase_factor=1.200000
rprop_decrease_factor=0.500000
rprop_delta_min=0.000000
rprop_delta_max=50.000000
rprop_delta_zero=0.100000
cascade_output_stagnation_epochs=12
cascade_candidate_change_fraction=0.010000
cascade_candidate_stagnation_epochs=12
cascade_max_out_epochs=150
cascade_min_out_epochs=50
cascade_max_cand_epochs=150
cascade_min_cand_epochs=50
cascade_num_candidate_groups=2
bit_fail_limit=1.00000000000000005551e-01
cascade_candidate_limit=1.00000000000000000000e+03
cascade_weight_multiplier=4.00000000000000022204e-01
cascade_activation_functions_count=10
cascade_activation_functions=3 5 7 8 10 11 14 15 16 17 
cascade_activation_steepnesses_count=4
cascade_activation_steepnesses=2.50000000000000000000e-01 5.00000000000000000000e-01 7.50000000000000000000e-01 1.00000000000000000000e+00 
layer_sizes=11 4 2 
scale_included=0
neurons (num_inputs, activation_function, activation_steepness)=(0, 0, 0.00000000000000000000e+00) (0, 0, 0.00000000000000000000e+00) (0, 0, 0.00000000000000000000e+00) (0, 0, 0.00000000000000000000e+00) (0, 0, 0.00000000000000000000e+00) (0, 0, 0.00000000000000000000e+00) (0, 0, 0.00000000000000000000e+00) (0, 0, 0.00000000000000000000e+00) (0, 0, 0.00000000000000000000e+00) (0, 0, 0.00000000000000000000e+00) (0, 0, 0.00000000000000000000e+00) (11, 6, 5.00000000000000000000e-01) (11, 6, 5.00000000000000000000e-01) (11, 6, 5.00000000000000000000e-01) (0, 6, 0.00000000000000000000e+00) (4, 4, 5.00000000000000000000e-01) (0, 4, 0.00000000000000000000e+00) 
connections (connected_to_neuron, weight)=(0, 1.29273137112612648281e+01) (1, -3.92367960712564878278e+00) (2, -5.30547526055967288983e+00) (3, -2.16788102894884326943e+00) (4, 2.95035070766712070878e+00) (5, -3.89138449859678869913e+00) (6, -4.53168114709412250818e+00) (7, 1.47488035510504378323e-01) (8, -4.35753278423150369747e+00) (9, -2.13130319739128859524e+00) (10, 7.13749163082465187813e+00) (0, -2.46540589063534065772e+00) (1, 2.47464811797208783517e+00) (2, 1.73223405096966076577e+00) (3, -2.37592016919834503330e-01) (4, -3.55787521207752477359e-01) (5, 1.12826654257641556534e+00) (6, 2.63318479066669963728e+00) (7, -2.86913649214665944509e-01) (8, 2.11598059793662951478e+00) (9, -1.46160775151960464768e-01) (10, -2.73531456749859458455e+00) (0, 1.29228979607577247890e+01) (1, -4.01772657609236905074e+00) (2, -5.20771609707480109819e+00) (3, -2.19823619931799152383e+00) (4, 3.08163882012568413060e+00) (5, -3.90797571596562987040e+00) (6, -4.54075570094143543542e+00) (7, 2.65051298092328746492e-01) (8, -4.35853016365369150265e+00) (9, -2.22746969635035441115e+00) (10, 7.11539237430914894844e+00) (11, -4.90218290718574110088e+01) (12, 4.25295447997053965850e+00) (13, -4.90128167080063406047e+01) (14, -1.51235971977086403051e+00) 
