FANN_FLO_2.1
num_layers=3
learning_rate=0.700000
connection_rate=1.000000
network_type=0
learning_momentum=0.000000
training_algorithm=2
train_error_function=1
train_stop_function=1
cascade_output_change_fraction=0.010000
quickprop_decay=-0.000100
quickprop_mu=1.750000
rprop_increase_factor=1.200000
rprop_decrease_factor=0.500000
rprop_delta_min=0.000000
rprop_delta_max=50.000000
rprop_delta_zero=0.100000
cascade_output_stagnation_epochs=12
cascade_candidate_change_fraction=0.010000
cascade_candidate_stagnation_epochs=12
cascade_max_out_epochs=150
cascade_min_out_epochs=50
cascade_max_cand_epochs=150
cascade_min_cand_epochs=50
cascade_num_candidate_groups=2
bit_fail_limit=1.00000000000000005551e-01
cascade_candidate_limit=1.00000000000000000000e+03
cascade_weight_multiplier=4.00000000000000022204e-01
cascade_activation_functions_count=10
cascade_activation_functions=3 5 7 8 10 11 14 15 16 17 
cascade_activation_steepnesses_count=4
cascade_activation_steepnesses=2.50000000000000000000e-01 5.00000000000000000000e-01 7.50000000000000000000e-01 1.00000000000000000000e+00 
layer_sizes=10 4 2 
scale_included=0
neurons (num_inputs, activation_function, activation_steepness)=(0, 0, 0.00000000000000000000e+00) (0, 0, 0.00000000000000000000e+00) (0, 0, 0.00000000000000000000e+00) (0, 0, 0.00000000000000000000e+00) (0, 0, 0.00000000000000000000e+00) (0, 0, 0.00000000000000000000e+00) (0, 0, 0.00000000000000000000e+00) (0, 0, 0.00000000000000000000e+00) (0, 0, 0.00000000000000000000e+00) (0, 0, 0.00000000000000000000e+00) (10, 6, 5.00000000000000000000e-01) (10, 6, 5.00000000000000000000e-01) (10, 6, 5.00000000000000000000e-01) (0, 6, 0.00000000000000000000e+00) (4, 4, 5.00000000000000000000e-01) (0, 4, 0.00000000000000000000e+00) 
connections (connected_to_neuron, weight)=(0, -9.08767724154316502982e-01) (1, 2.52269702470750578627e+00) (2, -1.49713408928112301499e-01) (3, -4.20870630207259621702e-01) (4, 1.50766095725765075786e-01) (5, 7.06405696061831456234e-01) (6, 2.65060723432245026743e+00) (7, -5.16576138943849816343e+00) (8, -3.89312697711188704375e-01) (9, -6.62633630913953219910e-01) (0, -1.83549032881568918718e+00) (1, 1.64800365161912854006e+00) (2, -4.08493663968861886460e-02) (3, -1.06136875608487224465e-01) (4, 2.56392311236025460808e-01) (5, -1.13838812162510627513e-01) (6, 8.08113536784029751203e-01) (7, -1.78648926838945398821e+00) (8, -7.93294072239829062276e-02) (9, -6.54767215340567587667e-02) (0, -5.72260127692546194389e-01) (1, 8.90484205624424429715e-01) (2, 7.73418467221447247795e-02) (3, -9.96360607951108367963e-02) (4, 5.91722962505357052976e-01) (5, -3.98447501232809808691e-03) (6, 3.11687358324215790795e-01) (7, -8.06186896630657567897e-01) (8, -2.79263608663503117013e-02) (9, 2.41892210633333736014e-02) (10, 8.73987979520869551209e+00) (11, 1.41044750288358766710e+00) (12, 1.46951834080665122428e+00) (13, -8.15775455651604364249e-01) 
