FANN_FLO_2.1
num_layers=3
learning_rate=0.700000
connection_rate=1.000000
network_type=0
learning_momentum=0.000000
training_algorithm=2
train_error_function=1
train_stop_function=1
cascade_output_change_fraction=0.010000
quickprop_decay=-0.000100
quickprop_mu=1.750000
rprop_increase_factor=1.200000
rprop_decrease_factor=0.500000
rprop_delta_min=0.000000
rprop_delta_max=50.000000
rprop_delta_zero=0.100000
cascade_output_stagnation_epochs=12
cascade_candidate_change_fraction=0.010000
cascade_candidate_stagnation_epochs=12
cascade_max_out_epochs=150
cascade_min_out_epochs=50
cascade_max_cand_epochs=150
cascade_min_cand_epochs=50
cascade_num_candidate_groups=2
bit_fail_limit=1.00000000000000005551e-01
cascade_candidate_limit=1.00000000000000000000e+03
cascade_weight_multiplier=4.00000000000000022204e-01
cascade_activation_functions_count=10
cascade_activation_functions=3 5 7 8 10 11 14 15 16 17 
cascade_activation_steepnesses_count=4
cascade_activation_steepnesses=2.50000000000000000000e-01 5.00000000000000000000e-01 7.50000000000000000000e-01 1.00000000000000000000e+00 
layer_sizes=18 4 2 
scale_included=0
neurons (num_inputs, activation_function, activation_steepness)=(0, 0, 0.00000000000000000000e+00) (0, 0, 0.00000000000000000000e+00) (0, 0, 0.00000000000000000000e+00) (0, 0, 0.00000000000000000000e+00) (0, 0, 0.00000000000000000000e+00) (0, 0, 0.00000000000000000000e+00) (0, 0, 0.00000000000000000000e+00) (0, 0, 0.00000000000000000000e+00) (0, 0, 0.00000000000000000000e+00) (0, 0, 0.00000000000000000000e+00) (0, 0, 0.00000000000000000000e+00) (0, 0, 0.00000000000000000000e+00) (0, 0, 0.00000000000000000000e+00) (0, 0, 0.00000000000000000000e+00) (0, 0, 0.00000000000000000000e+00) (0, 0, 0.00000000000000000000e+00) (0, 0, 0.00000000000000000000e+00) (0, 0, 0.00000000000000000000e+00) (18, 6, 5.00000000000000000000e-01) (18, 6, 5.00000000000000000000e-01) (18, 6, 5.00000000000000000000e-01) (0, 6, 0.00000000000000000000e+00) (4, 4, 5.00000000000000000000e-01) (0, 4, 0.00000000000000000000e+00) 
connections (connected_to_neuron, weight)=(0, -1.06623927313400090888e-01) (1, 1.85272783343346292284e+00) (2, 1.24854163500976333978e+00) (3, -1.20704595959073984757e-01) (4, -1.01147323894053942084e+00) (5, -1.10424491065293794989e+00) (6, 1.90373184089214975145e+00) (7, 9.52347415311531053650e-02) (8, -9.15973915388571258145e-02) (9, 1.80169183515113129346e-01) (10, 5.11384133347156488725e-01) (11, 2.43245490197373306906e-02) (12, -1.37687681844221171401e-02) (13, -1.00345170545131212592e+00) (14, -3.21495740344511365949e-02) (15, -9.01084675123678680020e-02) (16, -2.64806977913839336480e-01) (17, -3.10557056061448566453e-01) (0, -2.41177670792152332169e+00) (1, 1.05878170303270788821e+01) (2, 2.24974197916242690809e+00) (3, -2.49059462628484951097e+00) (4, -7.46694087548098472951e+00) (5, -7.41123557401738075612e+00) (6, 1.04993705398604841861e+01) (7, -3.03708359530272864468e-01) (8, -1.10666370969105409827e+00) (9, 9.20130148940139114266e-01) (10, 1.70617879443755371405e+00) (11, -5.98175052859783104586e-02) (12, -1.13093203883457826819e+00) (13, -7.42740077091298012135e+00) (14, -1.11063086073685335364e+00) (15, -1.14870924334812807288e+00) (16, -2.98264047391241948759e+00) (17, 2.69460576510012872475e-01) (0, -8.58036013313709045036e-01) (1, 4.41312328199303305354e+00) (2, 2.32860763129726722198e+00) (3, -1.06653640556664841554e+00) (4, -3.02642821051356225581e+00) (5, -3.02572174646136193843e+00) (6, 4.44205132345116293635e+00) (7, -3.36792269958803180963e-01) (8, -5.89298551591584951481e-01) (9, 3.61868761076971412471e-01) (10, 1.33916277664398575276e+00) (11, 3.49524244657523630586e-01) (12, -6.11813964011619360051e-01) (13, -3.00982230432507424922e+00) (14, -4.65605815561960123539e-01) (15, -5.22590597780893229007e-01) (16, -1.25738032432984558895e+00) (17, -2.00349861924052352613e-02) (18, 1.67453316763789672450e+00) (19, 1.05245742968485327395e+01) (20, 2.82502132100407088444e+00) (21, 4.06162519845237324212e-02) 
