FANN_FLO_2.1
num_layers=3
learning_rate=0.700000
connection_rate=1.000000
network_type=0
learning_momentum=0.000000
training_algorithm=2
train_error_function=1
train_stop_function=1
cascade_output_change_fraction=0.010000
quickprop_decay=-0.000100
quickprop_mu=1.750000
rprop_increase_factor=1.200000
rprop_decrease_factor=0.500000
rprop_delta_min=0.000000
rprop_delta_max=50.000000
rprop_delta_zero=0.100000
cascade_output_stagnation_epochs=12
cascade_candidate_change_fraction=0.010000
cascade_candidate_stagnation_epochs=12
cascade_max_out_epochs=150
cascade_min_out_epochs=50
cascade_max_cand_epochs=150
cascade_min_cand_epochs=50
cascade_num_candidate_groups=2
bit_fail_limit=1.00000000000000005551e-01
cascade_candidate_limit=1.00000000000000000000e+03
cascade_weight_multiplier=4.00000000000000022204e-01
cascade_activation_functions_count=10
cascade_activation_functions=3 5 7 8 10 11 14 15 16 17 
cascade_activation_steepnesses_count=4
cascade_activation_steepnesses=2.50000000000000000000e-01 5.00000000000000000000e-01 7.50000000000000000000e-01 1.00000000000000000000e+00 
layer_sizes=10 4 2 
scale_included=0
neurons (num_inputs, activation_function, activation_steepness)=(0, 0, 0.00000000000000000000e+00) (0, 0, 0.00000000000000000000e+00) (0, 0, 0.00000000000000000000e+00) (0, 0, 0.00000000000000000000e+00) (0, 0, 0.00000000000000000000e+00) (0, 0, 0.00000000000000000000e+00) (0, 0, 0.00000000000000000000e+00) (0, 0, 0.00000000000000000000e+00) (0, 0, 0.00000000000000000000e+00) (0, 0, 0.00000000000000000000e+00) (10, 6, 5.00000000000000000000e-01) (10, 6, 5.00000000000000000000e-01) (10, 6, 5.00000000000000000000e-01) (0, 6, 0.00000000000000000000e+00) (4, 4, 5.00000000000000000000e-01) (0, 4, 0.00000000000000000000e+00) 
connections (connected_to_neuron, weight)=(0, 6.55101170969861712479e+00) (1, 2.45139740432017561034e+00) (2, 2.41136091569919175370e+00) (3, 1.63725300192863820747e+00) (4, 2.31434625081711375927e+00) (5, 3.86995183226810457455e+00) (6, 2.46667019202533488453e+00) (7, -8.40687115048228128522e-02) (8, 8.63442104389629982997e-01) (9, -5.59880863178473475728e+00) (0, 1.16158109527672923633e+01) (1, 7.23075985243945784653e-01) (2, 9.61348209571132983342e-01) (3, 9.67519642763471021674e-01) (4, 3.68514482889500971652e+00) (5, -4.02949967020305965804e+00) (6, -1.91234605975462290672e+00) (7, 6.94293718337233567439e+00) (8, 5.48381196898995693090e+00) (9, -4.08817335991003805162e+00) (0, 3.72732419340936758090e+01) (1, -4.17073388139462331026e+00) (2, -3.86963240479463066457e-01) (3, -2.91045530280249700184e+01) (4, 1.53316253980767847054e+01) (5, -4.49007186885965836609e+00) (6, 3.20751706564489902362e+00) (7, -8.59014126761155353051e+02) (8, -1.08237616368152078650e+01) (9, 1.04382234349559288589e+00) (10, 3.72911978941406303534e+01) (11, 2.69266418982055846243e+01) (12, -1.52084285739157043515e+00) (13, -3.01499878659282449789e+00) 
