FANN_FLO_2.1
num_layers=3
learning_rate=0.700000
connection_rate=1.000000
network_type=0
learning_momentum=0.000000
training_algorithm=2
train_error_function=1
train_stop_function=1
cascade_output_change_fraction=0.010000
quickprop_decay=-0.000100
quickprop_mu=1.750000
rprop_increase_factor=1.200000
rprop_decrease_factor=0.500000
rprop_delta_min=0.000000
rprop_delta_max=50.000000
rprop_delta_zero=0.100000
cascade_output_stagnation_epochs=12
cascade_candidate_change_fraction=0.010000
cascade_candidate_stagnation_epochs=12
cascade_max_out_epochs=150
cascade_min_out_epochs=50
cascade_max_cand_epochs=150
cascade_min_cand_epochs=50
cascade_num_candidate_groups=2
bit_fail_limit=1.00000000000000005551e-01
cascade_candidate_limit=1.00000000000000000000e+03
cascade_weight_multiplier=4.00000000000000022204e-01
cascade_activation_functions_count=10
cascade_activation_functions=3 5 7 8 10 11 14 15 16 17 
cascade_activation_steepnesses_count=4
cascade_activation_steepnesses=2.50000000000000000000e-01 5.00000000000000000000e-01 7.50000000000000000000e-01 1.00000000000000000000e+00 
layer_sizes=10 4 2 
scale_included=0
neurons (num_inputs, activation_function, activation_steepness)=(0, 0, 0.00000000000000000000e+00) (0, 0, 0.00000000000000000000e+00) (0, 0, 0.00000000000000000000e+00) (0, 0, 0.00000000000000000000e+00) (0, 0, 0.00000000000000000000e+00) (0, 0, 0.00000000000000000000e+00) (0, 0, 0.00000000000000000000e+00) (0, 0, 0.00000000000000000000e+00) (0, 0, 0.00000000000000000000e+00) (0, 0, 0.00000000000000000000e+00) (10, 6, 5.00000000000000000000e-01) (10, 6, 5.00000000000000000000e-01) (10, 6, 5.00000000000000000000e-01) (0, 6, 0.00000000000000000000e+00) (4, 4, 5.00000000000000000000e-01) (0, 4, 0.00000000000000000000e+00) 
connections (connected_to_neuron, weight)=(0, -1.46458062399547235544e-02) (1, -1.69070310092542519520e+00) (2, 1.01495051203624409020e+00) (3, 2.56837891395822826013e+00) (4, -1.53474815897580252333e+00) (5, 1.72190920694287215309e-02) (6, 8.98165243259713141910e-01) (7, 4.41354866520465571877e-01) (8, 1.53770501955673610794e+00) (9, 1.08496561021081094900e+00) (0, -2.17775477576688469838e+00) (1, -2.80781226892571655895e+00) (2, 2.59401841975711189292e+00) (3, 2.57818844925850365613e+00) (4, -2.80780290008256949719e+00) (5, 6.89272362806444993666e-01) (6, 3.22029648283586489299e+00) (7, 1.50058461979572776990e+00) (8, 2.03643578343888931315e+00) (9, 2.18194916236633362772e+00) (0, 1.68533688925731651997e-02) (1, -1.68995938397024025868e+00) (2, 1.06636728911058198399e+00) (3, 1.21585036288131886906e+00) (4, -1.57719638375463899749e+00) (5, 3.72466922982151935062e-02) (6, 9.65097839525982714726e-01) (7, 5.66914721772969976143e-01) (8, 1.59327188178226908377e+00) (9, 1.02700603281488911378e+00) (10, -2.98680097295641433508e-01) (11, -4.68182650910292181834e+02) (12, -7.37247459970896246162e-01) (13, -2.62944159914034392145e+00) 
