FANN_FLO_2.1
num_layers=3
learning_rate=0.700000
connection_rate=1.000000
network_type=0
learning_momentum=0.000000
training_algorithm=2
train_error_function=1
train_stop_function=1
cascade_output_change_fraction=0.010000
quickprop_decay=-0.000100
quickprop_mu=1.750000
rprop_increase_factor=1.200000
rprop_decrease_factor=0.500000
rprop_delta_min=0.000000
rprop_delta_max=50.000000
rprop_delta_zero=0.100000
cascade_output_stagnation_epochs=12
cascade_candidate_change_fraction=0.010000
cascade_candidate_stagnation_epochs=12
cascade_max_out_epochs=150
cascade_min_out_epochs=50
cascade_max_cand_epochs=150
cascade_min_cand_epochs=50
cascade_num_candidate_groups=2
bit_fail_limit=1.00000000000000005551e-01
cascade_candidate_limit=1.00000000000000000000e+03
cascade_weight_multiplier=4.00000000000000022204e-01
cascade_activation_functions_count=10
cascade_activation_functions=3 5 7 8 10 11 14 15 16 17 
cascade_activation_steepnesses_count=4
cascade_activation_steepnesses=2.50000000000000000000e-01 5.00000000000000000000e-01 7.50000000000000000000e-01 1.00000000000000000000e+00 
layer_sizes=18 4 2 
scale_included=0
neurons (num_inputs, activation_function, activation_steepness)=(0, 0, 0.00000000000000000000e+00) (0, 0, 0.00000000000000000000e+00) (0, 0, 0.00000000000000000000e+00) (0, 0, 0.00000000000000000000e+00) (0, 0, 0.00000000000000000000e+00) (0, 0, 0.00000000000000000000e+00) (0, 0, 0.00000000000000000000e+00) (0, 0, 0.00000000000000000000e+00) (0, 0, 0.00000000000000000000e+00) (0, 0, 0.00000000000000000000e+00) (0, 0, 0.00000000000000000000e+00) (0, 0, 0.00000000000000000000e+00) (0, 0, 0.00000000000000000000e+00) (0, 0, 0.00000000000000000000e+00) (0, 0, 0.00000000000000000000e+00) (0, 0, 0.00000000000000000000e+00) (0, 0, 0.00000000000000000000e+00) (0, 0, 0.00000000000000000000e+00) (18, 6, 5.00000000000000000000e-01) (18, 6, 5.00000000000000000000e-01) (18, 6, 5.00000000000000000000e-01) (0, 6, 0.00000000000000000000e+00) (4, 4, 5.00000000000000000000e-01) (0, 4, 0.00000000000000000000e+00) 
connections (connected_to_neuron, weight)=(0, -4.21478681691003842502e+01) (1, 2.48396524707149257694e+00) (2, 7.93314409967422662362e+00) (3, 1.96241807427804926256e+00) (4, -1.72509510957005368637e-01) (5, 2.59837241283318789442e+01) (6, 1.01570974141814263092e+00) (7, 8.15650409466865156105e+00) (8, 1.93348502706668519124e+01) (9, -2.03317301116901276714e+01) (10, 4.99172151232896297302e+01) (11, 2.52639880560820895283e+00) (12, -9.14106318923898070183e-02) (13, -1.15924393435632722138e+00) (14, 2.63963848148534685478e+00) (15, 1.33113088376947956704e+01) (16, 2.56007983086703383435e+00) (17, -4.28292903148003301084e+00) (0, -2.48898820977963239898e+01) (1, 1.31251721552347588862e+00) (2, -1.05330700988591718925e+00) (3, -8.21074108553051962289e-01) (4, -1.04101490814822805753e+00) (5, -2.77335406333484435493e+00) (6, 4.32323407283995919670e+00) (7, 4.66473847631507432254e+00) (8, -5.22025700933395242487e+01) (9, 8.26011287640167068957e-01) (10, 1.96875760537811528295e+00) (11, 2.56566725707775660226e+01) (12, 1.07154954049379269598e+00) (13, 1.92971193756684877840e+00) (14, -1.01263482735512377886e+00) (15, -4.01414397373405762437e+00) (16, 2.55982194130165154888e+01) (17, 3.04714011461443368134e+00) (0, 2.50179694651073774025e+01) (1, 1.50000000000000000000e+03) (2, 1.50000000000000000000e+03) (3, 9.44889644351497054231e+02) (4, 1.50000000000000000000e+03) (5, 1.50000000000000000000e+03) (6, 1.11184377485212917236e+03) (7, -2.65709669907797234600e+01) (8, 7.04202189944887102513e+00) (9, -1.95621756733802811823e+01) (10, 7.57245474020391551306e+00) (11, -1.68365559300455238656e+01) (12, 7.66360900914239664417e+02) (13, 5.47162113944046723191e+02) (14, 1.50000000000000000000e+03) (15, 7.14638074725781251573e+01) (16, -1.67527426848763489886e+01) (17, 6.76221385640297345532e+00) (18, 1.66907795939481538028e+01) (19, 2.05134535555696047027e+01) (20, -1.00127684598854429510e+01) (21, -9.42991219909011801903e-01) 
