FANN_FLO_2.1
num_layers=3
learning_rate=0.700000
connection_rate=1.000000
network_type=0
learning_momentum=0.000000
training_algorithm=2
train_error_function=1
train_stop_function=1
cascade_output_change_fraction=0.010000
quickprop_decay=-0.000100
quickprop_mu=1.750000
rprop_increase_factor=1.200000
rprop_decrease_factor=0.500000
rprop_delta_min=0.000000
rprop_delta_max=50.000000
rprop_delta_zero=0.100000
cascade_output_stagnation_epochs=12
cascade_candidate_change_fraction=0.010000
cascade_candidate_stagnation_epochs=12
cascade_max_out_epochs=150
cascade_min_out_epochs=50
cascade_max_cand_epochs=150
cascade_min_cand_epochs=50
cascade_num_candidate_groups=2
bit_fail_limit=1.00000000000000005551e-01
cascade_candidate_limit=1.00000000000000000000e+03
cascade_weight_multiplier=4.00000000000000022204e-01
cascade_activation_functions_count=10
cascade_activation_functions=3 5 7 8 10 11 14 15 16 17 
cascade_activation_steepnesses_count=4
cascade_activation_steepnesses=2.50000000000000000000e-01 5.00000000000000000000e-01 7.50000000000000000000e-01 1.00000000000000000000e+00 
layer_sizes=8 4 2 
scale_included=0
neurons (num_inputs, activation_function, activation_steepness)=(0, 0, 0.00000000000000000000e+00) (0, 0, 0.00000000000000000000e+00) (0, 0, 0.00000000000000000000e+00) (0, 0, 0.00000000000000000000e+00) (0, 0, 0.00000000000000000000e+00) (0, 0, 0.00000000000000000000e+00) (0, 0, 0.00000000000000000000e+00) (0, 0, 0.00000000000000000000e+00) (8, 6, 5.00000000000000000000e-01) (8, 6, 5.00000000000000000000e-01) (8, 6, 5.00000000000000000000e-01) (0, 6, 0.00000000000000000000e+00) (4, 4, 5.00000000000000000000e-01) (0, 4, 0.00000000000000000000e+00) 
connections (connected_to_neuron, weight)=(0, 4.87475295052019252928e-01) (1, -1.39627021447358334871e-01) (2, -1.85370244475435219655e+00) (3, -1.54474125600377099055e+00) (4, -9.62766226607171593521e-01) (5, -2.00150379235459929816e+00) (6, 4.59352010443941582984e-01) (7, 1.31614036894902342034e+00) (0, -1.44215388761101431792e-01) (1, 2.32886138778309748076e+00) (2, -1.79510316411410464355e-01) (3, 2.20504893410478288729e+01) (4, 1.82796242234889411149e-01) (5, 3.12214854253937046380e+00) (6, -1.58183662606703828724e-01) (7, -2.61588069910537779350e+00) (0, 1.71428096348334602084e+00) (1, -5.71569463523592968812e+00) (2, -3.33744183977553454667e+00) (3, -5.19643163179403710927e+00) (4, -5.24164550965480646738e+00) (5, -8.42546564740804448945e+00) (6, 7.13647258280865326441e+00) (7, 8.53906215318604644438e+00) (8, -5.11943966249172621730e+00) (9, 2.26950030335837515949e+00) (10, -4.78690013972947241427e+01) (11, -2.05383324186522076005e+00) 
