FANN_FLO_2.1
num_layers=3
learning_rate=0.700000
connection_rate=1.000000
network_type=0
learning_momentum=0.000000
training_algorithm=2
train_error_function=1
train_stop_function=1
cascade_output_change_fraction=0.010000
quickprop_decay=-0.000100
quickprop_mu=1.750000
rprop_increase_factor=1.200000
rprop_decrease_factor=0.500000
rprop_delta_min=0.000000
rprop_delta_max=50.000000
rprop_delta_zero=0.100000
cascade_output_stagnation_epochs=12
cascade_candidate_change_fraction=0.010000
cascade_candidate_stagnation_epochs=12
cascade_max_out_epochs=150
cascade_min_out_epochs=50
cascade_max_cand_epochs=150
cascade_min_cand_epochs=50
cascade_num_candidate_groups=2
bit_fail_limit=1.00000000000000005551e-01
cascade_candidate_limit=1.00000000000000000000e+03
cascade_weight_multiplier=4.00000000000000022204e-01
cascade_activation_functions_count=10
cascade_activation_functions=3 5 7 8 10 11 14 15 16 17 
cascade_activation_steepnesses_count=4
cascade_activation_steepnesses=2.50000000000000000000e-01 5.00000000000000000000e-01 7.50000000000000000000e-01 1.00000000000000000000e+00 
layer_sizes=8 4 2 
scale_included=0
neurons (num_inputs, activation_function, activation_steepness)=(0, 0, 0.00000000000000000000e+00) (0, 0, 0.00000000000000000000e+00) (0, 0, 0.00000000000000000000e+00) (0, 0, 0.00000000000000000000e+00) (0, 0, 0.00000000000000000000e+00) (0, 0, 0.00000000000000000000e+00) (0, 0, 0.00000000000000000000e+00) (0, 0, 0.00000000000000000000e+00) (8, 6, 5.00000000000000000000e-01) (8, 6, 5.00000000000000000000e-01) (8, 6, 5.00000000000000000000e-01) (0, 6, 0.00000000000000000000e+00) (4, 4, 5.00000000000000000000e-01) (0, 4, 0.00000000000000000000e+00) 
connections (connected_to_neuron, weight)=(0, 5.32212009615406045349e-01) (1, 3.24828086778296665216e+01) (2, -5.48166148858461932392e-01) (3, -1.36789083744773076745e+00) (4, 1.69051520015187461965e+00) (5, 1.99302095473820894966e+00) (6, 1.85973036505364053284e+00) (7, -1.40387804109525893281e+00) (0, 5.56133104450210469238e-01) (1, 3.24748579770101741815e+01) (2, -6.04026414947901324481e-01) (3, -1.42399703975209401818e+00) (4, 1.64751526947207649343e+00) (5, 1.13711402362062297122e+00) (6, 1.75412553019903771911e+00) (7, -1.21155332583723507334e+00) (0, 1.78028601409798425959e-01) (1, 1.36606028881333934066e+01) (2, -3.28318620178927988995e-01) (3, -4.96605963889594104188e-01) (4, 1.30163012811373346445e+00) (5, 1.35958568532147161534e+00) (6, 1.37830868262866035323e+00) (7, -8.96347515554231866197e-01) (8, 6.32514532029775811139e+00) (9, 6.25686055541185570661e+00) (10, 1.34679031839631662137e+01) (11, -1.91482797440824636936e+00) 
