FANN_FLO_2.1
num_layers=3
learning_rate=0.700000
connection_rate=1.000000
network_type=0
learning_momentum=0.000000
training_algorithm=2
train_error_function=1
train_stop_function=1
cascade_output_change_fraction=0.010000
quickprop_decay=-0.000100
quickprop_mu=1.750000
rprop_increase_factor=1.200000
rprop_decrease_factor=0.500000
rprop_delta_min=0.000000
rprop_delta_max=50.000000
rprop_delta_zero=0.100000
cascade_output_stagnation_epochs=12
cascade_candidate_change_fraction=0.010000
cascade_candidate_stagnation_epochs=12
cascade_max_out_epochs=150
cascade_min_out_epochs=50
cascade_max_cand_epochs=150
cascade_min_cand_epochs=50
cascade_num_candidate_groups=2
bit_fail_limit=1.00000000000000005551e-01
cascade_candidate_limit=1.00000000000000000000e+03
cascade_weight_multiplier=4.00000000000000022204e-01
cascade_activation_functions_count=10
cascade_activation_functions=3 5 7 8 10 11 14 15 16 17 
cascade_activation_steepnesses_count=4
cascade_activation_steepnesses=2.50000000000000000000e-01 5.00000000000000000000e-01 7.50000000000000000000e-01 1.00000000000000000000e+00 
layer_sizes=6 4 2 
scale_included=0
neurons (num_inputs, activation_function, activation_steepness)=(0, 0, 0.00000000000000000000e+00) (0, 0, 0.00000000000000000000e+00) (0, 0, 0.00000000000000000000e+00) (0, 0, 0.00000000000000000000e+00) (0, 0, 0.00000000000000000000e+00) (0, 0, 0.00000000000000000000e+00) (6, 6, 5.00000000000000000000e-01) (6, 6, 5.00000000000000000000e-01) (6, 6, 5.00000000000000000000e-01) (0, 6, 0.00000000000000000000e+00) (4, 4, 5.00000000000000000000e-01) (0, 4, 0.00000000000000000000e+00) 
connections (connected_to_neuron, weight)=(0, 7.60940013957587257920e-01) (1, 1.83054033986485853447e+00) (2, 2.12724157461184670836e+00) (3, 1.97566677054414596704e+00) (4, 2.14782499560374429137e+00) (5, -7.10125911362094797141e-01) (0, -2.21992891720832641322e-01) (1, -3.45055706445368404189e+00) (2, -2.73335272326825595712e+00) (3, -2.86848967775462604379e+00) (4, -2.85629440352080798959e+00) (5, 1.76467347996625001372e+00) (0, -1.70959938297049973688e-01) (1, 2.57276236270996871980e+00) (2, 2.75836012565417831865e+00) (3, 2.75839125417991226641e+00) (4, 2.66282275372071808306e+00) (5, -1.89571227909895467789e+00) (6, 1.68191858296650931237e+00) (7, -5.10080882661905743447e+00) (8, 4.68319234049773136519e+00) (9, -2.08057366990584347022e+00) 
