FANN_FLO_2.1
num_layers=3
learning_rate=0.700000
connection_rate=1.000000
network_type=0
learning_momentum=0.000000
training_algorithm=2
train_error_function=1
train_stop_function=1
cascade_output_change_fraction=0.010000
quickprop_decay=-0.000100
quickprop_mu=1.750000
rprop_increase_factor=1.200000
rprop_decrease_factor=0.500000
rprop_delta_min=0.000000
rprop_delta_max=50.000000
rprop_delta_zero=0.100000
cascade_output_stagnation_epochs=12
cascade_candidate_change_fraction=0.010000
cascade_candidate_stagnation_epochs=12
cascade_max_out_epochs=150
cascade_min_out_epochs=50
cascade_max_cand_epochs=150
cascade_min_cand_epochs=50
cascade_num_candidate_groups=2
bit_fail_limit=1.00000000000000005551e-01
cascade_candidate_limit=1.00000000000000000000e+03
cascade_weight_multiplier=4.00000000000000022204e-01
cascade_activation_functions_count=10
cascade_activation_functions=3 5 7 8 10 11 14 15 16 17 
cascade_activation_steepnesses_count=4
cascade_activation_steepnesses=2.50000000000000000000e-01 5.00000000000000000000e-01 7.50000000000000000000e-01 1.00000000000000000000e+00 
layer_sizes=8 4 2 
scale_included=0
neurons (num_inputs, activation_function, activation_steepness)=(0, 0, 0.00000000000000000000e+00) (0, 0, 0.00000000000000000000e+00) (0, 0, 0.00000000000000000000e+00) (0, 0, 0.00000000000000000000e+00) (0, 0, 0.00000000000000000000e+00) (0, 0, 0.00000000000000000000e+00) (0, 0, 0.00000000000000000000e+00) (0, 0, 0.00000000000000000000e+00) (8, 6, 5.00000000000000000000e-01) (8, 6, 5.00000000000000000000e-01) (8, 6, 5.00000000000000000000e-01) (0, 6, 0.00000000000000000000e+00) (4, 4, 5.00000000000000000000e-01) (0, 4, 0.00000000000000000000e+00) 
connections (connected_to_neuron, weight)=(0, 3.79148815678932604722e-01) (1, 1.60543221153951485292e+01) (2, 4.32977563107324825431e-01) (3, 1.83045041419159004725e-01) (4, 1.16442329109803877074e+00) (5, 1.23176765115157804686e+00) (6, 1.45578829140872434422e+00) (7, -8.85498994486007218185e-01) (0, -2.25633306308070658019e-01) (1, 3.92420070003577876605e+01) (2, 4.31795803560153679257e-01) (3, -4.83436539365240669497e-02) (4, 2.12646220830469578900e+00) (5, 2.17686668244390935101e+00) (6, 2.19145542264559711754e+00) (7, -1.31085099967943108368e+00) (0, 2.79370287495251168330e-01) (1, 2.91125508086483009151e+00) (2, 2.20872761528332517411e-01) (3, 1.17495602903945409179e-01) (4, 6.02251980103834405611e-01) (5, 3.94620902726051880904e-01) (6, 7.84945091459599120221e-01) (7, -1.69253243692600377490e-02) (8, 4.60975309511495279224e+00) (9, 1.72300567322055329100e+01) (10, 4.86913424846066700269e-01) (11, -1.66751844379094515958e+00) 
