FANN_FLO_2.1
num_layers=3
learning_rate=0.700000
connection_rate=1.000000
network_type=0
learning_momentum=0.000000
training_algorithm=2
train_error_function=1
train_stop_function=1
cascade_output_change_fraction=0.010000
quickprop_decay=-0.000100
quickprop_mu=1.750000
rprop_increase_factor=1.200000
rprop_decrease_factor=0.500000
rprop_delta_min=0.000000
rprop_delta_max=50.000000
rprop_delta_zero=0.100000
cascade_output_stagnation_epochs=12
cascade_candidate_change_fraction=0.010000
cascade_candidate_stagnation_epochs=12
cascade_max_out_epochs=150
cascade_min_out_epochs=50
cascade_max_cand_epochs=150
cascade_min_cand_epochs=50
cascade_num_candidate_groups=2
bit_fail_limit=1.00000000000000005551e-01
cascade_candidate_limit=1.00000000000000000000e+03
cascade_weight_multiplier=4.00000000000000022204e-01
cascade_activation_functions_count=10
cascade_activation_functions=3 5 7 8 10 11 14 15 16 17 
cascade_activation_steepnesses_count=4
cascade_activation_steepnesses=2.50000000000000000000e-01 5.00000000000000000000e-01 7.50000000000000000000e-01 1.00000000000000000000e+00 
layer_sizes=11 4 2 
scale_included=0
neurons (num_inputs, activation_function, activation_steepness)=(0, 0, 0.00000000000000000000e+00) (0, 0, 0.00000000000000000000e+00) (0, 0, 0.00000000000000000000e+00) (0, 0, 0.00000000000000000000e+00) (0, 0, 0.00000000000000000000e+00) (0, 0, 0.00000000000000000000e+00) (0, 0, 0.00000000000000000000e+00) (0, 0, 0.00000000000000000000e+00) (0, 0, 0.00000000000000000000e+00) (0, 0, 0.00000000000000000000e+00) (0, 0, 0.00000000000000000000e+00) (11, 6, 5.00000000000000000000e-01) (11, 6, 5.00000000000000000000e-01) (11, 6, 5.00000000000000000000e-01) (0, 6, 0.00000000000000000000e+00) (4, 4, 5.00000000000000000000e-01) (0, 4, 0.00000000000000000000e+00) 
connections (connected_to_neuron, weight)=(0, -1.82390035224416067194e+01) (1, -1.22504065518762894627e+00) (2, -1.30552337721917299795e+00) (3, 3.08033084840688120565e+00) (4, -3.69649862919860128230e-01) (5, -4.17633768850002784490e+00) (6, -4.47396608140243046137e+00) (7, -9.45963714457180770978e+00) (8, -9.38382903582257554831e+00) (9, 2.89855732538820332067e+00) (10, 1.15383539971556867698e+01) (0, 1.70466723342009784936e+00) (1, 1.71283929998237272052e+00) (2, 3.72714390485999802483e-01) (3, 2.18079041186240329964e+00) (4, 2.19968208439393353437e-02) (5, 2.02485724590935778355e-01) (6, 1.66097503800563561782e+00) (7, 8.36445914236372489725e-01) (8, 2.12734735266943841836e+00) (9, 1.78104784272725899519e-02) (10, -1.11968709798528465171e+00) (0, -2.69166677871469239847e+00) (1, -2.38127607703820842744e+00) (2, 2.87257829570160619359e-02) (3, -2.41792689064305149627e-01) (4, 2.65513931861014018665e-01) (5, -1.90794363680124634541e+00) (6, -6.56132043642416284968e-01) (7, -2.52833076071888207537e-01) (8, -2.36653379723424955872e-01) (9, 7.10003078714575575070e-01) (10, 2.84717259993469085089e+00) (11, -1.73087163027648349711e+00) (12, 1.10569710616718852592e+00) (13, -2.78157905768483487918e+02) (14, -1.78411470932742499684e+00) 
