FANN_FLO_2.1
num_layers=3
learning_rate=0.700000
connection_rate=1.000000
network_type=0
learning_momentum=0.000000
training_algorithm=2
train_error_function=1
train_stop_function=1
cascade_output_change_fraction=0.010000
quickprop_decay=-0.000100
quickprop_mu=1.750000
rprop_increase_factor=1.200000
rprop_decrease_factor=0.500000
rprop_delta_min=0.000000
rprop_delta_max=50.000000
rprop_delta_zero=0.100000
cascade_output_stagnation_epochs=12
cascade_candidate_change_fraction=0.010000
cascade_candidate_stagnation_epochs=12
cascade_max_out_epochs=150
cascade_min_out_epochs=50
cascade_max_cand_epochs=150
cascade_min_cand_epochs=50
cascade_num_candidate_groups=2
bit_fail_limit=1.00000000000000005551e-01
cascade_candidate_limit=1.00000000000000000000e+03
cascade_weight_multiplier=4.00000000000000022204e-01
cascade_activation_functions_count=10
cascade_activation_functions=3 5 7 8 10 11 14 15 16 17 
cascade_activation_steepnesses_count=4
cascade_activation_steepnesses=2.50000000000000000000e-01 5.00000000000000000000e-01 7.50000000000000000000e-01 1.00000000000000000000e+00 
layer_sizes=10 4 2 
scale_included=0
neurons (num_inputs, activation_function, activation_steepness)=(0, 0, 0.00000000000000000000e+00) (0, 0, 0.00000000000000000000e+00) (0, 0, 0.00000000000000000000e+00) (0, 0, 0.00000000000000000000e+00) (0, 0, 0.00000000000000000000e+00) (0, 0, 0.00000000000000000000e+00) (0, 0, 0.00000000000000000000e+00) (0, 0, 0.00000000000000000000e+00) (0, 0, 0.00000000000000000000e+00) (0, 0, 0.00000000000000000000e+00) (10, 6, 5.00000000000000000000e-01) (10, 6, 5.00000000000000000000e-01) (10, 6, 5.00000000000000000000e-01) (0, 6, 0.00000000000000000000e+00) (4, 4, 5.00000000000000000000e-01) (0, 4, 0.00000000000000000000e+00) 
connections (connected_to_neuron, weight)=(0, 7.06561816160306399581e+00) (1, 3.27501423712995816118e+01) (2, 3.30168324698262294348e-01) (3, -4.70015565592028394803e-01) (4, -2.51382207446043288712e+01) (5, 1.32138420442424431300e+00) (6, 3.58458357372341440694e+00) (7, -6.89635010962201135953e+01) (8, 2.64575348738279814143e-01) (9, 8.25388677285791683147e-01) (0, 5.24762701049265256614e+00) (1, 2.14526486142475114605e+00) (2, 1.82545488101935271530e+00) (3, 1.23275501169329815276e+00) (4, 2.47059020796930539632e-01) (5, 1.84789327151655302650e+00) (6, 1.57257914442736335126e+00) (7, 1.17324728073686657126e+00) (8, 1.82555421769597936432e+00) (9, -4.11434947753130764170e+00) (0, 4.12958295974562183961e-01) (1, 3.14750215971499880396e-01) (2, 1.70285920043935519175e+01) (3, -1.76243530853426554061e-02) (4, 1.93081859673232547614e-01) (5, -5.64337094622669455113e-01) (6, -1.10105198506514810219e+02) (7, 3.60327825797470353564e+01) (8, 1.27026936243840218310e+01) (9, -2.64022259073808607255e-01) (10, -1.97486749230600331373e+01) (11, 1.12692876609654831555e+02) (12, 2.75378756872944352452e+00) (13, -1.92687209084896848843e+00) 
