FANN_FLO_2.1
num_layers=3
learning_rate=0.700000
connection_rate=1.000000
network_type=0
learning_momentum=0.000000
training_algorithm=2
train_error_function=1
train_stop_function=1
cascade_output_change_fraction=0.010000
quickprop_decay=-0.000100
quickprop_mu=1.750000
rprop_increase_factor=1.200000
rprop_decrease_factor=0.500000
rprop_delta_min=0.000000
rprop_delta_max=50.000000
rprop_delta_zero=0.100000
cascade_output_stagnation_epochs=12
cascade_candidate_change_fraction=0.010000
cascade_candidate_stagnation_epochs=12
cascade_max_out_epochs=150
cascade_min_out_epochs=50
cascade_max_cand_epochs=150
cascade_min_cand_epochs=50
cascade_num_candidate_groups=2
bit_fail_limit=1.00000000000000005551e-01
cascade_candidate_limit=1.00000000000000000000e+03
cascade_weight_multiplier=4.00000000000000022204e-01
cascade_activation_functions_count=10
cascade_activation_functions=3 5 7 8 10 11 14 15 16 17 
cascade_activation_steepnesses_count=4
cascade_activation_steepnesses=2.50000000000000000000e-01 5.00000000000000000000e-01 7.50000000000000000000e-01 1.00000000000000000000e+00 
layer_sizes=8 4 2 
scale_included=0
neurons (num_inputs, activation_function, activation_steepness)=(0, 0, 0.00000000000000000000e+00) (0, 0, 0.00000000000000000000e+00) (0, 0, 0.00000000000000000000e+00) (0, 0, 0.00000000000000000000e+00) (0, 0, 0.00000000000000000000e+00) (0, 0, 0.00000000000000000000e+00) (0, 0, 0.00000000000000000000e+00) (0, 0, 0.00000000000000000000e+00) (8, 6, 5.00000000000000000000e-01) (8, 6, 5.00000000000000000000e-01) (8, 6, 5.00000000000000000000e-01) (0, 6, 0.00000000000000000000e+00) (4, 4, 5.00000000000000000000e-01) (0, 4, 0.00000000000000000000e+00) 
connections (connected_to_neuron, weight)=(0, 1.05169288392989820902e-01) (1, 1.47633560116914946958e-01) (2, 1.30331735032790985152e+00) (3, 3.95367620410619680094e-01) (4, 2.70225354755460056566e-03) (5, 1.82673352397493216071e-01) (6, 3.30103360054227135123e-01) (7, -5.23257866121375148083e-01) (0, 7.91099260080341482038e-01) (1, 2.42860096712211692704e+00) (2, 3.91707610394665408649e+01) (3, 2.88565802701550855325e-01) (4, -6.28580119199783071693e-01) (5, 2.33886453031468244390e+00) (6, 2.29125174774694295721e+00) (7, -1.44255433801657151349e+00) (0, 3.65940011918166718807e-01) (1, -1.14843972381682446482e+00) (2, 6.23162350133104148142e+00) (3, 3.44241479999256227984e+00) (4, 3.45908707815965010823e+00) (5, -1.00473628048382623845e+00) (6, -1.21713392769458428333e+00) (7, 1.72828292057328125608e+00) (8, 4.33416673925737683248e-01) (9, 1.12470105995683411493e+01) (10, -4.81631093078509753269e+00) (11, -9.73860678221933229182e-01) 
