FANN_FLO_2.1
num_layers=3
learning_rate=0.700000
connection_rate=1.000000
network_type=0
learning_momentum=0.000000
training_algorithm=2
train_error_function=1
train_stop_function=1
cascade_output_change_fraction=0.010000
quickprop_decay=-0.000100
quickprop_mu=1.750000
rprop_increase_factor=1.200000
rprop_decrease_factor=0.500000
rprop_delta_min=0.000000
rprop_delta_max=50.000000
rprop_delta_zero=0.100000
cascade_output_stagnation_epochs=12
cascade_candidate_change_fraction=0.010000
cascade_candidate_stagnation_epochs=12
cascade_max_out_epochs=150
cascade_min_out_epochs=50
cascade_max_cand_epochs=150
cascade_min_cand_epochs=50
cascade_num_candidate_groups=2
bit_fail_limit=1.00000000000000005551e-01
cascade_candidate_limit=1.00000000000000000000e+03
cascade_weight_multiplier=4.00000000000000022204e-01
cascade_activation_functions_count=10
cascade_activation_functions=3 5 7 8 10 11 14 15 16 17 
cascade_activation_steepnesses_count=4
cascade_activation_steepnesses=2.50000000000000000000e-01 5.00000000000000000000e-01 7.50000000000000000000e-01 1.00000000000000000000e+00 
layer_sizes=11 4 2 
scale_included=0
neurons (num_inputs, activation_function, activation_steepness)=(0, 0, 0.00000000000000000000e+00) (0, 0, 0.00000000000000000000e+00) (0, 0, 0.00000000000000000000e+00) (0, 0, 0.00000000000000000000e+00) (0, 0, 0.00000000000000000000e+00) (0, 0, 0.00000000000000000000e+00) (0, 0, 0.00000000000000000000e+00) (0, 0, 0.00000000000000000000e+00) (0, 0, 0.00000000000000000000e+00) (0, 0, 0.00000000000000000000e+00) (0, 0, 0.00000000000000000000e+00) (11, 6, 5.00000000000000000000e-01) (11, 6, 5.00000000000000000000e-01) (11, 6, 5.00000000000000000000e-01) (0, 6, 0.00000000000000000000e+00) (4, 4, 5.00000000000000000000e-01) (0, 4, 0.00000000000000000000e+00) 
connections (connected_to_neuron, weight)=(0, 2.92134370269764964689e+00) (1, 2.93838881595852319251e+00) (2, -1.21238900416807315885e+00) (3, 3.09876551938793376451e+00) (4, 5.65794191785081723722e-01) (5, -7.49644001689442229797e-01) (6, -1.27906707090541704730e+00) (7, -7.88175014522560668517e-01) (8, 5.09479036275326868655e-01) (9, -7.23681331128413929399e-01) (10, -3.09324895644722008825e+00) (0, -1.17805613186081514776e+00) (1, 9.03175886478580713934e-01) (2, -1.96528321475030409715e+00) (3, -4.09551342702889531466e+00) (4, -4.09567977500976010408e-01) (5, 1.34685638210554348149e+00) (6, 3.78356233198487412750e+00) (7, 1.40330077492136373607e+00) (8, 2.96294519673436962393e+00) (9, 2.36800785887621012549e+00) (10, 3.41171397019258604288e+00) (0, 1.94288639707965926640e+00) (1, 2.59257272413711170600e+00) (2, -1.89923953233817999209e-01) (3, 3.58932038373706907564e+00) (4, -1.39807286938182978586e-01) (5, -9.36893656246216899319e-01) (6, -4.13228352645843621804e-01) (7, -4.24386010388635825930e-01) (8, -9.79873501303089172731e-02) (9, -7.27185834629041516486e-01) (10, -1.93054723496396873905e+00) (11, 2.17588569141130363960e+02) (12, -1.70913500677948060336e+00) (13, 1.13907994845805382589e+00) (14, -1.66749315617964399827e+00) 
