FANN_FLO_2.1
num_layers=3
learning_rate=0.700000
connection_rate=1.000000
network_type=0
learning_momentum=0.000000
training_algorithm=2
train_error_function=1
train_stop_function=1
cascade_output_change_fraction=0.010000
quickprop_decay=-0.000100
quickprop_mu=1.750000
rprop_increase_factor=1.200000
rprop_decrease_factor=0.500000
rprop_delta_min=0.000000
rprop_delta_max=50.000000
rprop_delta_zero=0.100000
cascade_output_stagnation_epochs=12
cascade_candidate_change_fraction=0.010000
cascade_candidate_stagnation_epochs=12
cascade_max_out_epochs=150
cascade_min_out_epochs=50
cascade_max_cand_epochs=150
cascade_min_cand_epochs=50
cascade_num_candidate_groups=2
bit_fail_limit=1.00000000000000005551e-01
cascade_candidate_limit=1.00000000000000000000e+03
cascade_weight_multiplier=4.00000000000000022204e-01
cascade_activation_functions_count=10
cascade_activation_functions=3 5 7 8 10 11 14 15 16 17 
cascade_activation_steepnesses_count=4
cascade_activation_steepnesses=2.50000000000000000000e-01 5.00000000000000000000e-01 7.50000000000000000000e-01 1.00000000000000000000e+00 
layer_sizes=10 4 2 
scale_included=0
neurons (num_inputs, activation_function, activation_steepness)=(0, 0, 0.00000000000000000000e+00) (0, 0, 0.00000000000000000000e+00) (0, 0, 0.00000000000000000000e+00) (0, 0, 0.00000000000000000000e+00) (0, 0, 0.00000000000000000000e+00) (0, 0, 0.00000000000000000000e+00) (0, 0, 0.00000000000000000000e+00) (0, 0, 0.00000000000000000000e+00) (0, 0, 0.00000000000000000000e+00) (0, 0, 0.00000000000000000000e+00) (10, 6, 5.00000000000000000000e-01) (10, 6, 5.00000000000000000000e-01) (10, 6, 5.00000000000000000000e-01) (0, 6, 0.00000000000000000000e+00) (4, 4, 5.00000000000000000000e-01) (0, 4, 0.00000000000000000000e+00) 
connections (connected_to_neuron, weight)=(0, -5.58686652548924467254e-01) (1, 2.01238671289777926177e+00) (2, -1.10355920317246100626e-01) (3, -8.48908607325737224469e-02) (4, -1.21871627922559322421e+00) (5, -2.52252446849125178119e-01) (6, 2.54663887073475114775e+00) (7, -1.98291284355173152987e-01) (8, 5.93510268012210295829e-01) (9, -2.49393751605069768917e-01) (0, -3.54195530884895104506e+00) (1, 1.31009016339689887687e+00) (2, 1.72398764664069847896e+00) (3, -1.78572193537470336189e+00) (4, 3.21510610240414962391e+00) (5, 2.33476794781365182274e+00) (6, 1.41689378349571715177e+00) (7, 9.32487533804798318648e-01) (8, 1.10740072853606830172e+00) (9, -2.02696855059346381367e+00) (0, -2.33159281545033625349e+00) (1, 1.75259119026272824904e+00) (2, 2.49939395696440191941e+00) (3, 3.94618332381169778511e-01) (4, 2.98862243640956837254e+00) (5, 2.39714052053370263451e+00) (6, 1.73442048498274714596e+00) (7, 1.05942176734008342009e+00) (8, 1.93514887444276961759e+00) (9, -3.84729047860088613220e+00) (10, 2.22414843406288342820e+00) (11, 4.26507036859636556869e+00) (12, 1.45516593570479273012e+02) (13, -3.39634279172211828168e+00) 
