FANN_FLO_2.1
num_layers=3
learning_rate=0.700000
connection_rate=1.000000
network_type=0
learning_momentum=0.000000
training_algorithm=2
train_error_function=1
train_stop_function=1
cascade_output_change_fraction=0.010000
quickprop_decay=-0.000100
quickprop_mu=1.750000
rprop_increase_factor=1.200000
rprop_decrease_factor=0.500000
rprop_delta_min=0.000000
rprop_delta_max=50.000000
rprop_delta_zero=0.100000
cascade_output_stagnation_epochs=12
cascade_candidate_change_fraction=0.010000
cascade_candidate_stagnation_epochs=12
cascade_max_out_epochs=150
cascade_min_out_epochs=50
cascade_max_cand_epochs=150
cascade_min_cand_epochs=50
cascade_num_candidate_groups=2
bit_fail_limit=1.00000000000000005551e-01
cascade_candidate_limit=1.00000000000000000000e+03
cascade_weight_multiplier=4.00000000000000022204e-01
cascade_activation_functions_count=10
cascade_activation_functions=3 5 7 8 10 11 14 15 16 17 
cascade_activation_steepnesses_count=4
cascade_activation_steepnesses=2.50000000000000000000e-01 5.00000000000000000000e-01 7.50000000000000000000e-01 1.00000000000000000000e+00 
layer_sizes=13 4 2 
scale_included=0
neurons (num_inputs, activation_function, activation_steepness)=(0, 0, 0.00000000000000000000e+00) (0, 0, 0.00000000000000000000e+00) (0, 0, 0.00000000000000000000e+00) (0, 0, 0.00000000000000000000e+00) (0, 0, 0.00000000000000000000e+00) (0, 0, 0.00000000000000000000e+00) (0, 0, 0.00000000000000000000e+00) (0, 0, 0.00000000000000000000e+00) (0, 0, 0.00000000000000000000e+00) (0, 0, 0.00000000000000000000e+00) (0, 0, 0.00000000000000000000e+00) (0, 0, 0.00000000000000000000e+00) (0, 0, 0.00000000000000000000e+00) (13, 6, 5.00000000000000000000e-01) (13, 6, 5.00000000000000000000e-01) (13, 6, 5.00000000000000000000e-01) (0, 6, 0.00000000000000000000e+00) (4, 4, 5.00000000000000000000e-01) (0, 4, 0.00000000000000000000e+00) 
connections (connected_to_neuron, weight)=(0, -1.66847629525548812879e+00) (1, 7.11194438986187371654e+00) (2, 2.07725529423670440821e+00) (3, -4.45280394136289014995e+00) (4, -4.48404395013430967509e+00) (5, -4.55943235188105955302e+00) (6, 2.03741375407890945581e+00) (7, 2.07260294309572845606e+00) (8, -2.48692750456844358098e+00) (9, -2.50374830412779836308e+00) (10, -2.49051846834932355534e+00) (11, 1.89120847809969072628e+00) (12, 4.52311524444407753176e-01) (0, -6.39655412756164443167e-01) (1, 3.03256445179445588423e+00) (2, 8.47447273335202200251e-01) (3, -1.82789326277087660344e+00) (4, -1.72378687378476591618e+00) (5, -1.86951635595868559392e+00) (6, 9.09420539638741254329e-01) (7, 9.24991381368382215022e-01) (8, -9.92094114030711571317e-01) (9, -1.06082759013306371365e+00) (10, -8.78825597072951714139e-01) (11, 1.51315324795595151919e+00) (12, 6.77778406033829189381e-03) (0, 5.14997508402224510315e-02) (1, 5.39813219984178971345e-01) (2, 3.90426041631437514834e-01) (3, -2.88095609896783122483e-01) (4, -1.94007189624909592851e-01) (5, -2.20055313461426926835e-01) (6, 4.03046222476698134951e-01) (7, 3.14710715858675216250e-01) (8, -1.19788423839782456892e-01) (9, -1.10638090137218217390e-01) (10, -7.43620104229199690993e-02) (11, 4.69089400838021197693e-01) (12, 1.39349832938007445193e+00) (13, 7.15130845956211480541e+00) (14, 2.86150991360409090447e+00) (15, 6.63676922668001989525e-02) (16, 1.73248025784636383584e-03) 
