FANN_FLO_2.1
num_layers=3
learning_rate=0.700000
connection_rate=1.000000
network_type=0
learning_momentum=0.000000
training_algorithm=2
train_error_function=1
train_stop_function=1
cascade_output_change_fraction=0.010000
quickprop_decay=-0.000100
quickprop_mu=1.750000
rprop_increase_factor=1.200000
rprop_decrease_factor=0.500000
rprop_delta_min=0.000000
rprop_delta_max=50.000000
rprop_delta_zero=0.100000
cascade_output_stagnation_epochs=12
cascade_candidate_change_fraction=0.010000
cascade_candidate_stagnation_epochs=12
cascade_max_out_epochs=150
cascade_min_out_epochs=50
cascade_max_cand_epochs=150
cascade_min_cand_epochs=50
cascade_num_candidate_groups=2
bit_fail_limit=1.00000000000000005551e-01
cascade_candidate_limit=1.00000000000000000000e+03
cascade_weight_multiplier=4.00000000000000022204e-01
cascade_activation_functions_count=10
cascade_activation_functions=3 5 7 8 10 11 14 15 16 17 
cascade_activation_steepnesses_count=4
cascade_activation_steepnesses=2.50000000000000000000e-01 5.00000000000000000000e-01 7.50000000000000000000e-01 1.00000000000000000000e+00 
layer_sizes=10 4 2 
scale_included=0
neurons (num_inputs, activation_function, activation_steepness)=(0, 0, 0.00000000000000000000e+00) (0, 0, 0.00000000000000000000e+00) (0, 0, 0.00000000000000000000e+00) (0, 0, 0.00000000000000000000e+00) (0, 0, 0.00000000000000000000e+00) (0, 0, 0.00000000000000000000e+00) (0, 0, 0.00000000000000000000e+00) (0, 0, 0.00000000000000000000e+00) (0, 0, 0.00000000000000000000e+00) (0, 0, 0.00000000000000000000e+00) (10, 6, 5.00000000000000000000e-01) (10, 6, 5.00000000000000000000e-01) (10, 6, 5.00000000000000000000e-01) (0, 6, 0.00000000000000000000e+00) (4, 4, 5.00000000000000000000e-01) (0, 4, 0.00000000000000000000e+00) 
connections (connected_to_neuron, weight)=(0, -8.02633725970578248976e-01) (1, -2.92858893560144117885e+00) (2, -5.46949116418058434164e-01) (3, -6.20362591290694043167e-01) (4, -1.58158538116577140897e+00) (5, -2.24063747175294771807e+01) (6, 7.54706538822021943957e+00) (7, -2.16314587619076714731e+00) (8, -1.70029157272485109686e+00) (9, 2.09336053365324764597e-01) (0, -2.74011500105049821130e+00) (1, -1.74612026934657404986e+00) (2, -4.21296123542943712348e-01) (3, -4.19702880892322938156e-01) (4, -1.74891998073235055422e+00) (5, -3.87581136409247239971e-01) (6, -1.43403596081110307203e+00) (7, -9.05337144487244338542e-01) (8, -7.64829452779088092562e-01) (9, 2.72662182111694839648e+00) (0, 7.53935317504635160724e-01) (1, 4.63138403733133241502e+00) (2, 1.14153608770454328969e+00) (3, 1.11045354718216104928e+00) (4, 2.16796877475508331656e+00) (5, 9.69800176068521722073e+01) (6, -7.10179340499791855734e+00) (7, 2.50254070234008541007e+00) (8, 1.83525277469227310334e+00) (9, -1.31543677079864945734e-01) (10, -2.37118458273696930405e+00) (11, -1.68683766063583533423e+02) (12, 1.58341294502908791486e+00) (13, -5.32785879315337318474e+00) 
