FANN_FLO_2.1
num_layers=3
learning_rate=0.700000
connection_rate=1.000000
network_type=0
learning_momentum=0.000000
training_algorithm=2
train_error_function=1
train_stop_function=1
cascade_output_change_fraction=0.010000
quickprop_decay=-0.000100
quickprop_mu=1.750000
rprop_increase_factor=1.200000
rprop_decrease_factor=0.500000
rprop_delta_min=0.000000
rprop_delta_max=50.000000
rprop_delta_zero=0.100000
cascade_output_stagnation_epochs=12
cascade_candidate_change_fraction=0.010000
cascade_candidate_stagnation_epochs=12
cascade_max_out_epochs=150
cascade_min_out_epochs=50
cascade_max_cand_epochs=150
cascade_min_cand_epochs=50
cascade_num_candidate_groups=2
bit_fail_limit=1.00000000000000005551e-01
cascade_candidate_limit=1.00000000000000000000e+03
cascade_weight_multiplier=4.00000000000000022204e-01
cascade_activation_functions_count=10
cascade_activation_functions=3 5 7 8 10 11 14 15 16 17 
cascade_activation_steepnesses_count=4
cascade_activation_steepnesses=2.50000000000000000000e-01 5.00000000000000000000e-01 7.50000000000000000000e-01 1.00000000000000000000e+00 
layer_sizes=18 4 2 
scale_included=0
neurons (num_inputs, activation_function, activation_steepness)=(0, 0, 0.00000000000000000000e+00) (0, 0, 0.00000000000000000000e+00) (0, 0, 0.00000000000000000000e+00) (0, 0, 0.00000000000000000000e+00) (0, 0, 0.00000000000000000000e+00) (0, 0, 0.00000000000000000000e+00) (0, 0, 0.00000000000000000000e+00) (0, 0, 0.00000000000000000000e+00) (0, 0, 0.00000000000000000000e+00) (0, 0, 0.00000000000000000000e+00) (0, 0, 0.00000000000000000000e+00) (0, 0, 0.00000000000000000000e+00) (0, 0, 0.00000000000000000000e+00) (0, 0, 0.00000000000000000000e+00) (0, 0, 0.00000000000000000000e+00) (0, 0, 0.00000000000000000000e+00) (0, 0, 0.00000000000000000000e+00) (0, 0, 0.00000000000000000000e+00) (18, 6, 5.00000000000000000000e-01) (18, 6, 5.00000000000000000000e-01) (18, 6, 5.00000000000000000000e-01) (0, 6, 0.00000000000000000000e+00) (4, 4, 5.00000000000000000000e-01) (0, 4, 0.00000000000000000000e+00) 
connections (connected_to_neuron, weight)=(0, 2.05287213543656577031e+00) (1, 2.14606879785930670934e+00) (2, -9.62883361580946561809e-01) (3, -9.90464922589551544085e-01) (4, -1.34589438457802090809e+00) (5, -6.88212661495340993767e-01) (6, -1.08486078597378909905e+01) (7, 1.77734654121281021588e+00) (8, 6.49996986827215916804e+00) (9, 6.79253533765561523516e-01) (10, 1.91172851786572461918e+00) (11, 5.37686326606683717699e+00) (12, -3.45800518887453389727e-01) (13, -1.40293111705257729227e+01) (14, 3.87367924039394351254e+00) (15, -7.92588621805269344378e+00) (16, 3.89935648924247413305e+00) (17, 1.58959476395160481665e+00) (0, -2.37195264373847471973e+01) (1, 1.31930070560354462117e+00) (2, 3.57587150812344711781e+00) (3, 1.18840402912325826534e+00) (4, 9.72431088645620667066e-01) (5, 3.23667824499335710087e+00) (6, 2.75997773519290419131e+01) (7, 1.88717831854847317707e+00) (8, 3.19137509612661851577e+00) (9, 8.29088526573386275231e-01) (10, -1.00245268497349618309e-01) (11, -9.88910002740095350759e+00) (12, 3.14097402733017538878e+00) (13, 2.47437391129171970761e+01) (14, 4.15565891200806802885e+00) (15, 8.11756102800965173572e+00) (16, 4.07452218678741928670e+00) (17, -4.35225016065932734932e+00) (0, -4.57397607488814230692e+01) (1, 4.34543500348595213012e+00) (2, -3.79501696750626704713e+00) (3, 1.14253892223134134731e+00) (4, 1.41870878938452205098e+00) (5, -8.33979508854427081133e+02) (6, -1.47618438641281932178e+03) (7, 3.69674363268349370770e+00) (8, 7.70793914746977737451e+00) (9, 7.15288681855003466437e-02) (10, 1.24191256259704863041e+00) (11, -1.50000000000000000000e+03) (12, -1.50000000000000000000e+03) (13, -1.50000000000000000000e+03) (14, -1.50000000000000000000e+03) (15, 1.38324555071653705340e+01) (16, -1.50000000000000000000e+03) (17, -2.99173320571967371606e+00) (18, 2.94141792690693790746e+01) (19, 2.33888258307372645106e+01) (20, 1.03198384362408361881e+01) (21, -1.41826285701624588143e+00) 
