FANN_FLO_2.1
num_layers=3
learning_rate=0.700000
connection_rate=1.000000
network_type=0
learning_momentum=0.000000
training_algorithm=2
train_error_function=1
train_stop_function=1
cascade_output_change_fraction=0.010000
quickprop_decay=-0.000100
quickprop_mu=1.750000
rprop_increase_factor=1.200000
rprop_decrease_factor=0.500000
rprop_delta_min=0.000000
rprop_delta_max=50.000000
rprop_delta_zero=0.100000
cascade_output_stagnation_epochs=12
cascade_candidate_change_fraction=0.010000
cascade_candidate_stagnation_epochs=12
cascade_max_out_epochs=150
cascade_min_out_epochs=50
cascade_max_cand_epochs=150
cascade_min_cand_epochs=50
cascade_num_candidate_groups=2
bit_fail_limit=1.00000000000000005551e-01
cascade_candidate_limit=1.00000000000000000000e+03
cascade_weight_multiplier=4.00000000000000022204e-01
cascade_activation_functions_count=10
cascade_activation_functions=3 5 7 8 10 11 14 15 16 17 
cascade_activation_steepnesses_count=4
cascade_activation_steepnesses=2.50000000000000000000e-01 5.00000000000000000000e-01 7.50000000000000000000e-01 1.00000000000000000000e+00 
layer_sizes=10 4 2 
scale_included=0
neurons (num_inputs, activation_function, activation_steepness)=(0, 0, 0.00000000000000000000e+00) (0, 0, 0.00000000000000000000e+00) (0, 0, 0.00000000000000000000e+00) (0, 0, 0.00000000000000000000e+00) (0, 0, 0.00000000000000000000e+00) (0, 0, 0.00000000000000000000e+00) (0, 0, 0.00000000000000000000e+00) (0, 0, 0.00000000000000000000e+00) (0, 0, 0.00000000000000000000e+00) (0, 0, 0.00000000000000000000e+00) (10, 6, 5.00000000000000000000e-01) (10, 6, 5.00000000000000000000e-01) (10, 6, 5.00000000000000000000e-01) (0, 6, 0.00000000000000000000e+00) (4, 4, 5.00000000000000000000e-01) (0, 4, 0.00000000000000000000e+00) 
connections (connected_to_neuron, weight)=(0, -1.80008623970072392240e+01) (1, -1.23999381013434106791e+01) (2, 1.72925082228815663044e+00) (3, 1.23583440814001512820e+01) (4, 8.42427845314314249769e-01) (5, 2.93452675509210081373e+00) (6, 3.30426424434789609563e+01) (7, -4.09788087662877220652e-01) (8, -1.24255507114915779709e+01) (9, 9.53684506418065325306e+00) (0, 7.01306880317416059256e+00) (1, 1.56444953803884878596e+00) (2, 3.21525409598844946757e+00) (3, 8.22515546583035050965e-01) (4, 7.15743748448572914000e-01) (5, 3.07961771989237975689e+00) (6, 9.59261787177480895750e-01) (7, 4.32396263384500301186e+00) (8, 2.22611693491673801049e+00) (9, -5.04093075007831714629e+00) (0, 1.62642777132492266645e+00) (1, -3.89415387745565999555e-01) (2, -1.26818732464622363487e+00) (3, 3.60863653045760157667e+00) (4, 2.17960234801223018408e+00) (5, -1.11020776040820012831e+00) (6, 8.13988842444118354535e+00) (7, -1.30941761003837999766e+01) (8, -1.26916275369329367706e+00) (9, -8.40784104795026521195e-01) (10, -9.40611932622952906513e+00) (11, 2.78717212895892991753e+01) (12, 1.78327838992046103783e+01) (13, -1.62050631242886788996e+00) 
