FANN_FLO_2.1
num_layers=3
learning_rate=0.700000
connection_rate=1.000000
network_type=0
learning_momentum=0.000000
training_algorithm=2
train_error_function=1
train_stop_function=1
cascade_output_change_fraction=0.010000
quickprop_decay=-0.000100
quickprop_mu=1.750000
rprop_increase_factor=1.200000
rprop_decrease_factor=0.500000
rprop_delta_min=0.000000
rprop_delta_max=50.000000
rprop_delta_zero=0.100000
cascade_output_stagnation_epochs=12
cascade_candidate_change_fraction=0.010000
cascade_candidate_stagnation_epochs=12
cascade_max_out_epochs=150
cascade_min_out_epochs=50
cascade_max_cand_epochs=150
cascade_min_cand_epochs=50
cascade_num_candidate_groups=2
bit_fail_limit=1.00000000000000005551e-01
cascade_candidate_limit=1.00000000000000000000e+03
cascade_weight_multiplier=4.00000000000000022204e-01
cascade_activation_functions_count=10
cascade_activation_functions=3 5 7 8 10 11 14 15 16 17 
cascade_activation_steepnesses_count=4
cascade_activation_steepnesses=2.50000000000000000000e-01 5.00000000000000000000e-01 7.50000000000000000000e-01 1.00000000000000000000e+00 
layer_sizes=10 4 2 
scale_included=0
neurons (num_inputs, activation_function, activation_steepness)=(0, 0, 0.00000000000000000000e+00) (0, 0, 0.00000000000000000000e+00) (0, 0, 0.00000000000000000000e+00) (0, 0, 0.00000000000000000000e+00) (0, 0, 0.00000000000000000000e+00) (0, 0, 0.00000000000000000000e+00) (0, 0, 0.00000000000000000000e+00) (0, 0, 0.00000000000000000000e+00) (0, 0, 0.00000000000000000000e+00) (0, 0, 0.00000000000000000000e+00) (10, 6, 5.00000000000000000000e-01) (10, 6, 5.00000000000000000000e-01) (10, 6, 5.00000000000000000000e-01) (0, 6, 0.00000000000000000000e+00) (4, 4, 5.00000000000000000000e-01) (0, 4, 0.00000000000000000000e+00) 
connections (connected_to_neuron, weight)=(0, -5.90751187680102418653e+00) (1, 2.68533142265002755522e+00) (2, 2.44796809959767847076e+00) (3, -9.60512985350965520226e-01) (4, 4.24500204209422449253e+00) (5, 3.23336715483720871234e+00) (6, 2.63110782990017355587e+00) (7, 1.29853605624882173508e+00) (8, 1.43629468890526679203e+00) (9, -4.25140413819158702324e+00) (0, -3.39246813655605317095e+00) (1, 9.53310443301478738221e-01) (2, 1.17915635785514716360e+00) (3, -1.95470463846238506900e-01) (4, 1.63050122919900308815e+00) (5, 1.81970355273132211593e+00) (6, 1.14286894641019642904e+00) (7, -2.58825744391916279241e+00) (8, 2.84356456948430302845e+00) (9, -1.34858090754805148848e+00) (0, 1.19419277098262277548e+01) (1, 5.48048500134852081822e-02) (2, 2.68696388300102340096e-01) (3, 4.96476710021904565906e+00) (4, -8.93841326549963399728e-01) (5, -2.66288918356110126950e+00) (6, 3.34149568405696095752e-02) (7, 9.82734919785119731550e-01) (8, -5.55845103123722913963e-02) (9, 8.74823547285889091540e+00) (10, 1.88736639564527365565e+02) (11, 5.78938106050422760518e+01) (12, -1.12244029535253897478e+00) (13, -1.13218099816044226458e+00) 
