FANN_FLO_2.1
num_layers=3
learning_rate=0.700000
connection_rate=1.000000
network_type=0
learning_momentum=0.000000
training_algorithm=2
train_error_function=1
train_stop_function=1
cascade_output_change_fraction=0.010000
quickprop_decay=-0.000100
quickprop_mu=1.750000
rprop_increase_factor=1.200000
rprop_decrease_factor=0.500000
rprop_delta_min=0.000000
rprop_delta_max=50.000000
rprop_delta_zero=0.100000
cascade_output_stagnation_epochs=12
cascade_candidate_change_fraction=0.010000
cascade_candidate_stagnation_epochs=12
cascade_max_out_epochs=150
cascade_min_out_epochs=50
cascade_max_cand_epochs=150
cascade_min_cand_epochs=50
cascade_num_candidate_groups=2
bit_fail_limit=1.00000000000000005551e-01
cascade_candidate_limit=1.00000000000000000000e+03
cascade_weight_multiplier=4.00000000000000022204e-01
cascade_activation_functions_count=10
cascade_activation_functions=3 5 7 8 10 11 14 15 16 17 
cascade_activation_steepnesses_count=4
cascade_activation_steepnesses=2.50000000000000000000e-01 5.00000000000000000000e-01 7.50000000000000000000e-01 1.00000000000000000000e+00 
layer_sizes=11 4 2 
scale_included=0
neurons (num_inputs, activation_function, activation_steepness)=(0, 0, 0.00000000000000000000e+00) (0, 0, 0.00000000000000000000e+00) (0, 0, 0.00000000000000000000e+00) (0, 0, 0.00000000000000000000e+00) (0, 0, 0.00000000000000000000e+00) (0, 0, 0.00000000000000000000e+00) (0, 0, 0.00000000000000000000e+00) (0, 0, 0.00000000000000000000e+00) (0, 0, 0.00000000000000000000e+00) (0, 0, 0.00000000000000000000e+00) (0, 0, 0.00000000000000000000e+00) (11, 6, 5.00000000000000000000e-01) (11, 6, 5.00000000000000000000e-01) (11, 6, 5.00000000000000000000e-01) (0, 6, 0.00000000000000000000e+00) (4, 4, 5.00000000000000000000e-01) (0, 4, 0.00000000000000000000e+00) 
connections (connected_to_neuron, weight)=(0, -4.44002915723361457623e+00) (1, -2.13478689007950128698e+00) (2, -2.35418475551336436880e+00) (3, -2.88743698931298942156e+00) (4, 3.14447596058090095283e+00) (5, -2.02559456570718365853e+00) (6, -2.62904043035691081798e+00) (7, -3.36579784180251362358e+00) (8, -2.13867316799099693725e+00) (9, -1.44414323262198740494e+00) (10, 4.57083688873491400528e+00) (0, 2.64685873949829397755e-01) (1, -1.69528888027826063478e+00) (2, 1.72075614536080057082e-01) (3, -1.77598879579564705722e+00) (4, 6.39641933474332291532e-01) (5, 1.66429266866315928031e-01) (6, -5.61739736215618346016e-01) (7, -7.89965980351518326508e-01) (8, -1.97555732420562013552e-01) (9, 1.05296599174292881962e+00) (10, 8.79049676953152614445e-01) (0, 1.83446096541625219833e-01) (1, -8.54451920486960947443e-01) (2, 2.12663827858484616451e-01) (3, -1.75668052082762615740e+00) (4, 4.69891807240583381233e-01) (5, -2.19935401144573061671e+00) (6, -4.41489726233906809583e-01) (7, -6.72288071960757793732e-01) (8, -2.46521991184828676014e-01) (9, 1.07810946608336788444e+00) (10, 8.31458517451460599190e-01) (11, -1.45404883930630944633e+02) (12, -1.40218206173714032836e+00) (13, -2.32715645986349750629e+00) (14, -2.28206657100660947890e+00) 
