FANN_FLO_2.1
num_layers=3
learning_rate=0.700000
connection_rate=1.000000
network_type=0
learning_momentum=0.000000
training_algorithm=2
train_error_function=1
train_stop_function=1
cascade_output_change_fraction=0.010000
quickprop_decay=-0.000100
quickprop_mu=1.750000
rprop_increase_factor=1.200000
rprop_decrease_factor=0.500000
rprop_delta_min=0.000000
rprop_delta_max=50.000000
rprop_delta_zero=0.100000
cascade_output_stagnation_epochs=12
cascade_candidate_change_fraction=0.010000
cascade_candidate_stagnation_epochs=12
cascade_max_out_epochs=150
cascade_min_out_epochs=50
cascade_max_cand_epochs=150
cascade_min_cand_epochs=50
cascade_num_candidate_groups=2
bit_fail_limit=1.00000000000000005551e-01
cascade_candidate_limit=1.00000000000000000000e+03
cascade_weight_multiplier=4.00000000000000022204e-01
cascade_activation_functions_count=10
cascade_activation_functions=3 5 7 8 10 11 14 15 16 17 
cascade_activation_steepnesses_count=4
cascade_activation_steepnesses=2.50000000000000000000e-01 5.00000000000000000000e-01 7.50000000000000000000e-01 1.00000000000000000000e+00 
layer_sizes=10 4 2 
scale_included=0
neurons (num_inputs, activation_function, activation_steepness)=(0, 0, 0.00000000000000000000e+00) (0, 0, 0.00000000000000000000e+00) (0, 0, 0.00000000000000000000e+00) (0, 0, 0.00000000000000000000e+00) (0, 0, 0.00000000000000000000e+00) (0, 0, 0.00000000000000000000e+00) (0, 0, 0.00000000000000000000e+00) (0, 0, 0.00000000000000000000e+00) (0, 0, 0.00000000000000000000e+00) (0, 0, 0.00000000000000000000e+00) (10, 6, 5.00000000000000000000e-01) (10, 6, 5.00000000000000000000e-01) (10, 6, 5.00000000000000000000e-01) (0, 6, 0.00000000000000000000e+00) (4, 4, 5.00000000000000000000e-01) (0, 4, 0.00000000000000000000e+00) 
connections (connected_to_neuron, weight)=(0, 1.04620403113821236474e+00) (1, 6.64165934663572099517e-01) (2, 3.88955406140951087668e-01) (3, 1.08554708074047212563e+00) (4, 2.86900475489007655838e-01) (5, 5.47851196371074489200e-01) (6, 1.29672620581585995581e+00) (7, 1.19787589331254795688e+00) (8, 1.63292081824258161760e+00) (9, -6.81937144699455211061e-01) (0, 1.28281312784001721994e+00) (1, 2.60267592040737127945e+00) (2, 2.37120446113112359754e+00) (3, 1.82397301887907081763e+00) (4, 2.64555043543177381693e+00) (5, 2.39090578704857481540e+00) (6, 2.27315800962750946823e+00) (7, 1.98507367845904858505e+00) (8, 6.25927098900417444582e+00) (9, -2.57569444212242926184e+00) (0, -2.87463861365658734925e+00) (1, -3.68660391028332978802e-01) (2, -1.80063143248434154309e+00) (3, 3.11492556152986876938e-02) (4, 3.46610227763572886772e+00) (5, -1.83807594102053917240e+00) (6, 8.68464835265418844124e-01) (7, 3.13170258564052694794e+00) (8, 1.24840889356876516558e+00) (9, 2.11626529027509846514e+00) (10, 9.48701066094787437422e-01) (11, 1.95064706270453243064e+01) (12, -1.77981948854273461791e+01) (13, -9.12123499367039070052e-01) 
