FANN_FLO_2.1
num_layers=3
learning_rate=0.700000
connection_rate=1.000000
network_type=0
learning_momentum=0.000000
training_algorithm=2
train_error_function=1
train_stop_function=1
cascade_output_change_fraction=0.010000
quickprop_decay=-0.000100
quickprop_mu=1.750000
rprop_increase_factor=1.200000
rprop_decrease_factor=0.500000
rprop_delta_min=0.000000
rprop_delta_max=50.000000
rprop_delta_zero=0.100000
cascade_output_stagnation_epochs=12
cascade_candidate_change_fraction=0.010000
cascade_candidate_stagnation_epochs=12
cascade_max_out_epochs=150
cascade_min_out_epochs=50
cascade_max_cand_epochs=150
cascade_min_cand_epochs=50
cascade_num_candidate_groups=2
bit_fail_limit=1.00000000000000005551e-01
cascade_candidate_limit=1.00000000000000000000e+03
cascade_weight_multiplier=4.00000000000000022204e-01
cascade_activation_functions_count=10
cascade_activation_functions=3 5 7 8 10 11 14 15 16 17 
cascade_activation_steepnesses_count=4
cascade_activation_steepnesses=2.50000000000000000000e-01 5.00000000000000000000e-01 7.50000000000000000000e-01 1.00000000000000000000e+00 
layer_sizes=10 4 2 
scale_included=0
neurons (num_inputs, activation_function, activation_steepness)=(0, 0, 0.00000000000000000000e+00) (0, 0, 0.00000000000000000000e+00) (0, 0, 0.00000000000000000000e+00) (0, 0, 0.00000000000000000000e+00) (0, 0, 0.00000000000000000000e+00) (0, 0, 0.00000000000000000000e+00) (0, 0, 0.00000000000000000000e+00) (0, 0, 0.00000000000000000000e+00) (0, 0, 0.00000000000000000000e+00) (0, 0, 0.00000000000000000000e+00) (10, 6, 5.00000000000000000000e-01) (10, 6, 5.00000000000000000000e-01) (10, 6, 5.00000000000000000000e-01) (0, 6, 0.00000000000000000000e+00) (4, 4, 5.00000000000000000000e-01) (0, 4, 0.00000000000000000000e+00) 
connections (connected_to_neuron, weight)=(0, -7.46617749277722952961e-01) (1, 2.34036669993089896380e+00) (2, 1.33530289231485443935e+00) (3, 5.76669394540244573122e-01) (4, 2.06569342798460997557e+00) (5, 1.60147384260771996622e+00) (6, 2.96878495472827896862e+00) (7, 5.46753198478266089211e-01) (8, 3.00501449439087853222e+00) (9, -2.26949946934375779151e+00) (0, -4.51219337706502632290e-01) (1, 8.99376005373938358645e-01) (2, 1.07708289204362178682e-01) (3, 3.94776767345587420444e-01) (4, 1.77736680525054091540e+00) (5, 2.32736588929320520336e+00) (6, 1.66719586933897767622e+00) (7, 4.70841773944778774208e-01) (8, 1.28177438761696538272e+00) (9, -7.95715845703401147837e-01) (0, 2.52879017029881492107e+00) (1, 2.25221291421093550156e+00) (2, 2.49946657370925739983e+00) (3, 3.16270197934868013689e+00) (4, 1.00948436962370968750e+00) (5, 1.37162416757863958594e+00) (6, -2.30561834464834358727e+00) (7, 5.33064758366715851778e-02) (8, -1.89598610198354555756e+00) (9, 3.35644629065423494296e+00) (10, 6.62721583498703807891e+01) (11, 2.21413160621672355788e+00) (12, -1.06507808998243791443e+00) (13, -1.03573762908594568799e+00) 
