FANN_FLO_2.1
num_layers=3
learning_rate=0.700000
connection_rate=1.000000
network_type=0
learning_momentum=0.000000
training_algorithm=2
train_error_function=1
train_stop_function=1
cascade_output_change_fraction=0.010000
quickprop_decay=-0.000100
quickprop_mu=1.750000
rprop_increase_factor=1.200000
rprop_decrease_factor=0.500000
rprop_delta_min=0.000000
rprop_delta_max=50.000000
rprop_delta_zero=0.100000
cascade_output_stagnation_epochs=12
cascade_candidate_change_fraction=0.010000
cascade_candidate_stagnation_epochs=12
cascade_max_out_epochs=150
cascade_min_out_epochs=50
cascade_max_cand_epochs=150
cascade_min_cand_epochs=50
cascade_num_candidate_groups=2
bit_fail_limit=1.00000000000000005551e-01
cascade_candidate_limit=1.00000000000000000000e+03
cascade_weight_multiplier=4.00000000000000022204e-01
cascade_activation_functions_count=10
cascade_activation_functions=3 5 7 8 10 11 14 15 16 17 
cascade_activation_steepnesses_count=4
cascade_activation_steepnesses=2.50000000000000000000e-01 5.00000000000000000000e-01 7.50000000000000000000e-01 1.00000000000000000000e+00 
layer_sizes=6 4 2 
scale_included=0
neurons (num_inputs, activation_function, activation_steepness)=(0, 0, 0.00000000000000000000e+00) (0, 0, 0.00000000000000000000e+00) (0, 0, 0.00000000000000000000e+00) (0, 0, 0.00000000000000000000e+00) (0, 0, 0.00000000000000000000e+00) (0, 0, 0.00000000000000000000e+00) (6, 6, 5.00000000000000000000e-01) (6, 6, 5.00000000000000000000e-01) (6, 6, 5.00000000000000000000e-01) (0, 6, 0.00000000000000000000e+00) (4, 4, 5.00000000000000000000e-01) (0, 4, 0.00000000000000000000e+00) 
connections (connected_to_neuron, weight)=(0, 3.64018863315165086547e+00) (1, -2.73832807240390474490e+00) (2, -2.03492162777032881138e+00) (3, -1.67480094985570127086e+00) (4, -1.87626852558992673892e+00) (5, 3.36850603627064471013e+00) (0, -1.50860828890033049632e+00) (1, 2.27328172986011267653e+00) (2, 1.08278828107055447028e+00) (3, 4.76228210100946180994e-01) (4, 5.71343819567975752527e-01) (5, -1.09019230028095481799e+00) (0, 3.04528213820501969522e+00) (1, -2.66411441860103304080e+00) (2, -1.87830651206817655918e+00) (3, -4.60476387660168962057e-01) (4, -1.95824463384292868362e+00) (5, 2.81976599565255670043e+00) (6, -5.29761327894888101042e+00) (7, 3.23283066449613309956e+00) (8, -5.32344923260173974455e+00) (9, -1.09690549691620109485e+00) 
