FANN_FLO_2.1
num_layers=3
learning_rate=0.700000
connection_rate=1.000000
network_type=0
learning_momentum=0.000000
training_algorithm=2
train_error_function=1
train_stop_function=1
cascade_output_change_fraction=0.010000
quickprop_decay=-0.000100
quickprop_mu=1.750000
rprop_increase_factor=1.200000
rprop_decrease_factor=0.500000
rprop_delta_min=0.000000
rprop_delta_max=50.000000
rprop_delta_zero=0.100000
cascade_output_stagnation_epochs=12
cascade_candidate_change_fraction=0.010000
cascade_candidate_stagnation_epochs=12
cascade_max_out_epochs=150
cascade_min_out_epochs=50
cascade_max_cand_epochs=150
cascade_min_cand_epochs=50
cascade_num_candidate_groups=2
bit_fail_limit=1.00000000000000005551e-01
cascade_candidate_limit=1.00000000000000000000e+03
cascade_weight_multiplier=4.00000000000000022204e-01
cascade_activation_functions_count=10
cascade_activation_functions=3 5 7 8 10 11 14 15 16 17 
cascade_activation_steepnesses_count=4
cascade_activation_steepnesses=2.50000000000000000000e-01 5.00000000000000000000e-01 7.50000000000000000000e-01 1.00000000000000000000e+00 
layer_sizes=10 4 2 
scale_included=0
neurons (num_inputs, activation_function, activation_steepness)=(0, 0, 0.00000000000000000000e+00) (0, 0, 0.00000000000000000000e+00) (0, 0, 0.00000000000000000000e+00) (0, 0, 0.00000000000000000000e+00) (0, 0, 0.00000000000000000000e+00) (0, 0, 0.00000000000000000000e+00) (0, 0, 0.00000000000000000000e+00) (0, 0, 0.00000000000000000000e+00) (0, 0, 0.00000000000000000000e+00) (0, 0, 0.00000000000000000000e+00) (10, 6, 5.00000000000000000000e-01) (10, 6, 5.00000000000000000000e-01) (10, 6, 5.00000000000000000000e-01) (0, 6, 0.00000000000000000000e+00) (4, 4, 5.00000000000000000000e-01) (0, 4, 0.00000000000000000000e+00) 
connections (connected_to_neuron, weight)=(0, 5.07028030791123685006e-01) (1, 1.24980949675621011430e+00) (2, 2.86901432669092903982e-01) (3, 9.65612897688522875406e-01) (4, 1.31979421392746237851e-01) (5, 5.48962712053923773681e-01) (6, 1.18066372585392898031e+00) (7, 6.53760684728619367867e-01) (8, 1.53323783540768587841e+00) (9, 3.77054242845324821820e-02) (0, -6.82262999845623663298e-01) (1, -8.21062489205217738153e-01) (2, -1.15445634171461675166e+00) (3, 2.31134838344578874558e-01) (4, 5.21934061290072470740e-01) (5, -1.09521012007579021663e+00) (6, 2.56364731537348011781e-01) (7, 6.42446491826117793700e-01) (8, -7.97222214487611879896e-01) (9, 1.03678601762369804185e+00) (0, -6.18809109462380324551e-01) (1, -7.25426859014845271112e-01) (2, -1.22365413799976896492e+00) (3, 1.38754553081517351121e-01) (4, 5.93550122321890638588e-01) (5, -1.23215468972310193685e+00) (6, 2.05489306198602894593e-01) (7, 5.53960282481892773987e-01) (8, -7.38475116637765993666e-01) (9, 1.00010846337393455308e+00) (10, 4.40041508304295836407e-01) (11, -2.53368429396779895058e+01) (12, -1.23966710356940367888e+02) (13, -1.89646101728964427968e-01) 
