FANN_FLO_2.1
num_layers=3
learning_rate=0.700000
connection_rate=1.000000
network_type=0
learning_momentum=0.000000
training_algorithm=2
train_error_function=1
train_stop_function=1
cascade_output_change_fraction=0.010000
quickprop_decay=-0.000100
quickprop_mu=1.750000
rprop_increase_factor=1.200000
rprop_decrease_factor=0.500000
rprop_delta_min=0.000000
rprop_delta_max=50.000000
rprop_delta_zero=0.100000
cascade_output_stagnation_epochs=12
cascade_candidate_change_fraction=0.010000
cascade_candidate_stagnation_epochs=12
cascade_max_out_epochs=150
cascade_min_out_epochs=50
cascade_max_cand_epochs=150
cascade_min_cand_epochs=50
cascade_num_candidate_groups=2
bit_fail_limit=1.00000000000000005551e-01
cascade_candidate_limit=1.00000000000000000000e+03
cascade_weight_multiplier=4.00000000000000022204e-01
cascade_activation_functions_count=10
cascade_activation_functions=3 5 7 8 10 11 14 15 16 17 
cascade_activation_steepnesses_count=4
cascade_activation_steepnesses=2.50000000000000000000e-01 5.00000000000000000000e-01 7.50000000000000000000e-01 1.00000000000000000000e+00 
layer_sizes=6 4 2 
scale_included=0
neurons (num_inputs, activation_function, activation_steepness)=(0, 0, 0.00000000000000000000e+00) (0, 0, 0.00000000000000000000e+00) (0, 0, 0.00000000000000000000e+00) (0, 0, 0.00000000000000000000e+00) (0, 0, 0.00000000000000000000e+00) (0, 0, 0.00000000000000000000e+00) (6, 6, 5.00000000000000000000e-01) (6, 6, 5.00000000000000000000e-01) (6, 6, 5.00000000000000000000e-01) (0, 6, 0.00000000000000000000e+00) (4, 4, 5.00000000000000000000e-01) (0, 4, 0.00000000000000000000e+00) 
connections (connected_to_neuron, weight)=(0, -1.57400195166136880331e+00) (1, 9.62084662792288547450e-01) (2, 1.95319377175393094070e+00) (3, 1.13942964723878104039e+00) (4, 3.37601003878681060755e+00) (5, -1.32396224310230481436e+00) (0, -5.22224496641521440665e+00) (1, 4.79991806026578071709e+00) (2, 4.31290439137249403956e+00) (3, 1.56912173479057415193e+00) (4, 1.56966193168617351716e+00) (5, -5.10724768890345082184e+00) (0, 1.70575658968818077987e+00) (1, -2.40318705275608079930e+00) (2, -6.35048357839561816718e-01) (3, 1.96428754523131049448e-01) (4, 2.52164069345898536612e-02) (5, 1.57833472520732076561e+00) (6, 1.90070580134175837195e+00) (7, 5.23695871238391230662e+00) (8, -3.04746359318225445989e+00) (9, -1.94293564386370243291e+00) 
