FANN_FLO_2.1
num_layers=3
learning_rate=0.700000
connection_rate=1.000000
network_type=0
learning_momentum=0.000000
training_algorithm=2
train_error_function=1
train_stop_function=1
cascade_output_change_fraction=0.010000
quickprop_decay=-0.000100
quickprop_mu=1.750000
rprop_increase_factor=1.200000
rprop_decrease_factor=0.500000
rprop_delta_min=0.000000
rprop_delta_max=50.000000
rprop_delta_zero=0.100000
cascade_output_stagnation_epochs=12
cascade_candidate_change_fraction=0.010000
cascade_candidate_stagnation_epochs=12
cascade_max_out_epochs=150
cascade_min_out_epochs=50
cascade_max_cand_epochs=150
cascade_min_cand_epochs=50
cascade_num_candidate_groups=2
bit_fail_limit=1.00000000000000005551e-01
cascade_candidate_limit=1.00000000000000000000e+03
cascade_weight_multiplier=4.00000000000000022204e-01
cascade_activation_functions_count=10
cascade_activation_functions=3 5 7 8 10 11 14 15 16 17 
cascade_activation_steepnesses_count=4
cascade_activation_steepnesses=2.50000000000000000000e-01 5.00000000000000000000e-01 7.50000000000000000000e-01 1.00000000000000000000e+00 
layer_sizes=9 4 2 
scale_included=0
neurons (num_inputs, activation_function, activation_steepness)=(0, 0, 0.00000000000000000000e+00) (0, 0, 0.00000000000000000000e+00) (0, 0, 0.00000000000000000000e+00) (0, 0, 0.00000000000000000000e+00) (0, 0, 0.00000000000000000000e+00) (0, 0, 0.00000000000000000000e+00) (0, 0, 0.00000000000000000000e+00) (0, 0, 0.00000000000000000000e+00) (0, 0, 0.00000000000000000000e+00) (9, 6, 5.00000000000000000000e-01) (9, 6, 5.00000000000000000000e-01) (9, 6, 5.00000000000000000000e-01) (0, 6, 0.00000000000000000000e+00) (4, 4, 5.00000000000000000000e-01) (0, 4, 0.00000000000000000000e+00) 
connections (connected_to_neuron, weight)=(0, -2.32141373860766009329e+00) (1, -3.05571146858403785984e+00) (2, -1.85010613064939488659e+00) (3, -2.55394432495881540390e+00) (4, -1.84479128315133000804e+00) (5, -2.28025166579363247621e+00) (6, -1.41156881042297199791e+00) (7, 8.74296721189139258712e-01) (8, 3.27474452075570443554e+00) (0, 8.54978014749208092837e-01) (1, 1.14297277461433499646e+00) (2, 1.04601032561680229449e+00) (3, 3.47042430479970298585e-01) (4, 8.58782667396497112478e-01) (5, 6.16025161009323363182e-01) (6, 5.33703989379658949588e+00) (7, 2.12443631813994970869e+00) (8, -5.05650881574870106339e-02) (0, 3.75159475049766821808e-01) (1, 7.18906707771640096638e+00) (2, 1.38694072728840822606e+00) (3, 1.75420635982886907733e+00) (4, 1.51135134843825635897e+00) (5, 4.34594645071289309435e-01) (6, 1.21819868486316025269e+01) (7, 1.23492064731914830134e+01) (8, -3.04515073539226888144e+00) (9, -3.10933294423185309086e+01) (10, 9.37184035310170471256e-01) (11, 3.76644911049655872759e+00) (12, -1.84527902379703889757e+00) 
