FANN_FLO_2.1
num_layers=3
learning_rate=0.700000
connection_rate=1.000000
network_type=0
learning_momentum=0.000000
training_algorithm=2
train_error_function=1
train_stop_function=1
cascade_output_change_fraction=0.010000
quickprop_decay=-0.000100
quickprop_mu=1.750000
rprop_increase_factor=1.200000
rprop_decrease_factor=0.500000
rprop_delta_min=0.000000
rprop_delta_max=50.000000
rprop_delta_zero=0.100000
cascade_output_stagnation_epochs=12
cascade_candidate_change_fraction=0.010000
cascade_candidate_stagnation_epochs=12
cascade_max_out_epochs=150
cascade_min_out_epochs=50
cascade_max_cand_epochs=150
cascade_min_cand_epochs=50
cascade_num_candidate_groups=2
bit_fail_limit=1.00000000000000005551e-01
cascade_candidate_limit=1.00000000000000000000e+03
cascade_weight_multiplier=4.00000000000000022204e-01
cascade_activation_functions_count=10
cascade_activation_functions=3 5 7 8 10 11 14 15 16 17 
cascade_activation_steepnesses_count=4
cascade_activation_steepnesses=2.50000000000000000000e-01 5.00000000000000000000e-01 7.50000000000000000000e-01 1.00000000000000000000e+00 
layer_sizes=8 4 2 
scale_included=0
neurons (num_inputs, activation_function, activation_steepness)=(0, 0, 0.00000000000000000000e+00) (0, 0, 0.00000000000000000000e+00) (0, 0, 0.00000000000000000000e+00) (0, 0, 0.00000000000000000000e+00) (0, 0, 0.00000000000000000000e+00) (0, 0, 0.00000000000000000000e+00) (0, 0, 0.00000000000000000000e+00) (0, 0, 0.00000000000000000000e+00) (8, 6, 5.00000000000000000000e-01) (8, 6, 5.00000000000000000000e-01) (8, 6, 5.00000000000000000000e-01) (0, 6, 0.00000000000000000000e+00) (4, 4, 5.00000000000000000000e-01) (0, 4, 0.00000000000000000000e+00) 
connections (connected_to_neuron, weight)=(0, 1.35197187506994942474e-01) (1, 1.18923413595452776015e+00) (2, 8.16768659792761753113e-02) (3, 1.17850404819741716445e+00) (4, 1.88076894504879132963e-01) (5, 1.80023609380531945945e+00) (6, 1.81516091804314294578e+00) (7, -3.81012590579205889796e-01) (0, 2.03839801190703988343e-02) (1, 1.16811530704989974261e+00) (2, 4.39429489111728188711e-01) (3, 1.25933023955121581317e+00) (4, 4.71473121232421077398e-01) (5, 2.19106312171030781499e+00) (6, 1.44807963033218634052e+00) (7, -6.06635427233074620013e-01) (0, -2.99713317775903154150e-01) (1, 2.84427791057596790480e+00) (2, -1.26172000219175843572e-02) (3, 2.81603949858317958999e+00) (4, -8.75986175288508139847e-02) (5, 2.72160924007330384811e+00) (6, 2.76320608859096017440e+00) (7, -1.72615430733836472399e+00) (8, 1.16402406758068188708e+00) (9, 1.80302357998300211150e+00) (10, 1.34779151102565393217e+01) (11, -2.96379321391237393613e+00) 
