FANN_FLO_2.1
num_layers=3
learning_rate=0.700000
connection_rate=1.000000
network_type=0
learning_momentum=0.000000
training_algorithm=2
train_error_function=1
train_stop_function=1
cascade_output_change_fraction=0.010000
quickprop_decay=-0.000100
quickprop_mu=1.750000
rprop_increase_factor=1.200000
rprop_decrease_factor=0.500000
rprop_delta_min=0.000000
rprop_delta_max=50.000000
rprop_delta_zero=0.100000
cascade_output_stagnation_epochs=12
cascade_candidate_change_fraction=0.010000
cascade_candidate_stagnation_epochs=12
cascade_max_out_epochs=150
cascade_min_out_epochs=50
cascade_max_cand_epochs=150
cascade_min_cand_epochs=50
cascade_num_candidate_groups=2
bit_fail_limit=1.00000000000000005551e-01
cascade_candidate_limit=1.00000000000000000000e+03
cascade_weight_multiplier=4.00000000000000022204e-01
cascade_activation_functions_count=10
cascade_activation_functions=3 5 7 8 10 11 14 15 16 17 
cascade_activation_steepnesses_count=4
cascade_activation_steepnesses=2.50000000000000000000e-01 5.00000000000000000000e-01 7.50000000000000000000e-01 1.00000000000000000000e+00 
layer_sizes=15 4 2 
scale_included=0
neurons (num_inputs, activation_function, activation_steepness)=(0, 0, 0.00000000000000000000e+00) (0, 0, 0.00000000000000000000e+00) (0, 0, 0.00000000000000000000e+00) (0, 0, 0.00000000000000000000e+00) (0, 0, 0.00000000000000000000e+00) (0, 0, 0.00000000000000000000e+00) (0, 0, 0.00000000000000000000e+00) (0, 0, 0.00000000000000000000e+00) (0, 0, 0.00000000000000000000e+00) (0, 0, 0.00000000000000000000e+00) (0, 0, 0.00000000000000000000e+00) (0, 0, 0.00000000000000000000e+00) (0, 0, 0.00000000000000000000e+00) (0, 0, 0.00000000000000000000e+00) (0, 0, 0.00000000000000000000e+00) (15, 6, 5.00000000000000000000e-01) (15, 6, 5.00000000000000000000e-01) (15, 6, 5.00000000000000000000e-01) (0, 6, 0.00000000000000000000e+00) (4, 4, 5.00000000000000000000e-01) (0, 4, 0.00000000000000000000e+00) 
connections (connected_to_neuron, weight)=(0, -4.69504703435072501261e-01) (1, 2.20475695228634265277e+02) (2, 5.56711170811875444286e+00) (3, 8.51174343396062305089e+00) (4, 2.20439695096073535296e+02) (5, -3.24052112161965388815e-01) (6, 9.55537627991479965317e+00) (7, 1.26744539019674778979e-01) (8, -1.00519557972370976451e+00) (9, -2.99047082273998254820e+00) (10, -2.11245177626131530602e+00) (11, -1.06566543291742963362e+01) (12, -9.44417365408573156182e-02) (13, -1.31320698672022284637e-01) (14, -4.74235986026892264444e-01) (0, -3.47966300479608525720e+00) (1, 4.54825939874819596298e+02) (2, 4.45779219170957219376e+00) (3, 3.17952024219376427894e+00) (4, 4.54757606487444718368e+02) (5, 1.08511152853754988534e+00) (6, 1.79070515281090303361e+00) (7, 3.62744646947286419891e-01) (8, 1.66124992064493381960e+00) (9, 4.71194552472102012874e-01) (10, 1.30136870319760955539e+00) (11, 6.22525951902701962792e-02) (12, 2.21194838230458978856e+00) (13, 2.26671063311067477741e+00) (14, -2.43957309128784993746e+00) (0, 2.51261115726213724031e+00) (1, 1.55600963886033980543e+01) (2, 1.02313281219453711124e+00) (3, 2.79750279678047641951e+00) (4, 1.55534697900664298231e+01) (5, -2.15964110596083047611e+00) (6, -3.17720338155170978212e+00) (7, 2.80073671816052749417e-01) (8, -1.68739050755284969441e+00) (9, 3.77820509091309264527e-01) (10, -1.51028257899973472611e+00) (11, -5.05238800322255432462e-01) (12, 4.03918832383330927982e-01) (13, -2.89693912823516219746e+00) (14, 2.99981377101183532830e+00) (15, 1.07723289718634518408e+00) (16, 1.17920506444230639431e+01) (17, -5.29274472760187730813e+00) (18, -1.17164447948169292424e+00) 
