FANN_FLO_2.1
num_layers=3
learning_rate=0.700000
connection_rate=1.000000
network_type=0
learning_momentum=0.000000
training_algorithm=2
train_error_function=1
train_stop_function=1
cascade_output_change_fraction=0.010000
quickprop_decay=-0.000100
quickprop_mu=1.750000
rprop_increase_factor=1.200000
rprop_decrease_factor=0.500000
rprop_delta_min=0.000000
rprop_delta_max=50.000000
rprop_delta_zero=0.100000
cascade_output_stagnation_epochs=12
cascade_candidate_change_fraction=0.010000
cascade_candidate_stagnation_epochs=12
cascade_max_out_epochs=150
cascade_min_out_epochs=50
cascade_max_cand_epochs=150
cascade_min_cand_epochs=50
cascade_num_candidate_groups=2
bit_fail_limit=1.00000000000000005551e-01
cascade_candidate_limit=1.00000000000000000000e+03
cascade_weight_multiplier=4.00000000000000022204e-01
cascade_activation_functions_count=10
cascade_activation_functions=3 5 7 8 10 11 14 15 16 17 
cascade_activation_steepnesses_count=4
cascade_activation_steepnesses=2.50000000000000000000e-01 5.00000000000000000000e-01 7.50000000000000000000e-01 1.00000000000000000000e+00 
layer_sizes=14 4 2 
scale_included=0
neurons (num_inputs, activation_function, activation_steepness)=(0, 0, 0.00000000000000000000e+00) (0, 0, 0.00000000000000000000e+00) (0, 0, 0.00000000000000000000e+00) (0, 0, 0.00000000000000000000e+00) (0, 0, 0.00000000000000000000e+00) (0, 0, 0.00000000000000000000e+00) (0, 0, 0.00000000000000000000e+00) (0, 0, 0.00000000000000000000e+00) (0, 0, 0.00000000000000000000e+00) (0, 0, 0.00000000000000000000e+00) (0, 0, 0.00000000000000000000e+00) (0, 0, 0.00000000000000000000e+00) (0, 0, 0.00000000000000000000e+00) (0, 0, 0.00000000000000000000e+00) (14, 6, 5.00000000000000000000e-01) (14, 6, 5.00000000000000000000e-01) (14, 6, 5.00000000000000000000e-01) (0, 6, 0.00000000000000000000e+00) (4, 4, 5.00000000000000000000e-01) (0, 4, 0.00000000000000000000e+00) 
connections (connected_to_neuron, weight)=(0, -2.55822794465392522323e-01) (1, 5.35890535718007132715e+00) (2, -4.60785540972141693938e-01) (3, 5.28170084317213550662e+00) (4, 4.01960224528959209067e+00) (5, 1.68947937556748262189e+00) (6, 1.66883907684330834442e+00) (7, -5.40759366028807142435e-01) (8, 2.15929120155865073016e+00) (9, 2.28443123406257386776e+00) (10, -3.60185289380187068087e-01) (11, 4.37029691129110808845e+00) (12, 2.23089947978863589739e+00) (13, -4.41761447247376715097e+00) (0, -3.75056480709952899666e-01) (1, 2.33780469508094146391e+00) (2, -2.58743195121145908022e-01) (3, 2.24855026473226837780e+00) (4, 1.85175489652862523826e+00) (5, 4.15728251342154631054e-01) (6, 3.27004728771958741440e-01) (7, 1.44725183049163597104e-01) (8, 3.02182246743373683628e-01) (9, 1.00491373401195760451e+00) (10, -5.92642620313892809492e-01) (11, 1.27559839210523695563e+00) (12, 3.20200674790055705987e-01) (13, -7.79765800547213450145e-01) (0, -3.29710336123151481758e-01) (1, 2.28221602500600173613e+00) (2, -2.20087087039805395783e-01) (3, 2.28973662723722748424e+00) (4, 1.81466025877704595359e+00) (5, 4.34157279178602306668e-01) (6, 3.42315969921861085190e-01) (7, 1.14419946471175926206e-01) (8, 4.36949492292051711040e-01) (9, 8.65357653909037294326e-01) (10, -5.15356466282139380475e-01) (11, 1.37569645068658896747e+00) (12, 3.86053167837770050408e-01) (13, -8.39414120626063242625e-01) (14, 1.74793739247789474689e+01) (15, 1.78139235831404851851e+00) (16, 1.79985497153903173384e+00) (17, -2.12224379726089829035e+00) 
