FANN_FLO_2.1
num_layers=3
learning_rate=0.700000
connection_rate=1.000000
network_type=0
learning_momentum=0.000000
training_algorithm=2
train_error_function=1
train_stop_function=1
cascade_output_change_fraction=0.010000
quickprop_decay=-0.000100
quickprop_mu=1.750000
rprop_increase_factor=1.200000
rprop_decrease_factor=0.500000
rprop_delta_min=0.000000
rprop_delta_max=50.000000
rprop_delta_zero=0.100000
cascade_output_stagnation_epochs=12
cascade_candidate_change_fraction=0.010000
cascade_candidate_stagnation_epochs=12
cascade_max_out_epochs=150
cascade_min_out_epochs=50
cascade_max_cand_epochs=150
cascade_min_cand_epochs=50
cascade_num_candidate_groups=2
bit_fail_limit=1.00000000000000005551e-01
cascade_candidate_limit=1.00000000000000000000e+03
cascade_weight_multiplier=4.00000000000000022204e-01
cascade_activation_functions_count=10
cascade_activation_functions=3 5 7 8 10 11 14 15 16 17 
cascade_activation_steepnesses_count=4
cascade_activation_steepnesses=2.50000000000000000000e-01 5.00000000000000000000e-01 7.50000000000000000000e-01 1.00000000000000000000e+00 
layer_sizes=9 4 2 
scale_included=0
neurons (num_inputs, activation_function, activation_steepness)=(0, 0, 0.00000000000000000000e+00) (0, 0, 0.00000000000000000000e+00) (0, 0, 0.00000000000000000000e+00) (0, 0, 0.00000000000000000000e+00) (0, 0, 0.00000000000000000000e+00) (0, 0, 0.00000000000000000000e+00) (0, 0, 0.00000000000000000000e+00) (0, 0, 0.00000000000000000000e+00) (0, 0, 0.00000000000000000000e+00) (9, 6, 5.00000000000000000000e-01) (9, 6, 5.00000000000000000000e-01) (9, 6, 5.00000000000000000000e-01) (0, 6, 0.00000000000000000000e+00) (4, 4, 5.00000000000000000000e-01) (0, 4, 0.00000000000000000000e+00) 
connections (connected_to_neuron, weight)=(0, -7.60670107239026616064e-01) (1, 3.33336196171030829660e+00) (2, 2.68331385073721576107e-02) (3, -1.92598840660805653568e-01) (4, 9.02574956343391854308e-02) (5, -1.17117065116947471903e-01) (6, -1.31443840364450753588e-01) (7, -2.44747500683851176850e-01) (8, -8.21127903097409905797e-01) (0, 3.01645737383149015187e+00) (1, -1.67188861044702585801e+00) (2, -2.42489578674281380799e+00) (3, -2.85431373300838719942e+00) (4, -2.04278038045736831663e+00) (5, -9.00624408562488154573e-01) (6, -1.95451970335873270734e+00) (7, -2.32755269938382713946e+00) (8, 2.71775080985825789881e+00) (0, -1.82331484789995701412e+00) (1, 2.78731934907659972822e+00) (2, 9.61220204621597407169e-01) (3, 1.30395922316829449006e-01) (4, 8.49387534106200714490e-01) (5, 1.77574913455764482606e-01) (6, 2.85119460579602440609e-02) (7, 4.42792481972864138129e-01) (8, -1.56126443592080410561e+00) (9, 1.21399031967149650946e+00) (10, -6.37478361832041162671e+00) (11, 5.79075383669280618903e+00) (12, -1.99956351330770876196e+00) 
