FANN_FLO_2.1
num_layers=3
learning_rate=0.700000
connection_rate=1.000000
network_type=0
learning_momentum=0.000000
training_algorithm=2
train_error_function=1
train_stop_function=1
cascade_output_change_fraction=0.010000
quickprop_decay=-0.000100
quickprop_mu=1.750000
rprop_increase_factor=1.200000
rprop_decrease_factor=0.500000
rprop_delta_min=0.000000
rprop_delta_max=50.000000
rprop_delta_zero=0.100000
cascade_output_stagnation_epochs=12
cascade_candidate_change_fraction=0.010000
cascade_candidate_stagnation_epochs=12
cascade_max_out_epochs=150
cascade_min_out_epochs=50
cascade_max_cand_epochs=150
cascade_min_cand_epochs=50
cascade_num_candidate_groups=2
bit_fail_limit=1.00000000000000005551e-01
cascade_candidate_limit=1.00000000000000000000e+03
cascade_weight_multiplier=4.00000000000000022204e-01
cascade_activation_functions_count=10
cascade_activation_functions=3 5 7 8 10 11 14 15 16 17 
cascade_activation_steepnesses_count=4
cascade_activation_steepnesses=2.50000000000000000000e-01 5.00000000000000000000e-01 7.50000000000000000000e-01 1.00000000000000000000e+00 
layer_sizes=9 4 2 
scale_included=0
neurons (num_inputs, activation_function, activation_steepness)=(0, 0, 0.00000000000000000000e+00) (0, 0, 0.00000000000000000000e+00) (0, 0, 0.00000000000000000000e+00) (0, 0, 0.00000000000000000000e+00) (0, 0, 0.00000000000000000000e+00) (0, 0, 0.00000000000000000000e+00) (0, 0, 0.00000000000000000000e+00) (0, 0, 0.00000000000000000000e+00) (0, 0, 0.00000000000000000000e+00) (9, 6, 5.00000000000000000000e-01) (9, 6, 5.00000000000000000000e-01) (9, 6, 5.00000000000000000000e-01) (0, 6, 0.00000000000000000000e+00) (4, 4, 5.00000000000000000000e-01) (0, 4, 0.00000000000000000000e+00) 
connections (connected_to_neuron, weight)=(0, -6.16406365333505679160e-01) (1, 3.15567846191188994265e-01) (2, -4.02769759784294800742e-01) (3, -1.01864169847078844811e+00) (4, -9.01659538259645843006e-01) (5, 2.97466357261906599874e+00) (6, 4.07057238521034037149e+00) (7, 1.25497929103603045320e+00) (8, 1.86826021916378670618e+00) (0, 8.49995805076428356806e-01) (1, 2.68737924793566307358e+00) (2, 1.84418491663179362483e+00) (3, 1.71460598546171127943e+00) (4, 2.03093746562843646686e+00) (5, 1.83780733916402727601e+00) (6, 1.46729780727253467099e+00) (7, 1.05330325288222081959e+00) (8, -2.36446256786019493035e+00) (0, 8.98355087391205731073e-01) (1, 2.87196420302857902129e+00) (2, 1.88064211250982293855e+00) (3, 1.67700772943997322706e+00) (4, 2.02410468717460956256e+00) (5, 1.88629502478481181349e+00) (6, 1.57268292345356575090e+00) (7, 1.16849646342442303748e+00) (8, -2.32287860884697172636e+00) (9, -2.47915031723777001815e+00) (10, 7.98439144778864999807e+01) (11, 2.26902182371354044221e+01) (12, -8.62737039287114315655e-01) 
