FANN_FLO_2.1
num_layers=3
learning_rate=0.700000
connection_rate=1.000000
network_type=0
learning_momentum=0.000000
training_algorithm=2
train_error_function=1
train_stop_function=1
cascade_output_change_fraction=0.010000
quickprop_decay=-0.000100
quickprop_mu=1.750000
rprop_increase_factor=1.200000
rprop_decrease_factor=0.500000
rprop_delta_min=0.000000
rprop_delta_max=50.000000
rprop_delta_zero=0.100000
cascade_output_stagnation_epochs=12
cascade_candidate_change_fraction=0.010000
cascade_candidate_stagnation_epochs=12
cascade_max_out_epochs=150
cascade_min_out_epochs=50
cascade_max_cand_epochs=150
cascade_min_cand_epochs=50
cascade_num_candidate_groups=2
bit_fail_limit=1.00000000000000005551e-01
cascade_candidate_limit=1.00000000000000000000e+03
cascade_weight_multiplier=4.00000000000000022204e-01
cascade_activation_functions_count=10
cascade_activation_functions=3 5 7 8 10 11 14 15 16 17 
cascade_activation_steepnesses_count=4
cascade_activation_steepnesses=2.50000000000000000000e-01 5.00000000000000000000e-01 7.50000000000000000000e-01 1.00000000000000000000e+00 
layer_sizes=8 4 2 
scale_included=0
neurons (num_inputs, activation_function, activation_steepness)=(0, 0, 0.00000000000000000000e+00) (0, 0, 0.00000000000000000000e+00) (0, 0, 0.00000000000000000000e+00) (0, 0, 0.00000000000000000000e+00) (0, 0, 0.00000000000000000000e+00) (0, 0, 0.00000000000000000000e+00) (0, 0, 0.00000000000000000000e+00) (0, 0, 0.00000000000000000000e+00) (8, 6, 5.00000000000000000000e-01) (8, 6, 5.00000000000000000000e-01) (8, 6, 5.00000000000000000000e-01) (0, 6, 0.00000000000000000000e+00) (4, 4, 5.00000000000000000000e-01) (0, 4, 0.00000000000000000000e+00) 
connections (connected_to_neuron, weight)=(0, 1.23814550414309487714e+00) (1, 1.52029527465977176703e+00) (2, 2.40295412318989631828e+00) (3, 2.51564371567461098067e+00) (4, 2.47206590670417902800e+00) (5, 1.50467348666656874911e+00) (6, 2.50858896168594336373e+00) (7, -2.89976847591065789445e+00) (0, 9.33733950121800271305e-01) (1, 1.59707778434433445014e+00) (2, 2.33136998044535515007e+00) (3, 2.63283905652737360015e+00) (4, 2.34368314180202963470e+00) (5, 1.54994979949511724193e+00) (6, 2.64784338666583840549e+00) (7, -2.84259888204001809342e+00) (0, 4.71250805699631403201e-01) (1, 1.61085055792420228649e+00) (2, -3.67798358078851361785e-01) (3, 1.81669907231745386689e+00) (4, -9.53800974380643151740e-01) (5, 1.92893507664179364447e+00) (6, 1.74652940685386726116e+00) (7, -6.07099965797967100478e-01) (8, 2.40081745440371072675e+01) (9, 1.88755289559717738257e+01) (10, 4.66864886660552347308e+00) (11, -2.70966125889954101424e+00) 
