FANN_FLO_2.1
num_layers=3
learning_rate=0.700000
connection_rate=1.000000
network_type=0
learning_momentum=0.000000
training_algorithm=2
train_error_function=1
train_stop_function=1
cascade_output_change_fraction=0.010000
quickprop_decay=-0.000100
quickprop_mu=1.750000
rprop_increase_factor=1.200000
rprop_decrease_factor=0.500000
rprop_delta_min=0.000000
rprop_delta_max=50.000000
rprop_delta_zero=0.100000
cascade_output_stagnation_epochs=12
cascade_candidate_change_fraction=0.010000
cascade_candidate_stagnation_epochs=12
cascade_max_out_epochs=150
cascade_min_out_epochs=50
cascade_max_cand_epochs=150
cascade_min_cand_epochs=50
cascade_num_candidate_groups=2
bit_fail_limit=1.00000000000000005551e-01
cascade_candidate_limit=1.00000000000000000000e+03
cascade_weight_multiplier=4.00000000000000022204e-01
cascade_activation_functions_count=10
cascade_activation_functions=3 5 7 8 10 11 14 15 16 17 
cascade_activation_steepnesses_count=4
cascade_activation_steepnesses=2.50000000000000000000e-01 5.00000000000000000000e-01 7.50000000000000000000e-01 1.00000000000000000000e+00 
layer_sizes=8 4 2 
scale_included=0
neurons (num_inputs, activation_function, activation_steepness)=(0, 0, 0.00000000000000000000e+00) (0, 0, 0.00000000000000000000e+00) (0, 0, 0.00000000000000000000e+00) (0, 0, 0.00000000000000000000e+00) (0, 0, 0.00000000000000000000e+00) (0, 0, 0.00000000000000000000e+00) (0, 0, 0.00000000000000000000e+00) (0, 0, 0.00000000000000000000e+00) (8, 6, 5.00000000000000000000e-01) (8, 6, 5.00000000000000000000e-01) (8, 6, 5.00000000000000000000e-01) (0, 6, 0.00000000000000000000e+00) (4, 4, 5.00000000000000000000e-01) (0, 4, 0.00000000000000000000e+00) 
connections (connected_to_neuron, weight)=(0, 2.36912544255240176128e+00) (1, 2.73856605588378698712e+00) (2, 2.80840796998061081879e+00) (3, -3.63311745220248472066e+00) (4, -1.86712558079145374279e+00) (5, -2.18182018516202624880e+00) (6, -6.03020655424462592720e+00) (7, 3.53043993725343385748e+00) (0, 8.23519182891711332140e-01) (1, -1.69601543217306383049e+00) (2, -1.37470790403622777909e+00) (3, -1.09393227982636487283e+00) (4, -5.23744930565909316833e-01) (5, -9.87996855488409209123e-01) (6, -2.30954127323126279236e+00) (7, 7.57405354269769737208e-01) (0, -7.11426736531273085085e-01) (1, 2.75909665604276765905e+00) (2, 3.55134778218393565297e+00) (3, 3.19510732977622247120e+00) (4, 2.11935352787577135913e+00) (5, 1.87491117275156971012e+00) (6, 5.76367714868289660046e+00) (7, -3.79083380423849591878e+00) (8, -2.25580946133635551476e+00) (9, -3.24084408748630936614e+00) (10, 1.87768566978941677803e+01) (11, -1.03178844574967687464e+00) 
