FANN_FLO_2.1
num_layers=3
learning_rate=0.700000
connection_rate=1.000000
network_type=0
learning_momentum=0.000000
training_algorithm=2
train_error_function=1
train_stop_function=1
cascade_output_change_fraction=0.010000
quickprop_decay=-0.000100
quickprop_mu=1.750000
rprop_increase_factor=1.200000
rprop_decrease_factor=0.500000
rprop_delta_min=0.000000
rprop_delta_max=50.000000
rprop_delta_zero=0.100000
cascade_output_stagnation_epochs=12
cascade_candidate_change_fraction=0.010000
cascade_candidate_stagnation_epochs=12
cascade_max_out_epochs=150
cascade_min_out_epochs=50
cascade_max_cand_epochs=150
cascade_min_cand_epochs=50
cascade_num_candidate_groups=2
bit_fail_limit=1.00000000000000005551e-01
cascade_candidate_limit=1.00000000000000000000e+03
cascade_weight_multiplier=4.00000000000000022204e-01
cascade_activation_functions_count=10
cascade_activation_functions=3 5 7 8 10 11 14 15 16 17 
cascade_activation_steepnesses_count=4
cascade_activation_steepnesses=2.50000000000000000000e-01 5.00000000000000000000e-01 7.50000000000000000000e-01 1.00000000000000000000e+00 
layer_sizes=8 4 2 
scale_included=0
neurons (num_inputs, activation_function, activation_steepness)=(0, 0, 0.00000000000000000000e+00) (0, 0, 0.00000000000000000000e+00) (0, 0, 0.00000000000000000000e+00) (0, 0, 0.00000000000000000000e+00) (0, 0, 0.00000000000000000000e+00) (0, 0, 0.00000000000000000000e+00) (0, 0, 0.00000000000000000000e+00) (0, 0, 0.00000000000000000000e+00) (8, 6, 5.00000000000000000000e-01) (8, 6, 5.00000000000000000000e-01) (8, 6, 5.00000000000000000000e-01) (0, 6, 0.00000000000000000000e+00) (4, 4, 5.00000000000000000000e-01) (0, 4, 0.00000000000000000000e+00) 
connections (connected_to_neuron, weight)=(0, -2.37213684156782900203e+00) (1, 2.41429338167233620283e+00) (2, 2.35603456440667624605e+00) (3, -5.84552092744542339808e-01) (4, 2.39818769914803719967e-01) (5, -2.86255016688276020531e-01) (6, 7.42757247950103671741e-01) (7, -2.43881571576245104183e+00) (0, -5.76685035068513429657e-01) (1, 1.88807028336071813790e+00) (2, 7.86931788529679265842e-01) (3, -2.76589420791912732334e-01) (4, -1.70482333106493788577e+00) (5, -1.56797933680510359622e+00) (6, -3.02905994937872347084e-02) (7, -5.67666449982644594208e-01) (0, -1.62153791285485859852e+00) (1, 2.44432930889393951190e+00) (2, 2.28640142533094259392e+00) (3, -5.51255266583972169947e-01) (4, 9.74313723275043730432e-02) (5, -1.92972741786409329734e-01) (6, 7.78263146246936710071e-01) (7, -2.43006593272335802425e+00) (8, 5.27233259990611280443e+00) (9, 3.86495972171207846646e-01) (10, 1.12259594023580397959e+01) (11, -8.21731892350950898773e-01) 
