FANN_FLO_2.1
num_layers=3
learning_rate=0.700000
connection_rate=1.000000
network_type=0
learning_momentum=0.000000
training_algorithm=2
train_error_function=1
train_stop_function=1
cascade_output_change_fraction=0.010000
quickprop_decay=-0.000100
quickprop_mu=1.750000
rprop_increase_factor=1.200000
rprop_decrease_factor=0.500000
rprop_delta_min=0.000000
rprop_delta_max=50.000000
rprop_delta_zero=0.100000
cascade_output_stagnation_epochs=12
cascade_candidate_change_fraction=0.010000
cascade_candidate_stagnation_epochs=12
cascade_max_out_epochs=150
cascade_min_out_epochs=50
cascade_max_cand_epochs=150
cascade_min_cand_epochs=50
cascade_num_candidate_groups=2
bit_fail_limit=1.00000000000000005551e-01
cascade_candidate_limit=1.00000000000000000000e+03
cascade_weight_multiplier=4.00000000000000022204e-01
cascade_activation_functions_count=10
cascade_activation_functions=3 5 7 8 10 11 14 15 16 17 
cascade_activation_steepnesses_count=4
cascade_activation_steepnesses=2.50000000000000000000e-01 5.00000000000000000000e-01 7.50000000000000000000e-01 1.00000000000000000000e+00 
layer_sizes=9 4 2 
scale_included=0
neurons (num_inputs, activation_function, activation_steepness)=(0, 0, 0.00000000000000000000e+00) (0, 0, 0.00000000000000000000e+00) (0, 0, 0.00000000000000000000e+00) (0, 0, 0.00000000000000000000e+00) (0, 0, 0.00000000000000000000e+00) (0, 0, 0.00000000000000000000e+00) (0, 0, 0.00000000000000000000e+00) (0, 0, 0.00000000000000000000e+00) (0, 0, 0.00000000000000000000e+00) (9, 6, 5.00000000000000000000e-01) (9, 6, 5.00000000000000000000e-01) (9, 6, 5.00000000000000000000e-01) (0, 6, 0.00000000000000000000e+00) (4, 4, 5.00000000000000000000e-01) (0, 4, 0.00000000000000000000e+00) 
connections (connected_to_neuron, weight)=(0, 4.42495949072815086822e-01) (1, -1.83462807690471629840e+00) (2, -7.62239746777612969808e-01) (3, -6.06810961669335013902e-01) (4, 7.08642264567335367076e-01) (5, -6.30151056111375451607e-01) (6, -4.39042074105939650330e-01) (7, 2.98607539681047529090e-01) (8, 1.27688022510123655451e+00) (0, -8.47729074885530814454e-02) (1, 1.40130789903275654318e+00) (2, 2.83733071224025024115e-01) (3, 2.11692935385157432471e-01) (4, -2.02496146998742715395e-01) (5, 3.81093489986593647600e-01) (6, 1.53047495364399405160e-01) (7, -1.51344829648848155923e-01) (8, -2.13396302841467877531e-01) (0, 3.46564540950975574773e+00) (1, -3.28641590727288868123e+00) (2, -3.26525405300096194239e+00) (3, -3.32327263356139468442e+00) (4, 3.12701405232975249149e+00) (5, -3.21441033214226079551e+00) (6, -3.51503689071991543003e+00) (7, -1.74735942334789462471e+00) (8, 3.56723724989614643377e+00) (9, -2.53556580587252389236e+00) (10, 1.11920905393082459334e+00) (11, -9.78842913709975093184e+00) (12, -1.65818650721639193613e+00) 
