FANN_FLO_2.1
num_layers=3
learning_rate=0.700000
connection_rate=1.000000
network_type=0
learning_momentum=0.000000
training_algorithm=2
train_error_function=1
train_stop_function=1
cascade_output_change_fraction=0.010000
quickprop_decay=-0.000100
quickprop_mu=1.750000
rprop_increase_factor=1.200000
rprop_decrease_factor=0.500000
rprop_delta_min=0.000000
rprop_delta_max=50.000000
rprop_delta_zero=0.100000
cascade_output_stagnation_epochs=12
cascade_candidate_change_fraction=0.010000
cascade_candidate_stagnation_epochs=12
cascade_max_out_epochs=150
cascade_min_out_epochs=50
cascade_max_cand_epochs=150
cascade_min_cand_epochs=50
cascade_num_candidate_groups=2
bit_fail_limit=1.00000000000000005551e-01
cascade_candidate_limit=1.00000000000000000000e+03
cascade_weight_multiplier=4.00000000000000022204e-01
cascade_activation_functions_count=10
cascade_activation_functions=3 5 7 8 10 11 14 15 16 17 
cascade_activation_steepnesses_count=4
cascade_activation_steepnesses=2.50000000000000000000e-01 5.00000000000000000000e-01 7.50000000000000000000e-01 1.00000000000000000000e+00 
layer_sizes=9 4 2 
scale_included=0
neurons (num_inputs, activation_function, activation_steepness)=(0, 0, 0.00000000000000000000e+00) (0, 0, 0.00000000000000000000e+00) (0, 0, 0.00000000000000000000e+00) (0, 0, 0.00000000000000000000e+00) (0, 0, 0.00000000000000000000e+00) (0, 0, 0.00000000000000000000e+00) (0, 0, 0.00000000000000000000e+00) (0, 0, 0.00000000000000000000e+00) (0, 0, 0.00000000000000000000e+00) (9, 6, 5.00000000000000000000e-01) (9, 6, 5.00000000000000000000e-01) (9, 6, 5.00000000000000000000e-01) (0, 6, 0.00000000000000000000e+00) (4, 4, 5.00000000000000000000e-01) (0, 4, 0.00000000000000000000e+00) 
connections (connected_to_neuron, weight)=(0, -1.16948760619771374714e+00) (1, 1.57555381089310397869e+00) (2, 1.29505525892376627262e+00) (3, 9.28775871482582560112e-01) (4, 1.30564673768932615339e+00) (5, 1.22788460774912122631e+00) (6, -9.67291134162867272117e-01) (7, 1.29512468202604535961e+00) (8, -1.59053781161776131015e+00) (0, -1.79280188390740141680e-01) (1, 9.84001429432139862463e-01) (2, 4.90668063803509968412e-01) (3, 2.44618203290674518513e-01) (4, 3.81563621492511051425e-01) (5, 4.37421158879163940458e-01) (6, 7.85125494680115679214e-03) (7, 5.59315518467787153867e-01) (8, -7.08224591703497802220e-02) (0, -5.95051021197804064222e-01) (1, 1.47351871641541487534e+00) (2, 3.68019377390776614156e-01) (3, 2.18287833542963882749e-01) (4, 3.41487927142430869321e-01) (5, 9.21063793436096456269e-01) (6, -2.71421227776381612795e-01) (7, 9.77633496359394338349e-01) (8, -6.16084084728726000257e-01) (9, 1.83907975800611183104e+01) (10, 1.13422629260968443887e+00) (11, 1.34834967969318020309e+00) (12, -3.03898035092173079974e+00) 
