FANN_FLO_2.1
num_layers=3
learning_rate=0.700000
connection_rate=1.000000
network_type=0
learning_momentum=0.000000
training_algorithm=2
train_error_function=1
train_stop_function=1
cascade_output_change_fraction=0.010000
quickprop_decay=-0.000100
quickprop_mu=1.750000
rprop_increase_factor=1.200000
rprop_decrease_factor=0.500000
rprop_delta_min=0.000000
rprop_delta_max=50.000000
rprop_delta_zero=0.100000
cascade_output_stagnation_epochs=12
cascade_candidate_change_fraction=0.010000
cascade_candidate_stagnation_epochs=12
cascade_max_out_epochs=150
cascade_min_out_epochs=50
cascade_max_cand_epochs=150
cascade_min_cand_epochs=50
cascade_num_candidate_groups=2
bit_fail_limit=1.00000000000000005551e-01
cascade_candidate_limit=1.00000000000000000000e+03
cascade_weight_multiplier=4.00000000000000022204e-01
cascade_activation_functions_count=10
cascade_activation_functions=3 5 7 8 10 11 14 15 16 17 
cascade_activation_steepnesses_count=4
cascade_activation_steepnesses=2.50000000000000000000e-01 5.00000000000000000000e-01 7.50000000000000000000e-01 1.00000000000000000000e+00 
layer_sizes=13 4 2 
scale_included=0
neurons (num_inputs, activation_function, activation_steepness)=(0, 0, 0.00000000000000000000e+00) (0, 0, 0.00000000000000000000e+00) (0, 0, 0.00000000000000000000e+00) (0, 0, 0.00000000000000000000e+00) (0, 0, 0.00000000000000000000e+00) (0, 0, 0.00000000000000000000e+00) (0, 0, 0.00000000000000000000e+00) (0, 0, 0.00000000000000000000e+00) (0, 0, 0.00000000000000000000e+00) (0, 0, 0.00000000000000000000e+00) (0, 0, 0.00000000000000000000e+00) (0, 0, 0.00000000000000000000e+00) (0, 0, 0.00000000000000000000e+00) (13, 6, 5.00000000000000000000e-01) (13, 6, 5.00000000000000000000e-01) (13, 6, 5.00000000000000000000e-01) (0, 6, 0.00000000000000000000e+00) (4, 4, 5.00000000000000000000e-01) (0, 4, 0.00000000000000000000e+00) 
connections (connected_to_neuron, weight)=(0, -8.21415697200571504055e-02) (1, 4.32206435454505044635e-01) (2, 4.47708428879531050715e-01) (3, 3.33442526020812424203e-01) (4, 2.99399622742481885673e-01) (5, 2.38511574811355792081e-01) (6, 3.60693606575166303418e-01) (7, 1.19540298194600366766e-01) (8, 6.36817236730946367729e-01) (9, 5.97664224977480951218e-01) (10, 3.73427734853878090515e-01) (11, 1.31840347385165612693e+00) (12, -7.39397799725791116110e-02) (0, 1.38831641106434111599e+00) (1, -1.43800364525191715082e+00) (2, -1.58026468134938924415e+00) (3, -1.36121068665545141840e+00) (4, -1.55668784764639545060e+00) (5, 3.82057662712838530528e-01) (6, 3.63075101282372136868e-01) (7, 1.43602492099619116761e-01) (8, -1.50925400194756198502e+00) (9, 3.13798551481713039468e-01) (10, 1.78106009153962574487e-01) (11, -1.58760627355659766913e+00) (12, 1.20472037616029448159e+00) (0, -7.30910263334869081397e-01) (1, 1.58472920929759597541e+00) (2, 9.82636702587648014351e-01) (3, 1.86066034346521336218e+00) (4, 4.73974704279616076974e-01) (5, 7.34915733158801987024e-01) (6, -3.31214650302046609287e-01) (7, 3.65710297426928288012e-02) (8, 7.21497316879882499840e-01) (9, -3.32278662343472863672e-01) (10, 3.72988614071540908190e-02) (11, 1.88254697804711601528e-01) (12, -1.57826017997892309452e+00) (13, 1.58115090397684066037e-01) (14, -2.38398906502741034785e+01) (15, 6.40401140922876876971e+00) (16, -1.05284837783730500504e+00) 
