FANN_FLO_2.1
num_layers=3
learning_rate=0.700000
connection_rate=1.000000
network_type=0
learning_momentum=0.000000
training_algorithm=2
train_error_function=1
train_stop_function=1
cascade_output_change_fraction=0.010000
quickprop_decay=-0.000100
quickprop_mu=1.750000
rprop_increase_factor=1.200000
rprop_decrease_factor=0.500000
rprop_delta_min=0.000000
rprop_delta_max=50.000000
rprop_delta_zero=0.100000
cascade_output_stagnation_epochs=12
cascade_candidate_change_fraction=0.010000
cascade_candidate_stagnation_epochs=12
cascade_max_out_epochs=150
cascade_min_out_epochs=50
cascade_max_cand_epochs=150
cascade_min_cand_epochs=50
cascade_num_candidate_groups=2
bit_fail_limit=1.00000000000000005551e-01
cascade_candidate_limit=1.00000000000000000000e+03
cascade_weight_multiplier=4.00000000000000022204e-01
cascade_activation_functions_count=10
cascade_activation_functions=3 5 7 8 10 11 14 15 16 17 
cascade_activation_steepnesses_count=4
cascade_activation_steepnesses=2.50000000000000000000e-01 5.00000000000000000000e-01 7.50000000000000000000e-01 1.00000000000000000000e+00 
layer_sizes=8 4 2 
scale_included=0
neurons (num_inputs, activation_function, activation_steepness)=(0, 0, 0.00000000000000000000e+00) (0, 0, 0.00000000000000000000e+00) (0, 0, 0.00000000000000000000e+00) (0, 0, 0.00000000000000000000e+00) (0, 0, 0.00000000000000000000e+00) (0, 0, 0.00000000000000000000e+00) (0, 0, 0.00000000000000000000e+00) (0, 0, 0.00000000000000000000e+00) (8, 6, 5.00000000000000000000e-01) (8, 6, 5.00000000000000000000e-01) (8, 6, 5.00000000000000000000e-01) (0, 6, 0.00000000000000000000e+00) (4, 4, 5.00000000000000000000e-01) (0, 4, 0.00000000000000000000e+00) 
connections (connected_to_neuron, weight)=(0, -1.59710753097047608584e+00) (1, 5.15323600372324897023e+00) (2, 2.31475773403318996202e+00) (3, 2.77787240850355177102e+00) (4, 2.56718996753275829903e+00) (5, 1.98365678326977845636e+00) (6, 1.25491291570958307666e+00) (7, -2.62187457702931503434e+00) (0, -3.89023575253861109147e-01) (1, 2.67826702424479545783e+00) (2, 2.85253088682810718169e+00) (3, 2.69079983845179671054e-01) (4, 1.55637041582628854464e+00) (5, 9.29586598713884826317e-01) (6, 7.12941103527243047466e-01) (7, -1.19250192200777482832e+00) (0, 4.59565321532453691100e-02) (1, 1.75984287390700022691e+00) (2, 8.43692024351495151180e-01) (3, 2.65505475661954104538e+00) (4, 1.00025994405702856049e+00) (5, 6.37652535904524864208e-01) (6, 9.69049712960113884819e-02) (7, -1.98630117930879784849e-01) (8, 1.24345022540266771927e+01) (9, 2.70362205470647021244e+00) (10, 4.05149584388038053184e-01) (11, -2.55035208411392400052e+00) 
