FANN_FLO_2.1
num_layers=3
learning_rate=0.700000
connection_rate=1.000000
network_type=0
learning_momentum=0.000000
training_algorithm=2
train_error_function=1
train_stop_function=1
cascade_output_change_fraction=0.010000
quickprop_decay=-0.000100
quickprop_mu=1.750000
rprop_increase_factor=1.200000
rprop_decrease_factor=0.500000
rprop_delta_min=0.000000
rprop_delta_max=50.000000
rprop_delta_zero=0.100000
cascade_output_stagnation_epochs=12
cascade_candidate_change_fraction=0.010000
cascade_candidate_stagnation_epochs=12
cascade_max_out_epochs=150
cascade_min_out_epochs=50
cascade_max_cand_epochs=150
cascade_min_cand_epochs=50
cascade_num_candidate_groups=2
bit_fail_limit=1.00000000000000005551e-01
cascade_candidate_limit=1.00000000000000000000e+03
cascade_weight_multiplier=4.00000000000000022204e-01
cascade_activation_functions_count=10
cascade_activation_functions=3 5 7 8 10 11 14 15 16 17 
cascade_activation_steepnesses_count=4
cascade_activation_steepnesses=2.50000000000000000000e-01 5.00000000000000000000e-01 7.50000000000000000000e-01 1.00000000000000000000e+00 
layer_sizes=9 4 2 
scale_included=0
neurons (num_inputs, activation_function, activation_steepness)=(0, 0, 0.00000000000000000000e+00) (0, 0, 0.00000000000000000000e+00) (0, 0, 0.00000000000000000000e+00) (0, 0, 0.00000000000000000000e+00) (0, 0, 0.00000000000000000000e+00) (0, 0, 0.00000000000000000000e+00) (0, 0, 0.00000000000000000000e+00) (0, 0, 0.00000000000000000000e+00) (0, 0, 0.00000000000000000000e+00) (9, 6, 5.00000000000000000000e-01) (9, 6, 5.00000000000000000000e-01) (9, 6, 5.00000000000000000000e-01) (0, 6, 0.00000000000000000000e+00) (4, 4, 5.00000000000000000000e-01) (0, 4, 0.00000000000000000000e+00) 
connections (connected_to_neuron, weight)=(0, -3.95784927892873117372e-01) (1, 1.85102430656006666787e+00) (2, 1.10610207698795459663e+00) (3, 5.89452786733099087790e-01) (4, 6.71205498005631784331e-01) (5, 5.63431559492536648825e-01) (6, 1.19397439872109739634e-01) (7, 7.09521247575713442934e-01) (8, -4.30364115524480173036e-01) (0, -3.56871623735933107824e+00) (1, 2.43023513978582217376e+00) (2, 2.30729216766360378799e+00) (3, 1.11035312347514469877e+00) (4, 1.41906089928491496721e+00) (5, 5.61659630208709126364e-01) (6, 5.97199205600611016109e-01) (7, 1.34494874792145080455e+00) (8, -1.98641027029427741368e+00) (0, 1.58280340438364364175e+00) (1, -2.09299560830340247719e+00) (2, -1.03670215362964723838e+00) (3, -7.30037081817963229291e-01) (4, -1.02164783085046861899e+00) (5, -6.40059601346829265545e-01) (6, -2.05290277484408578701e+00) (7, -9.98484296022678630145e-01) (8, 1.58697878425596572427e+00) (9, 7.79174245937605425283e-01) (10, 9.00508361920684130553e+00) (11, -5.38455866583737030595e+00) (12, -1.69041290068962490878e+00) 
