FANN_FLO_2.1
num_layers=3
learning_rate=0.700000
connection_rate=1.000000
network_type=0
learning_momentum=0.000000
training_algorithm=2
train_error_function=1
train_stop_function=1
cascade_output_change_fraction=0.010000
quickprop_decay=-0.000100
quickprop_mu=1.750000
rprop_increase_factor=1.200000
rprop_decrease_factor=0.500000
rprop_delta_min=0.000000
rprop_delta_max=50.000000
rprop_delta_zero=0.100000
cascade_output_stagnation_epochs=12
cascade_candidate_change_fraction=0.010000
cascade_candidate_stagnation_epochs=12
cascade_max_out_epochs=150
cascade_min_out_epochs=50
cascade_max_cand_epochs=150
cascade_min_cand_epochs=50
cascade_num_candidate_groups=2
bit_fail_limit=1.00000000000000005551e-01
cascade_candidate_limit=1.00000000000000000000e+03
cascade_weight_multiplier=4.00000000000000022204e-01
cascade_activation_functions_count=10
cascade_activation_functions=3 5 7 8 10 11 14 15 16 17 
cascade_activation_steepnesses_count=4
cascade_activation_steepnesses=2.50000000000000000000e-01 5.00000000000000000000e-01 7.50000000000000000000e-01 1.00000000000000000000e+00 
layer_sizes=8 4 2 
scale_included=0
neurons (num_inputs, activation_function, activation_steepness)=(0, 0, 0.00000000000000000000e+00) (0, 0, 0.00000000000000000000e+00) (0, 0, 0.00000000000000000000e+00) (0, 0, 0.00000000000000000000e+00) (0, 0, 0.00000000000000000000e+00) (0, 0, 0.00000000000000000000e+00) (0, 0, 0.00000000000000000000e+00) (0, 0, 0.00000000000000000000e+00) (8, 6, 5.00000000000000000000e-01) (8, 6, 5.00000000000000000000e-01) (8, 6, 5.00000000000000000000e-01) (0, 6, 0.00000000000000000000e+00) (4, 4, 5.00000000000000000000e-01) (0, 4, 0.00000000000000000000e+00) 
connections (connected_to_neuron, weight)=(0, 9.53768304767721231130e-01) (1, -5.50714907128969421990e+00) (2, -2.60574580367687547167e+00) (3, -5.63671350137322857421e+00) (4, 6.22291438752211245600e+00) (5, -5.31490113234159977651e+00) (6, -2.45070722692240350327e+00) (7, 4.49487789293496309284e+00) (0, -2.10509205203351790203e+00) (1, -7.49903596687326756687e-01) (2, -8.93951434345491624534e-01) (3, -5.40721242700942683612e-01) (4, -3.19623041653809325524e+00) (5, -6.71498343053695379012e-01) (6, -5.09384046050529781802e-01) (7, 3.52843335222415577235e+00) (0, 5.60829141289199917253e+00) (1, 5.63897445422185894515e-01) (2, 1.65991298953481458689e+00) (3, 5.33654557445489885481e+00) (4, 7.10539359335970566178e-01) (5, 7.79765621563363708901e-01) (6, 1.96861293252562763456e+00) (7, -1.88785585655731380506e+00) (8, -6.94113441149402010666e+00) (9, -1.07160477314438331575e+01) (10, 1.19548401363834866373e+01) (11, -1.31723845560601415805e+00) 
