FANN_FLO_2.1
num_layers=3
learning_rate=0.700000
connection_rate=1.000000
network_type=0
learning_momentum=0.000000
training_algorithm=2
train_error_function=1
train_stop_function=1
cascade_output_change_fraction=0.010000
quickprop_decay=-0.000100
quickprop_mu=1.750000
rprop_increase_factor=1.200000
rprop_decrease_factor=0.500000
rprop_delta_min=0.000000
rprop_delta_max=50.000000
rprop_delta_zero=0.100000
cascade_output_stagnation_epochs=12
cascade_candidate_change_fraction=0.010000
cascade_candidate_stagnation_epochs=12
cascade_max_out_epochs=150
cascade_min_out_epochs=50
cascade_max_cand_epochs=150
cascade_min_cand_epochs=50
cascade_num_candidate_groups=2
bit_fail_limit=1.00000000000000005551e-01
cascade_candidate_limit=1.00000000000000000000e+03
cascade_weight_multiplier=4.00000000000000022204e-01
cascade_activation_functions_count=10
cascade_activation_functions=3 5 7 8 10 11 14 15 16 17 
cascade_activation_steepnesses_count=4
cascade_activation_steepnesses=2.50000000000000000000e-01 5.00000000000000000000e-01 7.50000000000000000000e-01 1.00000000000000000000e+00 
layer_sizes=13 4 2 
scale_included=0
neurons (num_inputs, activation_function, activation_steepness)=(0, 0, 0.00000000000000000000e+00) (0, 0, 0.00000000000000000000e+00) (0, 0, 0.00000000000000000000e+00) (0, 0, 0.00000000000000000000e+00) (0, 0, 0.00000000000000000000e+00) (0, 0, 0.00000000000000000000e+00) (0, 0, 0.00000000000000000000e+00) (0, 0, 0.00000000000000000000e+00) (0, 0, 0.00000000000000000000e+00) (0, 0, 0.00000000000000000000e+00) (0, 0, 0.00000000000000000000e+00) (0, 0, 0.00000000000000000000e+00) (0, 0, 0.00000000000000000000e+00) (13, 6, 5.00000000000000000000e-01) (13, 6, 5.00000000000000000000e-01) (13, 6, 5.00000000000000000000e-01) (0, 6, 0.00000000000000000000e+00) (4, 4, 5.00000000000000000000e-01) (0, 4, 0.00000000000000000000e+00) 
connections (connected_to_neuron, weight)=(0, 2.65661239169226737200e-01) (1, 8.86141642129734452560e-01) (2, 1.30279226257053931670e-01) (3, -1.92469439558052596295e-01) (4, 2.47778869071840601723e-01) (5, 1.04797036282313182909e+00) (6, 1.61326155417544775394e-01) (7, -6.54884097326566827491e-02) (8, -1.53238891712688979352e-01) (9, 2.94293477676497550188e-01) (10, -7.19113323576947051363e-03) (11, 2.66975909016715140520e-01) (12, 3.88573566955258270506e-02) (0, 1.24482954109896112871e-01) (1, 9.19454083788707410285e-01) (2, 8.33539522510473918082e-01) (3, -4.93468833624518099512e-01) (4, 4.83547572292925553761e-01) (5, 6.79848239235690710025e-01) (6, 8.80346866361045754523e-01) (7, 2.84906965607330586732e-01) (8, -3.99311592339670839991e-01) (9, 9.66452976715454353807e-02) (10, 1.54835757726356770814e-01) (11, 1.90210251164325654105e-02) (12, -1.89492260823569888539e-02) (0, 1.12313508071503109775e+00) (1, -2.83776589850003801985e+00) (2, 2.27266055633307012540e-01) (3, 9.50709975605500967610e-01) (4, 2.80131846790617256016e-01) (5, -2.87007122436557082779e+00) (6, 1.70020694235604535871e-01) (7, 9.57907426894904601156e-01) (8, 9.89689099883330869467e-01) (9, 8.84172764235339414540e-01) (10, 9.62096858562232482015e-01) (11, 8.32199585252604734364e-01) (12, 1.44268267354131718427e+00) (13, 3.81458956291318707077e-01) (14, 4.61758684613348735493e-01) (15, -1.86073103884341684022e+01) (16, -8.29928253131034354695e-01) 
