FANN_FLO_2.1
num_layers=3
learning_rate=0.700000
connection_rate=1.000000
network_type=0
learning_momentum=0.000000
training_algorithm=2
train_error_function=1
train_stop_function=1
cascade_output_change_fraction=0.010000
quickprop_decay=-0.000100
quickprop_mu=1.750000
rprop_increase_factor=1.200000
rprop_decrease_factor=0.500000
rprop_delta_min=0.000000
rprop_delta_max=50.000000
rprop_delta_zero=0.100000
cascade_output_stagnation_epochs=12
cascade_candidate_change_fraction=0.010000
cascade_candidate_stagnation_epochs=12
cascade_max_out_epochs=150
cascade_min_out_epochs=50
cascade_max_cand_epochs=150
cascade_min_cand_epochs=50
cascade_num_candidate_groups=2
bit_fail_limit=1.00000000000000005551e-01
cascade_candidate_limit=1.00000000000000000000e+03
cascade_weight_multiplier=4.00000000000000022204e-01
cascade_activation_functions_count=10
cascade_activation_functions=3 5 7 8 10 11 14 15 16 17 
cascade_activation_steepnesses_count=4
cascade_activation_steepnesses=2.50000000000000000000e-01 5.00000000000000000000e-01 7.50000000000000000000e-01 1.00000000000000000000e+00 
layer_sizes=14 4 2 
scale_included=0
neurons (num_inputs, activation_function, activation_steepness)=(0, 0, 0.00000000000000000000e+00) (0, 0, 0.00000000000000000000e+00) (0, 0, 0.00000000000000000000e+00) (0, 0, 0.00000000000000000000e+00) (0, 0, 0.00000000000000000000e+00) (0, 0, 0.00000000000000000000e+00) (0, 0, 0.00000000000000000000e+00) (0, 0, 0.00000000000000000000e+00) (0, 0, 0.00000000000000000000e+00) (0, 0, 0.00000000000000000000e+00) (0, 0, 0.00000000000000000000e+00) (0, 0, 0.00000000000000000000e+00) (0, 0, 0.00000000000000000000e+00) (0, 0, 0.00000000000000000000e+00) (14, 6, 5.00000000000000000000e-01) (14, 6, 5.00000000000000000000e-01) (14, 6, 5.00000000000000000000e-01) (0, 6, 0.00000000000000000000e+00) (4, 4, 5.00000000000000000000e-01) (0, 4, 0.00000000000000000000e+00) 
connections (connected_to_neuron, weight)=(0, 2.03389444368644634054e+00) (1, -3.37003592453281086705e+00) (2, -1.97460146447094975208e+00) (3, -1.39384656517170824053e+00) (4, -8.04759316354246023728e-01) (5, -1.99219485526306616663e+00) (6, -4.72959993684816648596e+00) (7, 2.87367518147181866262e-01) (8, 1.80670025306430614975e-01) (9, -4.69481520681536057538e+00) (10, -1.87195072477085600049e+00) (11, -8.33054131214642917813e-02) (12, -2.68683798475561186336e+00) (13, 3.32732681751477210597e+00) (0, -3.44340643064875856494e-02) (1, 2.18681340888045516735e+00) (2, 8.24978696448807280461e-01) (3, 1.17722481750848717574e+00) (4, 4.23092199020111747743e-01) (5, 7.97440606631793724723e-01) (6, 3.23387793536198975275e+00) (7, -5.55535870522709140928e-01) (8, -2.79221872769989110097e-01) (9, 3.19197417569764496648e+00) (10, 1.72298963937755855724e+00) (11, -4.50897567774908747396e-01) (12, 5.16393061905590666782e+00) (13, -1.47538874871273129052e+00) (0, -4.18259207411994127224e-01) (1, 2.82090268680233346998e+00) (2, -2.11669313777058692994e-01) (3, -9.24907210294457216015e-02) (4, -3.75781936121752591085e-01) (5, -7.73437481627981815446e-02) (6, 1.95337204054745039450e+00) (7, -6.79634139810526005654e-02) (8, -1.07029868402223726775e-01) (9, 1.99577667900886623897e+00) (10, -1.09316749882041583386e-01) (11, -1.50164263142496601233e+00) (12, 1.63013354776489816089e+00) (13, -5.12522345697679848620e-01) (14, -2.20147463948561252778e+01) (15, 2.30637238297835045486e+00) (16, 1.70412944492783124950e+00) (17, -1.97932746754428490199e+00) 
