FANN_FLO_2.1
num_layers=3
learning_rate=0.700000
connection_rate=1.000000
network_type=0
learning_momentum=0.000000
training_algorithm=2
train_error_function=1
train_stop_function=1
cascade_output_change_fraction=0.010000
quickprop_decay=-0.000100
quickprop_mu=1.750000
rprop_increase_factor=1.200000
rprop_decrease_factor=0.500000
rprop_delta_min=0.000000
rprop_delta_max=50.000000
rprop_delta_zero=0.100000
cascade_output_stagnation_epochs=12
cascade_candidate_change_fraction=0.010000
cascade_candidate_stagnation_epochs=12
cascade_max_out_epochs=150
cascade_min_out_epochs=50
cascade_max_cand_epochs=150
cascade_min_cand_epochs=50
cascade_num_candidate_groups=2
bit_fail_limit=1.00000000000000005551e-01
cascade_candidate_limit=1.00000000000000000000e+03
cascade_weight_multiplier=4.00000000000000022204e-01
cascade_activation_functions_count=10
cascade_activation_functions=3 5 7 8 10 11 14 15 16 17 
cascade_activation_steepnesses_count=4
cascade_activation_steepnesses=2.50000000000000000000e-01 5.00000000000000000000e-01 7.50000000000000000000e-01 1.00000000000000000000e+00 
layer_sizes=10 4 2 
scale_included=0
neurons (num_inputs, activation_function, activation_steepness)=(0, 0, 0.00000000000000000000e+00) (0, 0, 0.00000000000000000000e+00) (0, 0, 0.00000000000000000000e+00) (0, 0, 0.00000000000000000000e+00) (0, 0, 0.00000000000000000000e+00) (0, 0, 0.00000000000000000000e+00) (0, 0, 0.00000000000000000000e+00) (0, 0, 0.00000000000000000000e+00) (0, 0, 0.00000000000000000000e+00) (0, 0, 0.00000000000000000000e+00) (10, 6, 5.00000000000000000000e-01) (10, 6, 5.00000000000000000000e-01) (10, 6, 5.00000000000000000000e-01) (0, 6, 0.00000000000000000000e+00) (4, 4, 5.00000000000000000000e-01) (0, 4, 0.00000000000000000000e+00) 
connections (connected_to_neuron, weight)=(0, -1.02278727011642711631e+00) (1, 3.13782964357578908476e+00) (2, 2.00490664077228686324e+00) (3, 6.70510035101625767595e-01) (4, 3.48447738278236496257e+00) (5, 2.16265842047772327561e+00) (6, 4.07972300281116329046e+00) (7, 4.17326515623493987661e-01) (8, 4.12427599928506882776e+00) (9, -3.47439823565711147779e+00) (0, -3.54719899997010146286e-01) (1, 1.00257759282583291949e+00) (2, 4.86028468598436402814e-01) (3, 3.85374845662424470039e-01) (4, 2.84095841620587874488e-01) (5, 2.78629337895434492367e+00) (6, 1.80398235420868080503e+00) (7, 1.27955709394295791270e+00) (8, 2.48666235177288541536e+00) (9, -1.06419696946286546080e+00) (0, 8.25053141882128165951e-02) (1, 7.83461060798347874723e-01) (2, 6.78398919799635402583e-01) (3, 6.97374766905616949586e-01) (4, 1.18437156817247957186e+00) (5, 1.57661165077404619161e+00) (6, 1.08403736277529127996e+00) (7, 4.57167787170791317664e-01) (8, 9.63629844209760610951e-01) (9, -3.32654583687063687414e-01) (10, 3.61200631959721008002e+01) (11, 2.68569064421381442642e+00) (12, 3.11232996559686547755e+00) (13, -1.66077716249351814426e+00) 
