FANN_FLO_2.1
num_layers=3
learning_rate=0.700000
connection_rate=1.000000
network_type=0
learning_momentum=0.000000
training_algorithm=2
train_error_function=1
train_stop_function=1
cascade_output_change_fraction=0.010000
quickprop_decay=-0.000100
quickprop_mu=1.750000
rprop_increase_factor=1.200000
rprop_decrease_factor=0.500000
rprop_delta_min=0.000000
rprop_delta_max=50.000000
rprop_delta_zero=0.100000
cascade_output_stagnation_epochs=12
cascade_candidate_change_fraction=0.010000
cascade_candidate_stagnation_epochs=12
cascade_max_out_epochs=150
cascade_min_out_epochs=50
cascade_max_cand_epochs=150
cascade_min_cand_epochs=50
cascade_num_candidate_groups=2
bit_fail_limit=1.00000000000000005551e-01
cascade_candidate_limit=1.00000000000000000000e+03
cascade_weight_multiplier=4.00000000000000022204e-01
cascade_activation_functions_count=10
cascade_activation_functions=3 5 7 8 10 11 14 15 16 17 
cascade_activation_steepnesses_count=4
cascade_activation_steepnesses=2.50000000000000000000e-01 5.00000000000000000000e-01 7.50000000000000000000e-01 1.00000000000000000000e+00 
layer_sizes=8 4 2 
scale_included=0
neurons (num_inputs, activation_function, activation_steepness)=(0, 0, 0.00000000000000000000e+00) (0, 0, 0.00000000000000000000e+00) (0, 0, 0.00000000000000000000e+00) (0, 0, 0.00000000000000000000e+00) (0, 0, 0.00000000000000000000e+00) (0, 0, 0.00000000000000000000e+00) (0, 0, 0.00000000000000000000e+00) (0, 0, 0.00000000000000000000e+00) (8, 6, 5.00000000000000000000e-01) (8, 6, 5.00000000000000000000e-01) (8, 6, 5.00000000000000000000e-01) (0, 6, 0.00000000000000000000e+00) (4, 4, 5.00000000000000000000e-01) (0, 4, 0.00000000000000000000e+00) 
connections (connected_to_neuron, weight)=(0, 9.07073192246323678489e+00) (1, -8.52832616052895176040e-01) (2, 3.39882127478829199063e+00) (3, 2.88239256897231399535e+00) (4, -5.85237364631251644198e-01) (5, -1.98180404445566815674e+00) (6, -1.15283407942687743386e+00) (7, -1.16875015403955195836e+00) (0, 5.03079466750384396434e-01) (1, 8.22395095350921478961e-01) (2, 3.84404908364836317425e-01) (3, 7.55721204418294711935e-01) (4, 1.42377692272636346971e+00) (5, 4.54998149849025068647e+00) (6, 9.67297764581620200808e-01) (7, -2.46340310370747417323e+00) (0, 1.49229096179789499921e+00) (1, -2.95404958853751864467e+00) (2, -1.79491316179319393420e+00) (3, -1.58261628798575570976e+00) (4, -4.00462259912649720661e+00) (5, 6.51319559772612066695e+00) (6, -3.09312107543216852079e+00) (7, 2.69712261627636307182e+00) (8, 8.44954891973895350077e+00) (9, 8.69500832602598094923e+00) (10, -7.60060631559159283199e+00) (11, -1.17445783320414021134e+00) 
