FANN_FLO_2.1
num_layers=3
learning_rate=0.700000
connection_rate=1.000000
network_type=0
learning_momentum=0.000000
training_algorithm=2
train_error_function=1
train_stop_function=1
cascade_output_change_fraction=0.010000
quickprop_decay=-0.000100
quickprop_mu=1.750000
rprop_increase_factor=1.200000
rprop_decrease_factor=0.500000
rprop_delta_min=0.000000
rprop_delta_max=50.000000
rprop_delta_zero=0.100000
cascade_output_stagnation_epochs=12
cascade_candidate_change_fraction=0.010000
cascade_candidate_stagnation_epochs=12
cascade_max_out_epochs=150
cascade_min_out_epochs=50
cascade_max_cand_epochs=150
cascade_min_cand_epochs=50
cascade_num_candidate_groups=2
bit_fail_limit=1.00000000000000005551e-01
cascade_candidate_limit=1.00000000000000000000e+03
cascade_weight_multiplier=4.00000000000000022204e-01
cascade_activation_functions_count=10
cascade_activation_functions=3 5 7 8 10 11 14 15 16 17 
cascade_activation_steepnesses_count=4
cascade_activation_steepnesses=2.50000000000000000000e-01 5.00000000000000000000e-01 7.50000000000000000000e-01 1.00000000000000000000e+00 
layer_sizes=12 4 2 
scale_included=0
neurons (num_inputs, activation_function, activation_steepness)=(0, 0, 0.00000000000000000000e+00) (0, 0, 0.00000000000000000000e+00) (0, 0, 0.00000000000000000000e+00) (0, 0, 0.00000000000000000000e+00) (0, 0, 0.00000000000000000000e+00) (0, 0, 0.00000000000000000000e+00) (0, 0, 0.00000000000000000000e+00) (0, 0, 0.00000000000000000000e+00) (0, 0, 0.00000000000000000000e+00) (0, 0, 0.00000000000000000000e+00) (0, 0, 0.00000000000000000000e+00) (0, 0, 0.00000000000000000000e+00) (12, 6, 5.00000000000000000000e-01) (12, 6, 5.00000000000000000000e-01) (12, 6, 5.00000000000000000000e-01) (0, 6, 0.00000000000000000000e+00) (4, 4, 5.00000000000000000000e-01) (0, 4, 0.00000000000000000000e+00) 
connections (connected_to_neuron, weight)=(0, -8.75869549201722996656e-01) (1, 1.50434729374669085011e+00) (2, 1.86011005558114494995e+00) (3, -6.80981987958531376215e-01) (4, -4.70593108842901453048e-01) (5, 1.87163759446534183617e+00) (6, 2.66790206367717175340e+00) (7, 2.23057749916807690482e+00) (8, 3.13322519622774198211e+00) (9, -6.49769984022198432427e-01) (10, -8.50380427245188141860e-01) (11, -1.12538446820677529026e+00) (0, -1.05076478720718957671e-01) (1, 1.48928146727107058034e+00) (2, 2.07758637885737496021e+00) (3, -1.01162080776258078707e+00) (4, -4.45788784931234527420e-01) (5, 2.76917895248976186906e+00) (6, 2.62026399011359600877e+00) (7, 2.37528458287016519535e+00) (8, 3.16564355157346799530e+00) (9, -2.22739066735853807888e-01) (10, -8.27262135093788986140e-01) (11, -1.70109914673600948198e+00) (0, 1.07556243626402175950e-01) (1, 2.30783263937424876211e-01) (2, 3.57997379899917922419e-01) (3, -5.31271030565072591156e-02) (4, -7.80350302133307194286e-02) (5, 9.57124097874089141413e-01) (6, 1.91358193890124844705e-01) (7, 5.95343889918168001074e-01) (8, 2.84551147187362685198e-01) (9, -4.58157475637285295511e-03) (10, -2.27703831435610737355e-01) (11, -4.83792440061769191129e-01) (12, 7.48403675693006142922e+00) (13, 1.50875114453516729895e+01) (14, 2.86368526007150592250e+00) (15, -1.66568252129588922905e+00) 
