FANN_FLO_2.1
num_layers=3
learning_rate=0.700000
connection_rate=1.000000
network_type=0
learning_momentum=0.000000
training_algorithm=2
train_error_function=1
train_stop_function=1
cascade_output_change_fraction=0.010000
quickprop_decay=-0.000100
quickprop_mu=1.750000
rprop_increase_factor=1.200000
rprop_decrease_factor=0.500000
rprop_delta_min=0.000000
rprop_delta_max=50.000000
rprop_delta_zero=0.100000
cascade_output_stagnation_epochs=12
cascade_candidate_change_fraction=0.010000
cascade_candidate_stagnation_epochs=12
cascade_max_out_epochs=150
cascade_min_out_epochs=50
cascade_max_cand_epochs=150
cascade_min_cand_epochs=50
cascade_num_candidate_groups=2
bit_fail_limit=1.00000000000000005551e-01
cascade_candidate_limit=1.00000000000000000000e+03
cascade_weight_multiplier=4.00000000000000022204e-01
cascade_activation_functions_count=10
cascade_activation_functions=3 5 7 8 10 11 14 15 16 17 
cascade_activation_steepnesses_count=4
cascade_activation_steepnesses=2.50000000000000000000e-01 5.00000000000000000000e-01 7.50000000000000000000e-01 1.00000000000000000000e+00 
layer_sizes=7 4 2 
scale_included=0
neurons (num_inputs, activation_function, activation_steepness)=(0, 0, 0.00000000000000000000e+00) (0, 0, 0.00000000000000000000e+00) (0, 0, 0.00000000000000000000e+00) (0, 0, 0.00000000000000000000e+00) (0, 0, 0.00000000000000000000e+00) (0, 0, 0.00000000000000000000e+00) (0, 0, 0.00000000000000000000e+00) (7, 6, 5.00000000000000000000e-01) (7, 6, 5.00000000000000000000e-01) (7, 6, 5.00000000000000000000e-01) (0, 6, 0.00000000000000000000e+00) (4, 4, 5.00000000000000000000e-01) (0, 4, 0.00000000000000000000e+00) 
connections (connected_to_neuron, weight)=(0, -4.82332127946353139691e+00) (1, 2.93356479282702942157e+00) (2, 9.61665262714418767054e-01) (3, 5.57501328317709238247e-02) (4, 1.08723111195901345205e+00) (5, -1.16862120898179773498e-02) (6, -1.01731167039178860279e+00) (0, 3.86118202653718967099e+00) (1, -3.81033043518122083171e+00) (2, -1.21985520317123818934e+00) (3, -2.40165989712365712805e+00) (4, -1.22664941741989541590e+00) (5, -7.64977628756303373869e-01) (6, 3.89110458639455814023e+00) (0, 3.88858892765832919736e+00) (1, -3.71842804505880719645e+00) (2, -2.13755226103799778059e+00) (3, -1.43468147564408909922e+00) (4, -2.43424307192792443999e+00) (5, -3.22350453573116091377e-01) (6, 3.91684294489217776913e+00) (7, 3.52629381074579217881e+00) (8, -2.30418591870277644773e+00) (9, -2.27488002850025416990e+00) (10, -9.18339541457356856036e-01) 
