FANN_FLO_2.1
num_layers=3
learning_rate=0.700000
connection_rate=1.000000
network_type=0
learning_momentum=0.000000
training_algorithm=2
train_error_function=1
train_stop_function=1
cascade_output_change_fraction=0.010000
quickprop_decay=-0.000100
quickprop_mu=1.750000
rprop_increase_factor=1.200000
rprop_decrease_factor=0.500000
rprop_delta_min=0.000000
rprop_delta_max=50.000000
rprop_delta_zero=0.100000
cascade_output_stagnation_epochs=12
cascade_candidate_change_fraction=0.010000
cascade_candidate_stagnation_epochs=12
cascade_max_out_epochs=150
cascade_min_out_epochs=50
cascade_max_cand_epochs=150
cascade_min_cand_epochs=50
cascade_num_candidate_groups=2
bit_fail_limit=1.00000000000000005551e-01
cascade_candidate_limit=1.00000000000000000000e+03
cascade_weight_multiplier=4.00000000000000022204e-01
cascade_activation_functions_count=10
cascade_activation_functions=3 5 7 8 10 11 14 15 16 17 
cascade_activation_steepnesses_count=4
cascade_activation_steepnesses=2.50000000000000000000e-01 5.00000000000000000000e-01 7.50000000000000000000e-01 1.00000000000000000000e+00 
layer_sizes=10 4 2 
scale_included=0
neurons (num_inputs, activation_function, activation_steepness)=(0, 0, 0.00000000000000000000e+00) (0, 0, 0.00000000000000000000e+00) (0, 0, 0.00000000000000000000e+00) (0, 0, 0.00000000000000000000e+00) (0, 0, 0.00000000000000000000e+00) (0, 0, 0.00000000000000000000e+00) (0, 0, 0.00000000000000000000e+00) (0, 0, 0.00000000000000000000e+00) (0, 0, 0.00000000000000000000e+00) (0, 0, 0.00000000000000000000e+00) (10, 6, 5.00000000000000000000e-01) (10, 6, 5.00000000000000000000e-01) (10, 6, 5.00000000000000000000e-01) (0, 6, 0.00000000000000000000e+00) (4, 4, 5.00000000000000000000e-01) (0, 4, 0.00000000000000000000e+00) 
connections (connected_to_neuron, weight)=(0, 9.96524856964277616633e-02) (1, 4.85657566620703562421e+00) (2, 2.66845768892275403417e-01) (3, 8.31201954348998461874e-01) (4, 3.49090939962374113836e-01) (5, 4.99900201542969568891e+00) (6, 4.39170284771429553228e-01) (7, 2.12012632253899457879e+00) (8, 3.43512764446047891287e-01) (9, -3.49798484166932641126e-02) (0, -1.61995776516480755047e-01) (1, 2.23550484387875725290e+00) (2, 1.39578292764625716549e-01) (3, 2.77779150184176537586e-01) (4, 1.84700126446685930492e-01) (5, 2.12796119286419083139e+00) (6, 4.74642912520982854230e-02) (7, 1.46624379942863303228e+00) (8, 3.42386226603199061991e-01) (9, -8.90165498080685846372e-02) (0, -2.79868800037030096561e+00) (1, 6.81698592358381461054e+01) (2, 1.49047240669629293963e-01) (3, 2.82425986579939181098e+00) (4, -2.43242421580945389348e-01) (5, 6.80168862768561552912e+01) (6, -2.46508472992574112492e-01) (7, 2.99755103001219902481e+00) (8, 3.16528103296134855071e+00) (9, -2.75872833498243208439e+00) (10, 2.38570740468747710672e-01) (11, 2.75592984147162267661e-01) (12, 1.07847396541566133976e+01) (13, -2.81208411009516234813e+00) 
