FANN_FLO_2.1
num_layers=3
learning_rate=0.700000
connection_rate=1.000000
network_type=0
learning_momentum=0.000000
training_algorithm=2
train_error_function=1
train_stop_function=1
cascade_output_change_fraction=0.010000
quickprop_decay=-0.000100
quickprop_mu=1.750000
rprop_increase_factor=1.200000
rprop_decrease_factor=0.500000
rprop_delta_min=0.000000
rprop_delta_max=50.000000
rprop_delta_zero=0.100000
cascade_output_stagnation_epochs=12
cascade_candidate_change_fraction=0.010000
cascade_candidate_stagnation_epochs=12
cascade_max_out_epochs=150
cascade_min_out_epochs=50
cascade_max_cand_epochs=150
cascade_min_cand_epochs=50
cascade_num_candidate_groups=2
bit_fail_limit=1.00000000000000005551e-01
cascade_candidate_limit=1.00000000000000000000e+03
cascade_weight_multiplier=4.00000000000000022204e-01
cascade_activation_functions_count=10
cascade_activation_functions=3 5 7 8 10 11 14 15 16 17 
cascade_activation_steepnesses_count=4
cascade_activation_steepnesses=2.50000000000000000000e-01 5.00000000000000000000e-01 7.50000000000000000000e-01 1.00000000000000000000e+00 
layer_sizes=10 4 2 
scale_included=0
neurons (num_inputs, activation_function, activation_steepness)=(0, 0, 0.00000000000000000000e+00) (0, 0, 0.00000000000000000000e+00) (0, 0, 0.00000000000000000000e+00) (0, 0, 0.00000000000000000000e+00) (0, 0, 0.00000000000000000000e+00) (0, 0, 0.00000000000000000000e+00) (0, 0, 0.00000000000000000000e+00) (0, 0, 0.00000000000000000000e+00) (0, 0, 0.00000000000000000000e+00) (0, 0, 0.00000000000000000000e+00) (10, 6, 5.00000000000000000000e-01) (10, 6, 5.00000000000000000000e-01) (10, 6, 5.00000000000000000000e-01) (0, 6, 0.00000000000000000000e+00) (4, 4, 5.00000000000000000000e-01) (0, 4, 0.00000000000000000000e+00) 
connections (connected_to_neuron, weight)=(0, -1.59451646573717309430e+00) (1, 2.15112516065487557881e+00) (2, 2.54411471956798873606e+00) (3, -4.78116272140194420448e-01) (4, -3.95699000108887088967e-01) (5, -4.72992269445110802284e-01) (6, 8.17437221500497628313e+01) (7, 8.19053807127695847612e+01) (8, 2.51691770025787153742e+00) (9, -2.35330601156335994517e+00) (0, -4.23564431332728752455e-01) (1, 5.88703289125631745726e-01) (2, 9.59455942317663890151e+00) (3, 1.54305322078098605676e-01) (4, 5.78302702032506242558e-03) (5, 9.35101937326091731117e-02) (6, 1.42783146358682486721e+01) (7, 1.41957636482669684597e+01) (8, 5.01982056937008480624e-01) (9, -2.98509945236823448500e-01) (0, 1.64104343666521962364e-02) (1, 8.61534725593208872141e-01) (2, 8.88993936029384146380e-01) (3, 2.46352449967829956190e-01) (4, 2.01367639913527879392e-01) (5, 3.31174319682994711123e-01) (6, 5.99845160280063627312e+00) (7, 5.98703758154705045769e+00) (8, 6.02588097380642007117e-01) (9, 2.24135608686892376373e-02) (10, 1.56146042120284480603e+01) (11, 1.21016173940933291497e+00) (12, 2.88124429734879061726e-01) (13, -1.65386809054578587386e+00) 
