FANN_FLO_2.1
num_layers=3
learning_rate=0.700000
connection_rate=1.000000
network_type=0
learning_momentum=0.000000
training_algorithm=2
train_error_function=1
train_stop_function=1
cascade_output_change_fraction=0.010000
quickprop_decay=-0.000100
quickprop_mu=1.750000
rprop_increase_factor=1.200000
rprop_decrease_factor=0.500000
rprop_delta_min=0.000000
rprop_delta_max=50.000000
rprop_delta_zero=0.100000
cascade_output_stagnation_epochs=12
cascade_candidate_change_fraction=0.010000
cascade_candidate_stagnation_epochs=12
cascade_max_out_epochs=150
cascade_min_out_epochs=50
cascade_max_cand_epochs=150
cascade_min_cand_epochs=50
cascade_num_candidate_groups=2
bit_fail_limit=1.00000000000000005551e-01
cascade_candidate_limit=1.00000000000000000000e+03
cascade_weight_multiplier=4.00000000000000022204e-01
cascade_activation_functions_count=10
cascade_activation_functions=3 5 7 8 10 11 14 15 16 17 
cascade_activation_steepnesses_count=4
cascade_activation_steepnesses=2.50000000000000000000e-01 5.00000000000000000000e-01 7.50000000000000000000e-01 1.00000000000000000000e+00 
layer_sizes=10 4 2 
scale_included=0
neurons (num_inputs, activation_function, activation_steepness)=(0, 0, 0.00000000000000000000e+00) (0, 0, 0.00000000000000000000e+00) (0, 0, 0.00000000000000000000e+00) (0, 0, 0.00000000000000000000e+00) (0, 0, 0.00000000000000000000e+00) (0, 0, 0.00000000000000000000e+00) (0, 0, 0.00000000000000000000e+00) (0, 0, 0.00000000000000000000e+00) (0, 0, 0.00000000000000000000e+00) (0, 0, 0.00000000000000000000e+00) (10, 6, 5.00000000000000000000e-01) (10, 6, 5.00000000000000000000e-01) (10, 6, 5.00000000000000000000e-01) (0, 6, 0.00000000000000000000e+00) (4, 4, 5.00000000000000000000e-01) (0, 4, 0.00000000000000000000e+00) 
connections (connected_to_neuron, weight)=(0, -2.09448846200986515953e+00) (1, 1.25227328650553393352e+00) (2, 1.74091640084109178233e+00) (3, 2.36419556442683004294e-01) (4, -2.07625263482667882231e-01) (5, 3.50915627614983349769e-01) (6, 5.94646447066003474902e+02) (7, 1.94011647971930822898e+00) (8, 5.94735635857814941119e+02) (9, -1.55664434656415395786e+00) (0, 1.58239985752936007657e+00) (1, -2.00921070501856924295e+00) (2, -1.43970765155307578453e+00) (3, 4.32602490790962079803e-01) (4, 8.31033444233050588856e-01) (5, -5.17927146775826963143e-01) (6, 6.90904987015660765337e+01) (7, 2.39398503098045356552e+00) (8, 6.90379727640088560747e+01) (9, 1.48781206277342392674e+00) (0, 1.43359031651254298367e+00) (1, -1.90895134881787442716e+00) (2, -1.32624944903635655358e+00) (3, 3.50377017414952085517e-01) (4, 7.31150048054566625844e-01) (5, -4.33216548783883492746e-01) (6, 6.89942213603194716143e+01) (7, 2.35864565315996177475e+00) (8, 6.90482027538951399492e+01) (9, 1.49581317422123505345e+00) (10, 1.43797740595936627273e+01) (11, -3.80740263382825760985e+00) (12, -1.77900371559171355251e+00) (13, -9.34382574065185322887e-01) 
