FANN_FLO_2.1
num_layers=3
learning_rate=0.700000
connection_rate=1.000000
network_type=0
learning_momentum=0.000000
training_algorithm=2
train_error_function=1
train_stop_function=1
cascade_output_change_fraction=0.010000
quickprop_decay=-0.000100
quickprop_mu=1.750000
rprop_increase_factor=1.200000
rprop_decrease_factor=0.500000
rprop_delta_min=0.000000
rprop_delta_max=50.000000
rprop_delta_zero=0.100000
cascade_output_stagnation_epochs=12
cascade_candidate_change_fraction=0.010000
cascade_candidate_stagnation_epochs=12
cascade_max_out_epochs=150
cascade_min_out_epochs=50
cascade_max_cand_epochs=150
cascade_min_cand_epochs=50
cascade_num_candidate_groups=2
bit_fail_limit=1.00000000000000005551e-01
cascade_candidate_limit=1.00000000000000000000e+03
cascade_weight_multiplier=4.00000000000000022204e-01
cascade_activation_functions_count=10
cascade_activation_functions=3 5 7 8 10 11 14 15 16 17 
cascade_activation_steepnesses_count=4
cascade_activation_steepnesses=2.50000000000000000000e-01 5.00000000000000000000e-01 7.50000000000000000000e-01 1.00000000000000000000e+00 
layer_sizes=7 4 2 
scale_included=0
neurons (num_inputs, activation_function, activation_steepness)=(0, 0, 0.00000000000000000000e+00) (0, 0, 0.00000000000000000000e+00) (0, 0, 0.00000000000000000000e+00) (0, 0, 0.00000000000000000000e+00) (0, 0, 0.00000000000000000000e+00) (0, 0, 0.00000000000000000000e+00) (0, 0, 0.00000000000000000000e+00) (7, 6, 5.00000000000000000000e-01) (7, 6, 5.00000000000000000000e-01) (7, 6, 5.00000000000000000000e-01) (0, 6, 0.00000000000000000000e+00) (4, 4, 5.00000000000000000000e-01) (0, 4, 0.00000000000000000000e+00) 
connections (connected_to_neuron, weight)=(0, -2.91108984644170232237e-01) (1, 1.40280183474597652804e+00) (2, 9.73394723486933455270e-01) (3, 1.05145321902642674416e+00) (4, 5.17348042357443249628e-01) (5, 9.22095252413701937932e-01) (6, -8.71019828533450835018e-01) (0, -2.92650062734837956846e-01) (1, 1.36255126143870075595e+00) (2, 9.37662163627180800241e-01) (3, 1.13957454380403011562e+00) (4, 4.83680805790899670527e-01) (5, 9.99545363922071383733e-01) (6, -8.14203213369171119318e-01) (0, 1.54277596683148643386e+00) (1, -1.80821334857927773498e+00) (2, -2.11033753400699142233e+00) (3, -1.51721277637269769123e+00) (4, -4.66416480303153413445e-01) (5, -2.15819565461266993367e+00) (6, 1.80587981922204665608e+00) (7, 2.56491271724045200031e+00) (8, 1.53990965107305743942e+00) (9, -1.36031813942725889888e+01) (10, -1.77269451741112460397e+00) 
