FANN_FLO_2.1
num_layers=3
learning_rate=0.700000
connection_rate=1.000000
network_type=0
learning_momentum=0.000000
training_algorithm=2
train_error_function=1
train_stop_function=1
cascade_output_change_fraction=0.010000
quickprop_decay=-0.000100
quickprop_mu=1.750000
rprop_increase_factor=1.200000
rprop_decrease_factor=0.500000
rprop_delta_min=0.000000
rprop_delta_max=50.000000
rprop_delta_zero=0.100000
cascade_output_stagnation_epochs=12
cascade_candidate_change_fraction=0.010000
cascade_candidate_stagnation_epochs=12
cascade_max_out_epochs=150
cascade_min_out_epochs=50
cascade_max_cand_epochs=150
cascade_min_cand_epochs=50
cascade_num_candidate_groups=2
bit_fail_limit=1.00000000000000005551e-01
cascade_candidate_limit=1.00000000000000000000e+03
cascade_weight_multiplier=4.00000000000000022204e-01
cascade_activation_functions_count=10
cascade_activation_functions=3 5 7 8 10 11 14 15 16 17 
cascade_activation_steepnesses_count=4
cascade_activation_steepnesses=2.50000000000000000000e-01 5.00000000000000000000e-01 7.50000000000000000000e-01 1.00000000000000000000e+00 
layer_sizes=15 4 2 
scale_included=0
neurons (num_inputs, activation_function, activation_steepness)=(0, 0, 0.00000000000000000000e+00) (0, 0, 0.00000000000000000000e+00) (0, 0, 0.00000000000000000000e+00) (0, 0, 0.00000000000000000000e+00) (0, 0, 0.00000000000000000000e+00) (0, 0, 0.00000000000000000000e+00) (0, 0, 0.00000000000000000000e+00) (0, 0, 0.00000000000000000000e+00) (0, 0, 0.00000000000000000000e+00) (0, 0, 0.00000000000000000000e+00) (0, 0, 0.00000000000000000000e+00) (0, 0, 0.00000000000000000000e+00) (0, 0, 0.00000000000000000000e+00) (0, 0, 0.00000000000000000000e+00) (0, 0, 0.00000000000000000000e+00) (15, 6, 5.00000000000000000000e-01) (15, 6, 5.00000000000000000000e-01) (15, 6, 5.00000000000000000000e-01) (0, 6, 0.00000000000000000000e+00) (4, 4, 5.00000000000000000000e-01) (0, 4, 0.00000000000000000000e+00) 
connections (connected_to_neuron, weight)=(0, -3.55543917039027101978e+00) (1, 1.08479157753248678375e+00) (2, 5.31948133741336204316e-01) (3, -4.49383235149494741911e-03) (4, -5.98111276458278690038e-02) (5, 1.04519392007016584389e-01) (6, -7.56520067768584880685e-02) (7, 1.01669633741826181961e+00) (8, 1.45242829371920421921e-02) (9, 1.45829355918788372559e-01) (10, -2.32887591861023945938e+00) (11, 1.10047073270529849331e+00) (12, 5.78923153264034595633e-02) (13, 6.76707267362335329608e-01) (14, -6.71296908943298242800e-02) (0, 4.85542384306669738692e+00) (1, -1.46099491226224609264e+00) (2, -1.22696300587477491462e+00) (3, 6.06444078821398946388e-01) (4, 6.04046258581507289342e-01) (5, 6.92144137955811450391e-02) (6, 6.25059595274639057116e-01) (7, -1.88356821854506906178e+00) (8, 3.72699535303934292862e-01) (9, 3.15615634940976774736e-01) (10, 7.92662713532025797747e+00) (11, -1.93663455416356500294e+00) (12, 6.62047612804629759253e-01) (13, -1.69182536650195225469e+00) (14, 1.07455485349299650899e+00) (0, -3.72320187981715156056e+00) (1, 2.44846531433142722278e+00) (2, 1.06306772633665302941e+00) (3, -2.57945479882496081503e-02) (4, -1.55433503624408886346e-01) (5, 1.26705448771510048589e-01) (6, -2.57193270791843509038e-01) (7, 1.60504305408416003687e+00) (8, -7.42744718907496492832e-02) (9, 1.37739613240475206046e-01) (10, -5.72611148155190718967e+00) (11, 1.49150815279302806360e+00) (12, -8.70902945292741509364e-02) (13, 1.76117547692231313228e+00) (14, -4.64228888821276386434e-01) (15, 1.45051825262764166879e+00) (16, -1.13429489828545975172e+01) (17, 5.86976392601094776325e+00) (18, -3.71787695061834955190e-01) 
