FANN_FLO_2.1
num_layers=3
learning_rate=0.700000
connection_rate=1.000000
network_type=0
learning_momentum=0.000000
training_algorithm=2
train_error_function=1
train_stop_function=1
cascade_output_change_fraction=0.010000
quickprop_decay=-0.000100
quickprop_mu=1.750000
rprop_increase_factor=1.200000
rprop_decrease_factor=0.500000
rprop_delta_min=0.000000
rprop_delta_max=50.000000
rprop_delta_zero=0.100000
cascade_output_stagnation_epochs=12
cascade_candidate_change_fraction=0.010000
cascade_candidate_stagnation_epochs=12
cascade_max_out_epochs=150
cascade_min_out_epochs=50
cascade_max_cand_epochs=150
cascade_min_cand_epochs=50
cascade_num_candidate_groups=2
bit_fail_limit=1.00000000000000005551e-01
cascade_candidate_limit=1.00000000000000000000e+03
cascade_weight_multiplier=4.00000000000000022204e-01
cascade_activation_functions_count=10
cascade_activation_functions=3 5 7 8 10 11 14 15 16 17 
cascade_activation_steepnesses_count=4
cascade_activation_steepnesses=2.50000000000000000000e-01 5.00000000000000000000e-01 7.50000000000000000000e-01 1.00000000000000000000e+00 
layer_sizes=15 4 2 
scale_included=0
neurons (num_inputs, activation_function, activation_steepness)=(0, 0, 0.00000000000000000000e+00) (0, 0, 0.00000000000000000000e+00) (0, 0, 0.00000000000000000000e+00) (0, 0, 0.00000000000000000000e+00) (0, 0, 0.00000000000000000000e+00) (0, 0, 0.00000000000000000000e+00) (0, 0, 0.00000000000000000000e+00) (0, 0, 0.00000000000000000000e+00) (0, 0, 0.00000000000000000000e+00) (0, 0, 0.00000000000000000000e+00) (0, 0, 0.00000000000000000000e+00) (0, 0, 0.00000000000000000000e+00) (0, 0, 0.00000000000000000000e+00) (0, 0, 0.00000000000000000000e+00) (0, 0, 0.00000000000000000000e+00) (15, 6, 5.00000000000000000000e-01) (15, 6, 5.00000000000000000000e-01) (15, 6, 5.00000000000000000000e-01) (0, 6, 0.00000000000000000000e+00) (4, 4, 5.00000000000000000000e-01) (0, 4, 0.00000000000000000000e+00) 
connections (connected_to_neuron, weight)=(0, -1.37215509186753803483e+00) (1, 1.03234743857165112146e+00) (2, 6.53129443913964435886e-01) (3, 4.99984047918300422708e-01) (4, 1.09744489699789588011e-01) (5, 6.67797591148676095152e-01) (6, 5.05490559696020302916e-01) (7, 1.92479968577810856001e-01) (8, 1.04669240696985821337e+00) (9, 2.13669712412186907358e+00) (10, -1.49292062144050174943e+00) (11, 5.64937322943191322366e-01) (12, 2.22200416344233797616e+00) (13, 2.23428495544024752206e+00) (14, 4.01716868498344648053e-02) (0, -1.46903236876496845476e+00) (1, 9.95614556310374765324e-01) (2, 7.46152282148865642064e-01) (3, 4.27363372950534614603e-01) (4, 5.47801785976235744435e-01) (5, 6.14511977492632088804e-01) (6, 5.47809604166807351255e-01) (7, 1.96479477495142551557e-01) (8, 9.34973461764646684991e-01) (9, 2.21679122316666887826e+00) (10, -1.53610961805352741472e+00) (11, 5.38097381203155311624e-01) (12, 2.15585370677539156503e+00) (13, 2.31229452359505938119e+00) (14, 3.69346543336106745981e-03) (0, 1.23888326696272521588e+01) (1, -3.77256458453642551376e+00) (2, -2.03057716986510783386e+00) (3, 2.79612735886850538591e-01) (4, 3.62246836680625239335e-01) (5, -1.37086142181173986643e-01) (6, -2.37929951726214117258e-01) (7, 3.96454948145602448228e-01) (8, -2.50026259897963232248e-01) (9, -1.59657784049353068667e+00) (10, 1.23613218329067855450e+01) (11, 3.37833688636102857927e-01) (12, -1.60784873609384959536e+00) (13, -1.05866042882441657724e+00) (14, 1.64331388418777613047e+00) (15, 8.78520042729206807053e-01) (16, 8.60937223863430745041e-01) (17, -1.27748390026525342478e+01) (18, -9.15518277038095629194e-01) 
