FANN_FLO_2.1
num_layers=3
learning_rate=0.700000
connection_rate=1.000000
network_type=0
learning_momentum=0.000000
training_algorithm=2
train_error_function=1
train_stop_function=1
cascade_output_change_fraction=0.010000
quickprop_decay=-0.000100
quickprop_mu=1.750000
rprop_increase_factor=1.200000
rprop_decrease_factor=0.500000
rprop_delta_min=0.000000
rprop_delta_max=50.000000
rprop_delta_zero=0.100000
cascade_output_stagnation_epochs=12
cascade_candidate_change_fraction=0.010000
cascade_candidate_stagnation_epochs=12
cascade_max_out_epochs=150
cascade_min_out_epochs=50
cascade_max_cand_epochs=150
cascade_min_cand_epochs=50
cascade_num_candidate_groups=2
bit_fail_limit=1.00000000000000005551e-01
cascade_candidate_limit=1.00000000000000000000e+03
cascade_weight_multiplier=4.00000000000000022204e-01
cascade_activation_functions_count=10
cascade_activation_functions=3 5 7 8 10 11 14 15 16 17 
cascade_activation_steepnesses_count=4
cascade_activation_steepnesses=2.50000000000000000000e-01 5.00000000000000000000e-01 7.50000000000000000000e-01 1.00000000000000000000e+00 
layer_sizes=14 4 2 
scale_included=0
neurons (num_inputs, activation_function, activation_steepness)=(0, 0, 0.00000000000000000000e+00) (0, 0, 0.00000000000000000000e+00) (0, 0, 0.00000000000000000000e+00) (0, 0, 0.00000000000000000000e+00) (0, 0, 0.00000000000000000000e+00) (0, 0, 0.00000000000000000000e+00) (0, 0, 0.00000000000000000000e+00) (0, 0, 0.00000000000000000000e+00) (0, 0, 0.00000000000000000000e+00) (0, 0, 0.00000000000000000000e+00) (0, 0, 0.00000000000000000000e+00) (0, 0, 0.00000000000000000000e+00) (0, 0, 0.00000000000000000000e+00) (0, 0, 0.00000000000000000000e+00) (14, 6, 5.00000000000000000000e-01) (14, 6, 5.00000000000000000000e-01) (14, 6, 5.00000000000000000000e-01) (0, 6, 0.00000000000000000000e+00) (4, 4, 5.00000000000000000000e-01) (0, 4, 0.00000000000000000000e+00) 
connections (connected_to_neuron, weight)=(0, -7.27903239084653708169e-01) (1, 1.19131442111543939255e+00) (2, -1.62428721390797475843e-01) (3, 9.21016697289915420299e-01) (4, 8.21055560392060290731e-01) (5, 9.69176661817380713515e-01) (6, 8.17061295509632801171e-01) (7, 1.50000000000000000000e+03) (8, 1.50000000000000000000e+03) (9, 7.59999004816423240349e-01) (10, 1.50000000000000000000e+03) (11, 1.21905872077127863662e+00) (12, 1.50000000000000000000e+03) (13, -1.69027465530549059203e+00) (0, 3.33128786851283154036e+00) (1, -2.95012013212358814584e+00) (2, -7.24469202491491270912e-01) (3, -3.53279526856901959775e+00) (4, -1.48110167583920615542e+00) (5, -2.17572725561899282809e+00) (6, -3.66843467337027595576e+00) (7, 5.69137735995249613552e+02) (8, 5.69264927792148455410e+02) (9, 3.48159596361290990529e+00) (10, 5.69164754426823719768e+02) (11, 4.92934841987346850090e+00) (12, 5.69150242152409418850e+02) (13, 4.04267569900297463192e+00) (0, -1.63959544921358058023e-01) (1, 1.84620419653146705663e+00) (2, -2.43033434535423163714e-02) (3, -3.31538587529687345246e-01) (4, -8.11667679886484000340e-02) (5, -3.27830687017169553066e-01) (6, -4.39503403036719877961e-02) (7, 1.50000000000000000000e+03) (8, 1.50000000000000000000e+03) (9, 6.33945090388665977166e-01) (10, 1.50000000000000000000e+03) (11, 1.21156897992273737685e+00) (12, 1.50000000000000000000e+03) (13, -3.60257929836169554783e-01) (14, 2.00609565562187661669e+01) (15, -4.14569760148487098661e+00) (16, 2.93218964953329663814e+00) (17, -9.88339393481042771672e-03) 
