FANN_FLO_2.1
num_layers=3
learning_rate=0.700000
connection_rate=1.000000
network_type=0
learning_momentum=0.000000
training_algorithm=2
train_error_function=1
train_stop_function=1
cascade_output_change_fraction=0.010000
quickprop_decay=-0.000100
quickprop_mu=1.750000
rprop_increase_factor=1.200000
rprop_decrease_factor=0.500000
rprop_delta_min=0.000000
rprop_delta_max=50.000000
rprop_delta_zero=0.100000
cascade_output_stagnation_epochs=12
cascade_candidate_change_fraction=0.010000
cascade_candidate_stagnation_epochs=12
cascade_max_out_epochs=150
cascade_min_out_epochs=50
cascade_max_cand_epochs=150
cascade_min_cand_epochs=50
cascade_num_candidate_groups=2
bit_fail_limit=1.00000000000000005551e-01
cascade_candidate_limit=1.00000000000000000000e+03
cascade_weight_multiplier=4.00000000000000022204e-01
cascade_activation_functions_count=10
cascade_activation_functions=3 5 7 8 10 11 14 15 16 17 
cascade_activation_steepnesses_count=4
cascade_activation_steepnesses=2.50000000000000000000e-01 5.00000000000000000000e-01 7.50000000000000000000e-01 1.00000000000000000000e+00 
layer_sizes=13 4 2 
scale_included=0
neurons (num_inputs, activation_function, activation_steepness)=(0, 0, 0.00000000000000000000e+00) (0, 0, 0.00000000000000000000e+00) (0, 0, 0.00000000000000000000e+00) (0, 0, 0.00000000000000000000e+00) (0, 0, 0.00000000000000000000e+00) (0, 0, 0.00000000000000000000e+00) (0, 0, 0.00000000000000000000e+00) (0, 0, 0.00000000000000000000e+00) (0, 0, 0.00000000000000000000e+00) (0, 0, 0.00000000000000000000e+00) (0, 0, 0.00000000000000000000e+00) (0, 0, 0.00000000000000000000e+00) (0, 0, 0.00000000000000000000e+00) (13, 6, 5.00000000000000000000e-01) (13, 6, 5.00000000000000000000e-01) (13, 6, 5.00000000000000000000e-01) (0, 6, 0.00000000000000000000e+00) (4, 4, 5.00000000000000000000e-01) (0, 4, 0.00000000000000000000e+00) 
connections (connected_to_neuron, weight)=(0, -4.38919821071541371715e-01) (1, 4.85365396041202268318e-01) (2, 1.56107774628840484388e-01) (3, 2.89098734646199562182e-01) (4, 1.59551469998475532464e+01) (5, 2.22943723450416048104e-01) (6, 2.95334264715072347673e-01) (7, -2.19015658936514590049e-01) (8, 4.33412113936508636147e-01) (9, 1.76087230944220540785e+00) (10, 9.21108917874453592134e-02) (11, 7.98026043607832136217e-01) (12, -2.12204910222824866262e-01) (0, -1.78983357289231870269e+00) (1, 1.69076122923349636551e+00) (2, 1.76626575948531705507e-01) (3, 8.13456027092221756192e-01) (4, 2.40752902900477039339e+00) (5, -4.25071592872855952283e-01) (6, 8.62580484034303207608e-01) (7, -2.48577370521003526704e+00) (8, 1.95477252302468995637e+00) (9, 2.38630923985312914937e+00) (10, -8.58968368472496135446e-01) (11, 6.99389090274737723618e-01) (12, -1.81427257993615720366e+00) (0, -2.24122115763794205190e-01) (1, 2.12983520742235671319e-01) (2, 9.54771050841003166010e-02) (3, 2.80216320015877429217e-01) (4, 2.41032384237079400080e+00) (5, 1.79602001344886436085e-01) (6, 1.46199329275910422377e-01) (7, 2.95757353371705958289e-02) (8, 1.59880827948848114328e-01) (9, 4.39377356401849272771e-01) (10, 1.19963308982747512976e-01) (11, 3.62125553923899834441e-01) (12, -1.53261563724383070850e-01) (13, 2.51417816809559824254e-01) (14, 3.78101570150697696704e+01) (15, 6.86375361874082268177e-02) (16, -1.85076222614560581547e+00) 
