FANN_FLO_2.1
num_layers=3
learning_rate=0.700000
connection_rate=1.000000
network_type=0
learning_momentum=0.000000
training_algorithm=2
train_error_function=1
train_stop_function=1
cascade_output_change_fraction=0.010000
quickprop_decay=-0.000100
quickprop_mu=1.750000
rprop_increase_factor=1.200000
rprop_decrease_factor=0.500000
rprop_delta_min=0.000000
rprop_delta_max=50.000000
rprop_delta_zero=0.100000
cascade_output_stagnation_epochs=12
cascade_candidate_change_fraction=0.010000
cascade_candidate_stagnation_epochs=12
cascade_max_out_epochs=150
cascade_min_out_epochs=50
cascade_max_cand_epochs=150
cascade_min_cand_epochs=50
cascade_num_candidate_groups=2
bit_fail_limit=1.00000000000000005551e-01
cascade_candidate_limit=1.00000000000000000000e+03
cascade_weight_multiplier=4.00000000000000022204e-01
cascade_activation_functions_count=10
cascade_activation_functions=3 5 7 8 10 11 14 15 16 17 
cascade_activation_steepnesses_count=4
cascade_activation_steepnesses=2.50000000000000000000e-01 5.00000000000000000000e-01 7.50000000000000000000e-01 1.00000000000000000000e+00 
layer_sizes=10 4 2 
scale_included=0
neurons (num_inputs, activation_function, activation_steepness)=(0, 0, 0.00000000000000000000e+00) (0, 0, 0.00000000000000000000e+00) (0, 0, 0.00000000000000000000e+00) (0, 0, 0.00000000000000000000e+00) (0, 0, 0.00000000000000000000e+00) (0, 0, 0.00000000000000000000e+00) (0, 0, 0.00000000000000000000e+00) (0, 0, 0.00000000000000000000e+00) (0, 0, 0.00000000000000000000e+00) (0, 0, 0.00000000000000000000e+00) (10, 6, 5.00000000000000000000e-01) (10, 6, 5.00000000000000000000e-01) (10, 6, 5.00000000000000000000e-01) (0, 6, 0.00000000000000000000e+00) (4, 4, 5.00000000000000000000e-01) (0, 4, 0.00000000000000000000e+00) 
connections (connected_to_neuron, weight)=(0, -1.79483556524371734575e+00) (1, 1.21898216479881926766e+00) (2, 1.40104343345139858990e+00) (3, -5.02246852267214469873e-03) (4, 7.21398311229786287635e-02) (5, -7.89346901205935230772e-02) (6, 3.55054039150050925855e+02) (7, 3.54938838444224643354e+02) (8, 9.53817515263174042772e-01) (9, -1.10572093781834968063e+00) (0, -6.14568448641838904756e-01) (1, 7.47399684632427785402e-01) (2, 7.06794845830437945544e-01) (3, 2.22270371164224156413e-01) (4, 1.97657937965323327045e-01) (5, 3.97549908230563187050e-01) (6, 1.52913942255086766409e+02) (7, 1.53082997918135987447e+02) (8, 5.47167344712346626068e-01) (9, -3.72162535925660509228e-01) (0, 1.73181313901999467397e+00) (1, -1.41709017290179817294e+00) (2, -1.78282721276759215101e+00) (3, 6.88466627119135310409e-01) (4, 2.71230280210341234692e-01) (5, 6.42945390163015773055e-01) (6, 2.23567618934445306422e+02) (7, 2.67341086005513204782e+02) (8, 5.28070481549167158875e+00) (9, 1.71744694441416734243e+00) (10, 1.47760804034778967520e+01) (11, 3.11561889092673283130e+00) (12, -4.43948159608515435792e+00) (13, -1.49561516133023442165e+00) 
