FANN_FLO_2.1
num_layers=3
learning_rate=0.700000
connection_rate=1.000000
network_type=0
learning_momentum=0.000000
training_algorithm=2
train_error_function=1
train_stop_function=1
cascade_output_change_fraction=0.010000
quickprop_decay=-0.000100
quickprop_mu=1.750000
rprop_increase_factor=1.200000
rprop_decrease_factor=0.500000
rprop_delta_min=0.000000
rprop_delta_max=50.000000
rprop_delta_zero=0.100000
cascade_output_stagnation_epochs=12
cascade_candidate_change_fraction=0.010000
cascade_candidate_stagnation_epochs=12
cascade_max_out_epochs=150
cascade_min_out_epochs=50
cascade_max_cand_epochs=150
cascade_min_cand_epochs=50
cascade_num_candidate_groups=2
bit_fail_limit=1.00000000000000005551e-01
cascade_candidate_limit=1.00000000000000000000e+03
cascade_weight_multiplier=4.00000000000000022204e-01
cascade_activation_functions_count=10
cascade_activation_functions=3 5 7 8 10 11 14 15 16 17 
cascade_activation_steepnesses_count=4
cascade_activation_steepnesses=2.50000000000000000000e-01 5.00000000000000000000e-01 7.50000000000000000000e-01 1.00000000000000000000e+00 
layer_sizes=7 4 2 
scale_included=0
neurons (num_inputs, activation_function, activation_steepness)=(0, 0, 0.00000000000000000000e+00) (0, 0, 0.00000000000000000000e+00) (0, 0, 0.00000000000000000000e+00) (0, 0, 0.00000000000000000000e+00) (0, 0, 0.00000000000000000000e+00) (0, 0, 0.00000000000000000000e+00) (0, 0, 0.00000000000000000000e+00) (7, 6, 5.00000000000000000000e-01) (7, 6, 5.00000000000000000000e-01) (7, 6, 5.00000000000000000000e-01) (0, 6, 0.00000000000000000000e+00) (4, 4, 5.00000000000000000000e-01) (0, 4, 0.00000000000000000000e+00) 
connections (connected_to_neuron, weight)=(0, -8.93040407081755582830e-01) (1, 3.84490478986843742248e+00) (2, 5.58158760794576558339e+00) (3, 1.50000000000000000000e+03) (4, 4.75732544160778658693e+00) (5, 1.21894231424253796092e+00) (6, -6.00410536211936474160e+00) (0, 1.18314893938873066936e+00) (1, -3.65369602922346148333e+00) (2, -5.13712815869312322548e+00) (3, -2.44788833286399039935e+02) (4, 2.43812156226538206738e+02) (5, 6.25238712225171752834e+02) (6, 5.36067033766871681166e+00) (0, -1.93222797388623329651e-01) (1, 4.88689224783585451917e+00) (2, -1.65378075962699688795e+00) (3, 1.50000000000000000000e+03) (4, 8.52503575035088556611e-01) (5, -1.48863390808186912828e+00) (6, -1.08104762138169796515e+00) (7, 7.65204879111405755765e+00) (8, -6.41405541050757843635e+00) (9, 8.98289311175879179316e-01) (10, -7.40603430517447702819e-01) 
