FANN_FLO_2.1
num_layers=3
learning_rate=0.700000
connection_rate=1.000000
network_type=0
learning_momentum=0.000000
training_algorithm=2
train_error_function=1
train_stop_function=1
cascade_output_change_fraction=0.010000
quickprop_decay=-0.000100
quickprop_mu=1.750000
rprop_increase_factor=1.200000
rprop_decrease_factor=0.500000
rprop_delta_min=0.000000
rprop_delta_max=50.000000
rprop_delta_zero=0.100000
cascade_output_stagnation_epochs=12
cascade_candidate_change_fraction=0.010000
cascade_candidate_stagnation_epochs=12
cascade_max_out_epochs=150
cascade_min_out_epochs=50
cascade_max_cand_epochs=150
cascade_min_cand_epochs=50
cascade_num_candidate_groups=2
bit_fail_limit=1.00000000000000005551e-01
cascade_candidate_limit=1.00000000000000000000e+03
cascade_weight_multiplier=4.00000000000000022204e-01
cascade_activation_functions_count=10
cascade_activation_functions=3 5 7 8 10 11 14 15 16 17 
cascade_activation_steepnesses_count=4
cascade_activation_steepnesses=2.50000000000000000000e-01 5.00000000000000000000e-01 7.50000000000000000000e-01 1.00000000000000000000e+00 
layer_sizes=7 4 2 
scale_included=0
neurons (num_inputs, activation_function, activation_steepness)=(0, 0, 0.00000000000000000000e+00) (0, 0, 0.00000000000000000000e+00) (0, 0, 0.00000000000000000000e+00) (0, 0, 0.00000000000000000000e+00) (0, 0, 0.00000000000000000000e+00) (0, 0, 0.00000000000000000000e+00) (0, 0, 0.00000000000000000000e+00) (7, 6, 5.00000000000000000000e-01) (7, 6, 5.00000000000000000000e-01) (7, 6, 5.00000000000000000000e-01) (0, 6, 0.00000000000000000000e+00) (4, 4, 5.00000000000000000000e-01) (0, 4, 0.00000000000000000000e+00) 
connections (connected_to_neuron, weight)=(0, 2.33358449144908552952e-01) (1, 2.21315512007687148488e-01) (2, 6.26710888745331318184e-01) (3, 7.17707949763302099910e-01) (4, 7.03791528019439560637e-01) (5, 5.62698813851227552796e-01) (6, -1.03436857374162527456e-01) (0, 8.88839232306181892262e-01) (1, -1.72952304223237085523e+00) (2, -1.28426670246868157577e+00) (3, -7.11388762260041773722e-01) (4, -1.43373928395667049607e+00) (5, -1.81340504972961547026e+00) (6, 1.82152847318670052523e+00) (0, -6.83766468700847562801e-01) (1, 2.52541162410204211852e+00) (2, 1.50960672985770250065e+00) (3, -2.05076436507294096456e-01) (4, 2.59507254862169656207e+00) (5, 3.28091266463545494503e+00) (6, -1.79919258910893264947e+00) (7, 2.00902144811683586179e-01) (8, -2.39963650660067777665e+01) (9, 2.99706096495794582779e+00) (10, -1.66045916330286158491e+00) 
