FANN_FLO_2.1
num_layers=3
learning_rate=0.700000
connection_rate=1.000000
network_type=0
learning_momentum=0.000000
training_algorithm=2
train_error_function=1
train_stop_function=1
cascade_output_change_fraction=0.010000
quickprop_decay=-0.000100
quickprop_mu=1.750000
rprop_increase_factor=1.200000
rprop_decrease_factor=0.500000
rprop_delta_min=0.000000
rprop_delta_max=50.000000
rprop_delta_zero=0.100000
cascade_output_stagnation_epochs=12
cascade_candidate_change_fraction=0.010000
cascade_candidate_stagnation_epochs=12
cascade_max_out_epochs=150
cascade_min_out_epochs=50
cascade_max_cand_epochs=150
cascade_min_cand_epochs=50
cascade_num_candidate_groups=2
bit_fail_limit=1.00000000000000005551e-01
cascade_candidate_limit=1.00000000000000000000e+03
cascade_weight_multiplier=4.00000000000000022204e-01
cascade_activation_functions_count=10
cascade_activation_functions=3 5 7 8 10 11 14 15 16 17 
cascade_activation_steepnesses_count=4
cascade_activation_steepnesses=2.50000000000000000000e-01 5.00000000000000000000e-01 7.50000000000000000000e-01 1.00000000000000000000e+00 
layer_sizes=9 4 2 
scale_included=0
neurons (num_inputs, activation_function, activation_steepness)=(0, 0, 0.00000000000000000000e+00) (0, 0, 0.00000000000000000000e+00) (0, 0, 0.00000000000000000000e+00) (0, 0, 0.00000000000000000000e+00) (0, 0, 0.00000000000000000000e+00) (0, 0, 0.00000000000000000000e+00) (0, 0, 0.00000000000000000000e+00) (0, 0, 0.00000000000000000000e+00) (0, 0, 0.00000000000000000000e+00) (9, 6, 5.00000000000000000000e-01) (9, 6, 5.00000000000000000000e-01) (9, 6, 5.00000000000000000000e-01) (0, 6, 0.00000000000000000000e+00) (4, 4, 5.00000000000000000000e-01) (0, 4, 0.00000000000000000000e+00) 
connections (connected_to_neuron, weight)=(0, 5.62686347922108920372e-01) (1, -8.65465088267636595276e+00) (2, 2.57174506900975374801e-02) (3, 1.21618567600736970924e+00) (4, 3.55397075532147554977e-02) (5, -8.61776507233460442592e-02) (6, -8.68021046449256239441e+00) (7, 5.29083413591407314414e-01) (8, 1.30419357665462753992e+00) (0, -5.59179713524465826779e-01) (1, 3.64725570063891613160e+00) (2, 1.07655236225926667637e-01) (3, -3.48677755838911640485e-01) (4, 1.19892467049793852163e-01) (5, 7.83332901700590444882e-01) (6, 3.76068045627179348145e+00) (7, 2.97188649456068404442e-02) (8, -5.57781790889387396604e-01) (0, -1.54264108252316650693e-01) (1, 4.82997071305814207332e-01) (2, 1.34707406932095097307e-01) (3, -5.06699320487947676983e-03) (4, 3.88064317643437711736e-02) (5, 1.81087212224794930071e-01) (6, 5.21448698202672367152e-01) (7, 5.61908416688237516423e-02) (8, -1.76380387302937730043e-01) (9, -4.19880584553834079742e+00) (10, 3.52932512830796429881e+00) (11, 4.97214628394200497397e-01) (12, -2.09964821483976793459e+00) 
