FANN_FLO_2.1
num_layers=3
learning_rate=0.700000
connection_rate=1.000000
network_type=0
learning_momentum=0.000000
training_algorithm=2
train_error_function=1
train_stop_function=1
cascade_output_change_fraction=0.010000
quickprop_decay=-0.000100
quickprop_mu=1.750000
rprop_increase_factor=1.200000
rprop_decrease_factor=0.500000
rprop_delta_min=0.000000
rprop_delta_max=50.000000
rprop_delta_zero=0.100000
cascade_output_stagnation_epochs=12
cascade_candidate_change_fraction=0.010000
cascade_candidate_stagnation_epochs=12
cascade_max_out_epochs=150
cascade_min_out_epochs=50
cascade_max_cand_epochs=150
cascade_min_cand_epochs=50
cascade_num_candidate_groups=2
bit_fail_limit=1.00000000000000005551e-01
cascade_candidate_limit=1.00000000000000000000e+03
cascade_weight_multiplier=4.00000000000000022204e-01
cascade_activation_functions_count=10
cascade_activation_functions=3 5 7 8 10 11 14 15 16 17 
cascade_activation_steepnesses_count=4
cascade_activation_steepnesses=2.50000000000000000000e-01 5.00000000000000000000e-01 7.50000000000000000000e-01 1.00000000000000000000e+00 
layer_sizes=12 4 2 
scale_included=0
neurons (num_inputs, activation_function, activation_steepness)=(0, 0, 0.00000000000000000000e+00) (0, 0, 0.00000000000000000000e+00) (0, 0, 0.00000000000000000000e+00) (0, 0, 0.00000000000000000000e+00) (0, 0, 0.00000000000000000000e+00) (0, 0, 0.00000000000000000000e+00) (0, 0, 0.00000000000000000000e+00) (0, 0, 0.00000000000000000000e+00) (0, 0, 0.00000000000000000000e+00) (0, 0, 0.00000000000000000000e+00) (0, 0, 0.00000000000000000000e+00) (0, 0, 0.00000000000000000000e+00) (12, 6, 5.00000000000000000000e-01) (12, 6, 5.00000000000000000000e-01) (12, 6, 5.00000000000000000000e-01) (0, 6, 0.00000000000000000000e+00) (4, 4, 5.00000000000000000000e-01) (0, 4, 0.00000000000000000000e+00) 
connections (connected_to_neuron, weight)=(0, -1.87136353220926832108e+00) (1, 1.02304908091948476567e+02) (2, -3.77776739180305520804e-02) (3, 3.34421683844855266443e-01) (4, 1.02240381255929579929e+00) (5, 2.01892090075699570662e+00) (6, -1.58546326684197047552e-01) (7, 1.09891441203197093301e+00) (8, 6.19991963007687552079e-01) (9, 5.51090365655031777514e-01) (10, -1.25260664555343514959e-01) (11, -1.44273089588913960846e+00) (0, -6.57621123441670452081e-01) (1, 4.26105826949287802563e+01) (2, 6.42173817085555320716e-01) (3, 3.16485756693593522915e-01) (4, 7.35337237049679126599e-01) (5, 9.04466431175345531024e-01) (6, -6.60731780413403579910e-02) (7, 5.79397018894987403392e-01) (8, 9.29009847546246048111e-01) (9, 3.36985485634110459863e-01) (10, 1.80682570753673971131e-01) (11, -4.90388009689695147930e-01) (0, -1.98179634701676699038e+00) (1, 1.02426483931766000524e+02) (2, -3.56809836805084268363e-02) (3, 4.50572234389117309838e-01) (4, 1.00640585884635558322e+00) (5, 1.83996956282345602851e+00) (6, -2.99448612826627047490e-01) (7, 1.02912705024202599802e+00) (8, 1.48080087167149954119e+00) (9, 1.30410640671920541322e+00) (10, 2.86637410194550482090e-02) (11, -1.46123885334763570221e+00) (12, 5.06358521869091582346e+00) (13, 2.82941170901732697018e+00) (14, 9.04967536265072602930e+00) (15, -3.72449199875546321792e+00) 
