FANN_FLO_2.1
num_layers=3
learning_rate=0.700000
connection_rate=1.000000
network_type=0
learning_momentum=0.000000
training_algorithm=2
train_error_function=1
train_stop_function=1
cascade_output_change_fraction=0.010000
quickprop_decay=-0.000100
quickprop_mu=1.750000
rprop_increase_factor=1.200000
rprop_decrease_factor=0.500000
rprop_delta_min=0.000000
rprop_delta_max=50.000000
rprop_delta_zero=0.100000
cascade_output_stagnation_epochs=12
cascade_candidate_change_fraction=0.010000
cascade_candidate_stagnation_epochs=12
cascade_max_out_epochs=150
cascade_min_out_epochs=50
cascade_max_cand_epochs=150
cascade_min_cand_epochs=50
cascade_num_candidate_groups=2
bit_fail_limit=1.00000000000000005551e-01
cascade_candidate_limit=1.00000000000000000000e+03
cascade_weight_multiplier=4.00000000000000022204e-01
cascade_activation_functions_count=10
cascade_activation_functions=3 5 7 8 10 11 14 15 16 17 
cascade_activation_steepnesses_count=4
cascade_activation_steepnesses=2.50000000000000000000e-01 5.00000000000000000000e-01 7.50000000000000000000e-01 1.00000000000000000000e+00 
layer_sizes=12 4 2 
scale_included=0
neurons (num_inputs, activation_function, activation_steepness)=(0, 0, 0.00000000000000000000e+00) (0, 0, 0.00000000000000000000e+00) (0, 0, 0.00000000000000000000e+00) (0, 0, 0.00000000000000000000e+00) (0, 0, 0.00000000000000000000e+00) (0, 0, 0.00000000000000000000e+00) (0, 0, 0.00000000000000000000e+00) (0, 0, 0.00000000000000000000e+00) (0, 0, 0.00000000000000000000e+00) (0, 0, 0.00000000000000000000e+00) (0, 0, 0.00000000000000000000e+00) (0, 0, 0.00000000000000000000e+00) (12, 6, 5.00000000000000000000e-01) (12, 6, 5.00000000000000000000e-01) (12, 6, 5.00000000000000000000e-01) (0, 6, 0.00000000000000000000e+00) (4, 4, 5.00000000000000000000e-01) (0, 4, 0.00000000000000000000e+00) 
connections (connected_to_neuron, weight)=(0, -3.39276075501081475494e+00) (1, 1.50000000000000000000e+03) (2, 1.22090332404133569688e-01) (3, 4.61552134252695633876e+00) (4, 1.41571342156225632447e-01) (5, -4.49491318581740142979e-02) (6, 1.72802132659957763394e+00) (7, 3.35250130711970517616e-01) (8, 1.52476495852045457191e+00) (9, 1.41932518139361141252e+00) (10, -1.39186261229559793406e+00) (11, -1.84721870630497075894e+00) (0, 7.77627275198557676994e-01) (1, 7.50000000000000000000e+02) (2, -4.05354852909436680353e-01) (3, 1.50000000000000000000e+03) (4, 2.45899202213657880334e-01) (5, 6.50224953288578849664e-02) (6, -6.54808824558390401016e-01) (7, 2.06717872971715455055e-01) (8, -1.24137312818071898768e+00) (9, -1.78850862176159836059e-01) (10, 8.74970992788186130440e-01) (11, 2.79334080590545819067e-01) (0, -3.85355625688847824861e+00) (1, 1.50000000000000000000e+03) (2, 4.62412768768170195921e-02) (3, 4.64261988274364068019e+00) (4, 1.65316927984228256854e-01) (5, 4.78712950962388496950e-03) (6, 1.82268442625055859807e+00) (7, 3.88013526919900375578e-01) (8, 1.64883865957362263366e+00) (9, 1.38769707187889790312e+00) (10, -9.64746100849612653327e-01) (11, -1.89220623954648115017e+00) (12, 6.91669405136847093019e+00) (13, -1.11578472230779439656e+01) (14, 9.16590147479367800543e+00) (15, -1.60521830758610373202e+00) 
