FANN_FLO_2.1
num_layers=3
learning_rate=0.700000
connection_rate=1.000000
network_type=0
learning_momentum=0.000000
training_algorithm=2
train_error_function=1
train_stop_function=1
cascade_output_change_fraction=0.010000
quickprop_decay=-0.000100
quickprop_mu=1.750000
rprop_increase_factor=1.200000
rprop_decrease_factor=0.500000
rprop_delta_min=0.000000
rprop_delta_max=50.000000
rprop_delta_zero=0.100000
cascade_output_stagnation_epochs=12
cascade_candidate_change_fraction=0.010000
cascade_candidate_stagnation_epochs=12
cascade_max_out_epochs=150
cascade_min_out_epochs=50
cascade_max_cand_epochs=150
cascade_min_cand_epochs=50
cascade_num_candidate_groups=2
bit_fail_limit=1.00000000000000005551e-01
cascade_candidate_limit=1.00000000000000000000e+03
cascade_weight_multiplier=4.00000000000000022204e-01
cascade_activation_functions_count=10
cascade_activation_functions=3 5 7 8 10 11 14 15 16 17 
cascade_activation_steepnesses_count=4
cascade_activation_steepnesses=2.50000000000000000000e-01 5.00000000000000000000e-01 7.50000000000000000000e-01 1.00000000000000000000e+00 
layer_sizes=10 4 2 
scale_included=0
neurons (num_inputs, activation_function, activation_steepness)=(0, 0, 0.00000000000000000000e+00) (0, 0, 0.00000000000000000000e+00) (0, 0, 0.00000000000000000000e+00) (0, 0, 0.00000000000000000000e+00) (0, 0, 0.00000000000000000000e+00) (0, 0, 0.00000000000000000000e+00) (0, 0, 0.00000000000000000000e+00) (0, 0, 0.00000000000000000000e+00) (0, 0, 0.00000000000000000000e+00) (0, 0, 0.00000000000000000000e+00) (10, 6, 5.00000000000000000000e-01) (10, 6, 5.00000000000000000000e-01) (10, 6, 5.00000000000000000000e-01) (0, 6, 0.00000000000000000000e+00) (4, 4, 5.00000000000000000000e-01) (0, 4, 0.00000000000000000000e+00) 
connections (connected_to_neuron, weight)=(0, 3.79294701240489517957e+00) (1, -1.42097031397321273971e+01) (2, 9.96714543510412720462e-02) (3, 6.30990660262326308327e-01) (4, -3.36434882341375529613e-01) (5, -1.42373424915173103500e+01) (6, 9.08247587709825410229e+00) (7, -3.90846243491919809188e+00) (8, -2.49492923365603092023e+00) (9, 3.89773141540119683057e+00) (0, 4.05869602198514201064e+00) (1, -1.42492272553541710067e+01) (2, -4.33448213684400229795e-01) (3, -5.24400201057711456976e-01) (4, -1.32577587121190343389e+00) (5, -1.41902768237092544723e+01) (6, 9.04738988607328309399e+00) (7, -9.63925740178100065592e-01) (8, -1.25722016458275263062e+01) (9, 3.96145511630801783198e+00) (0, 2.77725160709844587359e+00) (1, -1.41685893011786987472e+01) (2, 7.83471803981635295244e-01) (3, 4.11527978448741615924e-01) (4, 2.74405286135281034632e-01) (5, -1.42850155604579498458e+01) (6, 8.94088943927686585766e+00) (7, -4.02318528285773613362e+00) (8, -1.24973906118036648394e+00) (9, 2.77525296274655586259e+00) (10, -3.12276806996117084481e+00) (11, -2.65771219449799023238e+00) (12, -2.58515630810177565735e+00) (13, -1.18122365594776912445e+00) 
