FANN_FLO_2.1
num_layers=3
learning_rate=0.700000
connection_rate=1.000000
network_type=0
learning_momentum=0.000000
training_algorithm=2
train_error_function=1
train_stop_function=1
cascade_output_change_fraction=0.010000
quickprop_decay=-0.000100
quickprop_mu=1.750000
rprop_increase_factor=1.200000
rprop_decrease_factor=0.500000
rprop_delta_min=0.000000
rprop_delta_max=50.000000
rprop_delta_zero=0.100000
cascade_output_stagnation_epochs=12
cascade_candidate_change_fraction=0.010000
cascade_candidate_stagnation_epochs=12
cascade_max_out_epochs=150
cascade_min_out_epochs=50
cascade_max_cand_epochs=150
cascade_min_cand_epochs=50
cascade_num_candidate_groups=2
bit_fail_limit=1.00000000000000005551e-01
cascade_candidate_limit=1.00000000000000000000e+03
cascade_weight_multiplier=4.00000000000000022204e-01
cascade_activation_functions_count=10
cascade_activation_functions=3 5 7 8 10 11 14 15 16 17 
cascade_activation_steepnesses_count=4
cascade_activation_steepnesses=2.50000000000000000000e-01 5.00000000000000000000e-01 7.50000000000000000000e-01 1.00000000000000000000e+00 
layer_sizes=14 4 2 
scale_included=0
neurons (num_inputs, activation_function, activation_steepness)=(0, 0, 0.00000000000000000000e+00) (0, 0, 0.00000000000000000000e+00) (0, 0, 0.00000000000000000000e+00) (0, 0, 0.00000000000000000000e+00) (0, 0, 0.00000000000000000000e+00) (0, 0, 0.00000000000000000000e+00) (0, 0, 0.00000000000000000000e+00) (0, 0, 0.00000000000000000000e+00) (0, 0, 0.00000000000000000000e+00) (0, 0, 0.00000000000000000000e+00) (0, 0, 0.00000000000000000000e+00) (0, 0, 0.00000000000000000000e+00) (0, 0, 0.00000000000000000000e+00) (0, 0, 0.00000000000000000000e+00) (14, 6, 5.00000000000000000000e-01) (14, 6, 5.00000000000000000000e-01) (14, 6, 5.00000000000000000000e-01) (0, 6, 0.00000000000000000000e+00) (4, 4, 5.00000000000000000000e-01) (0, 4, 0.00000000000000000000e+00) 
connections (connected_to_neuron, weight)=(0, -1.01567144485227944806e+00) (1, 2.29245576547985452365e+00) (2, 2.21248436626644590097e-01) (3, 1.92093145087975014640e+00) (4, 1.26344448595687719461e-01) (5, -6.56996992377844590827e-01) (6, 1.78710773305530778998e+00) (7, 1.16439941672725649369e+03) (8, 2.91585013511145341170e+00) (9, 1.16457204631460876953e+03) (10, 1.16455684377742977631e+03) (11, 2.67210066436775406373e+00) (12, 1.16447282409412832749e+03) (13, -2.27838485657916978155e+00) (0, 8.37593952457985957416e-01) (1, -5.74674664117902911364e-01) (2, 2.97575451393250867138e-01) (3, -2.62780434506895943514e+00) (4, -1.87716144558785735796e+00) (5, -4.04269184369441703097e+00) (6, -1.49439824457962977533e+01) (7, -2.79334566383317906002e+01) (8, 2.59889734917296477690e+00) (9, -2.79121627336994606594e+01) (10, -2.79245663224414784054e+01) (11, 2.18195318615797573258e+00) (12, -2.79110472625748116116e+01) (13, 1.45197339798986901904e+00) (0, 8.09791134185048111505e-01) (1, -8.21774983299106809298e-01) (2, 4.87284373187620634127e-01) (3, -1.12844971530646143165e+00) (4, -9.06834873815987485557e-01) (5, 9.18628075498185481251e-01) (6, 1.78973271736628247730e-02) (7, -2.77840267619744736294e+01) (8, 2.57600177087797233000e+00) (9, -2.78245854130641419033e+01) (10, -2.79718746966377693752e+01) (11, 1.90067379133608294062e+00) (12, -2.78398037752763229946e+01) (13, 1.66918496486003564705e+00) (14, 1.26683018252983679020e+01) (15, -2.99126172009417112818e+00) (16, -2.94555144907023747081e+00) (17, -4.99341082346846598661e-01) 
