FANN_FLO_2.1
num_layers=3
learning_rate=0.700000
connection_rate=1.000000
network_type=0
learning_momentum=0.000000
training_algorithm=2
train_error_function=1
train_stop_function=1
cascade_output_change_fraction=0.010000
quickprop_decay=-0.000100
quickprop_mu=1.750000
rprop_increase_factor=1.200000
rprop_decrease_factor=0.500000
rprop_delta_min=0.000000
rprop_delta_max=50.000000
rprop_delta_zero=0.100000
cascade_output_stagnation_epochs=12
cascade_candidate_change_fraction=0.010000
cascade_candidate_stagnation_epochs=12
cascade_max_out_epochs=150
cascade_min_out_epochs=50
cascade_max_cand_epochs=150
cascade_min_cand_epochs=50
cascade_num_candidate_groups=2
bit_fail_limit=1.00000000000000005551e-01
cascade_candidate_limit=1.00000000000000000000e+03
cascade_weight_multiplier=4.00000000000000022204e-01
cascade_activation_functions_count=10
cascade_activation_functions=3 5 7 8 10 11 14 15 16 17 
cascade_activation_steepnesses_count=4
cascade_activation_steepnesses=2.50000000000000000000e-01 5.00000000000000000000e-01 7.50000000000000000000e-01 1.00000000000000000000e+00 
layer_sizes=12 4 2 
scale_included=0
neurons (num_inputs, activation_function, activation_steepness)=(0, 0, 0.00000000000000000000e+00) (0, 0, 0.00000000000000000000e+00) (0, 0, 0.00000000000000000000e+00) (0, 0, 0.00000000000000000000e+00) (0, 0, 0.00000000000000000000e+00) (0, 0, 0.00000000000000000000e+00) (0, 0, 0.00000000000000000000e+00) (0, 0, 0.00000000000000000000e+00) (0, 0, 0.00000000000000000000e+00) (0, 0, 0.00000000000000000000e+00) (0, 0, 0.00000000000000000000e+00) (0, 0, 0.00000000000000000000e+00) (12, 6, 5.00000000000000000000e-01) (12, 6, 5.00000000000000000000e-01) (12, 6, 5.00000000000000000000e-01) (0, 6, 0.00000000000000000000e+00) (4, 4, 5.00000000000000000000e-01) (0, 4, 0.00000000000000000000e+00) 
connections (connected_to_neuron, weight)=(0, -1.43855727855938164694e+00) (1, 6.81798463815004538446e+01) (2, 7.24885113898574795499e-01) (3, 9.82788442979258491938e-01) (4, 1.81761121081868681770e+00) (5, 1.05280417430307560167e+00) (6, 3.22041436381733769956e-01) (7, 6.21741166775147124923e-01) (8, 8.83598698171768281995e-01) (9, 6.81285619490892599970e+01) (10, 8.68790389250787775666e-01) (11, -1.53542469086730992700e+00) (0, -3.17322534596120447992e-02) (1, 2.73137636059321842197e+00) (2, 3.15613283758391163780e-02) (3, -2.66161420411582927414e+00) (4, 3.45329223957121345112e-01) (5, -1.17367816197504515330e+00) (6, -7.58315570973126740206e-01) (7, -1.65832494095605964546e+00) (8, 8.57033253138393680270e-03) (9, 2.69059186176184361727e+00) (10, 5.88616759761802499362e-01) (11, 4.21187231894367464236e-01) (0, 1.93387240488515232961e+00) (1, 4.88113045060686445709e+00) (2, -2.24415804642163552174e+00) (3, 2.10333064306936490251e-01) (4, -8.40630439176645594124e-01) (5, -1.22127015516152770402e+00) (6, 8.14382641459095030223e-02) (7, -2.36863176597609748075e-01) (8, -2.71761250792086628270e-03) (9, 1.42542748518154844817e+01) (10, 8.58287537003037837025e-01) (11, 1.16700033561825988748e+00) (12, 1.46322485653418166152e+01) (13, 9.43043108916189615210e-03) (14, -7.06250934749344239094e+00) (15, -7.35892246822753892666e-01) 
