FANN_FLO_2.1
num_layers=3
learning_rate=0.700000
connection_rate=1.000000
network_type=0
learning_momentum=0.000000
training_algorithm=2
train_error_function=1
train_stop_function=1
cascade_output_change_fraction=0.010000
quickprop_decay=-0.000100
quickprop_mu=1.750000
rprop_increase_factor=1.200000
rprop_decrease_factor=0.500000
rprop_delta_min=0.000000
rprop_delta_max=50.000000
rprop_delta_zero=0.100000
cascade_output_stagnation_epochs=12
cascade_candidate_change_fraction=0.010000
cascade_candidate_stagnation_epochs=12
cascade_max_out_epochs=150
cascade_min_out_epochs=50
cascade_max_cand_epochs=150
cascade_min_cand_epochs=50
cascade_num_candidate_groups=2
bit_fail_limit=1.00000000000000005551e-01
cascade_candidate_limit=1.00000000000000000000e+03
cascade_weight_multiplier=4.00000000000000022204e-01
cascade_activation_functions_count=10
cascade_activation_functions=3 5 7 8 10 11 14 15 16 17 
cascade_activation_steepnesses_count=4
cascade_activation_steepnesses=2.50000000000000000000e-01 5.00000000000000000000e-01 7.50000000000000000000e-01 1.00000000000000000000e+00 
layer_sizes=10 4 2 
scale_included=0
neurons (num_inputs, activation_function, activation_steepness)=(0, 0, 0.00000000000000000000e+00) (0, 0, 0.00000000000000000000e+00) (0, 0, 0.00000000000000000000e+00) (0, 0, 0.00000000000000000000e+00) (0, 0, 0.00000000000000000000e+00) (0, 0, 0.00000000000000000000e+00) (0, 0, 0.00000000000000000000e+00) (0, 0, 0.00000000000000000000e+00) (0, 0, 0.00000000000000000000e+00) (0, 0, 0.00000000000000000000e+00) (10, 6, 5.00000000000000000000e-01) (10, 6, 5.00000000000000000000e-01) (10, 6, 5.00000000000000000000e-01) (0, 6, 0.00000000000000000000e+00) (4, 4, 5.00000000000000000000e-01) (0, 4, 0.00000000000000000000e+00) 
connections (connected_to_neuron, weight)=(0, 4.19350984519604227246e-03) (1, 4.29290717500259322303e-01) (2, 6.92267270597008876898e-01) (3, -7.51624249718917530894e-02) (4, -7.01712468624706015019e-02) (5, 1.05534072727260341829e-01) (6, 6.35244734589474902009e+00) (7, 5.98464278692043549768e-01) (8, 6.42038638148921236848e+00) (9, 8.22830897850382464442e-02) (0, -2.24306767780562621439e+00) (1, 1.91012129985696876844e+00) (2, 2.47435075135897042387e+00) (3, -5.11639348300857443874e-01) (4, -5.12214985326882144001e-01) (5, -4.42828266885014920629e-01) (6, 2.04397143447550263318e+02) (7, 2.02645306858438223330e+00) (8, 2.04400217802973713788e+02) (9, -1.92281967710833412433e+00) (0, -2.34032716599419932102e-01) (1, 7.51263831445651897312e-01) (2, 6.82811159893919383812e-01) (3, 1.89713843481806671010e-01) (4, 7.33723755350388640029e-02) (5, 1.17935067897895679012e-01) (6, 3.55784431387710498029e+01) (7, 4.86970984695665576325e-01) (8, 3.54758434583473132307e+01) (9, -1.88959629439323761879e-01) (10, 1.68268874997952094796e-01) (11, 1.75405504249919914628e+01) (12, 1.86586153896772333205e+00) (13, -1.82275101106743675494e+00) 
