FANN_FLO_2.1
num_layers=3
learning_rate=0.700000
connection_rate=1.000000
network_type=0
learning_momentum=0.000000
training_algorithm=2
train_error_function=1
train_stop_function=1
cascade_output_change_fraction=0.010000
quickprop_decay=-0.000100
quickprop_mu=1.750000
rprop_increase_factor=1.200000
rprop_decrease_factor=0.500000
rprop_delta_min=0.000000
rprop_delta_max=50.000000
rprop_delta_zero=0.100000
cascade_output_stagnation_epochs=12
cascade_candidate_change_fraction=0.010000
cascade_candidate_stagnation_epochs=12
cascade_max_out_epochs=150
cascade_min_out_epochs=50
cascade_max_cand_epochs=150
cascade_min_cand_epochs=50
cascade_num_candidate_groups=2
bit_fail_limit=1.00000000000000005551e-01
cascade_candidate_limit=1.00000000000000000000e+03
cascade_weight_multiplier=4.00000000000000022204e-01
cascade_activation_functions_count=10
cascade_activation_functions=3 5 7 8 10 11 14 15 16 17 
cascade_activation_steepnesses_count=4
cascade_activation_steepnesses=2.50000000000000000000e-01 5.00000000000000000000e-01 7.50000000000000000000e-01 1.00000000000000000000e+00 
layer_sizes=7 4 2 
scale_included=0
neurons (num_inputs, activation_function, activation_steepness)=(0, 0, 0.00000000000000000000e+00) (0, 0, 0.00000000000000000000e+00) (0, 0, 0.00000000000000000000e+00) (0, 0, 0.00000000000000000000e+00) (0, 0, 0.00000000000000000000e+00) (0, 0, 0.00000000000000000000e+00) (0, 0, 0.00000000000000000000e+00) (7, 6, 5.00000000000000000000e-01) (7, 6, 5.00000000000000000000e-01) (7, 6, 5.00000000000000000000e-01) (0, 6, 0.00000000000000000000e+00) (4, 4, 5.00000000000000000000e-01) (0, 4, 0.00000000000000000000e+00) 
connections (connected_to_neuron, weight)=(0, -1.45959046461147456952e+00) (1, 2.09000149397212897640e+00) (2, 2.24765855175616424688e+00) (3, 1.36421905862375192342e+00) (4, 9.11401501016747217498e-01) (5, 2.33123386217424677369e+00) (6, -2.07189701104698720258e+00) (0, -8.25520014669948176689e-02) (1, 3.86614448577164482312e-01) (2, 4.92198704729050418027e-01) (3, 7.43732122565128883629e-01) (4, 4.39737117062261595457e-01) (5, 6.06860016202405927466e-01) (6, -1.12197494803830399857e-02) (0, -1.31873983122867732831e+00) (1, 2.07580860732156669002e+00) (2, 2.39602755111815612921e+00) (3, 1.22734219985290460286e+00) (4, 1.76238386830638993352e+00) (5, 2.10280890450546387171e+00) (6, -2.09367812404571118634e+00) (7, 8.82031729389191276880e+00) (8, 1.08684500110222304059e+00) (9, 6.30796888354376328323e+00) (10, -1.59588919427676279028e+00) 
