FANN_FLO_2.1
num_layers=3
learning_rate=0.700000
connection_rate=1.000000
network_type=0
learning_momentum=0.000000
training_algorithm=2
train_error_function=1
train_stop_function=1
cascade_output_change_fraction=0.010000
quickprop_decay=-0.000100
quickprop_mu=1.750000
rprop_increase_factor=1.200000
rprop_decrease_factor=0.500000
rprop_delta_min=0.000000
rprop_delta_max=50.000000
rprop_delta_zero=0.100000
cascade_output_stagnation_epochs=12
cascade_candidate_change_fraction=0.010000
cascade_candidate_stagnation_epochs=12
cascade_max_out_epochs=150
cascade_min_out_epochs=50
cascade_max_cand_epochs=150
cascade_min_cand_epochs=50
cascade_num_candidate_groups=2
bit_fail_limit=1.00000000000000005551e-01
cascade_candidate_limit=1.00000000000000000000e+03
cascade_weight_multiplier=4.00000000000000022204e-01
cascade_activation_functions_count=10
cascade_activation_functions=3 5 7 8 10 11 14 15 16 17 
cascade_activation_steepnesses_count=4
cascade_activation_steepnesses=2.50000000000000000000e-01 5.00000000000000000000e-01 7.50000000000000000000e-01 1.00000000000000000000e+00 
layer_sizes=7 4 2 
scale_included=0
neurons (num_inputs, activation_function, activation_steepness)=(0, 0, 0.00000000000000000000e+00) (0, 0, 0.00000000000000000000e+00) (0, 0, 0.00000000000000000000e+00) (0, 0, 0.00000000000000000000e+00) (0, 0, 0.00000000000000000000e+00) (0, 0, 0.00000000000000000000e+00) (0, 0, 0.00000000000000000000e+00) (7, 6, 5.00000000000000000000e-01) (7, 6, 5.00000000000000000000e-01) (7, 6, 5.00000000000000000000e-01) (0, 6, 0.00000000000000000000e+00) (4, 4, 5.00000000000000000000e-01) (0, 4, 0.00000000000000000000e+00) 
connections (connected_to_neuron, weight)=(0, 3.72135555416500984904e+00) (1, -3.57012461787653911927e+00) (2, -2.24292755265632237638e+00) (3, -1.16652398360418008139e+00) (4, -2.99477493886304202420e+00) (5, -1.26519076612723813113e+00) (6, 3.58055796175257334824e+00) (0, -6.73565582979315102818e+00) (1, 3.16970676292305775235e+00) (2, 1.01723650850996216732e+00) (3, -1.39651052190551572263e-01) (4, 1.15117544015661321666e+00) (5, -3.58157867359349402214e-01) (6, -9.34599651394138808413e-01) (0, 3.57889533489004740829e+00) (1, -3.66125909155798900940e+00) (2, -2.24833270301023091520e+00) (3, 7.47453668731345444165e-02) (4, -2.93680146459889712673e+00) (5, -1.40500003931058392581e+00) (6, 3.57411653249518046493e+00) (7, -1.57971612880648559774e+00) (8, 3.60748496523475781217e+00) (9, -1.62507884720982498372e+00) (10, -1.15589782592756229462e+00) 
