FANN_FLO_2.1
num_layers=3
learning_rate=0.700000
connection_rate=1.000000
network_type=0
learning_momentum=0.000000
training_algorithm=2
train_error_function=1
train_stop_function=1
cascade_output_change_fraction=0.010000
quickprop_decay=-0.000100
quickprop_mu=1.750000
rprop_increase_factor=1.200000
rprop_decrease_factor=0.500000
rprop_delta_min=0.000000
rprop_delta_max=50.000000
rprop_delta_zero=0.100000
cascade_output_stagnation_epochs=12
cascade_candidate_change_fraction=0.010000
cascade_candidate_stagnation_epochs=12
cascade_max_out_epochs=150
cascade_min_out_epochs=50
cascade_max_cand_epochs=150
cascade_min_cand_epochs=50
cascade_num_candidate_groups=2
bit_fail_limit=1.00000000000000005551e-01
cascade_candidate_limit=1.00000000000000000000e+03
cascade_weight_multiplier=4.00000000000000022204e-01
cascade_activation_functions_count=10
cascade_activation_functions=3 5 7 8 10 11 14 15 16 17 
cascade_activation_steepnesses_count=4
cascade_activation_steepnesses=2.50000000000000000000e-01 5.00000000000000000000e-01 7.50000000000000000000e-01 1.00000000000000000000e+00 
layer_sizes=12 4 2 
scale_included=0
neurons (num_inputs, activation_function, activation_steepness)=(0, 0, 0.00000000000000000000e+00) (0, 0, 0.00000000000000000000e+00) (0, 0, 0.00000000000000000000e+00) (0, 0, 0.00000000000000000000e+00) (0, 0, 0.00000000000000000000e+00) (0, 0, 0.00000000000000000000e+00) (0, 0, 0.00000000000000000000e+00) (0, 0, 0.00000000000000000000e+00) (0, 0, 0.00000000000000000000e+00) (0, 0, 0.00000000000000000000e+00) (0, 0, 0.00000000000000000000e+00) (0, 0, 0.00000000000000000000e+00) (12, 6, 5.00000000000000000000e-01) (12, 6, 5.00000000000000000000e-01) (12, 6, 5.00000000000000000000e-01) (0, 6, 0.00000000000000000000e+00) (4, 4, 5.00000000000000000000e-01) (0, 4, 0.00000000000000000000e+00) 
connections (connected_to_neuron, weight)=(0, 2.85728238904830522671e+00) (1, 1.82257196092648072749e+01) (2, -9.14829798971685814735e-01) (3, 2.07139810164663457082e-01) (4, 5.04037173300669572029e+00) (5, -4.98877797834827774182e-01) (6, -2.45277136844836229912e+00) (7, 1.47379350895386729281e-01) (8, -1.47247882208697666861e+00) (9, -3.18563243341118607077e+00) (10, 1.55680485513190403069e+00) (11, 2.95509020620938933632e+00) (0, -2.20231762766238103879e+00) (1, 2.45523179027898862614e+02) (2, 1.30410891503098480548e+00) (3, 9.72721863001523440184e-02) (4, 2.95044743739806669680e+00) (5, 2.61487005364766100790e-01) (6, 2.16591274111329123997e+00) (7, -1.39696258188930361177e-02) (8, 1.33652243110503721191e+00) (9, 2.46976684360215958947e+00) (10, -1.60326740864683503496e+00) (11, -1.79837133085487965722e+00) (0, -2.24678576508933469658e-01) (1, 4.27441571377445583835e+01) (2, 4.83850165489497330285e-01) (3, 2.02002971472277026432e-01) (4, 8.06341137066261204325e-01) (5, 3.10543493398089953672e-01) (6, 9.66226964505034313646e-01) (7, 1.35263577688931158072e-01) (8, 9.36404051559231787039e-01) (9, 5.85173518564099603978e-01) (10, -4.63578393016048015407e-02) (11, -5.85487631511047990074e-02) (12, -4.99118513570278388158e+00) (13, 1.02690713709453298463e+01) (14, 3.39839782684939473167e-01) (15, -1.64255874025438930452e+00) 
