FANN_FLO_2.1
num_layers=3
learning_rate=0.700000
connection_rate=1.000000
network_type=0
learning_momentum=0.000000
training_algorithm=2
train_error_function=1
train_stop_function=1
cascade_output_change_fraction=0.010000
quickprop_decay=-0.000100
quickprop_mu=1.750000
rprop_increase_factor=1.200000
rprop_decrease_factor=0.500000
rprop_delta_min=0.000000
rprop_delta_max=50.000000
rprop_delta_zero=0.100000
cascade_output_stagnation_epochs=12
cascade_candidate_change_fraction=0.010000
cascade_candidate_stagnation_epochs=12
cascade_max_out_epochs=150
cascade_min_out_epochs=50
cascade_max_cand_epochs=150
cascade_min_cand_epochs=50
cascade_num_candidate_groups=2
bit_fail_limit=1.00000000000000005551e-01
cascade_candidate_limit=1.00000000000000000000e+03
cascade_weight_multiplier=4.00000000000000022204e-01
cascade_activation_functions_count=10
cascade_activation_functions=3 5 7 8 10 11 14 15 16 17 
cascade_activation_steepnesses_count=4
cascade_activation_steepnesses=2.50000000000000000000e-01 5.00000000000000000000e-01 7.50000000000000000000e-01 1.00000000000000000000e+00 
layer_sizes=9 4 2 
scale_included=0
neurons (num_inputs, activation_function, activation_steepness)=(0, 0, 0.00000000000000000000e+00) (0, 0, 0.00000000000000000000e+00) (0, 0, 0.00000000000000000000e+00) (0, 0, 0.00000000000000000000e+00) (0, 0, 0.00000000000000000000e+00) (0, 0, 0.00000000000000000000e+00) (0, 0, 0.00000000000000000000e+00) (0, 0, 0.00000000000000000000e+00) (0, 0, 0.00000000000000000000e+00) (9, 6, 5.00000000000000000000e-01) (9, 6, 5.00000000000000000000e-01) (9, 6, 5.00000000000000000000e-01) (0, 6, 0.00000000000000000000e+00) (4, 4, 5.00000000000000000000e-01) (0, 4, 0.00000000000000000000e+00) 
connections (connected_to_neuron, weight)=(0, 9.13980023201476365902e-02) (1, 9.24173435319025293744e-01) (2, 4.14480509499173185861e-02) (3, -7.16597044075918676587e-03) (4, -1.42500644287009183009e-02) (5, 7.76972359169084803021e-01) (6, -4.31946076909546228251e-02) (7, 3.63034138448896204210e-01) (8, -4.64377019443406105492e-03) (0, -9.56109599006736643467e-01) (1, 1.04111470527217360171e+01) (2, -4.95282155894698372656e-01) (3, -1.33173082720742991247e-01) (4, -7.84605711216791179563e-02) (5, 1.04983211851880522403e+01) (6, -9.81542029214465983067e-01) (7, 2.98226023442852317125e-01) (8, -1.49933313044037452855e+00) (0, -8.72822881472671618930e-01) (1, 1.05022558442518683108e+01) (2, -1.27984118413434794226e-01) (3, -5.65866924882540311970e-01) (4, -3.56623202080592338614e-02) (5, 1.05893501959011526736e+01) (6, -9.08925459516609302035e-01) (7, 2.39627765841591289231e-01) (8, -1.54570390494789711155e+00) (9, 2.35149970582188116985e-01) (10, 2.99507385396056147187e+00) (11, 2.96683913373045893280e+00) (12, -1.39858909907068840184e+00) 
