FANN_FLO_2.1
num_layers=3
learning_rate=0.700000
connection_rate=1.000000
network_type=0
learning_momentum=0.000000
training_algorithm=2
train_error_function=1
train_stop_function=1
cascade_output_change_fraction=0.010000
quickprop_decay=-0.000100
quickprop_mu=1.750000
rprop_increase_factor=1.200000
rprop_decrease_factor=0.500000
rprop_delta_min=0.000000
rprop_delta_max=50.000000
rprop_delta_zero=0.100000
cascade_output_stagnation_epochs=12
cascade_candidate_change_fraction=0.010000
cascade_candidate_stagnation_epochs=12
cascade_max_out_epochs=150
cascade_min_out_epochs=50
cascade_max_cand_epochs=150
cascade_min_cand_epochs=50
cascade_num_candidate_groups=2
bit_fail_limit=1.00000000000000005551e-01
cascade_candidate_limit=1.00000000000000000000e+03
cascade_weight_multiplier=4.00000000000000022204e-01
cascade_activation_functions_count=10
cascade_activation_functions=3 5 7 8 10 11 14 15 16 17 
cascade_activation_steepnesses_count=4
cascade_activation_steepnesses=2.50000000000000000000e-01 5.00000000000000000000e-01 7.50000000000000000000e-01 1.00000000000000000000e+00 
layer_sizes=8 4 2 
scale_included=0
neurons (num_inputs, activation_function, activation_steepness)=(0, 0, 0.00000000000000000000e+00) (0, 0, 0.00000000000000000000e+00) (0, 0, 0.00000000000000000000e+00) (0, 0, 0.00000000000000000000e+00) (0, 0, 0.00000000000000000000e+00) (0, 0, 0.00000000000000000000e+00) (0, 0, 0.00000000000000000000e+00) (0, 0, 0.00000000000000000000e+00) (8, 6, 5.00000000000000000000e-01) (8, 6, 5.00000000000000000000e-01) (8, 6, 5.00000000000000000000e-01) (0, 6, 0.00000000000000000000e+00) (4, 4, 5.00000000000000000000e-01) (0, 4, 0.00000000000000000000e+00) 
connections (connected_to_neuron, weight)=(0, 1.14730655648514345835e+00) (1, -9.84654060484637660977e-01) (2, -1.71250357684857146268e+00) (3, -1.03592881351373633514e+00) (4, -2.99334329432367873824e-01) (5, 7.84747751438957807935e-01) (6, -1.19907081740422882810e+00) (7, 1.35412395750228253810e+00) (0, 1.27568574082995889185e+00) (1, -1.07374255258010786740e+00) (2, -1.76115127113825575833e+00) (3, -1.22342583785067748892e+00) (4, -3.67892918056368423141e-01) (5, 9.98348878890854329882e-01) (6, -1.32635598870440163388e+00) (7, 1.44292560969535199611e+00) (0, -8.17699347405437593217e-01) (1, 1.32167461352714465939e+00) (2, 2.31932636965794758410e+00) (3, -7.37782441048693699015e-02) (4, 2.82814400123841847012e-01) (5, -2.18475204591650207231e-01) (6, 2.50400690201386222355e-01) (7, -8.90650469284160806183e-01) (8, -2.25651192199478600742e+00) (9, -2.48583784798866354038e+01) (10, 6.91383545096810880892e-01) (11, -3.89718942339978102751e+00) 
