FANN_FLO_2.1
num_layers=3
learning_rate=0.700000
connection_rate=1.000000
network_type=0
learning_momentum=0.000000
training_algorithm=2
train_error_function=1
train_stop_function=1
cascade_output_change_fraction=0.010000
quickprop_decay=-0.000100
quickprop_mu=1.750000
rprop_increase_factor=1.200000
rprop_decrease_factor=0.500000
rprop_delta_min=0.000000
rprop_delta_max=50.000000
rprop_delta_zero=0.100000
cascade_output_stagnation_epochs=12
cascade_candidate_change_fraction=0.010000
cascade_candidate_stagnation_epochs=12
cascade_max_out_epochs=150
cascade_min_out_epochs=50
cascade_max_cand_epochs=150
cascade_min_cand_epochs=50
cascade_num_candidate_groups=2
bit_fail_limit=1.00000000000000005551e-01
cascade_candidate_limit=1.00000000000000000000e+03
cascade_weight_multiplier=4.00000000000000022204e-01
cascade_activation_functions_count=10
cascade_activation_functions=3 5 7 8 10 11 14 15 16 17 
cascade_activation_steepnesses_count=4
cascade_activation_steepnesses=2.50000000000000000000e-01 5.00000000000000000000e-01 7.50000000000000000000e-01 1.00000000000000000000e+00 
layer_sizes=10 4 2 
scale_included=0
neurons (num_inputs, activation_function, activation_steepness)=(0, 0, 0.00000000000000000000e+00) (0, 0, 0.00000000000000000000e+00) (0, 0, 0.00000000000000000000e+00) (0, 0, 0.00000000000000000000e+00) (0, 0, 0.00000000000000000000e+00) (0, 0, 0.00000000000000000000e+00) (0, 0, 0.00000000000000000000e+00) (0, 0, 0.00000000000000000000e+00) (0, 0, 0.00000000000000000000e+00) (0, 0, 0.00000000000000000000e+00) (10, 6, 5.00000000000000000000e-01) (10, 6, 5.00000000000000000000e-01) (10, 6, 5.00000000000000000000e-01) (0, 6, 0.00000000000000000000e+00) (4, 4, 5.00000000000000000000e-01) (0, 4, 0.00000000000000000000e+00) 
connections (connected_to_neuron, weight)=(0, -1.27641891455938782940e+00) (1, 1.77018518041022275611e+02) (2, 6.61322171306982925509e-02) (3, 3.79541288841332424830e-01) (4, 4.01227958280409802150e-01) (5, 1.29839018604478773078e+00) (6, 1.22060343714207486521e+00) (7, 1.76931202258117650672e+02) (8, 1.13202082747387189343e+00) (9, -1.40133402040226950902e+00) (0, -2.81559999126263749147e+00) (1, 3.94819318126672897051e+02) (2, -3.20206669025178913834e-01) (3, 1.37833267388964730848e-01) (4, 4.57702941708595711923e-01) (5, 2.19943251305591847000e+00) (6, 2.20539580817877300944e+00) (7, 3.94686006486201677035e+02) (8, 2.65806126471644432741e+00) (9, -2.01053472638482411128e+00) (0, 2.64474410625168365740e+00) (1, 2.32121486741309013269e+01) (2, -2.12988522878043617936e+00) (3, 1.06372250463007689270e-01) (4, 8.88669772400844659721e-02) (5, -2.60112854298400675290e+00) (6, -2.02348661831663401145e+00) (7, 2.33153733427827205560e+01) (8, 2.62883403420591266197e+00) (9, 2.46427601467269985491e+00) (10, 7.17696162728102216022e+00) (11, 5.15967248143768131285e+00) (12, -2.87052705162615495738e+00) (13, -2.18267265808310106934e+00) 
