FANN_FLO_2.1
num_layers=3
learning_rate=0.700000
connection_rate=1.000000
network_type=0
learning_momentum=0.000000
training_algorithm=2
train_error_function=1
train_stop_function=1
cascade_output_change_fraction=0.010000
quickprop_decay=-0.000100
quickprop_mu=1.750000
rprop_increase_factor=1.200000
rprop_decrease_factor=0.500000
rprop_delta_min=0.000000
rprop_delta_max=50.000000
rprop_delta_zero=0.100000
cascade_output_stagnation_epochs=12
cascade_candidate_change_fraction=0.010000
cascade_candidate_stagnation_epochs=12
cascade_max_out_epochs=150
cascade_min_out_epochs=50
cascade_max_cand_epochs=150
cascade_min_cand_epochs=50
cascade_num_candidate_groups=2
bit_fail_limit=1.00000000000000005551e-01
cascade_candidate_limit=1.00000000000000000000e+03
cascade_weight_multiplier=4.00000000000000022204e-01
cascade_activation_functions_count=10
cascade_activation_functions=3 5 7 8 10 11 14 15 16 17 
cascade_activation_steepnesses_count=4
cascade_activation_steepnesses=2.50000000000000000000e-01 5.00000000000000000000e-01 7.50000000000000000000e-01 1.00000000000000000000e+00 
layer_sizes=13 4 2 
scale_included=0
neurons (num_inputs, activation_function, activation_steepness)=(0, 0, 0.00000000000000000000e+00) (0, 0, 0.00000000000000000000e+00) (0, 0, 0.00000000000000000000e+00) (0, 0, 0.00000000000000000000e+00) (0, 0, 0.00000000000000000000e+00) (0, 0, 0.00000000000000000000e+00) (0, 0, 0.00000000000000000000e+00) (0, 0, 0.00000000000000000000e+00) (0, 0, 0.00000000000000000000e+00) (0, 0, 0.00000000000000000000e+00) (0, 0, 0.00000000000000000000e+00) (0, 0, 0.00000000000000000000e+00) (0, 0, 0.00000000000000000000e+00) (13, 6, 5.00000000000000000000e-01) (13, 6, 5.00000000000000000000e-01) (13, 6, 5.00000000000000000000e-01) (0, 6, 0.00000000000000000000e+00) (4, 4, 5.00000000000000000000e-01) (0, 4, 0.00000000000000000000e+00) 
connections (connected_to_neuron, weight)=(0, 8.73104446697727909488e-01) (1, -8.50625337807148440561e-01) (2, -1.21334294937430797745e+00) (3, 1.51254998156539838261e-01) (4, 4.68856742133788195748e-01) (5, -1.20037094224208606974e+00) (6, 2.56509080634294062140e-01) (7, -8.07847020957691785981e-01) (8, 2.26357046515291537858e-01) (9, 1.93975529340867147710e+00) (10, -3.05716618401084383461e-01) (11, -2.05404220492740341442e+00) (12, 7.68382688183084971989e-01) (0, -1.92158406484362731526e+00) (1, 2.15121203357422530189e+00) (2, 1.93593967244462472621e+00) (3, 1.63868876603942947856e-01) (4, -2.50867937731660717304e-01) (5, 1.67462131633562050226e+00) (6, -3.08519623965985700931e-02) (7, 1.07786013722339868437e+00) (8, 2.95963881821090291080e-01) (9, -7.06381083181749969135e-01) (10, 6.79844085664073172204e-01) (11, 1.57481034090260529901e+00) (12, -1.84278688091275344441e+00) (0, 7.63989751357332713688e-01) (1, -7.19091871527641757211e-01) (2, -1.11264833025514020548e+00) (3, 2.17911185333244272755e-01) (4, 4.37843521585158435006e-01) (5, -1.10166478622668950749e+00) (6, 3.36013067618785465918e-01) (7, -8.24273493341779128762e-01) (8, 1.95961136371439359483e-01) (9, 1.91905281213883460723e+00) (10, -4.49957731616769551763e-01) (11, -1.98084521264930413231e+00) (12, 5.49650230896127967029e-01) (13, -1.01490437580565107112e+01) (14, 3.88202930074342873468e+01) (15, -1.74149923213769985963e+00) (16, -2.41753328497429942345e+00) 
