FANN_FLO_2.1
num_layers=3
learning_rate=0.700000
connection_rate=1.000000
network_type=0
learning_momentum=0.000000
training_algorithm=2
train_error_function=1
train_stop_function=1
cascade_output_change_fraction=0.010000
quickprop_decay=-0.000100
quickprop_mu=1.750000
rprop_increase_factor=1.200000
rprop_decrease_factor=0.500000
rprop_delta_min=0.000000
rprop_delta_max=50.000000
rprop_delta_zero=0.100000
cascade_output_stagnation_epochs=12
cascade_candidate_change_fraction=0.010000
cascade_candidate_stagnation_epochs=12
cascade_max_out_epochs=150
cascade_min_out_epochs=50
cascade_max_cand_epochs=150
cascade_min_cand_epochs=50
cascade_num_candidate_groups=2
bit_fail_limit=1.00000000000000005551e-01
cascade_candidate_limit=1.00000000000000000000e+03
cascade_weight_multiplier=4.00000000000000022204e-01
cascade_activation_functions_count=10
cascade_activation_functions=3 5 7 8 10 11 14 15 16 17 
cascade_activation_steepnesses_count=4
cascade_activation_steepnesses=2.50000000000000000000e-01 5.00000000000000000000e-01 7.50000000000000000000e-01 1.00000000000000000000e+00 
layer_sizes=6 4 2 
scale_included=0
neurons (num_inputs, activation_function, activation_steepness)=(0, 0, 0.00000000000000000000e+00) (0, 0, 0.00000000000000000000e+00) (0, 0, 0.00000000000000000000e+00) (0, 0, 0.00000000000000000000e+00) (0, 0, 0.00000000000000000000e+00) (0, 0, 0.00000000000000000000e+00) (6, 6, 5.00000000000000000000e-01) (6, 6, 5.00000000000000000000e-01) (6, 6, 5.00000000000000000000e-01) (0, 6, 0.00000000000000000000e+00) (4, 4, 5.00000000000000000000e-01) (0, 4, 0.00000000000000000000e+00) 
connections (connected_to_neuron, weight)=(0, -1.21609156053461298086e+01) (1, 1.83041306665343772586e+00) (2, -1.05000000000000000000e+03) (3, 3.06972798852592676511e+00) (4, 1.11261252358132223250e+00) (5, 2.72572768827200073716e+00) (0, 3.27226794606812365629e-01) (1, 7.44084614465248250781e+00) (2, 1.50000000000000000000e+03) (3, 4.33866785920088293693e+00) (4, 7.60526641715832063539e+00) (5, -4.87073812003577089058e+00) (0, -2.58799636865858584400e+00) (1, 7.83232874132865486416e+00) (2, 1.50000000000000000000e+03) (3, 4.37831464863245489738e+00) (4, 7.02692779150809698763e+00) (5, -3.13873137966914494967e+00) (6, -6.35120707493941782928e+00) (7, 1.74225807394112086612e+00) (8, 2.51141183514923804765e+00) (9, -4.99897034782501137329e+00) 
