FANN_FLO_2.1
num_layers=3
learning_rate=0.700000
connection_rate=1.000000
network_type=0
learning_momentum=0.000000
training_algorithm=2
train_error_function=1
train_stop_function=1
cascade_output_change_fraction=0.010000
quickprop_decay=-0.000100
quickprop_mu=1.750000
rprop_increase_factor=1.200000
rprop_decrease_factor=0.500000
rprop_delta_min=0.000000
rprop_delta_max=50.000000
rprop_delta_zero=0.100000
cascade_output_stagnation_epochs=12
cascade_candidate_change_fraction=0.010000
cascade_candidate_stagnation_epochs=12
cascade_max_out_epochs=150
cascade_min_out_epochs=50
cascade_max_cand_epochs=150
cascade_min_cand_epochs=50
cascade_num_candidate_groups=2
bit_fail_limit=1.00000000000000005551e-01
cascade_candidate_limit=1.00000000000000000000e+03
cascade_weight_multiplier=4.00000000000000022204e-01
cascade_activation_functions_count=10
cascade_activation_functions=3 5 7 8 10 11 14 15 16 17 
cascade_activation_steepnesses_count=4
cascade_activation_steepnesses=2.50000000000000000000e-01 5.00000000000000000000e-01 7.50000000000000000000e-01 1.00000000000000000000e+00 
layer_sizes=7 4 2 
scale_included=0
neurons (num_inputs, activation_function, activation_steepness)=(0, 0, 0.00000000000000000000e+00) (0, 0, 0.00000000000000000000e+00) (0, 0, 0.00000000000000000000e+00) (0, 0, 0.00000000000000000000e+00) (0, 0, 0.00000000000000000000e+00) (0, 0, 0.00000000000000000000e+00) (0, 0, 0.00000000000000000000e+00) (7, 6, 5.00000000000000000000e-01) (7, 6, 5.00000000000000000000e-01) (7, 6, 5.00000000000000000000e-01) (0, 6, 0.00000000000000000000e+00) (4, 4, 5.00000000000000000000e-01) (0, 4, 0.00000000000000000000e+00) 
connections (connected_to_neuron, weight)=(0, -8.04492173258133713709e-01) (1, 1.26468976299559221488e+00) (2, 1.30579116511454818017e+00) (3, 1.16727801242510698110e+00) (4, 3.48292693623762361632e-02) (5, 1.33756137795406848667e+00) (6, -1.19169483770960038527e+00) (0, -8.08886372957297150599e-01) (1, 1.31805156628882036429e+00) (2, 1.21599842178931472070e+00) (3, 1.26933904567400812624e+00) (4, -3.95229801407592645779e-02) (5, 1.34839883602816135166e+00) (6, -1.25415100594394846034e+00) (0, 1.08945600709530673877e-01) (1, 1.65450073282644549710e-01) (2, 4.90490084056352526609e-01) (3, 9.28209482661850437957e-01) (4, 2.40869599419542002039e-01) (5, 6.12216915068428568780e-01) (6, -6.83513581542045806083e-02) (7, 1.36558067614690372693e+01) (8, 1.36114906559244701612e+01) (9, 2.79057003674357373413e-01) (10, -1.15926295210951035841e+00) 
