FANN_FLO_2.1
num_layers=3
learning_rate=0.700000
connection_rate=1.000000
network_type=0
learning_momentum=0.000000
training_algorithm=2
train_error_function=1
train_stop_function=1
cascade_output_change_fraction=0.010000
quickprop_decay=-0.000100
quickprop_mu=1.750000
rprop_increase_factor=1.200000
rprop_decrease_factor=0.500000
rprop_delta_min=0.000000
rprop_delta_max=50.000000
rprop_delta_zero=0.100000
cascade_output_stagnation_epochs=12
cascade_candidate_change_fraction=0.010000
cascade_candidate_stagnation_epochs=12
cascade_max_out_epochs=150
cascade_min_out_epochs=50
cascade_max_cand_epochs=150
cascade_min_cand_epochs=50
cascade_num_candidate_groups=2
bit_fail_limit=1.00000000000000005551e-01
cascade_candidate_limit=1.00000000000000000000e+03
cascade_weight_multiplier=4.00000000000000022204e-01
cascade_activation_functions_count=10
cascade_activation_functions=3 5 7 8 10 11 14 15 16 17 
cascade_activation_steepnesses_count=4
cascade_activation_steepnesses=2.50000000000000000000e-01 5.00000000000000000000e-01 7.50000000000000000000e-01 1.00000000000000000000e+00 
layer_sizes=15 4 2 
scale_included=0
neurons (num_inputs, activation_function, activation_steepness)=(0, 0, 0.00000000000000000000e+00) (0, 0, 0.00000000000000000000e+00) (0, 0, 0.00000000000000000000e+00) (0, 0, 0.00000000000000000000e+00) (0, 0, 0.00000000000000000000e+00) (0, 0, 0.00000000000000000000e+00) (0, 0, 0.00000000000000000000e+00) (0, 0, 0.00000000000000000000e+00) (0, 0, 0.00000000000000000000e+00) (0, 0, 0.00000000000000000000e+00) (0, 0, 0.00000000000000000000e+00) (0, 0, 0.00000000000000000000e+00) (0, 0, 0.00000000000000000000e+00) (0, 0, 0.00000000000000000000e+00) (0, 0, 0.00000000000000000000e+00) (15, 6, 5.00000000000000000000e-01) (15, 6, 5.00000000000000000000e-01) (15, 6, 5.00000000000000000000e-01) (0, 6, 0.00000000000000000000e+00) (4, 4, 5.00000000000000000000e-01) (0, 4, 0.00000000000000000000e+00) 
connections (connected_to_neuron, weight)=(0, 2.18161797703782989188e+00) (1, -1.59388225072639833080e+00) (2, 8.12664035545006546712e-01) (3, -5.55942454363245811000e-02) (4, 4.26885492020242063305e-01) (5, -9.58778470792159387415e-01) (6, -1.57041800396607134083e+00) (7, -1.01621825531189124980e+00) (8, 4.49233560413623167484e-01) (9, -1.54018137649673692025e+00) (10, 9.03009889289644540611e-01) (11, -2.47550733244625634222e-03) (12, -1.21741074239254398748e+00) (13, -1.03179572526393803500e+00) (14, 1.08179784911070742126e+00) (0, -4.78513172627606220288e+00) (1, 3.09479889649323336442e+00) (2, -2.27057414332697049542e-01) (3, 6.19955442541100132381e-01) (4, -2.78853515630958948002e-01) (5, -1.31762549702360790699e-02) (6, 5.55621860508353215824e-02) (7, -9.91020889246249092608e-02) (8, -1.84034287638853794045e-01) (9, 7.69984057987954523261e-02) (10, 2.66278106205008857632e-01) (11, -1.35324254590690001843e-01) (12, 3.20627294338768109583e+00) (13, -2.74246707979872092475e-02) (14, -6.01129582878736967722e-01) (0, 2.14837769599239303275e+00) (1, -1.53837753379362518480e+00) (2, 7.70743455575123581625e-01) (3, 3.45229781244855149502e-02) (4, 3.23954261467650356243e-02) (5, -1.04698727017341841616e+00) (6, -1.50769837947652551868e+00) (7, -1.00078790172998566277e+00) (8, -4.92786458958640094519e-01) (9, -1.59845447213429681099e+00) (10, 9.51723416909483477255e-01) (11, -6.23108742371821233696e-02) (12, -1.16493151997566624090e+00) (13, -1.00870865959702382675e+00) (14, 1.11398653285895266052e+00) (15, -1.27255779836772600078e+01) (16, 7.32677164791305468583e+00) (17, -4.78236651542557567041e+01) (18, -7.55353068443923691966e-01) 
