FANN_FLO_2.1
num_layers=3
learning_rate=0.700000
connection_rate=1.000000
network_type=0
learning_momentum=0.000000
training_algorithm=2
train_error_function=1
train_stop_function=1
cascade_output_change_fraction=0.010000
quickprop_decay=-0.000100
quickprop_mu=1.750000
rprop_increase_factor=1.200000
rprop_decrease_factor=0.500000
rprop_delta_min=0.000000
rprop_delta_max=50.000000
rprop_delta_zero=0.100000
cascade_output_stagnation_epochs=12
cascade_candidate_change_fraction=0.010000
cascade_candidate_stagnation_epochs=12
cascade_max_out_epochs=150
cascade_min_out_epochs=50
cascade_max_cand_epochs=150
cascade_min_cand_epochs=50
cascade_num_candidate_groups=2
bit_fail_limit=1.00000000000000005551e-01
cascade_candidate_limit=1.00000000000000000000e+03
cascade_weight_multiplier=4.00000000000000022204e-01
cascade_activation_functions_count=10
cascade_activation_functions=3 5 7 8 10 11 14 15 16 17 
cascade_activation_steepnesses_count=4
cascade_activation_steepnesses=2.50000000000000000000e-01 5.00000000000000000000e-01 7.50000000000000000000e-01 1.00000000000000000000e+00 
layer_sizes=12 4 2 
scale_included=0
neurons (num_inputs, activation_function, activation_steepness)=(0, 0, 0.00000000000000000000e+00) (0, 0, 0.00000000000000000000e+00) (0, 0, 0.00000000000000000000e+00) (0, 0, 0.00000000000000000000e+00) (0, 0, 0.00000000000000000000e+00) (0, 0, 0.00000000000000000000e+00) (0, 0, 0.00000000000000000000e+00) (0, 0, 0.00000000000000000000e+00) (0, 0, 0.00000000000000000000e+00) (0, 0, 0.00000000000000000000e+00) (0, 0, 0.00000000000000000000e+00) (0, 0, 0.00000000000000000000e+00) (12, 6, 5.00000000000000000000e-01) (12, 6, 5.00000000000000000000e-01) (12, 6, 5.00000000000000000000e-01) (0, 6, 0.00000000000000000000e+00) (4, 4, 5.00000000000000000000e-01) (0, 4, 0.00000000000000000000e+00) 
connections (connected_to_neuron, weight)=(0, 3.06971422726141929260e+00) (1, -2.26580380787816126897e+00) (2, 6.99078875414180789249e-01) (3, -6.23792156916607498651e-01) (4, -9.25256899549448896813e-01) (5, -1.09303709046084107648e-01) (6, -6.26093901867295632435e-01) (7, 2.23489225597719975980e+00) (8, 2.33940717857407776137e+01) (9, -1.43255349372831064514e+00) (10, 3.18932842728423171508e+00) (11, 1.74967953773185036503e+00) (0, 2.43071786218095020615e+00) (1, -2.20723185827698786809e+00) (2, 5.55403242639350924748e-01) (3, -4.11251340967751677358e-01) (4, -1.00359417471498413299e+00) (5, -1.94058936015803096264e-01) (6, -5.84495239133263955189e-01) (7, 2.19976187193805161613e+00) (8, 2.34321453590022770186e+01) (9, -1.62323570476684908570e+00) (10, 3.19589048889206939208e+00) (11, 1.77134640725299141728e+00) (0, -8.11941979377973055421e+00) (1, 8.31451722185356900674e-01) (2, 5.65975989196598305853e-01) (3, 9.85792245552714829770e-01) (4, 7.38849984486156130536e-01) (5, 1.60630231667090628278e+00) (6, 1.00372958869534345538e+00) (7, -1.07638428940739300232e-01) (8, 1.50000000000000000000e+03) (9, 2.28992445503349317804e+00) (10, -3.39620818334257557058e-01) (11, -5.81412541859225195928e-01) (12, -3.87573996321375258134e+00) (13, -3.81380249694998152421e+00) (14, 1.49526932989833980514e+01) (15, -6.74073085326676646467e-01) 
