FANN_FLO_2.1
num_layers=3
learning_rate=0.700000
connection_rate=1.000000
network_type=0
learning_momentum=0.000000
training_algorithm=2
train_error_function=1
train_stop_function=1
cascade_output_change_fraction=0.010000
quickprop_decay=-0.000100
quickprop_mu=1.750000
rprop_increase_factor=1.200000
rprop_decrease_factor=0.500000
rprop_delta_min=0.000000
rprop_delta_max=50.000000
rprop_delta_zero=0.100000
cascade_output_stagnation_epochs=12
cascade_candidate_change_fraction=0.010000
cascade_candidate_stagnation_epochs=12
cascade_max_out_epochs=150
cascade_min_out_epochs=50
cascade_max_cand_epochs=150
cascade_min_cand_epochs=50
cascade_num_candidate_groups=2
bit_fail_limit=1.00000000000000005551e-01
cascade_candidate_limit=1.00000000000000000000e+03
cascade_weight_multiplier=4.00000000000000022204e-01
cascade_activation_functions_count=10
cascade_activation_functions=3 5 7 8 10 11 14 15 16 17 
cascade_activation_steepnesses_count=4
cascade_activation_steepnesses=2.50000000000000000000e-01 5.00000000000000000000e-01 7.50000000000000000000e-01 1.00000000000000000000e+00 
layer_sizes=10 4 2 
scale_included=0
neurons (num_inputs, activation_function, activation_steepness)=(0, 0, 0.00000000000000000000e+00) (0, 0, 0.00000000000000000000e+00) (0, 0, 0.00000000000000000000e+00) (0, 0, 0.00000000000000000000e+00) (0, 0, 0.00000000000000000000e+00) (0, 0, 0.00000000000000000000e+00) (0, 0, 0.00000000000000000000e+00) (0, 0, 0.00000000000000000000e+00) (0, 0, 0.00000000000000000000e+00) (0, 0, 0.00000000000000000000e+00) (10, 6, 5.00000000000000000000e-01) (10, 6, 5.00000000000000000000e-01) (10, 6, 5.00000000000000000000e-01) (0, 6, 0.00000000000000000000e+00) (4, 4, 5.00000000000000000000e-01) (0, 4, 0.00000000000000000000e+00) 
connections (connected_to_neuron, weight)=(0, 1.11032982604812202609e+00) (1, 1.67572364520503236385e+00) (2, 1.29753145808838477038e+00) (3, 2.27271218938706137669e-01) (4, 1.06871118484337856991e+00) (5, 1.49198829822928202837e+00) (6, -4.28878653791773589710e-01) (7, -4.58618004418321179028e-01) (8, 6.95313352056983857707e-01) (9, -1.39332847852371455311e+00) (0, 2.52767415120824301411e+00) (1, 2.81276810954198452919e+00) (2, 1.78120609147929731542e+00) (3, -8.86282761732130885957e-03) (4, 1.59562330127620244369e+00) (5, 2.83329043714069861437e+00) (6, 1.84672221774473621636e+00) (7, 1.79957809733624474191e+00) (8, 1.58409936120768635170e+00) (9, -2.61658800049806972154e+00) (0, 6.72981745172327783244e-01) (1, 1.07635974449014515386e+00) (2, 6.00900891833862749181e-01) (3, 7.36257316670511641199e-01) (4, 4.97773726452320486313e-01) (5, 8.50490071591573193466e-01) (6, 4.00762854234863630243e-01) (7, -9.95697984532285085280e-01) (8, 4.39964006004056107368e-01) (9, -6.43503302802079013567e-01) (10, 5.42903333875080651438e+00) (11, 4.73120290284022928518e+01) (12, 4.65139689900521458021e-01) (13, -1.46413209289661727652e+00) 
