FANN_FLO_2.1
num_layers=3
learning_rate=0.700000
connection_rate=1.000000
network_type=0
learning_momentum=0.000000
training_algorithm=2
train_error_function=1
train_stop_function=1
cascade_output_change_fraction=0.010000
quickprop_decay=-0.000100
quickprop_mu=1.750000
rprop_increase_factor=1.200000
rprop_decrease_factor=0.500000
rprop_delta_min=0.000000
rprop_delta_max=50.000000
rprop_delta_zero=0.100000
cascade_output_stagnation_epochs=12
cascade_candidate_change_fraction=0.010000
cascade_candidate_stagnation_epochs=12
cascade_max_out_epochs=150
cascade_min_out_epochs=50
cascade_max_cand_epochs=150
cascade_min_cand_epochs=50
cascade_num_candidate_groups=2
bit_fail_limit=1.00000000000000005551e-01
cascade_candidate_limit=1.00000000000000000000e+03
cascade_weight_multiplier=4.00000000000000022204e-01
cascade_activation_functions_count=10
cascade_activation_functions=3 5 7 8 10 11 14 15 16 17 
cascade_activation_steepnesses_count=4
cascade_activation_steepnesses=2.50000000000000000000e-01 5.00000000000000000000e-01 7.50000000000000000000e-01 1.00000000000000000000e+00 
layer_sizes=6 4 2 
scale_included=0
neurons (num_inputs, activation_function, activation_steepness)=(0, 0, 0.00000000000000000000e+00) (0, 0, 0.00000000000000000000e+00) (0, 0, 0.00000000000000000000e+00) (0, 0, 0.00000000000000000000e+00) (0, 0, 0.00000000000000000000e+00) (0, 0, 0.00000000000000000000e+00) (6, 6, 5.00000000000000000000e-01) (6, 6, 5.00000000000000000000e-01) (6, 6, 5.00000000000000000000e-01) (0, 6, 0.00000000000000000000e+00) (4, 4, 5.00000000000000000000e-01) (0, 4, 0.00000000000000000000e+00) 
connections (connected_to_neuron, weight)=(0, -1.17845589326348387793e+00) (1, 2.94479282562888933228e+00) (2, -6.02036691294007830777e-02) (3, -4.08767505427392707773e-01) (4, -1.17583066628899657324e+00) (5, -1.25771850006308616443e+00) (0, -1.32335918414553388445e-01) (1, 4.39156813913154031592e-01) (2, 1.45600258378552283034e-01) (3, -4.15090419344677843960e-02) (4, -1.06024085003098247904e-01) (5, -1.04514701682289837259e-01) (0, 3.00465596998158515629e-02) (1, 2.39794453835223908555e-01) (2, -1.17195976285498076885e-02) (3, -2.45837948787669735573e-01) (4, 3.81366236293736518559e-02) (5, 1.14599346944135760396e-01) (6, 1.34920280999645996189e+01) (7, 3.77960522579715629821e-01) (8, 1.43289360692045814050e-01) (9, -1.79006041755672362648e+00) 
