FANN_FLO_2.1
num_layers=3
learning_rate=0.700000
connection_rate=1.000000
network_type=0
learning_momentum=0.000000
training_algorithm=2
train_error_function=1
train_stop_function=1
cascade_output_change_fraction=0.010000
quickprop_decay=-0.000100
quickprop_mu=1.750000
rprop_increase_factor=1.200000
rprop_decrease_factor=0.500000
rprop_delta_min=0.000000
rprop_delta_max=50.000000
rprop_delta_zero=0.100000
cascade_output_stagnation_epochs=12
cascade_candidate_change_fraction=0.010000
cascade_candidate_stagnation_epochs=12
cascade_max_out_epochs=150
cascade_min_out_epochs=50
cascade_max_cand_epochs=150
cascade_min_cand_epochs=50
cascade_num_candidate_groups=2
bit_fail_limit=1.00000000000000005551e-01
cascade_candidate_limit=1.00000000000000000000e+03
cascade_weight_multiplier=4.00000000000000022204e-01
cascade_activation_functions_count=10
cascade_activation_functions=3 5 7 8 10 11 14 15 16 17 
cascade_activation_steepnesses_count=4
cascade_activation_steepnesses=2.50000000000000000000e-01 5.00000000000000000000e-01 7.50000000000000000000e-01 1.00000000000000000000e+00 
layer_sizes=10 4 2 
scale_included=0
neurons (num_inputs, activation_function, activation_steepness)=(0, 0, 0.00000000000000000000e+00) (0, 0, 0.00000000000000000000e+00) (0, 0, 0.00000000000000000000e+00) (0, 0, 0.00000000000000000000e+00) (0, 0, 0.00000000000000000000e+00) (0, 0, 0.00000000000000000000e+00) (0, 0, 0.00000000000000000000e+00) (0, 0, 0.00000000000000000000e+00) (0, 0, 0.00000000000000000000e+00) (0, 0, 0.00000000000000000000e+00) (10, 6, 5.00000000000000000000e-01) (10, 6, 5.00000000000000000000e-01) (10, 6, 5.00000000000000000000e-01) (0, 6, 0.00000000000000000000e+00) (4, 4, 5.00000000000000000000e-01) (0, 4, 0.00000000000000000000e+00) 
connections (connected_to_neuron, weight)=(0, -1.22923613164438738643e+00) (1, 7.09772706701552777986e+01) (2, 3.73563417805579667252e-02) (3, -3.65250841991820063281e-01) (4, 7.50130003403989831234e-01) (5, 7.09504335708117395143e+01) (6, 1.44031023892428522437e+00) (7, 1.21880134535895212622e+00) (8, 1.03326890832434270528e+00) (9, -1.10915067587210525168e+00) (0, -1.91292918478059043030e-01) (1, 1.23427989357522633895e+01) (2, 3.45529946335988491501e-01) (3, 9.34775449220522774985e-02) (4, 1.49372351753715604250e-01) (5, 1.24869675585440305099e+01) (6, 1.74926465693292954029e-01) (7, 3.43368963451648023799e-01) (8, 9.85000795482880664444e-01) (9, -1.62154893234808528124e-01) (0, -9.84899716711182593443e-01) (1, 7.07133495957350532990e+01) (2, -9.12061883564564135352e-02) (3, -1.69590291993536423920e-01) (4, 1.98156504334345368035e-01) (5, 7.07049207762574951630e+01) (6, 5.92227032524620944365e-01) (7, 1.32662589056359214723e+00) (8, 1.26749552613745275487e+00) (9, -1.36656172195145564352e+00) (10, 1.61213004507332833271e+01) (11, 3.27084838263360078159e+00) (12, 6.65675843454108573383e+00) (13, -3.34523162938650253651e+00) 
