FANN_FLO_2.1
num_layers=3
learning_rate=0.700000
connection_rate=1.000000
network_type=0
learning_momentum=0.000000
training_algorithm=2
train_error_function=1
train_stop_function=1
cascade_output_change_fraction=0.010000
quickprop_decay=-0.000100
quickprop_mu=1.750000
rprop_increase_factor=1.200000
rprop_decrease_factor=0.500000
rprop_delta_min=0.000000
rprop_delta_max=50.000000
rprop_delta_zero=0.100000
cascade_output_stagnation_epochs=12
cascade_candidate_change_fraction=0.010000
cascade_candidate_stagnation_epochs=12
cascade_max_out_epochs=150
cascade_min_out_epochs=50
cascade_max_cand_epochs=150
cascade_min_cand_epochs=50
cascade_num_candidate_groups=2
bit_fail_limit=1.00000000000000005551e-01
cascade_candidate_limit=1.00000000000000000000e+03
cascade_weight_multiplier=4.00000000000000022204e-01
cascade_activation_functions_count=10
cascade_activation_functions=3 5 7 8 10 11 14 15 16 17 
cascade_activation_steepnesses_count=4
cascade_activation_steepnesses=2.50000000000000000000e-01 5.00000000000000000000e-01 7.50000000000000000000e-01 1.00000000000000000000e+00 
layer_sizes=8 4 2 
scale_included=0
neurons (num_inputs, activation_function, activation_steepness)=(0, 0, 0.00000000000000000000e+00) (0, 0, 0.00000000000000000000e+00) (0, 0, 0.00000000000000000000e+00) (0, 0, 0.00000000000000000000e+00) (0, 0, 0.00000000000000000000e+00) (0, 0, 0.00000000000000000000e+00) (0, 0, 0.00000000000000000000e+00) (0, 0, 0.00000000000000000000e+00) (8, 6, 5.00000000000000000000e-01) (8, 6, 5.00000000000000000000e-01) (8, 6, 5.00000000000000000000e-01) (0, 6, 0.00000000000000000000e+00) (4, 4, 5.00000000000000000000e-01) (0, 4, 0.00000000000000000000e+00) 
connections (connected_to_neuron, weight)=(0, 6.39288542677478310861e-02) (1, 5.57061443233270670028e-01) (2, 1.41089004429638542604e+00) (3, 1.18312345506763061387e+00) (4, 1.36380352707022645120e+00) (5, 8.52723202387262596558e-02) (6, -8.39807974551122549123e-01) (7, -5.71093293996782880306e-01) (0, 3.27030532065257228957e-01) (1, -3.33380207243597403988e+00) (2, -2.19999241428729686021e+00) (3, -2.37054391448555978883e+00) (4, -1.98592499798618860041e+00) (5, -1.20786592673755155403e+00) (6, 1.50723799515484624401e+00) (7, 3.80292482733809356077e+00) (0, 1.66350347806529172412e-02) (1, 6.02039089554328943343e-01) (2, 1.52082881482899301417e+00) (3, 1.03835966872191054478e+00) (4, 1.30954297514075257425e+00) (5, 4.95307600776124443143e-02) (6, -9.09490408752362866629e-01) (7, -4.85754053266974017422e-01) (8, 1.00988987391636575452e+00) (9, -1.64764793041206658586e+01) (10, 9.92205220514991048653e-01) (11, -1.49207686682668527745e+00) 
