FANN_FLO_2.1
num_layers=3
learning_rate=0.700000
connection_rate=1.000000
network_type=0
learning_momentum=0.000000
training_algorithm=2
train_error_function=1
train_stop_function=1
cascade_output_change_fraction=0.010000
quickprop_decay=-0.000100
quickprop_mu=1.750000
rprop_increase_factor=1.200000
rprop_decrease_factor=0.500000
rprop_delta_min=0.000000
rprop_delta_max=50.000000
rprop_delta_zero=0.100000
cascade_output_stagnation_epochs=12
cascade_candidate_change_fraction=0.010000
cascade_candidate_stagnation_epochs=12
cascade_max_out_epochs=150
cascade_min_out_epochs=50
cascade_max_cand_epochs=150
cascade_min_cand_epochs=50
cascade_num_candidate_groups=2
bit_fail_limit=1.00000000000000005551e-01
cascade_candidate_limit=1.00000000000000000000e+03
cascade_weight_multiplier=4.00000000000000022204e-01
cascade_activation_functions_count=10
cascade_activation_functions=3 5 7 8 10 11 14 15 16 17 
cascade_activation_steepnesses_count=4
cascade_activation_steepnesses=2.50000000000000000000e-01 5.00000000000000000000e-01 7.50000000000000000000e-01 1.00000000000000000000e+00 
layer_sizes=7 4 2 
scale_included=0
neurons (num_inputs, activation_function, activation_steepness)=(0, 0, 0.00000000000000000000e+00) (0, 0, 0.00000000000000000000e+00) (0, 0, 0.00000000000000000000e+00) (0, 0, 0.00000000000000000000e+00) (0, 0, 0.00000000000000000000e+00) (0, 0, 0.00000000000000000000e+00) (0, 0, 0.00000000000000000000e+00) (7, 6, 5.00000000000000000000e-01) (7, 6, 5.00000000000000000000e-01) (7, 6, 5.00000000000000000000e-01) (0, 6, 0.00000000000000000000e+00) (4, 4, 5.00000000000000000000e-01) (0, 4, 0.00000000000000000000e+00) 
connections (connected_to_neuron, weight)=(0, 1.45352293424935941069e-01) (1, -2.76639849659258345582e+01) (2, 4.38735835791271000517e+00) (3, -2.25900687470707550730e+00) (4, 1.67231428290610857346e+01) (5, -1.05665397611972822212e+00) (6, 2.62471819535143158220e+00) (0, 4.91790203881687815191e-01) (1, 1.28447109401958277886e+03) (2, 5.28896310486813153728e-02) (3, -4.50470039664460419893e-01) (4, 1.41917565402839618294e-01) (5, 2.80891471592996877504e+00) (6, -9.78029231156382738988e-01) (0, -1.81525967822746081559e+00) (1, 1.50000000000000000000e+03) (2, 1.47682832040178890765e+00) (3, 3.19366335077293639344e+00) (4, 1.56969035699502867942e+00) (5, 4.14774945245425286089e+00) (6, -4.13365292736282796682e+00) (7, -1.50258378426360401647e+01) (8, 1.05620523824032126470e+01) (9, 9.96269351791431923004e+00) (10, -7.26372871889222171404e-01) 
