FANN_FLO_2.1
num_layers=3
learning_rate=0.700000
connection_rate=1.000000
network_type=0
learning_momentum=0.000000
training_algorithm=2
train_error_function=1
train_stop_function=1
cascade_output_change_fraction=0.010000
quickprop_decay=-0.000100
quickprop_mu=1.750000
rprop_increase_factor=1.200000
rprop_decrease_factor=0.500000
rprop_delta_min=0.000000
rprop_delta_max=50.000000
rprop_delta_zero=0.100000
cascade_output_stagnation_epochs=12
cascade_candidate_change_fraction=0.010000
cascade_candidate_stagnation_epochs=12
cascade_max_out_epochs=150
cascade_min_out_epochs=50
cascade_max_cand_epochs=150
cascade_min_cand_epochs=50
cascade_num_candidate_groups=2
bit_fail_limit=1.00000000000000005551e-01
cascade_candidate_limit=1.00000000000000000000e+03
cascade_weight_multiplier=4.00000000000000022204e-01
cascade_activation_functions_count=10
cascade_activation_functions=3 5 7 8 10 11 14 15 16 17 
cascade_activation_steepnesses_count=4
cascade_activation_steepnesses=2.50000000000000000000e-01 5.00000000000000000000e-01 7.50000000000000000000e-01 1.00000000000000000000e+00 
layer_sizes=7 4 2 
scale_included=0
neurons (num_inputs, activation_function, activation_steepness)=(0, 0, 0.00000000000000000000e+00) (0, 0, 0.00000000000000000000e+00) (0, 0, 0.00000000000000000000e+00) (0, 0, 0.00000000000000000000e+00) (0, 0, 0.00000000000000000000e+00) (0, 0, 0.00000000000000000000e+00) (0, 0, 0.00000000000000000000e+00) (7, 6, 5.00000000000000000000e-01) (7, 6, 5.00000000000000000000e-01) (7, 6, 5.00000000000000000000e-01) (0, 6, 0.00000000000000000000e+00) (4, 4, 5.00000000000000000000e-01) (0, 4, 0.00000000000000000000e+00) 
connections (connected_to_neuron, weight)=(0, 4.79488963975836579579e+00) (1, -2.89388992606070383218e+00) (2, -1.11027867887911835254e+00) (3, -3.47956019973484398378e+00) (4, 7.39411480350208427659e-01) (5, -3.47121770749676361589e+00) (6, 2.57822786964185235448e+00) (0, -2.22299099637520436445e+00) (1, 3.45608682148443868698e+00) (2, 4.23412726237229253279e-01) (3, 7.62506059466770413913e-01) (4, -1.90829328598267344841e-01) (5, 1.67229507096091883911e-01) (6, -2.13532045407545734150e+00) (0, 3.10279977077277990816e+00) (1, -2.93021956799891336587e+00) (2, -1.13896757911596013813e+00) (3, -3.56334913110462547792e+00) (4, 7.18353207779836799851e-01) (5, -2.49122579479253136725e+00) (6, 3.13384924584659430025e+00) (7, -9.47718692672145479605e+00) (8, 1.62864577726691894810e+00) (9, -9.45120836150539034293e+00) (10, -8.37004317665943409210e-01) 
