FANN_FLO_2.1
num_layers=3
learning_rate=0.700000
connection_rate=1.000000
network_type=0
learning_momentum=0.000000
training_algorithm=2
train_error_function=1
train_stop_function=1
cascade_output_change_fraction=0.010000
quickprop_decay=-0.000100
quickprop_mu=1.750000
rprop_increase_factor=1.200000
rprop_decrease_factor=0.500000
rprop_delta_min=0.000000
rprop_delta_max=50.000000
rprop_delta_zero=0.100000
cascade_output_stagnation_epochs=12
cascade_candidate_change_fraction=0.010000
cascade_candidate_stagnation_epochs=12
cascade_max_out_epochs=150
cascade_min_out_epochs=50
cascade_max_cand_epochs=150
cascade_min_cand_epochs=50
cascade_num_candidate_groups=2
bit_fail_limit=1.00000000000000005551e-01
cascade_candidate_limit=1.00000000000000000000e+03
cascade_weight_multiplier=4.00000000000000022204e-01
cascade_activation_functions_count=10
cascade_activation_functions=3 5 7 8 10 11 14 15 16 17 
cascade_activation_steepnesses_count=4
cascade_activation_steepnesses=2.50000000000000000000e-01 5.00000000000000000000e-01 7.50000000000000000000e-01 1.00000000000000000000e+00 
layer_sizes=13 4 2 
scale_included=0
neurons (num_inputs, activation_function, activation_steepness)=(0, 0, 0.00000000000000000000e+00) (0, 0, 0.00000000000000000000e+00) (0, 0, 0.00000000000000000000e+00) (0, 0, 0.00000000000000000000e+00) (0, 0, 0.00000000000000000000e+00) (0, 0, 0.00000000000000000000e+00) (0, 0, 0.00000000000000000000e+00) (0, 0, 0.00000000000000000000e+00) (0, 0, 0.00000000000000000000e+00) (0, 0, 0.00000000000000000000e+00) (0, 0, 0.00000000000000000000e+00) (0, 0, 0.00000000000000000000e+00) (0, 0, 0.00000000000000000000e+00) (13, 6, 5.00000000000000000000e-01) (13, 6, 5.00000000000000000000e-01) (13, 6, 5.00000000000000000000e-01) (0, 6, 0.00000000000000000000e+00) (4, 4, 5.00000000000000000000e-01) (0, 4, 0.00000000000000000000e+00) 
connections (connected_to_neuron, weight)=(0, -1.22124922220923304295e+00) (1, 3.94441993133352375445e-01) (2, 9.16715232145510483530e-02) (3, 1.66781018602635144887e+00) (4, 7.08073927917178380653e-01) (5, 1.15225586960366732647e+00) (6, 7.07361413953055406800e-01) (7, 2.17558765185997510239e-01) (8, -4.37839791437203973423e-01) (9, 2.50554639075984386665e+00) (10, 3.43771683969550689852e+00) (11, 1.25860699416891624880e-01) (12, -2.46005336921949674389e-01) (0, -3.05674869063037624173e+00) (1, 2.16396856936149450945e+00) (2, -2.40082159199967976049e-01) (3, 1.98306556244341725126e+00) (4, 1.65027230312651429500e+00) (5, 1.26237572598352465469e+00) (6, 2.20045236656104004069e+00) (7, 2.21100534686873961832e+00) (8, -4.91131964772174445244e+00) (9, 5.57712169969834525851e-01) (10, 2.95571007834612431431e-01) (11, 8.89654637603031872573e-01) (12, -1.34492578951819607980e+00) (0, 1.27746889987412592937e+00) (1, -4.23853280174803614955e+00) (2, 2.38332269138370772543e-01) (3, -1.89448049208468649596e+00) (4, -2.57708685183887098447e+00) (5, -1.08862068562786484804e+00) (6, -5.20788937365572834892e+00) (7, 8.33230109567016485883e-01) (8, 3.55347524855891894191e+00) (9, 4.21327066427646168556e-01) (10, 2.52902313658118993445e+00) (11, -2.55870999769302542859e+00) (12, 3.16689861580366915916e+00) (13, 8.87217082545888491296e-01) (14, 1.37361683563000571695e+01) (15, -4.69717467509701602779e+00) (16, -1.19779449709515750655e+00) 
