FANN_FLO_2.1
num_layers=3
learning_rate=0.700000
connection_rate=1.000000
network_type=0
learning_momentum=0.000000
training_algorithm=2
train_error_function=1
train_stop_function=1
cascade_output_change_fraction=0.010000
quickprop_decay=-0.000100
quickprop_mu=1.750000
rprop_increase_factor=1.200000
rprop_decrease_factor=0.500000
rprop_delta_min=0.000000
rprop_delta_max=50.000000
rprop_delta_zero=0.100000
cascade_output_stagnation_epochs=12
cascade_candidate_change_fraction=0.010000
cascade_candidate_stagnation_epochs=12
cascade_max_out_epochs=150
cascade_min_out_epochs=50
cascade_max_cand_epochs=150
cascade_min_cand_epochs=50
cascade_num_candidate_groups=2
bit_fail_limit=1.00000000000000005551e-01
cascade_candidate_limit=1.00000000000000000000e+03
cascade_weight_multiplier=4.00000000000000022204e-01
cascade_activation_functions_count=10
cascade_activation_functions=3 5 7 8 10 11 14 15 16 17 
cascade_activation_steepnesses_count=4
cascade_activation_steepnesses=2.50000000000000000000e-01 5.00000000000000000000e-01 7.50000000000000000000e-01 1.00000000000000000000e+00 
layer_sizes=10 4 2 
scale_included=0
neurons (num_inputs, activation_function, activation_steepness)=(0, 0, 0.00000000000000000000e+00) (0, 0, 0.00000000000000000000e+00) (0, 0, 0.00000000000000000000e+00) (0, 0, 0.00000000000000000000e+00) (0, 0, 0.00000000000000000000e+00) (0, 0, 0.00000000000000000000e+00) (0, 0, 0.00000000000000000000e+00) (0, 0, 0.00000000000000000000e+00) (0, 0, 0.00000000000000000000e+00) (0, 0, 0.00000000000000000000e+00) (10, 6, 5.00000000000000000000e-01) (10, 6, 5.00000000000000000000e-01) (10, 6, 5.00000000000000000000e-01) (0, 6, 0.00000000000000000000e+00) (4, 4, 5.00000000000000000000e-01) (0, 4, 0.00000000000000000000e+00) 
connections (connected_to_neuron, weight)=(0, -4.84555801250681039694e-01) (1, 1.94620697956908683679e+00) (2, 6.43484846043202329824e-01) (3, 6.83250501429650936025e-01) (4, 1.93136316539311625462e+00) (5, 2.42599523402696470864e-01) (6, 1.71760815415757406299e+00) (7, 7.42497607743356269339e-01) (8, 7.62644841944787543753e-01) (9, -5.24085799106105976186e-01) (0, 2.47537344963781036355e+00) (1, -2.37137450167312913152e+00) (2, -1.39676942813412008348e+00) (3, -5.15965570797859429675e-01) (4, -2.95587826888463034436e+00) (5, 2.91676830646037665851e-02) (6, -2.70595780843831335005e+00) (7, -1.74408383693826662952e-01) (8, -2.77381231873404410226e-01) (9, 2.55745975638729605706e+00) (0, 2.49314295025102294900e+00) (1, -2.37381833681240372869e+00) (2, -1.53094444561020193163e+00) (3, 8.10051015221602693783e-02) (4, -3.00361168007752432629e+00) (5, 2.26379197236537543780e-02) (6, -2.67827678555585180220e+00) (7, -1.39182470765245425159e-01) (8, -8.77849012876873446842e-02) (9, 2.48981833423477683098e+00) (10, 1.78741770310033221136e+00) (11, -6.07229966515731067744e+00) (12, -6.03975504109691829768e+00) (13, -1.78568387228792113675e+00) 
