FANN_FLO_2.1
num_layers=3
learning_rate=0.700000
connection_rate=1.000000
network_type=0
learning_momentum=0.000000
training_algorithm=2
train_error_function=1
train_stop_function=1
cascade_output_change_fraction=0.010000
quickprop_decay=-0.000100
quickprop_mu=1.750000
rprop_increase_factor=1.200000
rprop_decrease_factor=0.500000
rprop_delta_min=0.000000
rprop_delta_max=50.000000
rprop_delta_zero=0.100000
cascade_output_stagnation_epochs=12
cascade_candidate_change_fraction=0.010000
cascade_candidate_stagnation_epochs=12
cascade_max_out_epochs=150
cascade_min_out_epochs=50
cascade_max_cand_epochs=150
cascade_min_cand_epochs=50
cascade_num_candidate_groups=2
bit_fail_limit=1.00000000000000005551e-01
cascade_candidate_limit=1.00000000000000000000e+03
cascade_weight_multiplier=4.00000000000000022204e-01
cascade_activation_functions_count=10
cascade_activation_functions=3 5 7 8 10 11 14 15 16 17 
cascade_activation_steepnesses_count=4
cascade_activation_steepnesses=2.50000000000000000000e-01 5.00000000000000000000e-01 7.50000000000000000000e-01 1.00000000000000000000e+00 
layer_sizes=10 4 2 
scale_included=0
neurons (num_inputs, activation_function, activation_steepness)=(0, 0, 0.00000000000000000000e+00) (0, 0, 0.00000000000000000000e+00) (0, 0, 0.00000000000000000000e+00) (0, 0, 0.00000000000000000000e+00) (0, 0, 0.00000000000000000000e+00) (0, 0, 0.00000000000000000000e+00) (0, 0, 0.00000000000000000000e+00) (0, 0, 0.00000000000000000000e+00) (0, 0, 0.00000000000000000000e+00) (0, 0, 0.00000000000000000000e+00) (10, 6, 5.00000000000000000000e-01) (10, 6, 5.00000000000000000000e-01) (10, 6, 5.00000000000000000000e-01) (0, 6, 0.00000000000000000000e+00) (4, 4, 5.00000000000000000000e-01) (0, 4, 0.00000000000000000000e+00) 
connections (connected_to_neuron, weight)=(0, -2.41728496264146430761e+00) (1, 1.24415850312094500296e+00) (2, 1.47924264550469897195e+00) (3, 1.26976691277287945248e+00) (4, 5.99286296768195669848e-01) (5, 5.83247282905585806567e-01) (6, 1.11993853081050098730e+00) (7, -2.83122732953327371774e+00) (8, -1.04157643955651790790e+00) (9, -9.37277025807686126058e-01) (0, -5.96322338612926117207e+00) (1, 2.47982827538159655845e+00) (2, 2.32082766035246690350e+00) (3, 2.02717317169117228204e+00) (4, 1.55137187219203154243e+00) (5, 1.02517300310404113617e+00) (6, 1.64462786889613310493e+00) (7, -3.59318215242170824197e+00) (8, -2.48093487822732861048e+00) (9, -3.27365377969029447414e+00) (0, 1.13696402010112755931e+01) (1, -5.89867526082885884620e+00) (2, -3.02967068392563820822e+00) (3, -1.96081297231197182462e+00) (4, -1.48922199473169558637e+00) (5, -2.06379833296688897093e+00) (6, -2.61039115633181761922e+00) (7, 2.46997598613202207218e+00) (8, 3.50331995711610977295e+00) (9, 5.55538024171822009123e+00) (10, 9.89632264056459876045e-01) (11, 3.02060319264512955328e+00) (12, -3.92355524874087535636e+00) (13, -1.40919289044451256920e+00) 
