FANN_FLO_2.1
num_layers=3
learning_rate=0.700000
connection_rate=1.000000
network_type=0
learning_momentum=0.000000
training_algorithm=2
train_error_function=1
train_stop_function=1
cascade_output_change_fraction=0.010000
quickprop_decay=-0.000100
quickprop_mu=1.750000
rprop_increase_factor=1.200000
rprop_decrease_factor=0.500000
rprop_delta_min=0.000000
rprop_delta_max=50.000000
rprop_delta_zero=0.100000
cascade_output_stagnation_epochs=12
cascade_candidate_change_fraction=0.010000
cascade_candidate_stagnation_epochs=12
cascade_max_out_epochs=150
cascade_min_out_epochs=50
cascade_max_cand_epochs=150
cascade_min_cand_epochs=50
cascade_num_candidate_groups=2
bit_fail_limit=1.00000000000000005551e-01
cascade_candidate_limit=1.00000000000000000000e+03
cascade_weight_multiplier=4.00000000000000022204e-01
cascade_activation_functions_count=10
cascade_activation_functions=3 5 7 8 10 11 14 15 16 17 
cascade_activation_steepnesses_count=4
cascade_activation_steepnesses=2.50000000000000000000e-01 5.00000000000000000000e-01 7.50000000000000000000e-01 1.00000000000000000000e+00 
layer_sizes=15 4 2 
scale_included=0
neurons (num_inputs, activation_function, activation_steepness)=(0, 0, 0.00000000000000000000e+00) (0, 0, 0.00000000000000000000e+00) (0, 0, 0.00000000000000000000e+00) (0, 0, 0.00000000000000000000e+00) (0, 0, 0.00000000000000000000e+00) (0, 0, 0.00000000000000000000e+00) (0, 0, 0.00000000000000000000e+00) (0, 0, 0.00000000000000000000e+00) (0, 0, 0.00000000000000000000e+00) (0, 0, 0.00000000000000000000e+00) (0, 0, 0.00000000000000000000e+00) (0, 0, 0.00000000000000000000e+00) (0, 0, 0.00000000000000000000e+00) (0, 0, 0.00000000000000000000e+00) (0, 0, 0.00000000000000000000e+00) (15, 6, 5.00000000000000000000e-01) (15, 6, 5.00000000000000000000e-01) (15, 6, 5.00000000000000000000e-01) (0, 6, 0.00000000000000000000e+00) (4, 4, 5.00000000000000000000e-01) (0, 4, 0.00000000000000000000e+00) 
connections (connected_to_neuron, weight)=(0, 1.38987379991478032792e+00) (1, -7.07977541323636105908e-01) (2, -1.15321138525992128443e+00) (3, -1.01424340391057143940e+00) (4, -3.13753620996496562778e-01) (5, -7.16511024437187948877e-01) (6, 8.00416720028819694832e-01) (7, -1.15410284350000380549e+00) (8, -1.30822858414452469766e+00) (9, -1.27395006000114241473e+00) (10, 7.01680272916679559358e-01) (11, 5.77936210813069561887e-01) (12, 4.69204481320659510857e+02) (13, 4.25621177687129488731e+02) (14, 1.29900013916786516432e+00) (0, -3.50553820609326871605e+00) (1, 1.65236551172435985890e+00) (2, 1.67383456635625438302e+00) (3, 1.94899167521516547552e+00) (4, -5.96619164103648347286e-01) (5, -1.22870666202496148234e-01) (6, -1.42158153046421653620e+00) (7, 1.71937331919533131774e+00) (8, 1.83479259731494415142e+00) (9, 1.47526224991151622135e+00) (10, -1.29949869190202904612e+00) (11, -3.24264991398850843662e-01) (12, 6.94736952218944225024e+02) (13, 6.94695441573644075106e+02) (14, -9.83723729602044572040e-01) (0, -8.55726986496661901072e-01) (1, 6.09160766377099371915e-01) (2, 4.10138993718307476311e-01) (3, 3.58322904857853841154e-01) (4, 5.44250865456485599658e-01) (5, 8.35473616842798527671e-01) (6, 1.84082220789200279309e-01) (7, 3.51049719050482267324e-01) (8, 5.49387202098362004143e-01) (9, 6.15952033622978345484e-01) (10, 5.69569892904951191603e-01) (11, 4.28377337262719981581e-01) (12, 2.20354080634621766421e+02) (13, 2.20478897085843470904e+02) (14, -4.44614681092128871676e-01) (15, -8.94155242422661444834e+00) (16, 2.12089008570710930712e+01) (17, 9.02559995002822645915e+00) (18, -1.54851775271568592451e+00) 
