FANN_FLO_2.1
num_layers=3
learning_rate=0.700000
connection_rate=1.000000
network_type=0
learning_momentum=0.000000
training_algorithm=2
train_error_function=1
train_stop_function=1
cascade_output_change_fraction=0.010000
quickprop_decay=-0.000100
quickprop_mu=1.750000
rprop_increase_factor=1.200000
rprop_decrease_factor=0.500000
rprop_delta_min=0.000000
rprop_delta_max=50.000000
rprop_delta_zero=0.100000
cascade_output_stagnation_epochs=12
cascade_candidate_change_fraction=0.010000
cascade_candidate_stagnation_epochs=12
cascade_max_out_epochs=150
cascade_min_out_epochs=50
cascade_max_cand_epochs=150
cascade_min_cand_epochs=50
cascade_num_candidate_groups=2
bit_fail_limit=1.00000000000000005551e-01
cascade_candidate_limit=1.00000000000000000000e+03
cascade_weight_multiplier=4.00000000000000022204e-01
cascade_activation_functions_count=10
cascade_activation_functions=3 5 7 8 10 11 14 15 16 17 
cascade_activation_steepnesses_count=4
cascade_activation_steepnesses=2.50000000000000000000e-01 5.00000000000000000000e-01 7.50000000000000000000e-01 1.00000000000000000000e+00 
layer_sizes=12 4 2 
scale_included=0
neurons (num_inputs, activation_function, activation_steepness)=(0, 0, 0.00000000000000000000e+00) (0, 0, 0.00000000000000000000e+00) (0, 0, 0.00000000000000000000e+00) (0, 0, 0.00000000000000000000e+00) (0, 0, 0.00000000000000000000e+00) (0, 0, 0.00000000000000000000e+00) (0, 0, 0.00000000000000000000e+00) (0, 0, 0.00000000000000000000e+00) (0, 0, 0.00000000000000000000e+00) (0, 0, 0.00000000000000000000e+00) (0, 0, 0.00000000000000000000e+00) (0, 0, 0.00000000000000000000e+00) (12, 6, 5.00000000000000000000e-01) (12, 6, 5.00000000000000000000e-01) (12, 6, 5.00000000000000000000e-01) (0, 6, 0.00000000000000000000e+00) (4, 4, 5.00000000000000000000e-01) (0, 4, 0.00000000000000000000e+00) 
connections (connected_to_neuron, weight)=(0, -9.45302849197955263882e-01) (1, 2.82423139260268074580e+00) (2, 3.24391117071945345174e-01) (3, -4.91239215328399980720e-01) (4, -8.71424881953407504120e-01) (5, -3.13715584862100493879e-01) (6, -1.98748328536086787954e-01) (7, 8.38775325823126471914e-02) (8, -1.28658397000810748034e-01) (9, -1.70485107105753069812e-01) (10, -6.34128394205682177631e-02) (11, -8.93406455898852480679e-01) (0, 3.60818970099597668977e+00) (1, -2.65602345030812836413e+00) (2, -5.17420559756684284025e+00) (3, 1.20217238761203271125e+00) (4, 7.66435886655973508397e-01) (5, 9.40517497211818404024e-02) (6, -5.06661990507861065280e-02) (7, -4.44969893779136782541e+00) (8, 3.93974391452378391865e-01) (9, -2.22276526524311401900e-01) (10, -1.26075892730242000717e-01) (11, 3.56683142379432416291e+00) (0, -1.29766008602639804081e+00) (1, 2.07394532666247100039e+00) (2, 1.38293595125885060426e+00) (3, -1.08893511481528104667e+00) (4, -1.10587180443053068046e+00) (5, -4.13094365787599893114e-02) (6, 3.46064100762201953820e-01) (7, 8.82448649916583893749e-01) (8, -3.80787515133912402021e-01) (9, 2.00692830348470352408e-01) (10, 1.74731230104425039329e-01) (11, -1.40155201005002627568e+00) (12, 1.78363321798882035196e+00) (13, -9.13804596040984584704e+00) (14, 6.09931063031922438000e+00) (15, -1.33630267875453601079e+00) 
