FANN_FLO_2.1
num_layers=3
learning_rate=0.700000
connection_rate=1.000000
network_type=0
learning_momentum=0.000000
training_algorithm=2
train_error_function=1
train_stop_function=1
cascade_output_change_fraction=0.010000
quickprop_decay=-0.000100
quickprop_mu=1.750000
rprop_increase_factor=1.200000
rprop_decrease_factor=0.500000
rprop_delta_min=0.000000
rprop_delta_max=50.000000
rprop_delta_zero=0.100000
cascade_output_stagnation_epochs=12
cascade_candidate_change_fraction=0.010000
cascade_candidate_stagnation_epochs=12
cascade_max_out_epochs=150
cascade_min_out_epochs=50
cascade_max_cand_epochs=150
cascade_min_cand_epochs=50
cascade_num_candidate_groups=2
bit_fail_limit=1.00000000000000005551e-01
cascade_candidate_limit=1.00000000000000000000e+03
cascade_weight_multiplier=4.00000000000000022204e-01
cascade_activation_functions_count=10
cascade_activation_functions=3 5 7 8 10 11 14 15 16 17 
cascade_activation_steepnesses_count=4
cascade_activation_steepnesses=2.50000000000000000000e-01 5.00000000000000000000e-01 7.50000000000000000000e-01 1.00000000000000000000e+00 
layer_sizes=18 4 2 
scale_included=0
neurons (num_inputs, activation_function, activation_steepness)=(0, 0, 0.00000000000000000000e+00) (0, 0, 0.00000000000000000000e+00) (0, 0, 0.00000000000000000000e+00) (0, 0, 0.00000000000000000000e+00) (0, 0, 0.00000000000000000000e+00) (0, 0, 0.00000000000000000000e+00) (0, 0, 0.00000000000000000000e+00) (0, 0, 0.00000000000000000000e+00) (0, 0, 0.00000000000000000000e+00) (0, 0, 0.00000000000000000000e+00) (0, 0, 0.00000000000000000000e+00) (0, 0, 0.00000000000000000000e+00) (0, 0, 0.00000000000000000000e+00) (0, 0, 0.00000000000000000000e+00) (0, 0, 0.00000000000000000000e+00) (0, 0, 0.00000000000000000000e+00) (0, 0, 0.00000000000000000000e+00) (0, 0, 0.00000000000000000000e+00) (18, 6, 5.00000000000000000000e-01) (18, 6, 5.00000000000000000000e-01) (18, 6, 5.00000000000000000000e-01) (0, 6, 0.00000000000000000000e+00) (4, 4, 5.00000000000000000000e-01) (0, 4, 0.00000000000000000000e+00) 
connections (connected_to_neuron, weight)=(0, -3.41540722422189180207e+00) (1, 1.66495475392318725838e+00) (2, 1.64649628469152431443e-01) (3, 1.67429360621853007274e+00) (4, -1.55056947162695302200e-01) (5, 9.72421874987466128282e-01) (6, 1.56689890629075589956e+00) (7, 5.51239228404100001235e-01) (8, 1.47668469821483960835e+00) (9, -1.95718716228185568573e-01) (10, 9.67156067195283575266e-01) (11, 9.49937656226503057688e-01) (12, 3.56703018244542646720e-01) (13, 1.35065116077808378137e+00) (14, 1.73186386816633786090e+00) (15, 1.63012196155686095445e+00) (16, -2.65278542079981638491e-01) (17, -1.27387153893612370403e+00) (0, -1.48906487519511743223e+00) (1, 1.31261704572732940122e+00) (2, 3.74723523721766815786e-01) (3, 1.22423893862121291320e+00) (4, -5.39194187761956600369e-01) (5, 1.13523816646770603356e+00) (6, 1.10479983313364993336e+00) (7, 8.16000194072842077730e-01) (8, 8.33848198507552873515e-01) (9, -1.21356470938959695727e-01) (10, 9.69515309158578530990e-01) (11, 9.64697748843446389877e-01) (12, 9.43629009840166177447e-01) (13, 1.13291991293375260419e+00) (14, 6.78420508724470461281e-01) (15, 1.42301910698889999551e+00) (16, -9.60704198827676769668e-01) (17, -5.41948770335426321942e-01) (0, -3.55783253015985789780e-01) (1, 6.23693859772200376312e-01) (2, 2.63546642054036994729e-01) (3, 5.77557059127440153290e-01) (4, 9.08483294933398077831e-01) (5, 1.09878151622581210489e+00) (6, 3.19060917119777964768e-01) (7, 5.71618279763554060224e-01) (8, 6.25954804042358814442e-01) (9, 5.52478649614755568109e-01) (10, 1.32974439079165307476e+00) (11, 2.25699723215947534172e+00) (12, 3.64203249930277028756e-01) (13, 6.43901055537590250033e-01) (14, 6.19544697583931713858e-01) (15, 1.61642213266633261171e+00) (16, 9.11300471502781012090e-02) (17, -3.74715301247349086289e-01) (18, 3.73289034994339061768e+01) (19, 2.41802183294162365002e+00) (20, 6.02548977914329597638e-01) (21, -3.46933944396562043977e+00) 
