FANN_FLO_2.1
num_layers=3
learning_rate=0.700000
connection_rate=1.000000
network_type=0
learning_momentum=0.000000
training_algorithm=2
train_error_function=1
train_stop_function=1
cascade_output_change_fraction=0.010000
quickprop_decay=-0.000100
quickprop_mu=1.750000
rprop_increase_factor=1.200000
rprop_decrease_factor=0.500000
rprop_delta_min=0.000000
rprop_delta_max=50.000000
rprop_delta_zero=0.100000
cascade_output_stagnation_epochs=12
cascade_candidate_change_fraction=0.010000
cascade_candidate_stagnation_epochs=12
cascade_max_out_epochs=150
cascade_min_out_epochs=50
cascade_max_cand_epochs=150
cascade_min_cand_epochs=50
cascade_num_candidate_groups=2
bit_fail_limit=1.00000000000000005551e-01
cascade_candidate_limit=1.00000000000000000000e+03
cascade_weight_multiplier=4.00000000000000022204e-01
cascade_activation_functions_count=10
cascade_activation_functions=3 5 7 8 10 11 14 15 16 17 
cascade_activation_steepnesses_count=4
cascade_activation_steepnesses=2.50000000000000000000e-01 5.00000000000000000000e-01 7.50000000000000000000e-01 1.00000000000000000000e+00 
layer_sizes=12 4 2 
scale_included=0
neurons (num_inputs, activation_function, activation_steepness)=(0, 0, 0.00000000000000000000e+00) (0, 0, 0.00000000000000000000e+00) (0, 0, 0.00000000000000000000e+00) (0, 0, 0.00000000000000000000e+00) (0, 0, 0.00000000000000000000e+00) (0, 0, 0.00000000000000000000e+00) (0, 0, 0.00000000000000000000e+00) (0, 0, 0.00000000000000000000e+00) (0, 0, 0.00000000000000000000e+00) (0, 0, 0.00000000000000000000e+00) (0, 0, 0.00000000000000000000e+00) (0, 0, 0.00000000000000000000e+00) (12, 6, 5.00000000000000000000e-01) (12, 6, 5.00000000000000000000e-01) (12, 6, 5.00000000000000000000e-01) (0, 6, 0.00000000000000000000e+00) (4, 4, 5.00000000000000000000e-01) (0, 4, 0.00000000000000000000e+00) 
connections (connected_to_neuron, weight)=(0, 1.76999954884306132108e+00) (1, -1.48162072154766177867e+00) (2, -1.42233290898163478033e+00) (3, -9.41894196186279231142e-01) (4, 1.05709794163744219553e+00) (5, 8.53100970771641237134e-03) (6, -6.61285349818175993697e-01) (7, -8.29690550172640262083e-01) (8, -8.25802524292780337767e-01) (9, -8.53615339454698252020e-01) (10, -8.70622380094469128231e-01) (11, 1.69431711738363444120e+00) (0, -1.33237961825978312724e+00) (1, 1.70965337739424172447e+00) (2, 1.43142176140361931935e+00) (3, 1.94526486022333300330e-01) (4, -6.51112885397960416967e-01) (5, 5.44613960443208644513e-01) (6, 1.42512938794436805345e+00) (7, 1.60278761543369108189e+00) (8, 9.06501391347076745930e-01) (9, 1.54291841056886069872e+00) (10, 1.62242092916799673930e+00) (11, -1.43492868316423449748e+00) (0, -9.77723618298939944893e-01) (1, 2.03696563659147766856e+00) (2, 4.25386165034585650435e-01) (3, -5.85244810165226475585e-02) (4, -2.51297851048663423157e-01) (5, 3.01592556035828844585e-02) (6, 9.36238671313924103456e-02) (7, 5.87524581641978405067e-01) (8, 1.89411582412092549532e-01) (9, 2.56751222408930723784e-01) (10, 1.72578250862280790923e-01) (11, -8.53662197739056827217e-01) (12, -2.09196141527987009567e+01) (13, 6.82875021866302400753e+00) (14, 1.81990069694516032328e+00) (15, -2.42924339856511251057e+00) 
