FANN_FLO_2.1
num_layers=3
learning_rate=0.700000
connection_rate=1.000000
network_type=0
learning_momentum=0.000000
training_algorithm=2
train_error_function=1
train_stop_function=1
cascade_output_change_fraction=0.010000
quickprop_decay=-0.000100
quickprop_mu=1.750000
rprop_increase_factor=1.200000
rprop_decrease_factor=0.500000
rprop_delta_min=0.000000
rprop_delta_max=50.000000
rprop_delta_zero=0.100000
cascade_output_stagnation_epochs=12
cascade_candidate_change_fraction=0.010000
cascade_candidate_stagnation_epochs=12
cascade_max_out_epochs=150
cascade_min_out_epochs=50
cascade_max_cand_epochs=150
cascade_min_cand_epochs=50
cascade_num_candidate_groups=2
bit_fail_limit=1.00000000000000005551e-01
cascade_candidate_limit=1.00000000000000000000e+03
cascade_weight_multiplier=4.00000000000000022204e-01
cascade_activation_functions_count=10
cascade_activation_functions=3 5 7 8 10 11 14 15 16 17 
cascade_activation_steepnesses_count=4
cascade_activation_steepnesses=2.50000000000000000000e-01 5.00000000000000000000e-01 7.50000000000000000000e-01 1.00000000000000000000e+00 
layer_sizes=9 4 2 
scale_included=0
neurons (num_inputs, activation_function, activation_steepness)=(0, 0, 0.00000000000000000000e+00) (0, 0, 0.00000000000000000000e+00) (0, 0, 0.00000000000000000000e+00) (0, 0, 0.00000000000000000000e+00) (0, 0, 0.00000000000000000000e+00) (0, 0, 0.00000000000000000000e+00) (0, 0, 0.00000000000000000000e+00) (0, 0, 0.00000000000000000000e+00) (0, 0, 0.00000000000000000000e+00) (9, 6, 5.00000000000000000000e-01) (9, 6, 5.00000000000000000000e-01) (9, 6, 5.00000000000000000000e-01) (0, 6, 0.00000000000000000000e+00) (4, 4, 5.00000000000000000000e-01) (0, 4, 0.00000000000000000000e+00) 
connections (connected_to_neuron, weight)=(0, -2.70013144707154584268e+00) (1, 2.93903848135255785223e+00) (2, 1.91321298932470607035e+00) (3, 2.26130221846199130908e+00) (4, -4.69533980582011012395e-01) (5, -5.87311480883610737003e-01) (6, -4.64378112952035904115e-01) (7, -1.83220821820759205423e+00) (8, -2.68392206078242612222e+00) (0, 2.38310008159431774288e+00) (1, -8.54972159581363522207e-01) (2, -8.47543732357143309031e-01) (3, -5.64843513097878058282e-01) (4, -3.30086349814494972588e-01) (5, 8.19998721082382808767e-02) (6, 1.21015427560270706631e-02) (7, 5.34006144101430657578e-01) (8, 1.37743566726244814902e+00) (0, -2.58670334880236785224e+00) (1, 1.47359152912900959187e+00) (2, 1.95960704781289973830e+00) (3, 1.79646049553212239225e+00) (4, 1.30055852870460353365e+00) (5, 1.17807068870346953737e+00) (6, 3.36218382001132298775e-01) (7, 3.84028698086947728463e-01) (8, -2.18063980921336941776e+00) (9, 7.51705270407023462553e+00) (10, -1.06517010546597634679e+00) (11, 2.10931828743023030981e+00) (12, -1.99165618488707329981e+00) 
