FANN_FLO_2.1
num_layers=3
learning_rate=0.700000
connection_rate=1.000000
network_type=0
learning_momentum=0.000000
training_algorithm=2
train_error_function=1
train_stop_function=1
cascade_output_change_fraction=0.010000
quickprop_decay=-0.000100
quickprop_mu=1.750000
rprop_increase_factor=1.200000
rprop_decrease_factor=0.500000
rprop_delta_min=0.000000
rprop_delta_max=50.000000
rprop_delta_zero=0.100000
cascade_output_stagnation_epochs=12
cascade_candidate_change_fraction=0.010000
cascade_candidate_stagnation_epochs=12
cascade_max_out_epochs=150
cascade_min_out_epochs=50
cascade_max_cand_epochs=150
cascade_min_cand_epochs=50
cascade_num_candidate_groups=2
bit_fail_limit=1.00000000000000005551e-01
cascade_candidate_limit=1.00000000000000000000e+03
cascade_weight_multiplier=4.00000000000000022204e-01
cascade_activation_functions_count=10
cascade_activation_functions=3 5 7 8 10 11 14 15 16 17 
cascade_activation_steepnesses_count=4
cascade_activation_steepnesses=2.50000000000000000000e-01 5.00000000000000000000e-01 7.50000000000000000000e-01 1.00000000000000000000e+00 
layer_sizes=8 4 2 
scale_included=0
neurons (num_inputs, activation_function, activation_steepness)=(0, 0, 0.00000000000000000000e+00) (0, 0, 0.00000000000000000000e+00) (0, 0, 0.00000000000000000000e+00) (0, 0, 0.00000000000000000000e+00) (0, 0, 0.00000000000000000000e+00) (0, 0, 0.00000000000000000000e+00) (0, 0, 0.00000000000000000000e+00) (0, 0, 0.00000000000000000000e+00) (8, 6, 5.00000000000000000000e-01) (8, 6, 5.00000000000000000000e-01) (8, 6, 5.00000000000000000000e-01) (0, 6, 0.00000000000000000000e+00) (4, 4, 5.00000000000000000000e-01) (0, 4, 0.00000000000000000000e+00) 
connections (connected_to_neuron, weight)=(0, 1.15808727876038242144e+00) (1, -1.54006189643803220735e-01) (2, -1.02011392989636973105e+00) (3, -2.92661415326029628048e-01) (4, -7.60477237147089701885e-02) (5, -5.40339172246394494614e-01) (6, -5.79091920313788144359e-02) (7, 5.75701652888186310442e-01) (0, -4.40356101334701222072e+00) (1, 4.03440911224785825340e+00) (2, 1.25810746288123298520e+00) (3, 3.79382457266484918179e+00) (4, -8.42132918574763911224e-01) (5, 2.10999393434640891698e+00) (6, -1.17529372381093200062e+00) (7, -4.46320069075236869338e+00) (0, -2.92041265591431242754e+00) (1, 1.07212179695452514139e+00) (2, 1.87202351835452351914e+00) (3, 2.19156989173831390216e-01) (4, 5.77495668271958417783e-01) (5, 1.70821344364515570469e+00) (6, 8.59512939160661626481e-01) (7, -1.64912188348098420754e+00) (8, -2.67722962900662064811e+00) (9, 6.47155612079160746930e+00) (10, 1.24661204787195583066e+01) (11, -2.42014086092672542350e+00) 
