FANN_FLO_2.1
num_layers=3
learning_rate=0.700000
connection_rate=1.000000
network_type=0
learning_momentum=0.000000
training_algorithm=2
train_error_function=1
train_stop_function=1
cascade_output_change_fraction=0.010000
quickprop_decay=-0.000100
quickprop_mu=1.750000
rprop_increase_factor=1.200000
rprop_decrease_factor=0.500000
rprop_delta_min=0.000000
rprop_delta_max=50.000000
rprop_delta_zero=0.100000
cascade_output_stagnation_epochs=12
cascade_candidate_change_fraction=0.010000
cascade_candidate_stagnation_epochs=12
cascade_max_out_epochs=150
cascade_min_out_epochs=50
cascade_max_cand_epochs=150
cascade_min_cand_epochs=50
cascade_num_candidate_groups=2
bit_fail_limit=1.00000000000000005551e-01
cascade_candidate_limit=1.00000000000000000000e+03
cascade_weight_multiplier=4.00000000000000022204e-01
cascade_activation_functions_count=10
cascade_activation_functions=3 5 7 8 10 11 14 15 16 17 
cascade_activation_steepnesses_count=4
cascade_activation_steepnesses=2.50000000000000000000e-01 5.00000000000000000000e-01 7.50000000000000000000e-01 1.00000000000000000000e+00 
layer_sizes=12 4 2 
scale_included=0
neurons (num_inputs, activation_function, activation_steepness)=(0, 0, 0.00000000000000000000e+00) (0, 0, 0.00000000000000000000e+00) (0, 0, 0.00000000000000000000e+00) (0, 0, 0.00000000000000000000e+00) (0, 0, 0.00000000000000000000e+00) (0, 0, 0.00000000000000000000e+00) (0, 0, 0.00000000000000000000e+00) (0, 0, 0.00000000000000000000e+00) (0, 0, 0.00000000000000000000e+00) (0, 0, 0.00000000000000000000e+00) (0, 0, 0.00000000000000000000e+00) (0, 0, 0.00000000000000000000e+00) (12, 6, 5.00000000000000000000e-01) (12, 6, 5.00000000000000000000e-01) (12, 6, 5.00000000000000000000e-01) (0, 6, 0.00000000000000000000e+00) (4, 4, 5.00000000000000000000e-01) (0, 4, 0.00000000000000000000e+00) 
connections (connected_to_neuron, weight)=(0, 4.39719244308063483828e+00) (1, -5.40390791299321548991e+00) (2, -2.31323166572763039284e+00) (3, -2.89082234448409192140e+00) (4, -1.84415013159469398651e+00) (5, 6.45755127234003079018e-01) (6, -3.13120034905718735985e+00) (7, -5.12689399345795848717e+00) (8, -2.31766617306782318764e+00) (9, -4.97006663442345431037e+00) (10, -2.19365642580148589857e+00) (11, 5.30745809938340418199e+00) (0, -2.37555349575531593587e-01) (1, 6.21893893480547133024e-01) (2, 4.44498927077263739083e-01) (3, 2.96380877411036081082e-01) (4, 5.75814026372644116591e-01) (5, 8.82400295098140219352e-02) (6, 1.02137487328843956647e+00) (7, 1.07590337106969369252e+00) (8, 7.37597170634523235933e-01) (9, 1.04770066247853077535e+00) (10, -1.01864066774362493906e-01) (11, -3.13243927763950880117e-01) (0, 5.31565415527253382066e+00) (1, -5.37409732791163818888e+00) (2, -2.32884544142796112709e+00) (3, -2.92176351046776883180e+00) (4, -1.74805390651181968842e+00) (5, -7.96286788202750339671e-01) (6, -2.58781801540542844009e+00) (7, -5.23027230425755718102e+00) (8, -2.25343899437500549965e+00) (9, -6.54541996289436323053e+00) (10, -2.57968012278007341465e+00) (11, 5.79804184725828086755e+00) (12, -3.15846358769693225099e+00) (13, 1.78785925276429780162e+00) (14, -3.16013201856174319460e+00) (15, -9.01035944468933203133e-01) 
