FANN_FLO_2.1
num_layers=3
learning_rate=0.700000
connection_rate=1.000000
network_type=0
learning_momentum=0.000000
training_algorithm=2
train_error_function=1
train_stop_function=1
cascade_output_change_fraction=0.010000
quickprop_decay=-0.000100
quickprop_mu=1.750000
rprop_increase_factor=1.200000
rprop_decrease_factor=0.500000
rprop_delta_min=0.000000
rprop_delta_max=50.000000
rprop_delta_zero=0.100000
cascade_output_stagnation_epochs=12
cascade_candidate_change_fraction=0.010000
cascade_candidate_stagnation_epochs=12
cascade_max_out_epochs=150
cascade_min_out_epochs=50
cascade_max_cand_epochs=150
cascade_min_cand_epochs=50
cascade_num_candidate_groups=2
bit_fail_limit=1.00000000000000005551e-01
cascade_candidate_limit=1.00000000000000000000e+03
cascade_weight_multiplier=4.00000000000000022204e-01
cascade_activation_functions_count=10
cascade_activation_functions=3 5 7 8 10 11 14 15 16 17 
cascade_activation_steepnesses_count=4
cascade_activation_steepnesses=2.50000000000000000000e-01 5.00000000000000000000e-01 7.50000000000000000000e-01 1.00000000000000000000e+00 
layer_sizes=12 4 2 
scale_included=0
neurons (num_inputs, activation_function, activation_steepness)=(0, 0, 0.00000000000000000000e+00) (0, 0, 0.00000000000000000000e+00) (0, 0, 0.00000000000000000000e+00) (0, 0, 0.00000000000000000000e+00) (0, 0, 0.00000000000000000000e+00) (0, 0, 0.00000000000000000000e+00) (0, 0, 0.00000000000000000000e+00) (0, 0, 0.00000000000000000000e+00) (0, 0, 0.00000000000000000000e+00) (0, 0, 0.00000000000000000000e+00) (0, 0, 0.00000000000000000000e+00) (0, 0, 0.00000000000000000000e+00) (12, 6, 5.00000000000000000000e-01) (12, 6, 5.00000000000000000000e-01) (12, 6, 5.00000000000000000000e-01) (0, 6, 0.00000000000000000000e+00) (4, 4, 5.00000000000000000000e-01) (0, 4, 0.00000000000000000000e+00) 
connections (connected_to_neuron, weight)=(0, 3.12000163571080646463e+00) (1, -2.16602144992876421981e+00) (2, -1.02601383745496743671e+00) (3, -1.50649921564379107863e+00) (4, 1.23117123357370217285e+00) (5, 3.36831635266026829800e-01) (6, 1.07970676354027839139e+00) (7, 1.30082741962049941442e+00) (8, -2.16935009234995801464e+00) (9, 1.15629730791364804254e+00) (10, -2.91876455847594495907e+00) (11, 2.26951876884051495509e+00) (0, -3.18678174139995329384e+00) (1, 2.75945411914301885759e+00) (2, 2.37786191779965649928e+00) (3, 1.91520476292008345887e+00) (4, -1.65222169841602828377e+00) (5, -2.61849928954619948218e-01) (6, -9.80667817204360137140e-01) (7, -1.46425677812611287898e+00) (8, -1.12895012821009776971e-01) (9, -1.00201023629224716949e+00) (10, 2.52519858232366800621e+00) (11, -2.32592636982756584274e+00) (0, -3.18316801609534971718e+00) (1, 2.79180632078362478410e+00) (2, 2.21939773935670059402e+00) (3, 2.07964453051918907178e+00) (4, -1.55528018261269118661e+00) (5, -3.02371617713946883033e-01) (6, -9.02552271991137855522e-01) (7, -1.63276826566969579524e+00) (8, -2.08008588279536166255e-01) (9, -1.02443413695609986114e+00) (10, 2.56216661980974436119e+00) (11, -2.27626981477099388229e+00) (12, -2.74462299383372165806e+00) (13, 5.41457510085728177529e+00) (14, 5.48489162417080411416e+00) (15, -1.54932676638439681405e+00) 
