FANN_FLO_2.1
num_layers=3
learning_rate=0.700000
connection_rate=1.000000
network_type=0
learning_momentum=0.000000
training_algorithm=2
train_error_function=1
train_stop_function=1
cascade_output_change_fraction=0.010000
quickprop_decay=-0.000100
quickprop_mu=1.750000
rprop_increase_factor=1.200000
rprop_decrease_factor=0.500000
rprop_delta_min=0.000000
rprop_delta_max=50.000000
rprop_delta_zero=0.100000
cascade_output_stagnation_epochs=12
cascade_candidate_change_fraction=0.010000
cascade_candidate_stagnation_epochs=12
cascade_max_out_epochs=150
cascade_min_out_epochs=50
cascade_max_cand_epochs=150
cascade_min_cand_epochs=50
cascade_num_candidate_groups=2
bit_fail_limit=1.00000000000000005551e-01
cascade_candidate_limit=1.00000000000000000000e+03
cascade_weight_multiplier=4.00000000000000022204e-01
cascade_activation_functions_count=10
cascade_activation_functions=3 5 7 8 10 11 14 15 16 17 
cascade_activation_steepnesses_count=4
cascade_activation_steepnesses=2.50000000000000000000e-01 5.00000000000000000000e-01 7.50000000000000000000e-01 1.00000000000000000000e+00 
layer_sizes=7 4 2 
scale_included=0
neurons (num_inputs, activation_function, activation_steepness)=(0, 0, 0.00000000000000000000e+00) (0, 0, 0.00000000000000000000e+00) (0, 0, 0.00000000000000000000e+00) (0, 0, 0.00000000000000000000e+00) (0, 0, 0.00000000000000000000e+00) (0, 0, 0.00000000000000000000e+00) (0, 0, 0.00000000000000000000e+00) (7, 6, 5.00000000000000000000e-01) (7, 6, 5.00000000000000000000e-01) (7, 6, 5.00000000000000000000e-01) (0, 6, 0.00000000000000000000e+00) (4, 4, 5.00000000000000000000e-01) (0, 4, 0.00000000000000000000e+00) 
connections (connected_to_neuron, weight)=(0, -4.66716355794923098976e-01) (1, 1.56229917410891538943e-01) (2, 7.43360305789594200121e+00) (3, 1.26785987192698401671e-01) (4, 3.65563760089640588102e-01) (5, 5.29920336899525001861e-01) (6, -4.46959040278451236183e-01) (0, -1.67036251416364245337e+00) (1, 1.58194213330913835414e+00) (2, 1.75339481276771769203e+00) (3, -3.76873826389171329154e-01) (4, 4.76923827561837043731e-02) (5, 1.02623050881814315005e+00) (6, -1.76823437651553638794e+00) (0, -1.75344253024020724219e+00) (1, 1.48056621998555137942e+00) (2, 1.98225440005562147938e+00) (3, -5.73038680260039900993e-01) (4, 5.93111906680565681427e-02) (5, 4.39509015661379676132e-01) (6, -1.75248912414470248144e+00) (7, 5.04350095910352957951e-01) (8, 1.48493405541073606457e+01) (9, 7.30333377948125406220e+00) (10, -1.78559802165189274170e+00) 
