FANN_FLO_2.1
num_layers=3
learning_rate=0.700000
connection_rate=1.000000
network_type=0
learning_momentum=0.000000
training_algorithm=2
train_error_function=1
train_stop_function=1
cascade_output_change_fraction=0.010000
quickprop_decay=-0.000100
quickprop_mu=1.750000
rprop_increase_factor=1.200000
rprop_decrease_factor=0.500000
rprop_delta_min=0.000000
rprop_delta_max=50.000000
rprop_delta_zero=0.100000
cascade_output_stagnation_epochs=12
cascade_candidate_change_fraction=0.010000
cascade_candidate_stagnation_epochs=12
cascade_max_out_epochs=150
cascade_min_out_epochs=50
cascade_max_cand_epochs=150
cascade_min_cand_epochs=50
cascade_num_candidate_groups=2
bit_fail_limit=1.00000000000000005551e-01
cascade_candidate_limit=1.00000000000000000000e+03
cascade_weight_multiplier=4.00000000000000022204e-01
cascade_activation_functions_count=10
cascade_activation_functions=3 5 7 8 10 11 14 15 16 17 
cascade_activation_steepnesses_count=4
cascade_activation_steepnesses=2.50000000000000000000e-01 5.00000000000000000000e-01 7.50000000000000000000e-01 1.00000000000000000000e+00 
layer_sizes=14 4 2 
scale_included=0
neurons (num_inputs, activation_function, activation_steepness)=(0, 0, 0.00000000000000000000e+00) (0, 0, 0.00000000000000000000e+00) (0, 0, 0.00000000000000000000e+00) (0, 0, 0.00000000000000000000e+00) (0, 0, 0.00000000000000000000e+00) (0, 0, 0.00000000000000000000e+00) (0, 0, 0.00000000000000000000e+00) (0, 0, 0.00000000000000000000e+00) (0, 0, 0.00000000000000000000e+00) (0, 0, 0.00000000000000000000e+00) (0, 0, 0.00000000000000000000e+00) (0, 0, 0.00000000000000000000e+00) (0, 0, 0.00000000000000000000e+00) (0, 0, 0.00000000000000000000e+00) (14, 6, 5.00000000000000000000e-01) (14, 6, 5.00000000000000000000e-01) (14, 6, 5.00000000000000000000e-01) (0, 6, 0.00000000000000000000e+00) (4, 4, 5.00000000000000000000e-01) (0, 4, 0.00000000000000000000e+00) 
connections (connected_to_neuron, weight)=(0, -4.70966562042868464033e+00) (1, 1.05565034470722647342e+01) (2, 2.42563608735015723283e+00) (3, 1.35275926513552513519e+00) (4, -6.82490097087708469381e-01) (5, -1.14345735048275387591e-01) (6, -2.36501618822054449076e-01) (7, -2.30182466258815957016e-02) (8, -7.41435799254878014075e-01) (9, 1.05633635542557211551e+01) (10, -1.68631729831508828110e-02) (11, 1.04362069650754900607e+01) (12, -8.32676869978717926202e-02) (13, -1.09739919916417938417e+00) (0, -1.71749406733663168012e+00) (1, 1.85364194690735439863e+00) (2, 1.19697247249366878208e+00) (3, 4.61837474003114145660e-01) (4, -1.39301601424386863048e-02) (5, 8.32302154130730387216e-01) (6, 2.41276923779941421255e-01) (7, 8.47736829049381968026e-01) (8, -6.48630569440646065349e-02) (9, 1.82690708070547680464e+00) (10, 3.68085341549859945687e-01) (11, 1.86444374650271038618e+00) (12, 7.42377651410992434045e-01) (13, -9.08969789137416550595e-02) (0, -4.39075011054432540192e+00) (1, 4.48371315965807593074e+00) (2, 2.66614854373385679054e+00) (3, 8.41887725701211286911e-01) (4, -3.07769438376600978913e-01) (5, 1.27429877198682456330e-01) (6, -1.99937660975685327358e-03) (7, 2.99000911309994954479e-01) (8, -6.30241977641092687712e-01) (9, 4.35974475959694540705e+00) (10, 3.18494862208223289413e-02) (11, 4.40814373115456259455e+00) (12, 2.19574865675912528351e-01) (13, -2.38723733777003205292e-01) (14, 1.05022422543928595218e+01) (15, 2.46400701679637235131e+00) (16, 2.52565738983800169848e+00) (17, -1.69084917391243472196e+00) 
