FANN_FLO_2.1
num_layers=3
learning_rate=0.700000
connection_rate=1.000000
network_type=0
learning_momentum=0.000000
training_algorithm=2
train_error_function=1
train_stop_function=1
cascade_output_change_fraction=0.010000
quickprop_decay=-0.000100
quickprop_mu=1.750000
rprop_increase_factor=1.200000
rprop_decrease_factor=0.500000
rprop_delta_min=0.000000
rprop_delta_max=50.000000
rprop_delta_zero=0.100000
cascade_output_stagnation_epochs=12
cascade_candidate_change_fraction=0.010000
cascade_candidate_stagnation_epochs=12
cascade_max_out_epochs=150
cascade_min_out_epochs=50
cascade_max_cand_epochs=150
cascade_min_cand_epochs=50
cascade_num_candidate_groups=2
bit_fail_limit=1.00000000000000005551e-01
cascade_candidate_limit=1.00000000000000000000e+03
cascade_weight_multiplier=4.00000000000000022204e-01
cascade_activation_functions_count=10
cascade_activation_functions=3 5 7 8 10 11 14 15 16 17 
cascade_activation_steepnesses_count=4
cascade_activation_steepnesses=2.50000000000000000000e-01 5.00000000000000000000e-01 7.50000000000000000000e-01 1.00000000000000000000e+00 
layer_sizes=7 4 2 
scale_included=0
neurons (num_inputs, activation_function, activation_steepness)=(0, 0, 0.00000000000000000000e+00) (0, 0, 0.00000000000000000000e+00) (0, 0, 0.00000000000000000000e+00) (0, 0, 0.00000000000000000000e+00) (0, 0, 0.00000000000000000000e+00) (0, 0, 0.00000000000000000000e+00) (0, 0, 0.00000000000000000000e+00) (7, 6, 5.00000000000000000000e-01) (7, 6, 5.00000000000000000000e-01) (7, 6, 5.00000000000000000000e-01) (0, 6, 0.00000000000000000000e+00) (4, 4, 5.00000000000000000000e-01) (0, 4, 0.00000000000000000000e+00) 
connections (connected_to_neuron, weight)=(0, -1.70489251221746984655e+00) (1, 7.86049589320646835411e-01) (2, 5.56172596150870734988e+00) (3, 1.29051437966678228531e-01) (4, 5.96357265460375374211e-01) (5, 1.82293492322400263461e+00) (6, -1.34103025975358702837e+00) (0, 3.89602109646636174389e+00) (1, -3.75677874575418924152e+00) (2, -4.29253597144822141018e+00) (3, 2.42863072888793185555e+00) (4, 8.72718843855823989131e-01) (5, -1.45262586486300615540e+00) (6, 3.96938640481072591015e+00) (0, -1.60032559522571699029e-01) (1, 1.17274619152667058941e+00) (2, 5.97672474987909096988e-01) (3, 2.18925129450012967425e-01) (4, 1.54413840727902984540e-01) (5, 1.05439804235717615732e+00) (6, -9.67912491621533838115e-02) (7, 3.02524362222822063018e+00) (8, -7.98432225674839735063e+00) (9, 1.14779906711984969192e+00) (10, -2.01322486233495778762e+00) 
