FANN_FLO_2.1
num_layers=3
learning_rate=0.700000
connection_rate=1.000000
network_type=0
learning_momentum=0.000000
training_algorithm=2
train_error_function=1
train_stop_function=1
cascade_output_change_fraction=0.010000
quickprop_decay=-0.000100
quickprop_mu=1.750000
rprop_increase_factor=1.200000
rprop_decrease_factor=0.500000
rprop_delta_min=0.000000
rprop_delta_max=50.000000
rprop_delta_zero=0.100000
cascade_output_stagnation_epochs=12
cascade_candidate_change_fraction=0.010000
cascade_candidate_stagnation_epochs=12
cascade_max_out_epochs=150
cascade_min_out_epochs=50
cascade_max_cand_epochs=150
cascade_min_cand_epochs=50
cascade_num_candidate_groups=2
bit_fail_limit=1.00000000000000005551e-01
cascade_candidate_limit=1.00000000000000000000e+03
cascade_weight_multiplier=4.00000000000000022204e-01
cascade_activation_functions_count=10
cascade_activation_functions=3 5 7 8 10 11 14 15 16 17 
cascade_activation_steepnesses_count=4
cascade_activation_steepnesses=2.50000000000000000000e-01 5.00000000000000000000e-01 7.50000000000000000000e-01 1.00000000000000000000e+00 
layer_sizes=11 4 2 
scale_included=0
neurons (num_inputs, activation_function, activation_steepness)=(0, 0, 0.00000000000000000000e+00) (0, 0, 0.00000000000000000000e+00) (0, 0, 0.00000000000000000000e+00) (0, 0, 0.00000000000000000000e+00) (0, 0, 0.00000000000000000000e+00) (0, 0, 0.00000000000000000000e+00) (0, 0, 0.00000000000000000000e+00) (0, 0, 0.00000000000000000000e+00) (0, 0, 0.00000000000000000000e+00) (0, 0, 0.00000000000000000000e+00) (0, 0, 0.00000000000000000000e+00) (11, 6, 5.00000000000000000000e-01) (11, 6, 5.00000000000000000000e-01) (11, 6, 5.00000000000000000000e-01) (0, 6, 0.00000000000000000000e+00) (4, 4, 5.00000000000000000000e-01) (0, 4, 0.00000000000000000000e+00) 
connections (connected_to_neuron, weight)=(0, -4.98653326791783535477e-01) (1, 1.18630140969055286604e+00) (2, 1.35466967677517691193e+00) (3, 2.64546208928159720664e-01) (4, 5.97975233813845610809e-03) (5, 2.51513433727637281123e+00) (6, 4.35475151218228939687e-02) (7, 1.82201331782804953896e-01) (8, 9.53842744056091207394e-02) (9, 3.72875439519137097388e-01) (10, -1.86288111643026477182e+00) (0, -3.69773411236122395707e-01) (1, -1.83626487371480739963e-01) (2, 5.71377987190969882647e+00) (3, 1.05543420208860432297e+01) (4, 3.76504151593257729846e-01) (5, 1.61794726931932721925e+01) (6, 3.75233797799159829456e-01) (7, 7.79301233319653507969e-01) (8, 5.37864432530493541407e-01) (9, 1.96203425311376089546e+00) (10, -7.17829246847233148898e-01) (0, 1.04398248018624806299e+00) (1, -1.56772905753086000402e+00) (2, -1.38102366266664366989e+00) (3, -1.10720773248215012541e-01) (4, 5.27305090766851503048e-01) (5, -1.15505982727220435358e+00) (6, 3.79227632752948518036e-01) (7, 2.72690742064308822012e-01) (8, 3.43696000368901022348e-01) (9, -1.34046911814751007475e-01) (10, 1.37480150900130260183e+00) (11, 2.60356470534126094307e+00) (12, 1.46255444785194010926e+00) (13, -1.82271060755496598915e+01) (14, -2.26402405380551829950e+00) 
