FANN_FLO_2.1
num_layers=3
learning_rate=0.700000
connection_rate=1.000000
network_type=0
learning_momentum=0.000000
training_algorithm=2
train_error_function=1
train_stop_function=1
cascade_output_change_fraction=0.010000
quickprop_decay=-0.000100
quickprop_mu=1.750000
rprop_increase_factor=1.200000
rprop_decrease_factor=0.500000
rprop_delta_min=0.000000
rprop_delta_max=50.000000
rprop_delta_zero=0.100000
cascade_output_stagnation_epochs=12
cascade_candidate_change_fraction=0.010000
cascade_candidate_stagnation_epochs=12
cascade_max_out_epochs=150
cascade_min_out_epochs=50
cascade_max_cand_epochs=150
cascade_min_cand_epochs=50
cascade_num_candidate_groups=2
bit_fail_limit=1.00000000000000005551e-01
cascade_candidate_limit=1.00000000000000000000e+03
cascade_weight_multiplier=4.00000000000000022204e-01
cascade_activation_functions_count=10
cascade_activation_functions=3 5 7 8 10 11 14 15 16 17 
cascade_activation_steepnesses_count=4
cascade_activation_steepnesses=2.50000000000000000000e-01 5.00000000000000000000e-01 7.50000000000000000000e-01 1.00000000000000000000e+00 
layer_sizes=11 4 2 
scale_included=0
neurons (num_inputs, activation_function, activation_steepness)=(0, 0, 0.00000000000000000000e+00) (0, 0, 0.00000000000000000000e+00) (0, 0, 0.00000000000000000000e+00) (0, 0, 0.00000000000000000000e+00) (0, 0, 0.00000000000000000000e+00) (0, 0, 0.00000000000000000000e+00) (0, 0, 0.00000000000000000000e+00) (0, 0, 0.00000000000000000000e+00) (0, 0, 0.00000000000000000000e+00) (0, 0, 0.00000000000000000000e+00) (0, 0, 0.00000000000000000000e+00) (11, 6, 5.00000000000000000000e-01) (11, 6, 5.00000000000000000000e-01) (11, 6, 5.00000000000000000000e-01) (0, 6, 0.00000000000000000000e+00) (4, 4, 5.00000000000000000000e-01) (0, 4, 0.00000000000000000000e+00) 
connections (connected_to_neuron, weight)=(0, 1.60931363934978932662e+00) (1, -2.49353659727847931649e+00) (2, -3.05870473218497673784e+00) (3, 1.27888415693146084706e+00) (4, 3.53971032538620944408e-01) (5, 2.06036541639491233013e+00) (6, 3.55589985015216480946e+00) (7, -2.97778930121822149601e+00) (8, 3.42230061127073170724e+00) (9, -2.15324578967907243054e+00) (10, 1.94519296282192044600e+00) (0, -8.27676702156292104506e-02) (1, -4.97968627486058967868e-01) (2, -5.99710639263150824263e-01) (3, 2.76366416828039418441e-02) (4, 2.09458226401497166203e-01) (5, 1.53278662584360098053e-01) (6, 4.21091702856028482493e-01) (7, -5.48983767774828934627e-01) (8, 5.39276471287190806159e-01) (9, -6.90868818935114537005e-01) (10, 1.26751443257570012291e-01) (0, -8.25900018523910151025e-01) (1, -5.12336521810502348862e-02) (2, 1.42104082525991497477e+01) (3, -1.15853639695017773814e-01) (4, 3.27753478101889417218e+00) (5, 1.04046507375218172387e-01) (6, 1.06278194682575960472e-01) (7, 1.31023277293747018035e+01) (8, 7.41790131250981032984e-01) (9, 8.41691137472384109941e-01) (10, -2.46665665847699866475e+00) (11, -1.35488083233759741830e+01) (12, -6.37430514037982898223e-01) (13, 4.25707936090068272961e+00) (14, -1.65760507360002273813e+00) 
