FANN_FLO_2.1
num_layers=3
learning_rate=0.700000
connection_rate=1.000000
network_type=0
learning_momentum=0.000000
training_algorithm=2
train_error_function=1
train_stop_function=1
cascade_output_change_fraction=0.010000
quickprop_decay=-0.000100
quickprop_mu=1.750000
rprop_increase_factor=1.200000
rprop_decrease_factor=0.500000
rprop_delta_min=0.000000
rprop_delta_max=50.000000
rprop_delta_zero=0.100000
cascade_output_stagnation_epochs=12
cascade_candidate_change_fraction=0.010000
cascade_candidate_stagnation_epochs=12
cascade_max_out_epochs=150
cascade_min_out_epochs=50
cascade_max_cand_epochs=150
cascade_min_cand_epochs=50
cascade_num_candidate_groups=2
bit_fail_limit=1.00000000000000005551e-01
cascade_candidate_limit=1.00000000000000000000e+03
cascade_weight_multiplier=4.00000000000000022204e-01
cascade_activation_functions_count=10
cascade_activation_functions=3 5 7 8 10 11 14 15 16 17 
cascade_activation_steepnesses_count=4
cascade_activation_steepnesses=2.50000000000000000000e-01 5.00000000000000000000e-01 7.50000000000000000000e-01 1.00000000000000000000e+00 
layer_sizes=7 4 2 
scale_included=0
neurons (num_inputs, activation_function, activation_steepness)=(0, 0, 0.00000000000000000000e+00) (0, 0, 0.00000000000000000000e+00) (0, 0, 0.00000000000000000000e+00) (0, 0, 0.00000000000000000000e+00) (0, 0, 0.00000000000000000000e+00) (0, 0, 0.00000000000000000000e+00) (0, 0, 0.00000000000000000000e+00) (7, 6, 5.00000000000000000000e-01) (7, 6, 5.00000000000000000000e-01) (7, 6, 5.00000000000000000000e-01) (0, 6, 0.00000000000000000000e+00) (4, 4, 5.00000000000000000000e-01) (0, 4, 0.00000000000000000000e+00) 
connections (connected_to_neuron, weight)=(0, -1.12553431345855803336e+00) (1, -1.42984693188735167979e+00) (2, 1.37186217566884298691e+01) (3, 1.60097362797259501477e-01) (4, -1.03161043991620893223e+00) (5, 1.38483164070014319602e-01) (6, -2.04269822369821296704e+00) (0, -1.14302071276904770869e+00) (1, 1.26366568332715045742e+00) (2, 1.10384979852728593031e+00) (3, -2.21755528108975419332e-01) (4, 5.22740361791092927879e-02) (5, 2.00780559047532058958e-01) (6, -9.68791126202715346949e-01) (0, -2.56577387026882908216e+00) (1, 2.12612170452417448274e+00) (2, 2.77106490732071808480e+00) (3, -1.38209468122374334875e+00) (4, -3.80506784095972216964e-01) (5, 1.35508356974563914932e+00) (6, -2.05587934507138836437e+00) (7, 8.88805526918089228161e-01) (8, 1.42994081022171637407e+00) (9, 1.50182211308329733868e+01) (10, -2.50250500567210032443e+00) 
