FANN_FLO_2.1
num_layers=3
learning_rate=0.700000
connection_rate=1.000000
network_type=0
learning_momentum=0.000000
training_algorithm=2
train_error_function=1
train_stop_function=1
cascade_output_change_fraction=0.010000
quickprop_decay=-0.000100
quickprop_mu=1.750000
rprop_increase_factor=1.200000
rprop_decrease_factor=0.500000
rprop_delta_min=0.000000
rprop_delta_max=50.000000
rprop_delta_zero=0.100000
cascade_output_stagnation_epochs=12
cascade_candidate_change_fraction=0.010000
cascade_candidate_stagnation_epochs=12
cascade_max_out_epochs=150
cascade_min_out_epochs=50
cascade_max_cand_epochs=150
cascade_min_cand_epochs=50
cascade_num_candidate_groups=2
bit_fail_limit=1.00000000000000005551e-01
cascade_candidate_limit=1.00000000000000000000e+03
cascade_weight_multiplier=4.00000000000000022204e-01
cascade_activation_functions_count=10
cascade_activation_functions=3 5 7 8 10 11 14 15 16 17 
cascade_activation_steepnesses_count=4
cascade_activation_steepnesses=2.50000000000000000000e-01 5.00000000000000000000e-01 7.50000000000000000000e-01 1.00000000000000000000e+00 
layer_sizes=8 4 2 
scale_included=0
neurons (num_inputs, activation_function, activation_steepness)=(0, 0, 0.00000000000000000000e+00) (0, 0, 0.00000000000000000000e+00) (0, 0, 0.00000000000000000000e+00) (0, 0, 0.00000000000000000000e+00) (0, 0, 0.00000000000000000000e+00) (0, 0, 0.00000000000000000000e+00) (0, 0, 0.00000000000000000000e+00) (0, 0, 0.00000000000000000000e+00) (8, 6, 5.00000000000000000000e-01) (8, 6, 5.00000000000000000000e-01) (8, 6, 5.00000000000000000000e-01) (0, 6, 0.00000000000000000000e+00) (4, 4, 5.00000000000000000000e-01) (0, 4, 0.00000000000000000000e+00) 
connections (connected_to_neuron, weight)=(0, -4.66952542263418313162e-01) (1, 3.83916078480788403038e-01) (2, 4.19671185086036180323e-01) (3, 4.61348290600162080910e-01) (4, 2.00322066204689730462e-01) (5, 4.77049823098280867395e-01) (6, 2.28258992023601026133e+00) (7, -3.48035769957452889578e-01) (0, -1.89185954804218159353e+00) (1, 2.05599635442451944556e+00) (2, 1.44725818791077620595e+00) (3, 2.12007473318521499905e+00) (4, -3.56646232934012819005e-01) (5, -1.96579729117960205764e-01) (6, 1.42498146940840797470e+00) (7, -1.11999263457461895044e+00) (0, 2.87938918771057839052e+00) (1, -1.17994904393349875349e+00) (2, -5.95655262347649316901e-01) (3, -1.10507935462716666564e+00) (4, 1.05573530951720795379e+00) (5, 6.11409810110857043775e-01) (6, -4.19239940626391194289e-01) (7, 1.28305705632331590316e+00) (8, 8.39832319916901104406e-01) (9, 2.59939022092495122251e+01) (10, -6.77335996376974502908e+00) (11, -5.01156616394910270351e-01) 
