FANN_FLO_2.1
num_layers=3
learning_rate=0.700000
connection_rate=1.000000
network_type=0
learning_momentum=0.000000
training_algorithm=2
train_error_function=1
train_stop_function=1
cascade_output_change_fraction=0.010000
quickprop_decay=-0.000100
quickprop_mu=1.750000
rprop_increase_factor=1.200000
rprop_decrease_factor=0.500000
rprop_delta_min=0.000000
rprop_delta_max=50.000000
rprop_delta_zero=0.100000
cascade_output_stagnation_epochs=12
cascade_candidate_change_fraction=0.010000
cascade_candidate_stagnation_epochs=12
cascade_max_out_epochs=150
cascade_min_out_epochs=50
cascade_max_cand_epochs=150
cascade_min_cand_epochs=50
cascade_num_candidate_groups=2
bit_fail_limit=1.00000000000000005551e-01
cascade_candidate_limit=1.00000000000000000000e+03
cascade_weight_multiplier=4.00000000000000022204e-01
cascade_activation_functions_count=10
cascade_activation_functions=3 5 7 8 10 11 14 15 16 17 
cascade_activation_steepnesses_count=4
cascade_activation_steepnesses=2.50000000000000000000e-01 5.00000000000000000000e-01 7.50000000000000000000e-01 1.00000000000000000000e+00 
layer_sizes=14 4 2 
scale_included=0
neurons (num_inputs, activation_function, activation_steepness)=(0, 0, 0.00000000000000000000e+00) (0, 0, 0.00000000000000000000e+00) (0, 0, 0.00000000000000000000e+00) (0, 0, 0.00000000000000000000e+00) (0, 0, 0.00000000000000000000e+00) (0, 0, 0.00000000000000000000e+00) (0, 0, 0.00000000000000000000e+00) (0, 0, 0.00000000000000000000e+00) (0, 0, 0.00000000000000000000e+00) (0, 0, 0.00000000000000000000e+00) (0, 0, 0.00000000000000000000e+00) (0, 0, 0.00000000000000000000e+00) (0, 0, 0.00000000000000000000e+00) (0, 0, 0.00000000000000000000e+00) (14, 6, 5.00000000000000000000e-01) (14, 6, 5.00000000000000000000e-01) (14, 6, 5.00000000000000000000e-01) (0, 6, 0.00000000000000000000e+00) (4, 4, 5.00000000000000000000e-01) (0, 4, 0.00000000000000000000e+00) 
connections (connected_to_neuron, weight)=(0, -3.04353813015847074475e-01) (1, 3.33067411658134859831e-01) (2, 2.62158900763672098044e-01) (3, 3.98122541152469533454e-01) (4, 1.16919641207679503303e+00) (5, 9.95441667920474282383e-01) (6, 6.04713058177087092737e-01) (7, 7.61111564504642457152e-01) (8, 7.48161394633071463733e-02) (9, -9.75211175452469769542e-02) (10, -4.38581316283364441855e-01) (11, 1.89969616868696400402e-01) (12, -6.06831459811349005484e-01) (13, -9.05420574898055108282e-02) (0, -2.62539147499833624977e+00) (1, 2.10552609583642746927e+00) (2, 4.67154994239624005159e-02) (3, 1.01731179126275428359e+00) (4, 1.99621415250299860666e+00) (5, 1.73840277916225049992e+00) (6, 2.16864514108289796468e+00) (7, 3.11542572205334566959e+00) (8, -7.33015772473503801621e-01) (9, -6.70102734636952135361e-01) (10, -2.94483759362516428482e+00) (11, -4.29141534317618311700e-01) (12, -2.97497755024848009597e+00) (13, -1.53523153146365287647e+00) (0, -1.30936025763153640611e+00) (1, 9.59904287763252317411e-01) (2, -1.10400285795052968685e-01) (3, 4.65754827173743446433e-01) (4, 1.67228594067461577843e+00) (5, 9.18085021005993651144e-01) (6, 9.18865635683761339259e-01) (7, 1.42052865624662061350e+00) (8, -3.20432031966328634276e-01) (9, -1.33484707947848807441e-01) (10, -1.66452029768028242351e+00) (11, 5.22941742515799432023e-02) (12, -1.71168472293415052654e+00) (13, -3.08094995381891390007e-01) (14, 6.10450110983911331530e-01) (15, 2.27547666584851278060e+01) (16, 2.14960623084452695508e+00) (17, -1.46735189836859514223e+00) 
