FANN_FLO_2.1
num_layers=3
learning_rate=0.700000
connection_rate=1.000000
network_type=0
learning_momentum=0.000000
training_algorithm=2
train_error_function=1
train_stop_function=1
cascade_output_change_fraction=0.010000
quickprop_decay=-0.000100
quickprop_mu=1.750000
rprop_increase_factor=1.200000
rprop_decrease_factor=0.500000
rprop_delta_min=0.000000
rprop_delta_max=50.000000
rprop_delta_zero=0.100000
cascade_output_stagnation_epochs=12
cascade_candidate_change_fraction=0.010000
cascade_candidate_stagnation_epochs=12
cascade_max_out_epochs=150
cascade_min_out_epochs=50
cascade_max_cand_epochs=150
cascade_min_cand_epochs=50
cascade_num_candidate_groups=2
bit_fail_limit=1.00000000000000005551e-01
cascade_candidate_limit=1.00000000000000000000e+03
cascade_weight_multiplier=4.00000000000000022204e-01
cascade_activation_functions_count=10
cascade_activation_functions=3 5 7 8 10 11 14 15 16 17 
cascade_activation_steepnesses_count=4
cascade_activation_steepnesses=2.50000000000000000000e-01 5.00000000000000000000e-01 7.50000000000000000000e-01 1.00000000000000000000e+00 
layer_sizes=7 4 2 
scale_included=0
neurons (num_inputs, activation_function, activation_steepness)=(0, 0, 0.00000000000000000000e+00) (0, 0, 0.00000000000000000000e+00) (0, 0, 0.00000000000000000000e+00) (0, 0, 0.00000000000000000000e+00) (0, 0, 0.00000000000000000000e+00) (0, 0, 0.00000000000000000000e+00) (0, 0, 0.00000000000000000000e+00) (7, 6, 5.00000000000000000000e-01) (7, 6, 5.00000000000000000000e-01) (7, 6, 5.00000000000000000000e-01) (0, 6, 0.00000000000000000000e+00) (4, 4, 5.00000000000000000000e-01) (0, 4, 0.00000000000000000000e+00) 
connections (connected_to_neuron, weight)=(0, 4.43132293446057534680e+00) (1, -5.31020195851827203626e+00) (2, -4.48026727717062023260e+00) (3, 2.15975916325014694053e+00) (4, 2.07898122756642056430e+00) (5, 1.54325859721477542941e+00) (6, 4.58590169457939200726e+00) (0, -8.98186038029189393050e-01) (1, -2.36046374476707931933e+00) (2, 1.40470233609562100696e+01) (3, -9.01922871077464383127e-01) (4, -9.21363790238307167613e-01) (5, 3.79020082298726856962e-01) (6, -2.81133211050707432221e-01) (0, 4.80242555734696807690e+00) (1, -5.31398578057790338391e+00) (2, -4.11665499659532141408e+00) (3, 2.17140465914171798545e+00) (4, 2.13750649928015334922e+00) (5, 1.82300504968549104134e+00) (6, 4.44235573240071879297e+00) (7, -2.41718232699092494542e+00) (8, 3.21729233895777966268e+00) (9, -2.37891662188228236730e+00) (10, -1.55435556527723228726e+00) 
