FANN_FLO_2.1
num_layers=3
learning_rate=0.700000
connection_rate=1.000000
network_type=0
learning_momentum=0.000000
training_algorithm=2
train_error_function=1
train_stop_function=1
cascade_output_change_fraction=0.010000
quickprop_decay=-0.000100
quickprop_mu=1.750000
rprop_increase_factor=1.200000
rprop_decrease_factor=0.500000
rprop_delta_min=0.000000
rprop_delta_max=50.000000
rprop_delta_zero=0.100000
cascade_output_stagnation_epochs=12
cascade_candidate_change_fraction=0.010000
cascade_candidate_stagnation_epochs=12
cascade_max_out_epochs=150
cascade_min_out_epochs=50
cascade_max_cand_epochs=150
cascade_min_cand_epochs=50
cascade_num_candidate_groups=2
bit_fail_limit=1.00000000000000005551e-01
cascade_candidate_limit=1.00000000000000000000e+03
cascade_weight_multiplier=4.00000000000000022204e-01
cascade_activation_functions_count=10
cascade_activation_functions=3 5 7 8 10 11 14 15 16 17 
cascade_activation_steepnesses_count=4
cascade_activation_steepnesses=2.50000000000000000000e-01 5.00000000000000000000e-01 7.50000000000000000000e-01 1.00000000000000000000e+00 
layer_sizes=12 4 2 
scale_included=0
neurons (num_inputs, activation_function, activation_steepness)=(0, 0, 0.00000000000000000000e+00) (0, 0, 0.00000000000000000000e+00) (0, 0, 0.00000000000000000000e+00) (0, 0, 0.00000000000000000000e+00) (0, 0, 0.00000000000000000000e+00) (0, 0, 0.00000000000000000000e+00) (0, 0, 0.00000000000000000000e+00) (0, 0, 0.00000000000000000000e+00) (0, 0, 0.00000000000000000000e+00) (0, 0, 0.00000000000000000000e+00) (0, 0, 0.00000000000000000000e+00) (0, 0, 0.00000000000000000000e+00) (12, 6, 5.00000000000000000000e-01) (12, 6, 5.00000000000000000000e-01) (12, 6, 5.00000000000000000000e-01) (0, 6, 0.00000000000000000000e+00) (4, 4, 5.00000000000000000000e-01) (0, 4, 0.00000000000000000000e+00) 
connections (connected_to_neuron, weight)=(0, 3.04768429253541794921e+00) (1, 4.06939871642142048103e+00) (2, 3.70835392769694083270e+00) (3, 2.35915005477834105463e+00) (4, 2.15791053694968715249e+00) (5, 1.82276383848171752433e+00) (6, 3.80549858049901290613e+00) (7, -3.82000546820154562866e+00) (8, -1.04910740019885247420e+03) (9, -1.16285757611910571541e+03) (10, -1.28247298176290271954e+01) (11, -4.29592065198655870262e+00) (0, 5.38518762984808024852e-02) (1, -6.66569397568883892369e-01) (2, 7.33646347596826620130e-02) (3, -8.69966361514798003363e-01) (4, 2.31133520928416408280e-02) (5, -9.16621680253589393716e-02) (6, 2.93769794052326886635e-02) (7, -3.85626713893887540507e+00) (8, 3.14557384022108177390e+00) (9, -2.08098877834580386903e+00) (10, -1.90514597828721821138e+00) (11, 3.15617171522521833271e-01) (0, 3.56942447536592460944e-02) (1, -5.76190129886731239317e-01) (2, -1.21230668216512252333e-01) (3, -8.65293183735347359864e-01) (4, 3.32948560939926724300e-02) (5, -9.11984277810107962781e-02) (6, -4.57869996780673055303e-02) (7, 8.29895405632378957428e-01) (8, -1.10753276710582539977e+01) (9, 1.31874134767015593894e-01) (10, -9.72783329314176326008e-01) (11, 7.88068874796764351487e-01) (12, 1.13453455254753539094e+01) (13, -7.26603385676164936768e+00) (14, -1.25458901681252381621e+01) (15, -2.35747574682811711355e+00) 
