FANN_FLO_2.1
num_layers=3
learning_rate=0.700000
connection_rate=1.000000
network_type=0
learning_momentum=0.000000
training_algorithm=2
train_error_function=1
train_stop_function=1
cascade_output_change_fraction=0.010000
quickprop_decay=-0.000100
quickprop_mu=1.750000
rprop_increase_factor=1.200000
rprop_decrease_factor=0.500000
rprop_delta_min=0.000000
rprop_delta_max=50.000000
rprop_delta_zero=0.100000
cascade_output_stagnation_epochs=12
cascade_candidate_change_fraction=0.010000
cascade_candidate_stagnation_epochs=12
cascade_max_out_epochs=150
cascade_min_out_epochs=50
cascade_max_cand_epochs=150
cascade_min_cand_epochs=50
cascade_num_candidate_groups=2
bit_fail_limit=1.00000000000000005551e-01
cascade_candidate_limit=1.00000000000000000000e+03
cascade_weight_multiplier=4.00000000000000022204e-01
cascade_activation_functions_count=10
cascade_activation_functions=3 5 7 8 10 11 14 15 16 17 
cascade_activation_steepnesses_count=4
cascade_activation_steepnesses=2.50000000000000000000e-01 5.00000000000000000000e-01 7.50000000000000000000e-01 1.00000000000000000000e+00 
layer_sizes=8 4 2 
scale_included=0
neurons (num_inputs, activation_function, activation_steepness)=(0, 0, 0.00000000000000000000e+00) (0, 0, 0.00000000000000000000e+00) (0, 0, 0.00000000000000000000e+00) (0, 0, 0.00000000000000000000e+00) (0, 0, 0.00000000000000000000e+00) (0, 0, 0.00000000000000000000e+00) (0, 0, 0.00000000000000000000e+00) (0, 0, 0.00000000000000000000e+00) (8, 6, 5.00000000000000000000e-01) (8, 6, 5.00000000000000000000e-01) (8, 6, 5.00000000000000000000e-01) (0, 6, 0.00000000000000000000e+00) (4, 4, 5.00000000000000000000e-01) (0, 4, 0.00000000000000000000e+00) 
connections (connected_to_neuron, weight)=(0, 2.20529270958309631112e+00) (1, -2.01378643585325312060e+00) (2, -1.43349932781651445701e+00) (3, 4.26617333260898456970e-01) (4, 9.82595594292717144924e-01) (5, -1.62008693685175853005e+00) (6, 5.30370890728141045067e-03) (7, 2.19475448917751769784e+00) (0, -1.54291216265816766295e+00) (1, 1.63482489257019825146e+00) (2, 2.65970386648803547303e+00) (3, -6.46528189038295453273e-01) (4, -5.14757084221903582488e-01) (5, 1.62648339017194576428e+00) (6, -7.95038687780369901503e-01) (7, -1.71988165446210250487e+00) (0, 2.34686022600021004791e+00) (1, -1.25778075903874664299e+00) (2, -1.51609808109000154808e+00) (3, 9.43754419434186586635e-01) (4, 1.39433080220966854057e+00) (5, -8.91470330349089734590e-01) (6, 8.14239836392863569614e-01) (7, 2.43035094788159966583e+00) (8, -8.26485413475805863470e+00) (9, 1.10277647027274330327e+01) (10, -1.20997472834088792837e+00) (11, -1.32252574511837250881e+00) 
