FANN_FLO_2.1
num_layers=3
learning_rate=0.700000
connection_rate=1.000000
network_type=0
learning_momentum=0.000000
training_algorithm=2
train_error_function=1
train_stop_function=1
cascade_output_change_fraction=0.010000
quickprop_decay=-0.000100
quickprop_mu=1.750000
rprop_increase_factor=1.200000
rprop_decrease_factor=0.500000
rprop_delta_min=0.000000
rprop_delta_max=50.000000
rprop_delta_zero=0.100000
cascade_output_stagnation_epochs=12
cascade_candidate_change_fraction=0.010000
cascade_candidate_stagnation_epochs=12
cascade_max_out_epochs=150
cascade_min_out_epochs=50
cascade_max_cand_epochs=150
cascade_min_cand_epochs=50
cascade_num_candidate_groups=2
bit_fail_limit=1.00000000000000005551e-01
cascade_candidate_limit=1.00000000000000000000e+03
cascade_weight_multiplier=4.00000000000000022204e-01
cascade_activation_functions_count=10
cascade_activation_functions=3 5 7 8 10 11 14 15 16 17 
cascade_activation_steepnesses_count=4
cascade_activation_steepnesses=2.50000000000000000000e-01 5.00000000000000000000e-01 7.50000000000000000000e-01 1.00000000000000000000e+00 
layer_sizes=9 4 2 
scale_included=0
neurons (num_inputs, activation_function, activation_steepness)=(0, 0, 0.00000000000000000000e+00) (0, 0, 0.00000000000000000000e+00) (0, 0, 0.00000000000000000000e+00) (0, 0, 0.00000000000000000000e+00) (0, 0, 0.00000000000000000000e+00) (0, 0, 0.00000000000000000000e+00) (0, 0, 0.00000000000000000000e+00) (0, 0, 0.00000000000000000000e+00) (0, 0, 0.00000000000000000000e+00) (9, 6, 5.00000000000000000000e-01) (9, 6, 5.00000000000000000000e-01) (9, 6, 5.00000000000000000000e-01) (0, 6, 0.00000000000000000000e+00) (4, 4, 5.00000000000000000000e-01) (0, 4, 0.00000000000000000000e+00) 
connections (connected_to_neuron, weight)=(0, -1.49133467250398754622e+00) (1, 3.24510297579782891475e-01) (2, 4.43320843397446928691e+00) (3, -3.28417608222276169450e-02) (4, 5.61631419453773816919e-01) (5, 3.09622297780736063788e-02) (6, 3.76388771031176072590e-01) (7, 4.88896907065067554132e-01) (8, -3.24624097724619531391e-01) (0, 3.81051048010369619590e+00) (1, -1.66413299539121339876e+00) (2, -1.40075274662683901816e+00) (3, 1.75161034388777031578e-01) (4, -1.90091380737749338081e+00) (5, 7.36619652060538587790e-01) (6, -2.32965969315434034970e-01) (7, -1.90020433329073190620e+00) (8, 2.12497182704780396278e+00) (0, 4.47931399591344714395e+00) (1, -1.74371269890102098543e+00) (2, -1.45876043614695016792e+00) (3, 8.48610550589039225322e-01) (4, -2.25241355544773824704e+00) (5, 8.87999744968901216779e-01) (6, 3.88326366828246838381e-01) (7, -2.22318496501890905392e+00) (8, 1.55608514669326969404e+00) (9, 1.08411051327027396773e+00) (10, -3.88537283825981134555e+01) (11, -1.02210256468748941217e+01) (12, -7.87904557878316036401e-01) 
