FANN_FLO_2.1
num_layers=3
learning_rate=0.700000
connection_rate=1.000000
network_type=0
learning_momentum=0.000000
training_algorithm=2
train_error_function=1
train_stop_function=1
cascade_output_change_fraction=0.010000
quickprop_decay=-0.000100
quickprop_mu=1.750000
rprop_increase_factor=1.200000
rprop_decrease_factor=0.500000
rprop_delta_min=0.000000
rprop_delta_max=50.000000
rprop_delta_zero=0.100000
cascade_output_stagnation_epochs=12
cascade_candidate_change_fraction=0.010000
cascade_candidate_stagnation_epochs=12
cascade_max_out_epochs=150
cascade_min_out_epochs=50
cascade_max_cand_epochs=150
cascade_min_cand_epochs=50
cascade_num_candidate_groups=2
bit_fail_limit=1.00000000000000005551e-01
cascade_candidate_limit=1.00000000000000000000e+03
cascade_weight_multiplier=4.00000000000000022204e-01
cascade_activation_functions_count=10
cascade_activation_functions=3 5 7 8 10 11 14 15 16 17 
cascade_activation_steepnesses_count=4
cascade_activation_steepnesses=2.50000000000000000000e-01 5.00000000000000000000e-01 7.50000000000000000000e-01 1.00000000000000000000e+00 
layer_sizes=8 4 2 
scale_included=0
neurons (num_inputs, activation_function, activation_steepness)=(0, 0, 0.00000000000000000000e+00) (0, 0, 0.00000000000000000000e+00) (0, 0, 0.00000000000000000000e+00) (0, 0, 0.00000000000000000000e+00) (0, 0, 0.00000000000000000000e+00) (0, 0, 0.00000000000000000000e+00) (0, 0, 0.00000000000000000000e+00) (0, 0, 0.00000000000000000000e+00) (8, 6, 5.00000000000000000000e-01) (8, 6, 5.00000000000000000000e-01) (8, 6, 5.00000000000000000000e-01) (0, 6, 0.00000000000000000000e+00) (4, 4, 5.00000000000000000000e-01) (0, 4, 0.00000000000000000000e+00) 
connections (connected_to_neuron, weight)=(0, 3.45761762741953493361e+00) (1, -3.44205343819231535107e+00) (2, -3.98867189653584341968e+00) (3, 1.44142246359135928202e+00) (4, -1.21601621309482488265e-01) (5, 1.48771246620524677517e+00) (6, 2.16465203949951190410e+00) (7, 3.47197459820658327345e+00) (0, -3.00369165475174426660e+00) (1, 2.25410093053180871081e+00) (2, 2.56071679213928771190e+00) (3, 8.05120409676141401967e-01) (4, -2.93864301336152156097e-01) (5, -5.77142855138469190734e-01) (6, -5.13475856478522008075e-01) (7, -2.28284925045400033383e+00) (0, -1.03995466118694901425e+00) (1, 1.26809025606940561914e+00) (2, 1.07627508668560833982e+00) (3, -1.93243087955075332207e-01) (4, -1.38394917539986311850e-01) (5, -2.25052349075579860571e-01) (6, -3.55724082918649264773e-01) (7, -7.24678759449801312975e-01) (8, -3.58281039697721226389e+00) (9, 9.04576316027380222806e+00) (10, 2.26490216578246394974e+00) (11, -1.36334906154027968306e+00) 
