FANN_FLO_2.1
num_layers=3
learning_rate=0.700000
connection_rate=1.000000
network_type=0
learning_momentum=0.000000
training_algorithm=2
train_error_function=1
train_stop_function=1
cascade_output_change_fraction=0.010000
quickprop_decay=-0.000100
quickprop_mu=1.750000
rprop_increase_factor=1.200000
rprop_decrease_factor=0.500000
rprop_delta_min=0.000000
rprop_delta_max=50.000000
rprop_delta_zero=0.100000
cascade_output_stagnation_epochs=12
cascade_candidate_change_fraction=0.010000
cascade_candidate_stagnation_epochs=12
cascade_max_out_epochs=150
cascade_min_out_epochs=50
cascade_max_cand_epochs=150
cascade_min_cand_epochs=50
cascade_num_candidate_groups=2
bit_fail_limit=1.00000000000000005551e-01
cascade_candidate_limit=1.00000000000000000000e+03
cascade_weight_multiplier=4.00000000000000022204e-01
cascade_activation_functions_count=10
cascade_activation_functions=3 5 7 8 10 11 14 15 16 17 
cascade_activation_steepnesses_count=4
cascade_activation_steepnesses=2.50000000000000000000e-01 5.00000000000000000000e-01 7.50000000000000000000e-01 1.00000000000000000000e+00 
layer_sizes=9 4 2 
scale_included=0
neurons (num_inputs, activation_function, activation_steepness)=(0, 0, 0.00000000000000000000e+00) (0, 0, 0.00000000000000000000e+00) (0, 0, 0.00000000000000000000e+00) (0, 0, 0.00000000000000000000e+00) (0, 0, 0.00000000000000000000e+00) (0, 0, 0.00000000000000000000e+00) (0, 0, 0.00000000000000000000e+00) (0, 0, 0.00000000000000000000e+00) (0, 0, 0.00000000000000000000e+00) (9, 6, 5.00000000000000000000e-01) (9, 6, 5.00000000000000000000e-01) (9, 6, 5.00000000000000000000e-01) (0, 6, 0.00000000000000000000e+00) (4, 4, 5.00000000000000000000e-01) (0, 4, 0.00000000000000000000e+00) 
connections (connected_to_neuron, weight)=(0, 4.95189711550829414488e-01) (1, -4.63405166910904109390e-01) (2, -1.36434726144996720798e+00) (3, -1.57719613244216638748e+00) (4, -2.74758197851743546369e-01) (5, 4.53853340203851096657e-02) (6, -1.78336640988820294140e-01) (7, 3.69506680772628659515e-01) (8, 5.45708395640013166350e-01) (0, -1.06328614075563070429e+01) (1, 3.92849904713061715000e+00) (2, 2.47556537730128445318e+00) (3, 2.17623835777732832497e+00) (4, 5.96712777177443864929e-01) (5, -2.96387654021845581287e-01) (6, 6.18944046805253389465e-01) (7, -1.91048478900785223544e+00) (8, -3.04207317053056414125e+00) (0, 8.78979305008817102252e-02) (1, 4.12395664466380817981e-01) (2, 1.24976610681144562065e+00) (3, 2.96418515426673578883e-01) (4, 1.02989295233937983021e+00) (5, 7.57976994291873706899e-01) (6, 8.51209097585856278023e-01) (7, 8.97598336184596973242e-02) (8, 6.08711815732550301505e-02) (9, -1.40888553952050377127e+00) (10, 7.26605854621799984727e+00) (11, 8.12879276815029139236e-01) (12, -1.89635251283044592441e+00) 
