FANN_FLO_2.1
num_layers=3
learning_rate=0.700000
connection_rate=1.000000
network_type=0
learning_momentum=0.000000
training_algorithm=2
train_error_function=1
train_stop_function=1
cascade_output_change_fraction=0.010000
quickprop_decay=-0.000100
quickprop_mu=1.750000
rprop_increase_factor=1.200000
rprop_decrease_factor=0.500000
rprop_delta_min=0.000000
rprop_delta_max=50.000000
rprop_delta_zero=0.100000
cascade_output_stagnation_epochs=12
cascade_candidate_change_fraction=0.010000
cascade_candidate_stagnation_epochs=12
cascade_max_out_epochs=150
cascade_min_out_epochs=50
cascade_max_cand_epochs=150
cascade_min_cand_epochs=50
cascade_num_candidate_groups=2
bit_fail_limit=1.00000000000000005551e-01
cascade_candidate_limit=1.00000000000000000000e+03
cascade_weight_multiplier=4.00000000000000022204e-01
cascade_activation_functions_count=10
cascade_activation_functions=3 5 7 8 10 11 14 15 16 17 
cascade_activation_steepnesses_count=4
cascade_activation_steepnesses=2.50000000000000000000e-01 5.00000000000000000000e-01 7.50000000000000000000e-01 1.00000000000000000000e+00 
layer_sizes=10 4 2 
scale_included=0
neurons (num_inputs, activation_function, activation_steepness)=(0, 0, 0.00000000000000000000e+00) (0, 0, 0.00000000000000000000e+00) (0, 0, 0.00000000000000000000e+00) (0, 0, 0.00000000000000000000e+00) (0, 0, 0.00000000000000000000e+00) (0, 0, 0.00000000000000000000e+00) (0, 0, 0.00000000000000000000e+00) (0, 0, 0.00000000000000000000e+00) (0, 0, 0.00000000000000000000e+00) (0, 0, 0.00000000000000000000e+00) (10, 6, 5.00000000000000000000e-01) (10, 6, 5.00000000000000000000e-01) (10, 6, 5.00000000000000000000e-01) (0, 6, 0.00000000000000000000e+00) (4, 4, 5.00000000000000000000e-01) (0, 4, 0.00000000000000000000e+00) 
connections (connected_to_neuron, weight)=(0, -4.72679172118372348255e-02) (1, 5.14001937098284344962e-01) (2, 4.09135241605098975981e+00) (3, 7.44114486384269024910e-01) (4, 3.02166256393484600196e-01) (5, -7.25064013560480502552e-02) (6, 1.26794038815808596254e+00) (7, -2.01741444008244702468e-01) (8, -6.42231302253044172845e-03) (9, -2.83278481763781120328e-01) (0, -2.27945432470443107992e-03) (1, 7.81331530251948680466e-01) (2, 1.52228814243699783759e+00) (3, 4.99215020537869924588e-01) (4, 1.23736930835719904920e+00) (5, 3.25067526355666686078e-02) (6, 5.98217619055884219925e-01) (7, 5.94960397959528181078e-02) (8, 5.64961627600652892961e-03) (9, -1.20007205165369584821e-01) (0, -6.72541349557094547684e-01) (1, 3.34409466050378023638e+00) (2, 2.66951064016723726979e+00) (3, 2.63721903305674465479e-01) (4, 2.78523662578488262476e-01) (5, -1.91920313720448354466e+00) (6, 1.49099791221746214021e+00) (7, -2.32992520576480455219e+00) (8, 3.02901576807921735224e-01) (9, -3.03855357274001525170e+00) (10, 3.37022579905157493307e-01) (11, 6.55742101351054818004e-01) (12, 1.80790880101734892094e+01) (13, -2.53799790689892956763e+00) 
