FANN_FLO_2.1
num_layers=3
learning_rate=0.700000
connection_rate=1.000000
network_type=0
learning_momentum=0.000000
training_algorithm=2
train_error_function=1
train_stop_function=1
cascade_output_change_fraction=0.010000
quickprop_decay=-0.000100
quickprop_mu=1.750000
rprop_increase_factor=1.200000
rprop_decrease_factor=0.500000
rprop_delta_min=0.000000
rprop_delta_max=50.000000
rprop_delta_zero=0.100000
cascade_output_stagnation_epochs=12
cascade_candidate_change_fraction=0.010000
cascade_candidate_stagnation_epochs=12
cascade_max_out_epochs=150
cascade_min_out_epochs=50
cascade_max_cand_epochs=150
cascade_min_cand_epochs=50
cascade_num_candidate_groups=2
bit_fail_limit=1.00000000000000005551e-01
cascade_candidate_limit=1.00000000000000000000e+03
cascade_weight_multiplier=4.00000000000000022204e-01
cascade_activation_functions_count=10
cascade_activation_functions=3 5 7 8 10 11 14 15 16 17 
cascade_activation_steepnesses_count=4
cascade_activation_steepnesses=2.50000000000000000000e-01 5.00000000000000000000e-01 7.50000000000000000000e-01 1.00000000000000000000e+00 
layer_sizes=7 4 2 
scale_included=0
neurons (num_inputs, activation_function, activation_steepness)=(0, 0, 0.00000000000000000000e+00) (0, 0, 0.00000000000000000000e+00) (0, 0, 0.00000000000000000000e+00) (0, 0, 0.00000000000000000000e+00) (0, 0, 0.00000000000000000000e+00) (0, 0, 0.00000000000000000000e+00) (0, 0, 0.00000000000000000000e+00) (7, 6, 5.00000000000000000000e-01) (7, 6, 5.00000000000000000000e-01) (7, 6, 5.00000000000000000000e-01) (0, 6, 0.00000000000000000000e+00) (4, 4, 5.00000000000000000000e-01) (0, 4, 0.00000000000000000000e+00) 
connections (connected_to_neuron, weight)=(0, 1.14656404994892202609e+00) (1, -1.36535952045844899416e+00) (2, 3.77597304035314149107e-02) (3, -5.76741389936329285071e-01) (4, -5.79332318258043321713e-01) (5, -1.62122162498503286088e+00) (6, 4.05972473168811243127e-01) (0, 1.26669903711609665997e+00) (1, -6.90862216347574720210e-01) (2, -3.61001473360281932568e-01) (3, -4.69592628348554419482e-01) (4, -1.26146694782658963518e+00) (5, -6.30485191186552329512e-01) (6, 8.24998065085408849306e-01) (0, -1.89441256819083719831e-01) (1, 1.69083390296290714261e-01) (2, 6.64661758589331075342e-02) (3, 7.45310851103271110318e-01) (4, 1.74314042597977696403e+01) (5, 2.28914987207244013945e-01) (6, -1.34297162886240356583e-01) (7, -5.96537663871333911914e+00) (8, -2.47801519346896625962e+01) (9, 5.64292544968937104244e-01) (10, -3.39229091135825422398e+00) 
