FANN_FLO_2.1
num_layers=3
learning_rate=0.700000
connection_rate=1.000000
network_type=0
learning_momentum=0.000000
training_algorithm=2
train_error_function=1
train_stop_function=1
cascade_output_change_fraction=0.010000
quickprop_decay=-0.000100
quickprop_mu=1.750000
rprop_increase_factor=1.200000
rprop_decrease_factor=0.500000
rprop_delta_min=0.000000
rprop_delta_max=50.000000
rprop_delta_zero=0.100000
cascade_output_stagnation_epochs=12
cascade_candidate_change_fraction=0.010000
cascade_candidate_stagnation_epochs=12
cascade_max_out_epochs=150
cascade_min_out_epochs=50
cascade_max_cand_epochs=150
cascade_min_cand_epochs=50
cascade_num_candidate_groups=2
bit_fail_limit=1.00000000000000005551e-01
cascade_candidate_limit=1.00000000000000000000e+03
cascade_weight_multiplier=4.00000000000000022204e-01
cascade_activation_functions_count=10
cascade_activation_functions=3 5 7 8 10 11 14 15 16 17 
cascade_activation_steepnesses_count=4
cascade_activation_steepnesses=2.50000000000000000000e-01 5.00000000000000000000e-01 7.50000000000000000000e-01 1.00000000000000000000e+00 
layer_sizes=9 4 2 
scale_included=0
neurons (num_inputs, activation_function, activation_steepness)=(0, 0, 0.00000000000000000000e+00) (0, 0, 0.00000000000000000000e+00) (0, 0, 0.00000000000000000000e+00) (0, 0, 0.00000000000000000000e+00) (0, 0, 0.00000000000000000000e+00) (0, 0, 0.00000000000000000000e+00) (0, 0, 0.00000000000000000000e+00) (0, 0, 0.00000000000000000000e+00) (0, 0, 0.00000000000000000000e+00) (9, 6, 5.00000000000000000000e-01) (9, 6, 5.00000000000000000000e-01) (9, 6, 5.00000000000000000000e-01) (0, 6, 0.00000000000000000000e+00) (4, 4, 5.00000000000000000000e-01) (0, 4, 0.00000000000000000000e+00) 
connections (connected_to_neuron, weight)=(0, -7.41282742536834710068e-02) (1, -2.32397310403526091704e+00) (2, 4.83587889285917871263e+00) (3, 3.55960880822146492619e+01) (4, 1.38018341514405795678e+00) (5, 8.54095003548969278206e-01) (6, 1.59158180668663801205e-01) (7, 2.36445743088411541866e-01) (8, -5.13013871910786567465e-02) (0, 4.72975084986800098363e+00) (1, -6.82165631110652892488e+00) (2, -3.57326819852259580657e+00) (3, -8.83431038635682419624e+00) (4, -1.73707825530727322239e+00) (5, 2.13408700361494307884e+00) (6, 8.47773162858806017539e+00) (7, 9.24124048653321672475e+00) (8, 6.43478552066055531355e+00) (0, -3.21416556001110453877e+00) (1, 2.91055223825551845351e+00) (2, 2.24463520663947324607e+00) (3, 4.17382214021772846024e+00) (4, 3.33015818348254999393e+00) (5, 5.10153744554507060371e+00) (6, -3.71623807600244895899e-02) (7, -9.11629083362995445983e-02) (8, -4.54102633887914386435e+00) (9, 1.27227020271827617748e+00) (10, -2.86594142071373170211e+00) (11, 3.52068860587647947114e+01) (12, -1.35593677503601539591e+00) 
