FANN_FLO_2.1
num_layers=3
learning_rate=0.700000
connection_rate=1.000000
network_type=0
learning_momentum=0.000000
training_algorithm=2
train_error_function=1
train_stop_function=1
cascade_output_change_fraction=0.010000
quickprop_decay=-0.000100
quickprop_mu=1.750000
rprop_increase_factor=1.200000
rprop_decrease_factor=0.500000
rprop_delta_min=0.000000
rprop_delta_max=50.000000
rprop_delta_zero=0.100000
cascade_output_stagnation_epochs=12
cascade_candidate_change_fraction=0.010000
cascade_candidate_stagnation_epochs=12
cascade_max_out_epochs=150
cascade_min_out_epochs=50
cascade_max_cand_epochs=150
cascade_min_cand_epochs=50
cascade_num_candidate_groups=2
bit_fail_limit=1.00000000000000005551e-01
cascade_candidate_limit=1.00000000000000000000e+03
cascade_weight_multiplier=4.00000000000000022204e-01
cascade_activation_functions_count=10
cascade_activation_functions=3 5 7 8 10 11 14 15 16 17 
cascade_activation_steepnesses_count=4
cascade_activation_steepnesses=2.50000000000000000000e-01 5.00000000000000000000e-01 7.50000000000000000000e-01 1.00000000000000000000e+00 
layer_sizes=7 4 2 
scale_included=0
neurons (num_inputs, activation_function, activation_steepness)=(0, 0, 0.00000000000000000000e+00) (0, 0, 0.00000000000000000000e+00) (0, 0, 0.00000000000000000000e+00) (0, 0, 0.00000000000000000000e+00) (0, 0, 0.00000000000000000000e+00) (0, 0, 0.00000000000000000000e+00) (0, 0, 0.00000000000000000000e+00) (7, 6, 5.00000000000000000000e-01) (7, 6, 5.00000000000000000000e-01) (7, 6, 5.00000000000000000000e-01) (0, 6, 0.00000000000000000000e+00) (4, 4, 5.00000000000000000000e-01) (0, 4, 0.00000000000000000000e+00) 
connections (connected_to_neuron, weight)=(0, 5.23276468113909376534e-01) (1, 3.19920223209287968302e+00) (2, -1.26944631291149051533e-01) (3, 1.09070728115788484480e+00) (4, 3.97390372687794179996e+00) (5, 6.83759405924245333708e-01) (6, -1.56773351995740412024e-01) (0, -9.59873742362955417740e-01) (1, -1.06253688367078780175e+00) (2, 7.16889544266004707929e-01) (3, -7.37541611454793799574e-01) (4, -1.04432391024541004754e+00) (5, -6.35759173916951692007e-01) (6, 6.33406040664100999926e-01) (0, -1.37448111453249288694e+00) (1, -2.19826178786632908668e+00) (2, 1.66690150210915222218e+00) (3, -1.05149446703011140158e+00) (4, -1.08921534086178839473e+00) (5, -1.05513992162882530579e+00) (6, 1.61882316209027776743e+00) (7, 1.11224768591471900869e+00) (8, -4.19816134517829731010e+00) (9, -6.93934735708789389719e+01) (10, -2.38479170815872709710e+00) 
