FANN_FLO_2.1
num_layers=3
learning_rate=0.700000
connection_rate=1.000000
network_type=0
learning_momentum=0.000000
training_algorithm=2
train_error_function=1
train_stop_function=1
cascade_output_change_fraction=0.010000
quickprop_decay=-0.000100
quickprop_mu=1.750000
rprop_increase_factor=1.200000
rprop_decrease_factor=0.500000
rprop_delta_min=0.000000
rprop_delta_max=50.000000
rprop_delta_zero=0.100000
cascade_output_stagnation_epochs=12
cascade_candidate_change_fraction=0.010000
cascade_candidate_stagnation_epochs=12
cascade_max_out_epochs=150
cascade_min_out_epochs=50
cascade_max_cand_epochs=150
cascade_min_cand_epochs=50
cascade_num_candidate_groups=2
bit_fail_limit=1.00000000000000005551e-01
cascade_candidate_limit=1.00000000000000000000e+03
cascade_weight_multiplier=4.00000000000000022204e-01
cascade_activation_functions_count=10
cascade_activation_functions=3 5 7 8 10 11 14 15 16 17 
cascade_activation_steepnesses_count=4
cascade_activation_steepnesses=2.50000000000000000000e-01 5.00000000000000000000e-01 7.50000000000000000000e-01 1.00000000000000000000e+00 
layer_sizes=15 4 2 
scale_included=0
neurons (num_inputs, activation_function, activation_steepness)=(0, 0, 0.00000000000000000000e+00) (0, 0, 0.00000000000000000000e+00) (0, 0, 0.00000000000000000000e+00) (0, 0, 0.00000000000000000000e+00) (0, 0, 0.00000000000000000000e+00) (0, 0, 0.00000000000000000000e+00) (0, 0, 0.00000000000000000000e+00) (0, 0, 0.00000000000000000000e+00) (0, 0, 0.00000000000000000000e+00) (0, 0, 0.00000000000000000000e+00) (0, 0, 0.00000000000000000000e+00) (0, 0, 0.00000000000000000000e+00) (0, 0, 0.00000000000000000000e+00) (0, 0, 0.00000000000000000000e+00) (0, 0, 0.00000000000000000000e+00) (15, 6, 5.00000000000000000000e-01) (15, 6, 5.00000000000000000000e-01) (15, 6, 5.00000000000000000000e-01) (0, 6, 0.00000000000000000000e+00) (4, 4, 5.00000000000000000000e-01) (0, 4, 0.00000000000000000000e+00) 
connections (connected_to_neuron, weight)=(0, -1.33119791921061270124e+00) (1, 1.79246741962148581351e+00) (2, 8.93915922642301907786e-01) (3, 2.02750221353470383434e+00) (4, -1.22034876227638888757e+00) (5, 1.61976052865624131627e+00) (6, 1.83508247973029003930e+00) (7, -1.37984374467283732457e+00) (8, 1.76385598746658600611e+00) (9, 1.59460363144538752600e+00) (10, 1.20296612549903181311e+00) (11, 1.06389890437917933319e+00) (12, 2.16496797372084381905e+00) (13, 9.63374559043229217181e-01) (14, -2.42657446920921193723e+00) (0, -1.40859567176383726483e+00) (1, 1.83153202813579474295e+00) (2, 8.12460200191091885813e-01) (3, 2.02300359767376480846e+00) (4, -1.22670459181330371301e+00) (5, 1.60054423704981507726e+00) (6, 1.92024264575545156042e+00) (7, -1.23208182606846383678e+00) (8, 1.79740292695881165308e+00) (9, 1.59831722433231226965e+00) (10, 1.03979259152295377966e+00) (11, 1.15720604186849795880e+00) (12, 1.66227470618099260058e+00) (13, 9.41556219218553036576e-01) (14, -2.41651869624902593259e+00) (0, -1.31411332066935293561e+00) (1, 1.89902243447019491995e+00) (2, 8.86654706001829495676e-01) (3, 2.01675748538672028332e+00) (4, -1.31360202623151689494e+00) (5, 1.67074579790472688146e+00) (6, 1.74199964196984158349e+00) (7, -1.24314356897026589976e+00) (8, 1.95063319174171723169e+00) (9, 1.42487735653779856726e+00) (10, 1.18225976992728498693e+00) (11, 1.21196913545923434796e+00) (12, 2.04437900800686600533e+00) (13, 1.02117627507287322963e+00) (14, -2.46102061182309972409e+00) (15, 1.51253912028791006605e+01) (16, 1.51615285900355871718e+01) (17, 1.49306036595800115663e+01) (18, -2.49807547837545262936e+00) 
