FANN_FLO_2.1
num_layers=3
learning_rate=0.700000
connection_rate=1.000000
network_type=0
learning_momentum=0.000000
training_algorithm=2
train_error_function=1
train_stop_function=1
cascade_output_change_fraction=0.010000
quickprop_decay=-0.000100
quickprop_mu=1.750000
rprop_increase_factor=1.200000
rprop_decrease_factor=0.500000
rprop_delta_min=0.000000
rprop_delta_max=50.000000
rprop_delta_zero=0.100000
cascade_output_stagnation_epochs=12
cascade_candidate_change_fraction=0.010000
cascade_candidate_stagnation_epochs=12
cascade_max_out_epochs=150
cascade_min_out_epochs=50
cascade_max_cand_epochs=150
cascade_min_cand_epochs=50
cascade_num_candidate_groups=2
bit_fail_limit=1.00000000000000005551e-01
cascade_candidate_limit=1.00000000000000000000e+03
cascade_weight_multiplier=4.00000000000000022204e-01
cascade_activation_functions_count=10
cascade_activation_functions=3 5 7 8 10 11 14 15 16 17 
cascade_activation_steepnesses_count=4
cascade_activation_steepnesses=2.50000000000000000000e-01 5.00000000000000000000e-01 7.50000000000000000000e-01 1.00000000000000000000e+00 
layer_sizes=10 4 2 
scale_included=0
neurons (num_inputs, activation_function, activation_steepness)=(0, 0, 0.00000000000000000000e+00) (0, 0, 0.00000000000000000000e+00) (0, 0, 0.00000000000000000000e+00) (0, 0, 0.00000000000000000000e+00) (0, 0, 0.00000000000000000000e+00) (0, 0, 0.00000000000000000000e+00) (0, 0, 0.00000000000000000000e+00) (0, 0, 0.00000000000000000000e+00) (0, 0, 0.00000000000000000000e+00) (0, 0, 0.00000000000000000000e+00) (10, 6, 5.00000000000000000000e-01) (10, 6, 5.00000000000000000000e-01) (10, 6, 5.00000000000000000000e-01) (0, 6, 0.00000000000000000000e+00) (4, 4, 5.00000000000000000000e-01) (0, 4, 0.00000000000000000000e+00) 
connections (connected_to_neuron, weight)=(0, -3.75905930443966640464e-01) (1, 2.01474168813349852059e+00) (2, 8.67101080513890787316e-01) (3, -1.34015826160489542884e-01) (4, -9.66867409892668422389e-02) (5, -2.70855090971547918244e-01) (6, 1.48098253239158150762e-01) (7, -2.58029730949354796365e+00) (8, -3.23561105846807861575e-01) (9, -4.91033106511536199257e-01) (0, -1.33435601753588728435e+00) (1, 1.94283946682812524998e+00) (2, 1.94964224094875615556e+00) (3, 2.83131084552868950155e-02) (4, 4.51313663780309459739e-02) (5, -6.66472582503189858727e-01) (6, 1.32876682497332487820e+00) (7, -1.68421277580229000748e+00) (8, -1.80380018821433119047e-01) (9, -1.84963720130326314539e+00) (0, 1.48895937936859540374e-01) (1, -7.72548570946034129925e-01) (2, -1.38780166508061131303e+00) (3, 1.80199778499423951539e-01) (4, 8.07726074479217376334e-02) (5, 2.00058447967523700406e-01) (6, -4.44135786371793517269e-01) (7, 1.85026895679134595341e+00) (8, 4.28352241422389062864e-02) (9, 2.71612165308187658574e-01) (10, 2.00415124071209049816e+00) (11, 2.37272613275045749504e+01) (12, -1.66002377615210927608e+00) (13, -3.15051512386099297203e+00) 
