FANN_FLO_2.1
num_layers=3
learning_rate=0.700000
connection_rate=1.000000
network_type=0
learning_momentum=0.000000
training_algorithm=2
train_error_function=1
train_stop_function=1
cascade_output_change_fraction=0.010000
quickprop_decay=-0.000100
quickprop_mu=1.750000
rprop_increase_factor=1.200000
rprop_decrease_factor=0.500000
rprop_delta_min=0.000000
rprop_delta_max=50.000000
rprop_delta_zero=0.100000
cascade_output_stagnation_epochs=12
cascade_candidate_change_fraction=0.010000
cascade_candidate_stagnation_epochs=12
cascade_max_out_epochs=150
cascade_min_out_epochs=50
cascade_max_cand_epochs=150
cascade_min_cand_epochs=50
cascade_num_candidate_groups=2
bit_fail_limit=1.00000000000000005551e-01
cascade_candidate_limit=1.00000000000000000000e+03
cascade_weight_multiplier=4.00000000000000022204e-01
cascade_activation_functions_count=10
cascade_activation_functions=3 5 7 8 10 11 14 15 16 17 
cascade_activation_steepnesses_count=4
cascade_activation_steepnesses=2.50000000000000000000e-01 5.00000000000000000000e-01 7.50000000000000000000e-01 1.00000000000000000000e+00 
layer_sizes=14 4 2 
scale_included=0
neurons (num_inputs, activation_function, activation_steepness)=(0, 0, 0.00000000000000000000e+00) (0, 0, 0.00000000000000000000e+00) (0, 0, 0.00000000000000000000e+00) (0, 0, 0.00000000000000000000e+00) (0, 0, 0.00000000000000000000e+00) (0, 0, 0.00000000000000000000e+00) (0, 0, 0.00000000000000000000e+00) (0, 0, 0.00000000000000000000e+00) (0, 0, 0.00000000000000000000e+00) (0, 0, 0.00000000000000000000e+00) (0, 0, 0.00000000000000000000e+00) (0, 0, 0.00000000000000000000e+00) (0, 0, 0.00000000000000000000e+00) (0, 0, 0.00000000000000000000e+00) (14, 6, 5.00000000000000000000e-01) (14, 6, 5.00000000000000000000e-01) (14, 6, 5.00000000000000000000e-01) (0, 6, 0.00000000000000000000e+00) (4, 4, 5.00000000000000000000e-01) (0, 4, 0.00000000000000000000e+00) 
connections (connected_to_neuron, weight)=(0, 5.68609278268191697947e+00) (1, -4.26166144268752677959e+00) (2, 2.21381371471540067120e+00) (3, 6.92288452721487090891e-01) (4, -5.69518187365984829285e+00) (5, 3.38622672609844632685e-01) (6, -5.72392111289953842146e+00) (7, -4.11943978828209189658e+00) (8, -1.21899060195698027975e+00) (9, 3.62712545389582174948e+00) (10, -4.05166349612872966901e+00) (11, -2.00832153484544173594e+00) (12, -2.24091514225523980031e+00) (13, 2.85679068928381552084e+00) (0, 4.81441544487826877941e+00) (1, -2.69190124618975668014e+00) (2, 2.68519945109650626236e+00) (3, -1.87474963846831210734e-01) (4, -2.88136755085083162697e+00) (5, -3.28736634420872364526e-01) (6, -2.96094329339898232334e+00) (7, -2.97034913525221222486e+00) (8, -1.92616005522988387177e+00) (9, 3.47577023947884100608e+00) (10, -3.26287180852185532132e+00) (11, -2.14924826100787536021e+00) (12, -2.62686004805708517296e+00) (13, 1.92966344857247995570e+00) (0, -5.05573769451534982267e+00) (1, 2.13438111057873536325e+00) (2, -7.63564088538635776793e-01) (3, -7.33861742422899587801e-01) (4, 1.83555797362908368342e+00) (5, -2.87496714701989397600e-02) (6, 2.75771366901465286858e+00) (7, 2.02055607223803290751e+00) (8, 1.08097012340329659552e-01) (9, -3.76670195669943463912e+00) (10, 2.17098927903652816340e+00) (11, 1.26628630938864361610e+00) (12, 5.12269443247083122728e-01) (13, -3.19567522096248557428e-01) (14, -9.00227591604265597880e+00) (15, -6.96163678040689593018e+00) (16, 2.19964569225853701084e+00) (17, -9.71416360018046765035e-01) 
