FANN_FLO_2.1
num_layers=3
learning_rate=0.700000
connection_rate=1.000000
network_type=0
learning_momentum=0.000000
training_algorithm=2
train_error_function=1
train_stop_function=1
cascade_output_change_fraction=0.010000
quickprop_decay=-0.000100
quickprop_mu=1.750000
rprop_increase_factor=1.200000
rprop_decrease_factor=0.500000
rprop_delta_min=0.000000
rprop_delta_max=50.000000
rprop_delta_zero=0.100000
cascade_output_stagnation_epochs=12
cascade_candidate_change_fraction=0.010000
cascade_candidate_stagnation_epochs=12
cascade_max_out_epochs=150
cascade_min_out_epochs=50
cascade_max_cand_epochs=150
cascade_min_cand_epochs=50
cascade_num_candidate_groups=2
bit_fail_limit=1.00000000000000005551e-01
cascade_candidate_limit=1.00000000000000000000e+03
cascade_weight_multiplier=4.00000000000000022204e-01
cascade_activation_functions_count=10
cascade_activation_functions=3 5 7 8 10 11 14 15 16 17 
cascade_activation_steepnesses_count=4
cascade_activation_steepnesses=2.50000000000000000000e-01 5.00000000000000000000e-01 7.50000000000000000000e-01 1.00000000000000000000e+00 
layer_sizes=10 4 2 
scale_included=0
neurons (num_inputs, activation_function, activation_steepness)=(0, 0, 0.00000000000000000000e+00) (0, 0, 0.00000000000000000000e+00) (0, 0, 0.00000000000000000000e+00) (0, 0, 0.00000000000000000000e+00) (0, 0, 0.00000000000000000000e+00) (0, 0, 0.00000000000000000000e+00) (0, 0, 0.00000000000000000000e+00) (0, 0, 0.00000000000000000000e+00) (0, 0, 0.00000000000000000000e+00) (0, 0, 0.00000000000000000000e+00) (10, 6, 5.00000000000000000000e-01) (10, 6, 5.00000000000000000000e-01) (10, 6, 5.00000000000000000000e-01) (0, 6, 0.00000000000000000000e+00) (4, 4, 5.00000000000000000000e-01) (0, 4, 0.00000000000000000000e+00) 
connections (connected_to_neuron, weight)=(0, -7.75214952105146570815e-01) (1, 1.77338300764993883618e+00) (2, -1.74584380175827114101e-01) (3, -2.15303092088459102627e-01) (4, -1.86158186580894557949e-01) (5, -5.27426412687158729931e-01) (6, -2.41422231133936016079e-01) (7, -1.67788385238407222744e-01) (8, -5.60700626199011287198e-01) (9, -8.70695222788911982192e-01) (0, -8.99510082477193995132e-01) (1, 1.68334627271131775927e+00) (2, -1.34318678464649288173e-01) (3, -2.35789912577627269741e-01) (4, -1.36457933869121639248e-01) (5, -4.05574696496582010052e-01) (6, -1.58290839578865139003e-01) (7, -2.66552052285430995937e-01) (8, -4.65795570139650727537e-01) (9, -8.34146407121282740249e-01) (0, -7.47428011768919264846e-01) (1, 1.79704176754192523902e+00) (2, -2.15423545624969570156e-01) (3, -2.50363065685985652919e-01) (4, -9.08993173501473489262e-02) (5, -4.61398700610256284893e-01) (6, -9.21741414926034036137e-02) (7, -2.25252928968427745815e-01) (8, -4.46738013152841895170e-01) (9, -8.51753634089094324722e-01) (10, 7.97680206996394325358e+00) (11, 7.92527886134577919108e+00) (12, 7.98142597478820015056e+00) (13, -8.27900369340044184341e-01) 
