FANN_FLO_2.1
num_layers=3
learning_rate=0.700000
connection_rate=1.000000
network_type=0
learning_momentum=0.000000
training_algorithm=2
train_error_function=1
train_stop_function=1
cascade_output_change_fraction=0.010000
quickprop_decay=-0.000100
quickprop_mu=1.750000
rprop_increase_factor=1.200000
rprop_decrease_factor=0.500000
rprop_delta_min=0.000000
rprop_delta_max=50.000000
rprop_delta_zero=0.100000
cascade_output_stagnation_epochs=12
cascade_candidate_change_fraction=0.010000
cascade_candidate_stagnation_epochs=12
cascade_max_out_epochs=150
cascade_min_out_epochs=50
cascade_max_cand_epochs=150
cascade_min_cand_epochs=50
cascade_num_candidate_groups=2
bit_fail_limit=1.00000000000000005551e-01
cascade_candidate_limit=1.00000000000000000000e+03
cascade_weight_multiplier=4.00000000000000022204e-01
cascade_activation_functions_count=10
cascade_activation_functions=3 5 7 8 10 11 14 15 16 17 
cascade_activation_steepnesses_count=4
cascade_activation_steepnesses=2.50000000000000000000e-01 5.00000000000000000000e-01 7.50000000000000000000e-01 1.00000000000000000000e+00 
layer_sizes=10 4 2 
scale_included=0
neurons (num_inputs, activation_function, activation_steepness)=(0, 0, 0.00000000000000000000e+00) (0, 0, 0.00000000000000000000e+00) (0, 0, 0.00000000000000000000e+00) (0, 0, 0.00000000000000000000e+00) (0, 0, 0.00000000000000000000e+00) (0, 0, 0.00000000000000000000e+00) (0, 0, 0.00000000000000000000e+00) (0, 0, 0.00000000000000000000e+00) (0, 0, 0.00000000000000000000e+00) (0, 0, 0.00000000000000000000e+00) (10, 6, 5.00000000000000000000e-01) (10, 6, 5.00000000000000000000e-01) (10, 6, 5.00000000000000000000e-01) (0, 6, 0.00000000000000000000e+00) (4, 4, 5.00000000000000000000e-01) (0, 4, 0.00000000000000000000e+00) 
connections (connected_to_neuron, weight)=(0, -6.22158503872304868842e-01) (1, 1.05644975956927966720e+00) (2, -1.37233862533017669794e-01) (3, -2.34976715418743764552e-01) (4, -2.66798670414137517604e-01) (5, -3.19158379899959765424e-01) (6, -3.14222729775356923732e-01) (7, -3.11641155752586995753e-01) (8, -2.58994429382729207667e-01) (9, -4.58982362193018078589e-01) (0, -3.04561801689346656197e-01) (1, 4.20547122135716322511e-01) (2, 2.43950594110078911037e-02) (3, -5.22479868989408277602e-02) (4, 9.90961261529505060830e-02) (5, 4.20174045564830761501e-02) (6, 2.19530009169160988947e-02) (7, 3.65775369543611603151e-02) (8, 1.25163815214115375918e-01) (9, -3.52716082221823101772e-02) (0, -1.02090674007059512007e+00) (1, 2.46638245291502045120e+00) (2, -1.71381250569719090215e-01) (3, -2.45538585433858647100e-01) (4, -6.26298468347553982660e-01) (5, -1.14961031565190707759e+00) (6, -3.07362050363916228246e-01) (7, -3.06399234185117552709e-01) (8, -6.94108094807629250056e-01) (9, -1.14826146254063998775e+00) (10, 6.29789363765655973992e+00) (11, 1.19412917260605822012e-01) (12, 1.53916118020364187657e+01) (13, -1.36155667531138879767e+00) 
