FANN_FLO_2.1
num_layers=3
learning_rate=0.700000
connection_rate=1.000000
network_type=0
learning_momentum=0.000000
training_algorithm=2
train_error_function=1
train_stop_function=1
cascade_output_change_fraction=0.010000
quickprop_decay=-0.000100
quickprop_mu=1.750000
rprop_increase_factor=1.200000
rprop_decrease_factor=0.500000
rprop_delta_min=0.000000
rprop_delta_max=50.000000
rprop_delta_zero=0.100000
cascade_output_stagnation_epochs=12
cascade_candidate_change_fraction=0.010000
cascade_candidate_stagnation_epochs=12
cascade_max_out_epochs=150
cascade_min_out_epochs=50
cascade_max_cand_epochs=150
cascade_min_cand_epochs=50
cascade_num_candidate_groups=2
bit_fail_limit=1.00000000000000005551e-01
cascade_candidate_limit=1.00000000000000000000e+03
cascade_weight_multiplier=4.00000000000000022204e-01
cascade_activation_functions_count=10
cascade_activation_functions=3 5 7 8 10 11 14 15 16 17 
cascade_activation_steepnesses_count=4
cascade_activation_steepnesses=2.50000000000000000000e-01 5.00000000000000000000e-01 7.50000000000000000000e-01 1.00000000000000000000e+00 
layer_sizes=10 4 2 
scale_included=0
neurons (num_inputs, activation_function, activation_steepness)=(0, 0, 0.00000000000000000000e+00) (0, 0, 0.00000000000000000000e+00) (0, 0, 0.00000000000000000000e+00) (0, 0, 0.00000000000000000000e+00) (0, 0, 0.00000000000000000000e+00) (0, 0, 0.00000000000000000000e+00) (0, 0, 0.00000000000000000000e+00) (0, 0, 0.00000000000000000000e+00) (0, 0, 0.00000000000000000000e+00) (0, 0, 0.00000000000000000000e+00) (10, 6, 5.00000000000000000000e-01) (10, 6, 5.00000000000000000000e-01) (10, 6, 5.00000000000000000000e-01) (0, 6, 0.00000000000000000000e+00) (4, 4, 5.00000000000000000000e-01) (0, 4, 0.00000000000000000000e+00) 
connections (connected_to_neuron, weight)=(0, -4.13565987921387012705e+00) (1, 3.43238115888195061132e+00) (2, 2.02155713264637348914e+00) (3, 1.13825642453616837635e+00) (4, -6.57606307544468360327e-01) (5, 8.66850334165557012689e-01) (6, 5.19087027334815931390e-01) (7, -9.83695761628075704408e-01) (8, 1.15540868725954237739e+00) (9, -3.14816088773218183405e+00) (0, -2.46909897760911301035e+00) (1, 1.40064600097397939926e+00) (2, 1.05336042463254608847e+00) (3, 1.30636119231883696123e+00) (4, 6.05968827353075334408e-01) (5, 6.87415693511527758908e-01) (6, 4.03385083085050777374e-01) (7, 1.47705052192967811742e-01) (8, 6.95132725774571080812e-01) (9, -1.61834592187042836109e+00) (0, 1.98180821594730316448e+00) (1, 3.06769064180608119763e-01) (2, -7.31035793703276581823e+00) (3, -1.34918152144560066219e+00) (4, 3.81118830423298679544e-02) (5, 6.07906254166652032511e-03) (6, 5.38885796100186276192e-01) (7, 4.09617633576997208777e-01) (8, -2.73071346339887194299e-02) (9, 1.21843536536562435657e+00) (10, 5.99198685043685408402e+00) (11, 9.45788710128343534933e-01) (12, -1.86169243842134513045e+00) (13, -1.96381723279656394965e+00) 
