FANN_FLO_2.1
num_layers=3
learning_rate=0.700000
connection_rate=1.000000
network_type=0
learning_momentum=0.000000
training_algorithm=2
train_error_function=1
train_stop_function=1
cascade_output_change_fraction=0.010000
quickprop_decay=-0.000100
quickprop_mu=1.750000
rprop_increase_factor=1.200000
rprop_decrease_factor=0.500000
rprop_delta_min=0.000000
rprop_delta_max=50.000000
rprop_delta_zero=0.100000
cascade_output_stagnation_epochs=12
cascade_candidate_change_fraction=0.010000
cascade_candidate_stagnation_epochs=12
cascade_max_out_epochs=150
cascade_min_out_epochs=50
cascade_max_cand_epochs=150
cascade_min_cand_epochs=50
cascade_num_candidate_groups=2
bit_fail_limit=1.00000000000000005551e-01
cascade_candidate_limit=1.00000000000000000000e+03
cascade_weight_multiplier=4.00000000000000022204e-01
cascade_activation_functions_count=10
cascade_activation_functions=3 5 7 8 10 11 14 15 16 17 
cascade_activation_steepnesses_count=4
cascade_activation_steepnesses=2.50000000000000000000e-01 5.00000000000000000000e-01 7.50000000000000000000e-01 1.00000000000000000000e+00 
layer_sizes=7 4 2 
scale_included=0
neurons (num_inputs, activation_function, activation_steepness)=(0, 0, 0.00000000000000000000e+00) (0, 0, 0.00000000000000000000e+00) (0, 0, 0.00000000000000000000e+00) (0, 0, 0.00000000000000000000e+00) (0, 0, 0.00000000000000000000e+00) (0, 0, 0.00000000000000000000e+00) (0, 0, 0.00000000000000000000e+00) (7, 6, 5.00000000000000000000e-01) (7, 6, 5.00000000000000000000e-01) (7, 6, 5.00000000000000000000e-01) (0, 6, 0.00000000000000000000e+00) (4, 4, 5.00000000000000000000e-01) (0, 4, 0.00000000000000000000e+00) 
connections (connected_to_neuron, weight)=(0, 8.82253129952259240731e-01) (1, -1.36620761471877516513e+00) (2, -3.26537897912037633485e-01) (3, -1.31785265600951850828e+00) (4, -1.55480073595554574295e-01) (5, -1.22840667311140938622e+00) (6, 1.31461959210223011674e+00) (0, 4.81071676069539544418e-01) (1, -1.62854909522782120845e+00) (2, -4.53745093604104476892e-01) (3, -1.62791013313807242380e-01) (4, 3.36870279704079234051e-01) (5, -1.44708475658465629543e+00) (6, 5.09541449097270282564e-01) (0, -3.36671953935656942392e+00) (1, 4.16381003179467779063e+00) (2, -1.02753193011556476222e+00) (3, 4.60166352646901710699e+00) (4, -1.52425321876804198418e+00) (5, 4.13403156361164381138e+00) (6, -3.46362272523640424282e+00) (7, -9.70729466228506865377e+00) (8, -1.14119685580993457386e+00) (9, 1.08469335335170988799e+01) (10, -1.85984428099814702584e+00) 
