FANN_FLO_2.1
num_layers=3
learning_rate=0.700000
connection_rate=1.000000
network_type=0
learning_momentum=0.000000
training_algorithm=2
train_error_function=1
train_stop_function=1
cascade_output_change_fraction=0.010000
quickprop_decay=-0.000100
quickprop_mu=1.750000
rprop_increase_factor=1.200000
rprop_decrease_factor=0.500000
rprop_delta_min=0.000000
rprop_delta_max=50.000000
rprop_delta_zero=0.100000
cascade_output_stagnation_epochs=12
cascade_candidate_change_fraction=0.010000
cascade_candidate_stagnation_epochs=12
cascade_max_out_epochs=150
cascade_min_out_epochs=50
cascade_max_cand_epochs=150
cascade_min_cand_epochs=50
cascade_num_candidate_groups=2
bit_fail_limit=1.00000000000000005551e-01
cascade_candidate_limit=1.00000000000000000000e+03
cascade_weight_multiplier=4.00000000000000022204e-01
cascade_activation_functions_count=10
cascade_activation_functions=3 5 7 8 10 11 14 15 16 17 
cascade_activation_steepnesses_count=4
cascade_activation_steepnesses=2.50000000000000000000e-01 5.00000000000000000000e-01 7.50000000000000000000e-01 1.00000000000000000000e+00 
layer_sizes=16 4 2 
scale_included=0
neurons (num_inputs, activation_function, activation_steepness)=(0, 0, 0.00000000000000000000e+00) (0, 0, 0.00000000000000000000e+00) (0, 0, 0.00000000000000000000e+00) (0, 0, 0.00000000000000000000e+00) (0, 0, 0.00000000000000000000e+00) (0, 0, 0.00000000000000000000e+00) (0, 0, 0.00000000000000000000e+00) (0, 0, 0.00000000000000000000e+00) (0, 0, 0.00000000000000000000e+00) (0, 0, 0.00000000000000000000e+00) (0, 0, 0.00000000000000000000e+00) (0, 0, 0.00000000000000000000e+00) (0, 0, 0.00000000000000000000e+00) (0, 0, 0.00000000000000000000e+00) (0, 0, 0.00000000000000000000e+00) (0, 0, 0.00000000000000000000e+00) (16, 6, 5.00000000000000000000e-01) (16, 6, 5.00000000000000000000e-01) (16, 6, 5.00000000000000000000e-01) (0, 6, 0.00000000000000000000e+00) (4, 4, 5.00000000000000000000e-01) (0, 4, 0.00000000000000000000e+00) 
connections (connected_to_neuron, weight)=(0, -9.99338820184476395170e-01) (1, 5.74918682863440189124e+00) (2, -2.33794069264457726742e-01) (3, -7.84422198276909288239e-01) (4, -1.83809282604978585507e-01) (5, -1.08140658547998191885e+00) (6, -8.54499795804167128210e-01) (7, 5.90122295906271610022e+00) (8, -1.05486834010005714468e+00) (9, -5.27859233307978792382e-01) (10, -1.28434608105943703915e-01) (11, -4.55336916949082515238e-01) (12, -3.55443978690525952402e+00) (13, -4.77282304074097774027e-01) (14, -6.33027881372115297509e-01) (15, -9.27775257597112990027e-01) (0, -5.22556227898990477421e-01) (1, 9.61661482080231944103e-01) (2, 2.41725946342640329867e-01) (3, -4.63491391641293992709e-01) (4, 2.45714561267006470491e-01) (5, -4.75977026176845063876e-01) (6, -9.76830515224877404812e-02) (7, 1.04563820533395879231e+00) (8, -3.87808829796706666659e-01) (9, 2.01196188604526926547e-01) (10, 5.15470324836050514117e-02) (11, -4.82276994611528370127e-02) (12, -4.93379846465980043124e-01) (13, -2.13235968711545764709e-01) (14, -8.54195895750466394070e-02) (15, -5.40797819650565947391e-01) (0, -1.27779832183635888576e+00) (1, 1.01704584978462331257e+00) (2, 9.40188230332664742761e-02) (3, -3.67664598179255952548e-01) (4, 2.10191332919704987336e-01) (5, -3.64062480879222383212e-01) (6, -3.26874795515480903729e-02) (7, 1.07101261787057988606e+00) (8, -4.26951393735801210116e-01) (9, 1.39255726084687114774e-01) (10, 3.97623895488058570757e-02) (11, -1.74837743851116000915e-01) (12, -3.30840222788249482821e-01) (13, -9.72891468431261036143e-02) (14, -7.43219050724450158718e-02) (15, -5.44277516460811461307e-01) (16, 5.91238494207586917639e+00) (17, 8.90094120391616616672e-01) (18, 8.73781822958001885837e-01) (19, -7.51566113870533403230e-01) 
