FANN_FLO_2.1
num_layers=3
learning_rate=0.700000
connection_rate=1.000000
network_type=0
learning_momentum=0.000000
training_algorithm=2
train_error_function=1
train_stop_function=1
cascade_output_change_fraction=0.010000
quickprop_decay=-0.000100
quickprop_mu=1.750000
rprop_increase_factor=1.200000
rprop_decrease_factor=0.500000
rprop_delta_min=0.000000
rprop_delta_max=50.000000
rprop_delta_zero=0.100000
cascade_output_stagnation_epochs=12
cascade_candidate_change_fraction=0.010000
cascade_candidate_stagnation_epochs=12
cascade_max_out_epochs=150
cascade_min_out_epochs=50
cascade_max_cand_epochs=150
cascade_min_cand_epochs=50
cascade_num_candidate_groups=2
bit_fail_limit=1.00000000000000005551e-01
cascade_candidate_limit=1.00000000000000000000e+03
cascade_weight_multiplier=4.00000000000000022204e-01
cascade_activation_functions_count=10
cascade_activation_functions=3 5 7 8 10 11 14 15 16 17 
cascade_activation_steepnesses_count=4
cascade_activation_steepnesses=2.50000000000000000000e-01 5.00000000000000000000e-01 7.50000000000000000000e-01 1.00000000000000000000e+00 
layer_sizes=8 4 2 
scale_included=0
neurons (num_inputs, activation_function, activation_steepness)=(0, 0, 0.00000000000000000000e+00) (0, 0, 0.00000000000000000000e+00) (0, 0, 0.00000000000000000000e+00) (0, 0, 0.00000000000000000000e+00) (0, 0, 0.00000000000000000000e+00) (0, 0, 0.00000000000000000000e+00) (0, 0, 0.00000000000000000000e+00) (0, 0, 0.00000000000000000000e+00) (8, 6, 5.00000000000000000000e-01) (8, 6, 5.00000000000000000000e-01) (8, 6, 5.00000000000000000000e-01) (0, 6, 0.00000000000000000000e+00) (4, 4, 5.00000000000000000000e-01) (0, 4, 0.00000000000000000000e+00) 
connections (connected_to_neuron, weight)=(0, -1.05051071428992437440e+00) (1, 1.45341460753961704278e+00) (2, -4.05936169518655354249e-01) (3, 1.62192608163724538706e+00) (4, 2.41832034996668809868e+00) (5, 1.52708114527865324028e+00) (6, 1.28543291589093255922e+00) (7, -1.44006684008607654945e+00) (0, -1.01400501961008138174e+00) (1, 1.47072081517321784361e+00) (2, -4.99495357869768563663e-01) (3, 1.61634933696160909555e+00) (4, 2.15415869390444969511e+00) (5, 1.42025437509506224920e+00) (6, 1.23891894122433710024e+00) (7, -1.04030038229686860873e+00) (0, 2.12234277831491569000e-01) (1, -7.54964959143499481087e-01) (2, -9.76448574979649208672e-02) (3, 3.55334311120860668609e-01) (4, -1.00299475254424708126e+00) (5, -7.39335663652000207868e-01) (6, -8.01274893814047151075e-01) (7, 1.01389935470359615621e+00) (8, 4.21070718232531717717e+01) (9, 5.98603025735134952612e+00) (10, -1.86270618567009677236e+02) (11, -4.28195906180588536927e+00) 
