FANN_FLO_2.1
num_layers=3
learning_rate=0.700000
connection_rate=1.000000
network_type=0
learning_momentum=0.000000
training_algorithm=2
train_error_function=1
train_stop_function=1
cascade_output_change_fraction=0.010000
quickprop_decay=-0.000100
quickprop_mu=1.750000
rprop_increase_factor=1.200000
rprop_decrease_factor=0.500000
rprop_delta_min=0.000000
rprop_delta_max=50.000000
rprop_delta_zero=0.100000
cascade_output_stagnation_epochs=12
cascade_candidate_change_fraction=0.010000
cascade_candidate_stagnation_epochs=12
cascade_max_out_epochs=150
cascade_min_out_epochs=50
cascade_max_cand_epochs=150
cascade_min_cand_epochs=50
cascade_num_candidate_groups=2
bit_fail_limit=1.00000000000000005551e-01
cascade_candidate_limit=1.00000000000000000000e+03
cascade_weight_multiplier=4.00000000000000022204e-01
cascade_activation_functions_count=10
cascade_activation_functions=3 5 7 8 10 11 14 15 16 17 
cascade_activation_steepnesses_count=4
cascade_activation_steepnesses=2.50000000000000000000e-01 5.00000000000000000000e-01 7.50000000000000000000e-01 1.00000000000000000000e+00 
layer_sizes=11 4 2 
scale_included=0
neurons (num_inputs, activation_function, activation_steepness)=(0, 0, 0.00000000000000000000e+00) (0, 0, 0.00000000000000000000e+00) (0, 0, 0.00000000000000000000e+00) (0, 0, 0.00000000000000000000e+00) (0, 0, 0.00000000000000000000e+00) (0, 0, 0.00000000000000000000e+00) (0, 0, 0.00000000000000000000e+00) (0, 0, 0.00000000000000000000e+00) (0, 0, 0.00000000000000000000e+00) (0, 0, 0.00000000000000000000e+00) (0, 0, 0.00000000000000000000e+00) (11, 6, 5.00000000000000000000e-01) (11, 6, 5.00000000000000000000e-01) (11, 6, 5.00000000000000000000e-01) (0, 6, 0.00000000000000000000e+00) (4, 4, 5.00000000000000000000e-01) (0, 4, 0.00000000000000000000e+00) 
connections (connected_to_neuron, weight)=(0, -6.03989697551389514985e+00) (1, 1.49173853332450812026e+00) (2, 7.93186145225807437420e-01) (3, 1.28946247310725703450e+00) (4, 9.48033120191119627052e-01) (5, 1.58186369801170800820e+00) (6, 1.45426319594956199310e+00) (7, 1.17295063005466715378e-03) (8, 8.21144536945945358042e-01) (9, 1.52513349965411704190e+00) (10, -1.21273809250871722476e+00) (0, -4.69852964395591321534e+00) (1, 1.76072473653453398512e+00) (2, 7.33125516043934555288e-02) (3, 1.91908082780962119251e+00) (4, 5.40724632903974544718e-01) (5, 9.17571499767955267579e-01) (6, 1.80166183454518447071e+00) (7, 5.59902748319815873890e-02) (8, 5.17179875823792212231e-01) (9, 1.74141120000526572476e+00) (10, -1.75524842674613856808e+00) (0, -5.87913949346204578461e+00) (1, 1.66061087483814184829e+00) (2, 8.21745938012644061565e-01) (3, 1.37033034474936976643e+00) (4, 8.49890451586268413919e-01) (5, 1.67242299059636567726e+00) (6, 1.55289191808081428192e+00) (7, -1.00487494702472535124e-01) (8, 7.80081682715541457895e-01) (9, 1.48571903795200865872e+00) (10, -1.24124840598980967776e+00) (11, 1.00810715427523742704e+01) (12, 4.54405135412176797161e+00) (13, 1.00902190526848922758e+01) (14, -9.65091447866823659574e-01) 
