FANN_FLO_2.1
num_layers=3
learning_rate=0.700000
connection_rate=1.000000
network_type=0
learning_momentum=0.000000
training_algorithm=2
train_error_function=1
train_stop_function=1
cascade_output_change_fraction=0.010000
quickprop_decay=-0.000100
quickprop_mu=1.750000
rprop_increase_factor=1.200000
rprop_decrease_factor=0.500000
rprop_delta_min=0.000000
rprop_delta_max=50.000000
rprop_delta_zero=0.100000
cascade_output_stagnation_epochs=12
cascade_candidate_change_fraction=0.010000
cascade_candidate_stagnation_epochs=12
cascade_max_out_epochs=150
cascade_min_out_epochs=50
cascade_max_cand_epochs=150
cascade_min_cand_epochs=50
cascade_num_candidate_groups=2
bit_fail_limit=1.00000000000000005551e-01
cascade_candidate_limit=1.00000000000000000000e+03
cascade_weight_multiplier=4.00000000000000022204e-01
cascade_activation_functions_count=10
cascade_activation_functions=3 5 7 8 10 11 14 15 16 17 
cascade_activation_steepnesses_count=4
cascade_activation_steepnesses=2.50000000000000000000e-01 5.00000000000000000000e-01 7.50000000000000000000e-01 1.00000000000000000000e+00 
layer_sizes=10 4 2 
scale_included=0
neurons (num_inputs, activation_function, activation_steepness)=(0, 0, 0.00000000000000000000e+00) (0, 0, 0.00000000000000000000e+00) (0, 0, 0.00000000000000000000e+00) (0, 0, 0.00000000000000000000e+00) (0, 0, 0.00000000000000000000e+00) (0, 0, 0.00000000000000000000e+00) (0, 0, 0.00000000000000000000e+00) (0, 0, 0.00000000000000000000e+00) (0, 0, 0.00000000000000000000e+00) (0, 0, 0.00000000000000000000e+00) (10, 6, 5.00000000000000000000e-01) (10, 6, 5.00000000000000000000e-01) (10, 6, 5.00000000000000000000e-01) (0, 6, 0.00000000000000000000e+00) (4, 4, 5.00000000000000000000e-01) (0, 4, 0.00000000000000000000e+00) 
connections (connected_to_neuron, weight)=(0, -1.07288741228142670003e+00) (1, 1.39823982677947000752e+00) (2, 5.14859682728038628441e-02) (3, 1.83124679681706137302e+00) (4, -5.87312561655546794270e-01) (5, -5.06890175128485442890e-01) (6, 1.80693093782104408085e+00) (7, -6.09007213004543412893e-01) (8, 1.83940301922747706520e+00) (9, -1.03118737777846791737e+00) (0, -3.69453323747121054055e+00) (1, 2.34943911683700124016e+00) (2, 8.48014532033694257152e-01) (3, 2.29882612249314588482e+00) (4, -8.94940280147795363952e-01) (5, -5.67524282158975879042e-01) (6, 2.08032429873396429443e+00) (7, -1.06294158779781344748e+00) (8, 2.22869151733121650949e+00) (9, -1.78939787757720947248e+00) (0, 4.14473872758010308814e+00) (1, -3.76552415539010487677e+00) (2, 5.02459793100538787414e-01) (3, -1.28328224267683204118e+01) (4, 1.67579961913895880699e+00) (5, 9.78822479180508020491e-01) (6, -4.33109003201904663172e+00) (7, 1.28032070465965031048e+00) (8, -4.11291428757887267409e+00) (9, 4.45880428207796697393e+00) (10, 1.07134449811236343031e+00) (11, 1.02393926985311907174e+01) (12, -2.59359100070303227881e+00) (13, -1.74866487545099258405e+00) 
