FANN_FLO_2.1
num_layers=3
learning_rate=0.700000
connection_rate=1.000000
network_type=0
learning_momentum=0.000000
training_algorithm=2
train_error_function=1
train_stop_function=1
cascade_output_change_fraction=0.010000
quickprop_decay=-0.000100
quickprop_mu=1.750000
rprop_increase_factor=1.200000
rprop_decrease_factor=0.500000
rprop_delta_min=0.000000
rprop_delta_max=50.000000
rprop_delta_zero=0.100000
cascade_output_stagnation_epochs=12
cascade_candidate_change_fraction=0.010000
cascade_candidate_stagnation_epochs=12
cascade_max_out_epochs=150
cascade_min_out_epochs=50
cascade_max_cand_epochs=150
cascade_min_cand_epochs=50
cascade_num_candidate_groups=2
bit_fail_limit=1.00000000000000005551e-01
cascade_candidate_limit=1.00000000000000000000e+03
cascade_weight_multiplier=4.00000000000000022204e-01
cascade_activation_functions_count=10
cascade_activation_functions=3 5 7 8 10 11 14 15 16 17 
cascade_activation_steepnesses_count=4
cascade_activation_steepnesses=2.50000000000000000000e-01 5.00000000000000000000e-01 7.50000000000000000000e-01 1.00000000000000000000e+00 
layer_sizes=7 4 2 
scale_included=0
neurons (num_inputs, activation_function, activation_steepness)=(0, 0, 0.00000000000000000000e+00) (0, 0, 0.00000000000000000000e+00) (0, 0, 0.00000000000000000000e+00) (0, 0, 0.00000000000000000000e+00) (0, 0, 0.00000000000000000000e+00) (0, 0, 0.00000000000000000000e+00) (0, 0, 0.00000000000000000000e+00) (7, 6, 5.00000000000000000000e-01) (7, 6, 5.00000000000000000000e-01) (7, 6, 5.00000000000000000000e-01) (0, 6, 0.00000000000000000000e+00) (4, 4, 5.00000000000000000000e-01) (0, 4, 0.00000000000000000000e+00) 
connections (connected_to_neuron, weight)=(0, -2.85929284700138341968e-01) (1, 4.43627783645233364496e-01) (2, 1.08479537147748786308e-01) (3, 1.84573727334465614858e-01) (4, 1.05054647442511539523e+00) (5, 2.28595337414044946778e-01) (6, -7.17046576925861323115e-02) (0, 3.21692899755554195806e+00) (1, -1.13186307232814109547e+00) (2, -1.80084388002872047840e-01) (3, -9.62400422307302494396e-01) (4, -1.13791658548393992412e+00) (5, -1.21711085171479038713e+00) (6, 6.16591912110022954963e-01) (0, 3.27834531805829998419e+00) (1, -1.15142024289803779347e+00) (2, -1.96169878587245549717e-01) (3, -1.06436412117128575971e+00) (4, -1.15840273169556406962e+00) (5, -1.13447240919846348284e+00) (6, 6.38529684741668157599e-01) (7, 1.18228723677126423830e+00) (8, -8.18086003265431038756e+00) (9, -1.24715294970398637986e+01) (10, -2.92081585604447990789e+00) 
