FANN_FLO_2.1
num_layers=3
learning_rate=0.700000
connection_rate=1.000000
network_type=0
learning_momentum=0.000000
training_algorithm=2
train_error_function=1
train_stop_function=1
cascade_output_change_fraction=0.010000
quickprop_decay=-0.000100
quickprop_mu=1.750000
rprop_increase_factor=1.200000
rprop_decrease_factor=0.500000
rprop_delta_min=0.000000
rprop_delta_max=50.000000
rprop_delta_zero=0.100000
cascade_output_stagnation_epochs=12
cascade_candidate_change_fraction=0.010000
cascade_candidate_stagnation_epochs=12
cascade_max_out_epochs=150
cascade_min_out_epochs=50
cascade_max_cand_epochs=150
cascade_min_cand_epochs=50
cascade_num_candidate_groups=2
bit_fail_limit=1.00000000000000005551e-01
cascade_candidate_limit=1.00000000000000000000e+03
cascade_weight_multiplier=4.00000000000000022204e-01
cascade_activation_functions_count=10
cascade_activation_functions=3 5 7 8 10 11 14 15 16 17 
cascade_activation_steepnesses_count=4
cascade_activation_steepnesses=2.50000000000000000000e-01 5.00000000000000000000e-01 7.50000000000000000000e-01 1.00000000000000000000e+00 
layer_sizes=12 4 2 
scale_included=0
neurons (num_inputs, activation_function, activation_steepness)=(0, 0, 0.00000000000000000000e+00) (0, 0, 0.00000000000000000000e+00) (0, 0, 0.00000000000000000000e+00) (0, 0, 0.00000000000000000000e+00) (0, 0, 0.00000000000000000000e+00) (0, 0, 0.00000000000000000000e+00) (0, 0, 0.00000000000000000000e+00) (0, 0, 0.00000000000000000000e+00) (0, 0, 0.00000000000000000000e+00) (0, 0, 0.00000000000000000000e+00) (0, 0, 0.00000000000000000000e+00) (0, 0, 0.00000000000000000000e+00) (12, 6, 5.00000000000000000000e-01) (12, 6, 5.00000000000000000000e-01) (12, 6, 5.00000000000000000000e-01) (0, 6, 0.00000000000000000000e+00) (4, 4, 5.00000000000000000000e-01) (0, 4, 0.00000000000000000000e+00) 
connections (connected_to_neuron, weight)=(0, 3.32786361207541592222e+00) (1, -2.57167029743445141321e+00) (2, 9.78605993060963075258e-01) (3, -2.63881302109498117048e+00) (4, 1.01703605134281649391e+00) (5, 1.32624687253299100576e+00) (6, -2.61002959673655254846e+00) (7, -2.03448618225083865951e-01) (8, 9.24050674627156620744e-01) (9, -2.71503831487948632528e+00) (10, -2.71549895888948222833e+00) (11, 1.47120535372557958986e+00) (0, -1.81458641218741778545e+00) (1, 1.86096130122849889865e+00) (2, -1.86748401187282309088e-01) (3, 1.71563650845977178072e+00) (4, -1.86113812886100515875e-01) (5, -7.74986082858923563954e-01) (6, 1.43961653153119750748e+00) (7, 7.08770495188659421792e-01) (8, -2.16446058865613188971e-01) (9, 1.55712221871347122892e+00) (10, 1.35905435284115450045e+00) (11, -7.39482351764256667925e-02) (0, -7.24470888419035285999e-01) (1, 1.09112614870990065619e+00) (2, -3.28861343769317970853e-01) (3, 7.93062603998369919367e-01) (4, -2.90816375077096067603e-01) (5, 2.58292477555874299203e-03) (6, 8.78170595420437072320e-01) (7, 4.80116040130307841771e-01) (8, -4.76937630236474119361e-01) (9, 1.74576475472786984966e+00) (10, 7.46889912301658354110e-01) (11, -6.71063671059492716786e-01) (12, -2.24132496007688963857e+01) (13, 9.85609089307045826978e-01) (14, 1.47608913599373292591e+00) (15, -9.48151714038729998002e-01) 
