FANN_FLO_2.1
num_layers=3
learning_rate=0.700000
connection_rate=1.000000
network_type=0
learning_momentum=0.000000
training_algorithm=2
train_error_function=1
train_stop_function=1
cascade_output_change_fraction=0.010000
quickprop_decay=-0.000100
quickprop_mu=1.750000
rprop_increase_factor=1.200000
rprop_decrease_factor=0.500000
rprop_delta_min=0.000000
rprop_delta_max=50.000000
rprop_delta_zero=0.100000
cascade_output_stagnation_epochs=12
cascade_candidate_change_fraction=0.010000
cascade_candidate_stagnation_epochs=12
cascade_max_out_epochs=150
cascade_min_out_epochs=50
cascade_max_cand_epochs=150
cascade_min_cand_epochs=50
cascade_num_candidate_groups=2
bit_fail_limit=1.00000000000000005551e-01
cascade_candidate_limit=1.00000000000000000000e+03
cascade_weight_multiplier=4.00000000000000022204e-01
cascade_activation_functions_count=10
cascade_activation_functions=3 5 7 8 10 11 14 15 16 17 
cascade_activation_steepnesses_count=4
cascade_activation_steepnesses=2.50000000000000000000e-01 5.00000000000000000000e-01 7.50000000000000000000e-01 1.00000000000000000000e+00 
layer_sizes=16 4 2 
scale_included=0
neurons (num_inputs, activation_function, activation_steepness)=(0, 0, 0.00000000000000000000e+00) (0, 0, 0.00000000000000000000e+00) (0, 0, 0.00000000000000000000e+00) (0, 0, 0.00000000000000000000e+00) (0, 0, 0.00000000000000000000e+00) (0, 0, 0.00000000000000000000e+00) (0, 0, 0.00000000000000000000e+00) (0, 0, 0.00000000000000000000e+00) (0, 0, 0.00000000000000000000e+00) (0, 0, 0.00000000000000000000e+00) (0, 0, 0.00000000000000000000e+00) (0, 0, 0.00000000000000000000e+00) (0, 0, 0.00000000000000000000e+00) (0, 0, 0.00000000000000000000e+00) (0, 0, 0.00000000000000000000e+00) (0, 0, 0.00000000000000000000e+00) (16, 6, 5.00000000000000000000e-01) (16, 6, 5.00000000000000000000e-01) (16, 6, 5.00000000000000000000e-01) (0, 6, 0.00000000000000000000e+00) (4, 4, 5.00000000000000000000e-01) (0, 4, 0.00000000000000000000e+00) 
connections (connected_to_neuron, weight)=(0, -3.62613888751015078782e+00) (1, 9.50940600657704804277e-01) (2, 7.48738387636949942472e-02) (3, 1.21833981466092783341e-01) (4, 4.53688488327326111538e-01) (5, 4.48461932722966083453e-01) (6, 2.65456864272416770412e-01) (7, 1.08644298883341638984e+00) (8, 1.10814470448871760233e+00) (9, 8.24776067242407040503e-01) (10, 4.30296658660805186880e-01) (11, 1.05393828402760258989e+00) (12, 8.90605597576465735088e-01) (13, 1.14797544423282521509e-01) (14, 5.55442406842287739188e-01) (15, -4.62491840000950449330e-01) (0, -3.92211793807491693187e+00) (1, 1.72805024725101041838e+00) (2, 1.18059409918846031085e-01) (3, 2.04854436162800968013e-01) (4, 7.66481006102767148391e-01) (5, 1.15270601590708343664e+00) (6, 5.59156784698332298689e-01) (7, 1.25665163995170114930e+00) (8, 1.45604685207179707085e+00) (9, 1.80829070159355453917e+00) (10, 7.44759364591617067930e-01) (11, 1.69719443215578880135e+00) (12, 6.88828597549260845945e-01) (13, 6.64478163502303265098e-01) (14, 1.55616869291886317228e+00) (15, -1.42662266848682128817e+00) (0, -3.53808444301828739498e+00) (1, 6.65019299113992268246e-01) (2, 9.57163754068265482111e-01) (3, 4.17831925046243390920e-01) (4, 5.56655374192060681260e-01) (5, 5.78556263331810982642e-01) (6, 8.26853381359776484771e-01) (7, 1.57420873930743288049e+00) (8, 1.23492167153736276397e+00) (9, 6.49140800342344337359e-01) (10, 7.04222592498696009500e-01) (11, 5.83642964155783872116e-01) (12, 2.24733094454631032733e+00) (13, 7.37827736525616617591e-01) (14, 7.31277908095892548168e-01) (15, -9.86128520523027463085e-01) (16, 8.04016995446530735592e+00) (17, 1.51615050741583257121e+01) (18, 9.06442915330605458735e+00) (19, -1.29539255613417725321e+00) 
