FANN_FLO_2.1
num_layers=3
learning_rate=0.700000
connection_rate=1.000000
network_type=0
learning_momentum=0.000000
training_algorithm=2
train_error_function=1
train_stop_function=1
cascade_output_change_fraction=0.010000
quickprop_decay=-0.000100
quickprop_mu=1.750000
rprop_increase_factor=1.200000
rprop_decrease_factor=0.500000
rprop_delta_min=0.000000
rprop_delta_max=50.000000
rprop_delta_zero=0.100000
cascade_output_stagnation_epochs=12
cascade_candidate_change_fraction=0.010000
cascade_candidate_stagnation_epochs=12
cascade_max_out_epochs=150
cascade_min_out_epochs=50
cascade_max_cand_epochs=150
cascade_min_cand_epochs=50
cascade_num_candidate_groups=2
bit_fail_limit=1.00000000000000005551e-01
cascade_candidate_limit=1.00000000000000000000e+03
cascade_weight_multiplier=4.00000000000000022204e-01
cascade_activation_functions_count=10
cascade_activation_functions=3 5 7 8 10 11 14 15 16 17 
cascade_activation_steepnesses_count=4
cascade_activation_steepnesses=2.50000000000000000000e-01 5.00000000000000000000e-01 7.50000000000000000000e-01 1.00000000000000000000e+00 
layer_sizes=9 4 2 
scale_included=0
neurons (num_inputs, activation_function, activation_steepness)=(0, 0, 0.00000000000000000000e+00) (0, 0, 0.00000000000000000000e+00) (0, 0, 0.00000000000000000000e+00) (0, 0, 0.00000000000000000000e+00) (0, 0, 0.00000000000000000000e+00) (0, 0, 0.00000000000000000000e+00) (0, 0, 0.00000000000000000000e+00) (0, 0, 0.00000000000000000000e+00) (0, 0, 0.00000000000000000000e+00) (9, 6, 5.00000000000000000000e-01) (9, 6, 5.00000000000000000000e-01) (9, 6, 5.00000000000000000000e-01) (0, 6, 0.00000000000000000000e+00) (4, 4, 5.00000000000000000000e-01) (0, 4, 0.00000000000000000000e+00) 
connections (connected_to_neuron, weight)=(0, -1.27781645511142327720e+00) (1, 5.82108488669123325110e+00) (2, 2.60022797706133457218e-01) (3, 1.27585931118731871203e-01) (4, -3.08364684666393107371e-01) (5, -1.53746041442153758005e-01) (6, -1.09783431928383334863e+00) (7, -1.42260934715024522923e+00) (8, -1.03499280702101215113e+00) (0, -4.85736038624224736315e-02) (1, 1.01749621677042068058e+00) (2, 5.19270207079655765625e-01) (3, 1.71721323265129288682e-01) (4, 1.27934514436808532967e-02) (5, 7.94527790401068911841e-02) (6, -1.06783760720389864218e-01) (7, -6.35927897035060141206e-02) (8, -3.53071596561846806628e-02) (0, -1.30780274723521783287e+00) (1, 5.83166827996697101355e+00) (2, 2.77049114080673786198e-01) (3, 3.95223483407548537016e-02) (4, -2.64330471838710612253e-01) (5, -3.17354793633220499949e-01) (6, -1.06240483414160236109e+00) (7, -1.44632953707925371312e+00) (8, -1.02039473544584735620e+00) (9, 3.16138973239271692250e+00) (10, 7.15889966938582089639e-02) (11, 3.14471252414791635488e+00) (12, -1.44469000701657823704e+00) 
