FANN_FLO_2.1
num_layers=3
learning_rate=0.700000
connection_rate=1.000000
network_type=0
learning_momentum=0.000000
training_algorithm=2
train_error_function=1
train_stop_function=1
cascade_output_change_fraction=0.010000
quickprop_decay=-0.000100
quickprop_mu=1.750000
rprop_increase_factor=1.200000
rprop_decrease_factor=0.500000
rprop_delta_min=0.000000
rprop_delta_max=50.000000
rprop_delta_zero=0.100000
cascade_output_stagnation_epochs=12
cascade_candidate_change_fraction=0.010000
cascade_candidate_stagnation_epochs=12
cascade_max_out_epochs=150
cascade_min_out_epochs=50
cascade_max_cand_epochs=150
cascade_min_cand_epochs=50
cascade_num_candidate_groups=2
bit_fail_limit=1.00000000000000005551e-01
cascade_candidate_limit=1.00000000000000000000e+03
cascade_weight_multiplier=4.00000000000000022204e-01
cascade_activation_functions_count=10
cascade_activation_functions=3 5 7 8 10 11 14 15 16 17 
cascade_activation_steepnesses_count=4
cascade_activation_steepnesses=2.50000000000000000000e-01 5.00000000000000000000e-01 7.50000000000000000000e-01 1.00000000000000000000e+00 
layer_sizes=9 4 2 
scale_included=0
neurons (num_inputs, activation_function, activation_steepness)=(0, 0, 0.00000000000000000000e+00) (0, 0, 0.00000000000000000000e+00) (0, 0, 0.00000000000000000000e+00) (0, 0, 0.00000000000000000000e+00) (0, 0, 0.00000000000000000000e+00) (0, 0, 0.00000000000000000000e+00) (0, 0, 0.00000000000000000000e+00) (0, 0, 0.00000000000000000000e+00) (0, 0, 0.00000000000000000000e+00) (9, 6, 5.00000000000000000000e-01) (9, 6, 5.00000000000000000000e-01) (9, 6, 5.00000000000000000000e-01) (0, 6, 0.00000000000000000000e+00) (4, 4, 5.00000000000000000000e-01) (0, 4, 0.00000000000000000000e+00) 
connections (connected_to_neuron, weight)=(0, 6.05602586984800517200e-01) (1, -1.02542285301165103650e-01) (2, -3.59170182167069818036e+00) (3, 8.81665220173208696863e-01) (4, -1.06591582055160971620e+00) (5, -1.55826283353454808633e+00) (6, 2.51004408202211093393e-01) (7, 5.16359724468057001978e-01) (8, 1.11285569098207970384e+00) (0, -1.01133021911119702629e+00) (1, 2.75888814444757635158e+00) (2, -3.47571717299970273096e-01) (3, -1.27292012157062051081e+00) (4, 9.53410960821503117302e-01) (5, 5.38680371188287598905e-01) (6, 9.53558465804107524555e-01) (7, -1.45821719411627181984e+00) (8, -1.25997551054510736890e+00) (0, -9.10790465026754536559e-02) (1, -2.66331038403015929461e+00) (2, 9.18655587283423891165e+00) (3, -3.20695656573487697383e-01) (4, 1.16385158138974154074e-01) (5, 8.34049129314007098301e-01) (6, 9.66625641320032791270e+00) (7, -4.77623676875897074101e-01) (8, -6.41292949092846953363e-01) (9, -8.68304912974687681526e+00) (10, 1.62267163955319055901e+01) (11, 8.88578703542584769082e+00) (12, -7.57141697556319570594e+00) 
