FANN_FLO_2.1
num_layers=3
learning_rate=0.700000
connection_rate=1.000000
network_type=0
learning_momentum=0.000000
training_algorithm=2
train_error_function=1
train_stop_function=1
cascade_output_change_fraction=0.010000
quickprop_decay=-0.000100
quickprop_mu=1.750000
rprop_increase_factor=1.200000
rprop_decrease_factor=0.500000
rprop_delta_min=0.000000
rprop_delta_max=50.000000
rprop_delta_zero=0.100000
cascade_output_stagnation_epochs=12
cascade_candidate_change_fraction=0.010000
cascade_candidate_stagnation_epochs=12
cascade_max_out_epochs=150
cascade_min_out_epochs=50
cascade_max_cand_epochs=150
cascade_min_cand_epochs=50
cascade_num_candidate_groups=2
bit_fail_limit=1.00000000000000005551e-01
cascade_candidate_limit=1.00000000000000000000e+03
cascade_weight_multiplier=4.00000000000000022204e-01
cascade_activation_functions_count=10
cascade_activation_functions=3 5 7 8 10 11 14 15 16 17 
cascade_activation_steepnesses_count=4
cascade_activation_steepnesses=2.50000000000000000000e-01 5.00000000000000000000e-01 7.50000000000000000000e-01 1.00000000000000000000e+00 
layer_sizes=7 4 2 
scale_included=0
neurons (num_inputs, activation_function, activation_steepness)=(0, 0, 0.00000000000000000000e+00) (0, 0, 0.00000000000000000000e+00) (0, 0, 0.00000000000000000000e+00) (0, 0, 0.00000000000000000000e+00) (0, 0, 0.00000000000000000000e+00) (0, 0, 0.00000000000000000000e+00) (0, 0, 0.00000000000000000000e+00) (7, 6, 5.00000000000000000000e-01) (7, 6, 5.00000000000000000000e-01) (7, 6, 5.00000000000000000000e-01) (0, 6, 0.00000000000000000000e+00) (4, 4, 5.00000000000000000000e-01) (0, 4, 0.00000000000000000000e+00) 
connections (connected_to_neuron, weight)=(0, -8.48698382844671073144e+00) (1, 3.01040787248746699589e+00) (2, 1.30083685459272652141e-01) (3, 5.44404030123417648213e-01) (4, -8.10635923032358568507e-02) (5, 3.40429259075263246359e+00) (6, -5.17587497070633117957e-01) (0, 6.48352608598434887455e+00) (1, -3.90010510332128834676e+00) (2, -1.17612697941083887976e+00) (3, -1.09208653172690279831e+01) (4, -2.40991669087762216961e+00) (5, -2.59614017920098394399e+00) (6, 4.97370742296372192470e+00) (0, -9.45739047453847980762e+00) (1, 1.73152668976957357927e+00) (2, 6.81374726397493635233e-01) (3, 1.25641678681681923102e+00) (4, -2.05259073760516497220e-01) (5, 2.19808673212616101367e+00) (6, -5.81435490939170351865e-01) (7, 2.29685027639561534230e+00) (8, -3.87970677279308429064e+00) (9, 5.05223375925231632522e+00) (10, -1.30748828114975212955e+00) 
