FANN_FLO_2.1
num_layers=3
learning_rate=0.700000
connection_rate=1.000000
network_type=0
learning_momentum=0.000000
training_algorithm=2
train_error_function=1
train_stop_function=1
cascade_output_change_fraction=0.010000
quickprop_decay=-0.000100
quickprop_mu=1.750000
rprop_increase_factor=1.200000
rprop_decrease_factor=0.500000
rprop_delta_min=0.000000
rprop_delta_max=50.000000
rprop_delta_zero=0.100000
cascade_output_stagnation_epochs=12
cascade_candidate_change_fraction=0.010000
cascade_candidate_stagnation_epochs=12
cascade_max_out_epochs=150
cascade_min_out_epochs=50
cascade_max_cand_epochs=150
cascade_min_cand_epochs=50
cascade_num_candidate_groups=2
bit_fail_limit=1.00000000000000005551e-01
cascade_candidate_limit=1.00000000000000000000e+03
cascade_weight_multiplier=4.00000000000000022204e-01
cascade_activation_functions_count=10
cascade_activation_functions=3 5 7 8 10 11 14 15 16 17 
cascade_activation_steepnesses_count=4
cascade_activation_steepnesses=2.50000000000000000000e-01 5.00000000000000000000e-01 7.50000000000000000000e-01 1.00000000000000000000e+00 
layer_sizes=12 4 2 
scale_included=0
neurons (num_inputs, activation_function, activation_steepness)=(0, 0, 0.00000000000000000000e+00) (0, 0, 0.00000000000000000000e+00) (0, 0, 0.00000000000000000000e+00) (0, 0, 0.00000000000000000000e+00) (0, 0, 0.00000000000000000000e+00) (0, 0, 0.00000000000000000000e+00) (0, 0, 0.00000000000000000000e+00) (0, 0, 0.00000000000000000000e+00) (0, 0, 0.00000000000000000000e+00) (0, 0, 0.00000000000000000000e+00) (0, 0, 0.00000000000000000000e+00) (0, 0, 0.00000000000000000000e+00) (12, 6, 5.00000000000000000000e-01) (12, 6, 5.00000000000000000000e-01) (12, 6, 5.00000000000000000000e-01) (0, 6, 0.00000000000000000000e+00) (4, 4, 5.00000000000000000000e-01) (0, 4, 0.00000000000000000000e+00) 
connections (connected_to_neuron, weight)=(0, -1.54336077975272545348e-01) (1, 1.25500610771244414110e+00) (2, 2.35243231955867881933e-01) (3, 2.62340810487355291514e+00) (4, -1.34832356190808266838e+00) (5, 2.44201019531621188463e+00) (6, -4.23003405386801811794e-01) (7, 7.10588383722742644721e+00) (8, 1.38564984394866597128e+00) (9, 1.20002770266857594628e+00) (10, -7.47826048784518859769e-01) (11, 1.50767194234136710229e-02) (0, 5.03823495325046977200e+00) (1, -4.29262710010463521826e+00) (2, -1.87121993604630754149e+00) (3, -3.94100923170527428496e+00) (4, 8.59342861220663278843e-01) (5, -3.15424638592675732340e+00) (6, -4.40164909137818405327e+00) (7, -2.14826352969778744395e+00) (8, -2.02536391729336040513e+00) (9, -2.06820941978912609116e+00) (10, 2.45185642272775661255e+00) (11, 4.46780971277223848404e+00) (0, 5.03229124885398348965e+00) (1, -4.33785163258964345800e+00) (2, -1.74772309813231729869e+00) (3, -3.84784298469504326690e+00) (4, 7.27334047899072855259e-01) (5, -3.16422503047660397257e+00) (6, -4.36270495875212738213e+00) (7, -2.14782922045363156016e+00) (8, -1.99309033417921321885e+00) (9, -1.97045082116346614853e+00) (10, 2.38753924474661838318e+00) (11, 4.51941763449178957046e+00) (12, 1.20594078118077541184e+00) (13, -4.59277506363607113116e+00) (14, -4.62239151638961498492e+00) (15, -1.03796227057870127375e+00) 
