FANN_FLO_2.1
num_layers=3
learning_rate=0.700000
connection_rate=1.000000
network_type=0
learning_momentum=0.000000
training_algorithm=2
train_error_function=1
train_stop_function=1
cascade_output_change_fraction=0.010000
quickprop_decay=-0.000100
quickprop_mu=1.750000
rprop_increase_factor=1.200000
rprop_decrease_factor=0.500000
rprop_delta_min=0.000000
rprop_delta_max=50.000000
rprop_delta_zero=0.100000
cascade_output_stagnation_epochs=12
cascade_candidate_change_fraction=0.010000
cascade_candidate_stagnation_epochs=12
cascade_max_out_epochs=150
cascade_min_out_epochs=50
cascade_max_cand_epochs=150
cascade_min_cand_epochs=50
cascade_num_candidate_groups=2
bit_fail_limit=1.00000000000000005551e-01
cascade_candidate_limit=1.00000000000000000000e+03
cascade_weight_multiplier=4.00000000000000022204e-01
cascade_activation_functions_count=10
cascade_activation_functions=3 5 7 8 10 11 14 15 16 17 
cascade_activation_steepnesses_count=4
cascade_activation_steepnesses=2.50000000000000000000e-01 5.00000000000000000000e-01 7.50000000000000000000e-01 1.00000000000000000000e+00 
layer_sizes=9 4 2 
scale_included=0
neurons (num_inputs, activation_function, activation_steepness)=(0, 0, 0.00000000000000000000e+00) (0, 0, 0.00000000000000000000e+00) (0, 0, 0.00000000000000000000e+00) (0, 0, 0.00000000000000000000e+00) (0, 0, 0.00000000000000000000e+00) (0, 0, 0.00000000000000000000e+00) (0, 0, 0.00000000000000000000e+00) (0, 0, 0.00000000000000000000e+00) (0, 0, 0.00000000000000000000e+00) (9, 6, 5.00000000000000000000e-01) (9, 6, 5.00000000000000000000e-01) (9, 6, 5.00000000000000000000e-01) (0, 6, 0.00000000000000000000e+00) (4, 4, 5.00000000000000000000e-01) (0, 4, 0.00000000000000000000e+00) 
connections (connected_to_neuron, weight)=(0, 1.67261366261982491466e+00) (1, -4.71046516515934410307e+00) (2, 5.57361420461152390349e-02) (3, 5.31195900823738020868e-01) (4, 1.15027418779185408582e+00) (5, 7.22225873671076268323e-01) (6, 8.13906899593374699720e-01) (7, 8.38254398606321782239e-01) (8, 1.22289337264350050916e+00) (0, -1.84703525888206598893e+00) (1, 1.98720438572051172343e+00) (2, 1.09474636031574285022e-01) (3, -2.72689610467497095536e-02) (4, -1.88434191035511133805e+00) (5, -2.29921134601101057049e-01) (6, -3.38804448435768290615e-01) (7, -2.53426531742080851650e-01) (8, -2.57286126206382914638e-01) (0, -6.58793492442946160281e-01) (1, 8.05522414631228533821e-01) (2, 7.82440986714995068141e-01) (3, 2.64462125135845604884e-01) (4, -5.88189637488703453982e-01) (5, 9.67419727655960404178e-04) (6, 5.87371578653779896628e-02) (7, 6.17572358091798695456e-02) (8, 3.73069262345758073662e-02) (9, -4.79113440804803314421e+00) (10, 1.87299507664920916739e+00) (11, 7.92944569296222034893e-01) (12, -6.90947643587016213651e-01) 
