FANN_FLO_2.1
num_layers=3
learning_rate=0.700000
connection_rate=1.000000
network_type=0
learning_momentum=0.000000
training_algorithm=2
train_error_function=1
train_stop_function=1
cascade_output_change_fraction=0.010000
quickprop_decay=-0.000100
quickprop_mu=1.750000
rprop_increase_factor=1.200000
rprop_decrease_factor=0.500000
rprop_delta_min=0.000000
rprop_delta_max=50.000000
rprop_delta_zero=0.100000
cascade_output_stagnation_epochs=12
cascade_candidate_change_fraction=0.010000
cascade_candidate_stagnation_epochs=12
cascade_max_out_epochs=150
cascade_min_out_epochs=50
cascade_max_cand_epochs=150
cascade_min_cand_epochs=50
cascade_num_candidate_groups=2
bit_fail_limit=1.00000000000000005551e-01
cascade_candidate_limit=1.00000000000000000000e+03
cascade_weight_multiplier=4.00000000000000022204e-01
cascade_activation_functions_count=10
cascade_activation_functions=3 5 7 8 10 11 14 15 16 17 
cascade_activation_steepnesses_count=4
cascade_activation_steepnesses=2.50000000000000000000e-01 5.00000000000000000000e-01 7.50000000000000000000e-01 1.00000000000000000000e+00 
layer_sizes=14 4 2 
scale_included=0
neurons (num_inputs, activation_function, activation_steepness)=(0, 0, 0.00000000000000000000e+00) (0, 0, 0.00000000000000000000e+00) (0, 0, 0.00000000000000000000e+00) (0, 0, 0.00000000000000000000e+00) (0, 0, 0.00000000000000000000e+00) (0, 0, 0.00000000000000000000e+00) (0, 0, 0.00000000000000000000e+00) (0, 0, 0.00000000000000000000e+00) (0, 0, 0.00000000000000000000e+00) (0, 0, 0.00000000000000000000e+00) (0, 0, 0.00000000000000000000e+00) (0, 0, 0.00000000000000000000e+00) (0, 0, 0.00000000000000000000e+00) (0, 0, 0.00000000000000000000e+00) (14, 6, 5.00000000000000000000e-01) (14, 6, 5.00000000000000000000e-01) (14, 6, 5.00000000000000000000e-01) (0, 6, 0.00000000000000000000e+00) (4, 4, 5.00000000000000000000e-01) (0, 4, 0.00000000000000000000e+00) 
connections (connected_to_neuron, weight)=(0, -1.77450859646322400831e-01) (1, 7.04036065457338322560e-01) (2, 6.17725994927664445733e-01) (3, 2.83598307780066685724e-02) (4, -1.00831220932171838900e-01) (5, -8.70417370539134094276e-02) (6, 7.43021107777636635738e-01) (7, 2.04939270197564103737e-02) (8, -4.46776717431765502120e-02) (9, -1.61323286518950004265e-01) (10, 8.10593811733680003062e-02) (11, 1.16246219359881539090e-01) (12, 7.50782316832885876501e-02) (13, -6.50060863299390528924e-02) (0, -2.52900953095462455167e+00) (1, 2.53895214190023477130e+00) (2, 2.17854562556938713414e+00) (3, 1.59236759066121180695e+00) (4, -8.99484740940977522961e-01) (5, -7.84926532207180560619e-01) (6, 3.06178983344845789816e+00) (7, -1.45249436508305296289e-01) (8, -2.78581354410348325246e+00) (9, -6.49853809292191164637e-01) (10, 1.18856265679656192269e+00) (11, -1.70002271454318065746e-01) (12, -1.25960745881779689892e-01) (13, -2.46099798258450164212e+00) (0, -2.52665338169839515103e+00) (1, 2.75573403237792025067e+00) (2, 2.16512317365603035313e+00) (3, 1.67445027946965296906e+00) (4, -8.32294760642696918040e-01) (5, -7.69018201528240741283e-01) (6, 3.13698092891984003927e+00) (7, -1.40143210898525938379e-01) (8, -2.78928334654269605153e+00) (9, -1.44360610530058464107e+00) (10, 1.50824907214308012726e+00) (11, -2.80184170851196456820e-01) (12, -3.94953197488273788363e-01) (13, -2.54936566826012267484e+00) (14, 5.33620148010196526656e-01) (15, 6.06836265195344104484e+00) (16, 6.11337183285687579826e+00) (17, -2.41204892721083297147e+00) 
