FANN_FLO_2.1
num_layers=3
learning_rate=0.700000
connection_rate=1.000000
network_type=0
learning_momentum=0.000000
training_algorithm=2
train_error_function=1
train_stop_function=1
cascade_output_change_fraction=0.010000
quickprop_decay=-0.000100
quickprop_mu=1.750000
rprop_increase_factor=1.200000
rprop_decrease_factor=0.500000
rprop_delta_min=0.000000
rprop_delta_max=50.000000
rprop_delta_zero=0.100000
cascade_output_stagnation_epochs=12
cascade_candidate_change_fraction=0.010000
cascade_candidate_stagnation_epochs=12
cascade_max_out_epochs=150
cascade_min_out_epochs=50
cascade_max_cand_epochs=150
cascade_min_cand_epochs=50
cascade_num_candidate_groups=2
bit_fail_limit=1.00000000000000005551e-01
cascade_candidate_limit=1.00000000000000000000e+03
cascade_weight_multiplier=4.00000000000000022204e-01
cascade_activation_functions_count=10
cascade_activation_functions=3 5 7 8 10 11 14 15 16 17 
cascade_activation_steepnesses_count=4
cascade_activation_steepnesses=2.50000000000000000000e-01 5.00000000000000000000e-01 7.50000000000000000000e-01 1.00000000000000000000e+00 
layer_sizes=6 4 2 
scale_included=0
neurons (num_inputs, activation_function, activation_steepness)=(0, 0, 0.00000000000000000000e+00) (0, 0, 0.00000000000000000000e+00) (0, 0, 0.00000000000000000000e+00) (0, 0, 0.00000000000000000000e+00) (0, 0, 0.00000000000000000000e+00) (0, 0, 0.00000000000000000000e+00) (6, 6, 5.00000000000000000000e-01) (6, 6, 5.00000000000000000000e-01) (6, 6, 5.00000000000000000000e-01) (0, 6, 0.00000000000000000000e+00) (4, 4, 5.00000000000000000000e-01) (0, 4, 0.00000000000000000000e+00) 
connections (connected_to_neuron, weight)=(0, 3.57518569382004158808e-01) (1, 1.06462432840479803708e+00) (2, 1.53779300904048765730e+00) (3, 1.65418294272349726270e+01) (4, 1.44281405950338603716e+00) (5, -1.43802299051323978496e+00) (0, 3.66378290495195033105e-02) (1, 1.63343873804783679127e+00) (2, 1.53562775110973204207e+00) (3, 1.54921947368217747254e+01) (4, 2.05238551505917943274e+00) (5, -1.35827877972413957330e+00) (0, -1.56304741426708448948e+00) (1, -8.04958349903536429792e-01) (2, -5.12448243499231015363e-01) (3, 2.49528838270981978553e+00) (4, -8.22492453397267286874e-01) (5, 8.36555808264308864430e-01) (6, 1.88942729518228240693e+01) (7, 3.50724373142454979302e+01) (8, -7.67308148062797386046e+01) (9, -1.33929071890708306647e+00) 
