FANN_FLO_2.1
num_layers=3
learning_rate=0.700000
connection_rate=1.000000
network_type=0
learning_momentum=0.000000
training_algorithm=2
train_error_function=1
train_stop_function=1
cascade_output_change_fraction=0.010000
quickprop_decay=-0.000100
quickprop_mu=1.750000
rprop_increase_factor=1.200000
rprop_decrease_factor=0.500000
rprop_delta_min=0.000000
rprop_delta_max=50.000000
rprop_delta_zero=0.100000
cascade_output_stagnation_epochs=12
cascade_candidate_change_fraction=0.010000
cascade_candidate_stagnation_epochs=12
cascade_max_out_epochs=150
cascade_min_out_epochs=50
cascade_max_cand_epochs=150
cascade_min_cand_epochs=50
cascade_num_candidate_groups=2
bit_fail_limit=1.00000000000000005551e-01
cascade_candidate_limit=1.00000000000000000000e+03
cascade_weight_multiplier=4.00000000000000022204e-01
cascade_activation_functions_count=10
cascade_activation_functions=3 5 7 8 10 11 14 15 16 17 
cascade_activation_steepnesses_count=4
cascade_activation_steepnesses=2.50000000000000000000e-01 5.00000000000000000000e-01 7.50000000000000000000e-01 1.00000000000000000000e+00 
layer_sizes=12 4 2 
scale_included=0
neurons (num_inputs, activation_function, activation_steepness)=(0, 0, 0.00000000000000000000e+00) (0, 0, 0.00000000000000000000e+00) (0, 0, 0.00000000000000000000e+00) (0, 0, 0.00000000000000000000e+00) (0, 0, 0.00000000000000000000e+00) (0, 0, 0.00000000000000000000e+00) (0, 0, 0.00000000000000000000e+00) (0, 0, 0.00000000000000000000e+00) (0, 0, 0.00000000000000000000e+00) (0, 0, 0.00000000000000000000e+00) (0, 0, 0.00000000000000000000e+00) (0, 0, 0.00000000000000000000e+00) (12, 6, 5.00000000000000000000e-01) (12, 6, 5.00000000000000000000e-01) (12, 6, 5.00000000000000000000e-01) (0, 6, 0.00000000000000000000e+00) (4, 4, 5.00000000000000000000e-01) (0, 4, 0.00000000000000000000e+00) 
connections (connected_to_neuron, weight)=(0, 1.39026296964401407941e+00) (1, -2.79659531522296012085e+00) (2, -8.47847395568362194318e-01) (3, -6.99943997207636225966e-01) (4, 1.30963123740185493488e-02) (5, -3.22820129116272136471e+00) (6, 7.42296971990516696316e-01) (7, -3.58431777183870758918e+00) (8, 1.44228362307906393669e-01) (9, 3.00151240143812836347e-01) (10, 2.60643166479325927298e+01) (11, 1.35199467089850866586e+00) (0, -1.42105911741104340429e+00) (1, 1.24037520174531268324e+00) (2, 1.77952137170598545524e+00) (3, 8.74596398498896920870e-01) (4, -4.29658293640966137961e-01) (5, 1.22136073027702085625e+00) (6, -2.09661520599459749725e-01) (7, 1.20679822391808100335e+00) (8, 2.94264935885774070456e+00) (9, -1.09738376130865011859e-01) (10, 1.50000000000000000000e+03) (11, -2.00968034061324507533e+00) (0, 1.39284523278678862290e+00) (1, -2.77009260166190207642e+00) (2, -6.48497295940449025586e-01) (3, -1.82737225831789062980e+00) (4, -1.96338882634337713595e-01) (5, -2.32788296217992884962e+00) (6, -2.10958876648845966573e-01) (7, -2.20560986312492879335e+00) (8, 1.31246545151223109604e-01) (9, 2.14668330516106620198e-01) (10, 2.60087902200079597037e+01) (11, 1.67443831457528058415e+00) (12, -3.33919355105083281998e+00) (13, 1.43462461824322193849e+01) (14, -3.37136625702898795609e+00) (15, -5.83386706686425116075e-01) 
