FANN_FLO_2.1
num_layers=3
learning_rate=0.700000
connection_rate=1.000000
network_type=0
learning_momentum=0.000000
training_algorithm=2
train_error_function=1
train_stop_function=1
cascade_output_change_fraction=0.010000
quickprop_decay=-0.000100
quickprop_mu=1.750000
rprop_increase_factor=1.200000
rprop_decrease_factor=0.500000
rprop_delta_min=0.000000
rprop_delta_max=50.000000
rprop_delta_zero=0.100000
cascade_output_stagnation_epochs=12
cascade_candidate_change_fraction=0.010000
cascade_candidate_stagnation_epochs=12
cascade_max_out_epochs=150
cascade_min_out_epochs=50
cascade_max_cand_epochs=150
cascade_min_cand_epochs=50
cascade_num_candidate_groups=2
bit_fail_limit=1.00000000000000005551e-01
cascade_candidate_limit=1.00000000000000000000e+03
cascade_weight_multiplier=4.00000000000000022204e-01
cascade_activation_functions_count=10
cascade_activation_functions=3 5 7 8 10 11 14 15 16 17 
cascade_activation_steepnesses_count=4
cascade_activation_steepnesses=2.50000000000000000000e-01 5.00000000000000000000e-01 7.50000000000000000000e-01 1.00000000000000000000e+00 
layer_sizes=6 4 2 
scale_included=0
neurons (num_inputs, activation_function, activation_steepness)=(0, 0, 0.00000000000000000000e+00) (0, 0, 0.00000000000000000000e+00) (0, 0, 0.00000000000000000000e+00) (0, 0, 0.00000000000000000000e+00) (0, 0, 0.00000000000000000000e+00) (0, 0, 0.00000000000000000000e+00) (6, 6, 5.00000000000000000000e-01) (6, 6, 5.00000000000000000000e-01) (6, 6, 5.00000000000000000000e-01) (0, 6, 0.00000000000000000000e+00) (4, 4, 5.00000000000000000000e-01) (0, 4, 0.00000000000000000000e+00) 
connections (connected_to_neuron, weight)=(0, -1.30089735142679630009e-01) (1, 6.53406078636449505481e-01) (2, 1.10490418338656359865e+00) (3, -2.48184636028351501835e+00) (4, 6.75440459049848840323e-01) (5, 8.30869509833260938558e-02) (0, -1.08018003848086117102e+01) (1, 5.51650900529126264615e+00) (2, 2.66339927151624689117e+00) (3, 1.29875400173380111113e+01) (4, 5.45236962635282562673e+00) (5, -4.90641142744115521523e-01) (0, 4.20239440831058057996e-03) (1, 7.17031906068128277454e-01) (2, 1.13368378692746096803e+00) (3, -2.55438133249273002789e+00) (4, 7.48788434670136004989e-01) (5, 2.79442807606875096710e-03) (6, 6.87035131780874142038e+00) (7, 1.19464613452750096911e+01) (8, 1.30197191060470007784e+01) (9, -7.57130552894643010786e-02) 
