FANN_FLO_2.1
num_layers=3
learning_rate=0.700000
connection_rate=1.000000
network_type=0
learning_momentum=0.000000
training_algorithm=2
train_error_function=1
train_stop_function=1
cascade_output_change_fraction=0.010000
quickprop_decay=-0.000100
quickprop_mu=1.750000
rprop_increase_factor=1.200000
rprop_decrease_factor=0.500000
rprop_delta_min=0.000000
rprop_delta_max=50.000000
rprop_delta_zero=0.100000
cascade_output_stagnation_epochs=12
cascade_candidate_change_fraction=0.010000
cascade_candidate_stagnation_epochs=12
cascade_max_out_epochs=150
cascade_min_out_epochs=50
cascade_max_cand_epochs=150
cascade_min_cand_epochs=50
cascade_num_candidate_groups=2
bit_fail_limit=1.00000000000000005551e-01
cascade_candidate_limit=1.00000000000000000000e+03
cascade_weight_multiplier=4.00000000000000022204e-01
cascade_activation_functions_count=10
cascade_activation_functions=3 5 7 8 10 11 14 15 16 17 
cascade_activation_steepnesses_count=4
cascade_activation_steepnesses=2.50000000000000000000e-01 5.00000000000000000000e-01 7.50000000000000000000e-01 1.00000000000000000000e+00 
layer_sizes=16 4 2 
scale_included=0
neurons (num_inputs, activation_function, activation_steepness)=(0, 0, 0.00000000000000000000e+00) (0, 0, 0.00000000000000000000e+00) (0, 0, 0.00000000000000000000e+00) (0, 0, 0.00000000000000000000e+00) (0, 0, 0.00000000000000000000e+00) (0, 0, 0.00000000000000000000e+00) (0, 0, 0.00000000000000000000e+00) (0, 0, 0.00000000000000000000e+00) (0, 0, 0.00000000000000000000e+00) (0, 0, 0.00000000000000000000e+00) (0, 0, 0.00000000000000000000e+00) (0, 0, 0.00000000000000000000e+00) (0, 0, 0.00000000000000000000e+00) (0, 0, 0.00000000000000000000e+00) (0, 0, 0.00000000000000000000e+00) (0, 0, 0.00000000000000000000e+00) (16, 6, 5.00000000000000000000e-01) (16, 6, 5.00000000000000000000e-01) (16, 6, 5.00000000000000000000e-01) (0, 6, 0.00000000000000000000e+00) (4, 4, 5.00000000000000000000e-01) (0, 4, 0.00000000000000000000e+00) 
connections (connected_to_neuron, weight)=(0, -1.01619204722471039304e+01) (1, 5.63602461024045275906e+00) (2, 5.16275046265093084941e+00) (3, -1.13286513483211992437e+00) (4, 1.98901174921383194771e+00) (5, 5.62811364563671734373e+00) (6, 5.16122242307630774150e+00) (7, 1.97382739145149521676e+00) (8, -9.33045621729341911887e-01) (9, -7.64255413162974406305e-01) (10, 5.55386950368567067216e+00) (11, 5.19736679455149541695e+00) (12, -5.27924011655174774127e-01) (13, -2.79431144946093390491e-01) (14, -1.71313987899289554839e+00) (15, -4.14747813565996104046e+00) (0, -2.75378473552765568044e+00) (1, 1.32942620933726773913e+00) (2, 1.44049091686323649242e+00) (3, -1.38700091511839795899e+00) (4, 1.10332732655646292841e+00) (5, 8.91156555390468008149e-01) (6, 1.52268947772662133211e+00) (7, 1.09075712518189726907e+00) (8, -1.83072732743235278008e+00) (9, -1.33771988255144425040e+00) (10, 1.31626187735318200822e+00) (11, 1.40752293653766602510e+00) (12, -1.25171879495906734903e+00) (13, -4.27695017652851672274e-01) (14, -9.40170114304267334759e-01) (15, -2.54840673141507434440e-01) (0, -1.08451591986544340074e+01) (1, 5.69336524708985614041e+00) (2, 5.19086457625273123284e+00) (3, -1.06453995799705980474e+00) (4, 1.97493092514030821327e+00) (5, 5.91921884808145382095e+00) (6, 5.32630283980743524097e+00) (7, 2.06132170356266364308e+00) (8, -8.01559197021680436279e-01) (9, -6.52713554867012324401e-01) (10, 5.85382493290343575154e+00) (11, 5.47559819533146630022e+00) (12, -5.12816423743125304746e-01) (13, -8.80172865836314710641e-01) (14, -9.09781160891628859488e-01) (15, -4.26786589099433921746e+00) (16, 4.86501805770433559672e+00) (17, 3.06938282674180129561e+00) (18, 4.86768995511568203227e+00) (19, -7.16036275756353868260e-01) 
