FANN_FLO_2.1
num_layers=3
learning_rate=0.700000
connection_rate=1.000000
network_type=0
learning_momentum=0.000000
training_algorithm=2
train_error_function=1
train_stop_function=1
cascade_output_change_fraction=0.010000
quickprop_decay=-0.000100
quickprop_mu=1.750000
rprop_increase_factor=1.200000
rprop_decrease_factor=0.500000
rprop_delta_min=0.000000
rprop_delta_max=50.000000
rprop_delta_zero=0.100000
cascade_output_stagnation_epochs=12
cascade_candidate_change_fraction=0.010000
cascade_candidate_stagnation_epochs=12
cascade_max_out_epochs=150
cascade_min_out_epochs=50
cascade_max_cand_epochs=150
cascade_min_cand_epochs=50
cascade_num_candidate_groups=2
bit_fail_limit=1.00000000000000005551e-01
cascade_candidate_limit=1.00000000000000000000e+03
cascade_weight_multiplier=4.00000000000000022204e-01
cascade_activation_functions_count=10
cascade_activation_functions=3 5 7 8 10 11 14 15 16 17 
cascade_activation_steepnesses_count=4
cascade_activation_steepnesses=2.50000000000000000000e-01 5.00000000000000000000e-01 7.50000000000000000000e-01 1.00000000000000000000e+00 
layer_sizes=10 4 2 
scale_included=0
neurons (num_inputs, activation_function, activation_steepness)=(0, 0, 0.00000000000000000000e+00) (0, 0, 0.00000000000000000000e+00) (0, 0, 0.00000000000000000000e+00) (0, 0, 0.00000000000000000000e+00) (0, 0, 0.00000000000000000000e+00) (0, 0, 0.00000000000000000000e+00) (0, 0, 0.00000000000000000000e+00) (0, 0, 0.00000000000000000000e+00) (0, 0, 0.00000000000000000000e+00) (0, 0, 0.00000000000000000000e+00) (10, 6, 5.00000000000000000000e-01) (10, 6, 5.00000000000000000000e-01) (10, 6, 5.00000000000000000000e-01) (0, 6, 0.00000000000000000000e+00) (4, 4, 5.00000000000000000000e-01) (0, 4, 0.00000000000000000000e+00) 
connections (connected_to_neuron, weight)=(0, -3.41775227371498369067e+00) (1, 2.89802454160793088178e+00) (2, 2.05812911715652502309e+00) (3, 3.02139672196019626327e+00) (4, 2.98414580782915095369e+00) (5, 2.68736815085906943779e+00) (6, 7.39179528743192371110e-02) (7, 3.13502082498195910887e+00) (8, 3.24642802986117473552e-01) (9, -3.98588513681141076717e+00) (0, 3.18187928158214594632e+00) (1, -3.81412760649153792514e+00) (2, -3.80679975818536808774e+00) (3, -5.29589146806561927860e+00) (4, 3.26726442211037548802e+00) (5, -4.10435403719092750663e+00) (6, 1.55620934494943718995e+00) (7, 3.09940131593423338074e+01) (8, 3.09600808646457643647e+01) (9, 3.20949370135570966056e+00) (0, 1.78159264734382122297e-01) (1, -2.75596364576941255109e-01) (2, -2.85175635629212817501e-03) (3, -4.81811852332743817406e-01) (4, -2.63382067772111927439e+00) (5, -3.82768135784556873258e-01) (6, -8.28929173647960648719e-02) (7, 1.03781258881214477618e+00) (8, 1.04986727804067947467e+00) (9, 2.10375119130010612700e-01) (10, 1.28635312653754745327e+01) (11, -4.60259756109907236521e+00) (12, -1.35748896306120325761e+00) (13, -1.20296801790338658833e+00) 
