FANN_FLO_2.1
num_layers=3
learning_rate=0.700000
connection_rate=1.000000
network_type=0
learning_momentum=0.000000
training_algorithm=2
train_error_function=1
train_stop_function=1
cascade_output_change_fraction=0.010000
quickprop_decay=-0.000100
quickprop_mu=1.750000
rprop_increase_factor=1.200000
rprop_decrease_factor=0.500000
rprop_delta_min=0.000000
rprop_delta_max=50.000000
rprop_delta_zero=0.100000
cascade_output_stagnation_epochs=12
cascade_candidate_change_fraction=0.010000
cascade_candidate_stagnation_epochs=12
cascade_max_out_epochs=150
cascade_min_out_epochs=50
cascade_max_cand_epochs=150
cascade_min_cand_epochs=50
cascade_num_candidate_groups=2
bit_fail_limit=1.00000000000000005551e-01
cascade_candidate_limit=1.00000000000000000000e+03
cascade_weight_multiplier=4.00000000000000022204e-01
cascade_activation_functions_count=10
cascade_activation_functions=3 5 7 8 10 11 14 15 16 17 
cascade_activation_steepnesses_count=4
cascade_activation_steepnesses=2.50000000000000000000e-01 5.00000000000000000000e-01 7.50000000000000000000e-01 1.00000000000000000000e+00 
layer_sizes=8 4 2 
scale_included=0
neurons (num_inputs, activation_function, activation_steepness)=(0, 0, 0.00000000000000000000e+00) (0, 0, 0.00000000000000000000e+00) (0, 0, 0.00000000000000000000e+00) (0, 0, 0.00000000000000000000e+00) (0, 0, 0.00000000000000000000e+00) (0, 0, 0.00000000000000000000e+00) (0, 0, 0.00000000000000000000e+00) (0, 0, 0.00000000000000000000e+00) (8, 6, 5.00000000000000000000e-01) (8, 6, 5.00000000000000000000e-01) (8, 6, 5.00000000000000000000e-01) (0, 6, 0.00000000000000000000e+00) (4, 4, 5.00000000000000000000e-01) (0, 4, 0.00000000000000000000e+00) 
connections (connected_to_neuron, weight)=(0, -5.58606453923976120635e-01) (1, 3.48392493626983545951e+00) (2, 3.21113765203853906982e+00) (3, 3.35730385384471796684e+00) (4, -2.67066305189103299356e-02) (5, 1.89065099769190947399e-01) (6, -1.18577209723022058974e+00) (7, -1.83739161899484026996e+00) (0, -5.36029440239548238267e-01) (1, 2.65898312747105647347e+00) (2, 3.05917187755035557828e+00) (3, 2.61252094179019023201e+00) (4, -5.48656088188766988267e-01) (5, -3.60210852115807889096e-02) (6, -5.40833328739285024156e-01) (7, -1.46316078645013614157e+00) (0, -4.31958184330260452910e-01) (1, 3.34280969551713846855e+00) (2, 3.20835392141243280761e+00) (3, 3.43661441258104227714e+00) (4, -2.15644261290818123333e-01) (5, 1.60345123224810759410e-01) (6, -1.14775646340873316298e+00) (7, -1.82445057889617312519e+00) (8, 8.32795112692697259149e+00) (9, 2.42260168997439251370e+00) (10, 8.31926938258989068231e+00) (11, -1.72532272746957171528e+00) 
