FANN_FLO_2.1
num_layers=3
learning_rate=0.700000
connection_rate=1.000000
network_type=0
learning_momentum=0.000000
training_algorithm=2
train_error_function=1
train_stop_function=1
cascade_output_change_fraction=0.010000
quickprop_decay=-0.000100
quickprop_mu=1.750000
rprop_increase_factor=1.200000
rprop_decrease_factor=0.500000
rprop_delta_min=0.000000
rprop_delta_max=50.000000
rprop_delta_zero=0.100000
cascade_output_stagnation_epochs=12
cascade_candidate_change_fraction=0.010000
cascade_candidate_stagnation_epochs=12
cascade_max_out_epochs=150
cascade_min_out_epochs=50
cascade_max_cand_epochs=150
cascade_min_cand_epochs=50
cascade_num_candidate_groups=2
bit_fail_limit=1.00000000000000005551e-01
cascade_candidate_limit=1.00000000000000000000e+03
cascade_weight_multiplier=4.00000000000000022204e-01
cascade_activation_functions_count=10
cascade_activation_functions=3 5 7 8 10 11 14 15 16 17 
cascade_activation_steepnesses_count=4
cascade_activation_steepnesses=2.50000000000000000000e-01 5.00000000000000000000e-01 7.50000000000000000000e-01 1.00000000000000000000e+00 
layer_sizes=11 4 2 
scale_included=0
neurons (num_inputs, activation_function, activation_steepness)=(0, 0, 0.00000000000000000000e+00) (0, 0, 0.00000000000000000000e+00) (0, 0, 0.00000000000000000000e+00) (0, 0, 0.00000000000000000000e+00) (0, 0, 0.00000000000000000000e+00) (0, 0, 0.00000000000000000000e+00) (0, 0, 0.00000000000000000000e+00) (0, 0, 0.00000000000000000000e+00) (0, 0, 0.00000000000000000000e+00) (0, 0, 0.00000000000000000000e+00) (0, 0, 0.00000000000000000000e+00) (11, 6, 5.00000000000000000000e-01) (11, 6, 5.00000000000000000000e-01) (11, 6, 5.00000000000000000000e-01) (0, 6, 0.00000000000000000000e+00) (4, 4, 5.00000000000000000000e-01) (0, 4, 0.00000000000000000000e+00) 
connections (connected_to_neuron, weight)=(0, 2.97755029289876460563e-01) (1, 6.18450802192330062468e-01) (2, 1.02702703610619128227e+00) (3, -1.11658343536019083464e-01) (4, 6.98291904329856993883e-01) (5, -4.85044778142049548553e-01) (6, 2.78397617259876328788e-01) (7, 1.24989250881961999617e+00) (8, 1.06621092168745623674e+00) (9, -7.95204022934407839251e-01) (10, -2.73191201206592793049e-01) (0, 2.22654806364194407520e-01) (1, 2.40705181879992080596e+00) (2, 3.10965489561382923966e+00) (3, -1.48084313276248780156e+00) (4, 3.17930331601363747041e+00) (5, -1.63393327716780611958e+00) (6, 2.57382360923755237891e+00) (7, 1.08903252248472548480e+00) (8, 9.78570163690640648646e-01) (9, -4.43462194094259487542e+00) (10, -2.79969389018818626269e+00) (0, 1.10263595271722553148e-01) (1, 2.30645876599545163188e+00) (2, 3.42760826197382684200e+00) (3, -1.88750438542668241837e+00) (4, 3.35773946955775315359e+00) (5, -1.96331805410444326654e+00) (6, 2.21639750427643278385e+00) (7, 1.67730718364406872212e+00) (8, 1.03464096828658735916e+00) (9, -4.52495152293945945843e+00) (10, -2.72678443444177398547e+00) (11, 3.53021639823751343101e-01) (12, 1.00989115330237897439e+01) (13, 1.01281768697161229653e+01) (14, -1.83457812785825735702e+00) 
