FANN_FLO_2.1
num_layers=3
learning_rate=0.700000
connection_rate=1.000000
network_type=0
learning_momentum=0.000000
training_algorithm=2
train_error_function=1
train_stop_function=1
cascade_output_change_fraction=0.010000
quickprop_decay=-0.000100
quickprop_mu=1.750000
rprop_increase_factor=1.200000
rprop_decrease_factor=0.500000
rprop_delta_min=0.000000
rprop_delta_max=50.000000
rprop_delta_zero=0.100000
cascade_output_stagnation_epochs=12
cascade_candidate_change_fraction=0.010000
cascade_candidate_stagnation_epochs=12
cascade_max_out_epochs=150
cascade_min_out_epochs=50
cascade_max_cand_epochs=150
cascade_min_cand_epochs=50
cascade_num_candidate_groups=2
bit_fail_limit=1.00000000000000005551e-01
cascade_candidate_limit=1.00000000000000000000e+03
cascade_weight_multiplier=4.00000000000000022204e-01
cascade_activation_functions_count=10
cascade_activation_functions=3 5 7 8 10 11 14 15 16 17 
cascade_activation_steepnesses_count=4
cascade_activation_steepnesses=2.50000000000000000000e-01 5.00000000000000000000e-01 7.50000000000000000000e-01 1.00000000000000000000e+00 
layer_sizes=10 4 2 
scale_included=0
neurons (num_inputs, activation_function, activation_steepness)=(0, 0, 0.00000000000000000000e+00) (0, 0, 0.00000000000000000000e+00) (0, 0, 0.00000000000000000000e+00) (0, 0, 0.00000000000000000000e+00) (0, 0, 0.00000000000000000000e+00) (0, 0, 0.00000000000000000000e+00) (0, 0, 0.00000000000000000000e+00) (0, 0, 0.00000000000000000000e+00) (0, 0, 0.00000000000000000000e+00) (0, 0, 0.00000000000000000000e+00) (10, 6, 5.00000000000000000000e-01) (10, 6, 5.00000000000000000000e-01) (10, 6, 5.00000000000000000000e-01) (0, 6, 0.00000000000000000000e+00) (4, 4, 5.00000000000000000000e-01) (0, 4, 0.00000000000000000000e+00) 
connections (connected_to_neuron, weight)=(0, -3.71741331505253957967e-01) (1, 4.41568559795998183404e-01) (2, 1.97689907852737278837e+00) (3, -1.44219943688376184276e+00) (4, -1.46979705051644082836e+00) (5, -4.03883076595738577108e-01) (6, -6.35220531848290914656e-02) (7, 1.46790358985735625019e+00) (8, 4.28426405766773377159e-01) (9, 1.81427778919498704224e-02) (0, -1.71971360226118519243e+00) (1, 1.76772462446849032425e+00) (2, 1.27764299191832253477e+00) (3, -1.72099818513033286926e+00) (4, -1.80383417979118720886e+00) (5, -9.11914799192762082214e-01) (6, -1.02833222241060617819e+00) (7, 9.26652153141036216688e-01) (8, 1.38484137045768784802e-01) (9, -5.30329243779986692076e-01) (0, -4.69618036734536337118e-01) (1, 4.25113267094276991998e-01) (2, 1.84927254770128102201e+00) (3, -1.40751720772249933056e+00) (4, -1.45853181735737558178e+00) (5, -3.80468718099072622518e-01) (6, -1.30222336622796364125e-01) (7, 1.51211318935229033222e+00) (8, 5.08007711151409302452e-01) (9, 5.95991270859997229747e-02) (10, 2.27949051621688658642e+00) (11, 1.97848723795480800902e+01) (12, 2.28930532994998747753e+00) (13, -8.56754246929502194519e-01) 
