FANN_FLO_2.1
num_layers=3
learning_rate=0.700000
connection_rate=1.000000
network_type=0
learning_momentum=0.000000
training_algorithm=2
train_error_function=1
train_stop_function=1
cascade_output_change_fraction=0.010000
quickprop_decay=-0.000100
quickprop_mu=1.750000
rprop_increase_factor=1.200000
rprop_decrease_factor=0.500000
rprop_delta_min=0.000000
rprop_delta_max=50.000000
rprop_delta_zero=0.100000
cascade_output_stagnation_epochs=12
cascade_candidate_change_fraction=0.010000
cascade_candidate_stagnation_epochs=12
cascade_max_out_epochs=150
cascade_min_out_epochs=50
cascade_max_cand_epochs=150
cascade_min_cand_epochs=50
cascade_num_candidate_groups=2
bit_fail_limit=1.00000000000000005551e-01
cascade_candidate_limit=1.00000000000000000000e+03
cascade_weight_multiplier=4.00000000000000022204e-01
cascade_activation_functions_count=10
cascade_activation_functions=3 5 7 8 10 11 14 15 16 17 
cascade_activation_steepnesses_count=4
cascade_activation_steepnesses=2.50000000000000000000e-01 5.00000000000000000000e-01 7.50000000000000000000e-01 1.00000000000000000000e+00 
layer_sizes=8 4 2 
scale_included=0
neurons (num_inputs, activation_function, activation_steepness)=(0, 0, 0.00000000000000000000e+00) (0, 0, 0.00000000000000000000e+00) (0, 0, 0.00000000000000000000e+00) (0, 0, 0.00000000000000000000e+00) (0, 0, 0.00000000000000000000e+00) (0, 0, 0.00000000000000000000e+00) (0, 0, 0.00000000000000000000e+00) (0, 0, 0.00000000000000000000e+00) (8, 6, 5.00000000000000000000e-01) (8, 6, 5.00000000000000000000e-01) (8, 6, 5.00000000000000000000e-01) (0, 6, 0.00000000000000000000e+00) (4, 4, 5.00000000000000000000e-01) (0, 4, 0.00000000000000000000e+00) 
connections (connected_to_neuron, weight)=(0, -1.04699376333396898531e+00) (1, 2.57696937817703419782e+00) (2, 1.46565995289791251022e-01) (3, -2.46524299645917960300e-01) (4, -2.87471669877069568866e-01) (5, -2.18697804177301474704e-01) (6, -2.34096230325585741294e-01) (7, -1.62060470666514122584e+00) (0, -2.91163246270222331180e-01) (1, 1.24317764316630152699e+00) (2, 8.65919408186779232528e-02) (3, -3.13076282974285746707e-01) (4, -2.99528994919413260600e-01) (5, -2.63709525700611679966e-01) (6, -4.54103052637035209393e-01) (7, -5.67391111999887232109e-01) (0, -4.04689950006508147862e-01) (1, 6.50017866687087053634e-01) (2, 3.69469971464526258931e-01) (3, 7.88312130331440680253e-02) (4, -5.47059974909381296904e-02) (5, -4.79889600813941386015e-02) (6, -8.94218666469437373223e-02) (7, -1.27107948225750305715e-01) (8, 1.27409892227041527946e+01) (9, 2.96461317663693124658e+00) (10, 1.72141179725244952703e-01) (11, -9.96993317583602101095e-01) 
