FANN_FLO_2.1
num_layers=3
learning_rate=0.700000
connection_rate=1.000000
network_type=0
learning_momentum=0.000000
training_algorithm=2
train_error_function=1
train_stop_function=1
cascade_output_change_fraction=0.010000
quickprop_decay=-0.000100
quickprop_mu=1.750000
rprop_increase_factor=1.200000
rprop_decrease_factor=0.500000
rprop_delta_min=0.000000
rprop_delta_max=50.000000
rprop_delta_zero=0.100000
cascade_output_stagnation_epochs=12
cascade_candidate_change_fraction=0.010000
cascade_candidate_stagnation_epochs=12
cascade_max_out_epochs=150
cascade_min_out_epochs=50
cascade_max_cand_epochs=150
cascade_min_cand_epochs=50
cascade_num_candidate_groups=2
bit_fail_limit=1.00000000000000005551e-01
cascade_candidate_limit=1.00000000000000000000e+03
cascade_weight_multiplier=4.00000000000000022204e-01
cascade_activation_functions_count=10
cascade_activation_functions=3 5 7 8 10 11 14 15 16 17 
cascade_activation_steepnesses_count=4
cascade_activation_steepnesses=2.50000000000000000000e-01 5.00000000000000000000e-01 7.50000000000000000000e-01 1.00000000000000000000e+00 
layer_sizes=10 4 2 
scale_included=0
neurons (num_inputs, activation_function, activation_steepness)=(0, 0, 0.00000000000000000000e+00) (0, 0, 0.00000000000000000000e+00) (0, 0, 0.00000000000000000000e+00) (0, 0, 0.00000000000000000000e+00) (0, 0, 0.00000000000000000000e+00) (0, 0, 0.00000000000000000000e+00) (0, 0, 0.00000000000000000000e+00) (0, 0, 0.00000000000000000000e+00) (0, 0, 0.00000000000000000000e+00) (0, 0, 0.00000000000000000000e+00) (10, 6, 5.00000000000000000000e-01) (10, 6, 5.00000000000000000000e-01) (10, 6, 5.00000000000000000000e-01) (0, 6, 0.00000000000000000000e+00) (4, 4, 5.00000000000000000000e-01) (0, 4, 0.00000000000000000000e+00) 
connections (connected_to_neuron, weight)=(0, -6.41151417316416116776e-01) (1, 9.39197744628093467156e-01) (2, 8.49913353592235409906e-01) (3, -3.19012895314583322381e-01) (4, -8.43910564701029430879e-01) (5, -6.35330993951776834550e-01) (6, -3.04153501191468556009e-01) (7, 1.42836616635382274154e+00) (8, -6.69932190598467203202e-01) (9, 1.40213325598144339379e-01) (0, 9.30932605596378692780e-01) (1, -1.56635534421540256744e+00) (2, -1.65587614245482050990e+00) (3, 1.00345988096987492888e+00) (4, 9.13949916354215630143e-01) (5, 9.13936143698290237580e-01) (6, 9.62390841873482116853e-01) (7, -1.45208424905700583807e+00) (8, 8.93093058796718963777e-01) (9, 1.06325862738688292630e+00) (0, -2.16779986000389029988e-01) (1, 4.80677783496286425979e-01) (2, 4.21802839431671472425e+00) (3, -3.27826240500014520762e-01) (4, -2.42499152371562942676e-01) (5, -2.79458092129558577366e-01) (6, -1.43844017362922599323e-01) (7, 2.96794567430131106534e+00) (8, -2.99716459191173567600e-01) (9, 1.38325698574732147694e-01) (10, 8.46308495780753400339e-01) (11, -2.24235798158653700796e+01) (12, 9.26077504345703461652e-01) (13, -3.69774716415775694944e-01) 
