FANN_FLO_2.1
num_layers=3
learning_rate=0.700000
connection_rate=1.000000
network_type=0
learning_momentum=0.000000
training_algorithm=2
train_error_function=1
train_stop_function=1
cascade_output_change_fraction=0.010000
quickprop_decay=-0.000100
quickprop_mu=1.750000
rprop_increase_factor=1.200000
rprop_decrease_factor=0.500000
rprop_delta_min=0.000000
rprop_delta_max=50.000000
rprop_delta_zero=0.100000
cascade_output_stagnation_epochs=12
cascade_candidate_change_fraction=0.010000
cascade_candidate_stagnation_epochs=12
cascade_max_out_epochs=150
cascade_min_out_epochs=50
cascade_max_cand_epochs=150
cascade_min_cand_epochs=50
cascade_num_candidate_groups=2
bit_fail_limit=1.00000000000000005551e-01
cascade_candidate_limit=1.00000000000000000000e+03
cascade_weight_multiplier=4.00000000000000022204e-01
cascade_activation_functions_count=10
cascade_activation_functions=3 5 7 8 10 11 14 15 16 17 
cascade_activation_steepnesses_count=4
cascade_activation_steepnesses=2.50000000000000000000e-01 5.00000000000000000000e-01 7.50000000000000000000e-01 1.00000000000000000000e+00 
layer_sizes=13 4 2 
scale_included=0
neurons (num_inputs, activation_function, activation_steepness)=(0, 0, 0.00000000000000000000e+00) (0, 0, 0.00000000000000000000e+00) (0, 0, 0.00000000000000000000e+00) (0, 0, 0.00000000000000000000e+00) (0, 0, 0.00000000000000000000e+00) (0, 0, 0.00000000000000000000e+00) (0, 0, 0.00000000000000000000e+00) (0, 0, 0.00000000000000000000e+00) (0, 0, 0.00000000000000000000e+00) (0, 0, 0.00000000000000000000e+00) (0, 0, 0.00000000000000000000e+00) (0, 0, 0.00000000000000000000e+00) (0, 0, 0.00000000000000000000e+00) (13, 6, 5.00000000000000000000e-01) (13, 6, 5.00000000000000000000e-01) (13, 6, 5.00000000000000000000e-01) (0, 6, 0.00000000000000000000e+00) (4, 4, 5.00000000000000000000e-01) (0, 4, 0.00000000000000000000e+00) 
connections (connected_to_neuron, weight)=(0, 8.74431437609633155361e-01) (1, -2.74239131642713296344e-01) (2, -2.76967688056739103075e-01) (3, -1.26747584182048207424e+01) (4, -2.38426295550442091109e-02) (5, 1.87209534465154381344e+00) (6, -1.55084542706127570533e+00) (7, 5.76641325759890022162e-01) (8, -4.36375130832790614210e-01) (9, -4.12095093679396506925e-01) (10, 2.93537866488280219102e+00) (11, -1.72337856833824831781e+00) (12, 7.37973703799685187832e-01) (0, -2.58237055816183413981e+00) (1, 1.41870542764781171208e+00) (2, 1.12219324041678913950e+00) (3, 1.15730344645395155645e+00) (4, 4.77855848467872920682e-02) (5, -1.92203281913762835664e+00) (6, 2.66032109704048824739e+00) (7, -6.85480158633876013319e-01) (8, 1.12075035151650781451e+00) (9, 1.78181427905922196153e+00) (10, -4.97505201139007036115e-01) (11, 3.84686199552970675697e-01) (12, -1.38604455395995196376e+00) (0, 5.89407090431917524143e-01) (1, -1.31816983746695082225e+00) (2, -2.51483974018344269563e-01) (3, -1.92328785295628912344e-01) (4, 1.20032327946737543689e-01) (5, 1.10381242076345054137e+00) (6, -9.82095682596976549128e-01) (7, 3.18839297632808715832e-01) (8, -5.96360712981582441472e-01) (9, -8.55226863813785542767e-01) (10, 1.60781417850688113091e-01) (11, 2.86375791315598871023e-01) (12, 6.10032055861223554416e-01) (13, -5.49068354615687681530e+00) (14, 2.02399504450226572771e+01) (15, -4.94643543873999558258e+00) (16, -3.26525537443726854292e+00) 
