FANN_FLO_2.1
num_layers=3
learning_rate=0.700000
connection_rate=1.000000
network_type=0
learning_momentum=0.000000
training_algorithm=2
train_error_function=1
train_stop_function=1
cascade_output_change_fraction=0.010000
quickprop_decay=-0.000100
quickprop_mu=1.750000
rprop_increase_factor=1.200000
rprop_decrease_factor=0.500000
rprop_delta_min=0.000000
rprop_delta_max=50.000000
rprop_delta_zero=0.100000
cascade_output_stagnation_epochs=12
cascade_candidate_change_fraction=0.010000
cascade_candidate_stagnation_epochs=12
cascade_max_out_epochs=150
cascade_min_out_epochs=50
cascade_max_cand_epochs=150
cascade_min_cand_epochs=50
cascade_num_candidate_groups=2
bit_fail_limit=1.00000000000000005551e-01
cascade_candidate_limit=1.00000000000000000000e+03
cascade_weight_multiplier=4.00000000000000022204e-01
cascade_activation_functions_count=10
cascade_activation_functions=3 5 7 8 10 11 14 15 16 17 
cascade_activation_steepnesses_count=4
cascade_activation_steepnesses=2.50000000000000000000e-01 5.00000000000000000000e-01 7.50000000000000000000e-01 1.00000000000000000000e+00 
layer_sizes=12 4 2 
scale_included=0
neurons (num_inputs, activation_function, activation_steepness)=(0, 0, 0.00000000000000000000e+00) (0, 0, 0.00000000000000000000e+00) (0, 0, 0.00000000000000000000e+00) (0, 0, 0.00000000000000000000e+00) (0, 0, 0.00000000000000000000e+00) (0, 0, 0.00000000000000000000e+00) (0, 0, 0.00000000000000000000e+00) (0, 0, 0.00000000000000000000e+00) (0, 0, 0.00000000000000000000e+00) (0, 0, 0.00000000000000000000e+00) (0, 0, 0.00000000000000000000e+00) (0, 0, 0.00000000000000000000e+00) (12, 6, 5.00000000000000000000e-01) (12, 6, 5.00000000000000000000e-01) (12, 6, 5.00000000000000000000e-01) (0, 6, 0.00000000000000000000e+00) (4, 4, 5.00000000000000000000e-01) (0, 4, 0.00000000000000000000e+00) 
connections (connected_to_neuron, weight)=(0, -1.66107728707077129116e+00) (1, 1.82162678795339694204e+00) (2, 1.03621236475703010216e-01) (3, -1.06282486379478102734e+00) (4, -6.81899663931708421849e-01) (5, 1.61721966048476689659e-01) (6, -1.00715417027804976513e+00) (7, -1.76985418426277263393e+00) (8, 1.86827885913135638418e+00) (9, -3.79664050708161393555e-02) (10, -1.08011527344915991833e+00) (11, 1.03478478896566750134e-02) (0, -2.28911407026412305754e+00) (1, 4.69177104749405327055e+00) (2, -1.86724968825015796847e-01) (3, -5.84016636204023553702e-01) (4, -7.44399577756638342052e-01) (5, 1.98272469416324759184e-01) (6, -1.55132891327951294436e+00) (7, -4.79771254055821838591e+00) (8, 4.72892094620191993926e+00) (9, -4.01062897442094445921e-01) (10, -6.43727854271645361095e-01) (11, -4.48602138068116107483e-01) (0, -7.22015658593754494632e-01) (1, 7.58279385752062884407e-01) (2, 2.35469147762057934292e-01) (3, -4.05579499704144363914e-01) (4, -1.76390606746471806376e-01) (5, 6.72785639634794208064e-01) (6, -2.99806386036179428611e-01) (7, -5.68619271940569603885e-01) (8, 8.15858474708180514412e-01) (9, 8.17102913161740773695e-03) (10, -6.97710795528273308719e-01) (11, 3.32212576854186980579e-02) (12, 7.22502741414884797067e-01) (13, 4.84329100169861259673e+00) (14, 1.81015605288030734243e+00) (15, -4.52544530834591784973e-01) 
