FANN_FLO_2.1
num_layers=3
learning_rate=0.700000
connection_rate=1.000000
network_type=0
learning_momentum=0.000000
training_algorithm=2
train_error_function=1
train_stop_function=1
cascade_output_change_fraction=0.010000
quickprop_decay=-0.000100
quickprop_mu=1.750000
rprop_increase_factor=1.200000
rprop_decrease_factor=0.500000
rprop_delta_min=0.000000
rprop_delta_max=50.000000
rprop_delta_zero=0.100000
cascade_output_stagnation_epochs=12
cascade_candidate_change_fraction=0.010000
cascade_candidate_stagnation_epochs=12
cascade_max_out_epochs=150
cascade_min_out_epochs=50
cascade_max_cand_epochs=150
cascade_min_cand_epochs=50
cascade_num_candidate_groups=2
bit_fail_limit=1.00000000000000005551e-01
cascade_candidate_limit=1.00000000000000000000e+03
cascade_weight_multiplier=4.00000000000000022204e-01
cascade_activation_functions_count=10
cascade_activation_functions=3 5 7 8 10 11 14 15 16 17 
cascade_activation_steepnesses_count=4
cascade_activation_steepnesses=2.50000000000000000000e-01 5.00000000000000000000e-01 7.50000000000000000000e-01 1.00000000000000000000e+00 
layer_sizes=15 4 2 
scale_included=0
neurons (num_inputs, activation_function, activation_steepness)=(0, 0, 0.00000000000000000000e+00) (0, 0, 0.00000000000000000000e+00) (0, 0, 0.00000000000000000000e+00) (0, 0, 0.00000000000000000000e+00) (0, 0, 0.00000000000000000000e+00) (0, 0, 0.00000000000000000000e+00) (0, 0, 0.00000000000000000000e+00) (0, 0, 0.00000000000000000000e+00) (0, 0, 0.00000000000000000000e+00) (0, 0, 0.00000000000000000000e+00) (0, 0, 0.00000000000000000000e+00) (0, 0, 0.00000000000000000000e+00) (0, 0, 0.00000000000000000000e+00) (0, 0, 0.00000000000000000000e+00) (0, 0, 0.00000000000000000000e+00) (15, 6, 5.00000000000000000000e-01) (15, 6, 5.00000000000000000000e-01) (15, 6, 5.00000000000000000000e-01) (0, 6, 0.00000000000000000000e+00) (4, 4, 5.00000000000000000000e-01) (0, 4, 0.00000000000000000000e+00) 
connections (connected_to_neuron, weight)=(0, 1.14512367076860392956e+01) (1, 2.97878360022783617023e-01) (2, 3.44786450009748390855e-01) (3, 1.29530582644349046006e+00) (4, 4.15765091242721707143e-01) (5, 5.39267545730150787975e-01) (6, 8.88188521924661467111e-01) (7, -1.65167452915691903570e+00) (8, 9.41835544960091475275e-01) (9, 2.15531541957581929125e+00) (10, -9.02806733605721334346e-02) (11, -3.93304277329246443351e-01) (12, -3.08404483337906099027e-01) (13, 1.33205372406409661146e+00) (14, -4.15357321691673664343e-01) (0, 1.14161591791120198280e+01) (1, -1.19676089627208237509e+00) (2, 6.13867834651347643593e-01) (3, 1.71137972431454898903e+00) (4, 2.24549557526962084708e+00) (5, 7.37359013921067008024e-02) (6, 1.03543486208979107488e+00) (7, 1.19407748603566532530e+00) (8, 2.00337648824277536619e+00) (9, 2.17073356140880546761e+00) (10, -2.24197925681994758573e-01) (11, -2.95227995847221702519e-01) (12, -4.40173928951778870022e-01) (13, 1.83571256480432420943e+00) (14, -2.08145120008263129208e+00) (0, -3.84709084687286946291e+01) (1, -9.62192568603487896617e-01) (2, 6.28019756730661082855e+00) (3, 1.43682100083948161018e-01) (4, 1.38725487538818086364e+01) (5, 1.71807132428093600751e+00) (6, 2.33636155994581296014e+00) (7, 1.86898913979877789870e+01) (8, 1.32097790265006267418e+01) (9, 7.88484422364337578237e-01) (10, 8.12356293831981979281e+00) (11, -1.81950531999399589544e+00) (12, 2.96517879177368426369e+00) (13, 1.34579821770139176351e+01) (14, -6.34883102770759100153e-02) (15, -8.04009481218087351806e+00) (16, -1.22377451020521803571e+01) (17, 9.49906776489858728496e+00) (18, 1.21001117226037582797e-01) 
