FANN_FLO_2.1
num_layers=3
learning_rate=0.700000
connection_rate=1.000000
network_type=0
learning_momentum=0.000000
training_algorithm=2
train_error_function=1
train_stop_function=1
cascade_output_change_fraction=0.010000
quickprop_decay=-0.000100
quickprop_mu=1.750000
rprop_increase_factor=1.200000
rprop_decrease_factor=0.500000
rprop_delta_min=0.000000
rprop_delta_max=50.000000
rprop_delta_zero=0.100000
cascade_output_stagnation_epochs=12
cascade_candidate_change_fraction=0.010000
cascade_candidate_stagnation_epochs=12
cascade_max_out_epochs=150
cascade_min_out_epochs=50
cascade_max_cand_epochs=150
cascade_min_cand_epochs=50
cascade_num_candidate_groups=2
bit_fail_limit=1.00000000000000005551e-01
cascade_candidate_limit=1.00000000000000000000e+03
cascade_weight_multiplier=4.00000000000000022204e-01
cascade_activation_functions_count=10
cascade_activation_functions=3 5 7 8 10 11 14 15 16 17 
cascade_activation_steepnesses_count=4
cascade_activation_steepnesses=2.50000000000000000000e-01 5.00000000000000000000e-01 7.50000000000000000000e-01 1.00000000000000000000e+00 
layer_sizes=10 4 2 
scale_included=0
neurons (num_inputs, activation_function, activation_steepness)=(0, 0, 0.00000000000000000000e+00) (0, 0, 0.00000000000000000000e+00) (0, 0, 0.00000000000000000000e+00) (0, 0, 0.00000000000000000000e+00) (0, 0, 0.00000000000000000000e+00) (0, 0, 0.00000000000000000000e+00) (0, 0, 0.00000000000000000000e+00) (0, 0, 0.00000000000000000000e+00) (0, 0, 0.00000000000000000000e+00) (0, 0, 0.00000000000000000000e+00) (10, 6, 5.00000000000000000000e-01) (10, 6, 5.00000000000000000000e-01) (10, 6, 5.00000000000000000000e-01) (0, 6, 0.00000000000000000000e+00) (4, 4, 5.00000000000000000000e-01) (0, 4, 0.00000000000000000000e+00) 
connections (connected_to_neuron, weight)=(0, 2.42727246940542906728e+00) (1, -1.56167954163567457293e+00) (2, -1.11941916377610684030e+00) (3, 1.03299330492995000697e+00) (4, 1.48258056515456293489e+00) (5, 1.54295942070987579520e+00) (6, 1.28495001415175358339e+00) (7, -1.58549393909347857701e+00) (8, 1.35856824664355380072e+00) (9, 4.12511905528772648832e-01) (0, -5.77774746669070715654e+00) (1, 1.35085114076495815816e+00) (2, 2.49780367556054372358e+00) (3, -7.42879889200651843950e-01) (4, -1.11849117990079949259e+00) (5, -2.65219083293174673344e+00) (6, -5.65978090317662552167e-01) (7, 1.81937152345148023258e+00) (8, -1.18433015396409024866e+00) (9, 1.12460653495431592286e-01) (0, 2.49928486407210082021e+00) (1, -1.58102008284942541216e+00) (2, -1.22251893462008931479e+00) (3, 9.39887236259200453681e-01) (4, 1.87785742614405748441e+00) (5, 8.95018635769831316651e-01) (6, 1.09686581697853746675e+00) (7, -1.75926253164185109057e+00) (8, 1.64537826064239767199e+00) (9, 4.60274716712702092192e-01) (10, -4.01053068442395410642e+00) (11, 9.74528551200103976271e+00) (12, -4.04015683038285455808e+00) (13, -7.49944688320090868672e-01) 
