FANN_FLO_2.1
num_layers=3
learning_rate=0.700000
connection_rate=1.000000
network_type=0
learning_momentum=0.000000
training_algorithm=2
train_error_function=1
train_stop_function=1
cascade_output_change_fraction=0.010000
quickprop_decay=-0.000100
quickprop_mu=1.750000
rprop_increase_factor=1.200000
rprop_decrease_factor=0.500000
rprop_delta_min=0.000000
rprop_delta_max=50.000000
rprop_delta_zero=0.100000
cascade_output_stagnation_epochs=12
cascade_candidate_change_fraction=0.010000
cascade_candidate_stagnation_epochs=12
cascade_max_out_epochs=150
cascade_min_out_epochs=50
cascade_max_cand_epochs=150
cascade_min_cand_epochs=50
cascade_num_candidate_groups=2
bit_fail_limit=1.00000000000000005551e-01
cascade_candidate_limit=1.00000000000000000000e+03
cascade_weight_multiplier=4.00000000000000022204e-01
cascade_activation_functions_count=10
cascade_activation_functions=3 5 7 8 10 11 14 15 16 17 
cascade_activation_steepnesses_count=4
cascade_activation_steepnesses=2.50000000000000000000e-01 5.00000000000000000000e-01 7.50000000000000000000e-01 1.00000000000000000000e+00 
layer_sizes=10 4 2 
scale_included=0
neurons (num_inputs, activation_function, activation_steepness)=(0, 0, 0.00000000000000000000e+00) (0, 0, 0.00000000000000000000e+00) (0, 0, 0.00000000000000000000e+00) (0, 0, 0.00000000000000000000e+00) (0, 0, 0.00000000000000000000e+00) (0, 0, 0.00000000000000000000e+00) (0, 0, 0.00000000000000000000e+00) (0, 0, 0.00000000000000000000e+00) (0, 0, 0.00000000000000000000e+00) (0, 0, 0.00000000000000000000e+00) (10, 6, 5.00000000000000000000e-01) (10, 6, 5.00000000000000000000e-01) (10, 6, 5.00000000000000000000e-01) (0, 6, 0.00000000000000000000e+00) (4, 4, 5.00000000000000000000e-01) (0, 4, 0.00000000000000000000e+00) 
connections (connected_to_neuron, weight)=(0, 1.99243547023891220960e+00) (1, -1.99016145632677621258e+00) (2, -2.56069736727489072337e+00) (3, 2.01443335042952309522e+00) (4, 2.10996681334070013136e+00) (5, 2.14597549291013400818e+00) (6, 1.98777525873540650281e+00) (7, -2.62521476470841008677e+00) (8, 2.06359259785770143836e+00) (9, 1.52113030265254955964e+00) (0, -2.00397210599114083962e+00) (1, 6.07022649290714522152e+00) (2, -1.84794587664853099396e-02) (3, -7.82165463425259499530e-01) (4, -2.10305199803043985085e+00) (5, -2.02002079070736551003e+00) (6, -2.09106785089899682717e+00) (7, 2.57019924349536008079e-02) (8, -2.01842817695070886330e+00) (9, -7.77220706798176674823e-01) (0, -1.23491984882279104419e+00) (1, 1.41807755016091396882e+00) (2, 4.28257803067166609168e+00) (3, -1.09998367258234686084e+00) (4, -1.28102116563244528002e+00) (5, -1.11392907329722112841e+00) (6, -1.11333539613409704394e+00) (7, 3.94423210548467340075e+00) (8, -1.11715220936461157031e+00) (9, -6.24578734035824423287e-01) (10, -6.29766566150587525641e+00) (11, 2.22684281193689059819e+00) (12, 3.99521453309119678465e+00) (13, -1.15119969376249975390e+00) 
