FANN_FLO_2.1
num_layers=3
learning_rate=0.700000
connection_rate=1.000000
network_type=0
learning_momentum=0.000000
training_algorithm=2
train_error_function=1
train_stop_function=1
cascade_output_change_fraction=0.010000
quickprop_decay=-0.000100
quickprop_mu=1.750000
rprop_increase_factor=1.200000
rprop_decrease_factor=0.500000
rprop_delta_min=0.000000
rprop_delta_max=50.000000
rprop_delta_zero=0.100000
cascade_output_stagnation_epochs=12
cascade_candidate_change_fraction=0.010000
cascade_candidate_stagnation_epochs=12
cascade_max_out_epochs=150
cascade_min_out_epochs=50
cascade_max_cand_epochs=150
cascade_min_cand_epochs=50
cascade_num_candidate_groups=2
bit_fail_limit=1.00000000000000005551e-01
cascade_candidate_limit=1.00000000000000000000e+03
cascade_weight_multiplier=4.00000000000000022204e-01
cascade_activation_functions_count=10
cascade_activation_functions=3 5 7 8 10 11 14 15 16 17 
cascade_activation_steepnesses_count=4
cascade_activation_steepnesses=2.50000000000000000000e-01 5.00000000000000000000e-01 7.50000000000000000000e-01 1.00000000000000000000e+00 
layer_sizes=8 4 2 
scale_included=0
neurons (num_inputs, activation_function, activation_steepness)=(0, 0, 0.00000000000000000000e+00) (0, 0, 0.00000000000000000000e+00) (0, 0, 0.00000000000000000000e+00) (0, 0, 0.00000000000000000000e+00) (0, 0, 0.00000000000000000000e+00) (0, 0, 0.00000000000000000000e+00) (0, 0, 0.00000000000000000000e+00) (0, 0, 0.00000000000000000000e+00) (8, 6, 5.00000000000000000000e-01) (8, 6, 5.00000000000000000000e-01) (8, 6, 5.00000000000000000000e-01) (0, 6, 0.00000000000000000000e+00) (4, 4, 5.00000000000000000000e-01) (0, 4, 0.00000000000000000000e+00) 
connections (connected_to_neuron, weight)=(0, -7.40021865409130841229e-01) (1, 1.90186731000870956620e+00) (2, 1.43337187409739524879e-01) (3, -3.60770245987357462969e-01) (4, -1.96627464672483487362e-01) (5, -2.35973354956068082089e-01) (6, -2.76377510994338659867e-01) (7, -6.60341385346169262860e-01) (0, -9.63678214205534455772e-01) (1, 2.43230660927317199338e+00) (2, 9.18472465112306207802e-02) (3, -1.07426984186294771639e+00) (4, -7.58150052136959629046e-01) (5, -6.88127175238296029391e-01) (6, -6.23135365810557839694e-01) (7, -1.29512408285682223408e+00) (0, -1.91066077756855468017e-01) (1, 8.17706158903626079137e-01) (2, 4.58407686698776350998e-01) (3, 6.39533866751265944739e-02) (4, -1.26787492742614794211e-02) (5, 1.56193129035997555626e-03) (6, 3.22113325378613479799e-02) (7, -8.23728878378606060862e-02) (8, 5.69382140324686325528e+00) (9, 8.67797271849883422590e+00) (10, 2.76568550444228400398e-01) (11, -1.81850470650409090645e+00) 
