FANN_FLO_2.1
num_layers=3
learning_rate=0.700000
connection_rate=1.000000
network_type=0
learning_momentum=0.000000
training_algorithm=2
train_error_function=1
train_stop_function=1
cascade_output_change_fraction=0.010000
quickprop_decay=-0.000100
quickprop_mu=1.750000
rprop_increase_factor=1.200000
rprop_decrease_factor=0.500000
rprop_delta_min=0.000000
rprop_delta_max=50.000000
rprop_delta_zero=0.100000
cascade_output_stagnation_epochs=12
cascade_candidate_change_fraction=0.010000
cascade_candidate_stagnation_epochs=12
cascade_max_out_epochs=150
cascade_min_out_epochs=50
cascade_max_cand_epochs=150
cascade_min_cand_epochs=50
cascade_num_candidate_groups=2
bit_fail_limit=1.00000000000000005551e-01
cascade_candidate_limit=1.00000000000000000000e+03
cascade_weight_multiplier=4.00000000000000022204e-01
cascade_activation_functions_count=10
cascade_activation_functions=3 5 7 8 10 11 14 15 16 17 
cascade_activation_steepnesses_count=4
cascade_activation_steepnesses=2.50000000000000000000e-01 5.00000000000000000000e-01 7.50000000000000000000e-01 1.00000000000000000000e+00 
layer_sizes=14 4 2 
scale_included=0
neurons (num_inputs, activation_function, activation_steepness)=(0, 0, 0.00000000000000000000e+00) (0, 0, 0.00000000000000000000e+00) (0, 0, 0.00000000000000000000e+00) (0, 0, 0.00000000000000000000e+00) (0, 0, 0.00000000000000000000e+00) (0, 0, 0.00000000000000000000e+00) (0, 0, 0.00000000000000000000e+00) (0, 0, 0.00000000000000000000e+00) (0, 0, 0.00000000000000000000e+00) (0, 0, 0.00000000000000000000e+00) (0, 0, 0.00000000000000000000e+00) (0, 0, 0.00000000000000000000e+00) (0, 0, 0.00000000000000000000e+00) (0, 0, 0.00000000000000000000e+00) (14, 6, 5.00000000000000000000e-01) (14, 6, 5.00000000000000000000e-01) (14, 6, 5.00000000000000000000e-01) (0, 6, 0.00000000000000000000e+00) (4, 4, 5.00000000000000000000e-01) (0, 4, 0.00000000000000000000e+00) 
connections (connected_to_neuron, weight)=(0, -8.10215330837702363276e-01) (1, 3.81818008025054211885e+00) (2, 1.58368550291430265631e-01) (3, -8.91517072139715649470e-01) (4, -8.91337200222944714412e-01) (5, -7.80430800436472504877e-01) (6, -1.36720802186455853144e-01) (7, -5.37201193054645864677e-01) (8, -1.93767274846430992419e+00) (9, -9.35981153665518261775e-01) (10, -4.57145345290630611412e-01) (11, -5.52899320503204672050e-01) (12, -1.98613365232821914574e+00) (13, -6.14528779765098898125e-01) (0, -9.50759529291128613337e-01) (1, 3.82919009004596944123e+00) (2, -5.80954546653103531817e-03) (3, -8.32362926720118023738e-01) (4, -8.94079460917448498591e-01) (5, -9.36010300336813427791e-01) (6, -1.57842289207902081172e-01) (7, -5.02964918395012228203e-01) (8, -9.60906758128141857966e-01) (9, -8.59504333852266766414e-01) (10, -4.30845198114841732018e-01) (11, -5.55583936055630056572e-01) (12, -2.02605826645966979882e+00) (13, -6.08841028889149038505e-01) (0, 5.67393432919410800608e-02) (1, 2.26228829314289947572e-01) (2, -4.37160391782864810040e-03) (3, 1.72208081547645663889e-02) (4, -2.06951890524002257710e-02) (5, -1.10131943636712664736e-01) (6, -1.71279468010245128351e-01) (7, -4.50155937178715603864e-02) (8, -1.19865933471498126162e-01) (9, -1.15895556324300402773e-01) (10, -1.64032054792223824791e-01) (11, -7.79372658963772002583e-02) (12, -8.11798964078994933491e-02) (13, -6.19913563379840493184e-01) (14, 3.86980593179229970247e+00) (15, 3.91916166965727086335e+00) (16, 2.38275950790224816389e-01) (17, -4.86492988546818050377e-01) 
