FANN_FLO_2.1
num_layers=3
learning_rate=0.700000
connection_rate=1.000000
network_type=0
learning_momentum=0.000000
training_algorithm=2
train_error_function=1
train_stop_function=1
cascade_output_change_fraction=0.010000
quickprop_decay=-0.000100
quickprop_mu=1.750000
rprop_increase_factor=1.200000
rprop_decrease_factor=0.500000
rprop_delta_min=0.000000
rprop_delta_max=50.000000
rprop_delta_zero=0.100000
cascade_output_stagnation_epochs=12
cascade_candidate_change_fraction=0.010000
cascade_candidate_stagnation_epochs=12
cascade_max_out_epochs=150
cascade_min_out_epochs=50
cascade_max_cand_epochs=150
cascade_min_cand_epochs=50
cascade_num_candidate_groups=2
bit_fail_limit=1.00000000000000005551e-01
cascade_candidate_limit=1.00000000000000000000e+03
cascade_weight_multiplier=4.00000000000000022204e-01
cascade_activation_functions_count=10
cascade_activation_functions=3 5 7 8 10 11 14 15 16 17 
cascade_activation_steepnesses_count=4
cascade_activation_steepnesses=2.50000000000000000000e-01 5.00000000000000000000e-01 7.50000000000000000000e-01 1.00000000000000000000e+00 
layer_sizes=11 4 2 
scale_included=0
neurons (num_inputs, activation_function, activation_steepness)=(0, 0, 0.00000000000000000000e+00) (0, 0, 0.00000000000000000000e+00) (0, 0, 0.00000000000000000000e+00) (0, 0, 0.00000000000000000000e+00) (0, 0, 0.00000000000000000000e+00) (0, 0, 0.00000000000000000000e+00) (0, 0, 0.00000000000000000000e+00) (0, 0, 0.00000000000000000000e+00) (0, 0, 0.00000000000000000000e+00) (0, 0, 0.00000000000000000000e+00) (0, 0, 0.00000000000000000000e+00) (11, 6, 5.00000000000000000000e-01) (11, 6, 5.00000000000000000000e-01) (11, 6, 5.00000000000000000000e-01) (0, 6, 0.00000000000000000000e+00) (4, 4, 5.00000000000000000000e-01) (0, 4, 0.00000000000000000000e+00) 
connections (connected_to_neuron, weight)=(0, -6.29977864223548733591e-02) (1, 7.43926736864583548758e-02) (2, -4.62491500294664847903e-01) (3, 3.81918908200410134324e-01) (4, 2.68759102995088428045e-01) (5, 1.71631064854472825676e-01) (6, 3.14830622986750574555e-01) (7, 2.74251421821613106111e-01) (8, 1.42057562687315230843e-02) (9, 7.46623021877502318633e-02) (10, -5.83480114356469181658e-01) (0, 1.52005834681194529345e+00) (1, -1.17992727132245089905e+00) (2, 5.58007548138812370375e-01) (3, -1.13707006218676154319e+00) (4, 1.00732206761741910350e-01) (5, 6.42557155017871306502e-02) (6, -3.10788457935442352653e-01) (7, -1.79353614100305747137e+00) (8, 5.71726585412176246948e-01) (9, 1.51761837204626326425e+00) (10, 1.25504955307404864051e+00) (0, -9.43788394976590505614e-01) (1, 1.90493341134684723848e+00) (2, -7.96743741072935995895e-01) (3, 1.01939054011638763342e+00) (4, 2.44593353656079648406e-01) (5, 5.70408421315876545954e-01) (6, 1.28235934189099998193e+00) (7, 2.14761112701252354640e+00) (8, -2.87068580965875563837e-01) (9, -9.44586606125720429361e-01) (10, -9.02182368375582632858e-01) (11, 3.47017557887167926722e-01) (12, -5.79744793598865726381e+00) (13, 1.74538856893275209359e+01) (14, -5.75860596146905656667e-01) 
