FANN_FLO_2.1
num_layers=3
learning_rate=0.700000
connection_rate=1.000000
network_type=0
learning_momentum=0.000000
training_algorithm=2
train_error_function=1
train_stop_function=1
cascade_output_change_fraction=0.010000
quickprop_decay=-0.000100
quickprop_mu=1.750000
rprop_increase_factor=1.200000
rprop_decrease_factor=0.500000
rprop_delta_min=0.000000
rprop_delta_max=50.000000
rprop_delta_zero=0.100000
cascade_output_stagnation_epochs=12
cascade_candidate_change_fraction=0.010000
cascade_candidate_stagnation_epochs=12
cascade_max_out_epochs=150
cascade_min_out_epochs=50
cascade_max_cand_epochs=150
cascade_min_cand_epochs=50
cascade_num_candidate_groups=2
bit_fail_limit=1.00000000000000005551e-01
cascade_candidate_limit=1.00000000000000000000e+03
cascade_weight_multiplier=4.00000000000000022204e-01
cascade_activation_functions_count=10
cascade_activation_functions=3 5 7 8 10 11 14 15 16 17 
cascade_activation_steepnesses_count=4
cascade_activation_steepnesses=2.50000000000000000000e-01 5.00000000000000000000e-01 7.50000000000000000000e-01 1.00000000000000000000e+00 
layer_sizes=11 4 2 
scale_included=0
neurons (num_inputs, activation_function, activation_steepness)=(0, 0, 0.00000000000000000000e+00) (0, 0, 0.00000000000000000000e+00) (0, 0, 0.00000000000000000000e+00) (0, 0, 0.00000000000000000000e+00) (0, 0, 0.00000000000000000000e+00) (0, 0, 0.00000000000000000000e+00) (0, 0, 0.00000000000000000000e+00) (0, 0, 0.00000000000000000000e+00) (0, 0, 0.00000000000000000000e+00) (0, 0, 0.00000000000000000000e+00) (0, 0, 0.00000000000000000000e+00) (11, 6, 5.00000000000000000000e-01) (11, 6, 5.00000000000000000000e-01) (11, 6, 5.00000000000000000000e-01) (0, 6, 0.00000000000000000000e+00) (4, 4, 5.00000000000000000000e-01) (0, 4, 0.00000000000000000000e+00) 
connections (connected_to_neuron, weight)=(0, 2.80972769201822947238e+00) (1, -5.30180404461328880217e+00) (2, 6.90481086719665237972e-01) (3, -5.89194919941584061007e+00) (4, -4.31534094803603540669e+00) (5, 1.44930546351329431198e-01) (6, -3.23539189805660543087e+00) (7, -5.21594866781294008717e+00) (8, -5.17397692202808023865e+00) (9, 4.65540020594920056496e-01) (10, 5.53965575594275794202e+00) (0, -3.84906310864020440032e-01) (1, -2.26003639192744243402e+00) (2, 8.73613192822537909521e-01) (3, -6.27066605648525565719e-01) (4, 1.69930710303685728046e-01) (5, -1.71348039951098179978e-01) (6, -4.09558544408950719884e+00) (7, -1.25641562150562258182e+00) (8, -4.84568983038061340540e-01) (9, 3.86856087115339947191e-02) (10, 1.79019593318718728270e+00) (0, -2.38902902931416960541e+00) (1, 3.72643838199592547511e+00) (2, 1.50570123060453120445e+00) (3, 4.41168751733645159163e+00) (4, 3.66622300385501320719e+00) (5, -1.98720006503380730578e-01) (6, 4.28951196155209757421e+00) (7, 4.31288131247763661946e+00) (8, 2.68213991760582004531e+00) (9, -3.70909810735798595172e-01) (10, -4.25995464105138399447e+00) (11, -4.50468042212977426431e+00) (12, -4.59282246346553968408e+00) (13, 5.17849116906024953266e+00) (14, -1.03038362580518616518e+00) 
