FANN_FLO_2.1
num_layers=3
learning_rate=0.700000
connection_rate=1.000000
network_type=0
learning_momentum=0.000000
training_algorithm=2
train_error_function=1
train_stop_function=1
cascade_output_change_fraction=0.010000
quickprop_decay=-0.000100
quickprop_mu=1.750000
rprop_increase_factor=1.200000
rprop_decrease_factor=0.500000
rprop_delta_min=0.000000
rprop_delta_max=50.000000
rprop_delta_zero=0.100000
cascade_output_stagnation_epochs=12
cascade_candidate_change_fraction=0.010000
cascade_candidate_stagnation_epochs=12
cascade_max_out_epochs=150
cascade_min_out_epochs=50
cascade_max_cand_epochs=150
cascade_min_cand_epochs=50
cascade_num_candidate_groups=2
bit_fail_limit=1.00000000000000005551e-01
cascade_candidate_limit=1.00000000000000000000e+03
cascade_weight_multiplier=4.00000000000000022204e-01
cascade_activation_functions_count=10
cascade_activation_functions=3 5 7 8 10 11 14 15 16 17 
cascade_activation_steepnesses_count=4
cascade_activation_steepnesses=2.50000000000000000000e-01 5.00000000000000000000e-01 7.50000000000000000000e-01 1.00000000000000000000e+00 
layer_sizes=7 4 2 
scale_included=0
neurons (num_inputs, activation_function, activation_steepness)=(0, 0, 0.00000000000000000000e+00) (0, 0, 0.00000000000000000000e+00) (0, 0, 0.00000000000000000000e+00) (0, 0, 0.00000000000000000000e+00) (0, 0, 0.00000000000000000000e+00) (0, 0, 0.00000000000000000000e+00) (0, 0, 0.00000000000000000000e+00) (7, 6, 5.00000000000000000000e-01) (7, 6, 5.00000000000000000000e-01) (7, 6, 5.00000000000000000000e-01) (0, 6, 0.00000000000000000000e+00) (4, 4, 5.00000000000000000000e-01) (0, 4, 0.00000000000000000000e+00) 
connections (connected_to_neuron, weight)=(0, -7.39327828804881903579e-01) (1, -9.67189674397777254811e-01) (2, -1.65209925543154612093e+00) (3, -1.30061820952760143211e-01) (4, -7.92970163912043585208e-02) (5, -8.40387756059336576975e-01) (6, 8.96086177932625349563e-01) (0, 1.66077118397466727551e+00) (1, 1.52317207152776901147e+00) (2, 2.63742147986791275471e+00) (3, 5.78092957005617247290e-01) (4, 7.69419643161070254678e-01) (5, 1.59360327382011157660e+00) (6, -5.22722945091204760359e-01) (0, -1.44204334977366421811e+00) (1, -1.76260441849274029913e+00) (2, -1.97344936226952083480e+00) (3, -1.41621623147161379563e+00) (4, -5.19596143529313048148e-01) (5, -1.76925928596820813965e+00) (6, 2.29238182377854027294e+00) (7, -2.24889004810974446613e+00) (8, 1.21934529501351263114e+00) (9, -4.97751057157052585467e+01) (10, -1.17922636550421655599e+00) 
