FANN_FLO_2.1
num_layers=3
learning_rate=0.700000
connection_rate=1.000000
network_type=0
learning_momentum=0.000000
training_algorithm=2
train_error_function=1
train_stop_function=1
cascade_output_change_fraction=0.010000
quickprop_decay=-0.000100
quickprop_mu=1.750000
rprop_increase_factor=1.200000
rprop_decrease_factor=0.500000
rprop_delta_min=0.000000
rprop_delta_max=50.000000
rprop_delta_zero=0.100000
cascade_output_stagnation_epochs=12
cascade_candidate_change_fraction=0.010000
cascade_candidate_stagnation_epochs=12
cascade_max_out_epochs=150
cascade_min_out_epochs=50
cascade_max_cand_epochs=150
cascade_min_cand_epochs=50
cascade_num_candidate_groups=2
bit_fail_limit=1.00000000000000005551e-01
cascade_candidate_limit=1.00000000000000000000e+03
cascade_weight_multiplier=4.00000000000000022204e-01
cascade_activation_functions_count=10
cascade_activation_functions=3 5 7 8 10 11 14 15 16 17 
cascade_activation_steepnesses_count=4
cascade_activation_steepnesses=2.50000000000000000000e-01 5.00000000000000000000e-01 7.50000000000000000000e-01 1.00000000000000000000e+00 
layer_sizes=10 4 2 
scale_included=0
neurons (num_inputs, activation_function, activation_steepness)=(0, 0, 0.00000000000000000000e+00) (0, 0, 0.00000000000000000000e+00) (0, 0, 0.00000000000000000000e+00) (0, 0, 0.00000000000000000000e+00) (0, 0, 0.00000000000000000000e+00) (0, 0, 0.00000000000000000000e+00) (0, 0, 0.00000000000000000000e+00) (0, 0, 0.00000000000000000000e+00) (0, 0, 0.00000000000000000000e+00) (0, 0, 0.00000000000000000000e+00) (10, 6, 5.00000000000000000000e-01) (10, 6, 5.00000000000000000000e-01) (10, 6, 5.00000000000000000000e-01) (0, 6, 0.00000000000000000000e+00) (4, 4, 5.00000000000000000000e-01) (0, 4, 0.00000000000000000000e+00) 
connections (connected_to_neuron, weight)=(0, -2.71736563146829279702e+00) (1, 2.68382757269153859880e+00) (2, 2.44768473154663412927e+00) (3, 2.13370845738366154976e+00) (4, 2.64780651772605235550e+00) (5, 3.97148641321694417794e-01) (6, 2.19043551961311777632e+00) (7, 2.57866589842829929680e+00) (8, -4.48519277970969376668e+00) (9, -3.60136912237090811573e+00) (0, 1.07926629672681406724e-01) (1, -8.13483938947927587293e-01) (2, -9.89601414229234616071e-02) (3, -6.14368697776092154150e-01) (4, -9.87157002771952618581e-01) (5, 1.87146843410721075429e-01) (6, -5.95962642468835235299e-01) (7, 1.65250819311081520446e+00) (8, 1.46184264486235671043e+00) (9, 2.85526023690445662773e-01) (0, 1.61398926828158539859e-01) (1, -8.36327605322611078442e-01) (2, -7.30143930411114305823e-02) (3, -7.76293574048770751439e-01) (4, -9.10135005349972936450e-01) (5, 9.34809679162408729836e-02) (6, -6.72126724161530741952e-01) (7, 1.62250668690144173034e+00) (8, 1.54345991585600694762e+00) (9, 3.29395325367195734856e-01) (10, 4.18841814481863465858e+01) (11, -3.60527393490825021072e-01) (12, -9.22218150840157235848e-01) (13, -1.63362119745891942735e+00) 
