FANN_FLO_2.1
num_layers=3
learning_rate=0.700000
connection_rate=1.000000
network_type=0
learning_momentum=0.000000
training_algorithm=2
train_error_function=1
train_stop_function=1
cascade_output_change_fraction=0.010000
quickprop_decay=-0.000100
quickprop_mu=1.750000
rprop_increase_factor=1.200000
rprop_decrease_factor=0.500000
rprop_delta_min=0.000000
rprop_delta_max=50.000000
rprop_delta_zero=0.100000
cascade_output_stagnation_epochs=12
cascade_candidate_change_fraction=0.010000
cascade_candidate_stagnation_epochs=12
cascade_max_out_epochs=150
cascade_min_out_epochs=50
cascade_max_cand_epochs=150
cascade_min_cand_epochs=50
cascade_num_candidate_groups=2
bit_fail_limit=1.00000000000000005551e-01
cascade_candidate_limit=1.00000000000000000000e+03
cascade_weight_multiplier=4.00000000000000022204e-01
cascade_activation_functions_count=10
cascade_activation_functions=3 5 7 8 10 11 14 15 16 17 
cascade_activation_steepnesses_count=4
cascade_activation_steepnesses=2.50000000000000000000e-01 5.00000000000000000000e-01 7.50000000000000000000e-01 1.00000000000000000000e+00 
layer_sizes=8 4 2 
scale_included=0
neurons (num_inputs, activation_function, activation_steepness)=(0, 0, 0.00000000000000000000e+00) (0, 0, 0.00000000000000000000e+00) (0, 0, 0.00000000000000000000e+00) (0, 0, 0.00000000000000000000e+00) (0, 0, 0.00000000000000000000e+00) (0, 0, 0.00000000000000000000e+00) (0, 0, 0.00000000000000000000e+00) (0, 0, 0.00000000000000000000e+00) (8, 6, 5.00000000000000000000e-01) (8, 6, 5.00000000000000000000e-01) (8, 6, 5.00000000000000000000e-01) (0, 6, 0.00000000000000000000e+00) (4, 4, 5.00000000000000000000e-01) (0, 4, 0.00000000000000000000e+00) 
connections (connected_to_neuron, weight)=(0, -1.26802427737766931770e+00) (1, 2.47712212632069572749e+00) (2, -4.18853302343400769880e-03) (3, -8.63944318751739048778e-01) (4, 1.16853492631820010672e+00) (5, 2.38937101815201380361e+00) (6, -5.94390121802532034323e-01) (7, -1.67237245684674973312e+00) (0, -1.33724485851297175687e-02) (1, 4.37407659611707910763e-01) (2, 7.18162234068662752584e-02) (3, 9.81251353949195020965e-02) (4, 2.32364228137811684727e-01) (5, 5.22191057328457164388e-01) (6, 2.09822685362842625834e-01) (7, -2.31177288611443293442e-01) (0, -2.67715477613442442983e-01) (1, 1.11100957759372853673e+00) (2, 3.13517327317096361483e-01) (3, -3.97733635399787066600e-02) (4, 9.01527432977069387299e-01) (5, 5.75454920440388928427e-01) (6, -1.61898782500062649037e-01) (7, -2.86082745234821800295e-01) (8, 7.82462336126443176454e+01) (9, 3.28556600867589199133e-01) (10, 1.10553097740663064386e+00) (11, -1.56953362655423478422e+00) 
