FANN_FLO_2.1
num_layers=3
learning_rate=0.700000
connection_rate=1.000000
network_type=0
learning_momentum=0.000000
training_algorithm=2
train_error_function=1
train_stop_function=1
cascade_output_change_fraction=0.010000
quickprop_decay=-0.000100
quickprop_mu=1.750000
rprop_increase_factor=1.200000
rprop_decrease_factor=0.500000
rprop_delta_min=0.000000
rprop_delta_max=50.000000
rprop_delta_zero=0.100000
cascade_output_stagnation_epochs=12
cascade_candidate_change_fraction=0.010000
cascade_candidate_stagnation_epochs=12
cascade_max_out_epochs=150
cascade_min_out_epochs=50
cascade_max_cand_epochs=150
cascade_min_cand_epochs=50
cascade_num_candidate_groups=2
bit_fail_limit=1.00000000000000005551e-01
cascade_candidate_limit=1.00000000000000000000e+03
cascade_weight_multiplier=4.00000000000000022204e-01
cascade_activation_functions_count=10
cascade_activation_functions=3 5 7 8 10 11 14 15 16 17 
cascade_activation_steepnesses_count=4
cascade_activation_steepnesses=2.50000000000000000000e-01 5.00000000000000000000e-01 7.50000000000000000000e-01 1.00000000000000000000e+00 
layer_sizes=10 4 2 
scale_included=0
neurons (num_inputs, activation_function, activation_steepness)=(0, 0, 0.00000000000000000000e+00) (0, 0, 0.00000000000000000000e+00) (0, 0, 0.00000000000000000000e+00) (0, 0, 0.00000000000000000000e+00) (0, 0, 0.00000000000000000000e+00) (0, 0, 0.00000000000000000000e+00) (0, 0, 0.00000000000000000000e+00) (0, 0, 0.00000000000000000000e+00) (0, 0, 0.00000000000000000000e+00) (0, 0, 0.00000000000000000000e+00) (10, 6, 5.00000000000000000000e-01) (10, 6, 5.00000000000000000000e-01) (10, 6, 5.00000000000000000000e-01) (0, 6, 0.00000000000000000000e+00) (4, 4, 5.00000000000000000000e-01) (0, 4, 0.00000000000000000000e+00) 
connections (connected_to_neuron, weight)=(0, -3.95667248437957141949e-01) (1, 9.70203319286665477605e-01) (2, 1.40537233696055352539e+00) (3, 8.41733555665860055939e-02) (4, 1.57592917350366429341e-01) (5, 2.20976928738191469304e-01) (6, 6.48585681773082151080e-02) (7, -2.11977641926783311188e-01) (8, -1.53770127848276809412e-02) (9, -2.88292730212846987081e-02) (0, -5.74668462640849142531e+00) (1, 2.04615424695043790493e+00) (2, 2.87890679675029526052e+00) (3, 1.19385796074801797673e+00) (4, 3.66477016525212972997e-01) (5, 3.80898643450681417821e-01) (6, -1.94325089016987306856e-02) (7, -9.29761580430410128351e-01) (8, 6.88760535357985648197e-02) (9, -1.90029085247685314286e+00) (0, 1.31231576403826792898e+01) (1, -6.87087922916590976286e+00) (2, -4.42441853986670174947e+00) (3, -3.92632214721689631887e+00) (4, 9.84409780366211406566e-01) (5, 1.09142939106920255909e+00) (6, 1.05522365228631986867e+00) (7, 3.47298271321090235020e+00) (8, 1.90073210851967910884e+00) (9, 5.75826920672398401280e+00) (10, 4.12126997086323831887e-01) (11, 4.80246024740728572056e+00) (12, -4.03113433538934096134e+00) (13, -1.51521800436445452931e+00) 
