FANN_FLO_2.1
num_layers=3
learning_rate=0.700000
connection_rate=1.000000
network_type=0
learning_momentum=0.000000
training_algorithm=2
train_error_function=1
train_stop_function=1
cascade_output_change_fraction=0.010000
quickprop_decay=-0.000100
quickprop_mu=1.750000
rprop_increase_factor=1.200000
rprop_decrease_factor=0.500000
rprop_delta_min=0.000000
rprop_delta_max=50.000000
rprop_delta_zero=0.100000
cascade_output_stagnation_epochs=12
cascade_candidate_change_fraction=0.010000
cascade_candidate_stagnation_epochs=12
cascade_max_out_epochs=150
cascade_min_out_epochs=50
cascade_max_cand_epochs=150
cascade_min_cand_epochs=50
cascade_num_candidate_groups=2
bit_fail_limit=1.00000000000000005551e-01
cascade_candidate_limit=1.00000000000000000000e+03
cascade_weight_multiplier=4.00000000000000022204e-01
cascade_activation_functions_count=10
cascade_activation_functions=3 5 7 8 10 11 14 15 16 17 
cascade_activation_steepnesses_count=4
cascade_activation_steepnesses=2.50000000000000000000e-01 5.00000000000000000000e-01 7.50000000000000000000e-01 1.00000000000000000000e+00 
layer_sizes=16 4 2 
scale_included=0
neurons (num_inputs, activation_function, activation_steepness)=(0, 0, 0.00000000000000000000e+00) (0, 0, 0.00000000000000000000e+00) (0, 0, 0.00000000000000000000e+00) (0, 0, 0.00000000000000000000e+00) (0, 0, 0.00000000000000000000e+00) (0, 0, 0.00000000000000000000e+00) (0, 0, 0.00000000000000000000e+00) (0, 0, 0.00000000000000000000e+00) (0, 0, 0.00000000000000000000e+00) (0, 0, 0.00000000000000000000e+00) (0, 0, 0.00000000000000000000e+00) (0, 0, 0.00000000000000000000e+00) (0, 0, 0.00000000000000000000e+00) (0, 0, 0.00000000000000000000e+00) (0, 0, 0.00000000000000000000e+00) (0, 0, 0.00000000000000000000e+00) (16, 6, 5.00000000000000000000e-01) (16, 6, 5.00000000000000000000e-01) (16, 6, 5.00000000000000000000e-01) (0, 6, 0.00000000000000000000e+00) (4, 4, 5.00000000000000000000e-01) (0, 4, 0.00000000000000000000e+00) 
connections (connected_to_neuron, weight)=(0, -3.99282460752787393687e+00) (1, 1.88299969281752743733e+00) (2, 8.13016838935900154617e-01) (3, 5.27323737238069689681e-01) (4, 1.49060521861830896917e+00) (5, 9.57925111155117914308e-01) (6, 8.67779510934158226920e-02) (7, 5.67920289431234515121e-01) (8, 1.86072695698340573323e+00) (9, 1.55673577476195545977e+00) (10, 3.36326455899554344064e-01) (11, 1.24672939801841420326e+00) (12, 1.86566585000355877888e+00) (13, 1.69342460849099385456e+00) (14, 2.08463896225065026258e+00) (15, -1.98376522355766793382e+00) (0, -7.64638668883533512144e+00) (1, 1.14373187677120813355e+00) (2, 7.05758340267229500320e-01) (3, 5.37639885638376391341e-01) (4, 1.42429031028768049438e+00) (5, 8.93873974780644342530e-01) (6, 1.10114961387614812560e-01) (7, 4.19733094995422328921e-01) (8, 1.19946436128440425684e+00) (9, 1.55704279828719349688e+00) (10, -4.35383466442707978139e-01) (11, 1.05751093039861143730e+00) (12, 1.20912434450212047388e+00) (13, 1.55251003795080411152e+00) (14, 4.29556906715163999699e-01) (15, -7.98988615617362452070e-01) (0, -2.12255293951117351980e+00) (1, 9.43770452728690978361e-01) (2, 5.34861082411300037265e-01) (3, 5.31019086218367908359e-01) (4, 2.73786581633412517967e-01) (5, 3.50993287781949270254e-01) (6, -1.93399089014760466876e-01) (7, 3.61374722032990480791e-02) (8, 1.00898678993512636026e+00) (9, 4.06907259174555502312e-01) (10, 3.82072515365914022745e-01) (11, 5.55076072192679736972e-01) (12, 1.08823683505584245523e+00) (13, 8.66370703128782893021e-02) (14, 1.66757828102265331927e-01) (15, -3.69995008970704697404e-01) (16, 1.96887680147678416631e+01) (17, 4.55572957962780034080e+00) (18, 7.50796509064317829640e-01) (19, -1.22193919083784696689e+00) 
