FANN_FLO_2.1
num_layers=3
learning_rate=0.700000
connection_rate=1.000000
network_type=0
learning_momentum=0.000000
training_algorithm=2
train_error_function=1
train_stop_function=1
cascade_output_change_fraction=0.010000
quickprop_decay=-0.000100
quickprop_mu=1.750000
rprop_increase_factor=1.200000
rprop_decrease_factor=0.500000
rprop_delta_min=0.000000
rprop_delta_max=50.000000
rprop_delta_zero=0.100000
cascade_output_stagnation_epochs=12
cascade_candidate_change_fraction=0.010000
cascade_candidate_stagnation_epochs=12
cascade_max_out_epochs=150
cascade_min_out_epochs=50
cascade_max_cand_epochs=150
cascade_min_cand_epochs=50
cascade_num_candidate_groups=2
bit_fail_limit=1.00000000000000005551e-01
cascade_candidate_limit=1.00000000000000000000e+03
cascade_weight_multiplier=4.00000000000000022204e-01
cascade_activation_functions_count=10
cascade_activation_functions=3 5 7 8 10 11 14 15 16 17 
cascade_activation_steepnesses_count=4
cascade_activation_steepnesses=2.50000000000000000000e-01 5.00000000000000000000e-01 7.50000000000000000000e-01 1.00000000000000000000e+00 
layer_sizes=16 4 2 
scale_included=0
neurons (num_inputs, activation_function, activation_steepness)=(0, 0, 0.00000000000000000000e+00) (0, 0, 0.00000000000000000000e+00) (0, 0, 0.00000000000000000000e+00) (0, 0, 0.00000000000000000000e+00) (0, 0, 0.00000000000000000000e+00) (0, 0, 0.00000000000000000000e+00) (0, 0, 0.00000000000000000000e+00) (0, 0, 0.00000000000000000000e+00) (0, 0, 0.00000000000000000000e+00) (0, 0, 0.00000000000000000000e+00) (0, 0, 0.00000000000000000000e+00) (0, 0, 0.00000000000000000000e+00) (0, 0, 0.00000000000000000000e+00) (0, 0, 0.00000000000000000000e+00) (0, 0, 0.00000000000000000000e+00) (0, 0, 0.00000000000000000000e+00) (16, 6, 5.00000000000000000000e-01) (16, 6, 5.00000000000000000000e-01) (16, 6, 5.00000000000000000000e-01) (0, 6, 0.00000000000000000000e+00) (4, 4, 5.00000000000000000000e-01) (0, 4, 0.00000000000000000000e+00) 
connections (connected_to_neuron, weight)=(0, -1.07553464368704254639e+00) (1, 8.38471268506857103642e-02) (2, 2.27670059708532246390e+00) (3, 4.74066243127961417514e+00) (4, 4.74557674251000150001e-01) (5, 1.49815626694938286434e+00) (6, 2.21497550217088567948e+00) (7, 8.75031374255192728739e-01) (8, 7.61951837855953106882e-01) (9, 1.24716484256216086912e+00) (10, 3.03110734440062090655e-01) (11, 1.26870121250155554193e+00) (12, 1.27056364422976764139e+00) (13, 7.45615168484974555341e-01) (14, 3.45677141853972225150e+00) (15, -5.47741458331958419592e-01) (0, -3.44023602288093455215e+00) (1, 1.74410405505432875017e+00) (2, 9.63790162010426554318e-01) (3, 1.48371320688751939798e+00) (4, -4.87883259481220465936e-01) (5, 1.62362325246043021076e-01) (6, 9.82141336901421579952e-01) (7, -8.13838006339092423502e-01) (8, 1.43519753541862277180e-01) (9, 2.17868202788852372009e+00) (10, 1.50566606435125605046e+00) (11, 5.79934363479399750396e-01) (12, 8.96613340460818086797e-01) (13, 2.11860814077773934594e-01) (14, 1.98455900369049631493e+00) (15, -1.33433558908784855035e+00) (0, -3.20019748696477090988e+00) (1, 5.65075519393940628454e-01) (2, 1.13504314798882188775e+00) (3, 3.26042677364768085368e+00) (4, -1.47264579409255885745e-01) (5, 1.09012741832211146331e+00) (6, 1.09710052985718431451e+00) (7, 7.06636854462030783441e-02) (8, 5.76560388098224629871e-01) (9, 2.55624444639452397254e+00) (10, 6.03802352932394925666e-01) (11, 1.01807754100284908461e+00) (12, 4.59747591988482917635e-01) (13, 2.19873299848198255901e-01) (14, 3.40768308393407215462e+00) (15, -6.88139666489669066252e-01) (16, 2.38074336961020227577e+00) (17, 2.39968718901744075822e+01) (18, 2.61877025931393614400e+00) (19, -3.69341315766153810429e+00) 
