FANN_FLO_2.1
num_layers=3
learning_rate=0.700000
connection_rate=1.000000
network_type=0
learning_momentum=0.000000
training_algorithm=2
train_error_function=1
train_stop_function=1
cascade_output_change_fraction=0.010000
quickprop_decay=-0.000100
quickprop_mu=1.750000
rprop_increase_factor=1.200000
rprop_decrease_factor=0.500000
rprop_delta_min=0.000000
rprop_delta_max=50.000000
rprop_delta_zero=0.100000
cascade_output_stagnation_epochs=12
cascade_candidate_change_fraction=0.010000
cascade_candidate_stagnation_epochs=12
cascade_max_out_epochs=150
cascade_min_out_epochs=50
cascade_max_cand_epochs=150
cascade_min_cand_epochs=50
cascade_num_candidate_groups=2
bit_fail_limit=1.00000000000000005551e-01
cascade_candidate_limit=1.00000000000000000000e+03
cascade_weight_multiplier=4.00000000000000022204e-01
cascade_activation_functions_count=10
cascade_activation_functions=3 5 7 8 10 11 14 15 16 17 
cascade_activation_steepnesses_count=4
cascade_activation_steepnesses=2.50000000000000000000e-01 5.00000000000000000000e-01 7.50000000000000000000e-01 1.00000000000000000000e+00 
layer_sizes=7 4 2 
scale_included=0
neurons (num_inputs, activation_function, activation_steepness)=(0, 0, 0.00000000000000000000e+00) (0, 0, 0.00000000000000000000e+00) (0, 0, 0.00000000000000000000e+00) (0, 0, 0.00000000000000000000e+00) (0, 0, 0.00000000000000000000e+00) (0, 0, 0.00000000000000000000e+00) (0, 0, 0.00000000000000000000e+00) (7, 6, 5.00000000000000000000e-01) (7, 6, 5.00000000000000000000e-01) (7, 6, 5.00000000000000000000e-01) (0, 6, 0.00000000000000000000e+00) (4, 4, 5.00000000000000000000e-01) (0, 4, 0.00000000000000000000e+00) 
connections (connected_to_neuron, weight)=(0, 4.55168123332906748857e+00) (1, -5.37616339006986798665e+00) (2, 2.11701227775516098717e+00) (3, -1.45804098495805778413e+00) (4, -8.27645390469962194402e+00) (5, -5.46917684802379788778e+00) (6, 5.12891671024105111343e+00) (0, -4.61438585168189074892e+00) (1, 3.30198716182347506987e+00) (2, 8.45062428190049064192e-01) (3, 2.23451533698576554343e+00) (4, 4.20795742041824638591e+00) (5, 3.31353170979853839384e+00) (6, -3.22380978781159877045e+00) (0, -2.66738103281549898682e+00) (1, 2.42349542176281929073e+00) (2, 2.11167424494794808698e-01) (3, 1.26292052029469537011e+00) (4, 2.25595854403054074666e+00) (5, 2.34190236275946617184e+00) (6, -1.06701542535507387655e+00) (7, -1.53672496921183654450e+00) (8, 6.06169899494433739306e+00) (9, 2.47162745828359087241e+00) (10, -1.54615758383581902713e+00) 
