FANN_FLO_2.1
num_layers=3
learning_rate=0.700000
connection_rate=1.000000
network_type=0
learning_momentum=0.000000
training_algorithm=2
train_error_function=1
train_stop_function=1
cascade_output_change_fraction=0.010000
quickprop_decay=-0.000100
quickprop_mu=1.750000
rprop_increase_factor=1.200000
rprop_decrease_factor=0.500000
rprop_delta_min=0.000000
rprop_delta_max=50.000000
rprop_delta_zero=0.100000
cascade_output_stagnation_epochs=12
cascade_candidate_change_fraction=0.010000
cascade_candidate_stagnation_epochs=12
cascade_max_out_epochs=150
cascade_min_out_epochs=50
cascade_max_cand_epochs=150
cascade_min_cand_epochs=50
cascade_num_candidate_groups=2
bit_fail_limit=1.00000000000000005551e-01
cascade_candidate_limit=1.00000000000000000000e+03
cascade_weight_multiplier=4.00000000000000022204e-01
cascade_activation_functions_count=10
cascade_activation_functions=3 5 7 8 10 11 14 15 16 17 
cascade_activation_steepnesses_count=4
cascade_activation_steepnesses=2.50000000000000000000e-01 5.00000000000000000000e-01 7.50000000000000000000e-01 1.00000000000000000000e+00 
layer_sizes=7 4 2 
scale_included=0
neurons (num_inputs, activation_function, activation_steepness)=(0, 0, 0.00000000000000000000e+00) (0, 0, 0.00000000000000000000e+00) (0, 0, 0.00000000000000000000e+00) (0, 0, 0.00000000000000000000e+00) (0, 0, 0.00000000000000000000e+00) (0, 0, 0.00000000000000000000e+00) (0, 0, 0.00000000000000000000e+00) (7, 6, 5.00000000000000000000e-01) (7, 6, 5.00000000000000000000e-01) (7, 6, 5.00000000000000000000e-01) (0, 6, 0.00000000000000000000e+00) (4, 4, 5.00000000000000000000e-01) (0, 4, 0.00000000000000000000e+00) 
connections (connected_to_neuron, weight)=(0, -2.99366386980480703173e+00) (1, 2.09115315092558118337e+00) (2, -7.52981265029785795662e-01) (3, 2.35231384271910215489e+00) (4, -4.05452060505730127460e-01) (5, 2.45399942139026183696e+00) (6, -1.25767106777057335876e+00) (0, 2.04233060170873459427e+00) (1, -2.08370131209259934479e+00) (2, -5.33658103471688960440e-01) (3, -3.27563203538631597667e+00) (4, 1.41721171109298493818e+00) (5, -1.79654967770788065451e+00) (6, 2.18744320188626151236e+00) (0, 1.78117338552285531250e+00) (1, -1.95095097900526326384e+00) (2, -3.57801263131649338600e-01) (3, -2.63503396272978829273e+00) (4, 2.62074302283190119223e-01) (5, -2.16578492653820697811e+00) (6, 2.11915022646054085342e+00) (7, 3.29708036708127139036e+00) (8, -8.20177883072668656439e+00) (9, -8.26480747922236069769e+00) (10, -1.12214827052610699454e+00) 
