FANN_FLO_2.1
num_layers=3
learning_rate=0.700000
connection_rate=1.000000
network_type=0
learning_momentum=0.000000
training_algorithm=2
train_error_function=1
train_stop_function=1
cascade_output_change_fraction=0.010000
quickprop_decay=-0.000100
quickprop_mu=1.750000
rprop_increase_factor=1.200000
rprop_decrease_factor=0.500000
rprop_delta_min=0.000000
rprop_delta_max=50.000000
rprop_delta_zero=0.100000
cascade_output_stagnation_epochs=12
cascade_candidate_change_fraction=0.010000
cascade_candidate_stagnation_epochs=12
cascade_max_out_epochs=150
cascade_min_out_epochs=50
cascade_max_cand_epochs=150
cascade_min_cand_epochs=50
cascade_num_candidate_groups=2
bit_fail_limit=1.00000000000000005551e-01
cascade_candidate_limit=1.00000000000000000000e+03
cascade_weight_multiplier=4.00000000000000022204e-01
cascade_activation_functions_count=10
cascade_activation_functions=3 5 7 8 10 11 14 15 16 17 
cascade_activation_steepnesses_count=4
cascade_activation_steepnesses=2.50000000000000000000e-01 5.00000000000000000000e-01 7.50000000000000000000e-01 1.00000000000000000000e+00 
layer_sizes=11 4 2 
scale_included=0
neurons (num_inputs, activation_function, activation_steepness)=(0, 0, 0.00000000000000000000e+00) (0, 0, 0.00000000000000000000e+00) (0, 0, 0.00000000000000000000e+00) (0, 0, 0.00000000000000000000e+00) (0, 0, 0.00000000000000000000e+00) (0, 0, 0.00000000000000000000e+00) (0, 0, 0.00000000000000000000e+00) (0, 0, 0.00000000000000000000e+00) (0, 0, 0.00000000000000000000e+00) (0, 0, 0.00000000000000000000e+00) (0, 0, 0.00000000000000000000e+00) (11, 6, 5.00000000000000000000e-01) (11, 6, 5.00000000000000000000e-01) (11, 6, 5.00000000000000000000e-01) (0, 6, 0.00000000000000000000e+00) (4, 4, 5.00000000000000000000e-01) (0, 4, 0.00000000000000000000e+00) 
connections (connected_to_neuron, weight)=(0, -5.01841027276216067321e+00) (1, 3.35441507440743169610e+00) (2, 1.83338857586763048779e+00) (3, 2.14768735836191293487e+00) (4, 4.08609467921435820514e-01) (5, 5.77914195943564212854e+00) (6, 3.39877757814691028315e+00) (7, 8.42549086713283545969e-01) (8, 6.16978202609372972098e-01) (9, 3.23645319512103579740e+00) (10, -4.09392192262093601585e+00) (0, -3.81821423755851596660e-01) (1, 9.15431567504838228366e-01) (2, 1.38815723886412611954e+00) (3, 4.60031567288942788707e-01) (4, 2.83568467859678985388e-01) (5, 5.59742289759226685497e-01) (6, 8.15699841222752186631e-01) (7, 7.81085789585403700297e-02) (8, 5.40738894528672964235e-01) (9, 7.74029278208964055530e-01) (10, 6.35744861913769554462e-02) (0, 1.62244279470213470518e-01) (1, -2.84170267944033549945e-01) (2, -2.24403749308247024707e-01) (3, -9.45317654369587506702e-02) (4, -1.60869684922612526945e-01) (5, -2.07704777614437507971e-01) (6, -1.53100844248615558518e-01) (7, 7.70128278065533300456e-01) (8, -4.07149861615021979588e-01) (9, -2.97173124887583128828e-01) (10, 5.72269526980004675232e-02) (11, 1.02325008463342008724e+01) (12, 5.86696464730073752314e-01) (13, -6.76369657671435919877e-02) (14, -1.74897249582014846503e+00) 
