FANN_FLO_2.1
num_layers=3
learning_rate=0.700000
connection_rate=1.000000
network_type=0
learning_momentum=0.000000
training_algorithm=2
train_error_function=1
train_stop_function=1
cascade_output_change_fraction=0.010000
quickprop_decay=-0.000100
quickprop_mu=1.750000
rprop_increase_factor=1.200000
rprop_decrease_factor=0.500000
rprop_delta_min=0.000000
rprop_delta_max=50.000000
rprop_delta_zero=0.100000
cascade_output_stagnation_epochs=12
cascade_candidate_change_fraction=0.010000
cascade_candidate_stagnation_epochs=12
cascade_max_out_epochs=150
cascade_min_out_epochs=50
cascade_max_cand_epochs=150
cascade_min_cand_epochs=50
cascade_num_candidate_groups=2
bit_fail_limit=1.00000000000000005551e-01
cascade_candidate_limit=1.00000000000000000000e+03
cascade_weight_multiplier=4.00000000000000022204e-01
cascade_activation_functions_count=10
cascade_activation_functions=3 5 7 8 10 11 14 15 16 17 
cascade_activation_steepnesses_count=4
cascade_activation_steepnesses=2.50000000000000000000e-01 5.00000000000000000000e-01 7.50000000000000000000e-01 1.00000000000000000000e+00 
layer_sizes=9 4 2 
scale_included=0
neurons (num_inputs, activation_function, activation_steepness)=(0, 0, 0.00000000000000000000e+00) (0, 0, 0.00000000000000000000e+00) (0, 0, 0.00000000000000000000e+00) (0, 0, 0.00000000000000000000e+00) (0, 0, 0.00000000000000000000e+00) (0, 0, 0.00000000000000000000e+00) (0, 0, 0.00000000000000000000e+00) (0, 0, 0.00000000000000000000e+00) (0, 0, 0.00000000000000000000e+00) (9, 6, 5.00000000000000000000e-01) (9, 6, 5.00000000000000000000e-01) (9, 6, 5.00000000000000000000e-01) (0, 6, 0.00000000000000000000e+00) (4, 4, 5.00000000000000000000e-01) (0, 4, 0.00000000000000000000e+00) 
connections (connected_to_neuron, weight)=(0, -3.02298113075243390924e+00) (1, 9.58567084886922438081e-01) (2, 2.95695331950217532579e+00) (3, 2.99036566410911808234e-01) (4, 4.39603328212042343548e-01) (5, 4.09192889436026219219e-01) (6, 6.37661955767693133801e-01) (7, -1.77016523053579177827e-01) (8, -1.91368480197986523539e-01) (0, -5.48076524031794942715e+00) (1, 7.02026732936976305410e+00) (2, -9.44790606398317023285e-01) (3, -2.44136044135271568223e+00) (4, -1.29661842378740921333e+00) (5, -1.17344284000759735420e+00) (6, -9.88602677045144484502e-02) (7, -2.31957642726019458435e-01) (8, -4.87836657962144093492e-01) (0, -8.60774109281181232234e+00) (1, 3.22265011954347757595e-01) (2, 7.93468019713268990500e+00) (3, 2.09699914030052125824e+00) (4, 8.95998700244387435987e-01) (5, 1.21750762594924277771e+00) (6, 2.86635573700210111170e+00) (7, -2.04703191290506403277e-01) (8, -1.58758669203367674960e+00) (9, 9.58511711300882529585e-01) (10, 3.47346592623413563672e+00) (11, 3.48583877946444342655e+00) (12, -4.13582708328412262944e+00) 
