FANN_FLO_2.1
num_layers=3
learning_rate=0.700000
connection_rate=1.000000
network_type=0
learning_momentum=0.000000
training_algorithm=2
train_error_function=1
train_stop_function=1
cascade_output_change_fraction=0.010000
quickprop_decay=-0.000100
quickprop_mu=1.750000
rprop_increase_factor=1.200000
rprop_decrease_factor=0.500000
rprop_delta_min=0.000000
rprop_delta_max=50.000000
rprop_delta_zero=0.100000
cascade_output_stagnation_epochs=12
cascade_candidate_change_fraction=0.010000
cascade_candidate_stagnation_epochs=12
cascade_max_out_epochs=150
cascade_min_out_epochs=50
cascade_max_cand_epochs=150
cascade_min_cand_epochs=50
cascade_num_candidate_groups=2
bit_fail_limit=1.00000000000000005551e-01
cascade_candidate_limit=1.00000000000000000000e+03
cascade_weight_multiplier=4.00000000000000022204e-01
cascade_activation_functions_count=10
cascade_activation_functions=3 5 7 8 10 11 14 15 16 17 
cascade_activation_steepnesses_count=4
cascade_activation_steepnesses=2.50000000000000000000e-01 5.00000000000000000000e-01 7.50000000000000000000e-01 1.00000000000000000000e+00 
layer_sizes=12 4 2 
scale_included=0
neurons (num_inputs, activation_function, activation_steepness)=(0, 0, 0.00000000000000000000e+00) (0, 0, 0.00000000000000000000e+00) (0, 0, 0.00000000000000000000e+00) (0, 0, 0.00000000000000000000e+00) (0, 0, 0.00000000000000000000e+00) (0, 0, 0.00000000000000000000e+00) (0, 0, 0.00000000000000000000e+00) (0, 0, 0.00000000000000000000e+00) (0, 0, 0.00000000000000000000e+00) (0, 0, 0.00000000000000000000e+00) (0, 0, 0.00000000000000000000e+00) (0, 0, 0.00000000000000000000e+00) (12, 6, 5.00000000000000000000e-01) (12, 6, 5.00000000000000000000e-01) (12, 6, 5.00000000000000000000e-01) (0, 6, 0.00000000000000000000e+00) (4, 4, 5.00000000000000000000e-01) (0, 4, 0.00000000000000000000e+00) 
connections (connected_to_neuron, weight)=(0, -2.27949991048341260580e+00) (1, 1.67116677551877956809e+00) (2, 1.53578966509609249336e+00) (3, 3.10985180151677642613e+00) (4, 1.85314370484714729947e+00) (5, -1.25429092258690172423e-01) (6, -1.96473455393622797871e+00) (7, 2.39143352184472135491e+00) (8, 2.12129332863664821218e+00) (9, 1.08986641664519656736e+00) (10, 4.42004557279715726281e+00) (11, -2.32203695149188504843e+00) (0, 2.40350315484686394285e+00) (1, -2.17578583462043839702e+00) (2, -8.22047940029148938024e-01) (3, -1.88332084129620547230e+00) (4, -7.03958340748725985847e-01) (5, 2.24474377010871117832e+00) (6, 2.94352241425022853605e+00) (7, -7.12076341100272069973e-01) (8, -1.00417038807854175353e+00) (9, -1.38749687540916699646e+00) (10, -3.16135422851467318139e+00) (11, 1.70245203209471651640e+00) (0, -9.29373282336925288227e-01) (1, 1.55381735943521093191e+00) (2, 8.89803687139092192027e-01) (3, 1.43957828351638350561e+00) (4, 7.91192395966153205755e-01) (5, -6.48245726177973380366e-01) (6, -7.95531314279148804580e-01) (7, 1.16034210878991039806e+00) (8, 9.30998180778843775762e-01) (9, 1.90269796156860765413e-01) (10, 2.02456990427094662977e+00) (11, -8.17419792854522486714e-01) (12, 7.93710714764711333657e+00) (13, -8.48931773328279426494e+00) (14, 3.09483872786731861737e+00) (15, -1.93440504709194560640e+00) 
