FANN_FLO_2.1
num_layers=3
learning_rate=0.700000
connection_rate=1.000000
network_type=0
learning_momentum=0.000000
training_algorithm=2
train_error_function=1
train_stop_function=1
cascade_output_change_fraction=0.010000
quickprop_decay=-0.000100
quickprop_mu=1.750000
rprop_increase_factor=1.200000
rprop_decrease_factor=0.500000
rprop_delta_min=0.000000
rprop_delta_max=50.000000
rprop_delta_zero=0.100000
cascade_output_stagnation_epochs=12
cascade_candidate_change_fraction=0.010000
cascade_candidate_stagnation_epochs=12
cascade_max_out_epochs=150
cascade_min_out_epochs=50
cascade_max_cand_epochs=150
cascade_min_cand_epochs=50
cascade_num_candidate_groups=2
bit_fail_limit=1.00000000000000005551e-01
cascade_candidate_limit=1.00000000000000000000e+03
cascade_weight_multiplier=4.00000000000000022204e-01
cascade_activation_functions_count=10
cascade_activation_functions=3 5 7 8 10 11 14 15 16 17 
cascade_activation_steepnesses_count=4
cascade_activation_steepnesses=2.50000000000000000000e-01 5.00000000000000000000e-01 7.50000000000000000000e-01 1.00000000000000000000e+00 
layer_sizes=11 4 2 
scale_included=0
neurons (num_inputs, activation_function, activation_steepness)=(0, 0, 0.00000000000000000000e+00) (0, 0, 0.00000000000000000000e+00) (0, 0, 0.00000000000000000000e+00) (0, 0, 0.00000000000000000000e+00) (0, 0, 0.00000000000000000000e+00) (0, 0, 0.00000000000000000000e+00) (0, 0, 0.00000000000000000000e+00) (0, 0, 0.00000000000000000000e+00) (0, 0, 0.00000000000000000000e+00) (0, 0, 0.00000000000000000000e+00) (0, 0, 0.00000000000000000000e+00) (11, 6, 5.00000000000000000000e-01) (11, 6, 5.00000000000000000000e-01) (11, 6, 5.00000000000000000000e-01) (0, 6, 0.00000000000000000000e+00) (4, 4, 5.00000000000000000000e-01) (0, 4, 0.00000000000000000000e+00) 
connections (connected_to_neuron, weight)=(0, 1.42548798208675133736e+01) (1, -5.19173595293082978941e+00) (2, 2.45485340630068632484e-01) (3, -3.93251102698499188648e+00) (4, -5.17156525561441515748e+00) (5, 2.54990999971880794028e-01) (6, -5.13892561926164415098e+00) (7, -3.38658380387210133922e-01) (8, -4.43371273306196744812e+00) (9, -5.17214869726451276222e+00) (10, 4.40244498090683222813e+00) (0, 1.47242420313006427968e+00) (1, 5.06809213326169349934e-01) (2, 1.05020221616032127798e+00) (3, 3.16768766636075393972e-01) (4, -1.70167237820512795565e+01) (5, 1.02222016036745166900e+00) (6, -4.45506331828324705913e-02) (7, 1.21733786783625075323e+00) (8, -5.07280617662145161262e-01) (9, 4.36748438294187024677e-01) (10, 7.11620868292812569500e-01) (0, -1.68198365762163115633e+00) (1, 1.18533969142165784838e+00) (2, -1.68912256990205622564e-01) (3, 8.54567407664762579422e-01) (4, 1.74229852487559910834e+00) (5, 4.36163826114881303386e-01) (6, 9.75700672273232760823e-01) (7, 2.89962077559697446738e-02) (8, 3.03145897633039984598e+00) (9, 1.17883609755480134318e+00) (10, -4.09622784915278315143e-01) (11, -1.63757924440120277154e+01) (12, -1.23207874090828495284e+00) (13, 6.35902590993664862395e-01) (14, -1.73829894980329924259e+00) 
