FANN_FLO_2.1
num_layers=3
learning_rate=0.700000
connection_rate=1.000000
network_type=0
learning_momentum=0.000000
training_algorithm=2
train_error_function=1
train_stop_function=1
cascade_output_change_fraction=0.010000
quickprop_decay=-0.000100
quickprop_mu=1.750000
rprop_increase_factor=1.200000
rprop_decrease_factor=0.500000
rprop_delta_min=0.000000
rprop_delta_max=50.000000
rprop_delta_zero=0.100000
cascade_output_stagnation_epochs=12
cascade_candidate_change_fraction=0.010000
cascade_candidate_stagnation_epochs=12
cascade_max_out_epochs=150
cascade_min_out_epochs=50
cascade_max_cand_epochs=150
cascade_min_cand_epochs=50
cascade_num_candidate_groups=2
bit_fail_limit=1.00000000000000005551e-01
cascade_candidate_limit=1.00000000000000000000e+03
cascade_weight_multiplier=4.00000000000000022204e-01
cascade_activation_functions_count=10
cascade_activation_functions=3 5 7 8 10 11 14 15 16 17 
cascade_activation_steepnesses_count=4
cascade_activation_steepnesses=2.50000000000000000000e-01 5.00000000000000000000e-01 7.50000000000000000000e-01 1.00000000000000000000e+00 
layer_sizes=10 4 2 
scale_included=0
neurons (num_inputs, activation_function, activation_steepness)=(0, 0, 0.00000000000000000000e+00) (0, 0, 0.00000000000000000000e+00) (0, 0, 0.00000000000000000000e+00) (0, 0, 0.00000000000000000000e+00) (0, 0, 0.00000000000000000000e+00) (0, 0, 0.00000000000000000000e+00) (0, 0, 0.00000000000000000000e+00) (0, 0, 0.00000000000000000000e+00) (0, 0, 0.00000000000000000000e+00) (0, 0, 0.00000000000000000000e+00) (10, 6, 5.00000000000000000000e-01) (10, 6, 5.00000000000000000000e-01) (10, 6, 5.00000000000000000000e-01) (0, 6, 0.00000000000000000000e+00) (4, 4, 5.00000000000000000000e-01) (0, 4, 0.00000000000000000000e+00) 
connections (connected_to_neuron, weight)=(0, 1.47373432928086178784e+00) (1, -2.46780684648314707630e+00) (2, 4.73359256466640287986e-01) (3, 7.73913756953499176738e-01) (4, 4.19586747368587309470e-01) (5, 1.01431551423339283424e+00) (6, 2.33465975583604767873e-01) (7, 1.14905045598581034838e+00) (8, 6.52939863530218600474e-01) (9, 1.43622016423703091625e+00) (0, 1.47843600326538937573e+00) (1, -2.46051021723309748523e+00) (2, 4.19286176046146208396e-01) (3, 8.67895537065288880108e-01) (4, 3.97937401613010222068e-01) (5, 8.39724323120397797560e-01) (6, 3.11178146363309815481e-01) (7, 1.20313820659949977099e+00) (8, 6.45150579539358615122e-01) (9, 1.38531847560168164257e+00) (0, -9.87164987061733056883e-01) (1, 3.00372825051968428411e+00) (2, 1.67930656335085859432e-01) (3, -2.09545199798619519171e-01) (4, 1.76670358738631239071e-01) (5, -7.92689443332815213417e-01) (6, 2.47347437998980484997e-01) (7, -1.14564523640703530560e+00) (8, -6.37983317124493298778e-01) (9, -1.14694321695398659955e+00) (10, -2.07936603607443570851e+00) (11, -3.58210786544164427880e+00) (12, 8.46814122589319673295e+00) (13, -1.14554182234835000287e+00) 
