FANN_FLO_2.1
num_layers=3
learning_rate=0.700000
connection_rate=1.000000
network_type=0
learning_momentum=0.000000
training_algorithm=2
train_error_function=1
train_stop_function=1
cascade_output_change_fraction=0.010000
quickprop_decay=-0.000100
quickprop_mu=1.750000
rprop_increase_factor=1.200000
rprop_decrease_factor=0.500000
rprop_delta_min=0.000000
rprop_delta_max=50.000000
rprop_delta_zero=0.100000
cascade_output_stagnation_epochs=12
cascade_candidate_change_fraction=0.010000
cascade_candidate_stagnation_epochs=12
cascade_max_out_epochs=150
cascade_min_out_epochs=50
cascade_max_cand_epochs=150
cascade_min_cand_epochs=50
cascade_num_candidate_groups=2
bit_fail_limit=1.00000000000000005551e-01
cascade_candidate_limit=1.00000000000000000000e+03
cascade_weight_multiplier=4.00000000000000022204e-01
cascade_activation_functions_count=10
cascade_activation_functions=3 5 7 8 10 11 14 15 16 17 
cascade_activation_steepnesses_count=4
cascade_activation_steepnesses=2.50000000000000000000e-01 5.00000000000000000000e-01 7.50000000000000000000e-01 1.00000000000000000000e+00 
layer_sizes=11 4 2 
scale_included=0
neurons (num_inputs, activation_function, activation_steepness)=(0, 0, 0.00000000000000000000e+00) (0, 0, 0.00000000000000000000e+00) (0, 0, 0.00000000000000000000e+00) (0, 0, 0.00000000000000000000e+00) (0, 0, 0.00000000000000000000e+00) (0, 0, 0.00000000000000000000e+00) (0, 0, 0.00000000000000000000e+00) (0, 0, 0.00000000000000000000e+00) (0, 0, 0.00000000000000000000e+00) (0, 0, 0.00000000000000000000e+00) (0, 0, 0.00000000000000000000e+00) (11, 6, 5.00000000000000000000e-01) (11, 6, 5.00000000000000000000e-01) (11, 6, 5.00000000000000000000e-01) (0, 6, 0.00000000000000000000e+00) (4, 4, 5.00000000000000000000e-01) (0, 4, 0.00000000000000000000e+00) 
connections (connected_to_neuron, weight)=(0, -4.49421343108917881182e+00) (1, 4.34055872897518657538e+00) (2, -5.20207707723832402102e-01) (3, 3.16222539239201383410e+00) (4, 2.74681194488739066628e+00) (5, 4.47015766570110617550e+00) (6, 4.84784403231314087179e+00) (7, -2.28428915484268024727e+00) (8, 4.36621742572961224482e+00) (9, 3.72626694283624448900e+00) (10, -4.41134695940405752168e+00) (0, -1.51094338594488197813e+00) (1, 1.65411778881958326792e+00) (2, 7.15236959999642984975e-01) (3, 1.42254845170528865239e+00) (4, 9.40718533542303503303e-01) (5, 1.61229103193703360297e+00) (6, 1.15417370638726840548e-01) (7, -1.01415214794660590858e-01) (8, 1.79036128629871260642e+00) (9, 1.19288725409295165436e-01) (10, -1.60523966304597709431e+00) (0, -2.02375068271648972384e+00) (1, 1.57126379828462425792e+00) (2, 1.41595546823219575749e+00) (3, 2.19367772635222735289e+00) (4, 1.97265860661837910683e+00) (5, 1.42573155240240745378e+00) (6, 9.95594669818809785422e-02) (7, 4.10711811817777647238e-02) (8, 1.56438735623784896944e+00) (9, 1.99768185373981355113e+00) (10, -1.88880420049266484206e+00) (11, 7.00626249950957546986e+00) (12, 1.45275941230360006173e+00) (13, 6.15793641420612125614e+00) (14, -1.64935190940665488135e+00) 
