FANN_FLO_2.1
num_layers=3
learning_rate=0.700000
connection_rate=1.000000
network_type=0
learning_momentum=0.000000
training_algorithm=2
train_error_function=1
train_stop_function=1
cascade_output_change_fraction=0.010000
quickprop_decay=-0.000100
quickprop_mu=1.750000
rprop_increase_factor=1.200000
rprop_decrease_factor=0.500000
rprop_delta_min=0.000000
rprop_delta_max=50.000000
rprop_delta_zero=0.100000
cascade_output_stagnation_epochs=12
cascade_candidate_change_fraction=0.010000
cascade_candidate_stagnation_epochs=12
cascade_max_out_epochs=150
cascade_min_out_epochs=50
cascade_max_cand_epochs=150
cascade_min_cand_epochs=50
cascade_num_candidate_groups=2
bit_fail_limit=1.00000000000000005551e-01
cascade_candidate_limit=1.00000000000000000000e+03
cascade_weight_multiplier=4.00000000000000022204e-01
cascade_activation_functions_count=10
cascade_activation_functions=3 5 7 8 10 11 14 15 16 17 
cascade_activation_steepnesses_count=4
cascade_activation_steepnesses=2.50000000000000000000e-01 5.00000000000000000000e-01 7.50000000000000000000e-01 1.00000000000000000000e+00 
layer_sizes=8 4 2 
scale_included=0
neurons (num_inputs, activation_function, activation_steepness)=(0, 0, 0.00000000000000000000e+00) (0, 0, 0.00000000000000000000e+00) (0, 0, 0.00000000000000000000e+00) (0, 0, 0.00000000000000000000e+00) (0, 0, 0.00000000000000000000e+00) (0, 0, 0.00000000000000000000e+00) (0, 0, 0.00000000000000000000e+00) (0, 0, 0.00000000000000000000e+00) (8, 6, 5.00000000000000000000e-01) (8, 6, 5.00000000000000000000e-01) (8, 6, 5.00000000000000000000e-01) (0, 6, 0.00000000000000000000e+00) (4, 4, 5.00000000000000000000e-01) (0, 4, 0.00000000000000000000e+00) 
connections (connected_to_neuron, weight)=(0, -1.44701839454828307119e+00) (1, 2.89960158590071337414e+00) (2, 5.28612689146471637081e-01) (3, 3.23009127356235481443e+00) (4, 3.22245554331575601026e+00) (5, 2.86141699617930056476e+00) (6, 2.88545872602448616462e+00) (7, -4.60099936795396402545e+00) (0, -6.72564650003653393545e-03) (1, -2.68633522213550079982e-01) (2, -7.09711981090092813851e-01) (3, -2.50575555762184154496e-01) (4, -1.25091202193809847287e+00) (5, -2.91407737227535601487e-01) (6, -4.08317200348435438428e-01) (7, 4.48526508074436724982e-01) (0, -2.15059509652800695534e+00) (1, 3.18323807004683168032e+00) (2, 4.83429801907356293533e-01) (3, 1.97051130452347855737e+00) (4, 4.44217632548465601872e+00) (5, 3.25284091996120983126e+00) (6, 3.20696780774579215390e+00) (7, -4.72124075345468252607e+00) (8, 6.52182447033421226479e+01) (9, -1.94958553394498568245e+00) (10, 5.60685740553649480944e+01) (11, -3.02242218637173198914e+00) 
