FANN_FLO_2.1
num_layers=3
learning_rate=0.700000
connection_rate=1.000000
network_type=0
learning_momentum=0.000000
training_algorithm=2
train_error_function=1
train_stop_function=1
cascade_output_change_fraction=0.010000
quickprop_decay=-0.000100
quickprop_mu=1.750000
rprop_increase_factor=1.200000
rprop_decrease_factor=0.500000
rprop_delta_min=0.000000
rprop_delta_max=50.000000
rprop_delta_zero=0.100000
cascade_output_stagnation_epochs=12
cascade_candidate_change_fraction=0.010000
cascade_candidate_stagnation_epochs=12
cascade_max_out_epochs=150
cascade_min_out_epochs=50
cascade_max_cand_epochs=150
cascade_min_cand_epochs=50
cascade_num_candidate_groups=2
bit_fail_limit=1.00000000000000005551e-01
cascade_candidate_limit=1.00000000000000000000e+03
cascade_weight_multiplier=4.00000000000000022204e-01
cascade_activation_functions_count=10
cascade_activation_functions=3 5 7 8 10 11 14 15 16 17 
cascade_activation_steepnesses_count=4
cascade_activation_steepnesses=2.50000000000000000000e-01 5.00000000000000000000e-01 7.50000000000000000000e-01 1.00000000000000000000e+00 
layer_sizes=9 4 2 
scale_included=0
neurons (num_inputs, activation_function, activation_steepness)=(0, 0, 0.00000000000000000000e+00) (0, 0, 0.00000000000000000000e+00) (0, 0, 0.00000000000000000000e+00) (0, 0, 0.00000000000000000000e+00) (0, 0, 0.00000000000000000000e+00) (0, 0, 0.00000000000000000000e+00) (0, 0, 0.00000000000000000000e+00) (0, 0, 0.00000000000000000000e+00) (0, 0, 0.00000000000000000000e+00) (9, 6, 5.00000000000000000000e-01) (9, 6, 5.00000000000000000000e-01) (9, 6, 5.00000000000000000000e-01) (0, 6, 0.00000000000000000000e+00) (4, 4, 5.00000000000000000000e-01) (0, 4, 0.00000000000000000000e+00) 
connections (connected_to_neuron, weight)=(0, -1.31304580614856263310e+01) (1, -5.10294508405426494591e+00) (2, -2.37360991442587421218e+00) (3, 3.26971756492931486804e+00) (4, -2.27628087523420896687e+00) (5, -1.88077519860154529496e-01) (6, 5.29259804276210665819e+00) (7, 5.29056343866510925267e+00) (8, 8.23342708332731554322e+00) (0, 1.95694617372766443975e-01) (1, 2.78236112274611091522e+00) (2, 2.58902939468743209517e+00) (3, 2.18264786033712843150e+00) (4, 4.04023912634947635070e+00) (5, 4.60937985037133657329e+00) (6, 1.48933601539622040288e-01) (7, 1.38658491223010049698e-01) (8, -4.74799564155992470660e+00) (0, -2.80318898319712295208e-01) (1, 5.65647016323953089056e-01) (2, -1.82745285434795845525e+00) (3, -1.13622391294789326643e+00) (4, -3.41771688380292371079e+00) (5, -8.61827478568085392219e-01) (6, 3.30424779987366412648e-01) (7, 2.33603604194293268392e-01) (8, 3.23934739549197159292e-01) (9, -1.75175351545624486960e+01) (10, 3.27030337632101648637e+01) (11, -8.63558749988192930758e-01) (12, -1.05729443689218083335e+00) 
