FANN_FLO_2.1
num_layers=3
learning_rate=0.700000
connection_rate=1.000000
network_type=0
learning_momentum=0.000000
training_algorithm=2
train_error_function=1
train_stop_function=1
cascade_output_change_fraction=0.010000
quickprop_decay=-0.000100
quickprop_mu=1.750000
rprop_increase_factor=1.200000
rprop_decrease_factor=0.500000
rprop_delta_min=0.000000
rprop_delta_max=50.000000
rprop_delta_zero=0.100000
cascade_output_stagnation_epochs=12
cascade_candidate_change_fraction=0.010000
cascade_candidate_stagnation_epochs=12
cascade_max_out_epochs=150
cascade_min_out_epochs=50
cascade_max_cand_epochs=150
cascade_min_cand_epochs=50
cascade_num_candidate_groups=2
bit_fail_limit=1.00000000000000005551e-01
cascade_candidate_limit=1.00000000000000000000e+03
cascade_weight_multiplier=4.00000000000000022204e-01
cascade_activation_functions_count=10
cascade_activation_functions=3 5 7 8 10 11 14 15 16 17 
cascade_activation_steepnesses_count=4
cascade_activation_steepnesses=2.50000000000000000000e-01 5.00000000000000000000e-01 7.50000000000000000000e-01 1.00000000000000000000e+00 
layer_sizes=10 4 2 
scale_included=0
neurons (num_inputs, activation_function, activation_steepness)=(0, 0, 0.00000000000000000000e+00) (0, 0, 0.00000000000000000000e+00) (0, 0, 0.00000000000000000000e+00) (0, 0, 0.00000000000000000000e+00) (0, 0, 0.00000000000000000000e+00) (0, 0, 0.00000000000000000000e+00) (0, 0, 0.00000000000000000000e+00) (0, 0, 0.00000000000000000000e+00) (0, 0, 0.00000000000000000000e+00) (0, 0, 0.00000000000000000000e+00) (10, 6, 5.00000000000000000000e-01) (10, 6, 5.00000000000000000000e-01) (10, 6, 5.00000000000000000000e-01) (0, 6, 0.00000000000000000000e+00) (4, 4, 5.00000000000000000000e-01) (0, 4, 0.00000000000000000000e+00) 
connections (connected_to_neuron, weight)=(0, -7.84422983155641850850e-01) (1, 2.16024033916960966906e+00) (2, 1.79963368863662077912e-02) (3, -3.88421325653121873867e-01) (4, -3.54476979642436906826e-01) (5, -1.34359581717453502314e+00) (6, -3.46923052042053148281e-01) (7, -8.70972113565596339768e-01) (8, -7.73717837289961574143e-01) (9, -8.56725794003400986654e-01) (0, -9.29590821235559416902e-02) (1, -5.32758908198407210577e-01) (2, -4.74688879511885097884e-01) (3, -1.63106675320794952677e-01) (4, -5.11664725206427029036e-01) (5, -2.60250289155974867672e-01) (6, -5.80385982356600216292e-01) (7, -5.03548762523419457526e-02) (8, -1.28150610863474196527e-02) (9, -1.21145939823903842081e-01) (0, -8.60590946600828354818e-01) (1, 2.16254542214642775377e+00) (2, 2.34214622468550993928e-02) (3, -3.29996852844283983242e-01) (4, -3.96218246489093706142e-01) (5, -1.30192188122473262446e+00) (6, -3.86018446355388566982e-01) (7, -7.34103152410181869492e-01) (8, -8.41605691121014354295e-01) (9, -8.91722549424562638265e-01) (10, 8.25360164864075507296e+00) (11, 1.16445145209096129202e-01) (12, 8.28579451961529578341e+00) (13, -8.93744357601795380575e-01) 
