FANN_FLO_2.1
num_layers=3
learning_rate=0.700000
connection_rate=1.000000
network_type=0
learning_momentum=0.000000
training_algorithm=2
train_error_function=1
train_stop_function=1
cascade_output_change_fraction=0.010000
quickprop_decay=-0.000100
quickprop_mu=1.750000
rprop_increase_factor=1.200000
rprop_decrease_factor=0.500000
rprop_delta_min=0.000000
rprop_delta_max=50.000000
rprop_delta_zero=0.100000
cascade_output_stagnation_epochs=12
cascade_candidate_change_fraction=0.010000
cascade_candidate_stagnation_epochs=12
cascade_max_out_epochs=150
cascade_min_out_epochs=50
cascade_max_cand_epochs=150
cascade_min_cand_epochs=50
cascade_num_candidate_groups=2
bit_fail_limit=1.00000000000000005551e-01
cascade_candidate_limit=1.00000000000000000000e+03
cascade_weight_multiplier=4.00000000000000022204e-01
cascade_activation_functions_count=10
cascade_activation_functions=3 5 7 8 10 11 14 15 16 17 
cascade_activation_steepnesses_count=4
cascade_activation_steepnesses=2.50000000000000000000e-01 5.00000000000000000000e-01 7.50000000000000000000e-01 1.00000000000000000000e+00 
layer_sizes=6 4 2 
scale_included=0
neurons (num_inputs, activation_function, activation_steepness)=(0, 0, 0.00000000000000000000e+00) (0, 0, 0.00000000000000000000e+00) (0, 0, 0.00000000000000000000e+00) (0, 0, 0.00000000000000000000e+00) (0, 0, 0.00000000000000000000e+00) (0, 0, 0.00000000000000000000e+00) (6, 6, 5.00000000000000000000e-01) (6, 6, 5.00000000000000000000e-01) (6, 6, 5.00000000000000000000e-01) (0, 6, 0.00000000000000000000e+00) (4, 4, 5.00000000000000000000e-01) (0, 4, 0.00000000000000000000e+00) 
connections (connected_to_neuron, weight)=(0, 1.49273553387174429119e+00) (1, 1.72702208854931882342e+01) (2, 1.78048034185304571153e+00) (3, 2.27635359664734382434e+00) (4, 2.58373889308239368390e+00) (5, -2.60026013217626550400e+00) (0, 1.35644665326937463590e+00) (1, 1.59873436811829812143e+01) (2, 9.28949336443568030042e-01) (3, 8.54461893674735906146e-01) (4, 2.09707730826309379779e+00) (5, -2.36113475472913059150e+00) (0, 2.04372872921504455945e+00) (1, -3.61451147992044896640e+00) (2, 6.75261017944712382821e-01) (3, 7.77011634493059211160e-01) (4, 1.23752193992309833526e+00) (5, 1.83078069867936260584e-01) (6, 1.60051941519996958618e+01) (7, 1.74296694624822023911e+00) (8, 1.75576036712569987230e+01) (9, -7.26291350013506598060e+00) 
