FANN_FLO_2.1
num_layers=3
learning_rate=0.700000
connection_rate=1.000000
network_type=0
learning_momentum=0.000000
training_algorithm=2
train_error_function=1
train_stop_function=1
cascade_output_change_fraction=0.010000
quickprop_decay=-0.000100
quickprop_mu=1.750000
rprop_increase_factor=1.200000
rprop_decrease_factor=0.500000
rprop_delta_min=0.000000
rprop_delta_max=50.000000
rprop_delta_zero=0.100000
cascade_output_stagnation_epochs=12
cascade_candidate_change_fraction=0.010000
cascade_candidate_stagnation_epochs=12
cascade_max_out_epochs=150
cascade_min_out_epochs=50
cascade_max_cand_epochs=150
cascade_min_cand_epochs=50
cascade_num_candidate_groups=2
bit_fail_limit=1.00000000000000005551e-01
cascade_candidate_limit=1.00000000000000000000e+03
cascade_weight_multiplier=4.00000000000000022204e-01
cascade_activation_functions_count=10
cascade_activation_functions=3 5 7 8 10 11 14 15 16 17 
cascade_activation_steepnesses_count=4
cascade_activation_steepnesses=2.50000000000000000000e-01 5.00000000000000000000e-01 7.50000000000000000000e-01 1.00000000000000000000e+00 
layer_sizes=15 4 2 
scale_included=0
neurons (num_inputs, activation_function, activation_steepness)=(0, 0, 0.00000000000000000000e+00) (0, 0, 0.00000000000000000000e+00) (0, 0, 0.00000000000000000000e+00) (0, 0, 0.00000000000000000000e+00) (0, 0, 0.00000000000000000000e+00) (0, 0, 0.00000000000000000000e+00) (0, 0, 0.00000000000000000000e+00) (0, 0, 0.00000000000000000000e+00) (0, 0, 0.00000000000000000000e+00) (0, 0, 0.00000000000000000000e+00) (0, 0, 0.00000000000000000000e+00) (0, 0, 0.00000000000000000000e+00) (0, 0, 0.00000000000000000000e+00) (0, 0, 0.00000000000000000000e+00) (0, 0, 0.00000000000000000000e+00) (15, 6, 5.00000000000000000000e-01) (15, 6, 5.00000000000000000000e-01) (15, 6, 5.00000000000000000000e-01) (0, 6, 0.00000000000000000000e+00) (4, 4, 5.00000000000000000000e-01) (0, 4, 0.00000000000000000000e+00) 
connections (connected_to_neuron, weight)=(0, -1.48920411086799120426e+01) (1, -7.37666178457913712663e-01) (2, 8.34312205269321083279e+00) (3, -6.21429239899309648898e-01) (4, -1.13067671439342065653e+00) (5, 1.15144059697991085756e+00) (6, 1.12092788493888146917e+01) (7, -1.50748778065618171951e+00) (8, 1.66641846030634421805e-01) (9, 2.74782432766319972828e+00) (10, -2.79174354086382525697e-01) (11, 1.07025456009724040385e+00) (12, -1.13434178563734966438e+00) (13, -1.16931135875115899125e+00) (14, 1.27508296394645137539e+00) (0, 6.26899963112665403742e+00) (1, -7.86965695027735390177e-01) (2, 1.40710049767572376034e+00) (3, 2.49577042859607411973e-01) (4, 8.49343449868222410970e-01) (5, 3.76636625963739368750e-01) (6, 3.91327858862278654684e+00) (7, -1.02551846529464967261e+01) (8, 1.28064876597302657046e+00) (9, -1.20605250825441467910e+00) (10, -9.25176574300987097921e-01) (11, 2.24975095530321489434e+00) (12, 8.44347152560968927659e-01) (13, 7.88522655855813159320e-01) (14, 7.07066967103331389666e-01) (0, -2.49505588098123602947e+01) (1, 1.93342942172925091882e+00) (2, -3.47267241491985112489e+00) (3, -1.21519165515391813770e+00) (4, 4.45103198168718350303e+00) (5, -7.20482260856938450111e-01) (6, -5.84779364470692630817e+00) (7, -2.68727986698093657125e+00) (8, -3.31607915469146141696e-01) (9, 2.38315244352635602354e+00) (10, 1.38715104143825840310e+00) (11, 1.22672202631369864356e+00) (12, 4.44633417208540482335e+00) (13, 4.47576148434934406595e+00) (14, 1.91260465815210323193e+00) (15, 2.02647475308983580078e+01) (16, -1.32975019808700380963e+01) (17, 1.69358497487872234899e+01) (18, -1.70815730342670196729e-01) 
