FANN_FLO_2.1
num_layers=3
learning_rate=0.700000
connection_rate=1.000000
network_type=0
learning_momentum=0.000000
training_algorithm=2
train_error_function=1
train_stop_function=1
cascade_output_change_fraction=0.010000
quickprop_decay=-0.000100
quickprop_mu=1.750000
rprop_increase_factor=1.200000
rprop_decrease_factor=0.500000
rprop_delta_min=0.000000
rprop_delta_max=50.000000
rprop_delta_zero=0.100000
cascade_output_stagnation_epochs=12
cascade_candidate_change_fraction=0.010000
cascade_candidate_stagnation_epochs=12
cascade_max_out_epochs=150
cascade_min_out_epochs=50
cascade_max_cand_epochs=150
cascade_min_cand_epochs=50
cascade_num_candidate_groups=2
bit_fail_limit=1.00000000000000005551e-01
cascade_candidate_limit=1.00000000000000000000e+03
cascade_weight_multiplier=4.00000000000000022204e-01
cascade_activation_functions_count=10
cascade_activation_functions=3 5 7 8 10 11 14 15 16 17 
cascade_activation_steepnesses_count=4
cascade_activation_steepnesses=2.50000000000000000000e-01 5.00000000000000000000e-01 7.50000000000000000000e-01 1.00000000000000000000e+00 
layer_sizes=12 4 2 
scale_included=0
neurons (num_inputs, activation_function, activation_steepness)=(0, 0, 0.00000000000000000000e+00) (0, 0, 0.00000000000000000000e+00) (0, 0, 0.00000000000000000000e+00) (0, 0, 0.00000000000000000000e+00) (0, 0, 0.00000000000000000000e+00) (0, 0, 0.00000000000000000000e+00) (0, 0, 0.00000000000000000000e+00) (0, 0, 0.00000000000000000000e+00) (0, 0, 0.00000000000000000000e+00) (0, 0, 0.00000000000000000000e+00) (0, 0, 0.00000000000000000000e+00) (0, 0, 0.00000000000000000000e+00) (12, 6, 5.00000000000000000000e-01) (12, 6, 5.00000000000000000000e-01) (12, 6, 5.00000000000000000000e-01) (0, 6, 0.00000000000000000000e+00) (4, 4, 5.00000000000000000000e-01) (0, 4, 0.00000000000000000000e+00) 
connections (connected_to_neuron, weight)=(0, -6.04168477671528769690e+00) (1, 6.15968045361484506373e+00) (2, 2.82226977205897977541e+00) (3, 6.59838402575310656317e+00) (4, -3.91848840136305498483e-01) (5, 6.20175530996057133848e+00) (6, -8.69279772109355697296e-01) (7, 1.48959798918363617304e+00) (8, 2.79083327127188640659e+00) (9, 4.29680311166851514049e-02) (10, -7.24046394714501939660e+00) (11, -6.09561666118288947303e+00) (0, -9.47758716894868402658e-03) (1, 5.30486453599668617009e-01) (2, 2.43072847617691545352e-01) (3, 9.71131852684897101113e-01) (4, 6.36360249217845064251e-01) (5, 5.02507359900679850817e-01) (6, -6.30575977916039032145e-01) (7, 1.56449707403357146651e-01) (8, -1.96195844352576281855e-01) (9, 5.07136617124063909801e-02) (10, -2.38198806020468589750e+00) (11, 1.85034143898393343974e-01) (0, 1.30989882826006676098e+00) (1, -7.91624901312045492485e-02) (2, -7.25641369524442914063e-02) (3, -9.00971068546733278026e+00) (4, -1.81514838707569459153e+00) (5, 1.31287226012247826290e+00) (6, 1.57074163837951452649e+00) (7, 2.82898181227750789013e-01) (8, 6.27223197509994001564e-01) (9, 1.92545028155434283512e-01) (10, 1.92623905572940645747e+00) (11, 6.00913502395403309464e-01) (12, 1.20125498411542910304e+01) (13, 1.46699639982761392831e-01) (14, -1.94256634852587084517e+00) (15, -1.00698990888756512163e+00) 
