FANN_FLO_2.1
num_layers=3
learning_rate=0.700000
connection_rate=1.000000
network_type=0
learning_momentum=0.000000
training_algorithm=2
train_error_function=1
train_stop_function=1
cascade_output_change_fraction=0.010000
quickprop_decay=-0.000100
quickprop_mu=1.750000
rprop_increase_factor=1.200000
rprop_decrease_factor=0.500000
rprop_delta_min=0.000000
rprop_delta_max=50.000000
rprop_delta_zero=0.100000
cascade_output_stagnation_epochs=12
cascade_candidate_change_fraction=0.010000
cascade_candidate_stagnation_epochs=12
cascade_max_out_epochs=150
cascade_min_out_epochs=50
cascade_max_cand_epochs=150
cascade_min_cand_epochs=50
cascade_num_candidate_groups=2
bit_fail_limit=1.00000000000000005551e-01
cascade_candidate_limit=1.00000000000000000000e+03
cascade_weight_multiplier=4.00000000000000022204e-01
cascade_activation_functions_count=10
cascade_activation_functions=3 5 7 8 10 11 14 15 16 17 
cascade_activation_steepnesses_count=4
cascade_activation_steepnesses=2.50000000000000000000e-01 5.00000000000000000000e-01 7.50000000000000000000e-01 1.00000000000000000000e+00 
layer_sizes=9 4 2 
scale_included=0
neurons (num_inputs, activation_function, activation_steepness)=(0, 0, 0.00000000000000000000e+00) (0, 0, 0.00000000000000000000e+00) (0, 0, 0.00000000000000000000e+00) (0, 0, 0.00000000000000000000e+00) (0, 0, 0.00000000000000000000e+00) (0, 0, 0.00000000000000000000e+00) (0, 0, 0.00000000000000000000e+00) (0, 0, 0.00000000000000000000e+00) (0, 0, 0.00000000000000000000e+00) (9, 6, 5.00000000000000000000e-01) (9, 6, 5.00000000000000000000e-01) (9, 6, 5.00000000000000000000e-01) (0, 6, 0.00000000000000000000e+00) (4, 4, 5.00000000000000000000e-01) (0, 4, 0.00000000000000000000e+00) 
connections (connected_to_neuron, weight)=(0, -3.93882926095659868793e+00) (1, 6.93714694854456848105e+00) (2, 1.14686756663281008706e+00) (3, -1.74531656842733196022e+00) (4, 3.00053040407266435885e-01) (5, -1.29327496674026320989e-01) (6, -2.66048048025304106901e+00) (7, 2.73980705311972216887e-01) (8, -3.83621944029266970233e+00) (0, -2.82652028542049071902e+00) (1, 3.48967032029095092227e+00) (2, 1.46211446924295129790e+00) (3, -1.11896889676532662605e+00) (4, 2.65414180266459909241e-01) (5, 3.44576144623359226227e-01) (6, -3.11468284691321373181e-01) (7, 2.51517118918498483460e-01) (8, -2.94957034926898620242e+00) (0, 1.90807462520110937554e+00) (1, 3.97199405294507701392e-01) (2, -1.20941103977649415668e+01) (3, 1.32482158863004872984e+00) (4, 4.77617023626513564905e-02) (5, 9.85203768232806309513e-01) (6, 6.05172282064165845128e-01) (7, 7.91942117849536580954e-02) (8, 1.92105448282468649346e+00) (9, 3.33242344949002511356e+00) (10, 1.39048396000920093663e+00) (11, -4.25008143801337734402e+00) (12, -3.04931870808999949674e+00) 
