FANN_FLO_2.1
num_layers=3
learning_rate=0.700000
connection_rate=1.000000
network_type=0
learning_momentum=0.000000
training_algorithm=2
train_error_function=1
train_stop_function=1
cascade_output_change_fraction=0.010000
quickprop_decay=-0.000100
quickprop_mu=1.750000
rprop_increase_factor=1.200000
rprop_decrease_factor=0.500000
rprop_delta_min=0.000000
rprop_delta_max=50.000000
rprop_delta_zero=0.100000
cascade_output_stagnation_epochs=12
cascade_candidate_change_fraction=0.010000
cascade_candidate_stagnation_epochs=12
cascade_max_out_epochs=150
cascade_min_out_epochs=50
cascade_max_cand_epochs=150
cascade_min_cand_epochs=50
cascade_num_candidate_groups=2
bit_fail_limit=1.00000000000000005551e-01
cascade_candidate_limit=1.00000000000000000000e+03
cascade_weight_multiplier=4.00000000000000022204e-01
cascade_activation_functions_count=10
cascade_activation_functions=3 5 7 8 10 11 14 15 16 17 
cascade_activation_steepnesses_count=4
cascade_activation_steepnesses=2.50000000000000000000e-01 5.00000000000000000000e-01 7.50000000000000000000e-01 1.00000000000000000000e+00 
layer_sizes=10 4 2 
scale_included=0
neurons (num_inputs, activation_function, activation_steepness)=(0, 0, 0.00000000000000000000e+00) (0, 0, 0.00000000000000000000e+00) (0, 0, 0.00000000000000000000e+00) (0, 0, 0.00000000000000000000e+00) (0, 0, 0.00000000000000000000e+00) (0, 0, 0.00000000000000000000e+00) (0, 0, 0.00000000000000000000e+00) (0, 0, 0.00000000000000000000e+00) (0, 0, 0.00000000000000000000e+00) (0, 0, 0.00000000000000000000e+00) (10, 6, 5.00000000000000000000e-01) (10, 6, 5.00000000000000000000e-01) (10, 6, 5.00000000000000000000e-01) (0, 6, 0.00000000000000000000e+00) (4, 4, 5.00000000000000000000e-01) (0, 4, 0.00000000000000000000e+00) 
connections (connected_to_neuron, weight)=(0, -2.64410688531128013068e+00) (1, 3.68350898821756755908e+00) (2, 1.17694391365718442621e+00) (3, 2.36060238799609845017e+00) (4, 1.39906308815929669720e+00) (5, 3.58646764336848189458e+00) (6, 1.37601872583220785629e+00) (7, 4.01471148910955122346e+00) (8, 6.53354106165387360505e+00) (9, -4.33951821411715865651e+00) (0, 3.51679664980190875845e-01) (1, -5.53558937140335660665e-01) (2, -9.87516996540894753664e-01) (3, -6.00641176942478427492e-01) (4, -7.07647038294398633695e+00) (5, -1.19513781379592720633e+00) (6, 2.54159777985482948637e+00) (7, 2.07809626772376754289e+00) (8, 1.42352444374686406547e+01) (9, 7.25027000156332368519e-01) (0, 4.10887832086643367546e+00) (1, -5.03793138483789260107e+00) (2, -5.03081749310099812789e+00) (3, -1.79590927750626483395e+00) (4, 1.86888159139087184357e+00) (5, -5.61679795532137227099e+00) (6, 4.23665635844610211080e+00) (7, 1.66269774451380065727e+01) (8, 6.52104218104630888320e+01) (9, 4.25695102086715504441e+00) (10, 5.98388187809125238203e+00) (11, -4.38069016770166452801e+00) (12, -4.38567770129993128592e+00) (13, -1.06762057204559002166e+00) 
