FANN_FLO_2.1
num_layers=3
learning_rate=0.700000
connection_rate=1.000000
network_type=0
learning_momentum=0.000000
training_algorithm=2
train_error_function=1
train_stop_function=1
cascade_output_change_fraction=0.010000
quickprop_decay=-0.000100
quickprop_mu=1.750000
rprop_increase_factor=1.200000
rprop_decrease_factor=0.500000
rprop_delta_min=0.000000
rprop_delta_max=50.000000
rprop_delta_zero=0.100000
cascade_output_stagnation_epochs=12
cascade_candidate_change_fraction=0.010000
cascade_candidate_stagnation_epochs=12
cascade_max_out_epochs=150
cascade_min_out_epochs=50
cascade_max_cand_epochs=150
cascade_min_cand_epochs=50
cascade_num_candidate_groups=2
bit_fail_limit=1.00000000000000005551e-01
cascade_candidate_limit=1.00000000000000000000e+03
cascade_weight_multiplier=4.00000000000000022204e-01
cascade_activation_functions_count=10
cascade_activation_functions=3 5 7 8 10 11 14 15 16 17 
cascade_activation_steepnesses_count=4
cascade_activation_steepnesses=2.50000000000000000000e-01 5.00000000000000000000e-01 7.50000000000000000000e-01 1.00000000000000000000e+00 
layer_sizes=12 4 2 
scale_included=0
neurons (num_inputs, activation_function, activation_steepness)=(0, 0, 0.00000000000000000000e+00) (0, 0, 0.00000000000000000000e+00) (0, 0, 0.00000000000000000000e+00) (0, 0, 0.00000000000000000000e+00) (0, 0, 0.00000000000000000000e+00) (0, 0, 0.00000000000000000000e+00) (0, 0, 0.00000000000000000000e+00) (0, 0, 0.00000000000000000000e+00) (0, 0, 0.00000000000000000000e+00) (0, 0, 0.00000000000000000000e+00) (0, 0, 0.00000000000000000000e+00) (0, 0, 0.00000000000000000000e+00) (12, 6, 5.00000000000000000000e-01) (12, 6, 5.00000000000000000000e-01) (12, 6, 5.00000000000000000000e-01) (0, 6, 0.00000000000000000000e+00) (4, 4, 5.00000000000000000000e-01) (0, 4, 0.00000000000000000000e+00) 
connections (connected_to_neuron, weight)=(0, -1.17781488543096379829e+00) (1, 1.05744881447839089716e+00) (2, 4.89475218780106857697e-01) (3, -7.85460416162932606454e-01) (4, 9.42743073155851596390e-01) (5, 5.00165330346011960394e-01) (6, -2.93451262835523585260e-01) (7, -8.43687058170007553315e-01) (8, 1.29829630473327539697e+00) (9, -4.72925210826928010821e-01) (10, 9.36044989698059048955e-01) (11, -5.58983950326206735504e-01) (0, 1.52346515454276465462e+00) (1, -4.26877155410485098486e+00) (2, 6.53684850210090317990e-02) (3, 4.98645763015834520004e-01) (4, -4.59499781292465492299e+00) (5, 1.32156052096231713122e-01) (6, 3.15056638716395553956e-01) (7, -1.31613663267477920549e-01) (8, -2.78255215261591137832e+00) (9, 1.53298151215668609915e+00) (10, -5.08697775968369025890e+00) (11, 1.34876581648003823766e+00) (0, -1.88507431714101847398e+00) (1, 4.11113725465475365883e-01) (2, 1.86789070840418318653e+01) (3, -7.16335940025628170602e-01) (4, 3.06568894394730201425e-02) (5, 1.70777924650856434141e+01) (6, 1.08356125695731941860e+00) (7, 6.20716342774422558115e-01) (8, 1.42801736256579409057e-01) (9, -7.24765092610259675787e-01) (10, 2.67938185105020487686e-01) (11, -4.02231339315873892559e+00) (12, 6.30430688745463907452e+00) (13, -2.80359889978332876836e+00) (14, 4.45020103304104530650e+00) (15, -3.07663092635150459131e+00) 
