FANN_FLO_2.1
num_layers=3
learning_rate=0.700000
connection_rate=1.000000
network_type=0
learning_momentum=0.000000
training_algorithm=2
train_error_function=1
train_stop_function=1
cascade_output_change_fraction=0.010000
quickprop_decay=-0.000100
quickprop_mu=1.750000
rprop_increase_factor=1.200000
rprop_decrease_factor=0.500000
rprop_delta_min=0.000000
rprop_delta_max=50.000000
rprop_delta_zero=0.100000
cascade_output_stagnation_epochs=12
cascade_candidate_change_fraction=0.010000
cascade_candidate_stagnation_epochs=12
cascade_max_out_epochs=150
cascade_min_out_epochs=50
cascade_max_cand_epochs=150
cascade_min_cand_epochs=50
cascade_num_candidate_groups=2
bit_fail_limit=1.00000000000000005551e-01
cascade_candidate_limit=1.00000000000000000000e+03
cascade_weight_multiplier=4.00000000000000022204e-01
cascade_activation_functions_count=10
cascade_activation_functions=3 5 7 8 10 11 14 15 16 17 
cascade_activation_steepnesses_count=4
cascade_activation_steepnesses=2.50000000000000000000e-01 5.00000000000000000000e-01 7.50000000000000000000e-01 1.00000000000000000000e+00 
layer_sizes=11 4 2 
scale_included=0
neurons (num_inputs, activation_function, activation_steepness)=(0, 0, 0.00000000000000000000e+00) (0, 0, 0.00000000000000000000e+00) (0, 0, 0.00000000000000000000e+00) (0, 0, 0.00000000000000000000e+00) (0, 0, 0.00000000000000000000e+00) (0, 0, 0.00000000000000000000e+00) (0, 0, 0.00000000000000000000e+00) (0, 0, 0.00000000000000000000e+00) (0, 0, 0.00000000000000000000e+00) (0, 0, 0.00000000000000000000e+00) (0, 0, 0.00000000000000000000e+00) (11, 6, 5.00000000000000000000e-01) (11, 6, 5.00000000000000000000e-01) (11, 6, 5.00000000000000000000e-01) (0, 6, 0.00000000000000000000e+00) (4, 4, 5.00000000000000000000e-01) (0, 4, 0.00000000000000000000e+00) 
connections (connected_to_neuron, weight)=(0, -1.58424676677179121498e+00) (1, 2.91634808362351316546e+00) (2, 3.23736531553936224270e+00) (3, -1.16663675260039886861e-01) (4, 2.20528607948693167184e-02) (5, 3.15088227994336200766e+00) (6, 2.55794982803568160534e+00) (7, 3.26514051712645603232e+00) (8, 3.21944459411838890261e+00) (9, 1.39456971419673475543e-01) (10, -3.48160810348605753717e+00) (0, -1.72616731097888731483e+00) (1, 3.01852059245930570697e+00) (2, 2.03242501319994373077e+00) (3, -7.53917428369251102493e-02) (4, 5.58372743834381290995e-01) (5, 3.14392561323536945395e+00) (6, 2.35687099998090410224e+00) (7, 3.21271876848830295614e+00) (8, 3.11752636614778877444e+00) (9, 1.08879013789516004840e-01) (10, -3.04514656003824457642e+00) (0, -1.70167500993203901771e+00) (1, 3.03388713181839841937e+00) (2, 2.08351757825960559600e+00) (3, 2.13636714445363279369e-01) (4, 6.22222565521125980936e-01) (5, 3.30102188743247015879e+00) (6, 2.39559049052227290844e+00) (7, 3.19210973985089374594e+00) (8, 3.09385899338463188357e+00) (9, 1.04653826785903486529e-01) (10, -3.40271388319348933038e+00) (11, 6.20359927354506979214e+00) (12, 6.22410945532969961391e+00) (13, 6.21813722066307494885e+00) (14, -1.22446852662922656130e+00) 
