FANN_FLO_2.1
num_layers=3
learning_rate=0.700000
connection_rate=1.000000
network_type=0
learning_momentum=0.000000
training_algorithm=2
train_error_function=1
train_stop_function=1
cascade_output_change_fraction=0.010000
quickprop_decay=-0.000100
quickprop_mu=1.750000
rprop_increase_factor=1.200000
rprop_decrease_factor=0.500000
rprop_delta_min=0.000000
rprop_delta_max=50.000000
rprop_delta_zero=0.100000
cascade_output_stagnation_epochs=12
cascade_candidate_change_fraction=0.010000
cascade_candidate_stagnation_epochs=12
cascade_max_out_epochs=150
cascade_min_out_epochs=50
cascade_max_cand_epochs=150
cascade_min_cand_epochs=50
cascade_num_candidate_groups=2
bit_fail_limit=1.00000000000000005551e-01
cascade_candidate_limit=1.00000000000000000000e+03
cascade_weight_multiplier=4.00000000000000022204e-01
cascade_activation_functions_count=10
cascade_activation_functions=3 5 7 8 10 11 14 15 16 17 
cascade_activation_steepnesses_count=4
cascade_activation_steepnesses=2.50000000000000000000e-01 5.00000000000000000000e-01 7.50000000000000000000e-01 1.00000000000000000000e+00 
layer_sizes=9 4 2 
scale_included=0
neurons (num_inputs, activation_function, activation_steepness)=(0, 0, 0.00000000000000000000e+00) (0, 0, 0.00000000000000000000e+00) (0, 0, 0.00000000000000000000e+00) (0, 0, 0.00000000000000000000e+00) (0, 0, 0.00000000000000000000e+00) (0, 0, 0.00000000000000000000e+00) (0, 0, 0.00000000000000000000e+00) (0, 0, 0.00000000000000000000e+00) (0, 0, 0.00000000000000000000e+00) (9, 6, 5.00000000000000000000e-01) (9, 6, 5.00000000000000000000e-01) (9, 6, 5.00000000000000000000e-01) (0, 6, 0.00000000000000000000e+00) (4, 4, 5.00000000000000000000e-01) (0, 4, 0.00000000000000000000e+00) 
connections (connected_to_neuron, weight)=(0, -4.08153894225514068950e+00) (1, 4.22035509953653953374e+00) (2, 4.44275903155892215590e-01) (3, 2.96238588104335232032e-01) (4, -2.76333631582639860369e+00) (5, 1.51116397967422766424e-01) (6, 2.08005939414585450109e-01) (7, 1.59763430049503663000e-01) (8, -3.66562720646218032083e-01) (0, -4.29095403144514708771e+00) (1, 4.34776974687731421199e+00) (2, 2.61943070938675748316e-01) (3, -5.87298153868553995949e-03) (4, -1.49725033399122176014e+00) (5, -6.62652692293280165536e-02) (6, -1.36610287288343290601e-01) (7, -2.76881745552176039560e-02) (8, -5.69525276913001587964e-01) (0, -4.01223122010386124003e+00) (1, 4.22476360062515876592e+00) (2, 4.21902927210419553816e-01) (3, 4.12325182864753170264e-01) (4, -2.78222460307262586809e+00) (5, -7.04662717981332509254e-02) (6, -1.41572050852769026896e-02) (7, -4.27332438631051192424e-02) (8, -3.97859209968402294244e-01) (9, 1.72144770414383430079e+00) (10, 4.27202980826056144537e+00) (11, 1.71038011253626365260e+00) (12, -1.34554892086608801627e+00) 
