FANN_FLO_2.1
num_layers=3
learning_rate=0.700000
connection_rate=1.000000
network_type=0
learning_momentum=0.000000
training_algorithm=2
train_error_function=1
train_stop_function=1
cascade_output_change_fraction=0.010000
quickprop_decay=-0.000100
quickprop_mu=1.750000
rprop_increase_factor=1.200000
rprop_decrease_factor=0.500000
rprop_delta_min=0.000000
rprop_delta_max=50.000000
rprop_delta_zero=0.100000
cascade_output_stagnation_epochs=12
cascade_candidate_change_fraction=0.010000
cascade_candidate_stagnation_epochs=12
cascade_max_out_epochs=150
cascade_min_out_epochs=50
cascade_max_cand_epochs=150
cascade_min_cand_epochs=50
cascade_num_candidate_groups=2
bit_fail_limit=1.00000000000000005551e-01
cascade_candidate_limit=1.00000000000000000000e+03
cascade_weight_multiplier=4.00000000000000022204e-01
cascade_activation_functions_count=10
cascade_activation_functions=3 5 7 8 10 11 14 15 16 17 
cascade_activation_steepnesses_count=4
cascade_activation_steepnesses=2.50000000000000000000e-01 5.00000000000000000000e-01 7.50000000000000000000e-01 1.00000000000000000000e+00 
layer_sizes=16 4 2 
scale_included=0
neurons (num_inputs, activation_function, activation_steepness)=(0, 0, 0.00000000000000000000e+00) (0, 0, 0.00000000000000000000e+00) (0, 0, 0.00000000000000000000e+00) (0, 0, 0.00000000000000000000e+00) (0, 0, 0.00000000000000000000e+00) (0, 0, 0.00000000000000000000e+00) (0, 0, 0.00000000000000000000e+00) (0, 0, 0.00000000000000000000e+00) (0, 0, 0.00000000000000000000e+00) (0, 0, 0.00000000000000000000e+00) (0, 0, 0.00000000000000000000e+00) (0, 0, 0.00000000000000000000e+00) (0, 0, 0.00000000000000000000e+00) (0, 0, 0.00000000000000000000e+00) (0, 0, 0.00000000000000000000e+00) (0, 0, 0.00000000000000000000e+00) (16, 6, 5.00000000000000000000e-01) (16, 6, 5.00000000000000000000e-01) (16, 6, 5.00000000000000000000e-01) (0, 6, 0.00000000000000000000e+00) (4, 4, 5.00000000000000000000e-01) (0, 4, 0.00000000000000000000e+00) 
connections (connected_to_neuron, weight)=(0, -1.10325631954021163850e+00) (1, 3.43142063459473067866e-01) (2, 1.27080968738908950399e+00) (3, 6.48617298033282441150e-02) (4, 1.77113972937998909174e-01) (5, 8.83383869067620453031e-02) (6, 9.50161019655236582793e-01) (7, 5.31212205099551804111e-01) (8, 6.08190951412266311848e-01) (9, 2.65810432958387743430e-01) (10, 7.55246105839193493381e-01) (11, 5.64416969000181567573e-01) (12, 1.77821620032054400484e-01) (13, 7.18302197831997224498e-01) (14, 6.85798209047956297546e-01) (15, -6.06531668243338484281e-01) (0, -1.38241846009137625551e+00) (1, 2.28745740812169229272e+00) (2, 1.06356457523354919203e+00) (3, 1.60147393339598126394e-01) (4, -6.94093770435527529505e-02) (5, -1.46690437459447298174e+00) (6, 7.91389478949059643753e-01) (7, 2.43125964589069765154e+00) (8, 1.29854214120436362023e+00) (9, -1.25593148748560867745e-01) (10, 1.14352189086751176994e+00) (11, -6.99262429915838423788e-02) (12, -6.62223087951366723436e-02) (13, 2.42176181012333291420e+00) (14, 9.07687101564282117216e-01) (15, -1.50893074541332716798e+00) (0, 1.75854995331399166503e+00) (1, -1.44434877795012539536e+00) (2, -5.23879156847554261489e-01) (3, -5.44649598789409772337e-01) (4, -9.17806551262205672082e-01) (5, 2.12110881615553692470e+00) (6, -5.55404195184241555872e-01) (7, -1.05920539949647496414e+00) (8, -1.50995689898634055659e+00) (9, 2.13836913273799861246e-01) (10, -1.45905208151626153423e+00) (11, 1.69046943465510496329e-01) (12, 1.89665923050720275356e-01) (13, -9.05512298285970462786e-01) (14, -5.61622967387806593109e-01) (15, 1.94702909787973799105e+00) (16, 1.92643687382954880150e+01) (17, 1.47361716608402275597e+01) (18, -1.44983335038576122145e+01) (19, -7.70780124453236514803e-01) 
