FANN_FLO_2.1
num_layers=3
learning_rate=0.700000
connection_rate=1.000000
network_type=0
learning_momentum=0.000000
training_algorithm=2
train_error_function=1
train_stop_function=1
cascade_output_change_fraction=0.010000
quickprop_decay=-0.000100
quickprop_mu=1.750000
rprop_increase_factor=1.200000
rprop_decrease_factor=0.500000
rprop_delta_min=0.000000
rprop_delta_max=50.000000
rprop_delta_zero=0.100000
cascade_output_stagnation_epochs=12
cascade_candidate_change_fraction=0.010000
cascade_candidate_stagnation_epochs=12
cascade_max_out_epochs=150
cascade_min_out_epochs=50
cascade_max_cand_epochs=150
cascade_min_cand_epochs=50
cascade_num_candidate_groups=2
bit_fail_limit=1.00000000000000005551e-01
cascade_candidate_limit=1.00000000000000000000e+03
cascade_weight_multiplier=4.00000000000000022204e-01
cascade_activation_functions_count=10
cascade_activation_functions=3 5 7 8 10 11 14 15 16 17 
cascade_activation_steepnesses_count=4
cascade_activation_steepnesses=2.50000000000000000000e-01 5.00000000000000000000e-01 7.50000000000000000000e-01 1.00000000000000000000e+00 
layer_sizes=9 4 2 
scale_included=0
neurons (num_inputs, activation_function, activation_steepness)=(0, 0, 0.00000000000000000000e+00) (0, 0, 0.00000000000000000000e+00) (0, 0, 0.00000000000000000000e+00) (0, 0, 0.00000000000000000000e+00) (0, 0, 0.00000000000000000000e+00) (0, 0, 0.00000000000000000000e+00) (0, 0, 0.00000000000000000000e+00) (0, 0, 0.00000000000000000000e+00) (0, 0, 0.00000000000000000000e+00) (9, 6, 5.00000000000000000000e-01) (9, 6, 5.00000000000000000000e-01) (9, 6, 5.00000000000000000000e-01) (0, 6, 0.00000000000000000000e+00) (4, 4, 5.00000000000000000000e-01) (0, 4, 0.00000000000000000000e+00) 
connections (connected_to_neuron, weight)=(0, 2.64840908205401381892e+00) (1, -2.90474184904542509500e+00) (2, -2.46577585248897968029e+00) (3, 1.33091115831426343163e+00) (4, -1.24076577949670951995e+00) (5, 4.58421798742492336842e-01) (6, 1.75932087858247721002e+00) (7, -2.27056758861271390515e+00) (8, 2.71914988136379509598e+00) (0, -2.09051222887678377071e-02) (1, 5.52398465118273285235e-01) (2, 1.21050104400143765382e+00) (3, -5.09738777232203316148e-02) (4, 4.47061967453095343572e-01) (5, 1.13386291972067815292e-01) (6, 1.77472919381690713569e-01) (7, 2.56820473543686367268e-01) (8, -9.12527346326007758603e-03) (0, -1.97049183555961171521e+00) (1, 1.73202039486880798869e+00) (2, 3.20925462125002836089e+00) (3, -1.42961841264963451792e+00) (4, 1.55321342306928600330e+00) (5, -8.55704633287670407560e-02) (6, -1.18652048813361976620e+00) (7, 8.88702768424490141541e-01) (8, -2.06920989015222112073e+00) (9, -7.24556982541737681913e+00) (10, 7.24704157132616710868e-01) (11, 6.22770580611776392033e+00) (12, -1.79250701483660757063e+00) 
