FANN_FLO_2.1
num_layers=3
learning_rate=0.700000
connection_rate=1.000000
network_type=0
learning_momentum=0.000000
training_algorithm=2
train_error_function=1
train_stop_function=1
cascade_output_change_fraction=0.010000
quickprop_decay=-0.000100
quickprop_mu=1.750000
rprop_increase_factor=1.200000
rprop_decrease_factor=0.500000
rprop_delta_min=0.000000
rprop_delta_max=50.000000
rprop_delta_zero=0.100000
cascade_output_stagnation_epochs=12
cascade_candidate_change_fraction=0.010000
cascade_candidate_stagnation_epochs=12
cascade_max_out_epochs=150
cascade_min_out_epochs=50
cascade_max_cand_epochs=150
cascade_min_cand_epochs=50
cascade_num_candidate_groups=2
bit_fail_limit=1.00000000000000005551e-01
cascade_candidate_limit=1.00000000000000000000e+03
cascade_weight_multiplier=4.00000000000000022204e-01
cascade_activation_functions_count=10
cascade_activation_functions=3 5 7 8 10 11 14 15 16 17 
cascade_activation_steepnesses_count=4
cascade_activation_steepnesses=2.50000000000000000000e-01 5.00000000000000000000e-01 7.50000000000000000000e-01 1.00000000000000000000e+00 
layer_sizes=8 4 2 
scale_included=0
neurons (num_inputs, activation_function, activation_steepness)=(0, 0, 0.00000000000000000000e+00) (0, 0, 0.00000000000000000000e+00) (0, 0, 0.00000000000000000000e+00) (0, 0, 0.00000000000000000000e+00) (0, 0, 0.00000000000000000000e+00) (0, 0, 0.00000000000000000000e+00) (0, 0, 0.00000000000000000000e+00) (0, 0, 0.00000000000000000000e+00) (8, 6, 5.00000000000000000000e-01) (8, 6, 5.00000000000000000000e-01) (8, 6, 5.00000000000000000000e-01) (0, 6, 0.00000000000000000000e+00) (4, 4, 5.00000000000000000000e-01) (0, 4, 0.00000000000000000000e+00) 
connections (connected_to_neuron, weight)=(0, 2.92315023613162638938e+00) (1, 1.03843439882673616026e+00) (2, 9.61695692543478752867e-01) (3, 1.25308346533225467567e+00) (4, 1.79295237997538525754e+00) (5, -7.08814560667026111185e-02) (6, 2.08764580982931891029e+00) (7, 3.95292889098438537943e+00) (0, -1.38624472257835673616e+00) (1, 1.70089096725726562909e+00) (2, 1.75730360245709382738e+00) (3, 1.78672498516155453530e+00) (4, 1.48269620326140394440e+00) (5, 1.94256082956804676520e+00) (6, -9.01666239577848860343e-01) (7, -2.32572641359251797155e+00) (0, -1.41764423764285107943e+00) (1, 1.82543555773952159704e+00) (2, 1.56776169388781760894e+00) (3, 1.88250234774662228432e+00) (4, 1.35179135738951994306e+00) (5, 2.40586057454076218676e+00) (6, -8.51281950776662799107e-01) (7, -2.69458500189871674735e+00) (8, -1.06701536697485188654e+00) (9, 1.69802333989954234994e+01) (10, 5.01293594738298651237e+01) (11, -1.46549212922474136889e+00) 
