FANN_FLO_2.1
num_layers=3
learning_rate=0.700000
connection_rate=1.000000
network_type=0
learning_momentum=0.000000
training_algorithm=2
train_error_function=1
train_stop_function=1
cascade_output_change_fraction=0.010000
quickprop_decay=-0.000100
quickprop_mu=1.750000
rprop_increase_factor=1.200000
rprop_decrease_factor=0.500000
rprop_delta_min=0.000000
rprop_delta_max=50.000000
rprop_delta_zero=0.100000
cascade_output_stagnation_epochs=12
cascade_candidate_change_fraction=0.010000
cascade_candidate_stagnation_epochs=12
cascade_max_out_epochs=150
cascade_min_out_epochs=50
cascade_max_cand_epochs=150
cascade_min_cand_epochs=50
cascade_num_candidate_groups=2
bit_fail_limit=1.00000000000000005551e-01
cascade_candidate_limit=1.00000000000000000000e+03
cascade_weight_multiplier=4.00000000000000022204e-01
cascade_activation_functions_count=10
cascade_activation_functions=3 5 7 8 10 11 14 15 16 17 
cascade_activation_steepnesses_count=4
cascade_activation_steepnesses=2.50000000000000000000e-01 5.00000000000000000000e-01 7.50000000000000000000e-01 1.00000000000000000000e+00 
layer_sizes=9 4 2 
scale_included=0
neurons (num_inputs, activation_function, activation_steepness)=(0, 0, 0.00000000000000000000e+00) (0, 0, 0.00000000000000000000e+00) (0, 0, 0.00000000000000000000e+00) (0, 0, 0.00000000000000000000e+00) (0, 0, 0.00000000000000000000e+00) (0, 0, 0.00000000000000000000e+00) (0, 0, 0.00000000000000000000e+00) (0, 0, 0.00000000000000000000e+00) (0, 0, 0.00000000000000000000e+00) (9, 6, 5.00000000000000000000e-01) (9, 6, 5.00000000000000000000e-01) (9, 6, 5.00000000000000000000e-01) (0, 6, 0.00000000000000000000e+00) (4, 4, 5.00000000000000000000e-01) (0, 4, 0.00000000000000000000e+00) 
connections (connected_to_neuron, weight)=(0, -2.64852295450963026724e+00) (1, 2.49601557329445888911e+00) (2, 2.85834492457334832238e+00) (3, -8.77470026241959244473e-01) (4, 1.01723572418379193394e+00) (5, -6.54546825222435790792e-01) (6, 1.06696715290629429163e+00) (7, -1.11385861979573896896e+00) (8, -2.79639301084078795157e+00) (0, -2.13206645156904261995e+00) (1, 2.38064705804139187251e+00) (2, 2.63607363238756420287e+00) (3, -1.28426679771038476652e+00) (4, 1.08231206044840222447e+00) (5, -6.88563158742848013816e-01) (6, 9.06255963286354382369e-01) (7, -1.11775740431398085128e+00) (8, -2.14681031238003772188e+00) (0, -5.18175682013725769082e-01) (1, 1.11634957512206178798e+00) (2, 1.19601296344156415863e+00) (3, -1.40730610080817275520e-01) (4, 3.50300101992382761917e-01) (5, 6.37150791539705108057e-02) (6, 4.78182596220530567455e-02) (7, -3.38216662683780810994e-01) (8, -5.40420008784031402627e-01) (9, 6.82273891656870645761e+00) (10, 6.85354364006991190195e+00) (11, 8.97400293096039636254e-01) (12, -1.54331639782514540293e+00) 
