FANN_FLO_2.1
num_layers=3
learning_rate=0.700000
connection_rate=1.000000
network_type=0
learning_momentum=0.000000
training_algorithm=2
train_error_function=1
train_stop_function=1
cascade_output_change_fraction=0.010000
quickprop_decay=-0.000100
quickprop_mu=1.750000
rprop_increase_factor=1.200000
rprop_decrease_factor=0.500000
rprop_delta_min=0.000000
rprop_delta_max=50.000000
rprop_delta_zero=0.100000
cascade_output_stagnation_epochs=12
cascade_candidate_change_fraction=0.010000
cascade_candidate_stagnation_epochs=12
cascade_max_out_epochs=150
cascade_min_out_epochs=50
cascade_max_cand_epochs=150
cascade_min_cand_epochs=50
cascade_num_candidate_groups=2
bit_fail_limit=1.00000000000000005551e-01
cascade_candidate_limit=1.00000000000000000000e+03
cascade_weight_multiplier=4.00000000000000022204e-01
cascade_activation_functions_count=10
cascade_activation_functions=3 5 7 8 10 11 14 15 16 17 
cascade_activation_steepnesses_count=4
cascade_activation_steepnesses=2.50000000000000000000e-01 5.00000000000000000000e-01 7.50000000000000000000e-01 1.00000000000000000000e+00 
layer_sizes=13 4 2 
scale_included=0
neurons (num_inputs, activation_function, activation_steepness)=(0, 0, 0.00000000000000000000e+00) (0, 0, 0.00000000000000000000e+00) (0, 0, 0.00000000000000000000e+00) (0, 0, 0.00000000000000000000e+00) (0, 0, 0.00000000000000000000e+00) (0, 0, 0.00000000000000000000e+00) (0, 0, 0.00000000000000000000e+00) (0, 0, 0.00000000000000000000e+00) (0, 0, 0.00000000000000000000e+00) (0, 0, 0.00000000000000000000e+00) (0, 0, 0.00000000000000000000e+00) (0, 0, 0.00000000000000000000e+00) (0, 0, 0.00000000000000000000e+00) (13, 6, 5.00000000000000000000e-01) (13, 6, 5.00000000000000000000e-01) (13, 6, 5.00000000000000000000e-01) (0, 6, 0.00000000000000000000e+00) (4, 4, 5.00000000000000000000e-01) (0, 4, 0.00000000000000000000e+00) 
connections (connected_to_neuron, weight)=(0, -1.17516746591750109729e+00) (1, 2.17181160583526056129e+00) (2, 9.80629686958794932750e-01) (3, 2.58799657369672075902e+00) (4, 8.86386739994874800486e-02) (5, -1.79831960414280178640e+00) (6, 2.96263889649087097666e+00) (7, -5.90539373571129178053e-01) (8, 1.74806134578465033336e+00) (9, 1.86139382109973161583e+00) (10, -4.22848279571476637351e-01) (11, 8.35442898593416360953e-01) (12, -2.41684032433570195053e+00) (0, -1.25298157150379174674e+00) (1, 1.09457018594975741266e+00) (2, 3.50662922177578717520e-01) (3, 1.75267012132150457049e+00) (4, 4.83037581358219891836e-01) (5, -8.09019764182054790247e-01) (6, 5.16821262070000031486e+00) (7, -1.41316714730633508079e-01) (8, -2.15504729604284950284e+00) (9, 7.24051796826705396093e-01) (10, 6.83732703610485104129e-01) (11, 7.26170757885503781459e-01) (12, -1.18119372988573045902e+00) (0, 3.12584947884615038660e+00) (1, -2.31448682990506160451e+00) (2, -1.79803373630048213272e+00) (3, -1.83524480048419147415e+00) (4, -1.16324740789257696782e+00) (5, 2.26064280265789063762e+00) (6, -2.67743137808728759452e+00) (7, 5.34298964804703957476e-01) (8, -3.01175043337301273638e+00) (9, -4.37764078518648336313e+00) (10, -1.90989183603381962318e-02) (11, -1.17430399480301361770e+00) (12, 3.19393485129411791590e+00) (13, 1.34975489519866869159e+01) (14, 2.04055019774534596166e+00) (15, -5.73018166904896286695e+00) (16, -1.17168028499904597339e+00) 
