FANN_FLO_2.1
num_layers=3
learning_rate=0.700000
connection_rate=1.000000
network_type=0
learning_momentum=0.000000
training_algorithm=2
train_error_function=1
train_stop_function=1
cascade_output_change_fraction=0.010000
quickprop_decay=-0.000100
quickprop_mu=1.750000
rprop_increase_factor=1.200000
rprop_decrease_factor=0.500000
rprop_delta_min=0.000000
rprop_delta_max=50.000000
rprop_delta_zero=0.100000
cascade_output_stagnation_epochs=12
cascade_candidate_change_fraction=0.010000
cascade_candidate_stagnation_epochs=12
cascade_max_out_epochs=150
cascade_min_out_epochs=50
cascade_max_cand_epochs=150
cascade_min_cand_epochs=50
cascade_num_candidate_groups=2
bit_fail_limit=1.00000000000000005551e-01
cascade_candidate_limit=1.00000000000000000000e+03
cascade_weight_multiplier=4.00000000000000022204e-01
cascade_activation_functions_count=10
cascade_activation_functions=3 5 7 8 10 11 14 15 16 17 
cascade_activation_steepnesses_count=4
cascade_activation_steepnesses=2.50000000000000000000e-01 5.00000000000000000000e-01 7.50000000000000000000e-01 1.00000000000000000000e+00 
layer_sizes=8 4 2 
scale_included=0
neurons (num_inputs, activation_function, activation_steepness)=(0, 0, 0.00000000000000000000e+00) (0, 0, 0.00000000000000000000e+00) (0, 0, 0.00000000000000000000e+00) (0, 0, 0.00000000000000000000e+00) (0, 0, 0.00000000000000000000e+00) (0, 0, 0.00000000000000000000e+00) (0, 0, 0.00000000000000000000e+00) (0, 0, 0.00000000000000000000e+00) (8, 6, 5.00000000000000000000e-01) (8, 6, 5.00000000000000000000e-01) (8, 6, 5.00000000000000000000e-01) (0, 6, 0.00000000000000000000e+00) (4, 4, 5.00000000000000000000e-01) (0, 4, 0.00000000000000000000e+00) 
connections (connected_to_neuron, weight)=(0, 2.10928775779403665513e-01) (1, 8.12393120453067996145e-01) (2, 2.89386702529666361983e-01) (3, 3.46872090483229922331e-01) (4, 3.61746458801507020375e-01) (5, 9.14673003331133105398e-01) (6, 1.71671087247578180168e+00) (7, -1.25841094189944636972e-02) (0, 2.68853143423744209151e-02) (1, 9.83644229200787867384e-01) (2, 5.17877235314130879296e-01) (3, 1.80142886319997114208e-01) (4, 9.34260951441136106022e-02) (5, 8.53525099185414748426e-01) (6, 1.80985294781772099171e+00) (7, 1.85940657919586374569e-02) (0, 1.47404461906547434857e+00) (1, -3.54327001895634507989e+00) (2, 3.88234217283179444680e-02) (3, 6.71374993262010666406e-01) (4, 6.52055436608511063135e-01) (5, -3.53669112648693895196e+00) (6, -3.42481540474415213637e+00) (7, 1.96586542798367824858e+00) (8, 4.15342210325478577992e-01) (9, 5.10716795226812458885e-01) (10, -1.53853947991677664220e+01) (11, -1.05496128281555123785e+00) 
