FANN_FLO_2.1
num_layers=3
learning_rate=0.700000
connection_rate=1.000000
network_type=0
learning_momentum=0.000000
training_algorithm=2
train_error_function=1
train_stop_function=1
cascade_output_change_fraction=0.010000
quickprop_decay=-0.000100
quickprop_mu=1.750000
rprop_increase_factor=1.200000
rprop_decrease_factor=0.500000
rprop_delta_min=0.000000
rprop_delta_max=50.000000
rprop_delta_zero=0.100000
cascade_output_stagnation_epochs=12
cascade_candidate_change_fraction=0.010000
cascade_candidate_stagnation_epochs=12
cascade_max_out_epochs=150
cascade_min_out_epochs=50
cascade_max_cand_epochs=150
cascade_min_cand_epochs=50
cascade_num_candidate_groups=2
bit_fail_limit=1.00000000000000005551e-01
cascade_candidate_limit=1.00000000000000000000e+03
cascade_weight_multiplier=4.00000000000000022204e-01
cascade_activation_functions_count=10
cascade_activation_functions=3 5 7 8 10 11 14 15 16 17 
cascade_activation_steepnesses_count=4
cascade_activation_steepnesses=2.50000000000000000000e-01 5.00000000000000000000e-01 7.50000000000000000000e-01 1.00000000000000000000e+00 
layer_sizes=11 4 2 
scale_included=0
neurons (num_inputs, activation_function, activation_steepness)=(0, 0, 0.00000000000000000000e+00) (0, 0, 0.00000000000000000000e+00) (0, 0, 0.00000000000000000000e+00) (0, 0, 0.00000000000000000000e+00) (0, 0, 0.00000000000000000000e+00) (0, 0, 0.00000000000000000000e+00) (0, 0, 0.00000000000000000000e+00) (0, 0, 0.00000000000000000000e+00) (0, 0, 0.00000000000000000000e+00) (0, 0, 0.00000000000000000000e+00) (0, 0, 0.00000000000000000000e+00) (11, 6, 5.00000000000000000000e-01) (11, 6, 5.00000000000000000000e-01) (11, 6, 5.00000000000000000000e-01) (0, 6, 0.00000000000000000000e+00) (4, 4, 5.00000000000000000000e-01) (0, 4, 0.00000000000000000000e+00) 
connections (connected_to_neuron, weight)=(0, -4.60539818343364770747e-01) (1, -4.23191508130945026611e-01) (2, 1.53485937646393360012e+01) (3, 1.93767746081020786342e+00) (4, -9.78079769781239755089e-02) (5, 6.32023921361507867722e-01) (6, 4.93153843829552199218e-02) (7, -1.77367437784778436694e+00) (8, 1.01091298548422798831e+01) (9, -2.92152124827623005388e+00) (10, -2.53520203577597946776e+00) (0, 1.70329787142580346693e-01) (1, 1.79174445226117717844e+00) (2, 3.86941068242024399648e-01) (3, -6.18334346497548370536e+00) (4, 1.79957808055872958697e+00) (5, 2.12742463103401391322e-01) (6, -2.70181362719782769410e-01) (7, -6.75324671799177611575e+00) (8, 1.63670589364853946712e+00) (9, -5.47255796502264058034e+00) (10, -6.73333057375152588264e-01) (0, 2.20705155510265732532e-01) (1, 2.34351065224768806416e+00) (2, -7.24261614828463212712e-02) (3, -4.65487038832978949898e+00) (4, 1.87560791683995287116e+00) (5, 3.98812037963491905490e-01) (6, -4.23427669981365994989e-01) (7, -6.42207840627669845901e+00) (8, 8.34754869794031351127e-01) (9, -4.80385127809701728552e+00) (10, -3.04791975116071089946e-01) (11, 1.93948366084979646473e+01) (12, 1.56698419455851407633e+01) (13, 8.68309998203140942508e+00) (14, -8.39724761418524323631e+00) 
