FANN_FLO_2.1
num_layers=3
learning_rate=0.700000
connection_rate=1.000000
network_type=0
learning_momentum=0.000000
training_algorithm=2
train_error_function=1
train_stop_function=1
cascade_output_change_fraction=0.010000
quickprop_decay=-0.000100
quickprop_mu=1.750000
rprop_increase_factor=1.200000
rprop_decrease_factor=0.500000
rprop_delta_min=0.000000
rprop_delta_max=50.000000
rprop_delta_zero=0.100000
cascade_output_stagnation_epochs=12
cascade_candidate_change_fraction=0.010000
cascade_candidate_stagnation_epochs=12
cascade_max_out_epochs=150
cascade_min_out_epochs=50
cascade_max_cand_epochs=150
cascade_min_cand_epochs=50
cascade_num_candidate_groups=2
bit_fail_limit=1.00000000000000005551e-01
cascade_candidate_limit=1.00000000000000000000e+03
cascade_weight_multiplier=4.00000000000000022204e-01
cascade_activation_functions_count=10
cascade_activation_functions=3 5 7 8 10 11 14 15 16 17 
cascade_activation_steepnesses_count=4
cascade_activation_steepnesses=2.50000000000000000000e-01 5.00000000000000000000e-01 7.50000000000000000000e-01 1.00000000000000000000e+00 
layer_sizes=9 4 2 
scale_included=0
neurons (num_inputs, activation_function, activation_steepness)=(0, 0, 0.00000000000000000000e+00) (0, 0, 0.00000000000000000000e+00) (0, 0, 0.00000000000000000000e+00) (0, 0, 0.00000000000000000000e+00) (0, 0, 0.00000000000000000000e+00) (0, 0, 0.00000000000000000000e+00) (0, 0, 0.00000000000000000000e+00) (0, 0, 0.00000000000000000000e+00) (0, 0, 0.00000000000000000000e+00) (9, 6, 5.00000000000000000000e-01) (9, 6, 5.00000000000000000000e-01) (9, 6, 5.00000000000000000000e-01) (0, 6, 0.00000000000000000000e+00) (4, 4, 5.00000000000000000000e-01) (0, 4, 0.00000000000000000000e+00) 
connections (connected_to_neuron, weight)=(0, -2.16209074345382568083e+00) (1, 1.83599019372708749387e+00) (2, 1.90277541884278367235e+00) (3, -1.66020579873634513413e-02) (4, 5.68874846158584079880e-01) (5, -7.31973321785846786636e-02) (6, -5.51063150666390222376e-01) (7, 8.15071617527174663298e-02) (8, -1.78903257804928328412e+00) (0, -1.44583568803729889396e+00) (1, 1.67345562899358224485e+00) (2, 1.88186964103077958299e+00) (3, -1.15602615002625874752e+00) (4, 5.37410276887973270554e-01) (5, -8.41035442104259567397e-02) (6, -1.10027510999074129572e+00) (7, 9.85044943239626991094e-01) (8, -1.61717036448182938102e+00) (0, -6.24735446728388654769e-01) (1, 7.21887117890294360834e-01) (2, 1.22134307946960918301e+00) (3, 6.65305140260327443347e-02) (4, 7.36225303717539802939e-01) (5, 4.25649319359986288980e-01) (6, 1.64047031512807472975e-01) (7, 8.28711307422682619261e-01) (8, -7.72587919689337709883e-01) (9, 5.05437394623606550681e+00) (10, 1.80693665969187513554e+01) (11, 3.37812704946999997624e-01) (12, -1.84646034569952277593e+00) 
