FANN_FLO_2.1
num_layers=3
learning_rate=0.700000
connection_rate=1.000000
network_type=0
learning_momentum=0.000000
training_algorithm=2
train_error_function=1
train_stop_function=1
cascade_output_change_fraction=0.010000
quickprop_decay=-0.000100
quickprop_mu=1.750000
rprop_increase_factor=1.200000
rprop_decrease_factor=0.500000
rprop_delta_min=0.000000
rprop_delta_max=50.000000
rprop_delta_zero=0.100000
cascade_output_stagnation_epochs=12
cascade_candidate_change_fraction=0.010000
cascade_candidate_stagnation_epochs=12
cascade_max_out_epochs=150
cascade_min_out_epochs=50
cascade_max_cand_epochs=150
cascade_min_cand_epochs=50
cascade_num_candidate_groups=2
bit_fail_limit=1.00000000000000005551e-01
cascade_candidate_limit=1.00000000000000000000e+03
cascade_weight_multiplier=4.00000000000000022204e-01
cascade_activation_functions_count=10
cascade_activation_functions=3 5 7 8 10 11 14 15 16 17 
cascade_activation_steepnesses_count=4
cascade_activation_steepnesses=2.50000000000000000000e-01 5.00000000000000000000e-01 7.50000000000000000000e-01 1.00000000000000000000e+00 
layer_sizes=8 4 2 
scale_included=0
neurons (num_inputs, activation_function, activation_steepness)=(0, 0, 0.00000000000000000000e+00) (0, 0, 0.00000000000000000000e+00) (0, 0, 0.00000000000000000000e+00) (0, 0, 0.00000000000000000000e+00) (0, 0, 0.00000000000000000000e+00) (0, 0, 0.00000000000000000000e+00) (0, 0, 0.00000000000000000000e+00) (0, 0, 0.00000000000000000000e+00) (8, 6, 5.00000000000000000000e-01) (8, 6, 5.00000000000000000000e-01) (8, 6, 5.00000000000000000000e-01) (0, 6, 0.00000000000000000000e+00) (4, 4, 5.00000000000000000000e-01) (0, 4, 0.00000000000000000000e+00) 
connections (connected_to_neuron, weight)=(0, -9.42012388372939435399e-01) (1, 1.62676598638182756673e+00) (2, 1.22509765530412539913e-01) (3, -6.51462384080115919360e-01) (4, -2.75658769783196755387e-01) (5, -1.61007685836968728044e-01) (6, -2.83814301964459725358e-01) (7, -8.91874674821418134130e-01) (0, -9.08136300856393186010e-01) (1, 1.63361297309285280477e+00) (2, 1.69094386602228030636e-01) (3, -4.81639929627601215412e-01) (4, -3.14356511708913155534e-01) (5, -1.42610101279435463884e-01) (6, -1.38978315767464943864e-01) (7, -9.00267850721400586522e-01) (0, -8.81324123704951611913e-01) (1, 1.65088035672789690267e+00) (2, 3.72307291108878168906e-03) (3, -6.50258571421329145679e-01) (4, -1.62652163085160561540e-01) (5, -2.50081068154988594987e-01) (6, -3.01540820178208657243e-01) (7, -8.99476081246655789769e-01) (8, 9.98131637264005711074e+00) (9, 1.00498326345156865358e+01) (10, 4.76311375180027596343e+00) (11, -9.07532297188561765111e-01) 
