FANN_FLO_2.1
num_layers=3
learning_rate=0.700000
connection_rate=1.000000
network_type=0
learning_momentum=0.000000
training_algorithm=2
train_error_function=1
train_stop_function=1
cascade_output_change_fraction=0.010000
quickprop_decay=-0.000100
quickprop_mu=1.750000
rprop_increase_factor=1.200000
rprop_decrease_factor=0.500000
rprop_delta_min=0.000000
rprop_delta_max=50.000000
rprop_delta_zero=0.100000
cascade_output_stagnation_epochs=12
cascade_candidate_change_fraction=0.010000
cascade_candidate_stagnation_epochs=12
cascade_max_out_epochs=150
cascade_min_out_epochs=50
cascade_max_cand_epochs=150
cascade_min_cand_epochs=50
cascade_num_candidate_groups=2
bit_fail_limit=1.00000000000000005551e-01
cascade_candidate_limit=1.00000000000000000000e+03
cascade_weight_multiplier=4.00000000000000022204e-01
cascade_activation_functions_count=10
cascade_activation_functions=3 5 7 8 10 11 14 15 16 17 
cascade_activation_steepnesses_count=4
cascade_activation_steepnesses=2.50000000000000000000e-01 5.00000000000000000000e-01 7.50000000000000000000e-01 1.00000000000000000000e+00 
layer_sizes=13 4 2 
scale_included=0
neurons (num_inputs, activation_function, activation_steepness)=(0, 0, 0.00000000000000000000e+00) (0, 0, 0.00000000000000000000e+00) (0, 0, 0.00000000000000000000e+00) (0, 0, 0.00000000000000000000e+00) (0, 0, 0.00000000000000000000e+00) (0, 0, 0.00000000000000000000e+00) (0, 0, 0.00000000000000000000e+00) (0, 0, 0.00000000000000000000e+00) (0, 0, 0.00000000000000000000e+00) (0, 0, 0.00000000000000000000e+00) (0, 0, 0.00000000000000000000e+00) (0, 0, 0.00000000000000000000e+00) (0, 0, 0.00000000000000000000e+00) (13, 6, 5.00000000000000000000e-01) (13, 6, 5.00000000000000000000e-01) (13, 6, 5.00000000000000000000e-01) (0, 6, 0.00000000000000000000e+00) (4, 4, 5.00000000000000000000e-01) (0, 4, 0.00000000000000000000e+00) 
connections (connected_to_neuron, weight)=(0, 3.66186441460775932710e-02) (1, 6.32787733850509126476e-01) (2, 1.00453441499922235813e+00) (3, 8.49776810164212526022e-02) (4, 3.32855430707373126098e-02) (5, -6.61367950100946039305e-02) (6, 3.27172630491817550968e-01) (7, 2.31835141403541111771e-01) (8, 1.22089867340091723369e-01) (9, 6.34989601288218630248e-02) (10, 1.55167068478335223869e-01) (11, 8.33600785742103639331e-02) (12, 2.84412459870054222522e-02) (0, 3.19226068611417002074e+00) (1, -2.74420760459709445200e+00) (2, -3.64083327054232386288e+00) (3, -5.66018814869590491945e-01) (4, 8.05744570843928031856e-01) (5, 3.96305496989848560219e+00) (6, -1.55494432249347380726e+00) (7, -1.07040482379331658436e+00) (8, 9.76991878034154437316e-01) (9, 1.41909072063669583486e+00) (10, 2.80898350786152661840e-01) (11, 1.47446962706550954714e+00) (12, 3.09948451425109183788e+00) (0, -9.00013223263105843763e-01) (1, 2.32940826576765891431e+00) (2, 5.75651980675793262243e-01) (3, -4.23228482051729359981e-01) (4, -1.99552659167293566789e+00) (5, -1.61031287638929443418e+00) (6, -5.75461516424058960872e-01) (7, -6.50556366887030113055e-01) (8, -8.27144262135709462669e-01) (9, -1.27595871995688736611e+00) (10, -4.00095222340650591430e-01) (11, -1.31545731361509621316e+00) (12, -4.92438339479882580818e-01) (13, 2.50116233471925408782e-01) (14, -1.20617148066049946209e+01) (15, 5.40945622484922328255e+00) (16, -1.69589631915884808677e+00) 
