FANN_FLO_2.1
num_layers=3
learning_rate=0.700000
connection_rate=1.000000
network_type=0
learning_momentum=0.000000
training_algorithm=2
train_error_function=1
train_stop_function=1
cascade_output_change_fraction=0.010000
quickprop_decay=-0.000100
quickprop_mu=1.750000
rprop_increase_factor=1.200000
rprop_decrease_factor=0.500000
rprop_delta_min=0.000000
rprop_delta_max=50.000000
rprop_delta_zero=0.100000
cascade_output_stagnation_epochs=12
cascade_candidate_change_fraction=0.010000
cascade_candidate_stagnation_epochs=12
cascade_max_out_epochs=150
cascade_min_out_epochs=50
cascade_max_cand_epochs=150
cascade_min_cand_epochs=50
cascade_num_candidate_groups=2
bit_fail_limit=1.00000000000000005551e-01
cascade_candidate_limit=1.00000000000000000000e+03
cascade_weight_multiplier=4.00000000000000022204e-01
cascade_activation_functions_count=10
cascade_activation_functions=3 5 7 8 10 11 14 15 16 17 
cascade_activation_steepnesses_count=4
cascade_activation_steepnesses=2.50000000000000000000e-01 5.00000000000000000000e-01 7.50000000000000000000e-01 1.00000000000000000000e+00 
layer_sizes=9 4 2 
scale_included=0
neurons (num_inputs, activation_function, activation_steepness)=(0, 0, 0.00000000000000000000e+00) (0, 0, 0.00000000000000000000e+00) (0, 0, 0.00000000000000000000e+00) (0, 0, 0.00000000000000000000e+00) (0, 0, 0.00000000000000000000e+00) (0, 0, 0.00000000000000000000e+00) (0, 0, 0.00000000000000000000e+00) (0, 0, 0.00000000000000000000e+00) (0, 0, 0.00000000000000000000e+00) (9, 6, 5.00000000000000000000e-01) (9, 6, 5.00000000000000000000e-01) (9, 6, 5.00000000000000000000e-01) (0, 6, 0.00000000000000000000e+00) (4, 4, 5.00000000000000000000e-01) (0, 4, 0.00000000000000000000e+00) 
connections (connected_to_neuron, weight)=(0, -2.39790280756804330409e+00) (1, 2.50733010002657819015e+00) (2, 2.56711883300854593060e+00) (3, -1.03377966010461541657e+00) (4, 9.71534269424545904315e-01) (5, -2.09776365774460044067e-01) (6, -1.54964890891425821629e+00) (7, 6.82318897876782126666e-01) (8, -2.13110521653797446717e+00) (0, 1.96632397464685221289e-01) (1, -1.17396000528810162677e-01) (2, -1.08259005582604164175e+01) (3, -1.76083062880688145935e-01) (4, -6.87989692028563748494e-01) (5, 1.16091136478543813237e-01) (6, 8.44446925599492692616e-02) (7, -3.89613178193011833184e-01) (8, 2.10937802783422279074e-01) (0, -1.14444897159586367330e+00) (1, 2.12953959499728817661e+00) (2, 2.67819281870438485882e+00) (3, -1.02792529934535714631e+00) (4, 4.10487314125615621041e-01) (5, -1.31144607084579672973e-01) (6, -8.94576729199956566241e-01) (7, 5.28192633721871085406e-01) (8, -2.25651681846292229139e+00) (9, 6.38470973091547744360e+00) (10, -8.51889997063666304378e-01) (11, 6.78424642836191260642e+00) (12, -2.48139042820376687359e+00) 
