FANN_FLO_2.1
num_layers=3
learning_rate=0.700000
connection_rate=1.000000
network_type=0
learning_momentum=0.000000
training_algorithm=2
train_error_function=1
train_stop_function=1
cascade_output_change_fraction=0.010000
quickprop_decay=-0.000100
quickprop_mu=1.750000
rprop_increase_factor=1.200000
rprop_decrease_factor=0.500000
rprop_delta_min=0.000000
rprop_delta_max=50.000000
rprop_delta_zero=0.100000
cascade_output_stagnation_epochs=12
cascade_candidate_change_fraction=0.010000
cascade_candidate_stagnation_epochs=12
cascade_max_out_epochs=150
cascade_min_out_epochs=50
cascade_max_cand_epochs=150
cascade_min_cand_epochs=50
cascade_num_candidate_groups=2
bit_fail_limit=1.00000000000000005551e-01
cascade_candidate_limit=1.00000000000000000000e+03
cascade_weight_multiplier=4.00000000000000022204e-01
cascade_activation_functions_count=10
cascade_activation_functions=3 5 7 8 10 11 14 15 16 17 
cascade_activation_steepnesses_count=4
cascade_activation_steepnesses=2.50000000000000000000e-01 5.00000000000000000000e-01 7.50000000000000000000e-01 1.00000000000000000000e+00 
layer_sizes=7 4 2 
scale_included=0
neurons (num_inputs, activation_function, activation_steepness)=(0, 0, 0.00000000000000000000e+00) (0, 0, 0.00000000000000000000e+00) (0, 0, 0.00000000000000000000e+00) (0, 0, 0.00000000000000000000e+00) (0, 0, 0.00000000000000000000e+00) (0, 0, 0.00000000000000000000e+00) (0, 0, 0.00000000000000000000e+00) (7, 6, 5.00000000000000000000e-01) (7, 6, 5.00000000000000000000e-01) (7, 6, 5.00000000000000000000e-01) (0, 6, 0.00000000000000000000e+00) (4, 4, 5.00000000000000000000e-01) (0, 4, 0.00000000000000000000e+00) 
connections (connected_to_neuron, weight)=(0, -3.89140943069412470479e+00) (1, -6.15124541786994827319e-01) (2, 2.29476957181438256939e+00) (3, 2.52732466973449909631e+00) (4, -9.03234908291317362128e-01) (5, -1.09456484713891910587e-01) (6, 2.09160834660258210249e+00) (0, 1.17841163951485095041e+00) (1, 2.55607317235695807867e+00) (2, 3.28712590117499781073e+00) (3, 5.36342169630786402834e-01) (4, 2.16044546963781636251e+00) (5, 2.68332837378317767829e+00) (6, -2.61604453261694036570e+00) (0, 8.86827295382644820165e-01) (1, 9.85540629513331989386e-01) (2, 4.28268321830124087946e-01) (3, 3.70373901734443293776e+01) (4, 9.10516544979858677422e-01) (5, 1.54742099556133672067e+00) (6, -1.59922115694014577159e+00) (7, -1.20265930530680726918e+01) (8, 1.73754295203743076570e+01) (9, 9.01455229720153994322e+00) (10, -1.55461893418315355575e+00) 
