FANN_FLO_2.1
num_layers=3
learning_rate=0.700000
connection_rate=1.000000
network_type=0
learning_momentum=0.000000
training_algorithm=2
train_error_function=1
train_stop_function=1
cascade_output_change_fraction=0.010000
quickprop_decay=-0.000100
quickprop_mu=1.750000
rprop_increase_factor=1.200000
rprop_decrease_factor=0.500000
rprop_delta_min=0.000000
rprop_delta_max=50.000000
rprop_delta_zero=0.100000
cascade_output_stagnation_epochs=12
cascade_candidate_change_fraction=0.010000
cascade_candidate_stagnation_epochs=12
cascade_max_out_epochs=150
cascade_min_out_epochs=50
cascade_max_cand_epochs=150
cascade_min_cand_epochs=50
cascade_num_candidate_groups=2
bit_fail_limit=1.00000000000000005551e-01
cascade_candidate_limit=1.00000000000000000000e+03
cascade_weight_multiplier=4.00000000000000022204e-01
cascade_activation_functions_count=10
cascade_activation_functions=3 5 7 8 10 11 14 15 16 17 
cascade_activation_steepnesses_count=4
cascade_activation_steepnesses=2.50000000000000000000e-01 5.00000000000000000000e-01 7.50000000000000000000e-01 1.00000000000000000000e+00 
layer_sizes=14 4 2 
scale_included=0
neurons (num_inputs, activation_function, activation_steepness)=(0, 0, 0.00000000000000000000e+00) (0, 0, 0.00000000000000000000e+00) (0, 0, 0.00000000000000000000e+00) (0, 0, 0.00000000000000000000e+00) (0, 0, 0.00000000000000000000e+00) (0, 0, 0.00000000000000000000e+00) (0, 0, 0.00000000000000000000e+00) (0, 0, 0.00000000000000000000e+00) (0, 0, 0.00000000000000000000e+00) (0, 0, 0.00000000000000000000e+00) (0, 0, 0.00000000000000000000e+00) (0, 0, 0.00000000000000000000e+00) (0, 0, 0.00000000000000000000e+00) (0, 0, 0.00000000000000000000e+00) (14, 6, 5.00000000000000000000e-01) (14, 6, 5.00000000000000000000e-01) (14, 6, 5.00000000000000000000e-01) (0, 6, 0.00000000000000000000e+00) (4, 4, 5.00000000000000000000e-01) (0, 4, 0.00000000000000000000e+00) 
connections (connected_to_neuron, weight)=(0, -1.27657527408049209505e+00) (1, 1.29163193870870873781e+01) (2, -2.35764745595380675880e+00) (3, -8.87590988717866236080e-01) (4, 4.35281395011667238126e-01) (5, -2.54184757209422951263e+00) (6, -7.91974343015177217886e-01) (7, 1.30060046408860490175e+01) (8, 1.40174243935047682097e-01) (9, 4.32941779079545507880e-01) (10, -2.30458423170697201954e+00) (11, 4.69282506995920167814e-01) (12, 1.46957264590539871119e-01) (13, -1.31658890550711760170e+00) (0, 1.22113977412901375530e+00) (1, -2.28347720436032064484e+00) (2, -2.40353973747238081060e+00) (3, -3.21537128765756374804e+00) (4, 1.17726515127699249419e+00) (5, 2.06863245751393343141e+00) (6, -1.56953479288007202719e+00) (7, -1.99634541628628348064e+00) (8, 2.26235259350567624592e-01) (9, 1.26485704322474790118e+00) (10, 9.84674870036485683222e-01) (11, 1.17663375182430618437e+00) (12, -2.05281932667760091960e+00) (13, 3.02230687749382953555e+00) (0, -7.29021311536329763570e-01) (1, -4.83419657326079166282e-01) (2, 2.97764765803626048069e+01) (3, 3.50255079852494066728e+00) (4, -5.02279770717906526301e-01) (5, -7.03295588063256427169e-01) (6, 3.55051591753815953822e-01) (7, -6.13344960487223422874e-01) (8, -2.68467342496596483858e-01) (9, -1.00962821705229166547e+00) (10, -6.56587317155854388595e-01) (11, -5.78186829731750062678e-01) (12, 4.57273463156224468928e-01) (13, -1.80682513242199460635e+00) (14, 3.54237313404515674620e+00) (15, -4.83012961055718204051e+00) (16, 2.03278442196406672338e+00) (17, -1.49741234720066929142e+00) 
