FANN_FLO_2.1
num_layers=3
learning_rate=0.700000
connection_rate=1.000000
network_type=0
learning_momentum=0.000000
training_algorithm=2
train_error_function=1
train_stop_function=1
cascade_output_change_fraction=0.010000
quickprop_decay=-0.000100
quickprop_mu=1.750000
rprop_increase_factor=1.200000
rprop_decrease_factor=0.500000
rprop_delta_min=0.000000
rprop_delta_max=50.000000
rprop_delta_zero=0.100000
cascade_output_stagnation_epochs=12
cascade_candidate_change_fraction=0.010000
cascade_candidate_stagnation_epochs=12
cascade_max_out_epochs=150
cascade_min_out_epochs=50
cascade_max_cand_epochs=150
cascade_min_cand_epochs=50
cascade_num_candidate_groups=2
bit_fail_limit=1.00000000000000005551e-01
cascade_candidate_limit=1.00000000000000000000e+03
cascade_weight_multiplier=4.00000000000000022204e-01
cascade_activation_functions_count=10
cascade_activation_functions=3 5 7 8 10 11 14 15 16 17 
cascade_activation_steepnesses_count=4
cascade_activation_steepnesses=2.50000000000000000000e-01 5.00000000000000000000e-01 7.50000000000000000000e-01 1.00000000000000000000e+00 
layer_sizes=10 4 2 
scale_included=0
neurons (num_inputs, activation_function, activation_steepness)=(0, 0, 0.00000000000000000000e+00) (0, 0, 0.00000000000000000000e+00) (0, 0, 0.00000000000000000000e+00) (0, 0, 0.00000000000000000000e+00) (0, 0, 0.00000000000000000000e+00) (0, 0, 0.00000000000000000000e+00) (0, 0, 0.00000000000000000000e+00) (0, 0, 0.00000000000000000000e+00) (0, 0, 0.00000000000000000000e+00) (0, 0, 0.00000000000000000000e+00) (10, 6, 5.00000000000000000000e-01) (10, 6, 5.00000000000000000000e-01) (10, 6, 5.00000000000000000000e-01) (0, 6, 0.00000000000000000000e+00) (4, 4, 5.00000000000000000000e-01) (0, 4, 0.00000000000000000000e+00) 
connections (connected_to_neuron, weight)=(0, 6.53351329479404618894e+00) (1, -7.28744277415609342796e+00) (2, -6.63354361385094026815e+00) (3, 3.98607680832484267963e-01) (4, -4.35893447676452439055e+00) (5, 8.75035778766082183999e-01) (6, 6.87878830595161527839e+00) (7, 4.46446747130732346509e-01) (8, 2.17674664254955807507e+00) (9, 6.50981825802513291990e+00) (0, -1.88158722318643389926e+00) (1, 4.18743129601315189348e+00) (2, 4.64968705918738312022e+00) (3, -1.60556175672995238290e-01) (4, 3.66024652742027167829e-01) (5, 2.91593347801625601967e-01) (6, -1.15629698687100623822e+00) (7, 4.42405325486123213174e-01) (8, 3.18920885970608691817e-01) (9, -4.89075720211984599217e+00) (0, -3.85402170302071578334e+00) (1, 3.82917734193871917014e+00) (2, 4.16915777854629876487e+00) (3, -1.09460587290695188223e+00) (4, -5.17449616780919385839e-01) (5, -2.62021449086552622731e-02) (6, -1.23994899147057746625e+00) (7, 9.79956101010326097178e-02) (8, -6.14132809067477691833e-01) (9, -3.83584691690006263087e+00) (10, -7.29905909397028818120e-01) (11, 4.68755279934983182244e+00) (12, 4.71238200075011182122e+00) (13, -1.01674563532025841184e+00) 
