FANN_FLO_2.1
num_layers=3
learning_rate=0.700000
connection_rate=1.000000
network_type=0
learning_momentum=0.000000
training_algorithm=2
train_error_function=1
train_stop_function=1
cascade_output_change_fraction=0.010000
quickprop_decay=-0.000100
quickprop_mu=1.750000
rprop_increase_factor=1.200000
rprop_decrease_factor=0.500000
rprop_delta_min=0.000000
rprop_delta_max=50.000000
rprop_delta_zero=0.100000
cascade_output_stagnation_epochs=12
cascade_candidate_change_fraction=0.010000
cascade_candidate_stagnation_epochs=12
cascade_max_out_epochs=150
cascade_min_out_epochs=50
cascade_max_cand_epochs=150
cascade_min_cand_epochs=50
cascade_num_candidate_groups=2
bit_fail_limit=1.00000000000000005551e-01
cascade_candidate_limit=1.00000000000000000000e+03
cascade_weight_multiplier=4.00000000000000022204e-01
cascade_activation_functions_count=10
cascade_activation_functions=3 5 7 8 10 11 14 15 16 17 
cascade_activation_steepnesses_count=4
cascade_activation_steepnesses=2.50000000000000000000e-01 5.00000000000000000000e-01 7.50000000000000000000e-01 1.00000000000000000000e+00 
layer_sizes=10 4 2 
scale_included=0
neurons (num_inputs, activation_function, activation_steepness)=(0, 0, 0.00000000000000000000e+00) (0, 0, 0.00000000000000000000e+00) (0, 0, 0.00000000000000000000e+00) (0, 0, 0.00000000000000000000e+00) (0, 0, 0.00000000000000000000e+00) (0, 0, 0.00000000000000000000e+00) (0, 0, 0.00000000000000000000e+00) (0, 0, 0.00000000000000000000e+00) (0, 0, 0.00000000000000000000e+00) (0, 0, 0.00000000000000000000e+00) (10, 6, 5.00000000000000000000e-01) (10, 6, 5.00000000000000000000e-01) (10, 6, 5.00000000000000000000e-01) (0, 6, 0.00000000000000000000e+00) (4, 4, 5.00000000000000000000e-01) (0, 4, 0.00000000000000000000e+00) 
connections (connected_to_neuron, weight)=(0, 6.37187777084619444423e+00) (1, -6.85738435847990768224e+00) (2, -8.56777414169434514690e+00) (3, 2.39398847791876434599e+00) (4, 4.99634181035262781023e+00) (5, 1.69297711321035704302e+00) (6, 9.79743980808004399918e-01) (7, 3.97604586426764272655e-01) (8, 5.19009580973183837216e+00) (9, 6.49106015030085359285e+00) (0, -8.65903203185087955163e-01) (1, 1.55838705448417558230e+00) (2, 2.54950551581162487835e+00) (3, 2.62339740761613371411e-01) (4, -3.08727656489295176900e-01) (5, 2.21536993750428540251e-01) (6, -1.30276601852503476353e-01) (7, -2.82307004906245051501e-01) (8, -1.71553065059560749805e-01) (9, -1.85516456687727582242e+00) (0, 6.42818073553354185634e+00) (1, -6.77927747084133880406e+00) (2, -9.29864421260760209975e+00) (3, 4.19661333806038339134e+00) (4, 5.09575999600393014788e+00) (5, 2.45058807017496471659e+00) (6, 3.03565082530000873717e+00) (7, 1.25825225740001900299e+00) (8, 6.22984638325335104980e+00) (9, 6.51885012162238997036e+00) (10, -3.26810093184998873284e+00) (11, 6.67857572558178524957e+00) (12, -6.11524969880332314176e+00) (13, -1.38734905548127263053e+00) 
