FANN_FLO_2.1
num_layers=3
learning_rate=0.700000
connection_rate=1.000000
network_type=0
learning_momentum=0.000000
training_algorithm=2
train_error_function=1
train_stop_function=1
cascade_output_change_fraction=0.010000
quickprop_decay=-0.000100
quickprop_mu=1.750000
rprop_increase_factor=1.200000
rprop_decrease_factor=0.500000
rprop_delta_min=0.000000
rprop_delta_max=50.000000
rprop_delta_zero=0.100000
cascade_output_stagnation_epochs=12
cascade_candidate_change_fraction=0.010000
cascade_candidate_stagnation_epochs=12
cascade_max_out_epochs=150
cascade_min_out_epochs=50
cascade_max_cand_epochs=150
cascade_min_cand_epochs=50
cascade_num_candidate_groups=2
bit_fail_limit=1.00000000000000005551e-01
cascade_candidate_limit=1.00000000000000000000e+03
cascade_weight_multiplier=4.00000000000000022204e-01
cascade_activation_functions_count=10
cascade_activation_functions=3 5 7 8 10 11 14 15 16 17 
cascade_activation_steepnesses_count=4
cascade_activation_steepnesses=2.50000000000000000000e-01 5.00000000000000000000e-01 7.50000000000000000000e-01 1.00000000000000000000e+00 
layer_sizes=10 4 2 
scale_included=0
neurons (num_inputs, activation_function, activation_steepness)=(0, 0, 0.00000000000000000000e+00) (0, 0, 0.00000000000000000000e+00) (0, 0, 0.00000000000000000000e+00) (0, 0, 0.00000000000000000000e+00) (0, 0, 0.00000000000000000000e+00) (0, 0, 0.00000000000000000000e+00) (0, 0, 0.00000000000000000000e+00) (0, 0, 0.00000000000000000000e+00) (0, 0, 0.00000000000000000000e+00) (0, 0, 0.00000000000000000000e+00) (10, 6, 5.00000000000000000000e-01) (10, 6, 5.00000000000000000000e-01) (10, 6, 5.00000000000000000000e-01) (0, 6, 0.00000000000000000000e+00) (4, 4, 5.00000000000000000000e-01) (0, 4, 0.00000000000000000000e+00) 
connections (connected_to_neuron, weight)=(0, 6.79651271333283180098e+00) (1, -2.77871713476059412073e+00) (2, -1.74005362657868634102e+00) (3, -2.73206852136104894058e+00) (4, -5.48264621139679686479e+00) (5, 3.07166362753315302925e+00) (6, -1.54239269025965453075e+00) (7, -1.36859483124497915973e+00) (8, -5.64828876949238534166e+00) (9, 4.89659315408569018047e+00) (0, 6.75287710656708473067e+00) (1, -2.83694115714905237269e+00) (2, -1.75167478859966929683e+00) (3, -2.36642427194113702527e+00) (4, -5.59135152341042296342e+00) (5, 3.02118872253675840867e+00) (6, -1.69712978281422022242e+00) (7, -1.37408175172093893757e+00) (8, -5.55549687347929488368e+00) (9, 4.91260403455596605937e+00) (0, 2.89944604887217582956e+00) (1, -1.40036986868090873593e+00) (2, -2.08233859946954785736e-01) (3, 1.90775683896245951132e+00) (4, -7.56496270823417527041e-01) (5, 3.51032165175497290477e-01) (6, 5.56601760168754200464e+00) (7, 5.11056383688920035091e-01) (8, 7.88012188819288628139e+00) (9, 3.47606835887557419351e-01) (10, -1.77683856256212322933e+02) (11, -7.30419873157974652855e+00) (12, 3.08535277806482248764e+01) (13, -1.32264267811274338627e+00) 
