FANN_FLO_2.1
num_layers=3
learning_rate=0.700000
connection_rate=1.000000
network_type=0
learning_momentum=0.000000
training_algorithm=2
train_error_function=1
train_stop_function=1
cascade_output_change_fraction=0.010000
quickprop_decay=-0.000100
quickprop_mu=1.750000
rprop_increase_factor=1.200000
rprop_decrease_factor=0.500000
rprop_delta_min=0.000000
rprop_delta_max=50.000000
rprop_delta_zero=0.100000
cascade_output_stagnation_epochs=12
cascade_candidate_change_fraction=0.010000
cascade_candidate_stagnation_epochs=12
cascade_max_out_epochs=150
cascade_min_out_epochs=50
cascade_max_cand_epochs=150
cascade_min_cand_epochs=50
cascade_num_candidate_groups=2
bit_fail_limit=1.00000000000000005551e-01
cascade_candidate_limit=1.00000000000000000000e+03
cascade_weight_multiplier=4.00000000000000022204e-01
cascade_activation_functions_count=10
cascade_activation_functions=3 5 7 8 10 11 14 15 16 17 
cascade_activation_steepnesses_count=4
cascade_activation_steepnesses=2.50000000000000000000e-01 5.00000000000000000000e-01 7.50000000000000000000e-01 1.00000000000000000000e+00 
layer_sizes=10 4 2 
scale_included=0
neurons (num_inputs, activation_function, activation_steepness)=(0, 0, 0.00000000000000000000e+00) (0, 0, 0.00000000000000000000e+00) (0, 0, 0.00000000000000000000e+00) (0, 0, 0.00000000000000000000e+00) (0, 0, 0.00000000000000000000e+00) (0, 0, 0.00000000000000000000e+00) (0, 0, 0.00000000000000000000e+00) (0, 0, 0.00000000000000000000e+00) (0, 0, 0.00000000000000000000e+00) (0, 0, 0.00000000000000000000e+00) (10, 6, 5.00000000000000000000e-01) (10, 6, 5.00000000000000000000e-01) (10, 6, 5.00000000000000000000e-01) (0, 6, 0.00000000000000000000e+00) (4, 4, 5.00000000000000000000e-01) (0, 4, 0.00000000000000000000e+00) 
connections (connected_to_neuron, weight)=(0, 6.79300260303341674195e-01) (1, 3.64682010820396973472e+00) (2, 3.73056980544446492587e+00) (3, 3.10422904425293877395e+00) (4, -3.27011561745343382057e+00) (5, 3.81290997253826358104e+00) (6, -2.27648265990151699167e-01) (7, -5.35350369255131308677e+00) (8, -3.15052048392576500291e+00) (9, -3.46985778468567973576e+00) (0, -4.13488569622512680546e-02) (1, 1.17908111540274584961e-01) (2, 4.54304555910980789601e-01) (3, 1.53351862625455609423e-01) (4, 4.90903247409709309057e-01) (5, 2.31738659907549854333e-01) (6, 1.69394805852596502804e-01) (7, 1.64604632296932895663e-01) (8, 2.85934646058676911196e-01) (9, 1.57332107269575138808e-01) (0, -4.37331630550339633956e-01) (1, 2.07358855394942658279e+01) (2, 1.52396738958168924682e+01) (3, -1.53126162045089753150e+00) (4, -1.07803738879956562124e-01) (5, -2.97815467850746262712e+00) (6, 1.37212975505588197223e+00) (7, -4.84272077510132070710e-01) (8, 9.15148369708195352779e-01) (9, -1.12546875541391822040e+00) (10, 7.78983406520726973099e+00) (11, -6.96962296349490084690e-02) (12, 4.00396772011115498202e+00) (13, -2.67618598192191381457e+00) 
