FANN_FLO_2.1
num_layers=3
learning_rate=0.700000
connection_rate=1.000000
network_type=0
learning_momentum=0.000000
training_algorithm=2
train_error_function=1
train_stop_function=1
cascade_output_change_fraction=0.010000
quickprop_decay=-0.000100
quickprop_mu=1.750000
rprop_increase_factor=1.200000
rprop_decrease_factor=0.500000
rprop_delta_min=0.000000
rprop_delta_max=50.000000
rprop_delta_zero=0.100000
cascade_output_stagnation_epochs=12
cascade_candidate_change_fraction=0.010000
cascade_candidate_stagnation_epochs=12
cascade_max_out_epochs=150
cascade_min_out_epochs=50
cascade_max_cand_epochs=150
cascade_min_cand_epochs=50
cascade_num_candidate_groups=2
bit_fail_limit=1.00000000000000005551e-01
cascade_candidate_limit=1.00000000000000000000e+03
cascade_weight_multiplier=4.00000000000000022204e-01
cascade_activation_functions_count=10
cascade_activation_functions=3 5 7 8 10 11 14 15 16 17 
cascade_activation_steepnesses_count=4
cascade_activation_steepnesses=2.50000000000000000000e-01 5.00000000000000000000e-01 7.50000000000000000000e-01 1.00000000000000000000e+00 
layer_sizes=12 4 2 
scale_included=0
neurons (num_inputs, activation_function, activation_steepness)=(0, 0, 0.00000000000000000000e+00) (0, 0, 0.00000000000000000000e+00) (0, 0, 0.00000000000000000000e+00) (0, 0, 0.00000000000000000000e+00) (0, 0, 0.00000000000000000000e+00) (0, 0, 0.00000000000000000000e+00) (0, 0, 0.00000000000000000000e+00) (0, 0, 0.00000000000000000000e+00) (0, 0, 0.00000000000000000000e+00) (0, 0, 0.00000000000000000000e+00) (0, 0, 0.00000000000000000000e+00) (0, 0, 0.00000000000000000000e+00) (12, 6, 5.00000000000000000000e-01) (12, 6, 5.00000000000000000000e-01) (12, 6, 5.00000000000000000000e-01) (0, 6, 0.00000000000000000000e+00) (4, 4, 5.00000000000000000000e-01) (0, 4, 0.00000000000000000000e+00) 
connections (connected_to_neuron, weight)=(0, -2.63013633831540305508e+00) (1, -1.56585991166085203297e+00) (2, -8.94283994507631518900e-01) (3, -3.62108498293063740814e-01) (4, -1.15127004424767531710e+00) (5, -1.54826561420963049187e+00) (6, -4.74589716829265706455e-01) (7, -8.87236311668220145599e-01) (8, -4.81231215739423678901e-01) (9, -1.58603102204188739499e+00) (10, -9.20857020004517412559e-01) (11, 2.64624620145125710735e+00) (0, -2.46388996883431632412e+00) (1, -1.68920307389944990284e+00) (2, -9.72030639123758311015e-01) (3, -1.19165607037412057956e+00) (4, -5.85825567305586991651e-01) (5, -1.55879454374120474114e+00) (6, -5.07445767708028849796e-01) (7, -8.55167895191970450774e-01) (8, -3.29986538136178675362e-01) (9, -1.53627790001019870481e+00) (10, -8.68427016123062500697e-01) (11, 2.70752967810197198162e+00) (0, -2.59738510592976767910e+00) (1, -1.50370305560082395679e+00) (2, -8.83042147235414742745e-01) (3, -3.49669664579532246673e-01) (4, -1.03852980325655974703e+00) (5, -1.54047352134988546624e+00) (6, -4.94165230728592030918e-01) (7, -9.73572067552867292939e-01) (8, -4.81312129044706271674e-01) (9, -1.52105085042104160031e+00) (10, -8.66265528186088928919e-01) (11, 2.65189000880284631023e+00) (12, -3.36072122198305649476e+01) (13, -1.20962747369482084281e+01) (14, -5.06180910827184646905e+01) (15, -1.70774624197639268708e+00) 
