FANN_FLO_2.1
num_layers=3
learning_rate=0.700000
connection_rate=1.000000
network_type=0
learning_momentum=0.000000
training_algorithm=2
train_error_function=1
train_stop_function=1
cascade_output_change_fraction=0.010000
quickprop_decay=-0.000100
quickprop_mu=1.750000
rprop_increase_factor=1.200000
rprop_decrease_factor=0.500000
rprop_delta_min=0.000000
rprop_delta_max=50.000000
rprop_delta_zero=0.100000
cascade_output_stagnation_epochs=12
cascade_candidate_change_fraction=0.010000
cascade_candidate_stagnation_epochs=12
cascade_max_out_epochs=150
cascade_min_out_epochs=50
cascade_max_cand_epochs=150
cascade_min_cand_epochs=50
cascade_num_candidate_groups=2
bit_fail_limit=1.00000000000000005551e-01
cascade_candidate_limit=1.00000000000000000000e+03
cascade_weight_multiplier=4.00000000000000022204e-01
cascade_activation_functions_count=10
cascade_activation_functions=3 5 7 8 10 11 14 15 16 17 
cascade_activation_steepnesses_count=4
cascade_activation_steepnesses=2.50000000000000000000e-01 5.00000000000000000000e-01 7.50000000000000000000e-01 1.00000000000000000000e+00 
layer_sizes=15 4 2 
scale_included=0
neurons (num_inputs, activation_function, activation_steepness)=(0, 0, 0.00000000000000000000e+00) (0, 0, 0.00000000000000000000e+00) (0, 0, 0.00000000000000000000e+00) (0, 0, 0.00000000000000000000e+00) (0, 0, 0.00000000000000000000e+00) (0, 0, 0.00000000000000000000e+00) (0, 0, 0.00000000000000000000e+00) (0, 0, 0.00000000000000000000e+00) (0, 0, 0.00000000000000000000e+00) (0, 0, 0.00000000000000000000e+00) (0, 0, 0.00000000000000000000e+00) (0, 0, 0.00000000000000000000e+00) (0, 0, 0.00000000000000000000e+00) (0, 0, 0.00000000000000000000e+00) (0, 0, 0.00000000000000000000e+00) (15, 6, 5.00000000000000000000e-01) (15, 6, 5.00000000000000000000e-01) (15, 6, 5.00000000000000000000e-01) (0, 6, 0.00000000000000000000e+00) (4, 4, 5.00000000000000000000e-01) (0, 4, 0.00000000000000000000e+00) 
connections (connected_to_neuron, weight)=(0, -1.64855876004119461520e+00) (1, 2.10127600607854425618e+00) (2, 3.18870942086391373493e+00) (3, -5.27529508766919286167e-01) (4, -2.10493532223676727000e+00) (5, -2.02528673032158323952e-01) (6, 2.33579314883348132525e+00) (7, 3.48113631900534958863e-01) (8, 1.52765659640231543648e+00) (9, 1.34310597668606579447e+00) (10, -9.77460634326990374099e-01) (11, -5.28738475184609590940e-01) (12, 7.11779597344320502650e-01) (13, 7.17033858151380099066e-01) (14, -2.06035063550208663585e+00) (0, -1.64390840565581863864e+00) (1, 2.13735304725748598287e+00) (2, 3.11254396826438828327e+00) (3, -5.63755922910958440220e-01) (4, -2.09536198182081268016e+00) (5, -2.78117920080059366494e-01) (6, 2.32998698588010455524e+00) (7, 2.60258076783404734833e-01) (8, 1.41517041524413911269e+00) (9, 1.26996164511162579203e+00) (10, -9.36650717172718194625e-01) (11, -1.52608124651936627458e-01) (12, 8.69265790226381507289e-01) (13, 6.64334363415053474888e-01) (14, -1.83250826898789132002e+00) (0, 9.78447611007882911416e-01) (1, -2.73019833628955721494e+00) (2, -5.06963292340455318197e+00) (3, 6.11621954372385534526e-01) (4, 4.60893614587998090570e+00) (5, 4.68005923767089215826e-01) (6, -1.84737129148001466561e+00) (7, -1.66798908677928303668e+00) (8, -2.59713173968124388935e+00) (9, -2.33432516805722256592e+00) (10, 1.08592153178515204992e+00) (11, 2.16629163581218220358e+00) (12, -1.96013741678404107560e+00) (13, -2.93870003588304784525e-01) (14, 3.12028685017882700947e+00) (15, 6.54532587124817766266e+00) (16, 6.62704447253459072442e+00) (17, -3.00692109070504276502e+00) (18, -1.46862676920540113912e+00) 
