FANN_FLO_2.1
num_layers=3
learning_rate=0.700000
connection_rate=1.000000
network_type=0
learning_momentum=0.000000
training_algorithm=2
train_error_function=1
train_stop_function=1
cascade_output_change_fraction=0.010000
quickprop_decay=-0.000100
quickprop_mu=1.750000
rprop_increase_factor=1.200000
rprop_decrease_factor=0.500000
rprop_delta_min=0.000000
rprop_delta_max=50.000000
rprop_delta_zero=0.100000
cascade_output_stagnation_epochs=12
cascade_candidate_change_fraction=0.010000
cascade_candidate_stagnation_epochs=12
cascade_max_out_epochs=150
cascade_min_out_epochs=50
cascade_max_cand_epochs=150
cascade_min_cand_epochs=50
cascade_num_candidate_groups=2
bit_fail_limit=1.00000000000000005551e-01
cascade_candidate_limit=1.00000000000000000000e+03
cascade_weight_multiplier=4.00000000000000022204e-01
cascade_activation_functions_count=10
cascade_activation_functions=3 5 7 8 10 11 14 15 16 17 
cascade_activation_steepnesses_count=4
cascade_activation_steepnesses=2.50000000000000000000e-01 5.00000000000000000000e-01 7.50000000000000000000e-01 1.00000000000000000000e+00 
layer_sizes=10 4 2 
scale_included=0
neurons (num_inputs, activation_function, activation_steepness)=(0, 0, 0.00000000000000000000e+00) (0, 0, 0.00000000000000000000e+00) (0, 0, 0.00000000000000000000e+00) (0, 0, 0.00000000000000000000e+00) (0, 0, 0.00000000000000000000e+00) (0, 0, 0.00000000000000000000e+00) (0, 0, 0.00000000000000000000e+00) (0, 0, 0.00000000000000000000e+00) (0, 0, 0.00000000000000000000e+00) (0, 0, 0.00000000000000000000e+00) (10, 6, 5.00000000000000000000e-01) (10, 6, 5.00000000000000000000e-01) (10, 6, 5.00000000000000000000e-01) (0, 6, 0.00000000000000000000e+00) (4, 4, 5.00000000000000000000e-01) (0, 4, 0.00000000000000000000e+00) 
connections (connected_to_neuron, weight)=(0, -3.40761614840193560738e+00) (1, 4.33536452593066501393e-01) (2, 1.58215338357446047013e+01) (3, 3.16580579961012686940e-01) (4, 3.38757246008590695574e-01) (5, -1.58517060858714131655e+00) (6, 1.90853354395415202305e+01) (7, 1.40854056696090026435e+01) (8, 5.88989243906434034592e-01) (9, -3.51342514667044669707e+00) (0, 6.15380403708614487357e+00) (1, -5.59779152045954297989e+00) (2, -2.67753745463499992496e+00) (3, 1.23587809049100783021e+00) (4, -2.02119940895723182450e+00) (5, -4.82592336913077524230e+00) (6, -2.86016475641179290790e+00) (7, -2.35756788879977285944e+00) (8, -6.02635386713673781856e-01) (9, 4.57030280117758547220e+00) (0, -4.90667781571133687635e+00) (1, 4.21102071655333975997e+00) (2, 2.95992486286644984617e+00) (3, 8.46229128275124975467e-01) (4, 1.29662858202644981631e+00) (5, 4.53618134336905232118e+00) (6, 2.87759035924433526077e+00) (7, 1.72418013365191047370e+00) (8, 1.51358235398393548010e+00) (9, -4.84825084323270782960e+00) (10, 3.23388201551890608343e+00) (11, -2.13106788752896703087e+00) (12, 4.80405148025037131987e+00) (13, -1.40890304846991942789e+00) 
