FANN_FLO_2.1
num_layers=3
learning_rate=0.700000
connection_rate=1.000000
network_type=0
learning_momentum=0.000000
training_algorithm=2
train_error_function=1
train_stop_function=1
cascade_output_change_fraction=0.010000
quickprop_decay=-0.000100
quickprop_mu=1.750000
rprop_increase_factor=1.200000
rprop_decrease_factor=0.500000
rprop_delta_min=0.000000
rprop_delta_max=50.000000
rprop_delta_zero=0.100000
cascade_output_stagnation_epochs=12
cascade_candidate_change_fraction=0.010000
cascade_candidate_stagnation_epochs=12
cascade_max_out_epochs=150
cascade_min_out_epochs=50
cascade_max_cand_epochs=150
cascade_min_cand_epochs=50
cascade_num_candidate_groups=2
bit_fail_limit=1.00000000000000005551e-01
cascade_candidate_limit=1.00000000000000000000e+03
cascade_weight_multiplier=4.00000000000000022204e-01
cascade_activation_functions_count=10
cascade_activation_functions=3 5 7 8 10 11 14 15 16 17 
cascade_activation_steepnesses_count=4
cascade_activation_steepnesses=2.50000000000000000000e-01 5.00000000000000000000e-01 7.50000000000000000000e-01 1.00000000000000000000e+00 
layer_sizes=17 4 2 
scale_included=0
neurons (num_inputs, activation_function, activation_steepness)=(0, 0, 0.00000000000000000000e+00) (0, 0, 0.00000000000000000000e+00) (0, 0, 0.00000000000000000000e+00) (0, 0, 0.00000000000000000000e+00) (0, 0, 0.00000000000000000000e+00) (0, 0, 0.00000000000000000000e+00) (0, 0, 0.00000000000000000000e+00) (0, 0, 0.00000000000000000000e+00) (0, 0, 0.00000000000000000000e+00) (0, 0, 0.00000000000000000000e+00) (0, 0, 0.00000000000000000000e+00) (0, 0, 0.00000000000000000000e+00) (0, 0, 0.00000000000000000000e+00) (0, 0, 0.00000000000000000000e+00) (0, 0, 0.00000000000000000000e+00) (0, 0, 0.00000000000000000000e+00) (0, 0, 0.00000000000000000000e+00) (17, 6, 5.00000000000000000000e-01) (17, 6, 5.00000000000000000000e-01) (17, 6, 5.00000000000000000000e-01) (0, 6, 0.00000000000000000000e+00) (4, 4, 5.00000000000000000000e-01) (0, 4, 0.00000000000000000000e+00) 
connections (connected_to_neuron, weight)=(0, -2.69895359286149760791e+00) (1, 1.09290918282595406197e+00) (2, 3.68697221436358635316e-01) (3, 2.87903927163342676643e-01) (4, 1.30466599834709873207e+00) (5, -3.05318445745259792190e-01) (6, -5.38468256161268810089e-01) (7, -4.71409619738735741201e-02) (8, 1.29990386482149555825e+00) (9, -5.04556972900910061242e-01) (10, -2.44616465330052823557e-01) (11, -1.77085542738366574778e-01) (12, 4.96640247840178572503e-01) (13, -1.00403703890612749916e+00) (14, 1.25145228328411661778e+00) (15, 3.47771409875258563638e-01) (16, -9.31662666810776918247e-01) (0, -2.67817797669252177784e+00) (1, 1.15246242604580650948e+00) (2, 4.39621101178981010804e-01) (3, 2.91958250002125940803e-01) (4, 1.29032403302937259681e+00) (5, -4.28668328407556087356e-01) (6, -4.40095021889265525239e-01) (7, -1.46926222830025127175e-01) (8, 1.25794628526836826943e+00) (9, -3.37036367873234321557e-01) (10, -1.51952618420052976145e-01) (11, -1.14977972268987149729e-01) (12, 4.01769650716078785546e-01) (13, -1.11505242578557162147e+00) (14, 1.32975519569819056187e+00) (15, 3.93193613714083789468e-01) (16, -9.49545498205449312046e-01) (0, -2.26230790891250199692e+00) (1, 4.05549922841511145677e-01) (2, 1.02867302357361900533e+00) (3, 4.19567701089140376869e-01) (4, 7.77169096949942628250e-01) (5, 1.42632044632334975542e-01) (6, -9.02509603678351562950e-02) (7, 3.00171255237956791095e-01) (8, 4.42531877213372226709e-01) (9, 1.54655545117490883511e-01) (10, 2.06422395879652442741e-01) (11, 2.03047514445211241263e-01) (12, 2.59548740693088697551e-01) (13, -4.48262069740800295214e-01) (14, 4.67171892229530927310e-01) (15, 2.04223468601535035338e-01) (16, -1.64408581952330351550e-01) (17, 2.30435350814124753072e+01) (18, 2.31160004192253758504e+01) (19, 3.21898457137892946012e-01) (20, -8.81338975591685502842e-01) 
