FANN_FLO_2.1
num_layers=3
learning_rate=0.700000
connection_rate=1.000000
network_type=0
learning_momentum=0.000000
training_algorithm=2
train_error_function=1
train_stop_function=1
cascade_output_change_fraction=0.010000
quickprop_decay=-0.000100
quickprop_mu=1.750000
rprop_increase_factor=1.200000
rprop_decrease_factor=0.500000
rprop_delta_min=0.000000
rprop_delta_max=50.000000
rprop_delta_zero=0.100000
cascade_output_stagnation_epochs=12
cascade_candidate_change_fraction=0.010000
cascade_candidate_stagnation_epochs=12
cascade_max_out_epochs=150
cascade_min_out_epochs=50
cascade_max_cand_epochs=150
cascade_min_cand_epochs=50
cascade_num_candidate_groups=2
bit_fail_limit=1.00000000000000005551e-01
cascade_candidate_limit=1.00000000000000000000e+03
cascade_weight_multiplier=4.00000000000000022204e-01
cascade_activation_functions_count=10
cascade_activation_functions=3 5 7 8 10 11 14 15 16 17 
cascade_activation_steepnesses_count=4
cascade_activation_steepnesses=2.50000000000000000000e-01 5.00000000000000000000e-01 7.50000000000000000000e-01 1.00000000000000000000e+00 
layer_sizes=11 4 2 
scale_included=0
neurons (num_inputs, activation_function, activation_steepness)=(0, 0, 0.00000000000000000000e+00) (0, 0, 0.00000000000000000000e+00) (0, 0, 0.00000000000000000000e+00) (0, 0, 0.00000000000000000000e+00) (0, 0, 0.00000000000000000000e+00) (0, 0, 0.00000000000000000000e+00) (0, 0, 0.00000000000000000000e+00) (0, 0, 0.00000000000000000000e+00) (0, 0, 0.00000000000000000000e+00) (0, 0, 0.00000000000000000000e+00) (0, 0, 0.00000000000000000000e+00) (11, 6, 5.00000000000000000000e-01) (11, 6, 5.00000000000000000000e-01) (11, 6, 5.00000000000000000000e-01) (0, 6, 0.00000000000000000000e+00) (4, 4, 5.00000000000000000000e-01) (0, 4, 0.00000000000000000000e+00) 
connections (connected_to_neuron, weight)=(0, -2.41842497172258008575e+00) (1, 1.81279901603649173936e+00) (2, 1.37711880324983182433e+00) (3, 2.14576467734274878296e+00) (4, -1.08420703435025544970e+00) (5, 1.87749964198580809871e+00) (6, -7.95156087064431749134e-01) (7, 3.25693206979833638215e+00) (8, 2.71970803909346958704e+00) (9, 1.30695124013814756303e+00) (10, -1.64528324402579828600e+00) (0, -2.47437597098252881622e+00) (1, 1.87434773335645710191e+00) (2, 1.42541324316167417052e+00) (3, 2.20782012355027168482e+00) (4, -1.07872206592641206591e+00) (5, 1.88180587640515395442e+00) (6, -7.83610987746404252796e-01) (7, 3.22210944562159573579e+00) (8, 2.61798722915694614954e+00) (9, 1.37334582997951337724e+00) (10, -1.68328927777418657641e+00) (0, 3.02328386333209886416e+00) (1, -2.60873323771599796572e+00) (2, -2.41680438665088548333e+00) (3, -3.10428108178555106633e+00) (4, 1.62729200540990803781e+00) (5, -2.43308432270504493289e+00) (6, -7.57280284779397128148e-01) (7, -2.04748564194460724863e+00) (8, -7.30569437558092227292e-01) (9, -2.33725426955660742223e+00) (10, 3.00669010904056444033e+00) (11, 4.20512738598582735960e+00) (12, 4.19045023394820681517e+00) (13, -2.64044781250064843903e+01) (14, -9.59818610949204287230e-01) 
