FANN_FLO_2.1
num_layers=3
learning_rate=0.700000
connection_rate=1.000000
network_type=0
learning_momentum=0.000000
training_algorithm=2
train_error_function=1
train_stop_function=1
cascade_output_change_fraction=0.010000
quickprop_decay=-0.000100
quickprop_mu=1.750000
rprop_increase_factor=1.200000
rprop_decrease_factor=0.500000
rprop_delta_min=0.000000
rprop_delta_max=50.000000
rprop_delta_zero=0.100000
cascade_output_stagnation_epochs=12
cascade_candidate_change_fraction=0.010000
cascade_candidate_stagnation_epochs=12
cascade_max_out_epochs=150
cascade_min_out_epochs=50
cascade_max_cand_epochs=150
cascade_min_cand_epochs=50
cascade_num_candidate_groups=2
bit_fail_limit=1.00000000000000005551e-01
cascade_candidate_limit=1.00000000000000000000e+03
cascade_weight_multiplier=4.00000000000000022204e-01
cascade_activation_functions_count=10
cascade_activation_functions=3 5 7 8 10 11 14 15 16 17 
cascade_activation_steepnesses_count=4
cascade_activation_steepnesses=2.50000000000000000000e-01 5.00000000000000000000e-01 7.50000000000000000000e-01 1.00000000000000000000e+00 
layer_sizes=9 4 2 
scale_included=0
neurons (num_inputs, activation_function, activation_steepness)=(0, 0, 0.00000000000000000000e+00) (0, 0, 0.00000000000000000000e+00) (0, 0, 0.00000000000000000000e+00) (0, 0, 0.00000000000000000000e+00) (0, 0, 0.00000000000000000000e+00) (0, 0, 0.00000000000000000000e+00) (0, 0, 0.00000000000000000000e+00) (0, 0, 0.00000000000000000000e+00) (0, 0, 0.00000000000000000000e+00) (9, 6, 5.00000000000000000000e-01) (9, 6, 5.00000000000000000000e-01) (9, 6, 5.00000000000000000000e-01) (0, 6, 0.00000000000000000000e+00) (4, 4, 5.00000000000000000000e-01) (0, 4, 0.00000000000000000000e+00) 
connections (connected_to_neuron, weight)=(0, -1.53832673640682138921e-02) (1, -1.18880765637750784869e+00) (2, 8.36165409407067450331e+00) (3, 2.54921015355550295567e+00) (4, 5.78292474503477108017e-02) (5, 2.95556896819203496207e-01) (6, 2.67726581005301333960e+00) (7, 6.02940972641651598551e-02) (8, -2.08766023480015983083e+00) (0, -5.93290301333301073328e-01) (1, 2.18640083563949794154e+00) (2, 2.14095978981511247952e+00) (3, 5.21040130302941673079e+00) (4, 3.29807862416402086669e-01) (5, 2.97846834362467782764e-01) (6, 2.61833617286372044575e+00) (7, 2.33226916934047012742e-01) (8, -2.36742833615953696125e+00) (0, 2.48460560068696656444e+00) (1, -2.92012206860866241342e+00) (2, -5.07847777522033982933e+00) (3, -7.36866551601337604893e+00) (4, 1.50577187825962433010e+00) (5, 2.56906253972144948960e-01) (6, -4.40570381967569080217e+00) (7, -6.16068144821856744642e+00) (8, 4.34055633335737667267e+00) (9, 2.90679168181719038699e+00) (10, 4.67792188346720472225e+00) (11, -1.33503873405763595628e+01) (12, -1.54068103467717576471e+00) 
