FANN_FLO_2.1
num_layers=3
learning_rate=0.700000
connection_rate=1.000000
network_type=0
learning_momentum=0.000000
training_algorithm=2
train_error_function=1
train_stop_function=1
cascade_output_change_fraction=0.010000
quickprop_decay=-0.000100
quickprop_mu=1.750000
rprop_increase_factor=1.200000
rprop_decrease_factor=0.500000
rprop_delta_min=0.000000
rprop_delta_max=50.000000
rprop_delta_zero=0.100000
cascade_output_stagnation_epochs=12
cascade_candidate_change_fraction=0.010000
cascade_candidate_stagnation_epochs=12
cascade_max_out_epochs=150
cascade_min_out_epochs=50
cascade_max_cand_epochs=150
cascade_min_cand_epochs=50
cascade_num_candidate_groups=2
bit_fail_limit=1.00000000000000005551e-01
cascade_candidate_limit=1.00000000000000000000e+03
cascade_weight_multiplier=4.00000000000000022204e-01
cascade_activation_functions_count=10
cascade_activation_functions=3 5 7 8 10 11 14 15 16 17 
cascade_activation_steepnesses_count=4
cascade_activation_steepnesses=2.50000000000000000000e-01 5.00000000000000000000e-01 7.50000000000000000000e-01 1.00000000000000000000e+00 
layer_sizes=10 4 2 
scale_included=0
neurons (num_inputs, activation_function, activation_steepness)=(0, 0, 0.00000000000000000000e+00) (0, 0, 0.00000000000000000000e+00) (0, 0, 0.00000000000000000000e+00) (0, 0, 0.00000000000000000000e+00) (0, 0, 0.00000000000000000000e+00) (0, 0, 0.00000000000000000000e+00) (0, 0, 0.00000000000000000000e+00) (0, 0, 0.00000000000000000000e+00) (0, 0, 0.00000000000000000000e+00) (0, 0, 0.00000000000000000000e+00) (10, 6, 5.00000000000000000000e-01) (10, 6, 5.00000000000000000000e-01) (10, 6, 5.00000000000000000000e-01) (0, 6, 0.00000000000000000000e+00) (4, 4, 5.00000000000000000000e-01) (0, 4, 0.00000000000000000000e+00) 
connections (connected_to_neuron, weight)=(0, -3.87413602572414594860e+00) (1, 3.45500659798388776167e+00) (2, 2.67331397792549196879e+00) (3, 3.59986348394324240374e+00) (4, 4.08546183395592166221e+00) (5, 3.62989860557307286726e+00) (6, -1.00343506808884397330e+00) (7, -9.87193358408179344465e-01) (8, -6.11795865961372964392e+00) (9, -4.07443267754414328863e+00) (0, 4.40731212209254774592e+00) (1, -4.35589406741760054587e+00) (2, -5.24035334408866226852e+00) (3, -3.53928846498978488810e+00) (4, -4.98035510419315841091e+00) (5, -4.56609573405192570306e+00) (6, -1.65359439020647869256e+00) (7, 1.35407961749056160450e+00) (8, 5.09821144544395199460e+00) (9, 6.13408280102712311077e+00) (0, 2.19861305196245443438e-02) (1, 6.81702835326641443103e-01) (2, 2.10240350063008757386e-01) (3, 1.07238362690051336479e+00) (4, 1.04250932954835739963e+00) (5, 1.04086563183733749050e+00) (6, 1.08042045596890443071e-01) (7, 7.19594997281448878201e-02) (8, -5.35073589269579930061e-01) (9, -2.73561094666711301926e-01) (10, 6.48548503839784107328e+00) (11, -2.73602808537838981806e+00) (12, 8.03787027914965923614e-01) (13, -1.12081757878690524421e+00) 
