FANN_FLO_2.1
num_layers=3
learning_rate=0.700000
connection_rate=1.000000
network_type=0
learning_momentum=0.000000
training_algorithm=2
train_error_function=1
train_stop_function=1
cascade_output_change_fraction=0.010000
quickprop_decay=-0.000100
quickprop_mu=1.750000
rprop_increase_factor=1.200000
rprop_decrease_factor=0.500000
rprop_delta_min=0.000000
rprop_delta_max=50.000000
rprop_delta_zero=0.100000
cascade_output_stagnation_epochs=12
cascade_candidate_change_fraction=0.010000
cascade_candidate_stagnation_epochs=12
cascade_max_out_epochs=150
cascade_min_out_epochs=50
cascade_max_cand_epochs=150
cascade_min_cand_epochs=50
cascade_num_candidate_groups=2
bit_fail_limit=1.00000000000000005551e-01
cascade_candidate_limit=1.00000000000000000000e+03
cascade_weight_multiplier=4.00000000000000022204e-01
cascade_activation_functions_count=10
cascade_activation_functions=3 5 7 8 10 11 14 15 16 17 
cascade_activation_steepnesses_count=4
cascade_activation_steepnesses=2.50000000000000000000e-01 5.00000000000000000000e-01 7.50000000000000000000e-01 1.00000000000000000000e+00 
layer_sizes=14 4 2 
scale_included=0
neurons (num_inputs, activation_function, activation_steepness)=(0, 0, 0.00000000000000000000e+00) (0, 0, 0.00000000000000000000e+00) (0, 0, 0.00000000000000000000e+00) (0, 0, 0.00000000000000000000e+00) (0, 0, 0.00000000000000000000e+00) (0, 0, 0.00000000000000000000e+00) (0, 0, 0.00000000000000000000e+00) (0, 0, 0.00000000000000000000e+00) (0, 0, 0.00000000000000000000e+00) (0, 0, 0.00000000000000000000e+00) (0, 0, 0.00000000000000000000e+00) (0, 0, 0.00000000000000000000e+00) (0, 0, 0.00000000000000000000e+00) (0, 0, 0.00000000000000000000e+00) (14, 6, 5.00000000000000000000e-01) (14, 6, 5.00000000000000000000e-01) (14, 6, 5.00000000000000000000e-01) (0, 6, 0.00000000000000000000e+00) (4, 4, 5.00000000000000000000e-01) (0, 4, 0.00000000000000000000e+00) 
connections (connected_to_neuron, weight)=(0, 5.08928745940278659532e+00) (1, -2.42845781126355708679e+00) (2, -1.60433129444464972480e+00) (3, 6.05709382677217300639e-01) (4, -3.04521710365559616918e+00) (5, -1.84120435360503154065e+00) (6, -9.90770198072516650178e-01) (7, -1.48074228125099427444e+00) (8, -2.52441123922778620781e+00) (9, -2.59855971599009594186e+00) (10, -7.48945197853339239558e-01) (11, -2.66526325150916321149e+00) (12, 6.19908038778110292988e-01) (13, 3.31905713868169405245e+00) (0, -7.08396957720147923965e+00) (1, 2.51747558045806663074e+00) (2, 2.85311214672016921767e+00) (3, 1.11930619371379087568e+01) (4, 2.42779814230890034210e+00) (5, 2.60049190382197314975e+00) (6, 1.76647942438043359381e+00) (7, 2.58939564801766408664e+00) (8, 2.83776962035852475807e+00) (9, 2.24553761223844228212e+00) (10, -4.39132027156598880868e-01) (11, 1.81784487509430836560e+00) (12, 5.47903740228874092111e+00) (13, -3.54844264619621618806e+00) (0, 3.02266056124878756961e+00) (1, -4.60721719413964281298e-01) (2, -1.21486347081060808151e+00) (3, 8.16961776200881506504e-01) (4, -6.85581767877587733295e-01) (5, -5.45861934502197221342e-01) (6, -1.04797769995327416659e+00) (7, -8.83776973621718697771e-01) (8, 2.03077355679826598855e-01) (9, -1.28790691066301987711e+00) (10, 8.23843419219964928635e-02) (11, -7.06324495678261832232e-01) (12, -3.85469264187500826324e-01) (13, 4.60349389601448277798e-01) (14, -1.50252672597383032382e+01) (15, 4.74017531435571370935e+00) (16, -1.37528450471439045444e+00) (17, -1.47771231220813037410e+00) 
