FANN_FLO_2.1
num_layers=3
learning_rate=0.700000
connection_rate=1.000000
network_type=0
learning_momentum=0.000000
training_algorithm=2
train_error_function=1
train_stop_function=1
cascade_output_change_fraction=0.010000
quickprop_decay=-0.000100
quickprop_mu=1.750000
rprop_increase_factor=1.200000
rprop_decrease_factor=0.500000
rprop_delta_min=0.000000
rprop_delta_max=50.000000
rprop_delta_zero=0.100000
cascade_output_stagnation_epochs=12
cascade_candidate_change_fraction=0.010000
cascade_candidate_stagnation_epochs=12
cascade_max_out_epochs=150
cascade_min_out_epochs=50
cascade_max_cand_epochs=150
cascade_min_cand_epochs=50
cascade_num_candidate_groups=2
bit_fail_limit=1.00000000000000005551e-01
cascade_candidate_limit=1.00000000000000000000e+03
cascade_weight_multiplier=4.00000000000000022204e-01
cascade_activation_functions_count=10
cascade_activation_functions=3 5 7 8 10 11 14 15 16 17 
cascade_activation_steepnesses_count=4
cascade_activation_steepnesses=2.50000000000000000000e-01 5.00000000000000000000e-01 7.50000000000000000000e-01 1.00000000000000000000e+00 
layer_sizes=7 4 2 
scale_included=0
neurons (num_inputs, activation_function, activation_steepness)=(0, 0, 0.00000000000000000000e+00) (0, 0, 0.00000000000000000000e+00) (0, 0, 0.00000000000000000000e+00) (0, 0, 0.00000000000000000000e+00) (0, 0, 0.00000000000000000000e+00) (0, 0, 0.00000000000000000000e+00) (0, 0, 0.00000000000000000000e+00) (7, 6, 5.00000000000000000000e-01) (7, 6, 5.00000000000000000000e-01) (7, 6, 5.00000000000000000000e-01) (0, 6, 0.00000000000000000000e+00) (4, 4, 5.00000000000000000000e-01) (0, 4, 0.00000000000000000000e+00) 
connections (connected_to_neuron, weight)=(0, 6.12727990400187827458e-02) (1, -2.21408729242436086437e+00) (2, -4.09622760265438845551e+00) (3, -4.00081717761402355649e+00) (4, 9.23913266123195686674e-01) (5, 1.97129989691359264192e+00) (6, 2.26683879950596756103e+00) (0, 6.77674105640896362601e-01) (1, 3.02066341668037763313e+00) (2, 3.05260432053233943250e+00) (3, 3.12628003182141300798e+00) (4, 2.41167804310186051353e+00) (5, 5.61446917011706458922e-01) (6, -2.59898708222272256663e+00) (0, 1.87537924566186453568e-01) (1, 3.16976038193106157692e+00) (2, 9.56688081011818014510e-01) (3, 8.98296847225060424158e-01) (4, 1.12296740672522799009e+00) (5, 1.59274883299477165721e+00) (6, -6.80187992494834858803e-01) (7, -3.07702745299960600533e+00) (8, 8.89693615679356142323e+00) (9, 2.41621898294347614566e+00) (10, -1.02595189414563048302e+00) 
