FANN_FLO_2.1
num_layers=3
learning_rate=0.700000
connection_rate=1.000000
network_type=0
learning_momentum=0.000000
training_algorithm=2
train_error_function=1
train_stop_function=1
cascade_output_change_fraction=0.010000
quickprop_decay=-0.000100
quickprop_mu=1.750000
rprop_increase_factor=1.200000
rprop_decrease_factor=0.500000
rprop_delta_min=0.000000
rprop_delta_max=50.000000
rprop_delta_zero=0.100000
cascade_output_stagnation_epochs=12
cascade_candidate_change_fraction=0.010000
cascade_candidate_stagnation_epochs=12
cascade_max_out_epochs=150
cascade_min_out_epochs=50
cascade_max_cand_epochs=150
cascade_min_cand_epochs=50
cascade_num_candidate_groups=2
bit_fail_limit=1.00000000000000005551e-01
cascade_candidate_limit=1.00000000000000000000e+03
cascade_weight_multiplier=4.00000000000000022204e-01
cascade_activation_functions_count=10
cascade_activation_functions=3 5 7 8 10 11 14 15 16 17 
cascade_activation_steepnesses_count=4
cascade_activation_steepnesses=2.50000000000000000000e-01 5.00000000000000000000e-01 7.50000000000000000000e-01 1.00000000000000000000e+00 
layer_sizes=10 4 2 
scale_included=0
neurons (num_inputs, activation_function, activation_steepness)=(0, 0, 0.00000000000000000000e+00) (0, 0, 0.00000000000000000000e+00) (0, 0, 0.00000000000000000000e+00) (0, 0, 0.00000000000000000000e+00) (0, 0, 0.00000000000000000000e+00) (0, 0, 0.00000000000000000000e+00) (0, 0, 0.00000000000000000000e+00) (0, 0, 0.00000000000000000000e+00) (0, 0, 0.00000000000000000000e+00) (0, 0, 0.00000000000000000000e+00) (10, 6, 5.00000000000000000000e-01) (10, 6, 5.00000000000000000000e-01) (10, 6, 5.00000000000000000000e-01) (0, 6, 0.00000000000000000000e+00) (4, 4, 5.00000000000000000000e-01) (0, 4, 0.00000000000000000000e+00) 
connections (connected_to_neuron, weight)=(0, -2.90928437674803852531e+00) (1, 8.43994629747395253005e-01) (2, 1.49191553982946576440e+01) (3, 1.83039092120827229238e+00) (4, 1.71892701682747350844e+00) (5, 1.23796692479947667564e+00) (6, 8.57223470256195829720e-01) (7, 1.11684710939593556667e+00) (8, 1.35901142047700940196e+00) (9, -4.88655047538732212331e+00) (0, -1.51108494065722176458e+00) (1, -3.22345620107383601383e-01) (2, 8.91617951504620087633e+00) (3, 1.92298365033205920227e+00) (4, 2.01422640330132418640e+00) (5, -6.51709672302826725776e-01) (6, 6.88231953181154265664e-01) (7, -1.78528084209708254315e-02) (8, -5.50582905868571281793e-01) (9, -1.94126586932555955656e+00) (0, -1.63403081005771277923e-01) (1, 4.81830771733056284489e+00) (2, -4.09523594406656066269e+00) (3, 1.15255132622275283105e-01) (4, 1.60959712055012582610e-01) (5, 5.91241286789033182458e+00) (6, 1.56450813366563551421e-01) (7, 4.40850520304744719624e+00) (8, 5.90566462991384177883e+00) (9, -1.03182187687459354930e-02) (10, 3.97261962568739601664e+00) (11, 1.52430710920778311745e+00) (12, 4.51885314852912500783e+00) (13, -4.26573583803344735799e+00) 
