FANN_FLO_2.1
num_layers=3
learning_rate=0.700000
connection_rate=1.000000
network_type=0
learning_momentum=0.000000
training_algorithm=2
train_error_function=1
train_stop_function=1
cascade_output_change_fraction=0.010000
quickprop_decay=-0.000100
quickprop_mu=1.750000
rprop_increase_factor=1.200000
rprop_decrease_factor=0.500000
rprop_delta_min=0.000000
rprop_delta_max=50.000000
rprop_delta_zero=0.100000
cascade_output_stagnation_epochs=12
cascade_candidate_change_fraction=0.010000
cascade_candidate_stagnation_epochs=12
cascade_max_out_epochs=150
cascade_min_out_epochs=50
cascade_max_cand_epochs=150
cascade_min_cand_epochs=50
cascade_num_candidate_groups=2
bit_fail_limit=1.00000000000000005551e-01
cascade_candidate_limit=1.00000000000000000000e+03
cascade_weight_multiplier=4.00000000000000022204e-01
cascade_activation_functions_count=10
cascade_activation_functions=3 5 7 8 10 11 14 15 16 17 
cascade_activation_steepnesses_count=4
cascade_activation_steepnesses=2.50000000000000000000e-01 5.00000000000000000000e-01 7.50000000000000000000e-01 1.00000000000000000000e+00 
layer_sizes=9 4 2 
scale_included=0
neurons (num_inputs, activation_function, activation_steepness)=(0, 0, 0.00000000000000000000e+00) (0, 0, 0.00000000000000000000e+00) (0, 0, 0.00000000000000000000e+00) (0, 0, 0.00000000000000000000e+00) (0, 0, 0.00000000000000000000e+00) (0, 0, 0.00000000000000000000e+00) (0, 0, 0.00000000000000000000e+00) (0, 0, 0.00000000000000000000e+00) (0, 0, 0.00000000000000000000e+00) (9, 6, 5.00000000000000000000e-01) (9, 6, 5.00000000000000000000e-01) (9, 6, 5.00000000000000000000e-01) (0, 6, 0.00000000000000000000e+00) (4, 4, 5.00000000000000000000e-01) (0, 4, 0.00000000000000000000e+00) 
connections (connected_to_neuron, weight)=(0, 9.42672367090355844965e-02) (1, 2.35566711430310993247e-01) (2, 3.27590391721394036395e-01) (3, 1.92303866915944643434e-01) (4, 1.77633624996767003346e+00) (5, 5.74531634466894258750e-01) (6, 6.88068253488412495678e-01) (7, -3.74064586381929131687e-01) (8, -6.02375689666716021553e-02) (0, -2.71569345388641192329e-01) (1, 2.32495254160157704959e+00) (2, 1.21524039876259792869e+00) (3, -1.83703674517404297317e-01) (4, 5.61531613624167813548e-01) (5, 2.60177557460699793168e+00) (6, 2.55377795084692582606e+00) (7, -2.55202427224684225138e+00) (8, -1.97302838265699032050e+00) (0, -1.21265259959284776858e-01) (1, 2.32006902874700093875e+00) (2, 1.21172384393013943260e+00) (3, -1.58707308165561555846e-01) (4, 4.55886132127118648416e-01) (5, 2.46626138977442499467e+00) (6, 2.47996434106804475306e+00) (7, -2.62027357236910329874e+00) (8, -1.96035693809193256598e+00) (9, 1.98401124130587258598e+00) (10, 2.37616592253478131624e+01) (11, 2.37750638256700597140e+01) (12, -2.38704722337486963113e+00) 
