FANN_FLO_2.1
num_layers=3
learning_rate=0.700000
connection_rate=1.000000
network_type=0
learning_momentum=0.000000
training_algorithm=2
train_error_function=1
train_stop_function=1
cascade_output_change_fraction=0.010000
quickprop_decay=-0.000100
quickprop_mu=1.750000
rprop_increase_factor=1.200000
rprop_decrease_factor=0.500000
rprop_delta_min=0.000000
rprop_delta_max=50.000000
rprop_delta_zero=0.100000
cascade_output_stagnation_epochs=12
cascade_candidate_change_fraction=0.010000
cascade_candidate_stagnation_epochs=12
cascade_max_out_epochs=150
cascade_min_out_epochs=50
cascade_max_cand_epochs=150
cascade_min_cand_epochs=50
cascade_num_candidate_groups=2
bit_fail_limit=1.00000000000000005551e-01
cascade_candidate_limit=1.00000000000000000000e+03
cascade_weight_multiplier=4.00000000000000022204e-01
cascade_activation_functions_count=10
cascade_activation_functions=3 5 7 8 10 11 14 15 16 17 
cascade_activation_steepnesses_count=4
cascade_activation_steepnesses=2.50000000000000000000e-01 5.00000000000000000000e-01 7.50000000000000000000e-01 1.00000000000000000000e+00 
layer_sizes=9 4 2 
scale_included=0
neurons (num_inputs, activation_function, activation_steepness)=(0, 0, 0.00000000000000000000e+00) (0, 0, 0.00000000000000000000e+00) (0, 0, 0.00000000000000000000e+00) (0, 0, 0.00000000000000000000e+00) (0, 0, 0.00000000000000000000e+00) (0, 0, 0.00000000000000000000e+00) (0, 0, 0.00000000000000000000e+00) (0, 0, 0.00000000000000000000e+00) (0, 0, 0.00000000000000000000e+00) (9, 6, 5.00000000000000000000e-01) (9, 6, 5.00000000000000000000e-01) (9, 6, 5.00000000000000000000e-01) (0, 6, 0.00000000000000000000e+00) (4, 4, 5.00000000000000000000e-01) (0, 4, 0.00000000000000000000e+00) 
connections (connected_to_neuron, weight)=(0, 9.66587084804855400932e+00) (1, -9.06988811068263878212e+00) (2, -3.94688845652124031815e+00) (3, 2.46765706217657543320e+00) (4, 5.00156648599505260222e+00) (5, -3.02597423607958582181e+00) (6, -2.38406281948531573178e+00) (7, -2.28394284680119241671e+00) (8, 6.35511825429127075182e+00) (0, 1.34360404212823203451e+00) (1, -1.18598389863106290498e+00) (2, -1.85098646097120078657e+00) (3, -2.01463155495412021834e-01) (4, -2.28594266139327012555e-01) (5, -8.70626358637677233432e-03) (6, -1.21474641478157896479e-01) (7, 8.80400239139715878878e-01) (8, 1.25507565487971595175e+00) (0, -6.18230232277965363608e+00) (1, 5.86008010575259152830e+00) (2, 4.25929173330847099521e+00) (3, 3.07724040434819290368e+00) (4, -2.22275762251495784261e-01) (5, -1.51337477016264321250e-01) (6, -2.33917968450130520086e-02) (7, 1.30238848523164252313e+00) (8, -5.86259793149825281233e+00) (9, -1.02779468601002177408e+00) (10, -2.87451235974980212617e+00) (11, 5.65712184219821878628e+00) (12, -1.14864417616415148693e+00) 
