FANN_FLO_2.1
num_layers=3
learning_rate=0.700000
connection_rate=1.000000
network_type=0
learning_momentum=0.000000
training_algorithm=2
train_error_function=1
train_stop_function=1
cascade_output_change_fraction=0.010000
quickprop_decay=-0.000100
quickprop_mu=1.750000
rprop_increase_factor=1.200000
rprop_decrease_factor=0.500000
rprop_delta_min=0.000000
rprop_delta_max=50.000000
rprop_delta_zero=0.100000
cascade_output_stagnation_epochs=12
cascade_candidate_change_fraction=0.010000
cascade_candidate_stagnation_epochs=12
cascade_max_out_epochs=150
cascade_min_out_epochs=50
cascade_max_cand_epochs=150
cascade_min_cand_epochs=50
cascade_num_candidate_groups=2
bit_fail_limit=1.00000000000000005551e-01
cascade_candidate_limit=1.00000000000000000000e+03
cascade_weight_multiplier=4.00000000000000022204e-01
cascade_activation_functions_count=10
cascade_activation_functions=3 5 7 8 10 11 14 15 16 17 
cascade_activation_steepnesses_count=4
cascade_activation_steepnesses=2.50000000000000000000e-01 5.00000000000000000000e-01 7.50000000000000000000e-01 1.00000000000000000000e+00 
layer_sizes=9 4 2 
scale_included=0
neurons (num_inputs, activation_function, activation_steepness)=(0, 0, 0.00000000000000000000e+00) (0, 0, 0.00000000000000000000e+00) (0, 0, 0.00000000000000000000e+00) (0, 0, 0.00000000000000000000e+00) (0, 0, 0.00000000000000000000e+00) (0, 0, 0.00000000000000000000e+00) (0, 0, 0.00000000000000000000e+00) (0, 0, 0.00000000000000000000e+00) (0, 0, 0.00000000000000000000e+00) (9, 6, 5.00000000000000000000e-01) (9, 6, 5.00000000000000000000e-01) (9, 6, 5.00000000000000000000e-01) (0, 6, 0.00000000000000000000e+00) (4, 4, 5.00000000000000000000e-01) (0, 4, 0.00000000000000000000e+00) 
connections (connected_to_neuron, weight)=(0, -9.71657674700608353646e+00) (1, 6.72354234490503177568e+00) (2, 5.76418179372136219030e+00) (3, 3.20130636195680051692e-01) (4, 3.31077163319131284602e-01) (5, -1.04030054394872628620e+00) (6, 3.06090908155089147513e+00) (7, -6.64858493907970693471e-01) (8, -5.94835218076610061644e+00) (0, 4.62621238684816526998e-01) (1, -6.71344501799748138993e-01) (2, -1.50702505389282981341e+00) (3, -5.63565501276769520445e-01) (4, 1.32736819709205167150e+00) (5, -2.95087229197004141668e-01) (6, -8.16644936119216513504e-01) (7, -2.40342473150907204316e-01) (8, 5.70340499045325910465e-01) (0, 3.19141043341079289064e-01) (1, -2.42340767780267862808e-01) (2, -6.92254362764969211064e-01) (3, -7.47953445088008345154e-02) (4, 1.64831706058970822726e-01) (5, -8.86724701929065606265e-01) (6, -3.71068794497286136291e-01) (7, -3.54105521479939899798e-02) (8, -4.29813134762128349481e-04) (9, 8.79338828937596517221e+00) (10, -1.55411358086724549210e+00) (11, -1.45804348527817539960e-01) (12, -1.25820374033435067318e+00) 
