FANN_FLO_2.1
num_layers=3
learning_rate=0.700000
connection_rate=1.000000
network_type=0
learning_momentum=0.000000
training_algorithm=2
train_error_function=1
train_stop_function=1
cascade_output_change_fraction=0.010000
quickprop_decay=-0.000100
quickprop_mu=1.750000
rprop_increase_factor=1.200000
rprop_decrease_factor=0.500000
rprop_delta_min=0.000000
rprop_delta_max=50.000000
rprop_delta_zero=0.100000
cascade_output_stagnation_epochs=12
cascade_candidate_change_fraction=0.010000
cascade_candidate_stagnation_epochs=12
cascade_max_out_epochs=150
cascade_min_out_epochs=50
cascade_max_cand_epochs=150
cascade_min_cand_epochs=50
cascade_num_candidate_groups=2
bit_fail_limit=1.00000000000000005551e-01
cascade_candidate_limit=1.00000000000000000000e+03
cascade_weight_multiplier=4.00000000000000022204e-01
cascade_activation_functions_count=10
cascade_activation_functions=3 5 7 8 10 11 14 15 16 17 
cascade_activation_steepnesses_count=4
cascade_activation_steepnesses=2.50000000000000000000e-01 5.00000000000000000000e-01 7.50000000000000000000e-01 1.00000000000000000000e+00 
layer_sizes=12 4 2 
scale_included=0
neurons (num_inputs, activation_function, activation_steepness)=(0, 0, 0.00000000000000000000e+00) (0, 0, 0.00000000000000000000e+00) (0, 0, 0.00000000000000000000e+00) (0, 0, 0.00000000000000000000e+00) (0, 0, 0.00000000000000000000e+00) (0, 0, 0.00000000000000000000e+00) (0, 0, 0.00000000000000000000e+00) (0, 0, 0.00000000000000000000e+00) (0, 0, 0.00000000000000000000e+00) (0, 0, 0.00000000000000000000e+00) (0, 0, 0.00000000000000000000e+00) (0, 0, 0.00000000000000000000e+00) (12, 6, 5.00000000000000000000e-01) (12, 6, 5.00000000000000000000e-01) (12, 6, 5.00000000000000000000e-01) (0, 6, 0.00000000000000000000e+00) (4, 4, 5.00000000000000000000e-01) (0, 4, 0.00000000000000000000e+00) 
connections (connected_to_neuron, weight)=(0, 2.21358172142363285317e+00) (1, 1.50000000000000000000e+03) (2, -3.46320072460588157526e+00) (3, 1.58914802166002822048e+00) (4, 1.50000000000000000000e+03) (5, -9.60487268450144782150e+00) (6, -7.91615830451004587331e-01) (7, -6.80319373755830891781e+00) (8, 3.65149523231230821452e+00) (9, -8.19551501322799857974e-01) (10, 4.53193264495665548708e+00) (11, -4.39106322740669408056e-01) (0, 9.25096879657616888437e+00) (1, 1.50000000000000000000e+03) (2, 1.51526740982654946066e+01) (3, 2.17436162737684268720e+00) (4, 1.50000000000000000000e+03) (5, 8.27349847256396344619e+01) (6, 2.04583120904912352245e+00) (7, 8.97278812965096790322e+01) (8, 1.23131259644615087545e+00) (9, 5.84237808049334716998e+00) (10, -4.87465030941592925018e+00) (11, -4.52237567231317783012e+00) (0, 3.21357594698343573825e+00) (1, 1.50000000000000000000e+03) (2, -2.19779534256240660639e+00) (3, 1.48650683930489702078e+00) (4, 1.50000000000000000000e+03) (5, -7.00593139707232914759e+00) (6, -1.73495891530243118162e+00) (7, -6.72266160934706302754e+00) (8, 1.17080474885913776717e+00) (9, -5.05767057700113031871e+00) (10, 1.79621128210327434260e+01) (11, -5.62561240452537858481e-01) (12, 5.01938886700989250755e+00) (13, 6.13558023809782593361e+00) (14, 2.31033042364829466209e+00) (15, -6.37011323676769425361e+00) 
