FANN_FLO_2.1
num_layers=3
learning_rate=0.700000
connection_rate=1.000000
network_type=0
learning_momentum=0.000000
training_algorithm=2
train_error_function=1
train_stop_function=1
cascade_output_change_fraction=0.010000
quickprop_decay=-0.000100
quickprop_mu=1.750000
rprop_increase_factor=1.200000
rprop_decrease_factor=0.500000
rprop_delta_min=0.000000
rprop_delta_max=50.000000
rprop_delta_zero=0.100000
cascade_output_stagnation_epochs=12
cascade_candidate_change_fraction=0.010000
cascade_candidate_stagnation_epochs=12
cascade_max_out_epochs=150
cascade_min_out_epochs=50
cascade_max_cand_epochs=150
cascade_min_cand_epochs=50
cascade_num_candidate_groups=2
bit_fail_limit=1.00000000000000005551e-01
cascade_candidate_limit=1.00000000000000000000e+03
cascade_weight_multiplier=4.00000000000000022204e-01
cascade_activation_functions_count=10
cascade_activation_functions=3 5 7 8 10 11 14 15 16 17 
cascade_activation_steepnesses_count=4
cascade_activation_steepnesses=2.50000000000000000000e-01 5.00000000000000000000e-01 7.50000000000000000000e-01 1.00000000000000000000e+00 
layer_sizes=8 4 2 
scale_included=0
neurons (num_inputs, activation_function, activation_steepness)=(0, 0, 0.00000000000000000000e+00) (0, 0, 0.00000000000000000000e+00) (0, 0, 0.00000000000000000000e+00) (0, 0, 0.00000000000000000000e+00) (0, 0, 0.00000000000000000000e+00) (0, 0, 0.00000000000000000000e+00) (0, 0, 0.00000000000000000000e+00) (0, 0, 0.00000000000000000000e+00) (8, 6, 5.00000000000000000000e-01) (8, 6, 5.00000000000000000000e-01) (8, 6, 5.00000000000000000000e-01) (0, 6, 0.00000000000000000000e+00) (4, 4, 5.00000000000000000000e-01) (0, 4, 0.00000000000000000000e+00) 
connections (connected_to_neuron, weight)=(0, -3.66539901635279274927e-01) (1, 2.29678321057434553509e+00) (2, 4.24669517457218981260e-01) (3, -3.87368943097914225637e-02) (4, 6.78489361402665747125e-02) (5, -6.42614024904615988715e-03) (6, -4.80445730986917979299e-02) (7, -3.40560534169757289646e-01) (0, -8.30464424148055491148e-02) (1, 1.06457938094683357555e+00) (2, 5.16556094276639843343e-01) (3, 1.83312178503911349381e-01) (4, 1.08607658099572512711e-01) (5, 5.94993391150639913678e-02) (6, 1.89545200120847079361e-01) (7, 5.96067322835472299114e-02) (0, 1.07599405640661682781e+00) (1, -2.19132112102758114247e+00) (2, 1.97638458317186099800e-01) (3, 1.05864575946629013714e+00) (4, 6.06204495104227358837e-01) (5, 5.85538439722929293652e-01) (6, 4.68730271132860365491e-01) (7, 1.13767909699976410565e+00) (8, 3.62878651503148530466e+00) (9, 3.82570519890585214462e-01) (10, -2.02380107674042157839e+01) (11, -9.94952494335878068199e-01) 
