FANN_FLO_2.1
num_layers=3
learning_rate=0.700000
connection_rate=1.000000
network_type=0
learning_momentum=0.000000
training_algorithm=2
train_error_function=1
train_stop_function=1
cascade_output_change_fraction=0.010000
quickprop_decay=-0.000100
quickprop_mu=1.750000
rprop_increase_factor=1.200000
rprop_decrease_factor=0.500000
rprop_delta_min=0.000000
rprop_delta_max=50.000000
rprop_delta_zero=0.100000
cascade_output_stagnation_epochs=12
cascade_candidate_change_fraction=0.010000
cascade_candidate_stagnation_epochs=12
cascade_max_out_epochs=150
cascade_min_out_epochs=50
cascade_max_cand_epochs=150
cascade_min_cand_epochs=50
cascade_num_candidate_groups=2
bit_fail_limit=1.00000000000000005551e-01
cascade_candidate_limit=1.00000000000000000000e+03
cascade_weight_multiplier=4.00000000000000022204e-01
cascade_activation_functions_count=10
cascade_activation_functions=3 5 7 8 10 11 14 15 16 17 
cascade_activation_steepnesses_count=4
cascade_activation_steepnesses=2.50000000000000000000e-01 5.00000000000000000000e-01 7.50000000000000000000e-01 1.00000000000000000000e+00 
layer_sizes=9 4 2 
scale_included=0
neurons (num_inputs, activation_function, activation_steepness)=(0, 0, 0.00000000000000000000e+00) (0, 0, 0.00000000000000000000e+00) (0, 0, 0.00000000000000000000e+00) (0, 0, 0.00000000000000000000e+00) (0, 0, 0.00000000000000000000e+00) (0, 0, 0.00000000000000000000e+00) (0, 0, 0.00000000000000000000e+00) (0, 0, 0.00000000000000000000e+00) (0, 0, 0.00000000000000000000e+00) (9, 6, 5.00000000000000000000e-01) (9, 6, 5.00000000000000000000e-01) (9, 6, 5.00000000000000000000e-01) (0, 6, 0.00000000000000000000e+00) (4, 4, 5.00000000000000000000e-01) (0, 4, 0.00000000000000000000e+00) 
connections (connected_to_neuron, weight)=(0, -1.89765314745189783707e+00) (1, 2.08420960771324281779e+00) (2, 8.30137505008515796945e-03) (3, 1.13327898322941836295e-01) (4, -1.92446509736063120499e+00) (5, -2.24669802505901489154e-01) (6, -1.13088946361473263735e-01) (7, -2.98259075303009213442e-01) (8, -3.69416733789241613639e-01) (0, -4.71629412688934746001e+00) (1, 4.72863729514801445220e+00) (2, -7.37474294990441425757e-02) (3, -3.69458702237027036830e-01) (4, -1.01902473223042577821e+00) (5, -7.36269802232498937755e-01) (6, -7.17328124125714117199e-01) (7, -6.31769344588036352306e-01) (8, -6.96627818425411993175e-01) (0, -6.67718759006838524783e-01) (1, 7.65583890265803423958e-01) (2, 3.70882750895607071762e-01) (3, 1.93702856857317473604e-01) (4, -5.83036249703745568240e-01) (5, 1.11700056451817006375e-01) (6, 2.96149760070042282478e-02) (7, 2.85460646774336399001e-03) (8, -6.48679492739720336969e-02) (9, 1.89824694203617205801e+00) (10, 4.75461758144819679472e+00) (11, 1.86294928001644244375e+00) (12, -1.04194863390755743104e+00) 
