FANN_FLO_2.1
num_layers=3
learning_rate=0.700000
connection_rate=1.000000
network_type=0
learning_momentum=0.000000
training_algorithm=2
train_error_function=1
train_stop_function=1
cascade_output_change_fraction=0.010000
quickprop_decay=-0.000100
quickprop_mu=1.750000
rprop_increase_factor=1.200000
rprop_decrease_factor=0.500000
rprop_delta_min=0.000000
rprop_delta_max=50.000000
rprop_delta_zero=0.100000
cascade_output_stagnation_epochs=12
cascade_candidate_change_fraction=0.010000
cascade_candidate_stagnation_epochs=12
cascade_max_out_epochs=150
cascade_min_out_epochs=50
cascade_max_cand_epochs=150
cascade_min_cand_epochs=50
cascade_num_candidate_groups=2
bit_fail_limit=1.00000000000000005551e-01
cascade_candidate_limit=1.00000000000000000000e+03
cascade_weight_multiplier=4.00000000000000022204e-01
cascade_activation_functions_count=10
cascade_activation_functions=3 5 7 8 10 11 14 15 16 17 
cascade_activation_steepnesses_count=4
cascade_activation_steepnesses=2.50000000000000000000e-01 5.00000000000000000000e-01 7.50000000000000000000e-01 1.00000000000000000000e+00 
layer_sizes=12 4 2 
scale_included=0
neurons (num_inputs, activation_function, activation_steepness)=(0, 0, 0.00000000000000000000e+00) (0, 0, 0.00000000000000000000e+00) (0, 0, 0.00000000000000000000e+00) (0, 0, 0.00000000000000000000e+00) (0, 0, 0.00000000000000000000e+00) (0, 0, 0.00000000000000000000e+00) (0, 0, 0.00000000000000000000e+00) (0, 0, 0.00000000000000000000e+00) (0, 0, 0.00000000000000000000e+00) (0, 0, 0.00000000000000000000e+00) (0, 0, 0.00000000000000000000e+00) (0, 0, 0.00000000000000000000e+00) (12, 6, 5.00000000000000000000e-01) (12, 6, 5.00000000000000000000e-01) (12, 6, 5.00000000000000000000e-01) (0, 6, 0.00000000000000000000e+00) (4, 4, 5.00000000000000000000e-01) (0, 4, 0.00000000000000000000e+00) 
connections (connected_to_neuron, weight)=(0, -1.08909850115761125400e-01) (1, 3.86908091755262917300e-01) (2, 1.28679929467339282390e+00) (3, 1.89922792204796075932e-01) (4, -6.64721068761652128520e-02) (5, 2.52090527422571153426e-01) (6, 1.76926796002063380087e+00) (7, 7.34919287792980546747e-02) (8, 2.59979918384231567519e-01) (9, 3.28428557301017221004e-01) (10, -2.39011693183823273334e-03) (11, -8.68430632304996036330e-02) (0, -2.21562906623857491795e+00) (1, 2.27706621343903359289e+00) (2, 2.64097668195122325940e+00) (3, 1.58619135498659891148e+00) (4, -3.59441377617299684388e+00) (5, 1.47658174512543372003e+00) (6, 3.55889285163694379932e+00) (7, 5.77983724137518528607e-01) (8, 2.46553202866588794251e+00) (9, 9.74590471341791775295e-01) (10, -2.71083444400860518186e+00) (11, -2.19442454994695657078e+00) (0, 1.52163336275147442755e+00) (1, -2.24382019758497941453e+00) (2, -2.30839971075233352238e+00) (3, -1.48047330254967901553e+00) (4, 3.70138552284974808870e+00) (5, -1.85583059920244042296e+00) (6, -3.70792873830408309388e+00) (7, 2.89822539737680073824e-01) (8, -1.15567797833539231966e+00) (9, -6.29495928687034966842e-01) (10, 5.01290994564586878113e+00) (11, 2.41410244685202401982e+00) (12, 5.28478319209961133751e-01) (13, 5.60091699268942111445e+00) (14, -2.06176319275711819046e+01) (15, -1.52009276373621826650e+00) 
