FANN_FLO_2.1
num_layers=3
learning_rate=0.700000
connection_rate=1.000000
network_type=0
learning_momentum=0.000000
training_algorithm=2
train_error_function=1
train_stop_function=1
cascade_output_change_fraction=0.010000
quickprop_decay=-0.000100
quickprop_mu=1.750000
rprop_increase_factor=1.200000
rprop_decrease_factor=0.500000
rprop_delta_min=0.000000
rprop_delta_max=50.000000
rprop_delta_zero=0.100000
cascade_output_stagnation_epochs=12
cascade_candidate_change_fraction=0.010000
cascade_candidate_stagnation_epochs=12
cascade_max_out_epochs=150
cascade_min_out_epochs=50
cascade_max_cand_epochs=150
cascade_min_cand_epochs=50
cascade_num_candidate_groups=2
bit_fail_limit=1.00000000000000005551e-01
cascade_candidate_limit=1.00000000000000000000e+03
cascade_weight_multiplier=4.00000000000000022204e-01
cascade_activation_functions_count=10
cascade_activation_functions=3 5 7 8 10 11 14 15 16 17 
cascade_activation_steepnesses_count=4
cascade_activation_steepnesses=2.50000000000000000000e-01 5.00000000000000000000e-01 7.50000000000000000000e-01 1.00000000000000000000e+00 
layer_sizes=12 4 2 
scale_included=0
neurons (num_inputs, activation_function, activation_steepness)=(0, 0, 0.00000000000000000000e+00) (0, 0, 0.00000000000000000000e+00) (0, 0, 0.00000000000000000000e+00) (0, 0, 0.00000000000000000000e+00) (0, 0, 0.00000000000000000000e+00) (0, 0, 0.00000000000000000000e+00) (0, 0, 0.00000000000000000000e+00) (0, 0, 0.00000000000000000000e+00) (0, 0, 0.00000000000000000000e+00) (0, 0, 0.00000000000000000000e+00) (0, 0, 0.00000000000000000000e+00) (0, 0, 0.00000000000000000000e+00) (12, 6, 5.00000000000000000000e-01) (12, 6, 5.00000000000000000000e-01) (12, 6, 5.00000000000000000000e-01) (0, 6, 0.00000000000000000000e+00) (4, 4, 5.00000000000000000000e-01) (0, 4, 0.00000000000000000000e+00) 
connections (connected_to_neuron, weight)=(0, -8.11329438157317950342e-01) (1, 1.16257517032454349426e+00) (2, 1.11801042727037303059e+00) (3, -2.22389810009028288107e+00) (4, -8.84253078460003373584e-03) (5, 2.59455251667520703229e-01) (6, 1.30137218246433472579e+00) (7, 5.82001226217496281379e-01) (8, 9.89677582711539161053e-01) (9, -4.84584935359270441158e-02) (10, -1.89924321903790160881e+00) (11, -4.03645906803846432620e-01) (0, -7.74221501119372934596e-01) (1, 1.07574021063874103454e+00) (2, 1.28846023551030941512e+00) (3, -2.25967364607478948813e+00) (4, 4.26954821372101250843e-02) (5, 2.18341651532671154889e-01) (6, 1.27501155892584061569e+00) (7, 7.18203069836842900031e-01) (8, 8.17029749207173194847e-01) (9, -1.43930553679874645434e-01) (10, -1.96291588081921264397e+00) (11, -3.28098770437479203554e-01) (0, -1.70246250732377846226e+00) (1, 1.93225387868150622062e+00) (2, 2.98230763199436754718e+00) (3, -2.79249049916909797275e+00) (4, -7.93027276104041667359e-01) (5, 7.17319916113175803929e-01) (6, 2.81463321641848018828e+00) (7, 2.31631776025043173428e-01) (8, 4.76362626749879225496e-01) (9, -5.48399211658274321479e-01) (10, -5.00959326071590815843e+00) (11, -1.14234240645194096153e+00) (12, 3.55544695217272055388e+00) (13, 1.73452512223135846270e+00) (14, 1.55413846897876126718e+01) (15, -1.71913802149072059144e+00) 
