FANN_FLO_2.1
num_layers=3
learning_rate=0.700000
connection_rate=1.000000
network_type=0
learning_momentum=0.000000
training_algorithm=2
train_error_function=1
train_stop_function=1
cascade_output_change_fraction=0.010000
quickprop_decay=-0.000100
quickprop_mu=1.750000
rprop_increase_factor=1.200000
rprop_decrease_factor=0.500000
rprop_delta_min=0.000000
rprop_delta_max=50.000000
rprop_delta_zero=0.100000
cascade_output_stagnation_epochs=12
cascade_candidate_change_fraction=0.010000
cascade_candidate_stagnation_epochs=12
cascade_max_out_epochs=150
cascade_min_out_epochs=50
cascade_max_cand_epochs=150
cascade_min_cand_epochs=50
cascade_num_candidate_groups=2
bit_fail_limit=1.00000000000000005551e-01
cascade_candidate_limit=1.00000000000000000000e+03
cascade_weight_multiplier=4.00000000000000022204e-01
cascade_activation_functions_count=10
cascade_activation_functions=3 5 7 8 10 11 14 15 16 17 
cascade_activation_steepnesses_count=4
cascade_activation_steepnesses=2.50000000000000000000e-01 5.00000000000000000000e-01 7.50000000000000000000e-01 1.00000000000000000000e+00 
layer_sizes=6 4 2 
scale_included=0
neurons (num_inputs, activation_function, activation_steepness)=(0, 0, 0.00000000000000000000e+00) (0, 0, 0.00000000000000000000e+00) (0, 0, 0.00000000000000000000e+00) (0, 0, 0.00000000000000000000e+00) (0, 0, 0.00000000000000000000e+00) (0, 0, 0.00000000000000000000e+00) (6, 6, 5.00000000000000000000e-01) (6, 6, 5.00000000000000000000e-01) (6, 6, 5.00000000000000000000e-01) (0, 6, 0.00000000000000000000e+00) (4, 4, 5.00000000000000000000e-01) (0, 4, 0.00000000000000000000e+00) 
connections (connected_to_neuron, weight)=(0, -1.98039368366514478836e+00) (1, 1.44305651770779608256e+00) (2, 8.06031351991769673404e-01) (3, 2.37682956056092598018e+00) (4, 1.26651215847910325607e+00) (5, -2.00676274126087461624e+00) (0, 3.86549656647118222708e+00) (1, -2.66706392869315278560e+00) (2, -7.43683562855288360360e-01) (3, -2.14803267589291024819e+00) (4, -2.63949544569085814416e+00) (5, 3.20037114036166459030e+00) (0, -8.26495417324125791758e-01) (1, 1.40886855999980142862e+00) (2, 6.50888368820084162181e-01) (3, 1.00523442193976353387e+00) (4, 5.60099459832626878075e-01) (5, -8.75762176414226378718e-01) (6, 9.08637270731383317468e+00) (7, -8.68119601995585377097e+00) (8, 1.91251728718518188010e+00) (9, -2.26538041559797509450e+00) 
