FANN_FLO_2.1
num_layers=3
learning_rate=0.700000
connection_rate=1.000000
network_type=0
learning_momentum=0.000000
training_algorithm=2
train_error_function=1
train_stop_function=1
cascade_output_change_fraction=0.010000
quickprop_decay=-0.000100
quickprop_mu=1.750000
rprop_increase_factor=1.200000
rprop_decrease_factor=0.500000
rprop_delta_min=0.000000
rprop_delta_max=50.000000
rprop_delta_zero=0.100000
cascade_output_stagnation_epochs=12
cascade_candidate_change_fraction=0.010000
cascade_candidate_stagnation_epochs=12
cascade_max_out_epochs=150
cascade_min_out_epochs=50
cascade_max_cand_epochs=150
cascade_min_cand_epochs=50
cascade_num_candidate_groups=2
bit_fail_limit=1.00000000000000005551e-01
cascade_candidate_limit=1.00000000000000000000e+03
cascade_weight_multiplier=4.00000000000000022204e-01
cascade_activation_functions_count=10
cascade_activation_functions=3 5 7 8 10 11 14 15 16 17 
cascade_activation_steepnesses_count=4
cascade_activation_steepnesses=2.50000000000000000000e-01 5.00000000000000000000e-01 7.50000000000000000000e-01 1.00000000000000000000e+00 
layer_sizes=16 4 2 
scale_included=0
neurons (num_inputs, activation_function, activation_steepness)=(0, 0, 0.00000000000000000000e+00) (0, 0, 0.00000000000000000000e+00) (0, 0, 0.00000000000000000000e+00) (0, 0, 0.00000000000000000000e+00) (0, 0, 0.00000000000000000000e+00) (0, 0, 0.00000000000000000000e+00) (0, 0, 0.00000000000000000000e+00) (0, 0, 0.00000000000000000000e+00) (0, 0, 0.00000000000000000000e+00) (0, 0, 0.00000000000000000000e+00) (0, 0, 0.00000000000000000000e+00) (0, 0, 0.00000000000000000000e+00) (0, 0, 0.00000000000000000000e+00) (0, 0, 0.00000000000000000000e+00) (0, 0, 0.00000000000000000000e+00) (0, 0, 0.00000000000000000000e+00) (16, 6, 5.00000000000000000000e-01) (16, 6, 5.00000000000000000000e-01) (16, 6, 5.00000000000000000000e-01) (0, 6, 0.00000000000000000000e+00) (4, 4, 5.00000000000000000000e-01) (0, 4, 0.00000000000000000000e+00) 
connections (connected_to_neuron, weight)=(0, -3.12254782361533722579e+00) (1, 3.16029202641554818332e-01) (2, 3.65223886252810814312e+00) (3, 9.35776423777850863139e-01) (4, 2.07479240926863139904e+00) (5, 6.01857143693411589247e-01) (6, 5.40836962358150596941e+00) (7, 6.02299301828537192449e+00) (8, 3.57069679529836037091e+00) (9, 1.43086165225549066804e+00) (10, 6.12418345463623614577e-01) (11, 9.67185315973076664697e-01) (12, 5.38394756660852547014e+00) (13, 1.09273024871085255860e+00) (14, 5.47177762583885307635e+00) (15, -2.19713083886838772552e-01) (0, 8.52913877080693083599e+00) (1, -2.75813743507148778633e+00) (2, -8.91479026405503471864e-01) (3, -1.03580260561106340944e+00) (4, -7.72772933093533120896e-01) (5, 2.02164837283233062015e-01) (6, -1.42835601645104581792e+00) (7, -2.03189703706859781107e+00) (8, -3.80703210181682849544e-01) (9, -3.49159485942810321468e-01) (10, 3.34158330121560154247e-01) (11, -1.11174468235371270985e+00) (12, -1.59338142337832011641e+00) (13, -9.32420055431105065935e-01) (14, -1.63688142212662257613e+00) (15, 2.09222134017422467522e+00) (0, 4.56478525267058543591e+00) (1, -3.78039724390628695261e+00) (2, -6.05070014539632716755e-01) (3, 7.33799907655407146478e-01) (4, -5.89761127773199222979e-01) (5, 4.39976440064216656189e-01) (6, -7.89753886020672535295e-01) (7, -5.05772501743328106727e-01) (8, 6.77250643114003791911e-02) (9, 6.08900640383679137013e-04) (10, 3.46220365622563419628e-01) (11, -6.80473054679445077397e-01) (12, -8.31709155893814777727e-01) (13, -6.54173652561715890386e-01) (14, -8.13218543386948322649e-01) (15, 1.91176400684256297957e+00) (16, 3.51801960543670688697e-01) (17, -3.95894768242880257247e+00) (18, -5.55428444027767742597e+00) (19, -1.10829112950893260425e+00) 
