FANN_FLO_2.1
num_layers=3
learning_rate=0.700000
connection_rate=1.000000
network_type=0
learning_momentum=0.000000
training_algorithm=2
train_error_function=1
train_stop_function=1
cascade_output_change_fraction=0.010000
quickprop_decay=-0.000100
quickprop_mu=1.750000
rprop_increase_factor=1.200000
rprop_decrease_factor=0.500000
rprop_delta_min=0.000000
rprop_delta_max=50.000000
rprop_delta_zero=0.100000
cascade_output_stagnation_epochs=12
cascade_candidate_change_fraction=0.010000
cascade_candidate_stagnation_epochs=12
cascade_max_out_epochs=150
cascade_min_out_epochs=50
cascade_max_cand_epochs=150
cascade_min_cand_epochs=50
cascade_num_candidate_groups=2
bit_fail_limit=1.00000000000000005551e-01
cascade_candidate_limit=1.00000000000000000000e+03
cascade_weight_multiplier=4.00000000000000022204e-01
cascade_activation_functions_count=10
cascade_activation_functions=3 5 7 8 10 11 14 15 16 17 
cascade_activation_steepnesses_count=4
cascade_activation_steepnesses=2.50000000000000000000e-01 5.00000000000000000000e-01 7.50000000000000000000e-01 1.00000000000000000000e+00 
layer_sizes=16 4 2 
scale_included=0
neurons (num_inputs, activation_function, activation_steepness)=(0, 0, 0.00000000000000000000e+00) (0, 0, 0.00000000000000000000e+00) (0, 0, 0.00000000000000000000e+00) (0, 0, 0.00000000000000000000e+00) (0, 0, 0.00000000000000000000e+00) (0, 0, 0.00000000000000000000e+00) (0, 0, 0.00000000000000000000e+00) (0, 0, 0.00000000000000000000e+00) (0, 0, 0.00000000000000000000e+00) (0, 0, 0.00000000000000000000e+00) (0, 0, 0.00000000000000000000e+00) (0, 0, 0.00000000000000000000e+00) (0, 0, 0.00000000000000000000e+00) (0, 0, 0.00000000000000000000e+00) (0, 0, 0.00000000000000000000e+00) (0, 0, 0.00000000000000000000e+00) (16, 6, 5.00000000000000000000e-01) (16, 6, 5.00000000000000000000e-01) (16, 6, 5.00000000000000000000e-01) (0, 6, 0.00000000000000000000e+00) (4, 4, 5.00000000000000000000e-01) (0, 4, 0.00000000000000000000e+00) 
connections (connected_to_neuron, weight)=(0, 2.74242204351133844753e+00) (1, -2.17335252018280611352e+00) (2, -9.55807996643571522455e-01) (3, 5.32990545800465120863e-01) (4, -6.77182078541304965924e-01) (5, 7.12489435386248537441e-01) (6, -1.33392169844812658042e+00) (7, -8.22566258266630101481e-01) (8, -7.52374860003652501383e-01) (9, -5.22825127359090147117e-01) (10, 4.32778783263242816659e-01) (11, 2.06528322155378085689e-01) (12, -1.33925501402920987815e+00) (13, -1.32821313810056951255e+00) (14, -6.57179804656747190705e-01) (15, 2.10343984816680817929e+00) (0, -3.26612998518005737125e-01) (1, 4.44138860533330348535e-01) (2, 6.58946748565628070970e-01) (3, 9.51013656435831356006e-01) (4, 6.47461361472341456746e-01) (5, 4.87927253942587735303e-01) (6, 1.68820406859510319109e+00) (7, 4.11606509812878496035e-01) (8, 7.30421826444789479282e-01) (9, 3.50053846188591699651e-01) (10, 8.80055608330591487842e-01) (11, 8.33771674065216350513e-01) (12, 1.62640919899337665910e+00) (13, 1.71853067343824283952e+00) (14, 1.30541731852718645435e+00) (15, -5.67770891520601589386e-02) (0, -1.15047638384542150192e+00) (1, 7.96926603458222859722e-01) (2, 8.82282630138136902964e-01) (3, 1.97123867024815963012e-01) (4, 1.00800525938723306574e+00) (5, 9.72647090013085247051e-01) (6, 2.27350371372032578066e+00) (7, 2.81568931540775890809e+00) (8, 1.20171841121785805129e+00) (9, 3.56900887905168384684e-01) (10, 2.81118307759202434859e-01) (11, 1.78534593929685042601e-01) (12, 2.25862499367523605898e+00) (13, 2.19317191135216171816e+00) (14, 5.04432889629432779088e-01) (15, -8.98716123490503338012e-02) (16, -1.76363130913641015241e+01) (17, 5.26233229326831808415e-01) (18, 7.59228777792112841105e-01) (19, -1.37165207800693655926e+00) 
