FANN_FLO_2.1
num_layers=3
learning_rate=0.700000
connection_rate=1.000000
network_type=0
learning_momentum=0.000000
training_algorithm=2
train_error_function=1
train_stop_function=1
cascade_output_change_fraction=0.010000
quickprop_decay=-0.000100
quickprop_mu=1.750000
rprop_increase_factor=1.200000
rprop_decrease_factor=0.500000
rprop_delta_min=0.000000
rprop_delta_max=50.000000
rprop_delta_zero=0.100000
cascade_output_stagnation_epochs=12
cascade_candidate_change_fraction=0.010000
cascade_candidate_stagnation_epochs=12
cascade_max_out_epochs=150
cascade_min_out_epochs=50
cascade_max_cand_epochs=150
cascade_min_cand_epochs=50
cascade_num_candidate_groups=2
bit_fail_limit=1.00000000000000005551e-01
cascade_candidate_limit=1.00000000000000000000e+03
cascade_weight_multiplier=4.00000000000000022204e-01
cascade_activation_functions_count=10
cascade_activation_functions=3 5 7 8 10 11 14 15 16 17 
cascade_activation_steepnesses_count=4
cascade_activation_steepnesses=2.50000000000000000000e-01 5.00000000000000000000e-01 7.50000000000000000000e-01 1.00000000000000000000e+00 
layer_sizes=9 4 2 
scale_included=0
neurons (num_inputs, activation_function, activation_steepness)=(0, 0, 0.00000000000000000000e+00) (0, 0, 0.00000000000000000000e+00) (0, 0, 0.00000000000000000000e+00) (0, 0, 0.00000000000000000000e+00) (0, 0, 0.00000000000000000000e+00) (0, 0, 0.00000000000000000000e+00) (0, 0, 0.00000000000000000000e+00) (0, 0, 0.00000000000000000000e+00) (0, 0, 0.00000000000000000000e+00) (9, 6, 5.00000000000000000000e-01) (9, 6, 5.00000000000000000000e-01) (9, 6, 5.00000000000000000000e-01) (0, 6, 0.00000000000000000000e+00) (4, 4, 5.00000000000000000000e-01) (0, 4, 0.00000000000000000000e+00) 
connections (connected_to_neuron, weight)=(0, 2.24711210867861899132e+00) (1, -2.08385131524608402387e+00) (2, -2.05363842044524691488e+00) (3, -1.41170224301934443822e+00) (4, 1.02225075953722854827e+00) (5, -1.36112015716799183984e+00) (6, -1.68549594060357699199e+00) (7, 9.98660067512092908260e-01) (8, 2.38462401768664511437e+00) (0, 3.89363494102009710662e-01) (1, 6.58465033761914120269e-02) (2, -8.35811205484875685556e+00) (3, 8.38385001829282661134e-02) (4, 5.87717627818240342941e-02) (5, -1.02521758792113981684e+00) (6, -2.43605321040437444724e-01) (7, 1.44065882252648158612e-01) (8, 6.84936495454395499749e-01) (0, -2.34239054022517434461e+00) (1, 3.16849712005017281058e+00) (2, 2.08810161095818758170e+00) (3, 1.67685321707003498481e+00) (4, -6.33618249274235489921e-01) (5, 1.15131517782793024729e+00) (6, 5.43628360869872873096e-01) (7, -9.45346695907758771682e-01) (8, -3.32720503587670846102e+00) (9, -1.13565760253686076631e+00) (10, -2.77572179465162660605e+00) (11, 1.13865736708031413116e+01) (12, -2.14953522302536592647e+00) 
