FANN_FLO_2.1
num_layers=3
learning_rate=0.700000
connection_rate=1.000000
network_type=0
learning_momentum=0.000000
training_algorithm=2
train_error_function=1
train_stop_function=1
cascade_output_change_fraction=0.010000
quickprop_decay=-0.000100
quickprop_mu=1.750000
rprop_increase_factor=1.200000
rprop_decrease_factor=0.500000
rprop_delta_min=0.000000
rprop_delta_max=50.000000
rprop_delta_zero=0.100000
cascade_output_stagnation_epochs=12
cascade_candidate_change_fraction=0.010000
cascade_candidate_stagnation_epochs=12
cascade_max_out_epochs=150
cascade_min_out_epochs=50
cascade_max_cand_epochs=150
cascade_min_cand_epochs=50
cascade_num_candidate_groups=2
bit_fail_limit=1.00000000000000005551e-01
cascade_candidate_limit=1.00000000000000000000e+03
cascade_weight_multiplier=4.00000000000000022204e-01
cascade_activation_functions_count=10
cascade_activation_functions=3 5 7 8 10 11 14 15 16 17 
cascade_activation_steepnesses_count=4
cascade_activation_steepnesses=2.50000000000000000000e-01 5.00000000000000000000e-01 7.50000000000000000000e-01 1.00000000000000000000e+00 
layer_sizes=8 4 2 
scale_included=0
neurons (num_inputs, activation_function, activation_steepness)=(0, 0, 0.00000000000000000000e+00) (0, 0, 0.00000000000000000000e+00) (0, 0, 0.00000000000000000000e+00) (0, 0, 0.00000000000000000000e+00) (0, 0, 0.00000000000000000000e+00) (0, 0, 0.00000000000000000000e+00) (0, 0, 0.00000000000000000000e+00) (0, 0, 0.00000000000000000000e+00) (8, 6, 5.00000000000000000000e-01) (8, 6, 5.00000000000000000000e-01) (8, 6, 5.00000000000000000000e-01) (0, 6, 0.00000000000000000000e+00) (4, 4, 5.00000000000000000000e-01) (0, 4, 0.00000000000000000000e+00) 
connections (connected_to_neuron, weight)=(0, -2.79946450329643381494e+00) (1, -3.19321076274624449098e+00) (2, -3.17251680440110073178e+00) (3, -1.09134622558858140895e-01) (4, 1.33031859262072862293e+03) (5, 1.15051998585700971489e+03) (6, 1.15051998585700971489e+03) (7, 4.84002445471600672988e+00) (0, 2.90441230121522631080e+00) (1, 1.77204277687873124059e+00) (2, 1.46363661831634805921e+00) (3, 2.85431982762567271195e+00) (4, 1.69381340229570809264e+00) (5, 1.93388907071156590511e+00) (6, 2.94438790175614073519e+00) (7, -3.63694093464888101863e+00) (0, -1.66494685232124695062e+00) (1, -5.41247072857016320313e+00) (2, -3.30825143545454780636e+00) (3, 9.15919902109416650404e-01) (4, 1.33031859262072862293e+03) (5, 1.15051998585700971489e+03) (6, 1.15051998585700971489e+03) (7, 5.33012848204482203585e+00) (8, -4.89080980403378173804e+00) (9, 1.70918699012542312232e+01) (10, -4.14377558524136802021e+00) (11, -1.17546904082865588670e+00) 
