FANN_FLO_2.1
num_layers=3
learning_rate=0.700000
connection_rate=1.000000
network_type=0
learning_momentum=0.000000
training_algorithm=2
train_error_function=1
train_stop_function=1
cascade_output_change_fraction=0.010000
quickprop_decay=-0.000100
quickprop_mu=1.750000
rprop_increase_factor=1.200000
rprop_decrease_factor=0.500000
rprop_delta_min=0.000000
rprop_delta_max=50.000000
rprop_delta_zero=0.100000
cascade_output_stagnation_epochs=12
cascade_candidate_change_fraction=0.010000
cascade_candidate_stagnation_epochs=12
cascade_max_out_epochs=150
cascade_min_out_epochs=50
cascade_max_cand_epochs=150
cascade_min_cand_epochs=50
cascade_num_candidate_groups=2
bit_fail_limit=1.00000000000000005551e-01
cascade_candidate_limit=1.00000000000000000000e+03
cascade_weight_multiplier=4.00000000000000022204e-01
cascade_activation_functions_count=10
cascade_activation_functions=3 5 7 8 10 11 14 15 16 17 
cascade_activation_steepnesses_count=4
cascade_activation_steepnesses=2.50000000000000000000e-01 5.00000000000000000000e-01 7.50000000000000000000e-01 1.00000000000000000000e+00 
layer_sizes=12 4 2 
scale_included=0
neurons (num_inputs, activation_function, activation_steepness)=(0, 0, 0.00000000000000000000e+00) (0, 0, 0.00000000000000000000e+00) (0, 0, 0.00000000000000000000e+00) (0, 0, 0.00000000000000000000e+00) (0, 0, 0.00000000000000000000e+00) (0, 0, 0.00000000000000000000e+00) (0, 0, 0.00000000000000000000e+00) (0, 0, 0.00000000000000000000e+00) (0, 0, 0.00000000000000000000e+00) (0, 0, 0.00000000000000000000e+00) (0, 0, 0.00000000000000000000e+00) (0, 0, 0.00000000000000000000e+00) (12, 6, 5.00000000000000000000e-01) (12, 6, 5.00000000000000000000e-01) (12, 6, 5.00000000000000000000e-01) (0, 6, 0.00000000000000000000e+00) (4, 4, 5.00000000000000000000e-01) (0, 4, 0.00000000000000000000e+00) 
connections (connected_to_neuron, weight)=(0, 1.60241591722537335407e+00) (1, -2.35956473415021594775e+00) (2, -8.85979450570764326400e-01) (3, -2.13299218574181370656e+00) (4, -8.86195026665652307862e-01) (5, -6.45461502548671739454e-01) (6, 2.49089867885761506727e+00) (7, -1.83092396797497070082e+00) (8, -1.52682402299671404755e+00) (9, 2.34713628037297700191e-01) (10, 1.42773757519936217442e+00) (11, 1.51632150379309305066e+00) (0, -1.57578327915917637547e+00) (1, 3.13581708196418862400e+00) (2, 1.02126998891058651253e+00) (3, 1.15836585931792312998e+00) (4, 5.40166363807892846438e-01) (5, 2.05193632132653469569e+00) (6, -1.36035183055314634615e+00) (7, 1.07515867290744737694e+00) (8, 2.02303735945724882939e+00) (9, -9.03971683631077937982e-01) (10, -1.84104900659776493654e+00) (11, -1.41396684340657396994e+00) (0, 1.72465292901564892780e+00) (1, -2.34762964909200366748e+00) (2, -7.97520323919477247543e-01) (3, -2.24572308370486073414e+00) (4, -1.72338896238195316002e+00) (5, -6.11902020004011171217e-01) (6, 2.54044087495260484388e+00) (7, -8.93640016220917043910e-01) (8, -1.54910998361139529145e+00) (9, 2.69234254105412906810e-01) (10, 1.51681356522059096470e+00) (11, 1.46735474583992608899e+00) (12, -2.50498465691751377449e+01) (13, 4.75582429872026679618e+00) (14, -2.50290868003910915718e+01) (15, -9.76268865937974239522e-01) 
