FANN_FLO_2.1
num_layers=3
learning_rate=0.700000
connection_rate=1.000000
network_type=0
learning_momentum=0.000000
training_algorithm=2
train_error_function=1
train_stop_function=1
cascade_output_change_fraction=0.010000
quickprop_decay=-0.000100
quickprop_mu=1.750000
rprop_increase_factor=1.200000
rprop_decrease_factor=0.500000
rprop_delta_min=0.000000
rprop_delta_max=50.000000
rprop_delta_zero=0.100000
cascade_output_stagnation_epochs=12
cascade_candidate_change_fraction=0.010000
cascade_candidate_stagnation_epochs=12
cascade_max_out_epochs=150
cascade_min_out_epochs=50
cascade_max_cand_epochs=150
cascade_min_cand_epochs=50
cascade_num_candidate_groups=2
bit_fail_limit=1.00000000000000005551e-01
cascade_candidate_limit=1.00000000000000000000e+03
cascade_weight_multiplier=4.00000000000000022204e-01
cascade_activation_functions_count=10
cascade_activation_functions=3 5 7 8 10 11 14 15 16 17 
cascade_activation_steepnesses_count=4
cascade_activation_steepnesses=2.50000000000000000000e-01 5.00000000000000000000e-01 7.50000000000000000000e-01 1.00000000000000000000e+00 
layer_sizes=13 4 2 
scale_included=0
neurons (num_inputs, activation_function, activation_steepness)=(0, 0, 0.00000000000000000000e+00) (0, 0, 0.00000000000000000000e+00) (0, 0, 0.00000000000000000000e+00) (0, 0, 0.00000000000000000000e+00) (0, 0, 0.00000000000000000000e+00) (0, 0, 0.00000000000000000000e+00) (0, 0, 0.00000000000000000000e+00) (0, 0, 0.00000000000000000000e+00) (0, 0, 0.00000000000000000000e+00) (0, 0, 0.00000000000000000000e+00) (0, 0, 0.00000000000000000000e+00) (0, 0, 0.00000000000000000000e+00) (0, 0, 0.00000000000000000000e+00) (13, 6, 5.00000000000000000000e-01) (13, 6, 5.00000000000000000000e-01) (13, 6, 5.00000000000000000000e-01) (0, 6, 0.00000000000000000000e+00) (4, 4, 5.00000000000000000000e-01) (0, 4, 0.00000000000000000000e+00) 
connections (connected_to_neuron, weight)=(0, -1.91546820824738528444e+00) (1, 1.85015573212372008705e+00) (2, 2.52319620602673921894e+00) (3, 3.31786208273074312292e-01) (4, -5.46613358408983285308e-01) (5, -2.10753571992069410612e+00) (6, -8.99089393259906666245e-01) (7, 2.28772016495418534232e-01) (8, 2.66204162686754886025e+00) (9, -5.85786214250505810064e-01) (10, -5.45211335796297325018e-01) (11, -6.13914257067621593755e-01) (12, -1.81819235509034182741e+00) (0, -5.84111460589121667120e-01) (1, 1.54676194364821384397e+00) (2, 5.53726703730417657567e-01) (3, 1.03591569948446826643e+00) (4, 9.43817031189967514671e-01) (5, -5.51095548261856582606e-01) (6, 2.72268735120943794481e-01) (7, 1.01849233041720532711e+00) (8, 1.38599518799672272173e+00) (9, 6.68351913290777588372e-01) (10, 1.00378731035694035434e+00) (11, 9.39707720215167241484e-01) (12, -2.28629513789460947493e+00) (0, -1.86474543040390994264e+00) (1, 1.91139618167148772621e+00) (2, 2.62359350972718630146e+00) (3, 3.88759836972853767278e-01) (4, -5.16481422335680062652e-01) (5, -2.18872200695721597086e+00) (6, -8.62074744941615955796e-01) (7, 2.13234165936660752250e-01) (8, 2.54778913408209506386e+00) (9, -5.92215387302816753667e-01) (10, -4.88667386080196886056e-01) (11, -4.78829449470213441842e-01) (12, -1.87680650105472590639e+00) (13, 6.44089025237270984547e+00) (14, 1.08034958741058262355e+00) (15, 1.27773533110983255057e+01) (16, -2.19807029320253377591e+00) 
