FANN_FLO_2.1
num_layers=3
learning_rate=0.700000
connection_rate=1.000000
network_type=0
learning_momentum=0.000000
training_algorithm=2
train_error_function=1
train_stop_function=1
cascade_output_change_fraction=0.010000
quickprop_decay=-0.000100
quickprop_mu=1.750000
rprop_increase_factor=1.200000
rprop_decrease_factor=0.500000
rprop_delta_min=0.000000
rprop_delta_max=50.000000
rprop_delta_zero=0.100000
cascade_output_stagnation_epochs=12
cascade_candidate_change_fraction=0.010000
cascade_candidate_stagnation_epochs=12
cascade_max_out_epochs=150
cascade_min_out_epochs=50
cascade_max_cand_epochs=150
cascade_min_cand_epochs=50
cascade_num_candidate_groups=2
bit_fail_limit=1.00000000000000005551e-01
cascade_candidate_limit=1.00000000000000000000e+03
cascade_weight_multiplier=4.00000000000000022204e-01
cascade_activation_functions_count=10
cascade_activation_functions=3 5 7 8 10 11 14 15 16 17 
cascade_activation_steepnesses_count=4
cascade_activation_steepnesses=2.50000000000000000000e-01 5.00000000000000000000e-01 7.50000000000000000000e-01 1.00000000000000000000e+00 
layer_sizes=8 4 2 
scale_included=0
neurons (num_inputs, activation_function, activation_steepness)=(0, 0, 0.00000000000000000000e+00) (0, 0, 0.00000000000000000000e+00) (0, 0, 0.00000000000000000000e+00) (0, 0, 0.00000000000000000000e+00) (0, 0, 0.00000000000000000000e+00) (0, 0, 0.00000000000000000000e+00) (0, 0, 0.00000000000000000000e+00) (0, 0, 0.00000000000000000000e+00) (8, 6, 5.00000000000000000000e-01) (8, 6, 5.00000000000000000000e-01) (8, 6, 5.00000000000000000000e-01) (0, 6, 0.00000000000000000000e+00) (4, 4, 5.00000000000000000000e-01) (0, 4, 0.00000000000000000000e+00) 
connections (connected_to_neuron, weight)=(0, 2.55781660517927278420e-01) (1, -3.54685690219375682197e-01) (2, -4.41014869582751711796e-01) (3, -8.83090653564366223627e-02) (4, 8.52469420971216473859e-01) (5, 6.11056807310894345431e-02) (6, 7.26327666445041097987e-01) (7, 1.97738931405672557773e-01) (0, -3.61616484647323410684e+00) (1, 5.91299193794143196357e-01) (2, 9.23368796747782050183e-01) (3, 1.90097097933384340251e+00) (4, -2.11498604014321994748e-01) (5, 8.34444982976306315337e-01) (6, -1.22604839115751623746e-01) (7, -1.48901461773357790541e+00) (0, 2.06784009384875488990e+00) (1, -5.67866146681320760337e+00) (2, -5.67373698531984871352e+00) (3, -2.19951732001605426703e+00) (4, 4.99414784065119388146e+00) (5, -9.96527662602168073924e-01) (6, 3.35470021631485737501e+00) (7, 2.09860535044259810533e+00) (8, -2.00702123539347118686e-02) (9, 7.21187873809205814979e+00) (10, -1.64705706172459400705e+01) (11, -1.21774401901494511158e+00) 
