FANN_FLO_2.1
num_layers=3
learning_rate=0.700000
connection_rate=1.000000
network_type=0
learning_momentum=0.000000
training_algorithm=2
train_error_function=1
train_stop_function=1
cascade_output_change_fraction=0.010000
quickprop_decay=-0.000100
quickprop_mu=1.750000
rprop_increase_factor=1.200000
rprop_decrease_factor=0.500000
rprop_delta_min=0.000000
rprop_delta_max=50.000000
rprop_delta_zero=0.100000
cascade_output_stagnation_epochs=12
cascade_candidate_change_fraction=0.010000
cascade_candidate_stagnation_epochs=12
cascade_max_out_epochs=150
cascade_min_out_epochs=50
cascade_max_cand_epochs=150
cascade_min_cand_epochs=50
cascade_num_candidate_groups=2
bit_fail_limit=1.00000000000000005551e-01
cascade_candidate_limit=1.00000000000000000000e+03
cascade_weight_multiplier=4.00000000000000022204e-01
cascade_activation_functions_count=10
cascade_activation_functions=3 5 7 8 10 11 14 15 16 17 
cascade_activation_steepnesses_count=4
cascade_activation_steepnesses=2.50000000000000000000e-01 5.00000000000000000000e-01 7.50000000000000000000e-01 1.00000000000000000000e+00 
layer_sizes=12 4 2 
scale_included=0
neurons (num_inputs, activation_function, activation_steepness)=(0, 0, 0.00000000000000000000e+00) (0, 0, 0.00000000000000000000e+00) (0, 0, 0.00000000000000000000e+00) (0, 0, 0.00000000000000000000e+00) (0, 0, 0.00000000000000000000e+00) (0, 0, 0.00000000000000000000e+00) (0, 0, 0.00000000000000000000e+00) (0, 0, 0.00000000000000000000e+00) (0, 0, 0.00000000000000000000e+00) (0, 0, 0.00000000000000000000e+00) (0, 0, 0.00000000000000000000e+00) (0, 0, 0.00000000000000000000e+00) (12, 6, 5.00000000000000000000e-01) (12, 6, 5.00000000000000000000e-01) (12, 6, 5.00000000000000000000e-01) (0, 6, 0.00000000000000000000e+00) (4, 4, 5.00000000000000000000e-01) (0, 4, 0.00000000000000000000e+00) 
connections (connected_to_neuron, weight)=(0, 1.28375414801075908855e+01) (1, 1.50000000000000000000e+03) (2, -1.41297364099171218754e+01) (3, -1.64975272814904272423e+00) (4, 1.37925200385476265375e+00) (5, -1.26755558900531695166e+00) (6, -4.50678759164383802016e+00) (7, 1.10265660844526358630e+00) (8, 5.81851802004173523919e-01) (9, -4.05310110426261882566e+00) (10, 7.63761223445927117659e-01) (11, 1.39416381431502212074e+00) (0, -1.50719797607498513514e+01) (1, 1.50000000000000000000e+03) (2, -2.11194508400335889675e+00) (3, 2.00200599218825436854e-01) (4, -1.54262882040633519942e+00) (5, 3.27859472913521909909e-01) (6, 7.98924675206997836341e+00) (7, -3.58181361509540052701e-01) (8, 7.40227446278434886295e+00) (9, 7.58621395591979830186e+00) (10, 2.30743264700972311454e-01) (11, 1.29008297808709948562e+00) (0, -7.00723689649782421895e+00) (1, 1.50000000000000000000e+03) (2, -4.16756890242181765593e-01) (3, 2.79057172461510683004e-02) (4, -3.90748666358202226268e-02) (5, 2.98925961106766779896e-01) (6, 1.51358883991506099065e+00) (7, 6.23485340382903596712e-01) (8, -1.74447407458598990893e+00) (9, 1.78463133804266416149e+00) (10, 7.64327296370056363806e-01) (11, 1.11047992002484630092e+00) (12, -8.29862442393300092647e+00) (13, 1.40865690244543184662e+01) (14, 1.64394625539886760635e+01) (15, -8.55560772228323718203e-01) 
