FANN_FLO_2.1
num_layers=3
learning_rate=0.700000
connection_rate=1.000000
network_type=0
learning_momentum=0.000000
training_algorithm=2
train_error_function=1
train_stop_function=1
cascade_output_change_fraction=0.010000
quickprop_decay=-0.000100
quickprop_mu=1.750000
rprop_increase_factor=1.200000
rprop_decrease_factor=0.500000
rprop_delta_min=0.000000
rprop_delta_max=50.000000
rprop_delta_zero=0.100000
cascade_output_stagnation_epochs=12
cascade_candidate_change_fraction=0.010000
cascade_candidate_stagnation_epochs=12
cascade_max_out_epochs=150
cascade_min_out_epochs=50
cascade_max_cand_epochs=150
cascade_min_cand_epochs=50
cascade_num_candidate_groups=2
bit_fail_limit=1.00000000000000005551e-01
cascade_candidate_limit=1.00000000000000000000e+03
cascade_weight_multiplier=4.00000000000000022204e-01
cascade_activation_functions_count=10
cascade_activation_functions=3 5 7 8 10 11 14 15 16 17 
cascade_activation_steepnesses_count=4
cascade_activation_steepnesses=2.50000000000000000000e-01 5.00000000000000000000e-01 7.50000000000000000000e-01 1.00000000000000000000e+00 
layer_sizes=10 4 2 
scale_included=0
neurons (num_inputs, activation_function, activation_steepness)=(0, 0, 0.00000000000000000000e+00) (0, 0, 0.00000000000000000000e+00) (0, 0, 0.00000000000000000000e+00) (0, 0, 0.00000000000000000000e+00) (0, 0, 0.00000000000000000000e+00) (0, 0, 0.00000000000000000000e+00) (0, 0, 0.00000000000000000000e+00) (0, 0, 0.00000000000000000000e+00) (0, 0, 0.00000000000000000000e+00) (0, 0, 0.00000000000000000000e+00) (10, 6, 5.00000000000000000000e-01) (10, 6, 5.00000000000000000000e-01) (10, 6, 5.00000000000000000000e-01) (0, 6, 0.00000000000000000000e+00) (4, 4, 5.00000000000000000000e-01) (0, 4, 0.00000000000000000000e+00) 
connections (connected_to_neuron, weight)=(0, -9.91438254910775751405e-01) (1, 2.69722239153357357111e+00) (2, 2.66380170553576922643e+00) (3, -2.03001498858866147312e-01) (4, 4.61909559654342605217e-01) (5, -1.36439864287226164663e+00) (6, -2.39563885410567167789e-01) (7, -3.41135976840863497372e-01) (8, 2.70722868421940221495e+00) (9, -1.15360019003239555602e+00) (0, -1.58017777257427383120e-01) (1, 1.24310959255116593170e+00) (2, 1.32727959177144416714e+00) (3, 3.64434751909972043382e-01) (4, 8.37611195869398250657e-01) (5, -9.28883671538311417315e-01) (6, 1.77691669103932692320e-01) (7, 2.69085734751401184361e-01) (8, 1.20557197450888065049e+00) (9, -4.91134904271232575201e-01) (0, -1.03352501263029239453e+00) (1, 2.70953279586406559076e+00) (2, 2.60221621960055804479e+00) (3, -1.21413439195093703082e-01) (4, 3.80097312020408584221e-01) (5, -1.47279347429125273550e+00) (6, -2.54371206541796623934e-01) (7, -3.63985268403897554990e-01) (8, 2.82383163401750936217e+00) (9, -1.11730715279665915318e+00) (10, 8.78166184546753569862e+00) (11, 1.79159939140332635787e+00) (12, 5.26910264960035235049e+00) (13, -2.48648717028858401434e+00) 
