FANN_FLO_2.1
num_layers=3
learning_rate=0.700000
connection_rate=1.000000
network_type=0
learning_momentum=0.000000
training_algorithm=2
train_error_function=1
train_stop_function=1
cascade_output_change_fraction=0.010000
quickprop_decay=-0.000100
quickprop_mu=1.750000
rprop_increase_factor=1.200000
rprop_decrease_factor=0.500000
rprop_delta_min=0.000000
rprop_delta_max=50.000000
rprop_delta_zero=0.100000
cascade_output_stagnation_epochs=12
cascade_candidate_change_fraction=0.010000
cascade_candidate_stagnation_epochs=12
cascade_max_out_epochs=150
cascade_min_out_epochs=50
cascade_max_cand_epochs=150
cascade_min_cand_epochs=50
cascade_num_candidate_groups=2
bit_fail_limit=1.00000000000000005551e-01
cascade_candidate_limit=1.00000000000000000000e+03
cascade_weight_multiplier=4.00000000000000022204e-01
cascade_activation_functions_count=10
cascade_activation_functions=3 5 7 8 10 11 14 15 16 17 
cascade_activation_steepnesses_count=4
cascade_activation_steepnesses=2.50000000000000000000e-01 5.00000000000000000000e-01 7.50000000000000000000e-01 1.00000000000000000000e+00 
layer_sizes=9 4 2 
scale_included=0
neurons (num_inputs, activation_function, activation_steepness)=(0, 0, 0.00000000000000000000e+00) (0, 0, 0.00000000000000000000e+00) (0, 0, 0.00000000000000000000e+00) (0, 0, 0.00000000000000000000e+00) (0, 0, 0.00000000000000000000e+00) (0, 0, 0.00000000000000000000e+00) (0, 0, 0.00000000000000000000e+00) (0, 0, 0.00000000000000000000e+00) (0, 0, 0.00000000000000000000e+00) (9, 6, 5.00000000000000000000e-01) (9, 6, 5.00000000000000000000e-01) (9, 6, 5.00000000000000000000e-01) (0, 6, 0.00000000000000000000e+00) (4, 4, 5.00000000000000000000e-01) (0, 4, 0.00000000000000000000e+00) 
connections (connected_to_neuron, weight)=(0, -4.02296871892157614781e+00) (1, 4.93700349679884720189e+00) (2, 2.41702846080571598364e+00) (3, 7.13660576860178696990e-01) (4, -6.56721410422075990709e-01) (5, 1.09650504685299896024e-02) (6, -2.26343709308842233607e-01) (7, -1.14977639239781770364e+00) (8, -4.02894578329268515660e+00) (0, 1.27645622539328229550e+00) (1, 5.25127369601809598776e-02) (2, -8.52300864118778278566e+00) (3, -5.65523103921575343023e-01) (4, 4.00651868058389648564e-01) (5, -5.05219032994142613902e-01) (6, -2.65946347471657074113e-01) (7, 4.00302234906412257587e-02) (8, 1.53924614173210927426e+00) (0, -6.42494950846367007813e+00) (1, 1.30869509961198948744e-01) (2, 6.06282332319926808850e+00) (3, 6.49031151121025562389e+00) (4, 2.18890664280184971124e-01) (5, 2.18718292698891669801e+00) (6, 4.28117601485864196498e-01) (7, 3.13463529921128650213e-02) (8, -2.79693234635855159098e+00) (9, 5.53659430067816504817e+00) (10, -1.57020924210756174233e+00) (11, 2.11416684648856945117e+00) (12, -3.14955058392497155850e+00) 
