FANN_FLO_2.1
num_layers=3
learning_rate=0.700000
connection_rate=1.000000
network_type=0
learning_momentum=0.000000
training_algorithm=2
train_error_function=1
train_stop_function=1
cascade_output_change_fraction=0.010000
quickprop_decay=-0.000100
quickprop_mu=1.750000
rprop_increase_factor=1.200000
rprop_decrease_factor=0.500000
rprop_delta_min=0.000000
rprop_delta_max=50.000000
rprop_delta_zero=0.100000
cascade_output_stagnation_epochs=12
cascade_candidate_change_fraction=0.010000
cascade_candidate_stagnation_epochs=12
cascade_max_out_epochs=150
cascade_min_out_epochs=50
cascade_max_cand_epochs=150
cascade_min_cand_epochs=50
cascade_num_candidate_groups=2
bit_fail_limit=1.00000000000000005551e-01
cascade_candidate_limit=1.00000000000000000000e+03
cascade_weight_multiplier=4.00000000000000022204e-01
cascade_activation_functions_count=10
cascade_activation_functions=3 5 7 8 10 11 14 15 16 17 
cascade_activation_steepnesses_count=4
cascade_activation_steepnesses=2.50000000000000000000e-01 5.00000000000000000000e-01 7.50000000000000000000e-01 1.00000000000000000000e+00 
layer_sizes=9 4 2 
scale_included=0
neurons (num_inputs, activation_function, activation_steepness)=(0, 0, 0.00000000000000000000e+00) (0, 0, 0.00000000000000000000e+00) (0, 0, 0.00000000000000000000e+00) (0, 0, 0.00000000000000000000e+00) (0, 0, 0.00000000000000000000e+00) (0, 0, 0.00000000000000000000e+00) (0, 0, 0.00000000000000000000e+00) (0, 0, 0.00000000000000000000e+00) (0, 0, 0.00000000000000000000e+00) (9, 6, 5.00000000000000000000e-01) (9, 6, 5.00000000000000000000e-01) (9, 6, 5.00000000000000000000e-01) (0, 6, 0.00000000000000000000e+00) (4, 4, 5.00000000000000000000e-01) (0, 4, 0.00000000000000000000e+00) 
connections (connected_to_neuron, weight)=(0, 2.05262892271040708891e+00) (1, -2.00181502604569594439e+00) (2, -1.56523781471487311023e+00) (3, 2.36017445260627456438e-01) (4, -1.08392911124457658190e+00) (5, -7.51643134752408403898e-01) (6, 1.14471554634293259944e+00) (7, -5.27308182251815638075e-01) (8, 2.20118274046499529106e+00) (0, 2.04045644725321562163e+00) (1, -1.82374915981377760943e+00) (2, -1.63342318885561255115e+00) (3, 3.44039770001514144671e-01) (4, -9.72068388941185967944e-01) (5, -7.21669329801694292570e-01) (6, 1.12639635679444016780e+00) (7, -5.14930134100084146986e-01) (8, 2.18922373904306688530e+00) (0, -1.61705792793891722781e+00) (1, 2.31156157483648705409e+00) (2, 6.98120479786934255984e-01) (3, 1.08467781165924237463e+00) (4, 1.15667448852266185888e+00) (5, 1.37145709525117176497e+00) (6, -9.14270933757289960830e-01) (7, 1.91057604139822645450e+00) (8, -1.15101037071225031916e+00) (9, -5.12958140892159253355e+00) (10, -3.04953256703382136195e+00) (11, 4.69091077140916823396e+00) (12, -1.07201032018779529587e+00) 
