FANN_FLO_2.1
num_layers=3
learning_rate=0.700000
connection_rate=1.000000
network_type=0
learning_momentum=0.000000
training_algorithm=2
train_error_function=1
train_stop_function=1
cascade_output_change_fraction=0.010000
quickprop_decay=-0.000100
quickprop_mu=1.750000
rprop_increase_factor=1.200000
rprop_decrease_factor=0.500000
rprop_delta_min=0.000000
rprop_delta_max=50.000000
rprop_delta_zero=0.100000
cascade_output_stagnation_epochs=12
cascade_candidate_change_fraction=0.010000
cascade_candidate_stagnation_epochs=12
cascade_max_out_epochs=150
cascade_min_out_epochs=50
cascade_max_cand_epochs=150
cascade_min_cand_epochs=50
cascade_num_candidate_groups=2
bit_fail_limit=1.00000000000000005551e-01
cascade_candidate_limit=1.00000000000000000000e+03
cascade_weight_multiplier=4.00000000000000022204e-01
cascade_activation_functions_count=10
cascade_activation_functions=3 5 7 8 10 11 14 15 16 17 
cascade_activation_steepnesses_count=4
cascade_activation_steepnesses=2.50000000000000000000e-01 5.00000000000000000000e-01 7.50000000000000000000e-01 1.00000000000000000000e+00 
layer_sizes=15 4 2 
scale_included=0
neurons (num_inputs, activation_function, activation_steepness)=(0, 0, 0.00000000000000000000e+00) (0, 0, 0.00000000000000000000e+00) (0, 0, 0.00000000000000000000e+00) (0, 0, 0.00000000000000000000e+00) (0, 0, 0.00000000000000000000e+00) (0, 0, 0.00000000000000000000e+00) (0, 0, 0.00000000000000000000e+00) (0, 0, 0.00000000000000000000e+00) (0, 0, 0.00000000000000000000e+00) (0, 0, 0.00000000000000000000e+00) (0, 0, 0.00000000000000000000e+00) (0, 0, 0.00000000000000000000e+00) (0, 0, 0.00000000000000000000e+00) (0, 0, 0.00000000000000000000e+00) (0, 0, 0.00000000000000000000e+00) (15, 6, 5.00000000000000000000e-01) (15, 6, 5.00000000000000000000e-01) (15, 6, 5.00000000000000000000e-01) (0, 6, 0.00000000000000000000e+00) (4, 4, 5.00000000000000000000e-01) (0, 4, 0.00000000000000000000e+00) 
connections (connected_to_neuron, weight)=(0, 6.32587357620616574927e-01) (1, -3.49713989547132786395e-01) (2, -8.18454074957605581808e-01) (3, 3.19114222860462037890e-01) (4, 2.30078996479234548778e-01) (5, -3.39407030310714563637e-01) (6, 3.06659119932597312719e-01) (7, -4.90881985575040924452e-01) (8, 1.12467481401497759741e-01) (9, 1.55859573391014916144e-01) (10, 1.47120437231594930472e-01) (11, 1.71868064591718855416e-01) (12, 4.81206862181526529021e-01) (13, 6.52934569624307077629e-03) (14, 5.45763402442355771704e-01) (0, -3.54537456775644477247e+00) (1, 2.87521240808026945501e+00) (2, 3.21218240424851897430e+00) (3, -1.40759072400043505624e+00) (4, 9.61213287299524099527e-02) (5, 2.62525416903949526670e+00) (6, -4.69563742631785130399e-01) (7, 2.73461786540514939503e+00) (8, 6.79433112866108079864e-01) (9, 4.39135682234137236790e-01) (10, 3.84627130278914153294e-01) (11, 3.58033520738382737836e-01) (12, -1.60551043238613755371e+00) (13, 1.58908952005398851348e+00) (14, -3.06518206659997938246e+00) (0, 7.75784340811964522738e-03) (1, 1.15399760721650901374e+00) (2, 3.83055082608230179630e-01) (3, 2.12674475202020204362e-03) (4, 2.31353600646492796322e-01) (5, 8.75731076889923909512e-01) (6, 1.48343056007693097076e-01) (7, 3.36316238834653724599e-01) (8, 4.72783065147917958004e-01) (9, 6.08157112010043299222e-01) (10, 4.94696176357787287259e-01) (11, 1.45617895456354423667e-01) (12, 4.06687361497752378203e-02) (13, 3.76319050943818789179e-01) (14, -1.15321262803542656794e-01) (15, -5.52460244682769019420e+00) (16, 1.33818790032147774127e+01) (17, 9.13941544864391164360e-01) (18, -2.07773527606788155353e+00) 
