FANN_FLO_2.1
num_layers=3
learning_rate=0.700000
connection_rate=1.000000
network_type=0
learning_momentum=0.000000
training_algorithm=2
train_error_function=1
train_stop_function=1
cascade_output_change_fraction=0.010000
quickprop_decay=-0.000100
quickprop_mu=1.750000
rprop_increase_factor=1.200000
rprop_decrease_factor=0.500000
rprop_delta_min=0.000000
rprop_delta_max=50.000000
rprop_delta_zero=0.100000
cascade_output_stagnation_epochs=12
cascade_candidate_change_fraction=0.010000
cascade_candidate_stagnation_epochs=12
cascade_max_out_epochs=150
cascade_min_out_epochs=50
cascade_max_cand_epochs=150
cascade_min_cand_epochs=50
cascade_num_candidate_groups=2
bit_fail_limit=1.00000000000000005551e-01
cascade_candidate_limit=1.00000000000000000000e+03
cascade_weight_multiplier=4.00000000000000022204e-01
cascade_activation_functions_count=10
cascade_activation_functions=3 5 7 8 10 11 14 15 16 17 
cascade_activation_steepnesses_count=4
cascade_activation_steepnesses=2.50000000000000000000e-01 5.00000000000000000000e-01 7.50000000000000000000e-01 1.00000000000000000000e+00 
layer_sizes=6 4 2 
scale_included=0
neurons (num_inputs, activation_function, activation_steepness)=(0, 0, 0.00000000000000000000e+00) (0, 0, 0.00000000000000000000e+00) (0, 0, 0.00000000000000000000e+00) (0, 0, 0.00000000000000000000e+00) (0, 0, 0.00000000000000000000e+00) (0, 0, 0.00000000000000000000e+00) (6, 6, 5.00000000000000000000e-01) (6, 6, 5.00000000000000000000e-01) (6, 6, 5.00000000000000000000e-01) (0, 6, 0.00000000000000000000e+00) (4, 4, 5.00000000000000000000e-01) (0, 4, 0.00000000000000000000e+00) 
connections (connected_to_neuron, weight)=(0, 4.57697168554496247594e+00) (1, 2.94175923914626391564e+00) (2, -1.86059821351526077926e+00) (3, -1.48396078208638448892e+00) (4, 1.19997712867194916697e+00) (5, -2.52953901022073335270e+00) (0, 1.46788895607065117410e+00) (1, 1.29380983207106270427e+00) (2, -3.62541816838994834793e-01) (3, -9.79899577674677446648e-02) (4, 8.52981842392794287200e-01) (5, -3.75980049552749162611e-01) (0, 1.16970756769250772145e+00) (1, 1.38300285359507602045e+00) (2, -4.90222026087076878653e-01) (3, -2.50656507748108381417e-01) (4, 6.97701179307274377273e-01) (5, -5.60779199036191555727e-01) (6, 6.52430901007222558974e+01) (7, 6.93905467449415169767e-01) (8, 1.28804794103724229437e+00) (9, -1.24620889889212516088e+00) 
