FANN_FLO_2.1
num_layers=3
learning_rate=0.700000
connection_rate=1.000000
network_type=0
learning_momentum=0.000000
training_algorithm=2
train_error_function=1
train_stop_function=1
cascade_output_change_fraction=0.010000
quickprop_decay=-0.000100
quickprop_mu=1.750000
rprop_increase_factor=1.200000
rprop_decrease_factor=0.500000
rprop_delta_min=0.000000
rprop_delta_max=50.000000
rprop_delta_zero=0.100000
cascade_output_stagnation_epochs=12
cascade_candidate_change_fraction=0.010000
cascade_candidate_stagnation_epochs=12
cascade_max_out_epochs=150
cascade_min_out_epochs=50
cascade_max_cand_epochs=150
cascade_min_cand_epochs=50
cascade_num_candidate_groups=2
bit_fail_limit=1.00000000000000005551e-01
cascade_candidate_limit=1.00000000000000000000e+03
cascade_weight_multiplier=4.00000000000000022204e-01
cascade_activation_functions_count=10
cascade_activation_functions=3 5 7 8 10 11 14 15 16 17 
cascade_activation_steepnesses_count=4
cascade_activation_steepnesses=2.50000000000000000000e-01 5.00000000000000000000e-01 7.50000000000000000000e-01 1.00000000000000000000e+00 
layer_sizes=15 4 2 
scale_included=0
neurons (num_inputs, activation_function, activation_steepness)=(0, 0, 0.00000000000000000000e+00) (0, 0, 0.00000000000000000000e+00) (0, 0, 0.00000000000000000000e+00) (0, 0, 0.00000000000000000000e+00) (0, 0, 0.00000000000000000000e+00) (0, 0, 0.00000000000000000000e+00) (0, 0, 0.00000000000000000000e+00) (0, 0, 0.00000000000000000000e+00) (0, 0, 0.00000000000000000000e+00) (0, 0, 0.00000000000000000000e+00) (0, 0, 0.00000000000000000000e+00) (0, 0, 0.00000000000000000000e+00) (0, 0, 0.00000000000000000000e+00) (0, 0, 0.00000000000000000000e+00) (0, 0, 0.00000000000000000000e+00) (15, 6, 5.00000000000000000000e-01) (15, 6, 5.00000000000000000000e-01) (15, 6, 5.00000000000000000000e-01) (0, 6, 0.00000000000000000000e+00) (4, 4, 5.00000000000000000000e-01) (0, 4, 0.00000000000000000000e+00) 
connections (connected_to_neuron, weight)=(0, -1.42613040574379978942e+00) (1, 1.26329743606798183819e+00) (2, 2.53265178439857985282e+00) (3, 5.51651452100026862269e-01) (4, 2.94785309881794077569e-01) (5, 4.73863919290714363797e-01) (6, -1.82046241304747180578e+00) (7, 2.76998238385971040643e+00) (8, -7.08672460399558779010e-01) (9, 5.16296826466426717062e-01) (10, 7.76656488424557145400e-01) (11, -5.26009555575230602908e-02) (12, -7.50005394359014476713e-01) (13, 1.41745689368474625525e+00) (14, -1.42510465451069889831e+00) (0, 3.07988110075120058440e+00) (1, -3.37565849865605471791e+00) (2, -2.72425818459946000871e+00) (3, 9.04387893936947628859e-02) (4, -6.68554496700103473295e-01) (5, -8.31757868106705045008e-01) (6, 1.88406587261749725037e+00) (7, -3.83259019782722987202e+00) (8, 2.66363254467010079907e+00) (9, 1.34841310780186962592e-01) (10, -3.10196172713753526295e+00) (11, 1.07663474785278490131e+00) (12, 2.89492114418704149514e+00) (13, -1.29937793151555380788e+00) (14, 3.16239795351747599028e+00) (0, -1.54879556514807736889e+00) (1, 1.26579199475996029278e+00) (2, 2.61530447242500763139e+00) (3, 5.62532719588029639368e-01) (4, 3.34055482814192505892e-01) (5, 4.82362364443950752957e-01) (6, -1.72999568275086001989e+00) (7, 2.70054543883855791009e+00) (8, -5.85974302373817312883e-01) (9, 5.38010202511653656821e-01) (10, 6.95005069023388322158e-01) (11, -5.73433767673352245975e-02) (12, -5.72170108695409851407e-01) (13, 1.36309873914945267614e+00) (14, -1.50939977087565502245e+00) (15, 2.26807484988623242472e+00) (16, -1.00905461591947354094e+01) (17, 3.30086419321618551592e+00) (18, -3.02912579099043810515e+00) 
