FANN_FLO_2.1
num_layers=3
learning_rate=0.700000
connection_rate=1.000000
network_type=0
learning_momentum=0.000000
training_algorithm=2
train_error_function=1
train_stop_function=1
cascade_output_change_fraction=0.010000
quickprop_decay=-0.000100
quickprop_mu=1.750000
rprop_increase_factor=1.200000
rprop_decrease_factor=0.500000
rprop_delta_min=0.000000
rprop_delta_max=50.000000
rprop_delta_zero=0.100000
cascade_output_stagnation_epochs=12
cascade_candidate_change_fraction=0.010000
cascade_candidate_stagnation_epochs=12
cascade_max_out_epochs=150
cascade_min_out_epochs=50
cascade_max_cand_epochs=150
cascade_min_cand_epochs=50
cascade_num_candidate_groups=2
bit_fail_limit=1.00000000000000005551e-01
cascade_candidate_limit=1.00000000000000000000e+03
cascade_weight_multiplier=4.00000000000000022204e-01
cascade_activation_functions_count=10
cascade_activation_functions=3 5 7 8 10 11 14 15 16 17 
cascade_activation_steepnesses_count=4
cascade_activation_steepnesses=2.50000000000000000000e-01 5.00000000000000000000e-01 7.50000000000000000000e-01 1.00000000000000000000e+00 
layer_sizes=12 4 2 
scale_included=0
neurons (num_inputs, activation_function, activation_steepness)=(0, 0, 0.00000000000000000000e+00) (0, 0, 0.00000000000000000000e+00) (0, 0, 0.00000000000000000000e+00) (0, 0, 0.00000000000000000000e+00) (0, 0, 0.00000000000000000000e+00) (0, 0, 0.00000000000000000000e+00) (0, 0, 0.00000000000000000000e+00) (0, 0, 0.00000000000000000000e+00) (0, 0, 0.00000000000000000000e+00) (0, 0, 0.00000000000000000000e+00) (0, 0, 0.00000000000000000000e+00) (0, 0, 0.00000000000000000000e+00) (12, 6, 5.00000000000000000000e-01) (12, 6, 5.00000000000000000000e-01) (12, 6, 5.00000000000000000000e-01) (0, 6, 0.00000000000000000000e+00) (4, 4, 5.00000000000000000000e-01) (0, 4, 0.00000000000000000000e+00) 
connections (connected_to_neuron, weight)=(0, 2.35703124195548063824e+00) (1, -2.19935918065774593799e+00) (2, -3.94490309869363109385e+00) (3, 2.16089800526355668708e+00) (4, -4.84597714327192063966e-01) (5, 1.34840156734463506583e-01) (6, -1.14154990103703313231e+00) (7, 2.16483024175417559931e+00) (8, -3.54151516091149920484e+00) (9, 6.53951668749002679171e-01) (10, 2.08654659302187295289e-01) (11, 2.79173764688957382063e+00) (0, 4.95637331636394229406e+00) (1, -7.02697934326215367662e+00) (2, -4.99358311802698118242e+00) (3, 2.02435438959684610438e+00) (4, 2.00223823913333909275e+00) (5, 1.74755511961799592235e+00) (6, -1.25411718109047942704e+00) (7, 1.63961374793825997997e+00) (8, -2.91172570716141976277e+00) (9, 6.19088124752381618876e-01) (10, -1.25114490126373167911e+00) (11, 5.01946964593375888342e+00) (0, -4.24422998452514022016e-01) (1, 8.22092150473926475129e-01) (2, 2.59341195951539971176e+00) (3, 3.32924660828729124251e-01) (4, 5.37148812294238720000e-01) (5, 7.29025257974166729369e-01) (6, 9.72054422655602712311e-01) (7, -1.43190808720952411637e-01) (8, 3.52846254477855580944e+00) (9, 5.78169764918671669207e-01) (10, 5.61689319056855262957e-01) (11, -3.52112967992156356001e-01) (12, -9.61013088226149747584e+00) (13, -2.15491807669967894157e+00) (14, 2.74399872148504087033e-01) (15, -1.54790433937053939495e+00) 
