FANN_FLO_2.1
num_layers=3
learning_rate=0.700000
connection_rate=1.000000
network_type=0
learning_momentum=0.000000
training_algorithm=2
train_error_function=1
train_stop_function=1
cascade_output_change_fraction=0.010000
quickprop_decay=-0.000100
quickprop_mu=1.750000
rprop_increase_factor=1.200000
rprop_decrease_factor=0.500000
rprop_delta_min=0.000000
rprop_delta_max=50.000000
rprop_delta_zero=0.100000
cascade_output_stagnation_epochs=12
cascade_candidate_change_fraction=0.010000
cascade_candidate_stagnation_epochs=12
cascade_max_out_epochs=150
cascade_min_out_epochs=50
cascade_max_cand_epochs=150
cascade_min_cand_epochs=50
cascade_num_candidate_groups=2
bit_fail_limit=1.00000000000000005551e-01
cascade_candidate_limit=1.00000000000000000000e+03
cascade_weight_multiplier=4.00000000000000022204e-01
cascade_activation_functions_count=10
cascade_activation_functions=3 5 7 8 10 11 14 15 16 17 
cascade_activation_steepnesses_count=4
cascade_activation_steepnesses=2.50000000000000000000e-01 5.00000000000000000000e-01 7.50000000000000000000e-01 1.00000000000000000000e+00 
layer_sizes=17 4 2 
scale_included=0
neurons (num_inputs, activation_function, activation_steepness)=(0, 0, 0.00000000000000000000e+00) (0, 0, 0.00000000000000000000e+00) (0, 0, 0.00000000000000000000e+00) (0, 0, 0.00000000000000000000e+00) (0, 0, 0.00000000000000000000e+00) (0, 0, 0.00000000000000000000e+00) (0, 0, 0.00000000000000000000e+00) (0, 0, 0.00000000000000000000e+00) (0, 0, 0.00000000000000000000e+00) (0, 0, 0.00000000000000000000e+00) (0, 0, 0.00000000000000000000e+00) (0, 0, 0.00000000000000000000e+00) (0, 0, 0.00000000000000000000e+00) (0, 0, 0.00000000000000000000e+00) (0, 0, 0.00000000000000000000e+00) (0, 0, 0.00000000000000000000e+00) (0, 0, 0.00000000000000000000e+00) (17, 6, 5.00000000000000000000e-01) (17, 6, 5.00000000000000000000e-01) (17, 6, 5.00000000000000000000e-01) (0, 6, 0.00000000000000000000e+00) (4, 4, 5.00000000000000000000e-01) (0, 4, 0.00000000000000000000e+00) 
connections (connected_to_neuron, weight)=(0, -2.52372502769890472152e+00) (1, 3.62617096501152103016e+00) (2, 2.82368447276413991887e+00) (3, -2.72130357509586029430e-01) (4, 1.07783119303449392845e+00) (5, 3.49798810570436469192e+00) (6, 1.24994235986120028059e-01) (7, -1.70499281207348030165e-02) (8, 3.39484978951704929884e+00) (9, 2.68726154875730038896e+00) (10, -3.25778790338242807412e-01) (11, 2.84861879732177181168e+00) (12, 1.44619385627549967843e+00) (13, 6.05659416507449810396e-01) (14, 2.12747703930837239739e+00) (15, -2.96108670885413083340e+00) (16, -3.82726282433673059558e+00) (0, -5.43666864479866784876e+00) (1, 3.71420710730115954945e+00) (2, 3.73039193955913050971e+00) (3, 4.45260788264200069175e-01) (4, 9.01016395662060154415e-01) (5, 3.42775701074796668166e+00) (6, -7.84355049773394208401e-01) (7, 1.26898635416736249582e+00) (8, 4.03107556640567565864e+00) (9, 3.19737984112857409613e+00) (10, -2.24816401750267358395e+00) (11, 3.01107978578535817604e+00) (12, 1.43642462976615803427e+00) (13, 1.70370365215678232218e+00) (14, 2.10761212995750035759e+00) (15, -2.38886885936226844862e+00) (16, -3.82666405097647821520e+00) (0, -2.99095019745752210838e+00) (1, 2.40869376137240992497e-01) (2, 1.42451682780925708016e+01) (3, -1.72341238997110046682e+00) (4, 2.67644347839068819095e-01) (5, -5.25516266846583590677e-01) (6, 7.29867343834958576254e-02) (7, 1.23053283280923880794e-01) (8, -2.10695981981073110489e+00) (9, 9.70947075465081788082e+00) (10, 6.15624924525012828802e-02) (11, -1.18538027817058622126e+00) (12, 1.53193474153503128576e+00) (13, -3.94435543299108903881e-01) (14, 1.15654913617096621881e-01) (15, -2.23082417528377030536e+00) (16, -1.18362182333925236577e+00) (17, 5.62708923392656767959e+00) (18, 5.88835077342434409786e+00) (19, 1.29109908419844376937e+00) (20, -1.00623961493341007589e+00) 
