FANN_FLO_2.1
num_layers=3
learning_rate=0.700000
connection_rate=1.000000
network_type=0
learning_momentum=0.000000
training_algorithm=2
train_error_function=1
train_stop_function=1
cascade_output_change_fraction=0.010000
quickprop_decay=-0.000100
quickprop_mu=1.750000
rprop_increase_factor=1.200000
rprop_decrease_factor=0.500000
rprop_delta_min=0.000000
rprop_delta_max=50.000000
rprop_delta_zero=0.100000
cascade_output_stagnation_epochs=12
cascade_candidate_change_fraction=0.010000
cascade_candidate_stagnation_epochs=12
cascade_max_out_epochs=150
cascade_min_out_epochs=50
cascade_max_cand_epochs=150
cascade_min_cand_epochs=50
cascade_num_candidate_groups=2
bit_fail_limit=1.00000000000000005551e-01
cascade_candidate_limit=1.00000000000000000000e+03
cascade_weight_multiplier=4.00000000000000022204e-01
cascade_activation_functions_count=10
cascade_activation_functions=3 5 7 8 10 11 14 15 16 17 
cascade_activation_steepnesses_count=4
cascade_activation_steepnesses=2.50000000000000000000e-01 5.00000000000000000000e-01 7.50000000000000000000e-01 1.00000000000000000000e+00 
layer_sizes=17 4 2 
scale_included=0
neurons (num_inputs, activation_function, activation_steepness)=(0, 0, 0.00000000000000000000e+00) (0, 0, 0.00000000000000000000e+00) (0, 0, 0.00000000000000000000e+00) (0, 0, 0.00000000000000000000e+00) (0, 0, 0.00000000000000000000e+00) (0, 0, 0.00000000000000000000e+00) (0, 0, 0.00000000000000000000e+00) (0, 0, 0.00000000000000000000e+00) (0, 0, 0.00000000000000000000e+00) (0, 0, 0.00000000000000000000e+00) (0, 0, 0.00000000000000000000e+00) (0, 0, 0.00000000000000000000e+00) (0, 0, 0.00000000000000000000e+00) (0, 0, 0.00000000000000000000e+00) (0, 0, 0.00000000000000000000e+00) (0, 0, 0.00000000000000000000e+00) (0, 0, 0.00000000000000000000e+00) (17, 6, 5.00000000000000000000e-01) (17, 6, 5.00000000000000000000e-01) (17, 6, 5.00000000000000000000e-01) (0, 6, 0.00000000000000000000e+00) (4, 4, 5.00000000000000000000e-01) (0, 4, 0.00000000000000000000e+00) 
connections (connected_to_neuron, weight)=(0, 2.15357540805996228173e+00) (1, 2.65940062718969905120e+00) (2, -4.00778925792283544638e+01) (3, -4.16541269765066424213e+00) (4, 5.84584865254475172236e-01) (5, 1.80692963233831049852e-01) (6, -1.85047183364405043449e+01) (7, 1.95653718910722052016e+00) (8, -1.61846951325015346868e+01) (9, 1.92905085837755319034e+00) (10, -6.75327873660017674595e-01) (11, -9.33334935125306852655e-01) (12, -9.77427116370728876760e-01) (13, 1.65297293526084798643e+00) (14, -8.17678460594968292696e-01) (15, 1.63211041586376248702e+00) (16, 1.71376774092372974323e+00) (0, -1.41697927852514937719e+00) (1, 6.20887356940532608718e+00) (2, -8.04098733227937900736e-01) (3, 1.59744127808409697167e+00) (4, -4.38605972279956443649e-02) (5, 1.02102611132134657446e+00) (6, -1.65299024827725382636e+00) (7, 1.19692882818496304509e+01) (8, 4.51250940476738415796e-01) (9, -3.62469507460302731161e+00) (10, -6.25524419033883471997e+00) (11, 1.99335327966414399548e-01) (12, 5.55108973320592502532e-01) (13, -1.02176671606306657125e+00) (14, 6.22256911718840566294e-01) (15, 4.16400009794560332921e+00) (16, -7.64239910706170477717e-01) (0, 4.81089805448305429803e-01) (1, -7.63121412490307715615e+00) (2, 1.13620095214220162561e+00) (3, 9.37924265511166366238e-02) (4, 1.36244356266360666652e+00) (5, 4.83017718991442723819e+00) (6, 1.27583352540624073157e+00) (7, -4.22042243678724382505e+00) (8, 7.86986228994072001264e-01) (9, 4.20678838386112807779e-01) (10, -4.60863850909957240010e-01) (11, 6.41621439465452025885e-01) (12, 2.22937958736156377482e-01) (13, 2.53903229019863396765e-01) (14, -6.01053326837541757044e+00) (15, 1.71921433977437865259e+00) (16, 2.47071054867772144092e-01) (17, -5.16622636946878088793e+00) (18, 1.59002363568857707499e+00) (19, -4.11004336846811124673e+00) (20, -5.95869397281646939746e+00) 
