FANN_FLO_2.1
num_layers=3
learning_rate=0.700000
connection_rate=1.000000
network_type=0
learning_momentum=0.000000
training_algorithm=2
train_error_function=1
train_stop_function=1
cascade_output_change_fraction=0.010000
quickprop_decay=-0.000100
quickprop_mu=1.750000
rprop_increase_factor=1.200000
rprop_decrease_factor=0.500000
rprop_delta_min=0.000000
rprop_delta_max=50.000000
rprop_delta_zero=0.100000
cascade_output_stagnation_epochs=12
cascade_candidate_change_fraction=0.010000
cascade_candidate_stagnation_epochs=12
cascade_max_out_epochs=150
cascade_min_out_epochs=50
cascade_max_cand_epochs=150
cascade_min_cand_epochs=50
cascade_num_candidate_groups=2
bit_fail_limit=1.00000000000000005551e-01
cascade_candidate_limit=1.00000000000000000000e+03
cascade_weight_multiplier=4.00000000000000022204e-01
cascade_activation_functions_count=10
cascade_activation_functions=3 5 7 8 10 11 14 15 16 17 
cascade_activation_steepnesses_count=4
cascade_activation_steepnesses=2.50000000000000000000e-01 5.00000000000000000000e-01 7.50000000000000000000e-01 1.00000000000000000000e+00 
layer_sizes=14 4 2 
scale_included=0
neurons (num_inputs, activation_function, activation_steepness)=(0, 0, 0.00000000000000000000e+00) (0, 0, 0.00000000000000000000e+00) (0, 0, 0.00000000000000000000e+00) (0, 0, 0.00000000000000000000e+00) (0, 0, 0.00000000000000000000e+00) (0, 0, 0.00000000000000000000e+00) (0, 0, 0.00000000000000000000e+00) (0, 0, 0.00000000000000000000e+00) (0, 0, 0.00000000000000000000e+00) (0, 0, 0.00000000000000000000e+00) (0, 0, 0.00000000000000000000e+00) (0, 0, 0.00000000000000000000e+00) (0, 0, 0.00000000000000000000e+00) (0, 0, 0.00000000000000000000e+00) (14, 6, 5.00000000000000000000e-01) (14, 6, 5.00000000000000000000e-01) (14, 6, 5.00000000000000000000e-01) (0, 6, 0.00000000000000000000e+00) (4, 4, 5.00000000000000000000e-01) (0, 4, 0.00000000000000000000e+00) 
connections (connected_to_neuron, weight)=(0, -2.03057240784008385948e-01) (1, 1.38692902454643762766e+00) (2, 1.45688070383153611687e+00) (3, 1.21314718284834621720e+00) (4, 1.28262062007776611594e+00) (5, 1.83676827643285278668e+00) (6, -1.28418796536438861722e+00) (7, 2.12440104088554626571e+00) (8, -1.50260291182660465914e+00) (9, -1.50340635781589049280e+00) (10, -1.31357591206484131119e-01) (11, -2.35727976852465936908e-01) (12, -1.52668774567710197054e+00) (13, -1.33419725323713378451e+00) (0, -2.29339558720428826621e-01) (1, 1.48180091807156122385e+00) (2, 1.56009646531425172356e+00) (3, 1.17918355846036670975e+00) (4, 1.25471914196602218894e+00) (5, 1.76073704604278091779e+00) (6, -1.21685433959032440754e+00) (7, 2.11422957903514152633e+00) (8, -1.48960772835873966891e+00) (9, -1.50468784277740019739e+00) (10, -6.08851160651972950211e-02) (11, -3.40743857577733511022e-01) (12, -1.93049271141517886363e+00) (13, -1.35505519087112502596e+00) (0, 4.62115441314092378899e-01) (1, -1.91372783940889923393e+00) (2, -8.55813531724211817853e-01) (3, -2.30953882550096212256e+00) (4, -2.24819925112221108421e+00) (5, -3.65918448426418452257e+00) (6, 1.49023981420621520755e+00) (7, -2.40810559094255838275e+00) (8, 1.08304789065020767858e+00) (9, 1.17700720355291577057e+00) (10, 1.04607796742639669318e+00) (11, 3.10629422633164287149e-01) (12, 3.86016050477536554197e+00) (13, 2.91408045654413161429e+00) (14, 1.24857996330407967633e+01) (15, 1.24351940453795304364e+01) (16, -6.77186885869289767470e+00) (17, -1.11923762715492758346e+00) 
