FANN_FLO_2.1
num_layers=3
learning_rate=0.700000
connection_rate=1.000000
network_type=0
learning_momentum=0.000000
training_algorithm=2
train_error_function=1
train_stop_function=1
cascade_output_change_fraction=0.010000
quickprop_decay=-0.000100
quickprop_mu=1.750000
rprop_increase_factor=1.200000
rprop_decrease_factor=0.500000
rprop_delta_min=0.000000
rprop_delta_max=50.000000
rprop_delta_zero=0.100000
cascade_output_stagnation_epochs=12
cascade_candidate_change_fraction=0.010000
cascade_candidate_stagnation_epochs=12
cascade_max_out_epochs=150
cascade_min_out_epochs=50
cascade_max_cand_epochs=150
cascade_min_cand_epochs=50
cascade_num_candidate_groups=2
bit_fail_limit=1.00000000000000005551e-01
cascade_candidate_limit=1.00000000000000000000e+03
cascade_weight_multiplier=4.00000000000000022204e-01
cascade_activation_functions_count=10
cascade_activation_functions=3 5 7 8 10 11 14 15 16 17 
cascade_activation_steepnesses_count=4
cascade_activation_steepnesses=2.50000000000000000000e-01 5.00000000000000000000e-01 7.50000000000000000000e-01 1.00000000000000000000e+00 
layer_sizes=9 4 2 
scale_included=0
neurons (num_inputs, activation_function, activation_steepness)=(0, 0, 0.00000000000000000000e+00) (0, 0, 0.00000000000000000000e+00) (0, 0, 0.00000000000000000000e+00) (0, 0, 0.00000000000000000000e+00) (0, 0, 0.00000000000000000000e+00) (0, 0, 0.00000000000000000000e+00) (0, 0, 0.00000000000000000000e+00) (0, 0, 0.00000000000000000000e+00) (0, 0, 0.00000000000000000000e+00) (9, 6, 5.00000000000000000000e-01) (9, 6, 5.00000000000000000000e-01) (9, 6, 5.00000000000000000000e-01) (0, 6, 0.00000000000000000000e+00) (4, 4, 5.00000000000000000000e-01) (0, 4, 0.00000000000000000000e+00) 
connections (connected_to_neuron, weight)=(0, -5.92774386564600064276e+00) (1, 6.30352871209663412344e+00) (2, 4.83494416607862387281e+00) (3, -1.08183274964543968411e-01) (4, 2.99778922075549403292e-01) (5, 1.95885918828544502990e-01) (6, 2.63540141078529244201e-01) (7, 2.78603741307869468002e+00) (8, -5.92836515466081692693e+00) (0, -9.79758879348677447219e-01) (1, 1.49429343829996996718e+00) (2, 1.12435027361226502762e+00) (3, -6.95593626293911360126e-02) (4, 7.09916295838559502362e-02) (5, 3.54380867521164544254e-01) (6, -3.16290497147706628489e-01) (7, 6.90520066704633506127e-01) (8, -2.47988328452802414548e-01) (0, 5.60205444723059109435e-01) (1, -9.21119117545154741933e-01) (2, -5.95957127519566309815e-01) (3, 1.49523858404403020561e-01) (4, 2.57482571377561052228e-02) (5, 3.46755649844103397417e-01) (6, -1.88605450576027205978e-01) (7, -8.84698741906220442743e-01) (8, 5.00123769074369950438e-01) (9, 6.88050760248147597054e+00) (10, 6.77477463995960871301e-01) (11, -7.71235729657604229814e-01) (12, -1.62063209778488004353e+00) 
