FANN_FLO_2.1
num_layers=3
learning_rate=0.700000
connection_rate=1.000000
network_type=0
learning_momentum=0.000000
training_algorithm=2
train_error_function=1
train_stop_function=1
cascade_output_change_fraction=0.010000
quickprop_decay=-0.000100
quickprop_mu=1.750000
rprop_increase_factor=1.200000
rprop_decrease_factor=0.500000
rprop_delta_min=0.000000
rprop_delta_max=50.000000
rprop_delta_zero=0.100000
cascade_output_stagnation_epochs=12
cascade_candidate_change_fraction=0.010000
cascade_candidate_stagnation_epochs=12
cascade_max_out_epochs=150
cascade_min_out_epochs=50
cascade_max_cand_epochs=150
cascade_min_cand_epochs=50
cascade_num_candidate_groups=2
bit_fail_limit=1.00000000000000005551e-01
cascade_candidate_limit=1.00000000000000000000e+03
cascade_weight_multiplier=4.00000000000000022204e-01
cascade_activation_functions_count=10
cascade_activation_functions=3 5 7 8 10 11 14 15 16 17 
cascade_activation_steepnesses_count=4
cascade_activation_steepnesses=2.50000000000000000000e-01 5.00000000000000000000e-01 7.50000000000000000000e-01 1.00000000000000000000e+00 
layer_sizes=9 4 2 
scale_included=0
neurons (num_inputs, activation_function, activation_steepness)=(0, 0, 0.00000000000000000000e+00) (0, 0, 0.00000000000000000000e+00) (0, 0, 0.00000000000000000000e+00) (0, 0, 0.00000000000000000000e+00) (0, 0, 0.00000000000000000000e+00) (0, 0, 0.00000000000000000000e+00) (0, 0, 0.00000000000000000000e+00) (0, 0, 0.00000000000000000000e+00) (0, 0, 0.00000000000000000000e+00) (9, 6, 5.00000000000000000000e-01) (9, 6, 5.00000000000000000000e-01) (9, 6, 5.00000000000000000000e-01) (0, 6, 0.00000000000000000000e+00) (4, 4, 5.00000000000000000000e-01) (0, 4, 0.00000000000000000000e+00) 
connections (connected_to_neuron, weight)=(0, -9.63959956502670078926e-01) (1, 2.28083892831287338154e+00) (2, -5.13098699324543300326e-02) (3, -8.19940430396015468295e-02) (4, -8.45014384375469052024e-01) (5, -8.34154499047214809115e-02) (6, -9.08436936610157313998e-02) (7, -7.79404295967475735374e-01) (8, -1.02363138828253141810e+00) (0, -1.06019535843109480311e+00) (1, 2.18263450929603575190e+00) (2, -2.75389937036449768126e-02) (3, -4.02732652895862880404e-02) (4, -4.42753519501018044657e-01) (5, 2.30668249256198547303e-02) (6, -3.20677730824279305644e-01) (7, -7.89161453382627331443e-01) (8, -1.03367474112486235072e+00) (0, 1.30219552867790477890e+00) (1, -1.24490060036467720117e+00) (2, 7.22767937912836000436e-01) (3, 6.51535685977387202250e-01) (4, 1.12986016033833847061e+00) (5, 5.98232380917715800273e-01) (6, 1.02459634600823745743e+00) (7, 9.60084052334927218197e-01) (8, 1.10109297691529617325e+00) (9, 8.31571234130246850214e+00) (10, 8.34165040516240807733e+00) (11, -2.32058415001279838563e+00) (12, -9.38411319589370518379e-01) 
