FANN_FLO_2.1
num_layers=3
learning_rate=0.700000
connection_rate=1.000000
network_type=0
learning_momentum=0.000000
training_algorithm=2
train_error_function=1
train_stop_function=1
cascade_output_change_fraction=0.010000
quickprop_decay=-0.000100
quickprop_mu=1.750000
rprop_increase_factor=1.200000
rprop_decrease_factor=0.500000
rprop_delta_min=0.000000
rprop_delta_max=50.000000
rprop_delta_zero=0.100000
cascade_output_stagnation_epochs=12
cascade_candidate_change_fraction=0.010000
cascade_candidate_stagnation_epochs=12
cascade_max_out_epochs=150
cascade_min_out_epochs=50
cascade_max_cand_epochs=150
cascade_min_cand_epochs=50
cascade_num_candidate_groups=2
bit_fail_limit=1.00000000000000005551e-01
cascade_candidate_limit=1.00000000000000000000e+03
cascade_weight_multiplier=4.00000000000000022204e-01
cascade_activation_functions_count=10
cascade_activation_functions=3 5 7 8 10 11 14 15 16 17 
cascade_activation_steepnesses_count=4
cascade_activation_steepnesses=2.50000000000000000000e-01 5.00000000000000000000e-01 7.50000000000000000000e-01 1.00000000000000000000e+00 
layer_sizes=9 4 2 
scale_included=0
neurons (num_inputs, activation_function, activation_steepness)=(0, 0, 0.00000000000000000000e+00) (0, 0, 0.00000000000000000000e+00) (0, 0, 0.00000000000000000000e+00) (0, 0, 0.00000000000000000000e+00) (0, 0, 0.00000000000000000000e+00) (0, 0, 0.00000000000000000000e+00) (0, 0, 0.00000000000000000000e+00) (0, 0, 0.00000000000000000000e+00) (0, 0, 0.00000000000000000000e+00) (9, 6, 5.00000000000000000000e-01) (9, 6, 5.00000000000000000000e-01) (9, 6, 5.00000000000000000000e-01) (0, 6, 0.00000000000000000000e+00) (4, 4, 5.00000000000000000000e-01) (0, 4, 0.00000000000000000000e+00) 
connections (connected_to_neuron, weight)=(0, -4.05677677436793082677e+00) (1, 4.32392548672683396660e+00) (2, 3.94073715841946681238e+00) (3, -9.70733681692113048456e-01) (4, -9.37933484090794689081e-01) (5, -6.99094575570918030927e-01) (6, -2.20188407207742714577e-01) (7, 2.41629636144303061585e+00) (8, -4.30611487428226791252e+00) (0, -4.08510233580196047143e+00) (1, 4.27737533949144044243e+00) (2, 3.86846461555538256860e+00) (3, 5.88795168503475352395e-01) (4, 6.75092159017276927102e-01) (5, -1.18972925100326487602e+00) (6, -8.05524197357184501556e-01) (7, 2.41198261683844306091e+00) (8, -4.07296947135651254968e+00) (0, 7.06827812257678211871e-01) (1, -7.45543721312898699516e-01) (2, -1.36566861577147147244e+00) (3, 7.64777111045351953855e-01) (4, 8.41972092322341048032e-01) (5, 6.07741409132132662241e-02) (6, -2.86402260057724733500e-01) (7, 4.83927532642111218886e-02) (8, 4.20831429903930298586e-01) (9, 5.33920166660685779902e+00) (10, 5.34105850030322315547e+00) (11, -1.06122282187383465413e+00) (12, -7.68895179172481513241e-01) 
