FANN_FLO_2.1
num_layers=3
learning_rate=0.700000
connection_rate=1.000000
network_type=0
learning_momentum=0.000000
training_algorithm=2
train_error_function=1
train_stop_function=1
cascade_output_change_fraction=0.010000
quickprop_decay=-0.000100
quickprop_mu=1.750000
rprop_increase_factor=1.200000
rprop_decrease_factor=0.500000
rprop_delta_min=0.000000
rprop_delta_max=50.000000
rprop_delta_zero=0.100000
cascade_output_stagnation_epochs=12
cascade_candidate_change_fraction=0.010000
cascade_candidate_stagnation_epochs=12
cascade_max_out_epochs=150
cascade_min_out_epochs=50
cascade_max_cand_epochs=150
cascade_min_cand_epochs=50
cascade_num_candidate_groups=2
bit_fail_limit=1.00000000000000005551e-01
cascade_candidate_limit=1.00000000000000000000e+03
cascade_weight_multiplier=4.00000000000000022204e-01
cascade_activation_functions_count=10
cascade_activation_functions=3 5 7 8 10 11 14 15 16 17 
cascade_activation_steepnesses_count=4
cascade_activation_steepnesses=2.50000000000000000000e-01 5.00000000000000000000e-01 7.50000000000000000000e-01 1.00000000000000000000e+00 
layer_sizes=9 4 2 
scale_included=0
neurons (num_inputs, activation_function, activation_steepness)=(0, 0, 0.00000000000000000000e+00) (0, 0, 0.00000000000000000000e+00) (0, 0, 0.00000000000000000000e+00) (0, 0, 0.00000000000000000000e+00) (0, 0, 0.00000000000000000000e+00) (0, 0, 0.00000000000000000000e+00) (0, 0, 0.00000000000000000000e+00) (0, 0, 0.00000000000000000000e+00) (0, 0, 0.00000000000000000000e+00) (9, 6, 5.00000000000000000000e-01) (9, 6, 5.00000000000000000000e-01) (9, 6, 5.00000000000000000000e-01) (0, 6, 0.00000000000000000000e+00) (4, 4, 5.00000000000000000000e-01) (0, 4, 0.00000000000000000000e+00) 
connections (connected_to_neuron, weight)=(0, 1.54003158182527588593e+00) (1, -3.18874027401996906761e+00) (2, 1.05486025932283444817e+00) (3, 7.54907810772367904306e-01) (4, 9.33093054053390380531e-01) (5, 1.08021271331701051999e+00) (6, 1.13866383511357849301e+00) (7, 1.20565714616113250912e+00) (8, 1.65144549653555916535e+00) (0, -4.86072540736221914148e-01) (1, 1.40782795655395620571e+00) (2, -1.73734983523350303147e-02) (3, -1.24090559007357256749e-01) (4, -1.99169080993367914045e-01) (5, -2.05366508057881563820e-01) (6, -4.37911412399386079652e-01) (7, -3.46056544175912139671e-01) (8, -3.53639146965121053956e-01) (0, -4.61820364451431819575e-01) (1, 1.50704867946769827114e+00) (2, -1.15544203491972030662e-01) (3, 2.38412104828847823401e-02) (4, -1.88335330179501742043e-01) (5, -3.05171330413390395897e-01) (6, -3.96975240390871786378e-01) (7, -3.02221284201909301537e-01) (8, -3.95005269628142141602e-01) (9, -5.76721061600877682451e+00) (10, 5.47454431662146934201e+00) (11, 5.44719098517482169797e+00) (12, -7.26499521759773614349e-01) 
