FANN_FLO_2.1
num_layers=3
learning_rate=0.700000
connection_rate=1.000000
network_type=0
learning_momentum=0.000000
training_algorithm=2
train_error_function=1
train_stop_function=1
cascade_output_change_fraction=0.010000
quickprop_decay=-0.000100
quickprop_mu=1.750000
rprop_increase_factor=1.200000
rprop_decrease_factor=0.500000
rprop_delta_min=0.000000
rprop_delta_max=50.000000
rprop_delta_zero=0.100000
cascade_output_stagnation_epochs=12
cascade_candidate_change_fraction=0.010000
cascade_candidate_stagnation_epochs=12
cascade_max_out_epochs=150
cascade_min_out_epochs=50
cascade_max_cand_epochs=150
cascade_min_cand_epochs=50
cascade_num_candidate_groups=2
bit_fail_limit=1.00000000000000005551e-01
cascade_candidate_limit=1.00000000000000000000e+03
cascade_weight_multiplier=4.00000000000000022204e-01
cascade_activation_functions_count=10
cascade_activation_functions=3 5 7 8 10 11 14 15 16 17 
cascade_activation_steepnesses_count=4
cascade_activation_steepnesses=2.50000000000000000000e-01 5.00000000000000000000e-01 7.50000000000000000000e-01 1.00000000000000000000e+00 
layer_sizes=15 4 2 
scale_included=0
neurons (num_inputs, activation_function, activation_steepness)=(0, 0, 0.00000000000000000000e+00) (0, 0, 0.00000000000000000000e+00) (0, 0, 0.00000000000000000000e+00) (0, 0, 0.00000000000000000000e+00) (0, 0, 0.00000000000000000000e+00) (0, 0, 0.00000000000000000000e+00) (0, 0, 0.00000000000000000000e+00) (0, 0, 0.00000000000000000000e+00) (0, 0, 0.00000000000000000000e+00) (0, 0, 0.00000000000000000000e+00) (0, 0, 0.00000000000000000000e+00) (0, 0, 0.00000000000000000000e+00) (0, 0, 0.00000000000000000000e+00) (0, 0, 0.00000000000000000000e+00) (0, 0, 0.00000000000000000000e+00) (15, 6, 5.00000000000000000000e-01) (15, 6, 5.00000000000000000000e-01) (15, 6, 5.00000000000000000000e-01) (0, 6, 0.00000000000000000000e+00) (4, 4, 5.00000000000000000000e-01) (0, 4, 0.00000000000000000000e+00) 
connections (connected_to_neuron, weight)=(0, -6.50104010171565072085e+00) (1, 2.53901010144957073322e+00) (2, 1.35662515437140540620e+00) (3, 8.25588991152586992861e-01) (4, -3.11526607896358484484e-02) (5, 1.98627351025515297422e+00) (6, 1.07159521043951921904e+00) (7, -4.14100035864226279081e-01) (8, 8.45978673010668202892e-01) (9, 8.65494790553872128669e-01) (10, 2.26626191298033807797e+00) (11, 2.79771563257405064817e+00) (12, 3.96332222996642258295e+00) (13, 1.95247049860572063906e+00) (14, -9.40986658276224074982e-01) (0, -4.86875708046837196719e+00) (1, 1.25084032572165959607e+00) (2, 1.10297942178093766330e+00) (3, 6.05234863688052016073e-01) (4, 1.42021464781360400031e-02) (5, 1.40008161493661065222e+00) (6, 1.34048146955670821612e+00) (7, 7.40519009779303072349e-01) (8, 3.51519751888642484339e-01) (9, 1.56695291515270354599e-02) (10, -1.42719123433113637134e+00) (11, -5.47796215413654752346e-01) (12, -5.34074303021006002723e-01) (13, 1.39057069548489709021e+00) (14, -4.24600142944690783775e-01) (0, -4.98937863129659042727e+00) (1, 1.17892603284970798327e+00) (2, 1.10374567301713799594e+00) (3, 5.74096987475455122762e-01) (4, 2.81412560723048876810e-01) (5, 1.45109583714129586340e+00) (6, 1.33190722592176902239e+00) (7, 6.72761939714758394615e-01) (8, 4.51171837341914350183e-01) (9, -9.13355423847043990104e-03) (10, -1.34650289187908711597e+00) (11, -6.19246828852737851712e-01) (12, -4.81043782343439474403e-01) (13, 1.47909352460028786780e+00) (14, -4.29274845827457507408e-01) (15, 6.60452496525270049688e+00) (16, 3.08134223430507825370e+00) (17, 7.34156795964550212830e+00) (18, -2.53823206988773497628e+00) 
