FANN_FLO_2.1
num_layers=3
learning_rate=0.700000
connection_rate=1.000000
network_type=0
learning_momentum=0.000000
training_algorithm=2
train_error_function=1
train_stop_function=1
cascade_output_change_fraction=0.010000
quickprop_decay=-0.000100
quickprop_mu=1.750000
rprop_increase_factor=1.200000
rprop_decrease_factor=0.500000
rprop_delta_min=0.000000
rprop_delta_max=50.000000
rprop_delta_zero=0.100000
cascade_output_stagnation_epochs=12
cascade_candidate_change_fraction=0.010000
cascade_candidate_stagnation_epochs=12
cascade_max_out_epochs=150
cascade_min_out_epochs=50
cascade_max_cand_epochs=150
cascade_min_cand_epochs=50
cascade_num_candidate_groups=2
bit_fail_limit=1.00000000000000005551e-01
cascade_candidate_limit=1.00000000000000000000e+03
cascade_weight_multiplier=4.00000000000000022204e-01
cascade_activation_functions_count=10
cascade_activation_functions=3 5 7 8 10 11 14 15 16 17 
cascade_activation_steepnesses_count=4
cascade_activation_steepnesses=2.50000000000000000000e-01 5.00000000000000000000e-01 7.50000000000000000000e-01 1.00000000000000000000e+00 
layer_sizes=15 4 2 
scale_included=0
neurons (num_inputs, activation_function, activation_steepness)=(0, 0, 0.00000000000000000000e+00) (0, 0, 0.00000000000000000000e+00) (0, 0, 0.00000000000000000000e+00) (0, 0, 0.00000000000000000000e+00) (0, 0, 0.00000000000000000000e+00) (0, 0, 0.00000000000000000000e+00) (0, 0, 0.00000000000000000000e+00) (0, 0, 0.00000000000000000000e+00) (0, 0, 0.00000000000000000000e+00) (0, 0, 0.00000000000000000000e+00) (0, 0, 0.00000000000000000000e+00) (0, 0, 0.00000000000000000000e+00) (0, 0, 0.00000000000000000000e+00) (0, 0, 0.00000000000000000000e+00) (0, 0, 0.00000000000000000000e+00) (15, 6, 5.00000000000000000000e-01) (15, 6, 5.00000000000000000000e-01) (15, 6, 5.00000000000000000000e-01) (0, 6, 0.00000000000000000000e+00) (4, 4, 5.00000000000000000000e-01) (0, 4, 0.00000000000000000000e+00) 
connections (connected_to_neuron, weight)=(0, 4.39474622683207805096e+00) (1, -3.27302351392666501795e+00) (2, -4.26768828516399634232e-01) (3, -1.19923955817740335306e+00) (4, -2.11183428516192517321e+00) (5, -2.14142703016800961535e+00) (6, 2.97758026852695056874e+00) (7, -2.03485292693181119006e+00) (8, -3.22655722233127706389e+00) (9, -7.81949162350621840289e-01) (10, -1.16040372346561326822e+00) (11, -2.17382262399001202624e+00) (12, -2.02369251973657116039e+00) (13, -3.06739472163368942503e+00) (14, 3.17379829013918346448e+00) (0, -6.07533355623556925451e+00) (1, 2.22940927980074610204e+00) (2, -6.00295203405701166544e-02) (3, 3.20629770637176569892e+00) (4, 3.48699017529741395194e+00) (5, 1.04013214439241341580e+00) (6, -1.69508072734462311715e+00) (7, 1.18387652555169342605e+00) (8, 1.05097352200115912169e+00) (9, 1.74902663827193188828e-01) (10, 3.46805776571289170462e+00) (11, 1.07602110684005713992e+00) (12, 1.30324764436064977069e+00) (13, 1.57566052186299754290e+00) (14, -7.90284851661739784490e-01) (0, -6.22029711872412516271e+00) (1, 2.17468906430134500951e+00) (2, 6.15883990266736375263e-02) (3, 3.03711462779821061986e+00) (4, 3.14096158011735582249e+00) (5, 9.81830729098005172695e-01) (6, -1.67188731581555893868e+00) (7, 9.52326456011218902553e-01) (8, 1.77190121701431646528e+00) (9, 3.39616605228149487372e-02) (10, 3.06114447875798845189e+00) (11, 1.00454066872684455447e+00) (12, 1.22655350601254675702e+00) (13, 1.93971113579037934826e+00) (14, -1.24636823916778372023e+00) (15, -1.30015340997479746932e+01) (16, 1.34180632632061991316e+00) (17, 1.53816110626378121928e+00) (18, -1.24323417602518926373e+00) 
