FANN_FLO_2.1
num_layers=3
learning_rate=0.700000
connection_rate=1.000000
network_type=0
learning_momentum=0.000000
training_algorithm=2
train_error_function=1
train_stop_function=1
cascade_output_change_fraction=0.010000
quickprop_decay=-0.000100
quickprop_mu=1.750000
rprop_increase_factor=1.200000
rprop_decrease_factor=0.500000
rprop_delta_min=0.000000
rprop_delta_max=50.000000
rprop_delta_zero=0.100000
cascade_output_stagnation_epochs=12
cascade_candidate_change_fraction=0.010000
cascade_candidate_stagnation_epochs=12
cascade_max_out_epochs=150
cascade_min_out_epochs=50
cascade_max_cand_epochs=150
cascade_min_cand_epochs=50
cascade_num_candidate_groups=2
bit_fail_limit=1.00000000000000005551e-01
cascade_candidate_limit=1.00000000000000000000e+03
cascade_weight_multiplier=4.00000000000000022204e-01
cascade_activation_functions_count=10
cascade_activation_functions=3 5 7 8 10 11 14 15 16 17 
cascade_activation_steepnesses_count=4
cascade_activation_steepnesses=2.50000000000000000000e-01 5.00000000000000000000e-01 7.50000000000000000000e-01 1.00000000000000000000e+00 
layer_sizes=11 4 2 
scale_included=0
neurons (num_inputs, activation_function, activation_steepness)=(0, 0, 0.00000000000000000000e+00) (0, 0, 0.00000000000000000000e+00) (0, 0, 0.00000000000000000000e+00) (0, 0, 0.00000000000000000000e+00) (0, 0, 0.00000000000000000000e+00) (0, 0, 0.00000000000000000000e+00) (0, 0, 0.00000000000000000000e+00) (0, 0, 0.00000000000000000000e+00) (0, 0, 0.00000000000000000000e+00) (0, 0, 0.00000000000000000000e+00) (0, 0, 0.00000000000000000000e+00) (11, 6, 5.00000000000000000000e-01) (11, 6, 5.00000000000000000000e-01) (11, 6, 5.00000000000000000000e-01) (0, 6, 0.00000000000000000000e+00) (4, 4, 5.00000000000000000000e-01) (0, 4, 0.00000000000000000000e+00) 
connections (connected_to_neuron, weight)=(0, -9.38562874429320070924e-02) (1, 1.25621952280741555619e+00) (2, 1.24151838770070011009e+00) (3, 7.15719415466387176572e-01) (4, 6.51454872111875915586e-01) (5, 1.31152214274149758744e+00) (6, 5.80318407880173747770e-01) (7, 8.07645900766451263486e-01) (8, 8.42398727474134911830e-01) (9, 5.70999500659038483619e-01) (10, -1.07555126404970557985e+00) (0, 6.66293851552260374405e+00) (1, -1.78668873759035795601e+00) (2, -1.18822534449634664711e+00) (3, -1.20688961623867907491e+00) (4, -1.88040847785410769610e+00) (5, -1.76456081124071806343e+00) (6, -1.09608698708522211973e+00) (7, -1.15581357656678118673e+00) (8, -1.97303282134476876131e+00) (9, -1.14150897751387669921e+00) (10, 1.39518861628954593535e+00) (0, -1.48372725412409756096e+00) (1, 1.68457593557443185972e+00) (2, 2.68893736654042081469e+00) (3, 1.28864359476257139825e+00) (4, 1.34908435859371000909e+00) (5, 1.78486118254270120786e+00) (6, 1.42238505742372933760e+00) (7, 1.30231281735587889337e+00) (8, 8.14346202978830313590e-01) (9, 1.20865090140861730639e+00) (10, -5.75890558572495825373e-01) (11, 1.70726271147228203517e+00) (12, -1.47555167085741292254e+01) (13, 1.52997305061514010660e+00) (14, -1.62020658098667613700e+00) 
