FANN_FLO_2.1
num_layers=3
learning_rate=0.700000
connection_rate=1.000000
network_type=0
learning_momentum=0.000000
training_algorithm=2
train_error_function=1
train_stop_function=1
cascade_output_change_fraction=0.010000
quickprop_decay=-0.000100
quickprop_mu=1.750000
rprop_increase_factor=1.200000
rprop_decrease_factor=0.500000
rprop_delta_min=0.000000
rprop_delta_max=50.000000
rprop_delta_zero=0.100000
cascade_output_stagnation_epochs=12
cascade_candidate_change_fraction=0.010000
cascade_candidate_stagnation_epochs=12
cascade_max_out_epochs=150
cascade_min_out_epochs=50
cascade_max_cand_epochs=150
cascade_min_cand_epochs=50
cascade_num_candidate_groups=2
bit_fail_limit=1.00000000000000005551e-01
cascade_candidate_limit=1.00000000000000000000e+03
cascade_weight_multiplier=4.00000000000000022204e-01
cascade_activation_functions_count=10
cascade_activation_functions=3 5 7 8 10 11 14 15 16 17 
cascade_activation_steepnesses_count=4
cascade_activation_steepnesses=2.50000000000000000000e-01 5.00000000000000000000e-01 7.50000000000000000000e-01 1.00000000000000000000e+00 
layer_sizes=9 4 2 
scale_included=0
neurons (num_inputs, activation_function, activation_steepness)=(0, 0, 0.00000000000000000000e+00) (0, 0, 0.00000000000000000000e+00) (0, 0, 0.00000000000000000000e+00) (0, 0, 0.00000000000000000000e+00) (0, 0, 0.00000000000000000000e+00) (0, 0, 0.00000000000000000000e+00) (0, 0, 0.00000000000000000000e+00) (0, 0, 0.00000000000000000000e+00) (0, 0, 0.00000000000000000000e+00) (9, 6, 5.00000000000000000000e-01) (9, 6, 5.00000000000000000000e-01) (9, 6, 5.00000000000000000000e-01) (0, 6, 0.00000000000000000000e+00) (4, 4, 5.00000000000000000000e-01) (0, 4, 0.00000000000000000000e+00) 
connections (connected_to_neuron, weight)=(0, 2.38721002647160507326e-01) (1, -4.66334297819463450274e-01) (2, -5.23417403508353529240e-01) (3, -6.06827884488855384681e-01) (4, -9.74714192409628782388e-02) (5, 7.20589090583089036945e-02) (6, -4.36355709596006058337e-01) (7, 1.45137192024167249738e-01) (8, 5.36606801281365841660e-01) (0, -5.56855207524282214138e+00) (1, 5.46502473155489010281e+00) (2, 4.02040564499113362018e+00) (3, 2.77536580804751009666e+00) (4, 1.57228128027656910426e+00) (5, -9.27634069611060319005e-01) (6, 3.07000043275395650966e+00) (7, -2.50655650503458637957e+00) (8, -5.66232481441480395290e+00) (0, -9.16638680661392868387e-01) (1, 1.29419280612410481091e+00) (2, 2.86107321451583329619e+00) (3, 1.85723388419101298474e+00) (4, 1.02202835038378547772e+00) (5, -1.49625517747351499676e-01) (6, 6.25653644835544642255e-01) (7, -4.24500368812795736417e-01) (8, -1.36563446738866312025e+00) (9, -1.76589431764707760486e+00) (10, 7.95510914441370342587e+00) (11, 1.73403941696728192134e+00) (12, -2.18733882526287493064e+00) 
