FANN_FLO_2.1
num_layers=3
learning_rate=0.700000
connection_rate=1.000000
network_type=0
learning_momentum=0.000000
training_algorithm=2
train_error_function=1
train_stop_function=1
cascade_output_change_fraction=0.010000
quickprop_decay=-0.000100
quickprop_mu=1.750000
rprop_increase_factor=1.200000
rprop_decrease_factor=0.500000
rprop_delta_min=0.000000
rprop_delta_max=50.000000
rprop_delta_zero=0.100000
cascade_output_stagnation_epochs=12
cascade_candidate_change_fraction=0.010000
cascade_candidate_stagnation_epochs=12
cascade_max_out_epochs=150
cascade_min_out_epochs=50
cascade_max_cand_epochs=150
cascade_min_cand_epochs=50
cascade_num_candidate_groups=2
bit_fail_limit=1.00000000000000005551e-01
cascade_candidate_limit=1.00000000000000000000e+03
cascade_weight_multiplier=4.00000000000000022204e-01
cascade_activation_functions_count=10
cascade_activation_functions=3 5 7 8 10 11 14 15 16 17 
cascade_activation_steepnesses_count=4
cascade_activation_steepnesses=2.50000000000000000000e-01 5.00000000000000000000e-01 7.50000000000000000000e-01 1.00000000000000000000e+00 
layer_sizes=9 4 2 
scale_included=0
neurons (num_inputs, activation_function, activation_steepness)=(0, 0, 0.00000000000000000000e+00) (0, 0, 0.00000000000000000000e+00) (0, 0, 0.00000000000000000000e+00) (0, 0, 0.00000000000000000000e+00) (0, 0, 0.00000000000000000000e+00) (0, 0, 0.00000000000000000000e+00) (0, 0, 0.00000000000000000000e+00) (0, 0, 0.00000000000000000000e+00) (0, 0, 0.00000000000000000000e+00) (9, 6, 5.00000000000000000000e-01) (9, 6, 5.00000000000000000000e-01) (9, 6, 5.00000000000000000000e-01) (0, 6, 0.00000000000000000000e+00) (4, 4, 5.00000000000000000000e-01) (0, 4, 0.00000000000000000000e+00) 
connections (connected_to_neuron, weight)=(0, 1.23530700934509329869e+00) (1, -1.03800621841298545966e+00) (2, -7.30878197444555510742e+00) (3, -8.76517289047298975291e-01) (4, 5.35555658498512943133e-01) (5, 1.94547649841448699881e+00) (6, -3.69842943925754730206e-01) (7, 2.09101565134432165749e+00) (8, 2.49342964644032427657e+00) (0, -3.82692814514732776443e-02) (1, 5.19735976454741166464e+00) (2, -1.51306918274193025198e+00) (3, -3.05981756525907488964e+00) (4, -1.51055779539922374610e+00) (5, -1.06793796039879054782e-01) (6, -4.37684981343443624269e+00) (7, -1.04235073325969507252e+00) (8, 2.71916660941445668953e-02) (0, -1.52665504624870362882e+00) (1, 4.84382840757172949964e+00) (2, -1.12658593279576080270e+00) (3, -4.40722876567773869105e-01) (4, -8.43922893259074324845e-01) (5, -4.03635101990892586343e-01) (6, -4.29480455337665698035e-02) (7, 1.66469477308204605315e+00) (8, -1.63655601813793527555e+00) (9, -5.40842915328655138296e+00) (10, 2.07992869561773829901e+00) (11, 2.21022415107648706467e+00) (12, -4.03530916016260832180e+00) 
