FANN_FLO_2.1
num_layers=3
learning_rate=0.700000
connection_rate=1.000000
network_type=0
learning_momentum=0.000000
training_algorithm=2
train_error_function=1
train_stop_function=1
cascade_output_change_fraction=0.010000
quickprop_decay=-0.000100
quickprop_mu=1.750000
rprop_increase_factor=1.200000
rprop_decrease_factor=0.500000
rprop_delta_min=0.000000
rprop_delta_max=50.000000
rprop_delta_zero=0.100000
cascade_output_stagnation_epochs=12
cascade_candidate_change_fraction=0.010000
cascade_candidate_stagnation_epochs=12
cascade_max_out_epochs=150
cascade_min_out_epochs=50
cascade_max_cand_epochs=150
cascade_min_cand_epochs=50
cascade_num_candidate_groups=2
bit_fail_limit=1.00000000000000005551e-01
cascade_candidate_limit=1.00000000000000000000e+03
cascade_weight_multiplier=4.00000000000000022204e-01
cascade_activation_functions_count=10
cascade_activation_functions=3 5 7 8 10 11 14 15 16 17 
cascade_activation_steepnesses_count=4
cascade_activation_steepnesses=2.50000000000000000000e-01 5.00000000000000000000e-01 7.50000000000000000000e-01 1.00000000000000000000e+00 
layer_sizes=8 4 2 
scale_included=0
neurons (num_inputs, activation_function, activation_steepness)=(0, 0, 0.00000000000000000000e+00) (0, 0, 0.00000000000000000000e+00) (0, 0, 0.00000000000000000000e+00) (0, 0, 0.00000000000000000000e+00) (0, 0, 0.00000000000000000000e+00) (0, 0, 0.00000000000000000000e+00) (0, 0, 0.00000000000000000000e+00) (0, 0, 0.00000000000000000000e+00) (8, 6, 5.00000000000000000000e-01) (8, 6, 5.00000000000000000000e-01) (8, 6, 5.00000000000000000000e-01) (0, 6, 0.00000000000000000000e+00) (4, 4, 5.00000000000000000000e-01) (0, 4, 0.00000000000000000000e+00) 
connections (connected_to_neuron, weight)=(0, -4.58471177994682677070e-01) (1, 2.65307172382043088277e+00) (2, 4.58204446495131756389e-01) (3, -1.68797212990526679377e+00) (4, 1.30753459581180084825e+01) (5, 1.47529369323552828064e+00) (6, 4.93467556007497698545e-01) (7, -1.07582716768601849289e+00) (0, 2.41322146489879019171e+00) (1, -3.15839300667348688023e+00) (2, -1.19104484040118596688e+00) (3, -1.72642500382679031645e+00) (4, -2.19298109596386225917e+00) (5, 5.01187376343138146773e-01) (6, 1.84188175575927504113e+00) (7, 2.58972506038944505491e+00) (0, -1.56937350433388522752e+00) (1, 2.33798553751073256990e+00) (2, 1.91746314995061672981e+00) (3, 2.32849943034205342229e+00) (4, 1.54129097864571296128e+00) (5, 1.71976382337473948647e-01) (6, -2.24057975422283783828e+00) (7, -1.63904668118873408922e+00) (8, 2.09142936911742216566e+00) (9, -2.21626103275094443745e+01) (10, 2.17597427416949429357e+00) (11, -1.29108567954694342106e+00) 
