FANN_FLO_2.1
num_layers=3
learning_rate=0.700000
connection_rate=1.000000
network_type=0
learning_momentum=0.000000
training_algorithm=2
train_error_function=1
train_stop_function=1
cascade_output_change_fraction=0.010000
quickprop_decay=-0.000100
quickprop_mu=1.750000
rprop_increase_factor=1.200000
rprop_decrease_factor=0.500000
rprop_delta_min=0.000000
rprop_delta_max=50.000000
rprop_delta_zero=0.100000
cascade_output_stagnation_epochs=12
cascade_candidate_change_fraction=0.010000
cascade_candidate_stagnation_epochs=12
cascade_max_out_epochs=150
cascade_min_out_epochs=50
cascade_max_cand_epochs=150
cascade_min_cand_epochs=50
cascade_num_candidate_groups=2
bit_fail_limit=1.00000000000000005551e-01
cascade_candidate_limit=1.00000000000000000000e+03
cascade_weight_multiplier=4.00000000000000022204e-01
cascade_activation_functions_count=10
cascade_activation_functions=3 5 7 8 10 11 14 15 16 17 
cascade_activation_steepnesses_count=4
cascade_activation_steepnesses=2.50000000000000000000e-01 5.00000000000000000000e-01 7.50000000000000000000e-01 1.00000000000000000000e+00 
layer_sizes=8 4 2 
scale_included=0
neurons (num_inputs, activation_function, activation_steepness)=(0, 0, 0.00000000000000000000e+00) (0, 0, 0.00000000000000000000e+00) (0, 0, 0.00000000000000000000e+00) (0, 0, 0.00000000000000000000e+00) (0, 0, 0.00000000000000000000e+00) (0, 0, 0.00000000000000000000e+00) (0, 0, 0.00000000000000000000e+00) (0, 0, 0.00000000000000000000e+00) (8, 6, 5.00000000000000000000e-01) (8, 6, 5.00000000000000000000e-01) (8, 6, 5.00000000000000000000e-01) (0, 6, 0.00000000000000000000e+00) (4, 4, 5.00000000000000000000e-01) (0, 4, 0.00000000000000000000e+00) 
connections (connected_to_neuron, weight)=(0, 2.10370321580048896815e-01) (1, 3.67840067053381236661e-01) (2, 1.25458156554140554118e-01) (3, 8.61690384728091840483e-02) (4, 8.25123866480964307524e-02) (5, 5.38109583241123193287e-02) (6, 1.96104001758732215954e-01) (7, 9.91516006127111382273e-02) (0, 1.41423486377223572852e+00) (1, -2.92567692042141658249e+00) (2, -1.24046752092158013570e-01) (3, 5.57303909528948260288e-01) (4, 5.38074795473314715366e-01) (5, 5.75637746918894244175e-01) (6, 7.69771884694789965131e-01) (7, 1.73561749018259647848e+00) (0, -6.68879331334088833572e-01) (1, 2.92295073563248841708e+00) (2, 3.32141173255049326762e-01) (3, -8.05190184398148933731e-01) (4, -4.97532515275881714878e-01) (5, -4.47957681912587113437e-01) (6, -4.12383405912325806675e-01) (7, -9.58564027295801479589e-01) (8, 3.27898437432395550850e-01) (9, -6.86393010113377233239e+00) (10, 4.90769846785592811500e+00) (11, -1.09582427286946315625e+00) 
