FANN_FLO_2.1
num_layers=3
learning_rate=0.700000
connection_rate=1.000000
network_type=0
learning_momentum=0.000000
training_algorithm=2
train_error_function=1
train_stop_function=1
cascade_output_change_fraction=0.010000
quickprop_decay=-0.000100
quickprop_mu=1.750000
rprop_increase_factor=1.200000
rprop_decrease_factor=0.500000
rprop_delta_min=0.000000
rprop_delta_max=50.000000
rprop_delta_zero=0.100000
cascade_output_stagnation_epochs=12
cascade_candidate_change_fraction=0.010000
cascade_candidate_stagnation_epochs=12
cascade_max_out_epochs=150
cascade_min_out_epochs=50
cascade_max_cand_epochs=150
cascade_min_cand_epochs=50
cascade_num_candidate_groups=2
bit_fail_limit=1.00000000000000005551e-01
cascade_candidate_limit=1.00000000000000000000e+03
cascade_weight_multiplier=4.00000000000000022204e-01
cascade_activation_functions_count=10
cascade_activation_functions=3 5 7 8 10 11 14 15 16 17 
cascade_activation_steepnesses_count=4
cascade_activation_steepnesses=2.50000000000000000000e-01 5.00000000000000000000e-01 7.50000000000000000000e-01 1.00000000000000000000e+00 
layer_sizes=17 4 2 
scale_included=0
neurons (num_inputs, activation_function, activation_steepness)=(0, 0, 0.00000000000000000000e+00) (0, 0, 0.00000000000000000000e+00) (0, 0, 0.00000000000000000000e+00) (0, 0, 0.00000000000000000000e+00) (0, 0, 0.00000000000000000000e+00) (0, 0, 0.00000000000000000000e+00) (0, 0, 0.00000000000000000000e+00) (0, 0, 0.00000000000000000000e+00) (0, 0, 0.00000000000000000000e+00) (0, 0, 0.00000000000000000000e+00) (0, 0, 0.00000000000000000000e+00) (0, 0, 0.00000000000000000000e+00) (0, 0, 0.00000000000000000000e+00) (0, 0, 0.00000000000000000000e+00) (0, 0, 0.00000000000000000000e+00) (0, 0, 0.00000000000000000000e+00) (0, 0, 0.00000000000000000000e+00) (17, 6, 5.00000000000000000000e-01) (17, 6, 5.00000000000000000000e-01) (17, 6, 5.00000000000000000000e-01) (0, 6, 0.00000000000000000000e+00) (4, 4, 5.00000000000000000000e-01) (0, 4, 0.00000000000000000000e+00) 
connections (connected_to_neuron, weight)=(0, 7.71894556204245230191e+00) (1, -6.13584573697847179830e+00) (2, -1.07223098832166074956e+00) (3, -2.28945989721903320202e+00) (4, -1.06209385009960088908e+00) (5, -8.52525888333525827534e+00) (6, -6.05025098533773153520e+00) (7, -2.66362231017898931640e+00) (8, -8.78013283819759671189e+00) (9, -6.27571434219252100029e-01) (10, -1.10898853930961016623e+00) (11, -8.79975463510359112718e+00) (12, -6.08916268558644979692e+00) (13, -2.52605494253799722770e+00) (14, -8.94726274151435418958e+00) (15, -1.04032065792710670671e+00) (16, 5.85152208605158108412e+00) (0, 1.05453850934586093047e+01) (1, -5.59159468171802576109e+00) (2, -1.77274986094563713479e+00) (3, -2.36182214332757434150e+00) (4, -2.56333658032770372870e+00) (5, -7.46210420674930574592e+00) (6, -5.73212455230214157353e+00) (7, -2.25460092230872488628e+00) (8, -6.82363824405097307846e+00) (9, -3.48801039873958806936e+00) (10, -1.50884595124549392153e+00) (11, -5.82860315284264718372e+00) (12, -5.79380902817932774695e+00) (13, -1.78861128680196568297e+00) (14, -7.74521737838377877239e+00) (15, -1.06313394828469642839e+00) (16, 4.87884768807241719912e+00) (0, -1.78984099467288526597e+00) (1, 2.52611186966516410024e+00) (2, 1.55532000009154902642e+00) (3, 1.68362210129646538981e+00) (4, 6.54109830350739884786e-01) (5, 1.35454597250026487210e+00) (6, 2.47743932371926200986e+00) (7, 1.06415595110701932668e+00) (8, 2.07539606647220065128e+00) (9, 1.09253715585693278456e+00) (10, 1.39322322778579477109e+00) (11, 1.98809207116941233373e+00) (12, 2.51934293014793864174e+00) (13, 2.14083142423300554213e+00) (14, 9.12737451995304982511e-01) (15, 2.72820715946006986385e+00) (16, -2.33010514552028968893e+00) (17, -2.63480547606939374816e+00) (18, -2.95533042154732816797e+00) (19, 1.47109661882316311576e+00) (20, -6.27955146641871353452e-01) 
