FANN_FLO_2.1
num_layers=3
learning_rate=0.700000
connection_rate=1.000000
network_type=0
learning_momentum=0.000000
training_algorithm=2
train_error_function=1
train_stop_function=1
cascade_output_change_fraction=0.010000
quickprop_decay=-0.000100
quickprop_mu=1.750000
rprop_increase_factor=1.200000
rprop_decrease_factor=0.500000
rprop_delta_min=0.000000
rprop_delta_max=50.000000
rprop_delta_zero=0.100000
cascade_output_stagnation_epochs=12
cascade_candidate_change_fraction=0.010000
cascade_candidate_stagnation_epochs=12
cascade_max_out_epochs=150
cascade_min_out_epochs=50
cascade_max_cand_epochs=150
cascade_min_cand_epochs=50
cascade_num_candidate_groups=2
bit_fail_limit=1.00000000000000005551e-01
cascade_candidate_limit=1.00000000000000000000e+03
cascade_weight_multiplier=4.00000000000000022204e-01
cascade_activation_functions_count=10
cascade_activation_functions=3 5 7 8 10 11 14 15 16 17 
cascade_activation_steepnesses_count=4
cascade_activation_steepnesses=2.50000000000000000000e-01 5.00000000000000000000e-01 7.50000000000000000000e-01 1.00000000000000000000e+00 
layer_sizes=9 4 2 
scale_included=0
neurons (num_inputs, activation_function, activation_steepness)=(0, 0, 0.00000000000000000000e+00) (0, 0, 0.00000000000000000000e+00) (0, 0, 0.00000000000000000000e+00) (0, 0, 0.00000000000000000000e+00) (0, 0, 0.00000000000000000000e+00) (0, 0, 0.00000000000000000000e+00) (0, 0, 0.00000000000000000000e+00) (0, 0, 0.00000000000000000000e+00) (0, 0, 0.00000000000000000000e+00) (9, 6, 5.00000000000000000000e-01) (9, 6, 5.00000000000000000000e-01) (9, 6, 5.00000000000000000000e-01) (0, 6, 0.00000000000000000000e+00) (4, 4, 5.00000000000000000000e-01) (0, 4, 0.00000000000000000000e+00) 
connections (connected_to_neuron, weight)=(0, -8.12996029675205789111e-01) (1, 4.18595754275885190143e-01) (2, 9.33281158131783361576e-01) (3, 5.40379606124612665852e-01) (4, 4.67722138015679522738e-01) (5, 5.63869438691590341151e-01) (6, 6.02423805369589837611e-01) (7, 6.77073429896090539515e-01) (8, 1.38579891066589050430e-01) (0, -6.36063041853911936840e+00) (1, 2.10091073684747309258e+00) (2, 8.88675472718903902702e-01) (3, 8.67674252332874096361e-01) (4, 1.35524539226830442740e-01) (5, 5.00481100005333745528e-01) (6, 4.32940851467722320756e-01) (7, 5.07357246336619827076e-01) (8, -7.26184532504345225945e-01) (0, -6.21469163107879207786e+00) (1, 1.91904203109796145377e+00) (2, 1.22298690943164589662e+00) (3, 1.02380645477933507337e+00) (4, 4.34188836986363513315e-01) (5, 7.52047163469021673343e-01) (6, 5.17695612627142476292e-01) (7, 6.51099490878265019234e-01) (8, -9.30341244515350718203e-01) (9, 7.78243892004106707638e-01) (10, 9.12622797820199593843e+00) (11, 4.58414076872324827150e+00) (12, -1.74300450202741341599e+00) 
