FANN_FLO_2.1
num_layers=3
learning_rate=0.700000
connection_rate=1.000000
network_type=0
learning_momentum=0.000000
training_algorithm=2
train_error_function=1
train_stop_function=1
cascade_output_change_fraction=0.010000
quickprop_decay=-0.000100
quickprop_mu=1.750000
rprop_increase_factor=1.200000
rprop_decrease_factor=0.500000
rprop_delta_min=0.000000
rprop_delta_max=50.000000
rprop_delta_zero=0.100000
cascade_output_stagnation_epochs=12
cascade_candidate_change_fraction=0.010000
cascade_candidate_stagnation_epochs=12
cascade_max_out_epochs=150
cascade_min_out_epochs=50
cascade_max_cand_epochs=150
cascade_min_cand_epochs=50
cascade_num_candidate_groups=2
bit_fail_limit=1.00000000000000005551e-01
cascade_candidate_limit=1.00000000000000000000e+03
cascade_weight_multiplier=4.00000000000000022204e-01
cascade_activation_functions_count=10
cascade_activation_functions=3 5 7 8 10 11 14 15 16 17 
cascade_activation_steepnesses_count=4
cascade_activation_steepnesses=2.50000000000000000000e-01 5.00000000000000000000e-01 7.50000000000000000000e-01 1.00000000000000000000e+00 
layer_sizes=6 4 2 
scale_included=0
neurons (num_inputs, activation_function, activation_steepness)=(0, 0, 0.00000000000000000000e+00) (0, 0, 0.00000000000000000000e+00) (0, 0, 0.00000000000000000000e+00) (0, 0, 0.00000000000000000000e+00) (0, 0, 0.00000000000000000000e+00) (0, 0, 0.00000000000000000000e+00) (6, 6, 5.00000000000000000000e-01) (6, 6, 5.00000000000000000000e-01) (6, 6, 5.00000000000000000000e-01) (0, 6, 0.00000000000000000000e+00) (4, 4, 5.00000000000000000000e-01) (0, 4, 0.00000000000000000000e+00) 
connections (connected_to_neuron, weight)=(0, -3.43736680933447313890e+00) (1, 3.71878325824445754577e+00) (2, -2.39756031745741088335e-01) (3, 4.20245947137398978555e+00) (4, -3.89369181209871406679e-01) (5, -3.51872939207764101610e+00) (0, -2.11633481540525192344e+00) (1, 1.80838065676711701180e+00) (2, -2.71728376058818277272e-01) (3, 1.25770156970725355272e+00) (4, -3.21045637895097379921e-01) (5, -1.00251733015548927241e+00) (0, 7.82489378451656225621e-01) (1, -9.59706416389045302573e-01) (2, -2.06135866089966965364e-02) (3, 1.45692330558503894272e-02) (4, 7.20094405088473749066e-02) (5, 1.73640016616274706074e-01) (6, 1.26353606818781827315e+01) (7, 1.19506545755493420735e+00) (8, -3.74768112417133536507e-01) (9, -1.33064289991685802406e+00) 
