FANN_FLO_2.1
num_layers=3
learning_rate=0.700000
connection_rate=1.000000
network_type=0
learning_momentum=0.000000
training_algorithm=2
train_error_function=1
train_stop_function=1
cascade_output_change_fraction=0.010000
quickprop_decay=-0.000100
quickprop_mu=1.750000
rprop_increase_factor=1.200000
rprop_decrease_factor=0.500000
rprop_delta_min=0.000000
rprop_delta_max=50.000000
rprop_delta_zero=0.100000
cascade_output_stagnation_epochs=12
cascade_candidate_change_fraction=0.010000
cascade_candidate_stagnation_epochs=12
cascade_max_out_epochs=150
cascade_min_out_epochs=50
cascade_max_cand_epochs=150
cascade_min_cand_epochs=50
cascade_num_candidate_groups=2
bit_fail_limit=1.00000000000000005551e-01
cascade_candidate_limit=1.00000000000000000000e+03
cascade_weight_multiplier=4.00000000000000022204e-01
cascade_activation_functions_count=10
cascade_activation_functions=3 5 7 8 10 11 14 15 16 17 
cascade_activation_steepnesses_count=4
cascade_activation_steepnesses=2.50000000000000000000e-01 5.00000000000000000000e-01 7.50000000000000000000e-01 1.00000000000000000000e+00 
layer_sizes=12 4 2 
scale_included=0
neurons (num_inputs, activation_function, activation_steepness)=(0, 0, 0.00000000000000000000e+00) (0, 0, 0.00000000000000000000e+00) (0, 0, 0.00000000000000000000e+00) (0, 0, 0.00000000000000000000e+00) (0, 0, 0.00000000000000000000e+00) (0, 0, 0.00000000000000000000e+00) (0, 0, 0.00000000000000000000e+00) (0, 0, 0.00000000000000000000e+00) (0, 0, 0.00000000000000000000e+00) (0, 0, 0.00000000000000000000e+00) (0, 0, 0.00000000000000000000e+00) (0, 0, 0.00000000000000000000e+00) (12, 6, 5.00000000000000000000e-01) (12, 6, 5.00000000000000000000e-01) (12, 6, 5.00000000000000000000e-01) (0, 6, 0.00000000000000000000e+00) (4, 4, 5.00000000000000000000e-01) (0, 4, 0.00000000000000000000e+00) 
connections (connected_to_neuron, weight)=(0, -1.55145556383691509694e+01) (1, -1.22113992425622774896e+00) (2, 1.23470379568276698024e+01) (3, 6.29373433940532578390e+00) (4, -4.50316839789486778045e+00) (5, 3.22615215774149810546e-01) (6, -3.18320649395718424657e+00) (7, -1.14249248146737492071e+00) (8, 1.22953948937579511380e+01) (9, 2.56639359411008571854e+00) (10, -1.17712451425024045015e+00) (11, -2.59992867564609111963e-02) (0, 8.29638844163807753773e+00) (1, 1.61294282295313551323e+00) (2, 1.29229742898356175784e-01) (3, 1.51937327404666278063e+00) (4, 1.68832596259298362007e+00) (5, 2.46348731143030658108e-01) (6, -2.77000441492200577542e+00) (7, 1.20667305876025343636e+00) (8, 6.44448749294215583738e-01) (9, -2.53224676717527374947e+00) (10, -6.81453473569354831185e-03) (11, -5.10449274996697011098e-01) (0, 8.24882702023648839429e+00) (1, -5.21171026501817014065e-01) (2, 6.80318341850961405548e-01) (3, 2.65590195808916895714e+00) (4, 9.38642410049914333037e-01) (5, 3.64227850923770357650e-01) (6, -2.73735033521076376317e+00) (7, -4.47371948050655943163e-01) (8, 5.88686109644937505259e-01) (9, -2.72712262086668166816e+00) (10, -3.04154494279757603437e-01) (11, -1.77463211078475113780e+00) (12, 7.37876279915720001412e+00) (13, -3.51788710004582538815e+00) (14, -1.44583118301877604495e+01) (15, 6.16902193097605633376e-01) 
