FANN_FLO_2.1
num_layers=3
learning_rate=0.700000
connection_rate=1.000000
network_type=0
learning_momentum=0.000000
training_algorithm=2
train_error_function=1
train_stop_function=1
cascade_output_change_fraction=0.010000
quickprop_decay=-0.000100
quickprop_mu=1.750000
rprop_increase_factor=1.200000
rprop_decrease_factor=0.500000
rprop_delta_min=0.000000
rprop_delta_max=50.000000
rprop_delta_zero=0.100000
cascade_output_stagnation_epochs=12
cascade_candidate_change_fraction=0.010000
cascade_candidate_stagnation_epochs=12
cascade_max_out_epochs=150
cascade_min_out_epochs=50
cascade_max_cand_epochs=150
cascade_min_cand_epochs=50
cascade_num_candidate_groups=2
bit_fail_limit=1.00000000000000005551e-01
cascade_candidate_limit=1.00000000000000000000e+03
cascade_weight_multiplier=4.00000000000000022204e-01
cascade_activation_functions_count=10
cascade_activation_functions=3 5 7 8 10 11 14 15 16 17 
cascade_activation_steepnesses_count=4
cascade_activation_steepnesses=2.50000000000000000000e-01 5.00000000000000000000e-01 7.50000000000000000000e-01 1.00000000000000000000e+00 
layer_sizes=7 4 2 
scale_included=0
neurons (num_inputs, activation_function, activation_steepness)=(0, 0, 0.00000000000000000000e+00) (0, 0, 0.00000000000000000000e+00) (0, 0, 0.00000000000000000000e+00) (0, 0, 0.00000000000000000000e+00) (0, 0, 0.00000000000000000000e+00) (0, 0, 0.00000000000000000000e+00) (0, 0, 0.00000000000000000000e+00) (7, 6, 5.00000000000000000000e-01) (7, 6, 5.00000000000000000000e-01) (7, 6, 5.00000000000000000000e-01) (0, 6, 0.00000000000000000000e+00) (4, 4, 5.00000000000000000000e-01) (0, 4, 0.00000000000000000000e+00) 
connections (connected_to_neuron, weight)=(0, -5.17659930497334386246e-01) (1, 2.52573859535109523922e-01) (2, 7.68313239583998976168e-03) (3, -1.12215832208422489069e-01) (4, -1.33232981491827412457e-01) (5, 2.00747715985435309927e-01) (6, 3.06265452270366236864e-02) (0, 6.32002323995435655313e-01) (1, -9.68144984472011776999e-02) (2, 5.60474671425698955929e-01) (3, -6.90933065329286943967e-02) (4, 2.07443000459310508687e-02) (5, 6.95360987825445614474e-02) (6, 6.40175213964768036190e-02) (0, -2.87332760001066267463e+00) (1, 2.24052778768680393995e+00) (2, 1.57739447188769910113e+00) (3, 3.42934644372414254576e+00) (4, 9.49477950517314983614e-01) (5, 2.12783763500912304067e+00) (6, -3.02819512205308249975e+00) (7, -1.23248829452603118284e+02) (8, -1.88920746450054216625e-01) (9, 5.61786338183191773510e+01) (10, -1.15549601014430436408e+00) 
