FANN_FLO_2.1
num_layers=3
learning_rate=0.700000
connection_rate=1.000000
network_type=0
learning_momentum=0.000000
training_algorithm=2
train_error_function=1
train_stop_function=1
cascade_output_change_fraction=0.010000
quickprop_decay=-0.000100
quickprop_mu=1.750000
rprop_increase_factor=1.200000
rprop_decrease_factor=0.500000
rprop_delta_min=0.000000
rprop_delta_max=50.000000
rprop_delta_zero=0.100000
cascade_output_stagnation_epochs=12
cascade_candidate_change_fraction=0.010000
cascade_candidate_stagnation_epochs=12
cascade_max_out_epochs=150
cascade_min_out_epochs=50
cascade_max_cand_epochs=150
cascade_min_cand_epochs=50
cascade_num_candidate_groups=2
bit_fail_limit=1.00000000000000005551e-01
cascade_candidate_limit=1.00000000000000000000e+03
cascade_weight_multiplier=4.00000000000000022204e-01
cascade_activation_functions_count=10
cascade_activation_functions=3 5 7 8 10 11 14 15 16 17 
cascade_activation_steepnesses_count=4
cascade_activation_steepnesses=2.50000000000000000000e-01 5.00000000000000000000e-01 7.50000000000000000000e-01 1.00000000000000000000e+00 
layer_sizes=9 4 2 
scale_included=0
neurons (num_inputs, activation_function, activation_steepness)=(0, 0, 0.00000000000000000000e+00) (0, 0, 0.00000000000000000000e+00) (0, 0, 0.00000000000000000000e+00) (0, 0, 0.00000000000000000000e+00) (0, 0, 0.00000000000000000000e+00) (0, 0, 0.00000000000000000000e+00) (0, 0, 0.00000000000000000000e+00) (0, 0, 0.00000000000000000000e+00) (0, 0, 0.00000000000000000000e+00) (9, 6, 5.00000000000000000000e-01) (9, 6, 5.00000000000000000000e-01) (9, 6, 5.00000000000000000000e-01) (0, 6, 0.00000000000000000000e+00) (4, 4, 5.00000000000000000000e-01) (0, 4, 0.00000000000000000000e+00) 
connections (connected_to_neuron, weight)=(0, -1.69870643251688591135e+00) (1, 1.71138318930418664721e+00) (2, 1.91433232717545059876e-01) (3, 8.22856086814803266982e-02) (4, -9.88882061494835262749e-01) (5, -4.34116176446568080571e-01) (6, -3.66552039166580745366e-01) (7, -5.18058500369679042485e-01) (8, 9.58781602483706751894e-02) (0, -4.36910905728495269074e+00) (1, 4.37876494447148001399e+00) (2, 2.43266969596778848128e-01) (3, -1.76645127922922307029e-01) (4, -1.54438329411566721561e+00) (5, -1.13207135524059121501e+00) (6, -1.07842872466350381266e+00) (7, -1.03908235754276101481e+00) (8, -3.66059918350539192922e-01) (0, -4.17916916737711563457e+00) (1, 4.11265210668003700079e+00) (2, 3.27189413044485233328e-01) (3, 6.89740683728160552945e-02) (4, -2.59370191901119895306e+00) (5, -1.23814365341975718415e+00) (6, -1.25460803582980662263e+00) (7, -1.37582134529664545930e+00) (8, -9.07783625489090306715e-02) (9, 1.69343132690341491298e+00) (10, 4.26626377413427970708e+00) (11, 1.71809374333174247340e+00) (12, -6.99466256860219459668e-01) 
