FANN_FLO_2.1
num_layers=3
learning_rate=0.700000
connection_rate=1.000000
network_type=0
learning_momentum=0.000000
training_algorithm=2
train_error_function=1
train_stop_function=1
cascade_output_change_fraction=0.010000
quickprop_decay=-0.000100
quickprop_mu=1.750000
rprop_increase_factor=1.200000
rprop_decrease_factor=0.500000
rprop_delta_min=0.000000
rprop_delta_max=50.000000
rprop_delta_zero=0.100000
cascade_output_stagnation_epochs=12
cascade_candidate_change_fraction=0.010000
cascade_candidate_stagnation_epochs=12
cascade_max_out_epochs=150
cascade_min_out_epochs=50
cascade_max_cand_epochs=150
cascade_min_cand_epochs=50
cascade_num_candidate_groups=2
bit_fail_limit=1.00000000000000005551e-01
cascade_candidate_limit=1.00000000000000000000e+03
cascade_weight_multiplier=4.00000000000000022204e-01
cascade_activation_functions_count=10
cascade_activation_functions=3 5 7 8 10 11 14 15 16 17 
cascade_activation_steepnesses_count=4
cascade_activation_steepnesses=2.50000000000000000000e-01 5.00000000000000000000e-01 7.50000000000000000000e-01 1.00000000000000000000e+00 
layer_sizes=8 4 2 
scale_included=0
neurons (num_inputs, activation_function, activation_steepness)=(0, 0, 0.00000000000000000000e+00) (0, 0, 0.00000000000000000000e+00) (0, 0, 0.00000000000000000000e+00) (0, 0, 0.00000000000000000000e+00) (0, 0, 0.00000000000000000000e+00) (0, 0, 0.00000000000000000000e+00) (0, 0, 0.00000000000000000000e+00) (0, 0, 0.00000000000000000000e+00) (8, 6, 5.00000000000000000000e-01) (8, 6, 5.00000000000000000000e-01) (8, 6, 5.00000000000000000000e-01) (0, 6, 0.00000000000000000000e+00) (4, 4, 5.00000000000000000000e-01) (0, 4, 0.00000000000000000000e+00) 
connections (connected_to_neuron, weight)=(0, 3.56982252134175476188e-02) (1, 4.30230881331699732684e-01) (2, 4.04106496748336374569e-01) (3, 3.84524057490851445262e-01) (4, 1.33933271460879698561e-02) (5, 2.19037078157689968361e-01) (6, 7.15299744200931369997e-02) (7, 1.78138719178804721954e-01) (0, 2.10340677652265295450e+00) (1, -4.61432132762288116368e+00) (2, -2.36235987802649072265e+00) (3, -4.32344445699745971723e+00) (4, 3.70900359299560333781e+00) (5, -3.13119272271004667196e-01) (6, 4.39303742826776577601e+00) (7, 2.05861573371793493692e+00) (0, -2.94459746902091179521e+00) (1, 3.48892406576425440079e+00) (2, 8.05910031063570952981e-01) (3, 1.73673089216772602583e+01) (4, 1.49462782661995396971e+00) (5, 3.43423401611129763822e+00) (6, 2.63602643900788802256e-01) (7, -1.38834944797925108340e+00) (8, 4.19996959737731878626e-01) (9, -2.09227189540483102803e+01) (10, 4.28709935815069176357e+00) (11, -1.38649218169123811251e+00) 
