FANN_FLO_2.1
num_layers=3
learning_rate=0.700000
connection_rate=1.000000
network_type=0
learning_momentum=0.000000
training_algorithm=2
train_error_function=1
train_stop_function=1
cascade_output_change_fraction=0.010000
quickprop_decay=-0.000100
quickprop_mu=1.750000
rprop_increase_factor=1.200000
rprop_decrease_factor=0.500000
rprop_delta_min=0.000000
rprop_delta_max=50.000000
rprop_delta_zero=0.100000
cascade_output_stagnation_epochs=12
cascade_candidate_change_fraction=0.010000
cascade_candidate_stagnation_epochs=12
cascade_max_out_epochs=150
cascade_min_out_epochs=50
cascade_max_cand_epochs=150
cascade_min_cand_epochs=50
cascade_num_candidate_groups=2
bit_fail_limit=1.00000000000000005551e-01
cascade_candidate_limit=1.00000000000000000000e+03
cascade_weight_multiplier=4.00000000000000022204e-01
cascade_activation_functions_count=10
cascade_activation_functions=3 5 7 8 10 11 14 15 16 17 
cascade_activation_steepnesses_count=4
cascade_activation_steepnesses=2.50000000000000000000e-01 5.00000000000000000000e-01 7.50000000000000000000e-01 1.00000000000000000000e+00 
layer_sizes=12 4 2 
scale_included=0
neurons (num_inputs, activation_function, activation_steepness)=(0, 0, 0.00000000000000000000e+00) (0, 0, 0.00000000000000000000e+00) (0, 0, 0.00000000000000000000e+00) (0, 0, 0.00000000000000000000e+00) (0, 0, 0.00000000000000000000e+00) (0, 0, 0.00000000000000000000e+00) (0, 0, 0.00000000000000000000e+00) (0, 0, 0.00000000000000000000e+00) (0, 0, 0.00000000000000000000e+00) (0, 0, 0.00000000000000000000e+00) (0, 0, 0.00000000000000000000e+00) (0, 0, 0.00000000000000000000e+00) (12, 6, 5.00000000000000000000e-01) (12, 6, 5.00000000000000000000e-01) (12, 6, 5.00000000000000000000e-01) (0, 6, 0.00000000000000000000e+00) (4, 4, 5.00000000000000000000e-01) (0, 4, 0.00000000000000000000e+00) 
connections (connected_to_neuron, weight)=(0, -2.30886605207290290798e-01) (1, 2.00968194241536268763e+00) (2, 5.78850811577279578124e-01) (3, 1.78414095089489049828e-01) (4, -8.52828904699685197421e-01) (5, -1.62979556850502277365e-01) (6, -8.51688166063843010711e-01) (7, 7.52107116401494302238e-01) (8, 7.72443348452789391168e-01) (9, 8.92188530299163895521e-01) (10, 2.90076847116401970172e-01) (11, -3.85896871023408305490e-01) (0, 2.34219314877884166037e+00) (1, -1.78450335597861808878e+00) (2, -3.60920906933845708764e+00) (3, 4.71793817115685298891e-01) (4, 2.83044550000120542776e+00) (5, -1.88682730147300192769e+00) (6, 3.11636940679399820908e+00) (7, -2.21960968300097905015e+00) (8, -1.45982622832764818988e+00) (9, -1.23938421350633132256e+00) (10, -1.71274471195214061936e+00) (11, 2.28030788128273265158e+00) (0, -5.01301371056885880506e+00) (1, 1.96439396316559289346e+00) (2, 3.12124164451869434700e+00) (3, 2.67188625285560199529e-01) (4, -2.08778708915018995640e+00) (5, 5.02511572650232452020e+00) (6, -2.73291410777987131553e+00) (7, 8.19348365399015454713e-01) (8, 3.71943084276408097999e-01) (9, 1.79966750260633223668e+00) (10, 4.63444980107019177673e-01) (11, -1.35837715153832339077e+00) (12, 4.32369492718179238011e+00) (13, -8.07567093471281260975e+00) (14, 8.96803331775101497669e+00) (15, -1.99823843589400329535e+00) 
