FANN_FLO_2.1
num_layers=3
learning_rate=0.700000
connection_rate=1.000000
network_type=0
learning_momentum=0.000000
training_algorithm=2
train_error_function=1
train_stop_function=1
cascade_output_change_fraction=0.010000
quickprop_decay=-0.000100
quickprop_mu=1.750000
rprop_increase_factor=1.200000
rprop_decrease_factor=0.500000
rprop_delta_min=0.000000
rprop_delta_max=50.000000
rprop_delta_zero=0.100000
cascade_output_stagnation_epochs=12
cascade_candidate_change_fraction=0.010000
cascade_candidate_stagnation_epochs=12
cascade_max_out_epochs=150
cascade_min_out_epochs=50
cascade_max_cand_epochs=150
cascade_min_cand_epochs=50
cascade_num_candidate_groups=2
bit_fail_limit=1.00000000000000005551e-01
cascade_candidate_limit=1.00000000000000000000e+03
cascade_weight_multiplier=4.00000000000000022204e-01
cascade_activation_functions_count=10
cascade_activation_functions=3 5 7 8 10 11 14 15 16 17 
cascade_activation_steepnesses_count=4
cascade_activation_steepnesses=2.50000000000000000000e-01 5.00000000000000000000e-01 7.50000000000000000000e-01 1.00000000000000000000e+00 
layer_sizes=13 4 2 
scale_included=0
neurons (num_inputs, activation_function, activation_steepness)=(0, 0, 0.00000000000000000000e+00) (0, 0, 0.00000000000000000000e+00) (0, 0, 0.00000000000000000000e+00) (0, 0, 0.00000000000000000000e+00) (0, 0, 0.00000000000000000000e+00) (0, 0, 0.00000000000000000000e+00) (0, 0, 0.00000000000000000000e+00) (0, 0, 0.00000000000000000000e+00) (0, 0, 0.00000000000000000000e+00) (0, 0, 0.00000000000000000000e+00) (0, 0, 0.00000000000000000000e+00) (0, 0, 0.00000000000000000000e+00) (0, 0, 0.00000000000000000000e+00) (13, 6, 5.00000000000000000000e-01) (13, 6, 5.00000000000000000000e-01) (13, 6, 5.00000000000000000000e-01) (0, 6, 0.00000000000000000000e+00) (4, 4, 5.00000000000000000000e-01) (0, 4, 0.00000000000000000000e+00) 
connections (connected_to_neuron, weight)=(0, -5.92437681282036976427e+00) (1, 1.50837374502085297401e+00) (2, 1.90255176686801807939e+00) (3, -4.33885966838861658612e-01) (4, -3.26646850855613901654e-01) (5, -3.26190920026565744916e-01) (6, 2.07888283169841869835e+00) (7, -4.54306352225412157786e-01) (8, -3.39159778345295870317e-01) (9, -4.73753157344926623118e-01) (10, -1.33260479440895293624e-02) (11, -1.54398700842707747860e+00) (12, -6.04853921223433510512e-01) (0, -5.93074733490222172350e+00) (1, 1.58863431238792984779e+00) (2, 1.87088050359048740923e+00) (3, -2.75447921307350351849e-01) (4, -4.59735163898731424847e-01) (5, -4.20817655922437861005e-01) (6, 2.17697416580295666222e+00) (7, -5.64256000605691809824e-01) (8, -3.97007516611287192276e-01) (9, -4.69557675806154040110e-01) (10, -5.08892005553451612365e-02) (11, -1.39847433069794790939e+00) (12, -6.05827138412745491713e-01) (0, -2.43242366514886843021e+00) (1, 1.30395688306950141566e+00) (2, 8.31552609377932294699e-01) (3, -1.97055461502500361970e-01) (4, -3.06003343732234700525e-01) (5, -3.12256618925738638204e-01) (6, 9.48108014028720025301e-01) (7, -1.70657619477848049305e-01) (8, -9.82587461178049959010e-03) (9, -4.66713734451850492668e-01) (10, -7.77962349595741342601e-03) (11, -1.92604692928954635001e+00) (12, -4.01491073669169584726e-01) (13, 5.32994293450398881618e+00) (14, 1.19499285989621046866e+01) (15, 3.16134184341432078469e+00) (16, -1.13756564912527613487e+00) 
