FANN_FLO_2.1
num_layers=3
learning_rate=0.700000
connection_rate=1.000000
network_type=0
learning_momentum=0.000000
training_algorithm=2
train_error_function=1
train_stop_function=1
cascade_output_change_fraction=0.010000
quickprop_decay=-0.000100
quickprop_mu=1.750000
rprop_increase_factor=1.200000
rprop_decrease_factor=0.500000
rprop_delta_min=0.000000
rprop_delta_max=50.000000
rprop_delta_zero=0.100000
cascade_output_stagnation_epochs=12
cascade_candidate_change_fraction=0.010000
cascade_candidate_stagnation_epochs=12
cascade_max_out_epochs=150
cascade_min_out_epochs=50
cascade_max_cand_epochs=150
cascade_min_cand_epochs=50
cascade_num_candidate_groups=2
bit_fail_limit=1.00000000000000005551e-01
cascade_candidate_limit=1.00000000000000000000e+03
cascade_weight_multiplier=4.00000000000000022204e-01
cascade_activation_functions_count=10
cascade_activation_functions=3 5 7 8 10 11 14 15 16 17 
cascade_activation_steepnesses_count=4
cascade_activation_steepnesses=2.50000000000000000000e-01 5.00000000000000000000e-01 7.50000000000000000000e-01 1.00000000000000000000e+00 
layer_sizes=10 4 2 
scale_included=0
neurons (num_inputs, activation_function, activation_steepness)=(0, 0, 0.00000000000000000000e+00) (0, 0, 0.00000000000000000000e+00) (0, 0, 0.00000000000000000000e+00) (0, 0, 0.00000000000000000000e+00) (0, 0, 0.00000000000000000000e+00) (0, 0, 0.00000000000000000000e+00) (0, 0, 0.00000000000000000000e+00) (0, 0, 0.00000000000000000000e+00) (0, 0, 0.00000000000000000000e+00) (0, 0, 0.00000000000000000000e+00) (10, 6, 5.00000000000000000000e-01) (10, 6, 5.00000000000000000000e-01) (10, 6, 5.00000000000000000000e-01) (0, 6, 0.00000000000000000000e+00) (4, 4, 5.00000000000000000000e-01) (0, 4, 0.00000000000000000000e+00) 
connections (connected_to_neuron, weight)=(0, 3.56560751777729428164e-03) (1, 9.36971720217696701916e-01) (2, 1.29967378761405544241e-01) (3, 7.12302432320760514628e-01) (4, -2.55326588538192095212e-02) (5, 9.72554094246720901573e-02) (6, -6.18095224002199877811e-02) (7, 9.90478599884272781217e-01) (8, 1.35291272486601865666e+00) (9, -9.67369674446720839711e-02) (0, -1.33159502187183953481e+00) (1, 3.03612204224613080328e+00) (2, 5.79743142437439407111e-01) (3, 8.91096597486771613283e-01) (4, -3.30238005384798416486e+00) (5, -3.87570005166441799993e-01) (6, -5.16331615277175304257e-01) (7, 2.96332978416547909717e+00) (8, 2.93503197986946240405e+00) (9, -1.20560081301889154837e+00) (0, 6.86863800735270091380e-01) (1, -1.27164086253397701221e+00) (2, 1.96292269791904006038e-01) (3, -1.04015463478732184122e+00) (4, 1.13953266980846912304e+00) (5, 1.10151171163790223551e-01) (6, 1.25410421640402613974e+00) (7, -1.37497552566690850462e+00) (8, -1.20544243266451123198e+00) (9, 4.31483510969680517100e-01) (10, 1.32312839150113004116e+00) (11, 1.28320305762114301729e+01) (12, -1.41443991083107678541e+00) (13, -1.94306361458972287615e+00) 
