FANN_FLO_2.1
num_layers=3
learning_rate=0.700000
connection_rate=1.000000
network_type=0
learning_momentum=0.000000
training_algorithm=2
train_error_function=1
train_stop_function=1
cascade_output_change_fraction=0.010000
quickprop_decay=-0.000100
quickprop_mu=1.750000
rprop_increase_factor=1.200000
rprop_decrease_factor=0.500000
rprop_delta_min=0.000000
rprop_delta_max=50.000000
rprop_delta_zero=0.100000
cascade_output_stagnation_epochs=12
cascade_candidate_change_fraction=0.010000
cascade_candidate_stagnation_epochs=12
cascade_max_out_epochs=150
cascade_min_out_epochs=50
cascade_max_cand_epochs=150
cascade_min_cand_epochs=50
cascade_num_candidate_groups=2
bit_fail_limit=1.00000000000000005551e-01
cascade_candidate_limit=1.00000000000000000000e+03
cascade_weight_multiplier=4.00000000000000022204e-01
cascade_activation_functions_count=10
cascade_activation_functions=3 5 7 8 10 11 14 15 16 17 
cascade_activation_steepnesses_count=4
cascade_activation_steepnesses=2.50000000000000000000e-01 5.00000000000000000000e-01 7.50000000000000000000e-01 1.00000000000000000000e+00 
layer_sizes=6 4 2 
scale_included=0
neurons (num_inputs, activation_function, activation_steepness)=(0, 0, 0.00000000000000000000e+00) (0, 0, 0.00000000000000000000e+00) (0, 0, 0.00000000000000000000e+00) (0, 0, 0.00000000000000000000e+00) (0, 0, 0.00000000000000000000e+00) (0, 0, 0.00000000000000000000e+00) (6, 6, 5.00000000000000000000e-01) (6, 6, 5.00000000000000000000e-01) (6, 6, 5.00000000000000000000e-01) (0, 6, 0.00000000000000000000e+00) (4, 4, 5.00000000000000000000e-01) (0, 4, 0.00000000000000000000e+00) 
connections (connected_to_neuron, weight)=(0, 3.14317168260176971195e-01) (1, 1.50000000000000000000e+03) (2, 7.01542076192712471538e-01) (3, 3.57972429152054246515e+02) (4, 1.50000000000000000000e+03) (5, -2.77500461147726584787e-01) (0, -1.11554469686239521309e+00) (1, -9.71566062832456278642e-01) (2, -9.53889456308356198377e-01) (3, 6.16021642467047603198e-01) (4, -1.18527364921296118894e+00) (5, 1.17221916054092867299e+00) (0, 9.07016694526636468865e-01) (1, 1.50000000000000000000e+03) (2, 1.06667394061208042899e+00) (3, 6.20206573730679693313e+01) (4, 1.50000000000000000000e+03) (5, 6.31913459399009863615e-02) (6, 3.50913890752069113077e+00) (7, -1.19673235175423712917e+02) (8, 1.29623919230889761423e+00) (9, -7.33488756370449301869e-01) 
