FANN_FLO_2.1
num_layers=3
learning_rate=0.700000
connection_rate=1.000000
network_type=0
learning_momentum=0.000000
training_algorithm=2
train_error_function=1
train_stop_function=1
cascade_output_change_fraction=0.010000
quickprop_decay=-0.000100
quickprop_mu=1.750000
rprop_increase_factor=1.200000
rprop_decrease_factor=0.500000
rprop_delta_min=0.000000
rprop_delta_max=50.000000
rprop_delta_zero=0.100000
cascade_output_stagnation_epochs=12
cascade_candidate_change_fraction=0.010000
cascade_candidate_stagnation_epochs=12
cascade_max_out_epochs=150
cascade_min_out_epochs=50
cascade_max_cand_epochs=150
cascade_min_cand_epochs=50
cascade_num_candidate_groups=2
bit_fail_limit=1.00000000000000005551e-01
cascade_candidate_limit=1.00000000000000000000e+03
cascade_weight_multiplier=4.00000000000000022204e-01
cascade_activation_functions_count=10
cascade_activation_functions=3 5 7 8 10 11 14 15 16 17 
cascade_activation_steepnesses_count=4
cascade_activation_steepnesses=2.50000000000000000000e-01 5.00000000000000000000e-01 7.50000000000000000000e-01 1.00000000000000000000e+00 
layer_sizes=12 4 2 
scale_included=0
neurons (num_inputs, activation_function, activation_steepness)=(0, 0, 0.00000000000000000000e+00) (0, 0, 0.00000000000000000000e+00) (0, 0, 0.00000000000000000000e+00) (0, 0, 0.00000000000000000000e+00) (0, 0, 0.00000000000000000000e+00) (0, 0, 0.00000000000000000000e+00) (0, 0, 0.00000000000000000000e+00) (0, 0, 0.00000000000000000000e+00) (0, 0, 0.00000000000000000000e+00) (0, 0, 0.00000000000000000000e+00) (0, 0, 0.00000000000000000000e+00) (0, 0, 0.00000000000000000000e+00) (12, 6, 5.00000000000000000000e-01) (12, 6, 5.00000000000000000000e-01) (12, 6, 5.00000000000000000000e-01) (0, 6, 0.00000000000000000000e+00) (4, 4, 5.00000000000000000000e-01) (0, 4, 0.00000000000000000000e+00) 
connections (connected_to_neuron, weight)=(0, -2.10364835426390150985e+00) (1, 2.97193180521570754493e+00) (2, 6.46156125411844861617e-01) (3, 1.52659116956449070202e+00) (4, 1.38372224864638226904e+00) (5, -2.60168813261254461278e-01) (6, -1.98643742145311308356e+00) (7, 1.03079634161305810913e+00) (8, -1.10466508204560742712e+00) (9, 4.10693206265113408548e-01) (10, 1.23575291233782325051e+00) (11, -1.21456724850973940555e+00) (0, -2.04642872601926262277e+00) (1, 2.38844267235479978950e+00) (2, 9.47078222558904281314e-01) (3, 2.11497324963122013131e+00) (4, 1.67446161919632929838e+00) (5, -2.78770006848296114654e-01) (6, -2.22448277676211469966e+00) (7, 1.01840939374280359253e+00) (8, -2.71055884758526666189e+00) (9, 2.99265420916806801355e-01) (10, 1.61029544180439243561e+00) (11, -1.21080161331734514896e+00) (0, 2.11373884812918078069e+00) (1, -1.54755178258545567083e+00) (2, -1.20767555196450038224e+00) (3, -9.10914514747042436404e-01) (4, -9.32871016239613881638e-01) (5, 5.84172741844578569115e-01) (6, 2.19324272306036771596e+00) (7, -1.73030612238266490177e-01) (8, 1.75439866231840024824e+00) (9, -7.26508253433312406466e-02) (10, -6.61290844134310717983e-01) (11, 2.12426616990651195849e+00) (12, 1.57656007409227463256e+01) (13, 2.40158026046016104260e+01) (14, -3.57539682875104736226e+00) (15, -1.57000423256130239302e+00) 
