FANN_FLO_2.1
num_layers=3
learning_rate=0.700000
connection_rate=1.000000
network_type=0
learning_momentum=0.000000
training_algorithm=2
train_error_function=1
train_stop_function=1
cascade_output_change_fraction=0.010000
quickprop_decay=-0.000100
quickprop_mu=1.750000
rprop_increase_factor=1.200000
rprop_decrease_factor=0.500000
rprop_delta_min=0.000000
rprop_delta_max=50.000000
rprop_delta_zero=0.100000
cascade_output_stagnation_epochs=12
cascade_candidate_change_fraction=0.010000
cascade_candidate_stagnation_epochs=12
cascade_max_out_epochs=150
cascade_min_out_epochs=50
cascade_max_cand_epochs=150
cascade_min_cand_epochs=50
cascade_num_candidate_groups=2
bit_fail_limit=1.00000000000000005551e-01
cascade_candidate_limit=1.00000000000000000000e+03
cascade_weight_multiplier=4.00000000000000022204e-01
cascade_activation_functions_count=10
cascade_activation_functions=3 5 7 8 10 11 14 15 16 17 
cascade_activation_steepnesses_count=4
cascade_activation_steepnesses=2.50000000000000000000e-01 5.00000000000000000000e-01 7.50000000000000000000e-01 1.00000000000000000000e+00 
layer_sizes=10 4 2 
scale_included=0
neurons (num_inputs, activation_function, activation_steepness)=(0, 0, 0.00000000000000000000e+00) (0, 0, 0.00000000000000000000e+00) (0, 0, 0.00000000000000000000e+00) (0, 0, 0.00000000000000000000e+00) (0, 0, 0.00000000000000000000e+00) (0, 0, 0.00000000000000000000e+00) (0, 0, 0.00000000000000000000e+00) (0, 0, 0.00000000000000000000e+00) (0, 0, 0.00000000000000000000e+00) (0, 0, 0.00000000000000000000e+00) (10, 6, 5.00000000000000000000e-01) (10, 6, 5.00000000000000000000e-01) (10, 6, 5.00000000000000000000e-01) (0, 6, 0.00000000000000000000e+00) (4, 4, 5.00000000000000000000e-01) (0, 4, 0.00000000000000000000e+00) 
connections (connected_to_neuron, weight)=(0, -2.93206944138785230436e-02) (1, 3.78205173265712513153e-01) (2, 1.63458399192579761916e-01) (3, 7.75080469731765475672e-01) (4, -1.77151697068702013160e-01) (5, 3.68884925764247709190e-02) (6, -1.27022640394663793861e-01) (7, 3.95367700090222651266e-01) (8, 3.97509033364281449963e-01) (9, -1.89759730369826185026e-02) (0, -1.00416891380533934708e+00) (1, 1.73364072874118324563e+00) (2, 2.21804025222986811450e-01) (3, 2.44524456946328822005e-01) (4, -1.37933428310346917200e+00) (5, -2.44144994051986363726e-01) (6, -1.42269692204959080639e-01) (7, 2.01274133679992806023e+00) (8, 1.63050034036488900036e+00) (9, -9.78437298083159823214e-01) (0, -5.63379361138192313874e-01) (1, 1.86612731799413156253e+00) (2, 1.21892808576553934863e-01) (3, 3.71957160918191698240e-01) (4, -1.47615577750397042323e+00) (5, -2.68106925519042638140e-01) (6, -2.93200335286624036435e-01) (7, 1.94876056370861205913e+00) (8, 2.20090086930326256365e+00) (9, -1.02833958818897963639e+00) (10, 7.86077690605598178308e-01) (11, 1.27659453596460625846e+01) (12, 1.27748530055868432243e+01) (13, -9.95024466061446566378e-01) 
