FANN_FLO_2.1
num_layers=3
learning_rate=0.700000
connection_rate=1.000000
network_type=0
learning_momentum=0.000000
training_algorithm=2
train_error_function=1
train_stop_function=1
cascade_output_change_fraction=0.010000
quickprop_decay=-0.000100
quickprop_mu=1.750000
rprop_increase_factor=1.200000
rprop_decrease_factor=0.500000
rprop_delta_min=0.000000
rprop_delta_max=50.000000
rprop_delta_zero=0.100000
cascade_output_stagnation_epochs=12
cascade_candidate_change_fraction=0.010000
cascade_candidate_stagnation_epochs=12
cascade_max_out_epochs=150
cascade_min_out_epochs=50
cascade_max_cand_epochs=150
cascade_min_cand_epochs=50
cascade_num_candidate_groups=2
bit_fail_limit=1.00000000000000005551e-01
cascade_candidate_limit=1.00000000000000000000e+03
cascade_weight_multiplier=4.00000000000000022204e-01
cascade_activation_functions_count=10
cascade_activation_functions=3 5 7 8 10 11 14 15 16 17 
cascade_activation_steepnesses_count=4
cascade_activation_steepnesses=2.50000000000000000000e-01 5.00000000000000000000e-01 7.50000000000000000000e-01 1.00000000000000000000e+00 
layer_sizes=13 4 2 
scale_included=0
neurons (num_inputs, activation_function, activation_steepness)=(0, 0, 0.00000000000000000000e+00) (0, 0, 0.00000000000000000000e+00) (0, 0, 0.00000000000000000000e+00) (0, 0, 0.00000000000000000000e+00) (0, 0, 0.00000000000000000000e+00) (0, 0, 0.00000000000000000000e+00) (0, 0, 0.00000000000000000000e+00) (0, 0, 0.00000000000000000000e+00) (0, 0, 0.00000000000000000000e+00) (0, 0, 0.00000000000000000000e+00) (0, 0, 0.00000000000000000000e+00) (0, 0, 0.00000000000000000000e+00) (0, 0, 0.00000000000000000000e+00) (13, 6, 5.00000000000000000000e-01) (13, 6, 5.00000000000000000000e-01) (13, 6, 5.00000000000000000000e-01) (0, 6, 0.00000000000000000000e+00) (4, 4, 5.00000000000000000000e-01) (0, 4, 0.00000000000000000000e+00) 
connections (connected_to_neuron, weight)=(0, -2.02616438590365710581e+00) (1, 2.27763805537301378124e+00) (2, 2.99177982610471737690e-01) (3, 6.49555572451419455104e-02) (4, -3.61581496569527593987e-01) (5, -1.95957272820550265635e+00) (6, 4.35355328720815670795e-01) (7, -2.36510834513835935256e-02) (8, -1.42298931268733636069e-01) (9, -2.02808351390439334239e+00) (10, 8.56426468241653637836e-02) (11, -1.37669527269195612895e+00) (12, -3.29457775186331291994e-01) (0, 2.11794247537928814751e+00) (1, -1.95330964092689729483e+00) (2, -1.02689312868143023394e+00) (3, 2.25838353760334842324e-01) (4, 2.84422494653116531005e-01) (5, 1.15378304590600033741e+00) (6, -9.62633480358371040886e-01) (7, 6.82666058612793336113e-02) (8, 1.46660589058244500427e-01) (9, 2.02549162566739315849e+00) (10, -1.46243048711605677648e-01) (11, 1.67475640567135419801e+00) (12, 2.88312815311800307860e-01) (0, -5.30589217428195336623e+00) (1, 5.31050538558590279337e+00) (2, 2.21317002117699390684e-02) (3, -2.41790817743537667095e-01) (4, -8.30628507698264462178e-01) (5, -1.01115398325752314790e+00) (6, 1.99290738940304523741e-02) (7, -3.79044396977967268381e-01) (8, -4.61525610893300297644e-01) (9, -1.08442088433336314424e+00) (10, 1.36613095796883410316e-01) (11, -3.62027692253301136560e+00) (12, -3.43264236262598776417e-01) (13, 8.77995071683085548386e-01) (14, -2.07240757547694531837e+00) (15, 5.19740660045373292775e+00) (16, -1.49642234650762429027e+00) 
