FANN_FLO_2.1
num_layers=3
learning_rate=0.700000
connection_rate=1.000000
network_type=0
learning_momentum=0.000000
training_algorithm=2
train_error_function=1
train_stop_function=1
cascade_output_change_fraction=0.010000
quickprop_decay=-0.000100
quickprop_mu=1.750000
rprop_increase_factor=1.200000
rprop_decrease_factor=0.500000
rprop_delta_min=0.000000
rprop_delta_max=50.000000
rprop_delta_zero=0.100000
cascade_output_stagnation_epochs=12
cascade_candidate_change_fraction=0.010000
cascade_candidate_stagnation_epochs=12
cascade_max_out_epochs=150
cascade_min_out_epochs=50
cascade_max_cand_epochs=150
cascade_min_cand_epochs=50
cascade_num_candidate_groups=2
bit_fail_limit=1.00000000000000005551e-01
cascade_candidate_limit=1.00000000000000000000e+03
cascade_weight_multiplier=4.00000000000000022204e-01
cascade_activation_functions_count=10
cascade_activation_functions=3 5 7 8 10 11 14 15 16 17 
cascade_activation_steepnesses_count=4
cascade_activation_steepnesses=2.50000000000000000000e-01 5.00000000000000000000e-01 7.50000000000000000000e-01 1.00000000000000000000e+00 
layer_sizes=12 4 2 
scale_included=0
neurons (num_inputs, activation_function, activation_steepness)=(0, 0, 0.00000000000000000000e+00) (0, 0, 0.00000000000000000000e+00) (0, 0, 0.00000000000000000000e+00) (0, 0, 0.00000000000000000000e+00) (0, 0, 0.00000000000000000000e+00) (0, 0, 0.00000000000000000000e+00) (0, 0, 0.00000000000000000000e+00) (0, 0, 0.00000000000000000000e+00) (0, 0, 0.00000000000000000000e+00) (0, 0, 0.00000000000000000000e+00) (0, 0, 0.00000000000000000000e+00) (0, 0, 0.00000000000000000000e+00) (12, 6, 5.00000000000000000000e-01) (12, 6, 5.00000000000000000000e-01) (12, 6, 5.00000000000000000000e-01) (0, 6, 0.00000000000000000000e+00) (4, 4, 5.00000000000000000000e-01) (0, 4, 0.00000000000000000000e+00) 
connections (connected_to_neuron, weight)=(0, -2.01528825987331750014e+00) (1, 1.28985727642093617185e+00) (2, 6.72327930997012712666e-01) (3, 3.80900364611742314747e-01) (4, 8.63089250107121763733e+00) (5, 1.23149292979751545651e+00) (6, -2.49776506872976977736e-01) (7, -1.13988171409477945240e+00) (8, -2.44900756593369983705e+00) (9, -7.47461069767362262795e-01) (10, -3.24601219465707480083e+00) (11, -4.62968382471410644374e-01) (0, -2.56501129860491283718e-01) (1, 2.78397973061335513023e-01) (2, 7.33132363448738111344e-01) (3, 3.64175330047442569192e-01) (4, 1.48490622802606742070e+00) (5, 1.77415480387812046770e-01) (6, 1.74935609465034197507e-01) (7, -1.85274359522515974508e-01) (8, -8.35837765058183856937e-01) (9, -2.24774947160359186982e-02) (10, -4.07861445104965580910e-01) (11, 1.57991826897056292234e-01) (0, -2.16639054198019342934e+00) (1, 1.31346405008373867673e+00) (2, 6.16940493653415300557e-01) (3, 3.15740593020317372730e-01) (4, 8.63253007908177671936e+00) (5, 1.26602686260257679685e+00) (6, -1.46605739446486166289e-01) (7, -1.10681256170978303821e+00) (8, -2.54128718267702602418e+00) (9, -6.87305119280702259132e-01) (10, -3.20153179635976492534e+00) (11, -4.12645469837991496487e-01) (12, 8.68329981793475447205e+00) (13, 5.91665194411535644292e-01) (14, 8.68650164534163771179e+00) (15, -4.67958557837812316738e-01) 
