FANN_FLO_2.1
num_layers=3
learning_rate=0.700000
connection_rate=1.000000
network_type=0
learning_momentum=0.000000
training_algorithm=2
train_error_function=1
train_stop_function=1
cascade_output_change_fraction=0.010000
quickprop_decay=-0.000100
quickprop_mu=1.750000
rprop_increase_factor=1.200000
rprop_decrease_factor=0.500000
rprop_delta_min=0.000000
rprop_delta_max=50.000000
rprop_delta_zero=0.100000
cascade_output_stagnation_epochs=12
cascade_candidate_change_fraction=0.010000
cascade_candidate_stagnation_epochs=12
cascade_max_out_epochs=150
cascade_min_out_epochs=50
cascade_max_cand_epochs=150
cascade_min_cand_epochs=50
cascade_num_candidate_groups=2
bit_fail_limit=1.00000000000000005551e-01
cascade_candidate_limit=1.00000000000000000000e+03
cascade_weight_multiplier=4.00000000000000022204e-01
cascade_activation_functions_count=10
cascade_activation_functions=3 5 7 8 10 11 14 15 16 17 
cascade_activation_steepnesses_count=4
cascade_activation_steepnesses=2.50000000000000000000e-01 5.00000000000000000000e-01 7.50000000000000000000e-01 1.00000000000000000000e+00 
layer_sizes=13 4 2 
scale_included=0
neurons (num_inputs, activation_function, activation_steepness)=(0, 0, 0.00000000000000000000e+00) (0, 0, 0.00000000000000000000e+00) (0, 0, 0.00000000000000000000e+00) (0, 0, 0.00000000000000000000e+00) (0, 0, 0.00000000000000000000e+00) (0, 0, 0.00000000000000000000e+00) (0, 0, 0.00000000000000000000e+00) (0, 0, 0.00000000000000000000e+00) (0, 0, 0.00000000000000000000e+00) (0, 0, 0.00000000000000000000e+00) (0, 0, 0.00000000000000000000e+00) (0, 0, 0.00000000000000000000e+00) (0, 0, 0.00000000000000000000e+00) (13, 6, 5.00000000000000000000e-01) (13, 6, 5.00000000000000000000e-01) (13, 6, 5.00000000000000000000e-01) (0, 6, 0.00000000000000000000e+00) (4, 4, 5.00000000000000000000e-01) (0, 4, 0.00000000000000000000e+00) 
connections (connected_to_neuron, weight)=(0, -3.02838657675488720500e+00) (1, 3.30700498120366370713e+00) (2, 3.41618236098884731078e+00) (3, -1.67642326469825619917e+00) (4, -2.01977282503519006696e+00) (5, -2.00019486734542795148e+00) (6, 3.54996062759756236815e+00) (7, -1.70029731284188145857e+00) (8, -2.13450788447532602277e+00) (9, -2.52001591512992328958e+00) (10, -1.54072471897410290254e+00) (11, -2.91115692882045040690e+00) (12, -2.10615786651048608746e+00) (0, -3.84540112846973425320e-01) (1, 3.50269455877898594487e-01) (2, 8.83784166311788332848e+00) (3, -1.86426716582931140120e-01) (4, -3.40847730263353798641e-01) (5, -3.95071460091951376370e-01) (6, 8.98747542088794482140e+00) (7, -2.02117006020701983626e-01) (8, -4.20060500207073250767e-01) (9, -4.76890273096687300480e-01) (10, -1.10022875206626458144e-01) (11, -3.65171874099853521756e-01) (12, -2.75809453958156702846e-01) (0, -4.71373683595208703423e-01) (1, 1.43865256795585705341e-01) (2, 1.42195099083837828147e+00) (3, -1.80188425298950849474e-01) (4, -1.73923232074997602403e-01) (5, -2.48724102210745284802e-01) (6, 1.57547257332262358176e+00) (7, -1.37014271811243926180e-01) (8, -3.67333165192155308709e-01) (9, -3.64768652998952336297e-01) (10, 5.69923768878280011946e-03) (11, -1.16264200079259208409e-01) (12, -1.83092407119020861295e-01) (13, 9.32546134872461962573e+00) (14, 1.49193149429805838047e+00) (15, 1.19330339324974055160e+00) (16, -2.00964362343384106424e+00) 
