FANN_FLO_2.1
num_layers=3
learning_rate=0.700000
connection_rate=1.000000
network_type=0
learning_momentum=0.000000
training_algorithm=2
train_error_function=1
train_stop_function=1
cascade_output_change_fraction=0.010000
quickprop_decay=-0.000100
quickprop_mu=1.750000
rprop_increase_factor=1.200000
rprop_decrease_factor=0.500000
rprop_delta_min=0.000000
rprop_delta_max=50.000000
rprop_delta_zero=0.100000
cascade_output_stagnation_epochs=12
cascade_candidate_change_fraction=0.010000
cascade_candidate_stagnation_epochs=12
cascade_max_out_epochs=150
cascade_min_out_epochs=50
cascade_max_cand_epochs=150
cascade_min_cand_epochs=50
cascade_num_candidate_groups=2
bit_fail_limit=1.00000000000000005551e-01
cascade_candidate_limit=1.00000000000000000000e+03
cascade_weight_multiplier=4.00000000000000022204e-01
cascade_activation_functions_count=10
cascade_activation_functions=3 5 7 8 10 11 14 15 16 17 
cascade_activation_steepnesses_count=4
cascade_activation_steepnesses=2.50000000000000000000e-01 5.00000000000000000000e-01 7.50000000000000000000e-01 1.00000000000000000000e+00 
layer_sizes=16 4 2 
scale_included=0
neurons (num_inputs, activation_function, activation_steepness)=(0, 0, 0.00000000000000000000e+00) (0, 0, 0.00000000000000000000e+00) (0, 0, 0.00000000000000000000e+00) (0, 0, 0.00000000000000000000e+00) (0, 0, 0.00000000000000000000e+00) (0, 0, 0.00000000000000000000e+00) (0, 0, 0.00000000000000000000e+00) (0, 0, 0.00000000000000000000e+00) (0, 0, 0.00000000000000000000e+00) (0, 0, 0.00000000000000000000e+00) (0, 0, 0.00000000000000000000e+00) (0, 0, 0.00000000000000000000e+00) (0, 0, 0.00000000000000000000e+00) (0, 0, 0.00000000000000000000e+00) (0, 0, 0.00000000000000000000e+00) (0, 0, 0.00000000000000000000e+00) (16, 6, 5.00000000000000000000e-01) (16, 6, 5.00000000000000000000e-01) (16, 6, 5.00000000000000000000e-01) (0, 6, 0.00000000000000000000e+00) (4, 4, 5.00000000000000000000e-01) (0, 4, 0.00000000000000000000e+00) 
connections (connected_to_neuron, weight)=(0, -1.60656166432787406162e-01) (1, 4.23588107312610373523e-01) (2, 4.59993014247188081178e-01) (3, -1.15816985426832622097e-01) (4, 2.25479511185348313607e-01) (5, 1.22610434341996282770e-01) (6, 7.38786304756103073821e-01) (7, 2.09450575719074272296e-01) (8, 9.62827556341192686284e-02) (9, -2.85986108242631320575e-01) (10, -2.07187597809721457676e-01) (11, 7.87665771706996475920e-01) (12, 8.67001751824317490325e-01) (13, -2.43462269364286887363e-01) (14, -1.09054763971258586452e-01) (15, -3.37378726199557998910e-01) (0, -1.22746080498710297135e+00) (1, 5.86639977981772098303e+00) (2, 2.36080085011726975575e-01) (3, -1.15625092725768707780e+00) (4, 1.13775144513133627533e-01) (5, -4.20857190808995618170e+00) (6, 4.87934599908597110840e-01) (7, -3.02496988712592340676e-01) (8, -2.41205815612120844094e-01) (9, -5.72666456719683081289e-01) (10, -1.21777244250789307145e+00) (11, 1.84173904813486638554e-01) (12, 5.16893844398266910645e-01) (13, -1.24802256714120529679e+00) (14, -1.20966858010306976823e+00) (15, -1.01293646550064520007e+00) (0, -7.88245185431251771391e-01) (1, 1.04282591092229903751e+00) (2, 1.39745978279405380640e-01) (3, -9.23138327118168122709e-01) (4, 5.98115999432271339131e-01) (5, -4.92111523128239136682e-01) (6, 2.32935124174880159309e-01) (7, 6.88497727743912601994e-01) (8, 1.49509706057268682011e-01) (9, 4.65893680938532644964e-02) (10, -8.54053481634865052641e-01) (11, 2.62607959197091234138e-01) (12, 5.17369940841249098540e-02) (13, -8.96807926859865434110e-01) (14, -8.77552702244529969633e-01) (15, 2.59663510478555653593e-02) (16, 4.84018828197185946305e-01) (17, 5.82473425557341251135e+00) (18, 3.92590016642501371535e-01) (19, -1.29809508066192291764e+00) 
