FANN_FLO_2.1
num_layers=3
learning_rate=0.700000
connection_rate=1.000000
network_type=0
learning_momentum=0.000000
training_algorithm=2
train_error_function=1
train_stop_function=1
cascade_output_change_fraction=0.010000
quickprop_decay=-0.000100
quickprop_mu=1.750000
rprop_increase_factor=1.200000
rprop_decrease_factor=0.500000
rprop_delta_min=0.000000
rprop_delta_max=50.000000
rprop_delta_zero=0.100000
cascade_output_stagnation_epochs=12
cascade_candidate_change_fraction=0.010000
cascade_candidate_stagnation_epochs=12
cascade_max_out_epochs=150
cascade_min_out_epochs=50
cascade_max_cand_epochs=150
cascade_min_cand_epochs=50
cascade_num_candidate_groups=2
bit_fail_limit=1.00000000000000005551e-01
cascade_candidate_limit=1.00000000000000000000e+03
cascade_weight_multiplier=4.00000000000000022204e-01
cascade_activation_functions_count=10
cascade_activation_functions=3 5 7 8 10 11 14 15 16 17 
cascade_activation_steepnesses_count=4
cascade_activation_steepnesses=2.50000000000000000000e-01 5.00000000000000000000e-01 7.50000000000000000000e-01 1.00000000000000000000e+00 
layer_sizes=7 4 2 
scale_included=0
neurons (num_inputs, activation_function, activation_steepness)=(0, 0, 0.00000000000000000000e+00) (0, 0, 0.00000000000000000000e+00) (0, 0, 0.00000000000000000000e+00) (0, 0, 0.00000000000000000000e+00) (0, 0, 0.00000000000000000000e+00) (0, 0, 0.00000000000000000000e+00) (0, 0, 0.00000000000000000000e+00) (7, 6, 5.00000000000000000000e-01) (7, 6, 5.00000000000000000000e-01) (7, 6, 5.00000000000000000000e-01) (0, 6, 0.00000000000000000000e+00) (4, 4, 5.00000000000000000000e-01) (0, 4, 0.00000000000000000000e+00) 
connections (connected_to_neuron, weight)=(0, 1.69189396489152255043e+00) (1, -5.87998951389618551566e-01) (2, -2.08806923134951682997e+00) (3, -3.03830881413220565967e-01) (4, -2.13120600241159419141e+00) (5, 5.23150751619707365947e-01) (6, 9.27540589914256585757e-01) (0, -1.41216300195814681295e+00) (1, 6.08606608806093851705e-01) (2, 3.09195291134185090698e+00) (3, 8.31732315958267465206e-01) (4, 3.04806198493867341881e+00) (5, 9.11261831101064512239e-01) (6, -5.58266738644725091234e-01) (0, -3.02546463609252525018e+00) (1, 4.72317530495024406889e+00) (2, 2.80790039202040908606e+00) (3, 1.31038404768457317218e+00) (4, 2.89397175346045898436e+00) (5, -3.03618470717673449855e-01) (6, -4.95431880504206656468e+00) (7, -4.24949998170591669577e+00) (8, 1.60564492179089546298e+00) (9, 7.70549149068791550121e+00) (10, -1.61871205036248611009e+00) 
