FANN_FLO_2.1
num_layers=3
learning_rate=0.700000
connection_rate=1.000000
network_type=0
learning_momentum=0.000000
training_algorithm=2
train_error_function=1
train_stop_function=1
cascade_output_change_fraction=0.010000
quickprop_decay=-0.000100
quickprop_mu=1.750000
rprop_increase_factor=1.200000
rprop_decrease_factor=0.500000
rprop_delta_min=0.000000
rprop_delta_max=50.000000
rprop_delta_zero=0.100000
cascade_output_stagnation_epochs=12
cascade_candidate_change_fraction=0.010000
cascade_candidate_stagnation_epochs=12
cascade_max_out_epochs=150
cascade_min_out_epochs=50
cascade_max_cand_epochs=150
cascade_min_cand_epochs=50
cascade_num_candidate_groups=2
bit_fail_limit=1.00000000000000005551e-01
cascade_candidate_limit=1.00000000000000000000e+03
cascade_weight_multiplier=4.00000000000000022204e-01
cascade_activation_functions_count=10
cascade_activation_functions=3 5 7 8 10 11 14 15 16 17 
cascade_activation_steepnesses_count=4
cascade_activation_steepnesses=2.50000000000000000000e-01 5.00000000000000000000e-01 7.50000000000000000000e-01 1.00000000000000000000e+00 
layer_sizes=16 4 2 
scale_included=0
neurons (num_inputs, activation_function, activation_steepness)=(0, 0, 0.00000000000000000000e+00) (0, 0, 0.00000000000000000000e+00) (0, 0, 0.00000000000000000000e+00) (0, 0, 0.00000000000000000000e+00) (0, 0, 0.00000000000000000000e+00) (0, 0, 0.00000000000000000000e+00) (0, 0, 0.00000000000000000000e+00) (0, 0, 0.00000000000000000000e+00) (0, 0, 0.00000000000000000000e+00) (0, 0, 0.00000000000000000000e+00) (0, 0, 0.00000000000000000000e+00) (0, 0, 0.00000000000000000000e+00) (0, 0, 0.00000000000000000000e+00) (0, 0, 0.00000000000000000000e+00) (0, 0, 0.00000000000000000000e+00) (0, 0, 0.00000000000000000000e+00) (16, 6, 5.00000000000000000000e-01) (16, 6, 5.00000000000000000000e-01) (16, 6, 5.00000000000000000000e-01) (0, 6, 0.00000000000000000000e+00) (4, 4, 5.00000000000000000000e-01) (0, 4, 0.00000000000000000000e+00) 
connections (connected_to_neuron, weight)=(0, -7.30792694432431932938e+00) (1, 3.29838130066008528019e+00) (2, 6.77301592482222547531e-01) (3, -5.51353077110438682951e-01) (4, 5.95172589265835383365e-01) (5, -7.09872569451402202212e-01) (6, 1.05082385559240854001e+00) (7, 8.89065383896366023819e-01) (8, 1.02473953269435469338e+00) (9, 2.87851775793516173607e-01) (10, 5.13987289853651274640e-03) (11, 1.12168369223787012245e+00) (12, 9.82231583644047612225e-01) (13, -4.02861485895305238003e-01) (14, 6.57927091022048493585e-01) (15, -1.51900390217774639012e+00) (0, -2.66662078811686598101e+00) (1, 1.02787198894172893127e+00) (2, 5.07593249598445095394e-01) (3, 1.93004901222705693709e-01) (4, 6.02966159698073100870e-01) (5, 1.53183514885425420271e-01) (6, 2.63581722695884757002e+00) (7, 3.01129024094923036792e-01) (8, 3.82166420737208523128e-01) (9, 4.34697438563360960551e-01) (10, 4.65875553710459189283e-02) (11, 1.03282599349171611003e+00) (12, 2.14474611491209454783e+00) (13, 7.45810146255491690503e-02) (14, 4.62082801161144529623e-01) (15, -1.45250531574952851388e-01) (0, -1.01950363317152037368e+00) (1, 4.80512902081191184411e-01) (2, 2.14446127911506689845e-01) (3, 1.54653060313185652941e-01) (4, 2.85442980922759603768e-01) (5, 1.68090715136250457018e-01) (6, 6.04424635767953577492e-01) (7, 3.35118240908963416214e-01) (8, 2.67252110441623780268e-01) (9, 1.26035276308156321545e-02) (10, 3.39595690417103301950e-01) (11, 6.27667345411591193205e-01) (12, 1.24258854115874384227e+00) (13, 2.78677186991890923906e-01) (14, 5.26952132410146378838e-01) (15, -1.82344728357217100712e-01) (16, 8.58733283676800596140e+00) (17, 5.11422710784320222466e-01) (18, 3.10084310273746610598e-01) (19, -1.70840284475159442934e+00) 
