FANN_FLO_2.1
num_layers=3
learning_rate=0.700000
connection_rate=1.000000
network_type=0
learning_momentum=0.000000
training_algorithm=2
train_error_function=1
train_stop_function=1
cascade_output_change_fraction=0.010000
quickprop_decay=-0.000100
quickprop_mu=1.750000
rprop_increase_factor=1.200000
rprop_decrease_factor=0.500000
rprop_delta_min=0.000000
rprop_delta_max=50.000000
rprop_delta_zero=0.100000
cascade_output_stagnation_epochs=12
cascade_candidate_change_fraction=0.010000
cascade_candidate_stagnation_epochs=12
cascade_max_out_epochs=150
cascade_min_out_epochs=50
cascade_max_cand_epochs=150
cascade_min_cand_epochs=50
cascade_num_candidate_groups=2
bit_fail_limit=1.00000000000000005551e-01
cascade_candidate_limit=1.00000000000000000000e+03
cascade_weight_multiplier=4.00000000000000022204e-01
cascade_activation_functions_count=10
cascade_activation_functions=3 5 7 8 10 11 14 15 16 17 
cascade_activation_steepnesses_count=4
cascade_activation_steepnesses=2.50000000000000000000e-01 5.00000000000000000000e-01 7.50000000000000000000e-01 1.00000000000000000000e+00 
layer_sizes=6 4 2 
scale_included=0
neurons (num_inputs, activation_function, activation_steepness)=(0, 0, 0.00000000000000000000e+00) (0, 0, 0.00000000000000000000e+00) (0, 0, 0.00000000000000000000e+00) (0, 0, 0.00000000000000000000e+00) (0, 0, 0.00000000000000000000e+00) (0, 0, 0.00000000000000000000e+00) (6, 6, 5.00000000000000000000e-01) (6, 6, 5.00000000000000000000e-01) (6, 6, 5.00000000000000000000e-01) (0, 6, 0.00000000000000000000e+00) (4, 4, 5.00000000000000000000e-01) (0, 4, 0.00000000000000000000e+00) 
connections (connected_to_neuron, weight)=(0, 1.24532322716036959742e-02) (1, 8.94754953988162737843e-02) (2, -3.69414628760207502944e-02) (3, -1.16836151115695408009e+00) (4, 1.05660752577360531057e-01) (5, -4.18167912860095192240e-01) (0, -5.60483628437261671706e+00) (1, 1.90594407855248237915e+00) (2, 1.39373180579272570867e+00) (3, -1.10456525712866171496e+00) (4, 2.03475675328921329355e-01) (5, -4.13565753534638369526e-01) (0, -5.60204397812824339553e+00) (1, 1.93953998326039100952e+00) (2, 9.25533644164771684970e-01) (3, -1.03393432676452978747e+00) (4, 2.99567258700083660639e-01) (5, -4.29110823705994681720e-01) (6, 3.05925672603726772625e-01) (7, 2.30866154485603978230e+01) (8, 2.30367660799285580708e+01) (9, -3.33060747519337729816e-01) 
