FANN_FLO_2.1
num_layers=3
learning_rate=0.700000
connection_rate=1.000000
network_type=0
learning_momentum=0.000000
training_algorithm=2
train_error_function=1
train_stop_function=1
cascade_output_change_fraction=0.010000
quickprop_decay=-0.000100
quickprop_mu=1.750000
rprop_increase_factor=1.200000
rprop_decrease_factor=0.500000
rprop_delta_min=0.000000
rprop_delta_max=50.000000
rprop_delta_zero=0.100000
cascade_output_stagnation_epochs=12
cascade_candidate_change_fraction=0.010000
cascade_candidate_stagnation_epochs=12
cascade_max_out_epochs=150
cascade_min_out_epochs=50
cascade_max_cand_epochs=150
cascade_min_cand_epochs=50
cascade_num_candidate_groups=2
bit_fail_limit=1.00000000000000005551e-01
cascade_candidate_limit=1.00000000000000000000e+03
cascade_weight_multiplier=4.00000000000000022204e-01
cascade_activation_functions_count=10
cascade_activation_functions=3 5 7 8 10 11 14 15 16 17 
cascade_activation_steepnesses_count=4
cascade_activation_steepnesses=2.50000000000000000000e-01 5.00000000000000000000e-01 7.50000000000000000000e-01 1.00000000000000000000e+00 
layer_sizes=10 4 2 
scale_included=0
neurons (num_inputs, activation_function, activation_steepness)=(0, 0, 0.00000000000000000000e+00) (0, 0, 0.00000000000000000000e+00) (0, 0, 0.00000000000000000000e+00) (0, 0, 0.00000000000000000000e+00) (0, 0, 0.00000000000000000000e+00) (0, 0, 0.00000000000000000000e+00) (0, 0, 0.00000000000000000000e+00) (0, 0, 0.00000000000000000000e+00) (0, 0, 0.00000000000000000000e+00) (0, 0, 0.00000000000000000000e+00) (10, 6, 5.00000000000000000000e-01) (10, 6, 5.00000000000000000000e-01) (10, 6, 5.00000000000000000000e-01) (0, 6, 0.00000000000000000000e+00) (4, 4, 5.00000000000000000000e-01) (0, 4, 0.00000000000000000000e+00) 
connections (connected_to_neuron, weight)=(0, -2.33360779054180844660e-01) (1, 2.59400054842232252739e+00) (2, 2.19895601640092946960e-01) (3, -1.04142490276909013835e-01) (4, 1.65124278175189459494e-01) (5, 2.22765472226066713057e-01) (6, 2.81878389077737434576e-01) (7, 2.18516138909346069319e-01) (8, 3.17671002415901571059e-01) (9, -2.08530273802296384211e-01) (0, -2.85374458464467650742e+00) (1, 1.69510763512980799916e+00) (2, 2.60091601613700484918e-01) (3, 5.52072497955500729461e-01) (4, 8.43432432153032429767e-01) (5, 1.51492214926478840908e+00) (6, 8.33775865026519902301e-01) (7, 1.38705623531192512310e+00) (8, 1.21892156833261222637e+00) (9, -1.48410367982265345432e+00) (0, -2.27296933918215326997e+00) (1, 2.18391642665265495182e+00) (2, 1.50362922229764439663e+00) (3, 1.21984398791920067850e+00) (4, 2.74608875998787382855e+00) (5, 2.74161383697323302044e+00) (6, 2.74688482472233275189e+00) (7, 1.94958363263236367224e+00) (8, 2.08424135087357864649e+00) (9, -3.38360849124019402723e+00) (10, 4.92297902052600211409e-01) (11, 1.03697347976064087050e+01) (12, 1.03735287226533294813e+01) (13, -1.61995971208152056420e+00) 
