FANN_FLO_2.1
num_layers=3
learning_rate=0.700000
connection_rate=1.000000
network_type=0
learning_momentum=0.000000
training_algorithm=2
train_error_function=1
train_stop_function=1
cascade_output_change_fraction=0.010000
quickprop_decay=-0.000100
quickprop_mu=1.750000
rprop_increase_factor=1.200000
rprop_decrease_factor=0.500000
rprop_delta_min=0.000000
rprop_delta_max=50.000000
rprop_delta_zero=0.100000
cascade_output_stagnation_epochs=12
cascade_candidate_change_fraction=0.010000
cascade_candidate_stagnation_epochs=12
cascade_max_out_epochs=150
cascade_min_out_epochs=50
cascade_max_cand_epochs=150
cascade_min_cand_epochs=50
cascade_num_candidate_groups=2
bit_fail_limit=1.00000000000000005551e-01
cascade_candidate_limit=1.00000000000000000000e+03
cascade_weight_multiplier=4.00000000000000022204e-01
cascade_activation_functions_count=10
cascade_activation_functions=3 5 7 8 10 11 14 15 16 17 
cascade_activation_steepnesses_count=4
cascade_activation_steepnesses=2.50000000000000000000e-01 5.00000000000000000000e-01 7.50000000000000000000e-01 1.00000000000000000000e+00 
layer_sizes=13 4 2 
scale_included=0
neurons (num_inputs, activation_function, activation_steepness)=(0, 0, 0.00000000000000000000e+00) (0, 0, 0.00000000000000000000e+00) (0, 0, 0.00000000000000000000e+00) (0, 0, 0.00000000000000000000e+00) (0, 0, 0.00000000000000000000e+00) (0, 0, 0.00000000000000000000e+00) (0, 0, 0.00000000000000000000e+00) (0, 0, 0.00000000000000000000e+00) (0, 0, 0.00000000000000000000e+00) (0, 0, 0.00000000000000000000e+00) (0, 0, 0.00000000000000000000e+00) (0, 0, 0.00000000000000000000e+00) (0, 0, 0.00000000000000000000e+00) (13, 6, 5.00000000000000000000e-01) (13, 6, 5.00000000000000000000e-01) (13, 6, 5.00000000000000000000e-01) (0, 6, 0.00000000000000000000e+00) (4, 4, 5.00000000000000000000e-01) (0, 4, 0.00000000000000000000e+00) 
connections (connected_to_neuron, weight)=(0, -3.59338976724317937794e+00) (1, 1.69549084554462070606e+00) (2, -3.64885851242145245465e-02) (3, 1.62713423849014549027e+00) (4, 4.74976776574079440074e-01) (5, 1.29789422685345123831e+00) (6, 1.78479543681785224329e+00) (7, 4.84186789427225039439e-01) (8, -3.62692447496616665603e-01) (9, -1.70624146687316409488e-02) (10, 4.30122493834174557392e-01) (11, -3.03320837361614956129e-02) (12, -1.40122237681778782914e+00) (0, -7.91317624994736501520e+00) (1, 2.37221578636335905799e+00) (2, 2.57334370184431227013e-01) (3, 2.01340235123341759760e+00) (4, 1.01707474415350485053e+00) (5, 2.84270068467473979723e+00) (6, 2.51157501776591240983e+00) (7, 2.27133271774229950069e+00) (8, -4.32475535583891290692e-01) (9, -1.13474773913570148309e+00) (10, 2.40218999078507255973e+00) (11, 2.96723449276255046847e-01) (12, -1.98145207246971510884e+00) (0, -2.39433867376809494942e+00) (1, 1.31775780671521069998e+00) (2, 1.73672293311926767556e-01) (3, 8.53193895159264137362e-01) (4, 9.25542907568905448557e-01) (5, 1.35695954574783672619e+00) (6, 1.08555540042465170636e+00) (7, 1.00933200285145985298e+00) (8, -7.25042231196180164687e-02) (9, -1.52603641648969487465e-02) (10, 8.06461665989471776506e-01) (11, 4.94774160551846586831e-02) (12, -7.37441114216938364834e-01) (13, 8.80559399921330920868e-01) (14, 1.08022911229249771736e+01) (15, 3.64964455216773586699e+00) (16, -1.73426814650989946642e+00) 
