FANN_FLO_2.1
num_layers=3
learning_rate=0.700000
connection_rate=1.000000
network_type=0
learning_momentum=0.000000
training_algorithm=2
train_error_function=1
train_stop_function=1
cascade_output_change_fraction=0.010000
quickprop_decay=-0.000100
quickprop_mu=1.750000
rprop_increase_factor=1.200000
rprop_decrease_factor=0.500000
rprop_delta_min=0.000000
rprop_delta_max=50.000000
rprop_delta_zero=0.100000
cascade_output_stagnation_epochs=12
cascade_candidate_change_fraction=0.010000
cascade_candidate_stagnation_epochs=12
cascade_max_out_epochs=150
cascade_min_out_epochs=50
cascade_max_cand_epochs=150
cascade_min_cand_epochs=50
cascade_num_candidate_groups=2
bit_fail_limit=1.00000000000000005551e-01
cascade_candidate_limit=1.00000000000000000000e+03
cascade_weight_multiplier=4.00000000000000022204e-01
cascade_activation_functions_count=10
cascade_activation_functions=3 5 7 8 10 11 14 15 16 17 
cascade_activation_steepnesses_count=4
cascade_activation_steepnesses=2.50000000000000000000e-01 5.00000000000000000000e-01 7.50000000000000000000e-01 1.00000000000000000000e+00 
layer_sizes=14 4 2 
scale_included=0
neurons (num_inputs, activation_function, activation_steepness)=(0, 0, 0.00000000000000000000e+00) (0, 0, 0.00000000000000000000e+00) (0, 0, 0.00000000000000000000e+00) (0, 0, 0.00000000000000000000e+00) (0, 0, 0.00000000000000000000e+00) (0, 0, 0.00000000000000000000e+00) (0, 0, 0.00000000000000000000e+00) (0, 0, 0.00000000000000000000e+00) (0, 0, 0.00000000000000000000e+00) (0, 0, 0.00000000000000000000e+00) (0, 0, 0.00000000000000000000e+00) (0, 0, 0.00000000000000000000e+00) (0, 0, 0.00000000000000000000e+00) (0, 0, 0.00000000000000000000e+00) (14, 6, 5.00000000000000000000e-01) (14, 6, 5.00000000000000000000e-01) (14, 6, 5.00000000000000000000e-01) (0, 6, 0.00000000000000000000e+00) (4, 4, 5.00000000000000000000e-01) (0, 4, 0.00000000000000000000e+00) 
connections (connected_to_neuron, weight)=(0, -1.54539099709000127270e+00) (1, 1.34718609464617466998e+00) (2, 7.29904604562665149103e-01) (3, -8.68590308212806583299e-02) (4, -7.38972898344560091832e-03) (5, 5.22710493537330567193e-01) (6, 2.86847400648639672127e-01) (7, -8.73109529252548421940e-03) (8, -6.15796073529599197194e-01) (9, 3.69473989291236815102e-01) (10, 2.03429849958846956093e-02) (11, 1.93226103905791313231e-01) (12, 1.85939734105223686278e-01) (13, -6.84120530231692502987e-01) (0, -3.42549366458441806316e-01) (1, 1.45512728128075613521e-01) (2, 1.99685933900663997731e-01) (3, 1.51237647941418251740e-01) (4, 2.29333933403797707307e-01) (5, 1.40051941288302089772e-01) (6, 2.37594200044041664599e-01) (7, 8.22662327923113917416e-02) (8, 1.18998912698763240070e-01) (9, -1.41993591157023035798e-01) (10, 2.62693287639951256196e-01) (11, 1.17291201123823449204e-01) (12, 1.92098759332527568855e-01) (13, -2.79744176805349964443e-01) (0, -1.52682298795189397289e+00) (1, 1.30339406294079562798e+00) (2, 6.13271265062236725640e-01) (3, 4.00807400423489390562e-01) (4, -4.40890314779715103422e-02) (5, 6.38536750110530793023e-01) (6, 1.00896650007278054773e+00) (7, 6.17390217400024324257e-02) (8, -7.20920193198798076040e-01) (9, 2.81276869757221215096e-01) (10, 6.08963959641754759566e-01) (11, 5.45339525514098033554e-01) (12, 4.55487088137122020370e-01) (13, -1.08527429052422874634e+00) (14, 1.21131213741079353241e+01) (15, 3.85004032971389908990e-01) (16, 2.24034547769435370412e+01) (17, -1.04808565624783844861e+00) 
