FANN_FLO_2.1
num_layers=3
learning_rate=0.700000
connection_rate=1.000000
network_type=0
learning_momentum=0.000000
training_algorithm=2
train_error_function=1
train_stop_function=1
cascade_output_change_fraction=0.010000
quickprop_decay=-0.000100
quickprop_mu=1.750000
rprop_increase_factor=1.200000
rprop_decrease_factor=0.500000
rprop_delta_min=0.000000
rprop_delta_max=50.000000
rprop_delta_zero=0.100000
cascade_output_stagnation_epochs=12
cascade_candidate_change_fraction=0.010000
cascade_candidate_stagnation_epochs=12
cascade_max_out_epochs=150
cascade_min_out_epochs=50
cascade_max_cand_epochs=150
cascade_min_cand_epochs=50
cascade_num_candidate_groups=2
bit_fail_limit=1.00000000000000005551e-01
cascade_candidate_limit=1.00000000000000000000e+03
cascade_weight_multiplier=4.00000000000000022204e-01
cascade_activation_functions_count=10
cascade_activation_functions=3 5 7 8 10 11 14 15 16 17 
cascade_activation_steepnesses_count=4
cascade_activation_steepnesses=2.50000000000000000000e-01 5.00000000000000000000e-01 7.50000000000000000000e-01 1.00000000000000000000e+00 
layer_sizes=12 4 2 
scale_included=0
neurons (num_inputs, activation_function, activation_steepness)=(0, 0, 0.00000000000000000000e+00) (0, 0, 0.00000000000000000000e+00) (0, 0, 0.00000000000000000000e+00) (0, 0, 0.00000000000000000000e+00) (0, 0, 0.00000000000000000000e+00) (0, 0, 0.00000000000000000000e+00) (0, 0, 0.00000000000000000000e+00) (0, 0, 0.00000000000000000000e+00) (0, 0, 0.00000000000000000000e+00) (0, 0, 0.00000000000000000000e+00) (0, 0, 0.00000000000000000000e+00) (0, 0, 0.00000000000000000000e+00) (12, 6, 5.00000000000000000000e-01) (12, 6, 5.00000000000000000000e-01) (12, 6, 5.00000000000000000000e-01) (0, 6, 0.00000000000000000000e+00) (4, 4, 5.00000000000000000000e-01) (0, 4, 0.00000000000000000000e+00) 
connections (connected_to_neuron, weight)=(0, -1.42694851724695137563e+00) (1, 7.10572378763346668151e-01) (2, -6.90221780412463847831e-01) (3, 9.81945639523697799689e+00) (4, -6.36248620048543545025e-01) (5, 1.08268915922396380402e+00) (6, 7.25822218402540242366e-01) (7, 1.27853184066437606248e+01) (8, 1.18684761098361057918e+00) (9, -3.11159562669036049432e-01) (10, -2.69803258246121435704e+00) (11, -1.27632451949135128366e+00) (0, -2.58470789220206098591e+00) (1, 2.59806419459299142716e+00) (2, -1.04125958029896548140e+00) (3, 7.30103933022830942079e-01) (4, -1.44170016796272282278e+00) (5, 1.86854699915917277231e+00) (6, 2.57272390468338674197e+00) (7, 1.26527796148184878966e-01) (8, 1.73997865186938049931e+00) (9, -7.96984350163334354100e-01) (10, -1.19168294190936574495e+00) (11, -1.40334554229971009143e+00) (0, -1.43606720833372070167e+00) (1, 7.27401124366908069518e-01) (2, -7.30717436843185130790e-01) (3, 9.70699635568095153815e+00) (4, -9.79538528522597262693e-01) (5, 1.09766317964546900043e+00) (6, 7.40748026117002522639e-01) (7, 1.26527264363788489732e+01) (8, 1.06859565770959830111e+00) (9, -2.12199602625605721062e-01) (10, -2.70248114532170324864e+00) (11, -1.23237710592762295114e+00) (12, 2.33833353992633785623e+00) (13, 8.78244406443971747933e+00) (14, 2.32736030992202724832e+00) (15, -2.63924393162063575247e+00) 
