FANN_FLO_2.1
num_layers=3
learning_rate=0.700000
connection_rate=1.000000
network_type=0
learning_momentum=0.000000
training_algorithm=2
train_error_function=1
train_stop_function=1
cascade_output_change_fraction=0.010000
quickprop_decay=-0.000100
quickprop_mu=1.750000
rprop_increase_factor=1.200000
rprop_decrease_factor=0.500000
rprop_delta_min=0.000000
rprop_delta_max=50.000000
rprop_delta_zero=0.100000
cascade_output_stagnation_epochs=12
cascade_candidate_change_fraction=0.010000
cascade_candidate_stagnation_epochs=12
cascade_max_out_epochs=150
cascade_min_out_epochs=50
cascade_max_cand_epochs=150
cascade_min_cand_epochs=50
cascade_num_candidate_groups=2
bit_fail_limit=1.00000000000000005551e-01
cascade_candidate_limit=1.00000000000000000000e+03
cascade_weight_multiplier=4.00000000000000022204e-01
cascade_activation_functions_count=10
cascade_activation_functions=3 5 7 8 10 11 14 15 16 17 
cascade_activation_steepnesses_count=4
cascade_activation_steepnesses=2.50000000000000000000e-01 5.00000000000000000000e-01 7.50000000000000000000e-01 1.00000000000000000000e+00 
layer_sizes=8 4 2 
scale_included=0
neurons (num_inputs, activation_function, activation_steepness)=(0, 0, 0.00000000000000000000e+00) (0, 0, 0.00000000000000000000e+00) (0, 0, 0.00000000000000000000e+00) (0, 0, 0.00000000000000000000e+00) (0, 0, 0.00000000000000000000e+00) (0, 0, 0.00000000000000000000e+00) (0, 0, 0.00000000000000000000e+00) (0, 0, 0.00000000000000000000e+00) (8, 6, 5.00000000000000000000e-01) (8, 6, 5.00000000000000000000e-01) (8, 6, 5.00000000000000000000e-01) (0, 6, 0.00000000000000000000e+00) (4, 4, 5.00000000000000000000e-01) (0, 4, 0.00000000000000000000e+00) 
connections (connected_to_neuron, weight)=(0, -1.06837570392228875527e+00) (1, 5.21152814649422868598e+00) (2, -1.50556380384603505362e-01) (3, -7.31010737610828020827e-01) (4, 5.10490520470221742499e+00) (5, 5.07664917581160768378e+00) (6, -2.77887008172007066165e-01) (7, -2.67523930814266552858e+00) (0, 4.25555278168032957709e-01) (1, -2.74575317904776472488e+00) (2, 1.43937780860473441003e+00) (3, 7.89286461804616701343e-01) (4, -1.83718723836232888935e+00) (5, -2.73119828358715910355e+00) (6, 5.75840046396564830822e-01) (7, 5.82295914879154552501e-01) (0, -2.57067504290573456416e-02) (1, -1.34871534766867395838e+00) (2, 2.58334826808277129295e-01) (3, 2.05865627418716445884e-01) (4, -1.30347075077011820277e+00) (5, -1.32861157270386454066e+00) (6, 1.52708526343800943259e-01) (7, 1.00538168547201411940e+00) (8, 1.07493042680080481688e+01) (9, -1.42365958137706161146e+00) (10, -9.66938408159486506577e+00) (11, -2.01693341772994116923e+00) 
