FANN_FLO_2.1
num_layers=3
learning_rate=0.700000
connection_rate=1.000000
network_type=0
learning_momentum=0.000000
training_algorithm=2
train_error_function=1
train_stop_function=1
cascade_output_change_fraction=0.010000
quickprop_decay=-0.000100
quickprop_mu=1.750000
rprop_increase_factor=1.200000
rprop_decrease_factor=0.500000
rprop_delta_min=0.000000
rprop_delta_max=50.000000
rprop_delta_zero=0.100000
cascade_output_stagnation_epochs=12
cascade_candidate_change_fraction=0.010000
cascade_candidate_stagnation_epochs=12
cascade_max_out_epochs=150
cascade_min_out_epochs=50
cascade_max_cand_epochs=150
cascade_min_cand_epochs=50
cascade_num_candidate_groups=2
bit_fail_limit=1.00000000000000005551e-01
cascade_candidate_limit=1.00000000000000000000e+03
cascade_weight_multiplier=4.00000000000000022204e-01
cascade_activation_functions_count=10
cascade_activation_functions=3 5 7 8 10 11 14 15 16 17 
cascade_activation_steepnesses_count=4
cascade_activation_steepnesses=2.50000000000000000000e-01 5.00000000000000000000e-01 7.50000000000000000000e-01 1.00000000000000000000e+00 
layer_sizes=11 4 2 
scale_included=0
neurons (num_inputs, activation_function, activation_steepness)=(0, 0, 0.00000000000000000000e+00) (0, 0, 0.00000000000000000000e+00) (0, 0, 0.00000000000000000000e+00) (0, 0, 0.00000000000000000000e+00) (0, 0, 0.00000000000000000000e+00) (0, 0, 0.00000000000000000000e+00) (0, 0, 0.00000000000000000000e+00) (0, 0, 0.00000000000000000000e+00) (0, 0, 0.00000000000000000000e+00) (0, 0, 0.00000000000000000000e+00) (0, 0, 0.00000000000000000000e+00) (11, 6, 5.00000000000000000000e-01) (11, 6, 5.00000000000000000000e-01) (11, 6, 5.00000000000000000000e-01) (0, 6, 0.00000000000000000000e+00) (4, 4, 5.00000000000000000000e-01) (0, 4, 0.00000000000000000000e+00) 
connections (connected_to_neuron, weight)=(0, -1.25079654659601202660e+00) (1, -3.19145550412071354884e+00) (2, 8.86179569411884315855e+00) (3, 2.64314984421759646693e+00) (4, 1.08974223721768286310e+01) (5, -2.85322242255074121076e+00) (6, 3.91781893427777774264e+01) (7, -1.07762685622391196638e+00) (8, 1.21481075727170164669e+02) (9, -2.43494891696267359293e+02) (10, -1.15774843932407733860e+00) (0, -7.20154956779142008116e+00) (1, 4.49999291184548724232e+01) (2, 4.32236502556188995072e+00) (3, 1.38403776835377056997e+00) (4, -1.75092622437824587678e+01) (5, 1.30547066380450615952e+01) (6, -5.12670385124659588882e+00) (7, -5.39710482438384930859e-01) (8, 1.50000000000000000000e+03) (9, 3.51362775938848130863e+01) (10, -5.86792148548354575155e+00) (0, 2.92571509866914425402e+00) (1, -9.72920586846760637734e-01) (2, -2.86106896203182436977e+00) (3, -5.93205767453677881851e-02) (4, 3.03735105334799582177e-01) (5, 7.16013919965661393974e+00) (6, -4.23112264427001449896e-01) (7, -2.68719338865052836951e+00) (8, 1.43446353733166498401e-01) (9, 7.67526961656828010661e+00) (10, 6.48409284783552419817e-01) (11, 1.04392728234937202103e+01) (12, 1.43042662616312856727e+01) (13, -3.41839489460273924237e+01) (14, -1.26606933628281570492e+00) 
