FANN_FLO_2.1
num_layers=3
learning_rate=0.700000
connection_rate=1.000000
network_type=0
learning_momentum=0.000000
training_algorithm=2
train_error_function=1
train_stop_function=1
cascade_output_change_fraction=0.010000
quickprop_decay=-0.000100
quickprop_mu=1.750000
rprop_increase_factor=1.200000
rprop_decrease_factor=0.500000
rprop_delta_min=0.000000
rprop_delta_max=50.000000
rprop_delta_zero=0.100000
cascade_output_stagnation_epochs=12
cascade_candidate_change_fraction=0.010000
cascade_candidate_stagnation_epochs=12
cascade_max_out_epochs=150
cascade_min_out_epochs=50
cascade_max_cand_epochs=150
cascade_min_cand_epochs=50
cascade_num_candidate_groups=2
bit_fail_limit=1.00000000000000005551e-01
cascade_candidate_limit=1.00000000000000000000e+03
cascade_weight_multiplier=4.00000000000000022204e-01
cascade_activation_functions_count=10
cascade_activation_functions=3 5 7 8 10 11 14 15 16 17 
cascade_activation_steepnesses_count=4
cascade_activation_steepnesses=2.50000000000000000000e-01 5.00000000000000000000e-01 7.50000000000000000000e-01 1.00000000000000000000e+00 
layer_sizes=11 4 2 
scale_included=0
neurons (num_inputs, activation_function, activation_steepness)=(0, 0, 0.00000000000000000000e+00) (0, 0, 0.00000000000000000000e+00) (0, 0, 0.00000000000000000000e+00) (0, 0, 0.00000000000000000000e+00) (0, 0, 0.00000000000000000000e+00) (0, 0, 0.00000000000000000000e+00) (0, 0, 0.00000000000000000000e+00) (0, 0, 0.00000000000000000000e+00) (0, 0, 0.00000000000000000000e+00) (0, 0, 0.00000000000000000000e+00) (0, 0, 0.00000000000000000000e+00) (11, 6, 5.00000000000000000000e-01) (11, 6, 5.00000000000000000000e-01) (11, 6, 5.00000000000000000000e-01) (0, 6, 0.00000000000000000000e+00) (4, 4, 5.00000000000000000000e-01) (0, 4, 0.00000000000000000000e+00) 
connections (connected_to_neuron, weight)=(0, -4.22678653852815688907e+00) (1, 3.54317682735456429555e+00) (2, -2.75186230114893126686e-01) (3, -1.33057442149502502815e+00) (4, -1.26142967334372269050e+00) (5, 1.34239694263047271150e+00) (6, 1.19984186195616748805e+00) (7, 8.52023692231163143340e-01) (8, 6.69833443212362600327e-01) (9, 1.99820354678377709590e+00) (10, -1.36149959661851438497e+00) (0, 1.11896920257112442165e+00) (1, -1.28560181565370801327e-01) (2, 2.19754485604270688448e-01) (3, 1.43830055016067359652e+00) (4, 2.76228251757041964876e-01) (5, -6.60460073313261619710e-01) (6, -2.53351141831389681247e-01) (7, -8.25291955823340250831e-01) (8, -4.95363931984245442486e-01) (9, 8.52078700685971052176e-02) (10, 4.97005222715423189417e-01) (0, 3.04098711076499572670e+00) (1, -2.71658741499860889590e+00) (2, 5.53973753151372094727e-01) (3, 8.93789806575722045601e-01) (4, 1.32607164180774472761e+00) (5, 1.63786250350175660584e-01) (6, -1.11529033262869045617e-01) (7, 3.11091046810202873085e-02) (8, 2.73535569509710529967e-02) (9, 5.36266152015831942812e-01) (10, 1.51700267813823974627e+00) (11, 2.56291786626345761135e+01) (12, -2.62781736430632018031e-01) (13, -3.74250397688861768941e+00) (14, -7.36858507545294805219e-01) 
