FANN_FLO_2.1
num_layers=3
learning_rate=0.700000
connection_rate=1.000000
network_type=0
learning_momentum=0.000000
training_algorithm=2
train_error_function=1
train_stop_function=1
cascade_output_change_fraction=0.010000
quickprop_decay=-0.000100
quickprop_mu=1.750000
rprop_increase_factor=1.200000
rprop_decrease_factor=0.500000
rprop_delta_min=0.000000
rprop_delta_max=50.000000
rprop_delta_zero=0.100000
cascade_output_stagnation_epochs=12
cascade_candidate_change_fraction=0.010000
cascade_candidate_stagnation_epochs=12
cascade_max_out_epochs=150
cascade_min_out_epochs=50
cascade_max_cand_epochs=150
cascade_min_cand_epochs=50
cascade_num_candidate_groups=2
bit_fail_limit=1.00000000000000005551e-01
cascade_candidate_limit=1.00000000000000000000e+03
cascade_weight_multiplier=4.00000000000000022204e-01
cascade_activation_functions_count=10
cascade_activation_functions=3 5 7 8 10 11 14 15 16 17 
cascade_activation_steepnesses_count=4
cascade_activation_steepnesses=2.50000000000000000000e-01 5.00000000000000000000e-01 7.50000000000000000000e-01 1.00000000000000000000e+00 
layer_sizes=15 4 2 
scale_included=0
neurons (num_inputs, activation_function, activation_steepness)=(0, 0, 0.00000000000000000000e+00) (0, 0, 0.00000000000000000000e+00) (0, 0, 0.00000000000000000000e+00) (0, 0, 0.00000000000000000000e+00) (0, 0, 0.00000000000000000000e+00) (0, 0, 0.00000000000000000000e+00) (0, 0, 0.00000000000000000000e+00) (0, 0, 0.00000000000000000000e+00) (0, 0, 0.00000000000000000000e+00) (0, 0, 0.00000000000000000000e+00) (0, 0, 0.00000000000000000000e+00) (0, 0, 0.00000000000000000000e+00) (0, 0, 0.00000000000000000000e+00) (0, 0, 0.00000000000000000000e+00) (0, 0, 0.00000000000000000000e+00) (15, 6, 5.00000000000000000000e-01) (15, 6, 5.00000000000000000000e-01) (15, 6, 5.00000000000000000000e-01) (0, 6, 0.00000000000000000000e+00) (4, 4, 5.00000000000000000000e-01) (0, 4, 0.00000000000000000000e+00) 
connections (connected_to_neuron, weight)=(0, -4.64394320566157925434e-01) (1, 1.15290262751236460836e+00) (2, 4.27959937331131079485e-01) (3, 2.39805406857818675936e-01) (4, -3.33151591462740093164e-01) (5, 1.06965981806663723575e-01) (6, -6.04120578891826243151e-01) (7, 5.83814583112962637301e-01) (8, 7.23467986553120445681e-02) (9, -6.13584269418214089953e-01) (10, -1.44402349966575949125e+00) (11, 1.21116373571660607134e-01) (12, -5.29906564224462139912e-01) (13, -3.91041648406486030964e-01) (14, 2.42269246382579989119e-02) (0, -2.52338461477681041956e+00) (1, 8.31926829271688705880e-01) (2, 6.08476571054890058576e+00) (3, 5.66813704838092569105e-01) (4, -2.94144646143290522389e+00) (5, -1.28710182527770777838e-01) (6, -1.14672604123718624436e+00) (7, 1.37146295380373253181e+01) (8, -3.36242412724469530438e-01) (9, -3.80276115755907850868e+00) (10, -3.82705943803660231239e+00) (11, -5.22813100962625232349e-02) (12, -7.93114752306226922229e+00) (13, -2.19240904521243917813e+00) (14, -1.03618263673799615443e-01) (0, 3.31106406874995418121e+00) (1, -3.02182010096259245913e+00) (2, -1.25994038528255059006e+00) (3, -1.13678965269105436420e+00) (4, 2.15450686671272295669e+00) (5, -6.52068144395790083578e-01) (6, 9.36050543666718692926e-01) (7, -3.18572766023578468619e+00) (8, 6.80284655447947805840e-01) (9, 1.23508315924365530414e+00) (10, 2.86744903407197027079e+00) (11, -5.02888717453500166954e-02) (12, 3.83485220220190159424e+00) (13, 2.29999171506027799694e+00) (14, 2.21038255821299234327e+00) (15, 3.66171629688020283666e+00) (16, 1.52327974867336779496e+00) (17, -8.89594242112011990287e+00) (18, -1.41811068795162809053e+00) 
