FANN_FLO_2.1
num_layers=3
learning_rate=0.700000
connection_rate=1.000000
network_type=0
learning_momentum=0.000000
training_algorithm=2
train_error_function=1
train_stop_function=1
cascade_output_change_fraction=0.010000
quickprop_decay=-0.000100
quickprop_mu=1.750000
rprop_increase_factor=1.200000
rprop_decrease_factor=0.500000
rprop_delta_min=0.000000
rprop_delta_max=50.000000
rprop_delta_zero=0.100000
cascade_output_stagnation_epochs=12
cascade_candidate_change_fraction=0.010000
cascade_candidate_stagnation_epochs=12
cascade_max_out_epochs=150
cascade_min_out_epochs=50
cascade_max_cand_epochs=150
cascade_min_cand_epochs=50
cascade_num_candidate_groups=2
bit_fail_limit=1.00000000000000005551e-01
cascade_candidate_limit=1.00000000000000000000e+03
cascade_weight_multiplier=4.00000000000000022204e-01
cascade_activation_functions_count=10
cascade_activation_functions=3 5 7 8 10 11 14 15 16 17 
cascade_activation_steepnesses_count=4
cascade_activation_steepnesses=2.50000000000000000000e-01 5.00000000000000000000e-01 7.50000000000000000000e-01 1.00000000000000000000e+00 
layer_sizes=14 4 2 
scale_included=0
neurons (num_inputs, activation_function, activation_steepness)=(0, 0, 0.00000000000000000000e+00) (0, 0, 0.00000000000000000000e+00) (0, 0, 0.00000000000000000000e+00) (0, 0, 0.00000000000000000000e+00) (0, 0, 0.00000000000000000000e+00) (0, 0, 0.00000000000000000000e+00) (0, 0, 0.00000000000000000000e+00) (0, 0, 0.00000000000000000000e+00) (0, 0, 0.00000000000000000000e+00) (0, 0, 0.00000000000000000000e+00) (0, 0, 0.00000000000000000000e+00) (0, 0, 0.00000000000000000000e+00) (0, 0, 0.00000000000000000000e+00) (0, 0, 0.00000000000000000000e+00) (14, 6, 5.00000000000000000000e-01) (14, 6, 5.00000000000000000000e-01) (14, 6, 5.00000000000000000000e-01) (0, 6, 0.00000000000000000000e+00) (4, 4, 5.00000000000000000000e-01) (0, 4, 0.00000000000000000000e+00) 
connections (connected_to_neuron, weight)=(0, 1.44430581970455496066e-01) (1, -1.38099390923048814805e+00) (2, -2.04519277336852400850e+00) (3, -5.32857110047957438503e-01) (4, 1.72088217677857246990e+00) (5, 1.79057554098154891875e+00) (6, -1.30776276902358534748e+00) (7, 1.71900537283343268768e+00) (8, -8.91582856131791223753e-01) (9, -1.93923152424794098536e+00) (10, 1.50920173729861883949e+00) (11, -1.09318020670541615758e+00) (12, 1.85064118193817894742e+00) (13, 1.41624670728820944987e+00) (0, 6.49490169757739432832e-01) (1, -5.19517735548824001468e-03) (2, 2.09646340939813891069e+00) (3, 4.48101972280169735807e-01) (4, 2.79700307590496966004e-01) (5, 2.05362027925980406007e-01) (6, 5.00170613885012826927e-01) (7, 9.53929828156334314038e-01) (8, 8.51448934703368287558e+00) (9, 3.17321960811075953757e+00) (10, 2.02839705684525295482e+00) (11, 8.58514576570160836688e-01) (12, 1.95990951375372790544e+00) (13, -1.18001497864098664481e-01) (0, 5.18245006580178468880e-01) (1, 8.07512091602081566455e-02) (2, 1.97999473396354908061e+00) (3, 5.31143163381243899046e-01) (4, 1.79911857885849763017e-01) (5, 2.70735321981442400574e-01) (6, 2.62194959201906496737e-01) (7, 1.10098165427575733766e+00) (8, 4.31907391828616749052e+00) (9, 4.70710569023104952180e+00) (10, 2.38814007467745792468e+00) (11, 8.25296654717095123921e-01) (12, 1.66693633960421183637e+00) (13, -1.83946852062625065827e-01) (14, -4.38265122340291810588e+01) (15, 1.07150273859413380784e+00) (16, 1.08845254868181462449e+00) (17, -1.94785623179791778092e+00) 
