FANN_FLO_2.1
num_layers=3
learning_rate=0.700000
connection_rate=1.000000
network_type=0
learning_momentum=0.000000
training_algorithm=2
train_error_function=1
train_stop_function=1
cascade_output_change_fraction=0.010000
quickprop_decay=-0.000100
quickprop_mu=1.750000
rprop_increase_factor=1.200000
rprop_decrease_factor=0.500000
rprop_delta_min=0.000000
rprop_delta_max=50.000000
rprop_delta_zero=0.100000
cascade_output_stagnation_epochs=12
cascade_candidate_change_fraction=0.010000
cascade_candidate_stagnation_epochs=12
cascade_max_out_epochs=150
cascade_min_out_epochs=50
cascade_max_cand_epochs=150
cascade_min_cand_epochs=50
cascade_num_candidate_groups=2
bit_fail_limit=1.00000000000000005551e-01
cascade_candidate_limit=1.00000000000000000000e+03
cascade_weight_multiplier=4.00000000000000022204e-01
cascade_activation_functions_count=10
cascade_activation_functions=3 5 7 8 10 11 14 15 16 17 
cascade_activation_steepnesses_count=4
cascade_activation_steepnesses=2.50000000000000000000e-01 5.00000000000000000000e-01 7.50000000000000000000e-01 1.00000000000000000000e+00 
layer_sizes=8 4 2 
scale_included=0
neurons (num_inputs, activation_function, activation_steepness)=(0, 0, 0.00000000000000000000e+00) (0, 0, 0.00000000000000000000e+00) (0, 0, 0.00000000000000000000e+00) (0, 0, 0.00000000000000000000e+00) (0, 0, 0.00000000000000000000e+00) (0, 0, 0.00000000000000000000e+00) (0, 0, 0.00000000000000000000e+00) (0, 0, 0.00000000000000000000e+00) (8, 6, 5.00000000000000000000e-01) (8, 6, 5.00000000000000000000e-01) (8, 6, 5.00000000000000000000e-01) (0, 6, 0.00000000000000000000e+00) (4, 4, 5.00000000000000000000e-01) (0, 4, 0.00000000000000000000e+00) 
connections (connected_to_neuron, weight)=(0, 3.49784338907456610057e-02) (1, 1.74141496193442568696e+00) (2, 1.73241764080558047212e+00) (3, 1.63188128691945300019e+00) (4, 1.01195071364371114164e-01) (5, -1.55608492855267011024e-01) (6, 1.15250359870340459562e-02) (7, -5.93741798877330251294e-01) (0, -3.79532123822935330004e-01) (1, -6.01273050641145978545e+00) (2, -6.01737278436746869659e+00) (3, -6.01525810097780500030e+00) (4, -4.53093469541180349225e-02) (5, 1.40686182920252678130e+00) (6, -1.49293313270261518433e-01) (7, 4.54314219020969467522e+00) (0, -2.63336472063888604733e-01) (1, 2.49974158681173630470e+00) (2, 2.55647963560362168067e+00) (3, 2.65500124818821259254e+00) (4, 3.03504948681324382420e-01) (5, -2.32344508021701867673e-01) (6, -7.79320643140880231492e-01) (7, -1.22484951244957196437e+00) (8, 5.52652674117406483845e+00) (9, -3.00556329702314384278e+00) (10, 5.55282894471009846882e+00) (11, -1.90976350687273965789e+00) 
