FANN_FLO_2.1
num_layers=3
learning_rate=0.700000
connection_rate=1.000000
network_type=0
learning_momentum=0.000000
training_algorithm=2
train_error_function=1
train_stop_function=1
cascade_output_change_fraction=0.010000
quickprop_decay=-0.000100
quickprop_mu=1.750000
rprop_increase_factor=1.200000
rprop_decrease_factor=0.500000
rprop_delta_min=0.000000
rprop_delta_max=50.000000
rprop_delta_zero=0.100000
cascade_output_stagnation_epochs=12
cascade_candidate_change_fraction=0.010000
cascade_candidate_stagnation_epochs=12
cascade_max_out_epochs=150
cascade_min_out_epochs=50
cascade_max_cand_epochs=150
cascade_min_cand_epochs=50
cascade_num_candidate_groups=2
bit_fail_limit=1.00000000000000005551e-01
cascade_candidate_limit=1.00000000000000000000e+03
cascade_weight_multiplier=4.00000000000000022204e-01
cascade_activation_functions_count=10
cascade_activation_functions=3 5 7 8 10 11 14 15 16 17 
cascade_activation_steepnesses_count=4
cascade_activation_steepnesses=2.50000000000000000000e-01 5.00000000000000000000e-01 7.50000000000000000000e-01 1.00000000000000000000e+00 
layer_sizes=11 4 2 
scale_included=0
neurons (num_inputs, activation_function, activation_steepness)=(0, 0, 0.00000000000000000000e+00) (0, 0, 0.00000000000000000000e+00) (0, 0, 0.00000000000000000000e+00) (0, 0, 0.00000000000000000000e+00) (0, 0, 0.00000000000000000000e+00) (0, 0, 0.00000000000000000000e+00) (0, 0, 0.00000000000000000000e+00) (0, 0, 0.00000000000000000000e+00) (0, 0, 0.00000000000000000000e+00) (0, 0, 0.00000000000000000000e+00) (0, 0, 0.00000000000000000000e+00) (11, 6, 5.00000000000000000000e-01) (11, 6, 5.00000000000000000000e-01) (11, 6, 5.00000000000000000000e-01) (0, 6, 0.00000000000000000000e+00) (4, 4, 5.00000000000000000000e-01) (0, 4, 0.00000000000000000000e+00) 
connections (connected_to_neuron, weight)=(0, 6.08460129805572691453e+00) (1, -2.20468220038537632277e+00) (2, -1.78914911567595824593e+00) (3, 2.28940515654630277753e-01) (4, 5.70432880216737192569e+00) (5, -2.81702768090428268266e+00) (6, -2.94272155661733370025e+00) (7, 6.17365584380763010586e+00) (8, -3.02179962162368642709e+00) (9, 1.25773916777034089343e-01) (10, 1.01726005362954485811e+00) (0, -2.66642372527465143506e-01) (1, 1.25517018628283949511e+00) (2, -4.50809389428259255084e+00) (3, 2.11116567494546575334e-01) (4, -2.59551980260905201803e+00) (5, -2.19791013774820132021e-01) (6, -1.57174613713561783790e-01) (7, -6.14123747250762441752e+00) (8, 4.34963258116708884060e-01) (9, -9.15167591334204111320e+00) (10, 3.81867094972478227088e-01) (0, 7.77493755494207544610e-02) (1, -1.29249308372920301835e+00) (2, 3.74109225273414551793e+01) (3, 3.90592578224514763718e-01) (4, -2.35665392955355157412e+00) (5, 3.34622147026534344505e+00) (6, 8.12269846839992304410e+00) (7, -1.07538312621598777241e+01) (8, 7.36825048152742301255e+00) (9, 3.05776033330791960907e+01) (10, -3.28399558573549077423e+00) (11, -3.43422853750339882595e+01) (12, 6.19655509704736076060e+01) (13, 4.65644020097303723560e+01) (14, -4.30144404374429911719e-01) 
