FANN_FLO_2.1
num_layers=3
learning_rate=0.700000
connection_rate=1.000000
network_type=0
learning_momentum=0.000000
training_algorithm=2
train_error_function=1
train_stop_function=1
cascade_output_change_fraction=0.010000
quickprop_decay=-0.000100
quickprop_mu=1.750000
rprop_increase_factor=1.200000
rprop_decrease_factor=0.500000
rprop_delta_min=0.000000
rprop_delta_max=50.000000
rprop_delta_zero=0.100000
cascade_output_stagnation_epochs=12
cascade_candidate_change_fraction=0.010000
cascade_candidate_stagnation_epochs=12
cascade_max_out_epochs=150
cascade_min_out_epochs=50
cascade_max_cand_epochs=150
cascade_min_cand_epochs=50
cascade_num_candidate_groups=2
bit_fail_limit=1.00000000000000005551e-01
cascade_candidate_limit=1.00000000000000000000e+03
cascade_weight_multiplier=4.00000000000000022204e-01
cascade_activation_functions_count=10
cascade_activation_functions=3 5 7 8 10 11 14 15 16 17 
cascade_activation_steepnesses_count=4
cascade_activation_steepnesses=2.50000000000000000000e-01 5.00000000000000000000e-01 7.50000000000000000000e-01 1.00000000000000000000e+00 
layer_sizes=12 4 2 
scale_included=0
neurons (num_inputs, activation_function, activation_steepness)=(0, 0, 0.00000000000000000000e+00) (0, 0, 0.00000000000000000000e+00) (0, 0, 0.00000000000000000000e+00) (0, 0, 0.00000000000000000000e+00) (0, 0, 0.00000000000000000000e+00) (0, 0, 0.00000000000000000000e+00) (0, 0, 0.00000000000000000000e+00) (0, 0, 0.00000000000000000000e+00) (0, 0, 0.00000000000000000000e+00) (0, 0, 0.00000000000000000000e+00) (0, 0, 0.00000000000000000000e+00) (0, 0, 0.00000000000000000000e+00) (12, 6, 5.00000000000000000000e-01) (12, 6, 5.00000000000000000000e-01) (12, 6, 5.00000000000000000000e-01) (0, 6, 0.00000000000000000000e+00) (4, 4, 5.00000000000000000000e-01) (0, 4, 0.00000000000000000000e+00) 
connections (connected_to_neuron, weight)=(0, -1.90514666334875149012e+00) (1, 1.39608098996804352865e+00) (2, 1.18050478362570832047e+00) (3, 1.11232972230444837614e+00) (4, -4.22201953145768715814e+00) (5, 4.52896145699450580757e-01) (6, 6.86246514546831165582e-01) (7, 1.01259391840229961979e+00) (8, 3.74650452402964906362e-01) (9, 4.76846969045544299970e-02) (10, -9.16565656404140505220e-02) (11, -5.84338816024239537938e-01) (0, 1.44543169987183772740e+00) (1, -2.03851939296129680557e+00) (2, -1.14297711268377022442e+00) (3, -9.56671301505083948591e-01) (4, 3.23822325096246155240e+00) (5, -5.05694479040471822628e-01) (6, -6.17272261109269360091e-01) (7, -1.30827847673696107123e+00) (8, -3.45466913834661271121e-01) (9, -1.25247006002513677769e-01) (10, 7.87078528876616612120e-02) (11, 1.17085650220852222070e+00) (0, -2.00624204919822757276e+00) (1, 1.33185319287703629598e+00) (2, 1.19006819986830780778e+00) (3, 9.39789005477532857213e-01) (4, -4.12710979643371178582e+00) (5, 5.42635043678710071724e-01) (6, 7.62148260650736264488e-01) (7, 9.67935067523822301183e-01) (8, 3.65244135522100443758e-01) (9, 1.99783337704076857655e-01) (10, -1.05304975036824038925e-01) (11, -5.90226115800316808446e-01) (12, 6.32838224904054769127e+00) (13, -5.70053643281540445287e+00) (14, 6.30506933764928945152e+00) (15, -5.77669358022387502416e-01) 
