FANN_FLO_2.1
num_layers=3
learning_rate=0.700000
connection_rate=1.000000
network_type=0
learning_momentum=0.000000
training_algorithm=2
train_error_function=1
train_stop_function=1
cascade_output_change_fraction=0.010000
quickprop_decay=-0.000100
quickprop_mu=1.750000
rprop_increase_factor=1.200000
rprop_decrease_factor=0.500000
rprop_delta_min=0.000000
rprop_delta_max=50.000000
rprop_delta_zero=0.100000
cascade_output_stagnation_epochs=12
cascade_candidate_change_fraction=0.010000
cascade_candidate_stagnation_epochs=12
cascade_max_out_epochs=150
cascade_min_out_epochs=50
cascade_max_cand_epochs=150
cascade_min_cand_epochs=50
cascade_num_candidate_groups=2
bit_fail_limit=1.00000000000000005551e-01
cascade_candidate_limit=1.00000000000000000000e+03
cascade_weight_multiplier=4.00000000000000022204e-01
cascade_activation_functions_count=10
cascade_activation_functions=3 5 7 8 10 11 14 15 16 17 
cascade_activation_steepnesses_count=4
cascade_activation_steepnesses=2.50000000000000000000e-01 5.00000000000000000000e-01 7.50000000000000000000e-01 1.00000000000000000000e+00 
layer_sizes=12 4 2 
scale_included=0
neurons (num_inputs, activation_function, activation_steepness)=(0, 0, 0.00000000000000000000e+00) (0, 0, 0.00000000000000000000e+00) (0, 0, 0.00000000000000000000e+00) (0, 0, 0.00000000000000000000e+00) (0, 0, 0.00000000000000000000e+00) (0, 0, 0.00000000000000000000e+00) (0, 0, 0.00000000000000000000e+00) (0, 0, 0.00000000000000000000e+00) (0, 0, 0.00000000000000000000e+00) (0, 0, 0.00000000000000000000e+00) (0, 0, 0.00000000000000000000e+00) (0, 0, 0.00000000000000000000e+00) (12, 6, 5.00000000000000000000e-01) (12, 6, 5.00000000000000000000e-01) (12, 6, 5.00000000000000000000e-01) (0, 6, 0.00000000000000000000e+00) (4, 4, 5.00000000000000000000e-01) (0, 4, 0.00000000000000000000e+00) 
connections (connected_to_neuron, weight)=(0, -3.88263939968904594480e+01) (1, -9.10498599080366122216e-01) (2, 9.22638621798186520095e+00) (3, -6.54515072952716359111e+00) (4, 1.80571826923299489920e+01) (5, 5.85874197986516254133e+00) (6, 1.09245276627216174603e+01) (7, -8.51300416528324710441e+00) (8, 1.73780598234583969486e+01) (9, 1.20322654894282514704e+01) (10, 1.61608812546480997696e+01) (11, 6.36535606730098679762e-02) (0, -4.90598213257812520993e+00) (1, 1.02567798862099524015e+00) (2, -2.27504101391709090407e+00) (3, 7.84823041016936145953e-02) (4, -3.99874168280961672650e-01) (5, -9.52417814257909611797e-01) (6, 3.32048460694166991392e-01) (7, 4.46349301784231988766e-01) (8, -3.09543053312802518562e-01) (9, -1.86061157066219529099e+00) (10, -4.12873445694949658957e-01) (11, 3.97820275212000473708e-01) (0, -1.36632239972193794131e+01) (1, -4.54888370041945822031e-01) (2, 1.02294022777974777938e+01) (3, -1.73723951042770297093e+00) (4, -7.01410936836319165444e-01) (5, 1.81168921290517825895e+00) (6, 2.29485951744857663570e+00) (7, 4.08570910013972721231e+00) (8, -9.16855791959813704040e-01) (9, 3.44097557052651925602e+00) (10, -6.67389895299246083127e-01) (11, 4.97035613688476152205e-01) (12, 1.07041306501608737278e+01) (13, 3.98594477796239914369e+01) (14, 1.66059074047749497538e+01) (15, -5.07257290593615239871e-01) 
