FANN_FLO_2.1
num_layers=3
learning_rate=0.700000
connection_rate=1.000000
network_type=0
learning_momentum=0.000000
training_algorithm=2
train_error_function=1
train_stop_function=1
cascade_output_change_fraction=0.010000
quickprop_decay=-0.000100
quickprop_mu=1.750000
rprop_increase_factor=1.200000
rprop_decrease_factor=0.500000
rprop_delta_min=0.000000
rprop_delta_max=50.000000
rprop_delta_zero=0.100000
cascade_output_stagnation_epochs=12
cascade_candidate_change_fraction=0.010000
cascade_candidate_stagnation_epochs=12
cascade_max_out_epochs=150
cascade_min_out_epochs=50
cascade_max_cand_epochs=150
cascade_min_cand_epochs=50
cascade_num_candidate_groups=2
bit_fail_limit=1.00000000000000005551e-01
cascade_candidate_limit=1.00000000000000000000e+03
cascade_weight_multiplier=4.00000000000000022204e-01
cascade_activation_functions_count=10
cascade_activation_functions=3 5 7 8 10 11 14 15 16 17 
cascade_activation_steepnesses_count=4
cascade_activation_steepnesses=2.50000000000000000000e-01 5.00000000000000000000e-01 7.50000000000000000000e-01 1.00000000000000000000e+00 
layer_sizes=12 4 2 
scale_included=0
neurons (num_inputs, activation_function, activation_steepness)=(0, 0, 0.00000000000000000000e+00) (0, 0, 0.00000000000000000000e+00) (0, 0, 0.00000000000000000000e+00) (0, 0, 0.00000000000000000000e+00) (0, 0, 0.00000000000000000000e+00) (0, 0, 0.00000000000000000000e+00) (0, 0, 0.00000000000000000000e+00) (0, 0, 0.00000000000000000000e+00) (0, 0, 0.00000000000000000000e+00) (0, 0, 0.00000000000000000000e+00) (0, 0, 0.00000000000000000000e+00) (0, 0, 0.00000000000000000000e+00) (12, 6, 5.00000000000000000000e-01) (12, 6, 5.00000000000000000000e-01) (12, 6, 5.00000000000000000000e-01) (0, 6, 0.00000000000000000000e+00) (4, 4, 5.00000000000000000000e-01) (0, 4, 0.00000000000000000000e+00) 
connections (connected_to_neuron, weight)=(0, -7.12865784744677899454e+00) (1, 6.29930675378779114659e-01) (2, -7.78494298677935248065e+00) (3, 1.38294087559379530461e+00) (4, 4.72859721981425593640e+01) (5, 5.70538355259851970303e-01) (6, -7.97931654629087461217e+00) (7, 2.81961704079143027357e+00) (8, 1.35518350008329596657e-01) (9, 1.03131190987550578342e+01) (10, -7.75210792056495989755e+00) (11, -1.11751805406097459716e+00) (0, -7.44685919751888469875e+00) (1, 5.08387095953278134175e-01) (2, -7.52068098213469937718e+00) (3, 1.19023974957901454985e+01) (4, 3.69786159380646139994e+01) (5, -1.64391852709592201087e+00) (6, -7.39726175631112337072e+00) (7, 1.26204942576824308276e+01) (8, 3.09074568064937715839e-01) (9, 1.80193428317811026318e+01) (10, -7.47193687633560443828e+00) (11, -1.09435184286931619368e+00) (0, -1.15244714697277004234e+01) (1, 9.75856271254021689909e-02) (2, 1.14817522745664313266e-01) (3, 5.41147187755047109903e-01) (4, 1.77519668846660794159e+00) (5, 1.50373965364616624107e+00) (6, 1.16242970007258125675e-01) (7, 4.22442245523964587939e-01) (8, 3.57545207218046209863e-02) (9, -3.70585113793821918637e-01) (10, 1.12715737816314900965e-01) (11, 6.95520674397047122817e-01) (12, 8.56811019387522776469e+00) (13, 6.01115351381387874596e+00) (14, 2.87723810297405634628e+02) (15, -6.62703083205559040358e-01) 
