FANN_FLO_2.1
num_layers=3
learning_rate=0.700000
connection_rate=1.000000
network_type=0
learning_momentum=0.000000
training_algorithm=2
train_error_function=1
train_stop_function=1
cascade_output_change_fraction=0.010000
quickprop_decay=-0.000100
quickprop_mu=1.750000
rprop_increase_factor=1.200000
rprop_decrease_factor=0.500000
rprop_delta_min=0.000000
rprop_delta_max=50.000000
rprop_delta_zero=0.100000
cascade_output_stagnation_epochs=12
cascade_candidate_change_fraction=0.010000
cascade_candidate_stagnation_epochs=12
cascade_max_out_epochs=150
cascade_min_out_epochs=50
cascade_max_cand_epochs=150
cascade_min_cand_epochs=50
cascade_num_candidate_groups=2
bit_fail_limit=1.00000000000000005551e-01
cascade_candidate_limit=1.00000000000000000000e+03
cascade_weight_multiplier=4.00000000000000022204e-01
cascade_activation_functions_count=10
cascade_activation_functions=3 5 7 8 10 11 14 15 16 17 
cascade_activation_steepnesses_count=4
cascade_activation_steepnesses=2.50000000000000000000e-01 5.00000000000000000000e-01 7.50000000000000000000e-01 1.00000000000000000000e+00 
layer_sizes=11 4 2 
scale_included=0
neurons (num_inputs, activation_function, activation_steepness)=(0, 0, 0.00000000000000000000e+00) (0, 0, 0.00000000000000000000e+00) (0, 0, 0.00000000000000000000e+00) (0, 0, 0.00000000000000000000e+00) (0, 0, 0.00000000000000000000e+00) (0, 0, 0.00000000000000000000e+00) (0, 0, 0.00000000000000000000e+00) (0, 0, 0.00000000000000000000e+00) (0, 0, 0.00000000000000000000e+00) (0, 0, 0.00000000000000000000e+00) (0, 0, 0.00000000000000000000e+00) (11, 6, 5.00000000000000000000e-01) (11, 6, 5.00000000000000000000e-01) (11, 6, 5.00000000000000000000e-01) (0, 6, 0.00000000000000000000e+00) (4, 4, 5.00000000000000000000e-01) (0, 4, 0.00000000000000000000e+00) 
connections (connected_to_neuron, weight)=(0, -3.61154495494004601497e+00) (1, -1.32595235479652956201e+02) (2, -1.34163699841324699946e+02) (3, 4.70493386412988314760e+01) (4, 7.93634970936916150919e-01) (5, -3.37982606428464782411e-01) (6, -1.32702038209748451436e+02) (7, -2.04922839027289305225e-01) (8, 6.04106065528563718203e+00) (9, 7.33552718829967460579e+01) (10, 6.13888988511958610950e-01) (0, 1.08286337816640942933e+00) (1, 1.27405196273876164526e+01) (2, 1.27699592122949887596e+01) (3, 7.92382368103967005268e-01) (4, -4.37585452472273483959e-01) (5, -3.76173311326072234984e-01) (6, 1.27626871924472542474e+01) (7, 3.03808760162982371966e+00) (8, 1.61732630292703142595e-03) (9, -1.09439709180707325231e+01) (10, -8.76467330599296157168e-01) (0, 1.12529370467099472108e+01) (1, -7.40357337304994267413e+00) (2, -7.41684855292496258983e+00) (3, -9.44640379943852792621e+00) (4, 2.57404650663980261172e+00) (5, -1.60645546089983992655e-01) (6, -7.42200762887359744013e+00) (7, -8.24461486540093346775e+00) (8, 2.19509236232656448351e+01) (9, -8.44767867549241557867e+00) (10, 5.49091434329417316107e-01) (11, 8.52556550009866853657e+00) (12, 2.25925993504223328046e+01) (13, 1.18742328352040580342e+01) (14, -1.03593405380143863681e+01) 
