FANN_FLO_2.1
num_layers=3
learning_rate=0.700000
connection_rate=1.000000
network_type=0
learning_momentum=0.000000
training_algorithm=2
train_error_function=1
train_stop_function=1
cascade_output_change_fraction=0.010000
quickprop_decay=-0.000100
quickprop_mu=1.750000
rprop_increase_factor=1.200000
rprop_decrease_factor=0.500000
rprop_delta_min=0.000000
rprop_delta_max=50.000000
rprop_delta_zero=0.100000
cascade_output_stagnation_epochs=12
cascade_candidate_change_fraction=0.010000
cascade_candidate_stagnation_epochs=12
cascade_max_out_epochs=150
cascade_min_out_epochs=50
cascade_max_cand_epochs=150
cascade_min_cand_epochs=50
cascade_num_candidate_groups=2
bit_fail_limit=1.00000000000000005551e-01
cascade_candidate_limit=1.00000000000000000000e+03
cascade_weight_multiplier=4.00000000000000022204e-01
cascade_activation_functions_count=10
cascade_activation_functions=3 5 7 8 10 11 14 15 16 17 
cascade_activation_steepnesses_count=4
cascade_activation_steepnesses=2.50000000000000000000e-01 5.00000000000000000000e-01 7.50000000000000000000e-01 1.00000000000000000000e+00 
layer_sizes=12 4 2 
scale_included=0
neurons (num_inputs, activation_function, activation_steepness)=(0, 0, 0.00000000000000000000e+00) (0, 0, 0.00000000000000000000e+00) (0, 0, 0.00000000000000000000e+00) (0, 0, 0.00000000000000000000e+00) (0, 0, 0.00000000000000000000e+00) (0, 0, 0.00000000000000000000e+00) (0, 0, 0.00000000000000000000e+00) (0, 0, 0.00000000000000000000e+00) (0, 0, 0.00000000000000000000e+00) (0, 0, 0.00000000000000000000e+00) (0, 0, 0.00000000000000000000e+00) (0, 0, 0.00000000000000000000e+00) (12, 6, 5.00000000000000000000e-01) (12, 6, 5.00000000000000000000e-01) (12, 6, 5.00000000000000000000e-01) (0, 6, 0.00000000000000000000e+00) (4, 4, 5.00000000000000000000e-01) (0, 4, 0.00000000000000000000e+00) 
connections (connected_to_neuron, weight)=(0, -3.48629784289051469770e+00) (1, 1.88104859494816012422e+00) (2, 1.14662725019153000083e+00) (3, -1.09705904702799261763e+00) (4, -1.58920260460182438678e+00) (5, -4.05414577405579845681e-01) (6, -5.10424408893712322488e-01) (7, 2.34490918057462671698e+00) (8, -5.48935612328994126941e-01) (9, -4.29282911068393602250e+00) (10, -4.37208786495859424992e-01) (11, -5.27972433701084487012e-01) (0, 4.00522848663325969909e+00) (1, -2.81225015046167303723e+00) (2, -3.89976841440197929956e+00) (3, 1.07173539586832133885e+00) (4, 2.73111946851228726274e+00) (5, 3.29525558009229960210e-02) (6, -4.13674177870669290691e-02) (7, -3.88493171147228366635e+00) (8, 1.05949894870766281318e-01) (9, 3.15843184884366312559e+00) (10, 1.36362266704044876597e+00) (11, 2.70256357502451827202e+00) (0, -1.89268651067594517734e+00) (1, 1.03685104339773648263e+00) (2, 1.19029029922732321189e+00) (3, -1.27701465166909139404e-01) (4, -1.52832665116592703036e+00) (5, -7.98466812474423331958e-02) (6, -4.06673710448437544795e-02) (7, 1.15473949022143540510e+00) (8, 2.56611589464001754735e-01) (9, -2.11616989798111099219e+00) (10, 6.68840837785971975560e-02) (11, -7.69694367183635097529e-02) (12, 1.74859025282606861396e+00) (13, -6.62282842330061516378e+00) (14, 8.70609036845549866257e+00) (15, -1.67112155887813496058e+00) 
