FANN_FLO_2.1
num_layers=3
learning_rate=0.700000
connection_rate=1.000000
network_type=0
learning_momentum=0.000000
training_algorithm=2
train_error_function=1
train_stop_function=1
cascade_output_change_fraction=0.010000
quickprop_decay=-0.000100
quickprop_mu=1.750000
rprop_increase_factor=1.200000
rprop_decrease_factor=0.500000
rprop_delta_min=0.000000
rprop_delta_max=50.000000
rprop_delta_zero=0.100000
cascade_output_stagnation_epochs=12
cascade_candidate_change_fraction=0.010000
cascade_candidate_stagnation_epochs=12
cascade_max_out_epochs=150
cascade_min_out_epochs=50
cascade_max_cand_epochs=150
cascade_min_cand_epochs=50
cascade_num_candidate_groups=2
bit_fail_limit=1.00000000000000005551e-01
cascade_candidate_limit=1.00000000000000000000e+03
cascade_weight_multiplier=4.00000000000000022204e-01
cascade_activation_functions_count=10
cascade_activation_functions=3 5 7 8 10 11 14 15 16 17 
cascade_activation_steepnesses_count=4
cascade_activation_steepnesses=2.50000000000000000000e-01 5.00000000000000000000e-01 7.50000000000000000000e-01 1.00000000000000000000e+00 
layer_sizes=8 4 2 
scale_included=0
neurons (num_inputs, activation_function, activation_steepness)=(0, 0, 0.00000000000000000000e+00) (0, 0, 0.00000000000000000000e+00) (0, 0, 0.00000000000000000000e+00) (0, 0, 0.00000000000000000000e+00) (0, 0, 0.00000000000000000000e+00) (0, 0, 0.00000000000000000000e+00) (0, 0, 0.00000000000000000000e+00) (0, 0, 0.00000000000000000000e+00) (8, 6, 5.00000000000000000000e-01) (8, 6, 5.00000000000000000000e-01) (8, 6, 5.00000000000000000000e-01) (0, 6, 0.00000000000000000000e+00) (4, 4, 5.00000000000000000000e-01) (0, 4, 0.00000000000000000000e+00) 
connections (connected_to_neuron, weight)=(0, -2.44814643678517768199e-01) (1, 2.47495270646130061110e+00) (2, 2.39203589914765729629e-01) (3, 3.31623090903921391437e-02) (4, -2.28921188487101884279e-02) (5, 1.15429649195725891886e+00) (6, -1.21704730491139390125e+00) (7, -3.22511082342058941208e-01) (0, 2.52906987650005965484e-01) (1, -5.89937225204917203847e-01) (2, -1.41920639691575395380e-01) (3, -1.72018245222774507353e-01) (4, -4.47661647315831023874e-01) (5, -7.25907847800815808625e+00) (6, 9.29495492909716558572e-01) (7, 8.44616879344151638698e-02) (0, -1.19327498741668280857e+00) (1, 2.64063854235884898358e+00) (2, 1.22677615828630526273e+00) (3, 9.97724910157573918745e-01) (4, 2.22735929265834453616e+00) (5, 3.61772092847298143425e+00) (6, -5.11214846990547400196e+00) (7, -2.76540137403816244088e+00) (8, 3.12639898892054013402e+00) (9, -1.55181161843382309229e+00) (10, 1.22673785353299802381e+01) (11, -3.99254833610757087214e+00) 
