FANN_FLO_2.1
num_layers=3
learning_rate=0.700000
connection_rate=1.000000
network_type=0
learning_momentum=0.000000
training_algorithm=2
train_error_function=1
train_stop_function=1
cascade_output_change_fraction=0.010000
quickprop_decay=-0.000100
quickprop_mu=1.750000
rprop_increase_factor=1.200000
rprop_decrease_factor=0.500000
rprop_delta_min=0.000000
rprop_delta_max=50.000000
rprop_delta_zero=0.100000
cascade_output_stagnation_epochs=12
cascade_candidate_change_fraction=0.010000
cascade_candidate_stagnation_epochs=12
cascade_max_out_epochs=150
cascade_min_out_epochs=50
cascade_max_cand_epochs=150
cascade_min_cand_epochs=50
cascade_num_candidate_groups=2
bit_fail_limit=1.00000000000000005551e-01
cascade_candidate_limit=1.00000000000000000000e+03
cascade_weight_multiplier=4.00000000000000022204e-01
cascade_activation_functions_count=10
cascade_activation_functions=3 5 7 8 10 11 14 15 16 17 
cascade_activation_steepnesses_count=4
cascade_activation_steepnesses=2.50000000000000000000e-01 5.00000000000000000000e-01 7.50000000000000000000e-01 1.00000000000000000000e+00 
layer_sizes=8 4 2 
scale_included=0
neurons (num_inputs, activation_function, activation_steepness)=(0, 0, 0.00000000000000000000e+00) (0, 0, 0.00000000000000000000e+00) (0, 0, 0.00000000000000000000e+00) (0, 0, 0.00000000000000000000e+00) (0, 0, 0.00000000000000000000e+00) (0, 0, 0.00000000000000000000e+00) (0, 0, 0.00000000000000000000e+00) (0, 0, 0.00000000000000000000e+00) (8, 6, 5.00000000000000000000e-01) (8, 6, 5.00000000000000000000e-01) (8, 6, 5.00000000000000000000e-01) (0, 6, 0.00000000000000000000e+00) (4, 4, 5.00000000000000000000e-01) (0, 4, 0.00000000000000000000e+00) 
connections (connected_to_neuron, weight)=(0, 2.06408916927273505815e-01) (1, -7.79084116287041883453e-01) (2, -2.67374860151342375048e-01) (3, -1.25726178730394488881e-01) (4, 1.86052914524173149124e-02) (5, -5.33095286747738494881e+00) (6, 2.49876527570654083377e+00) (7, 3.96952982714633140215e-01) (0, 4.89813570664539010835e-01) (1, -1.19247074543546172087e+00) (2, -1.57880558138307508509e-01) (3, -4.79841687949008055547e-01) (4, 2.93887274649509200319e-01) (5, -1.44506393891754303382e+00) (6, 3.00632595485894515974e+00) (7, 6.47893319440977388801e-01) (0, -2.63370322458089112239e-01) (1, 4.05667607248984030122e+00) (2, -2.24443053251050100849e-02) (3, 1.72761299883647634346e+00) (4, 3.84918571175883839075e+00) (5, 3.10365170455942029903e+00) (6, -5.52443281737976032986e+00) (7, -4.01267342796698578411e+00) (8, -2.17227591685854681813e+00) (9, -5.94048732825991887552e+00) (10, 5.19528516071761448103e+00) (11, -2.34404007568980876641e+00) 
