FANN_FLO_2.1
num_layers=3
learning_rate=0.700000
connection_rate=1.000000
network_type=0
learning_momentum=0.000000
training_algorithm=2
train_error_function=1
train_stop_function=1
cascade_output_change_fraction=0.010000
quickprop_decay=-0.000100
quickprop_mu=1.750000
rprop_increase_factor=1.200000
rprop_decrease_factor=0.500000
rprop_delta_min=0.000000
rprop_delta_max=50.000000
rprop_delta_zero=0.100000
cascade_output_stagnation_epochs=12
cascade_candidate_change_fraction=0.010000
cascade_candidate_stagnation_epochs=12
cascade_max_out_epochs=150
cascade_min_out_epochs=50
cascade_max_cand_epochs=150
cascade_min_cand_epochs=50
cascade_num_candidate_groups=2
bit_fail_limit=1.00000000000000005551e-01
cascade_candidate_limit=1.00000000000000000000e+03
cascade_weight_multiplier=4.00000000000000022204e-01
cascade_activation_functions_count=10
cascade_activation_functions=3 5 7 8 10 11 14 15 16 17 
cascade_activation_steepnesses_count=4
cascade_activation_steepnesses=2.50000000000000000000e-01 5.00000000000000000000e-01 7.50000000000000000000e-01 1.00000000000000000000e+00 
layer_sizes=17 4 2 
scale_included=0
neurons (num_inputs, activation_function, activation_steepness)=(0, 0, 0.00000000000000000000e+00) (0, 0, 0.00000000000000000000e+00) (0, 0, 0.00000000000000000000e+00) (0, 0, 0.00000000000000000000e+00) (0, 0, 0.00000000000000000000e+00) (0, 0, 0.00000000000000000000e+00) (0, 0, 0.00000000000000000000e+00) (0, 0, 0.00000000000000000000e+00) (0, 0, 0.00000000000000000000e+00) (0, 0, 0.00000000000000000000e+00) (0, 0, 0.00000000000000000000e+00) (0, 0, 0.00000000000000000000e+00) (0, 0, 0.00000000000000000000e+00) (0, 0, 0.00000000000000000000e+00) (0, 0, 0.00000000000000000000e+00) (0, 0, 0.00000000000000000000e+00) (0, 0, 0.00000000000000000000e+00) (17, 6, 5.00000000000000000000e-01) (17, 6, 5.00000000000000000000e-01) (17, 6, 5.00000000000000000000e-01) (0, 6, 0.00000000000000000000e+00) (4, 4, 5.00000000000000000000e-01) (0, 4, 0.00000000000000000000e+00) 
connections (connected_to_neuron, weight)=(0, -1.78200423735593016517e+00) (1, 1.92609412475412322685e+00) (2, 9.39732610539045332132e-01) (3, 5.25734533779154467048e-01) (4, -3.38184684688589906609e-02) (5, 8.89846305449727009718e-02) (6, 1.63756337437162202697e+00) (7, 5.38463062726757479837e-01) (8, 4.00230560407440594251e-01) (9, -8.73765834517818695826e-02) (10, -3.34491049575892485102e-01) (11, -8.10171176197549747222e-01) (12, 1.76466093160072667878e+00) (13, -1.50689821744468155362e-01) (14, 1.39003106890943639584e-01) (15, 4.19229015602377574901e-01) (16, -1.40029414234487536994e+00) (0, -4.32418307079828778683e+00) (1, 3.58015375011054493015e+00) (2, 1.57544224851893055472e+00) (3, 7.23354556383871249992e-01) (4, -8.47179830542208467392e-01) (5, -3.89883515230525112827e-01) (6, 4.61107111970374372589e+00) (7, 6.39740679517168620016e-01) (8, 7.07399878656987390890e-01) (9, 1.07776203374805326640e-01) (10, -2.26410290804638369977e+00) (11, -2.60076151269914834785e+00) (12, 3.58847524927853100962e+00) (13, -5.98411206717388677312e-01) (14, -8.29188017332854326868e-02) (15, 1.18479025409561167237e+00) (16, -2.12604719801468711182e+00) (0, 1.50651861706998380086e+00) (1, -4.11254796163394997777e-01) (2, -7.97752507839044611160e-01) (3, -8.91999596629980828766e+00) (4, 5.51419349773242029045e-01) (5, -4.83794556451535906483e-01) (6, -1.87690806346567845564e-01) (7, -3.96362475114239720675e-01) (8, -2.20442628590046346693e-01) (9, 5.18212867819458980478e-02) (10, 3.77999966404123644015e-01) (11, 5.66009398709551803108e-01) (12, 9.26907313341952393548e-02) (13, 6.91158967904440951768e-02) (14, -2.72850075639094968860e-01) (15, -1.52697067953587478639e-01) (16, 6.28260557981552669737e-01) (17, 1.67281544674486237767e+00) (18, 5.19188973724644320384e+00) (19, -4.46295741040964255575e+00) (20, -3.35218693998493755259e+00) 
