FANN_FLO_2.1
num_layers=3
learning_rate=0.700000
connection_rate=1.000000
network_type=0
learning_momentum=0.000000
training_algorithm=2
train_error_function=1
train_stop_function=1
cascade_output_change_fraction=0.010000
quickprop_decay=-0.000100
quickprop_mu=1.750000
rprop_increase_factor=1.200000
rprop_decrease_factor=0.500000
rprop_delta_min=0.000000
rprop_delta_max=50.000000
rprop_delta_zero=0.100000
cascade_output_stagnation_epochs=12
cascade_candidate_change_fraction=0.010000
cascade_candidate_stagnation_epochs=12
cascade_max_out_epochs=150
cascade_min_out_epochs=50
cascade_max_cand_epochs=150
cascade_min_cand_epochs=50
cascade_num_candidate_groups=2
bit_fail_limit=1.00000000000000005551e-01
cascade_candidate_limit=1.00000000000000000000e+03
cascade_weight_multiplier=4.00000000000000022204e-01
cascade_activation_functions_count=10
cascade_activation_functions=3 5 7 8 10 11 14 15 16 17 
cascade_activation_steepnesses_count=4
cascade_activation_steepnesses=2.50000000000000000000e-01 5.00000000000000000000e-01 7.50000000000000000000e-01 1.00000000000000000000e+00 
layer_sizes=15 4 2 
scale_included=0
neurons (num_inputs, activation_function, activation_steepness)=(0, 0, 0.00000000000000000000e+00) (0, 0, 0.00000000000000000000e+00) (0, 0, 0.00000000000000000000e+00) (0, 0, 0.00000000000000000000e+00) (0, 0, 0.00000000000000000000e+00) (0, 0, 0.00000000000000000000e+00) (0, 0, 0.00000000000000000000e+00) (0, 0, 0.00000000000000000000e+00) (0, 0, 0.00000000000000000000e+00) (0, 0, 0.00000000000000000000e+00) (0, 0, 0.00000000000000000000e+00) (0, 0, 0.00000000000000000000e+00) (0, 0, 0.00000000000000000000e+00) (0, 0, 0.00000000000000000000e+00) (0, 0, 0.00000000000000000000e+00) (15, 6, 5.00000000000000000000e-01) (15, 6, 5.00000000000000000000e-01) (15, 6, 5.00000000000000000000e-01) (0, 6, 0.00000000000000000000e+00) (4, 4, 5.00000000000000000000e-01) (0, 4, 0.00000000000000000000e+00) 
connections (connected_to_neuron, weight)=(0, 3.68835898196780576086e+00) (1, -4.79183500969621434251e+00) (2, -3.68920187217966599746e+00) (3, 2.79000585553797642024e-01) (4, 3.01375662464930815787e+00) (5, 3.77545533782327069616e+00) (6, 1.89550393433859487580e+00) (7, -1.55422715029714120227e+00) (8, 4.59027948214353642697e+00) (9, 4.22310088054137544589e+00) (10, -3.48735485203419948164e+00) (11, 2.00576134203964751013e-01) (12, 4.23650590554671602206e+00) (13, 1.92788131712967464315e-01) (14, 3.08133370358779234977e+00) (0, -2.66228197693967860715e+00) (1, 1.41093916610131331346e+00) (2, 2.90101964466064465853e+00) (3, 3.56229162656337416948e-02) (4, -8.27308663620039297371e-01) (5, -2.03464951855526354763e+00) (6, -1.81376493908352087736e+00) (7, 3.55990584539614352000e-01) (8, -2.54828863769912761228e+00) (9, -1.71873348392433356047e+00) (10, 3.00563814185350430819e+00) (11, -1.27864076181012475963e-01) (12, -2.59755886886098341648e+00) (13, -7.86118094397141531360e-01) (14, -1.99201739874412753206e-01) (0, -2.49091194003963511960e+00) (1, 1.41732060328373976610e+00) (2, 2.93068152360408795687e+00) (3, 1.34738414429694808305e-02) (4, -1.02259334191690642868e+00) (5, -2.16576116276369479152e+00) (6, -1.81369836814588736296e+00) (7, 3.40227783558082308435e-01) (8, -2.56824916780138057248e+00) (9, -1.80631859041637610197e+00) (10, 2.92083951525180829378e+00) (11, -4.66362595396817083970e-02) (12, -2.74556828085162596409e+00) (13, -7.92037297559334829700e-01) (14, -2.17688552585174777132e-01) (15, -6.68896327845179161642e+00) (16, 2.69046424796170535743e+00) (17, 2.74323416968173372510e+00) (18, -1.47836075228846719476e+00) 
