FANN_FLO_2.1
num_layers=3
learning_rate=0.700000
connection_rate=1.000000
network_type=0
learning_momentum=0.000000
training_algorithm=2
train_error_function=1
train_stop_function=1
cascade_output_change_fraction=0.010000
quickprop_decay=-0.000100
quickprop_mu=1.750000
rprop_increase_factor=1.200000
rprop_decrease_factor=0.500000
rprop_delta_min=0.000000
rprop_delta_max=50.000000
rprop_delta_zero=0.100000
cascade_output_stagnation_epochs=12
cascade_candidate_change_fraction=0.010000
cascade_candidate_stagnation_epochs=12
cascade_max_out_epochs=150
cascade_min_out_epochs=50
cascade_max_cand_epochs=150
cascade_min_cand_epochs=50
cascade_num_candidate_groups=2
bit_fail_limit=1.00000000000000005551e-01
cascade_candidate_limit=1.00000000000000000000e+03
cascade_weight_multiplier=4.00000000000000022204e-01
cascade_activation_functions_count=10
cascade_activation_functions=3 5 7 8 10 11 14 15 16 17 
cascade_activation_steepnesses_count=4
cascade_activation_steepnesses=2.50000000000000000000e-01 5.00000000000000000000e-01 7.50000000000000000000e-01 1.00000000000000000000e+00 
layer_sizes=18 4 2 
scale_included=0
neurons (num_inputs, activation_function, activation_steepness)=(0, 0, 0.00000000000000000000e+00) (0, 0, 0.00000000000000000000e+00) (0, 0, 0.00000000000000000000e+00) (0, 0, 0.00000000000000000000e+00) (0, 0, 0.00000000000000000000e+00) (0, 0, 0.00000000000000000000e+00) (0, 0, 0.00000000000000000000e+00) (0, 0, 0.00000000000000000000e+00) (0, 0, 0.00000000000000000000e+00) (0, 0, 0.00000000000000000000e+00) (0, 0, 0.00000000000000000000e+00) (0, 0, 0.00000000000000000000e+00) (0, 0, 0.00000000000000000000e+00) (0, 0, 0.00000000000000000000e+00) (0, 0, 0.00000000000000000000e+00) (0, 0, 0.00000000000000000000e+00) (0, 0, 0.00000000000000000000e+00) (0, 0, 0.00000000000000000000e+00) (18, 6, 5.00000000000000000000e-01) (18, 6, 5.00000000000000000000e-01) (18, 6, 5.00000000000000000000e-01) (0, 6, 0.00000000000000000000e+00) (4, 4, 5.00000000000000000000e-01) (0, 4, 0.00000000000000000000e+00) 
connections (connected_to_neuron, weight)=(0, -5.49553176225742046057e+00) (1, 5.58682341761907252931e+00) (2, 5.23113913693615928402e-01) (3, -2.72721231222713300646e-01) (4, -1.16339411455431696041e-02) (5, -2.94496668888850510193e-01) (6, 5.67868503816445979737e+00) (7, 3.85672047593781486263e-01) (8, -3.43476691054984861751e+00) (9, 7.54925668371361630049e-02) (10, -1.43532398264480276495e+00) (11, -3.59904320496007734675e+00) (12, -3.46322049903556639094e+00) (13, -1.46762757552729827815e+00) (14, -2.57947276509361467234e+00) (15, -1.41232901801861543412e-01) (16, -2.23494586107003723185e+00) (17, -1.72389233388424878424e-01) (0, -5.41752155335267726599e+00) (1, 5.75542439408620509766e+00) (2, 4.32339820870348945370e-01) (3, -2.68731810391509839953e-01) (4, 7.06602019032720463088e-05) (5, -2.00264735533519089294e-01) (6, 5.63178209476193103455e+00) (7, 5.22303096809575095882e-01) (8, -3.48686588513538175960e+00) (9, -8.83573233949500047579e-02) (10, -1.40586640234661741644e+00) (11, -3.46589698600456053157e+00) (12, -2.22465507163743492214e+00) (13, -1.46005854560004455500e+00) (14, -2.53546487516718110911e+00) (15, -3.80164350221719182787e-01) (16, -2.35716708135473762553e+00) (17, -2.36249374129296280111e-01) (0, -8.09011380213626063451e-01) (1, 1.17047135684860692528e+00) (2, 1.27035757886334033095e-01) (3, -2.55626738007257880980e-01) (4, -3.83760707630317887684e-02) (5, 3.72977656291327841487e-02) (6, 1.12304549817217336205e+00) (7, 7.26669908233280259502e-01) (8, -1.59348548584833826780e-01) (9, 1.40316381027182912611e-01) (10, -4.78086733187732537687e-03) (11, -5.66201474300623286418e-01) (12, -1.96666272928485041938e-01) (13, -3.56589045461565001816e-02) (14, -1.35204590249927536494e-01) (15, -3.20212512714058428198e-02) (16, -9.20840553483925905454e-03) (17, 9.35394435818667491223e-02) (18, 2.31156432078111162554e+00) (19, 2.32158622340190401445e+00) (20, 2.22809672265040736860e+00) (21, -1.52027102782382694812e+00) 
