FANN_FLO_2.1
num_layers=3
learning_rate=0.700000
connection_rate=1.000000
network_type=0
learning_momentum=0.000000
training_algorithm=2
train_error_function=1
train_stop_function=1
cascade_output_change_fraction=0.010000
quickprop_decay=-0.000100
quickprop_mu=1.750000
rprop_increase_factor=1.200000
rprop_decrease_factor=0.500000
rprop_delta_min=0.000000
rprop_delta_max=50.000000
rprop_delta_zero=0.100000
cascade_output_stagnation_epochs=12
cascade_candidate_change_fraction=0.010000
cascade_candidate_stagnation_epochs=12
cascade_max_out_epochs=150
cascade_min_out_epochs=50
cascade_max_cand_epochs=150
cascade_min_cand_epochs=50
cascade_num_candidate_groups=2
bit_fail_limit=1.00000000000000005551e-01
cascade_candidate_limit=1.00000000000000000000e+03
cascade_weight_multiplier=4.00000000000000022204e-01
cascade_activation_functions_count=10
cascade_activation_functions=3 5 7 8 10 11 14 15 16 17 
cascade_activation_steepnesses_count=4
cascade_activation_steepnesses=2.50000000000000000000e-01 5.00000000000000000000e-01 7.50000000000000000000e-01 1.00000000000000000000e+00 
layer_sizes=15 4 2 
scale_included=0
neurons (num_inputs, activation_function, activation_steepness)=(0, 0, 0.00000000000000000000e+00) (0, 0, 0.00000000000000000000e+00) (0, 0, 0.00000000000000000000e+00) (0, 0, 0.00000000000000000000e+00) (0, 0, 0.00000000000000000000e+00) (0, 0, 0.00000000000000000000e+00) (0, 0, 0.00000000000000000000e+00) (0, 0, 0.00000000000000000000e+00) (0, 0, 0.00000000000000000000e+00) (0, 0, 0.00000000000000000000e+00) (0, 0, 0.00000000000000000000e+00) (0, 0, 0.00000000000000000000e+00) (0, 0, 0.00000000000000000000e+00) (0, 0, 0.00000000000000000000e+00) (0, 0, 0.00000000000000000000e+00) (15, 6, 5.00000000000000000000e-01) (15, 6, 5.00000000000000000000e-01) (15, 6, 5.00000000000000000000e-01) (0, 6, 0.00000000000000000000e+00) (4, 4, 5.00000000000000000000e-01) (0, 4, 0.00000000000000000000e+00) 
connections (connected_to_neuron, weight)=(0, -1.76473230638535594217e+00) (1, 1.87896445581991455853e+00) (2, 7.19476605026676097054e-01) (3, 1.63617434634254460546e-01) (4, -1.18275182857617289223e+00) (5, -1.95365069014185688268e+00) (6, -1.84955909800881168614e+00) (7, 1.01439893718413651214e-01) (8, -1.55283290055744593872e+00) (9, -5.47487062037123939362e-01) (10, 5.02515272739870177965e-01) (11, -1.87930816129984828988e-01) (12, -2.12646145700331823392e+00) (13, -6.73969422102107307282e-01) (14, -8.48108463980397769832e-02) (0, -2.75206459364109390364e+00) (1, 1.55061771452505237079e+00) (2, 2.06385931589139071107e+00) (3, 4.85872610642373803369e-01) (4, -1.21869491245896655052e+00) (5, -3.18921660754700164730e+00) (6, -1.21486048511269917327e+00) (7, 1.54262348541188282214e-01) (8, -2.00536132827087598685e+00) (9, -1.39406961485768188247e+00) (10, 1.75061349642583774511e+00) (11, 5.16986419303764432875e-01) (12, -2.50707334856038599469e+00) (13, -5.52353287005751480976e-01) (14, -7.19260286899368828095e-01) (0, -5.65290737144800026215e+00) (1, 2.21697574411376541192e+00) (2, 1.96005570732486811281e+00) (3, 1.01715006268478891371e+00) (4, -1.06791886892468768089e+00) (5, -3.27318092558403472836e+00) (6, -1.10041343531611790496e+00) (7, 2.46720063963103336535e-01) (8, -1.91309762969299557156e+00) (9, -1.42865661069775451431e+00) (10, 1.79063421932169841710e+00) (11, 6.42420747174371697952e-01) (12, -2.35635817254429458245e+00) (13, -5.02012943739025829792e-01) (14, -7.12180521698753898896e-01) (15, 6.84035333350582419598e-01) (16, 8.86085647982668689338e+00) (17, 8.86223555249285510627e+00) (18, -1.00986628898226094009e+00) 
