FANN_FLO_2.1
num_layers=3
learning_rate=0.700000
connection_rate=1.000000
network_type=0
learning_momentum=0.000000
training_algorithm=2
train_error_function=1
train_stop_function=1
cascade_output_change_fraction=0.010000
quickprop_decay=-0.000100
quickprop_mu=1.750000
rprop_increase_factor=1.200000
rprop_decrease_factor=0.500000
rprop_delta_min=0.000000
rprop_delta_max=50.000000
rprop_delta_zero=0.100000
cascade_output_stagnation_epochs=12
cascade_candidate_change_fraction=0.010000
cascade_candidate_stagnation_epochs=12
cascade_max_out_epochs=150
cascade_min_out_epochs=50
cascade_max_cand_epochs=150
cascade_min_cand_epochs=50
cascade_num_candidate_groups=2
bit_fail_limit=1.00000000000000005551e-01
cascade_candidate_limit=1.00000000000000000000e+03
cascade_weight_multiplier=4.00000000000000022204e-01
cascade_activation_functions_count=10
cascade_activation_functions=3 5 7 8 10 11 14 15 16 17 
cascade_activation_steepnesses_count=4
cascade_activation_steepnesses=2.50000000000000000000e-01 5.00000000000000000000e-01 7.50000000000000000000e-01 1.00000000000000000000e+00 
layer_sizes=17 4 2 
scale_included=0
neurons (num_inputs, activation_function, activation_steepness)=(0, 0, 0.00000000000000000000e+00) (0, 0, 0.00000000000000000000e+00) (0, 0, 0.00000000000000000000e+00) (0, 0, 0.00000000000000000000e+00) (0, 0, 0.00000000000000000000e+00) (0, 0, 0.00000000000000000000e+00) (0, 0, 0.00000000000000000000e+00) (0, 0, 0.00000000000000000000e+00) (0, 0, 0.00000000000000000000e+00) (0, 0, 0.00000000000000000000e+00) (0, 0, 0.00000000000000000000e+00) (0, 0, 0.00000000000000000000e+00) (0, 0, 0.00000000000000000000e+00) (0, 0, 0.00000000000000000000e+00) (0, 0, 0.00000000000000000000e+00) (0, 0, 0.00000000000000000000e+00) (0, 0, 0.00000000000000000000e+00) (17, 6, 5.00000000000000000000e-01) (17, 6, 5.00000000000000000000e-01) (17, 6, 5.00000000000000000000e-01) (0, 6, 0.00000000000000000000e+00) (4, 4, 5.00000000000000000000e-01) (0, 4, 0.00000000000000000000e+00) 
connections (connected_to_neuron, weight)=(0, -7.52446624446641676442e-01) (1, 1.30399706390200820216e+00) (2, 5.13154636713122780378e-01) (3, 1.11280573783567460211e+00) (4, 1.03519136147403223447e+00) (5, 1.17343446200612477881e+00) (6, 4.36727554596548162014e-01) (7, 4.07139813303084685536e-01) (8, -1.84491510865938207475e-01) (9, 1.56680243272103258967e+00) (10, -1.48819281880443843313e+00) (11, 6.36580751563791236158e-01) (12, 8.78594583850063337582e-02) (13, 7.31931962145942915932e-01) (14, -1.01215446944349785063e+00) (15, 7.64985134999854299309e+00) (16, -1.01917869573144059814e+00) (0, 5.80837081389965592670e-01) (1, -1.96712920273586222564e-01) (2, -4.90894924970236914974e-02) (3, -2.38805530824946599111e+00) (4, -2.33810482390257201590e-01) (5, -1.47602091069039276228e+00) (6, 1.08521658464417695283e-02) (7, 1.35415342337128402628e-01) (8, 3.25405695278447038010e-01) (9, -1.18852114687427103945e+01) (10, 7.75805584965423955524e-01) (11, -3.69343274812367616811e-01) (12, 2.00776255946827159038e-01) (13, 2.98909385170522149885e-03) (14, 1.13576554312133248814e+00) (15, -5.26996139712721589632e+00) (16, 7.29795357520454546219e-01) (0, -8.56154970571418871828e+00) (1, 2.44516597466099261382e+00) (2, 1.52486807275224589553e+00) (3, 2.08217609209742349208e+00) (4, 2.32071558923658427531e+00) (5, 2.12881616744587232049e+00) (6, 1.05010765598518895914e+00) (7, -3.49637986087704619176e-02) (8, -2.43293193765172688359e+00) (9, 3.15180163630397558450e+00) (10, -2.30009195082608197680e+00) (11, 1.50060874503475050190e+00) (12, 6.26764455938716213979e-01) (13, 1.89804952719510500181e+00) (14, 2.21756706935476977094e+00) (15, 8.75880061316806401983e-01) (16, -1.54116339032098559336e+00) (17, 2.00290268592891385069e+00) (18, -3.84221553138800997473e+00) (19, 1.47278797888581571840e+01) (20, -2.59629839788981620075e+00) 
