FANN_FLO_2.1
num_layers=3
learning_rate=0.700000
connection_rate=1.000000
network_type=0
learning_momentum=0.000000
training_algorithm=2
train_error_function=1
train_stop_function=1
cascade_output_change_fraction=0.010000
quickprop_decay=-0.000100
quickprop_mu=1.750000
rprop_increase_factor=1.200000
rprop_decrease_factor=0.500000
rprop_delta_min=0.000000
rprop_delta_max=50.000000
rprop_delta_zero=0.100000
cascade_output_stagnation_epochs=12
cascade_candidate_change_fraction=0.010000
cascade_candidate_stagnation_epochs=12
cascade_max_out_epochs=150
cascade_min_out_epochs=50
cascade_max_cand_epochs=150
cascade_min_cand_epochs=50
cascade_num_candidate_groups=2
bit_fail_limit=1.00000000000000005551e-01
cascade_candidate_limit=1.00000000000000000000e+03
cascade_weight_multiplier=4.00000000000000022204e-01
cascade_activation_functions_count=10
cascade_activation_functions=3 5 7 8 10 11 14 15 16 17 
cascade_activation_steepnesses_count=4
cascade_activation_steepnesses=2.50000000000000000000e-01 5.00000000000000000000e-01 7.50000000000000000000e-01 1.00000000000000000000e+00 
layer_sizes=11 4 2 
scale_included=0
neurons (num_inputs, activation_function, activation_steepness)=(0, 0, 0.00000000000000000000e+00) (0, 0, 0.00000000000000000000e+00) (0, 0, 0.00000000000000000000e+00) (0, 0, 0.00000000000000000000e+00) (0, 0, 0.00000000000000000000e+00) (0, 0, 0.00000000000000000000e+00) (0, 0, 0.00000000000000000000e+00) (0, 0, 0.00000000000000000000e+00) (0, 0, 0.00000000000000000000e+00) (0, 0, 0.00000000000000000000e+00) (0, 0, 0.00000000000000000000e+00) (11, 6, 5.00000000000000000000e-01) (11, 6, 5.00000000000000000000e-01) (11, 6, 5.00000000000000000000e-01) (0, 6, 0.00000000000000000000e+00) (4, 4, 5.00000000000000000000e-01) (0, 4, 0.00000000000000000000e+00) 
connections (connected_to_neuron, weight)=(0, 8.29001056036869465871e-01) (1, -3.97684368586853964622e-01) (2, -1.11062711461626073550e+00) (3, 1.13940412330436924293e+00) (4, 5.19472162378358692791e-01) (5, 1.39364818744618226276e+01) (6, 4.81852803715416055930e-01) (7, -2.69148179473755577717e-01) (8, -8.10414690688993945289e-03) (9, 4.84674947164888236806e-01) (10, 3.20469503902661823069e-01) (0, -1.39208931823639026071e+00) (1, 2.65943361721396154262e-01) (2, -7.53302197926057071076e-02) (3, -1.61967399039485537848e+00) (4, 1.63218512377709359384e+01) (5, 8.30243773422082886881e-01) (6, 1.63295683595921232723e+01) (7, -6.97689160472857117234e-01) (8, 2.01745789667255898125e-01) (9, 1.64167287323796955434e+01) (10, -1.84369269572560856574e+00) (0, 3.39459178549004692016e+00) (1, 1.83580185665429995723e+00) (2, 5.13646358582988682429e-01) (3, -3.50273479022772704639e+00) (4, -3.37726013206847675008e+00) (5, 1.35823827015210407687e+00) (6, -3.40627018040135531862e+00) (7, 3.51710802067732086762e-01) (8, 5.05679195344113763255e-01) (9, -3.45751646087558484055e+00) (10, -5.23837957345855587121e-01) (11, -1.97755767937298081449e+01) (12, 2.41515851409881605605e+01) (13, 2.17477076091953769321e+01) (14, -1.39867362401621986301e+00) 
