FANN_FLO_2.1
num_layers=3
learning_rate=0.700000
connection_rate=1.000000
network_type=0
learning_momentum=0.000000
training_algorithm=2
train_error_function=1
train_stop_function=1
cascade_output_change_fraction=0.010000
quickprop_decay=-0.000100
quickprop_mu=1.750000
rprop_increase_factor=1.200000
rprop_decrease_factor=0.500000
rprop_delta_min=0.000000
rprop_delta_max=50.000000
rprop_delta_zero=0.100000
cascade_output_stagnation_epochs=12
cascade_candidate_change_fraction=0.010000
cascade_candidate_stagnation_epochs=12
cascade_max_out_epochs=150
cascade_min_out_epochs=50
cascade_max_cand_epochs=150
cascade_min_cand_epochs=50
cascade_num_candidate_groups=2
bit_fail_limit=1.00000000000000005551e-01
cascade_candidate_limit=1.00000000000000000000e+03
cascade_weight_multiplier=4.00000000000000022204e-01
cascade_activation_functions_count=10
cascade_activation_functions=3 5 7 8 10 11 14 15 16 17 
cascade_activation_steepnesses_count=4
cascade_activation_steepnesses=2.50000000000000000000e-01 5.00000000000000000000e-01 7.50000000000000000000e-01 1.00000000000000000000e+00 
layer_sizes=12 4 2 
scale_included=0
neurons (num_inputs, activation_function, activation_steepness)=(0, 0, 0.00000000000000000000e+00) (0, 0, 0.00000000000000000000e+00) (0, 0, 0.00000000000000000000e+00) (0, 0, 0.00000000000000000000e+00) (0, 0, 0.00000000000000000000e+00) (0, 0, 0.00000000000000000000e+00) (0, 0, 0.00000000000000000000e+00) (0, 0, 0.00000000000000000000e+00) (0, 0, 0.00000000000000000000e+00) (0, 0, 0.00000000000000000000e+00) (0, 0, 0.00000000000000000000e+00) (0, 0, 0.00000000000000000000e+00) (12, 6, 5.00000000000000000000e-01) (12, 6, 5.00000000000000000000e-01) (12, 6, 5.00000000000000000000e-01) (0, 6, 0.00000000000000000000e+00) (4, 4, 5.00000000000000000000e-01) (0, 4, 0.00000000000000000000e+00) 
connections (connected_to_neuron, weight)=(0, 2.46224860239549370178e+00) (1, -2.70897990117494025242e+00) (2, 4.93629942440677704774e-01) (3, -1.36411787264163919531e+00) (4, -4.12942228916487863444e+00) (5, -2.69534917831867693039e+00) (6, -9.81229858648289154921e-01) (7, -2.44977464159380664555e+00) (8, -3.73100074353695854157e+00) (9, -5.04196684903523983934e-03) (10, -1.39704101749411724320e+00) (11, 3.11589281406621232406e+00) (0, 2.31163204226418228515e+00) (1, -2.75340319822255530369e+00) (2, 4.38707980119873053315e-01) (3, -1.37457965009029337011e+00) (4, -4.08919916752181222819e+00) (5, -2.72530220360010622116e+00) (6, 5.95345583872588401952e-01) (7, -2.33391732355009784428e+00) (8, -2.40413119054385227003e+00) (9, -8.23390732342658138165e-02) (10, -1.44532025077096126786e+00) (11, 3.14222721901158585922e+00) (0, 1.11842562138368051272e+00) (1, -2.09101149495553384483e+00) (2, 5.52268105157781463710e-01) (3, -1.15800757400998000080e+00) (4, -7.17130708725790433355e-01) (5, -1.77173401741177438673e+00) (6, 2.40316327049140049388e-01) (7, -9.75519281274107918911e-01) (8, -2.88730434140643144048e+00) (9, 1.23752948963083420075e-01) (10, 2.66656652583709741222e+00) (11, 6.86900220036693487380e-01) (12, -7.96223232845345574304e+00) (13, -7.97002534518519478723e+00) (14, -3.94023125759547188096e+00) (15, -1.43184568540857526386e+00) 
