FANN_FLO_2.1
num_layers=3
learning_rate=0.700000
connection_rate=1.000000
network_type=0
learning_momentum=0.000000
training_algorithm=2
train_error_function=1
train_stop_function=1
cascade_output_change_fraction=0.010000
quickprop_decay=-0.000100
quickprop_mu=1.750000
rprop_increase_factor=1.200000
rprop_decrease_factor=0.500000
rprop_delta_min=0.000000
rprop_delta_max=50.000000
rprop_delta_zero=0.100000
cascade_output_stagnation_epochs=12
cascade_candidate_change_fraction=0.010000
cascade_candidate_stagnation_epochs=12
cascade_max_out_epochs=150
cascade_min_out_epochs=50
cascade_max_cand_epochs=150
cascade_min_cand_epochs=50
cascade_num_candidate_groups=2
bit_fail_limit=1.00000000000000005551e-01
cascade_candidate_limit=1.00000000000000000000e+03
cascade_weight_multiplier=4.00000000000000022204e-01
cascade_activation_functions_count=10
cascade_activation_functions=3 5 7 8 10 11 14 15 16 17 
cascade_activation_steepnesses_count=4
cascade_activation_steepnesses=2.50000000000000000000e-01 5.00000000000000000000e-01 7.50000000000000000000e-01 1.00000000000000000000e+00 
layer_sizes=16 4 2 
scale_included=0
neurons (num_inputs, activation_function, activation_steepness)=(0, 0, 0.00000000000000000000e+00) (0, 0, 0.00000000000000000000e+00) (0, 0, 0.00000000000000000000e+00) (0, 0, 0.00000000000000000000e+00) (0, 0, 0.00000000000000000000e+00) (0, 0, 0.00000000000000000000e+00) (0, 0, 0.00000000000000000000e+00) (0, 0, 0.00000000000000000000e+00) (0, 0, 0.00000000000000000000e+00) (0, 0, 0.00000000000000000000e+00) (0, 0, 0.00000000000000000000e+00) (0, 0, 0.00000000000000000000e+00) (0, 0, 0.00000000000000000000e+00) (0, 0, 0.00000000000000000000e+00) (0, 0, 0.00000000000000000000e+00) (0, 0, 0.00000000000000000000e+00) (16, 6, 5.00000000000000000000e-01) (16, 6, 5.00000000000000000000e-01) (16, 6, 5.00000000000000000000e-01) (0, 6, 0.00000000000000000000e+00) (4, 4, 5.00000000000000000000e-01) (0, 4, 0.00000000000000000000e+00) 
connections (connected_to_neuron, weight)=(0, 4.50935893820048949721e+00) (1, -3.36215928014673703927e+00) (2, -1.77342965702799948424e+00) (3, -3.12006271497803755466e+00) (4, 7.58352469738152179524e-01) (5, 1.24134599667525646893e+00) (6, -9.80577842109092712164e-03) (7, -4.99623348822058499508e-01) (8, -1.63254839553928632334e+00) (9, -1.88013496256994039335e-01) (10, -3.47910096458355866389e+00) (11, -1.87585351304681591245e+00) (12, -1.10258992303571701221e+00) (13, 7.72391358825827989421e-01) (14, 1.66092450019091697477e+00) (15, 3.41121328010126934061e+00) (0, 3.91261788390368847601e+00) (1, -3.24164272545180631724e+00) (2, -1.84423512469319472729e+00) (3, -3.18856736884909697238e+00) (4, 8.14673129183446143031e-01) (5, 1.13657378655410168378e+00) (6, -8.41240905296076618702e-02) (7, -3.90907273399012877846e-01) (8, -1.55960941686725873545e+00) (9, -1.66215898848699472623e-01) (10, -3.24291920099003139200e+00) (11, -1.90207029567630581113e+00) (12, -6.76107584907822078968e-01) (13, -1.29622051645679348120e+00) (14, 2.21150672409718440647e+00) (15, 3.47258096100444824117e+00) (0, -3.77177405743976956742e-01) (1, 1.91059854081525326563e+00) (2, 1.65621784087790178963e-02) (3, 7.23655501146421631375e-01) (4, 3.05838744399121176265e-02) (5, -1.12724145378635086379e-02) (6, -1.42280006912314960221e-01) (7, -5.88501641976788558708e-01) (8, -7.27541398047381049352e-01) (9, 2.37943455253378843839e-01) (10, 2.01458314781746894440e+00) (11, 1.35139642277389682157e+00) (12, 2.54940197992658268422e-01) (13, -3.42326174250861467452e-02) (14, -1.07454194460819518753e+00) (15, -1.68381647318237653854e-01) (16, -8.17378845704368828251e+00) (17, -8.16065727812818764164e+00) (18, 1.77275674080773848473e+00) (19, -1.16737553124922355252e+00) 
