FANN_FLO_2.1
num_layers=3
learning_rate=0.700000
connection_rate=1.000000
network_type=0
learning_momentum=0.000000
training_algorithm=2
train_error_function=1
train_stop_function=1
cascade_output_change_fraction=0.010000
quickprop_decay=-0.000100
quickprop_mu=1.750000
rprop_increase_factor=1.200000
rprop_decrease_factor=0.500000
rprop_delta_min=0.000000
rprop_delta_max=50.000000
rprop_delta_zero=0.100000
cascade_output_stagnation_epochs=12
cascade_candidate_change_fraction=0.010000
cascade_candidate_stagnation_epochs=12
cascade_max_out_epochs=150
cascade_min_out_epochs=50
cascade_max_cand_epochs=150
cascade_min_cand_epochs=50
cascade_num_candidate_groups=2
bit_fail_limit=1.00000000000000005551e-01
cascade_candidate_limit=1.00000000000000000000e+03
cascade_weight_multiplier=4.00000000000000022204e-01
cascade_activation_functions_count=10
cascade_activation_functions=3 5 7 8 10 11 14 15 16 17 
cascade_activation_steepnesses_count=4
cascade_activation_steepnesses=2.50000000000000000000e-01 5.00000000000000000000e-01 7.50000000000000000000e-01 1.00000000000000000000e+00 
layer_sizes=13 4 2 
scale_included=0
neurons (num_inputs, activation_function, activation_steepness)=(0, 0, 0.00000000000000000000e+00) (0, 0, 0.00000000000000000000e+00) (0, 0, 0.00000000000000000000e+00) (0, 0, 0.00000000000000000000e+00) (0, 0, 0.00000000000000000000e+00) (0, 0, 0.00000000000000000000e+00) (0, 0, 0.00000000000000000000e+00) (0, 0, 0.00000000000000000000e+00) (0, 0, 0.00000000000000000000e+00) (0, 0, 0.00000000000000000000e+00) (0, 0, 0.00000000000000000000e+00) (0, 0, 0.00000000000000000000e+00) (0, 0, 0.00000000000000000000e+00) (13, 6, 5.00000000000000000000e-01) (13, 6, 5.00000000000000000000e-01) (13, 6, 5.00000000000000000000e-01) (0, 6, 0.00000000000000000000e+00) (4, 4, 5.00000000000000000000e-01) (0, 4, 0.00000000000000000000e+00) 
connections (connected_to_neuron, weight)=(0, -2.58650272475017617424e+00) (1, 1.57528210027436443852e+00) (2, 1.14630688494587337778e-01) (3, 1.46706256577359672733e+00) (4, 3.26178579398306134340e-01) (5, 7.68355030282704826172e-02) (6, -2.02771239953584869742e-01) (7, -6.69500876888035167944e-01) (8, 2.32385022442706423718e+00) (9, -1.39408874980475015748e-02) (10, 3.87407737284800768318e-01) (11, 1.04184527172750132640e-01) (12, -8.95011450199786673387e-01) (0, 5.06048855153773402549e+00) (1, -2.75611202890981532576e+00) (2, -2.43959680411205193096e+00) (3, -1.75367946437596877729e+00) (4, -4.72166828880871847218e+00) (5, 2.31238367742496175872e-02) (6, -1.35639298160677657101e+00) (7, 1.58460127059857125431e+00) (8, -2.61316065055702795306e+00) (9, -2.60602519313909164467e+00) (10, 3.55341612609983925619e-01) (11, -1.76820191211954302890e-01) (12, 3.40738924091993089505e+00) (0, 2.77160361777375996439e+00) (1, -2.51694136942023671821e+00) (2, 6.70703793193132558059e-02) (3, -7.69317527684970636770e-01) (4, 3.21089539926243811019e-02) (5, 6.36435078028600859090e-02) (6, 3.23859195769195085113e-01) (7, 9.34053780161358759848e-01) (8, -2.71306895543189208198e+00) (9, 2.69136592066382296373e-01) (10, -1.91429106651135938488e-01) (11, 8.27138234727076565589e-02) (12, 1.44586278744584673106e+00) (13, 1.85626731442400716432e+00) (14, -5.99635842573152455515e+00) (15, -5.31103558461687086378e+00) (16, -2.24918964498210227632e+00) 
