FANN_FLO_2.1
num_layers=3
learning_rate=0.700000
connection_rate=1.000000
network_type=0
learning_momentum=0.000000
training_algorithm=2
train_error_function=1
train_stop_function=1
cascade_output_change_fraction=0.010000
quickprop_decay=-0.000100
quickprop_mu=1.750000
rprop_increase_factor=1.200000
rprop_decrease_factor=0.500000
rprop_delta_min=0.000000
rprop_delta_max=50.000000
rprop_delta_zero=0.100000
cascade_output_stagnation_epochs=12
cascade_candidate_change_fraction=0.010000
cascade_candidate_stagnation_epochs=12
cascade_max_out_epochs=150
cascade_min_out_epochs=50
cascade_max_cand_epochs=150
cascade_min_cand_epochs=50
cascade_num_candidate_groups=2
bit_fail_limit=1.00000000000000005551e-01
cascade_candidate_limit=1.00000000000000000000e+03
cascade_weight_multiplier=4.00000000000000022204e-01
cascade_activation_functions_count=10
cascade_activation_functions=3 5 7 8 10 11 14 15 16 17 
cascade_activation_steepnesses_count=4
cascade_activation_steepnesses=2.50000000000000000000e-01 5.00000000000000000000e-01 7.50000000000000000000e-01 1.00000000000000000000e+00 
layer_sizes=10 4 2 
scale_included=0
neurons (num_inputs, activation_function, activation_steepness)=(0, 0, 0.00000000000000000000e+00) (0, 0, 0.00000000000000000000e+00) (0, 0, 0.00000000000000000000e+00) (0, 0, 0.00000000000000000000e+00) (0, 0, 0.00000000000000000000e+00) (0, 0, 0.00000000000000000000e+00) (0, 0, 0.00000000000000000000e+00) (0, 0, 0.00000000000000000000e+00) (0, 0, 0.00000000000000000000e+00) (0, 0, 0.00000000000000000000e+00) (10, 6, 5.00000000000000000000e-01) (10, 6, 5.00000000000000000000e-01) (10, 6, 5.00000000000000000000e-01) (0, 6, 0.00000000000000000000e+00) (4, 4, 5.00000000000000000000e-01) (0, 4, 0.00000000000000000000e+00) 
connections (connected_to_neuron, weight)=(0, 8.61456689132518022012e-02) (1, 1.59890024178330070193e+00) (2, 1.09260953728625653802e+00) (3, 5.00557667775433201562e-01) (4, 8.10528130888818587607e-01) (5, 4.83174722767733377804e-01) (6, 7.19063910899296887536e-01) (7, 6.45177054462567678428e-01) (8, 7.36113111732140668053e-01) (9, 4.30366729093855926447e-02) (0, 7.39419695528211917690e+00) (1, -5.04289364811142615252e+00) (2, -2.99431696330920349425e+00) (3, -1.67520283990899326865e-01) (4, -2.88337371536155151475e+00) (5, -2.90303044710918367599e+00) (6, -2.52033050518338397339e+00) (7, -2.46210146110360339478e+00) (8, -2.54439522486035540894e+00) (9, 4.36503282647231749536e+00) (0, 7.49264348091545429043e+00) (1, -5.11713043596705130511e+00) (2, -2.96845252608672272032e+00) (3, -1.49898066454926731650e-01) (4, -3.11710071736252292141e+00) (5, -2.87589426283403337692e+00) (6, -2.47152769725625232056e+00) (7, -2.57370815586154177979e+00) (8, -2.45704132478539660767e+00) (9, 4.65867570145027620754e+00) (10, 7.65874862165019987259e-01) (11, -3.96205038230907735652e+00) (12, -3.98688259374391851253e+00) (13, -1.44636115814540811009e+00) 
