FANN_FLO_2.1
num_layers=3
learning_rate=0.700000
connection_rate=1.000000
network_type=0
learning_momentum=0.000000
training_algorithm=2
train_error_function=1
train_stop_function=1
cascade_output_change_fraction=0.010000
quickprop_decay=-0.000100
quickprop_mu=1.750000
rprop_increase_factor=1.200000
rprop_decrease_factor=0.500000
rprop_delta_min=0.000000
rprop_delta_max=50.000000
rprop_delta_zero=0.100000
cascade_output_stagnation_epochs=12
cascade_candidate_change_fraction=0.010000
cascade_candidate_stagnation_epochs=12
cascade_max_out_epochs=150
cascade_min_out_epochs=50
cascade_max_cand_epochs=150
cascade_min_cand_epochs=50
cascade_num_candidate_groups=2
bit_fail_limit=1.00000000000000005551e-01
cascade_candidate_limit=1.00000000000000000000e+03
cascade_weight_multiplier=4.00000000000000022204e-01
cascade_activation_functions_count=10
cascade_activation_functions=3 5 7 8 10 11 14 15 16 17 
cascade_activation_steepnesses_count=4
cascade_activation_steepnesses=2.50000000000000000000e-01 5.00000000000000000000e-01 7.50000000000000000000e-01 1.00000000000000000000e+00 
layer_sizes=13 4 2 
scale_included=0
neurons (num_inputs, activation_function, activation_steepness)=(0, 0, 0.00000000000000000000e+00) (0, 0, 0.00000000000000000000e+00) (0, 0, 0.00000000000000000000e+00) (0, 0, 0.00000000000000000000e+00) (0, 0, 0.00000000000000000000e+00) (0, 0, 0.00000000000000000000e+00) (0, 0, 0.00000000000000000000e+00) (0, 0, 0.00000000000000000000e+00) (0, 0, 0.00000000000000000000e+00) (0, 0, 0.00000000000000000000e+00) (0, 0, 0.00000000000000000000e+00) (0, 0, 0.00000000000000000000e+00) (0, 0, 0.00000000000000000000e+00) (13, 6, 5.00000000000000000000e-01) (13, 6, 5.00000000000000000000e-01) (13, 6, 5.00000000000000000000e-01) (0, 6, 0.00000000000000000000e+00) (4, 4, 5.00000000000000000000e-01) (0, 4, 0.00000000000000000000e+00) 
connections (connected_to_neuron, weight)=(0, -1.00647382048162303825e+00) (1, 2.24115170383269113330e+00) (2, 1.88744542789846247999e+00) (3, -3.04249967253562070280e-01) (4, 1.09359584048108793297e+00) (5, -3.07794666449664966468e-01) (6, 1.05325939935848489348e-01) (7, 2.18059846601058482385e-01) (8, 7.97536682439367317077e-02) (9, 1.96412377114164238279e+00) (10, -1.11230050452784068327e+00) (11, 1.54697470900978029107e+00) (12, -1.85606020811393790382e+00) (0, 2.02302740277925385826e+00) (1, -1.99981955932035182499e+00) (2, -1.91472095342375636662e+00) (3, -3.05507714004906831551e-02) (4, -9.55673843216449103721e-01) (5, -1.09366686090985237856e-01) (6, -2.57153166236264829614e-01) (7, -1.42300171390569030194e+00) (8, -1.27994051090217153543e+00) (9, -2.23681134884658927575e+00) (10, 3.30146583724335940246e+00) (11, -2.00388385258036505476e+00) (12, 2.39424285753253007769e+00) (0, -1.92068262294271180357e-01) (1, 2.65817330517346572805e+00) (2, 2.63785987179547709580e-01) (3, 3.54210936141142601619e-02) (4, 3.55283650691645136455e-01) (5, 4.26390437773581723602e-04) (6, 1.13133720303323831446e-01) (7, 1.24957141020119316677e-01) (8, 1.11488104778646526793e-01) (9, 6.83353938351107248472e-02) (10, -6.37864010027649253054e-01) (11, 2.05321895977390839194e-01) (12, -3.14181736007669187849e-01) (13, 3.68130478958758722285e+00) (14, -1.74771695386100631708e+01) (15, 8.21423548245489909547e-01) (16, -1.19695860019244104677e+00) 
