FANN_FLO_2.1
num_layers=3
learning_rate=0.700000
connection_rate=1.000000
network_type=0
learning_momentum=0.000000
training_algorithm=2
train_error_function=1
train_stop_function=1
cascade_output_change_fraction=0.010000
quickprop_decay=-0.000100
quickprop_mu=1.750000
rprop_increase_factor=1.200000
rprop_decrease_factor=0.500000
rprop_delta_min=0.000000
rprop_delta_max=50.000000
rprop_delta_zero=0.100000
cascade_output_stagnation_epochs=12
cascade_candidate_change_fraction=0.010000
cascade_candidate_stagnation_epochs=12
cascade_max_out_epochs=150
cascade_min_out_epochs=50
cascade_max_cand_epochs=150
cascade_min_cand_epochs=50
cascade_num_candidate_groups=2
bit_fail_limit=1.00000000000000005551e-01
cascade_candidate_limit=1.00000000000000000000e+03
cascade_weight_multiplier=4.00000000000000022204e-01
cascade_activation_functions_count=10
cascade_activation_functions=3 5 7 8 10 11 14 15 16 17 
cascade_activation_steepnesses_count=4
cascade_activation_steepnesses=2.50000000000000000000e-01 5.00000000000000000000e-01 7.50000000000000000000e-01 1.00000000000000000000e+00 
layer_sizes=17 4 2 
scale_included=0
neurons (num_inputs, activation_function, activation_steepness)=(0, 0, 0.00000000000000000000e+00) (0, 0, 0.00000000000000000000e+00) (0, 0, 0.00000000000000000000e+00) (0, 0, 0.00000000000000000000e+00) (0, 0, 0.00000000000000000000e+00) (0, 0, 0.00000000000000000000e+00) (0, 0, 0.00000000000000000000e+00) (0, 0, 0.00000000000000000000e+00) (0, 0, 0.00000000000000000000e+00) (0, 0, 0.00000000000000000000e+00) (0, 0, 0.00000000000000000000e+00) (0, 0, 0.00000000000000000000e+00) (0, 0, 0.00000000000000000000e+00) (0, 0, 0.00000000000000000000e+00) (0, 0, 0.00000000000000000000e+00) (0, 0, 0.00000000000000000000e+00) (0, 0, 0.00000000000000000000e+00) (17, 6, 5.00000000000000000000e-01) (17, 6, 5.00000000000000000000e-01) (17, 6, 5.00000000000000000000e-01) (0, 6, 0.00000000000000000000e+00) (4, 4, 5.00000000000000000000e-01) (0, 4, 0.00000000000000000000e+00) 
connections (connected_to_neuron, weight)=(0, -9.36708355590855523687e-01) (1, 9.56329333308501539079e+00) (2, -1.94138948177938153172e+00) (3, 1.38724283055980324164e+00) (4, -1.28637609298758448517e-01) (5, 5.14157789541290655144e-01) (6, 6.74738123961766828041e-02) (7, -5.04458791135033779440e-01) (8, 3.93521973573743455432e+00) (9, -9.92203464590208250584e-01) (10, 5.54059448689289579804e-01) (11, 2.04728925866728728167e+00) (12, 3.49469517663844320143e-01) (13, -8.49368197702863758636e-01) (14, -2.50805501696392263433e-01) (15, -2.58401882826411466443e-01) (16, -3.34052895552381323707e-01) (0, -9.71684964406134499271e-01) (1, 2.23067917438519565110e+01) (2, -1.20812049475674393451e-02) (3, 1.05194880807460561245e-01) (4, -8.55504102178763492503e-01) (5, 8.89071886514756326569e-01) (6, -8.95884186493749123947e-01) (7, -1.45235942939127884443e+01) (8, 1.20547756571625197530e+00) (9, -1.16417174137739576345e+00) (10, 1.39912237652693138834e+00) (11, 6.41680734197354851744e+00) (12, -2.47328186516075998469e+00) (13, -1.84127741688095203365e-01) (14, -1.37618183122068682422e+00) (15, -7.94465800189261095454e+00) (16, -4.19176196674100942641e-01) (0, 3.72821253486231940499e+00) (1, -2.03036904613954867216e+01) (2, -1.55718157391441049953e+01) (3, 2.42146120553468557901e+00) (4, 2.96729243063953740389e+00) (5, 4.03338883649548618493e-01) (6, 3.70504930936054366342e+00) (7, 5.30102801751872760860e+01) (8, 9.16123460874779138585e-01) (9, 4.80519069675797805274e+00) (10, -9.49702911864901855310e-01) (11, 1.36753840598072473611e+00) (12, -8.20442352187121315410e+00) (13, -1.03689906003515308619e+00) (14, 4.84896851760962821487e+00) (15, 1.62887955345204238355e+00) (16, 1.80890036201517379055e+00) (17, 4.32304772160437522643e+00) (18, 2.03200377104177354326e+00) (19, -4.57345392712751142028e+00) (20, -4.12110747124852405676e+00) 
