FANN_FLO_2.1
num_layers=3
learning_rate=0.700000
connection_rate=1.000000
network_type=0
learning_momentum=0.000000
training_algorithm=2
train_error_function=1
train_stop_function=1
cascade_output_change_fraction=0.010000
quickprop_decay=-0.000100
quickprop_mu=1.750000
rprop_increase_factor=1.200000
rprop_decrease_factor=0.500000
rprop_delta_min=0.000000
rprop_delta_max=50.000000
rprop_delta_zero=0.100000
cascade_output_stagnation_epochs=12
cascade_candidate_change_fraction=0.010000
cascade_candidate_stagnation_epochs=12
cascade_max_out_epochs=150
cascade_min_out_epochs=50
cascade_max_cand_epochs=150
cascade_min_cand_epochs=50
cascade_num_candidate_groups=2
bit_fail_limit=1.00000000000000005551e-01
cascade_candidate_limit=1.00000000000000000000e+03
cascade_weight_multiplier=4.00000000000000022204e-01
cascade_activation_functions_count=10
cascade_activation_functions=3 5 7 8 10 11 14 15 16 17 
cascade_activation_steepnesses_count=4
cascade_activation_steepnesses=2.50000000000000000000e-01 5.00000000000000000000e-01 7.50000000000000000000e-01 1.00000000000000000000e+00 
layer_sizes=14 4 2 
scale_included=0
neurons (num_inputs, activation_function, activation_steepness)=(0, 0, 0.00000000000000000000e+00) (0, 0, 0.00000000000000000000e+00) (0, 0, 0.00000000000000000000e+00) (0, 0, 0.00000000000000000000e+00) (0, 0, 0.00000000000000000000e+00) (0, 0, 0.00000000000000000000e+00) (0, 0, 0.00000000000000000000e+00) (0, 0, 0.00000000000000000000e+00) (0, 0, 0.00000000000000000000e+00) (0, 0, 0.00000000000000000000e+00) (0, 0, 0.00000000000000000000e+00) (0, 0, 0.00000000000000000000e+00) (0, 0, 0.00000000000000000000e+00) (0, 0, 0.00000000000000000000e+00) (14, 6, 5.00000000000000000000e-01) (14, 6, 5.00000000000000000000e-01) (14, 6, 5.00000000000000000000e-01) (0, 6, 0.00000000000000000000e+00) (4, 4, 5.00000000000000000000e-01) (0, 4, 0.00000000000000000000e+00) 
connections (connected_to_neuron, weight)=(0, 1.90044738256272349730e+00) (1, -4.50337798898628627331e-01) (2, -8.08075345828941671300e+00) (3, -4.26440283658375496323e-01) (4, -1.20516038798532210130e+00) (5, 2.13499233114453929039e-01) (6, 7.75711111297197608572e-01) (7, -1.22818092247594652378e+01) (8, 1.23058503045386880004e+00) (9, 7.63656520285106443779e-01) (10, 1.33161660978792495413e+00) (11, 1.49987948701940942975e+00) (12, -8.88382253564668045165e-01) (13, 1.13154783356528354510e+00) (0, 3.29021802720170519763e+00) (1, -3.28482146165434008012e+00) (2, -5.31981729550956039532e+00) (3, 2.66582620889374810602e+00) (4, 1.31182013182049739264e+00) (5, 1.49011243042726948538e-01) (6, 2.74109427489893586749e-01) (7, -3.09211070869894211199e+00) (8, 3.16134983463706831230e-01) (9, -8.11547821928933821312e-01) (10, -3.31639607149828097299e-01) (11, 2.83141808372229197843e+00) (12, -1.85472680042358262220e+00) (13, 3.40825747129064016150e+00) (0, 3.32888797101121447497e+00) (1, -3.28333641192976122269e+00) (2, -5.34605271204112320049e+00) (3, 2.67938766396257577185e+00) (4, 1.45305596848115348152e+00) (5, 2.33655530867357713598e-01) (6, 6.40171868131002574920e-01) (7, -2.99915302951665108111e+00) (8, -7.97210145103046385895e-02) (9, -1.05647353051836345728e+00) (10, -3.45356394249666354135e-01) (11, 2.83637235474079707487e+00) (12, -1.82181767533393723646e+00) (13, 3.46585188981633596228e+00) (14, -1.42554136613515836096e+00) (15, -6.51444904838032101679e+00) (16, -6.56105319742388104487e+00) (17, -1.39820702131293184145e+00) 
