FANN_FLO_2.1
num_layers=3
learning_rate=0.700000
connection_rate=1.000000
network_type=0
learning_momentum=0.000000
training_algorithm=2
train_error_function=1
train_stop_function=1
cascade_output_change_fraction=0.010000
quickprop_decay=-0.000100
quickprop_mu=1.750000
rprop_increase_factor=1.200000
rprop_decrease_factor=0.500000
rprop_delta_min=0.000000
rprop_delta_max=50.000000
rprop_delta_zero=0.100000
cascade_output_stagnation_epochs=12
cascade_candidate_change_fraction=0.010000
cascade_candidate_stagnation_epochs=12
cascade_max_out_epochs=150
cascade_min_out_epochs=50
cascade_max_cand_epochs=150
cascade_min_cand_epochs=50
cascade_num_candidate_groups=2
bit_fail_limit=1.00000000000000005551e-01
cascade_candidate_limit=1.00000000000000000000e+03
cascade_weight_multiplier=4.00000000000000022204e-01
cascade_activation_functions_count=10
cascade_activation_functions=3 5 7 8 10 11 14 15 16 17 
cascade_activation_steepnesses_count=4
cascade_activation_steepnesses=2.50000000000000000000e-01 5.00000000000000000000e-01 7.50000000000000000000e-01 1.00000000000000000000e+00 
layer_sizes=18 4 2 
scale_included=0
neurons (num_inputs, activation_function, activation_steepness)=(0, 0, 0.00000000000000000000e+00) (0, 0, 0.00000000000000000000e+00) (0, 0, 0.00000000000000000000e+00) (0, 0, 0.00000000000000000000e+00) (0, 0, 0.00000000000000000000e+00) (0, 0, 0.00000000000000000000e+00) (0, 0, 0.00000000000000000000e+00) (0, 0, 0.00000000000000000000e+00) (0, 0, 0.00000000000000000000e+00) (0, 0, 0.00000000000000000000e+00) (0, 0, 0.00000000000000000000e+00) (0, 0, 0.00000000000000000000e+00) (0, 0, 0.00000000000000000000e+00) (0, 0, 0.00000000000000000000e+00) (0, 0, 0.00000000000000000000e+00) (0, 0, 0.00000000000000000000e+00) (0, 0, 0.00000000000000000000e+00) (0, 0, 0.00000000000000000000e+00) (18, 6, 5.00000000000000000000e-01) (18, 6, 5.00000000000000000000e-01) (18, 6, 5.00000000000000000000e-01) (0, 6, 0.00000000000000000000e+00) (4, 4, 5.00000000000000000000e-01) (0, 4, 0.00000000000000000000e+00) 
connections (connected_to_neuron, weight)=(0, -1.75276377351362655510e+00) (1, 2.19207466450069432540e+00) (2, 1.96678050216540234452e+00) (3, 4.92039522451416300175e-01) (4, 2.95753173514956557710e-01) (5, 1.47628654579870111085e+00) (6, 2.16231847043211544701e+00) (7, 9.53274755165855358641e-01) (8, 1.52681479569810507613e+00) (9, 8.90047204647663736665e-01) (10, 5.76419698534972047010e-02) (11, 8.66756326068658822237e-01) (12, 2.10215264939591950366e+00) (13, 5.13099942145630594226e-01) (14, -3.19593645301174289486e-01) (15, 5.27786191342159982653e-01) (16, -2.74306217620322723150e+00) (17, -2.43400259519106398898e+00) (0, -2.82848419884969892735e-01) (1, 1.20652502247135484659e+00) (2, 4.43394318902003758964e-01) (3, 3.15254890894804629120e-01) (4, -9.24929689352404271752e-01) (5, 2.85175805158370210268e-01) (6, 6.58395449368834650983e-01) (7, 5.76695882304758988823e-01) (8, 6.42146889949924748464e-01) (9, 6.27196093608705318445e-01) (10, -3.25349073386974385613e-01) (11, 3.33035564956434215755e-01) (12, 4.79174820728503703116e-01) (13, 4.72802171183726513415e-02) (14, 4.34528164178817274954e-02) (15, -1.55276190290651483483e-01) (16, -1.79355811128816766686e-01) (17, -2.98790852984184673868e-01) (0, -8.89936215453147605459e-01) (1, 1.88893246841920681156e+00) (2, 8.70881911031133881806e-01) (3, 1.76508291948239026681e-01) (4, -2.87246114922023076943e+00) (5, 5.55070063918678968662e-01) (6, 9.23055977958967988073e-01) (7, 6.21478060246974939318e-01) (8, 1.20739773733614774720e+00) (9, 2.26631035128202651396e-01) (10, -3.23287357248183360170e-01) (11, 3.68691439371677809334e-01) (12, 8.55917373037929807289e-01) (13, 1.07823080254929176691e-01) (14, -2.95381661866126188354e-01) (15, -6.35780627001394926801e-01) (16, -1.07006028669194019898e+00) (17, -9.55240428030392996206e-01) (18, 1.53854804957417581335e+01) (19, 7.48035267053146046834e-01) (20, 4.12150542234096040062e+00) (21, -2.17984631957054109108e+00) 
