FANN_FLO_2.1
num_layers=3
learning_rate=0.700000
connection_rate=1.000000
network_type=0
learning_momentum=0.000000
training_algorithm=2
train_error_function=1
train_stop_function=1
cascade_output_change_fraction=0.010000
quickprop_decay=-0.000100
quickprop_mu=1.750000
rprop_increase_factor=1.200000
rprop_decrease_factor=0.500000
rprop_delta_min=0.000000
rprop_delta_max=50.000000
rprop_delta_zero=0.100000
cascade_output_stagnation_epochs=12
cascade_candidate_change_fraction=0.010000
cascade_candidate_stagnation_epochs=12
cascade_max_out_epochs=150
cascade_min_out_epochs=50
cascade_max_cand_epochs=150
cascade_min_cand_epochs=50
cascade_num_candidate_groups=2
bit_fail_limit=1.00000000000000005551e-01
cascade_candidate_limit=1.00000000000000000000e+03
cascade_weight_multiplier=4.00000000000000022204e-01
cascade_activation_functions_count=10
cascade_activation_functions=3 5 7 8 10 11 14 15 16 17 
cascade_activation_steepnesses_count=4
cascade_activation_steepnesses=2.50000000000000000000e-01 5.00000000000000000000e-01 7.50000000000000000000e-01 1.00000000000000000000e+00 
layer_sizes=12 4 2 
scale_included=0
neurons (num_inputs, activation_function, activation_steepness)=(0, 0, 0.00000000000000000000e+00) (0, 0, 0.00000000000000000000e+00) (0, 0, 0.00000000000000000000e+00) (0, 0, 0.00000000000000000000e+00) (0, 0, 0.00000000000000000000e+00) (0, 0, 0.00000000000000000000e+00) (0, 0, 0.00000000000000000000e+00) (0, 0, 0.00000000000000000000e+00) (0, 0, 0.00000000000000000000e+00) (0, 0, 0.00000000000000000000e+00) (0, 0, 0.00000000000000000000e+00) (0, 0, 0.00000000000000000000e+00) (12, 6, 5.00000000000000000000e-01) (12, 6, 5.00000000000000000000e-01) (12, 6, 5.00000000000000000000e-01) (0, 6, 0.00000000000000000000e+00) (4, 4, 5.00000000000000000000e-01) (0, 4, 0.00000000000000000000e+00) 
connections (connected_to_neuron, weight)=(0, 1.18140451184645445259e+00) (1, 4.40413824740087445075e-01) (2, -9.82793097532040249575e+00) (3, 9.10195031318978942103e-01) (4, -3.72028511713057563615e-01) (5, -3.93234205766327338250e-01) (6, -2.15662669078637136977e+00) (7, -3.03337931577812636164e-01) (8, -1.08574116631279959932e+01) (9, 7.80387565418014128582e-01) (10, 4.14489684351067866341e-01) (11, 1.22867661764369606736e+00) (0, 2.76101173953433498554e+00) (1, -1.39017240840890483611e+01) (2, 9.62948806424905612289e+00) (3, 1.54021122606461391413e+00) (4, 2.32683790698698170218e-02) (5, 2.72335175201738666217e+00) (6, 1.57070852165034580139e-01) (7, 9.76294018428379595242e-01) (8, 1.01231104712615707086e+01) (9, 1.21482141787488173712e+00) (10, 9.68007697669138411634e-01) (11, 5.53086860532901791743e-01) (0, -3.03251720489763254562e+00) (1, 3.35309771084281704745e+00) (2, 1.68036969440911754248e+01) (3, -3.10279721348578485518e+00) (4, -1.25732090148084840742e-01) (5, -3.73118422051767983927e-01) (6, 2.52420792017111850214e+00) (7, -6.64499776461598967714e-02) (8, 1.91242172894617752377e+01) (9, -1.34998510393544712826e+00) (10, 2.85461978969530974504e-02) (11, -6.52623421792600044711e+00) (12, -7.64703834128396042757e-01) (13, -2.98934694576030546287e+00) (14, 3.38528074095502828911e+00) (15, -4.04289848421629116615e+00) 
