FANN_FLO_2.1
num_layers=3
learning_rate=0.700000
connection_rate=1.000000
network_type=0
learning_momentum=0.000000
training_algorithm=2
train_error_function=1
train_stop_function=1
cascade_output_change_fraction=0.010000
quickprop_decay=-0.000100
quickprop_mu=1.750000
rprop_increase_factor=1.200000
rprop_decrease_factor=0.500000
rprop_delta_min=0.000000
rprop_delta_max=50.000000
rprop_delta_zero=0.100000
cascade_output_stagnation_epochs=12
cascade_candidate_change_fraction=0.010000
cascade_candidate_stagnation_epochs=12
cascade_max_out_epochs=150
cascade_min_out_epochs=50
cascade_max_cand_epochs=150
cascade_min_cand_epochs=50
cascade_num_candidate_groups=2
bit_fail_limit=1.00000000000000005551e-01
cascade_candidate_limit=1.00000000000000000000e+03
cascade_weight_multiplier=4.00000000000000022204e-01
cascade_activation_functions_count=10
cascade_activation_functions=3 5 7 8 10 11 14 15 16 17 
cascade_activation_steepnesses_count=4
cascade_activation_steepnesses=2.50000000000000000000e-01 5.00000000000000000000e-01 7.50000000000000000000e-01 1.00000000000000000000e+00 
layer_sizes=8 4 2 
scale_included=0
neurons (num_inputs, activation_function, activation_steepness)=(0, 0, 0.00000000000000000000e+00) (0, 0, 0.00000000000000000000e+00) (0, 0, 0.00000000000000000000e+00) (0, 0, 0.00000000000000000000e+00) (0, 0, 0.00000000000000000000e+00) (0, 0, 0.00000000000000000000e+00) (0, 0, 0.00000000000000000000e+00) (0, 0, 0.00000000000000000000e+00) (8, 6, 5.00000000000000000000e-01) (8, 6, 5.00000000000000000000e-01) (8, 6, 5.00000000000000000000e-01) (0, 6, 0.00000000000000000000e+00) (4, 4, 5.00000000000000000000e-01) (0, 4, 0.00000000000000000000e+00) 
connections (connected_to_neuron, weight)=(0, -3.09790120662013857000e+00) (1, -8.46088357622214237708e-01) (2, -3.45556009485527892977e+00) (3, 1.79489286182841367712e+00) (4, -1.13571999795309697134e+00) (5, -1.16253740831472818229e+00) (6, -1.24772142770621785601e+00) (7, 2.71276684449654714726e+00) (0, -1.17765937593094741076e-01) (1, 1.69504160052538765946e+00) (2, -2.75017674774510689772e+00) (3, 3.74746178479330680489e+01) (4, 1.41936741454299286680e+00) (5, 1.53386483544061080764e+00) (6, -1.04075798535352106455e+01) (7, 2.86833428589332228853e+00) (0, 2.84625240816984925729e+00) (1, 3.13419328265454533167e+00) (2, 2.60251798165005032715e+00) (3, -2.92161827047703592797e+00) (4, 2.71417722963305685369e+00) (5, 2.68231495331093761081e+00) (6, 9.15410808722459612419e-01) (7, -2.94055612697128987421e+00) (8, -4.89451962852548021488e+01) (9, -1.02443577247394674856e+01) (10, 3.39577368704175697189e+01) (11, -1.33119539752239579578e+00) 
