FANN_FLO_2.1
num_layers=3
learning_rate=0.700000
connection_rate=1.000000
network_type=0
learning_momentum=0.000000
training_algorithm=2
train_error_function=1
train_stop_function=1
cascade_output_change_fraction=0.010000
quickprop_decay=-0.000100
quickprop_mu=1.750000
rprop_increase_factor=1.200000
rprop_decrease_factor=0.500000
rprop_delta_min=0.000000
rprop_delta_max=50.000000
rprop_delta_zero=0.100000
cascade_output_stagnation_epochs=12
cascade_candidate_change_fraction=0.010000
cascade_candidate_stagnation_epochs=12
cascade_max_out_epochs=150
cascade_min_out_epochs=50
cascade_max_cand_epochs=150
cascade_min_cand_epochs=50
cascade_num_candidate_groups=2
bit_fail_limit=1.00000000000000005551e-01
cascade_candidate_limit=1.00000000000000000000e+03
cascade_weight_multiplier=4.00000000000000022204e-01
cascade_activation_functions_count=10
cascade_activation_functions=3 5 7 8 10 11 14 15 16 17 
cascade_activation_steepnesses_count=4
cascade_activation_steepnesses=2.50000000000000000000e-01 5.00000000000000000000e-01 7.50000000000000000000e-01 1.00000000000000000000e+00 
layer_sizes=14 4 2 
scale_included=0
neurons (num_inputs, activation_function, activation_steepness)=(0, 0, 0.00000000000000000000e+00) (0, 0, 0.00000000000000000000e+00) (0, 0, 0.00000000000000000000e+00) (0, 0, 0.00000000000000000000e+00) (0, 0, 0.00000000000000000000e+00) (0, 0, 0.00000000000000000000e+00) (0, 0, 0.00000000000000000000e+00) (0, 0, 0.00000000000000000000e+00) (0, 0, 0.00000000000000000000e+00) (0, 0, 0.00000000000000000000e+00) (0, 0, 0.00000000000000000000e+00) (0, 0, 0.00000000000000000000e+00) (0, 0, 0.00000000000000000000e+00) (0, 0, 0.00000000000000000000e+00) (14, 6, 5.00000000000000000000e-01) (14, 6, 5.00000000000000000000e-01) (14, 6, 5.00000000000000000000e-01) (0, 6, 0.00000000000000000000e+00) (4, 4, 5.00000000000000000000e-01) (0, 4, 0.00000000000000000000e+00) 
connections (connected_to_neuron, weight)=(0, 1.18243664461321951187e-01) (1, 1.70182249819231090626e+00) (2, 1.58417031805691532753e+00) (3, -1.84965470925110064826e+00) (4, 6.25179161037908937004e-01) (5, 8.23879379979333137385e-01) (6, 1.60624864230956676536e+00) (7, 1.41507142069113522886e+00) (8, -7.32031009504470302207e-04) (9, -2.93579129560603835358e-01) (10, -2.85309007449760121400e-01) (11, -2.84209305841267489967e+00) (12, -2.96601446757330622361e+00) (13, -4.13354029847008308529e-01) (0, 8.44434685062100509612e-01) (1, 2.51566632179823157500e+00) (2, 2.70909772298058237894e+00) (3, -2.37679190799907136267e+00) (4, 2.83661666228126962963e+00) (5, 2.08790932733726242176e+00) (6, 1.98775104906281874229e+00) (7, 2.79969978312874800963e+00) (8, -5.34212315090703659948e-01) (9, -1.30660623758681837536e+00) (10, -2.59496547779576314241e+00) (11, -2.37236546815511406550e+00) (12, -2.38325304752507927120e+00) (13, -2.83072801443116484066e+00) (0, -9.28978034895652921010e-02) (1, -8.58544130829910767666e-03) (2, 1.53122833945128657973e+01) (3, 7.49576464469860481721e-01) (4, 1.19826013685615462290e-01) (5, 1.33893182145758071755e+00) (6, 1.47879496946420418979e+00) (7, 1.14517433026546111563e+01) (8, 4.78677110161382368680e-02) (9, -5.46146271240856850948e-02) (10, -8.26302407882049894106e-01) (11, 1.99063793684364331860e+00) (12, 7.89277922987004276756e-01) (13, -2.10445441565421242913e+00) (14, 1.63317514476038216920e+00) (15, 1.60230813357204908698e+01) (16, 4.01775109534353003227e+00) (17, -2.72773757682859097073e+00) 
