FANN_FLO_2.1
num_layers=3
learning_rate=0.700000
connection_rate=1.000000
network_type=0
learning_momentum=0.000000
training_algorithm=2
train_error_function=1
train_stop_function=1
cascade_output_change_fraction=0.010000
quickprop_decay=-0.000100
quickprop_mu=1.750000
rprop_increase_factor=1.200000
rprop_decrease_factor=0.500000
rprop_delta_min=0.000000
rprop_delta_max=50.000000
rprop_delta_zero=0.100000
cascade_output_stagnation_epochs=12
cascade_candidate_change_fraction=0.010000
cascade_candidate_stagnation_epochs=12
cascade_max_out_epochs=150
cascade_min_out_epochs=50
cascade_max_cand_epochs=150
cascade_min_cand_epochs=50
cascade_num_candidate_groups=2
bit_fail_limit=1.00000000000000005551e-01
cascade_candidate_limit=1.00000000000000000000e+03
cascade_weight_multiplier=4.00000000000000022204e-01
cascade_activation_functions_count=10
cascade_activation_functions=3 5 7 8 10 11 14 15 16 17 
cascade_activation_steepnesses_count=4
cascade_activation_steepnesses=2.50000000000000000000e-01 5.00000000000000000000e-01 7.50000000000000000000e-01 1.00000000000000000000e+00 
layer_sizes=13 4 2 
scale_included=0
neurons (num_inputs, activation_function, activation_steepness)=(0, 0, 0.00000000000000000000e+00) (0, 0, 0.00000000000000000000e+00) (0, 0, 0.00000000000000000000e+00) (0, 0, 0.00000000000000000000e+00) (0, 0, 0.00000000000000000000e+00) (0, 0, 0.00000000000000000000e+00) (0, 0, 0.00000000000000000000e+00) (0, 0, 0.00000000000000000000e+00) (0, 0, 0.00000000000000000000e+00) (0, 0, 0.00000000000000000000e+00) (0, 0, 0.00000000000000000000e+00) (0, 0, 0.00000000000000000000e+00) (0, 0, 0.00000000000000000000e+00) (13, 6, 5.00000000000000000000e-01) (13, 6, 5.00000000000000000000e-01) (13, 6, 5.00000000000000000000e-01) (0, 6, 0.00000000000000000000e+00) (4, 4, 5.00000000000000000000e-01) (0, 4, 0.00000000000000000000e+00) 
connections (connected_to_neuron, weight)=(0, -3.62892844415513371459e+00) (1, 3.65704036430414003433e+00) (2, 1.76776363118882851033e+00) (3, -6.57375320189977019325e-01) (4, 9.14069018478323114252e-01) (5, 5.40227045032888771037e-03) (6, -8.00799683452526167571e-01) (7, 2.68256772538166599062e-01) (8, 5.68433818572978477590e-01) (9, -1.74732527978086604747e+00) (10, 1.23624427898750743893e+00) (11, -1.78297060430487236404e-01) (12, -3.61302328742352818480e+00) (0, 1.37645363164308021098e+00) (1, 3.69215160063713998539e+00) (2, -2.06376893276961368429e+01) (3, 2.24025523844290663789e+00) (4, 1.87506324450297290340e+00) (5, 2.05242740413711910463e+00) (6, 2.87512916564094300753e+00) (7, 1.39191101318234911055e+00) (8, 1.03731561990539145057e+00) (9, 1.37781714948323097403e+00) (10, 7.29486541359787521444e-01) (11, 1.12914474268182885019e+00) (12, 1.18680721623065399406e+00) (0, -2.35777552420321612203e+00) (1, 3.76506432072217744889e+00) (2, 1.19258534660131343408e+00) (3, -6.77543147796178302222e-01) (4, 9.69391792232919824457e-01) (5, -2.45586086714973783618e-01) (6, -8.41889512509981230437e-01) (7, -8.30573893188859990744e-01) (8, 5.27944308871249656789e-01) (9, -1.78573287374639644298e+00) (10, 1.34871769233570537594e+00) (11, -2.61485355794867091461e-01) (12, -2.41304305935326723898e+00) (13, 3.19266172591232466615e+00) (14, -3.45373704461163022472e+00) (15, 3.01333874654509248359e+00) (16, -2.57580963851171818035e+00) 
