FANN_FLO_2.1
num_layers=3
learning_rate=0.700000
connection_rate=1.000000
network_type=0
learning_momentum=0.000000
training_algorithm=2
train_error_function=1
train_stop_function=1
cascade_output_change_fraction=0.010000
quickprop_decay=-0.000100
quickprop_mu=1.750000
rprop_increase_factor=1.200000
rprop_decrease_factor=0.500000
rprop_delta_min=0.000000
rprop_delta_max=50.000000
rprop_delta_zero=0.100000
cascade_output_stagnation_epochs=12
cascade_candidate_change_fraction=0.010000
cascade_candidate_stagnation_epochs=12
cascade_max_out_epochs=150
cascade_min_out_epochs=50
cascade_max_cand_epochs=150
cascade_min_cand_epochs=50
cascade_num_candidate_groups=2
bit_fail_limit=1.00000000000000005551e-01
cascade_candidate_limit=1.00000000000000000000e+03
cascade_weight_multiplier=4.00000000000000022204e-01
cascade_activation_functions_count=10
cascade_activation_functions=3 5 7 8 10 11 14 15 16 17 
cascade_activation_steepnesses_count=4
cascade_activation_steepnesses=2.50000000000000000000e-01 5.00000000000000000000e-01 7.50000000000000000000e-01 1.00000000000000000000e+00 
layer_sizes=10 4 2 
scale_included=0
neurons (num_inputs, activation_function, activation_steepness)=(0, 0, 0.00000000000000000000e+00) (0, 0, 0.00000000000000000000e+00) (0, 0, 0.00000000000000000000e+00) (0, 0, 0.00000000000000000000e+00) (0, 0, 0.00000000000000000000e+00) (0, 0, 0.00000000000000000000e+00) (0, 0, 0.00000000000000000000e+00) (0, 0, 0.00000000000000000000e+00) (0, 0, 0.00000000000000000000e+00) (0, 0, 0.00000000000000000000e+00) (10, 6, 5.00000000000000000000e-01) (10, 6, 5.00000000000000000000e-01) (10, 6, 5.00000000000000000000e-01) (0, 6, 0.00000000000000000000e+00) (4, 4, 5.00000000000000000000e-01) (0, 4, 0.00000000000000000000e+00) 
connections (connected_to_neuron, weight)=(0, 7.04118695322053156360e+00) (1, -4.58012222784096678652e+00) (2, -1.39487280313268091625e+00) (3, -6.71825465135771127123e-01) (4, 7.17824720806282545738e+00) (5, 2.44579830681285947946e+00) (6, -6.06987682887591195602e-01) (7, -1.31871138684191246959e+00) (8, 8.13078775458729730019e+00) (9, -2.79925984656685988838e+00) (0, 7.28066887935729756265e+00) (1, -1.21807381616639043287e+00) (2, -1.62056558383267423906e+00) (3, -8.69225187729950610205e-01) (4, -2.16829541195520975050e-01) (5, -1.27187307684923123219e+00) (6, -9.69465374273995927901e-01) (7, -3.17744010897026685214e+00) (8, 7.97516001873217383888e+00) (9, 7.04293570000926183461e-02) (0, 6.98109282445113699112e+00) (1, 3.64120949966833817868e+00) (2, -1.14401892075673705662e+00) (3, -7.00883714719394035342e-01) (4, -2.89129559332343575306e+01) (5, -1.22899314393594960571e+00) (6, -4.16797535293759846553e+00) (7, -7.21719007602601880791e+00) (8, 2.26146922810242401169e+00) (9, 4.50311750309698233252e+00) (10, -2.41795750096974693122e+01) (11, -9.52983521711672665333e+01) (12, -2.29779339877112462887e+01) (13, 3.69911362847022417988e-01) 
