FANN_FLO_2.1
num_layers=3
learning_rate=0.700000
connection_rate=1.000000
network_type=0
learning_momentum=0.000000
training_algorithm=2
train_error_function=1
train_stop_function=1
cascade_output_change_fraction=0.010000
quickprop_decay=-0.000100
quickprop_mu=1.750000
rprop_increase_factor=1.200000
rprop_decrease_factor=0.500000
rprop_delta_min=0.000000
rprop_delta_max=50.000000
rprop_delta_zero=0.100000
cascade_output_stagnation_epochs=12
cascade_candidate_change_fraction=0.010000
cascade_candidate_stagnation_epochs=12
cascade_max_out_epochs=150
cascade_min_out_epochs=50
cascade_max_cand_epochs=150
cascade_min_cand_epochs=50
cascade_num_candidate_groups=2
bit_fail_limit=1.00000000000000005551e-01
cascade_candidate_limit=1.00000000000000000000e+03
cascade_weight_multiplier=4.00000000000000022204e-01
cascade_activation_functions_count=10
cascade_activation_functions=3 5 7 8 10 11 14 15 16 17 
cascade_activation_steepnesses_count=4
cascade_activation_steepnesses=2.50000000000000000000e-01 5.00000000000000000000e-01 7.50000000000000000000e-01 1.00000000000000000000e+00 
layer_sizes=12 4 2 
scale_included=0
neurons (num_inputs, activation_function, activation_steepness)=(0, 0, 0.00000000000000000000e+00) (0, 0, 0.00000000000000000000e+00) (0, 0, 0.00000000000000000000e+00) (0, 0, 0.00000000000000000000e+00) (0, 0, 0.00000000000000000000e+00) (0, 0, 0.00000000000000000000e+00) (0, 0, 0.00000000000000000000e+00) (0, 0, 0.00000000000000000000e+00) (0, 0, 0.00000000000000000000e+00) (0, 0, 0.00000000000000000000e+00) (0, 0, 0.00000000000000000000e+00) (0, 0, 0.00000000000000000000e+00) (12, 6, 5.00000000000000000000e-01) (12, 6, 5.00000000000000000000e-01) (12, 6, 5.00000000000000000000e-01) (0, 6, 0.00000000000000000000e+00) (4, 4, 5.00000000000000000000e-01) (0, 4, 0.00000000000000000000e+00) 
connections (connected_to_neuron, weight)=(0, -2.27874718144553822796e+00) (1, 2.17741767839164079845e+00) (2, 3.23716270768032554628e+00) (3, -9.05816929440376505944e-01) (4, 7.99158983896636754274e-01) (5, 7.46317219692148037247e-02) (6, 3.25189037271492420444e+00) (7, -1.33108776325965161291e+00) (8, 5.25845907904195364324e+00) (9, -9.57204212965263812052e-01) (10, -6.20545806599250848734e-01) (11, -2.94274747677920434086e+00) (0, -9.16877294862641245565e-01) (1, 2.94942806755672171093e+00) (2, 5.74244138512494450843e-01) (3, -1.20405998515532375315e+00) (4, 4.51194607540995495931e-01) (5, 4.50460372934102570852e-01) (6, 1.24149263346364047145e+00) (7, -4.56284051082663510979e-01) (8, -8.75480615733996048178e-01) (9, -6.28956001353856541947e-01) (10, 6.87753438871612776673e-02) (11, -1.19754885539913069614e+00) (0, 9.59661143320312604033e+00) (1, 8.65878632612428811299e-01) (2, 1.20393367286459573862e+00) (3, 6.70906969003356312697e+00) (4, 3.23871035135331641897e+00) (5, 6.13935773426858677482e-01) (6, 1.43931756296888058166e+00) (7, 3.37612196470324876785e+00) (8, 5.22101380342879739516e+00) (9, 3.41973180902388751434e+00) (10, 3.41238061172154605316e+00) (11, 9.76842913823833391973e+00) (12, 8.50230299589808602434e+00) (13, 5.07609914595294497985e+00) (14, -1.86418933452460344746e+00) (15, -1.71745859117600541133e+00) 
