FANN_FLO_2.1
num_layers=3
learning_rate=0.700000
connection_rate=1.000000
network_type=0
learning_momentum=0.000000
training_algorithm=2
train_error_function=1
train_stop_function=1
cascade_output_change_fraction=0.010000
quickprop_decay=-0.000100
quickprop_mu=1.750000
rprop_increase_factor=1.200000
rprop_decrease_factor=0.500000
rprop_delta_min=0.000000
rprop_delta_max=50.000000
rprop_delta_zero=0.100000
cascade_output_stagnation_epochs=12
cascade_candidate_change_fraction=0.010000
cascade_candidate_stagnation_epochs=12
cascade_max_out_epochs=150
cascade_min_out_epochs=50
cascade_max_cand_epochs=150
cascade_min_cand_epochs=50
cascade_num_candidate_groups=2
bit_fail_limit=1.00000000000000005551e-01
cascade_candidate_limit=1.00000000000000000000e+03
cascade_weight_multiplier=4.00000000000000022204e-01
cascade_activation_functions_count=10
cascade_activation_functions=3 5 7 8 10 11 14 15 16 17 
cascade_activation_steepnesses_count=4
cascade_activation_steepnesses=2.50000000000000000000e-01 5.00000000000000000000e-01 7.50000000000000000000e-01 1.00000000000000000000e+00 
layer_sizes=7 4 2 
scale_included=0
neurons (num_inputs, activation_function, activation_steepness)=(0, 0, 0.00000000000000000000e+00) (0, 0, 0.00000000000000000000e+00) (0, 0, 0.00000000000000000000e+00) (0, 0, 0.00000000000000000000e+00) (0, 0, 0.00000000000000000000e+00) (0, 0, 0.00000000000000000000e+00) (0, 0, 0.00000000000000000000e+00) (7, 6, 5.00000000000000000000e-01) (7, 6, 5.00000000000000000000e-01) (7, 6, 5.00000000000000000000e-01) (0, 6, 0.00000000000000000000e+00) (4, 4, 5.00000000000000000000e-01) (0, 4, 0.00000000000000000000e+00) 
connections (connected_to_neuron, weight)=(0, 1.61836700771345459726e-01) (1, 1.83101610417175186818e+00) (2, 1.41571306231516880203e+00) (3, 7.17112028218795161116e-01) (4, -1.15522888611552937421e-02) (5, 4.32337938969506729858e-01) (6, -2.57738857122776887643e-01) (0, 1.96373233989461248861e+00) (1, -3.54746986065832503598e+00) (2, -4.63694647656319514084e+00) (3, -3.66858387623754911289e+00) (4, 3.68928937457808192590e+00) (5, -3.28183173913885362083e+00) (6, 4.68110377944067757028e+00) (0, 2.95959662704995452032e+00) (1, -4.83188540203441085907e+00) (2, -4.23308162904914908609e+00) (3, -2.60047229996105500049e+00) (4, 2.43633281453715921927e+00) (5, -4.88922800583709182831e+00) (6, 5.93743979179249503630e+00) (7, 6.08420498822625166468e-01) (8, -7.14190853071571218891e+00) (9, -7.43212788514895450476e+00) (10, -1.10521278121906973979e+00) 
