FANN_FLO_2.1
num_layers=3
learning_rate=0.700000
connection_rate=1.000000
network_type=0
learning_momentum=0.000000
training_algorithm=2
train_error_function=1
train_stop_function=1
cascade_output_change_fraction=0.010000
quickprop_decay=-0.000100
quickprop_mu=1.750000
rprop_increase_factor=1.200000
rprop_decrease_factor=0.500000
rprop_delta_min=0.000000
rprop_delta_max=50.000000
rprop_delta_zero=0.100000
cascade_output_stagnation_epochs=12
cascade_candidate_change_fraction=0.010000
cascade_candidate_stagnation_epochs=12
cascade_max_out_epochs=150
cascade_min_out_epochs=50
cascade_max_cand_epochs=150
cascade_min_cand_epochs=50
cascade_num_candidate_groups=2
bit_fail_limit=1.00000000000000005551e-01
cascade_candidate_limit=1.00000000000000000000e+03
cascade_weight_multiplier=4.00000000000000022204e-01
cascade_activation_functions_count=10
cascade_activation_functions=3 5 7 8 10 11 14 15 16 17 
cascade_activation_steepnesses_count=4
cascade_activation_steepnesses=2.50000000000000000000e-01 5.00000000000000000000e-01 7.50000000000000000000e-01 1.00000000000000000000e+00 
layer_sizes=13 4 2 
scale_included=0
neurons (num_inputs, activation_function, activation_steepness)=(0, 0, 0.00000000000000000000e+00) (0, 0, 0.00000000000000000000e+00) (0, 0, 0.00000000000000000000e+00) (0, 0, 0.00000000000000000000e+00) (0, 0, 0.00000000000000000000e+00) (0, 0, 0.00000000000000000000e+00) (0, 0, 0.00000000000000000000e+00) (0, 0, 0.00000000000000000000e+00) (0, 0, 0.00000000000000000000e+00) (0, 0, 0.00000000000000000000e+00) (0, 0, 0.00000000000000000000e+00) (0, 0, 0.00000000000000000000e+00) (0, 0, 0.00000000000000000000e+00) (13, 6, 5.00000000000000000000e-01) (13, 6, 5.00000000000000000000e-01) (13, 6, 5.00000000000000000000e-01) (0, 6, 0.00000000000000000000e+00) (4, 4, 5.00000000000000000000e-01) (0, 4, 0.00000000000000000000e+00) 
connections (connected_to_neuron, weight)=(0, 4.12183852866624622635e-01) (1, -3.72340658018358583448e-01) (2, -1.74453324648283025766e+00) (3, 1.93207098348959133149e-01) (4, -5.18808690281211570827e-01) (5, 3.73128556786268106293e-01) (6, -1.85047911796546699081e-01) (7, 6.25107801600090495775e-02) (8, -6.89066080347518900018e-02) (9, -3.49814891134116845439e-01) (10, 2.35041155861842154806e-01) (11, 3.77385883985362824422e-01) (12, 4.86058043316339283280e-01) (0, -1.06575821436593498603e+00) (1, 9.48960627284757718414e-01) (2, 2.83310542907113305233e+00) (3, 8.11039778489838547593e-01) (4, 2.04847859908890406189e+00) (5, -7.34602282010173079918e-01) (6, 7.17547248203526666366e-01) (7, 6.22509109478307579022e-02) (8, 7.48379193568168399331e-01) (9, 1.57062360636993281204e+00) (10, -6.38633534866938190611e-01) (11, -5.79212744458658224112e-01) (12, -9.58864008110260956919e-01) (0, 2.99773452918642968612e+00) (1, -3.08789001123891271305e+00) (2, -3.65360671957347316052e+00) (3, 1.93954199563442131193e+00) (4, -1.18620746337249549640e+00) (5, 2.97687467917437009746e+00) (6, -1.70074698766797638427e+00) (7, 1.22110748454535622542e+00) (8, -1.54436183493994128035e+00) (9, 1.11315516879805276318e+00) (10, 2.32511880107800639195e+00) (11, 1.02896592148439802727e+00) (12, 3.15676689635628671127e+00) (13, -2.39476830080350877594e+00) (14, 1.93656059431167437701e+00) (15, -1.03724448506292130645e+01) (16, -1.90679902781798871203e+00) 
