FANN_FLO_2.1
num_layers=3
learning_rate=0.700000
connection_rate=1.000000
network_type=0
learning_momentum=0.000000
training_algorithm=2
train_error_function=1
train_stop_function=1
cascade_output_change_fraction=0.010000
quickprop_decay=-0.000100
quickprop_mu=1.750000
rprop_increase_factor=1.200000
rprop_decrease_factor=0.500000
rprop_delta_min=0.000000
rprop_delta_max=50.000000
rprop_delta_zero=0.100000
cascade_output_stagnation_epochs=12
cascade_candidate_change_fraction=0.010000
cascade_candidate_stagnation_epochs=12
cascade_max_out_epochs=150
cascade_min_out_epochs=50
cascade_max_cand_epochs=150
cascade_min_cand_epochs=50
cascade_num_candidate_groups=2
bit_fail_limit=1.00000000000000005551e-01
cascade_candidate_limit=1.00000000000000000000e+03
cascade_weight_multiplier=4.00000000000000022204e-01
cascade_activation_functions_count=10
cascade_activation_functions=3 5 7 8 10 11 14 15 16 17 
cascade_activation_steepnesses_count=4
cascade_activation_steepnesses=2.50000000000000000000e-01 5.00000000000000000000e-01 7.50000000000000000000e-01 1.00000000000000000000e+00 
layer_sizes=11 4 2 
scale_included=0
neurons (num_inputs, activation_function, activation_steepness)=(0, 0, 0.00000000000000000000e+00) (0, 0, 0.00000000000000000000e+00) (0, 0, 0.00000000000000000000e+00) (0, 0, 0.00000000000000000000e+00) (0, 0, 0.00000000000000000000e+00) (0, 0, 0.00000000000000000000e+00) (0, 0, 0.00000000000000000000e+00) (0, 0, 0.00000000000000000000e+00) (0, 0, 0.00000000000000000000e+00) (0, 0, 0.00000000000000000000e+00) (0, 0, 0.00000000000000000000e+00) (11, 6, 5.00000000000000000000e-01) (11, 6, 5.00000000000000000000e-01) (11, 6, 5.00000000000000000000e-01) (0, 6, 0.00000000000000000000e+00) (4, 4, 5.00000000000000000000e-01) (0, 4, 0.00000000000000000000e+00) 
connections (connected_to_neuron, weight)=(0, -3.66833900584313088444e+00) (1, 7.96508632912567637874e+00) (2, 2.51118686081825615020e+00) (3, -1.64127488773400198596e+00) (4, -1.64089363619405487205e-01) (5, 2.29116896075460863003e+00) (6, 2.25352005600387483852e+00) (7, -2.96866462223915394958e+00) (8, 7.74716042695542617125e-01) (9, 4.59717953672119694630e+00) (10, -5.45295145941813830248e-01) (0, 6.23515032160744664402e-01) (1, 5.35717446642489303343e+00) (2, -1.04767589336632638286e+00) (3, -7.03591004676247105953e-02) (4, 6.50993399049443310922e-01) (5, -8.41894155945087874215e-01) (6, -8.95441213216145670550e-01) (7, -3.78872411725332103316e+00) (8, 1.81051797127558629086e+01) (9, -3.44689974487747576859e+01) (10, -1.59568855200733250577e+00) (0, -3.43449742272244451513e+00) (1, 2.34536118738077847823e+00) (2, 1.94516437127444099531e+01) (3, 2.30712418798086149607e+00) (4, -6.24687602500825178709e+00) (5, 1.86465707270968543696e+01) (6, 1.86883014233293067718e+01) (7, 7.38002823475659819330e-01) (8, 2.11714496438100008291e+00) (9, 2.29094360100408261927e-01) (10, -1.07050958525300576873e+00) (11, -3.36640473887559963373e+01) (12, 2.79242582039853672882e+01) (13, 1.90141595753430792115e+01) (14, -5.46971784221027057526e+00) 
