FANN_FLO_2.1
num_layers=3
learning_rate=0.700000
connection_rate=1.000000
network_type=0
learning_momentum=0.000000
training_algorithm=2
train_error_function=1
train_stop_function=1
cascade_output_change_fraction=0.010000
quickprop_decay=-0.000100
quickprop_mu=1.750000
rprop_increase_factor=1.200000
rprop_decrease_factor=0.500000
rprop_delta_min=0.000000
rprop_delta_max=50.000000
rprop_delta_zero=0.100000
cascade_output_stagnation_epochs=12
cascade_candidate_change_fraction=0.010000
cascade_candidate_stagnation_epochs=12
cascade_max_out_epochs=150
cascade_min_out_epochs=50
cascade_max_cand_epochs=150
cascade_min_cand_epochs=50
cascade_num_candidate_groups=2
bit_fail_limit=1.00000000000000005551e-01
cascade_candidate_limit=1.00000000000000000000e+03
cascade_weight_multiplier=4.00000000000000022204e-01
cascade_activation_functions_count=10
cascade_activation_functions=3 5 7 8 10 11 14 15 16 17 
cascade_activation_steepnesses_count=4
cascade_activation_steepnesses=2.50000000000000000000e-01 5.00000000000000000000e-01 7.50000000000000000000e-01 1.00000000000000000000e+00 
layer_sizes=11 4 2 
scale_included=0
neurons (num_inputs, activation_function, activation_steepness)=(0, 0, 0.00000000000000000000e+00) (0, 0, 0.00000000000000000000e+00) (0, 0, 0.00000000000000000000e+00) (0, 0, 0.00000000000000000000e+00) (0, 0, 0.00000000000000000000e+00) (0, 0, 0.00000000000000000000e+00) (0, 0, 0.00000000000000000000e+00) (0, 0, 0.00000000000000000000e+00) (0, 0, 0.00000000000000000000e+00) (0, 0, 0.00000000000000000000e+00) (0, 0, 0.00000000000000000000e+00) (11, 6, 5.00000000000000000000e-01) (11, 6, 5.00000000000000000000e-01) (11, 6, 5.00000000000000000000e-01) (0, 6, 0.00000000000000000000e+00) (4, 4, 5.00000000000000000000e-01) (0, 4, 0.00000000000000000000e+00) 
connections (connected_to_neuron, weight)=(0, -3.26950337553048875350e+00) (1, 4.68607391949022922262e+00) (2, -1.63610404105588669310e+00) (3, 7.82785549351257325945e-01) (4, 1.91073241782941893874e+00) (5, 9.10910025800866995915e-01) (6, 6.50268241047810335864e-01) (7, 2.10738402635671784324e+00) (8, 1.38712460022075823041e-01) (9, 2.05928315716654219969e+00) (10, -1.79161666020797860632e+00) (0, 3.44065412046541263535e+00) (1, 1.15458391572374630130e+00) (2, 3.63694435117851213590e+01) (3, 4.70158649667716588283e+00) (4, -1.93345302854578937612e+00) (5, 1.94651911813034206311e+00) (6, 7.81445651798986062886e+00) (7, -3.16911938842207163702e+00) (8, -1.72826436481993500616e-01) (9, -4.47929763220751997466e+00) (10, 3.67211578297441576524e+00) (0, 8.33423722923190668510e-01) (1, -1.08222009192801837951e-01) (2, -1.00051590426431200598e+01) (3, -7.73131275815506335825e-01) (4, -3.49980247671054844893e-01) (5, -1.62194467107994988453e+00) (6, 3.71018946205705191232e-01) (7, -1.13771800913677889611e+00) (8, -7.97344253069829367320e-02) (9, -1.16139873963285136793e-01) (10, 9.13522516290212527323e-01) (11, 3.49624986970859774615e+00) (12, -4.77881141980750090426e+00) (13, -6.41619507849041958991e+00) (14, -1.46632664111792987427e+00) 
