FANN_FLO_2.1
num_layers=3
learning_rate=0.700000
connection_rate=1.000000
network_type=0
learning_momentum=0.000000
training_algorithm=2
train_error_function=1
train_stop_function=1
cascade_output_change_fraction=0.010000
quickprop_decay=-0.000100
quickprop_mu=1.750000
rprop_increase_factor=1.200000
rprop_decrease_factor=0.500000
rprop_delta_min=0.000000
rprop_delta_max=50.000000
rprop_delta_zero=0.100000
cascade_output_stagnation_epochs=12
cascade_candidate_change_fraction=0.010000
cascade_candidate_stagnation_epochs=12
cascade_max_out_epochs=150
cascade_min_out_epochs=50
cascade_max_cand_epochs=150
cascade_min_cand_epochs=50
cascade_num_candidate_groups=2
bit_fail_limit=1.00000000000000005551e-01
cascade_candidate_limit=1.00000000000000000000e+03
cascade_weight_multiplier=4.00000000000000022204e-01
cascade_activation_functions_count=10
cascade_activation_functions=3 5 7 8 10 11 14 15 16 17 
cascade_activation_steepnesses_count=4
cascade_activation_steepnesses=2.50000000000000000000e-01 5.00000000000000000000e-01 7.50000000000000000000e-01 1.00000000000000000000e+00 
layer_sizes=17 4 2 
scale_included=0
neurons (num_inputs, activation_function, activation_steepness)=(0, 0, 0.00000000000000000000e+00) (0, 0, 0.00000000000000000000e+00) (0, 0, 0.00000000000000000000e+00) (0, 0, 0.00000000000000000000e+00) (0, 0, 0.00000000000000000000e+00) (0, 0, 0.00000000000000000000e+00) (0, 0, 0.00000000000000000000e+00) (0, 0, 0.00000000000000000000e+00) (0, 0, 0.00000000000000000000e+00) (0, 0, 0.00000000000000000000e+00) (0, 0, 0.00000000000000000000e+00) (0, 0, 0.00000000000000000000e+00) (0, 0, 0.00000000000000000000e+00) (0, 0, 0.00000000000000000000e+00) (0, 0, 0.00000000000000000000e+00) (0, 0, 0.00000000000000000000e+00) (0, 0, 0.00000000000000000000e+00) (17, 6, 5.00000000000000000000e-01) (17, 6, 5.00000000000000000000e-01) (17, 6, 5.00000000000000000000e-01) (0, 6, 0.00000000000000000000e+00) (4, 4, 5.00000000000000000000e-01) (0, 4, 0.00000000000000000000e+00) 
connections (connected_to_neuron, weight)=(0, 3.41131148196093647584e+00) (1, -3.10746213221577427532e+00) (2, -4.66875577554801601821e+00) (3, -6.51533871986016199784e-01) (4, -1.92438159695504240609e+00) (5, 9.11532841792327452879e+00) (6, -1.95232464604695277188e+00) (7, 1.91521409815436305379e+00) (8, 3.73600614284484267014e-01) (9, 4.89713599677579569658e+00) (10, -1.57802001943202130363e+00) (11, -6.42796110856393099198e+00) (12, 5.42199508718752110070e-01) (13, -4.02335727994908065597e+00) (14, 4.71938771560942349481e+00) (15, -4.52564414558867067484e+00) (16, 4.56423352967838447114e+00) (0, -4.65044491427516604176e+00) (1, 2.54679229870182721740e+00) (2, 2.97416968984826857181e+00) (3, -3.18559481070929129132e-01) (4, 4.61952938842095262029e-01) (5, 3.03120070365903737653e+00) (6, 2.27161763324036959644e-02) (7, 1.12091772408021239649e+00) (8, 8.27117914271397802750e-01) (9, -3.43080527301048787692e+00) (10, 1.22557014921155960074e+00) (11, 2.18107884154418085743e+00) (12, 9.46152306070782156411e-01) (13, 4.28526714994574842166e+00) (14, -2.65499208353440030450e+00) (15, 2.86008096977273851280e+00) (16, -2.52177814884429407627e+00) (0, -1.03141561243733126396e+00) (1, 1.26711792749637797151e+00) (2, 1.04245529583082929825e+00) (3, -1.04686548425176356725e-01) (4, 1.28670699645522773613e-01) (5, -1.43169249791028541097e+00) (6, 7.45248793074909610112e+00) (7, 3.82037549896209083222e-01) (8, 2.07035604726676009113e-01) (9, -1.31867555697542293558e+00) (10, 6.20998806271419012681e-01) (11, 1.05511613347905397475e+00) (12, 5.38916958499125686721e-01) (13, 2.50034636673222498970e+00) (14, -1.59501550254787671790e+00) (15, 1.12787910721954998117e+00) (16, -6.36940397082352838254e-01) (17, -2.35634365113463850605e+00) (18, 1.55506558447231739706e+01) (19, 3.45726592823583045444e+00) (20, -1.34783110332752564808e+00) 
