FANN_FLO_2.1
num_layers=3
learning_rate=0.700000
connection_rate=1.000000
network_type=0
learning_momentum=0.000000
training_algorithm=2
train_error_function=1
train_stop_function=1
cascade_output_change_fraction=0.010000
quickprop_decay=-0.000100
quickprop_mu=1.750000
rprop_increase_factor=1.200000
rprop_decrease_factor=0.500000
rprop_delta_min=0.000000
rprop_delta_max=50.000000
rprop_delta_zero=0.100000
cascade_output_stagnation_epochs=12
cascade_candidate_change_fraction=0.010000
cascade_candidate_stagnation_epochs=12
cascade_max_out_epochs=150
cascade_min_out_epochs=50
cascade_max_cand_epochs=150
cascade_min_cand_epochs=50
cascade_num_candidate_groups=2
bit_fail_limit=1.00000000000000005551e-01
cascade_candidate_limit=1.00000000000000000000e+03
cascade_weight_multiplier=4.00000000000000022204e-01
cascade_activation_functions_count=10
cascade_activation_functions=3 5 7 8 10 11 14 15 16 17 
cascade_activation_steepnesses_count=4
cascade_activation_steepnesses=2.50000000000000000000e-01 5.00000000000000000000e-01 7.50000000000000000000e-01 1.00000000000000000000e+00 
layer_sizes=11 4 2 
scale_included=0
neurons (num_inputs, activation_function, activation_steepness)=(0, 0, 0.00000000000000000000e+00) (0, 0, 0.00000000000000000000e+00) (0, 0, 0.00000000000000000000e+00) (0, 0, 0.00000000000000000000e+00) (0, 0, 0.00000000000000000000e+00) (0, 0, 0.00000000000000000000e+00) (0, 0, 0.00000000000000000000e+00) (0, 0, 0.00000000000000000000e+00) (0, 0, 0.00000000000000000000e+00) (0, 0, 0.00000000000000000000e+00) (0, 0, 0.00000000000000000000e+00) (11, 6, 5.00000000000000000000e-01) (11, 6, 5.00000000000000000000e-01) (11, 6, 5.00000000000000000000e-01) (0, 6, 0.00000000000000000000e+00) (4, 4, 5.00000000000000000000e-01) (0, 4, 0.00000000000000000000e+00) 
connections (connected_to_neuron, weight)=(0, -8.43173020364343273059e+00) (1, 4.04024066361472755649e-01) (2, -6.50223590338798285160e-01) (3, 6.64939678211924456441e-01) (4, 3.74201884095682280051e-01) (5, 7.26277645665588056367e-01) (6, 4.35970162181925746658e-01) (7, 8.24778922364623801045e-01) (8, 1.23827637079364882844e+00) (9, 3.21924973575457740171e-01) (10, 4.17914971123620263005e-02) (0, -1.16646734821993494080e+01) (1, 6.40925266732193854580e+00) (2, 7.67171770189283819263e+00) (3, -4.98734355703768628132e+00) (4, -4.50580420078136079098e+00) (5, 6.99469666398077460912e+00) (6, 4.74502467438521691179e+00) (7, 2.74562862692773901330e+00) (8, 6.91997865568931036506e+00) (9, -4.50820217485564533888e+00) (10, 1.05063525626271703217e+00) (0, 1.43498062165423938552e+01) (1, -7.10253294509042704119e-02) (2, 4.32274668230227254728e-01) (3, -3.41369987408465178080e-02) (4, -4.82772197139399505961e-01) (5, -9.70543241384198451804e-01) (6, -2.79976910207705875777e+00) (7, 1.43784130869714976697e+00) (8, -5.51480520297177978506e-01) (9, -5.35276131546289057894e-01) (10, -1.02722504494165289834e+00) (11, 4.06391322623668713732e+01) (12, 1.89173322723072381280e+01) (13, -4.13154077637758803121e+01) (14, -5.02769323330044426434e-01) 
