FANN_FLO_2.1
num_layers=3
learning_rate=0.700000
connection_rate=1.000000
network_type=0
learning_momentum=0.000000
training_algorithm=2
train_error_function=1
train_stop_function=1
cascade_output_change_fraction=0.010000
quickprop_decay=-0.000100
quickprop_mu=1.750000
rprop_increase_factor=1.200000
rprop_decrease_factor=0.500000
rprop_delta_min=0.000000
rprop_delta_max=50.000000
rprop_delta_zero=0.100000
cascade_output_stagnation_epochs=12
cascade_candidate_change_fraction=0.010000
cascade_candidate_stagnation_epochs=12
cascade_max_out_epochs=150
cascade_min_out_epochs=50
cascade_max_cand_epochs=150
cascade_min_cand_epochs=50
cascade_num_candidate_groups=2
bit_fail_limit=1.00000000000000005551e-01
cascade_candidate_limit=1.00000000000000000000e+03
cascade_weight_multiplier=4.00000000000000022204e-01
cascade_activation_functions_count=10
cascade_activation_functions=3 5 7 8 10 11 14 15 16 17 
cascade_activation_steepnesses_count=4
cascade_activation_steepnesses=2.50000000000000000000e-01 5.00000000000000000000e-01 7.50000000000000000000e-01 1.00000000000000000000e+00 
layer_sizes=12 4 2 
scale_included=0
neurons (num_inputs, activation_function, activation_steepness)=(0, 0, 0.00000000000000000000e+00) (0, 0, 0.00000000000000000000e+00) (0, 0, 0.00000000000000000000e+00) (0, 0, 0.00000000000000000000e+00) (0, 0, 0.00000000000000000000e+00) (0, 0, 0.00000000000000000000e+00) (0, 0, 0.00000000000000000000e+00) (0, 0, 0.00000000000000000000e+00) (0, 0, 0.00000000000000000000e+00) (0, 0, 0.00000000000000000000e+00) (0, 0, 0.00000000000000000000e+00) (0, 0, 0.00000000000000000000e+00) (12, 6, 5.00000000000000000000e-01) (12, 6, 5.00000000000000000000e-01) (12, 6, 5.00000000000000000000e-01) (0, 6, 0.00000000000000000000e+00) (4, 4, 5.00000000000000000000e-01) (0, 4, 0.00000000000000000000e+00) 
connections (connected_to_neuron, weight)=(0, -2.22283484169256828622e+00) (1, 8.28692654957200569577e-01) (2, 1.89289432224568121566e-01) (3, 1.13636944648560375692e-01) (4, 9.75346974518418244338e-03) (5, 1.42228466279179310838e+00) (6, 7.51371277794930292337e-01) (7, 1.57544352472970827783e+00) (8, 8.06869701873702882544e-01) (9, 1.04226071919867324667e+00) (10, -4.85315632531375884540e-01) (11, -8.75899193286844846007e-01) (0, -3.13384793690522922560e+00) (1, 1.79338494215413457589e+00) (2, 4.76485989964282485865e-01) (3, 6.11488811648165930812e-01) (4, -8.05508484997304319286e-02) (5, 6.81667802419286594784e-01) (6, 1.49132832586953423260e+00) (7, 2.72167606444697396384e+00) (8, 9.10580792649231640645e-01) (9, 2.19634479838789831163e+00) (10, 2.42998525538484333453e+00) (11, -2.12121768361419471560e+00) (0, -3.03839975959738506361e+00) (1, 1.89650704611345655159e+00) (2, 1.04012052850422498373e+00) (3, 5.07384467846429321192e-01) (4, -1.04083632983718379905e-02) (5, 5.66982386197667720396e-01) (6, 1.54320473671147695427e+00) (7, 2.24634290600274155736e+00) (8, 1.47883706555338068078e+00) (9, 2.18024574774683843614e+00) (10, 1.26777814662640625487e-01) (11, -2.62372364191594131810e+00) (12, 1.88222941584562164508e+00) (13, 1.97605495069248995321e+01) (14, 8.94606095016950320087e+00) (15, -2.26234298669965028239e+00) 
