FANN_FLO_2.1
num_layers=3
learning_rate=0.700000
connection_rate=1.000000
network_type=0
learning_momentum=0.000000
training_algorithm=2
train_error_function=1
train_stop_function=1
cascade_output_change_fraction=0.010000
quickprop_decay=-0.000100
quickprop_mu=1.750000
rprop_increase_factor=1.200000
rprop_decrease_factor=0.500000
rprop_delta_min=0.000000
rprop_delta_max=50.000000
rprop_delta_zero=0.100000
cascade_output_stagnation_epochs=12
cascade_candidate_change_fraction=0.010000
cascade_candidate_stagnation_epochs=12
cascade_max_out_epochs=150
cascade_min_out_epochs=50
cascade_max_cand_epochs=150
cascade_min_cand_epochs=50
cascade_num_candidate_groups=2
bit_fail_limit=1.00000000000000005551e-01
cascade_candidate_limit=1.00000000000000000000e+03
cascade_weight_multiplier=4.00000000000000022204e-01
cascade_activation_functions_count=10
cascade_activation_functions=3 5 7 8 10 11 14 15 16 17 
cascade_activation_steepnesses_count=4
cascade_activation_steepnesses=2.50000000000000000000e-01 5.00000000000000000000e-01 7.50000000000000000000e-01 1.00000000000000000000e+00 
layer_sizes=12 4 2 
scale_included=0
neurons (num_inputs, activation_function, activation_steepness)=(0, 0, 0.00000000000000000000e+00) (0, 0, 0.00000000000000000000e+00) (0, 0, 0.00000000000000000000e+00) (0, 0, 0.00000000000000000000e+00) (0, 0, 0.00000000000000000000e+00) (0, 0, 0.00000000000000000000e+00) (0, 0, 0.00000000000000000000e+00) (0, 0, 0.00000000000000000000e+00) (0, 0, 0.00000000000000000000e+00) (0, 0, 0.00000000000000000000e+00) (0, 0, 0.00000000000000000000e+00) (0, 0, 0.00000000000000000000e+00) (12, 6, 5.00000000000000000000e-01) (12, 6, 5.00000000000000000000e-01) (12, 6, 5.00000000000000000000e-01) (0, 6, 0.00000000000000000000e+00) (4, 4, 5.00000000000000000000e-01) (0, 4, 0.00000000000000000000e+00) 
connections (connected_to_neuron, weight)=(0, -9.63750662814372993648e-02) (1, 1.11346285761227825617e+00) (2, 4.17764152290832413428e-01) (3, 7.92761115130916765859e-02) (4, -4.15526843433027259778e-02) (5, 6.93267384117359886098e-01) (6, -7.95098087469541664474e-02) (7, 3.26914646943605030627e-02) (8, -2.65773168766343555192e-02) (9, -5.26275253657941810559e-02) (10, -5.82072800759916297864e-02) (11, -5.38194807778591063907e-02) (0, 5.25050915650449478989e+00) (1, -3.42585018799427487579e+00) (2, -1.39965630406998919888e+00) (3, -5.71121918408521889177e-01) (4, -1.40740355890948376505e+00) (5, -2.33247596217283303943e+00) (6, 2.97861613938446678773e-01) (7, 1.29865016961331347645e+00) (8, 1.35347257632861123211e-01) (9, -1.40578290116746029703e+00) (10, -1.39966502827365002481e+00) (11, 2.75128291886502607255e+00) (0, -5.04659297640384085781e-01) (1, 1.03561258496632691006e+00) (2, 1.08035467559943354487e+00) (3, 3.51667191168709591942e-01) (4, 1.24604725762541071465e-01) (5, 1.64571787687766102337e+00) (6, 1.11151968397706787939e-01) (7, 1.80524815994025956967e-03) (8, 5.19548626503851390668e-02) (9, 2.16753871663744213105e-01) (10, 1.49878816231424571992e-01) (11, -1.68071138727796831613e-01) (12, 2.54493155411312876879e+00) (13, -1.32463974236634420834e+01) (14, 1.28685610820850859781e+00) (15, -1.98641715693946729893e+00) 
