FANN_FLO_2.1
num_layers=3
learning_rate=0.700000
connection_rate=1.000000
network_type=0
learning_momentum=0.000000
training_algorithm=2
train_error_function=1
train_stop_function=1
cascade_output_change_fraction=0.010000
quickprop_decay=-0.000100
quickprop_mu=1.750000
rprop_increase_factor=1.200000
rprop_decrease_factor=0.500000
rprop_delta_min=0.000000
rprop_delta_max=50.000000
rprop_delta_zero=0.100000
cascade_output_stagnation_epochs=12
cascade_candidate_change_fraction=0.010000
cascade_candidate_stagnation_epochs=12
cascade_max_out_epochs=150
cascade_min_out_epochs=50
cascade_max_cand_epochs=150
cascade_min_cand_epochs=50
cascade_num_candidate_groups=2
bit_fail_limit=1.00000000000000005551e-01
cascade_candidate_limit=1.00000000000000000000e+03
cascade_weight_multiplier=4.00000000000000022204e-01
cascade_activation_functions_count=10
cascade_activation_functions=3 5 7 8 10 11 14 15 16 17 
cascade_activation_steepnesses_count=4
cascade_activation_steepnesses=2.50000000000000000000e-01 5.00000000000000000000e-01 7.50000000000000000000e-01 1.00000000000000000000e+00 
layer_sizes=9 4 2 
scale_included=0
neurons (num_inputs, activation_function, activation_steepness)=(0, 0, 0.00000000000000000000e+00) (0, 0, 0.00000000000000000000e+00) (0, 0, 0.00000000000000000000e+00) (0, 0, 0.00000000000000000000e+00) (0, 0, 0.00000000000000000000e+00) (0, 0, 0.00000000000000000000e+00) (0, 0, 0.00000000000000000000e+00) (0, 0, 0.00000000000000000000e+00) (0, 0, 0.00000000000000000000e+00) (9, 6, 5.00000000000000000000e-01) (9, 6, 5.00000000000000000000e-01) (9, 6, 5.00000000000000000000e-01) (0, 6, 0.00000000000000000000e+00) (4, 4, 5.00000000000000000000e-01) (0, 4, 0.00000000000000000000e+00) 
connections (connected_to_neuron, weight)=(0, 5.66052527604164801289e+00) (1, -3.46378069641086172581e+00) (2, -6.00116176581975313553e+00) (3, -7.24900864745507966802e-01) (4, 1.61691865370462806162e+00) (5, -1.45649134459647267015e+00) (6, -3.06319513934989809401e-02) (7, 1.07604442369016173320e-02) (8, 4.46220954040259609741e+00) (0, -5.27151374452899101897e+00) (1, 2.41793392286295638627e+00) (2, 4.25371412145893135204e-01) (3, 9.15405922694012330609e-01) (4, -4.51228084417994612654e-01) (5, 5.16990406811702607470e-01) (6, 8.70435459644008924229e-01) (7, -7.90450958853593788067e-02) (8, -1.42121429705019153289e+00) (0, -3.84532091240782625263e+00) (1, 3.53497900307634616013e+00) (2, 4.07222505720732097512e-02) (3, 1.72630615648390606243e-01) (4, -1.06936601867184921666e+00) (5, 5.38527496133192395966e-01) (6, 3.30886694818334103907e-01) (7, -4.67523377682145635514e-01) (8, -1.23693150216038216804e+00) (9, -6.04685443951690881903e+00) (10, 2.62350567090527553304e+00) (11, 2.41105747283228444289e+00) (12, -3.08718469917583071549e+00) 
