FANN_FLO_2.1
num_layers=3
learning_rate=0.700000
connection_rate=1.000000
network_type=0
learning_momentum=0.000000
training_algorithm=2
train_error_function=1
train_stop_function=1
cascade_output_change_fraction=0.010000
quickprop_decay=-0.000100
quickprop_mu=1.750000
rprop_increase_factor=1.200000
rprop_decrease_factor=0.500000
rprop_delta_min=0.000000
rprop_delta_max=50.000000
rprop_delta_zero=0.100000
cascade_output_stagnation_epochs=12
cascade_candidate_change_fraction=0.010000
cascade_candidate_stagnation_epochs=12
cascade_max_out_epochs=150
cascade_min_out_epochs=50
cascade_max_cand_epochs=150
cascade_min_cand_epochs=50
cascade_num_candidate_groups=2
bit_fail_limit=1.00000000000000005551e-01
cascade_candidate_limit=1.00000000000000000000e+03
cascade_weight_multiplier=4.00000000000000022204e-01
cascade_activation_functions_count=10
cascade_activation_functions=3 5 7 8 10 11 14 15 16 17 
cascade_activation_steepnesses_count=4
cascade_activation_steepnesses=2.50000000000000000000e-01 5.00000000000000000000e-01 7.50000000000000000000e-01 1.00000000000000000000e+00 
layer_sizes=9 4 2 
scale_included=0
neurons (num_inputs, activation_function, activation_steepness)=(0, 0, 0.00000000000000000000e+00) (0, 0, 0.00000000000000000000e+00) (0, 0, 0.00000000000000000000e+00) (0, 0, 0.00000000000000000000e+00) (0, 0, 0.00000000000000000000e+00) (0, 0, 0.00000000000000000000e+00) (0, 0, 0.00000000000000000000e+00) (0, 0, 0.00000000000000000000e+00) (0, 0, 0.00000000000000000000e+00) (9, 6, 5.00000000000000000000e-01) (9, 6, 5.00000000000000000000e-01) (9, 6, 5.00000000000000000000e-01) (0, 6, 0.00000000000000000000e+00) (4, 4, 5.00000000000000000000e-01) (0, 4, 0.00000000000000000000e+00) 
connections (connected_to_neuron, weight)=(0, 2.66509948416795205972e+00) (1, -3.04089320533223661513e+00) (2, -1.60589668739030044797e+00) (3, -5.90915375524799446616e-01) (4, -2.06223377789523176773e+00) (5, -1.61551976450093670579e+00) (6, 1.37892064451678231229e+00) (7, -1.71169100541064422849e+00) (8, 2.70561627789582681558e+00) (0, 2.69432168199862909219e+00) (1, -2.95066985570140394302e+00) (2, -1.70298582154700439695e+00) (3, -6.78465141440383390226e-01) (4, -1.94660309906270057034e+00) (5, -1.77025951318748875352e+00) (6, 1.46313638984663918485e+00) (7, -1.69209947276303451780e+00) (8, 2.67684481038894128702e+00) (0, 2.46962123328239391284e+00) (1, -3.10710937984533819289e+00) (2, -1.75721089381167572263e+00) (3, -4.51591630601923088584e-01) (4, -2.04051928426291517837e+00) (5, -1.69924754895575924607e+00) (6, 1.45856370031340554227e+00) (7, -1.64175138461777847532e+00) (8, 2.73998984440411996744e+00) (9, -2.32480237751361817899e+00) (10, -2.33585035919305772367e+00) (11, -4.30962514574579458326e+00) (12, -1.35816819950141365325e+00) 
