FANN_FLO_2.1
num_layers=3
learning_rate=0.700000
connection_rate=1.000000
network_type=0
learning_momentum=0.000000
training_algorithm=2
train_error_function=1
train_stop_function=1
cascade_output_change_fraction=0.010000
quickprop_decay=-0.000100
quickprop_mu=1.750000
rprop_increase_factor=1.200000
rprop_decrease_factor=0.500000
rprop_delta_min=0.000000
rprop_delta_max=50.000000
rprop_delta_zero=0.100000
cascade_output_stagnation_epochs=12
cascade_candidate_change_fraction=0.010000
cascade_candidate_stagnation_epochs=12
cascade_max_out_epochs=150
cascade_min_out_epochs=50
cascade_max_cand_epochs=150
cascade_min_cand_epochs=50
cascade_num_candidate_groups=2
bit_fail_limit=1.00000000000000005551e-01
cascade_candidate_limit=1.00000000000000000000e+03
cascade_weight_multiplier=4.00000000000000022204e-01
cascade_activation_functions_count=10
cascade_activation_functions=3 5 7 8 10 11 14 15 16 17 
cascade_activation_steepnesses_count=4
cascade_activation_steepnesses=2.50000000000000000000e-01 5.00000000000000000000e-01 7.50000000000000000000e-01 1.00000000000000000000e+00 
layer_sizes=9 4 2 
scale_included=0
neurons (num_inputs, activation_function, activation_steepness)=(0, 0, 0.00000000000000000000e+00) (0, 0, 0.00000000000000000000e+00) (0, 0, 0.00000000000000000000e+00) (0, 0, 0.00000000000000000000e+00) (0, 0, 0.00000000000000000000e+00) (0, 0, 0.00000000000000000000e+00) (0, 0, 0.00000000000000000000e+00) (0, 0, 0.00000000000000000000e+00) (0, 0, 0.00000000000000000000e+00) (9, 6, 5.00000000000000000000e-01) (9, 6, 5.00000000000000000000e-01) (9, 6, 5.00000000000000000000e-01) (0, 6, 0.00000000000000000000e+00) (4, 4, 5.00000000000000000000e-01) (0, 4, 0.00000000000000000000e+00) 
connections (connected_to_neuron, weight)=(0, 4.96605397177396667985e+00) (1, -2.62081671508815117200e-01) (2, -1.66150740685008919684e+01) (3, -2.37632303879205641906e+00) (4, 5.84812205490181202805e+00) (5, 3.82577275959635754177e+00) (6, 4.47687726959464971088e+00) (7, 2.18171310102922477725e+00) (8, 2.41264511403717962779e+00) (0, 3.06389257838773829690e+01) (1, -3.10368529548289764364e+01) (2, -1.02711653559021911519e+01) (3, -7.60041499105291951111e+00) (4, 1.30413053869994444156e+00) (5, -6.14949639877944598254e+00) (6, -1.29970251075556553211e+00) (7, 1.50591253901305699436e+00) (8, 3.07895697025406462899e+01) (0, 3.07017059741366011849e+01) (1, -3.11591248872375494727e+01) (2, -1.01531272663698803882e+01) (3, -7.63856655326681721618e+00) (4, 5.78466072755119631310e-01) (5, -7.37666720611978110611e+00) (6, 4.20622784126146342931e-01) (7, 1.98507526229599307044e+00) (8, 3.11530513126285448777e+01) (9, -1.61012154344484570423e+00) (10, -1.45425236788142897559e+00) (11, -1.37285938676942609327e+00) (12, -1.56117731228682887767e+00) 
