FANN_FLO_2.1
num_layers=3
learning_rate=0.700000
connection_rate=1.000000
network_type=0
learning_momentum=0.000000
training_algorithm=2
train_error_function=1
train_stop_function=1
cascade_output_change_fraction=0.010000
quickprop_decay=-0.000100
quickprop_mu=1.750000
rprop_increase_factor=1.200000
rprop_decrease_factor=0.500000
rprop_delta_min=0.000000
rprop_delta_max=50.000000
rprop_delta_zero=0.100000
cascade_output_stagnation_epochs=12
cascade_candidate_change_fraction=0.010000
cascade_candidate_stagnation_epochs=12
cascade_max_out_epochs=150
cascade_min_out_epochs=50
cascade_max_cand_epochs=150
cascade_min_cand_epochs=50
cascade_num_candidate_groups=2
bit_fail_limit=1.00000000000000005551e-01
cascade_candidate_limit=1.00000000000000000000e+03
cascade_weight_multiplier=4.00000000000000022204e-01
cascade_activation_functions_count=10
cascade_activation_functions=3 5 7 8 10 11 14 15 16 17 
cascade_activation_steepnesses_count=4
cascade_activation_steepnesses=2.50000000000000000000e-01 5.00000000000000000000e-01 7.50000000000000000000e-01 1.00000000000000000000e+00 
layer_sizes=12 4 2 
scale_included=0
neurons (num_inputs, activation_function, activation_steepness)=(0, 0, 0.00000000000000000000e+00) (0, 0, 0.00000000000000000000e+00) (0, 0, 0.00000000000000000000e+00) (0, 0, 0.00000000000000000000e+00) (0, 0, 0.00000000000000000000e+00) (0, 0, 0.00000000000000000000e+00) (0, 0, 0.00000000000000000000e+00) (0, 0, 0.00000000000000000000e+00) (0, 0, 0.00000000000000000000e+00) (0, 0, 0.00000000000000000000e+00) (0, 0, 0.00000000000000000000e+00) (0, 0, 0.00000000000000000000e+00) (12, 6, 5.00000000000000000000e-01) (12, 6, 5.00000000000000000000e-01) (12, 6, 5.00000000000000000000e-01) (0, 6, 0.00000000000000000000e+00) (4, 4, 5.00000000000000000000e-01) (0, 4, 0.00000000000000000000e+00) 
connections (connected_to_neuron, weight)=(0, -1.38105383568476880463e+00) (1, 1.19478686660134235353e+03) (2, 4.28325549565375673922e+00) (3, 4.94517695990998973343e+00) (4, -3.03237328093619629144e+00) (5, 3.30201331829714783694e+00) (6, -3.99713855190884537194e+00) (7, 2.19603642325809333968e+00) (8, 2.07686681512091286805e+00) (9, 2.00824749893251297550e+00) (10, 2.44100508603837207389e+00) (11, -4.34955242663890118138e+00) (0, -3.70216753409142507181e-01) (1, 4.74380978433810980732e+02) (2, -8.98707979979400306547e+00) (3, 9.00579355893796531518e+01) (4, 1.77526472015010483574e+00) (5, 1.35204386799561837584e+00) (6, -8.79029566896414760180e-01) (7, 2.16170604677930855431e+00) (8, 1.59968303701232383851e-01) (9, 2.89280214266855906224e-01) (10, 1.58548477890931138745e+00) (11, -3.69810023137172372287e-01) (0, 2.01964835967176759013e+00) (1, -9.46584661414567563043e+01) (2, 4.03944462947879934234e+00) (3, -2.42980060585525370342e+00) (4, 6.94431088808002350277e+00) (5, -4.11668802522556109835e+00) (6, 1.48987162124884786607e+01) (7, -3.65606624751042286192e+00) (8, -2.81724697870746609851e-02) (9, -2.57972925045684142731e-01) (10, -2.42155640130471860871e+00) (11, 1.70924675840599116228e+00) (12, 1.02097999525751621519e+01) (13, 3.65185234396173852289e+00) (14, -2.13953557172076980208e+00) (15, -1.71423365543854466786e+00) 
