FANN_FLO_2.1
num_layers=3
learning_rate=0.700000
connection_rate=1.000000
network_type=0
learning_momentum=0.000000
training_algorithm=2
train_error_function=1
train_stop_function=1
cascade_output_change_fraction=0.010000
quickprop_decay=-0.000100
quickprop_mu=1.750000
rprop_increase_factor=1.200000
rprop_decrease_factor=0.500000
rprop_delta_min=0.000000
rprop_delta_max=50.000000
rprop_delta_zero=0.100000
cascade_output_stagnation_epochs=12
cascade_candidate_change_fraction=0.010000
cascade_candidate_stagnation_epochs=12
cascade_max_out_epochs=150
cascade_min_out_epochs=50
cascade_max_cand_epochs=150
cascade_min_cand_epochs=50
cascade_num_candidate_groups=2
bit_fail_limit=1.00000000000000005551e-01
cascade_candidate_limit=1.00000000000000000000e+03
cascade_weight_multiplier=4.00000000000000022204e-01
cascade_activation_functions_count=10
cascade_activation_functions=3 5 7 8 10 11 14 15 16 17 
cascade_activation_steepnesses_count=4
cascade_activation_steepnesses=2.50000000000000000000e-01 5.00000000000000000000e-01 7.50000000000000000000e-01 1.00000000000000000000e+00 
layer_sizes=6 4 2 
scale_included=0
neurons (num_inputs, activation_function, activation_steepness)=(0, 0, 0.00000000000000000000e+00) (0, 0, 0.00000000000000000000e+00) (0, 0, 0.00000000000000000000e+00) (0, 0, 0.00000000000000000000e+00) (0, 0, 0.00000000000000000000e+00) (0, 0, 0.00000000000000000000e+00) (6, 6, 5.00000000000000000000e-01) (6, 6, 5.00000000000000000000e-01) (6, 6, 5.00000000000000000000e-01) (0, 6, 0.00000000000000000000e+00) (4, 4, 5.00000000000000000000e-01) (0, 4, 0.00000000000000000000e+00) 
connections (connected_to_neuron, weight)=(0, 2.30992200068267106161e+00) (1, 1.93940511740585308509e+00) (2, -1.61949232811711474334e+00) (3, -9.55969915419008553492e-01) (4, 6.59492584267455494995e-01) (5, -1.27761136331108682285e+00) (0, 2.23129194875721337255e+00) (1, 2.03403709478517358278e+00) (2, -1.80843925322077914153e+00) (3, -1.02275160762586847518e+00) (4, 5.34509310820895366945e-01) (5, -1.16705894060877413132e+00) (0, 1.12587132476929349667e-01) (1, 9.85365516684583997442e-02) (2, -3.80773588192542866704e-01) (3, -1.41253136110488314303e-01) (4, 5.86789932712139972182e-01) (5, -1.55564495267747715523e+00) (6, 1.05412526614406587555e+02) (7, 6.06142708803521212957e+00) (8, 1.60470060688449644992e+00) (9, -2.20517008478631426627e+00) 
