FANN_FLO_2.1
num_layers=3
learning_rate=0.700000
connection_rate=1.000000
network_type=0
learning_momentum=0.000000
training_algorithm=2
train_error_function=1
train_stop_function=1
cascade_output_change_fraction=0.010000
quickprop_decay=-0.000100
quickprop_mu=1.750000
rprop_increase_factor=1.200000
rprop_decrease_factor=0.500000
rprop_delta_min=0.000000
rprop_delta_max=50.000000
rprop_delta_zero=0.100000
cascade_output_stagnation_epochs=12
cascade_candidate_change_fraction=0.010000
cascade_candidate_stagnation_epochs=12
cascade_max_out_epochs=150
cascade_min_out_epochs=50
cascade_max_cand_epochs=150
cascade_min_cand_epochs=50
cascade_num_candidate_groups=2
bit_fail_limit=1.00000000000000005551e-01
cascade_candidate_limit=1.00000000000000000000e+03
cascade_weight_multiplier=4.00000000000000022204e-01
cascade_activation_functions_count=10
cascade_activation_functions=3 5 7 8 10 11 14 15 16 17 
cascade_activation_steepnesses_count=4
cascade_activation_steepnesses=2.50000000000000000000e-01 5.00000000000000000000e-01 7.50000000000000000000e-01 1.00000000000000000000e+00 
layer_sizes=11 4 2 
scale_included=0
neurons (num_inputs, activation_function, activation_steepness)=(0, 0, 0.00000000000000000000e+00) (0, 0, 0.00000000000000000000e+00) (0, 0, 0.00000000000000000000e+00) (0, 0, 0.00000000000000000000e+00) (0, 0, 0.00000000000000000000e+00) (0, 0, 0.00000000000000000000e+00) (0, 0, 0.00000000000000000000e+00) (0, 0, 0.00000000000000000000e+00) (0, 0, 0.00000000000000000000e+00) (0, 0, 0.00000000000000000000e+00) (0, 0, 0.00000000000000000000e+00) (11, 6, 5.00000000000000000000e-01) (11, 6, 5.00000000000000000000e-01) (11, 6, 5.00000000000000000000e-01) (0, 6, 0.00000000000000000000e+00) (4, 4, 5.00000000000000000000e-01) (0, 4, 0.00000000000000000000e+00) 
connections (connected_to_neuron, weight)=(0, 8.95951867493009812549e-01) (1, -2.24890046969720946990e+00) (2, -2.10349142810955047622e+00) (3, -6.71510374849623503657e-01) (4, 1.28993592126915801455e-01) (5, -2.13301419519522861279e+00) (6, 8.18500776835144105981e-01) (7, 8.21532041065292761850e-01) (8, -5.30225916398807339824e-01) (9, -8.43493807852661592328e-02) (10, 2.43484094631985481527e+00) (0, 1.01825789401135491374e+00) (1, -2.22480633512804137908e+00) (2, -2.05498610696449324209e+00) (3, -5.74896081095522704096e-01) (4, 1.93719311519215453554e-01) (5, -2.18621640705207065380e+00) (6, 4.81012159655601512220e-01) (7, 3.84979140471822800507e-02) (8, -4.43739308608813998180e-01) (9, -1.50623271220961807426e-01) (10, 2.40455906731203850057e+00) (0, 5.24104577962254736256e-01) (1, -2.27790886566707717620e+00) (2, -2.09451766601306932358e+00) (3, -6.50801866060084166499e-01) (4, 2.26832791133473266054e-01) (5, -1.78082109407869815243e+00) (6, 1.82246817347934131348e-01) (7, 6.07468473993987401194e-01) (8, -1.08417050185165952936e-01) (9, -2.17470305019656418022e-01) (10, 2.78839273847153235053e+00) (11, -7.30931484089219196676e+00) (12, -7.24189061061465366720e+00) (13, -7.59486090859625129212e+00) (14, -6.29311417247163551458e-01) 
