FANN_FLO_2.1
num_layers=3
learning_rate=0.700000
connection_rate=1.000000
network_type=0
learning_momentum=0.000000
training_algorithm=2
train_error_function=1
train_stop_function=1
cascade_output_change_fraction=0.010000
quickprop_decay=-0.000100
quickprop_mu=1.750000
rprop_increase_factor=1.200000
rprop_decrease_factor=0.500000
rprop_delta_min=0.000000
rprop_delta_max=50.000000
rprop_delta_zero=0.100000
cascade_output_stagnation_epochs=12
cascade_candidate_change_fraction=0.010000
cascade_candidate_stagnation_epochs=12
cascade_max_out_epochs=150
cascade_min_out_epochs=50
cascade_max_cand_epochs=150
cascade_min_cand_epochs=50
cascade_num_candidate_groups=2
bit_fail_limit=1.00000000000000005551e-01
cascade_candidate_limit=1.00000000000000000000e+03
cascade_weight_multiplier=4.00000000000000022204e-01
cascade_activation_functions_count=10
cascade_activation_functions=3 5 7 8 10 11 14 15 16 17 
cascade_activation_steepnesses_count=4
cascade_activation_steepnesses=2.50000000000000000000e-01 5.00000000000000000000e-01 7.50000000000000000000e-01 1.00000000000000000000e+00 
layer_sizes=8 4 2 
scale_included=0
neurons (num_inputs, activation_function, activation_steepness)=(0, 0, 0.00000000000000000000e+00) (0, 0, 0.00000000000000000000e+00) (0, 0, 0.00000000000000000000e+00) (0, 0, 0.00000000000000000000e+00) (0, 0, 0.00000000000000000000e+00) (0, 0, 0.00000000000000000000e+00) (0, 0, 0.00000000000000000000e+00) (0, 0, 0.00000000000000000000e+00) (8, 6, 5.00000000000000000000e-01) (8, 6, 5.00000000000000000000e-01) (8, 6, 5.00000000000000000000e-01) (0, 6, 0.00000000000000000000e+00) (4, 4, 5.00000000000000000000e-01) (0, 4, 0.00000000000000000000e+00) 
connections (connected_to_neuron, weight)=(0, -4.55617947231595543656e+00) (1, 1.96739630388818032003e+00) (2, 1.43447536890551674560e+00) (3, -7.77831350603548771216e-02) (4, 2.36856636846657503392e-01) (5, -9.05621178642254331947e-01) (6, 7.75146711736523080782e-02) (7, -3.61908245857381349886e-01) (0, 1.16124072966492342118e+01) (1, -8.79218269665435769866e+00) (2, -7.15950486294260635134e+00) (3, 1.86908258856215803156e+00) (4, -3.27053785580447442527e+00) (5, 4.92135961280775280358e+00) (6, -2.33890291559427421220e+00) (7, 8.37180997721876174467e+00) (0, 5.04295153269723162026e+00) (1, 6.25278746954002317970e-01) (2, -1.55748271062732275283e+01) (3, 5.08389819774663354046e-01) (4, 1.60683203761026138778e+00) (5, 6.84730990614761725332e-01) (6, 1.64479614611484636910e+00) (7, 6.79611626606824281716e-01) (8, 7.87403149224398357653e-01) (9, -4.21811748181970358473e+00) (10, -2.23185136212748558293e+00) (11, -2.03270914035300398481e+00) 
