FANN_FLO_2.1
num_layers=3
learning_rate=0.700000
connection_rate=1.000000
network_type=0
learning_momentum=0.000000
training_algorithm=2
train_error_function=1
train_stop_function=1
cascade_output_change_fraction=0.010000
quickprop_decay=-0.000100
quickprop_mu=1.750000
rprop_increase_factor=1.200000
rprop_decrease_factor=0.500000
rprop_delta_min=0.000000
rprop_delta_max=50.000000
rprop_delta_zero=0.100000
cascade_output_stagnation_epochs=12
cascade_candidate_change_fraction=0.010000
cascade_candidate_stagnation_epochs=12
cascade_max_out_epochs=150
cascade_min_out_epochs=50
cascade_max_cand_epochs=150
cascade_min_cand_epochs=50
cascade_num_candidate_groups=2
bit_fail_limit=1.00000000000000005551e-01
cascade_candidate_limit=1.00000000000000000000e+03
cascade_weight_multiplier=4.00000000000000022204e-01
cascade_activation_functions_count=10
cascade_activation_functions=3 5 7 8 10 11 14 15 16 17 
cascade_activation_steepnesses_count=4
cascade_activation_steepnesses=2.50000000000000000000e-01 5.00000000000000000000e-01 7.50000000000000000000e-01 1.00000000000000000000e+00 
layer_sizes=12 4 2 
scale_included=0
neurons (num_inputs, activation_function, activation_steepness)=(0, 0, 0.00000000000000000000e+00) (0, 0, 0.00000000000000000000e+00) (0, 0, 0.00000000000000000000e+00) (0, 0, 0.00000000000000000000e+00) (0, 0, 0.00000000000000000000e+00) (0, 0, 0.00000000000000000000e+00) (0, 0, 0.00000000000000000000e+00) (0, 0, 0.00000000000000000000e+00) (0, 0, 0.00000000000000000000e+00) (0, 0, 0.00000000000000000000e+00) (0, 0, 0.00000000000000000000e+00) (0, 0, 0.00000000000000000000e+00) (12, 6, 5.00000000000000000000e-01) (12, 6, 5.00000000000000000000e-01) (12, 6, 5.00000000000000000000e-01) (0, 6, 0.00000000000000000000e+00) (4, 4, 5.00000000000000000000e-01) (0, 4, 0.00000000000000000000e+00) 
connections (connected_to_neuron, weight)=(0, 2.55455337344237332076e+00) (1, 1.25490492314057701151e+03) (2, -3.71729829674333434042e-01) (3, 1.39549978898616622303e+00) (4, 1.25507142725544326822e+03) (5, -5.97554997667430809472e-01) (6, 2.31384475179389204058e-01) (7, 8.56040412862647093206e-01) (8, 7.47681813403535233675e-01) (9, 8.91966707921438950457e-01) (10, 4.92117756990813948192e+00) (11, -2.17181711228780116585e+00) (0, -4.79420212124559697031e+00) (1, -2.84119801659732331700e+01) (2, 3.58432124106508664951e+00) (3, -1.55171633411703946415e+00) (4, 1.92035403053926465589e+01) (5, 5.57069965743412698345e+00) (6, 6.01141707051631790648e+00) (7, 5.00110358605604599092e+00) (8, -2.02303500870627672725e+00) (9, 5.00125706575612127835e+00) (10, 5.49218278942661441988e+00) (11, 2.98438526317465724347e+00) (0, 1.31046428298456252293e+00) (1, 1.01449205363286705506e+03) (2, -7.10909289438659691696e-02) (3, 9.71561194311635789589e-01) (4, 1.01443104590965481293e+03) (5, -5.08552482990760890136e-02) (6, 1.91326359884246455234e-01) (7, 2.34096135928794552017e-01) (8, 6.77181878820970917232e-01) (9, 6.68102603661376104327e+00) (10, -7.28183211547047548606e+00) (11, -2.47574500651495471581e-01) (12, 8.41280409867214729047e+00) (13, -5.13946978809309307223e+00) (14, 4.03699154716056440861e+00) (15, -1.86204977172168839594e+00) 
