FANN_FLO_2.1
num_layers=3
learning_rate=0.700000
connection_rate=1.000000
network_type=0
learning_momentum=0.000000
training_algorithm=2
train_error_function=1
train_stop_function=1
cascade_output_change_fraction=0.010000
quickprop_decay=-0.000100
quickprop_mu=1.750000
rprop_increase_factor=1.200000
rprop_decrease_factor=0.500000
rprop_delta_min=0.000000
rprop_delta_max=50.000000
rprop_delta_zero=0.100000
cascade_output_stagnation_epochs=12
cascade_candidate_change_fraction=0.010000
cascade_candidate_stagnation_epochs=12
cascade_max_out_epochs=150
cascade_min_out_epochs=50
cascade_max_cand_epochs=150
cascade_min_cand_epochs=50
cascade_num_candidate_groups=2
bit_fail_limit=1.00000000000000005551e-01
cascade_candidate_limit=1.00000000000000000000e+03
cascade_weight_multiplier=4.00000000000000022204e-01
cascade_activation_functions_count=10
cascade_activation_functions=3 5 7 8 10 11 14 15 16 17 
cascade_activation_steepnesses_count=4
cascade_activation_steepnesses=2.50000000000000000000e-01 5.00000000000000000000e-01 7.50000000000000000000e-01 1.00000000000000000000e+00 
layer_sizes=7 4 2 
scale_included=0
neurons (num_inputs, activation_function, activation_steepness)=(0, 0, 0.00000000000000000000e+00) (0, 0, 0.00000000000000000000e+00) (0, 0, 0.00000000000000000000e+00) (0, 0, 0.00000000000000000000e+00) (0, 0, 0.00000000000000000000e+00) (0, 0, 0.00000000000000000000e+00) (0, 0, 0.00000000000000000000e+00) (7, 6, 5.00000000000000000000e-01) (7, 6, 5.00000000000000000000e-01) (7, 6, 5.00000000000000000000e-01) (0, 6, 0.00000000000000000000e+00) (4, 4, 5.00000000000000000000e-01) (0, 4, 0.00000000000000000000e+00) 
connections (connected_to_neuron, weight)=(0, -4.95194764228860800914e-02) (1, 2.04809731677505224567e+00) (2, 5.90546662741436856336e-02) (3, -1.66368514481287865792e-01) (4, -2.43806131365996270333e-01) (5, -6.16932481505708341096e-01) (6, 1.57476878372629323921e-02) (0, -2.88313251918414659158e+00) (1, 2.74583426175780376255e+00) (2, 2.84526639012930981920e+00) (3, 7.58783533401026222265e-02) (4, 4.87977814281119970374e-01) (5, 2.59768883940359396334e+00) (6, -3.40304238247439982956e+00) (0, 2.26894260279121295909e-02) (1, 9.88173583259880361496e-01) (2, 3.61620565922296910433e-01) (3, 2.38727675630650115757e-01) (4, -5.39964903706789955962e-02) (5, 3.53843622475590369181e-01) (6, -1.06932063547558922623e-01) (7, 8.42338041855546171277e-01) (8, 9.47725539617488266231e+00) (9, 1.00526259627014380449e+00) (10, -2.18937563776454258146e+00) 
