FANN_FLO_2.1
num_layers=3
learning_rate=0.700000
connection_rate=1.000000
network_type=0
learning_momentum=0.000000
training_algorithm=2
train_error_function=1
train_stop_function=1
cascade_output_change_fraction=0.010000
quickprop_decay=-0.000100
quickprop_mu=1.750000
rprop_increase_factor=1.200000
rprop_decrease_factor=0.500000
rprop_delta_min=0.000000
rprop_delta_max=50.000000
rprop_delta_zero=0.100000
cascade_output_stagnation_epochs=12
cascade_candidate_change_fraction=0.010000
cascade_candidate_stagnation_epochs=12
cascade_max_out_epochs=150
cascade_min_out_epochs=50
cascade_max_cand_epochs=150
cascade_min_cand_epochs=50
cascade_num_candidate_groups=2
bit_fail_limit=1.00000000000000005551e-01
cascade_candidate_limit=1.00000000000000000000e+03
cascade_weight_multiplier=4.00000000000000022204e-01
cascade_activation_functions_count=10
cascade_activation_functions=3 5 7 8 10 11 14 15 16 17 
cascade_activation_steepnesses_count=4
cascade_activation_steepnesses=2.50000000000000000000e-01 5.00000000000000000000e-01 7.50000000000000000000e-01 1.00000000000000000000e+00 
layer_sizes=7 4 2 
scale_included=0
neurons (num_inputs, activation_function, activation_steepness)=(0, 0, 0.00000000000000000000e+00) (0, 0, 0.00000000000000000000e+00) (0, 0, 0.00000000000000000000e+00) (0, 0, 0.00000000000000000000e+00) (0, 0, 0.00000000000000000000e+00) (0, 0, 0.00000000000000000000e+00) (0, 0, 0.00000000000000000000e+00) (7, 6, 5.00000000000000000000e-01) (7, 6, 5.00000000000000000000e-01) (7, 6, 5.00000000000000000000e-01) (0, 6, 0.00000000000000000000e+00) (4, 4, 5.00000000000000000000e-01) (0, 4, 0.00000000000000000000e+00) 
connections (connected_to_neuron, weight)=(0, -9.80984105111502557861e+00) (1, 4.09999658712657222281e+00) (2, 3.96484775968669733714e+00) (3, -8.07220849612071827961e-02) (4, 1.54157421376307057770e+00) (5, 4.07943069461309182344e+00) (6, -4.36807103650736827660e+00) (0, -4.93441702057517084246e-01) (1, 4.25084937946279661780e-01) (2, 1.17408378459850015751e+00) (3, 6.17751074580313419560e-01) (4, 7.18361190957022277548e-02) (5, 4.13706869492089457374e-01) (6, 3.59083502919544392609e-04) (0, -2.65151679455447431000e-01) (1, 3.94560214714487211829e-01) (2, 1.15092624761501016728e+00) (3, 6.26027756927372669438e-01) (4, 1.18055136452336395525e-01) (5, 3.65050681540524668556e-01) (6, 3.23958797151159133554e-02) (7, 7.59351658885303759661e+00) (8, 1.03766269891778639689e+00) (9, 1.04004304765979460612e+00) (10, -1.78229283315411413113e+00) 
