FANN_FLO_2.1
num_layers=3
learning_rate=0.700000
connection_rate=1.000000
network_type=0
learning_momentum=0.000000
training_algorithm=2
train_error_function=1
train_stop_function=1
cascade_output_change_fraction=0.010000
quickprop_decay=-0.000100
quickprop_mu=1.750000
rprop_increase_factor=1.200000
rprop_decrease_factor=0.500000
rprop_delta_min=0.000000
rprop_delta_max=50.000000
rprop_delta_zero=0.100000
cascade_output_stagnation_epochs=12
cascade_candidate_change_fraction=0.010000
cascade_candidate_stagnation_epochs=12
cascade_max_out_epochs=150
cascade_min_out_epochs=50
cascade_max_cand_epochs=150
cascade_min_cand_epochs=50
cascade_num_candidate_groups=2
bit_fail_limit=1.00000000000000005551e-01
cascade_candidate_limit=1.00000000000000000000e+03
cascade_weight_multiplier=4.00000000000000022204e-01
cascade_activation_functions_count=10
cascade_activation_functions=3 5 7 8 10 11 14 15 16 17 
cascade_activation_steepnesses_count=4
cascade_activation_steepnesses=2.50000000000000000000e-01 5.00000000000000000000e-01 7.50000000000000000000e-01 1.00000000000000000000e+00 
layer_sizes=8 4 2 
scale_included=0
neurons (num_inputs, activation_function, activation_steepness)=(0, 0, 0.00000000000000000000e+00) (0, 0, 0.00000000000000000000e+00) (0, 0, 0.00000000000000000000e+00) (0, 0, 0.00000000000000000000e+00) (0, 0, 0.00000000000000000000e+00) (0, 0, 0.00000000000000000000e+00) (0, 0, 0.00000000000000000000e+00) (0, 0, 0.00000000000000000000e+00) (8, 6, 5.00000000000000000000e-01) (8, 6, 5.00000000000000000000e-01) (8, 6, 5.00000000000000000000e-01) (0, 6, 0.00000000000000000000e+00) (4, 4, 5.00000000000000000000e-01) (0, 4, 0.00000000000000000000e+00) 
connections (connected_to_neuron, weight)=(0, 5.19329030403801361615e+00) (1, -4.41155651129189596560e+00) (2, -3.47990666648403434991e+00) (3, -9.42996407513180256998e-03) (4, -1.68174553879268939838e+00) (5, -2.10712558168200159159e+00) (6, -9.27501467344320262853e-01) (7, 5.19192641565510193402e+00) (0, 5.19197947869011322553e+00) (1, -4.39475372351113424685e+00) (2, -3.45666724016920356988e+00) (3, -9.15296700096563387028e-02) (4, -1.64051582508452709064e+00) (5, -2.21826191011098527994e+00) (6, -9.37026878175294841711e-01) (7, 5.18452573904701630170e+00) (0, 4.50294141372717615646e-01) (1, -4.02380270574306919684e-01) (2, -6.18118184961362615581e+00) (3, -3.81698047296962661434e-01) (4, -5.09971059777700408411e-01) (5, -1.45321138943066130444e+00) (6, -3.01532536327042199886e+00) (7, 4.05060590183899449368e-01) (8, -4.83080415489811088037e+00) (9, -4.83282698007959510278e+00) (10, -1.05423711481539905677e+00) (11, -1.35988280984234255477e+00) 
