FANN_FLO_2.1
num_layers=3
learning_rate=0.700000
connection_rate=1.000000
network_type=0
learning_momentum=0.000000
training_algorithm=2
train_error_function=1
train_stop_function=1
cascade_output_change_fraction=0.010000
quickprop_decay=-0.000100
quickprop_mu=1.750000
rprop_increase_factor=1.200000
rprop_decrease_factor=0.500000
rprop_delta_min=0.000000
rprop_delta_max=50.000000
rprop_delta_zero=0.100000
cascade_output_stagnation_epochs=12
cascade_candidate_change_fraction=0.010000
cascade_candidate_stagnation_epochs=12
cascade_max_out_epochs=150
cascade_min_out_epochs=50
cascade_max_cand_epochs=150
cascade_min_cand_epochs=50
cascade_num_candidate_groups=2
bit_fail_limit=1.00000000000000005551e-01
cascade_candidate_limit=1.00000000000000000000e+03
cascade_weight_multiplier=4.00000000000000022204e-01
cascade_activation_functions_count=10
cascade_activation_functions=3 5 7 8 10 11 14 15 16 17 
cascade_activation_steepnesses_count=4
cascade_activation_steepnesses=2.50000000000000000000e-01 5.00000000000000000000e-01 7.50000000000000000000e-01 1.00000000000000000000e+00 
layer_sizes=7 4 2 
scale_included=0
neurons (num_inputs, activation_function, activation_steepness)=(0, 0, 0.00000000000000000000e+00) (0, 0, 0.00000000000000000000e+00) (0, 0, 0.00000000000000000000e+00) (0, 0, 0.00000000000000000000e+00) (0, 0, 0.00000000000000000000e+00) (0, 0, 0.00000000000000000000e+00) (0, 0, 0.00000000000000000000e+00) (7, 6, 5.00000000000000000000e-01) (7, 6, 5.00000000000000000000e-01) (7, 6, 5.00000000000000000000e-01) (0, 6, 0.00000000000000000000e+00) (4, 4, 5.00000000000000000000e-01) (0, 4, 0.00000000000000000000e+00) 
connections (connected_to_neuron, weight)=(0, -1.81282980860430331660e+00) (1, 2.72997482448579953385e+00) (2, 2.43009728517755618782e+00) (3, 1.01247083583280175767e-01) (4, 2.72777516582414059076e-01) (5, 1.24367985562440930281e+00) (6, -2.91181393206404326435e+00) (0, 1.04640728815788272565e-01) (1, 6.75125254867633528555e-01) (2, 3.14256609182670287872e-01) (3, 1.49555549888923111634e-01) (4, 1.21248622356965499169e-01) (5, 3.10230891124491259259e-01) (6, 7.11320033514442201517e-02) (0, -1.87184964985806079341e+00) (1, 2.19727376222679149365e+00) (2, 2.39118450459465137214e+00) (3, 1.97735350766583856119e-01) (4, 2.41233427265092281733e-01) (5, 1.38445010469314633283e+00) (6, -2.86918315530108092304e+00) (7, 6.82288949088946061750e+00) (8, 1.78798920131130245625e-01) (9, 6.98463968490851705440e+00) (10, -1.86895334095913501216e+00) 
