FANN_FLO_2.1
num_layers=3
learning_rate=0.700000
connection_rate=1.000000
network_type=0
learning_momentum=0.000000
training_algorithm=2
train_error_function=1
train_stop_function=1
cascade_output_change_fraction=0.010000
quickprop_decay=-0.000100
quickprop_mu=1.750000
rprop_increase_factor=1.200000
rprop_decrease_factor=0.500000
rprop_delta_min=0.000000
rprop_delta_max=50.000000
rprop_delta_zero=0.100000
cascade_output_stagnation_epochs=12
cascade_candidate_change_fraction=0.010000
cascade_candidate_stagnation_epochs=12
cascade_max_out_epochs=150
cascade_min_out_epochs=50
cascade_max_cand_epochs=150
cascade_min_cand_epochs=50
cascade_num_candidate_groups=2
bit_fail_limit=1.00000000000000005551e-01
cascade_candidate_limit=1.00000000000000000000e+03
cascade_weight_multiplier=4.00000000000000022204e-01
cascade_activation_functions_count=10
cascade_activation_functions=3 5 7 8 10 11 14 15 16 17 
cascade_activation_steepnesses_count=4
cascade_activation_steepnesses=2.50000000000000000000e-01 5.00000000000000000000e-01 7.50000000000000000000e-01 1.00000000000000000000e+00 
layer_sizes=12 4 2 
scale_included=0
neurons (num_inputs, activation_function, activation_steepness)=(0, 0, 0.00000000000000000000e+00) (0, 0, 0.00000000000000000000e+00) (0, 0, 0.00000000000000000000e+00) (0, 0, 0.00000000000000000000e+00) (0, 0, 0.00000000000000000000e+00) (0, 0, 0.00000000000000000000e+00) (0, 0, 0.00000000000000000000e+00) (0, 0, 0.00000000000000000000e+00) (0, 0, 0.00000000000000000000e+00) (0, 0, 0.00000000000000000000e+00) (0, 0, 0.00000000000000000000e+00) (0, 0, 0.00000000000000000000e+00) (12, 6, 5.00000000000000000000e-01) (12, 6, 5.00000000000000000000e-01) (12, 6, 5.00000000000000000000e-01) (0, 6, 0.00000000000000000000e+00) (4, 4, 5.00000000000000000000e-01) (0, 4, 0.00000000000000000000e+00) 
connections (connected_to_neuron, weight)=(0, -9.28379309428443155738e-01) (1, -1.69856227690424943511e+00) (2, -1.76818948484168525503e+00) (3, 1.49435469010140753454e+00) (4, -1.85230246574525070358e+00) (5, -1.73857999215618397315e+00) (6, 1.58091793697960492082e+00) (7, -5.28782096520967054287e-02) (8, 3.78569735924636663338e-01) (9, 7.88562812536619750503e-01) (10, 7.16472670830631819250e-01) (11, 2.08360088835458823198e+00) (0, 1.76194775876389253533e+00) (1, 2.42332884575734208710e+00) (2, 4.39700713903709150543e+00) (3, 2.06402073777045593772e+01) (4, 1.09812041637668400540e+00) (5, 2.67698661291808193141e+01) (6, 4.48045564744459738904e+02) (7, 8.24664346844071083353e+00) (8, 1.34496899306963824117e+00) (9, -2.10095857265701096983e-01) (10, -1.92139322716925187162e-02) (11, -4.46287227480164094828e+00) (0, -1.09379237503654769270e+00) (1, -1.60476877794719174908e+00) (2, -1.20193936725420802425e+00) (3, 1.50497130551602698034e+00) (4, -1.99102610737923901851e+00) (5, -1.95213346632978668183e+00) (6, 1.61393801984078999467e+00) (7, 1.79484194417694098433e+00) (8, -7.09666376632296924676e-01) (9, 1.57131741198509655710e+00) (10, 6.65014040119791483008e-01) (11, 2.02403559009533040580e+00) (12, -4.00798456945360186410e+01) (13, 9.45660537206605411598e+00) (14, -1.55904594991048099928e+01) (15, -1.54802952653718062237e+00) 
