FANN_FLO_2.1
num_layers=3
learning_rate=0.700000
connection_rate=1.000000
network_type=0
learning_momentum=0.000000
training_algorithm=2
train_error_function=1
train_stop_function=1
cascade_output_change_fraction=0.010000
quickprop_decay=-0.000100
quickprop_mu=1.750000
rprop_increase_factor=1.200000
rprop_decrease_factor=0.500000
rprop_delta_min=0.000000
rprop_delta_max=50.000000
rprop_delta_zero=0.100000
cascade_output_stagnation_epochs=12
cascade_candidate_change_fraction=0.010000
cascade_candidate_stagnation_epochs=12
cascade_max_out_epochs=150
cascade_min_out_epochs=50
cascade_max_cand_epochs=150
cascade_min_cand_epochs=50
cascade_num_candidate_groups=2
bit_fail_limit=1.00000000000000005551e-01
cascade_candidate_limit=1.00000000000000000000e+03
cascade_weight_multiplier=4.00000000000000022204e-01
cascade_activation_functions_count=10
cascade_activation_functions=3 5 7 8 10 11 14 15 16 17 
cascade_activation_steepnesses_count=4
cascade_activation_steepnesses=2.50000000000000000000e-01 5.00000000000000000000e-01 7.50000000000000000000e-01 1.00000000000000000000e+00 
layer_sizes=14 4 2 
scale_included=0
neurons (num_inputs, activation_function, activation_steepness)=(0, 0, 0.00000000000000000000e+00) (0, 0, 0.00000000000000000000e+00) (0, 0, 0.00000000000000000000e+00) (0, 0, 0.00000000000000000000e+00) (0, 0, 0.00000000000000000000e+00) (0, 0, 0.00000000000000000000e+00) (0, 0, 0.00000000000000000000e+00) (0, 0, 0.00000000000000000000e+00) (0, 0, 0.00000000000000000000e+00) (0, 0, 0.00000000000000000000e+00) (0, 0, 0.00000000000000000000e+00) (0, 0, 0.00000000000000000000e+00) (0, 0, 0.00000000000000000000e+00) (0, 0, 0.00000000000000000000e+00) (14, 6, 5.00000000000000000000e-01) (14, 6, 5.00000000000000000000e-01) (14, 6, 5.00000000000000000000e-01) (0, 6, 0.00000000000000000000e+00) (4, 4, 5.00000000000000000000e-01) (0, 4, 0.00000000000000000000e+00) 
connections (connected_to_neuron, weight)=(0, 2.49241475893964073429e-02) (1, 9.66315169671554952124e-01) (2, 1.84860548060017504390e-01) (3, 1.40076040395981538111e-01) (4, 1.68515805615006619700e-01) (5, 5.38272353081505547379e-02) (6, 4.30411543135711505137e-01) (7, 8.73114095447581561871e+00) (8, 1.60903464063694978670e+00) (9, 1.25627600287971130655e+00) (10, 8.51926914540696716971e-02) (11, -1.85926169109073724517e-01) (12, 4.75988499013352620026e-02) (13, -9.25850684807787982500e-02) (0, -3.12424606991803244238e-01) (1, 1.80778392688345990180e+00) (2, 2.69668994767215841613e-01) (3, 1.72587522207664822993e-01) (4, -2.16733932325921835327e-01) (5, -4.49571622148437932687e-01) (6, 1.59979024206969056010e+00) (7, 1.88445211850465561554e+01) (8, 7.75308652875215020828e+00) (9, 2.47923576913872745209e+00) (10, -4.92361103881114925418e-01) (11, -1.13432737421948176548e-01) (12, -8.09522588001179377315e-01) (13, -3.53833771658932760840e-01) (0, 3.06676317164342293609e+00) (1, -3.13311924218047499480e+00) (2, -4.09579683229866375882e+00) (3, 4.54580373909139801025e-01) (4, 6.32554422334418164908e-01) (5, 1.14912211393829388761e+00) (6, -5.28927792376506822336e+00) (7, -2.56347160870004708855e+00) (8, 6.48887735917154429011e-01) (9, 3.13644246325281095267e-01) (10, 1.51954506762877672443e+00) (11, 1.15764022848992320647e+00) (12, 4.55709608458390658114e+00) (13, 3.20879053854982743132e+00) (14, 2.35881859398665350014e+00) (15, 6.40138077461674614987e-01) (16, -2.08040309454683303159e+01) (17, -1.86620231103681843976e+00) 
