FANN_FLO_2.1
num_layers=3
learning_rate=0.700000
connection_rate=1.000000
network_type=0
learning_momentum=0.000000
training_algorithm=2
train_error_function=1
train_stop_function=1
cascade_output_change_fraction=0.010000
quickprop_decay=-0.000100
quickprop_mu=1.750000
rprop_increase_factor=1.200000
rprop_decrease_factor=0.500000
rprop_delta_min=0.000000
rprop_delta_max=50.000000
rprop_delta_zero=0.100000
cascade_output_stagnation_epochs=12
cascade_candidate_change_fraction=0.010000
cascade_candidate_stagnation_epochs=12
cascade_max_out_epochs=150
cascade_min_out_epochs=50
cascade_max_cand_epochs=150
cascade_min_cand_epochs=50
cascade_num_candidate_groups=2
bit_fail_limit=1.00000000000000005551e-01
cascade_candidate_limit=1.00000000000000000000e+03
cascade_weight_multiplier=4.00000000000000022204e-01
cascade_activation_functions_count=10
cascade_activation_functions=3 5 7 8 10 11 14 15 16 17 
cascade_activation_steepnesses_count=4
cascade_activation_steepnesses=2.50000000000000000000e-01 5.00000000000000000000e-01 7.50000000000000000000e-01 1.00000000000000000000e+00 
layer_sizes=7 4 2 
scale_included=0
neurons (num_inputs, activation_function, activation_steepness)=(0, 0, 0.00000000000000000000e+00) (0, 0, 0.00000000000000000000e+00) (0, 0, 0.00000000000000000000e+00) (0, 0, 0.00000000000000000000e+00) (0, 0, 0.00000000000000000000e+00) (0, 0, 0.00000000000000000000e+00) (0, 0, 0.00000000000000000000e+00) (7, 6, 5.00000000000000000000e-01) (7, 6, 5.00000000000000000000e-01) (7, 6, 5.00000000000000000000e-01) (0, 6, 0.00000000000000000000e+00) (4, 4, 5.00000000000000000000e-01) (0, 4, 0.00000000000000000000e+00) 
connections (connected_to_neuron, weight)=(0, -3.92020897846152616140e+00) (1, 3.56106615685848604258e+00) (2, 3.35406790490621409262e+00) (3, 3.92429304870017037210e-01) (4, -4.53584019856898668088e-01) (5, 2.22502255821063643637e+00) (6, -4.00687919679749171564e+00) (0, 5.67272145172025177295e-01) (1, -1.02594454239299381904e+00) (2, -1.29993469067313793808e+00) (3, 4.19007165299891889965e-02) (4, 4.68503756391047895824e-02) (5, -1.44033056760402095042e-01) (6, 4.37958775031363933827e-01) (0, -8.17074989557863173850e-01) (1, -3.06213197776981616016e+00) (2, 1.68428329961855247632e+01) (3, -3.74786678831684760826e-01) (4, -6.21923592553640047775e-01) (5, -3.35032102971515366452e-01) (6, -7.77951290488840041526e-01) (7, 7.83346906379060126113e+00) (8, -1.48387368821430287724e+00) (9, 6.68513838078424682543e-01) (10, -2.12026458080839308451e+00) 
