FANN_FLO_2.1
num_layers=3
learning_rate=0.700000
connection_rate=1.000000
network_type=0
learning_momentum=0.000000
training_algorithm=2
train_error_function=1
train_stop_function=1
cascade_output_change_fraction=0.010000
quickprop_decay=-0.000100
quickprop_mu=1.750000
rprop_increase_factor=1.200000
rprop_decrease_factor=0.500000
rprop_delta_min=0.000000
rprop_delta_max=50.000000
rprop_delta_zero=0.100000
cascade_output_stagnation_epochs=12
cascade_candidate_change_fraction=0.010000
cascade_candidate_stagnation_epochs=12
cascade_max_out_epochs=150
cascade_min_out_epochs=50
cascade_max_cand_epochs=150
cascade_min_cand_epochs=50
cascade_num_candidate_groups=2
bit_fail_limit=1.00000000000000005551e-01
cascade_candidate_limit=1.00000000000000000000e+03
cascade_weight_multiplier=4.00000000000000022204e-01
cascade_activation_functions_count=10
cascade_activation_functions=3 5 7 8 10 11 14 15 16 17 
cascade_activation_steepnesses_count=4
cascade_activation_steepnesses=2.50000000000000000000e-01 5.00000000000000000000e-01 7.50000000000000000000e-01 1.00000000000000000000e+00 
layer_sizes=11 4 2 
scale_included=0
neurons (num_inputs, activation_function, activation_steepness)=(0, 0, 0.00000000000000000000e+00) (0, 0, 0.00000000000000000000e+00) (0, 0, 0.00000000000000000000e+00) (0, 0, 0.00000000000000000000e+00) (0, 0, 0.00000000000000000000e+00) (0, 0, 0.00000000000000000000e+00) (0, 0, 0.00000000000000000000e+00) (0, 0, 0.00000000000000000000e+00) (0, 0, 0.00000000000000000000e+00) (0, 0, 0.00000000000000000000e+00) (0, 0, 0.00000000000000000000e+00) (11, 6, 5.00000000000000000000e-01) (11, 6, 5.00000000000000000000e-01) (11, 6, 5.00000000000000000000e-01) (0, 6, 0.00000000000000000000e+00) (4, 4, 5.00000000000000000000e-01) (0, 4, 0.00000000000000000000e+00) 
connections (connected_to_neuron, weight)=(0, 6.28396424577523537991e-01) (1, 8.23565247055455174063e+00) (2, 8.33818366727904702884e+00) (3, -1.60576646738768360478e+01) (4, -7.81239669281434262471e-02) (5, 5.47026872030357935728e+00) (6, 8.35400645822679521757e+00) (7, -1.58678038031698793731e+01) (8, -2.33045223280341717853e+00) (9, -2.01609287820322569118e+00) (10, -3.74640737557262415436e+00) (0, 4.70025455508707057373e-01) (1, -8.31227881696412396195e+00) (2, -1.90698079380315488329e+00) (3, 1.03761369382183801235e+01) (4, 1.98040707806648980105e-01) (5, -2.77222003900947244759e+00) (6, -1.90823992772405137686e+00) (7, 1.02698878307214354066e+01) (8, 3.98250401680831123130e+00) (9, 3.81599598035969611587e+00) (10, 1.45994887868310496692e+00) (0, 1.15214013489410653790e+01) (1, -1.23033104291169274802e+03) (2, 1.43485526425947978169e+03) (3, 2.35225248477231048128e+01) (4, 2.42685618191309382397e+00) (5, 1.49933067261655651237e+03) (6, 1.43309880385552014559e+03) (7, -9.16406229886332823753e+00) (8, 1.30118914163376643955e+03) (9, 1.30265897522053501234e+03) (10, 5.20521047811427894914e+00) (11, 1.79553493211558041764e+01) (12, 1.87803399978163305661e+01) (13, -7.56953233553511939391e+00) (14, -1.39950716956461396201e+00) 
