FANN_FLO_2.1
num_layers=3
learning_rate=0.700000
connection_rate=1.000000
network_type=0
learning_momentum=0.000000
training_algorithm=2
train_error_function=1
train_stop_function=1
cascade_output_change_fraction=0.010000
quickprop_decay=-0.000100
quickprop_mu=1.750000
rprop_increase_factor=1.200000
rprop_decrease_factor=0.500000
rprop_delta_min=0.000000
rprop_delta_max=50.000000
rprop_delta_zero=0.100000
cascade_output_stagnation_epochs=12
cascade_candidate_change_fraction=0.010000
cascade_candidate_stagnation_epochs=12
cascade_max_out_epochs=150
cascade_min_out_epochs=50
cascade_max_cand_epochs=150
cascade_min_cand_epochs=50
cascade_num_candidate_groups=2
bit_fail_limit=1.00000000000000005551e-01
cascade_candidate_limit=1.00000000000000000000e+03
cascade_weight_multiplier=4.00000000000000022204e-01
cascade_activation_functions_count=10
cascade_activation_functions=3 5 7 8 10 11 14 15 16 17 
cascade_activation_steepnesses_count=4
cascade_activation_steepnesses=2.50000000000000000000e-01 5.00000000000000000000e-01 7.50000000000000000000e-01 1.00000000000000000000e+00 
layer_sizes=8 4 2 
scale_included=0
neurons (num_inputs, activation_function, activation_steepness)=(0, 0, 0.00000000000000000000e+00) (0, 0, 0.00000000000000000000e+00) (0, 0, 0.00000000000000000000e+00) (0, 0, 0.00000000000000000000e+00) (0, 0, 0.00000000000000000000e+00) (0, 0, 0.00000000000000000000e+00) (0, 0, 0.00000000000000000000e+00) (0, 0, 0.00000000000000000000e+00) (8, 6, 5.00000000000000000000e-01) (8, 6, 5.00000000000000000000e-01) (8, 6, 5.00000000000000000000e-01) (0, 6, 0.00000000000000000000e+00) (4, 4, 5.00000000000000000000e-01) (0, 4, 0.00000000000000000000e+00) 
connections (connected_to_neuron, weight)=(0, -2.78139142091083613195e+00) (1, -1.70522915964419685686e+00) (2, -1.51556982468839418488e+00) (3, -3.82044689573300788599e-01) (4, -8.94637806131601598381e-01) (5, -1.68164203210931229027e-01) (6, -8.85539710504714028261e-01) (7, 2.93049404380483524690e+00) (0, 2.09303077802010406572e+00) (1, 1.38650228993241886322e+00) (2, 1.37217996927690366604e+00) (3, 2.20095764731527454572e+00) (4, 1.01973238409871780341e+00) (5, 2.46808452856729321212e+00) (6, 1.82305571557253465187e+01) (7, -2.13028036757360217379e+00) (0, -2.68508710111188975134e+00) (1, -1.30070082887975524422e+00) (2, -1.50074103843446504669e+00) (3, -2.91272329010022645868e-01) (4, -3.41188307335435536682e-01) (5, -4.14294164203174386518e-01) (6, -9.25840862078372017763e-01) (7, 2.76579089516509313285e+00) (8, -2.22939384373494107194e+01) (9, 2.80263308915651485620e+01) (10, -3.22062375438660239979e+01) (11, -1.02621161638436753094e+00) 
