FANN_FLO_2.1
num_layers=3
learning_rate=0.700000
connection_rate=1.000000
network_type=0
learning_momentum=0.000000
training_algorithm=2
train_error_function=1
train_stop_function=1
cascade_output_change_fraction=0.010000
quickprop_decay=-0.000100
quickprop_mu=1.750000
rprop_increase_factor=1.200000
rprop_decrease_factor=0.500000
rprop_delta_min=0.000000
rprop_delta_max=50.000000
rprop_delta_zero=0.100000
cascade_output_stagnation_epochs=12
cascade_candidate_change_fraction=0.010000
cascade_candidate_stagnation_epochs=12
cascade_max_out_epochs=150
cascade_min_out_epochs=50
cascade_max_cand_epochs=150
cascade_min_cand_epochs=50
cascade_num_candidate_groups=2
bit_fail_limit=1.00000000000000005551e-01
cascade_candidate_limit=1.00000000000000000000e+03
cascade_weight_multiplier=4.00000000000000022204e-01
cascade_activation_functions_count=10
cascade_activation_functions=3 5 7 8 10 11 14 15 16 17 
cascade_activation_steepnesses_count=4
cascade_activation_steepnesses=2.50000000000000000000e-01 5.00000000000000000000e-01 7.50000000000000000000e-01 1.00000000000000000000e+00 
layer_sizes=9 4 2 
scale_included=0
neurons (num_inputs, activation_function, activation_steepness)=(0, 0, 0.00000000000000000000e+00) (0, 0, 0.00000000000000000000e+00) (0, 0, 0.00000000000000000000e+00) (0, 0, 0.00000000000000000000e+00) (0, 0, 0.00000000000000000000e+00) (0, 0, 0.00000000000000000000e+00) (0, 0, 0.00000000000000000000e+00) (0, 0, 0.00000000000000000000e+00) (0, 0, 0.00000000000000000000e+00) (9, 6, 5.00000000000000000000e-01) (9, 6, 5.00000000000000000000e-01) (9, 6, 5.00000000000000000000e-01) (0, 6, 0.00000000000000000000e+00) (4, 4, 5.00000000000000000000e-01) (0, 4, 0.00000000000000000000e+00) 
connections (connected_to_neuron, weight)=(0, -2.55735004955075562183e-01) (1, 1.15873497954728721382e+00) (2, 1.53799755734180076949e+00) (3, 4.61392598754219340762e-01) (4, 7.46293360669435301702e-01) (5, 4.26102302501259799783e-01) (6, 2.66710541675148904428e-01) (7, 1.63139757583263311780e+00) (8, -3.37280782573960657977e-01) (0, -1.11556136128326488510e+00) (1, 1.62551061247984529601e+00) (2, 9.28986022057115556905e-01) (3, 4.94909855958448718916e-01) (4, 3.61626464259928503964e-01) (5, -3.63538534155358750155e-02) (6, 1.93657547902293669662e-01) (7, 1.04648978636608624981e+00) (8, -8.59705321159113911023e-01) (0, 2.16058827893332505710e+00) (1, -2.40455362910576564417e+00) (2, -1.30368139715242903343e+00) (3, -2.87435458489704420693e-01) (4, -1.33950891621270629095e+00) (5, -1.55630563143284583738e+00) (6, -9.47332218523143643196e-01) (7, -1.73392175559202521562e+00) (8, 2.16457313255862260348e+00) (9, 6.84398604868876825336e-01) (10, 3.23198559171409449675e+00) (11, -1.04349650884819791230e+01) (12, -2.57031290278373703018e+00) 
