FANN_FLO_2.1
num_layers=3
learning_rate=0.700000
connection_rate=1.000000
network_type=0
learning_momentum=0.000000
training_algorithm=2
train_error_function=1
train_stop_function=1
cascade_output_change_fraction=0.010000
quickprop_decay=-0.000100
quickprop_mu=1.750000
rprop_increase_factor=1.200000
rprop_decrease_factor=0.500000
rprop_delta_min=0.000000
rprop_delta_max=50.000000
rprop_delta_zero=0.100000
cascade_output_stagnation_epochs=12
cascade_candidate_change_fraction=0.010000
cascade_candidate_stagnation_epochs=12
cascade_max_out_epochs=150
cascade_min_out_epochs=50
cascade_max_cand_epochs=150
cascade_min_cand_epochs=50
cascade_num_candidate_groups=2
bit_fail_limit=1.00000000000000005551e-01
cascade_candidate_limit=1.00000000000000000000e+03
cascade_weight_multiplier=4.00000000000000022204e-01
cascade_activation_functions_count=10
cascade_activation_functions=3 5 7 8 10 11 14 15 16 17 
cascade_activation_steepnesses_count=4
cascade_activation_steepnesses=2.50000000000000000000e-01 5.00000000000000000000e-01 7.50000000000000000000e-01 1.00000000000000000000e+00 
layer_sizes=7 4 2 
scale_included=0
neurons (num_inputs, activation_function, activation_steepness)=(0, 0, 0.00000000000000000000e+00) (0, 0, 0.00000000000000000000e+00) (0, 0, 0.00000000000000000000e+00) (0, 0, 0.00000000000000000000e+00) (0, 0, 0.00000000000000000000e+00) (0, 0, 0.00000000000000000000e+00) (0, 0, 0.00000000000000000000e+00) (7, 6, 5.00000000000000000000e-01) (7, 6, 5.00000000000000000000e-01) (7, 6, 5.00000000000000000000e-01) (0, 6, 0.00000000000000000000e+00) (4, 4, 5.00000000000000000000e-01) (0, 4, 0.00000000000000000000e+00) 
connections (connected_to_neuron, weight)=(0, -6.96846056457873896939e-01) (1, -1.63372384524395886096e+00) (2, -1.00953272889433831594e+00) (3, -1.25840690667729915297e+00) (4, 1.73149470905675295640e+00) (5, -2.75587511216344660525e+00) (6, 3.30474457672423982402e+00) (0, -5.48793409146106525576e-01) (1, -2.37073120711452656195e+00) (2, 1.24056799478749635313e+00) (3, 1.69385329780540527800e+00) (4, -5.39239501531808218537e-01) (5, -1.64554176883845681978e+00) (6, 5.81670695171461304973e-01) (0, 2.90495312087154644587e+00) (1, 1.71846083987570064089e+00) (2, 2.81341565343162125501e+00) (3, 2.71665854220732638780e+00) (4, 6.71190043143003300941e+00) (5, 2.10753391567319736666e+00) (6, -3.15519247706945771270e+00) (7, -1.68245661057071131950e+01) (8, -3.04558240156747928040e+00) (9, 2.29007947735944341616e+01) (10, -1.23009236293048207500e+00) 
