FANN_FLO_2.1
num_layers=3
learning_rate=0.700000
connection_rate=1.000000
network_type=0
learning_momentum=0.000000
training_algorithm=2
train_error_function=1
train_stop_function=1
cascade_output_change_fraction=0.010000
quickprop_decay=-0.000100
quickprop_mu=1.750000
rprop_increase_factor=1.200000
rprop_decrease_factor=0.500000
rprop_delta_min=0.000000
rprop_delta_max=50.000000
rprop_delta_zero=0.100000
cascade_output_stagnation_epochs=12
cascade_candidate_change_fraction=0.010000
cascade_candidate_stagnation_epochs=12
cascade_max_out_epochs=150
cascade_min_out_epochs=50
cascade_max_cand_epochs=150
cascade_min_cand_epochs=50
cascade_num_candidate_groups=2
bit_fail_limit=1.00000000000000005551e-01
cascade_candidate_limit=1.00000000000000000000e+03
cascade_weight_multiplier=4.00000000000000022204e-01
cascade_activation_functions_count=10
cascade_activation_functions=3 5 7 8 10 11 14 15 16 17 
cascade_activation_steepnesses_count=4
cascade_activation_steepnesses=2.50000000000000000000e-01 5.00000000000000000000e-01 7.50000000000000000000e-01 1.00000000000000000000e+00 
layer_sizes=8 4 2 
scale_included=0
neurons (num_inputs, activation_function, activation_steepness)=(0, 0, 0.00000000000000000000e+00) (0, 0, 0.00000000000000000000e+00) (0, 0, 0.00000000000000000000e+00) (0, 0, 0.00000000000000000000e+00) (0, 0, 0.00000000000000000000e+00) (0, 0, 0.00000000000000000000e+00) (0, 0, 0.00000000000000000000e+00) (0, 0, 0.00000000000000000000e+00) (8, 6, 5.00000000000000000000e-01) (8, 6, 5.00000000000000000000e-01) (8, 6, 5.00000000000000000000e-01) (0, 6, 0.00000000000000000000e+00) (4, 4, 5.00000000000000000000e-01) (0, 4, 0.00000000000000000000e+00) 
connections (connected_to_neuron, weight)=(0, -5.44114501137085482263e-01) (1, -1.06818247821169151623e-01) (2, 2.09304967101272199059e+00) (3, 1.96628884528167180434e+00) (4, -1.67772093622362716836e+00) (5, 1.15731187523652523375e+00) (6, 7.76360145499209064468e-01) (7, 1.97533881198235256038e-01) (0, 2.89164813022283473387e+00) (1, 2.70336099660817330559e+00) (2, 7.84998990336626900621e-01) (3, 6.74712780291482072670e-01) (4, 2.40171330122559290032e+00) (5, 2.57073254163797182414e+00) (6, 2.71953629356132697836e+00) (7, -3.81521010492931234026e+00) (0, -2.54784761312624885576e+00) (1, 4.54174242008582940144e+00) (2, -1.19985944105338937504e+01) (3, -1.22392102353604865783e+01) (4, -1.74732553843908539060e-01) (5, 3.57317931494485785393e+00) (6, -3.43330975772206725694e-01) (7, 5.40817142631468517067e-01) (8, -8.01716216994598607215e-01) (9, 1.98156684343158424610e+01) (10, -7.97367509529183315919e+00) (11, -1.19962867724187671747e+00) 
