FANN_FLO_2.1
num_layers=3
learning_rate=0.700000
connection_rate=1.000000
network_type=0
learning_momentum=0.000000
training_algorithm=2
train_error_function=1
train_stop_function=1
cascade_output_change_fraction=0.010000
quickprop_decay=-0.000100
quickprop_mu=1.750000
rprop_increase_factor=1.200000
rprop_decrease_factor=0.500000
rprop_delta_min=0.000000
rprop_delta_max=50.000000
rprop_delta_zero=0.100000
cascade_output_stagnation_epochs=12
cascade_candidate_change_fraction=0.010000
cascade_candidate_stagnation_epochs=12
cascade_max_out_epochs=150
cascade_min_out_epochs=50
cascade_max_cand_epochs=150
cascade_min_cand_epochs=50
cascade_num_candidate_groups=2
bit_fail_limit=1.00000000000000005551e-01
cascade_candidate_limit=1.00000000000000000000e+03
cascade_weight_multiplier=4.00000000000000022204e-01
cascade_activation_functions_count=10
cascade_activation_functions=3 5 7 8 10 11 14 15 16 17 
cascade_activation_steepnesses_count=4
cascade_activation_steepnesses=2.50000000000000000000e-01 5.00000000000000000000e-01 7.50000000000000000000e-01 1.00000000000000000000e+00 
layer_sizes=7 4 2 
scale_included=0
neurons (num_inputs, activation_function, activation_steepness)=(0, 0, 0.00000000000000000000e+00) (0, 0, 0.00000000000000000000e+00) (0, 0, 0.00000000000000000000e+00) (0, 0, 0.00000000000000000000e+00) (0, 0, 0.00000000000000000000e+00) (0, 0, 0.00000000000000000000e+00) (0, 0, 0.00000000000000000000e+00) (7, 6, 5.00000000000000000000e-01) (7, 6, 5.00000000000000000000e-01) (7, 6, 5.00000000000000000000e-01) (0, 6, 0.00000000000000000000e+00) (4, 4, 5.00000000000000000000e-01) (0, 4, 0.00000000000000000000e+00) 
connections (connected_to_neuron, weight)=(0, -8.79108725333215712539e-01) (1, 1.65602383311570444668e+00) (2, 1.91158008349566621575e+00) (3, 7.50857634731870282607e-01) (4, -9.43950351800780018685e-01) (5, 1.84844843155669957824e-01) (6, -1.59796708752311977797e+00) (0, -1.03584348245859314552e+00) (1, 1.72528517540276804532e+00) (2, 1.87806973380475206170e+00) (3, 6.55875062831979604994e-01) (4, -9.11476642366509159920e-01) (5, 1.63370243317413121886e-01) (6, -1.59652734477915081435e+00) (0, -8.45296231375654433249e-02) (1, 3.54571671297237822618e-01) (2, 9.96250145649970608730e-01) (3, 7.94219530677754192993e-01) (4, 9.39075000913162753757e-03) (5, 4.80836409305842982231e-01) (6, -7.93026906715353224753e-02) (7, 1.51051124287329443519e+01) (8, 1.51112285507403143470e+01) (9, 5.89839904944585935453e-01) (10, -1.57400664989747318678e+00) 
