FANN_FLO_2.1
num_layers=3
learning_rate=0.700000
connection_rate=1.000000
network_type=0
learning_momentum=0.000000
training_algorithm=2
train_error_function=1
train_stop_function=1
cascade_output_change_fraction=0.010000
quickprop_decay=-0.000100
quickprop_mu=1.750000
rprop_increase_factor=1.200000
rprop_decrease_factor=0.500000
rprop_delta_min=0.000000
rprop_delta_max=50.000000
rprop_delta_zero=0.100000
cascade_output_stagnation_epochs=12
cascade_candidate_change_fraction=0.010000
cascade_candidate_stagnation_epochs=12
cascade_max_out_epochs=150
cascade_min_out_epochs=50
cascade_max_cand_epochs=150
cascade_min_cand_epochs=50
cascade_num_candidate_groups=2
bit_fail_limit=1.00000000000000005551e-01
cascade_candidate_limit=1.00000000000000000000e+03
cascade_weight_multiplier=4.00000000000000022204e-01
cascade_activation_functions_count=10
cascade_activation_functions=3 5 7 8 10 11 14 15 16 17 
cascade_activation_steepnesses_count=4
cascade_activation_steepnesses=2.50000000000000000000e-01 5.00000000000000000000e-01 7.50000000000000000000e-01 1.00000000000000000000e+00 
layer_sizes=11 4 2 
scale_included=0
neurons (num_inputs, activation_function, activation_steepness)=(0, 0, 0.00000000000000000000e+00) (0, 0, 0.00000000000000000000e+00) (0, 0, 0.00000000000000000000e+00) (0, 0, 0.00000000000000000000e+00) (0, 0, 0.00000000000000000000e+00) (0, 0, 0.00000000000000000000e+00) (0, 0, 0.00000000000000000000e+00) (0, 0, 0.00000000000000000000e+00) (0, 0, 0.00000000000000000000e+00) (0, 0, 0.00000000000000000000e+00) (0, 0, 0.00000000000000000000e+00) (11, 6, 5.00000000000000000000e-01) (11, 6, 5.00000000000000000000e-01) (11, 6, 5.00000000000000000000e-01) (0, 6, 0.00000000000000000000e+00) (4, 4, 5.00000000000000000000e-01) (0, 4, 0.00000000000000000000e+00) 
connections (connected_to_neuron, weight)=(0, 9.97372039894375561619e-02) (1, 2.56058268743659844802e+00) (2, 2.42263646527079234971e+00) (3, 2.53363056230451455519e+00) (4, 1.63666612652573739695e+00) (5, 1.65714830544545699276e+00) (6, -4.35489490243671339975e-01) (7, 2.73054403251313804191e-02) (8, 1.60188831839231982102e+00) (9, -6.51611975414771560366e-01) (10, -1.78994856562112469867e+00) (0, 3.09659506090143255008e-01) (1, 6.58974366501688835207e-01) (2, 6.53576866322644223217e-01) (3, 6.61871211842417594973e-01) (4, 3.30633272209220563376e-01) (5, 6.05365491189475912748e-01) (6, 8.75191244007398061466e-02) (7, 3.43119608562815758823e-01) (8, 3.74847767815298160698e-01) (9, 1.26338324878141339269e-01) (10, -8.63498378088985996115e-02) (0, -8.45295346041407824611e-02) (1, 2.52247845876123300002e+00) (2, 2.43176497249749790086e+00) (3, 2.60076138871814599440e+00) (4, 1.66621498761210595774e+00) (5, 1.75665134575917769588e+00) (6, -6.82946378735826975515e-01) (7, 3.52741119450235146582e-02) (8, 1.52502827051548495163e+00) (9, -6.33383764905948165591e-01) (10, -1.77848921503518719867e+00) (11, 1.06683218138869353453e+01) (12, 1.37598523232411440453e+00) (13, 1.06519338297303267638e+01) (14, -1.84054311897252698138e+00) 
