FANN_FLO_2.1
num_layers=3
learning_rate=0.700000
connection_rate=1.000000
network_type=0
learning_momentum=0.000000
training_algorithm=2
train_error_function=1
train_stop_function=1
cascade_output_change_fraction=0.010000
quickprop_decay=-0.000100
quickprop_mu=1.750000
rprop_increase_factor=1.200000
rprop_decrease_factor=0.500000
rprop_delta_min=0.000000
rprop_delta_max=50.000000
rprop_delta_zero=0.100000
cascade_output_stagnation_epochs=12
cascade_candidate_change_fraction=0.010000
cascade_candidate_stagnation_epochs=12
cascade_max_out_epochs=150
cascade_min_out_epochs=50
cascade_max_cand_epochs=150
cascade_min_cand_epochs=50
cascade_num_candidate_groups=2
bit_fail_limit=1.00000000000000005551e-01
cascade_candidate_limit=1.00000000000000000000e+03
cascade_weight_multiplier=4.00000000000000022204e-01
cascade_activation_functions_count=10
cascade_activation_functions=3 5 7 8 10 11 14 15 16 17 
cascade_activation_steepnesses_count=4
cascade_activation_steepnesses=2.50000000000000000000e-01 5.00000000000000000000e-01 7.50000000000000000000e-01 1.00000000000000000000e+00 
layer_sizes=9 4 2 
scale_included=0
neurons (num_inputs, activation_function, activation_steepness)=(0, 0, 0.00000000000000000000e+00) (0, 0, 0.00000000000000000000e+00) (0, 0, 0.00000000000000000000e+00) (0, 0, 0.00000000000000000000e+00) (0, 0, 0.00000000000000000000e+00) (0, 0, 0.00000000000000000000e+00) (0, 0, 0.00000000000000000000e+00) (0, 0, 0.00000000000000000000e+00) (0, 0, 0.00000000000000000000e+00) (9, 6, 5.00000000000000000000e-01) (9, 6, 5.00000000000000000000e-01) (9, 6, 5.00000000000000000000e-01) (0, 6, 0.00000000000000000000e+00) (4, 4, 5.00000000000000000000e-01) (0, 4, 0.00000000000000000000e+00) 
connections (connected_to_neuron, weight)=(0, 4.32972885714480226760e-01) (1, 1.70136495809087651132e+00) (2, 2.79498414725657173818e+00) (3, 1.90637362726742365382e+00) (4, 1.52347776649542310246e+00) (5, 8.85650626063521961839e-01) (6, 1.93256782495443890646e+00) (7, 2.93935135753608367537e+00) (8, -1.76622297178143994323e+00) (0, -4.03838931799172229375e+00) (1, -1.49206385407949460031e+00) (2, -1.31361160996792492028e+00) (3, -1.58188340785421477364e+00) (4, -1.51647672431395363901e+00) (5, -2.25339796832033245622e+00) (6, -1.33192015766616345118e+00) (7, 1.99994469104695826722e+00) (8, 3.31909987263507533228e+00) (0, 5.05466938065001425429e-01) (1, 1.80589463691244023202e+00) (2, 2.91393239826555916494e+00) (3, 2.04722155236417435731e+00) (4, 1.46955887584038236149e+00) (5, 9.53642799198802570970e-01) (6, 2.02003321551744985385e+00) (7, 3.09911505879617354964e+00) (8, -1.76689067046279446593e+00) (9, 4.39387323583496858248e+00) (10, -1.60634138095893419518e+01) (11, 7.64639838753172185193e+00) (12, -2.07799380122853216690e+00) 
