FANN_FLO_2.1
num_layers=3
learning_rate=0.700000
connection_rate=1.000000
network_type=0
learning_momentum=0.000000
training_algorithm=2
train_error_function=1
train_stop_function=1
cascade_output_change_fraction=0.010000
quickprop_decay=-0.000100
quickprop_mu=1.750000
rprop_increase_factor=1.200000
rprop_decrease_factor=0.500000
rprop_delta_min=0.000000
rprop_delta_max=50.000000
rprop_delta_zero=0.100000
cascade_output_stagnation_epochs=12
cascade_candidate_change_fraction=0.010000
cascade_candidate_stagnation_epochs=12
cascade_max_out_epochs=150
cascade_min_out_epochs=50
cascade_max_cand_epochs=150
cascade_min_cand_epochs=50
cascade_num_candidate_groups=2
bit_fail_limit=1.00000000000000005551e-01
cascade_candidate_limit=1.00000000000000000000e+03
cascade_weight_multiplier=4.00000000000000022204e-01
cascade_activation_functions_count=10
cascade_activation_functions=3 5 7 8 10 11 14 15 16 17 
cascade_activation_steepnesses_count=4
cascade_activation_steepnesses=2.50000000000000000000e-01 5.00000000000000000000e-01 7.50000000000000000000e-01 1.00000000000000000000e+00 
layer_sizes=10 4 2 
scale_included=0
neurons (num_inputs, activation_function, activation_steepness)=(0, 0, 0.00000000000000000000e+00) (0, 0, 0.00000000000000000000e+00) (0, 0, 0.00000000000000000000e+00) (0, 0, 0.00000000000000000000e+00) (0, 0, 0.00000000000000000000e+00) (0, 0, 0.00000000000000000000e+00) (0, 0, 0.00000000000000000000e+00) (0, 0, 0.00000000000000000000e+00) (0, 0, 0.00000000000000000000e+00) (0, 0, 0.00000000000000000000e+00) (10, 6, 5.00000000000000000000e-01) (10, 6, 5.00000000000000000000e-01) (10, 6, 5.00000000000000000000e-01) (0, 6, 0.00000000000000000000e+00) (4, 4, 5.00000000000000000000e-01) (0, 4, 0.00000000000000000000e+00) 
connections (connected_to_neuron, weight)=(0, 3.05912290350675197814e+00) (1, -6.39838245038097319650e+00) (2, -5.67964610114658485784e-01) (3, -1.05317215354107363012e+00) (4, -8.09820335065832619392e-01) (5, -5.51578717008351127049e+00) (6, -1.65527042546078612117e-01) (7, 1.29084223743862356315e+01) (8, 2.06559396606339033819e-02) (9, 4.88676324038924558835e+00) (0, -9.47129596033745579930e-01) (1, 4.72869377407178159700e+00) (2, 4.40795922894780822787e+00) (3, 5.99096485066663575481e-01) (4, 3.85312740182743462825e+00) (5, 4.41050996630941405385e+00) (6, 2.61003441801752300577e+00) (7, 5.69866351971062545800e+00) (8, -3.77470085104866015513e+00) (9, -1.66495971400993325595e+00) (0, 2.96190535425628953536e-01) (1, -2.28617864912720070159e-01) (2, 1.17140927305469388919e+00) (3, -3.50856394825748596489e+00) (4, -9.18084322438596500682e-01) (5, -6.80627690926248751779e-01) (6, -8.85567115887494926696e-01) (7, 1.68501189597192202463e+00) (8, -2.98983988659460830917e+00) (9, 2.36833935019784380671e+00) (10, -4.69969333661788368772e+00) (11, 1.59023326446489594588e+01) (12, -2.00284649484435277600e+01) (13, -1.05437275214711956295e+00) 
