FANN_FLO_2.1
num_layers=3
learning_rate=0.700000
connection_rate=1.000000
network_type=0
learning_momentum=0.000000
training_algorithm=2
train_error_function=1
train_stop_function=1
cascade_output_change_fraction=0.010000
quickprop_decay=-0.000100
quickprop_mu=1.750000
rprop_increase_factor=1.200000
rprop_decrease_factor=0.500000
rprop_delta_min=0.000000
rprop_delta_max=50.000000
rprop_delta_zero=0.100000
cascade_output_stagnation_epochs=12
cascade_candidate_change_fraction=0.010000
cascade_candidate_stagnation_epochs=12
cascade_max_out_epochs=150
cascade_min_out_epochs=50
cascade_max_cand_epochs=150
cascade_min_cand_epochs=50
cascade_num_candidate_groups=2
bit_fail_limit=1.00000000000000005551e-01
cascade_candidate_limit=1.00000000000000000000e+03
cascade_weight_multiplier=4.00000000000000022204e-01
cascade_activation_functions_count=10
cascade_activation_functions=3 5 7 8 10 11 14 15 16 17 
cascade_activation_steepnesses_count=4
cascade_activation_steepnesses=2.50000000000000000000e-01 5.00000000000000000000e-01 7.50000000000000000000e-01 1.00000000000000000000e+00 
layer_sizes=15 4 2 
scale_included=0
neurons (num_inputs, activation_function, activation_steepness)=(0, 0, 0.00000000000000000000e+00) (0, 0, 0.00000000000000000000e+00) (0, 0, 0.00000000000000000000e+00) (0, 0, 0.00000000000000000000e+00) (0, 0, 0.00000000000000000000e+00) (0, 0, 0.00000000000000000000e+00) (0, 0, 0.00000000000000000000e+00) (0, 0, 0.00000000000000000000e+00) (0, 0, 0.00000000000000000000e+00) (0, 0, 0.00000000000000000000e+00) (0, 0, 0.00000000000000000000e+00) (0, 0, 0.00000000000000000000e+00) (0, 0, 0.00000000000000000000e+00) (0, 0, 0.00000000000000000000e+00) (0, 0, 0.00000000000000000000e+00) (15, 6, 5.00000000000000000000e-01) (15, 6, 5.00000000000000000000e-01) (15, 6, 5.00000000000000000000e-01) (0, 6, 0.00000000000000000000e+00) (4, 4, 5.00000000000000000000e-01) (0, 4, 0.00000000000000000000e+00) 
connections (connected_to_neuron, weight)=(0, -1.06324995611091477343e+00) (1, 2.79560207190779119735e-01) (2, 4.31585716588575807329e-01) (3, 2.71367746468020420991e+00) (4, 1.50501783258781482444e-02) (5, 7.15155990834221100272e-01) (6, 2.37910303953908419672e+00) (7, 1.50000000000000000000e+03) (8, 2.44647981039515682866e+00) (9, 1.50000000000000000000e+03) (10, 6.77041777698613511660e-01) (11, 2.23679075058219867245e+00) (12, -3.17435210747282481325e-01) (13, 6.86631248605342303648e-01) (14, -1.64647009117850462445e+00) (0, 9.42580190514812121805e-01) (1, -2.10881159934809581102e+01) (2, 3.72614218828261345440e-01) (3, 2.71423740571504055197e+01) (4, 1.44164511051218191540e+01) (5, 7.97563106392477028095e+00) (6, 3.69587903288453674122e+01) (7, 6.70784835017282148328e+02) (8, 1.66107058006764707336e+00) (9, 6.24228584629544457130e+02) (10, 4.70506059515591767983e-01) (11, 8.78659660090201022342e+00) (12, 5.12783326648445303420e+00) (13, 1.87760211499658047352e+00) (14, 1.34922189998913921727e+00) (0, 9.51697865851573010509e-01) (1, -2.20360412986239850852e+01) (2, 2.45326727616917455999e-01) (3, 4.03490001150907957594e+01) (4, 3.98241020574301796131e+00) (5, 5.62078430361662917392e+00) (6, 3.43655261358402519534e+00) (7, 6.70663228812623401609e+02) (8, 1.01511483109712363770e+00) (9, 6.24286549870917042426e+02) (10, 1.59122084948122965997e-01) (11, 9.59044213289218383522e+00) (12, 2.98686724313515084006e+00) (13, 2.88502419601596393761e+00) (14, 1.18642728223534366094e+00) (15, 1.74223543215846419230e+01) (16, -2.50119181246548194508e+00) (17, -5.85745521222882103984e+00) (18, -3.37569449914757546694e+00) 
