FANN_FLO_2.1
num_layers=3
learning_rate=0.700000
connection_rate=1.000000
network_type=0
learning_momentum=0.000000
training_algorithm=2
train_error_function=1
train_stop_function=1
cascade_output_change_fraction=0.010000
quickprop_decay=-0.000100
quickprop_mu=1.750000
rprop_increase_factor=1.200000
rprop_decrease_factor=0.500000
rprop_delta_min=0.000000
rprop_delta_max=50.000000
rprop_delta_zero=0.100000
cascade_output_stagnation_epochs=12
cascade_candidate_change_fraction=0.010000
cascade_candidate_stagnation_epochs=12
cascade_max_out_epochs=150
cascade_min_out_epochs=50
cascade_max_cand_epochs=150
cascade_min_cand_epochs=50
cascade_num_candidate_groups=2
bit_fail_limit=1.00000000000000005551e-01
cascade_candidate_limit=1.00000000000000000000e+03
cascade_weight_multiplier=4.00000000000000022204e-01
cascade_activation_functions_count=10
cascade_activation_functions=3 5 7 8 10 11 14 15 16 17 
cascade_activation_steepnesses_count=4
cascade_activation_steepnesses=2.50000000000000000000e-01 5.00000000000000000000e-01 7.50000000000000000000e-01 1.00000000000000000000e+00 
layer_sizes=9 4 2 
scale_included=0
neurons (num_inputs, activation_function, activation_steepness)=(0, 0, 0.00000000000000000000e+00) (0, 0, 0.00000000000000000000e+00) (0, 0, 0.00000000000000000000e+00) (0, 0, 0.00000000000000000000e+00) (0, 0, 0.00000000000000000000e+00) (0, 0, 0.00000000000000000000e+00) (0, 0, 0.00000000000000000000e+00) (0, 0, 0.00000000000000000000e+00) (0, 0, 0.00000000000000000000e+00) (9, 6, 5.00000000000000000000e-01) (9, 6, 5.00000000000000000000e-01) (9, 6, 5.00000000000000000000e-01) (0, 6, 0.00000000000000000000e+00) (4, 4, 5.00000000000000000000e-01) (0, 4, 0.00000000000000000000e+00) 
connections (connected_to_neuron, weight)=(0, -7.47003358976168430061e-01) (1, 1.32461568708760069057e+00) (2, 1.42152773506853957741e+00) (3, 8.28589489125157618865e-01) (4, -4.43061851635009051886e-01) (5, 7.32790330037177306544e-01) (6, 6.36881704518326041686e-01) (7, -2.13761758571507892723e-01) (8, -1.06914644799568359090e+00) (0, 3.12341862138398385085e+00) (1, -3.40781295434932696153e+00) (2, -4.72594080293492080358e+00) (3, -4.99574927534056745237e-01) (4, 2.15624708319930169509e+00) (5, -4.91906040992968573988e+00) (6, -3.11897204125252680562e-01) (7, 1.73735435696839801700e-01) (8, 4.11915502136124977994e+00) (0, -7.17668241616271185279e-01) (1, 2.28280568838720743230e+00) (2, 4.69073380490228841744e-01) (3, 1.71525399671117462219e-01) (4, -3.83020193774486594762e-01) (5, -1.05329739640279557156e-02) (6, -4.48121601844973585504e-02) (7, -1.66894533585598525693e-01) (8, -1.01472251341969110783e+00) (9, 3.16527710609978596423e+00) (10, -7.02314481158966330554e+00) (11, 3.24890862573185135176e+00) (12, -1.64045670734447002204e+00) 
