FANN_FLO_2.1
num_layers=3
learning_rate=0.700000
connection_rate=1.000000
network_type=0
learning_momentum=0.000000
training_algorithm=2
train_error_function=1
train_stop_function=1
cascade_output_change_fraction=0.010000
quickprop_decay=-0.000100
quickprop_mu=1.750000
rprop_increase_factor=1.200000
rprop_decrease_factor=0.500000
rprop_delta_min=0.000000
rprop_delta_max=50.000000
rprop_delta_zero=0.100000
cascade_output_stagnation_epochs=12
cascade_candidate_change_fraction=0.010000
cascade_candidate_stagnation_epochs=12
cascade_max_out_epochs=150
cascade_min_out_epochs=50
cascade_max_cand_epochs=150
cascade_min_cand_epochs=50
cascade_num_candidate_groups=2
bit_fail_limit=1.00000000000000005551e-01
cascade_candidate_limit=1.00000000000000000000e+03
cascade_weight_multiplier=4.00000000000000022204e-01
cascade_activation_functions_count=10
cascade_activation_functions=3 5 7 8 10 11 14 15 16 17 
cascade_activation_steepnesses_count=4
cascade_activation_steepnesses=2.50000000000000000000e-01 5.00000000000000000000e-01 7.50000000000000000000e-01 1.00000000000000000000e+00 
layer_sizes=6 4 2 
scale_included=0
neurons (num_inputs, activation_function, activation_steepness)=(0, 0, 0.00000000000000000000e+00) (0, 0, 0.00000000000000000000e+00) (0, 0, 0.00000000000000000000e+00) (0, 0, 0.00000000000000000000e+00) (0, 0, 0.00000000000000000000e+00) (0, 0, 0.00000000000000000000e+00) (6, 6, 5.00000000000000000000e-01) (6, 6, 5.00000000000000000000e-01) (6, 6, 5.00000000000000000000e-01) (0, 6, 0.00000000000000000000e+00) (4, 4, 5.00000000000000000000e-01) (0, 4, 0.00000000000000000000e+00) 
connections (connected_to_neuron, weight)=(0, -1.74944583023727839866e+00) (1, 1.60620208620079996109e+00) (2, 2.43524514162294192232e+00) (3, 8.77476857363748030672e-01) (4, 1.97168124911863462678e+00) (5, -1.77003392274321025290e+00) (0, 4.53092765292582289050e+00) (1, -4.63889350752207896278e+00) (2, -2.55635941324423976440e+00) (3, -2.75027947481037049471e+00) (4, -2.87250885720611437435e+00) (5, 5.14196649829931828890e+00) (0, 4.10870794790634541460e-01) (1, -2.72982368093421023936e-01) (2, -1.55579914879246294923e+00) (3, -4.60917772200340913891e-01) (4, -4.51384754326576875805e-01) (5, 3.61763422029861891893e-01) (6, 8.19139654797070293490e-01) (7, -5.79944920865369262231e+00) (8, -1.32202085539762181909e+00) (9, -1.45272627608310989089e+00) 
