FANN_FLO_2.1
num_layers=3
learning_rate=0.700000
connection_rate=1.000000
network_type=0
learning_momentum=0.000000
training_algorithm=2
train_error_function=1
train_stop_function=1
cascade_output_change_fraction=0.010000
quickprop_decay=-0.000100
quickprop_mu=1.750000
rprop_increase_factor=1.200000
rprop_decrease_factor=0.500000
rprop_delta_min=0.000000
rprop_delta_max=50.000000
rprop_delta_zero=0.100000
cascade_output_stagnation_epochs=12
cascade_candidate_change_fraction=0.010000
cascade_candidate_stagnation_epochs=12
cascade_max_out_epochs=150
cascade_min_out_epochs=50
cascade_max_cand_epochs=150
cascade_min_cand_epochs=50
cascade_num_candidate_groups=2
bit_fail_limit=1.00000000000000005551e-01
cascade_candidate_limit=1.00000000000000000000e+03
cascade_weight_multiplier=4.00000000000000022204e-01
cascade_activation_functions_count=10
cascade_activation_functions=3 5 7 8 10 11 14 15 16 17 
cascade_activation_steepnesses_count=4
cascade_activation_steepnesses=2.50000000000000000000e-01 5.00000000000000000000e-01 7.50000000000000000000e-01 1.00000000000000000000e+00 
layer_sizes=8 4 2 
scale_included=0
neurons (num_inputs, activation_function, activation_steepness)=(0, 0, 0.00000000000000000000e+00) (0, 0, 0.00000000000000000000e+00) (0, 0, 0.00000000000000000000e+00) (0, 0, 0.00000000000000000000e+00) (0, 0, 0.00000000000000000000e+00) (0, 0, 0.00000000000000000000e+00) (0, 0, 0.00000000000000000000e+00) (0, 0, 0.00000000000000000000e+00) (8, 6, 5.00000000000000000000e-01) (8, 6, 5.00000000000000000000e-01) (8, 6, 5.00000000000000000000e-01) (0, 6, 0.00000000000000000000e+00) (4, 4, 5.00000000000000000000e-01) (0, 4, 0.00000000000000000000e+00) 
connections (connected_to_neuron, weight)=(0, 2.56123681546127461572e-02) (1, 4.20692401100369561817e+00) (2, 2.63472736625121006782e+00) (3, 1.92668061384949673709e+00) (4, 1.50893812561191964505e+00) (5, 1.81763343613169370272e+00) (6, 9.37728290259588925792e-01) (7, -2.53416518346675800899e+00) (0, 9.57792720701804101147e-01) (1, -2.31743695898657753318e+00) (2, -1.09362429620478751602e+00) (3, -1.88100518595270482791e+00) (4, -1.67176695572046396521e+00) (5, -5.93291572034662872959e-01) (6, -1.24615736999074822045e+00) (7, 1.68249031315347741256e+00) (0, 4.94220869455341882404e-01) (1, -2.29778672321444465965e+00) (2, -4.99924176783629492515e-01) (3, -1.02741010961116430167e+00) (4, -1.50128630732137446913e+00) (5, -6.82490357203360042959e-01) (6, -6.26987936000186207863e-01) (7, 1.66234564247296057182e+00) (8, 9.55568178586475447389e+00) (9, -3.11152121158935877077e+01) (10, -1.99081143758691214707e+00) (11, -1.13238917941606165307e+00) 
