FANN_FLO_2.1
num_layers=3
learning_rate=0.700000
connection_rate=1.000000
network_type=0
learning_momentum=0.000000
training_algorithm=2
train_error_function=1
train_stop_function=1
cascade_output_change_fraction=0.010000
quickprop_decay=-0.000100
quickprop_mu=1.750000
rprop_increase_factor=1.200000
rprop_decrease_factor=0.500000
rprop_delta_min=0.000000
rprop_delta_max=50.000000
rprop_delta_zero=0.100000
cascade_output_stagnation_epochs=12
cascade_candidate_change_fraction=0.010000
cascade_candidate_stagnation_epochs=12
cascade_max_out_epochs=150
cascade_min_out_epochs=50
cascade_max_cand_epochs=150
cascade_min_cand_epochs=50
cascade_num_candidate_groups=2
bit_fail_limit=1.00000000000000005551e-01
cascade_candidate_limit=1.00000000000000000000e+03
cascade_weight_multiplier=4.00000000000000022204e-01
cascade_activation_functions_count=10
cascade_activation_functions=3 5 7 8 10 11 14 15 16 17 
cascade_activation_steepnesses_count=4
cascade_activation_steepnesses=2.50000000000000000000e-01 5.00000000000000000000e-01 7.50000000000000000000e-01 1.00000000000000000000e+00 
layer_sizes=13 4 2 
scale_included=0
neurons (num_inputs, activation_function, activation_steepness)=(0, 0, 0.00000000000000000000e+00) (0, 0, 0.00000000000000000000e+00) (0, 0, 0.00000000000000000000e+00) (0, 0, 0.00000000000000000000e+00) (0, 0, 0.00000000000000000000e+00) (0, 0, 0.00000000000000000000e+00) (0, 0, 0.00000000000000000000e+00) (0, 0, 0.00000000000000000000e+00) (0, 0, 0.00000000000000000000e+00) (0, 0, 0.00000000000000000000e+00) (0, 0, 0.00000000000000000000e+00) (0, 0, 0.00000000000000000000e+00) (0, 0, 0.00000000000000000000e+00) (13, 6, 5.00000000000000000000e-01) (13, 6, 5.00000000000000000000e-01) (13, 6, 5.00000000000000000000e-01) (0, 6, 0.00000000000000000000e+00) (4, 4, 5.00000000000000000000e-01) (0, 4, 0.00000000000000000000e+00) 
connections (connected_to_neuron, weight)=(0, -2.68775666022987680392e+00) (1, 3.43118491209003195763e+00) (2, 1.46695442882371374083e+00) (3, 1.85335118506286200546e-01) (4, -1.10231907625849578913e+00) (5, 2.34670499680924260488e+00) (6, 3.87725957167118773228e-01) (7, 2.45715819030184778882e+00) (8, 1.52503437380794060196e+00) (9, -3.69973621408608788208e-01) (10, -1.13954477115701791057e+00) (11, 9.77261831955294812957e-01) (12, -2.76538267994613917722e+00) (0, 1.84964854149169810604e+00) (1, -1.84885605488437065880e+00) (2, -4.20882223188401916047e+00) (3, 5.87549092183965893099e-01) (4, 9.97674414571709688992e-01) (5, -2.12820069069961892438e+00) (6, -1.81291572763341082841e-02) (7, -8.63262463166690641181e-01) (8, -4.19956521331788756868e+00) (9, 7.23261997547419155374e-01) (10, 3.11848454037617495160e+00) (11, -7.46038017829002475523e-01) (12, 2.13232527642056890471e+00) (0, -7.29335119200490544777e-01) (1, -2.44014459327432542413e-01) (2, 3.04421684704726080994e+00) (3, 1.60817893196081612706e-01) (4, -6.22175241755683283706e-01) (5, 4.84785149624819888814e-01) (6, 3.31741569996351903793e-01) (7, 3.82007154455657194081e-01) (8, 3.94494850148929643296e+01) (9, 4.04500617146963448167e-01) (10, -2.63893944492238630151e-01) (11, 9.06845327142021950806e+00) (12, -7.54779701305173467141e-01) (13, 1.48900863077003293711e+01) (14, -1.51078496475329515647e+01) (15, 3.16072024478609436837e-01) (16, -9.85066943158143804027e-01) 
