FANN_FLO_2.1
num_layers=3
learning_rate=0.700000
connection_rate=1.000000
network_type=0
learning_momentum=0.000000
training_algorithm=2
train_error_function=1
train_stop_function=1
cascade_output_change_fraction=0.010000
quickprop_decay=-0.000100
quickprop_mu=1.750000
rprop_increase_factor=1.200000
rprop_decrease_factor=0.500000
rprop_delta_min=0.000000
rprop_delta_max=50.000000
rprop_delta_zero=0.100000
cascade_output_stagnation_epochs=12
cascade_candidate_change_fraction=0.010000
cascade_candidate_stagnation_epochs=12
cascade_max_out_epochs=150
cascade_min_out_epochs=50
cascade_max_cand_epochs=150
cascade_min_cand_epochs=50
cascade_num_candidate_groups=2
bit_fail_limit=1.00000000000000005551e-01
cascade_candidate_limit=1.00000000000000000000e+03
cascade_weight_multiplier=4.00000000000000022204e-01
cascade_activation_functions_count=10
cascade_activation_functions=3 5 7 8 10 11 14 15 16 17 
cascade_activation_steepnesses_count=4
cascade_activation_steepnesses=2.50000000000000000000e-01 5.00000000000000000000e-01 7.50000000000000000000e-01 1.00000000000000000000e+00 
layer_sizes=15 4 2 
scale_included=0
neurons (num_inputs, activation_function, activation_steepness)=(0, 0, 0.00000000000000000000e+00) (0, 0, 0.00000000000000000000e+00) (0, 0, 0.00000000000000000000e+00) (0, 0, 0.00000000000000000000e+00) (0, 0, 0.00000000000000000000e+00) (0, 0, 0.00000000000000000000e+00) (0, 0, 0.00000000000000000000e+00) (0, 0, 0.00000000000000000000e+00) (0, 0, 0.00000000000000000000e+00) (0, 0, 0.00000000000000000000e+00) (0, 0, 0.00000000000000000000e+00) (0, 0, 0.00000000000000000000e+00) (0, 0, 0.00000000000000000000e+00) (0, 0, 0.00000000000000000000e+00) (0, 0, 0.00000000000000000000e+00) (15, 6, 5.00000000000000000000e-01) (15, 6, 5.00000000000000000000e-01) (15, 6, 5.00000000000000000000e-01) (0, 6, 0.00000000000000000000e+00) (4, 4, 5.00000000000000000000e-01) (0, 4, 0.00000000000000000000e+00) 
connections (connected_to_neuron, weight)=(0, -1.67103067455215672510e+01) (1, 1.78093448608443027936e+00) (2, 1.22767337464289055804e-01) (3, 2.51007604428892194814e-01) (4, 5.04743323128294996138e+00) (5, -1.20492653987323516951e+00) (6, -7.56764614973044480450e-01) (7, 1.05802924120275121389e+00) (8, 2.14962376726060755416e+00) (9, 6.63231166167378871634e-01) (10, 5.05072085342557652865e+00) (11, 5.13955149452757797945e+00) (12, 1.08882596550988131057e+00) (13, -2.81029573925469844387e-01) (14, 4.43322298488202579114e-02) (0, 5.12948989149621947803e+00) (1, -2.62538495361304002884e+00) (2, 9.30246488816749428352e-01) (3, 3.69839300600443288136e-01) (4, -1.20697575844234061826e+00) (5, 1.36942957875941462298e+00) (6, 1.79947086782795095949e+00) (7, -1.13949095373709430312e+00) (8, -2.35557095774725677728e+00) (9, -1.73085203192489489599e-01) (10, -1.17491406555251121091e+00) (11, -1.16781953013843153855e+00) (12, -9.53613360000902021696e-01) (13, 7.52622346982650070046e-01) (14, 1.01377974075656096531e+00) (0, -1.67265737695021847742e+01) (1, 1.69931104142599265217e+00) (2, 1.09698352270321236590e-01) (3, 2.86875302919511798727e-01) (4, 5.11772250782322934981e+00) (5, -1.15705222702538246260e+00) (6, -7.34697737603162703834e-01) (7, 9.95112150250354710046e-01) (8, 2.18789897931009180709e+00) (9, 5.29212216003060786917e-01) (10, 4.97244283340127779525e+00) (11, 5.15770538549494705904e+00) (12, 1.24356467484043986538e+00) (13, -3.86941067226861667994e-01) (14, 5.98977071604314195707e-02) (15, 3.51791279594022388011e+00) (16, -2.02460415909169384463e+01) (17, 7.24820238485619672275e+00) (18, -5.99149918547100646116e-01) 
