FANN_FLO_2.1
num_layers=3
learning_rate=0.700000
connection_rate=1.000000
network_type=0
learning_momentum=0.000000
training_algorithm=2
train_error_function=1
train_stop_function=1
cascade_output_change_fraction=0.010000
quickprop_decay=-0.000100
quickprop_mu=1.750000
rprop_increase_factor=1.200000
rprop_decrease_factor=0.500000
rprop_delta_min=0.000000
rprop_delta_max=50.000000
rprop_delta_zero=0.100000
cascade_output_stagnation_epochs=12
cascade_candidate_change_fraction=0.010000
cascade_candidate_stagnation_epochs=12
cascade_max_out_epochs=150
cascade_min_out_epochs=50
cascade_max_cand_epochs=150
cascade_min_cand_epochs=50
cascade_num_candidate_groups=2
bit_fail_limit=1.00000000000000005551e-01
cascade_candidate_limit=1.00000000000000000000e+03
cascade_weight_multiplier=4.00000000000000022204e-01
cascade_activation_functions_count=10
cascade_activation_functions=3 5 7 8 10 11 14 15 16 17 
cascade_activation_steepnesses_count=4
cascade_activation_steepnesses=2.50000000000000000000e-01 5.00000000000000000000e-01 7.50000000000000000000e-01 1.00000000000000000000e+00 
layer_sizes=12 4 2 
scale_included=0
neurons (num_inputs, activation_function, activation_steepness)=(0, 0, 0.00000000000000000000e+00) (0, 0, 0.00000000000000000000e+00) (0, 0, 0.00000000000000000000e+00) (0, 0, 0.00000000000000000000e+00) (0, 0, 0.00000000000000000000e+00) (0, 0, 0.00000000000000000000e+00) (0, 0, 0.00000000000000000000e+00) (0, 0, 0.00000000000000000000e+00) (0, 0, 0.00000000000000000000e+00) (0, 0, 0.00000000000000000000e+00) (0, 0, 0.00000000000000000000e+00) (0, 0, 0.00000000000000000000e+00) (12, 6, 5.00000000000000000000e-01) (12, 6, 5.00000000000000000000e-01) (12, 6, 5.00000000000000000000e-01) (0, 6, 0.00000000000000000000e+00) (4, 4, 5.00000000000000000000e-01) (0, 4, 0.00000000000000000000e+00) 
connections (connected_to_neuron, weight)=(0, 2.02597416721767276115e+00) (1, -1.37953623324762575386e+00) (2, 4.18980591192092577391e-01) (3, -3.19165273028721607762e-01) (4, -1.12664859954072071879e+00) (5, -2.52593517345065166069e+00) (6, 1.11988417550841073966e-02) (7, 2.19211197303811871961e+02) (8, 3.41086210434525527457e-01) (9, 4.50485471220031730155e+00) (10, -3.75008504224929206661e-01) (11, 1.31468366035512995715e+00) (0, -9.34573375729655708710e+00) (1, 1.64988125118306272476e+00) (2, 2.75062984369886909253e-01) (3, 8.06013076540714856755e-01) (4, 8.45561168490363668226e-01) (5, 2.36089357863740412213e+00) (6, 7.29144075663217594574e-01) (7, 4.44659269843036327075e+02) (8, 3.02688933776964264055e-01) (9, 3.00462978924462653652e+00) (10, 3.77885923828133074576e-01) (11, -1.10309057045385117135e+00) (0, 3.34464179804963279707e+00) (1, -1.23300339222084276436e+00) (2, 3.15616883530463743224e-01) (3, -3.47825425136198906895e-01) (4, -7.67723126010423806420e-01) (5, -2.67938437726968814445e+00) (6, -6.53735094025811452889e-02) (7, 2.19159628378431165174e+02) (8, 3.26804789997573674754e-01) (9, 2.44453755756696455848e+00) (10, -2.44488234950217597774e-01) (11, 1.25667319086663975547e+00) (12, -1.85038737305449108028e+00) (13, 1.93257169836389124384e+01) (14, -2.09559612376292525582e+00) (15, -4.35647296419349128183e-01) 
