FANN_FLO_2.1
num_layers=3
learning_rate=0.700000
connection_rate=1.000000
network_type=0
learning_momentum=0.000000
training_algorithm=2
train_error_function=1
train_stop_function=1
cascade_output_change_fraction=0.010000
quickprop_decay=-0.000100
quickprop_mu=1.750000
rprop_increase_factor=1.200000
rprop_decrease_factor=0.500000
rprop_delta_min=0.000000
rprop_delta_max=50.000000
rprop_delta_zero=0.100000
cascade_output_stagnation_epochs=12
cascade_candidate_change_fraction=0.010000
cascade_candidate_stagnation_epochs=12
cascade_max_out_epochs=150
cascade_min_out_epochs=50
cascade_max_cand_epochs=150
cascade_min_cand_epochs=50
cascade_num_candidate_groups=2
bit_fail_limit=1.00000000000000005551e-01
cascade_candidate_limit=1.00000000000000000000e+03
cascade_weight_multiplier=4.00000000000000022204e-01
cascade_activation_functions_count=10
cascade_activation_functions=3 5 7 8 10 11 14 15 16 17 
cascade_activation_steepnesses_count=4
cascade_activation_steepnesses=2.50000000000000000000e-01 5.00000000000000000000e-01 7.50000000000000000000e-01 1.00000000000000000000e+00 
layer_sizes=8 4 2 
scale_included=0
neurons (num_inputs, activation_function, activation_steepness)=(0, 0, 0.00000000000000000000e+00) (0, 0, 0.00000000000000000000e+00) (0, 0, 0.00000000000000000000e+00) (0, 0, 0.00000000000000000000e+00) (0, 0, 0.00000000000000000000e+00) (0, 0, 0.00000000000000000000e+00) (0, 0, 0.00000000000000000000e+00) (0, 0, 0.00000000000000000000e+00) (8, 6, 5.00000000000000000000e-01) (8, 6, 5.00000000000000000000e-01) (8, 6, 5.00000000000000000000e-01) (0, 6, 0.00000000000000000000e+00) (4, 4, 5.00000000000000000000e-01) (0, 4, 0.00000000000000000000e+00) 
connections (connected_to_neuron, weight)=(0, 1.06063645680693503098e-02) (1, 1.76194391331114630361e+00) (2, 1.25764682418450801649e+00) (3, 9.41355602175954042643e-01) (4, 1.27745448051045618065e+00) (5, 4.18024219491411108685e-01) (6, 2.86878826898798622302e-01) (7, -1.91554796195352650123e-01) (0, 1.44661097064860832972e+00) (1, -5.35888700778982207673e-01) (2, -1.67477802039784684496e+00) (3, -1.12460622821162581353e+00) (4, -7.04016367019208644251e+00) (5, 1.76926476914217672975e-01) (6, 1.34103339612225935795e+00) (7, 6.18941082555579891178e-01) (0, 6.20097463892963829402e-01) (1, -1.87286443921608047880e+00) (2, -1.19435646828667429986e+00) (3, -1.15336819624104203186e+00) (4, -3.04476853075795139691e-01) (5, -2.80543550785746997889e-01) (6, 2.70941403675403924556e-01) (7, 1.69470180217130006461e+00) (8, 1.50004238708166037775e+00) (9, -3.70473329508780935271e+00) (10, -2.77141342331023032841e+01) (11, -3.40642630659951128891e+00) 
