FANN_FLO_2.1
num_layers=3
learning_rate=0.700000
connection_rate=1.000000
network_type=0
learning_momentum=0.000000
training_algorithm=2
train_error_function=1
train_stop_function=1
cascade_output_change_fraction=0.010000
quickprop_decay=-0.000100
quickprop_mu=1.750000
rprop_increase_factor=1.200000
rprop_decrease_factor=0.500000
rprop_delta_min=0.000000
rprop_delta_max=50.000000
rprop_delta_zero=0.100000
cascade_output_stagnation_epochs=12
cascade_candidate_change_fraction=0.010000
cascade_candidate_stagnation_epochs=12
cascade_max_out_epochs=150
cascade_min_out_epochs=50
cascade_max_cand_epochs=150
cascade_min_cand_epochs=50
cascade_num_candidate_groups=2
bit_fail_limit=1.00000000000000005551e-01
cascade_candidate_limit=1.00000000000000000000e+03
cascade_weight_multiplier=4.00000000000000022204e-01
cascade_activation_functions_count=10
cascade_activation_functions=3 5 7 8 10 11 14 15 16 17 
cascade_activation_steepnesses_count=4
cascade_activation_steepnesses=2.50000000000000000000e-01 5.00000000000000000000e-01 7.50000000000000000000e-01 1.00000000000000000000e+00 
layer_sizes=9 4 2 
scale_included=0
neurons (num_inputs, activation_function, activation_steepness)=(0, 0, 0.00000000000000000000e+00) (0, 0, 0.00000000000000000000e+00) (0, 0, 0.00000000000000000000e+00) (0, 0, 0.00000000000000000000e+00) (0, 0, 0.00000000000000000000e+00) (0, 0, 0.00000000000000000000e+00) (0, 0, 0.00000000000000000000e+00) (0, 0, 0.00000000000000000000e+00) (0, 0, 0.00000000000000000000e+00) (9, 6, 5.00000000000000000000e-01) (9, 6, 5.00000000000000000000e-01) (9, 6, 5.00000000000000000000e-01) (0, 6, 0.00000000000000000000e+00) (4, 4, 5.00000000000000000000e-01) (0, 4, 0.00000000000000000000e+00) 
connections (connected_to_neuron, weight)=(0, -8.71421702062192715665e-01) (1, 9.78930579936524325468e-01) (2, 1.58677327091050268670e+00) (3, -4.21988797057108844246e-01) (4, -7.63498535941475431343e-01) (5, -2.23948761562580866968e-01) (6, 9.32834501072549726608e-01) (7, 8.18820006418448258501e+01) (8, -9.82101707874997842396e-01) (0, -8.27164381598535336515e-01) (1, 9.36352583086510592558e-01) (2, 1.46003893966031150775e+00) (3, -3.73024847972826922859e-01) (4, -8.79706809858912031075e-01) (5, -3.57823565344090321894e-01) (6, 8.71665882572317030075e-01) (7, 8.18499273526888657670e+01) (8, -9.26449633359178292835e-01) (0, -7.84284137045446305692e-01) (1, 9.03173843836804324248e-01) (2, 1.62555626982999013030e+00) (3, -5.21435756850676446206e-01) (4, -9.12910713444584409615e-01) (5, -3.36628421882862904901e-01) (6, 9.09662003323221113327e-01) (7, 8.19128716308098603349e+01) (8, -9.35438468276723611439e-01) (9, 1.51047998917780645911e+01) (10, 1.50908552361212500159e+01) (11, 1.50522159887038000647e+01) (12, -1.32763017153194806674e+00) 
