FANN_FLO_2.1
num_layers=3
learning_rate=0.700000
connection_rate=1.000000
network_type=0
learning_momentum=0.000000
training_algorithm=2
train_error_function=1
train_stop_function=1
cascade_output_change_fraction=0.010000
quickprop_decay=-0.000100
quickprop_mu=1.750000
rprop_increase_factor=1.200000
rprop_decrease_factor=0.500000
rprop_delta_min=0.000000
rprop_delta_max=50.000000
rprop_delta_zero=0.100000
cascade_output_stagnation_epochs=12
cascade_candidate_change_fraction=0.010000
cascade_candidate_stagnation_epochs=12
cascade_max_out_epochs=150
cascade_min_out_epochs=50
cascade_max_cand_epochs=150
cascade_min_cand_epochs=50
cascade_num_candidate_groups=2
bit_fail_limit=1.00000000000000005551e-01
cascade_candidate_limit=1.00000000000000000000e+03
cascade_weight_multiplier=4.00000000000000022204e-01
cascade_activation_functions_count=10
cascade_activation_functions=3 5 7 8 10 11 14 15 16 17 
cascade_activation_steepnesses_count=4
cascade_activation_steepnesses=2.50000000000000000000e-01 5.00000000000000000000e-01 7.50000000000000000000e-01 1.00000000000000000000e+00 
layer_sizes=7 4 2 
scale_included=0
neurons (num_inputs, activation_function, activation_steepness)=(0, 0, 0.00000000000000000000e+00) (0, 0, 0.00000000000000000000e+00) (0, 0, 0.00000000000000000000e+00) (0, 0, 0.00000000000000000000e+00) (0, 0, 0.00000000000000000000e+00) (0, 0, 0.00000000000000000000e+00) (0, 0, 0.00000000000000000000e+00) (7, 6, 5.00000000000000000000e-01) (7, 6, 5.00000000000000000000e-01) (7, 6, 5.00000000000000000000e-01) (0, 6, 0.00000000000000000000e+00) (4, 4, 5.00000000000000000000e-01) (0, 4, 0.00000000000000000000e+00) 
connections (connected_to_neuron, weight)=(0, -4.38414684922200059702e+00) (1, 2.58071851204332469720e+00) (2, 9.88342722046429478233e-01) (3, 8.40806939586401513864e-01) (4, 3.36121620916761854048e+00) (5, 2.27837944792487451240e-01) (6, -2.84548221849278348827e+00) (0, -2.00447634653091277812e+00) (1, 1.31319012008407010050e+00) (2, 1.73040258969743676598e-01) (3, 4.85519902872109221370e-01) (4, 1.63416687060631837802e+00) (5, 1.59047685717498749058e-01) (6, -7.22593853941295272136e-01) (0, -4.41518710047703688559e+00) (1, 2.54849855075773357171e+00) (2, 1.09775485574012421353e+00) (3, 8.33654113992453149606e-01) (4, 3.35205223717727163191e+00) (5, 3.53862764703013810141e-01) (6, -2.88808523066715139294e+00) (7, 7.20446090963366359006e+00) (8, 3.89265994469195908412e-01) (9, 7.20327717628958552609e+00) (10, -6.40590644637606732026e-01) 
