FANN_FLO_2.1
num_layers=3
learning_rate=0.700000
connection_rate=1.000000
network_type=0
learning_momentum=0.000000
training_algorithm=2
train_error_function=1
train_stop_function=1
cascade_output_change_fraction=0.010000
quickprop_decay=-0.000100
quickprop_mu=1.750000
rprop_increase_factor=1.200000
rprop_decrease_factor=0.500000
rprop_delta_min=0.000000
rprop_delta_max=50.000000
rprop_delta_zero=0.100000
cascade_output_stagnation_epochs=12
cascade_candidate_change_fraction=0.010000
cascade_candidate_stagnation_epochs=12
cascade_max_out_epochs=150
cascade_min_out_epochs=50
cascade_max_cand_epochs=150
cascade_min_cand_epochs=50
cascade_num_candidate_groups=2
bit_fail_limit=1.00000000000000005551e-01
cascade_candidate_limit=1.00000000000000000000e+03
cascade_weight_multiplier=4.00000000000000022204e-01
cascade_activation_functions_count=10
cascade_activation_functions=3 5 7 8 10 11 14 15 16 17 
cascade_activation_steepnesses_count=4
cascade_activation_steepnesses=2.50000000000000000000e-01 5.00000000000000000000e-01 7.50000000000000000000e-01 1.00000000000000000000e+00 
layer_sizes=12 4 2 
scale_included=0
neurons (num_inputs, activation_function, activation_steepness)=(0, 0, 0.00000000000000000000e+00) (0, 0, 0.00000000000000000000e+00) (0, 0, 0.00000000000000000000e+00) (0, 0, 0.00000000000000000000e+00) (0, 0, 0.00000000000000000000e+00) (0, 0, 0.00000000000000000000e+00) (0, 0, 0.00000000000000000000e+00) (0, 0, 0.00000000000000000000e+00) (0, 0, 0.00000000000000000000e+00) (0, 0, 0.00000000000000000000e+00) (0, 0, 0.00000000000000000000e+00) (0, 0, 0.00000000000000000000e+00) (12, 6, 5.00000000000000000000e-01) (12, 6, 5.00000000000000000000e-01) (12, 6, 5.00000000000000000000e-01) (0, 6, 0.00000000000000000000e+00) (4, 4, 5.00000000000000000000e-01) (0, 4, 0.00000000000000000000e+00) 
connections (connected_to_neuron, weight)=(0, -9.89819554266092582751e-01) (1, 2.42951439905016242093e+00) (2, 1.90843927288510806228e+00) (3, 4.94818444814318809222e+02) (4, 4.94765136625403556536e+02) (5, 1.27423362953941277098e+00) (6, 4.51536990811159610892e-01) (7, -5.66658520566342138736e-01) (8, -1.20855627674358800938e+00) (9, 1.99502822932425627478e+00) (10, 2.49272390264163901108e+00) (11, -1.51304212926805092820e+00) (0, -1.59777600557741261689e-01) (1, 6.29751535598876199806e-01) (2, 1.02808788491849489866e+00) (3, 1.06266033521339267054e+02) (4, 1.06267593829378455439e+02) (5, 7.70057818929689608112e-01) (6, 2.85277592801031265601e-01) (7, 1.00737711720649006364e-01) (8, -6.58620656577096896811e-02) (9, 1.23311746256223164764e+00) (10, 1.26798856095720835491e+00) (11, -1.00351176747385723020e-01) (0, -1.02208881604349377525e+00) (1, 2.33089364904014928470e+00) (2, 1.86021975601174838211e+00) (3, 4.94697998095089587878e+02) (4, 4.94645823199087772082e+02) (5, 1.32155098541061333250e+00) (6, 5.36580920328428745414e-01) (7, -6.25457914041397833316e-01) (8, -1.19523722398775533726e+00) (9, 1.87274869334522375830e+00) (10, 2.26310148862239568501e+00) (11, -1.50020049481570794114e+00) (12, 2.12174391930155792352e+01) (13, 2.32811876583850996258e-01) (14, 2.21511021429758443446e+01) (15, -1.88989579943464924838e+00) 
