FANN_FLO_2.1
num_layers=3
learning_rate=0.700000
connection_rate=1.000000
network_type=0
learning_momentum=0.000000
training_algorithm=2
train_error_function=1
train_stop_function=1
cascade_output_change_fraction=0.010000
quickprop_decay=-0.000100
quickprop_mu=1.750000
rprop_increase_factor=1.200000
rprop_decrease_factor=0.500000
rprop_delta_min=0.000000
rprop_delta_max=50.000000
rprop_delta_zero=0.100000
cascade_output_stagnation_epochs=12
cascade_candidate_change_fraction=0.010000
cascade_candidate_stagnation_epochs=12
cascade_max_out_epochs=150
cascade_min_out_epochs=50
cascade_max_cand_epochs=150
cascade_min_cand_epochs=50
cascade_num_candidate_groups=2
bit_fail_limit=1.00000000000000005551e-01
cascade_candidate_limit=1.00000000000000000000e+03
cascade_weight_multiplier=4.00000000000000022204e-01
cascade_activation_functions_count=10
cascade_activation_functions=3 5 7 8 10 11 14 15 16 17 
cascade_activation_steepnesses_count=4
cascade_activation_steepnesses=2.50000000000000000000e-01 5.00000000000000000000e-01 7.50000000000000000000e-01 1.00000000000000000000e+00 
layer_sizes=6 4 2 
scale_included=0
neurons (num_inputs, activation_function, activation_steepness)=(0, 0, 0.00000000000000000000e+00) (0, 0, 0.00000000000000000000e+00) (0, 0, 0.00000000000000000000e+00) (0, 0, 0.00000000000000000000e+00) (0, 0, 0.00000000000000000000e+00) (0, 0, 0.00000000000000000000e+00) (6, 6, 5.00000000000000000000e-01) (6, 6, 5.00000000000000000000e-01) (6, 6, 5.00000000000000000000e-01) (0, 6, 0.00000000000000000000e+00) (4, 4, 5.00000000000000000000e-01) (0, 4, 0.00000000000000000000e+00) 
connections (connected_to_neuron, weight)=(0, -6.71238660349889881829e-01) (1, 2.02587646453431347027e+00) (2, 1.36839942024044103341e+00) (3, 1.23287504949151038858e+00) (4, 2.42611733064964596451e+00) (5, -1.91980452331589845905e+00) (0, 5.98599563499284448298e-01) (1, 4.85668781177141739569e-01) (2, 2.03913998830642206883e+00) (3, 4.28690777168081599280e-02) (4, 5.65853266526028741978e-01) (5, -2.63561797273115683282e-01) (0, 2.86889518566806245303e+00) (1, 2.03962942653850465291e+00) (2, 1.99686021783031786292e+00) (3, 1.24809420989808983471e+00) (4, 1.77535804443400335728e+00) (5, -3.46124953557286829664e+00) (6, 6.07556564936152110334e+00) (7, 6.68516579264578747477e-01) (8, 6.07852230075205355320e+01) (9, -3.07648295946466143747e+00) 
