FANN_FLO_2.1
num_layers=3
learning_rate=0.700000
connection_rate=1.000000
network_type=0
learning_momentum=0.000000
training_algorithm=2
train_error_function=1
train_stop_function=1
cascade_output_change_fraction=0.010000
quickprop_decay=-0.000100
quickprop_mu=1.750000
rprop_increase_factor=1.200000
rprop_decrease_factor=0.500000
rprop_delta_min=0.000000
rprop_delta_max=50.000000
rprop_delta_zero=0.100000
cascade_output_stagnation_epochs=12
cascade_candidate_change_fraction=0.010000
cascade_candidate_stagnation_epochs=12
cascade_max_out_epochs=150
cascade_min_out_epochs=50
cascade_max_cand_epochs=150
cascade_min_cand_epochs=50
cascade_num_candidate_groups=2
bit_fail_limit=1.00000000000000005551e-01
cascade_candidate_limit=1.00000000000000000000e+03
cascade_weight_multiplier=4.00000000000000022204e-01
cascade_activation_functions_count=10
cascade_activation_functions=3 5 7 8 10 11 14 15 16 17 
cascade_activation_steepnesses_count=4
cascade_activation_steepnesses=2.50000000000000000000e-01 5.00000000000000000000e-01 7.50000000000000000000e-01 1.00000000000000000000e+00 
layer_sizes=6 4 2 
scale_included=0
neurons (num_inputs, activation_function, activation_steepness)=(0, 0, 0.00000000000000000000e+00) (0, 0, 0.00000000000000000000e+00) (0, 0, 0.00000000000000000000e+00) (0, 0, 0.00000000000000000000e+00) (0, 0, 0.00000000000000000000e+00) (0, 0, 0.00000000000000000000e+00) (6, 6, 5.00000000000000000000e-01) (6, 6, 5.00000000000000000000e-01) (6, 6, 5.00000000000000000000e-01) (0, 6, 0.00000000000000000000e+00) (4, 4, 5.00000000000000000000e-01) (0, 4, 0.00000000000000000000e+00) 
connections (connected_to_neuron, weight)=(0, -5.30357632088182540109e-04) (1, 9.68906174239033579632e-01) (2, 4.01449320837813261598e-01) (3, 3.70240891960220530610e-01) (4, -6.83390825719113331749e-02) (5, -1.44882098900775857508e-01) (0, 1.55368502475797987117e+00) (1, -1.32384017301975731584e+00) (2, 2.80953852239509305200e-01) (3, 2.39365594241281232080e-01) (4, 1.47565387227117872371e+00) (5, 1.50552368946850156917e+00) (0, -1.02658311390997347701e+00) (1, 2.43842677928001450027e+00) (2, 4.54551108335076448075e-02) (3, -6.23214788581313017257e-02) (4, -1.10009938591839229183e+00) (5, -1.15301322677852069454e+00) (6, 3.50094301611129865570e-01) (7, -3.11813910740289434997e+00) (8, 1.05985639665134865339e+01) (9, -6.56622279222969673640e-01) 
