FANN_FLO_2.1
num_layers=3
learning_rate=0.700000
connection_rate=1.000000
network_type=0
learning_momentum=0.000000
training_algorithm=2
train_error_function=1
train_stop_function=1
cascade_output_change_fraction=0.010000
quickprop_decay=-0.000100
quickprop_mu=1.750000
rprop_increase_factor=1.200000
rprop_decrease_factor=0.500000
rprop_delta_min=0.000000
rprop_delta_max=50.000000
rprop_delta_zero=0.100000
cascade_output_stagnation_epochs=12
cascade_candidate_change_fraction=0.010000
cascade_candidate_stagnation_epochs=12
cascade_max_out_epochs=150
cascade_min_out_epochs=50
cascade_max_cand_epochs=150
cascade_min_cand_epochs=50
cascade_num_candidate_groups=2
bit_fail_limit=1.00000000000000005551e-01
cascade_candidate_limit=1.00000000000000000000e+03
cascade_weight_multiplier=4.00000000000000022204e-01
cascade_activation_functions_count=10
cascade_activation_functions=3 5 7 8 10 11 14 15 16 17 
cascade_activation_steepnesses_count=4
cascade_activation_steepnesses=2.50000000000000000000e-01 5.00000000000000000000e-01 7.50000000000000000000e-01 1.00000000000000000000e+00 
layer_sizes=8 4 2 
scale_included=0
neurons (num_inputs, activation_function, activation_steepness)=(0, 0, 0.00000000000000000000e+00) (0, 0, 0.00000000000000000000e+00) (0, 0, 0.00000000000000000000e+00) (0, 0, 0.00000000000000000000e+00) (0, 0, 0.00000000000000000000e+00) (0, 0, 0.00000000000000000000e+00) (0, 0, 0.00000000000000000000e+00) (0, 0, 0.00000000000000000000e+00) (8, 6, 5.00000000000000000000e-01) (8, 6, 5.00000000000000000000e-01) (8, 6, 5.00000000000000000000e-01) (0, 6, 0.00000000000000000000e+00) (4, 4, 5.00000000000000000000e-01) (0, 4, 0.00000000000000000000e+00) 
connections (connected_to_neuron, weight)=(0, -1.08434036973403991055e+00) (1, -8.86887278080200514019e-01) (2, -1.01061759341452006566e+00) (3, 2.09410820706880884678e-01) (4, -7.85521800645286205622e-01) (5, -7.53213383478236853108e-01) (6, -7.10873575438961013973e-01) (7, 1.22305384909049408293e+00) (0, 6.96081856789338204727e-01) (1, 3.22602003680287574561e-01) (2, 1.82105016723928064826e-01) (3, -6.72136068188732560547e-02) (4, 1.76537650912369115108e-01) (5, 5.91473029461587307409e-01) (6, 1.30930759535060947663e-01) (7, -1.64345712965967075125e-02) (0, -1.15563461038755477261e+00) (1, -9.43101804375862329266e-01) (2, -1.01260473776552561986e+00) (3, 3.57908830597198635015e-01) (4, -7.56412024625236378839e-01) (5, -6.86859399301124273762e-01) (6, -7.67534793843731133478e-01) (7, 1.21607481573954956389e+00) (8, -5.47660989373790130230e+01) (9, 3.33069473409515426354e-01) (10, -6.03204244065611518977e+01) (11, -2.80951203679558780824e-01) 
