FANN_FLO_2.1
num_layers=3
learning_rate=0.700000
connection_rate=1.000000
network_type=0
learning_momentum=0.000000
training_algorithm=2
train_error_function=1
train_stop_function=1
cascade_output_change_fraction=0.010000
quickprop_decay=-0.000100
quickprop_mu=1.750000
rprop_increase_factor=1.200000
rprop_decrease_factor=0.500000
rprop_delta_min=0.000000
rprop_delta_max=50.000000
rprop_delta_zero=0.100000
cascade_output_stagnation_epochs=12
cascade_candidate_change_fraction=0.010000
cascade_candidate_stagnation_epochs=12
cascade_max_out_epochs=150
cascade_min_out_epochs=50
cascade_max_cand_epochs=150
cascade_min_cand_epochs=50
cascade_num_candidate_groups=2
bit_fail_limit=1.00000000000000005551e-01
cascade_candidate_limit=1.00000000000000000000e+03
cascade_weight_multiplier=4.00000000000000022204e-01
cascade_activation_functions_count=10
cascade_activation_functions=3 5 7 8 10 11 14 15 16 17 
cascade_activation_steepnesses_count=4
cascade_activation_steepnesses=2.50000000000000000000e-01 5.00000000000000000000e-01 7.50000000000000000000e-01 1.00000000000000000000e+00 
layer_sizes=9 4 2 
scale_included=0
neurons (num_inputs, activation_function, activation_steepness)=(0, 0, 0.00000000000000000000e+00) (0, 0, 0.00000000000000000000e+00) (0, 0, 0.00000000000000000000e+00) (0, 0, 0.00000000000000000000e+00) (0, 0, 0.00000000000000000000e+00) (0, 0, 0.00000000000000000000e+00) (0, 0, 0.00000000000000000000e+00) (0, 0, 0.00000000000000000000e+00) (0, 0, 0.00000000000000000000e+00) (9, 6, 5.00000000000000000000e-01) (9, 6, 5.00000000000000000000e-01) (9, 6, 5.00000000000000000000e-01) (0, 6, 0.00000000000000000000e+00) (4, 4, 5.00000000000000000000e-01) (0, 4, 0.00000000000000000000e+00) 
connections (connected_to_neuron, weight)=(0, -1.39526081406733437618e+00) (1, 2.24644952328403313402e+00) (2, -6.69323473859731898905e-01) (3, 1.97471436823029899976e+00) (4, -7.75522567022745357157e-01) (5, 1.33768830318914266897e+00) (6, -7.23391249466840968729e-01) (7, 1.70221147457690790361e+02) (8, -1.42621367001196786006e+00) (0, -1.35709122144839211543e+00) (1, 2.34681352288921285520e+00) (2, -7.72822279174034343363e-01) (3, 2.70452244927628482341e-01) (4, -7.68425259430114970804e-01) (5, 1.31669873614774557424e+00) (6, -6.46093308616583095194e-01) (7, 1.70279636139603212541e+02) (8, -1.40746675380727692684e+00) (0, -5.70848890076716061759e-02) (1, 3.77386463016567474948e-01) (2, -4.94153463434996303993e-02) (3, 2.28582793433807773820e-01) (4, -3.21257897805991010642e-02) (5, 4.80091866461985594672e-01) (6, 1.28068748753088518244e-01) (7, 2.96440295259766486424e+01) (8, -5.44973545204241391349e-02) (9, 2.01450834432384304762e+01) (10, 1.64549762162299266777e+01) (11, 1.36144333492793284668e-01) (12, -1.40603881278297349056e+00) 
