FANN_FLO_2.1
num_layers=3
learning_rate=0.700000
connection_rate=1.000000
network_type=0
learning_momentum=0.000000
training_algorithm=2
train_error_function=1
train_stop_function=1
cascade_output_change_fraction=0.010000
quickprop_decay=-0.000100
quickprop_mu=1.750000
rprop_increase_factor=1.200000
rprop_decrease_factor=0.500000
rprop_delta_min=0.000000
rprop_delta_max=50.000000
rprop_delta_zero=0.100000
cascade_output_stagnation_epochs=12
cascade_candidate_change_fraction=0.010000
cascade_candidate_stagnation_epochs=12
cascade_max_out_epochs=150
cascade_min_out_epochs=50
cascade_max_cand_epochs=150
cascade_min_cand_epochs=50
cascade_num_candidate_groups=2
bit_fail_limit=1.00000000000000005551e-01
cascade_candidate_limit=1.00000000000000000000e+03
cascade_weight_multiplier=4.00000000000000022204e-01
cascade_activation_functions_count=10
cascade_activation_functions=3 5 7 8 10 11 14 15 16 17 
cascade_activation_steepnesses_count=4
cascade_activation_steepnesses=2.50000000000000000000e-01 5.00000000000000000000e-01 7.50000000000000000000e-01 1.00000000000000000000e+00 
layer_sizes=9 4 2 
scale_included=0
neurons (num_inputs, activation_function, activation_steepness)=(0, 0, 0.00000000000000000000e+00) (0, 0, 0.00000000000000000000e+00) (0, 0, 0.00000000000000000000e+00) (0, 0, 0.00000000000000000000e+00) (0, 0, 0.00000000000000000000e+00) (0, 0, 0.00000000000000000000e+00) (0, 0, 0.00000000000000000000e+00) (0, 0, 0.00000000000000000000e+00) (0, 0, 0.00000000000000000000e+00) (9, 6, 5.00000000000000000000e-01) (9, 6, 5.00000000000000000000e-01) (9, 6, 5.00000000000000000000e-01) (0, 6, 0.00000000000000000000e+00) (4, 4, 5.00000000000000000000e-01) (0, 4, 0.00000000000000000000e+00) 
connections (connected_to_neuron, weight)=(0, -1.25522740066055438213e+00) (1, 8.19205008614283372026e+01) (2, -2.74542975638533193194e-01) (3, -7.99227820656220222517e-01) (4, -2.95004914913797988696e-01) (5, 2.15518717933582326651e+00) (6, 1.50239732964998196074e+00) (7, 1.29080771808323713223e+00) (8, -1.56163844236263460452e+00) (0, -1.25042869031433245830e+00) (1, 8.18180270660143662553e+01) (2, -2.94918212507391586108e-01) (3, -8.62047938576857353254e-01) (4, -3.40285587523604049487e-01) (5, 2.08433401305364629508e+00) (6, 1.55280825226670216033e+00) (7, 1.52901114576789853849e+00) (8, -1.64777762212881273562e+00) (0, -1.29799549534920832805e+00) (1, 8.17507541197758484941e+01) (2, -2.30139020298147811694e-01) (3, -7.24209414741913803937e-01) (4, -4.00589201067114486499e-01) (5, 2.20508869458126088858e+00) (6, 1.67601875319248150298e+00) (7, 1.42028751377758832852e+00) (8, -1.58117266514429277713e+00) (9, 6.31992575142634116503e+00) (10, 1.50658586425266989295e+01) (11, 1.07590429971026750877e+01) (12, -1.48204017945656008060e+00) 
