FANN_FLO_2.1
num_layers=3
learning_rate=0.700000
connection_rate=1.000000
network_type=0
learning_momentum=0.000000
training_algorithm=2
train_error_function=1
train_stop_function=1
cascade_output_change_fraction=0.010000
quickprop_decay=-0.000100
quickprop_mu=1.750000
rprop_increase_factor=1.200000
rprop_decrease_factor=0.500000
rprop_delta_min=0.000000
rprop_delta_max=50.000000
rprop_delta_zero=0.100000
cascade_output_stagnation_epochs=12
cascade_candidate_change_fraction=0.010000
cascade_candidate_stagnation_epochs=12
cascade_max_out_epochs=150
cascade_min_out_epochs=50
cascade_max_cand_epochs=150
cascade_min_cand_epochs=50
cascade_num_candidate_groups=2
bit_fail_limit=1.00000000000000005551e-01
cascade_candidate_limit=1.00000000000000000000e+03
cascade_weight_multiplier=4.00000000000000022204e-01
cascade_activation_functions_count=10
cascade_activation_functions=3 5 7 8 10 11 14 15 16 17 
cascade_activation_steepnesses_count=4
cascade_activation_steepnesses=2.50000000000000000000e-01 5.00000000000000000000e-01 7.50000000000000000000e-01 1.00000000000000000000e+00 
layer_sizes=7 4 2 
scale_included=0
neurons (num_inputs, activation_function, activation_steepness)=(0, 0, 0.00000000000000000000e+00) (0, 0, 0.00000000000000000000e+00) (0, 0, 0.00000000000000000000e+00) (0, 0, 0.00000000000000000000e+00) (0, 0, 0.00000000000000000000e+00) (0, 0, 0.00000000000000000000e+00) (0, 0, 0.00000000000000000000e+00) (7, 6, 5.00000000000000000000e-01) (7, 6, 5.00000000000000000000e-01) (7, 6, 5.00000000000000000000e-01) (0, 6, 0.00000000000000000000e+00) (4, 4, 5.00000000000000000000e-01) (0, 4, 0.00000000000000000000e+00) 
connections (connected_to_neuron, weight)=(0, 2.30719502919501329163e-01) (1, 2.59982294235166611074e+00) (2, 1.94990998703965245920e-01) (3, 1.50000000000000000000e+03) (4, -1.30706611746129706120e+01) (5, -1.25099492130584284411e+01) (6, -1.10610675523479073945e+00) (0, 3.43230749703343196444e+00) (1, 3.84280968922776366981e+00) (2, 6.27742115738320460849e+00) (3, 1.50000000000000000000e+03) (4, 1.31831815039337413964e+02) (5, 1.25307528914921263663e+02) (6, -7.69705932690456862133e+00) (0, 1.84300941820762687051e+00) (1, -3.37559732362681774731e+00) (2, -4.56759643271888116089e+00) (3, -4.48306070601288411126e+01) (4, 4.31597494519330666662e+01) (5, 1.12938337721290537274e+02) (6, 5.24622074991136777555e+00) (7, 4.18170354345316486189e+00) (8, 5.41984070433006959178e+00) (9, -6.36443538598397218209e+00) (10, -4.90613864935744159457e-01) 
