FANN_FLO_2.1
num_layers=3
learning_rate=0.700000
connection_rate=1.000000
network_type=0
learning_momentum=0.000000
training_algorithm=2
train_error_function=1
train_stop_function=1
cascade_output_change_fraction=0.010000
quickprop_decay=-0.000100
quickprop_mu=1.750000
rprop_increase_factor=1.200000
rprop_decrease_factor=0.500000
rprop_delta_min=0.000000
rprop_delta_max=50.000000
rprop_delta_zero=0.100000
cascade_output_stagnation_epochs=12
cascade_candidate_change_fraction=0.010000
cascade_candidate_stagnation_epochs=12
cascade_max_out_epochs=150
cascade_min_out_epochs=50
cascade_max_cand_epochs=150
cascade_min_cand_epochs=50
cascade_num_candidate_groups=2
bit_fail_limit=1.00000000000000005551e-01
cascade_candidate_limit=1.00000000000000000000e+03
cascade_weight_multiplier=4.00000000000000022204e-01
cascade_activation_functions_count=10
cascade_activation_functions=3 5 7 8 10 11 14 15 16 17 
cascade_activation_steepnesses_count=4
cascade_activation_steepnesses=2.50000000000000000000e-01 5.00000000000000000000e-01 7.50000000000000000000e-01 1.00000000000000000000e+00 
layer_sizes=13 4 2 
scale_included=0
neurons (num_inputs, activation_function, activation_steepness)=(0, 0, 0.00000000000000000000e+00) (0, 0, 0.00000000000000000000e+00) (0, 0, 0.00000000000000000000e+00) (0, 0, 0.00000000000000000000e+00) (0, 0, 0.00000000000000000000e+00) (0, 0, 0.00000000000000000000e+00) (0, 0, 0.00000000000000000000e+00) (0, 0, 0.00000000000000000000e+00) (0, 0, 0.00000000000000000000e+00) (0, 0, 0.00000000000000000000e+00) (0, 0, 0.00000000000000000000e+00) (0, 0, 0.00000000000000000000e+00) (0, 0, 0.00000000000000000000e+00) (13, 6, 5.00000000000000000000e-01) (13, 6, 5.00000000000000000000e-01) (13, 6, 5.00000000000000000000e-01) (0, 6, 0.00000000000000000000e+00) (4, 4, 5.00000000000000000000e-01) (0, 4, 0.00000000000000000000e+00) 
connections (connected_to_neuron, weight)=(0, 4.13070502488062984980e+00) (1, -1.26571871931601132033e+00) (2, -1.04223855021096167839e+00) (3, 1.24389129443543411391e-01) (4, 3.16799144067303861672e-01) (5, 4.80269139916971565807e-01) (6, -2.22457442325722343224e-01) (7, 1.91528737839370757912e-02) (8, -2.79955355049327891948e-01) (9, 4.16269375253553286509e-01) (10, 1.82777606960554650506e+00) (11, -1.80338602392710795064e-01) (12, 1.04960178119406721819e+00) (0, -6.12424859170870572456e+00) (1, 1.48886074099702780948e+00) (2, 1.16764623114163756945e+00) (3, 1.52286778608660161582e-01) (4, -8.47882295349594930500e-04) (5, -1.87448836716032907201e-01) (6, 2.36699797224305008569e-01) (7, -3.44760976917816430731e-02) (8, 2.94427229393671829882e-01) (9, -3.23714800225001930745e-01) (10, -1.40082254348494661400e+00) (11, 3.83133771412912549348e-01) (12, -7.16250211302137618219e-01) (0, -6.08572724227862149604e+00) (1, 1.51159985337419455753e+00) (2, 1.35840638914401412585e+00) (3, 2.59850531289677055824e-01) (4, -1.19377660400662288093e-02) (5, -1.14951375724888740781e-01) (6, 1.92637067299387815256e-01) (7, 8.78019256519544516459e-03) (8, 1.24706877697657370074e-01) (9, -2.97815509186488858173e-01) (10, -1.21611818758942735741e+00) (11, 4.84292740517202557893e-01) (12, -1.07601850894273454173e+00) (13, -1.00809578471494294405e+01) (14, 1.06317802582244205212e+01) (15, 1.06175473098019903517e+01) (16, -4.08408905942652222798e-01) 
