FANN_FLO_2.1
num_layers=3
learning_rate=0.700000
connection_rate=1.000000
network_type=0
learning_momentum=0.000000
training_algorithm=2
train_error_function=1
train_stop_function=1
cascade_output_change_fraction=0.010000
quickprop_decay=-0.000100
quickprop_mu=1.750000
rprop_increase_factor=1.200000
rprop_decrease_factor=0.500000
rprop_delta_min=0.000000
rprop_delta_max=50.000000
rprop_delta_zero=0.100000
cascade_output_stagnation_epochs=12
cascade_candidate_change_fraction=0.010000
cascade_candidate_stagnation_epochs=12
cascade_max_out_epochs=150
cascade_min_out_epochs=50
cascade_max_cand_epochs=150
cascade_min_cand_epochs=50
cascade_num_candidate_groups=2
bit_fail_limit=1.00000000000000005551e-01
cascade_candidate_limit=1.00000000000000000000e+03
cascade_weight_multiplier=4.00000000000000022204e-01
cascade_activation_functions_count=10
cascade_activation_functions=3 5 7 8 10 11 14 15 16 17 
cascade_activation_steepnesses_count=4
cascade_activation_steepnesses=2.50000000000000000000e-01 5.00000000000000000000e-01 7.50000000000000000000e-01 1.00000000000000000000e+00 
layer_sizes=6 4 2 
scale_included=0
neurons (num_inputs, activation_function, activation_steepness)=(0, 0, 0.00000000000000000000e+00) (0, 0, 0.00000000000000000000e+00) (0, 0, 0.00000000000000000000e+00) (0, 0, 0.00000000000000000000e+00) (0, 0, 0.00000000000000000000e+00) (0, 0, 0.00000000000000000000e+00) (6, 6, 5.00000000000000000000e-01) (6, 6, 5.00000000000000000000e-01) (6, 6, 5.00000000000000000000e-01) (0, 6, 0.00000000000000000000e+00) (4, 4, 5.00000000000000000000e-01) (0, 4, 0.00000000000000000000e+00) 
connections (connected_to_neuron, weight)=(0, -1.93225439131740595045e+00) (1, 1.50000000000000000000e+03) (2, 1.45206234513056298141e+01) (3, 6.43078947726463390211e+00) (4, 4.80262487368454671355e+00) (5, -2.70655022007121948135e+00) (0, 5.79864163931418818976e+00) (1, -3.62155673491160996491e+01) (2, 5.31154596091482122944e+00) (3, 8.10696902483894291436e+02) (4, -6.94511361490982181977e+00) (5, 3.14605764966153866879e+00) (0, -1.15039872582280064961e+01) (1, -3.61877659919064171845e+01) (2, 1.03431413348436578303e+01) (3, 1.43870303690446599276e+00) (4, 2.94504811133360711040e+00) (5, 2.40777176128290459900e+00) (6, 4.76507268063838385075e+00) (7, -5.69191789528738834036e+00) (8, -7.90267281647977259951e+00) (9, -1.23160702328962523566e+00) 
