FANN_FLO_2.1
num_layers=3
learning_rate=0.700000
connection_rate=1.000000
network_type=0
learning_momentum=0.000000
training_algorithm=2
train_error_function=1
train_stop_function=1
cascade_output_change_fraction=0.010000
quickprop_decay=-0.000100
quickprop_mu=1.750000
rprop_increase_factor=1.200000
rprop_decrease_factor=0.500000
rprop_delta_min=0.000000
rprop_delta_max=50.000000
rprop_delta_zero=0.100000
cascade_output_stagnation_epochs=12
cascade_candidate_change_fraction=0.010000
cascade_candidate_stagnation_epochs=12
cascade_max_out_epochs=150
cascade_min_out_epochs=50
cascade_max_cand_epochs=150
cascade_min_cand_epochs=50
cascade_num_candidate_groups=2
bit_fail_limit=1.00000000000000005551e-01
cascade_candidate_limit=1.00000000000000000000e+03
cascade_weight_multiplier=4.00000000000000022204e-01
cascade_activation_functions_count=10
cascade_activation_functions=3 5 7 8 10 11 14 15 16 17 
cascade_activation_steepnesses_count=4
cascade_activation_steepnesses=2.50000000000000000000e-01 5.00000000000000000000e-01 7.50000000000000000000e-01 1.00000000000000000000e+00 
layer_sizes=6 4 2 
scale_included=0
neurons (num_inputs, activation_function, activation_steepness)=(0, 0, 0.00000000000000000000e+00) (0, 0, 0.00000000000000000000e+00) (0, 0, 0.00000000000000000000e+00) (0, 0, 0.00000000000000000000e+00) (0, 0, 0.00000000000000000000e+00) (0, 0, 0.00000000000000000000e+00) (6, 6, 5.00000000000000000000e-01) (6, 6, 5.00000000000000000000e-01) (6, 6, 5.00000000000000000000e-01) (0, 6, 0.00000000000000000000e+00) (4, 4, 5.00000000000000000000e-01) (0, 4, 0.00000000000000000000e+00) 
connections (connected_to_neuron, weight)=(0, 1.59672914029990087315e+00) (1, -4.68421347674950006024e+00) (2, 4.27632746668396457324e+00) (3, -2.28134474965728664131e+01) (4, -7.52237916891188529434e+00) (5, 7.09320277152178491065e+00) (0, -3.35914685487255981755e+00) (1, -3.71148124393731215775e+00) (2, -4.61351914653668426780e+00) (3, -1.64863425828802423467e+00) (4, -3.58137616089038157696e+00) (5, 6.64115281696954617985e+00) (0, -1.18063213939067299663e+01) (1, -1.38198164100214815342e+00) (2, 2.11615025316722427107e+00) (3, 8.78620398402847557762e-01) (4, 1.27756141585751858969e+00) (5, 3.26995645149617031322e+00) (6, -3.02456431926279734057e+00) (7, -1.64437134076243332004e+01) (8, -8.63891164075137929501e+00) (9, -1.62133121595795426373e+00) 
