FANN_FLO_2.1
num_layers=3
learning_rate=0.700000
connection_rate=1.000000
network_type=0
learning_momentum=0.000000
training_algorithm=2
train_error_function=1
train_stop_function=1
cascade_output_change_fraction=0.010000
quickprop_decay=-0.000100
quickprop_mu=1.750000
rprop_increase_factor=1.200000
rprop_decrease_factor=0.500000
rprop_delta_min=0.000000
rprop_delta_max=50.000000
rprop_delta_zero=0.100000
cascade_output_stagnation_epochs=12
cascade_candidate_change_fraction=0.010000
cascade_candidate_stagnation_epochs=12
cascade_max_out_epochs=150
cascade_min_out_epochs=50
cascade_max_cand_epochs=150
cascade_min_cand_epochs=50
cascade_num_candidate_groups=2
bit_fail_limit=1.00000000000000005551e-01
cascade_candidate_limit=1.00000000000000000000e+03
cascade_weight_multiplier=4.00000000000000022204e-01
cascade_activation_functions_count=10
cascade_activation_functions=3 5 7 8 10 11 14 15 16 17 
cascade_activation_steepnesses_count=4
cascade_activation_steepnesses=2.50000000000000000000e-01 5.00000000000000000000e-01 7.50000000000000000000e-01 1.00000000000000000000e+00 
layer_sizes=12 4 2 
scale_included=0
neurons (num_inputs, activation_function, activation_steepness)=(0, 0, 0.00000000000000000000e+00) (0, 0, 0.00000000000000000000e+00) (0, 0, 0.00000000000000000000e+00) (0, 0, 0.00000000000000000000e+00) (0, 0, 0.00000000000000000000e+00) (0, 0, 0.00000000000000000000e+00) (0, 0, 0.00000000000000000000e+00) (0, 0, 0.00000000000000000000e+00) (0, 0, 0.00000000000000000000e+00) (0, 0, 0.00000000000000000000e+00) (0, 0, 0.00000000000000000000e+00) (0, 0, 0.00000000000000000000e+00) (12, 6, 5.00000000000000000000e-01) (12, 6, 5.00000000000000000000e-01) (12, 6, 5.00000000000000000000e-01) (0, 6, 0.00000000000000000000e+00) (4, 4, 5.00000000000000000000e-01) (0, 4, 0.00000000000000000000e+00) 
connections (connected_to_neuron, weight)=(0, -2.25505253738855548917e-01) (1, 1.47512811560002148781e+02) (2, 2.53258398356646208249e-01) (3, 3.31951703784375595774e+00) (4, 9.72811840104064851076e-01) (5, 4.88100738610556084129e-01) (6, 3.57308239502042990221e-01) (7, 1.59951290816864610811e+00) (8, 6.07216688048734409833e-01) (9, 4.73316679525016936747e-01) (10, 1.47450032222834408913e+02) (11, -4.45026647757918558668e-01) (0, -9.14937825928900716477e-01) (1, 3.44701937023336085986e+02) (2, 7.44390030910402344944e-01) (3, 6.97534947390607729112e-01) (4, 6.59299155446317453055e-01) (5, 6.88408017430425012151e-01) (6, 7.05879840403111691316e-01) (7, 5.22411774692027819356e-01) (8, 1.58583138932715406177e+00) (9, 8.70254183818665594252e-01) (10, 3.44791269164318237017e+02) (11, -1.47904664238963290401e+00) (0, 1.10954480953162626378e+00) (1, 1.56696814627686393351e+02) (2, 1.68790595759913686358e+00) (3, -2.58436128091922956429e-01) (4, -1.17645959646492337392e+00) (5, -2.68067547604817824070e-01) (6, -6.07594276813051004105e-01) (7, -1.19961226449399327443e+00) (8, -6.52770923894400834087e-01) (9, -1.20797952107998596283e+00) (10, 1.56666487560907256693e+02) (11, 1.44774023492940462354e+00) (12, 3.37079110414532845397e+00) (13, 1.38727562437719580402e+01) (14, -6.51493174325218582510e+00) (15, -7.90572145443134588483e-01) 
