FANN_FLO_2.1
num_layers=3
learning_rate=0.700000
connection_rate=1.000000
network_type=0
learning_momentum=0.000000
training_algorithm=2
train_error_function=1
train_stop_function=1
cascade_output_change_fraction=0.010000
quickprop_decay=-0.000100
quickprop_mu=1.750000
rprop_increase_factor=1.200000
rprop_decrease_factor=0.500000
rprop_delta_min=0.000000
rprop_delta_max=50.000000
rprop_delta_zero=0.100000
cascade_output_stagnation_epochs=12
cascade_candidate_change_fraction=0.010000
cascade_candidate_stagnation_epochs=12
cascade_max_out_epochs=150
cascade_min_out_epochs=50
cascade_max_cand_epochs=150
cascade_min_cand_epochs=50
cascade_num_candidate_groups=2
bit_fail_limit=1.00000000000000005551e-01
cascade_candidate_limit=1.00000000000000000000e+03
cascade_weight_multiplier=4.00000000000000022204e-01
cascade_activation_functions_count=10
cascade_activation_functions=3 5 7 8 10 11 14 15 16 17 
cascade_activation_steepnesses_count=4
cascade_activation_steepnesses=2.50000000000000000000e-01 5.00000000000000000000e-01 7.50000000000000000000e-01 1.00000000000000000000e+00 
layer_sizes=6 4 2 
scale_included=0
neurons (num_inputs, activation_function, activation_steepness)=(0, 0, 0.00000000000000000000e+00) (0, 0, 0.00000000000000000000e+00) (0, 0, 0.00000000000000000000e+00) (0, 0, 0.00000000000000000000e+00) (0, 0, 0.00000000000000000000e+00) (0, 0, 0.00000000000000000000e+00) (6, 6, 5.00000000000000000000e-01) (6, 6, 5.00000000000000000000e-01) (6, 6, 5.00000000000000000000e-01) (0, 6, 0.00000000000000000000e+00) (4, 4, 5.00000000000000000000e-01) (0, 4, 0.00000000000000000000e+00) 
connections (connected_to_neuron, weight)=(0, 9.77703490486493187461e-01) (1, -1.81653241322942804459e+00) (2, -2.60350844063062236700e+00) (3, -2.15583549649149119887e+00) (4, -2.63040421200517959832e+00) (5, 2.95847033901456279992e+00) (0, -4.44403349939045844152e-01) (1, 2.46399552581312342170e+00) (2, 5.16125320727568781543e-01) (3, 1.41640712041324623449e+00) (4, 7.15619954585099526945e-01) (5, -2.00363405581345066508e+00) (0, 5.43959037555654112417e-01) (1, 5.17617219934002559256e-01) (2, 9.28346813946169246989e-02) (3, 5.36991827545425337576e+00) (4, 8.22134510955083386285e-01) (5, -1.02087146021718977451e+00) (6, -3.22138663992959877191e+01) (7, 2.87022337063952583947e+01) (8, 5.08060145132229035170e+00) (9, -1.56008109648998383179e+00) 
