FANN_FLO_2.1
num_layers=3
learning_rate=0.700000
connection_rate=1.000000
network_type=0
learning_momentum=0.000000
training_algorithm=2
train_error_function=1
train_stop_function=1
cascade_output_change_fraction=0.010000
quickprop_decay=-0.000100
quickprop_mu=1.750000
rprop_increase_factor=1.200000
rprop_decrease_factor=0.500000
rprop_delta_min=0.000000
rprop_delta_max=50.000000
rprop_delta_zero=0.100000
cascade_output_stagnation_epochs=12
cascade_candidate_change_fraction=0.010000
cascade_candidate_stagnation_epochs=12
cascade_max_out_epochs=150
cascade_min_out_epochs=50
cascade_max_cand_epochs=150
cascade_min_cand_epochs=50
cascade_num_candidate_groups=2
bit_fail_limit=1.00000000000000005551e-01
cascade_candidate_limit=1.00000000000000000000e+03
cascade_weight_multiplier=4.00000000000000022204e-01
cascade_activation_functions_count=10
cascade_activation_functions=3 5 7 8 10 11 14 15 16 17 
cascade_activation_steepnesses_count=4
cascade_activation_steepnesses=2.50000000000000000000e-01 5.00000000000000000000e-01 7.50000000000000000000e-01 1.00000000000000000000e+00 
layer_sizes=6 4 2 
scale_included=0
neurons (num_inputs, activation_function, activation_steepness)=(0, 0, 0.00000000000000000000e+00) (0, 0, 0.00000000000000000000e+00) (0, 0, 0.00000000000000000000e+00) (0, 0, 0.00000000000000000000e+00) (0, 0, 0.00000000000000000000e+00) (0, 0, 0.00000000000000000000e+00) (6, 6, 5.00000000000000000000e-01) (6, 6, 5.00000000000000000000e-01) (6, 6, 5.00000000000000000000e-01) (0, 6, 0.00000000000000000000e+00) (4, 4, 5.00000000000000000000e-01) (0, 4, 0.00000000000000000000e+00) 
connections (connected_to_neuron, weight)=(0, 4.72156345734411841963e-01) (1, 5.63951851540222426351e-01) (2, 2.36086277584306031274e-01) (3, 4.46914378447239746261e-01) (4, 8.84366077924890053863e-02) (5, 9.57528880700704229656e-03) (0, 5.14689193547600520873e+00) (1, 2.29959455734349171863e+00) (2, 3.87286238603363042188e+00) (3, 1.22279111915578297953e+00) (4, -5.23587392271667062538e-01) (5, -4.91455518290698911699e+00) (0, 2.83151946590902214851e+00) (1, -3.97193316476664159964e+00) (2, 1.12615947063506425252e+01) (3, 7.04993865942090569554e-01) (4, 1.85056003836054401290e+01) (5, 1.89240678327932815295e-01) (6, 2.04459528670777679338e+00) (7, 4.06984016364476133276e+01) (8, -7.92266665817233572966e+00) (9, -1.75860516097211938558e+00) 
