FANN_FLO_2.1
num_layers=3
learning_rate=0.700000
connection_rate=1.000000
network_type=0
learning_momentum=0.000000
training_algorithm=2
train_error_function=1
train_stop_function=1
cascade_output_change_fraction=0.010000
quickprop_decay=-0.000100
quickprop_mu=1.750000
rprop_increase_factor=1.200000
rprop_decrease_factor=0.500000
rprop_delta_min=0.000000
rprop_delta_max=50.000000
rprop_delta_zero=0.100000
cascade_output_stagnation_epochs=12
cascade_candidate_change_fraction=0.010000
cascade_candidate_stagnation_epochs=12
cascade_max_out_epochs=150
cascade_min_out_epochs=50
cascade_max_cand_epochs=150
cascade_min_cand_epochs=50
cascade_num_candidate_groups=2
bit_fail_limit=1.00000000000000005551e-01
cascade_candidate_limit=1.00000000000000000000e+03
cascade_weight_multiplier=4.00000000000000022204e-01
cascade_activation_functions_count=10
cascade_activation_functions=3 5 7 8 10 11 14 15 16 17 
cascade_activation_steepnesses_count=4
cascade_activation_steepnesses=2.50000000000000000000e-01 5.00000000000000000000e-01 7.50000000000000000000e-01 1.00000000000000000000e+00 
layer_sizes=6 4 2 
scale_included=0
neurons (num_inputs, activation_function, activation_steepness)=(0, 0, 0.00000000000000000000e+00) (0, 0, 0.00000000000000000000e+00) (0, 0, 0.00000000000000000000e+00) (0, 0, 0.00000000000000000000e+00) (0, 0, 0.00000000000000000000e+00) (0, 0, 0.00000000000000000000e+00) (6, 6, 5.00000000000000000000e-01) (6, 6, 5.00000000000000000000e-01) (6, 6, 5.00000000000000000000e-01) (0, 6, 0.00000000000000000000e+00) (4, 4, 5.00000000000000000000e-01) (0, 4, 0.00000000000000000000e+00) 
connections (connected_to_neuron, weight)=(0, 6.68611999047656002659e+00) (1, -5.34856794445784378134e-01) (2, -5.59840499038726502334e+00) (3, -7.40550571753816111453e+00) (4, -1.26926903213394677294e+01) (5, 1.14964034222320297118e+01) (0, 6.81877522342015662815e+00) (1, -1.06303127960821020004e+00) (2, -7.12383025160227401074e+00) (3, -6.83262023646691218914e+00) (4, -1.33692629438124512831e+01) (5, 1.25610807513952273951e+01) (0, 8.87927810967665376296e-01) (1, -1.69407857503219361206e+00) (2, -1.36302586443818851691e+00) (3, -2.57432912798808510857e+00) (4, -4.39753144001224435811e-02) (5, 1.69428351381067110459e+00) (6, -5.53600409702053841698e+00) (7, -3.49728741678875376664e+00) (8, -2.45457180601244182583e+01) (9, -1.90730980458538912359e+00) 
