FANN_FLO_2.1
num_layers=3
learning_rate=0.700000
connection_rate=1.000000
network_type=0
learning_momentum=0.000000
training_algorithm=2
train_error_function=1
train_stop_function=1
cascade_output_change_fraction=0.010000
quickprop_decay=-0.000100
quickprop_mu=1.750000
rprop_increase_factor=1.200000
rprop_decrease_factor=0.500000
rprop_delta_min=0.000000
rprop_delta_max=50.000000
rprop_delta_zero=0.100000
cascade_output_stagnation_epochs=12
cascade_candidate_change_fraction=0.010000
cascade_candidate_stagnation_epochs=12
cascade_max_out_epochs=150
cascade_min_out_epochs=50
cascade_max_cand_epochs=150
cascade_min_cand_epochs=50
cascade_num_candidate_groups=2
bit_fail_limit=1.00000000000000005551e-01
cascade_candidate_limit=1.00000000000000000000e+03
cascade_weight_multiplier=4.00000000000000022204e-01
cascade_activation_functions_count=10
cascade_activation_functions=3 5 7 8 10 11 14 15 16 17 
cascade_activation_steepnesses_count=4
cascade_activation_steepnesses=2.50000000000000000000e-01 5.00000000000000000000e-01 7.50000000000000000000e-01 1.00000000000000000000e+00 
layer_sizes=11 4 2 
scale_included=0
neurons (num_inputs, activation_function, activation_steepness)=(0, 0, 0.00000000000000000000e+00) (0, 0, 0.00000000000000000000e+00) (0, 0, 0.00000000000000000000e+00) (0, 0, 0.00000000000000000000e+00) (0, 0, 0.00000000000000000000e+00) (0, 0, 0.00000000000000000000e+00) (0, 0, 0.00000000000000000000e+00) (0, 0, 0.00000000000000000000e+00) (0, 0, 0.00000000000000000000e+00) (0, 0, 0.00000000000000000000e+00) (0, 0, 0.00000000000000000000e+00) (11, 6, 5.00000000000000000000e-01) (11, 6, 5.00000000000000000000e-01) (11, 6, 5.00000000000000000000e-01) (0, 6, 0.00000000000000000000e+00) (4, 4, 5.00000000000000000000e-01) (0, 4, 0.00000000000000000000e+00) 
connections (connected_to_neuron, weight)=(0, 3.70624194423301023260e-01) (1, -1.48571508027034754340e-01) (2, -2.70089020322765549498e-01) (3, 2.93441083290549679929e-02) (4, 3.30069677349631371288e-02) (5, -4.47772301133370631554e-01) (6, -6.20713715120021491956e-01) (7, 1.37510337935332436349e-02) (8, -2.32800158595984268972e-01) (9, -1.22643961045168174012e-02) (10, 2.94038164426221826364e-01) (0, -2.46455333311641246186e-02) (1, 3.57389255754129775422e-01) (2, 1.63509310357752424281e+00) (3, 3.08121772473822996830e-01) (4, 1.65449031908748739328e-01) (5, 8.58903623852128594862e-01) (6, 2.46611619724606878634e+00) (7, 4.38026164265918949159e-01) (8, 5.60038809090504630106e-01) (9, 1.49495258497824329291e-01) (10, -2.14277291093259741883e-01) (0, 5.25765540381659945979e+00) (1, -4.21501733072316930873e+00) (2, -3.21072233827425890240e+00) (3, -1.24896547365090504478e+00) (4, 6.00586616686966490164e+00) (5, -3.17078590029245166448e+00) (6, -3.31397108614316104891e+00) (7, -2.45809369301597291368e+00) (8, -1.49962834606909645174e+00) (9, -1.24579578813504365797e+00) (10, 5.71342512027668636421e+00) (11, -1.19070337345500446014e-01) (12, 7.03533928337201408532e-01) (13, -7.71010552443064511863e+01) (14, -2.80207758614097368621e+00) 
