FANN_FLO_2.1
num_layers=3
learning_rate=0.700000
connection_rate=1.000000
network_type=0
learning_momentum=0.000000
training_algorithm=2
train_error_function=1
train_stop_function=1
cascade_output_change_fraction=0.010000
quickprop_decay=-0.000100
quickprop_mu=1.750000
rprop_increase_factor=1.200000
rprop_decrease_factor=0.500000
rprop_delta_min=0.000000
rprop_delta_max=50.000000
rprop_delta_zero=0.100000
cascade_output_stagnation_epochs=12
cascade_candidate_change_fraction=0.010000
cascade_candidate_stagnation_epochs=12
cascade_max_out_epochs=150
cascade_min_out_epochs=50
cascade_max_cand_epochs=150
cascade_min_cand_epochs=50
cascade_num_candidate_groups=2
bit_fail_limit=1.00000000000000005551e-01
cascade_candidate_limit=1.00000000000000000000e+03
cascade_weight_multiplier=4.00000000000000022204e-01
cascade_activation_functions_count=10
cascade_activation_functions=3 5 7 8 10 11 14 15 16 17 
cascade_activation_steepnesses_count=4
cascade_activation_steepnesses=2.50000000000000000000e-01 5.00000000000000000000e-01 7.50000000000000000000e-01 1.00000000000000000000e+00 
layer_sizes=11 4 2 
scale_included=0
neurons (num_inputs, activation_function, activation_steepness)=(0, 0, 0.00000000000000000000e+00) (0, 0, 0.00000000000000000000e+00) (0, 0, 0.00000000000000000000e+00) (0, 0, 0.00000000000000000000e+00) (0, 0, 0.00000000000000000000e+00) (0, 0, 0.00000000000000000000e+00) (0, 0, 0.00000000000000000000e+00) (0, 0, 0.00000000000000000000e+00) (0, 0, 0.00000000000000000000e+00) (0, 0, 0.00000000000000000000e+00) (0, 0, 0.00000000000000000000e+00) (11, 6, 5.00000000000000000000e-01) (11, 6, 5.00000000000000000000e-01) (11, 6, 5.00000000000000000000e-01) (0, 6, 0.00000000000000000000e+00) (4, 4, 5.00000000000000000000e-01) (0, 4, 0.00000000000000000000e+00) 
connections (connected_to_neuron, weight)=(0, -2.35949629988083797727e+00) (1, 2.87272343817150055401e+00) (2, 1.30514424177438748131e+00) (3, -4.25306094902647036093e-01) (4, -8.31041900666529387287e-01) (5, 1.28832111753962430534e+00) (6, 3.20102660010165074311e+00) (7, -5.38655824796365423346e-01) (8, 1.61829353384814100814e+00) (9, -5.63903866921707241922e-01) (10, -3.65872872905745571970e+00) (0, -1.30952554441413209219e+01) (1, 3.51584927867229524168e+00) (2, 2.52449049183261564622e+00) (3, 2.78676764423598344322e+00) (4, -9.09673575848840787472e-01) (5, 4.08284716845143424990e+00) (6, 8.01668915343784860283e+00) (7, -2.29756871240982674109e+00) (8, -3.89444259159582473195e-01) (9, 2.58900006195932697040e+00) (10, -5.36993691824444319138e+00) (0, 1.35479078635799972119e+01) (1, -3.30606821542850326523e+00) (2, -2.99770579985152307856e+00) (3, -2.14418790649560531136e+00) (4, 2.19913683453038277804e+00) (5, -4.45536231722943565359e+00) (6, -7.27376369732771799193e+00) (7, 2.36461775023843889798e+00) (8, -1.04934643103179130463e+01) (9, -2.33105847008610522764e+00) (10, 6.63613806317220422670e+00) (11, 8.02363147873100501783e+00) (12, 2.27941885710662148767e+01) (13, -3.34925623157471790137e+01) (14, -1.14920451108618326685e+00) 
