FANN_FLO_2.1
num_layers=3
learning_rate=0.700000
connection_rate=1.000000
network_type=0
learning_momentum=0.000000
training_algorithm=2
train_error_function=1
train_stop_function=1
cascade_output_change_fraction=0.010000
quickprop_decay=-0.000100
quickprop_mu=1.750000
rprop_increase_factor=1.200000
rprop_decrease_factor=0.500000
rprop_delta_min=0.000000
rprop_delta_max=50.000000
rprop_delta_zero=0.100000
cascade_output_stagnation_epochs=12
cascade_candidate_change_fraction=0.010000
cascade_candidate_stagnation_epochs=12
cascade_max_out_epochs=150
cascade_min_out_epochs=50
cascade_max_cand_epochs=150
cascade_min_cand_epochs=50
cascade_num_candidate_groups=2
bit_fail_limit=1.00000000000000005551e-01
cascade_candidate_limit=1.00000000000000000000e+03
cascade_weight_multiplier=4.00000000000000022204e-01
cascade_activation_functions_count=10
cascade_activation_functions=3 5 7 8 10 11 14 15 16 17 
cascade_activation_steepnesses_count=4
cascade_activation_steepnesses=2.50000000000000000000e-01 5.00000000000000000000e-01 7.50000000000000000000e-01 1.00000000000000000000e+00 
layer_sizes=11 4 2 
scale_included=0
neurons (num_inputs, activation_function, activation_steepness)=(0, 0, 0.00000000000000000000e+00) (0, 0, 0.00000000000000000000e+00) (0, 0, 0.00000000000000000000e+00) (0, 0, 0.00000000000000000000e+00) (0, 0, 0.00000000000000000000e+00) (0, 0, 0.00000000000000000000e+00) (0, 0, 0.00000000000000000000e+00) (0, 0, 0.00000000000000000000e+00) (0, 0, 0.00000000000000000000e+00) (0, 0, 0.00000000000000000000e+00) (0, 0, 0.00000000000000000000e+00) (11, 6, 5.00000000000000000000e-01) (11, 6, 5.00000000000000000000e-01) (11, 6, 5.00000000000000000000e-01) (0, 6, 0.00000000000000000000e+00) (4, 4, 5.00000000000000000000e-01) (0, 4, 0.00000000000000000000e+00) 
connections (connected_to_neuron, weight)=(0, -4.44090257229625251512e+00) (1, 1.81793146229637270217e+00) (2, 1.17917032923372055997e+00) (3, 1.54404425164795000569e+00) (4, -6.34651730397024826935e-01) (5, 1.81795437492479838859e+00) (6, 2.90922094183697499403e+00) (7, -6.49787982874361236263e-01) (8, 1.61909368380383300590e+00) (9, 1.59298532954487659374e+00) (10, -3.11451987854726564109e+00) (0, -4.38085220051803325703e+00) (1, 1.77118450797451143508e+00) (2, 7.86445365813372765373e-01) (3, 1.55480105718708117024e+00) (4, -1.96854181363621177914e-01) (5, 1.73148407800513259858e+00) (6, 2.40487195950584364823e+00) (7, -5.73843274061543784370e-01) (8, 1.64691384759985126607e+00) (9, 1.65049421540531970898e+00) (10, -3.07144619115911154950e+00) (0, 4.90049837908728669333e+00) (1, -4.28680043441815605831e+00) (2, -2.04410902118888593293e+00) (3, 6.98828564703133259250e-01) (4, 1.68379047645059154448e+00) (5, -3.83457104688649996760e+00) (6, -2.34573925955105888619e+00) (7, 2.21922917989779655557e+00) (8, -1.79055634316843637066e+00) (9, 1.43493566963224705724e+00) (10, 4.87990956301215206281e+00) (11, 6.78577014602115724529e+01) (12, 6.78721531204274270976e+01) (13, -1.45887035450299009653e+01) (14, -8.88945469806999732931e-01) 
