FANN_FLO_2.1
num_layers=3
learning_rate=0.700000
connection_rate=1.000000
network_type=0
learning_momentum=0.000000
training_algorithm=2
train_error_function=1
train_stop_function=1
cascade_output_change_fraction=0.010000
quickprop_decay=-0.000100
quickprop_mu=1.750000
rprop_increase_factor=1.200000
rprop_decrease_factor=0.500000
rprop_delta_min=0.000000
rprop_delta_max=50.000000
rprop_delta_zero=0.100000
cascade_output_stagnation_epochs=12
cascade_candidate_change_fraction=0.010000
cascade_candidate_stagnation_epochs=12
cascade_max_out_epochs=150
cascade_min_out_epochs=50
cascade_max_cand_epochs=150
cascade_min_cand_epochs=50
cascade_num_candidate_groups=2
bit_fail_limit=1.00000000000000005551e-01
cascade_candidate_limit=1.00000000000000000000e+03
cascade_weight_multiplier=4.00000000000000022204e-01
cascade_activation_functions_count=10
cascade_activation_functions=3 5 7 8 10 11 14 15 16 17 
cascade_activation_steepnesses_count=4
cascade_activation_steepnesses=2.50000000000000000000e-01 5.00000000000000000000e-01 7.50000000000000000000e-01 1.00000000000000000000e+00 
layer_sizes=10 4 2 
scale_included=0
neurons (num_inputs, activation_function, activation_steepness)=(0, 0, 0.00000000000000000000e+00) (0, 0, 0.00000000000000000000e+00) (0, 0, 0.00000000000000000000e+00) (0, 0, 0.00000000000000000000e+00) (0, 0, 0.00000000000000000000e+00) (0, 0, 0.00000000000000000000e+00) (0, 0, 0.00000000000000000000e+00) (0, 0, 0.00000000000000000000e+00) (0, 0, 0.00000000000000000000e+00) (0, 0, 0.00000000000000000000e+00) (10, 6, 5.00000000000000000000e-01) (10, 6, 5.00000000000000000000e-01) (10, 6, 5.00000000000000000000e-01) (0, 6, 0.00000000000000000000e+00) (4, 4, 5.00000000000000000000e-01) (0, 4, 0.00000000000000000000e+00) 
connections (connected_to_neuron, weight)=(0, 1.09561176164059137506e-01) (1, -6.27709801263713340624e-01) (2, -1.16025364251302456897e-01) (3, -1.57226034191790065009e+00) (4, -5.26440723253952594374e-02) (5, -1.20876874108968790367e+00) (6, -2.18645670108962852929e-01) (7, -9.62898043155011262861e-01) (8, 4.69711310297658779511e-01) (9, 2.79300566992004561939e-01) (0, 3.05415511327271904651e-01) (1, 5.02758723812920305107e-01) (2, 1.12605541705722100865e+00) (3, 1.82548691632109072458e-01) (4, 9.94551231559460346965e-01) (5, 2.26110959336452616020e-01) (6, 4.27981268213739329820e-01) (7, 1.10560752431999387291e+00) (8, -1.32663878799105772188e+00) (9, 2.07993502595489543339e-01) (0, 1.60137862966027810785e+00) (1, -2.80570961507865890283e+00) (2, -9.17802515478404190574e-02) (3, -7.37913723711392743887e-01) (4, -7.75981905908854630027e-02) (5, -9.43295165952383607433e-01) (6, -7.26242331647617311852e-01) (7, -1.72274066077313503520e+00) (8, 2.91642866674179002118e+00) (9, 1.63507224128213479730e+00) (10, -4.57147142471051193269e+00) (11, 5.15849341544740602750e-01) (12, -1.20627309245534988236e+01) (13, -1.01462513453410796416e+00) 
