FANN_FLO_2.1
num_layers=3
learning_rate=0.700000
connection_rate=1.000000
network_type=0
learning_momentum=0.000000
training_algorithm=2
train_error_function=1
train_stop_function=1
cascade_output_change_fraction=0.010000
quickprop_decay=-0.000100
quickprop_mu=1.750000
rprop_increase_factor=1.200000
rprop_decrease_factor=0.500000
rprop_delta_min=0.000000
rprop_delta_max=50.000000
rprop_delta_zero=0.100000
cascade_output_stagnation_epochs=12
cascade_candidate_change_fraction=0.010000
cascade_candidate_stagnation_epochs=12
cascade_max_out_epochs=150
cascade_min_out_epochs=50
cascade_max_cand_epochs=150
cascade_min_cand_epochs=50
cascade_num_candidate_groups=2
bit_fail_limit=1.00000000000000005551e-01
cascade_candidate_limit=1.00000000000000000000e+03
cascade_weight_multiplier=4.00000000000000022204e-01
cascade_activation_functions_count=10
cascade_activation_functions=3 5 7 8 10 11 14 15 16 17 
cascade_activation_steepnesses_count=4
cascade_activation_steepnesses=2.50000000000000000000e-01 5.00000000000000000000e-01 7.50000000000000000000e-01 1.00000000000000000000e+00 
layer_sizes=18 4 2 
scale_included=0
neurons (num_inputs, activation_function, activation_steepness)=(0, 0, 0.00000000000000000000e+00) (0, 0, 0.00000000000000000000e+00) (0, 0, 0.00000000000000000000e+00) (0, 0, 0.00000000000000000000e+00) (0, 0, 0.00000000000000000000e+00) (0, 0, 0.00000000000000000000e+00) (0, 0, 0.00000000000000000000e+00) (0, 0, 0.00000000000000000000e+00) (0, 0, 0.00000000000000000000e+00) (0, 0, 0.00000000000000000000e+00) (0, 0, 0.00000000000000000000e+00) (0, 0, 0.00000000000000000000e+00) (0, 0, 0.00000000000000000000e+00) (0, 0, 0.00000000000000000000e+00) (0, 0, 0.00000000000000000000e+00) (0, 0, 0.00000000000000000000e+00) (0, 0, 0.00000000000000000000e+00) (0, 0, 0.00000000000000000000e+00) (18, 6, 5.00000000000000000000e-01) (18, 6, 5.00000000000000000000e-01) (18, 6, 5.00000000000000000000e-01) (0, 6, 0.00000000000000000000e+00) (4, 4, 5.00000000000000000000e-01) (0, 4, 0.00000000000000000000e+00) 
connections (connected_to_neuron, weight)=(0, 1.42448512605497565886e+01) (1, -2.20337089362511484580e+00) (2, -2.09883544756656235108e+01) (3, 2.67680178881822117276e+00) (4, -4.86094075889340793140e+00) (5, 3.30941557763901994527e-01) (6, -2.35566365539564657183e+01) (7, 2.74914979155194982852e+00) (8, -5.83398398878467716600e+00) (9, -5.05586023727492506197e+00) (10, -2.00528041500892939553e+01) (11, -3.33138167626700631985e+00) (12, -6.07928137770528564943e+00) (13, -1.19984947588776114102e+00) (14, 1.58033008870856750416e-01) (15, -2.01546280119477883019e+00) (16, 2.66292127328770966699e+00) (17, 6.78246503681081058801e+00) (0, 1.95174078010294245189e+01) (1, -1.05224597349154276316e+01) (2, -1.78191401979241135223e+01) (3, 3.45238942653830216400e+00) (4, 1.47532774261133603488e+01) (5, 2.69374030927076768549e+00) (6, -1.95752236393982386176e+01) (7, -1.42789762817112220183e+00) (8, -7.95620738306646479998e+00) (9, -4.95713739336125236434e+00) (10, -7.99355827767545790152e+00) (11, -1.12016750630743420203e+01) (12, 1.48715231075007050521e+01) (13, -2.78163502047149702179e+00) (14, 4.66594393765331449941e+00) (15, -2.60450869644928806323e+00) (16, 3.82655576899749538811e+00) (17, 9.16485231789095600163e+00) (0, 5.42109177939370923127e+00) (1, -2.89489353937192728239e+00) (2, -2.76697476393072356871e+01) (3, 4.51226077086917598535e+00) (4, 5.00051729952838996951e+00) (5, 4.46906596388763344141e-01) (6, -4.15449977699596431080e+01) (7, 9.64698070935125828740e-01) (8, -1.87488732007111336131e+00) (9, -8.03338854421910220083e+00) (10, -1.47253371447962222440e+00) (11, -3.70484051514185575016e+00) (12, 3.10906124882611667459e+00) (13, -9.22293699270815392488e-01) (14, 1.17443463998352459754e+00) (15, -7.95654995509064488779e-01) (16, 4.55511761488877731097e+00) (17, 8.87907315227074356301e+00) (18, -1.49857803572149861360e+00) (19, -3.96158535963146318792e+00) (20, -2.04854843580190104646e+00) (21, -2.87707759426256215463e+00) 
