FANN_FLO_2.1
num_layers=3
learning_rate=0.700000
connection_rate=1.000000
network_type=0
learning_momentum=0.000000
training_algorithm=2
train_error_function=1
train_stop_function=1
cascade_output_change_fraction=0.010000
quickprop_decay=-0.000100
quickprop_mu=1.750000
rprop_increase_factor=1.200000
rprop_decrease_factor=0.500000
rprop_delta_min=0.000000
rprop_delta_max=50.000000
rprop_delta_zero=0.100000
cascade_output_stagnation_epochs=12
cascade_candidate_change_fraction=0.010000
cascade_candidate_stagnation_epochs=12
cascade_max_out_epochs=150
cascade_min_out_epochs=50
cascade_max_cand_epochs=150
cascade_min_cand_epochs=50
cascade_num_candidate_groups=2
bit_fail_limit=1.00000000000000005551e-01
cascade_candidate_limit=1.00000000000000000000e+03
cascade_weight_multiplier=4.00000000000000022204e-01
cascade_activation_functions_count=10
cascade_activation_functions=3 5 7 8 10 11 14 15 16 17 
cascade_activation_steepnesses_count=4
cascade_activation_steepnesses=2.50000000000000000000e-01 5.00000000000000000000e-01 7.50000000000000000000e-01 1.00000000000000000000e+00 
layer_sizes=10 4 2 
scale_included=0
neurons (num_inputs, activation_function, activation_steepness)=(0, 0, 0.00000000000000000000e+00) (0, 0, 0.00000000000000000000e+00) (0, 0, 0.00000000000000000000e+00) (0, 0, 0.00000000000000000000e+00) (0, 0, 0.00000000000000000000e+00) (0, 0, 0.00000000000000000000e+00) (0, 0, 0.00000000000000000000e+00) (0, 0, 0.00000000000000000000e+00) (0, 0, 0.00000000000000000000e+00) (0, 0, 0.00000000000000000000e+00) (10, 6, 5.00000000000000000000e-01) (10, 6, 5.00000000000000000000e-01) (10, 6, 5.00000000000000000000e-01) (0, 6, 0.00000000000000000000e+00) (4, 4, 5.00000000000000000000e-01) (0, 4, 0.00000000000000000000e+00) 
connections (connected_to_neuron, weight)=(0, -7.22996088550025373110e+00) (1, 4.00914362941245805416e+00) (2, 3.57340439963539235890e+00) (3, 1.28322724777192131995e+00) (4, 2.75869209574160434428e+00) (5, 4.46742540585130232245e+00) (6, 4.02569385034329041417e+00) (7, -1.45915684360823338928e+00) (8, 6.74178375408365315735e+00) (9, -6.58535708413254905480e+00) (0, -8.53048394826517686340e+00) (1, 3.60307880724524842719e+00) (2, 3.01904811853400811827e+00) (3, 1.17548543739050881385e+00) (4, 2.78177549572286419988e+00) (5, 2.98484460330472645140e+00) (6, 3.46329562535034263249e+00) (7, -1.43270003772696896682e+00) (8, 5.61651729163086343988e+00) (9, -4.81048236845829979558e+00) (0, -2.72777032969408761431e+00) (1, 8.21033414115408644030e-01) (2, 1.60819199740759888329e+00) (3, 7.08003673770740360460e-01) (4, 3.64059450774516735194e-01) (5, 1.03151059258225452631e+00) (6, -9.90172842575721690039e-02) (7, 8.06421946198765393632e-02) (8, 1.08796985255646072588e+00) (9, -1.46454965394126923606e+00) (10, 1.54464705959311800143e+02) (11, 9.94053895827953404307e+00) (12, 1.91767325947215128146e+00) (13, -6.71395382180806077344e-01) 
