FANN_FLO_2.1
num_layers=3
learning_rate=0.700000
connection_rate=1.000000
network_type=0
learning_momentum=0.000000
training_algorithm=2
train_error_function=1
train_stop_function=1
cascade_output_change_fraction=0.010000
quickprop_decay=-0.000100
quickprop_mu=1.750000
rprop_increase_factor=1.200000
rprop_decrease_factor=0.500000
rprop_delta_min=0.000000
rprop_delta_max=50.000000
rprop_delta_zero=0.100000
cascade_output_stagnation_epochs=12
cascade_candidate_change_fraction=0.010000
cascade_candidate_stagnation_epochs=12
cascade_max_out_epochs=150
cascade_min_out_epochs=50
cascade_max_cand_epochs=150
cascade_min_cand_epochs=50
cascade_num_candidate_groups=2
bit_fail_limit=1.00000000000000005551e-01
cascade_candidate_limit=1.00000000000000000000e+03
cascade_weight_multiplier=4.00000000000000022204e-01
cascade_activation_functions_count=10
cascade_activation_functions=3 5 7 8 10 11 14 15 16 17 
cascade_activation_steepnesses_count=4
cascade_activation_steepnesses=2.50000000000000000000e-01 5.00000000000000000000e-01 7.50000000000000000000e-01 1.00000000000000000000e+00 
layer_sizes=18 4 2 
scale_included=0
neurons (num_inputs, activation_function, activation_steepness)=(0, 0, 0.00000000000000000000e+00) (0, 0, 0.00000000000000000000e+00) (0, 0, 0.00000000000000000000e+00) (0, 0, 0.00000000000000000000e+00) (0, 0, 0.00000000000000000000e+00) (0, 0, 0.00000000000000000000e+00) (0, 0, 0.00000000000000000000e+00) (0, 0, 0.00000000000000000000e+00) (0, 0, 0.00000000000000000000e+00) (0, 0, 0.00000000000000000000e+00) (0, 0, 0.00000000000000000000e+00) (0, 0, 0.00000000000000000000e+00) (0, 0, 0.00000000000000000000e+00) (0, 0, 0.00000000000000000000e+00) (0, 0, 0.00000000000000000000e+00) (0, 0, 0.00000000000000000000e+00) (0, 0, 0.00000000000000000000e+00) (0, 0, 0.00000000000000000000e+00) (18, 6, 5.00000000000000000000e-01) (18, 6, 5.00000000000000000000e-01) (18, 6, 5.00000000000000000000e-01) (0, 6, 0.00000000000000000000e+00) (4, 4, 5.00000000000000000000e-01) (0, 4, 0.00000000000000000000e+00) 
connections (connected_to_neuron, weight)=(0, -3.48138356806270437005e+01) (1, 1.01947461259564375879e+00) (2, 1.06504056477291797478e+01) (3, 1.38991179068044012901e+00) (4, -2.18120655971777072102e-01) (5, -1.72346835575449697231e+00) (6, -4.76444576102850980703e+00) (7, -1.18392573186654326278e+00) (8, 1.35677998694179541284e-01) (9, 4.79403979606877150843e+00) (10, 9.11431190772879418205e+00) (11, -1.37175655434707568503e+01) (12, 2.90393637052176529778e+01) (13, 3.93720377369050078542e+00) (14, 7.99274778704692656639e-01) (15, 1.13380137264660318941e+00) (16, 4.22669303164061815892e+00) (17, -7.12692525130052878524e-01) (0, -2.72297992941156543623e+01) (1, 4.29104220972715477700e+00) (2, -1.04145197511324276718e+01) (3, 9.92891097741407158139e-01) (4, -1.61655218744085282800e+00) (5, 4.78236945402401669725e+00) (6, 3.35543274464365239851e+01) (7, 5.16187847833735258263e+00) (8, 3.13828108064760025187e+00) (9, 9.13219361667178475273e+00) (10, -1.03445575599034089720e+01) (11, 1.38002647521428478683e+01) (12, -1.95875994415673804205e+00) (13, 1.86867026088522791838e+00) (14, 9.59203063683832546360e+00) (15, 6.74002756542171255205e+00) (16, 1.38321159611169486325e+00) (17, -2.77214289898862709105e-01) (0, 6.94214018648721378213e+01) (1, -1.22912735767891039274e+01) (2, -1.04118768555974489098e-01) (3, -2.66523631675156602583e+00) (4, -1.66639986212212365402e+00) (5, 1.35717821123031772146e+01) (6, 1.33429878579464502764e+03) (7, -2.62708718702605314999e-01) (8, -1.22162039395633525984e+00) (9, -5.33728957891382904677e+00) (10, 2.18429686842641757494e+02) (11, 1.50000000000000000000e+03) (12, 6.24559338801267472263e+02) (13, -5.62739169321319039341e+01) (14, -6.11634213540973270540e+00) (15, -1.20700843061583764637e+01) (16, 1.23505674825439353270e+01) (17, 8.47165487712210385496e+00) (18, 1.04934680493510654742e+01) (19, 8.82666102988890166614e+00) (20, -5.73953176696653066813e+00) (21, -1.40010532937593401570e+00) 
