FANN_FLO_2.1
num_layers=3
learning_rate=0.700000
connection_rate=1.000000
network_type=0
learning_momentum=0.000000
training_algorithm=2
train_error_function=1
train_stop_function=1
cascade_output_change_fraction=0.010000
quickprop_decay=-0.000100
quickprop_mu=1.750000
rprop_increase_factor=1.200000
rprop_decrease_factor=0.500000
rprop_delta_min=0.000000
rprop_delta_max=50.000000
rprop_delta_zero=0.100000
cascade_output_stagnation_epochs=12
cascade_candidate_change_fraction=0.010000
cascade_candidate_stagnation_epochs=12
cascade_max_out_epochs=150
cascade_min_out_epochs=50
cascade_max_cand_epochs=150
cascade_min_cand_epochs=50
cascade_num_candidate_groups=2
bit_fail_limit=1.00000000000000005551e-01
cascade_candidate_limit=1.00000000000000000000e+03
cascade_weight_multiplier=4.00000000000000022204e-01
cascade_activation_functions_count=10
cascade_activation_functions=3 5 7 8 10 11 14 15 16 17 
cascade_activation_steepnesses_count=4
cascade_activation_steepnesses=2.50000000000000000000e-01 5.00000000000000000000e-01 7.50000000000000000000e-01 1.00000000000000000000e+00 
layer_sizes=8 4 2 
scale_included=0
neurons (num_inputs, activation_function, activation_steepness)=(0, 0, 0.00000000000000000000e+00) (0, 0, 0.00000000000000000000e+00) (0, 0, 0.00000000000000000000e+00) (0, 0, 0.00000000000000000000e+00) (0, 0, 0.00000000000000000000e+00) (0, 0, 0.00000000000000000000e+00) (0, 0, 0.00000000000000000000e+00) (0, 0, 0.00000000000000000000e+00) (8, 6, 5.00000000000000000000e-01) (8, 6, 5.00000000000000000000e-01) (8, 6, 5.00000000000000000000e-01) (0, 6, 0.00000000000000000000e+00) (4, 4, 5.00000000000000000000e-01) (0, 4, 0.00000000000000000000e+00) 
connections (connected_to_neuron, weight)=(0, -1.57813795159558956094e+00) (1, 2.30303782940109513788e+00) (2, 1.84052928212472477476e+00) (3, 3.05204480086011598061e+00) (4, 1.84373552778467764135e+00) (5, 3.34673943688662722806e+00) (6, -1.58181497629771983249e+00) (7, -3.30326225437156972831e+00) (0, -4.07410177663788564129e-01) (1, 1.09382205243405161710e+00) (2, 3.14251946355514275022e-02) (3, 2.26209783214693915809e+00) (4, 9.53294863354486543550e-01) (5, 1.41890905004570289094e+00) (6, -4.92070272262058572288e-01) (7, -6.87647110840766351281e-01) (0, 3.05887619592064963214e+00) (1, 8.17810320095368470383e-01) (2, 6.27410676898217500863e-01) (3, -8.71750530997817268952e-02) (4, 6.50629153108078672751e-01) (5, -7.27619947184789728212e-01) (6, 2.87770473873531695830e+00) (7, 4.44892518447191154252e+00) (8, 9.05015946413552541117e+01) (9, 1.64318878408529345236e+00) (10, -1.10121545061846659586e+00) (11, -1.14007206872483179971e+00) 
