FANN_FLO_2.1
num_layers=3
learning_rate=0.700000
connection_rate=1.000000
network_type=0
learning_momentum=0.000000
training_algorithm=2
train_error_function=1
train_stop_function=1
cascade_output_change_fraction=0.010000
quickprop_decay=-0.000100
quickprop_mu=1.750000
rprop_increase_factor=1.200000
rprop_decrease_factor=0.500000
rprop_delta_min=0.000000
rprop_delta_max=50.000000
rprop_delta_zero=0.100000
cascade_output_stagnation_epochs=12
cascade_candidate_change_fraction=0.010000
cascade_candidate_stagnation_epochs=12
cascade_max_out_epochs=150
cascade_min_out_epochs=50
cascade_max_cand_epochs=150
cascade_min_cand_epochs=50
cascade_num_candidate_groups=2
bit_fail_limit=1.00000000000000005551e-01
cascade_candidate_limit=1.00000000000000000000e+03
cascade_weight_multiplier=4.00000000000000022204e-01
cascade_activation_functions_count=10
cascade_activation_functions=3 5 7 8 10 11 14 15 16 17 
cascade_activation_steepnesses_count=4
cascade_activation_steepnesses=2.50000000000000000000e-01 5.00000000000000000000e-01 7.50000000000000000000e-01 1.00000000000000000000e+00 
layer_sizes=10 4 2 
scale_included=0
neurons (num_inputs, activation_function, activation_steepness)=(0, 0, 0.00000000000000000000e+00) (0, 0, 0.00000000000000000000e+00) (0, 0, 0.00000000000000000000e+00) (0, 0, 0.00000000000000000000e+00) (0, 0, 0.00000000000000000000e+00) (0, 0, 0.00000000000000000000e+00) (0, 0, 0.00000000000000000000e+00) (0, 0, 0.00000000000000000000e+00) (0, 0, 0.00000000000000000000e+00) (0, 0, 0.00000000000000000000e+00) (10, 6, 5.00000000000000000000e-01) (10, 6, 5.00000000000000000000e-01) (10, 6, 5.00000000000000000000e-01) (0, 6, 0.00000000000000000000e+00) (4, 4, 5.00000000000000000000e-01) (0, 4, 0.00000000000000000000e+00) 
connections (connected_to_neuron, weight)=(0, 4.28510006224244044404e+00) (1, 1.68631144054015663647e-01) (2, 7.24706125566442604935e+00) (3, 3.35586029416013431614e+00) (4, 2.24565113979089492346e+00) (5, 1.69012514842548888794e+00) (6, 2.68115601385151425262e+00) (7, 3.84111188226022459702e+00) (8, 2.94825424182067452605e+00) (9, -5.26483838061956621601e+00) (0, -1.64712971098756000288e+01) (1, -3.87639738644547104940e+00) (2, 5.11510370882227949352e+00) (3, -9.94489732327471842588e-01) (4, -3.31338585639841731734e+00) (5, 3.42038242825002114511e-02) (6, -1.09694085099377192094e+00) (7, -5.44024638549387429265e-01) (8, -1.46078669492681800790e+00) (9, 5.23389183821736470037e+00) (0, -7.00953010048112457042e+00) (1, -3.56530903235885432423e+00) (2, -3.35409263855042816260e+00) (3, 1.70288213595442639026e+00) (4, 2.29532522658270909943e+00) (5, 1.34863897800816689987e+00) (6, -2.10559580627793963004e+00) (7, 9.19115080166029829734e-01) (8, 1.74584391684365192177e+00) (9, 5.11275234450474957981e+00) (10, 1.91215762992252429342e+01) (11, -1.46395689422613966002e+01) (12, -6.03754950624372277446e+00) (13, -5.38753282870940175542e+00) 
