FANN_FLO_2.1
num_layers=3
learning_rate=0.700000
connection_rate=1.000000
network_type=0
learning_momentum=0.000000
training_algorithm=2
train_error_function=1
train_stop_function=1
cascade_output_change_fraction=0.010000
quickprop_decay=-0.000100
quickprop_mu=1.750000
rprop_increase_factor=1.200000
rprop_decrease_factor=0.500000
rprop_delta_min=0.000000
rprop_delta_max=50.000000
rprop_delta_zero=0.100000
cascade_output_stagnation_epochs=12
cascade_candidate_change_fraction=0.010000
cascade_candidate_stagnation_epochs=12
cascade_max_out_epochs=150
cascade_min_out_epochs=50
cascade_max_cand_epochs=150
cascade_min_cand_epochs=50
cascade_num_candidate_groups=2
bit_fail_limit=1.00000000000000005551e-01
cascade_candidate_limit=1.00000000000000000000e+03
cascade_weight_multiplier=4.00000000000000022204e-01
cascade_activation_functions_count=10
cascade_activation_functions=3 5 7 8 10 11 14 15 16 17 
cascade_activation_steepnesses_count=4
cascade_activation_steepnesses=2.50000000000000000000e-01 5.00000000000000000000e-01 7.50000000000000000000e-01 1.00000000000000000000e+00 
layer_sizes=6 4 2 
scale_included=0
neurons (num_inputs, activation_function, activation_steepness)=(0, 0, 0.00000000000000000000e+00) (0, 0, 0.00000000000000000000e+00) (0, 0, 0.00000000000000000000e+00) (0, 0, 0.00000000000000000000e+00) (0, 0, 0.00000000000000000000e+00) (0, 0, 0.00000000000000000000e+00) (6, 6, 5.00000000000000000000e-01) (6, 6, 5.00000000000000000000e-01) (6, 6, 5.00000000000000000000e-01) (0, 6, 0.00000000000000000000e+00) (4, 4, 5.00000000000000000000e-01) (0, 4, 0.00000000000000000000e+00) 
connections (connected_to_neuron, weight)=(0, 1.18971693123420041438e-01) (1, 2.38191060193629144948e+00) (2, 2.48157424595339115569e+00) (3, 1.48610521095054437524e+00) (4, 2.37417177327723383229e+00) (5, -8.96072859893715545354e-01) (0, 3.41592839904269529594e-01) (1, 7.81630743962300256200e-01) (2, 4.89834830826293587958e-01) (3, 8.03342529793709125840e-01) (4, 7.26126839142811730810e-01) (5, -5.46101438099092506562e-02) (0, 1.40483994101267972709e+00) (1, 2.17979400887472385406e+00) (2, 2.06025661932212944549e+00) (3, 3.12062755544779246719e+00) (4, 2.23248864693441850804e+00) (5, -2.45971687139639882957e+00) (6, 7.58071901312819740326e+00) (7, 9.19004490007131913387e-01) (8, 7.35040903887148022733e+00) (9, -2.44331568853626279747e+00) 
