FANN_FLO_2.1
num_layers=3
learning_rate=0.700000
connection_rate=1.000000
network_type=0
learning_momentum=0.000000
training_algorithm=2
train_error_function=1
train_stop_function=1
cascade_output_change_fraction=0.010000
quickprop_decay=-0.000100
quickprop_mu=1.750000
rprop_increase_factor=1.200000
rprop_decrease_factor=0.500000
rprop_delta_min=0.000000
rprop_delta_max=50.000000
rprop_delta_zero=0.100000
cascade_output_stagnation_epochs=12
cascade_candidate_change_fraction=0.010000
cascade_candidate_stagnation_epochs=12
cascade_max_out_epochs=150
cascade_min_out_epochs=50
cascade_max_cand_epochs=150
cascade_min_cand_epochs=50
cascade_num_candidate_groups=2
bit_fail_limit=1.00000000000000005551e-01
cascade_candidate_limit=1.00000000000000000000e+03
cascade_weight_multiplier=4.00000000000000022204e-01
cascade_activation_functions_count=10
cascade_activation_functions=3 5 7 8 10 11 14 15 16 17 
cascade_activation_steepnesses_count=4
cascade_activation_steepnesses=2.50000000000000000000e-01 5.00000000000000000000e-01 7.50000000000000000000e-01 1.00000000000000000000e+00 
layer_sizes=18 4 2 
scale_included=0
neurons (num_inputs, activation_function, activation_steepness)=(0, 0, 0.00000000000000000000e+00) (0, 0, 0.00000000000000000000e+00) (0, 0, 0.00000000000000000000e+00) (0, 0, 0.00000000000000000000e+00) (0, 0, 0.00000000000000000000e+00) (0, 0, 0.00000000000000000000e+00) (0, 0, 0.00000000000000000000e+00) (0, 0, 0.00000000000000000000e+00) (0, 0, 0.00000000000000000000e+00) (0, 0, 0.00000000000000000000e+00) (0, 0, 0.00000000000000000000e+00) (0, 0, 0.00000000000000000000e+00) (0, 0, 0.00000000000000000000e+00) (0, 0, 0.00000000000000000000e+00) (0, 0, 0.00000000000000000000e+00) (0, 0, 0.00000000000000000000e+00) (0, 0, 0.00000000000000000000e+00) (0, 0, 0.00000000000000000000e+00) (18, 6, 5.00000000000000000000e-01) (18, 6, 5.00000000000000000000e-01) (18, 6, 5.00000000000000000000e-01) (0, 6, 0.00000000000000000000e+00) (4, 4, 5.00000000000000000000e-01) (0, 4, 0.00000000000000000000e+00) 
connections (connected_to_neuron, weight)=(0, -2.56246946181017918320e+01) (1, -1.28506638359919406867e+03) (2, -1.40486389979651107751e+03) (3, -2.35289068974931865341e+02) (4, -1.37155846536854232909e+03) (5, 3.85359434969681746708e+00) (6, 6.94766512537958114137e+00) (7, 2.66187989599406815699e+00) (8, 2.65657471588400362350e+00) (9, -5.53009922859174829490e-01) (10, -1.21404613388817450570e+00) (11, 5.22093827760912265745e+00) (12, 4.23556046667508789838e-01) (13, 4.57307912487292633763e-01) (14, -1.26077176962612020361e+03) (15, 3.92978268867443158996e+00) (16, -1.34255706081080302283e+03) (17, -5.87462215489978145655e+00) (0, 5.64456272027317496054e+00) (1, 5.22550564084526030229e+01) (2, 1.68344559783867389058e+01) (3, -5.73691831882256266795e+01) (4, 4.78112658219024044826e-01) (5, -4.73769578569944993518e+00) (6, -1.96900477452313404925e+00) (7, 8.27467222309637762123e+00) (8, -9.84997895131494161092e-01) (9, -4.82037656254360324937e+00) (10, -3.89356025403608674296e+00) (11, 5.96806202756072434745e-01) (12, -6.40400212216170050539e-01) (13, -2.26860800488031566502e+00) (14, -1.45519431046951144282e+01) (15, -2.38138909604589521507e+00) (16, 4.73212960877358146394e-01) (17, -1.57314641549315209490e-01) (0, 7.75272438713977418701e+00) (1, -8.21661239446527247310e-02) (2, -1.09328112394824152886e+01) (3, 3.61733529905130168913e+01) (4, -4.45123269872662277180e+01) (5, -3.59260628131408299435e-01) (6, 1.12047683193194447249e+00) (7, -8.91202188010798579398e+00) (8, -1.30258403544623563297e-01) (9, 1.83333248409994986616e+00) (10, 1.70453634859611491414e+00) (11, -3.65112847964852305083e+00) (12, 1.68952730515743265727e+00) (13, 1.39301885813188541796e+00) (14, 1.67612361419839905885e+00) (15, 2.26409133703299891849e+00) (16, -4.45214128124433798916e+01) (17, 1.73358303940689517653e+00) (18, 7.27356711734364047572e+00) (19, -1.55430046641099846028e+01) (20, -1.44675361000689015611e+01) (21, -1.42785707761125979509e+00) 
