FANN_FLO_2.1
num_layers=3
learning_rate=0.700000
connection_rate=1.000000
network_type=0
learning_momentum=0.000000
training_algorithm=2
train_error_function=1
train_stop_function=1
cascade_output_change_fraction=0.010000
quickprop_decay=-0.000100
quickprop_mu=1.750000
rprop_increase_factor=1.200000
rprop_decrease_factor=0.500000
rprop_delta_min=0.000000
rprop_delta_max=50.000000
rprop_delta_zero=0.100000
cascade_output_stagnation_epochs=12
cascade_candidate_change_fraction=0.010000
cascade_candidate_stagnation_epochs=12
cascade_max_out_epochs=150
cascade_min_out_epochs=50
cascade_max_cand_epochs=150
cascade_min_cand_epochs=50
cascade_num_candidate_groups=2
bit_fail_limit=1.00000000000000005551e-01
cascade_candidate_limit=1.00000000000000000000e+03
cascade_weight_multiplier=4.00000000000000022204e-01
cascade_activation_functions_count=10
cascade_activation_functions=3 5 7 8 10 11 14 15 16 17 
cascade_activation_steepnesses_count=4
cascade_activation_steepnesses=2.50000000000000000000e-01 5.00000000000000000000e-01 7.50000000000000000000e-01 1.00000000000000000000e+00 
layer_sizes=9 4 2 
scale_included=0
neurons (num_inputs, activation_function, activation_steepness)=(0, 0, 0.00000000000000000000e+00) (0, 0, 0.00000000000000000000e+00) (0, 0, 0.00000000000000000000e+00) (0, 0, 0.00000000000000000000e+00) (0, 0, 0.00000000000000000000e+00) (0, 0, 0.00000000000000000000e+00) (0, 0, 0.00000000000000000000e+00) (0, 0, 0.00000000000000000000e+00) (0, 0, 0.00000000000000000000e+00) (9, 6, 5.00000000000000000000e-01) (9, 6, 5.00000000000000000000e-01) (9, 6, 5.00000000000000000000e-01) (0, 6, 0.00000000000000000000e+00) (4, 4, 5.00000000000000000000e-01) (0, 4, 0.00000000000000000000e+00) 
connections (connected_to_neuron, weight)=(0, -1.34884165660269905729e+00) (1, 2.93301822801925338169e+00) (2, 6.15999753916648629115e-01) (3, -5.41763610241765336539e-01) (4, 2.77838026882265332063e-01) (5, 2.97367436588857891877e-01) (6, -1.26718318150170494718e+00) (7, -1.00185379742025704175e+00) (8, -1.29834960088856865568e+00) (0, -1.21468865201600229042e+00) (1, 2.65943559458352707381e+00) (2, 7.11230150604633237776e-01) (3, -3.84764573721045666232e-01) (4, 5.81239880622480775685e-01) (5, 3.22955352124280170578e-01) (6, -1.20952656195290719765e+00) (7, -8.62323142572634870895e-01) (8, -1.20433752313979303139e+00) (0, -4.63620050857362797636e-01) (1, 1.41379304686188000950e+00) (2, 2.84827326224007193467e-01) (3, -4.69647373017689009900e-02) (4, 2.59547362303889306290e-01) (5, 1.41859467530737137775e-01) (6, -1.99746670912290591460e-01) (7, -1.46508949523868170495e-01) (8, -4.12985682810997123404e-01) (9, 6.42858064511712612443e+00) (10, 2.60915163401730820780e+00) (11, 6.14280896019764544036e-01) (12, -2.40756041716641222550e+00) 
