FANN_FLO_2.1
num_layers=3
learning_rate=0.700000
connection_rate=1.000000
network_type=0
learning_momentum=0.000000
training_algorithm=2
train_error_function=1
train_stop_function=1
cascade_output_change_fraction=0.010000
quickprop_decay=-0.000100
quickprop_mu=1.750000
rprop_increase_factor=1.200000
rprop_decrease_factor=0.500000
rprop_delta_min=0.000000
rprop_delta_max=50.000000
rprop_delta_zero=0.100000
cascade_output_stagnation_epochs=12
cascade_candidate_change_fraction=0.010000
cascade_candidate_stagnation_epochs=12
cascade_max_out_epochs=150
cascade_min_out_epochs=50
cascade_max_cand_epochs=150
cascade_min_cand_epochs=50
cascade_num_candidate_groups=2
bit_fail_limit=1.00000000000000005551e-01
cascade_candidate_limit=1.00000000000000000000e+03
cascade_weight_multiplier=4.00000000000000022204e-01
cascade_activation_functions_count=10
cascade_activation_functions=3 5 7 8 10 11 14 15 16 17 
cascade_activation_steepnesses_count=4
cascade_activation_steepnesses=2.50000000000000000000e-01 5.00000000000000000000e-01 7.50000000000000000000e-01 1.00000000000000000000e+00 
layer_sizes=14 4 2 
scale_included=0
neurons (num_inputs, activation_function, activation_steepness)=(0, 0, 0.00000000000000000000e+00) (0, 0, 0.00000000000000000000e+00) (0, 0, 0.00000000000000000000e+00) (0, 0, 0.00000000000000000000e+00) (0, 0, 0.00000000000000000000e+00) (0, 0, 0.00000000000000000000e+00) (0, 0, 0.00000000000000000000e+00) (0, 0, 0.00000000000000000000e+00) (0, 0, 0.00000000000000000000e+00) (0, 0, 0.00000000000000000000e+00) (0, 0, 0.00000000000000000000e+00) (0, 0, 0.00000000000000000000e+00) (0, 0, 0.00000000000000000000e+00) (0, 0, 0.00000000000000000000e+00) (14, 6, 5.00000000000000000000e-01) (14, 6, 5.00000000000000000000e-01) (14, 6, 5.00000000000000000000e-01) (0, 6, 0.00000000000000000000e+00) (4, 4, 5.00000000000000000000e-01) (0, 4, 0.00000000000000000000e+00) 
connections (connected_to_neuron, weight)=(0, -3.22545384476976071397e+00) (1, 1.04422895265974879919e+00) (2, 1.52429667452330375177e+00) (3, -3.05677036858669759489e-01) (4, -7.53434702797405653207e-01) (5, -4.56838118474122867330e-01) (6, 9.50025362505613979458e-01) (7, -1.02097306200364640327e-01) (8, 8.97769869592199509789e-01) (9, 7.57679041966004884756e-01) (10, 6.44819657411212119769e+02) (11, 2.23264921683238792838e+00) (12, 3.53454419573745043381e-02) (13, -8.67762298250814634315e-01) (0, -3.10580160330133203672e+00) (1, 9.80217960013531341978e-01) (2, 1.79127077309550375439e+00) (3, -2.62122941310836021778e-01) (4, -8.22838499079436513917e-01) (5, -5.12698420070880622745e-01) (6, 1.08462952969878800857e+00) (7, -2.01667811521390155649e-01) (8, 2.14524049999598176441e+00) (9, 7.30114343331039750140e-01) (10, 6.44680504631036910723e+02) (11, 2.26256269070671844901e+00) (12, 3.20373272706304834667e-01) (13, -8.63020219767709928504e-01) (0, -1.82048439503715897558e+00) (1, 3.42241748329123240957e-01) (2, 1.56517754136078846017e+01) (3, -7.21257127858193625158e-03) (4, -1.57118703093023712181e-02) (5, -8.14481153069342572737e-02) (6, 3.81160838061423146161e-01) (7, 6.20174181148469699787e-02) (8, 9.92969838506179813820e-01) (9, 2.77147438124274503313e-01) (10, 4.05055797472170638684e+02) (11, 1.02874004600217894279e+00) (12, 3.67055014237102975039e-02) (13, -2.06449740933682401867e-01) (14, 7.95077964535016157299e+00) (15, 4.15796107697546233339e+01) (16, 3.14797827834587762297e+00) (17, -1.53273424475060116023e+00) 
