FANN_FLO_2.1
num_layers=3
learning_rate=0.700000
connection_rate=1.000000
network_type=0
learning_momentum=0.000000
training_algorithm=2
train_error_function=1
train_stop_function=1
cascade_output_change_fraction=0.010000
quickprop_decay=-0.000100
quickprop_mu=1.750000
rprop_increase_factor=1.200000
rprop_decrease_factor=0.500000
rprop_delta_min=0.000000
rprop_delta_max=50.000000
rprop_delta_zero=0.100000
cascade_output_stagnation_epochs=12
cascade_candidate_change_fraction=0.010000
cascade_candidate_stagnation_epochs=12
cascade_max_out_epochs=150
cascade_min_out_epochs=50
cascade_max_cand_epochs=150
cascade_min_cand_epochs=50
cascade_num_candidate_groups=2
bit_fail_limit=1.00000000000000005551e-01
cascade_candidate_limit=1.00000000000000000000e+03
cascade_weight_multiplier=4.00000000000000022204e-01
cascade_activation_functions_count=10
cascade_activation_functions=3 5 7 8 10 11 14 15 16 17 
cascade_activation_steepnesses_count=4
cascade_activation_steepnesses=2.50000000000000000000e-01 5.00000000000000000000e-01 7.50000000000000000000e-01 1.00000000000000000000e+00 
layer_sizes=11 4 2 
scale_included=0
neurons (num_inputs, activation_function, activation_steepness)=(0, 0, 0.00000000000000000000e+00) (0, 0, 0.00000000000000000000e+00) (0, 0, 0.00000000000000000000e+00) (0, 0, 0.00000000000000000000e+00) (0, 0, 0.00000000000000000000e+00) (0, 0, 0.00000000000000000000e+00) (0, 0, 0.00000000000000000000e+00) (0, 0, 0.00000000000000000000e+00) (0, 0, 0.00000000000000000000e+00) (0, 0, 0.00000000000000000000e+00) (0, 0, 0.00000000000000000000e+00) (11, 6, 5.00000000000000000000e-01) (11, 6, 5.00000000000000000000e-01) (11, 6, 5.00000000000000000000e-01) (0, 6, 0.00000000000000000000e+00) (4, 4, 5.00000000000000000000e-01) (0, 4, 0.00000000000000000000e+00) 
connections (connected_to_neuron, weight)=(0, -1.49849947720663378981e+00) (1, 5.72666212161507282019e+00) (2, 6.25516531143600396092e-01) (3, 4.02198745308333105442e-01) (4, -1.43343021394804703839e-01) (5, -6.16693817485036488435e-01) (6, -1.83200625004366624005e-01) (7, -1.66705859126642930157e-01) (8, -1.07172165106760486353e+00) (9, -6.98526882041158314607e-01) (10, -1.10633175115810855615e+00) (0, 2.06436718027971677358e+00) (1, -5.84611114104714069128e+00) (2, -2.33292931987778923153e-01) (3, 1.37894034366463635877e-02) (4, 7.49281675918577305673e-01) (5, 1.23859950698872833819e+00) (6, 2.99331381755342018636e-01) (7, 6.30998817636249653695e-01) (8, 1.24618932403584747881e+00) (9, 1.19763627447148590655e+00) (10, 1.25270555712243347735e+00) (0, 1.79499502944270750149e+00) (1, -5.72253382196154269934e+00) (2, -2.28409910871522209286e-01) (3, -1.05869416894450313338e-01) (4, 6.72813223107336155770e-01) (5, 1.16001229532023697466e+00) (6, 7.12788553340910069345e-01) (7, 6.93708443446634404062e-01) (8, 1.19315840102692871660e+00) (9, 1.10487353227993279070e+00) (10, 1.74089404659787794216e+00) (11, 3.37694514844310322843e+00) (12, -2.98942820513164653207e+00) (13, -1.56719172924654315260e+00) (14, -1.17631055593228150968e+00) 
