FANN_FLO_2.1
num_layers=3
learning_rate=0.700000
connection_rate=1.000000
network_type=0
learning_momentum=0.000000
training_algorithm=2
train_error_function=1
train_stop_function=1
cascade_output_change_fraction=0.010000
quickprop_decay=-0.000100
quickprop_mu=1.750000
rprop_increase_factor=1.200000
rprop_decrease_factor=0.500000
rprop_delta_min=0.000000
rprop_delta_max=50.000000
rprop_delta_zero=0.100000
cascade_output_stagnation_epochs=12
cascade_candidate_change_fraction=0.010000
cascade_candidate_stagnation_epochs=12
cascade_max_out_epochs=150
cascade_min_out_epochs=50
cascade_max_cand_epochs=150
cascade_min_cand_epochs=50
cascade_num_candidate_groups=2
bit_fail_limit=1.00000000000000005551e-01
cascade_candidate_limit=1.00000000000000000000e+03
cascade_weight_multiplier=4.00000000000000022204e-01
cascade_activation_functions_count=10
cascade_activation_functions=3 5 7 8 10 11 14 15 16 17 
cascade_activation_steepnesses_count=4
cascade_activation_steepnesses=2.50000000000000000000e-01 5.00000000000000000000e-01 7.50000000000000000000e-01 1.00000000000000000000e+00 
layer_sizes=10 4 2 
scale_included=0
neurons (num_inputs, activation_function, activation_steepness)=(0, 0, 0.00000000000000000000e+00) (0, 0, 0.00000000000000000000e+00) (0, 0, 0.00000000000000000000e+00) (0, 0, 0.00000000000000000000e+00) (0, 0, 0.00000000000000000000e+00) (0, 0, 0.00000000000000000000e+00) (0, 0, 0.00000000000000000000e+00) (0, 0, 0.00000000000000000000e+00) (0, 0, 0.00000000000000000000e+00) (0, 0, 0.00000000000000000000e+00) (10, 6, 5.00000000000000000000e-01) (10, 6, 5.00000000000000000000e-01) (10, 6, 5.00000000000000000000e-01) (0, 6, 0.00000000000000000000e+00) (4, 4, 5.00000000000000000000e-01) (0, 4, 0.00000000000000000000e+00) 
connections (connected_to_neuron, weight)=(0, -7.94442229600464122630e-02) (1, 9.03706162212992714089e-01) (2, 1.41305861650404374075e+00) (3, 2.43804039784574599903e-01) (4, 1.81392822059692315761e-01) (5, 1.02041123785877305141e-01) (6, 1.17652245980392519686e-01) (7, -5.16444516995211988508e-02) (8, 2.94139334000689089965e-01) (9, -1.80635296616128593339e-01) (0, -1.38684569868100493473e+00) (1, 5.06835316884562514517e-01) (2, 7.77445255520684241901e+00) (3, 5.18321493109166087088e-01) (4, -4.23468948442552450828e-02) (5, 6.64236006726920069632e-01) (6, -1.18472021911794567206e-01) (7, -5.02870728298048685900e-01) (8, 2.12011704764546032864e-01) (9, -1.34526680978787749332e+00) (0, -4.33598398027252973641e-01) (1, 5.58096642700800060766e-01) (2, 3.24275252377956624272e+00) (3, 1.37421653403530769078e-01) (4, 3.07788675827088742398e-01) (5, 6.92491464154822156107e-02) (6, -6.34868854356069461931e-03) (7, -1.33571451918407912984e-01) (8, 2.96254553629683559102e-01) (9, -4.22859354672264875497e-01) (10, 1.24997215346512091649e+00) (11, 7.64134982916457161650e+00) (12, 1.26625188068565619481e+00) (13, -2.06124029018269583347e+00) 
