FANN_FLO_2.1
num_layers=3
learning_rate=0.700000
connection_rate=1.000000
network_type=0
learning_momentum=0.000000
training_algorithm=2
train_error_function=1
train_stop_function=1
cascade_output_change_fraction=0.010000
quickprop_decay=-0.000100
quickprop_mu=1.750000
rprop_increase_factor=1.200000
rprop_decrease_factor=0.500000
rprop_delta_min=0.000000
rprop_delta_max=50.000000
rprop_delta_zero=0.100000
cascade_output_stagnation_epochs=12
cascade_candidate_change_fraction=0.010000
cascade_candidate_stagnation_epochs=12
cascade_max_out_epochs=150
cascade_min_out_epochs=50
cascade_max_cand_epochs=150
cascade_min_cand_epochs=50
cascade_num_candidate_groups=2
bit_fail_limit=1.00000000000000005551e-01
cascade_candidate_limit=1.00000000000000000000e+03
cascade_weight_multiplier=4.00000000000000022204e-01
cascade_activation_functions_count=10
cascade_activation_functions=3 5 7 8 10 11 14 15 16 17 
cascade_activation_steepnesses_count=4
cascade_activation_steepnesses=2.50000000000000000000e-01 5.00000000000000000000e-01 7.50000000000000000000e-01 1.00000000000000000000e+00 
layer_sizes=14 4 2 
scale_included=0
neurons (num_inputs, activation_function, activation_steepness)=(0, 0, 0.00000000000000000000e+00) (0, 0, 0.00000000000000000000e+00) (0, 0, 0.00000000000000000000e+00) (0, 0, 0.00000000000000000000e+00) (0, 0, 0.00000000000000000000e+00) (0, 0, 0.00000000000000000000e+00) (0, 0, 0.00000000000000000000e+00) (0, 0, 0.00000000000000000000e+00) (0, 0, 0.00000000000000000000e+00) (0, 0, 0.00000000000000000000e+00) (0, 0, 0.00000000000000000000e+00) (0, 0, 0.00000000000000000000e+00) (0, 0, 0.00000000000000000000e+00) (0, 0, 0.00000000000000000000e+00) (14, 6, 5.00000000000000000000e-01) (14, 6, 5.00000000000000000000e-01) (14, 6, 5.00000000000000000000e-01) (0, 6, 0.00000000000000000000e+00) (4, 4, 5.00000000000000000000e-01) (0, 4, 0.00000000000000000000e+00) 
connections (connected_to_neuron, weight)=(0, -4.12174243345345647782e+00) (1, 2.79484297480148047299e+00) (2, 1.59187749923594057400e+00) (3, 1.58208525146322376287e+00) (4, 1.32129807523326392449e+00) (5, -2.59271391799334116612e-01) (6, 3.00702375592420168005e+00) (7, -1.85348923924421482567e+00) (8, -2.51150092037692918012e+00) (9, 1.42312172521905000444e+00) (10, -2.75326071761667734439e-01) (11, -2.76561246303263619239e+00) (12, 1.51646844019249971147e+00) (13, -2.78470022770487979358e+00) (0, 2.15062892681953693463e-01) (1, -4.73047324351636044870e-01) (2, -2.35228967022062113168e-01) (3, -1.63644533570211081486e-01) (4, 2.03788736309979207073e-01) (5, 8.75788521689640636625e-02) (6, 1.25449437903284388707e-01) (7, 1.53953678962046092149e-01) (8, 7.69343737173520891837e-01) (9, -1.05230059440534248760e-01) (10, -2.91620414643598946380e-01) (11, 1.69396100379734237951e-01) (12, -1.57729994471471457462e-01) (13, -2.94609226259573905859e-02) (0, -4.21575219794596733891e+00) (1, 2.88400731753271788449e+00) (2, 1.36719758462374829655e+00) (3, 1.50607440342263276811e+00) (4, 9.89022868433746538130e-01) (5, -1.55430250933054514562e-01) (6, 3.01131727220246858678e+00) (7, -1.87409668090795689110e+00) (8, -2.47806806417480363081e+00) (9, 1.50742303301648195024e+00) (10, -2.30908910267174249942e-01) (11, -2.68223478881064369972e+00) (12, 1.40298917611197526689e+00) (13, -2.78088259491049960559e+00) (14, 5.15309674404871920217e+00) (15, -2.91079658016676179333e-01) (16, 5.18200262002957323659e+00) (17, -7.32158405706817227987e-01) 
