FANN_FLO_2.1
num_layers=3
learning_rate=0.700000
connection_rate=1.000000
network_type=0
learning_momentum=0.000000
training_algorithm=2
train_error_function=1
train_stop_function=1
cascade_output_change_fraction=0.010000
quickprop_decay=-0.000100
quickprop_mu=1.750000
rprop_increase_factor=1.200000
rprop_decrease_factor=0.500000
rprop_delta_min=0.000000
rprop_delta_max=50.000000
rprop_delta_zero=0.100000
cascade_output_stagnation_epochs=12
cascade_candidate_change_fraction=0.010000
cascade_candidate_stagnation_epochs=12
cascade_max_out_epochs=150
cascade_min_out_epochs=50
cascade_max_cand_epochs=150
cascade_min_cand_epochs=50
cascade_num_candidate_groups=2
bit_fail_limit=1.00000000000000005551e-01
cascade_candidate_limit=1.00000000000000000000e+03
cascade_weight_multiplier=4.00000000000000022204e-01
cascade_activation_functions_count=10
cascade_activation_functions=3 5 7 8 10 11 14 15 16 17 
cascade_activation_steepnesses_count=4
cascade_activation_steepnesses=2.50000000000000000000e-01 5.00000000000000000000e-01 7.50000000000000000000e-01 1.00000000000000000000e+00 
layer_sizes=9 4 2 
scale_included=0
neurons (num_inputs, activation_function, activation_steepness)=(0, 0, 0.00000000000000000000e+00) (0, 0, 0.00000000000000000000e+00) (0, 0, 0.00000000000000000000e+00) (0, 0, 0.00000000000000000000e+00) (0, 0, 0.00000000000000000000e+00) (0, 0, 0.00000000000000000000e+00) (0, 0, 0.00000000000000000000e+00) (0, 0, 0.00000000000000000000e+00) (0, 0, 0.00000000000000000000e+00) (9, 6, 5.00000000000000000000e-01) (9, 6, 5.00000000000000000000e-01) (9, 6, 5.00000000000000000000e-01) (0, 6, 0.00000000000000000000e+00) (4, 4, 5.00000000000000000000e-01) (0, 4, 0.00000000000000000000e+00) 
connections (connected_to_neuron, weight)=(0, -1.30809490211031254070e+00) (1, 1.02747493960138780444e+00) (2, 8.35937451253408125851e-01) (3, 1.08151236501311109883e+00) (4, 1.26157073850916101598e+00) (5, 6.04067261891926055029e-01) (6, 5.03366995168210706879e-01) (7, 1.53854468572803715354e+00) (8, -4.02246694511178448650e-01) (0, 2.35802515883201957436e+00) (1, -2.94404745704981252175e+00) (2, -1.16613013075253069140e+00) (3, -3.76952249357514634909e+00) (4, -1.47490853559028534114e+00) (5, -2.45355368538863283234e+00) (6, -2.41376298054225069123e+00) (7, -3.93819522336428251563e+00) (8, 3.35140108704310968335e+00) (0, 3.83371006143646742004e+00) (1, -4.21451949480940690762e+00) (2, -2.10150624097481708574e+00) (3, -3.73988785767965570273e+00) (4, -1.37188053618919258980e+00) (5, -1.04381860389719971494e+00) (6, -1.39104772590530112453e+00) (7, -4.03742678687279266114e+00) (8, 3.80272083175735975402e+00) (9, 1.61892879681806056702e+00) (10, -4.73640349361959511754e+00) (11, -4.73204891238275582310e+00) (12, -9.59175724928774564582e-01) 
