FANN_FLO_2.1
num_layers=3
learning_rate=0.700000
connection_rate=1.000000
network_type=0
learning_momentum=0.000000
training_algorithm=2
train_error_function=1
train_stop_function=1
cascade_output_change_fraction=0.010000
quickprop_decay=-0.000100
quickprop_mu=1.750000
rprop_increase_factor=1.200000
rprop_decrease_factor=0.500000
rprop_delta_min=0.000000
rprop_delta_max=50.000000
rprop_delta_zero=0.100000
cascade_output_stagnation_epochs=12
cascade_candidate_change_fraction=0.010000
cascade_candidate_stagnation_epochs=12
cascade_max_out_epochs=150
cascade_min_out_epochs=50
cascade_max_cand_epochs=150
cascade_min_cand_epochs=50
cascade_num_candidate_groups=2
bit_fail_limit=1.00000000000000005551e-01
cascade_candidate_limit=1.00000000000000000000e+03
cascade_weight_multiplier=4.00000000000000022204e-01
cascade_activation_functions_count=10
cascade_activation_functions=3 5 7 8 10 11 14 15 16 17 
cascade_activation_steepnesses_count=4
cascade_activation_steepnesses=2.50000000000000000000e-01 5.00000000000000000000e-01 7.50000000000000000000e-01 1.00000000000000000000e+00 
layer_sizes=10 4 2 
scale_included=0
neurons (num_inputs, activation_function, activation_steepness)=(0, 0, 0.00000000000000000000e+00) (0, 0, 0.00000000000000000000e+00) (0, 0, 0.00000000000000000000e+00) (0, 0, 0.00000000000000000000e+00) (0, 0, 0.00000000000000000000e+00) (0, 0, 0.00000000000000000000e+00) (0, 0, 0.00000000000000000000e+00) (0, 0, 0.00000000000000000000e+00) (0, 0, 0.00000000000000000000e+00) (0, 0, 0.00000000000000000000e+00) (10, 6, 5.00000000000000000000e-01) (10, 6, 5.00000000000000000000e-01) (10, 6, 5.00000000000000000000e-01) (0, 6, 0.00000000000000000000e+00) (4, 4, 5.00000000000000000000e-01) (0, 4, 0.00000000000000000000e+00) 
connections (connected_to_neuron, weight)=(0, 2.61499131992064235419e+01) (1, -3.91835045138716520086e+00) (2, -5.15550682162099249695e+00) (3, 4.32691302669302846340e+00) (4, -3.88093060207053541788e+00) (5, -3.89508941986414525260e+00) (6, -5.29712649494164988795e+00) (7, 4.15726463750746866310e+00) (8, -4.56202865094993281758e+00) (9, 4.98541853497700415687e-02) (0, 1.48443213633719928168e+00) (1, 6.27467100531724275569e-01) (2, 1.02340923795877958291e+00) (3, -2.45088327729308746994e-01) (4, 5.96045739068710278552e-01) (5, 7.56005525865719008038e-01) (6, 9.67142443829361653229e-01) (7, -1.59463782574665480229e-01) (8, 1.82819667169759725311e-01) (9, -2.02980573799458330342e+00) (0, -6.46856680358071756132e+00) (1, 5.41877697723113360695e+00) (2, 4.79187034893300545235e+00) (3, -4.01883323975362194425e-01) (4, 5.42213249212964143453e+00) (5, 5.16379094843803176929e+00) (6, 4.89423214621098345845e+00) (7, -2.30698308744591018549e-01) (8, 6.28005798330712217137e+00) (9, -2.51903092086438906705e+00) (10, 1.42818638133548283520e+01) (11, 1.79462011682158575354e+01) (12, 1.26918936996497997427e+01) (13, -1.36884050765349463141e+00) 
