FANN_FLO_2.1
num_layers=3
learning_rate=0.700000
connection_rate=1.000000
network_type=0
learning_momentum=0.000000
training_algorithm=2
train_error_function=1
train_stop_function=1
cascade_output_change_fraction=0.010000
quickprop_decay=-0.000100
quickprop_mu=1.750000
rprop_increase_factor=1.200000
rprop_decrease_factor=0.500000
rprop_delta_min=0.000000
rprop_delta_max=50.000000
rprop_delta_zero=0.100000
cascade_output_stagnation_epochs=12
cascade_candidate_change_fraction=0.010000
cascade_candidate_stagnation_epochs=12
cascade_max_out_epochs=150
cascade_min_out_epochs=50
cascade_max_cand_epochs=150
cascade_min_cand_epochs=50
cascade_num_candidate_groups=2
bit_fail_limit=1.00000000000000005551e-01
cascade_candidate_limit=1.00000000000000000000e+03
cascade_weight_multiplier=4.00000000000000022204e-01
cascade_activation_functions_count=10
cascade_activation_functions=3 5 7 8 10 11 14 15 16 17 
cascade_activation_steepnesses_count=4
cascade_activation_steepnesses=2.50000000000000000000e-01 5.00000000000000000000e-01 7.50000000000000000000e-01 1.00000000000000000000e+00 
layer_sizes=13 4 2 
scale_included=0
neurons (num_inputs, activation_function, activation_steepness)=(0, 0, 0.00000000000000000000e+00) (0, 0, 0.00000000000000000000e+00) (0, 0, 0.00000000000000000000e+00) (0, 0, 0.00000000000000000000e+00) (0, 0, 0.00000000000000000000e+00) (0, 0, 0.00000000000000000000e+00) (0, 0, 0.00000000000000000000e+00) (0, 0, 0.00000000000000000000e+00) (0, 0, 0.00000000000000000000e+00) (0, 0, 0.00000000000000000000e+00) (0, 0, 0.00000000000000000000e+00) (0, 0, 0.00000000000000000000e+00) (0, 0, 0.00000000000000000000e+00) (13, 6, 5.00000000000000000000e-01) (13, 6, 5.00000000000000000000e-01) (13, 6, 5.00000000000000000000e-01) (0, 6, 0.00000000000000000000e+00) (4, 4, 5.00000000000000000000e-01) (0, 4, 0.00000000000000000000e+00) 
connections (connected_to_neuron, weight)=(0, 7.11319923041987411949e+00) (1, -4.31592983659352746884e+00) (2, -3.57470025437738181395e+00) (3, -1.05423156204625256827e+00) (4, 4.66758507673969713636e+00) (5, -4.90996833069856020160e+00) (6, -4.57361449170128686603e+00) (7, -3.54341149995811033335e+00) (8, -2.35860820425765327357e+00) (9, -6.31024430951736547968e-02) (10, -1.32285028158122774933e+00) (11, 3.98513833766658692737e-02) (12, 4.18271298445767847340e+00) (0, -2.34481549175386838613e+00) (1, 1.15428396780852482451e+00) (2, 1.74886581985090172608e+00) (3, 1.09166299884404671694e+00) (4, -8.30421287423686482754e-01) (5, -8.28704462163320013102e-03) (6, 1.71917259668252642157e+00) (7, 1.13840315954524173847e+00) (8, 1.08109484595188165557e+00) (9, 4.67679898315330688785e-01) (10, 8.64111222420785973775e-01) (11, -3.75284568887069236442e-01) (12, -5.34913550489917399844e-01) (0, 6.34477049476948051776e-01) (1, -9.65049870743574400578e-01) (2, -9.95637783533050546581e-01) (3, -7.51847668368469251865e-02) (4, 4.79523243679802202433e-01) (5, 1.74859049560992796390e-01) (6, -4.00124093782553147403e-01) (7, -4.55534195077900716520e-01) (8, -3.43097965846213937002e-01) (9, 2.97454726156264614989e-01) (10, -1.78236518532802479253e-02) (11, 9.72393067342442352086e-01) (12, 3.68494725911294174203e-01) (13, -1.16085150187621550799e+01) (14, 1.90982144253890950836e+00) (15, -3.02731620393434441851e+00) (16, -1.53206671199895327895e+00) 
