FANN_FLO_2.1
num_layers=3
learning_rate=0.700000
connection_rate=1.000000
network_type=0
learning_momentum=0.000000
training_algorithm=2
train_error_function=1
train_stop_function=1
cascade_output_change_fraction=0.010000
quickprop_decay=-0.000100
quickprop_mu=1.750000
rprop_increase_factor=1.200000
rprop_decrease_factor=0.500000
rprop_delta_min=0.000000
rprop_delta_max=50.000000
rprop_delta_zero=0.100000
cascade_output_stagnation_epochs=12
cascade_candidate_change_fraction=0.010000
cascade_candidate_stagnation_epochs=12
cascade_max_out_epochs=150
cascade_min_out_epochs=50
cascade_max_cand_epochs=150
cascade_min_cand_epochs=50
cascade_num_candidate_groups=2
bit_fail_limit=1.00000000000000005551e-01
cascade_candidate_limit=1.00000000000000000000e+03
cascade_weight_multiplier=4.00000000000000022204e-01
cascade_activation_functions_count=10
cascade_activation_functions=3 5 7 8 10 11 14 15 16 17 
cascade_activation_steepnesses_count=4
cascade_activation_steepnesses=2.50000000000000000000e-01 5.00000000000000000000e-01 7.50000000000000000000e-01 1.00000000000000000000e+00 
layer_sizes=6 4 2 
scale_included=0
neurons (num_inputs, activation_function, activation_steepness)=(0, 0, 0.00000000000000000000e+00) (0, 0, 0.00000000000000000000e+00) (0, 0, 0.00000000000000000000e+00) (0, 0, 0.00000000000000000000e+00) (0, 0, 0.00000000000000000000e+00) (0, 0, 0.00000000000000000000e+00) (6, 6, 5.00000000000000000000e-01) (6, 6, 5.00000000000000000000e-01) (6, 6, 5.00000000000000000000e-01) (0, 6, 0.00000000000000000000e+00) (4, 4, 5.00000000000000000000e-01) (0, 4, 0.00000000000000000000e+00) 
connections (connected_to_neuron, weight)=(0, 1.57528740303956960034e+00) (1, 1.58313789989088782306e+00) (2, 1.41856005659981299072e-01) (3, 1.63781555481025509202e+00) (4, 3.84733742636373721169e-01) (5, -1.71892803141663774724e+00) (0, 2.25640734265281617255e+00) (1, 1.63467379525994926937e+00) (2, 1.69080095775196537211e+00) (3, 1.62137426443116705599e+00) (4, 3.78448205602100573586e-01) (5, -2.71015517274495154609e+00) (0, 1.65134391324960683178e+00) (1, 1.51714518909178064376e+00) (2, 4.19801429577507656532e-01) (3, 1.57280962575487137656e+00) (4, 3.51057207745245181130e-01) (5, -1.72843809032629236455e+00) (6, 3.69689989557553166932e+00) (7, 1.44376702371869754415e+02) (8, 2.36295891928784413949e+01) (9, -3.46115831137493357161e+00) 
