FANN_FLO_2.1
num_layers=3
learning_rate=0.700000
connection_rate=1.000000
network_type=0
learning_momentum=0.000000
training_algorithm=2
train_error_function=1
train_stop_function=1
cascade_output_change_fraction=0.010000
quickprop_decay=-0.000100
quickprop_mu=1.750000
rprop_increase_factor=1.200000
rprop_decrease_factor=0.500000
rprop_delta_min=0.000000
rprop_delta_max=50.000000
rprop_delta_zero=0.100000
cascade_output_stagnation_epochs=12
cascade_candidate_change_fraction=0.010000
cascade_candidate_stagnation_epochs=12
cascade_max_out_epochs=150
cascade_min_out_epochs=50
cascade_max_cand_epochs=150
cascade_min_cand_epochs=50
cascade_num_candidate_groups=2
bit_fail_limit=1.00000000000000005551e-01
cascade_candidate_limit=1.00000000000000000000e+03
cascade_weight_multiplier=4.00000000000000022204e-01
cascade_activation_functions_count=10
cascade_activation_functions=3 5 7 8 10 11 14 15 16 17 
cascade_activation_steepnesses_count=4
cascade_activation_steepnesses=2.50000000000000000000e-01 5.00000000000000000000e-01 7.50000000000000000000e-01 1.00000000000000000000e+00 
layer_sizes=14 4 2 
scale_included=0
neurons (num_inputs, activation_function, activation_steepness)=(0, 0, 0.00000000000000000000e+00) (0, 0, 0.00000000000000000000e+00) (0, 0, 0.00000000000000000000e+00) (0, 0, 0.00000000000000000000e+00) (0, 0, 0.00000000000000000000e+00) (0, 0, 0.00000000000000000000e+00) (0, 0, 0.00000000000000000000e+00) (0, 0, 0.00000000000000000000e+00) (0, 0, 0.00000000000000000000e+00) (0, 0, 0.00000000000000000000e+00) (0, 0, 0.00000000000000000000e+00) (0, 0, 0.00000000000000000000e+00) (0, 0, 0.00000000000000000000e+00) (0, 0, 0.00000000000000000000e+00) (14, 6, 5.00000000000000000000e-01) (14, 6, 5.00000000000000000000e-01) (14, 6, 5.00000000000000000000e-01) (0, 6, 0.00000000000000000000e+00) (4, 4, 5.00000000000000000000e-01) (0, 4, 0.00000000000000000000e+00) 
connections (connected_to_neuron, weight)=(0, 1.31061956804815125111e+01) (1, -7.93471671982256232525e+00) (2, 2.21180295771074639788e+02) (3, 6.85140419531679611964e+00) (4, 2.26972888020447349788e+00) (5, 1.93189839667072078555e+01) (6, -4.24849753417103670472e+00) (7, -1.41395927730731969518e+01) (8, -4.97557661461240807732e-01) (9, 2.03283735118280173282e+00) (10, 2.98679689846376618334e+02) (11, 7.94934878583365787108e+01) (12, 3.96585190285333766269e+01) (13, 9.46710777861225771801e+00) (0, -4.82537215700743082891e+00) (1, 4.76489718367928638543e+00) (2, 5.72782808868357662391e+00) (3, -8.34253340991345848643e-01) (4, -4.82546049529993636984e-01) (5, -9.69961944941547526966e-02) (6, 2.96388129206798522919e-01) (7, 4.40171785736382403798e+00) (8, 3.01375257613175559501e-02) (9, -8.91720012820235274908e-01) (10, 7.95580401045675289495e-01) (11, -1.56878330883295080689e+00) (12, -2.03260961244947235826e+00) (13, -4.82949933907387141119e+00) (0, 9.30910162518095440909e-01) (1, 1.74002809752046716518e+00) (2, -1.41542763080939568709e+01) (3, 4.25218762812079487112e-01) (4, -3.72535252990990883859e-02) (5, 4.38332840073815607762e-02) (6, -4.92760790258768677230e-01) (7, -3.65696174741931656627e+00) (8, 4.63793998083521785691e-01) (9, 9.69579112614468496822e-01) (10, -2.43006017242136884704e-01) (11, -1.69477198058830480498e+00) (12, 2.60873864159797130835e-01) (13, 3.98148513436107354124e-01) (14, -1.24378579483258011606e+00) (15, 8.15826732036485680055e+00) (16, -4.41572131298292092083e-01) (17, -1.61650778463160316178e+00) 
