FANN_FLO_2.1
num_layers=3
learning_rate=0.700000
connection_rate=1.000000
network_type=0
learning_momentum=0.000000
training_algorithm=2
train_error_function=1
train_stop_function=1
cascade_output_change_fraction=0.010000
quickprop_decay=-0.000100
quickprop_mu=1.750000
rprop_increase_factor=1.200000
rprop_decrease_factor=0.500000
rprop_delta_min=0.000000
rprop_delta_max=50.000000
rprop_delta_zero=0.100000
cascade_output_stagnation_epochs=12
cascade_candidate_change_fraction=0.010000
cascade_candidate_stagnation_epochs=12
cascade_max_out_epochs=150
cascade_min_out_epochs=50
cascade_max_cand_epochs=150
cascade_min_cand_epochs=50
cascade_num_candidate_groups=2
bit_fail_limit=1.00000000000000005551e-01
cascade_candidate_limit=1.00000000000000000000e+03
cascade_weight_multiplier=4.00000000000000022204e-01
cascade_activation_functions_count=10
cascade_activation_functions=3 5 7 8 10 11 14 15 16 17 
cascade_activation_steepnesses_count=4
cascade_activation_steepnesses=2.50000000000000000000e-01 5.00000000000000000000e-01 7.50000000000000000000e-01 1.00000000000000000000e+00 
layer_sizes=13 4 2 
scale_included=0
neurons (num_inputs, activation_function, activation_steepness)=(0, 0, 0.00000000000000000000e+00) (0, 0, 0.00000000000000000000e+00) (0, 0, 0.00000000000000000000e+00) (0, 0, 0.00000000000000000000e+00) (0, 0, 0.00000000000000000000e+00) (0, 0, 0.00000000000000000000e+00) (0, 0, 0.00000000000000000000e+00) (0, 0, 0.00000000000000000000e+00) (0, 0, 0.00000000000000000000e+00) (0, 0, 0.00000000000000000000e+00) (0, 0, 0.00000000000000000000e+00) (0, 0, 0.00000000000000000000e+00) (0, 0, 0.00000000000000000000e+00) (13, 6, 5.00000000000000000000e-01) (13, 6, 5.00000000000000000000e-01) (13, 6, 5.00000000000000000000e-01) (0, 6, 0.00000000000000000000e+00) (4, 4, 5.00000000000000000000e-01) (0, 4, 0.00000000000000000000e+00) 
connections (connected_to_neuron, weight)=(0, 7.10714941492450602567e+00) (1, -5.47144407038407987187e+00) (2, -3.81235102405866799202e+00) (3, 2.92978591201911053865e-01) (4, 2.94705690175362899907e+00) (5, 1.81744446607745774314e-01) (6, 7.87406907467198546868e+00) (7, 2.65816685558689336233e+00) (8, 1.70801448764645069645e+00) (9, -1.62241881177815838733e+00) (10, 3.04063258375753520113e+00) (11, 8.22299619032704853794e+00) (12, 4.27865102692413223906e+00) (0, -1.92376772515242677741e+00) (1, 2.99756076240179725190e+00) (2, 2.24945500602438758220e-01) (3, -1.28185657593141666410e+00) (4, -1.22160531016718021391e+00) (5, 8.85447537130567230435e-01) (6, -5.93920893449624509586e-01) (7, -2.71149747371898064419e-01) (8, -2.07771896329653260604e-01) (9, 5.27490707344005160806e-01) (10, -1.10901295345424522054e+00) (11, -1.27750640481938160242e+00) (12, -1.63370157315715092139e+00) (0, -6.92693254329333818475e+00) (1, -1.55563575694641609282e+00) (2, 1.79692259221389889490e+01) (3, -4.14193698721132319562e-01) (4, -1.91932562201381684552e+00) (5, 1.08181286891664604766e-01) (6, -1.12965475688466532311e+00) (7, -6.34984652843258112753e-01) (8, -8.43662697676269418556e-02) (9, -1.59807826738199865169e+00) (10, -3.00211801249600984676e+00) (11, -1.35095577498521413062e+00) (12, -1.64960298331851040743e+00) (13, -1.66688143408083244701e+00) (14, 6.10377350076937830181e+00) (15, 4.78726404089961565802e+00) (16, -2.27478949707184163742e+00) 
