FANN_FLO_2.1
num_layers=3
learning_rate=0.700000
connection_rate=1.000000
network_type=0
learning_momentum=0.000000
training_algorithm=2
train_error_function=1
train_stop_function=1
cascade_output_change_fraction=0.010000
quickprop_decay=-0.000100
quickprop_mu=1.750000
rprop_increase_factor=1.200000
rprop_decrease_factor=0.500000
rprop_delta_min=0.000000
rprop_delta_max=50.000000
rprop_delta_zero=0.100000
cascade_output_stagnation_epochs=12
cascade_candidate_change_fraction=0.010000
cascade_candidate_stagnation_epochs=12
cascade_max_out_epochs=150
cascade_min_out_epochs=50
cascade_max_cand_epochs=150
cascade_min_cand_epochs=50
cascade_num_candidate_groups=2
bit_fail_limit=1.00000000000000005551e-01
cascade_candidate_limit=1.00000000000000000000e+03
cascade_weight_multiplier=4.00000000000000022204e-01
cascade_activation_functions_count=10
cascade_activation_functions=3 5 7 8 10 11 14 15 16 17 
cascade_activation_steepnesses_count=4
cascade_activation_steepnesses=2.50000000000000000000e-01 5.00000000000000000000e-01 7.50000000000000000000e-01 1.00000000000000000000e+00 
layer_sizes=7 4 2 
scale_included=0
neurons (num_inputs, activation_function, activation_steepness)=(0, 0, 0.00000000000000000000e+00) (0, 0, 0.00000000000000000000e+00) (0, 0, 0.00000000000000000000e+00) (0, 0, 0.00000000000000000000e+00) (0, 0, 0.00000000000000000000e+00) (0, 0, 0.00000000000000000000e+00) (0, 0, 0.00000000000000000000e+00) (7, 6, 5.00000000000000000000e-01) (7, 6, 5.00000000000000000000e-01) (7, 6, 5.00000000000000000000e-01) (0, 6, 0.00000000000000000000e+00) (4, 4, 5.00000000000000000000e-01) (0, 4, 0.00000000000000000000e+00) 
connections (connected_to_neuron, weight)=(0, -5.71605973610155970732e+00) (1, 1.50000000000000000000e+03) (2, 1.53434717021918842761e+01) (3, 8.49412155589556516766e-01) (4, -3.96761050049593633204e+00) (5, 8.54472257868847173690e-01) (6, -8.84780138692842776926e-01) (0, 1.50000000000000000000e+03) (1, 1.50000000000000000000e+03) (2, 7.39371803353475431919e+00) (3, 1.83490527780386858403e+00) (4, 1.50000000000000000000e+03) (5, 3.09530429131328777004e+00) (6, 7.15993430306622524739e+00) (0, 4.55391208406070990833e+00) (1, 1.50000000000000000000e+03) (2, -2.16050169373842493314e+00) (3, -4.20367481820894894895e-01) (4, 4.28025850641477934033e+00) (5, -4.20301415169940795202e-01) (6, -8.72941667245998587088e-02) (7, 1.41364969408345633184e+01) (8, -1.37169050320372640783e+01) (9, 3.23274639216403727460e+01) (10, -7.46239156077837506587e+00) 
