FANN_FLO_2.1
num_layers=3
learning_rate=0.700000
connection_rate=1.000000
network_type=0
learning_momentum=0.000000
training_algorithm=2
train_error_function=1
train_stop_function=1
cascade_output_change_fraction=0.010000
quickprop_decay=-0.000100
quickprop_mu=1.750000
rprop_increase_factor=1.200000
rprop_decrease_factor=0.500000
rprop_delta_min=0.000000
rprop_delta_max=50.000000
rprop_delta_zero=0.100000
cascade_output_stagnation_epochs=12
cascade_candidate_change_fraction=0.010000
cascade_candidate_stagnation_epochs=12
cascade_max_out_epochs=150
cascade_min_out_epochs=50
cascade_max_cand_epochs=150
cascade_min_cand_epochs=50
cascade_num_candidate_groups=2
bit_fail_limit=1.00000000000000005551e-01
cascade_candidate_limit=1.00000000000000000000e+03
cascade_weight_multiplier=4.00000000000000022204e-01
cascade_activation_functions_count=10
cascade_activation_functions=3 5 7 8 10 11 14 15 16 17 
cascade_activation_steepnesses_count=4
cascade_activation_steepnesses=2.50000000000000000000e-01 5.00000000000000000000e-01 7.50000000000000000000e-01 1.00000000000000000000e+00 
layer_sizes=13 4 2 
scale_included=0
neurons (num_inputs, activation_function, activation_steepness)=(0, 0, 0.00000000000000000000e+00) (0, 0, 0.00000000000000000000e+00) (0, 0, 0.00000000000000000000e+00) (0, 0, 0.00000000000000000000e+00) (0, 0, 0.00000000000000000000e+00) (0, 0, 0.00000000000000000000e+00) (0, 0, 0.00000000000000000000e+00) (0, 0, 0.00000000000000000000e+00) (0, 0, 0.00000000000000000000e+00) (0, 0, 0.00000000000000000000e+00) (0, 0, 0.00000000000000000000e+00) (0, 0, 0.00000000000000000000e+00) (0, 0, 0.00000000000000000000e+00) (13, 6, 5.00000000000000000000e-01) (13, 6, 5.00000000000000000000e-01) (13, 6, 5.00000000000000000000e-01) (0, 6, 0.00000000000000000000e+00) (4, 4, 5.00000000000000000000e-01) (0, 4, 0.00000000000000000000e+00) 
connections (connected_to_neuron, weight)=(0, -5.85718209324182037534e+00) (1, 1.50000000000000000000e+03) (2, 1.81941407077045591567e-01) (3, 7.26294902177274326327e-01) (4, 5.11867221339837197291e-01) (5, 3.58494488580383297016e-01) (6, 1.95567184493637813425e+00) (7, 2.22431092141005787299e-01) (8, 4.34862354785213689468e+00) (9, 1.50000000000000000000e+03) (10, 4.50130468274428174880e+00) (11, 1.63478282003176433879e-01) (12, 1.13229125028065369385e-01) (0, 7.21278175544887112380e+00) (1, 1.50000000000000000000e+03) (2, 1.73770882626846395747e-01) (3, -7.22147867187123870814e-01) (4, -1.32671408892642450628e-01) (5, -1.61826591373732231460e-01) (6, 3.20329305482243942294e+00) (7, 4.77085394299223475301e-01) (8, 4.73969464504709936392e+00) (9, 1.50000000000000000000e+03) (10, 4.76498699359617461369e+00) (11, 5.09243066011907163926e-01) (12, -1.07309531800688295888e+00) (0, -6.06434619515673833945e+00) (1, 1.50000000000000000000e+03) (2, 2.97982948176594431011e-01) (3, 5.50330845394202738952e-01) (4, 5.33632245771059499084e-01) (5, 3.22392604033527541141e-01) (6, 3.45438468497683581759e+00) (7, 2.27780644348060085091e-01) (8, 4.29435286283677619679e+00) (9, 1.50000000000000000000e+03) (10, 4.36606929491235540297e+00) (11, 2.96125657720667789796e-01) (12, 3.03806987631756231227e-01) (13, 3.95577693363265492366e+00) (14, -8.97439647100542003955e+01) (15, 9.10013255157916063354e+01) (16, 1.28762648018147052298e+00) 
