FANN_FLO_2.1
num_layers=3
learning_rate=0.700000
connection_rate=1.000000
network_type=0
learning_momentum=0.000000
training_algorithm=2
train_error_function=1
train_stop_function=1
cascade_output_change_fraction=0.010000
quickprop_decay=-0.000100
quickprop_mu=1.750000
rprop_increase_factor=1.200000
rprop_decrease_factor=0.500000
rprop_delta_min=0.000000
rprop_delta_max=50.000000
rprop_delta_zero=0.100000
cascade_output_stagnation_epochs=12
cascade_candidate_change_fraction=0.010000
cascade_candidate_stagnation_epochs=12
cascade_max_out_epochs=150
cascade_min_out_epochs=50
cascade_max_cand_epochs=150
cascade_min_cand_epochs=50
cascade_num_candidate_groups=2
bit_fail_limit=1.00000000000000005551e-01
cascade_candidate_limit=1.00000000000000000000e+03
cascade_weight_multiplier=4.00000000000000022204e-01
cascade_activation_functions_count=10
cascade_activation_functions=3 5 7 8 10 11 14 15 16 17 
cascade_activation_steepnesses_count=4
cascade_activation_steepnesses=2.50000000000000000000e-01 5.00000000000000000000e-01 7.50000000000000000000e-01 1.00000000000000000000e+00 
layer_sizes=6 4 2 
scale_included=0
neurons (num_inputs, activation_function, activation_steepness)=(0, 0, 0.00000000000000000000e+00) (0, 0, 0.00000000000000000000e+00) (0, 0, 0.00000000000000000000e+00) (0, 0, 0.00000000000000000000e+00) (0, 0, 0.00000000000000000000e+00) (0, 0, 0.00000000000000000000e+00) (6, 6, 5.00000000000000000000e-01) (6, 6, 5.00000000000000000000e-01) (6, 6, 5.00000000000000000000e-01) (0, 6, 0.00000000000000000000e+00) (4, 4, 5.00000000000000000000e-01) (0, 4, 0.00000000000000000000e+00) 
connections (connected_to_neuron, weight)=(0, -8.39275717376473884279e-01) (1, -2.16459679588992282007e+00) (2, -2.10003716761863046258e+00) (3, -1.29604027906873003895e-01) (4, -3.85366620382928681821e-01) (5, 2.30198458817773898843e+00) (0, -1.42203050836144875291e+01) (1, -2.94263609443608498140e+00) (2, -5.66196105700560714524e+00) (3, 4.42971328635090344505e+00) (4, -2.85536010128521677842e+00) (5, 2.12381278763414513833e+01) (0, 5.77765366218299369905e+00) (1, 3.99292651188184744004e-01) (2, 5.49999492639506870617e-01) (3, 7.71351136483251209608e-02) (4, 1.03647463732150271198e+01) (5, -1.76225640841818909088e+00) (6, -1.77717583930499358758e+01) (7, -1.86931368706711675820e+00) (8, 8.09629225520376927250e+00) (9, -1.88328114895113851723e+00) 
