FANN_FLO_2.1
num_layers=3
learning_rate=0.700000
connection_rate=1.000000
network_type=0
learning_momentum=0.000000
training_algorithm=2
train_error_function=1
train_stop_function=1
cascade_output_change_fraction=0.010000
quickprop_decay=-0.000100
quickprop_mu=1.750000
rprop_increase_factor=1.200000
rprop_decrease_factor=0.500000
rprop_delta_min=0.000000
rprop_delta_max=50.000000
rprop_delta_zero=0.100000
cascade_output_stagnation_epochs=12
cascade_candidate_change_fraction=0.010000
cascade_candidate_stagnation_epochs=12
cascade_max_out_epochs=150
cascade_min_out_epochs=50
cascade_max_cand_epochs=150
cascade_min_cand_epochs=50
cascade_num_candidate_groups=2
bit_fail_limit=1.00000000000000005551e-01
cascade_candidate_limit=1.00000000000000000000e+03
cascade_weight_multiplier=4.00000000000000022204e-01
cascade_activation_functions_count=10
cascade_activation_functions=3 5 7 8 10 11 14 15 16 17 
cascade_activation_steepnesses_count=4
cascade_activation_steepnesses=2.50000000000000000000e-01 5.00000000000000000000e-01 7.50000000000000000000e-01 1.00000000000000000000e+00 
layer_sizes=14 4 2 
scale_included=0
neurons (num_inputs, activation_function, activation_steepness)=(0, 0, 0.00000000000000000000e+00) (0, 0, 0.00000000000000000000e+00) (0, 0, 0.00000000000000000000e+00) (0, 0, 0.00000000000000000000e+00) (0, 0, 0.00000000000000000000e+00) (0, 0, 0.00000000000000000000e+00) (0, 0, 0.00000000000000000000e+00) (0, 0, 0.00000000000000000000e+00) (0, 0, 0.00000000000000000000e+00) (0, 0, 0.00000000000000000000e+00) (0, 0, 0.00000000000000000000e+00) (0, 0, 0.00000000000000000000e+00) (0, 0, 0.00000000000000000000e+00) (0, 0, 0.00000000000000000000e+00) (14, 6, 5.00000000000000000000e-01) (14, 6, 5.00000000000000000000e-01) (14, 6, 5.00000000000000000000e-01) (0, 6, 0.00000000000000000000e+00) (4, 4, 5.00000000000000000000e-01) (0, 4, 0.00000000000000000000e+00) 
connections (connected_to_neuron, weight)=(0, -1.34166911141962041931e+00) (1, -1.74270935730791065588e+00) (2, 1.85674425786529084803e+01) (3, -1.13804514534555556438e+00) (4, -7.72934331410361941117e-01) (5, -6.25672997619067250419e-02) (6, 1.24279923916157053476e+00) (7, 6.84539363259710675891e+00) (8, 1.36012522802165514157e+00) (9, 1.34502658173850542234e+00) (10, 1.14244924599910913088e+00) (11, -1.19443701571139163087e-01) (12, -4.67347297710004438986e-01) (13, -5.43255791547763267069e-01) (0, 5.34188180986494298708e+00) (1, -4.89768969826849254190e+00) (2, -6.62673334279944814540e+00) (3, 2.91697128826228535559e+00) (4, 2.84289667492487518885e+00) (5, 2.01653774840339217178e+00) (6, -1.31981941208260167286e+00) (7, -2.22406129399481677922e+00) (8, -2.12520173392008882018e+00) (9, -1.31044886682690542301e+00) (10, 5.59641415199822467308e-01) (11, 3.88789977353696203366e+00) (12, 4.06516065936995918406e+00) (13, 4.38792578428822910297e+00) (0, 5.55296534279764220088e-01) (1, -8.46587995757731026636e-01) (2, -3.01197061257256626376e+00) (3, 8.29674457769683626474e-01) (4, 1.61978598024966780056e-01) (5, -3.97306752528549467218e-01) (6, -6.16859005655015391056e-01) (7, -1.59328908391219870033e+00) (8, -4.67777635915128331412e-01) (9, -4.41229898520004770734e-01) (10, -9.47572631786310237700e-01) (11, 3.07376389541800909555e-01) (12, 4.90686091887914788146e-01) (13, 5.57439681783247764635e-01) (14, 1.27209918380077646738e+00) (15, -6.64920101652500861178e+00) (16, -1.30095006736502516453e+00) (17, -2.23245880853976608194e+00) 
