FANN_FLO_2.1
num_layers=3
learning_rate=0.700000
connection_rate=1.000000
network_type=0
learning_momentum=0.000000
training_algorithm=2
train_error_function=1
train_stop_function=1
cascade_output_change_fraction=0.010000
quickprop_decay=-0.000100
quickprop_mu=1.750000
rprop_increase_factor=1.200000
rprop_decrease_factor=0.500000
rprop_delta_min=0.000000
rprop_delta_max=50.000000
rprop_delta_zero=0.100000
cascade_output_stagnation_epochs=12
cascade_candidate_change_fraction=0.010000
cascade_candidate_stagnation_epochs=12
cascade_max_out_epochs=150
cascade_min_out_epochs=50
cascade_max_cand_epochs=150
cascade_min_cand_epochs=50
cascade_num_candidate_groups=2
bit_fail_limit=1.00000000000000005551e-01
cascade_candidate_limit=1.00000000000000000000e+03
cascade_weight_multiplier=4.00000000000000022204e-01
cascade_activation_functions_count=10
cascade_activation_functions=3 5 7 8 10 11 14 15 16 17 
cascade_activation_steepnesses_count=4
cascade_activation_steepnesses=2.50000000000000000000e-01 5.00000000000000000000e-01 7.50000000000000000000e-01 1.00000000000000000000e+00 
layer_sizes=8 4 2 
scale_included=0
neurons (num_inputs, activation_function, activation_steepness)=(0, 0, 0.00000000000000000000e+00) (0, 0, 0.00000000000000000000e+00) (0, 0, 0.00000000000000000000e+00) (0, 0, 0.00000000000000000000e+00) (0, 0, 0.00000000000000000000e+00) (0, 0, 0.00000000000000000000e+00) (0, 0, 0.00000000000000000000e+00) (0, 0, 0.00000000000000000000e+00) (8, 6, 5.00000000000000000000e-01) (8, 6, 5.00000000000000000000e-01) (8, 6, 5.00000000000000000000e-01) (0, 6, 0.00000000000000000000e+00) (4, 4, 5.00000000000000000000e-01) (0, 4, 0.00000000000000000000e+00) 
connections (connected_to_neuron, weight)=(0, -1.30972092024731545656e+00) (1, 2.04242739565004338687e+00) (2, 2.15524900765777305267e+00) (3, 3.64695687043248550907e+00) (4, 7.65326817154358352013e-01) (5, 4.64402849116451843514e+00) (6, -1.59301091729971933120e+00) (7, -2.30498187443665747409e+00) (0, 6.18444157814401229700e+00) (1, -2.77282443387644184085e+00) (2, -5.99123464604139144285e+00) (3, -2.95341900090583697747e+00) (4, -1.06160658124883635622e+01) (5, 3.66908543639029760541e+00) (6, 4.90169061349383206050e+00) (7, 6.98442381699485714819e+00) (0, 6.25918533691989242840e+00) (1, -1.12385843042112254508e+00) (2, -4.82844900279459121606e+00) (3, 7.01779397928214532243e+00) (4, 3.04346434248238484344e-01) (5, -2.85931123799737996194e+00) (6, -1.67077037540405548555e+01) (7, 7.11331405737756661267e+00) (8, 8.36434503510583304831e+00) (9, -6.67990846073513999670e+00) (10, -5.68554299241358940264e+00) (11, -9.26153813343521203905e-01) 
