FANN_FLO_2.1
num_layers=3
learning_rate=0.700000
connection_rate=1.000000
network_type=0
learning_momentum=0.000000
training_algorithm=2
train_error_function=1
train_stop_function=1
cascade_output_change_fraction=0.010000
quickprop_decay=-0.000100
quickprop_mu=1.750000
rprop_increase_factor=1.200000
rprop_decrease_factor=0.500000
rprop_delta_min=0.000000
rprop_delta_max=50.000000
rprop_delta_zero=0.100000
cascade_output_stagnation_epochs=12
cascade_candidate_change_fraction=0.010000
cascade_candidate_stagnation_epochs=12
cascade_max_out_epochs=150
cascade_min_out_epochs=50
cascade_max_cand_epochs=150
cascade_min_cand_epochs=50
cascade_num_candidate_groups=2
bit_fail_limit=1.00000000000000005551e-01
cascade_candidate_limit=1.00000000000000000000e+03
cascade_weight_multiplier=4.00000000000000022204e-01
cascade_activation_functions_count=10
cascade_activation_functions=3 5 7 8 10 11 14 15 16 17 
cascade_activation_steepnesses_count=4
cascade_activation_steepnesses=2.50000000000000000000e-01 5.00000000000000000000e-01 7.50000000000000000000e-01 1.00000000000000000000e+00 
layer_sizes=10 4 2 
scale_included=0
neurons (num_inputs, activation_function, activation_steepness)=(0, 0, 0.00000000000000000000e+00) (0, 0, 0.00000000000000000000e+00) (0, 0, 0.00000000000000000000e+00) (0, 0, 0.00000000000000000000e+00) (0, 0, 0.00000000000000000000e+00) (0, 0, 0.00000000000000000000e+00) (0, 0, 0.00000000000000000000e+00) (0, 0, 0.00000000000000000000e+00) (0, 0, 0.00000000000000000000e+00) (0, 0, 0.00000000000000000000e+00) (10, 6, 5.00000000000000000000e-01) (10, 6, 5.00000000000000000000e-01) (10, 6, 5.00000000000000000000e-01) (0, 6, 0.00000000000000000000e+00) (4, 4, 5.00000000000000000000e-01) (0, 4, 0.00000000000000000000e+00) 
connections (connected_to_neuron, weight)=(0, -2.47314807970921313185e+00) (1, 5.63310421730675137120e-01) (2, 1.25636470756303286755e+00) (3, 6.79401798353116692653e+00) (4, 6.77878318533818902125e+00) (5, 4.93074445788340831598e+00) (6, -1.63519704021491141255e+00) (7, -3.57004130679361264544e-01) (8, -1.23068859054491580585e-01) (9, -2.42677539785305773634e+00) (0, 1.30981663897439659650e+01) (1, -6.68502126722168554807e+00) (2, 1.38950304138347902061e+00) (3, 1.90647391207036731586e+00) (4, 4.76178658284288736091e-01) (5, 4.34931129223193990718e-01) (6, 1.59827898329974651404e+01) (7, 4.49309209554028221589e+00) (8, 3.95779934708664082876e+00) (9, 1.03087032063929484593e+01) (0, -3.23758395429587775283e+00) (1, 3.63563531207542878221e+00) (2, 1.83887467882859856338e+00) (3, -3.35052045541891704850e-02) (4, 5.13030873465217251983e-01) (5, -1.05806977352955855487e+00) (6, 1.38781458047592511917e+01) (7, -4.16794060941070410031e-01) (8, 1.02189988405717413489e-01) (9, -2.95049637008988296927e+00) (10, 4.89143479049043961027e+00) (11, -1.97370438171673967531e+00) (12, 5.62122376000941770258e+00) (13, -1.90018952531863449806e+00) 
