FANN_FLO_2.1
num_layers=3
learning_rate=0.700000
connection_rate=1.000000
network_type=0
learning_momentum=0.000000
training_algorithm=2
train_error_function=1
train_stop_function=1
cascade_output_change_fraction=0.010000
quickprop_decay=-0.000100
quickprop_mu=1.750000
rprop_increase_factor=1.200000
rprop_decrease_factor=0.500000
rprop_delta_min=0.000000
rprop_delta_max=50.000000
rprop_delta_zero=0.100000
cascade_output_stagnation_epochs=12
cascade_candidate_change_fraction=0.010000
cascade_candidate_stagnation_epochs=12
cascade_max_out_epochs=150
cascade_min_out_epochs=50
cascade_max_cand_epochs=150
cascade_min_cand_epochs=50
cascade_num_candidate_groups=2
bit_fail_limit=1.00000000000000005551e-01
cascade_candidate_limit=1.00000000000000000000e+03
cascade_weight_multiplier=4.00000000000000022204e-01
cascade_activation_functions_count=10
cascade_activation_functions=3 5 7 8 10 11 14 15 16 17 
cascade_activation_steepnesses_count=4
cascade_activation_steepnesses=2.50000000000000000000e-01 5.00000000000000000000e-01 7.50000000000000000000e-01 1.00000000000000000000e+00 
layer_sizes=12 4 2 
scale_included=0
neurons (num_inputs, activation_function, activation_steepness)=(0, 0, 0.00000000000000000000e+00) (0, 0, 0.00000000000000000000e+00) (0, 0, 0.00000000000000000000e+00) (0, 0, 0.00000000000000000000e+00) (0, 0, 0.00000000000000000000e+00) (0, 0, 0.00000000000000000000e+00) (0, 0, 0.00000000000000000000e+00) (0, 0, 0.00000000000000000000e+00) (0, 0, 0.00000000000000000000e+00) (0, 0, 0.00000000000000000000e+00) (0, 0, 0.00000000000000000000e+00) (0, 0, 0.00000000000000000000e+00) (12, 6, 5.00000000000000000000e-01) (12, 6, 5.00000000000000000000e-01) (12, 6, 5.00000000000000000000e-01) (0, 6, 0.00000000000000000000e+00) (4, 4, 5.00000000000000000000e-01) (0, 4, 0.00000000000000000000e+00) 
connections (connected_to_neuron, weight)=(0, -2.71397879507801764731e+00) (1, 2.94130014453643129357e+00) (2, 3.28611652375867313580e+00) (3, -8.21770759582057946924e-02) (4, -4.88216465554048850706e-01) (5, -6.11908201174636512398e-01) (6, -1.59012513894914131463e+00) (7, -2.05032872077857053483e+00) (8, 1.79087998669066106316e+00) (9, -8.97376910024367591134e-01) (10, 9.33996290472176027286e-02) (11, -2.79328787114880316977e+00) (0, 8.00445197069127312162e-01) (1, -5.18057630921049283579e-01) (2, -1.28761432530516928274e+00) (3, -1.26595437660404402935e-01) (4, 5.01508233842695924642e-02) (5, 2.52168429723809948972e-02) (6, -1.44939285732166883713e-01) (7, 5.47333356478374000176e-01) (8, -3.71738912650600050736e-01) (9, -1.91144923276072686846e-01) (10, -1.67264637399770516035e-01) (11, 4.00251129613670542096e-01) (0, -1.81002972037471820954e+00) (1, 1.08051263783660367324e-01) (2, 9.58906871661476856161e+00) (3, 4.53287756534810970521e+00) (4, 9.20016011302846714592e-01) (5, 1.06620048474584971920e+00) (6, 1.66418276677568433009e+00) (7, -1.43050172783189613601e-02) (8, 1.47275649276895026496e+00) (9, 2.03786201303250980033e+00) (10, 1.68689059280356934423e+00) (11, -1.50667913238627049211e+00) (12, 1.04783448450092500082e+01) (13, -8.10291973663439746289e-01) (14, 1.25075473235138900918e+00) (15, -2.45783807922737551621e+00) 
