FANN_FLO_2.1
num_layers=3
learning_rate=0.700000
connection_rate=1.000000
network_type=0
learning_momentum=0.000000
training_algorithm=2
train_error_function=1
train_stop_function=1
cascade_output_change_fraction=0.010000
quickprop_decay=-0.000100
quickprop_mu=1.750000
rprop_increase_factor=1.200000
rprop_decrease_factor=0.500000
rprop_delta_min=0.000000
rprop_delta_max=50.000000
rprop_delta_zero=0.100000
cascade_output_stagnation_epochs=12
cascade_candidate_change_fraction=0.010000
cascade_candidate_stagnation_epochs=12
cascade_max_out_epochs=150
cascade_min_out_epochs=50
cascade_max_cand_epochs=150
cascade_min_cand_epochs=50
cascade_num_candidate_groups=2
bit_fail_limit=1.00000000000000005551e-01
cascade_candidate_limit=1.00000000000000000000e+03
cascade_weight_multiplier=4.00000000000000022204e-01
cascade_activation_functions_count=10
cascade_activation_functions=3 5 7 8 10 11 14 15 16 17 
cascade_activation_steepnesses_count=4
cascade_activation_steepnesses=2.50000000000000000000e-01 5.00000000000000000000e-01 7.50000000000000000000e-01 1.00000000000000000000e+00 
layer_sizes=15 4 2 
scale_included=0
neurons (num_inputs, activation_function, activation_steepness)=(0, 0, 0.00000000000000000000e+00) (0, 0, 0.00000000000000000000e+00) (0, 0, 0.00000000000000000000e+00) (0, 0, 0.00000000000000000000e+00) (0, 0, 0.00000000000000000000e+00) (0, 0, 0.00000000000000000000e+00) (0, 0, 0.00000000000000000000e+00) (0, 0, 0.00000000000000000000e+00) (0, 0, 0.00000000000000000000e+00) (0, 0, 0.00000000000000000000e+00) (0, 0, 0.00000000000000000000e+00) (0, 0, 0.00000000000000000000e+00) (0, 0, 0.00000000000000000000e+00) (0, 0, 0.00000000000000000000e+00) (0, 0, 0.00000000000000000000e+00) (15, 6, 5.00000000000000000000e-01) (15, 6, 5.00000000000000000000e-01) (15, 6, 5.00000000000000000000e-01) (0, 6, 0.00000000000000000000e+00) (4, 4, 5.00000000000000000000e-01) (0, 4, 0.00000000000000000000e+00) 
connections (connected_to_neuron, weight)=(0, 2.54730724660697172013e+00) (1, -2.46081107895228479165e+00) (2, -3.95859975081975790090e+00) (3, 2.12478861199183688413e+00) (4, 5.88414598248069520281e-01) (5, 6.06283842769474112799e-01) (6, 5.89649615420662853715e-01) (7, -2.82030277357171099695e+00) (8, -7.47627669985258203056e-01) (9, 1.62707987378340268592e+00) (10, 1.95046356930774411609e+00) (11, -2.28705916257183128337e+00) (12, -8.55827446914926404098e-01) (13, -2.01709029017507812664e-01) (14, 2.55368763435123913297e+00) (0, -1.79553000751279867586e+00) (1, 1.94932059432063664595e+00) (2, 2.93127978133895350510e+00) (3, -1.51111524056516510761e+00) (4, -1.75648728115276125950e-01) (5, 4.25326924009963025508e-01) (6, 7.87299673603783500830e-03) (7, 2.65617246411046759036e+00) (8, 1.14571826942532761784e+00) (9, -1.08081341659791396737e+00) (10, -1.30277711248816596701e+00) (11, 1.98356828915591765217e+00) (12, -4.59852160362585249409e-01) (13, -1.12842764232246084433e+00) (14, -1.91517365846179954403e+00) (0, 4.36456437025391608131e-01) (1, -8.37112234001167153374e-03) (2, -9.64327976664765218473e-01) (3, 3.84740159458462849251e-01) (4, 1.73886619481022020040e-01) (5, 5.58268470341168054905e-02) (6, -8.46275750204650845099e-02) (7, -3.48031360960948388250e-01) (8, -4.96527117105218032678e-02) (9, 2.96182448240594753397e-01) (10, 2.08483489785397241301e-01) (11, -5.71559047797095320931e-01) (12, 5.58971674126341189215e-02) (13, 1.12295551685686334498e-01) (14, 2.18559447353758429244e-01) (15, -1.18857973186788399289e+01) (16, 5.33607826524547146363e+00) (17, -1.80575550618500613176e+00) (18, -1.34482425835191476970e+00) 
