FANN_FLO_2.1
num_layers=3
learning_rate=0.700000
connection_rate=1.000000
network_type=0
learning_momentum=0.000000
training_algorithm=2
train_error_function=1
train_stop_function=1
cascade_output_change_fraction=0.010000
quickprop_decay=-0.000100
quickprop_mu=1.750000
rprop_increase_factor=1.200000
rprop_decrease_factor=0.500000
rprop_delta_min=0.000000
rprop_delta_max=50.000000
rprop_delta_zero=0.100000
cascade_output_stagnation_epochs=12
cascade_candidate_change_fraction=0.010000
cascade_candidate_stagnation_epochs=12
cascade_max_out_epochs=150
cascade_min_out_epochs=50
cascade_max_cand_epochs=150
cascade_min_cand_epochs=50
cascade_num_candidate_groups=2
bit_fail_limit=1.00000000000000005551e-01
cascade_candidate_limit=1.00000000000000000000e+03
cascade_weight_multiplier=4.00000000000000022204e-01
cascade_activation_functions_count=10
cascade_activation_functions=3 5 7 8 10 11 14 15 16 17 
cascade_activation_steepnesses_count=4
cascade_activation_steepnesses=2.50000000000000000000e-01 5.00000000000000000000e-01 7.50000000000000000000e-01 1.00000000000000000000e+00 
layer_sizes=6 4 2 
scale_included=0
neurons (num_inputs, activation_function, activation_steepness)=(0, 0, 0.00000000000000000000e+00) (0, 0, 0.00000000000000000000e+00) (0, 0, 0.00000000000000000000e+00) (0, 0, 0.00000000000000000000e+00) (0, 0, 0.00000000000000000000e+00) (0, 0, 0.00000000000000000000e+00) (6, 6, 5.00000000000000000000e-01) (6, 6, 5.00000000000000000000e-01) (6, 6, 5.00000000000000000000e-01) (0, 6, 0.00000000000000000000e+00) (4, 4, 5.00000000000000000000e-01) (0, 4, 0.00000000000000000000e+00) 
connections (connected_to_neuron, weight)=(0, -6.54151287323041397137e-01) (1, 2.62907454049411715147e+00) (2, 2.28928254815418397161e-01) (3, 1.16676261451457152774e-01) (4, 8.65815224017840723292e-02) (5, -4.90340447859901051864e-01) (0, -1.98096520419849347894e-01) (1, 1.73226377798509312278e+00) (2, 1.50895944442573565203e-01) (3, -1.14180224913383466384e-02) (4, -1.03571649916770536226e-01) (5, -6.77621894744808023203e-02) (0, 3.02861488815367518868e+00) (1, -5.11490954282129095532e+00) (2, -9.17140937129351629942e-01) (3, 3.53100149024922482788e-01) (4, 2.04731655331877870907e+00) (5, 2.99917177315771876778e+00) (6, 1.80042736089139188138e+00) (7, 7.36339155178348581110e-01) (8, -6.42890650404316499333e+00) (9, -1.37966631018603846925e+00) 
