FANN_FLO_2.1
num_layers=3
learning_rate=0.700000
connection_rate=1.000000
network_type=0
learning_momentum=0.000000
training_algorithm=2
train_error_function=1
train_stop_function=1
cascade_output_change_fraction=0.010000
quickprop_decay=-0.000100
quickprop_mu=1.750000
rprop_increase_factor=1.200000
rprop_decrease_factor=0.500000
rprop_delta_min=0.000000
rprop_delta_max=50.000000
rprop_delta_zero=0.100000
cascade_output_stagnation_epochs=12
cascade_candidate_change_fraction=0.010000
cascade_candidate_stagnation_epochs=12
cascade_max_out_epochs=150
cascade_min_out_epochs=50
cascade_max_cand_epochs=150
cascade_min_cand_epochs=50
cascade_num_candidate_groups=2
bit_fail_limit=1.00000000000000005551e-01
cascade_candidate_limit=1.00000000000000000000e+03
cascade_weight_multiplier=4.00000000000000022204e-01
cascade_activation_functions_count=10
cascade_activation_functions=3 5 7 8 10 11 14 15 16 17 
cascade_activation_steepnesses_count=4
cascade_activation_steepnesses=2.50000000000000000000e-01 5.00000000000000000000e-01 7.50000000000000000000e-01 1.00000000000000000000e+00 
layer_sizes=16 4 2 
scale_included=0
neurons (num_inputs, activation_function, activation_steepness)=(0, 0, 0.00000000000000000000e+00) (0, 0, 0.00000000000000000000e+00) (0, 0, 0.00000000000000000000e+00) (0, 0, 0.00000000000000000000e+00) (0, 0, 0.00000000000000000000e+00) (0, 0, 0.00000000000000000000e+00) (0, 0, 0.00000000000000000000e+00) (0, 0, 0.00000000000000000000e+00) (0, 0, 0.00000000000000000000e+00) (0, 0, 0.00000000000000000000e+00) (0, 0, 0.00000000000000000000e+00) (0, 0, 0.00000000000000000000e+00) (0, 0, 0.00000000000000000000e+00) (0, 0, 0.00000000000000000000e+00) (0, 0, 0.00000000000000000000e+00) (0, 0, 0.00000000000000000000e+00) (16, 6, 5.00000000000000000000e-01) (16, 6, 5.00000000000000000000e-01) (16, 6, 5.00000000000000000000e-01) (0, 6, 0.00000000000000000000e+00) (4, 4, 5.00000000000000000000e-01) (0, 4, 0.00000000000000000000e+00) 
connections (connected_to_neuron, weight)=(0, 2.70621733635544270413e+00) (1, -2.51912227663701049352e+00) (2, 4.55385551464069615601e-01) (3, -1.95596630391589187958e+00) (4, -1.47993014803707967353e+00) (5, 1.58184983257595279671e-01) (6, 3.38696557112667523404e-02) (7, 6.07477704078507207974e-01) (8, -1.32311595792950487116e-01) (9, -5.04208758325185857352e-01) (10, 1.64012733031061075373e+00) (11, -9.83612902029732838471e-01) (12, -4.34415882426472554911e-01) (13, -1.34646431454896609026e+00) (14, 1.01067028137657222153e+00) (15, 2.35668562007849224926e+00) (0, -2.40616335322266294838e+00) (1, 3.37326651874267469111e+00) (2, -1.42568936232406989761e-01) (3, 1.07241139715706235158e+00) (4, 7.11404593221915293455e-01) (5, -5.11446529318314246915e-01) (6, -9.41029790369498075897e-01) (7, -4.20591869598240242212e-01) (8, 6.29395111132951212696e-01) (9, 3.94811055679726519152e-01) (10, -8.47756354517810284399e-01) (11, 1.03405496439889699190e+00) (12, 6.37006049332171975230e-01) (13, 1.46856149013382286661e-01) (14, -1.40165459897699129499e-01) (15, -2.11676436375857024430e+00) (0, 2.61878902733206242459e+00) (1, -2.51440338436072341466e+00) (2, 5.02969608318317606965e-01) (3, -2.02666357424965859479e+00) (4, -1.51371571472466359687e+00) (5, 2.03355215911213138558e-01) (6, 1.10315458757493253805e-01) (7, 4.97525626808953069791e-01) (8, -1.39198573495329713801e-01) (9, -5.42456090302076310294e-01) (10, 1.56724501330402277155e+00) (11, -9.74137983783463612397e-01) (12, -5.46468654620619664897e-01) (13, -1.49173372337102572160e+00) (14, 9.83718744840355485692e-01) (15, 2.37651897622053631665e+00) (16, -9.87467127107240827399e+00) (17, 3.30594486074173765644e+00) (18, -9.85288282297708661872e+00) (19, -1.27128298694681829417e+00) 
