FANN_FLO_2.1
num_layers=3
learning_rate=0.700000
connection_rate=1.000000
network_type=0
learning_momentum=0.000000
training_algorithm=2
train_error_function=1
train_stop_function=1
cascade_output_change_fraction=0.010000
quickprop_decay=-0.000100
quickprop_mu=1.750000
rprop_increase_factor=1.200000
rprop_decrease_factor=0.500000
rprop_delta_min=0.000000
rprop_delta_max=50.000000
rprop_delta_zero=0.100000
cascade_output_stagnation_epochs=12
cascade_candidate_change_fraction=0.010000
cascade_candidate_stagnation_epochs=12
cascade_max_out_epochs=150
cascade_min_out_epochs=50
cascade_max_cand_epochs=150
cascade_min_cand_epochs=50
cascade_num_candidate_groups=2
bit_fail_limit=1.00000000000000005551e-01
cascade_candidate_limit=1.00000000000000000000e+03
cascade_weight_multiplier=4.00000000000000022204e-01
cascade_activation_functions_count=10
cascade_activation_functions=3 5 7 8 10 11 14 15 16 17 
cascade_activation_steepnesses_count=4
cascade_activation_steepnesses=2.50000000000000000000e-01 5.00000000000000000000e-01 7.50000000000000000000e-01 1.00000000000000000000e+00 
layer_sizes=6 4 2 
scale_included=0
neurons (num_inputs, activation_function, activation_steepness)=(0, 0, 0.00000000000000000000e+00) (0, 0, 0.00000000000000000000e+00) (0, 0, 0.00000000000000000000e+00) (0, 0, 0.00000000000000000000e+00) (0, 0, 0.00000000000000000000e+00) (0, 0, 0.00000000000000000000e+00) (6, 6, 5.00000000000000000000e-01) (6, 6, 5.00000000000000000000e-01) (6, 6, 5.00000000000000000000e-01) (0, 6, 0.00000000000000000000e+00) (4, 4, 5.00000000000000000000e-01) (0, 4, 0.00000000000000000000e+00) 
connections (connected_to_neuron, weight)=(0, 4.56097654247160019803e-02) (1, -2.54584727627282125795e-01) (2, -4.82352257680992035915e+00) (3, -9.38788115900805353320e-01) (4, 3.79171288042812970609e-01) (5, 5.55273741039082668891e-01) (0, 6.92247891034523021858e+00) (1, -5.12669554932959581350e+00) (2, -6.84954354244562590992e+00) (3, -8.98295115931029286571e+00) (4, -5.23114668295111062690e+00) (5, 9.55628682364725001719e+00) (0, 4.95161251995037965390e-02) (1, 1.46162040019659333900e+00) (2, 3.05860598979349784798e+00) (3, 1.39014507656556829396e+00) (4, 5.82605888121556225734e-01) (5, -4.80752344289467725691e-01) (6, -9.08190008611158394736e-01) (7, -2.32802476413784837916e+01) (8, 1.73092309529306809246e+00) (9, -1.34586908591278064939e+00) 
