FANN_FLO_2.1
num_layers=3
learning_rate=0.700000
connection_rate=1.000000
network_type=0
learning_momentum=0.000000
training_algorithm=2
train_error_function=1
train_stop_function=1
cascade_output_change_fraction=0.010000
quickprop_decay=-0.000100
quickprop_mu=1.750000
rprop_increase_factor=1.200000
rprop_decrease_factor=0.500000
rprop_delta_min=0.000000
rprop_delta_max=50.000000
rprop_delta_zero=0.100000
cascade_output_stagnation_epochs=12
cascade_candidate_change_fraction=0.010000
cascade_candidate_stagnation_epochs=12
cascade_max_out_epochs=150
cascade_min_out_epochs=50
cascade_max_cand_epochs=150
cascade_min_cand_epochs=50
cascade_num_candidate_groups=2
bit_fail_limit=1.00000000000000005551e-01
cascade_candidate_limit=1.00000000000000000000e+03
cascade_weight_multiplier=4.00000000000000022204e-01
cascade_activation_functions_count=10
cascade_activation_functions=3 5 7 8 10 11 14 15 16 17 
cascade_activation_steepnesses_count=4
cascade_activation_steepnesses=2.50000000000000000000e-01 5.00000000000000000000e-01 7.50000000000000000000e-01 1.00000000000000000000e+00 
layer_sizes=9 4 2 
scale_included=0
neurons (num_inputs, activation_function, activation_steepness)=(0, 0, 0.00000000000000000000e+00) (0, 0, 0.00000000000000000000e+00) (0, 0, 0.00000000000000000000e+00) (0, 0, 0.00000000000000000000e+00) (0, 0, 0.00000000000000000000e+00) (0, 0, 0.00000000000000000000e+00) (0, 0, 0.00000000000000000000e+00) (0, 0, 0.00000000000000000000e+00) (0, 0, 0.00000000000000000000e+00) (9, 6, 5.00000000000000000000e-01) (9, 6, 5.00000000000000000000e-01) (9, 6, 5.00000000000000000000e-01) (0, 6, 0.00000000000000000000e+00) (4, 4, 5.00000000000000000000e-01) (0, 4, 0.00000000000000000000e+00) 
connections (connected_to_neuron, weight)=(0, 9.63019612689881010503e-02) (1, 2.08592344291046538629e+00) (2, 2.46550779061083025212e-01) (3, 9.13564855689990684695e-01) (4, 1.19738763792776925499e-01) (5, 1.78559386958026755643e-01) (6, 9.98244322883392043444e-01) (7, 7.62570622387971908118e-02) (8, -3.46189530079604994989e-03) (0, 7.89587879452063101660e-01) (1, -2.72160838680331540473e+00) (2, 8.16711078111890670383e-02) (3, -1.11187603903900411595e+00) (4, -1.25894307793966708786e-01) (5, -1.89007389075028453540e-01) (6, -2.38678202780366666147e+00) (7, 3.58924404054167833777e+00) (8, 8.60116453739954045510e-01) (0, 8.11441169950319340920e-01) (1, -2.79718699442212415107e+00) (2, -4.48534153979529781608e-01) (3, -1.33281698905773282604e+00) (4, -1.29978839011780200607e-01) (5, -8.78348014620011219300e-01) (6, -2.40129466357112653085e+00) (7, 3.68773862241986316590e+00) (8, 2.26514877655978663640e+00) (9, 1.55522361067846470739e+00) (10, -4.68766342625690857204e+00) (11, -4.63110004142595599319e+00) (12, -1.99440956358138477000e+00) 
