FANN_FLO_2.1
num_layers=3
learning_rate=0.700000
connection_rate=1.000000
network_type=0
learning_momentum=0.000000
training_algorithm=2
train_error_function=1
train_stop_function=1
cascade_output_change_fraction=0.010000
quickprop_decay=-0.000100
quickprop_mu=1.750000
rprop_increase_factor=1.200000
rprop_decrease_factor=0.500000
rprop_delta_min=0.000000
rprop_delta_max=50.000000
rprop_delta_zero=0.100000
cascade_output_stagnation_epochs=12
cascade_candidate_change_fraction=0.010000
cascade_candidate_stagnation_epochs=12
cascade_max_out_epochs=150
cascade_min_out_epochs=50
cascade_max_cand_epochs=150
cascade_min_cand_epochs=50
cascade_num_candidate_groups=2
bit_fail_limit=1.00000000000000005551e-01
cascade_candidate_limit=1.00000000000000000000e+03
cascade_weight_multiplier=4.00000000000000022204e-01
cascade_activation_functions_count=10
cascade_activation_functions=3 5 7 8 10 11 14 15 16 17 
cascade_activation_steepnesses_count=4
cascade_activation_steepnesses=2.50000000000000000000e-01 5.00000000000000000000e-01 7.50000000000000000000e-01 1.00000000000000000000e+00 
layer_sizes=9 4 2 
scale_included=0
neurons (num_inputs, activation_function, activation_steepness)=(0, 0, 0.00000000000000000000e+00) (0, 0, 0.00000000000000000000e+00) (0, 0, 0.00000000000000000000e+00) (0, 0, 0.00000000000000000000e+00) (0, 0, 0.00000000000000000000e+00) (0, 0, 0.00000000000000000000e+00) (0, 0, 0.00000000000000000000e+00) (0, 0, 0.00000000000000000000e+00) (0, 0, 0.00000000000000000000e+00) (9, 6, 5.00000000000000000000e-01) (9, 6, 5.00000000000000000000e-01) (9, 6, 5.00000000000000000000e-01) (0, 6, 0.00000000000000000000e+00) (4, 4, 5.00000000000000000000e-01) (0, 4, 0.00000000000000000000e+00) 
connections (connected_to_neuron, weight)=(0, 4.33551574044354381954e+00) (1, -1.73326609578731583028e+00) (2, -1.81572230324056693718e+00) (3, -1.78823517481958349506e+00) (4, -5.06083392883348137659e-01) (5, 1.23652052988718486048e+00) (6, 2.61153628352830757819e+00) (7, 2.71059453163097252570e+00) (8, 1.62500259969785787462e+00) (0, 3.45905807590394021034e+00) (1, -2.38944734300114225434e+00) (2, -1.55837431278091909093e+00) (3, -1.33025277370002181776e+00) (4, -3.93114128495263837060e-01) (5, 1.13967821721112927413e+00) (6, 1.50204337075305249805e+00) (7, 2.26846032375058559438e+00) (8, 1.49408191874575879687e+00) (0, 3.50606060004143715858e+00) (1, -2.37675052548386167572e+00) (2, -1.46589953180414722667e+00) (3, -1.53249997295644635464e+00) (4, -3.88211229229974530419e-01) (5, 4.65227540898892288901e-01) (6, 1.48356357648921277637e+00) (7, 2.27705464297494319936e+00) (8, 1.51075500681948926562e+00) (9, -3.56269299237739422992e+00) (10, -3.97938206342337563726e+00) (11, -3.99507583228228524419e+00) (12, -9.19454000453154951522e-01) 
