FANN_FLO_2.1
num_layers=3
learning_rate=0.700000
connection_rate=1.000000
network_type=0
learning_momentum=0.000000
training_algorithm=2
train_error_function=1
train_stop_function=1
cascade_output_change_fraction=0.010000
quickprop_decay=-0.000100
quickprop_mu=1.750000
rprop_increase_factor=1.200000
rprop_decrease_factor=0.500000
rprop_delta_min=0.000000
rprop_delta_max=50.000000
rprop_delta_zero=0.100000
cascade_output_stagnation_epochs=12
cascade_candidate_change_fraction=0.010000
cascade_candidate_stagnation_epochs=12
cascade_max_out_epochs=150
cascade_min_out_epochs=50
cascade_max_cand_epochs=150
cascade_min_cand_epochs=50
cascade_num_candidate_groups=2
bit_fail_limit=1.00000000000000005551e-01
cascade_candidate_limit=1.00000000000000000000e+03
cascade_weight_multiplier=4.00000000000000022204e-01
cascade_activation_functions_count=10
cascade_activation_functions=3 5 7 8 10 11 14 15 16 17 
cascade_activation_steepnesses_count=4
cascade_activation_steepnesses=2.50000000000000000000e-01 5.00000000000000000000e-01 7.50000000000000000000e-01 1.00000000000000000000e+00 
layer_sizes=11 4 2 
scale_included=0
neurons (num_inputs, activation_function, activation_steepness)=(0, 0, 0.00000000000000000000e+00) (0, 0, 0.00000000000000000000e+00) (0, 0, 0.00000000000000000000e+00) (0, 0, 0.00000000000000000000e+00) (0, 0, 0.00000000000000000000e+00) (0, 0, 0.00000000000000000000e+00) (0, 0, 0.00000000000000000000e+00) (0, 0, 0.00000000000000000000e+00) (0, 0, 0.00000000000000000000e+00) (0, 0, 0.00000000000000000000e+00) (0, 0, 0.00000000000000000000e+00) (11, 6, 5.00000000000000000000e-01) (11, 6, 5.00000000000000000000e-01) (11, 6, 5.00000000000000000000e-01) (0, 6, 0.00000000000000000000e+00) (4, 4, 5.00000000000000000000e-01) (0, 4, 0.00000000000000000000e+00) 
connections (connected_to_neuron, weight)=(0, -3.21297995073341891015e-01) (1, 3.19885243947380881746e-01) (2, 2.54402504738447166055e-01) (3, 2.37476601910379225835e-01) (4, 2.52611292978403345622e-01) (5, 2.65302515109655634440e-01) (6, 2.49931109045382737754e-01) (7, 2.95672007682121151806e-01) (8, 6.60554766865676518117e-02) (9, 3.53679995805369684625e-01) (10, -2.25784769777190919005e-01) (0, -4.34061470844581798190e+00) (1, 3.87834217705986317171e+00) (2, 1.84628232728538321794e+00) (3, 8.25821428269120527688e-01) (4, 1.32142436729267753748e+00) (5, 7.67504594502139925183e-01) (6, 1.49333193426187849084e+00) (7, 1.45211712963637551432e+00) (8, -1.74729385748872600992e+00) (9, 4.23205141069377066554e-01) (10, -2.57036797138759842696e+00) (0, -1.50178100194167463144e+00) (1, 2.02987381929640253730e+00) (2, 9.22818854051172365871e-01) (3, 1.20264388529260274341e-01) (4, 4.12061986676469427238e-01) (5, 4.75534700951591005058e-01) (6, 4.85001130907040667317e-01) (7, 4.49958141449624204888e-01) (8, -1.48377311220249552548e-01) (9, 1.25838528655468379069e-01) (10, -4.16911015145326691034e-01) (11, 7.95426398003987178420e-01) (12, 5.85060973670383877021e+00) (13, 1.59301203172671668185e+00) (14, -2.32262562103360892252e+00) 
