FANN_FLO_2.1
num_layers=3
learning_rate=0.700000
connection_rate=1.000000
network_type=0
learning_momentum=0.000000
training_algorithm=2
train_error_function=1
train_stop_function=1
cascade_output_change_fraction=0.010000
quickprop_decay=-0.000100
quickprop_mu=1.750000
rprop_increase_factor=1.200000
rprop_decrease_factor=0.500000
rprop_delta_min=0.000000
rprop_delta_max=50.000000
rprop_delta_zero=0.100000
cascade_output_stagnation_epochs=12
cascade_candidate_change_fraction=0.010000
cascade_candidate_stagnation_epochs=12
cascade_max_out_epochs=150
cascade_min_out_epochs=50
cascade_max_cand_epochs=150
cascade_min_cand_epochs=50
cascade_num_candidate_groups=2
bit_fail_limit=1.00000000000000005551e-01
cascade_candidate_limit=1.00000000000000000000e+03
cascade_weight_multiplier=4.00000000000000022204e-01
cascade_activation_functions_count=10
cascade_activation_functions=3 5 7 8 10 11 14 15 16 17 
cascade_activation_steepnesses_count=4
cascade_activation_steepnesses=2.50000000000000000000e-01 5.00000000000000000000e-01 7.50000000000000000000e-01 1.00000000000000000000e+00 
layer_sizes=15 4 2 
scale_included=0
neurons (num_inputs, activation_function, activation_steepness)=(0, 0, 0.00000000000000000000e+00) (0, 0, 0.00000000000000000000e+00) (0, 0, 0.00000000000000000000e+00) (0, 0, 0.00000000000000000000e+00) (0, 0, 0.00000000000000000000e+00) (0, 0, 0.00000000000000000000e+00) (0, 0, 0.00000000000000000000e+00) (0, 0, 0.00000000000000000000e+00) (0, 0, 0.00000000000000000000e+00) (0, 0, 0.00000000000000000000e+00) (0, 0, 0.00000000000000000000e+00) (0, 0, 0.00000000000000000000e+00) (0, 0, 0.00000000000000000000e+00) (0, 0, 0.00000000000000000000e+00) (0, 0, 0.00000000000000000000e+00) (15, 6, 5.00000000000000000000e-01) (15, 6, 5.00000000000000000000e-01) (15, 6, 5.00000000000000000000e-01) (0, 6, 0.00000000000000000000e+00) (4, 4, 5.00000000000000000000e-01) (0, 4, 0.00000000000000000000e+00) 
connections (connected_to_neuron, weight)=(0, -7.05977754128768952846e-01) (1, 2.14764230469603445428e+00) (2, 1.54102427524517388013e-01) (3, 2.60888997097289365712e+00) (4, -1.61124161529786175118e-01) (5, -1.05726931634010173910e-01) (6, -2.99068622359139196787e-02) (7, -5.36845533841785668705e-02) (8, -6.24111505206059319351e-02) (9, -2.25089329685138977988e-01) (10, 1.69525758958224059825e+00) (11, -2.09121955168488013466e-02) (12, 1.95169373291214309774e+00) (13, -1.25358902421683821027e-01) (14, -2.69878853456638934105e+00) (0, -1.38016560481210204259e+00) (1, 1.08899814892309029779e-01) (2, -6.72064135956853658804e-01) (3, 1.53779337643498585919e+01) (4, 2.30001066051975372462e-01) (5, 4.70540669962875232613e-02) (6, -5.69673705407848007809e-01) (7, -6.80614982408687119175e-02) (8, -4.34832776875911541925e-01) (9, -1.70461794068633959442e-01) (10, -2.56511611141442141815e+00) (11, -5.56770979894727569004e-01) (12, -4.16943413409014862481e+00) (13, -3.27603792063113144484e-02) (14, -2.05773638630955169049e+00) (0, -9.65251708766111660154e-02) (1, 1.33098711106287259653e+00) (2, 1.07162548143596284000e-01) (3, 9.48234887268055715026e-01) (4, 1.79637388759232546898e-01) (5, -1.62298624378330647033e+00) (6, -1.91521810849450913050e-01) (7, -5.94883125104843576980e-02) (8, -6.65534577822343570430e-02) (9, 3.90863404891958685083e-02) (10, 1.62875477709475902088e+00) (11, -8.37952228574571966746e-01) (12, 1.20060198616500568569e+00) (13, -8.87148415738690521160e-02) (14, -3.46448792687341800001e-01) (15, 3.03859418644268117760e+01) (16, 4.70605324190577256616e+00) (17, 1.87743446978889405585e+00) (18, -3.25381472742396349318e+00) 
