FANN_FLO_2.1
num_layers=3
learning_rate=0.700000
connection_rate=1.000000
network_type=0
learning_momentum=0.000000
training_algorithm=2
train_error_function=1
train_stop_function=1
cascade_output_change_fraction=0.010000
quickprop_decay=-0.000100
quickprop_mu=1.750000
rprop_increase_factor=1.200000
rprop_decrease_factor=0.500000
rprop_delta_min=0.000000
rprop_delta_max=50.000000
rprop_delta_zero=0.100000
cascade_output_stagnation_epochs=12
cascade_candidate_change_fraction=0.010000
cascade_candidate_stagnation_epochs=12
cascade_max_out_epochs=150
cascade_min_out_epochs=50
cascade_max_cand_epochs=150
cascade_min_cand_epochs=50
cascade_num_candidate_groups=2
bit_fail_limit=1.00000000000000005551e-01
cascade_candidate_limit=1.00000000000000000000e+03
cascade_weight_multiplier=4.00000000000000022204e-01
cascade_activation_functions_count=10
cascade_activation_functions=3 5 7 8 10 11 14 15 16 17 
cascade_activation_steepnesses_count=4
cascade_activation_steepnesses=2.50000000000000000000e-01 5.00000000000000000000e-01 7.50000000000000000000e-01 1.00000000000000000000e+00 
layer_sizes=9 4 2 
scale_included=0
neurons (num_inputs, activation_function, activation_steepness)=(0, 0, 0.00000000000000000000e+00) (0, 0, 0.00000000000000000000e+00) (0, 0, 0.00000000000000000000e+00) (0, 0, 0.00000000000000000000e+00) (0, 0, 0.00000000000000000000e+00) (0, 0, 0.00000000000000000000e+00) (0, 0, 0.00000000000000000000e+00) (0, 0, 0.00000000000000000000e+00) (0, 0, 0.00000000000000000000e+00) (9, 6, 5.00000000000000000000e-01) (9, 6, 5.00000000000000000000e-01) (9, 6, 5.00000000000000000000e-01) (0, 6, 0.00000000000000000000e+00) (4, 4, 5.00000000000000000000e-01) (0, 4, 0.00000000000000000000e+00) 
connections (connected_to_neuron, weight)=(0, 7.25278521210190163515e+00) (1, -5.51313721709839388296e+00) (2, -2.63144010374924208762e+00) (3, -2.63713665887729797888e+00) (4, 1.36616935981168685643e+00) (5, -3.96609524170603688908e-01) (6, -4.10530755202021535588e-01) (7, -7.18128735249771721350e-01) (8, 5.50290574493060624661e+00) (0, 7.54900883564697711137e+00) (1, -5.75076125654154601818e+00) (2, -2.99573932308697843396e+00) (3, -2.70124272221655159498e+00) (4, 1.43668853390753614718e+00) (5, -6.41953672648867490480e-01) (6, -6.03106002689799636229e-01) (7, -7.06085035627617485510e-01) (8, 5.92217075239778178997e+00) (0, -4.34845979273121052699e+00) (1, 1.95742058899634319147e+00) (2, 8.93450284888775492220e+00) (3, 4.67625260101864359541e+00) (4, 7.73646867623265510616e-01) (5, 1.33405948454045431006e+00) (6, 1.28611394786738530982e+00) (7, 7.63741380324300056515e-01) (8, -4.62293966346916818111e+00) (9, -2.53110658244534603156e+00) (10, -2.56653273717804975007e+00) (11, 2.28270658220273547911e+00) (12, -1.50455185383064082849e+00) 
