FANN_FLO_2.1
num_layers=3
learning_rate=0.700000
connection_rate=1.000000
network_type=0
learning_momentum=0.000000
training_algorithm=2
train_error_function=1
train_stop_function=1
cascade_output_change_fraction=0.010000
quickprop_decay=-0.000100
quickprop_mu=1.750000
rprop_increase_factor=1.200000
rprop_decrease_factor=0.500000
rprop_delta_min=0.000000
rprop_delta_max=50.000000
rprop_delta_zero=0.100000
cascade_output_stagnation_epochs=12
cascade_candidate_change_fraction=0.010000
cascade_candidate_stagnation_epochs=12
cascade_max_out_epochs=150
cascade_min_out_epochs=50
cascade_max_cand_epochs=150
cascade_min_cand_epochs=50
cascade_num_candidate_groups=2
bit_fail_limit=1.00000000000000005551e-01
cascade_candidate_limit=1.00000000000000000000e+03
cascade_weight_multiplier=4.00000000000000022204e-01
cascade_activation_functions_count=10
cascade_activation_functions=3 5 7 8 10 11 14 15 16 17 
cascade_activation_steepnesses_count=4
cascade_activation_steepnesses=2.50000000000000000000e-01 5.00000000000000000000e-01 7.50000000000000000000e-01 1.00000000000000000000e+00 
layer_sizes=15 4 2 
scale_included=0
neurons (num_inputs, activation_function, activation_steepness)=(0, 0, 0.00000000000000000000e+00) (0, 0, 0.00000000000000000000e+00) (0, 0, 0.00000000000000000000e+00) (0, 0, 0.00000000000000000000e+00) (0, 0, 0.00000000000000000000e+00) (0, 0, 0.00000000000000000000e+00) (0, 0, 0.00000000000000000000e+00) (0, 0, 0.00000000000000000000e+00) (0, 0, 0.00000000000000000000e+00) (0, 0, 0.00000000000000000000e+00) (0, 0, 0.00000000000000000000e+00) (0, 0, 0.00000000000000000000e+00) (0, 0, 0.00000000000000000000e+00) (0, 0, 0.00000000000000000000e+00) (0, 0, 0.00000000000000000000e+00) (15, 6, 5.00000000000000000000e-01) (15, 6, 5.00000000000000000000e-01) (15, 6, 5.00000000000000000000e-01) (0, 6, 0.00000000000000000000e+00) (4, 4, 5.00000000000000000000e-01) (0, 4, 0.00000000000000000000e+00) 
connections (connected_to_neuron, weight)=(0, 1.79086541231738283209e+00) (1, 4.62779573672218269564e+00) (2, 1.32628818613542609484e+00) (3, 8.72001492027092761639e-01) (4, 1.13504996940828206675e+00) (5, 1.25302992233025500823e+00) (6, 1.93801613368020086980e+00) (7, -4.94755228829005044844e+00) (8, 1.14547655950796034574e+00) (9, 1.07935238980240866269e+00) (10, -8.92199782821608167183e+00) (11, 9.40375873784269233902e-01) (12, 1.67064210506271271228e+00) (13, -6.03998742418777379015e+00) (14, 2.15874404211730830383e+00) (0, 2.52548556542943503089e+00) (1, 4.19076610919584080506e+00) (2, 8.00051601217303454128e-01) (3, 8.00387013935950575316e-01) (4, 1.06703200798393127435e+00) (5, 1.19155658720786550298e+00) (6, 1.72488604328144412570e+00) (7, -5.67103517006388280208e+00) (8, 9.94475503934651672289e-01) (9, 1.06302272446919388038e+00) (10, -9.07999036385836078011e+00) (11, 8.56178149247782571685e-01) (12, 1.43155317204493370831e+00) (13, -5.06216296990221081842e+00) (14, 2.61000683025242219415e+00) (0, -7.45952269815229107586e-01) (1, 2.37465293853397918511e+00) (2, 3.64963637642434823860e+00) (3, -1.72486596994471247379e-01) (4, -2.46049830165724459086e-01) (5, -2.36828625571157219687e-01) (6, -5.37580588065848630208e-01) (7, 1.17409253692741022412e+00) (8, -2.27993202069355443973e-01) (9, -2.06184307490397650264e-01) (10, 4.07656999212142157063e-01) (11, -2.22892877258929977824e-01) (12, -5.31654261396517391347e-01) (13, -4.39891218933037175809e-01) (14, -2.37725499514105687027e+00) (15, -1.99994197959982811241e+00) (16, -1.02288757738865321301e+01) (17, 2.78948512060890934094e+01) (18, -1.25621797615741881415e+00) 
