FANN_FLO_2.1
num_layers=3
learning_rate=0.700000
connection_rate=1.000000
network_type=0
learning_momentum=0.000000
training_algorithm=2
train_error_function=1
train_stop_function=1
cascade_output_change_fraction=0.010000
quickprop_decay=-0.000100
quickprop_mu=1.750000
rprop_increase_factor=1.200000
rprop_decrease_factor=0.500000
rprop_delta_min=0.000000
rprop_delta_max=50.000000
rprop_delta_zero=0.100000
cascade_output_stagnation_epochs=12
cascade_candidate_change_fraction=0.010000
cascade_candidate_stagnation_epochs=12
cascade_max_out_epochs=150
cascade_min_out_epochs=50
cascade_max_cand_epochs=150
cascade_min_cand_epochs=50
cascade_num_candidate_groups=2
bit_fail_limit=1.00000000000000005551e-01
cascade_candidate_limit=1.00000000000000000000e+03
cascade_weight_multiplier=4.00000000000000022204e-01
cascade_activation_functions_count=10
cascade_activation_functions=3 5 7 8 10 11 14 15 16 17 
cascade_activation_steepnesses_count=4
cascade_activation_steepnesses=2.50000000000000000000e-01 5.00000000000000000000e-01 7.50000000000000000000e-01 1.00000000000000000000e+00 
layer_sizes=15 4 2 
scale_included=0
neurons (num_inputs, activation_function, activation_steepness)=(0, 0, 0.00000000000000000000e+00) (0, 0, 0.00000000000000000000e+00) (0, 0, 0.00000000000000000000e+00) (0, 0, 0.00000000000000000000e+00) (0, 0, 0.00000000000000000000e+00) (0, 0, 0.00000000000000000000e+00) (0, 0, 0.00000000000000000000e+00) (0, 0, 0.00000000000000000000e+00) (0, 0, 0.00000000000000000000e+00) (0, 0, 0.00000000000000000000e+00) (0, 0, 0.00000000000000000000e+00) (0, 0, 0.00000000000000000000e+00) (0, 0, 0.00000000000000000000e+00) (0, 0, 0.00000000000000000000e+00) (0, 0, 0.00000000000000000000e+00) (15, 6, 5.00000000000000000000e-01) (15, 6, 5.00000000000000000000e-01) (15, 6, 5.00000000000000000000e-01) (0, 6, 0.00000000000000000000e+00) (4, 4, 5.00000000000000000000e-01) (0, 4, 0.00000000000000000000e+00) 
connections (connected_to_neuron, weight)=(0, -3.29734042413665928706e+00) (1, 3.11968211621647562026e+00) (2, -3.50928875566922149343e-01) (3, 1.71833031038756667286e+00) (4, 1.33557906280452232117e+00) (5, 1.78745278686105035781e+00) (6, 3.94728140201205405901e+02) (7, 1.22698738229313875081e+00) (8, 1.04965019303817652663e+00) (9, 5.86487805986587895646e-01) (10, 7.26796466338326618839e-01) (11, 1.26479963239510495576e+00) (12, 1.18890059945611437087e+00) (13, 4.42502665678278436778e-02) (14, -2.37061378479330286950e+00) (0, 2.74923963221195011286e+00) (1, -2.03672303036200963433e+00) (2, 1.10749177583642000045e+00) (3, -4.08882250795789548015e-01) (4, -6.25559818890430219263e-01) (5, -2.57672805163576690290e+00) (6, 2.33987863566803184767e+01) (7, 1.84897197561188875170e+00) (8, -3.20518072832914113768e-01) (9, 1.84037332810080417334e-01) (10, 2.08777859464055826066e+00) (11, -1.65229757933814735971e+00) (12, -1.17586171132560557417e+00) (13, -8.07816508913319353269e-02) (14, 2.20360591991395260436e+00) (0, -1.11153154654796626488e+00) (1, 1.42428749874295479394e+00) (2, -1.34850986030257802284e-01) (3, 5.68136925256988778443e-01) (4, 3.68295101497960908343e-01) (5, 1.85106473400052595757e+00) (6, 1.77022689039953206702e+02) (7, 7.24315964022786751286e-01) (8, 2.41531511577878554853e-01) (9, 2.90318747791562636884e-01) (10, 1.02080545798611144193e-01) (11, 5.68595498818630140647e-01) (12, 3.53057790041085783894e-01) (13, -2.15550954180312448472e-02) (14, -6.00374836770642517081e-01) (15, 6.03429463475881000534e+00) (16, -5.11033671251190479978e+00) (17, 3.57238697187892384477e+00) (18, -1.23755631001555599369e+00) 
