FANN_FLO_2.1
num_layers=3
learning_rate=0.700000
connection_rate=1.000000
network_type=0
learning_momentum=0.000000
training_algorithm=2
train_error_function=1
train_stop_function=1
cascade_output_change_fraction=0.010000
quickprop_decay=-0.000100
quickprop_mu=1.750000
rprop_increase_factor=1.200000
rprop_decrease_factor=0.500000
rprop_delta_min=0.000000
rprop_delta_max=50.000000
rprop_delta_zero=0.100000
cascade_output_stagnation_epochs=12
cascade_candidate_change_fraction=0.010000
cascade_candidate_stagnation_epochs=12
cascade_max_out_epochs=150
cascade_min_out_epochs=50
cascade_max_cand_epochs=150
cascade_min_cand_epochs=50
cascade_num_candidate_groups=2
bit_fail_limit=1.00000000000000005551e-01
cascade_candidate_limit=1.00000000000000000000e+03
cascade_weight_multiplier=4.00000000000000022204e-01
cascade_activation_functions_count=10
cascade_activation_functions=3 5 7 8 10 11 14 15 16 17 
cascade_activation_steepnesses_count=4
cascade_activation_steepnesses=2.50000000000000000000e-01 5.00000000000000000000e-01 7.50000000000000000000e-01 1.00000000000000000000e+00 
layer_sizes=18 4 2 
scale_included=0
neurons (num_inputs, activation_function, activation_steepness)=(0, 0, 0.00000000000000000000e+00) (0, 0, 0.00000000000000000000e+00) (0, 0, 0.00000000000000000000e+00) (0, 0, 0.00000000000000000000e+00) (0, 0, 0.00000000000000000000e+00) (0, 0, 0.00000000000000000000e+00) (0, 0, 0.00000000000000000000e+00) (0, 0, 0.00000000000000000000e+00) (0, 0, 0.00000000000000000000e+00) (0, 0, 0.00000000000000000000e+00) (0, 0, 0.00000000000000000000e+00) (0, 0, 0.00000000000000000000e+00) (0, 0, 0.00000000000000000000e+00) (0, 0, 0.00000000000000000000e+00) (0, 0, 0.00000000000000000000e+00) (0, 0, 0.00000000000000000000e+00) (0, 0, 0.00000000000000000000e+00) (0, 0, 0.00000000000000000000e+00) (18, 6, 5.00000000000000000000e-01) (18, 6, 5.00000000000000000000e-01) (18, 6, 5.00000000000000000000e-01) (0, 6, 0.00000000000000000000e+00) (4, 4, 5.00000000000000000000e-01) (0, 4, 0.00000000000000000000e+00) 
connections (connected_to_neuron, weight)=(0, -1.23736833482301888942e+00) (1, 5.89802320291723880530e+00) (2, 1.35092734752060184000e+00) (3, -1.44321914756517732936e-01) (4, -4.02085342917713695066e-01) (5, -9.89999021642571697122e-01) (6, 5.72553715100016269446e+00) (7, 5.85041666021074924231e+00) (8, -9.37693151884442577249e-01) (9, -6.33448606916522383159e-01) (10, -3.22624887569451157532e+00) (11, -5.75257520367827090979e+00) (12, -3.19134341094765239255e-01) (13, -5.86495806266989383460e+00) (14, -7.12032070942973493999e-01) (15, -5.57947887667273878520e-01) (16, -5.80882941176619205237e+00) (17, 1.82321222054740716967e-01) (0, -2.21744874486285947768e+00) (1, 2.33160217408400738393e+00) (2, 2.32094572786551678334e+00) (3, -1.57061881223532540108e-01) (4, -2.71667606035086550698e-01) (5, -2.52251873083826572142e-01) (6, 2.31746128503543102894e+00) (7, 2.33030739728671276723e+00) (8, -2.49499561556097509962e-01) (9, 5.28783836370545351491e-02) (10, -9.78590980505623653229e-01) (11, -2.05638395373088078699e+00) (12, -6.28820554697734013239e-01) (13, -2.20889426891070561609e+00) (14, 8.89000707274514162526e-02) (15, 6.96109794980126345143e-02) (16, -2.07883954171401219568e+00) (17, 1.28004126784111244008e-01) (0, -4.73943543813290568689e-01) (1, 2.55676498178702571451e+00) (2, 2.39919297311764934122e+00) (3, -5.48151227406326047031e-01) (4, -4.54749846393090240149e-01) (5, -6.01917193014587376121e-02) (6, 2.55471569959384181558e+00) (7, 2.44207306865912654459e+00) (8, -2.46583921564017316541e-01) (9, -1.40981517493145080966e-01) (10, -1.35397489014832017595e+00) (11, -2.28153080229026050674e+00) (12, -5.96657778177533293373e-01) (13, -2.34940416101676197158e+00) (14, -1.37904204189197632235e-01) (15, -1.91768944024459875308e-01) (16, -2.38977142904263706313e+00) (17, -7.29918242175544712547e-02) (18, 5.91163954128946933508e+00) (19, 9.90202728387127528720e-01) (20, 2.34540577534896099721e+00) (21, -1.68780881623089740184e-01) 
