FANN_FLO_2.1
num_layers=3
learning_rate=0.700000
connection_rate=1.000000
network_type=0
learning_momentum=0.000000
training_algorithm=2
train_error_function=1
train_stop_function=1
cascade_output_change_fraction=0.010000
quickprop_decay=-0.000100
quickprop_mu=1.750000
rprop_increase_factor=1.200000
rprop_decrease_factor=0.500000
rprop_delta_min=0.000000
rprop_delta_max=50.000000
rprop_delta_zero=0.100000
cascade_output_stagnation_epochs=12
cascade_candidate_change_fraction=0.010000
cascade_candidate_stagnation_epochs=12
cascade_max_out_epochs=150
cascade_min_out_epochs=50
cascade_max_cand_epochs=150
cascade_min_cand_epochs=50
cascade_num_candidate_groups=2
bit_fail_limit=1.00000000000000005551e-01
cascade_candidate_limit=1.00000000000000000000e+03
cascade_weight_multiplier=4.00000000000000022204e-01
cascade_activation_functions_count=10
cascade_activation_functions=3 5 7 8 10 11 14 15 16 17 
cascade_activation_steepnesses_count=4
cascade_activation_steepnesses=2.50000000000000000000e-01 5.00000000000000000000e-01 7.50000000000000000000e-01 1.00000000000000000000e+00 
layer_sizes=11 4 2 
scale_included=0
neurons (num_inputs, activation_function, activation_steepness)=(0, 0, 0.00000000000000000000e+00) (0, 0, 0.00000000000000000000e+00) (0, 0, 0.00000000000000000000e+00) (0, 0, 0.00000000000000000000e+00) (0, 0, 0.00000000000000000000e+00) (0, 0, 0.00000000000000000000e+00) (0, 0, 0.00000000000000000000e+00) (0, 0, 0.00000000000000000000e+00) (0, 0, 0.00000000000000000000e+00) (0, 0, 0.00000000000000000000e+00) (0, 0, 0.00000000000000000000e+00) (11, 6, 5.00000000000000000000e-01) (11, 6, 5.00000000000000000000e-01) (11, 6, 5.00000000000000000000e-01) (0, 6, 0.00000000000000000000e+00) (4, 4, 5.00000000000000000000e-01) (0, 4, 0.00000000000000000000e+00) 
connections (connected_to_neuron, weight)=(0, -1.91105226872731126520e+00) (1, 1.63515463066057642472e+00) (2, 8.12838834812075305969e-01) (3, 5.86639101871156531942e-01) (4, -4.53494604305169912717e-01) (5, 8.65229511307512355600e-01) (6, 6.62130694704517464011e-01) (7, -3.75619261021794104138e-01) (8, 2.73780028258857943690e-01) (9, 5.86469525480383668814e-01) (10, -2.16299292515962715555e+00) (0, -1.89770121572781480523e+00) (1, 1.73838568588014852345e+00) (2, 8.97435275008112487427e-01) (3, 5.26287014850282619527e-01) (4, -5.91311711446187437957e-01) (5, 7.06317679630552475167e-01) (6, 7.39694286005958878683e-01) (7, -4.50760191734017323650e-01) (8, -4.64035022795966978215e-01) (9, 6.36923229330891071953e-01) (10, -2.02368485835407341256e+00) (0, 3.16958039809120017960e-01) (1, -3.11081701627936801913e-01) (2, -6.30013069324694363615e-01) (3, 1.06381512306194025985e-01) (4, -1.84782520326019661372e-01) (5, -2.42490562429152817225e-01) (6, -1.53018222518837704316e-01) (7, -6.08703443810142547088e-02) (8, -1.12961160760222431576e-01) (9, 2.71821696806518020573e-01) (10, 1.75067312006096487131e-01) (11, 6.50174600465841763253e+02) (12, 1.12326994669790458659e+01) (13, 2.54653924117040179886e-02) (14, -1.35068758290826829160e+00) 
