FANN_FLO_2.1
num_layers=3
learning_rate=0.700000
connection_rate=1.000000
network_type=0
learning_momentum=0.000000
training_algorithm=2
train_error_function=1
train_stop_function=1
cascade_output_change_fraction=0.010000
quickprop_decay=-0.000100
quickprop_mu=1.750000
rprop_increase_factor=1.200000
rprop_decrease_factor=0.500000
rprop_delta_min=0.000000
rprop_delta_max=50.000000
rprop_delta_zero=0.100000
cascade_output_stagnation_epochs=12
cascade_candidate_change_fraction=0.010000
cascade_candidate_stagnation_epochs=12
cascade_max_out_epochs=150
cascade_min_out_epochs=50
cascade_max_cand_epochs=150
cascade_min_cand_epochs=50
cascade_num_candidate_groups=2
bit_fail_limit=1.00000000000000005551e-01
cascade_candidate_limit=1.00000000000000000000e+03
cascade_weight_multiplier=4.00000000000000022204e-01
cascade_activation_functions_count=10
cascade_activation_functions=3 5 7 8 10 11 14 15 16 17 
cascade_activation_steepnesses_count=4
cascade_activation_steepnesses=2.50000000000000000000e-01 5.00000000000000000000e-01 7.50000000000000000000e-01 1.00000000000000000000e+00 
layer_sizes=13 4 2 
scale_included=0
neurons (num_inputs, activation_function, activation_steepness)=(0, 0, 0.00000000000000000000e+00) (0, 0, 0.00000000000000000000e+00) (0, 0, 0.00000000000000000000e+00) (0, 0, 0.00000000000000000000e+00) (0, 0, 0.00000000000000000000e+00) (0, 0, 0.00000000000000000000e+00) (0, 0, 0.00000000000000000000e+00) (0, 0, 0.00000000000000000000e+00) (0, 0, 0.00000000000000000000e+00) (0, 0, 0.00000000000000000000e+00) (0, 0, 0.00000000000000000000e+00) (0, 0, 0.00000000000000000000e+00) (0, 0, 0.00000000000000000000e+00) (13, 6, 5.00000000000000000000e-01) (13, 6, 5.00000000000000000000e-01) (13, 6, 5.00000000000000000000e-01) (0, 6, 0.00000000000000000000e+00) (4, 4, 5.00000000000000000000e-01) (0, 4, 0.00000000000000000000e+00) 
connections (connected_to_neuron, weight)=(0, -2.20228997691955630245e+00) (1, 8.85625515844561874701e+01) (2, 3.98702085402307948581e-01) (3, -9.38160655212291333394e-02) (4, 6.22539454030467287460e-01) (5, 4.62865401059884995494e-01) (6, 2.21588761687189661487e+00) (7, 2.86817515059119149123e-02) (8, 3.89462354879894390169e-01) (9, 7.93552563578212716289e-02) (10, 3.89859051830746539125e-01) (11, 4.27588447679308203409e-01) (12, -1.17450049649267351803e+00) (0, 2.02002185219351337864e+00) (1, 2.53977643147692560888e+02) (2, 7.73259841516959767205e+00) (3, 2.18357152502168694319e-01) (4, -5.58056097732628431096e-01) (5, -1.24866061473162615059e+00) (6, -1.42039438376511850670e+00) (7, -2.31409228537984984486e-01) (8, -1.13243162780066075612e+00) (9, 1.87911869009327636704e+00) (10, -1.08068921663989825355e+00) (11, -1.74545173738829006993e+00) (12, 1.96968478457925044722e+00) (0, -3.82856881792306236179e+00) (1, 4.44725519809657726000e+02) (2, 1.31534286394576760415e-01) (3, -8.23447436352416350935e-02) (4, 1.70477127016399498949e+00) (5, 2.26036341579407551450e+00) (6, 1.66151618410704537965e+00) (7, 3.02264332091606746644e-01) (8, 1.36621043850852275092e+00) (9, -1.27267526927441854134e+00) (10, 1.39313292652974141106e+00) (11, 3.01892426497084587211e+00) (12, -1.60307416628835786021e+00) (13, 4.58869998218616070851e-01) (14, -2.63384291769168044084e+00) (15, 1.85737765295677412780e+01) (16, -1.19487172300958088833e+00) 
