FANN_FLO_2.1
num_layers=3
learning_rate=0.700000
connection_rate=1.000000
network_type=0
learning_momentum=0.000000
training_algorithm=2
train_error_function=1
train_stop_function=1
cascade_output_change_fraction=0.010000
quickprop_decay=-0.000100
quickprop_mu=1.750000
rprop_increase_factor=1.200000
rprop_decrease_factor=0.500000
rprop_delta_min=0.000000
rprop_delta_max=50.000000
rprop_delta_zero=0.100000
cascade_output_stagnation_epochs=12
cascade_candidate_change_fraction=0.010000
cascade_candidate_stagnation_epochs=12
cascade_max_out_epochs=150
cascade_min_out_epochs=50
cascade_max_cand_epochs=150
cascade_min_cand_epochs=50
cascade_num_candidate_groups=2
bit_fail_limit=1.00000000000000005551e-01
cascade_candidate_limit=1.00000000000000000000e+03
cascade_weight_multiplier=4.00000000000000022204e-01
cascade_activation_functions_count=10
cascade_activation_functions=3 5 7 8 10 11 14 15 16 17 
cascade_activation_steepnesses_count=4
cascade_activation_steepnesses=2.50000000000000000000e-01 5.00000000000000000000e-01 7.50000000000000000000e-01 1.00000000000000000000e+00 
layer_sizes=18 4 2 
scale_included=0
neurons (num_inputs, activation_function, activation_steepness)=(0, 0, 0.00000000000000000000e+00) (0, 0, 0.00000000000000000000e+00) (0, 0, 0.00000000000000000000e+00) (0, 0, 0.00000000000000000000e+00) (0, 0, 0.00000000000000000000e+00) (0, 0, 0.00000000000000000000e+00) (0, 0, 0.00000000000000000000e+00) (0, 0, 0.00000000000000000000e+00) (0, 0, 0.00000000000000000000e+00) (0, 0, 0.00000000000000000000e+00) (0, 0, 0.00000000000000000000e+00) (0, 0, 0.00000000000000000000e+00) (0, 0, 0.00000000000000000000e+00) (0, 0, 0.00000000000000000000e+00) (0, 0, 0.00000000000000000000e+00) (0, 0, 0.00000000000000000000e+00) (0, 0, 0.00000000000000000000e+00) (0, 0, 0.00000000000000000000e+00) (18, 6, 5.00000000000000000000e-01) (18, 6, 5.00000000000000000000e-01) (18, 6, 5.00000000000000000000e-01) (0, 6, 0.00000000000000000000e+00) (4, 4, 5.00000000000000000000e-01) (0, 4, 0.00000000000000000000e+00) 
connections (connected_to_neuron, weight)=(0, 1.33897006386514749732e-01) (1, 3.11256914336126455645e-01) (2, 2.33224803834016919390e-01) (3, 1.15863312952438082815e-01) (4, 2.76427466535024590755e-01) (5, 6.25687999652728976674e-02) (6, 3.72188359403711588325e-01) (7, 1.22496219862941408962e+01) (8, -2.57993208395987883019e-01) (9, 4.27938215372309194162e-01) (10, 2.24812623093392643936e-01) (11, -6.63958151236931359840e-02) (12, 2.27912813418541970734e-01) (13, -1.67414875917240080216e-01) (14, 3.73553905484423742767e-01) (15, 3.47325733312999818114e-01) (16, -1.64525579322950032957e-01) (17, 3.83309772606322957111e-02) (0, -4.60193881577261654225e-01) (1, 5.44517014344936711723e-01) (2, 1.11744531082788145504e+00) (3, 9.45751098978425019936e-01) (4, -2.76241552734497908261e-01) (5, -1.87196464426884118248e-01) (6, 7.98019085119238913428e-01) (7, 7.10570941305851846437e+01) (8, -4.61876954113080995246e-02) (9, 9.64651822140765169422e-01) (10, -3.05678404349878862778e-01) (11, -7.21261915692220756391e-01) (12, -4.72805249011806372206e-01) (13, -6.41221680379442937614e-01) (14, 8.57299366649974525778e-01) (15, 8.92071747130786962821e-01) (16, -5.59432868787180015424e-01) (17, -5.64056853574216421343e-01) (0, -1.33398831175667931248e+00) (1, 1.10399173814412110417e+00) (2, 2.62619435573218051871e+00) (3, 1.48517615640015843148e+00) (4, -4.49332902806904688209e-01) (5, -6.81303234300139892721e-02) (6, 1.48089405784826189105e+00) (7, 1.70262584379495933717e+02) (8, -4.41118390043255148569e-01) (9, 1.99062780944279626993e+00) (10, -4.76646665751912945730e-01) (11, -1.60921609487543570971e+00) (12, -1.46811818655061854244e+00) (13, -1.63274100318963388823e+00) (14, 1.92773085142323141739e+00) (15, 1.92684249078279412615e+00) (16, -1.66721706923256385302e+00) (17, -1.53149235278613304878e+00) (18, 8.05172759840990653890e-02) (19, 3.06925439998241156303e+00) (20, 3.24342012764437654937e+01) (21, -1.66933465426934279918e+00) 
