FANN_FLO_2.1
num_layers=3
learning_rate=0.700000
connection_rate=1.000000
network_type=0
learning_momentum=0.000000
training_algorithm=2
train_error_function=1
train_stop_function=1
cascade_output_change_fraction=0.010000
quickprop_decay=-0.000100
quickprop_mu=1.750000
rprop_increase_factor=1.200000
rprop_decrease_factor=0.500000
rprop_delta_min=0.000000
rprop_delta_max=50.000000
rprop_delta_zero=0.100000
cascade_output_stagnation_epochs=12
cascade_candidate_change_fraction=0.010000
cascade_candidate_stagnation_epochs=12
cascade_max_out_epochs=150
cascade_min_out_epochs=50
cascade_max_cand_epochs=150
cascade_min_cand_epochs=50
cascade_num_candidate_groups=2
bit_fail_limit=1.00000000000000005551e-01
cascade_candidate_limit=1.00000000000000000000e+03
cascade_weight_multiplier=4.00000000000000022204e-01
cascade_activation_functions_count=10
cascade_activation_functions=3 5 7 8 10 11 14 15 16 17 
cascade_activation_steepnesses_count=4
cascade_activation_steepnesses=2.50000000000000000000e-01 5.00000000000000000000e-01 7.50000000000000000000e-01 1.00000000000000000000e+00 
layer_sizes=9 4 2 
scale_included=0
neurons (num_inputs, activation_function, activation_steepness)=(0, 0, 0.00000000000000000000e+00) (0, 0, 0.00000000000000000000e+00) (0, 0, 0.00000000000000000000e+00) (0, 0, 0.00000000000000000000e+00) (0, 0, 0.00000000000000000000e+00) (0, 0, 0.00000000000000000000e+00) (0, 0, 0.00000000000000000000e+00) (0, 0, 0.00000000000000000000e+00) (0, 0, 0.00000000000000000000e+00) (9, 6, 5.00000000000000000000e-01) (9, 6, 5.00000000000000000000e-01) (9, 6, 5.00000000000000000000e-01) (0, 6, 0.00000000000000000000e+00) (4, 4, 5.00000000000000000000e-01) (0, 4, 0.00000000000000000000e+00) 
connections (connected_to_neuron, weight)=(0, -2.59451570721018232035e+00) (1, 3.59038319324709842562e+00) (2, 7.81550578889520841663e-01) (3, 7.93290773351136846436e-01) (4, 2.88603736911329322723e+00) (5, -2.51306081922399915385e+00) (6, 2.63323683854253332015e+00) (7, 5.31408099728396310368e-01) (8, -2.11854314677996491412e+00) (0, -1.28456278444003015038e-02) (1, 4.50465195512687488488e-01) (2, 4.97520148700802966601e-02) (3, 1.92615754378735209995e-01) (4, 2.74808855687356190511e-01) (5, 2.78566988647276116142e-02) (6, 3.26278434274174689023e-01) (7, 2.35302421904642788952e-01) (8, 8.17283952448560890858e-02) (0, 1.19987849327420875722e-01) (1, 2.23570807398694793022e+00) (2, 2.56768537027635655734e-02) (3, 7.95914565736245638305e-01) (4, 1.10891602565424141069e+00) (5, -4.45752210513864349783e-02) (6, 3.69320747282805506018e-01) (7, 1.35838423863374080369e-01) (8, -6.53475631235115594908e-02) (9, 6.47463901613697689896e+00) (10, 8.21135084348876970184e-02) (11, 1.46816286331246392827e+00) (12, -1.74061894069400358021e+00) 
