FANN_FLO_2.1
num_layers=3
learning_rate=0.700000
connection_rate=1.000000
network_type=0
learning_momentum=0.000000
training_algorithm=2
train_error_function=1
train_stop_function=1
cascade_output_change_fraction=0.010000
quickprop_decay=-0.000100
quickprop_mu=1.750000
rprop_increase_factor=1.200000
rprop_decrease_factor=0.500000
rprop_delta_min=0.000000
rprop_delta_max=50.000000
rprop_delta_zero=0.100000
cascade_output_stagnation_epochs=12
cascade_candidate_change_fraction=0.010000
cascade_candidate_stagnation_epochs=12
cascade_max_out_epochs=150
cascade_min_out_epochs=50
cascade_max_cand_epochs=150
cascade_min_cand_epochs=50
cascade_num_candidate_groups=2
bit_fail_limit=1.00000000000000005551e-01
cascade_candidate_limit=1.00000000000000000000e+03
cascade_weight_multiplier=4.00000000000000022204e-01
cascade_activation_functions_count=10
cascade_activation_functions=3 5 7 8 10 11 14 15 16 17 
cascade_activation_steepnesses_count=4
cascade_activation_steepnesses=2.50000000000000000000e-01 5.00000000000000000000e-01 7.50000000000000000000e-01 1.00000000000000000000e+00 
layer_sizes=9 4 2 
scale_included=0
neurons (num_inputs, activation_function, activation_steepness)=(0, 0, 0.00000000000000000000e+00) (0, 0, 0.00000000000000000000e+00) (0, 0, 0.00000000000000000000e+00) (0, 0, 0.00000000000000000000e+00) (0, 0, 0.00000000000000000000e+00) (0, 0, 0.00000000000000000000e+00) (0, 0, 0.00000000000000000000e+00) (0, 0, 0.00000000000000000000e+00) (0, 0, 0.00000000000000000000e+00) (9, 6, 5.00000000000000000000e-01) (9, 6, 5.00000000000000000000e-01) (9, 6, 5.00000000000000000000e-01) (0, 6, 0.00000000000000000000e+00) (4, 4, 5.00000000000000000000e-01) (0, 4, 0.00000000000000000000e+00) 
connections (connected_to_neuron, weight)=(0, -1.12404867597755142583e+00) (1, 2.32782877068289328903e+00) (2, 3.68460379791082259793e-01) (3, 4.68024712620413674280e-01) (4, -8.34913487742794724333e-01) (5, -9.18933178494824143279e-01) (6, -9.80323289049778390236e-01) (7, -4.00154183044880595865e-01) (8, -1.06925423034366340325e+00) (0, 2.25056103884251657021e+00) (1, 7.15095320565772407662e-01) (2, -1.12053358058909431350e+01) (3, 5.08097203724655277490e-01) (4, 4.19749797246671496609e-01) (5, 5.17071188352323352078e-01) (6, 1.09278091930907983453e+00) (7, 6.89317431330232155418e-01) (8, 2.17334004013808268496e+00) (0, 1.78652944207082668981e+01) (1, -8.18607807900919226540e+00) (2, 2.39193816322313823619e+00) (3, 1.06301279567533546455e+00) (4, 8.27876060568934701855e-01) (5, -8.84026065068953093018e-01) (6, 3.39573593667731499224e+00) (7, 4.13102943454442428362e+00) (8, 1.80144025847206989965e+01) (9, 7.65937213790050641649e+00) (10, -5.15785088760770982219e+00) (11, -1.91977002281747188839e+00) (12, -1.84430764798126545223e+00) 
