FANN_FLO_2.1
num_layers=3
learning_rate=0.700000
connection_rate=1.000000
network_type=0
learning_momentum=0.000000
training_algorithm=2
train_error_function=1
train_stop_function=1
cascade_output_change_fraction=0.010000
quickprop_decay=-0.000100
quickprop_mu=1.750000
rprop_increase_factor=1.200000
rprop_decrease_factor=0.500000
rprop_delta_min=0.000000
rprop_delta_max=50.000000
rprop_delta_zero=0.100000
cascade_output_stagnation_epochs=12
cascade_candidate_change_fraction=0.010000
cascade_candidate_stagnation_epochs=12
cascade_max_out_epochs=150
cascade_min_out_epochs=50
cascade_max_cand_epochs=150
cascade_min_cand_epochs=50
cascade_num_candidate_groups=2
bit_fail_limit=1.00000000000000005551e-01
cascade_candidate_limit=1.00000000000000000000e+03
cascade_weight_multiplier=4.00000000000000022204e-01
cascade_activation_functions_count=10
cascade_activation_functions=3 5 7 8 10 11 14 15 16 17 
cascade_activation_steepnesses_count=4
cascade_activation_steepnesses=2.50000000000000000000e-01 5.00000000000000000000e-01 7.50000000000000000000e-01 1.00000000000000000000e+00 
layer_sizes=11 4 2 
scale_included=0
neurons (num_inputs, activation_function, activation_steepness)=(0, 0, 0.00000000000000000000e+00) (0, 0, 0.00000000000000000000e+00) (0, 0, 0.00000000000000000000e+00) (0, 0, 0.00000000000000000000e+00) (0, 0, 0.00000000000000000000e+00) (0, 0, 0.00000000000000000000e+00) (0, 0, 0.00000000000000000000e+00) (0, 0, 0.00000000000000000000e+00) (0, 0, 0.00000000000000000000e+00) (0, 0, 0.00000000000000000000e+00) (0, 0, 0.00000000000000000000e+00) (11, 6, 5.00000000000000000000e-01) (11, 6, 5.00000000000000000000e-01) (11, 6, 5.00000000000000000000e-01) (0, 6, 0.00000000000000000000e+00) (4, 4, 5.00000000000000000000e-01) (0, 4, 0.00000000000000000000e+00) 
connections (connected_to_neuron, weight)=(0, -4.87332531397456936162e+00) (1, 3.64794872859107588425e+00) (2, 2.51569671147483653328e+00) (3, 2.75707905393660102078e+00) (4, -1.66097830327979445464e+00) (5, 3.17182923933628302393e+00) (6, 9.36898122629336138623e-01) (7, 1.79448745487936367482e+00) (8, 5.19045209643134719535e-01) (9, 3.06235678064471184001e+00) (10, -5.66904241779423312408e+00) (0, -1.52458345743392853500e+00) (1, 5.82300174022325811585e-01) (2, 2.68617252695433406107e-01) (3, 3.89715235730773712497e-01) (4, -2.87820201910793882494e-01) (5, 7.55772398560317415495e-01) (6, 1.10405346264596087025e+01) (7, 2.35490428647216060165e-01) (8, 6.75090519925441334692e-01) (9, 1.26603620520413878703e-01) (10, -2.52454874118408811867e+00) (0, 1.15287042453236709960e+00) (1, -2.59108782823992189748e+00) (2, -2.06556929283903262240e-01) (3, -1.03043812291647807200e+00) (4, 5.90560949189554040828e-01) (5, 1.53159906958122760123e+00) (6, 2.11651056709766915986e+00) (7, 4.32492868898245119702e-01) (8, 2.55361417768094012271e-01) (9, -1.15281454112323739070e-01) (10, 1.13582035638117839760e+00) (11, 3.25080816650075874463e+01) (12, 2.93466467697053587926e+01) (13, -1.94759001845090784499e+00) (14, -5.13631453662878545430e+00) 
