FANN_FLO_2.1
num_layers=3
learning_rate=0.700000
connection_rate=1.000000
network_type=0
learning_momentum=0.000000
training_algorithm=2
train_error_function=1
train_stop_function=1
cascade_output_change_fraction=0.010000
quickprop_decay=-0.000100
quickprop_mu=1.750000
rprop_increase_factor=1.200000
rprop_decrease_factor=0.500000
rprop_delta_min=0.000000
rprop_delta_max=50.000000
rprop_delta_zero=0.100000
cascade_output_stagnation_epochs=12
cascade_candidate_change_fraction=0.010000
cascade_candidate_stagnation_epochs=12
cascade_max_out_epochs=150
cascade_min_out_epochs=50
cascade_max_cand_epochs=150
cascade_min_cand_epochs=50
cascade_num_candidate_groups=2
bit_fail_limit=1.00000000000000005551e-01
cascade_candidate_limit=1.00000000000000000000e+03
cascade_weight_multiplier=4.00000000000000022204e-01
cascade_activation_functions_count=10
cascade_activation_functions=3 5 7 8 10 11 14 15 16 17 
cascade_activation_steepnesses_count=4
cascade_activation_steepnesses=2.50000000000000000000e-01 5.00000000000000000000e-01 7.50000000000000000000e-01 1.00000000000000000000e+00 
layer_sizes=9 4 2 
scale_included=0
neurons (num_inputs, activation_function, activation_steepness)=(0, 0, 0.00000000000000000000e+00) (0, 0, 0.00000000000000000000e+00) (0, 0, 0.00000000000000000000e+00) (0, 0, 0.00000000000000000000e+00) (0, 0, 0.00000000000000000000e+00) (0, 0, 0.00000000000000000000e+00) (0, 0, 0.00000000000000000000e+00) (0, 0, 0.00000000000000000000e+00) (0, 0, 0.00000000000000000000e+00) (9, 6, 5.00000000000000000000e-01) (9, 6, 5.00000000000000000000e-01) (9, 6, 5.00000000000000000000e-01) (0, 6, 0.00000000000000000000e+00) (4, 4, 5.00000000000000000000e-01) (0, 4, 0.00000000000000000000e+00) 
connections (connected_to_neuron, weight)=(0, 8.90607508818267223916e-01) (1, -3.15943823003403689853e+00) (2, 4.79727850076974215998e-01) (3, 3.69259175625861524317e-01) (4, 8.33989282505338547224e-01) (5, 9.88764892319796917519e-01) (6, 5.82504047414416081807e-01) (7, 4.05087769744218173518e-01) (8, 4.40589421210110965266e-01) (0, -1.29698629949846955256e+00) (1, 1.45342388082900741963e+00) (2, 6.79190879516790579906e-02) (3, -2.00261818332503407913e-02) (4, -6.53258274784442760641e-01) (5, -1.16526388276973458247e+00) (6, -2.99760874692900636251e-01) (7, 4.01762103491018485180e-02) (8, 7.54589861087988089672e-02) (0, 1.01155033240711533793e+00) (1, -3.20294405141107585422e+00) (2, 5.01306355712235696132e-01) (3, 3.25494684991658567164e-01) (4, 8.06701665179555771346e-01) (5, 9.72620683709739086709e-01) (6, 5.33932691773527867696e-01) (7, 3.47150110421002744410e-01) (8, 5.07952243802369363124e-01) (9, -3.19927040853731181613e+00) (10, 1.22655758727946961884e+00) (11, -3.20028581836454417697e+00) (12, -1.29693232064322649943e-02) 
