FANN_FLO_2.1
num_layers=3
learning_rate=0.700000
connection_rate=1.000000
network_type=0
learning_momentum=0.000000
training_algorithm=2
train_error_function=1
train_stop_function=1
cascade_output_change_fraction=0.010000
quickprop_decay=-0.000100
quickprop_mu=1.750000
rprop_increase_factor=1.200000
rprop_decrease_factor=0.500000
rprop_delta_min=0.000000
rprop_delta_max=50.000000
rprop_delta_zero=0.100000
cascade_output_stagnation_epochs=12
cascade_candidate_change_fraction=0.010000
cascade_candidate_stagnation_epochs=12
cascade_max_out_epochs=150
cascade_min_out_epochs=50
cascade_max_cand_epochs=150
cascade_min_cand_epochs=50
cascade_num_candidate_groups=2
bit_fail_limit=1.00000000000000005551e-01
cascade_candidate_limit=1.00000000000000000000e+03
cascade_weight_multiplier=4.00000000000000022204e-01
cascade_activation_functions_count=10
cascade_activation_functions=3 5 7 8 10 11 14 15 16 17 
cascade_activation_steepnesses_count=4
cascade_activation_steepnesses=2.50000000000000000000e-01 5.00000000000000000000e-01 7.50000000000000000000e-01 1.00000000000000000000e+00 
layer_sizes=17 4 2 
scale_included=0
neurons (num_inputs, activation_function, activation_steepness)=(0, 0, 0.00000000000000000000e+00) (0, 0, 0.00000000000000000000e+00) (0, 0, 0.00000000000000000000e+00) (0, 0, 0.00000000000000000000e+00) (0, 0, 0.00000000000000000000e+00) (0, 0, 0.00000000000000000000e+00) (0, 0, 0.00000000000000000000e+00) (0, 0, 0.00000000000000000000e+00) (0, 0, 0.00000000000000000000e+00) (0, 0, 0.00000000000000000000e+00) (0, 0, 0.00000000000000000000e+00) (0, 0, 0.00000000000000000000e+00) (0, 0, 0.00000000000000000000e+00) (0, 0, 0.00000000000000000000e+00) (0, 0, 0.00000000000000000000e+00) (0, 0, 0.00000000000000000000e+00) (0, 0, 0.00000000000000000000e+00) (17, 6, 5.00000000000000000000e-01) (17, 6, 5.00000000000000000000e-01) (17, 6, 5.00000000000000000000e-01) (0, 6, 0.00000000000000000000e+00) (4, 4, 5.00000000000000000000e-01) (0, 4, 0.00000000000000000000e+00) 
connections (connected_to_neuron, weight)=(0, 2.17635610500928633471e+00) (1, -2.46269112092952546789e+00) (2, 3.66847976883231063905e-01) (3, 1.18427580385406550079e+00) (4, 1.17314922599990900665e+00) (5, 1.09469547658165033965e+00) (6, 2.94501654644785781922e-01) (7, 2.05595726321098082323e+00) (8, 2.03927504072543852587e+00) (9, -2.29178117228250322057e+00) (10, 1.31736086469200497362e+00) (11, 1.28747347157505398485e+00) (12, 1.26377102147844677660e+00) (13, 1.03113903640707071929e+00) (14, 2.03013651619312041063e+00) (15, 1.24264019142893200609e+00) (16, -3.73887279526625426751e-02) (0, -1.91939246212240433032e+00) (1, 3.91383480255369420320e+00) (2, -2.18965728219124022846e-02) (3, -1.27009256293259276127e+00) (4, -6.71613785540652763473e-01) (5, -6.94837751900744926559e-01) (6, -4.11217449636057774676e-01) (7, -1.32317072262249602055e+00) (8, -1.30972838138423575138e+00) (9, 3.82008113314275021821e+00) (10, -1.32951752950630797123e+00) (11, -1.34391470362625753410e+00) (12, -1.30340878402076376652e+00) (13, -8.09952858006549480940e-01) (14, -1.19599206109724653935e+00) (15, -1.29406585653505934452e+00) (16, 1.32417700714293623543e-01) (0, 2.19079346756097548266e+00) (1, -2.41887443897824105932e+00) (2, 3.19814532836256881776e-01) (3, 2.10264878521320097704e+00) (4, 1.06703466712434824615e+00) (5, 1.13436102657516535430e+00) (6, 2.37114529897747894349e-01) (7, 2.05764963279124968309e+00) (8, 2.09508860657569639940e+00) (9, -2.32262294007043657018e+00) (10, 2.10243740479108565111e+00) (11, 1.23718628447559719774e+00) (12, 2.05165666888114683886e+00) (13, 1.13244817941387232452e+00) (14, 2.15700061420556776781e+00) (15, 1.34783464830425625536e+00) (16, -6.08750553326044829827e-02) (17, -3.93914936457638020784e+00) (18, 3.92001942519907231599e+00) (19, -3.94970737372402425081e+00) (20, 1.04445576197329664803e-01) 
