FANN_FLO_2.1
num_layers=3
learning_rate=0.700000
connection_rate=1.000000
network_type=0
learning_momentum=0.000000
training_algorithm=2
train_error_function=1
train_stop_function=1
cascade_output_change_fraction=0.010000
quickprop_decay=-0.000100
quickprop_mu=1.750000
rprop_increase_factor=1.200000
rprop_decrease_factor=0.500000
rprop_delta_min=0.000000
rprop_delta_max=50.000000
rprop_delta_zero=0.100000
cascade_output_stagnation_epochs=12
cascade_candidate_change_fraction=0.010000
cascade_candidate_stagnation_epochs=12
cascade_max_out_epochs=150
cascade_min_out_epochs=50
cascade_max_cand_epochs=150
cascade_min_cand_epochs=50
cascade_num_candidate_groups=2
bit_fail_limit=1.00000000000000005551e-01
cascade_candidate_limit=1.00000000000000000000e+03
cascade_weight_multiplier=4.00000000000000022204e-01
cascade_activation_functions_count=10
cascade_activation_functions=3 5 7 8 10 11 14 15 16 17 
cascade_activation_steepnesses_count=4
cascade_activation_steepnesses=2.50000000000000000000e-01 5.00000000000000000000e-01 7.50000000000000000000e-01 1.00000000000000000000e+00 
layer_sizes=11 4 2 
scale_included=0
neurons (num_inputs, activation_function, activation_steepness)=(0, 0, 0.00000000000000000000e+00) (0, 0, 0.00000000000000000000e+00) (0, 0, 0.00000000000000000000e+00) (0, 0, 0.00000000000000000000e+00) (0, 0, 0.00000000000000000000e+00) (0, 0, 0.00000000000000000000e+00) (0, 0, 0.00000000000000000000e+00) (0, 0, 0.00000000000000000000e+00) (0, 0, 0.00000000000000000000e+00) (0, 0, 0.00000000000000000000e+00) (0, 0, 0.00000000000000000000e+00) (11, 6, 5.00000000000000000000e-01) (11, 6, 5.00000000000000000000e-01) (11, 6, 5.00000000000000000000e-01) (0, 6, 0.00000000000000000000e+00) (4, 4, 5.00000000000000000000e-01) (0, 4, 0.00000000000000000000e+00) 
connections (connected_to_neuron, weight)=(0, 1.36643625433291973081e+01) (1, -5.76859326735727329094e+00) (2, -2.49021978040349223349e+00) (3, -3.42414482006527265412e+00) (4, 3.34050458598633248641e+00) (5, -2.77539282175648649442e+00) (6, 1.18232517233159128978e+00) (7, 2.09112611978701040671e-01) (8, -1.17380428616640641870e+00) (9, -2.04402079839873074274e-01) (10, 4.83150016547471317097e+00) (0, -3.81110028413559231986e-01) (1, 2.30016549894030220003e+00) (2, 9.43063068600714649037e-02) (3, -1.04345985678244357331e+01) (4, 1.15492084909093462031e-01) (5, -1.25176889361319361171e+01) (6, -1.14180064241034928685e+00) (7, 1.28287504347137226723e+00) (8, -1.01711383135028143876e+00) (9, -2.23973445935885484559e+00) (10, 6.64727263596514350574e-01) (0, -4.33313364174695792030e+00) (1, -3.56776215991142642281e+00) (2, -1.81828487513695402633e+00) (3, -2.89608530565527955147e+00) (4, 3.93621092624207102872e+00) (5, -1.74738622046902536411e+00) (6, -3.10635925873375340345e+00) (7, -2.23872846060651387035e+00) (8, -5.38353037826941971389e+00) (9, -1.06846214153297069949e+00) (10, 5.51838748408728907435e+00) (11, -1.79338409241325691390e+00) (12, -3.00057027913281748610e+00) (13, -1.33892799239299534975e+02) (14, -1.48799291683612522341e+00) 
