FANN_FLO_2.1
num_layers=3
learning_rate=0.700000
connection_rate=1.000000
network_type=0
learning_momentum=0.000000
training_algorithm=2
train_error_function=1
train_stop_function=1
cascade_output_change_fraction=0.010000
quickprop_decay=-0.000100
quickprop_mu=1.750000
rprop_increase_factor=1.200000
rprop_decrease_factor=0.500000
rprop_delta_min=0.000000
rprop_delta_max=50.000000
rprop_delta_zero=0.100000
cascade_output_stagnation_epochs=12
cascade_candidate_change_fraction=0.010000
cascade_candidate_stagnation_epochs=12
cascade_max_out_epochs=150
cascade_min_out_epochs=50
cascade_max_cand_epochs=150
cascade_min_cand_epochs=50
cascade_num_candidate_groups=2
bit_fail_limit=1.00000000000000005551e-01
cascade_candidate_limit=1.00000000000000000000e+03
cascade_weight_multiplier=4.00000000000000022204e-01
cascade_activation_functions_count=10
cascade_activation_functions=3 5 7 8 10 11 14 15 16 17 
cascade_activation_steepnesses_count=4
cascade_activation_steepnesses=2.50000000000000000000e-01 5.00000000000000000000e-01 7.50000000000000000000e-01 1.00000000000000000000e+00 
layer_sizes=12 4 2 
scale_included=0
neurons (num_inputs, activation_function, activation_steepness)=(0, 0, 0.00000000000000000000e+00) (0, 0, 0.00000000000000000000e+00) (0, 0, 0.00000000000000000000e+00) (0, 0, 0.00000000000000000000e+00) (0, 0, 0.00000000000000000000e+00) (0, 0, 0.00000000000000000000e+00) (0, 0, 0.00000000000000000000e+00) (0, 0, 0.00000000000000000000e+00) (0, 0, 0.00000000000000000000e+00) (0, 0, 0.00000000000000000000e+00) (0, 0, 0.00000000000000000000e+00) (0, 0, 0.00000000000000000000e+00) (12, 6, 5.00000000000000000000e-01) (12, 6, 5.00000000000000000000e-01) (12, 6, 5.00000000000000000000e-01) (0, 6, 0.00000000000000000000e+00) (4, 4, 5.00000000000000000000e-01) (0, 4, 0.00000000000000000000e+00) 
connections (connected_to_neuron, weight)=(0, 2.17658777387487223365e+00) (1, 1.37256361407352791559e+01) (2, 2.45955283802764412826e+01) (3, 4.49450213060952119548e+00) (4, 4.39160982580962855337e+00) (5, 5.43967082732386941757e+00) (6, 1.54400082234941993242e+00) (7, 2.52130051939420418705e+00) (8, 1.13886918696171068888e+00) (9, 3.07496345419643324348e+00) (10, 4.54360519811293842030e-02) (11, 1.31643489944648930390e+01) (0, -4.50148961154279447783e+00) (1, -3.39094677168336700035e+00) (2, 1.44336264927068729236e+01) (3, 4.84198971928889854155e+00) (4, 9.38852920167935423024e-01) (5, 2.99905040838772563028e-01) (6, 1.39102033450648487900e+00) (7, 1.70216101705271114497e+01) (8, 4.27827804313195425578e+00) (9, 6.69049520601988634283e-01) (10, 1.41304002030472819484e+00) (11, -2.00590753529643173181e+00) (0, 3.15470771950112993665e+00) (1, 8.05737548253856350478e-01) (2, 1.49830105350236952866e+00) (3, -1.04048784832686047608e+00) (4, -6.67265586266430066331e-01) (5, 7.29044088454986471959e-01) (6, 6.99064595806026534142e-01) (7, -8.29830629782099760128e-01) (8, 5.38489054952796086795e-01) (9, 7.25746307877780383322e-01) (10, 7.27181672463546147078e-01) (11, -1.85123350633085914652e+00) (12, -1.42629023626913919998e+00) (13, 1.77014109350626576145e+01) (14, 7.71428359690519869218e+01) (15, -2.76757127906938737993e+00) 
