FANN_FLO_2.1
num_layers=3
learning_rate=0.700000
connection_rate=1.000000
network_type=0
learning_momentum=0.000000
training_algorithm=2
train_error_function=1
train_stop_function=1
cascade_output_change_fraction=0.010000
quickprop_decay=-0.000100
quickprop_mu=1.750000
rprop_increase_factor=1.200000
rprop_decrease_factor=0.500000
rprop_delta_min=0.000000
rprop_delta_max=50.000000
rprop_delta_zero=0.100000
cascade_output_stagnation_epochs=12
cascade_candidate_change_fraction=0.010000
cascade_candidate_stagnation_epochs=12
cascade_max_out_epochs=150
cascade_min_out_epochs=50
cascade_max_cand_epochs=150
cascade_min_cand_epochs=50
cascade_num_candidate_groups=2
bit_fail_limit=1.00000000000000005551e-01
cascade_candidate_limit=1.00000000000000000000e+03
cascade_weight_multiplier=4.00000000000000022204e-01
cascade_activation_functions_count=10
cascade_activation_functions=3 5 7 8 10 11 14 15 16 17 
cascade_activation_steepnesses_count=4
cascade_activation_steepnesses=2.50000000000000000000e-01 5.00000000000000000000e-01 7.50000000000000000000e-01 1.00000000000000000000e+00 
layer_sizes=18 4 2 
scale_included=0
neurons (num_inputs, activation_function, activation_steepness)=(0, 0, 0.00000000000000000000e+00) (0, 0, 0.00000000000000000000e+00) (0, 0, 0.00000000000000000000e+00) (0, 0, 0.00000000000000000000e+00) (0, 0, 0.00000000000000000000e+00) (0, 0, 0.00000000000000000000e+00) (0, 0, 0.00000000000000000000e+00) (0, 0, 0.00000000000000000000e+00) (0, 0, 0.00000000000000000000e+00) (0, 0, 0.00000000000000000000e+00) (0, 0, 0.00000000000000000000e+00) (0, 0, 0.00000000000000000000e+00) (0, 0, 0.00000000000000000000e+00) (0, 0, 0.00000000000000000000e+00) (0, 0, 0.00000000000000000000e+00) (0, 0, 0.00000000000000000000e+00) (0, 0, 0.00000000000000000000e+00) (0, 0, 0.00000000000000000000e+00) (18, 6, 5.00000000000000000000e-01) (18, 6, 5.00000000000000000000e-01) (18, 6, 5.00000000000000000000e-01) (0, 6, 0.00000000000000000000e+00) (4, 4, 5.00000000000000000000e-01) (0, 4, 0.00000000000000000000e+00) 
connections (connected_to_neuron, weight)=(0, -1.68474262504393612616e+00) (1, 3.33747158118829689855e+00) (2, -7.68788986072097557667e-01) (3, 1.21480310780763645084e+00) (4, 1.31561707936625582605e+00) (5, 1.23229507324320786132e+00) (6, 2.86485286860721410918e+00) (7, 1.07077831233854059434e+00) (8, -4.91377771795819207057e-01) (9, 1.32443038323328377004e+00) (10, -1.06555678971475983885e-01) (11, 9.37617826225033701437e-02) (12, 1.14540026737750921804e+00) (13, -9.20417452325055340800e-01) (14, -2.51496870174980236001e-01) (15, 2.56712479972807626483e-02) (16, -1.64578221521731604682e+00) (17, -2.07817371601106648527e+00) (0, -1.70574289959615077450e+00) (1, 3.46268764676244211742e+00) (2, -7.87340991363082443044e-01) (3, 1.29192377655209389431e+00) (4, 1.28679393835764033227e+00) (5, 1.25917961415869705810e+00) (6, 2.72543387173669637846e+00) (7, 1.07887384499425653672e+00) (8, -5.20476357043812454251e-01) (9, 1.33823538520738960500e+00) (10, 4.56424071976751222213e-02) (11, 7.45575795830956400412e-02) (12, 1.28052976755799141628e+00) (13, -9.71899030824133647322e-01) (14, -3.74823253706073777902e-01) (15, -1.36093634507658961530e-01) (16, -6.40406092796121262367e-01) (17, -2.16028326653960789372e+00) (0, -1.61662523102706279232e+00) (1, 3.13336615793331496604e+00) (2, -7.91422894112980057635e-01) (3, 1.25476053956669497680e+00) (4, 2.20356408399998615621e+00) (5, 1.20290157710031486715e+00) (6, 2.67151902155252418680e+00) (7, -2.45332279665528751877e+00) (8, -4.97584570243574664250e-01) (9, 2.03579808245243709663e+00) (10, 2.71217866020184661391e-01) (11, 2.86776599414174160341e-01) (12, 1.49223531930934072420e+00) (13, -1.82822722627270128903e+00) (14, -6.91720859048422509474e-01) (15, 4.91821674893648252969e-01) (16, -1.61055537156009687116e+00) (17, -1.85838374329698008403e+00) (18, 1.17175439905160292398e+01) (19, 1.16895240854256972085e+01) (20, 1.73790678343297884112e+01) (21, -3.22817950631817263130e+00) 
