FANN_FLO_2.1
num_layers=3
learning_rate=0.700000
connection_rate=1.000000
network_type=0
learning_momentum=0.000000
training_algorithm=2
train_error_function=1
train_stop_function=1
cascade_output_change_fraction=0.010000
quickprop_decay=-0.000100
quickprop_mu=1.750000
rprop_increase_factor=1.200000
rprop_decrease_factor=0.500000
rprop_delta_min=0.000000
rprop_delta_max=50.000000
rprop_delta_zero=0.100000
cascade_output_stagnation_epochs=12
cascade_candidate_change_fraction=0.010000
cascade_candidate_stagnation_epochs=12
cascade_max_out_epochs=150
cascade_min_out_epochs=50
cascade_max_cand_epochs=150
cascade_min_cand_epochs=50
cascade_num_candidate_groups=2
bit_fail_limit=1.00000000000000005551e-01
cascade_candidate_limit=1.00000000000000000000e+03
cascade_weight_multiplier=4.00000000000000022204e-01
cascade_activation_functions_count=10
cascade_activation_functions=3 5 7 8 10 11 14 15 16 17 
cascade_activation_steepnesses_count=4
cascade_activation_steepnesses=2.50000000000000000000e-01 5.00000000000000000000e-01 7.50000000000000000000e-01 1.00000000000000000000e+00 
layer_sizes=11 4 2 
scale_included=0
neurons (num_inputs, activation_function, activation_steepness)=(0, 0, 0.00000000000000000000e+00) (0, 0, 0.00000000000000000000e+00) (0, 0, 0.00000000000000000000e+00) (0, 0, 0.00000000000000000000e+00) (0, 0, 0.00000000000000000000e+00) (0, 0, 0.00000000000000000000e+00) (0, 0, 0.00000000000000000000e+00) (0, 0, 0.00000000000000000000e+00) (0, 0, 0.00000000000000000000e+00) (0, 0, 0.00000000000000000000e+00) (0, 0, 0.00000000000000000000e+00) (11, 6, 5.00000000000000000000e-01) (11, 6, 5.00000000000000000000e-01) (11, 6, 5.00000000000000000000e-01) (0, 6, 0.00000000000000000000e+00) (4, 4, 5.00000000000000000000e-01) (0, 4, 0.00000000000000000000e+00) 
connections (connected_to_neuron, weight)=(0, -7.26675682635707143042e-01) (1, 1.28063911046615230838e+00) (2, -1.96046796473550666295e-01) (3, -6.60861211539800152970e-01) (4, 1.46478684888883847748e+00) (5, -1.06732472946277212600e+00) (6, -7.97988018663222775650e-01) (7, 1.34180540438523854263e+00) (8, -3.03989649596500266515e-01) (9, 6.69430677751013059051e-01) (10, -8.83876635460010828815e-02) (0, 2.39786085476346322309e+00) (1, -4.45155915844487104494e+00) (2, 7.01860516289857128136e-01) (3, 1.28048861219020904123e+00) (4, -2.40909412370188036334e+00) (5, 7.09760324410801324291e+00) (6, 1.18076056434246123850e+00) (7, -4.96668423919082613338e+00) (8, 9.82191999021490791399e-01) (9, -1.03106397685365350214e-01) (10, 2.91126858789914177983e-01) (0, -1.24770282893360850984e+00) (1, 2.97342205221516930891e+00) (2, -1.54685438419920717745e-01) (3, -2.11954700435868925723e+00) (4, 1.09037396546235632044e+00) (5, -2.82865352551204995990e+00) (6, -2.06628903235665983829e+00) (7, 3.07014216284019791914e+00) (8, -1.63335145260435854464e-01) (9, 2.54977029366864671456e-01) (10, -1.93470790581578636069e-02) (11, 1.48546743290230054413e+00) (12, -7.16753455005293282909e+00) (13, 2.87018986980182955193e+00) (14, -1.08201946362949233404e-01) 
