FANN_FLO_2.1
num_layers=3
learning_rate=0.700000
connection_rate=1.000000
network_type=0
learning_momentum=0.000000
training_algorithm=2
train_error_function=1
train_stop_function=1
cascade_output_change_fraction=0.010000
quickprop_decay=-0.000100
quickprop_mu=1.750000
rprop_increase_factor=1.200000
rprop_decrease_factor=0.500000
rprop_delta_min=0.000000
rprop_delta_max=50.000000
rprop_delta_zero=0.100000
cascade_output_stagnation_epochs=12
cascade_candidate_change_fraction=0.010000
cascade_candidate_stagnation_epochs=12
cascade_max_out_epochs=150
cascade_min_out_epochs=50
cascade_max_cand_epochs=150
cascade_min_cand_epochs=50
cascade_num_candidate_groups=2
bit_fail_limit=1.00000000000000005551e-01
cascade_candidate_limit=1.00000000000000000000e+03
cascade_weight_multiplier=4.00000000000000022204e-01
cascade_activation_functions_count=10
cascade_activation_functions=3 5 7 8 10 11 14 15 16 17 
cascade_activation_steepnesses_count=4
cascade_activation_steepnesses=2.50000000000000000000e-01 5.00000000000000000000e-01 7.50000000000000000000e-01 1.00000000000000000000e+00 
layer_sizes=10 4 2 
scale_included=0
neurons (num_inputs, activation_function, activation_steepness)=(0, 0, 0.00000000000000000000e+00) (0, 0, 0.00000000000000000000e+00) (0, 0, 0.00000000000000000000e+00) (0, 0, 0.00000000000000000000e+00) (0, 0, 0.00000000000000000000e+00) (0, 0, 0.00000000000000000000e+00) (0, 0, 0.00000000000000000000e+00) (0, 0, 0.00000000000000000000e+00) (0, 0, 0.00000000000000000000e+00) (0, 0, 0.00000000000000000000e+00) (10, 6, 5.00000000000000000000e-01) (10, 6, 5.00000000000000000000e-01) (10, 6, 5.00000000000000000000e-01) (0, 6, 0.00000000000000000000e+00) (4, 4, 5.00000000000000000000e-01) (0, 4, 0.00000000000000000000e+00) 
connections (connected_to_neuron, weight)=(0, -1.93907214967808338990e+00) (1, 2.87777969928126164945e+00) (2, -2.33421803257941107290e+00) (3, -2.70123446635389063974e-01) (4, -6.88071672881070406369e-01) (5, -7.67258375520910806955e-01) (6, 2.66239851252798320758e+00) (7, 7.73727096544401504730e+00) (8, -1.69808982886075066077e+00) (9, -1.41724592602379195760e+00) (0, 4.68941263284641518538e+00) (1, -2.64006669708084373838e+00) (2, -4.60441152084970095615e+00) (3, -1.33109319805193981878e+00) (4, 1.09427719726594174787e+00) (5, 3.58073302490510592122e+00) (6, -5.20045642437717692275e+00) (7, -5.60813787873068791967e-01) (8, 3.52910499240919683928e+00) (9, 4.74993839753008284532e+00) (0, 5.62783413533413656715e-01) (1, -8.35645592642346390910e-01) (2, 3.02805500490644752265e-01) (3, -2.54448479135157001885e-01) (4, -1.05776393908089724749e-01) (5, 3.09031972816528277548e-01) (6, 7.22339280381376069862e-02) (7, -3.79061674890795952120e-01) (8, 6.22396296990980091302e-01) (9, 2.45686865102110102432e-01) (10, 9.17270399320688589739e+00) (11, -1.50674324079325060666e+02) (12, -1.34043125463814194465e-01) (13, -2.63645158200630458367e+00) 
