FANN_FLO_2.1
num_layers=3
learning_rate=0.700000
connection_rate=1.000000
network_type=0
learning_momentum=0.000000
training_algorithm=2
train_error_function=1
train_stop_function=1
cascade_output_change_fraction=0.010000
quickprop_decay=-0.000100
quickprop_mu=1.750000
rprop_increase_factor=1.200000
rprop_decrease_factor=0.500000
rprop_delta_min=0.000000
rprop_delta_max=50.000000
rprop_delta_zero=0.100000
cascade_output_stagnation_epochs=12
cascade_candidate_change_fraction=0.010000
cascade_candidate_stagnation_epochs=12
cascade_max_out_epochs=150
cascade_min_out_epochs=50
cascade_max_cand_epochs=150
cascade_min_cand_epochs=50
cascade_num_candidate_groups=2
bit_fail_limit=1.00000000000000005551e-01
cascade_candidate_limit=1.00000000000000000000e+03
cascade_weight_multiplier=4.00000000000000022204e-01
cascade_activation_functions_count=10
cascade_activation_functions=3 5 7 8 10 11 14 15 16 17 
cascade_activation_steepnesses_count=4
cascade_activation_steepnesses=2.50000000000000000000e-01 5.00000000000000000000e-01 7.50000000000000000000e-01 1.00000000000000000000e+00 
layer_sizes=10 4 2 
scale_included=0
neurons (num_inputs, activation_function, activation_steepness)=(0, 0, 0.00000000000000000000e+00) (0, 0, 0.00000000000000000000e+00) (0, 0, 0.00000000000000000000e+00) (0, 0, 0.00000000000000000000e+00) (0, 0, 0.00000000000000000000e+00) (0, 0, 0.00000000000000000000e+00) (0, 0, 0.00000000000000000000e+00) (0, 0, 0.00000000000000000000e+00) (0, 0, 0.00000000000000000000e+00) (0, 0, 0.00000000000000000000e+00) (10, 6, 5.00000000000000000000e-01) (10, 6, 5.00000000000000000000e-01) (10, 6, 5.00000000000000000000e-01) (0, 6, 0.00000000000000000000e+00) (4, 4, 5.00000000000000000000e-01) (0, 4, 0.00000000000000000000e+00) 
connections (connected_to_neuron, weight)=(0, 6.48244642057526831991e+00) (1, 7.17510246817351537985e-01) (2, 2.37472332497434997223e-02) (3, -2.28226224313130776622e+00) (4, 1.33020904697543351780e-01) (5, 2.81865866592804659163e+00) (6, 4.15387171416009493896e+02) (7, 1.40872561584636279974e+00) (8, 9.02614520633332695354e-01) (9, 5.13358726848503987839e+00) (0, -5.04060956402348292471e+00) (1, 2.79533230787160791309e+00) (2, 2.57026737659196236052e+00) (3, 1.32055096697445661924e+00) (4, 1.74447518714850047239e+00) (5, -2.14300695371430860448e+00) (6, 5.50538571228566553373e+00) (7, 6.00866538154130225280e+00) (8, -1.47708356424215203617e+00) (9, -5.77429875322235464097e+00) (0, -1.72511874240472629083e+00) (1, 1.47654635119667654308e+00) (2, 1.61187782366714404958e+00) (3, 7.57226332477781982622e-02) (4, 5.62069125050743759187e-02) (5, -2.19695511637861523591e-01) (6, 1.14482370942101327471e-01) (7, 1.03323824613903686442e-01) (8, -9.92823628793399581838e-01) (9, -1.80680338104579396585e+00) (10, -1.30038520077920227713e+00) (11, 7.63304639187520876931e+01) (12, 6.40173602831507224664e+01) (13, -1.12672955245142847325e+00) 
