FANN_FLO_2.1
num_layers=3
learning_rate=0.700000
connection_rate=1.000000
network_type=0
learning_momentum=0.000000
training_algorithm=2
train_error_function=1
train_stop_function=1
cascade_output_change_fraction=0.010000
quickprop_decay=-0.000100
quickprop_mu=1.750000
rprop_increase_factor=1.200000
rprop_decrease_factor=0.500000
rprop_delta_min=0.000000
rprop_delta_max=50.000000
rprop_delta_zero=0.100000
cascade_output_stagnation_epochs=12
cascade_candidate_change_fraction=0.010000
cascade_candidate_stagnation_epochs=12
cascade_max_out_epochs=150
cascade_min_out_epochs=50
cascade_max_cand_epochs=150
cascade_min_cand_epochs=50
cascade_num_candidate_groups=2
bit_fail_limit=1.00000000000000005551e-01
cascade_candidate_limit=1.00000000000000000000e+03
cascade_weight_multiplier=4.00000000000000022204e-01
cascade_activation_functions_count=10
cascade_activation_functions=3 5 7 8 10 11 14 15 16 17 
cascade_activation_steepnesses_count=4
cascade_activation_steepnesses=2.50000000000000000000e-01 5.00000000000000000000e-01 7.50000000000000000000e-01 1.00000000000000000000e+00 
layer_sizes=12 4 2 
scale_included=0
neurons (num_inputs, activation_function, activation_steepness)=(0, 0, 0.00000000000000000000e+00) (0, 0, 0.00000000000000000000e+00) (0, 0, 0.00000000000000000000e+00) (0, 0, 0.00000000000000000000e+00) (0, 0, 0.00000000000000000000e+00) (0, 0, 0.00000000000000000000e+00) (0, 0, 0.00000000000000000000e+00) (0, 0, 0.00000000000000000000e+00) (0, 0, 0.00000000000000000000e+00) (0, 0, 0.00000000000000000000e+00) (0, 0, 0.00000000000000000000e+00) (0, 0, 0.00000000000000000000e+00) (12, 6, 5.00000000000000000000e-01) (12, 6, 5.00000000000000000000e-01) (12, 6, 5.00000000000000000000e-01) (0, 6, 0.00000000000000000000e+00) (4, 4, 5.00000000000000000000e-01) (0, 4, 0.00000000000000000000e+00) 
connections (connected_to_neuron, weight)=(0, -3.60167573107674637845e-02) (1, 1.08998816059360259523e+00) (2, 5.85765221812488912079e-01) (3, -1.31409713595346691051e+01) (4, 2.75174252245101591541e+01) (5, 5.81047536686030929864e-01) (6, 1.49118074541723633075e+00) (7, 1.81584147540927176578e+00) (8, 7.82383487112547904019e-02) (9, -1.76426431239307901500e+00) (10, 6.50157297886830853884e+00) (11, -1.18706523223613902296e+00) (0, -2.39198266309184903733e+00) (1, -2.09646135160070956616e+00) (2, -9.53304873958052634286e-01) (3, -8.69916510438559331675e-01) (4, -1.48681069136805055209e+00) (5, -2.05083478512837080743e+00) (6, -1.23300772556618065678e+00) (7, -1.30028511980131478154e+00) (8, -2.11465382636627730051e+00) (9, 1.02956835804456603434e+00) (10, -2.62829265887382257372e-01) (11, 3.28664709700978496798e+00) (0, -2.31789031219167629416e+00) (1, -2.14162316882354231140e+00) (2, -9.38590238049448966073e-01) (3, -8.82113610064623188123e-01) (4, -1.50330135246965634899e+00) (5, -2.23502112450672774102e+00) (6, -1.17613188573673577153e+00) (7, -1.27409109869554848515e+00) (8, -2.01992956609568174997e+00) (9, 1.29865202658996992113e+00) (10, -2.78515941793563592821e-01) (11, 3.30066751762068966158e+00) (12, 1.00280908031074496023e+01) (13, -9.45761825372115936261e+01) (14, -8.77878960429904822149e+01) (15, -2.01230351957176489819e+00) 
