FANN_FLO_2.1
num_layers=3
learning_rate=0.700000
connection_rate=1.000000
network_type=0
learning_momentum=0.000000
training_algorithm=2
train_error_function=1
train_stop_function=1
cascade_output_change_fraction=0.010000
quickprop_decay=-0.000100
quickprop_mu=1.750000
rprop_increase_factor=1.200000
rprop_decrease_factor=0.500000
rprop_delta_min=0.000000
rprop_delta_max=50.000000
rprop_delta_zero=0.100000
cascade_output_stagnation_epochs=12
cascade_candidate_change_fraction=0.010000
cascade_candidate_stagnation_epochs=12
cascade_max_out_epochs=150
cascade_min_out_epochs=50
cascade_max_cand_epochs=150
cascade_min_cand_epochs=50
cascade_num_candidate_groups=2
bit_fail_limit=1.00000000000000005551e-01
cascade_candidate_limit=1.00000000000000000000e+03
cascade_weight_multiplier=4.00000000000000022204e-01
cascade_activation_functions_count=10
cascade_activation_functions=3 5 7 8 10 11 14 15 16 17 
cascade_activation_steepnesses_count=4
cascade_activation_steepnesses=2.50000000000000000000e-01 5.00000000000000000000e-01 7.50000000000000000000e-01 1.00000000000000000000e+00 
layer_sizes=14 4 2 
scale_included=0
neurons (num_inputs, activation_function, activation_steepness)=(0, 0, 0.00000000000000000000e+00) (0, 0, 0.00000000000000000000e+00) (0, 0, 0.00000000000000000000e+00) (0, 0, 0.00000000000000000000e+00) (0, 0, 0.00000000000000000000e+00) (0, 0, 0.00000000000000000000e+00) (0, 0, 0.00000000000000000000e+00) (0, 0, 0.00000000000000000000e+00) (0, 0, 0.00000000000000000000e+00) (0, 0, 0.00000000000000000000e+00) (0, 0, 0.00000000000000000000e+00) (0, 0, 0.00000000000000000000e+00) (0, 0, 0.00000000000000000000e+00) (0, 0, 0.00000000000000000000e+00) (14, 6, 5.00000000000000000000e-01) (14, 6, 5.00000000000000000000e-01) (14, 6, 5.00000000000000000000e-01) (0, 6, 0.00000000000000000000e+00) (4, 4, 5.00000000000000000000e-01) (0, 4, 0.00000000000000000000e+00) 
connections (connected_to_neuron, weight)=(0, 4.07684981009893299131e+00) (1, 3.28245869291088065989e-01) (2, 2.00476717339187349154e+00) (3, 3.75433789464884926090e-01) (4, 6.10484767138425787891e+00) (5, 1.62527450674081475057e-01) (6, 1.61599338464962355433e-01) (7, 6.02123034423470565590e-02) (8, -5.00953427863059963521e-01) (9, -2.93696053335338458368e+00) (10, 9.40073219500026785456e-02) (11, -3.14955338437417839415e-02) (12, -3.84147358393988058722e-02) (13, -1.37338644407189702790e+00) (0, 4.31473915887684142945e+01) (1, 1.38018004936730420695e+02) (2, 8.45975984469259401521e+02) (3, 1.38210157810654372668e+01) (4, 6.29105486523008494260e+02) (5, 2.46789266574127053033e+00) (6, 8.50657924891460970329e-01) (7, 1.88260103831346586878e-01) (8, 2.36136586032475365160e-01) (9, -5.62861143584270307016e-01) (10, 1.72752560556726475482e+00) (11, 1.05307241983903177029e+00) (12, 1.19894297130597360379e+00) (13, 1.92658661410073617226e+00) (0, -2.69745839829077596050e+01) (1, 5.58813853811758187717e-01) (2, 1.29965736647398468762e+01) (3, 6.41371839927177056495e-01) (4, -2.79234503680542331949e+01) (5, 3.79528713005505280442e-02) (6, 1.02883138283682207259e+00) (7, 1.69169581087839548950e+00) (8, 1.52564489822044979661e+00) (9, 7.24894057900917943016e+00) (10, -3.99662696068325440368e-01) (11, 1.57925999542187867064e+00) (12, 2.28635821465322441881e+00) (13, 3.22116181371458309979e-01) (14, -1.32883371162773791241e+01) (15, -1.00393840254357424868e+00) (16, 7.08754629496912436082e+00) (17, -8.61791137168914200828e-01) 
