FANN_FLO_2.1
num_layers=3
learning_rate=0.700000
connection_rate=1.000000
network_type=0
learning_momentum=0.000000
training_algorithm=2
train_error_function=1
train_stop_function=1
cascade_output_change_fraction=0.010000
quickprop_decay=-0.000100
quickprop_mu=1.750000
rprop_increase_factor=1.200000
rprop_decrease_factor=0.500000
rprop_delta_min=0.000000
rprop_delta_max=50.000000
rprop_delta_zero=0.100000
cascade_output_stagnation_epochs=12
cascade_candidate_change_fraction=0.010000
cascade_candidate_stagnation_epochs=12
cascade_max_out_epochs=150
cascade_min_out_epochs=50
cascade_max_cand_epochs=150
cascade_min_cand_epochs=50
cascade_num_candidate_groups=2
bit_fail_limit=1.00000000000000005551e-01
cascade_candidate_limit=1.00000000000000000000e+03
cascade_weight_multiplier=4.00000000000000022204e-01
cascade_activation_functions_count=10
cascade_activation_functions=3 5 7 8 10 11 14 15 16 17 
cascade_activation_steepnesses_count=4
cascade_activation_steepnesses=2.50000000000000000000e-01 5.00000000000000000000e-01 7.50000000000000000000e-01 1.00000000000000000000e+00 
layer_sizes=17 4 2 
scale_included=0
neurons (num_inputs, activation_function, activation_steepness)=(0, 0, 0.00000000000000000000e+00) (0, 0, 0.00000000000000000000e+00) (0, 0, 0.00000000000000000000e+00) (0, 0, 0.00000000000000000000e+00) (0, 0, 0.00000000000000000000e+00) (0, 0, 0.00000000000000000000e+00) (0, 0, 0.00000000000000000000e+00) (0, 0, 0.00000000000000000000e+00) (0, 0, 0.00000000000000000000e+00) (0, 0, 0.00000000000000000000e+00) (0, 0, 0.00000000000000000000e+00) (0, 0, 0.00000000000000000000e+00) (0, 0, 0.00000000000000000000e+00) (0, 0, 0.00000000000000000000e+00) (0, 0, 0.00000000000000000000e+00) (0, 0, 0.00000000000000000000e+00) (0, 0, 0.00000000000000000000e+00) (17, 6, 5.00000000000000000000e-01) (17, 6, 5.00000000000000000000e-01) (17, 6, 5.00000000000000000000e-01) (0, 6, 0.00000000000000000000e+00) (4, 4, 5.00000000000000000000e-01) (0, 4, 0.00000000000000000000e+00) 
connections (connected_to_neuron, weight)=(0, 1.82693984121704104950e+01) (1, 6.58500595477483186002e-01) (2, 6.71103989485175755902e+00) (3, -2.19866914674017865927e-01) (4, 2.06079711571094792433e+00) (5, -3.76103367486671702480e+00) (6, -2.19488471909438267460e+01) (7, -1.47657055490314768065e+01) (8, 1.22720000109672560029e+03) (9, -2.20523419141236720620e+00) (10, -1.74531269790161438493e+01) (11, -2.82864125276262168285e+00) (12, -1.77366005771637205157e+01) (13, -2.18229623304786812810e+00) (14, -2.03592874011652291699e+00) (15, 1.11817617130378827994e+01) (16, 1.50491271752816735408e+00) (0, -1.86907040810243998408e+01) (1, 4.33038322145597032176e+00) (2, -6.52435521614836666515e+00) (3, 1.26969659579510230074e+00) (4, -1.06000536566293449003e-01) (5, 6.19831914428609298540e-01) (6, 5.23173801382009230621e-03) (7, -1.96983068423614215980e+00) (8, 9.82347440208858202482e+00) (9, -2.63589137658737060477e+00) (10, 1.26107371473736296075e+00) (11, 1.19235212777483889912e-01) (12, 1.50381586772635733595e+00) (13, -2.82039811038656740294e+00) (14, 2.76536126518735825286e-01) (15, -5.07356964027643471127e+02) (16, -6.59941915377886267891e-01) (0, 2.80003084167579530117e+00) (1, -1.86703983321778510529e+00) (2, -1.84416607205009484005e+01) (3, -2.16954891429872537278e-01) (4, -5.37308360664540907159e-01) (5, 4.86390807396942648211e+00) (6, 1.05976493286458754994e+01) (7, 6.02483136409573916126e+00) (8, 2.61489344591597649980e+01) (9, 2.56568251828493476552e+00) (10, 7.57106075660283384110e+00) (11, -3.35110499827404456630e-02) (12, 2.47142761339476351168e+01) (13, 2.55166517642018542134e+00) (14, 1.96047239273819906558e+00) (15, -2.43015011186758336237e+01) (16, 1.51109014738480373907e-01) (17, -2.31486493945066520439e+01) (18, 1.57270913344125009559e+01) (19, -3.24912102341709783104e+01) (20, 1.39590272191352005038e-01) 
