FANN_FLO_2.1
num_layers=3
learning_rate=0.700000
connection_rate=1.000000
network_type=0
learning_momentum=0.000000
training_algorithm=2
train_error_function=1
train_stop_function=1
cascade_output_change_fraction=0.010000
quickprop_decay=-0.000100
quickprop_mu=1.750000
rprop_increase_factor=1.200000
rprop_decrease_factor=0.500000
rprop_delta_min=0.000000
rprop_delta_max=50.000000
rprop_delta_zero=0.100000
cascade_output_stagnation_epochs=12
cascade_candidate_change_fraction=0.010000
cascade_candidate_stagnation_epochs=12
cascade_max_out_epochs=150
cascade_min_out_epochs=50
cascade_max_cand_epochs=150
cascade_min_cand_epochs=50
cascade_num_candidate_groups=2
bit_fail_limit=1.00000000000000005551e-01
cascade_candidate_limit=1.00000000000000000000e+03
cascade_weight_multiplier=4.00000000000000022204e-01
cascade_activation_functions_count=10
cascade_activation_functions=3 5 7 8 10 11 14 15 16 17 
cascade_activation_steepnesses_count=4
cascade_activation_steepnesses=2.50000000000000000000e-01 5.00000000000000000000e-01 7.50000000000000000000e-01 1.00000000000000000000e+00 
layer_sizes=8 4 2 
scale_included=0
neurons (num_inputs, activation_function, activation_steepness)=(0, 0, 0.00000000000000000000e+00) (0, 0, 0.00000000000000000000e+00) (0, 0, 0.00000000000000000000e+00) (0, 0, 0.00000000000000000000e+00) (0, 0, 0.00000000000000000000e+00) (0, 0, 0.00000000000000000000e+00) (0, 0, 0.00000000000000000000e+00) (0, 0, 0.00000000000000000000e+00) (8, 6, 5.00000000000000000000e-01) (8, 6, 5.00000000000000000000e-01) (8, 6, 5.00000000000000000000e-01) (0, 6, 0.00000000000000000000e+00) (4, 4, 5.00000000000000000000e-01) (0, 4, 0.00000000000000000000e+00) 
connections (connected_to_neuron, weight)=(0, -1.76656310163549168379e+00) (1, 1.27128969213733200583e+00) (2, 1.38781783997033869582e+00) (3, 1.43368032841895853835e+00) (4, 5.01286737484216496363e-03) (5, 3.92327823875438574941e-01) (6, 2.36170840756947317263e-02) (7, -1.81893870882800801070e+00) (0, -1.72614128790906651290e+00) (1, 2.48955133535780026577e+00) (2, 1.16252819602256884934e+00) (3, 7.36542044546139806904e-01) (4, 3.36785828363136086061e-01) (5, 2.92386603177129056341e-01) (6, -9.40711476582955508086e-02) (7, -1.90401814781240208418e+00) (0, -1.90981143616250736983e+00) (1, 2.39196061321415021084e+00) (2, 1.26015532170301547410e+00) (3, 1.11893711293910191884e+00) (4, 3.93319276761249336793e-01) (5, 2.30691508025466257559e-01) (6, -1.25762650438017792309e-01) (7, -1.91967778556159718306e+00) (8, 4.53373370381656393135e+00) (9, 2.50585030858113455565e+00) (10, 8.67400258167994664404e+00) (11, -1.81811422757915241988e+00) 
