FANN_FLO_2.1
num_layers=3
learning_rate=0.700000
connection_rate=1.000000
network_type=0
learning_momentum=0.000000
training_algorithm=2
train_error_function=1
train_stop_function=1
cascade_output_change_fraction=0.010000
quickprop_decay=-0.000100
quickprop_mu=1.750000
rprop_increase_factor=1.200000
rprop_decrease_factor=0.500000
rprop_delta_min=0.000000
rprop_delta_max=50.000000
rprop_delta_zero=0.100000
cascade_output_stagnation_epochs=12
cascade_candidate_change_fraction=0.010000
cascade_candidate_stagnation_epochs=12
cascade_max_out_epochs=150
cascade_min_out_epochs=50
cascade_max_cand_epochs=150
cascade_min_cand_epochs=50
cascade_num_candidate_groups=2
bit_fail_limit=1.00000000000000005551e-01
cascade_candidate_limit=1.00000000000000000000e+03
cascade_weight_multiplier=4.00000000000000022204e-01
cascade_activation_functions_count=10
cascade_activation_functions=3 5 7 8 10 11 14 15 16 17 
cascade_activation_steepnesses_count=4
cascade_activation_steepnesses=2.50000000000000000000e-01 5.00000000000000000000e-01 7.50000000000000000000e-01 1.00000000000000000000e+00 
layer_sizes=10 4 2 
scale_included=0
neurons (num_inputs, activation_function, activation_steepness)=(0, 0, 0.00000000000000000000e+00) (0, 0, 0.00000000000000000000e+00) (0, 0, 0.00000000000000000000e+00) (0, 0, 0.00000000000000000000e+00) (0, 0, 0.00000000000000000000e+00) (0, 0, 0.00000000000000000000e+00) (0, 0, 0.00000000000000000000e+00) (0, 0, 0.00000000000000000000e+00) (0, 0, 0.00000000000000000000e+00) (0, 0, 0.00000000000000000000e+00) (10, 6, 5.00000000000000000000e-01) (10, 6, 5.00000000000000000000e-01) (10, 6, 5.00000000000000000000e-01) (0, 6, 0.00000000000000000000e+00) (4, 4, 5.00000000000000000000e-01) (0, 4, 0.00000000000000000000e+00) 
connections (connected_to_neuron, weight)=(0, 3.90310110968423829014e-01) (1, -2.00052834479023156078e+00) (2, -1.45828048765461071312e+00) (3, -1.22050050960400313649e+00) (4, -2.38742325841746083626e+00) (5, 1.55767229619869396195e+00) (6, 6.31243666786274471026e-02) (7, 8.00050902092689142364e-01) (8, -2.44655840229135668196e+00) (9, 1.71121644691582530662e+00) (0, 3.80388582569433197911e-01) (1, -1.91352674541879830272e+00) (2, -1.53330876558820827782e+00) (3, -1.35976158396818846974e+00) (4, -2.27102953582367650398e+00) (5, 1.45477591130384609208e+00) (6, 1.25119530238541110112e-01) (7, 7.57973718369239435333e-01) (8, -2.36924429368120348371e+00) (9, 1.66951416150685161277e+00) (0, 3.62162836796227738390e-01) (1, 8.57044551041985513962e-01) (2, 1.27006331080851575521e+00) (3, 1.12714362383129462764e+00) (4, 1.00079029803185326486e+00) (5, 1.59942582767406915600e-01) (6, 6.67796295123384453518e-01) (7, 4.77218770280564030806e-01) (8, 8.07149761214508321139e-01) (9, -5.09414860606496433526e-01) (10, -2.06540315578733171265e+01) (11, -1.89505121015798430051e+01) (12, 5.66540799712290099599e-01) (13, -7.70871053220030688635e-01) 
