FANN_FLO_2.1
num_layers=3
learning_rate=0.700000
connection_rate=1.000000
network_type=0
learning_momentum=0.000000
training_algorithm=2
train_error_function=1
train_stop_function=1
cascade_output_change_fraction=0.010000
quickprop_decay=-0.000100
quickprop_mu=1.750000
rprop_increase_factor=1.200000
rprop_decrease_factor=0.500000
rprop_delta_min=0.000000
rprop_delta_max=50.000000
rprop_delta_zero=0.100000
cascade_output_stagnation_epochs=12
cascade_candidate_change_fraction=0.010000
cascade_candidate_stagnation_epochs=12
cascade_max_out_epochs=150
cascade_min_out_epochs=50
cascade_max_cand_epochs=150
cascade_min_cand_epochs=50
cascade_num_candidate_groups=2
bit_fail_limit=1.00000000000000005551e-01
cascade_candidate_limit=1.00000000000000000000e+03
cascade_weight_multiplier=4.00000000000000022204e-01
cascade_activation_functions_count=10
cascade_activation_functions=3 5 7 8 10 11 14 15 16 17 
cascade_activation_steepnesses_count=4
cascade_activation_steepnesses=2.50000000000000000000e-01 5.00000000000000000000e-01 7.50000000000000000000e-01 1.00000000000000000000e+00 
layer_sizes=14 4 2 
scale_included=0
neurons (num_inputs, activation_function, activation_steepness)=(0, 0, 0.00000000000000000000e+00) (0, 0, 0.00000000000000000000e+00) (0, 0, 0.00000000000000000000e+00) (0, 0, 0.00000000000000000000e+00) (0, 0, 0.00000000000000000000e+00) (0, 0, 0.00000000000000000000e+00) (0, 0, 0.00000000000000000000e+00) (0, 0, 0.00000000000000000000e+00) (0, 0, 0.00000000000000000000e+00) (0, 0, 0.00000000000000000000e+00) (0, 0, 0.00000000000000000000e+00) (0, 0, 0.00000000000000000000e+00) (0, 0, 0.00000000000000000000e+00) (0, 0, 0.00000000000000000000e+00) (14, 6, 5.00000000000000000000e-01) (14, 6, 5.00000000000000000000e-01) (14, 6, 5.00000000000000000000e-01) (0, 6, 0.00000000000000000000e+00) (4, 4, 5.00000000000000000000e-01) (0, 4, 0.00000000000000000000e+00) 
connections (connected_to_neuron, weight)=(0, 1.98274333839805610991e-01) (1, 1.52484700721164734283e+00) (2, 1.31737885549087718751e+00) (3, -1.67414945895153849387e-01) (4, -1.87351310432463780131e-01) (5, -1.27827507167534126786e+00) (6, 1.75968528712488136989e+00) (7, -5.00397665328864094114e-01) (8, -4.79741876847628589964e-01) (9, 3.59985438690576031728e-01) (10, -8.04911615512236278125e-02) (11, 6.42214537314490657716e-02) (12, -1.22619974523262276200e+00) (13, -7.00857120376535691619e-02) (0, 1.94643412595184334135e-01) (1, 1.68923216205497750408e+00) (2, 1.82235294268633474246e+00) (3, -1.96851716721732017401e-01) (4, -1.61756286204367771830e-01) (5, -1.38684985696748985795e+00) (6, 1.77040488446451149684e+00) (7, -4.66989522702578541136e-01) (8, -4.13444941766146711881e-01) (9, 2.79873517856988385244e-01) (10, -1.80921665038810630666e-01) (11, 1.57507170801551826811e-01) (12, -1.36708215161637558488e+00) (13, -1.08731735758156422555e-01) (0, 1.05251115379319903909e+00) (1, -1.89975069694848408552e+00) (2, -2.60323139926649238518e+00) (3, 1.32342887072301995666e+00) (4, 9.64761302385159336126e-01) (5, 1.19306148736215722472e+00) (6, -2.04569426411145727229e+00) (7, 9.28195484993975750143e-01) (8, 9.73984115837138286764e-01) (9, 4.37531550916801459383e-01) (10, 1.62640389733898671487e+00) (11, 3.69491813274990088534e-01) (12, 1.29418318866230142028e+00) (13, 1.03740954217897174416e+00) (14, 1.03308816191566954501e+00) (15, 1.03078246799124251254e+00) (16, -2.70969847890064450269e+01) (17, -5.18117647481548093680e-01) 
