FANN_FLO_2.1
num_layers=3
learning_rate=0.700000
connection_rate=1.000000
network_type=0
learning_momentum=0.000000
training_algorithm=2
train_error_function=1
train_stop_function=1
cascade_output_change_fraction=0.010000
quickprop_decay=-0.000100
quickprop_mu=1.750000
rprop_increase_factor=1.200000
rprop_decrease_factor=0.500000
rprop_delta_min=0.000000
rprop_delta_max=50.000000
rprop_delta_zero=0.100000
cascade_output_stagnation_epochs=12
cascade_candidate_change_fraction=0.010000
cascade_candidate_stagnation_epochs=12
cascade_max_out_epochs=150
cascade_min_out_epochs=50
cascade_max_cand_epochs=150
cascade_min_cand_epochs=50
cascade_num_candidate_groups=2
bit_fail_limit=1.00000000000000005551e-01
cascade_candidate_limit=1.00000000000000000000e+03
cascade_weight_multiplier=4.00000000000000022204e-01
cascade_activation_functions_count=10
cascade_activation_functions=3 5 7 8 10 11 14 15 16 17 
cascade_activation_steepnesses_count=4
cascade_activation_steepnesses=2.50000000000000000000e-01 5.00000000000000000000e-01 7.50000000000000000000e-01 1.00000000000000000000e+00 
layer_sizes=9 4 2 
scale_included=0
neurons (num_inputs, activation_function, activation_steepness)=(0, 0, 0.00000000000000000000e+00) (0, 0, 0.00000000000000000000e+00) (0, 0, 0.00000000000000000000e+00) (0, 0, 0.00000000000000000000e+00) (0, 0, 0.00000000000000000000e+00) (0, 0, 0.00000000000000000000e+00) (0, 0, 0.00000000000000000000e+00) (0, 0, 0.00000000000000000000e+00) (0, 0, 0.00000000000000000000e+00) (9, 6, 5.00000000000000000000e-01) (9, 6, 5.00000000000000000000e-01) (9, 6, 5.00000000000000000000e-01) (0, 6, 0.00000000000000000000e+00) (4, 4, 5.00000000000000000000e-01) (0, 4, 0.00000000000000000000e+00) 
connections (connected_to_neuron, weight)=(0, 1.17999657743868024973e+00) (1, -1.26363087959045872211e+00) (2, 5.65201656844923072676e-01) (3, 8.63790999919732294110e-01) (4, 8.66623770267327508954e-01) (5, 8.81464566857178888348e-01) (6, 8.98838888675530633954e-01) (7, 8.37320353657563409833e-01) (8, 9.01088338167031488446e-01) (0, -1.13982786025695254084e-01) (1, 4.25343299951198350328e-01) (2, 5.08886961363721135321e-01) (3, 1.88897804367851696039e-01) (4, 2.63583281088184739893e-01) (5, 3.16342734742473874476e-01) (6, 1.65007726300072155023e-01) (7, 1.30847119169967079921e-01) (8, 3.12088954018744334229e-02) (0, -1.00801869817319866840e+00) (1, 2.38603554016643748525e+00) (2, -9.88916198749114905286e-02) (3, -3.06679894297360977617e-01) (4, -1.89804566173791405825e-01) (5, -1.32699948816537377505e-01) (6, -2.37643730907678207842e-01) (7, -4.94905976271112768572e-01) (8, -9.45548022860185910510e-01) (9, -5.01161678962066048371e+00) (10, 5.81551754085784522452e-01) (11, 1.46828677065482224862e+01) (12, -8.30789158060381116577e-01) 
