FANN_FLO_2.1
num_layers=3
learning_rate=0.700000
connection_rate=1.000000
network_type=0
learning_momentum=0.000000
training_algorithm=2
train_error_function=1
train_stop_function=1
cascade_output_change_fraction=0.010000
quickprop_decay=-0.000100
quickprop_mu=1.750000
rprop_increase_factor=1.200000
rprop_decrease_factor=0.500000
rprop_delta_min=0.000000
rprop_delta_max=50.000000
rprop_delta_zero=0.100000
cascade_output_stagnation_epochs=12
cascade_candidate_change_fraction=0.010000
cascade_candidate_stagnation_epochs=12
cascade_max_out_epochs=150
cascade_min_out_epochs=50
cascade_max_cand_epochs=150
cascade_min_cand_epochs=50
cascade_num_candidate_groups=2
bit_fail_limit=1.00000000000000005551e-01
cascade_candidate_limit=1.00000000000000000000e+03
cascade_weight_multiplier=4.00000000000000022204e-01
cascade_activation_functions_count=10
cascade_activation_functions=3 5 7 8 10 11 14 15 16 17 
cascade_activation_steepnesses_count=4
cascade_activation_steepnesses=2.50000000000000000000e-01 5.00000000000000000000e-01 7.50000000000000000000e-01 1.00000000000000000000e+00 
layer_sizes=8 4 2 
scale_included=0
neurons (num_inputs, activation_function, activation_steepness)=(0, 0, 0.00000000000000000000e+00) (0, 0, 0.00000000000000000000e+00) (0, 0, 0.00000000000000000000e+00) (0, 0, 0.00000000000000000000e+00) (0, 0, 0.00000000000000000000e+00) (0, 0, 0.00000000000000000000e+00) (0, 0, 0.00000000000000000000e+00) (0, 0, 0.00000000000000000000e+00) (8, 6, 5.00000000000000000000e-01) (8, 6, 5.00000000000000000000e-01) (8, 6, 5.00000000000000000000e-01) (0, 6, 0.00000000000000000000e+00) (4, 4, 5.00000000000000000000e-01) (0, 4, 0.00000000000000000000e+00) 
connections (connected_to_neuron, weight)=(0, -1.00779613467655876358e-01) (1, 1.09540839206415840934e+00) (2, 8.37055726132643895809e-01) (3, 8.54650013015355813906e-01) (4, 1.48716431162251083720e+00) (5, 1.71895680003836304195e+00) (6, 2.28339362361405145974e-01) (7, -4.10926284563788823956e-01) (0, 1.39288838654983271326e+00) (1, 1.77548570519751591767e+00) (2, 1.54612119075490972442e+00) (3, 2.19420846442111461272e+00) (4, -3.20707457940189133438e+00) (5, -4.54953675749861563560e+00) (6, 7.46215445711988945021e-01) (7, 2.45682335856687483755e+00) (0, -6.33916146374127187357e-01) (1, 1.57760389231311148883e+00) (2, 1.03556135106427338322e+00) (3, 1.15331739694950941022e+00) (4, 2.66865325861839419730e+00) (5, 2.48039601039097945545e+00) (6, 2.68605859540761091053e-02) (7, -1.57232182494195016353e+00) (8, 1.44591101793405063525e+00) (9, -1.74775516271879927110e+00) (10, 1.65031462220967881649e+01) (11, -8.28861347716103757932e-01) 
