FANN_FLO_2.1
num_layers=3
learning_rate=0.700000
connection_rate=1.000000
network_type=0
learning_momentum=0.000000
training_algorithm=2
train_error_function=1
train_stop_function=1
cascade_output_change_fraction=0.010000
quickprop_decay=-0.000100
quickprop_mu=1.750000
rprop_increase_factor=1.200000
rprop_decrease_factor=0.500000
rprop_delta_min=0.000000
rprop_delta_max=50.000000
rprop_delta_zero=0.100000
cascade_output_stagnation_epochs=12
cascade_candidate_change_fraction=0.010000
cascade_candidate_stagnation_epochs=12
cascade_max_out_epochs=150
cascade_min_out_epochs=50
cascade_max_cand_epochs=150
cascade_min_cand_epochs=50
cascade_num_candidate_groups=2
bit_fail_limit=1.00000000000000005551e-01
cascade_candidate_limit=1.00000000000000000000e+03
cascade_weight_multiplier=4.00000000000000022204e-01
cascade_activation_functions_count=10
cascade_activation_functions=3 5 7 8 10 11 14 15 16 17 
cascade_activation_steepnesses_count=4
cascade_activation_steepnesses=2.50000000000000000000e-01 5.00000000000000000000e-01 7.50000000000000000000e-01 1.00000000000000000000e+00 
layer_sizes=8 4 2 
scale_included=0
neurons (num_inputs, activation_function, activation_steepness)=(0, 0, 0.00000000000000000000e+00) (0, 0, 0.00000000000000000000e+00) (0, 0, 0.00000000000000000000e+00) (0, 0, 0.00000000000000000000e+00) (0, 0, 0.00000000000000000000e+00) (0, 0, 0.00000000000000000000e+00) (0, 0, 0.00000000000000000000e+00) (0, 0, 0.00000000000000000000e+00) (8, 6, 5.00000000000000000000e-01) (8, 6, 5.00000000000000000000e-01) (8, 6, 5.00000000000000000000e-01) (0, 6, 0.00000000000000000000e+00) (4, 4, 5.00000000000000000000e-01) (0, 4, 0.00000000000000000000e+00) 
connections (connected_to_neuron, weight)=(0, 4.62964554562730834508e-01) (1, -2.92160240348573907454e+00) (2, -2.61375510922420062343e+00) (3, 2.57123128171124704089e-01) (4, 1.38651602561631420718e-01) (5, -2.71851868670320717669e+00) (6, -2.57324426105964221279e+00) (7, 1.78385318320239716350e+00) (0, -2.67203663075551156592e-01) (1, 2.05818600109977678514e+00) (2, 2.19479878968023811581e+00) (3, 2.30192533714057345762e-01) (4, 2.26769707185508151426e-01) (5, 2.10228640562319313290e+00) (6, 2.59712518307335882284e+00) (7, -1.10364578828838211244e+00) (0, -3.25921858617679374714e-02) (1, 2.69854741059133984571e-01) (2, 3.21747890927855217935e-01) (3, 1.82122780515294957482e-01) (4, 1.19367814196687668793e-01) (5, 1.98731919527826150773e-01) (6, 3.77896241952823452870e-01) (7, -2.07734004815093920016e+00) (8, -1.05472802988455267581e+01) (9, 1.05518762192890616092e+01) (10, 1.08753523679698393956e+00) (11, -1.13419365302350860780e+00) 
