FANN_FLO_2.1
num_layers=3
learning_rate=0.700000
connection_rate=1.000000
network_type=0
learning_momentum=0.000000
training_algorithm=2
train_error_function=1
train_stop_function=1
cascade_output_change_fraction=0.010000
quickprop_decay=-0.000100
quickprop_mu=1.750000
rprop_increase_factor=1.200000
rprop_decrease_factor=0.500000
rprop_delta_min=0.000000
rprop_delta_max=50.000000
rprop_delta_zero=0.100000
cascade_output_stagnation_epochs=12
cascade_candidate_change_fraction=0.010000
cascade_candidate_stagnation_epochs=12
cascade_max_out_epochs=150
cascade_min_out_epochs=50
cascade_max_cand_epochs=150
cascade_min_cand_epochs=50
cascade_num_candidate_groups=2
bit_fail_limit=1.00000000000000005551e-01
cascade_candidate_limit=1.00000000000000000000e+03
cascade_weight_multiplier=4.00000000000000022204e-01
cascade_activation_functions_count=10
cascade_activation_functions=3 5 7 8 10 11 14 15 16 17 
cascade_activation_steepnesses_count=4
cascade_activation_steepnesses=2.50000000000000000000e-01 5.00000000000000000000e-01 7.50000000000000000000e-01 1.00000000000000000000e+00 
layer_sizes=8 4 2 
scale_included=0
neurons (num_inputs, activation_function, activation_steepness)=(0, 0, 0.00000000000000000000e+00) (0, 0, 0.00000000000000000000e+00) (0, 0, 0.00000000000000000000e+00) (0, 0, 0.00000000000000000000e+00) (0, 0, 0.00000000000000000000e+00) (0, 0, 0.00000000000000000000e+00) (0, 0, 0.00000000000000000000e+00) (0, 0, 0.00000000000000000000e+00) (8, 6, 5.00000000000000000000e-01) (8, 6, 5.00000000000000000000e-01) (8, 6, 5.00000000000000000000e-01) (0, 6, 0.00000000000000000000e+00) (4, 4, 5.00000000000000000000e-01) (0, 4, 0.00000000000000000000e+00) 
connections (connected_to_neuron, weight)=(0, 2.21601695942099707892e+00) (1, -2.14800938501265248348e+00) (2, -1.11993105800199987954e+00) (3, 2.18879691764953232536e+00) (4, -1.58000873454486684411e-01) (5, 4.94929939848849587136e-01) (6, 8.29663099655586488979e-01) (7, 2.20035059379752295783e+00) (0, -1.74521285125235348090e+00) (1, 2.04192932007100225178e+00) (2, 1.82031030896222656423e+00) (3, -6.45487299108084000565e-01) (4, 3.26855027095169003992e-01) (5, 7.16470122420060778756e-02) (6, -5.36912995438879880883e-02) (7, -1.75463855096319942817e+00) (0, -1.20715707701351959713e+00) (1, 1.96882160810019635200e+00) (2, 1.81542596909320419485e+00) (3, -5.60627018951948441483e-01) (4, 1.32646115243744877610e+00) (5, -7.84791916526089983197e-02) (6, -4.19044288854903135277e-02) (7, -1.85942296513537197455e+00) (8, -2.99530225961960283598e+00) (9, 1.30794324006759445922e+01) (10, 1.30464191611730377929e+01) (11, -1.00494446960878525132e+00) 
