FANN_FLO_2.1
num_layers=3
learning_rate=0.700000
connection_rate=1.000000
network_type=0
learning_momentum=0.000000
training_algorithm=2
train_error_function=1
train_stop_function=1
cascade_output_change_fraction=0.010000
quickprop_decay=-0.000100
quickprop_mu=1.750000
rprop_increase_factor=1.200000
rprop_decrease_factor=0.500000
rprop_delta_min=0.000000
rprop_delta_max=50.000000
rprop_delta_zero=0.100000
cascade_output_stagnation_epochs=12
cascade_candidate_change_fraction=0.010000
cascade_candidate_stagnation_epochs=12
cascade_max_out_epochs=150
cascade_min_out_epochs=50
cascade_max_cand_epochs=150
cascade_min_cand_epochs=50
cascade_num_candidate_groups=2
bit_fail_limit=1.00000000000000005551e-01
cascade_candidate_limit=1.00000000000000000000e+03
cascade_weight_multiplier=4.00000000000000022204e-01
cascade_activation_functions_count=10
cascade_activation_functions=3 5 7 8 10 11 14 15 16 17 
cascade_activation_steepnesses_count=4
cascade_activation_steepnesses=2.50000000000000000000e-01 5.00000000000000000000e-01 7.50000000000000000000e-01 1.00000000000000000000e+00 
layer_sizes=14 4 2 
scale_included=0
neurons (num_inputs, activation_function, activation_steepness)=(0, 0, 0.00000000000000000000e+00) (0, 0, 0.00000000000000000000e+00) (0, 0, 0.00000000000000000000e+00) (0, 0, 0.00000000000000000000e+00) (0, 0, 0.00000000000000000000e+00) (0, 0, 0.00000000000000000000e+00) (0, 0, 0.00000000000000000000e+00) (0, 0, 0.00000000000000000000e+00) (0, 0, 0.00000000000000000000e+00) (0, 0, 0.00000000000000000000e+00) (0, 0, 0.00000000000000000000e+00) (0, 0, 0.00000000000000000000e+00) (0, 0, 0.00000000000000000000e+00) (0, 0, 0.00000000000000000000e+00) (14, 6, 5.00000000000000000000e-01) (14, 6, 5.00000000000000000000e-01) (14, 6, 5.00000000000000000000e-01) (0, 6, 0.00000000000000000000e+00) (4, 4, 5.00000000000000000000e-01) (0, 4, 0.00000000000000000000e+00) 
connections (connected_to_neuron, weight)=(0, 1.10258605030002221348e+00) (1, -1.61855520041017131305e+00) (2, -2.15915486244403842520e+00) (3, -1.38372937990256583696e+00) (4, -1.82144511824705812586e-01) (5, -1.10195782115498164266e+00) (6, -2.34003276409245453138e+00) (7, -1.48223661433816578104e+00) (8, -6.32365351276358733656e-01) (9, -1.42451585467606856028e+00) (10, -7.63750805923550490917e-01) (11, -2.07063434602622331582e-02) (12, -1.22164485586774018699e+00) (13, 2.99723953896037409450e+00) (0, -4.96618602528038133315e-01) (1, 3.56912577724309043603e+00) (2, 1.83964134653090782834e+00) (3, 1.39230459488376867583e+00) (4, -2.63052078070184824909e-01) (5, 1.43646426429629503474e+00) (6, 2.92480161180759168360e+00) (7, 4.32134148478945823157e-01) (8, 1.30772296119860986785e+00) (9, -3.72468742232610339205e-01) (10, 2.36018847819857668924e+00) (11, -3.59624666446041851842e-01) (12, 1.44359090971435577444e+00) (13, -2.04306850200939837947e+00) (0, -3.02563313445555759351e-01) (1, 1.52957656493932070418e+00) (2, 1.97768892081259983762e+00) (3, 2.36891461748544196464e-01) (4, 2.65746855010829119426e-01) (5, 2.81016448872938029435e-02) (6, 1.99401536937410051031e+00) (7, -1.53833268900603947760e-01) (8, -2.30112275518816813968e-02) (9, -1.70234085570420939915e-01) (10, 9.85427952763016867799e-01) (11, -1.83293512404227365575e-01) (12, -9.63748103011665968598e-02) (13, -1.24515329857028866911e+00) (14, -5.65097891036695365585e+00) (15, 2.02089547579161212809e+01) (16, 9.94369274172650463584e+00) (17, -6.84203547438317349894e-01) 
