FANN_FLO_2.1
num_layers=3
learning_rate=0.700000
connection_rate=1.000000
network_type=0
learning_momentum=0.000000
training_algorithm=2
train_error_function=1
train_stop_function=1
cascade_output_change_fraction=0.010000
quickprop_decay=-0.000100
quickprop_mu=1.750000
rprop_increase_factor=1.200000
rprop_decrease_factor=0.500000
rprop_delta_min=0.000000
rprop_delta_max=50.000000
rprop_delta_zero=0.100000
cascade_output_stagnation_epochs=12
cascade_candidate_change_fraction=0.010000
cascade_candidate_stagnation_epochs=12
cascade_max_out_epochs=150
cascade_min_out_epochs=50
cascade_max_cand_epochs=150
cascade_min_cand_epochs=50
cascade_num_candidate_groups=2
bit_fail_limit=1.00000000000000005551e-01
cascade_candidate_limit=1.00000000000000000000e+03
cascade_weight_multiplier=4.00000000000000022204e-01
cascade_activation_functions_count=10
cascade_activation_functions=3 5 7 8 10 11 14 15 16 17 
cascade_activation_steepnesses_count=4
cascade_activation_steepnesses=2.50000000000000000000e-01 5.00000000000000000000e-01 7.50000000000000000000e-01 1.00000000000000000000e+00 
layer_sizes=13 4 2 
scale_included=0
neurons (num_inputs, activation_function, activation_steepness)=(0, 0, 0.00000000000000000000e+00) (0, 0, 0.00000000000000000000e+00) (0, 0, 0.00000000000000000000e+00) (0, 0, 0.00000000000000000000e+00) (0, 0, 0.00000000000000000000e+00) (0, 0, 0.00000000000000000000e+00) (0, 0, 0.00000000000000000000e+00) (0, 0, 0.00000000000000000000e+00) (0, 0, 0.00000000000000000000e+00) (0, 0, 0.00000000000000000000e+00) (0, 0, 0.00000000000000000000e+00) (0, 0, 0.00000000000000000000e+00) (0, 0, 0.00000000000000000000e+00) (13, 6, 5.00000000000000000000e-01) (13, 6, 5.00000000000000000000e-01) (13, 6, 5.00000000000000000000e-01) (0, 6, 0.00000000000000000000e+00) (4, 4, 5.00000000000000000000e-01) (0, 4, 0.00000000000000000000e+00) 
connections (connected_to_neuron, weight)=(0, -3.57264304475462479704e-01) (1, 1.33368855837967603684e+00) (2, 6.36407924801654534264e-01) (3, 1.66262608015184465415e+00) (4, 1.49852538977053373337e+00) (5, 1.07551272786059270992e+00) (6, 2.37644956635617443652e+00) (7, 8.06609552790330974759e-01) (8, 4.23674196723656359964e-01) (9, 9.27883749607900765177e-01) (10, 4.75627020520221766020e-01) (11, 3.86402467158737938924e-01) (12, -1.86294349870852249396e-01) (0, 1.80382447337704943102e+00) (1, -2.18050468310046596798e+00) (2, -2.20865659235700961815e+00) (3, -2.06792062366463813561e+00) (4, -2.18639343573975963864e+00) (5, -1.51245384470644550490e+00) (6, -1.37997479474102263675e-01) (7, -1.72797893583067652123e+00) (8, -3.24078258436918842378e-01) (9, -2.03467165066226127190e-02) (10, -2.91536163848639229279e-01) (11, -1.82126786443394972359e-01) (12, 1.87990872209864900988e+00) (0, -8.86089925226315466844e-02) (1, 6.72102201565459189680e-01) (2, 1.77610400609683249940e+00) (3, 2.04419529723589876724e+00) (4, 6.88558572683941605419e-01) (5, 8.22653674379626997926e-01) (6, 1.21432508938007988064e+00) (7, 1.04678490040040905740e+00) (8, 8.64011121874778131868e-01) (9, 1.22670432954166996886e+00) (10, 8.43952422922580103304e-01) (11, 1.31587142930932055052e+00) (12, -1.27368465880711184690e-01) (13, 5.70196766672740329440e-01) (14, -1.47504787438575348801e+01) (15, 3.03614322193947294704e-01) (16, -1.10665094562377697152e+00) 
