FANN_FLO_2.1
num_layers=3
learning_rate=0.700000
connection_rate=1.000000
network_type=0
learning_momentum=0.000000
training_algorithm=2
train_error_function=1
train_stop_function=1
cascade_output_change_fraction=0.010000
quickprop_decay=-0.000100
quickprop_mu=1.750000
rprop_increase_factor=1.200000
rprop_decrease_factor=0.500000
rprop_delta_min=0.000000
rprop_delta_max=50.000000
rprop_delta_zero=0.100000
cascade_output_stagnation_epochs=12
cascade_candidate_change_fraction=0.010000
cascade_candidate_stagnation_epochs=12
cascade_max_out_epochs=150
cascade_min_out_epochs=50
cascade_max_cand_epochs=150
cascade_min_cand_epochs=50
cascade_num_candidate_groups=2
bit_fail_limit=1.00000000000000005551e-01
cascade_candidate_limit=1.00000000000000000000e+03
cascade_weight_multiplier=4.00000000000000022204e-01
cascade_activation_functions_count=10
cascade_activation_functions=3 5 7 8 10 11 14 15 16 17 
cascade_activation_steepnesses_count=4
cascade_activation_steepnesses=2.50000000000000000000e-01 5.00000000000000000000e-01 7.50000000000000000000e-01 1.00000000000000000000e+00 
layer_sizes=10 4 2 
scale_included=0
neurons (num_inputs, activation_function, activation_steepness)=(0, 0, 0.00000000000000000000e+00) (0, 0, 0.00000000000000000000e+00) (0, 0, 0.00000000000000000000e+00) (0, 0, 0.00000000000000000000e+00) (0, 0, 0.00000000000000000000e+00) (0, 0, 0.00000000000000000000e+00) (0, 0, 0.00000000000000000000e+00) (0, 0, 0.00000000000000000000e+00) (0, 0, 0.00000000000000000000e+00) (0, 0, 0.00000000000000000000e+00) (10, 6, 5.00000000000000000000e-01) (10, 6, 5.00000000000000000000e-01) (10, 6, 5.00000000000000000000e-01) (0, 6, 0.00000000000000000000e+00) (4, 4, 5.00000000000000000000e-01) (0, 4, 0.00000000000000000000e+00) 
connections (connected_to_neuron, weight)=(0, 1.07431386465494638216e+00) (1, 1.67056111479189817182e+00) (2, 4.93930210812779768581e-01) (3, -2.02337491126179630507e-01) (4, -1.79963024879588345817e-01) (5, 1.61826117291467208581e+00) (6, 4.64779404445382460231e-01) (7, 1.71811505621656457343e+00) (8, 7.53202494923556509221e-01) (9, -1.24022757999556221264e+00) (0, 6.21636112655429173834e-01) (1, 9.43085592771017888758e-01) (2, 7.45022675181124527377e-01) (3, -1.87008302598117875926e-01) (4, 2.34713790740756378383e-01) (5, 7.98956241004125766736e-01) (6, 6.20348615730498154086e-01) (7, 1.03293417931629805118e+00) (8, 4.99962415865254472536e-01) (9, -4.19490669428114137940e-01) (0, 1.05175752194250704541e+00) (1, 1.88715365374472576754e+00) (2, 3.58995387001725396736e-01) (3, -4.97658944339871456286e-01) (4, -2.07619725480291977826e-01) (5, 1.27497103315253146327e+00) (6, 1.96451069268151284897e-01) (7, 2.05413800994613904294e+00) (8, 1.70068229593133546373e+00) (9, -1.34434222035067252321e+00) (10, 8.46772204181824861280e+01) (11, 2.33311096952181573627e+00) (12, 1.10257870765241481337e+01) (13, -3.54888142966034880743e+00) 
