FANN_FLO_2.1
num_layers=3
learning_rate=0.700000
connection_rate=1.000000
network_type=0
learning_momentum=0.000000
training_algorithm=2
train_error_function=1
train_stop_function=1
cascade_output_change_fraction=0.010000
quickprop_decay=-0.000100
quickprop_mu=1.750000
rprop_increase_factor=1.200000
rprop_decrease_factor=0.500000
rprop_delta_min=0.000000
rprop_delta_max=50.000000
rprop_delta_zero=0.100000
cascade_output_stagnation_epochs=12
cascade_candidate_change_fraction=0.010000
cascade_candidate_stagnation_epochs=12
cascade_max_out_epochs=150
cascade_min_out_epochs=50
cascade_max_cand_epochs=150
cascade_min_cand_epochs=50
cascade_num_candidate_groups=2
bit_fail_limit=1.00000000000000005551e-01
cascade_candidate_limit=1.00000000000000000000e+03
cascade_weight_multiplier=4.00000000000000022204e-01
cascade_activation_functions_count=10
cascade_activation_functions=3 5 7 8 10 11 14 15 16 17 
cascade_activation_steepnesses_count=4
cascade_activation_steepnesses=2.50000000000000000000e-01 5.00000000000000000000e-01 7.50000000000000000000e-01 1.00000000000000000000e+00 
layer_sizes=9 4 2 
scale_included=0
neurons (num_inputs, activation_function, activation_steepness)=(0, 0, 0.00000000000000000000e+00) (0, 0, 0.00000000000000000000e+00) (0, 0, 0.00000000000000000000e+00) (0, 0, 0.00000000000000000000e+00) (0, 0, 0.00000000000000000000e+00) (0, 0, 0.00000000000000000000e+00) (0, 0, 0.00000000000000000000e+00) (0, 0, 0.00000000000000000000e+00) (0, 0, 0.00000000000000000000e+00) (9, 6, 5.00000000000000000000e-01) (9, 6, 5.00000000000000000000e-01) (9, 6, 5.00000000000000000000e-01) (0, 6, 0.00000000000000000000e+00) (4, 4, 5.00000000000000000000e-01) (0, 4, 0.00000000000000000000e+00) 
connections (connected_to_neuron, weight)=(0, -4.57237873625919499787e-01) (1, 1.02055827795966647109e+00) (2, 2.29696947746451662908e+00) (3, 9.60943388635955075827e-01) (4, 2.03533492325522891164e+00) (5, 1.22138761985192045856e+00) (6, 9.65699393791195959125e-01) (7, 7.51185636137805756718e-01) (8, -1.43832303245681436543e+00) (0, -2.76767541122600713166e-01) (1, 9.70494518871150235739e-01) (2, 1.71562329751410436174e+00) (3, 1.05506175279124758681e+00) (4, 2.17827604799249119338e+00) (5, 1.40616742032656416583e+00) (6, 9.48283616942402929340e-01) (7, 6.47412303050989068609e-01) (8, -1.42640627582687051778e+00) (0, -3.99144657355711252045e-01) (1, 9.31683431262813055440e-01) (2, 2.36659738086636828314e+00) (3, 9.11074752802691900655e-01) (4, 2.14269355027654118118e+00) (5, 1.26295979204663977313e+00) (6, 9.28103764099118322406e-01) (7, 7.55282762562118348271e-01) (8, -1.44485211034434946065e+00) (9, 9.62111954695396320858e+00) (10, 9.60695651477985279598e+00) (11, 9.57891643351726429501e+00) (12, -1.30686841567176514900e+00) 
