FANN_FLO_2.1
num_layers=3
learning_rate=0.700000
connection_rate=1.000000
network_type=0
learning_momentum=0.000000
training_algorithm=2
train_error_function=1
train_stop_function=1
cascade_output_change_fraction=0.010000
quickprop_decay=-0.000100
quickprop_mu=1.750000
rprop_increase_factor=1.200000
rprop_decrease_factor=0.500000
rprop_delta_min=0.000000
rprop_delta_max=50.000000
rprop_delta_zero=0.100000
cascade_output_stagnation_epochs=12
cascade_candidate_change_fraction=0.010000
cascade_candidate_stagnation_epochs=12
cascade_max_out_epochs=150
cascade_min_out_epochs=50
cascade_max_cand_epochs=150
cascade_min_cand_epochs=50
cascade_num_candidate_groups=2
bit_fail_limit=1.00000000000000005551e-01
cascade_candidate_limit=1.00000000000000000000e+03
cascade_weight_multiplier=4.00000000000000022204e-01
cascade_activation_functions_count=10
cascade_activation_functions=3 5 7 8 10 11 14 15 16 17 
cascade_activation_steepnesses_count=4
cascade_activation_steepnesses=2.50000000000000000000e-01 5.00000000000000000000e-01 7.50000000000000000000e-01 1.00000000000000000000e+00 
layer_sizes=8 4 2 
scale_included=0
neurons (num_inputs, activation_function, activation_steepness)=(0, 0, 0.00000000000000000000e+00) (0, 0, 0.00000000000000000000e+00) (0, 0, 0.00000000000000000000e+00) (0, 0, 0.00000000000000000000e+00) (0, 0, 0.00000000000000000000e+00) (0, 0, 0.00000000000000000000e+00) (0, 0, 0.00000000000000000000e+00) (0, 0, 0.00000000000000000000e+00) (8, 6, 5.00000000000000000000e-01) (8, 6, 5.00000000000000000000e-01) (8, 6, 5.00000000000000000000e-01) (0, 6, 0.00000000000000000000e+00) (4, 4, 5.00000000000000000000e-01) (0, 4, 0.00000000000000000000e+00) 
connections (connected_to_neuron, weight)=(0, 1.53106783183835659656e+00) (1, 2.95775763017074178052e+00) (2, -3.30056202946203924853e+00) (3, 5.08052668388436906577e-02) (4, -3.45031098700942706614e+00) (5, -2.29335299780543255821e+00) (6, -5.97668921228769398080e-02) (7, 2.62754369537351273323e+00) (0, -4.15748578045788796942e+00) (1, -1.08909399134398987563e+00) (2, 4.49053370900717840897e-01) (3, -5.83731306181797826582e+00) (4, -2.68271422262185837981e-02) (5, 1.70290532032269803508e+00) (6, -5.80630651186436885780e+00) (7, 2.30057537518524490849e+00) (0, 1.64051874847169165683e+00) (1, 5.50242590354935323660e+00) (2, 4.84569449273592134375e+00) (3, -3.48951308992258946162e+00) (4, 1.20606568808706509088e+01) (5, 1.12990229092428684510e+01) (6, -3.53558573029870970572e+00) (7, -3.99209739375719019350e+00) (8, -7.47298554411316473534e+00) (9, -1.46429669879325388138e+01) (10, 8.89211881348284727267e+00) (11, -2.61339456675488657211e+00) 
