FANN_FLO_2.1
num_layers=3
learning_rate=0.700000
connection_rate=1.000000
network_type=0
learning_momentum=0.000000
training_algorithm=2
train_error_function=1
train_stop_function=1
cascade_output_change_fraction=0.010000
quickprop_decay=-0.000100
quickprop_mu=1.750000
rprop_increase_factor=1.200000
rprop_decrease_factor=0.500000
rprop_delta_min=0.000000
rprop_delta_max=50.000000
rprop_delta_zero=0.100000
cascade_output_stagnation_epochs=12
cascade_candidate_change_fraction=0.010000
cascade_candidate_stagnation_epochs=12
cascade_max_out_epochs=150
cascade_min_out_epochs=50
cascade_max_cand_epochs=150
cascade_min_cand_epochs=50
cascade_num_candidate_groups=2
bit_fail_limit=1.00000000000000005551e-01
cascade_candidate_limit=1.00000000000000000000e+03
cascade_weight_multiplier=4.00000000000000022204e-01
cascade_activation_functions_count=10
cascade_activation_functions=3 5 7 8 10 11 14 15 16 17 
cascade_activation_steepnesses_count=4
cascade_activation_steepnesses=2.50000000000000000000e-01 5.00000000000000000000e-01 7.50000000000000000000e-01 1.00000000000000000000e+00 
layer_sizes=12 4 2 
scale_included=0
neurons (num_inputs, activation_function, activation_steepness)=(0, 0, 0.00000000000000000000e+00) (0, 0, 0.00000000000000000000e+00) (0, 0, 0.00000000000000000000e+00) (0, 0, 0.00000000000000000000e+00) (0, 0, 0.00000000000000000000e+00) (0, 0, 0.00000000000000000000e+00) (0, 0, 0.00000000000000000000e+00) (0, 0, 0.00000000000000000000e+00) (0, 0, 0.00000000000000000000e+00) (0, 0, 0.00000000000000000000e+00) (0, 0, 0.00000000000000000000e+00) (0, 0, 0.00000000000000000000e+00) (12, 6, 5.00000000000000000000e-01) (12, 6, 5.00000000000000000000e-01) (12, 6, 5.00000000000000000000e-01) (0, 6, 0.00000000000000000000e+00) (4, 4, 5.00000000000000000000e-01) (0, 4, 0.00000000000000000000e+00) 
connections (connected_to_neuron, weight)=(0, 3.47155579219322885098e-01) (1, 1.99243604393267803587e+00) (2, 7.28323560416281767793e-01) (3, -8.93473049720802436902e-01) (4, -2.38294796525091834294e-01) (5, 1.90266726167464472752e+00) (6, 5.55443173646819610134e-01) (7, -9.80099311193504463269e-01) (8, 9.64450936883490705931e-01) (9, 3.18385865468855833171e+00) (10, 2.10729963354224736349e+00) (11, -7.37610620464694555221e-02) (0, -3.21016894048305911902e-01) (1, -4.56234582363624951995e+00) (2, -2.45690524767314989740e-02) (3, 3.57997656874899838897e+00) (4, 3.02597558839306479683e+00) (5, -4.66798696517010114349e+00) (6, 4.11910789422738787824e-01) (7, 3.58116077893023465606e+00) (8, -2.44543386982872679170e+00) (9, -2.22018040383485537603e+00) (10, -2.35907485056073529250e+00) (11, 1.76009927978653313296e+00) (0, 9.39062079546798766927e-01) (1, 8.23183432455047991994e-01) (2, 3.97246188880283124245e-01) (3, 9.89725579039734681963e-02) (4, 1.84298485566751601983e-01) (5, 7.31972284848675158742e-01) (6, 4.21061543416554717734e-01) (7, -5.16420166476088959850e-02) (8, 9.72346612313787383997e-01) (9, 1.96339736867585923363e+00) (10, 7.53386770232419067383e-01) (11, 4.81587172686893105755e-02) (12, 1.00048031139081317065e+00) (13, -1.41792125372735693389e+01) (14, 1.15109250291258846666e+00) (15, -1.60410508137345497737e+00) 
