FANN_FLO_2.1
num_layers=3
learning_rate=0.700000
connection_rate=1.000000
network_type=0
learning_momentum=0.000000
training_algorithm=2
train_error_function=1
train_stop_function=1
cascade_output_change_fraction=0.010000
quickprop_decay=-0.000100
quickprop_mu=1.750000
rprop_increase_factor=1.200000
rprop_decrease_factor=0.500000
rprop_delta_min=0.000000
rprop_delta_max=50.000000
rprop_delta_zero=0.100000
cascade_output_stagnation_epochs=12
cascade_candidate_change_fraction=0.010000
cascade_candidate_stagnation_epochs=12
cascade_max_out_epochs=150
cascade_min_out_epochs=50
cascade_max_cand_epochs=150
cascade_min_cand_epochs=50
cascade_num_candidate_groups=2
bit_fail_limit=1.00000000000000005551e-01
cascade_candidate_limit=1.00000000000000000000e+03
cascade_weight_multiplier=4.00000000000000022204e-01
cascade_activation_functions_count=10
cascade_activation_functions=3 5 7 8 10 11 14 15 16 17 
cascade_activation_steepnesses_count=4
cascade_activation_steepnesses=2.50000000000000000000e-01 5.00000000000000000000e-01 7.50000000000000000000e-01 1.00000000000000000000e+00 
layer_sizes=12 4 2 
scale_included=0
neurons (num_inputs, activation_function, activation_steepness)=(0, 0, 0.00000000000000000000e+00) (0, 0, 0.00000000000000000000e+00) (0, 0, 0.00000000000000000000e+00) (0, 0, 0.00000000000000000000e+00) (0, 0, 0.00000000000000000000e+00) (0, 0, 0.00000000000000000000e+00) (0, 0, 0.00000000000000000000e+00) (0, 0, 0.00000000000000000000e+00) (0, 0, 0.00000000000000000000e+00) (0, 0, 0.00000000000000000000e+00) (0, 0, 0.00000000000000000000e+00) (0, 0, 0.00000000000000000000e+00) (12, 6, 5.00000000000000000000e-01) (12, 6, 5.00000000000000000000e-01) (12, 6, 5.00000000000000000000e-01) (0, 6, 0.00000000000000000000e+00) (4, 4, 5.00000000000000000000e-01) (0, 4, 0.00000000000000000000e+00) 
connections (connected_to_neuron, weight)=(0, 7.76279650774264529112e-01) (1, -3.83561597739223714143e+00) (2, 3.07741647596615264248e-01) (3, 5.05262996561785193705e-01) (4, 5.71076575227041693950e-01) (5, 8.61424319591784559691e-01) (6, 9.52978231158518873656e-01) (7, 4.92313012041111552897e-01) (8, 8.10845539119506075743e-01) (9, -3.93473697428468938142e+00) (10, 5.45652452416677924418e-01) (11, 9.14436005201602064574e-01) (0, 9.13828827586436354125e-01) (1, -3.95291021440986867219e+00) (2, 2.58185645575779387784e-01) (3, 5.70504825122614356303e-01) (4, 5.66356803782244178080e-01) (5, 8.69730599370265089476e-01) (6, 8.17657467123532488706e-01) (7, 5.24937968261499854350e-01) (8, 8.89781676378512464964e-01) (9, -3.83440694187645192414e+00) (10, 4.55660271950026118937e-01) (11, 8.79395522322917067015e-01) (0, -8.07441952740741375472e-01) (1, 3.88048705433372731477e+00) (2, 3.33676740303384677944e-02) (3, -1.38303856848206646601e-01) (4, -3.05909771023717080851e-01) (5, -5.78788817753523199272e-01) (6, -5.93887318750351278496e-01) (7, -3.04474133549657022257e-01) (8, -4.56353318770855220787e-01) (9, 3.91716661278967137605e+00) (10, -2.45735097228016979853e-01) (11, -5.31800706764191000175e-01) (12, -1.93390596215721344286e+00) (13, -3.90122764532331700593e+00) (14, 3.89022455339197392732e+00) (15, -5.36487762709587423515e-01) 
