FANN_FLO_2.1
num_layers=3
learning_rate=0.700000
connection_rate=1.000000
network_type=0
learning_momentum=0.000000
training_algorithm=2
train_error_function=1
train_stop_function=1
cascade_output_change_fraction=0.010000
quickprop_decay=-0.000100
quickprop_mu=1.750000
rprop_increase_factor=1.200000
rprop_decrease_factor=0.500000
rprop_delta_min=0.000000
rprop_delta_max=50.000000
rprop_delta_zero=0.100000
cascade_output_stagnation_epochs=12
cascade_candidate_change_fraction=0.010000
cascade_candidate_stagnation_epochs=12
cascade_max_out_epochs=150
cascade_min_out_epochs=50
cascade_max_cand_epochs=150
cascade_min_cand_epochs=50
cascade_num_candidate_groups=2
bit_fail_limit=1.00000000000000005551e-01
cascade_candidate_limit=1.00000000000000000000e+03
cascade_weight_multiplier=4.00000000000000022204e-01
cascade_activation_functions_count=10
cascade_activation_functions=3 5 7 8 10 11 14 15 16 17 
cascade_activation_steepnesses_count=4
cascade_activation_steepnesses=2.50000000000000000000e-01 5.00000000000000000000e-01 7.50000000000000000000e-01 1.00000000000000000000e+00 
layer_sizes=10 4 2 
scale_included=0
neurons (num_inputs, activation_function, activation_steepness)=(0, 0, 0.00000000000000000000e+00) (0, 0, 0.00000000000000000000e+00) (0, 0, 0.00000000000000000000e+00) (0, 0, 0.00000000000000000000e+00) (0, 0, 0.00000000000000000000e+00) (0, 0, 0.00000000000000000000e+00) (0, 0, 0.00000000000000000000e+00) (0, 0, 0.00000000000000000000e+00) (0, 0, 0.00000000000000000000e+00) (0, 0, 0.00000000000000000000e+00) (10, 6, 5.00000000000000000000e-01) (10, 6, 5.00000000000000000000e-01) (10, 6, 5.00000000000000000000e-01) (0, 6, 0.00000000000000000000e+00) (4, 4, 5.00000000000000000000e-01) (0, 4, 0.00000000000000000000e+00) 
connections (connected_to_neuron, weight)=(0, -5.75126309178355166196e-01) (1, 1.91543269039593440084e+02) (2, -1.91568084375894032156e+00) (3, 2.01741459852385784934e-01) (4, 3.31632775425175196915e+01) (5, 1.13311346820954228498e+00) (6, 1.14155673414317693215e+00) (7, 6.81042712742660039105e-01) (8, 1.49176207736756971656e+00) (9, -3.64074077738929732795e-02) (0, -1.73300149035505746120e+00) (1, -1.32892793121204766393e+00) (2, -1.75905660627530768814e+00) (3, 8.73094109751622382554e-01) (4, -1.24458998442665258466e+00) (5, -1.21046091670505617799e+00) (6, -1.20661323021377930864e+00) (7, -1.20937739870310267953e+00) (8, -1.11720596850763698171e+00) (9, 1.88063616010582101978e+00) (0, 1.33519184827397974225e+00) (1, 3.36175545506324198186e+01) (2, 9.14292504641278203081e-01) (3, 3.74493508074578707046e-01) (4, 6.09819307675365962496e+00) (5, 4.34609619160189919462e-01) (6, 5.09448046809084620357e-01) (7, 5.50377726306765069353e-01) (8, 7.94568521568128849353e-01) (9, -1.93358619484602256566e-01) (10, 4.66545832241403279905e-01) (11, -5.03750105618895744897e+01) (12, 2.63460143538011504205e+00) (13, -7.12486093109795382006e-01) 
