FANN_FLO_2.1
num_layers=3
learning_rate=0.700000
connection_rate=1.000000
network_type=0
learning_momentum=0.000000
training_algorithm=2
train_error_function=1
train_stop_function=1
cascade_output_change_fraction=0.010000
quickprop_decay=-0.000100
quickprop_mu=1.750000
rprop_increase_factor=1.200000
rprop_decrease_factor=0.500000
rprop_delta_min=0.000000
rprop_delta_max=50.000000
rprop_delta_zero=0.100000
cascade_output_stagnation_epochs=12
cascade_candidate_change_fraction=0.010000
cascade_candidate_stagnation_epochs=12
cascade_max_out_epochs=150
cascade_min_out_epochs=50
cascade_max_cand_epochs=150
cascade_min_cand_epochs=50
cascade_num_candidate_groups=2
bit_fail_limit=1.00000000000000005551e-01
cascade_candidate_limit=1.00000000000000000000e+03
cascade_weight_multiplier=4.00000000000000022204e-01
cascade_activation_functions_count=10
cascade_activation_functions=3 5 7 8 10 11 14 15 16 17 
cascade_activation_steepnesses_count=4
cascade_activation_steepnesses=2.50000000000000000000e-01 5.00000000000000000000e-01 7.50000000000000000000e-01 1.00000000000000000000e+00 
layer_sizes=6 4 2 
scale_included=0
neurons (num_inputs, activation_function, activation_steepness)=(0, 0, 0.00000000000000000000e+00) (0, 0, 0.00000000000000000000e+00) (0, 0, 0.00000000000000000000e+00) (0, 0, 0.00000000000000000000e+00) (0, 0, 0.00000000000000000000e+00) (0, 0, 0.00000000000000000000e+00) (6, 6, 5.00000000000000000000e-01) (6, 6, 5.00000000000000000000e-01) (6, 6, 5.00000000000000000000e-01) (0, 6, 0.00000000000000000000e+00) (4, 4, 5.00000000000000000000e-01) (0, 4, 0.00000000000000000000e+00) 
connections (connected_to_neuron, weight)=(0, -1.08968169943896220353e+00) (1, 2.61517732489755472258e+00) (2, 9.67840024258715819760e-02) (3, -2.29143584210674711166e-01) (4, -1.07670894594398425248e+00) (5, -1.16995268152394893413e+00) (0, 2.34482857940521011164e-01) (1, 2.61810869660851042173e-01) (2, -1.83121936664314727272e-01) (3, -8.71947093758301261524e-02) (4, 2.33319345472182998469e-01) (5, 5.64371529796979104487e-02) (0, -5.52989266553188474340e-01) (1, 1.17112508817415705842e+00) (2, -8.57902209314975183752e-02) (3, -5.05121241364154052733e-02) (4, -6.58010676243568459753e-01) (5, -3.67879385248156220989e-01) (6, 1.16334511468823738056e+01) (7, 9.68909780826895106198e-02) (8, 4.72662154327837669143e+00) (9, -1.53524640297171366399e+00) 
