FANN_FLO_2.1
num_layers=3
learning_rate=0.700000
connection_rate=1.000000
network_type=0
learning_momentum=0.000000
training_algorithm=2
train_error_function=1
train_stop_function=1
cascade_output_change_fraction=0.010000
quickprop_decay=-0.000100
quickprop_mu=1.750000
rprop_increase_factor=1.200000
rprop_decrease_factor=0.500000
rprop_delta_min=0.000000
rprop_delta_max=50.000000
rprop_delta_zero=0.100000
cascade_output_stagnation_epochs=12
cascade_candidate_change_fraction=0.010000
cascade_candidate_stagnation_epochs=12
cascade_max_out_epochs=150
cascade_min_out_epochs=50
cascade_max_cand_epochs=150
cascade_min_cand_epochs=50
cascade_num_candidate_groups=2
bit_fail_limit=1.00000000000000005551e-01
cascade_candidate_limit=1.00000000000000000000e+03
cascade_weight_multiplier=4.00000000000000022204e-01
cascade_activation_functions_count=10
cascade_activation_functions=3 5 7 8 10 11 14 15 16 17 
cascade_activation_steepnesses_count=4
cascade_activation_steepnesses=2.50000000000000000000e-01 5.00000000000000000000e-01 7.50000000000000000000e-01 1.00000000000000000000e+00 
layer_sizes=10 4 2 
scale_included=0
neurons (num_inputs, activation_function, activation_steepness)=(0, 0, 0.00000000000000000000e+00) (0, 0, 0.00000000000000000000e+00) (0, 0, 0.00000000000000000000e+00) (0, 0, 0.00000000000000000000e+00) (0, 0, 0.00000000000000000000e+00) (0, 0, 0.00000000000000000000e+00) (0, 0, 0.00000000000000000000e+00) (0, 0, 0.00000000000000000000e+00) (0, 0, 0.00000000000000000000e+00) (0, 0, 0.00000000000000000000e+00) (10, 6, 5.00000000000000000000e-01) (10, 6, 5.00000000000000000000e-01) (10, 6, 5.00000000000000000000e-01) (0, 6, 0.00000000000000000000e+00) (4, 4, 5.00000000000000000000e-01) (0, 4, 0.00000000000000000000e+00) 
connections (connected_to_neuron, weight)=(0, -4.73025746952967285353e+00) (1, 1.40937842023663084667e+00) (2, 1.34758651300134135731e+00) (3, -2.03647106908813074755e-01) (4, -4.21127733928221448245e-01) (5, -4.11574204606074078860e-01) (6, 5.90766295401678007693e+01) (7, 5.92189388482198637575e+01) (8, 1.37833104939262440780e+00) (9, -5.77375436907600514402e-01) (0, -2.98548881821517753110e+00) (1, 7.53514221888128110649e-01) (2, 1.79526581123587614108e+00) (3, -7.35397578432583631791e-02) (4, -2.02402738914731289421e-01) (5, -2.35258751209025201989e-01) (6, 2.46966858753616591571e+01) (7, 2.46518752300793906329e+01) (8, 3.02816852233904032499e-01) (9, -4.95074961521275114240e-01) (0, -9.75886123679412853527e-01) (1, 1.18609347009045840160e+00) (2, 3.36724699222254508779e-01) (3, -9.61294591286216415504e-02) (4, 1.07403960543619253487e-01) (5, 8.72905655468693419952e-02) (6, 1.02440955068189598620e+01) (7, 1.03292874570209480822e+01) (8, 6.25411304432650139162e-01) (9, -8.26072388681454820858e-03) (10, 1.50054817852737336636e+01) (11, 4.68289420684876311896e+00) (12, 4.77513436790451772929e-01) (13, -1.74195781304886998520e+00) 
