FANN_FLO_2.1
num_layers=3
learning_rate=0.700000
connection_rate=1.000000
network_type=0
learning_momentum=0.000000
training_algorithm=2
train_error_function=1
train_stop_function=1
cascade_output_change_fraction=0.010000
quickprop_decay=-0.000100
quickprop_mu=1.750000
rprop_increase_factor=1.200000
rprop_decrease_factor=0.500000
rprop_delta_min=0.000000
rprop_delta_max=50.000000
rprop_delta_zero=0.100000
cascade_output_stagnation_epochs=12
cascade_candidate_change_fraction=0.010000
cascade_candidate_stagnation_epochs=12
cascade_max_out_epochs=150
cascade_min_out_epochs=50
cascade_max_cand_epochs=150
cascade_min_cand_epochs=50
cascade_num_candidate_groups=2
bit_fail_limit=1.00000000000000005551e-01
cascade_candidate_limit=1.00000000000000000000e+03
cascade_weight_multiplier=4.00000000000000022204e-01
cascade_activation_functions_count=10
cascade_activation_functions=3 5 7 8 10 11 14 15 16 17 
cascade_activation_steepnesses_count=4
cascade_activation_steepnesses=2.50000000000000000000e-01 5.00000000000000000000e-01 7.50000000000000000000e-01 1.00000000000000000000e+00 
layer_sizes=8 4 2 
scale_included=0
neurons (num_inputs, activation_function, activation_steepness)=(0, 0, 0.00000000000000000000e+00) (0, 0, 0.00000000000000000000e+00) (0, 0, 0.00000000000000000000e+00) (0, 0, 0.00000000000000000000e+00) (0, 0, 0.00000000000000000000e+00) (0, 0, 0.00000000000000000000e+00) (0, 0, 0.00000000000000000000e+00) (0, 0, 0.00000000000000000000e+00) (8, 6, 5.00000000000000000000e-01) (8, 6, 5.00000000000000000000e-01) (8, 6, 5.00000000000000000000e-01) (0, 6, 0.00000000000000000000e+00) (4, 4, 5.00000000000000000000e-01) (0, 4, 0.00000000000000000000e+00) 
connections (connected_to_neuron, weight)=(0, 1.64695922790965676441e-01) (1, 2.17426348591887252937e+00) (2, 9.23389585401092061190e-01) (3, 1.01476784341158188241e+00) (4, 1.15125931082497801050e+00) (5, 1.47325910193787268376e-01) (6, -6.43814831487043215397e-01) (7, -5.67480947590801865221e-02) (0, 2.11773502579941474977e+00) (1, -5.44828227337187520618e+00) (2, -3.04194575416839096960e+00) (3, -3.60415989241164558265e+00) (4, -4.07209507373143519970e+00) (5, -1.05897392111892485467e+00) (6, 2.93459770888316384685e+00) (7, 5.60920067922754927991e+00) (0, 2.16574565074457847658e+00) (1, -5.45390255924051992054e+00) (2, -3.03793166446483109411e+00) (3, -3.48685472539227925282e+00) (4, -4.20657310632039393994e+00) (5, -1.19043449091787123528e+00) (6, 2.97023820564377061260e+00) (7, 5.57083591119929000257e+00) (8, 1.14684523975789676165e+00) (9, -1.13305057535644717603e+01) (10, -1.13189146543618388563e+01) (11, -1.12192944272224148783e+00) 
