FANN_FLO_2.1
num_layers=3
learning_rate=0.700000
connection_rate=1.000000
network_type=0
learning_momentum=0.000000
training_algorithm=2
train_error_function=1
train_stop_function=1
cascade_output_change_fraction=0.010000
quickprop_decay=-0.000100
quickprop_mu=1.750000
rprop_increase_factor=1.200000
rprop_decrease_factor=0.500000
rprop_delta_min=0.000000
rprop_delta_max=50.000000
rprop_delta_zero=0.100000
cascade_output_stagnation_epochs=12
cascade_candidate_change_fraction=0.010000
cascade_candidate_stagnation_epochs=12
cascade_max_out_epochs=150
cascade_min_out_epochs=50
cascade_max_cand_epochs=150
cascade_min_cand_epochs=50
cascade_num_candidate_groups=2
bit_fail_limit=1.00000000000000005551e-01
cascade_candidate_limit=1.00000000000000000000e+03
cascade_weight_multiplier=4.00000000000000022204e-01
cascade_activation_functions_count=10
cascade_activation_functions=3 5 7 8 10 11 14 15 16 17 
cascade_activation_steepnesses_count=4
cascade_activation_steepnesses=2.50000000000000000000e-01 5.00000000000000000000e-01 7.50000000000000000000e-01 1.00000000000000000000e+00 
layer_sizes=10 4 2 
scale_included=0
neurons (num_inputs, activation_function, activation_steepness)=(0, 0, 0.00000000000000000000e+00) (0, 0, 0.00000000000000000000e+00) (0, 0, 0.00000000000000000000e+00) (0, 0, 0.00000000000000000000e+00) (0, 0, 0.00000000000000000000e+00) (0, 0, 0.00000000000000000000e+00) (0, 0, 0.00000000000000000000e+00) (0, 0, 0.00000000000000000000e+00) (0, 0, 0.00000000000000000000e+00) (0, 0, 0.00000000000000000000e+00) (10, 6, 5.00000000000000000000e-01) (10, 6, 5.00000000000000000000e-01) (10, 6, 5.00000000000000000000e-01) (0, 6, 0.00000000000000000000e+00) (4, 4, 5.00000000000000000000e-01) (0, 4, 0.00000000000000000000e+00) 
connections (connected_to_neuron, weight)=(0, -9.59295466141801500548e-01) (1, 5.58118724909743058049e+00) (2, 1.68085454373951559415e-01) (3, 1.49859749958463905894e-01) (4, -6.35683015177330168477e-02) (5, 1.54041448337202124819e+00) (6, 3.63025370674892378098e-01) (7, 5.70317246479114281499e+00) (8, 9.44194383444474150124e-01) (9, -8.75955820073030244632e-02) (0, -3.40227914530338459986e-01) (1, 2.45625549974429624456e+00) (2, 1.05903589377992213283e-01) (3, -1.07739866055612271839e-02) (4, 3.27388383172388386377e-02) (5, 8.31327543732677143318e-01) (6, 3.06326154945343320790e-01) (7, 2.30349540757524939849e+00) (8, 3.82895566225296524188e-01) (9, -9.68182310650428784582e-02) (0, -1.49974646133781464030e+00) (1, 3.25820939041449264550e+01) (2, 9.54993400792350510820e-02) (3, -2.66144464913250555771e-01) (4, -5.76242992174275325823e-01) (5, 1.05428571460847586572e+00) (6, 1.20824704040061958743e+00) (7, 3.25393987916185096765e+01) (8, 1.43770176820525374950e+00) (9, -9.60796996906968292507e-01) (10, 3.41441140067852588746e-01) (11, 2.87165549141443821046e-01) (12, 3.25305410571171478296e+01) (13, -1.31102634886129543190e+00) 
