FANN_FLO_2.1
num_layers=3
learning_rate=0.700000
connection_rate=1.000000
network_type=0
learning_momentum=0.000000
training_algorithm=2
train_error_function=1
train_stop_function=1
cascade_output_change_fraction=0.010000
quickprop_decay=-0.000100
quickprop_mu=1.750000
rprop_increase_factor=1.200000
rprop_decrease_factor=0.500000
rprop_delta_min=0.000000
rprop_delta_max=50.000000
rprop_delta_zero=0.100000
cascade_output_stagnation_epochs=12
cascade_candidate_change_fraction=0.010000
cascade_candidate_stagnation_epochs=12
cascade_max_out_epochs=150
cascade_min_out_epochs=50
cascade_max_cand_epochs=150
cascade_min_cand_epochs=50
cascade_num_candidate_groups=2
bit_fail_limit=1.00000000000000005551e-01
cascade_candidate_limit=1.00000000000000000000e+03
cascade_weight_multiplier=4.00000000000000022204e-01
cascade_activation_functions_count=10
cascade_activation_functions=3 5 7 8 10 11 14 15 16 17 
cascade_activation_steepnesses_count=4
cascade_activation_steepnesses=2.50000000000000000000e-01 5.00000000000000000000e-01 7.50000000000000000000e-01 1.00000000000000000000e+00 
layer_sizes=10 4 2 
scale_included=0
neurons (num_inputs, activation_function, activation_steepness)=(0, 0, 0.00000000000000000000e+00) (0, 0, 0.00000000000000000000e+00) (0, 0, 0.00000000000000000000e+00) (0, 0, 0.00000000000000000000e+00) (0, 0, 0.00000000000000000000e+00) (0, 0, 0.00000000000000000000e+00) (0, 0, 0.00000000000000000000e+00) (0, 0, 0.00000000000000000000e+00) (0, 0, 0.00000000000000000000e+00) (0, 0, 0.00000000000000000000e+00) (10, 6, 5.00000000000000000000e-01) (10, 6, 5.00000000000000000000e-01) (10, 6, 5.00000000000000000000e-01) (0, 6, 0.00000000000000000000e+00) (4, 4, 5.00000000000000000000e-01) (0, 4, 0.00000000000000000000e+00) 
connections (connected_to_neuron, weight)=(0, 1.24599385308077925671e+00) (1, -4.66183881678306999419e+00) (2, 1.53722035374372373306e-01) (3, 6.72321078178619968568e-01) (4, 7.36714097611210316785e-01) (5, -4.74310881116115989897e+00) (6, 4.56745388272302488275e-01) (7, -4.75914685644829216216e+00) (8, 2.21393693974509947475e-01) (9, 1.25268048094561690320e+00) (0, -5.66227612025122728490e-01) (1, 8.60072114402633425279e-01) (2, 2.19475002540664820838e-01) (3, 1.25132527411374622206e-01) (4, 8.23187884695697202897e-02) (5, 7.27983564967494722886e-01) (6, -1.01770124028190619980e-01) (7, 9.03266915017944094224e-01) (8, 4.92653899033988346146e-02) (9, 5.90982903547454530013e-02) (0, -7.61604396826605523074e-01) (1, 8.26941664106230822640e-01) (2, 5.86006736697547103709e-01) (3, 1.33328068031387692027e-01) (4, 1.10502659364554001176e-01) (5, 8.26193961090426531868e-01) (6, 1.14645494926708724215e-01) (7, 7.72102276570181933479e-01) (8, 3.26328047958004074935e-01) (9, 6.17572358091798695456e-02) (10, -4.81680061884844246123e+00) (11, 2.44560003369452633182e-01) (12, 7.73818979622031388743e-01) (13, -8.38850847551249612088e-01) 
