FANN_FLO_2.1
num_layers=3
learning_rate=0.700000
connection_rate=1.000000
network_type=0
learning_momentum=0.000000
training_algorithm=2
train_error_function=1
train_stop_function=1
cascade_output_change_fraction=0.010000
quickprop_decay=-0.000100
quickprop_mu=1.750000
rprop_increase_factor=1.200000
rprop_decrease_factor=0.500000
rprop_delta_min=0.000000
rprop_delta_max=50.000000
rprop_delta_zero=0.100000
cascade_output_stagnation_epochs=12
cascade_candidate_change_fraction=0.010000
cascade_candidate_stagnation_epochs=12
cascade_max_out_epochs=150
cascade_min_out_epochs=50
cascade_max_cand_epochs=150
cascade_min_cand_epochs=50
cascade_num_candidate_groups=2
bit_fail_limit=1.00000000000000005551e-01
cascade_candidate_limit=1.00000000000000000000e+03
cascade_weight_multiplier=4.00000000000000022204e-01
cascade_activation_functions_count=10
cascade_activation_functions=3 5 7 8 10 11 14 15 16 17 
cascade_activation_steepnesses_count=4
cascade_activation_steepnesses=2.50000000000000000000e-01 5.00000000000000000000e-01 7.50000000000000000000e-01 1.00000000000000000000e+00 
layer_sizes=5 4 2 
scale_included=0
neurons (num_inputs, activation_function, activation_steepness)=(0, 0, 0.00000000000000000000e+00) (0, 0, 0.00000000000000000000e+00) (0, 0, 0.00000000000000000000e+00) (0, 0, 0.00000000000000000000e+00) (0, 0, 0.00000000000000000000e+00) (5, 6, 5.00000000000000000000e-01) (5, 6, 5.00000000000000000000e-01) (5, 6, 5.00000000000000000000e-01) (0, 6, 0.00000000000000000000e+00) (4, 4, 5.00000000000000000000e-01) (0, 4, 0.00000000000000000000e+00) 
connections (connected_to_neuron, weight)=(0, 1.59152838852884404020e+00) (1, 5.99283492694733688211e-01) (2, 9.31055622289234441347e-01) (3, 8.26787983709194262971e-01) (4, -3.29654046715986193128e-01) (0, 1.58978370097162358121e+00) (1, 6.21269045899746963357e-01) (2, 9.05814485738331010012e-01) (3, 9.70918224835016330232e-01) (4, -2.67389358402978838392e-01) (0, 2.85237637299420399017e+00) (1, 1.30146259483025961146e+00) (2, 1.50550393961974693369e+00) (3, 1.33203913999931922163e+00) (4, -2.13477667695812334259e+00) (5, 6.58567130869267991500e-01) (6, 6.38995185798047593551e-01) (7, 1.70521763615858077401e+01) (8, -1.91126187126533131355e+00) 
