FANN_FLO_2.1
num_layers=3
learning_rate=0.700000
connection_rate=1.000000
network_type=0
learning_momentum=0.000000
training_algorithm=2
train_error_function=1
train_stop_function=1
cascade_output_change_fraction=0.010000
quickprop_decay=-0.000100
quickprop_mu=1.750000
rprop_increase_factor=1.200000
rprop_decrease_factor=0.500000
rprop_delta_min=0.000000
rprop_delta_max=50.000000
rprop_delta_zero=0.100000
cascade_output_stagnation_epochs=12
cascade_candidate_change_fraction=0.010000
cascade_candidate_stagnation_epochs=12
cascade_max_out_epochs=150
cascade_min_out_epochs=50
cascade_max_cand_epochs=150
cascade_min_cand_epochs=50
cascade_num_candidate_groups=2
bit_fail_limit=1.00000000000000005551e-01
cascade_candidate_limit=1.00000000000000000000e+03
cascade_weight_multiplier=4.00000000000000022204e-01
cascade_activation_functions_count=10
cascade_activation_functions=3 5 7 8 10 11 14 15 16 17 
cascade_activation_steepnesses_count=4
cascade_activation_steepnesses=2.50000000000000000000e-01 5.00000000000000000000e-01 7.50000000000000000000e-01 1.00000000000000000000e+00 
layer_sizes=13 4 2 
scale_included=0
neurons (num_inputs, activation_function, activation_steepness)=(0, 0, 0.00000000000000000000e+00) (0, 0, 0.00000000000000000000e+00) (0, 0, 0.00000000000000000000e+00) (0, 0, 0.00000000000000000000e+00) (0, 0, 0.00000000000000000000e+00) (0, 0, 0.00000000000000000000e+00) (0, 0, 0.00000000000000000000e+00) (0, 0, 0.00000000000000000000e+00) (0, 0, 0.00000000000000000000e+00) (0, 0, 0.00000000000000000000e+00) (0, 0, 0.00000000000000000000e+00) (0, 0, 0.00000000000000000000e+00) (0, 0, 0.00000000000000000000e+00) (13, 6, 5.00000000000000000000e-01) (13, 6, 5.00000000000000000000e-01) (13, 6, 5.00000000000000000000e-01) (0, 6, 0.00000000000000000000e+00) (4, 4, 5.00000000000000000000e-01) (0, 4, 0.00000000000000000000e+00) 
connections (connected_to_neuron, weight)=(0, -8.30765258940904360863e-01) (1, 1.07624443922590740108e+00) (2, 1.63156149049087845215e-01) (3, 2.12099337941259930007e-01) (4, 1.51855759350315988598e+00) (5, 4.20501801302065603139e-01) (6, 2.93575577925337005691e-01) (7, -2.02560768157718923410e-01) (8, 4.06550026885176385427e-01) (9, 1.17829468820703353593e+00) (10, 2.40530485894118989387e-01) (11, 6.38714338094345412955e-01) (12, -1.02256260711927171592e+00) (0, -2.54120745302445882885e+00) (1, 1.41036122206651848288e+00) (2, 5.15191330028249794282e-01) (3, 9.54805748058057845995e-01) (4, 1.83011289423964762513e+00) (5, -2.08914264794587745122e-01) (6, 4.05841022691849795390e-01) (7, -2.86588466036886480026e+00) (8, 2.19743133451031491532e+00) (9, 2.51916698515615733456e+00) (10, -2.52263913639930370536e+00) (11, 4.33508404410778980242e-01) (12, -1.45278163422857065079e+00) (0, -1.14472290259466302764e+00) (1, 5.86095231739858890663e-01) (2, 2.30255184687738034821e-01) (3, 4.91335280570719790116e-01) (4, 3.05144266884602366474e+00) (5, -2.58246939457604674645e-03) (6, 2.72894789863980857803e-01) (7, -1.04545316954380362873e+00) (8, 9.71770150542807464866e-01) (9, 1.05288586445940013370e+00) (10, -4.31622742278467697030e-01) (11, 5.58594375144593868754e-01) (12, -7.03864964199321430094e-01) (13, 6.70910473992127887044e-01) (14, 3.25973674962050807835e+01) (15, 6.19574865353787984645e+00) (16, -1.88850712909493045899e+00) 
