FANN_FLO_2.1
num_layers=3
learning_rate=0.700000
connection_rate=1.000000
network_type=0
learning_momentum=0.000000
training_algorithm=2
train_error_function=1
train_stop_function=1
cascade_output_change_fraction=0.010000
quickprop_decay=-0.000100
quickprop_mu=1.750000
rprop_increase_factor=1.200000
rprop_decrease_factor=0.500000
rprop_delta_min=0.000000
rprop_delta_max=50.000000
rprop_delta_zero=0.100000
cascade_output_stagnation_epochs=12
cascade_candidate_change_fraction=0.010000
cascade_candidate_stagnation_epochs=12
cascade_max_out_epochs=150
cascade_min_out_epochs=50
cascade_max_cand_epochs=150
cascade_min_cand_epochs=50
cascade_num_candidate_groups=2
bit_fail_limit=1.00000000000000005551e-01
cascade_candidate_limit=1.00000000000000000000e+03
cascade_weight_multiplier=4.00000000000000022204e-01
cascade_activation_functions_count=10
cascade_activation_functions=3 5 7 8 10 11 14 15 16 17 
cascade_activation_steepnesses_count=4
cascade_activation_steepnesses=2.50000000000000000000e-01 5.00000000000000000000e-01 7.50000000000000000000e-01 1.00000000000000000000e+00 
layer_sizes=14 4 2 
scale_included=0
neurons (num_inputs, activation_function, activation_steepness)=(0, 0, 0.00000000000000000000e+00) (0, 0, 0.00000000000000000000e+00) (0, 0, 0.00000000000000000000e+00) (0, 0, 0.00000000000000000000e+00) (0, 0, 0.00000000000000000000e+00) (0, 0, 0.00000000000000000000e+00) (0, 0, 0.00000000000000000000e+00) (0, 0, 0.00000000000000000000e+00) (0, 0, 0.00000000000000000000e+00) (0, 0, 0.00000000000000000000e+00) (0, 0, 0.00000000000000000000e+00) (0, 0, 0.00000000000000000000e+00) (0, 0, 0.00000000000000000000e+00) (0, 0, 0.00000000000000000000e+00) (14, 6, 5.00000000000000000000e-01) (14, 6, 5.00000000000000000000e-01) (14, 6, 5.00000000000000000000e-01) (0, 6, 0.00000000000000000000e+00) (4, 4, 5.00000000000000000000e-01) (0, 4, 0.00000000000000000000e+00) 
connections (connected_to_neuron, weight)=(0, -9.94588524806320650740e-01) (1, 1.50000000000000000000e+03) (2, 1.61024597892361032159e+00) (3, 9.89559491755726328144e-01) (4, -9.52208856679225279507e-01) (5, 1.11027694587591643227e+01) (6, 1.95373466678824381226e-01) (7, 4.16563802357735823989e+00) (8, 1.50000000000000000000e+03) (9, 9.31883871741330138683e-01) (10, 1.50000000000000000000e+03) (11, 1.50000000000000000000e+03) (12, 1.85940011803763738385e+01) (13, -7.19268525725171192775e-01) (0, -1.69014967827814679424e+01) (1, 1.43442742366156858225e+03) (2, 8.89849832943882823599e+00) (3, 2.76349301749644293835e+00) (4, 8.40064673447555976260e-01) (5, 7.52543136784089661262e+00) (6, 1.16601812694400175374e-01) (7, -3.85203930171696684592e-01) (8, 1.43453866665623468180e+03) (9, 1.29615956299026335863e+00) (10, 1.43455944566986840982e+03) (11, 1.43453213833830636759e+03) (12, 6.80124734004347342164e+00) (13, -9.81377830429178366067e-01) (0, -2.58442532545465875060e+00) (1, 1.50000000000000000000e+03) (2, 1.93636718342804914350e+00) (3, 1.50221966778676119247e+01) (4, 7.14794007185748592192e-01) (5, -3.21565173779780799634e+00) (6, -2.14466279925222907954e-01) (7, -3.12231635280614172601e+00) (8, 1.50000000000000000000e+03) (9, 3.69635271768464024333e+00) (10, 1.50000000000000000000e+03) (11, 1.50000000000000000000e+03) (12, -3.75537686264681713766e+00) (13, -7.58417510364250979649e-01) (14, 6.13415409420226520609e+00) (15, 2.78772431292333333630e+00) (16, 3.02031312953858321890e+00) (17, -7.92995085918400910430e+00) 
