FANN_FLO_2.1
num_layers=3
learning_rate=0.700000
connection_rate=1.000000
network_type=0
learning_momentum=0.000000
training_algorithm=2
train_error_function=1
train_stop_function=1
cascade_output_change_fraction=0.010000
quickprop_decay=-0.000100
quickprop_mu=1.750000
rprop_increase_factor=1.200000
rprop_decrease_factor=0.500000
rprop_delta_min=0.000000
rprop_delta_max=50.000000
rprop_delta_zero=0.100000
cascade_output_stagnation_epochs=12
cascade_candidate_change_fraction=0.010000
cascade_candidate_stagnation_epochs=12
cascade_max_out_epochs=150
cascade_min_out_epochs=50
cascade_max_cand_epochs=150
cascade_min_cand_epochs=50
cascade_num_candidate_groups=2
bit_fail_limit=1.00000000000000005551e-01
cascade_candidate_limit=1.00000000000000000000e+03
cascade_weight_multiplier=4.00000000000000022204e-01
cascade_activation_functions_count=10
cascade_activation_functions=3 5 7 8 10 11 14 15 16 17 
cascade_activation_steepnesses_count=4
cascade_activation_steepnesses=2.50000000000000000000e-01 5.00000000000000000000e-01 7.50000000000000000000e-01 1.00000000000000000000e+00 
layer_sizes=8 4 2 
scale_included=0
neurons (num_inputs, activation_function, activation_steepness)=(0, 0, 0.00000000000000000000e+00) (0, 0, 0.00000000000000000000e+00) (0, 0, 0.00000000000000000000e+00) (0, 0, 0.00000000000000000000e+00) (0, 0, 0.00000000000000000000e+00) (0, 0, 0.00000000000000000000e+00) (0, 0, 0.00000000000000000000e+00) (0, 0, 0.00000000000000000000e+00) (8, 6, 5.00000000000000000000e-01) (8, 6, 5.00000000000000000000e-01) (8, 6, 5.00000000000000000000e-01) (0, 6, 0.00000000000000000000e+00) (4, 4, 5.00000000000000000000e-01) (0, 4, 0.00000000000000000000e+00) 
connections (connected_to_neuron, weight)=(0, -2.82962661883270127916e-01) (1, -3.30661775234848076543e-01) (2, 3.20910057559215333711e+00) (3, 3.31092670103544484128e-01) (4, 3.65990172670594882121e+00) (5, 9.51603103480313794460e-02) (6, -2.43124211297788356267e-01) (7, -3.76092922824421749262e-01) (0, 7.47557275385953734492e-01) (1, -1.47500192411309094531e+00) (2, -8.24155716243074154548e-01) (3, -8.40325800994336846728e-01) (4, -7.46379780984632978935e-01) (5, -1.44416348104739244995e-01) (6, 6.99689438794928397769e-01) (7, 1.17792719683692004295e+00) (0, 5.83350773396135724447e-01) (1, -1.42534231431847380200e+00) (2, -7.54940060916231003851e-01) (3, -7.76424503246248232102e-01) (4, -8.13455890334360387506e-01) (5, -1.10192210440897983559e-01) (6, 5.76141035412627289247e-01) (7, 1.17997872538015391441e+00) (8, 7.50106648456470903596e-01) (9, -2.36893292366311385422e+01) (10, -9.80684425108821677952e+00) (11, -3.28291781342896760165e+00) 
