FANN_FLO_2.1
num_layers=3
learning_rate=0.700000
connection_rate=1.000000
network_type=0
learning_momentum=0.000000
training_algorithm=2
train_error_function=1
train_stop_function=1
cascade_output_change_fraction=0.010000
quickprop_decay=-0.000100
quickprop_mu=1.750000
rprop_increase_factor=1.200000
rprop_decrease_factor=0.500000
rprop_delta_min=0.000000
rprop_delta_max=50.000000
rprop_delta_zero=0.100000
cascade_output_stagnation_epochs=12
cascade_candidate_change_fraction=0.010000
cascade_candidate_stagnation_epochs=12
cascade_max_out_epochs=150
cascade_min_out_epochs=50
cascade_max_cand_epochs=150
cascade_min_cand_epochs=50
cascade_num_candidate_groups=2
bit_fail_limit=1.00000000000000005551e-01
cascade_candidate_limit=1.00000000000000000000e+03
cascade_weight_multiplier=4.00000000000000022204e-01
cascade_activation_functions_count=10
cascade_activation_functions=3 5 7 8 10 11 14 15 16 17 
cascade_activation_steepnesses_count=4
cascade_activation_steepnesses=2.50000000000000000000e-01 5.00000000000000000000e-01 7.50000000000000000000e-01 1.00000000000000000000e+00 
layer_sizes=15 4 2 
scale_included=0
neurons (num_inputs, activation_function, activation_steepness)=(0, 0, 0.00000000000000000000e+00) (0, 0, 0.00000000000000000000e+00) (0, 0, 0.00000000000000000000e+00) (0, 0, 0.00000000000000000000e+00) (0, 0, 0.00000000000000000000e+00) (0, 0, 0.00000000000000000000e+00) (0, 0, 0.00000000000000000000e+00) (0, 0, 0.00000000000000000000e+00) (0, 0, 0.00000000000000000000e+00) (0, 0, 0.00000000000000000000e+00) (0, 0, 0.00000000000000000000e+00) (0, 0, 0.00000000000000000000e+00) (0, 0, 0.00000000000000000000e+00) (0, 0, 0.00000000000000000000e+00) (0, 0, 0.00000000000000000000e+00) (15, 6, 5.00000000000000000000e-01) (15, 6, 5.00000000000000000000e-01) (15, 6, 5.00000000000000000000e-01) (0, 6, 0.00000000000000000000e+00) (4, 4, 5.00000000000000000000e-01) (0, 4, 0.00000000000000000000e+00) 
connections (connected_to_neuron, weight)=(0, 1.15818691797326156490e+01) (1, -3.53420985285361188843e+00) (2, -1.86128318957030902681e+00) (3, 7.59526152455925807061e-01) (4, 3.51773681000472571156e-01) (5, 9.40111097108890847451e-01) (6, 7.40089502477764948907e-01) (7, 4.85869963031699936273e-01) (8, -3.05811247561779742110e-01) (9, -1.90090535572092633743e+00) (10, 2.27044135735570529189e-01) (11, 1.35816800710107354888e+01) (12, -1.81530132880728345413e+00) (13, -1.83476509144823651809e+00) (14, 1.33906665671232261161e+00) (0, -2.12000093026794100837e+00) (1, 1.14607551695956777493e+00) (2, 5.58138025323083875051e-01) (3, 1.90090548045744212047e-01) (4, 6.36084813658632119981e-01) (5, 2.49958821131158748230e-02) (6, 1.55820663817037935450e-01) (7, 1.11915166763224216417e-01) (8, 7.32985734289421930754e-01) (9, 5.00889919396600991064e-01) (10, 4.00833298903631563004e-01) (11, -7.03823394532078761010e-01) (12, 4.92845341261587355230e-01) (13, 5.88325068052969135657e-01) (14, -6.03098898421893792055e-01) (0, -9.12334073692452562909e+00) (1, 1.96356647467034006738e+00) (2, 9.84884004950805969081e-01) (3, 1.16541308387703157479e-02) (4, 4.11677797776388521012e-01) (5, 1.16992773954187112562e-01) (6, -7.81196383390960619186e-03) (7, 3.29818423816124139947e-01) (8, 4.43794210892843599137e-01) (9, 1.10304804082851659608e+00) (10, 1.45280026493399816445e+00) (11, -3.94014220035682871668e+00) (12, 1.10426066007356893373e+00) (13, 1.14468729432564031434e+00) (14, -2.14227029719000761077e-01) (15, -8.17661802556591865709e+00) (16, 5.51443242975791569904e+00) (17, 1.17284369848123182223e+00) (18, -6.45503480008241758981e-01) 
