FANN_FLO_2.1
num_layers=3
learning_rate=0.700000
connection_rate=1.000000
network_type=0
learning_momentum=0.000000
training_algorithm=2
train_error_function=1
train_stop_function=1
cascade_output_change_fraction=0.010000
quickprop_decay=-0.000100
quickprop_mu=1.750000
rprop_increase_factor=1.200000
rprop_decrease_factor=0.500000
rprop_delta_min=0.000000
rprop_delta_max=50.000000
rprop_delta_zero=0.100000
cascade_output_stagnation_epochs=12
cascade_candidate_change_fraction=0.010000
cascade_candidate_stagnation_epochs=12
cascade_max_out_epochs=150
cascade_min_out_epochs=50
cascade_max_cand_epochs=150
cascade_min_cand_epochs=50
cascade_num_candidate_groups=2
bit_fail_limit=1.00000000000000005551e-01
cascade_candidate_limit=1.00000000000000000000e+03
cascade_weight_multiplier=4.00000000000000022204e-01
cascade_activation_functions_count=10
cascade_activation_functions=3 5 7 8 10 11 14 15 16 17 
cascade_activation_steepnesses_count=4
cascade_activation_steepnesses=2.50000000000000000000e-01 5.00000000000000000000e-01 7.50000000000000000000e-01 1.00000000000000000000e+00 
layer_sizes=7 4 2 
scale_included=0
neurons (num_inputs, activation_function, activation_steepness)=(0, 0, 0.00000000000000000000e+00) (0, 0, 0.00000000000000000000e+00) (0, 0, 0.00000000000000000000e+00) (0, 0, 0.00000000000000000000e+00) (0, 0, 0.00000000000000000000e+00) (0, 0, 0.00000000000000000000e+00) (0, 0, 0.00000000000000000000e+00) (7, 6, 5.00000000000000000000e-01) (7, 6, 5.00000000000000000000e-01) (7, 6, 5.00000000000000000000e-01) (0, 6, 0.00000000000000000000e+00) (4, 4, 5.00000000000000000000e-01) (0, 4, 0.00000000000000000000e+00) 
connections (connected_to_neuron, weight)=(0, -5.16125091525149626293e-01) (1, 1.75889450890637144553e+00) (2, 7.61197610486847531241e-01) (3, 6.12920791536371023511e-01) (4, 8.61682054632412625095e-02) (5, 5.08742756672499574222e-01) (6, -6.10332969278447823314e-01) (0, -1.48583599708674163331e+00) (1, 2.35092419986962619660e+00) (2, 2.46199317565097430816e+00) (3, 2.61727066857213186424e+00) (4, 1.48215279763357643539e+00) (5, 1.43689606373922829086e+00) (6, -2.33418838748097590141e+00) (0, -5.65274157734942717113e-01) (1, 1.77158993316508039939e+00) (2, 7.70783382196528088492e-01) (3, 7.11436883240739614820e-01) (4, 1.74132429812022843096e-01) (5, 2.97144532952377027346e-01) (6, -5.49403309524410077280e-01) (7, 5.17442804606289996627e-01) (8, 1.33303320503138245101e+01) (9, 5.45224365623326212571e-01) (10, -2.00907329730352302022e+00) 
