FANN_FLO_2.1
num_layers=3
learning_rate=0.700000
connection_rate=1.000000
network_type=0
learning_momentum=0.000000
training_algorithm=2
train_error_function=1
train_stop_function=1
cascade_output_change_fraction=0.010000
quickprop_decay=-0.000100
quickprop_mu=1.750000
rprop_increase_factor=1.200000
rprop_decrease_factor=0.500000
rprop_delta_min=0.000000
rprop_delta_max=50.000000
rprop_delta_zero=0.100000
cascade_output_stagnation_epochs=12
cascade_candidate_change_fraction=0.010000
cascade_candidate_stagnation_epochs=12
cascade_max_out_epochs=150
cascade_min_out_epochs=50
cascade_max_cand_epochs=150
cascade_min_cand_epochs=50
cascade_num_candidate_groups=2
bit_fail_limit=1.00000000000000005551e-01
cascade_candidate_limit=1.00000000000000000000e+03
cascade_weight_multiplier=4.00000000000000022204e-01
cascade_activation_functions_count=10
cascade_activation_functions=3 5 7 8 10 11 14 15 16 17 
cascade_activation_steepnesses_count=4
cascade_activation_steepnesses=2.50000000000000000000e-01 5.00000000000000000000e-01 7.50000000000000000000e-01 1.00000000000000000000e+00 
layer_sizes=7 4 2 
scale_included=0
neurons (num_inputs, activation_function, activation_steepness)=(0, 0, 0.00000000000000000000e+00) (0, 0, 0.00000000000000000000e+00) (0, 0, 0.00000000000000000000e+00) (0, 0, 0.00000000000000000000e+00) (0, 0, 0.00000000000000000000e+00) (0, 0, 0.00000000000000000000e+00) (0, 0, 0.00000000000000000000e+00) (7, 6, 5.00000000000000000000e-01) (7, 6, 5.00000000000000000000e-01) (7, 6, 5.00000000000000000000e-01) (0, 6, 0.00000000000000000000e+00) (4, 4, 5.00000000000000000000e-01) (0, 4, 0.00000000000000000000e+00) 
connections (connected_to_neuron, weight)=(0, 3.78974083997173014082e-02) (1, 1.16074084200715099691e+00) (2, 6.41836331538330417956e-01) (3, 8.39237440017575192508e-02) (4, 9.73954168886601689969e-01) (5, 4.61399873923178738266e+00) (6, -2.51395004288078594001e-01) (0, 1.01265502421084807594e+00) (1, -1.47765105379540528929e+00) (2, -1.45262608821403449433e+00) (3, 3.66882504702401690544e-01) (4, -1.54913301583690898866e+00) (5, -1.45943957714821026528e+00) (6, 1.34502752832123229076e+00) (0, 7.12522197700900944417e-02) (1, 1.24430288829659496663e+00) (2, 5.78989566616188389148e-01) (3, 6.19884747651928830203e-02) (4, 8.33289539248406652128e-01) (5, 4.67639919947501248032e+00) (6, -6.77096059187739629515e-01) (7, 1.10551339216790234232e+00) (8, -2.49657227722841881246e+01) (9, 1.09661512650809322977e+00) (10, -1.92275507294745140463e+00) 
