FANN_FLO_2.1
num_layers=3
learning_rate=0.700000
connection_rate=1.000000
network_type=0
learning_momentum=0.000000
training_algorithm=2
train_error_function=1
train_stop_function=1
cascade_output_change_fraction=0.010000
quickprop_decay=-0.000100
quickprop_mu=1.750000
rprop_increase_factor=1.200000
rprop_decrease_factor=0.500000
rprop_delta_min=0.000000
rprop_delta_max=50.000000
rprop_delta_zero=0.100000
cascade_output_stagnation_epochs=12
cascade_candidate_change_fraction=0.010000
cascade_candidate_stagnation_epochs=12
cascade_max_out_epochs=150
cascade_min_out_epochs=50
cascade_max_cand_epochs=150
cascade_min_cand_epochs=50
cascade_num_candidate_groups=2
bit_fail_limit=1.00000000000000005551e-01
cascade_candidate_limit=1.00000000000000000000e+03
cascade_weight_multiplier=4.00000000000000022204e-01
cascade_activation_functions_count=10
cascade_activation_functions=3 5 7 8 10 11 14 15 16 17 
cascade_activation_steepnesses_count=4
cascade_activation_steepnesses=2.50000000000000000000e-01 5.00000000000000000000e-01 7.50000000000000000000e-01 1.00000000000000000000e+00 
layer_sizes=15 4 2 
scale_included=0
neurons (num_inputs, activation_function, activation_steepness)=(0, 0, 0.00000000000000000000e+00) (0, 0, 0.00000000000000000000e+00) (0, 0, 0.00000000000000000000e+00) (0, 0, 0.00000000000000000000e+00) (0, 0, 0.00000000000000000000e+00) (0, 0, 0.00000000000000000000e+00) (0, 0, 0.00000000000000000000e+00) (0, 0, 0.00000000000000000000e+00) (0, 0, 0.00000000000000000000e+00) (0, 0, 0.00000000000000000000e+00) (0, 0, 0.00000000000000000000e+00) (0, 0, 0.00000000000000000000e+00) (0, 0, 0.00000000000000000000e+00) (0, 0, 0.00000000000000000000e+00) (0, 0, 0.00000000000000000000e+00) (15, 6, 5.00000000000000000000e-01) (15, 6, 5.00000000000000000000e-01) (15, 6, 5.00000000000000000000e-01) (0, 6, 0.00000000000000000000e+00) (4, 4, 5.00000000000000000000e-01) (0, 4, 0.00000000000000000000e+00) 
connections (connected_to_neuron, weight)=(0, -1.83909429906569030777e+01) (1, 2.42396148489612350829e+00) (2, 1.09589317794899820946e+00) (3, 6.96664135441611875876e-01) (4, 5.00750916028691950288e+00) (5, 8.38335087902575548657e-02) (6, 4.99054822304687384360e+00) (7, 1.01801358760121446467e-01) (8, 2.23669605216237199485e+00) (9, -3.64800512449383218527e-01) (10, 4.96036690543412195353e+00) (11, -1.54801469657852130979e+00) (12, -1.72564914681077263836e+00) (13, -2.42120076285610874578e+00) (14, -9.56147655801189572111e-02) (0, 1.53637236184047214493e+01) (1, -4.37773717835232645257e+00) (2, 1.50463995569912800665e-01) (3, 7.85298511145407163170e-01) (4, -1.60917530243702922021e+00) (5, -8.13737885263025317872e-02) (6, -1.93261550958315853066e+00) (7, -4.08794881012498612094e-02) (8, -4.80294701911521570992e+00) (9, 1.23574221697898600780e+00) (10, -2.21052809198443434013e+00) (11, 1.37051536703960108454e+00) (12, 1.21365672942098012932e+00) (13, 1.59143396782208723650e+00) (14, 6.10626272058944485899e-01) (0, -2.57168381502688481177e+00) (1, 4.55950888268479126442e-01) (2, 2.13818283370415240796e+00) (3, 2.87217392206503996377e-01) (4, 1.93912911512949404091e+00) (5, 5.08911914524397790416e+00) (6, 2.65895764079506546906e+00) (7, 5.06292189803681491611e+00) (8, 1.98758854237069348958e-01) (9, -7.19052181829490821841e-01) (10, 1.99059884342103132759e+00) (11, 1.06136369288417031775e+00) (12, -9.75903235363872312291e+00) (13, -9.23240718329411680365e-01) (14, -3.35016974434649228431e-01) (15, 1.49333878005765861019e+01) (16, -5.43719270507458851682e+00) (17, 1.07158051712757740326e+00) (18, -8.61407024133611920469e-01) 
