FANN_FLO_2.1
num_layers=3
learning_rate=0.700000
connection_rate=1.000000
network_type=0
learning_momentum=0.000000
training_algorithm=2
train_error_function=1
train_stop_function=1
cascade_output_change_fraction=0.010000
quickprop_decay=-0.000100
quickprop_mu=1.750000
rprop_increase_factor=1.200000
rprop_decrease_factor=0.500000
rprop_delta_min=0.000000
rprop_delta_max=50.000000
rprop_delta_zero=0.100000
cascade_output_stagnation_epochs=12
cascade_candidate_change_fraction=0.010000
cascade_candidate_stagnation_epochs=12
cascade_max_out_epochs=150
cascade_min_out_epochs=50
cascade_max_cand_epochs=150
cascade_min_cand_epochs=50
cascade_num_candidate_groups=2
bit_fail_limit=1.00000000000000005551e-01
cascade_candidate_limit=1.00000000000000000000e+03
cascade_weight_multiplier=4.00000000000000022204e-01
cascade_activation_functions_count=10
cascade_activation_functions=3 5 7 8 10 11 14 15 16 17 
cascade_activation_steepnesses_count=4
cascade_activation_steepnesses=2.50000000000000000000e-01 5.00000000000000000000e-01 7.50000000000000000000e-01 1.00000000000000000000e+00 
layer_sizes=7 4 2 
scale_included=0
neurons (num_inputs, activation_function, activation_steepness)=(0, 0, 0.00000000000000000000e+00) (0, 0, 0.00000000000000000000e+00) (0, 0, 0.00000000000000000000e+00) (0, 0, 0.00000000000000000000e+00) (0, 0, 0.00000000000000000000e+00) (0, 0, 0.00000000000000000000e+00) (0, 0, 0.00000000000000000000e+00) (7, 6, 5.00000000000000000000e-01) (7, 6, 5.00000000000000000000e-01) (7, 6, 5.00000000000000000000e-01) (0, 6, 0.00000000000000000000e+00) (4, 4, 5.00000000000000000000e-01) (0, 4, 0.00000000000000000000e+00) 
connections (connected_to_neuron, weight)=(0, -2.19099840444251958704e-01) (1, 2.39357701875527473234e+00) (2, 2.64406658949542239245e-01) (3, 3.27808530783622975591e+00) (4, 9.26282679399142161447e-02) (5, -5.11969876671959811532e-01) (6, -3.03340925198718969202e-01) (0, -3.59008761264616060860e-01) (1, 1.14433120784506425771e+00) (2, 7.53499069437828739026e-01) (3, 7.48071858229977593169e+00) (4, 1.02502434804638553612e-02) (5, -1.28968490018360215643e+00) (6, -4.78950122513109310951e-01) (0, -6.70460535434168169999e-01) (1, 2.01523095099289895060e+00) (2, 9.27943835283240758827e-01) (3, 1.85780205356063810029e+01) (4, -3.00934567911875339163e-01) (5, -3.32141598164395013271e+00) (6, -1.26732568809343426608e+00) (7, 4.49103640414764027078e-01) (8, 1.19585189091112886750e+00) (9, 8.70425713004840240217e+00) (10, -1.67633690444452199131e+00) 
