FANN_FLO_2.1
num_layers=3
learning_rate=0.700000
connection_rate=1.000000
network_type=0
learning_momentum=0.000000
training_algorithm=2
train_error_function=1
train_stop_function=1
cascade_output_change_fraction=0.010000
quickprop_decay=-0.000100
quickprop_mu=1.750000
rprop_increase_factor=1.200000
rprop_decrease_factor=0.500000
rprop_delta_min=0.000000
rprop_delta_max=50.000000
rprop_delta_zero=0.100000
cascade_output_stagnation_epochs=12
cascade_candidate_change_fraction=0.010000
cascade_candidate_stagnation_epochs=12
cascade_max_out_epochs=150
cascade_min_out_epochs=50
cascade_max_cand_epochs=150
cascade_min_cand_epochs=50
cascade_num_candidate_groups=2
bit_fail_limit=1.00000000000000005551e-01
cascade_candidate_limit=1.00000000000000000000e+03
cascade_weight_multiplier=4.00000000000000022204e-01
cascade_activation_functions_count=10
cascade_activation_functions=3 5 7 8 10 11 14 15 16 17 
cascade_activation_steepnesses_count=4
cascade_activation_steepnesses=2.50000000000000000000e-01 5.00000000000000000000e-01 7.50000000000000000000e-01 1.00000000000000000000e+00 
layer_sizes=6 4 2 
scale_included=0
neurons (num_inputs, activation_function, activation_steepness)=(0, 0, 0.00000000000000000000e+00) (0, 0, 0.00000000000000000000e+00) (0, 0, 0.00000000000000000000e+00) (0, 0, 0.00000000000000000000e+00) (0, 0, 0.00000000000000000000e+00) (0, 0, 0.00000000000000000000e+00) (6, 6, 5.00000000000000000000e-01) (6, 6, 5.00000000000000000000e-01) (6, 6, 5.00000000000000000000e-01) (0, 6, 0.00000000000000000000e+00) (4, 4, 5.00000000000000000000e-01) (0, 4, 0.00000000000000000000e+00) 
connections (connected_to_neuron, weight)=(0, -3.42837694065683340483e+00) (1, 2.42014188633012716778e+00) (2, -7.52826500339680571017e-02) (3, -4.36852573890481321595e-02) (4, -4.55444508528215108445e-01) (5, -4.83872019981843648484e-01) (0, -1.04412457961877613855e+00) (1, 1.06858171897254927707e+00) (2, 6.39247236546125058299e-02) (3, -4.83958979286356998084e-03) (4, -1.23566726196185763809e-01) (5, -8.23617661833497410884e-02) (0, 3.60498698901684111462e+00) (1, -1.41202535787454541705e+00) (2, 4.01726256825519656424e-01) (3, 5.44740643121791934256e-01) (4, 8.15652825293140981699e-01) (5, 9.12676394340592000987e-01) (6, 9.07792806744964941856e+00) (7, 3.68830473842504069637e+00) (8, -8.64685100220509461622e+00) (9, -2.66692513285811838575e-01) 
