FANN_FLO_2.1
num_layers=3
learning_rate=0.700000
connection_rate=1.000000
network_type=0
learning_momentum=0.000000
training_algorithm=2
train_error_function=1
train_stop_function=1
cascade_output_change_fraction=0.010000
quickprop_decay=-0.000100
quickprop_mu=1.750000
rprop_increase_factor=1.200000
rprop_decrease_factor=0.500000
rprop_delta_min=0.000000
rprop_delta_max=50.000000
rprop_delta_zero=0.100000
cascade_output_stagnation_epochs=12
cascade_candidate_change_fraction=0.010000
cascade_candidate_stagnation_epochs=12
cascade_max_out_epochs=150
cascade_min_out_epochs=50
cascade_max_cand_epochs=150
cascade_min_cand_epochs=50
cascade_num_candidate_groups=2
bit_fail_limit=1.00000000000000005551e-01
cascade_candidate_limit=1.00000000000000000000e+03
cascade_weight_multiplier=4.00000000000000022204e-01
cascade_activation_functions_count=10
cascade_activation_functions=3 5 7 8 10 11 14 15 16 17 
cascade_activation_steepnesses_count=4
cascade_activation_steepnesses=2.50000000000000000000e-01 5.00000000000000000000e-01 7.50000000000000000000e-01 1.00000000000000000000e+00 
layer_sizes=7 4 2 
scale_included=0
neurons (num_inputs, activation_function, activation_steepness)=(0, 0, 0.00000000000000000000e+00) (0, 0, 0.00000000000000000000e+00) (0, 0, 0.00000000000000000000e+00) (0, 0, 0.00000000000000000000e+00) (0, 0, 0.00000000000000000000e+00) (0, 0, 0.00000000000000000000e+00) (0, 0, 0.00000000000000000000e+00) (7, 6, 5.00000000000000000000e-01) (7, 6, 5.00000000000000000000e-01) (7, 6, 5.00000000000000000000e-01) (0, 6, 0.00000000000000000000e+00) (4, 4, 5.00000000000000000000e-01) (0, 4, 0.00000000000000000000e+00) 
connections (connected_to_neuron, weight)=(0, 3.31206720108888574838e-01) (1, -4.44517559093730585396e-01) (2, -4.13063752328154398796e-01) (3, -2.64788919594386273904e-01) (4, -1.98107118089144829121e-01) (5, 1.32445787216664057073e-01) (6, 3.38662168556466691705e-01) (0, 1.83605479923532222131e+01) (1, -5.19513367546521287466e+00) (2, -1.24031159722448003357e+00) (3, -2.49474503564746008522e+00) (4, -2.10898233524233091885e+00) (5, 5.21590226292385938933e-01) (6, 6.22942023827654511869e-01) (0, -1.24184197526248052412e+00) (1, 4.08124976655381210833e+00) (2, -7.99523308690625045259e-02) (3, 1.86901584167370571343e-01) (4, 1.12134560205825031809e-01) (5, -9.83083118729704663608e-01) (6, -1.10258233010082751235e+00) (7, -4.45922949340346819191e-01) (8, -4.05436299614574657824e+00) (9, 2.29478807673913198784e+00) (10, -1.92082730052596906134e+00) 
