FANN_FLO_2.1
num_layers=3
learning_rate=0.700000
connection_rate=1.000000
network_type=0
learning_momentum=0.000000
training_algorithm=2
train_error_function=1
train_stop_function=1
cascade_output_change_fraction=0.010000
quickprop_decay=-0.000100
quickprop_mu=1.750000
rprop_increase_factor=1.200000
rprop_decrease_factor=0.500000
rprop_delta_min=0.000000
rprop_delta_max=50.000000
rprop_delta_zero=0.100000
cascade_output_stagnation_epochs=12
cascade_candidate_change_fraction=0.010000
cascade_candidate_stagnation_epochs=12
cascade_max_out_epochs=150
cascade_min_out_epochs=50
cascade_max_cand_epochs=150
cascade_min_cand_epochs=50
cascade_num_candidate_groups=2
bit_fail_limit=1.00000000000000005551e-01
cascade_candidate_limit=1.00000000000000000000e+03
cascade_weight_multiplier=4.00000000000000022204e-01
cascade_activation_functions_count=10
cascade_activation_functions=3 5 7 8 10 11 14 15 16 17 
cascade_activation_steepnesses_count=4
cascade_activation_steepnesses=2.50000000000000000000e-01 5.00000000000000000000e-01 7.50000000000000000000e-01 1.00000000000000000000e+00 
layer_sizes=7 4 2 
scale_included=0
neurons (num_inputs, activation_function, activation_steepness)=(0, 0, 0.00000000000000000000e+00) (0, 0, 0.00000000000000000000e+00) (0, 0, 0.00000000000000000000e+00) (0, 0, 0.00000000000000000000e+00) (0, 0, 0.00000000000000000000e+00) (0, 0, 0.00000000000000000000e+00) (0, 0, 0.00000000000000000000e+00) (7, 6, 5.00000000000000000000e-01) (7, 6, 5.00000000000000000000e-01) (7, 6, 5.00000000000000000000e-01) (0, 6, 0.00000000000000000000e+00) (4, 4, 5.00000000000000000000e-01) (0, 4, 0.00000000000000000000e+00) 
connections (connected_to_neuron, weight)=(0, 1.41717453569181417450e+00) (1, -1.46714123661781314922e+00) (2, -1.16216241918483675910e+00) (3, -5.52696308249795320577e-01) (4, -1.55617947144810342408e+00) (5, -1.46819362482857096452e+00) (6, 1.35398852348335241302e+00) (0, 7.10791310142653842696e-02) (1, 5.26631553083070969024e-01) (2, 9.69906173748772970633e-02) (3, 6.49377869132593960044e-02) (4, 1.24396057749009525395e+00) (5, 1.52652428465271539082e+00) (6, -1.67997300099851573640e-02) (0, 6.72332468103542246762e-02) (1, 5.43502705650935169501e-01) (2, 1.58147040466765420597e-01) (3, 1.12918066835744429488e-01) (4, 1.13939632663464696094e+00) (5, 1.36655560167932810245e+00) (6, 1.27354753542417882539e-02) (7, -3.12421209420277534718e+01) (8, 1.81085562702187924389e-01) (9, 3.89898762500441364853e-01) (10, -9.99514785118071458214e-01) 
