FANN_FLO_2.1
num_layers=3
learning_rate=0.700000
connection_rate=1.000000
network_type=0
learning_momentum=0.000000
training_algorithm=2
train_error_function=1
train_stop_function=1
cascade_output_change_fraction=0.010000
quickprop_decay=-0.000100
quickprop_mu=1.750000
rprop_increase_factor=1.200000
rprop_decrease_factor=0.500000
rprop_delta_min=0.000000
rprop_delta_max=50.000000
rprop_delta_zero=0.100000
cascade_output_stagnation_epochs=12
cascade_candidate_change_fraction=0.010000
cascade_candidate_stagnation_epochs=12
cascade_max_out_epochs=150
cascade_min_out_epochs=50
cascade_max_cand_epochs=150
cascade_min_cand_epochs=50
cascade_num_candidate_groups=2
bit_fail_limit=1.00000000000000005551e-01
cascade_candidate_limit=1.00000000000000000000e+03
cascade_weight_multiplier=4.00000000000000022204e-01
cascade_activation_functions_count=10
cascade_activation_functions=3 5 7 8 10 11 14 15 16 17 
cascade_activation_steepnesses_count=4
cascade_activation_steepnesses=2.50000000000000000000e-01 5.00000000000000000000e-01 7.50000000000000000000e-01 1.00000000000000000000e+00 
layer_sizes=7 4 2 
scale_included=0
neurons (num_inputs, activation_function, activation_steepness)=(0, 0, 0.00000000000000000000e+00) (0, 0, 0.00000000000000000000e+00) (0, 0, 0.00000000000000000000e+00) (0, 0, 0.00000000000000000000e+00) (0, 0, 0.00000000000000000000e+00) (0, 0, 0.00000000000000000000e+00) (0, 0, 0.00000000000000000000e+00) (7, 6, 5.00000000000000000000e-01) (7, 6, 5.00000000000000000000e-01) (7, 6, 5.00000000000000000000e-01) (0, 6, 0.00000000000000000000e+00) (4, 4, 5.00000000000000000000e-01) (0, 4, 0.00000000000000000000e+00) 
connections (connected_to_neuron, weight)=(0, -9.68201196718401213559e+00) (1, 4.60861809384100418185e+00) (2, 2.00584584502733109801e+00) (3, 5.09079950264263100812e-02) (4, 3.95767659931651571981e+00) (5, 7.94493728110697017275e-02) (6, -1.82207602892954168006e+00) (0, -1.14163717705368683575e+00) (1, 1.34873652615804107135e+00) (2, 5.01658033917950829661e-01) (3, 2.37318883763973850765e-02) (4, 6.22549103110840107433e-01) (5, -1.11837493674640547914e-01) (6, -7.41027169017438924747e-01) (0, -3.56756057805154569440e-01) (1, 6.76299892511338152090e-01) (2, 3.50771284134711480718e-01) (3, 1.96892822033685549465e-01) (4, 3.16028921337451251805e-01) (5, 1.56400165693552889445e-01) (6, -3.03430996395669172472e-01) (7, 4.12279668094134521539e+00) (8, 8.34589545179884595427e+00) (9, 2.82298742588984852286e-01) (10, -2.63251228576787443814e+00) 
