FANN_FLO_2.1
num_layers=3
learning_rate=0.700000
connection_rate=1.000000
network_type=0
learning_momentum=0.000000
training_algorithm=2
train_error_function=1
train_stop_function=1
cascade_output_change_fraction=0.010000
quickprop_decay=-0.000100
quickprop_mu=1.750000
rprop_increase_factor=1.200000
rprop_decrease_factor=0.500000
rprop_delta_min=0.000000
rprop_delta_max=50.000000
rprop_delta_zero=0.100000
cascade_output_stagnation_epochs=12
cascade_candidate_change_fraction=0.010000
cascade_candidate_stagnation_epochs=12
cascade_max_out_epochs=150
cascade_min_out_epochs=50
cascade_max_cand_epochs=150
cascade_min_cand_epochs=50
cascade_num_candidate_groups=2
bit_fail_limit=1.00000000000000005551e-01
cascade_candidate_limit=1.00000000000000000000e+03
cascade_weight_multiplier=4.00000000000000022204e-01
cascade_activation_functions_count=10
cascade_activation_functions=3 5 7 8 10 11 14 15 16 17 
cascade_activation_steepnesses_count=4
cascade_activation_steepnesses=2.50000000000000000000e-01 5.00000000000000000000e-01 7.50000000000000000000e-01 1.00000000000000000000e+00 
layer_sizes=6 4 2 
scale_included=0
neurons (num_inputs, activation_function, activation_steepness)=(0, 0, 0.00000000000000000000e+00) (0, 0, 0.00000000000000000000e+00) (0, 0, 0.00000000000000000000e+00) (0, 0, 0.00000000000000000000e+00) (0, 0, 0.00000000000000000000e+00) (0, 0, 0.00000000000000000000e+00) (6, 6, 5.00000000000000000000e-01) (6, 6, 5.00000000000000000000e-01) (6, 6, 5.00000000000000000000e-01) (0, 6, 0.00000000000000000000e+00) (4, 4, 5.00000000000000000000e-01) (0, 4, 0.00000000000000000000e+00) 
connections (connected_to_neuron, weight)=(0, 3.23791572520823933701e+00) (1, 1.02888666984006271754e+00) (2, 1.21181076577114921200e+00) (3, 1.50000000000000000000e+03) (4, 2.54669134899363776015e+01) (5, -1.92360689854982380709e+00) (0, 8.89531335469526451831e-01) (1, -9.62403433886046499879e+00) (2, 4.65001118554840697783e+00) (3, 1.50000000000000000000e+03) (4, 2.54278615176067610548e+01) (5, -2.92892618452747699465e+00) (0, 4.06258350905390841490e+00) (1, -5.96763937768583208054e+00) (2, 9.50606321827489963994e+00) (3, 1.50000000000000000000e+03) (4, 1.50000000000000000000e+03) (5, 1.66473323773724901642e+00) (6, 1.34310818001273499789e+01) (7, 4.26437675987898234808e+00) (8, -6.42636897701188303245e+00) (9, -6.75220714383441666939e-01) 
