FANN_FLO_2.1
num_layers=3
learning_rate=0.700000
connection_rate=1.000000
network_type=0
learning_momentum=0.000000
training_algorithm=2
train_error_function=1
train_stop_function=1
cascade_output_change_fraction=0.010000
quickprop_decay=-0.000100
quickprop_mu=1.750000
rprop_increase_factor=1.200000
rprop_decrease_factor=0.500000
rprop_delta_min=0.000000
rprop_delta_max=50.000000
rprop_delta_zero=0.100000
cascade_output_stagnation_epochs=12
cascade_candidate_change_fraction=0.010000
cascade_candidate_stagnation_epochs=12
cascade_max_out_epochs=150
cascade_min_out_epochs=50
cascade_max_cand_epochs=150
cascade_min_cand_epochs=50
cascade_num_candidate_groups=2
bit_fail_limit=1.00000000000000005551e-01
cascade_candidate_limit=1.00000000000000000000e+03
cascade_weight_multiplier=4.00000000000000022204e-01
cascade_activation_functions_count=10
cascade_activation_functions=3 5 7 8 10 11 14 15 16 17 
cascade_activation_steepnesses_count=4
cascade_activation_steepnesses=2.50000000000000000000e-01 5.00000000000000000000e-01 7.50000000000000000000e-01 1.00000000000000000000e+00 
layer_sizes=10 4 2 
scale_included=0
neurons (num_inputs, activation_function, activation_steepness)=(0, 0, 0.00000000000000000000e+00) (0, 0, 0.00000000000000000000e+00) (0, 0, 0.00000000000000000000e+00) (0, 0, 0.00000000000000000000e+00) (0, 0, 0.00000000000000000000e+00) (0, 0, 0.00000000000000000000e+00) (0, 0, 0.00000000000000000000e+00) (0, 0, 0.00000000000000000000e+00) (0, 0, 0.00000000000000000000e+00) (0, 0, 0.00000000000000000000e+00) (10, 6, 5.00000000000000000000e-01) (10, 6, 5.00000000000000000000e-01) (10, 6, 5.00000000000000000000e-01) (0, 6, 0.00000000000000000000e+00) (4, 4, 5.00000000000000000000e-01) (0, 4, 0.00000000000000000000e+00) 
connections (connected_to_neuron, weight)=(0, -2.56352455790215572051e+00) (1, -1.75652390348626452621e+00) (2, -2.52521517336901935025e+00) (3, 5.49264368618138321132e-01) (4, -1.98903563247298853511e+00) (5, -2.65698290409431603365e+00) (6, -2.48650468417385139830e+00) (7, -2.35680631114844096885e+00) (8, -1.86983863083891788115e+00) (9, 3.42134989566430425256e+00) (0, 3.36228937433287677905e+00) (1, 6.80889294742168615926e+00) (2, 7.37054282347214151372e-01) (3, 1.04691410880760060742e-01) (4, 5.29740349173590630016e+00) (5, -8.18563552593731702522e-01) (6, -9.73746881110957446248e-02) (7, 6.44847263689723726454e-02) (8, 9.81886201220918630739e-01) (9, -7.26452275304167782721e-01) (0, 3.42671916487971728316e+00) (1, 6.76175651399912069905e+00) (2, 6.93513439940088849411e-01) (3, 1.35727124732211851255e-01) (4, 5.36073882103011101208e+00) (5, -5.74240633858666194023e-01) (6, -4.92893676832688976130e-01) (7, 1.62619335732460713884e-03) (8, 9.99405690151620840211e-01) (9, -7.54761147437661206183e-01) (10, -2.66721313861404567547e+01) (11, 5.00422758381206023159e+00) (12, 5.02338460604983794155e+00) (13, -9.20883785109075869713e-01) 
