FANN_FLO_2.1
num_layers=3
learning_rate=0.700000
connection_rate=1.000000
network_type=0
learning_momentum=0.000000
training_algorithm=2
train_error_function=1
train_stop_function=1
cascade_output_change_fraction=0.010000
quickprop_decay=-0.000100
quickprop_mu=1.750000
rprop_increase_factor=1.200000
rprop_decrease_factor=0.500000
rprop_delta_min=0.000000
rprop_delta_max=50.000000
rprop_delta_zero=0.100000
cascade_output_stagnation_epochs=12
cascade_candidate_change_fraction=0.010000
cascade_candidate_stagnation_epochs=12
cascade_max_out_epochs=150
cascade_min_out_epochs=50
cascade_max_cand_epochs=150
cascade_min_cand_epochs=50
cascade_num_candidate_groups=2
bit_fail_limit=1.00000000000000005551e-01
cascade_candidate_limit=1.00000000000000000000e+03
cascade_weight_multiplier=4.00000000000000022204e-01
cascade_activation_functions_count=10
cascade_activation_functions=3 5 7 8 10 11 14 15 16 17 
cascade_activation_steepnesses_count=4
cascade_activation_steepnesses=2.50000000000000000000e-01 5.00000000000000000000e-01 7.50000000000000000000e-01 1.00000000000000000000e+00 
layer_sizes=9 4 2 
scale_included=0
neurons (num_inputs, activation_function, activation_steepness)=(0, 0, 0.00000000000000000000e+00) (0, 0, 0.00000000000000000000e+00) (0, 0, 0.00000000000000000000e+00) (0, 0, 0.00000000000000000000e+00) (0, 0, 0.00000000000000000000e+00) (0, 0, 0.00000000000000000000e+00) (0, 0, 0.00000000000000000000e+00) (0, 0, 0.00000000000000000000e+00) (0, 0, 0.00000000000000000000e+00) (9, 6, 5.00000000000000000000e-01) (9, 6, 5.00000000000000000000e-01) (9, 6, 5.00000000000000000000e-01) (0, 6, 0.00000000000000000000e+00) (4, 4, 5.00000000000000000000e-01) (0, 4, 0.00000000000000000000e+00) 
connections (connected_to_neuron, weight)=(0, -3.05187255934169510141e-01) (1, 8.79066878992799560777e-01) (2, 1.09566418997884862385e+00) (3, 1.08785713087847749070e-01) (4, 6.84411700549191204246e-02) (5, 1.11013074293186964070e-02) (6, 1.00449166618229024373e+00) (7, 2.39308263958125877480e-01) (8, -7.31874879369014269548e-02) (0, -1.27962788532987259416e+00) (1, 3.70571642365932762964e-01) (2, 5.81398531784739169836e+00) (3, 3.59158872573361737102e-02) (4, -3.03089062751059179490e-01) (5, -3.48488005877260809129e-01) (6, 5.78361684074129733801e+00) (7, -1.45770881216513964462e-01) (8, -9.59171742259316117973e-01) (0, -1.16809738020911835221e+00) (1, 3.57457268234968483789e-01) (2, 5.83305576433863315344e+00) (3, -2.34767363460077899129e-02) (4, -2.69520158947233801072e-01) (5, -3.66119372726206426805e-01) (6, 5.81631902595486316443e+00) (7, -1.34594116251456591415e-01) (8, -1.00403691089039281970e+00) (9, 1.07093169141060678973e-01) (10, 5.91730184843268069983e+00) (11, 5.89710263898100528479e+00) (12, -1.17309807579532288102e+00) 
