FANN_FLO_2.1
num_layers=3
learning_rate=0.700000
connection_rate=1.000000
network_type=0
learning_momentum=0.000000
training_algorithm=2
train_error_function=1
train_stop_function=1
cascade_output_change_fraction=0.010000
quickprop_decay=-0.000100
quickprop_mu=1.750000
rprop_increase_factor=1.200000
rprop_decrease_factor=0.500000
rprop_delta_min=0.000000
rprop_delta_max=50.000000
rprop_delta_zero=0.100000
cascade_output_stagnation_epochs=12
cascade_candidate_change_fraction=0.010000
cascade_candidate_stagnation_epochs=12
cascade_max_out_epochs=150
cascade_min_out_epochs=50
cascade_max_cand_epochs=150
cascade_min_cand_epochs=50
cascade_num_candidate_groups=2
bit_fail_limit=1.00000000000000005551e-01
cascade_candidate_limit=1.00000000000000000000e+03
cascade_weight_multiplier=4.00000000000000022204e-01
cascade_activation_functions_count=10
cascade_activation_functions=3 5 7 8 10 11 14 15 16 17 
cascade_activation_steepnesses_count=4
cascade_activation_steepnesses=2.50000000000000000000e-01 5.00000000000000000000e-01 7.50000000000000000000e-01 1.00000000000000000000e+00 
layer_sizes=7 4 2 
scale_included=0
neurons (num_inputs, activation_function, activation_steepness)=(0, 0, 0.00000000000000000000e+00) (0, 0, 0.00000000000000000000e+00) (0, 0, 0.00000000000000000000e+00) (0, 0, 0.00000000000000000000e+00) (0, 0, 0.00000000000000000000e+00) (0, 0, 0.00000000000000000000e+00) (0, 0, 0.00000000000000000000e+00) (7, 6, 5.00000000000000000000e-01) (7, 6, 5.00000000000000000000e-01) (7, 6, 5.00000000000000000000e-01) (0, 6, 0.00000000000000000000e+00) (4, 4, 5.00000000000000000000e-01) (0, 4, 0.00000000000000000000e+00) 
connections (connected_to_neuron, weight)=(0, 1.86122377846779052391e+00) (1, -1.99141277524625781581e+00) (2, -2.09580711246248441171e+00) (3, -2.35506560418254284883e+00) (4, -1.77385204465264934015e+00) (5, -2.58654150237637159293e-01) (6, 2.04836680625023026536e+00) (0, -4.43353568164681077768e-01) (1, 1.53498262523357786868e+00) (2, 1.45411186039298101491e+00) (3, 1.23685251726735101485e+00) (4, 1.33353665886078132097e+00) (5, -1.57429624989004784963e-01) (6, -7.99105993278828696802e-01) (0, 1.04821193984179106273e-01) (1, 2.39888501704461715169e-01) (2, 6.82575655552025706285e-01) (3, 3.90413224159682659131e-01) (4, 6.27032523860130530657e-01) (5, 7.12301015250477731477e-01) (6, -2.04999930947736691556e-02) (7, -1.68706030265611595098e+01) (8, 6.34318171027605526291e+00) (9, 4.93551345357670367964e-01) (10, -1.55381064196368745556e+00) 
