FANN_FLO_2.1
num_layers=3
learning_rate=0.700000
connection_rate=1.000000
network_type=0
learning_momentum=0.000000
training_algorithm=2
train_error_function=1
train_stop_function=1
cascade_output_change_fraction=0.010000
quickprop_decay=-0.000100
quickprop_mu=1.750000
rprop_increase_factor=1.200000
rprop_decrease_factor=0.500000
rprop_delta_min=0.000000
rprop_delta_max=50.000000
rprop_delta_zero=0.100000
cascade_output_stagnation_epochs=12
cascade_candidate_change_fraction=0.010000
cascade_candidate_stagnation_epochs=12
cascade_max_out_epochs=150
cascade_min_out_epochs=50
cascade_max_cand_epochs=150
cascade_min_cand_epochs=50
cascade_num_candidate_groups=2
bit_fail_limit=1.00000000000000005551e-01
cascade_candidate_limit=1.00000000000000000000e+03
cascade_weight_multiplier=4.00000000000000022204e-01
cascade_activation_functions_count=10
cascade_activation_functions=3 5 7 8 10 11 14 15 16 17 
cascade_activation_steepnesses_count=4
cascade_activation_steepnesses=2.50000000000000000000e-01 5.00000000000000000000e-01 7.50000000000000000000e-01 1.00000000000000000000e+00 
layer_sizes=10 4 2 
scale_included=0
neurons (num_inputs, activation_function, activation_steepness)=(0, 0, 0.00000000000000000000e+00) (0, 0, 0.00000000000000000000e+00) (0, 0, 0.00000000000000000000e+00) (0, 0, 0.00000000000000000000e+00) (0, 0, 0.00000000000000000000e+00) (0, 0, 0.00000000000000000000e+00) (0, 0, 0.00000000000000000000e+00) (0, 0, 0.00000000000000000000e+00) (0, 0, 0.00000000000000000000e+00) (0, 0, 0.00000000000000000000e+00) (10, 6, 5.00000000000000000000e-01) (10, 6, 5.00000000000000000000e-01) (10, 6, 5.00000000000000000000e-01) (0, 6, 0.00000000000000000000e+00) (4, 4, 5.00000000000000000000e-01) (0, 4, 0.00000000000000000000e+00) 
connections (connected_to_neuron, weight)=(0, -1.71449437356704703639e+00) (1, 2.24274796062119925466e+01) (2, 1.19384104972573915071e-01) (3, -4.20817563598760047139e-01) (4, -3.21372391944535651387e-01) (5, 1.18801035923242248593e+00) (6, 9.12950241556831132428e-01) (7, 2.24933283218153441396e+01) (8, 2.06210558430111401407e+00) (9, -4.85817084377416052998e-01) (0, -3.22648822180503613843e-01) (1, 3.89530396327546668545e+00) (2, 1.13920652302769681574e-01) (3, -2.86895066736886665201e-03) (4, 6.71862035752586114756e-03) (5, 1.82194327785984072632e-01) (6, 3.58829211375434331543e-01) (7, 3.87120057508519721523e+00) (8, 1.00284280625866695225e+00) (9, 8.81175178671022296673e-02) (0, 1.44360121552456743821e+00) (1, -3.70364451539698702476e+00) (2, 3.55222455554338789607e-01) (3, 8.09392366540766627914e-01) (4, 8.37344083917475612289e-01) (5, -1.35203141635718515623e+00) (6, -1.99419963016184698112e+00) (7, -3.76363069695416552207e+00) (8, 5.86147110163362183854e-01) (9, 1.49121339832056887253e+00) (10, 1.28162165869372692839e+01) (11, 1.92198828100386048812e-01) (12, -9.61257790531110778431e+00) (13, -8.23509097649468890801e-01) 
