FANN_FLO_2.1
num_layers=3
learning_rate=0.700000
connection_rate=1.000000
network_type=0
learning_momentum=0.000000
training_algorithm=2
train_error_function=1
train_stop_function=1
cascade_output_change_fraction=0.010000
quickprop_decay=-0.000100
quickprop_mu=1.750000
rprop_increase_factor=1.200000
rprop_decrease_factor=0.500000
rprop_delta_min=0.000000
rprop_delta_max=50.000000
rprop_delta_zero=0.100000
cascade_output_stagnation_epochs=12
cascade_candidate_change_fraction=0.010000
cascade_candidate_stagnation_epochs=12
cascade_max_out_epochs=150
cascade_min_out_epochs=50
cascade_max_cand_epochs=150
cascade_min_cand_epochs=50
cascade_num_candidate_groups=2
bit_fail_limit=1.00000000000000005551e-01
cascade_candidate_limit=1.00000000000000000000e+03
cascade_weight_multiplier=4.00000000000000022204e-01
cascade_activation_functions_count=10
cascade_activation_functions=3 5 7 8 10 11 14 15 16 17 
cascade_activation_steepnesses_count=4
cascade_activation_steepnesses=2.50000000000000000000e-01 5.00000000000000000000e-01 7.50000000000000000000e-01 1.00000000000000000000e+00 
layer_sizes=15 4 2 
scale_included=0
neurons (num_inputs, activation_function, activation_steepness)=(0, 0, 0.00000000000000000000e+00) (0, 0, 0.00000000000000000000e+00) (0, 0, 0.00000000000000000000e+00) (0, 0, 0.00000000000000000000e+00) (0, 0, 0.00000000000000000000e+00) (0, 0, 0.00000000000000000000e+00) (0, 0, 0.00000000000000000000e+00) (0, 0, 0.00000000000000000000e+00) (0, 0, 0.00000000000000000000e+00) (0, 0, 0.00000000000000000000e+00) (0, 0, 0.00000000000000000000e+00) (0, 0, 0.00000000000000000000e+00) (0, 0, 0.00000000000000000000e+00) (0, 0, 0.00000000000000000000e+00) (0, 0, 0.00000000000000000000e+00) (15, 6, 5.00000000000000000000e-01) (15, 6, 5.00000000000000000000e-01) (15, 6, 5.00000000000000000000e-01) (0, 6, 0.00000000000000000000e+00) (4, 4, 5.00000000000000000000e-01) (0, 4, 0.00000000000000000000e+00) 
connections (connected_to_neuron, weight)=(0, -7.85659252818832642973e-01) (1, 9.74774930354366908603e-01) (2, -3.43608888277279062029e-02) (3, -4.15035524693730006884e-01) (4, -5.13266056159011052618e-02) (5, -2.33736809740949180725e-01) (6, -4.17553515461685786914e-01) (7, -1.41408476171778790809e-01) (8, -1.77724245128916852332e-01) (9, 9.86669246331677157746e-02) (10, 4.31860429003313589513e-02) (11, -6.11202177084175568567e-01) (12, 4.31303163040954007368e-01) (13, 1.71615861006163106239e-01) (14, 2.94121880711132738240e-02) (0, -5.82137273242201480628e+00) (1, 5.86834703376021060706e+00) (2, 2.16022528257486634562e-01) (3, -6.36554993239644151259e-01) (4, -1.14091696923495056204e+00) (5, -8.03753873530630547073e-01) (6, -5.05337029246094804336e-01) (7, -8.88359790865187126663e-01) (8, -1.02271556815028907828e+00) (9, -2.60307924672146390188e-02) (10, -1.41048801275237956077e+00) (11, -4.37810390165789975470e+00) (12, -2.00503607102116898631e-01) (13, 3.63679392413119723093e-02) (14, -1.18209584763170005850e+00) (0, -8.93737464364776856840e-01) (1, 1.10075580674053230545e+00) (2, -1.17219466851822828879e-04) (3, -3.84741970626118312548e-01) (4, -1.65667712071410344610e-02) (5, -3.15684904888559991765e-01) (6, -3.78578470376732478808e-01) (7, -1.81559513447569959022e-01) (8, -1.35113055942343823768e-01) (9, 1.55571601934813008583e-01) (10, -5.05819279000684213221e-02) (11, -6.33910350925413590417e-01) (12, 2.31733373947523579872e-01) (13, 8.58765240982994199070e-02) (14, 3.36870480955654832966e-02) (15, 2.31340170208674633656e+00) (16, 5.85671432306494388342e+00) (17, 2.28167426888209545766e+00) (18, -9.39352841663162685393e-01) 
