FANN_FLO_2.1
num_layers=3
learning_rate=0.700000
connection_rate=1.000000
network_type=0
learning_momentum=0.000000
training_algorithm=2
train_error_function=1
train_stop_function=1
cascade_output_change_fraction=0.010000
quickprop_decay=-0.000100
quickprop_mu=1.750000
rprop_increase_factor=1.200000
rprop_decrease_factor=0.500000
rprop_delta_min=0.000000
rprop_delta_max=50.000000
rprop_delta_zero=0.100000
cascade_output_stagnation_epochs=12
cascade_candidate_change_fraction=0.010000
cascade_candidate_stagnation_epochs=12
cascade_max_out_epochs=150
cascade_min_out_epochs=50
cascade_max_cand_epochs=150
cascade_min_cand_epochs=50
cascade_num_candidate_groups=2
bit_fail_limit=1.00000000000000005551e-01
cascade_candidate_limit=1.00000000000000000000e+03
cascade_weight_multiplier=4.00000000000000022204e-01
cascade_activation_functions_count=10
cascade_activation_functions=3 5 7 8 10 11 14 15 16 17 
cascade_activation_steepnesses_count=4
cascade_activation_steepnesses=2.50000000000000000000e-01 5.00000000000000000000e-01 7.50000000000000000000e-01 1.00000000000000000000e+00 
layer_sizes=12 4 2 
scale_included=0
neurons (num_inputs, activation_function, activation_steepness)=(0, 0, 0.00000000000000000000e+00) (0, 0, 0.00000000000000000000e+00) (0, 0, 0.00000000000000000000e+00) (0, 0, 0.00000000000000000000e+00) (0, 0, 0.00000000000000000000e+00) (0, 0, 0.00000000000000000000e+00) (0, 0, 0.00000000000000000000e+00) (0, 0, 0.00000000000000000000e+00) (0, 0, 0.00000000000000000000e+00) (0, 0, 0.00000000000000000000e+00) (0, 0, 0.00000000000000000000e+00) (0, 0, 0.00000000000000000000e+00) (12, 6, 5.00000000000000000000e-01) (12, 6, 5.00000000000000000000e-01) (12, 6, 5.00000000000000000000e-01) (0, 6, 0.00000000000000000000e+00) (4, 4, 5.00000000000000000000e-01) (0, 4, 0.00000000000000000000e+00) 
connections (connected_to_neuron, weight)=(0, -8.78501520547298042629e+00) (1, 1.67422206032936737863e+00) (2, 4.14522742121833986939e-01) (3, 4.72252912962575654987e-01) (4, 1.25821763086426852141e+00) (5, 9.02861735541541587935e-01) (6, -1.32682206727141149827e+00) (7, 4.55052217930129813794e+02) (8, 4.17042686903269121945e-01) (9, 4.87018781805752531966e+00) (10, -4.93163977336711842336e-02) (11, -9.15129931294534237907e-01) (0, 5.33378710862948590687e+00) (1, -1.99589811605106448589e+00) (2, 8.83439407522775832504e-01) (3, -1.34771786904791635031e+00) (4, -1.40165713163726990409e+00) (5, -2.60649687843374877616e+00) (6, 6.90384189908509054989e-02) (7, -3.30948565229155775569e+01) (8, -4.79006745279389967163e-01) (9, 1.52208838103239552098e+00) (10, -2.47981705231695936931e-01) (11, 1.56829490356907697013e+00) (0, -1.70310687256707304904e+00) (1, 5.75872323930325613617e-01) (2, 2.79763424742239863452e-01) (3, 1.63247431446377477826e+00) (4, 3.22763480649416001356e+00) (5, 7.08134112724024378238e-01) (6, -6.19286229391340925510e-01) (7, 2.20427869763777664502e+02) (8, 9.22885573165472483659e-01) (9, 7.79669059289112897915e+00) (10, 1.31643545324730548707e+00) (11, -6.36089851317907406525e-01) (12, 1.07308675819708803090e+01) (13, -6.57101532999199022811e+00) (14, 1.59365839135536346838e+00) (15, -8.60313770818213252589e-01) 
