FANN_FLO_2.1
num_layers=3
learning_rate=0.700000
connection_rate=1.000000
network_type=0
learning_momentum=0.000000
training_algorithm=2
train_error_function=1
train_stop_function=1
cascade_output_change_fraction=0.010000
quickprop_decay=-0.000100
quickprop_mu=1.750000
rprop_increase_factor=1.200000
rprop_decrease_factor=0.500000
rprop_delta_min=0.000000
rprop_delta_max=50.000000
rprop_delta_zero=0.100000
cascade_output_stagnation_epochs=12
cascade_candidate_change_fraction=0.010000
cascade_candidate_stagnation_epochs=12
cascade_max_out_epochs=150
cascade_min_out_epochs=50
cascade_max_cand_epochs=150
cascade_min_cand_epochs=50
cascade_num_candidate_groups=2
bit_fail_limit=1.00000000000000005551e-01
cascade_candidate_limit=1.00000000000000000000e+03
cascade_weight_multiplier=4.00000000000000022204e-01
cascade_activation_functions_count=10
cascade_activation_functions=3 5 7 8 10 11 14 15 16 17 
cascade_activation_steepnesses_count=4
cascade_activation_steepnesses=2.50000000000000000000e-01 5.00000000000000000000e-01 7.50000000000000000000e-01 1.00000000000000000000e+00 
layer_sizes=13 4 2 
scale_included=0
neurons (num_inputs, activation_function, activation_steepness)=(0, 0, 0.00000000000000000000e+00) (0, 0, 0.00000000000000000000e+00) (0, 0, 0.00000000000000000000e+00) (0, 0, 0.00000000000000000000e+00) (0, 0, 0.00000000000000000000e+00) (0, 0, 0.00000000000000000000e+00) (0, 0, 0.00000000000000000000e+00) (0, 0, 0.00000000000000000000e+00) (0, 0, 0.00000000000000000000e+00) (0, 0, 0.00000000000000000000e+00) (0, 0, 0.00000000000000000000e+00) (0, 0, 0.00000000000000000000e+00) (0, 0, 0.00000000000000000000e+00) (13, 6, 5.00000000000000000000e-01) (13, 6, 5.00000000000000000000e-01) (13, 6, 5.00000000000000000000e-01) (0, 6, 0.00000000000000000000e+00) (4, 4, 5.00000000000000000000e-01) (0, 4, 0.00000000000000000000e+00) 
connections (connected_to_neuron, weight)=(0, -6.97864886847194298980e+00) (1, 2.27611529681251001378e+00) (2, 1.15054221236333176215e+00) (3, 2.66678274360497569173e-01) (4, -1.88834662883966622471e-02) (5, -1.15365418996108881622e+00) (6, -3.57306382395599919644e-01) (7, -3.33186036683891850796e-01) (8, 2.05786495097255706099e+00) (9, 2.10396379549532674957e+00) (10, 1.15004608686796339079e+00) (11, -1.01203391637269746184e+00) (12, -5.62066900373596078921e-01) (0, -2.75579205431301099694e+00) (1, 9.51217262961476683891e-01) (2, 6.66048520806434840580e-01) (3, 5.98148287544011836303e-01) (4, 8.88209451572607999736e-02) (5, 1.26094655509445846553e-01) (6, 4.37436697991346656877e-01) (7, 3.69073076160406410295e-01) (8, 1.02800567628781047702e+00) (9, 8.54813735207811009609e-01) (10, 6.79846034810305699381e-01) (11, -8.83775761388870817470e-02) (12, -7.05780218818421234417e-01) (0, -2.75510531194765073693e+00) (1, 9.21636632599442839897e-01) (2, 5.89025990667942256351e-01) (3, 5.73911086926221614135e-01) (4, 9.49960534112166410381e-02) (5, 2.71668070371601788615e-01) (6, 3.42173634083723365862e-01) (7, 2.49987220378374314089e-01) (8, 1.07880467729608264804e+00) (9, 9.41191989204183232509e-01) (10, 5.13478325173617466959e-01) (11, -9.31732913517090421962e-02) (12, -7.11351569273705353069e-01) (13, 8.17207244492383821921e+00) (14, 6.81216827726797813369e+00) (15, 1.10868496856357516833e+01) (16, -2.42969741777661152327e+00) 
