FANN_FLO_2.1
num_layers=3
learning_rate=0.700000
connection_rate=1.000000
network_type=0
learning_momentum=0.000000
training_algorithm=2
train_error_function=1
train_stop_function=1
cascade_output_change_fraction=0.010000
quickprop_decay=-0.000100
quickprop_mu=1.750000
rprop_increase_factor=1.200000
rprop_decrease_factor=0.500000
rprop_delta_min=0.000000
rprop_delta_max=50.000000
rprop_delta_zero=0.100000
cascade_output_stagnation_epochs=12
cascade_candidate_change_fraction=0.010000
cascade_candidate_stagnation_epochs=12
cascade_max_out_epochs=150
cascade_min_out_epochs=50
cascade_max_cand_epochs=150
cascade_min_cand_epochs=50
cascade_num_candidate_groups=2
bit_fail_limit=1.00000000000000005551e-01
cascade_candidate_limit=1.00000000000000000000e+03
cascade_weight_multiplier=4.00000000000000022204e-01
cascade_activation_functions_count=10
cascade_activation_functions=3 5 7 8 10 11 14 15 16 17 
cascade_activation_steepnesses_count=4
cascade_activation_steepnesses=2.50000000000000000000e-01 5.00000000000000000000e-01 7.50000000000000000000e-01 1.00000000000000000000e+00 
layer_sizes=13 4 2 
scale_included=0
neurons (num_inputs, activation_function, activation_steepness)=(0, 0, 0.00000000000000000000e+00) (0, 0, 0.00000000000000000000e+00) (0, 0, 0.00000000000000000000e+00) (0, 0, 0.00000000000000000000e+00) (0, 0, 0.00000000000000000000e+00) (0, 0, 0.00000000000000000000e+00) (0, 0, 0.00000000000000000000e+00) (0, 0, 0.00000000000000000000e+00) (0, 0, 0.00000000000000000000e+00) (0, 0, 0.00000000000000000000e+00) (0, 0, 0.00000000000000000000e+00) (0, 0, 0.00000000000000000000e+00) (0, 0, 0.00000000000000000000e+00) (13, 6, 5.00000000000000000000e-01) (13, 6, 5.00000000000000000000e-01) (13, 6, 5.00000000000000000000e-01) (0, 6, 0.00000000000000000000e+00) (4, 4, 5.00000000000000000000e-01) (0, 4, 0.00000000000000000000e+00) 
connections (connected_to_neuron, weight)=(0, 2.09165549884461621222e-03) (1, 9.87208798255930553012e-01) (2, 5.53513917418725132080e-01) (3, -1.75440814434466435534e-02) (4, 6.25767319763729790161e-02) (5, 4.58042680586407402465e-02) (6, 7.37603242286494070745e-02) (7, 5.66181022020585178467e-01) (8, 8.09305692800333792425e-02) (9, -7.73622300564227316499e-02) (10, -1.27074923454699589831e-02) (11, -7.39761944948611471773e-02) (12, -3.06635852991519047839e-02) (0, -5.96665793418050260932e-01) (1, 2.52418521706324794351e+00) (2, 1.13430289192491304262e-01) (3, -4.29724701999783964546e-01) (4, -2.88818497399446871832e-01) (5, -4.07476667503473666265e-01) (6, -2.24275398551579296935e-01) (7, 2.92779818311269673936e-02) (8, -1.05232681631203486838e-01) (9, -4.60763656853795555701e-01) (10, -5.52782980113387556464e-01) (11, -6.01039619504571409614e-01) (12, -2.96313349346277621343e-01) (0, -8.82143586932472856255e-01) (1, 5.80783978094782504797e+00) (2, 1.88484752229323149209e-05) (3, -9.79401473014406831474e-01) (4, -5.12337228080080420156e-01) (5, -6.57408041676329046865e-01) (6, -5.82193469425485998769e-01) (7, -2.72963825999541498390e-01) (8, -2.06548277674956537453e-01) (9, -9.70925036876253755302e-01) (10, -9.72227908729366929741e-01) (11, -9.55851011036686570854e-01) (12, -1.01264458900576070910e+00) (13, 2.78110849542909821519e-01) (14, 2.32383540574771130238e+00) (15, 5.89646017541613254309e+00) (16, -1.39043519575945428990e+00) 
