FANN_FLO_2.1
num_layers=3
learning_rate=0.700000
connection_rate=1.000000
network_type=0
learning_momentum=0.000000
training_algorithm=2
train_error_function=1
train_stop_function=1
cascade_output_change_fraction=0.010000
quickprop_decay=-0.000100
quickprop_mu=1.750000
rprop_increase_factor=1.200000
rprop_decrease_factor=0.500000
rprop_delta_min=0.000000
rprop_delta_max=50.000000
rprop_delta_zero=0.100000
cascade_output_stagnation_epochs=12
cascade_candidate_change_fraction=0.010000
cascade_candidate_stagnation_epochs=12
cascade_max_out_epochs=150
cascade_min_out_epochs=50
cascade_max_cand_epochs=150
cascade_min_cand_epochs=50
cascade_num_candidate_groups=2
bit_fail_limit=1.00000000000000005551e-01
cascade_candidate_limit=1.00000000000000000000e+03
cascade_weight_multiplier=4.00000000000000022204e-01
cascade_activation_functions_count=10
cascade_activation_functions=3 5 7 8 10 11 14 15 16 17 
cascade_activation_steepnesses_count=4
cascade_activation_steepnesses=2.50000000000000000000e-01 5.00000000000000000000e-01 7.50000000000000000000e-01 1.00000000000000000000e+00 
layer_sizes=12 4 2 
scale_included=0
neurons (num_inputs, activation_function, activation_steepness)=(0, 0, 0.00000000000000000000e+00) (0, 0, 0.00000000000000000000e+00) (0, 0, 0.00000000000000000000e+00) (0, 0, 0.00000000000000000000e+00) (0, 0, 0.00000000000000000000e+00) (0, 0, 0.00000000000000000000e+00) (0, 0, 0.00000000000000000000e+00) (0, 0, 0.00000000000000000000e+00) (0, 0, 0.00000000000000000000e+00) (0, 0, 0.00000000000000000000e+00) (0, 0, 0.00000000000000000000e+00) (0, 0, 0.00000000000000000000e+00) (12, 6, 5.00000000000000000000e-01) (12, 6, 5.00000000000000000000e-01) (12, 6, 5.00000000000000000000e-01) (0, 6, 0.00000000000000000000e+00) (4, 4, 5.00000000000000000000e-01) (0, 4, 0.00000000000000000000e+00) 
connections (connected_to_neuron, weight)=(0, 3.74351144342030561774e+00) (1, -2.43667377510030558341e+00) (2, -2.66797249139820100150e-02) (3, -2.60572974754528896568e+00) (4, 1.68232977853548382186e+00) (5, 1.06656693448756123566e+00) (6, -4.38877105207631457162e-01) (7, 1.05813230020943294107e+00) (8, -1.19271342077729114450e+00) (9, -3.62477450101908749147e+00) (10, -3.19185235985225146393e+00) (11, 2.66002731960180494042e+00) (0, -5.65161613308398869115e-01) (1, -2.69338270880432384402e-01) (2, 5.94934758696342158579e-01) (3, 1.41255146331615222266e+00) (4, 1.33031221192407358989e-02) (5, 1.76506722572404628480e-01) (6, 2.38772985620814559571e-01) (7, -3.50435828376839120235e-01) (8, 1.90862637516838944407e+01) (9, 2.88094541171646678634e+00) (10, 4.91865154888537214894e-01) (11, -6.96162079953163037693e-01) (0, -2.28860411975410560359e+00) (1, 2.51125136855117458978e+00) (2, 6.43232842496973655777e-01) (3, 2.62373651527723961152e+00) (4, 2.44400155052502621178e-01) (5, 1.35525208019060605658e+00) (6, 8.57728066465034855170e-01) (7, 3.82106668563948093098e-01) (8, 2.06265742508499050345e+00) (9, 2.03947224903775659044e+00) (10, 2.25139337265996930526e+00) (11, -2.46173405829694846858e+00) (12, -4.45147021404397857935e+00) (13, 5.98399577569521778919e-01) (14, 1.51997618830339416007e+01) (15, -1.47510576118485459141e+00) 
