FANN_FLO_2.1
num_layers=3
learning_rate=0.700000
connection_rate=1.000000
network_type=0
learning_momentum=0.000000
training_algorithm=2
train_error_function=1
train_stop_function=1
cascade_output_change_fraction=0.010000
quickprop_decay=-0.000100
quickprop_mu=1.750000
rprop_increase_factor=1.200000
rprop_decrease_factor=0.500000
rprop_delta_min=0.000000
rprop_delta_max=50.000000
rprop_delta_zero=0.100000
cascade_output_stagnation_epochs=12
cascade_candidate_change_fraction=0.010000
cascade_candidate_stagnation_epochs=12
cascade_max_out_epochs=150
cascade_min_out_epochs=50
cascade_max_cand_epochs=150
cascade_min_cand_epochs=50
cascade_num_candidate_groups=2
bit_fail_limit=1.00000000000000005551e-01
cascade_candidate_limit=1.00000000000000000000e+03
cascade_weight_multiplier=4.00000000000000022204e-01
cascade_activation_functions_count=10
cascade_activation_functions=3 5 7 8 10 11 14 15 16 17 
cascade_activation_steepnesses_count=4
cascade_activation_steepnesses=2.50000000000000000000e-01 5.00000000000000000000e-01 7.50000000000000000000e-01 1.00000000000000000000e+00 
layer_sizes=10 4 2 
scale_included=0
neurons (num_inputs, activation_function, activation_steepness)=(0, 0, 0.00000000000000000000e+00) (0, 0, 0.00000000000000000000e+00) (0, 0, 0.00000000000000000000e+00) (0, 0, 0.00000000000000000000e+00) (0, 0, 0.00000000000000000000e+00) (0, 0, 0.00000000000000000000e+00) (0, 0, 0.00000000000000000000e+00) (0, 0, 0.00000000000000000000e+00) (0, 0, 0.00000000000000000000e+00) (0, 0, 0.00000000000000000000e+00) (10, 6, 5.00000000000000000000e-01) (10, 6, 5.00000000000000000000e-01) (10, 6, 5.00000000000000000000e-01) (0, 6, 0.00000000000000000000e+00) (4, 4, 5.00000000000000000000e-01) (0, 4, 0.00000000000000000000e+00) 
connections (connected_to_neuron, weight)=(0, -1.61618766739159602785e+00) (1, 2.02904482373304440035e-01) (2, 4.15254915270526991922e-01) (3, 1.48223974236630540169e+00) (4, 1.19426636450716849858e+00) (5, 3.34629741406443903529e+00) (6, 4.25291592762044246001e+00) (7, 1.31478885772662490439e+00) (8, 3.28263520544770548426e+00) (9, -5.01405354461656238563e-01) (0, 1.67834489994791553613e+01) (1, -5.90612737278779764694e+00) (2, -7.04203927044022459647e-01) (3, -2.43070889353613361905e+00) (4, -4.54874886360855068546e+00) (5, -1.32881293987134565526e+01) (6, -4.47282909390420879703e+00) (7, -4.45678669747800793033e+00) (8, -4.63663767066688503604e+00) (9, 6.77628551112676724699e+00) (0, -7.90990732106108129784e+00) (1, 2.69618805614610668187e+00) (2, 7.95592799798310545967e-01) (3, 8.03523388861647425152e-01) (4, 1.44830017759768159280e+00) (5, 1.34439077451197275259e+00) (6, 8.26479052363863764263e-01) (7, 1.41669597699610383401e+00) (8, 9.40582287668219607646e-01) (9, -1.05938866829201194797e+00) (10, 2.03888068688729839906e+00) (11, -4.74443417128963584872e+00) (12, 4.20423538108600780561e+00) (13, -1.97473909334286545914e+00) 
