FANN_FLO_2.1
num_layers=3
learning_rate=0.700000
connection_rate=1.000000
network_type=0
learning_momentum=0.000000
training_algorithm=2
train_error_function=1
train_stop_function=1
cascade_output_change_fraction=0.010000
quickprop_decay=-0.000100
quickprop_mu=1.750000
rprop_increase_factor=1.200000
rprop_decrease_factor=0.500000
rprop_delta_min=0.000000
rprop_delta_max=50.000000
rprop_delta_zero=0.100000
cascade_output_stagnation_epochs=12
cascade_candidate_change_fraction=0.010000
cascade_candidate_stagnation_epochs=12
cascade_max_out_epochs=150
cascade_min_out_epochs=50
cascade_max_cand_epochs=150
cascade_min_cand_epochs=50
cascade_num_candidate_groups=2
bit_fail_limit=1.00000000000000005551e-01
cascade_candidate_limit=1.00000000000000000000e+03
cascade_weight_multiplier=4.00000000000000022204e-01
cascade_activation_functions_count=10
cascade_activation_functions=3 5 7 8 10 11 14 15 16 17 
cascade_activation_steepnesses_count=4
cascade_activation_steepnesses=2.50000000000000000000e-01 5.00000000000000000000e-01 7.50000000000000000000e-01 1.00000000000000000000e+00 
layer_sizes=12 4 2 
scale_included=0
neurons (num_inputs, activation_function, activation_steepness)=(0, 0, 0.00000000000000000000e+00) (0, 0, 0.00000000000000000000e+00) (0, 0, 0.00000000000000000000e+00) (0, 0, 0.00000000000000000000e+00) (0, 0, 0.00000000000000000000e+00) (0, 0, 0.00000000000000000000e+00) (0, 0, 0.00000000000000000000e+00) (0, 0, 0.00000000000000000000e+00) (0, 0, 0.00000000000000000000e+00) (0, 0, 0.00000000000000000000e+00) (0, 0, 0.00000000000000000000e+00) (0, 0, 0.00000000000000000000e+00) (12, 6, 5.00000000000000000000e-01) (12, 6, 5.00000000000000000000e-01) (12, 6, 5.00000000000000000000e-01) (0, 6, 0.00000000000000000000e+00) (4, 4, 5.00000000000000000000e-01) (0, 4, 0.00000000000000000000e+00) 
connections (connected_to_neuron, weight)=(0, -4.34677320970638658704e-01) (1, 1.78700833505056944084e-01) (2, 7.09805367291615141312e+00) (3, -1.21409231779839768550e-01) (4, -5.95393542897608429865e-02) (5, -3.43145153091569399262e-01) (6, 1.10032036493707501279e+01) (7, -2.87294775275094227407e-01) (8, -1.08313344904386776868e+00) (9, -2.79733255456246943105e-01) (10, -1.91844768926907993656e-01) (11, -4.36330709113224413098e-01) (0, 6.48048409181879225827e-01) (1, -1.69544576883797826206e+00) (2, -1.18815091083599638777e-01) (3, 5.19118781496876513515e-01) (4, 5.81766237041236200511e-01) (5, 5.10983124123969734143e-01) (6, -5.31548650091489771619e-01) (7, 3.12375644417083042637e-01) (8, 7.86038492987174652882e-01) (9, 3.96515362524070102967e-01) (10, 4.49411856515371854748e-01) (11, 4.64835881935516115337e-01) (0, -6.05919063469509922015e+00) (1, 2.43744068336447394785e+00) (2, 3.47524804694422595475e+00) (3, -6.67637901267644079395e-02) (4, -1.95519166349423678675e+00) (5, 4.37794498383198282809e-01) (6, 2.54152280361318538837e+00) (7, 5.47428856290729015655e-01) (8, -1.19825254545189063826e+00) (9, 2.96576221672816497943e-01) (10, 2.71797178251869164800e-01) (11, -2.05668533153309951444e+00) (12, 5.45081049403642881046e-01) (13, -1.48529893812847091361e+00) (14, 1.24058443493579204642e+01) (15, -2.31353407444860792452e+00) 
