FANN_FLO_2.1
num_layers=3
learning_rate=0.700000
connection_rate=1.000000
network_type=0
learning_momentum=0.000000
training_algorithm=2
train_error_function=1
train_stop_function=1
cascade_output_change_fraction=0.010000
quickprop_decay=-0.000100
quickprop_mu=1.750000
rprop_increase_factor=1.200000
rprop_decrease_factor=0.500000
rprop_delta_min=0.000000
rprop_delta_max=50.000000
rprop_delta_zero=0.100000
cascade_output_stagnation_epochs=12
cascade_candidate_change_fraction=0.010000
cascade_candidate_stagnation_epochs=12
cascade_max_out_epochs=150
cascade_min_out_epochs=50
cascade_max_cand_epochs=150
cascade_min_cand_epochs=50
cascade_num_candidate_groups=2
bit_fail_limit=1.00000000000000005551e-01
cascade_candidate_limit=1.00000000000000000000e+03
cascade_weight_multiplier=4.00000000000000022204e-01
cascade_activation_functions_count=10
cascade_activation_functions=3 5 7 8 10 11 14 15 16 17 
cascade_activation_steepnesses_count=4
cascade_activation_steepnesses=2.50000000000000000000e-01 5.00000000000000000000e-01 7.50000000000000000000e-01 1.00000000000000000000e+00 
layer_sizes=12 4 2 
scale_included=0
neurons (num_inputs, activation_function, activation_steepness)=(0, 0, 0.00000000000000000000e+00) (0, 0, 0.00000000000000000000e+00) (0, 0, 0.00000000000000000000e+00) (0, 0, 0.00000000000000000000e+00) (0, 0, 0.00000000000000000000e+00) (0, 0, 0.00000000000000000000e+00) (0, 0, 0.00000000000000000000e+00) (0, 0, 0.00000000000000000000e+00) (0, 0, 0.00000000000000000000e+00) (0, 0, 0.00000000000000000000e+00) (0, 0, 0.00000000000000000000e+00) (0, 0, 0.00000000000000000000e+00) (12, 6, 5.00000000000000000000e-01) (12, 6, 5.00000000000000000000e-01) (12, 6, 5.00000000000000000000e-01) (0, 6, 0.00000000000000000000e+00) (4, 4, 5.00000000000000000000e-01) (0, 4, 0.00000000000000000000e+00) 
connections (connected_to_neuron, weight)=(0, 3.38565144329754508234e+00) (1, -2.89393105044011944571e+00) (2, -3.30308401421774089357e+00) (3, 1.16103278885377525498e+00) (4, 2.92879756422384174286e+00) (5, -1.75825990549118182926e+00) (6, -3.54693582027749199082e-01) (7, 7.14742054659420422702e-01) (8, -2.87828773691301220694e+00) (9, 1.76379016974804528339e-02) (10, 2.88213727505548300556e+00) (11, 2.88510637612684073261e+00) (0, -2.11142653796970636293e+00) (1, 1.27990430847456471142e+00) (2, 1.26992032185843006786e+00) (3, -3.12748478136277846540e-02) (4, -1.14489614034578579549e+00) (5, -2.01653918060395148659e-01) (6, -2.99728182884785643303e-01) (7, -1.80459087523552802468e-01) (8, 2.05943286517818746617e+00) (9, -3.06599417510363569939e-01) (10, -2.20695561740696311048e+00) (11, -4.89806016623701934165e-01) (0, -7.77341351036207384162e-01) (1, 6.64927756882915610426e-01) (2, 8.03217199629072564626e-01) (3, 1.42210049317307463124e-01) (4, -2.58327528562284913782e-01) (5, 1.17196423695511753316e-01) (6, 1.85970989749855986073e-01) (7, 8.65940163306544163913e-02) (8, 6.73401502388630168738e-01) (9, 1.83001903579659452870e-01) (10, -7.28319011751787148690e-01) (11, -1.26166043851270837095e-01) (12, -7.85369697220580942343e+00) (13, 7.50149559941267973784e+00) (14, 3.41614101017549343098e+00) (15, -1.10319532148641230584e+00) 
