FANN_FLO_2.1
num_layers=3
learning_rate=0.700000
connection_rate=1.000000
network_type=0
learning_momentum=0.000000
training_algorithm=2
train_error_function=1
train_stop_function=1
cascade_output_change_fraction=0.010000
quickprop_decay=-0.000100
quickprop_mu=1.750000
rprop_increase_factor=1.200000
rprop_decrease_factor=0.500000
rprop_delta_min=0.000000
rprop_delta_max=50.000000
rprop_delta_zero=0.100000
cascade_output_stagnation_epochs=12
cascade_candidate_change_fraction=0.010000
cascade_candidate_stagnation_epochs=12
cascade_max_out_epochs=150
cascade_min_out_epochs=50
cascade_max_cand_epochs=150
cascade_min_cand_epochs=50
cascade_num_candidate_groups=2
bit_fail_limit=1.00000000000000005551e-01
cascade_candidate_limit=1.00000000000000000000e+03
cascade_weight_multiplier=4.00000000000000022204e-01
cascade_activation_functions_count=10
cascade_activation_functions=3 5 7 8 10 11 14 15 16 17 
cascade_activation_steepnesses_count=4
cascade_activation_steepnesses=2.50000000000000000000e-01 5.00000000000000000000e-01 7.50000000000000000000e-01 1.00000000000000000000e+00 
layer_sizes=13 4 2 
scale_included=0
neurons (num_inputs, activation_function, activation_steepness)=(0, 0, 0.00000000000000000000e+00) (0, 0, 0.00000000000000000000e+00) (0, 0, 0.00000000000000000000e+00) (0, 0, 0.00000000000000000000e+00) (0, 0, 0.00000000000000000000e+00) (0, 0, 0.00000000000000000000e+00) (0, 0, 0.00000000000000000000e+00) (0, 0, 0.00000000000000000000e+00) (0, 0, 0.00000000000000000000e+00) (0, 0, 0.00000000000000000000e+00) (0, 0, 0.00000000000000000000e+00) (0, 0, 0.00000000000000000000e+00) (0, 0, 0.00000000000000000000e+00) (13, 6, 5.00000000000000000000e-01) (13, 6, 5.00000000000000000000e-01) (13, 6, 5.00000000000000000000e-01) (0, 6, 0.00000000000000000000e+00) (4, 4, 5.00000000000000000000e-01) (0, 4, 0.00000000000000000000e+00) 
connections (connected_to_neuron, weight)=(0, -1.87910083024668228546e+00) (1, 1.78954761931884265280e+00) (2, 1.54768980393889798997e+00) (3, 9.64973895515411683732e-01) (4, -8.44315463888778872104e-01) (5, -9.47507047213705710931e-01) (6, -2.15429001675108588998e+00) (7, 1.09705247797828975287e+00) (8, -7.16820163964484002861e-01) (9, -1.65154142687727434335e-01) (10, -1.82906194041181968668e-01) (11, -1.23347607768728706468e+00) (12, -7.13538853763792779716e-01) (0, 2.57648352726319984640e+00) (1, -1.10939514000563432816e+00) (2, -1.21757115506749102884e+00) (3, -8.66204743953818967483e-01) (4, 9.83094551812259909163e-01) (5, 1.30550181645157592492e+00) (6, 2.54135759283493589678e+00) (7, -8.73264172651148973259e-01) (8, 1.30149066227677123742e+00) (9, 6.55621314831151047464e-01) (10, 6.13068970330132745339e-01) (11, 1.04370817915000713150e+00) (12, 7.15194567773590694770e-01) (0, -1.82305221720504295746e+00) (1, 1.91146564195144152976e+00) (2, 1.56592108408692731736e+00) (3, 4.66762734694871284091e-01) (4, -6.97084607768192476840e-01) (5, -9.14454096116217307610e-01) (6, -2.17049525306681312387e+00) (7, 1.09430024840694728461e+00) (8, -7.81699413745854165825e-01) (9, -2.99219122538973314462e-01) (10, -2.46934457133222984293e-01) (11, -1.20186381183221313584e+00) (12, -8.09540009438250329765e-01) (13, 3.70773697793205192497e+00) (14, -1.11720800536810696002e+01) (15, 5.62622047684813786361e+00) (16, -6.99376285217768289826e-01) 
