FANN_FLO_2.1
num_layers=3
learning_rate=0.700000
connection_rate=1.000000
network_type=0
learning_momentum=0.000000
training_algorithm=2
train_error_function=1
train_stop_function=1
cascade_output_change_fraction=0.010000
quickprop_decay=-0.000100
quickprop_mu=1.750000
rprop_increase_factor=1.200000
rprop_decrease_factor=0.500000
rprop_delta_min=0.000000
rprop_delta_max=50.000000
rprop_delta_zero=0.100000
cascade_output_stagnation_epochs=12
cascade_candidate_change_fraction=0.010000
cascade_candidate_stagnation_epochs=12
cascade_max_out_epochs=150
cascade_min_out_epochs=50
cascade_max_cand_epochs=150
cascade_min_cand_epochs=50
cascade_num_candidate_groups=2
bit_fail_limit=1.00000000000000005551e-01
cascade_candidate_limit=1.00000000000000000000e+03
cascade_weight_multiplier=4.00000000000000022204e-01
cascade_activation_functions_count=10
cascade_activation_functions=3 5 7 8 10 11 14 15 16 17 
cascade_activation_steepnesses_count=4
cascade_activation_steepnesses=2.50000000000000000000e-01 5.00000000000000000000e-01 7.50000000000000000000e-01 1.00000000000000000000e+00 
layer_sizes=14 4 2 
scale_included=0
neurons (num_inputs, activation_function, activation_steepness)=(0, 0, 0.00000000000000000000e+00) (0, 0, 0.00000000000000000000e+00) (0, 0, 0.00000000000000000000e+00) (0, 0, 0.00000000000000000000e+00) (0, 0, 0.00000000000000000000e+00) (0, 0, 0.00000000000000000000e+00) (0, 0, 0.00000000000000000000e+00) (0, 0, 0.00000000000000000000e+00) (0, 0, 0.00000000000000000000e+00) (0, 0, 0.00000000000000000000e+00) (0, 0, 0.00000000000000000000e+00) (0, 0, 0.00000000000000000000e+00) (0, 0, 0.00000000000000000000e+00) (0, 0, 0.00000000000000000000e+00) (14, 6, 5.00000000000000000000e-01) (14, 6, 5.00000000000000000000e-01) (14, 6, 5.00000000000000000000e-01) (0, 6, 0.00000000000000000000e+00) (4, 4, 5.00000000000000000000e-01) (0, 4, 0.00000000000000000000e+00) 
connections (connected_to_neuron, weight)=(0, 3.64641985538985857751e-01) (1, 1.25062034300284530275e+00) (2, 4.31227705460571597573e-01) (3, 6.66723962908771450309e-01) (4, 6.80605991652588504515e-01) (5, 5.82630534264825028501e-01) (6, 2.09596056613830794557e-01) (7, 2.65583270015266992292e-01) (8, 8.61022874842898300329e-02) (9, 4.09307419832807162230e-01) (10, 2.84733236611688866891e-01) (11, 2.10393302147597993645e-01) (12, 8.46105746333832953177e-01) (13, -2.60965705825145777297e-02) (0, 3.27656803184551703723e-01) (1, -2.45011425512854508213e+00) (2, -1.64544882149316884501e+00) (3, -1.33779119953866798554e+00) (4, -1.48870167104804340674e+00) (5, -2.51138619220256309461e+00) (6, 2.72382691433051826735e-01) (7, 1.11731330135263751124e+00) (8, 1.77081197995600447825e+00) (9, -1.61470797613750449706e+00) (10, 1.85162152644945288138e+00) (11, 1.74552285844724286434e+00) (12, 1.93373770805186584454e+00) (13, 1.82879783008989904580e+00) (0, 3.80236795213733880239e-01) (1, 3.23439121183413202942e+00) (2, 4.52937612168618497499e-01) (3, 1.65290602703689937236e+00) (4, 7.02183978140932363310e-01) (5, 1.54276713431626211204e+00) (6, 1.79702980130187567331e-01) (7, 1.43594687990691222135e-01) (8, -5.85925955477143656225e-01) (9, 1.02499882754285920328e+00) (10, 2.95693123831834603354e-01) (11, 3.67078418486544988397e-01) (12, 7.69953218097919056540e-01) (13, -2.36019967868558055990e-01) (14, 3.13709176615555307421e-01) (15, -4.40518880841911339985e+01) (16, 1.19047253654205897888e+00) (17, -1.13057807588698411294e+00) 
