FANN_FLO_2.1
num_layers=3
learning_rate=0.700000
connection_rate=1.000000
network_type=0
learning_momentum=0.000000
training_algorithm=2
train_error_function=1
train_stop_function=1
cascade_output_change_fraction=0.010000
quickprop_decay=-0.000100
quickprop_mu=1.750000
rprop_increase_factor=1.200000
rprop_decrease_factor=0.500000
rprop_delta_min=0.000000
rprop_delta_max=50.000000
rprop_delta_zero=0.100000
cascade_output_stagnation_epochs=12
cascade_candidate_change_fraction=0.010000
cascade_candidate_stagnation_epochs=12
cascade_max_out_epochs=150
cascade_min_out_epochs=50
cascade_max_cand_epochs=150
cascade_min_cand_epochs=50
cascade_num_candidate_groups=2
bit_fail_limit=1.00000000000000005551e-01
cascade_candidate_limit=1.00000000000000000000e+03
cascade_weight_multiplier=4.00000000000000022204e-01
cascade_activation_functions_count=10
cascade_activation_functions=3 5 7 8 10 11 14 15 16 17 
cascade_activation_steepnesses_count=4
cascade_activation_steepnesses=2.50000000000000000000e-01 5.00000000000000000000e-01 7.50000000000000000000e-01 1.00000000000000000000e+00 
layer_sizes=18 4 2 
scale_included=0
neurons (num_inputs, activation_function, activation_steepness)=(0, 0, 0.00000000000000000000e+00) (0, 0, 0.00000000000000000000e+00) (0, 0, 0.00000000000000000000e+00) (0, 0, 0.00000000000000000000e+00) (0, 0, 0.00000000000000000000e+00) (0, 0, 0.00000000000000000000e+00) (0, 0, 0.00000000000000000000e+00) (0, 0, 0.00000000000000000000e+00) (0, 0, 0.00000000000000000000e+00) (0, 0, 0.00000000000000000000e+00) (0, 0, 0.00000000000000000000e+00) (0, 0, 0.00000000000000000000e+00) (0, 0, 0.00000000000000000000e+00) (0, 0, 0.00000000000000000000e+00) (0, 0, 0.00000000000000000000e+00) (0, 0, 0.00000000000000000000e+00) (0, 0, 0.00000000000000000000e+00) (0, 0, 0.00000000000000000000e+00) (18, 6, 5.00000000000000000000e-01) (18, 6, 5.00000000000000000000e-01) (18, 6, 5.00000000000000000000e-01) (0, 6, 0.00000000000000000000e+00) (4, 4, 5.00000000000000000000e-01) (0, 4, 0.00000000000000000000e+00) 
connections (connected_to_neuron, weight)=(0, -3.15285760019710259439e-01) (1, 1.07825237112880745194e+00) (2, 7.44145146933345325024e-01) (3, -1.09753023051348264083e-03) (4, -2.74762678001811699868e-01) (5, 9.70231739726302583327e-02) (6, -1.26161528971130698640e-02) (7, -8.47932986136684663236e-01) (8, -7.19645377336917135835e-02) (9, 1.46583537442976197251e-01) (10, 9.62942828274640505448e-03) (11, 5.08253346631606373052e-02) (12, 1.02448393749834121280e+00) (13, 1.19857955620059131174e-01) (14, 2.74688887281709870347e-01) (15, -8.38627643104801423490e-01) (16, -7.55110665377388246000e-01) (17, -3.80999748160759862947e-02) (0, 1.06087445222241838483e-01) (1, 3.28407677794387564685e-01) (2, 2.99722453521276854804e-01) (3, -3.16928244879169859760e-02) (4, 1.82241905939349413401e-01) (5, 4.11235620565744586230e-01) (6, 1.90115046443010027311e-01) (7, -7.98327673062576709251e-02) (8, 2.50907021769326415983e-02) (9, -8.30735524341577324936e-02) (10, 1.28877655441530181157e-01) (11, 2.19733120973401363507e-01) (12, 4.50084197307517752673e-01) (13, 6.94922365496234428761e-02) (14, -1.67663421218108565913e-01) (15, -1.32158075629164151188e-01) (16, -1.00253288803984111355e-01) (17, 1.36610297586016948834e-01) (0, 1.51360407323959411663e+00) (1, -5.76248948266234073401e+00) (2, 1.77003743541228941716e-01) (3, 7.49518320337827170796e-01) (4, 1.13605798218876463679e+00) (5, -1.80668784146880728736e-01) (6, 1.70793499333655979244e-01) (7, 5.78662904342140826941e+00) (8, 1.11165923808247191218e+00) (9, 3.43633416828205917604e-01) (10, 7.35930174962575400777e-01) (11, 1.10706144009262663630e+00) (12, -5.72720538069929752112e+00) (13, 6.52981408313806022115e-01) (14, 3.88624619480660293824e-01) (15, 2.11360829841278485830e+00) (16, 1.54359976799610199016e+00) (17, 1.04503683183819395808e+00) (18, 3.66167180756022891952e-01) (19, 5.30563038704483513897e-02) (20, -5.83908476670708331824e+00) (21, -9.30499501933922834596e-01) 
