FANN_FLO_2.1
num_layers=3
learning_rate=0.700000
connection_rate=1.000000
network_type=0
learning_momentum=0.000000
training_algorithm=2
train_error_function=1
train_stop_function=1
cascade_output_change_fraction=0.010000
quickprop_decay=-0.000100
quickprop_mu=1.750000
rprop_increase_factor=1.200000
rprop_decrease_factor=0.500000
rprop_delta_min=0.000000
rprop_delta_max=50.000000
rprop_delta_zero=0.100000
cascade_output_stagnation_epochs=12
cascade_candidate_change_fraction=0.010000
cascade_candidate_stagnation_epochs=12
cascade_max_out_epochs=150
cascade_min_out_epochs=50
cascade_max_cand_epochs=150
cascade_min_cand_epochs=50
cascade_num_candidate_groups=2
bit_fail_limit=1.00000000000000005551e-01
cascade_candidate_limit=1.00000000000000000000e+03
cascade_weight_multiplier=4.00000000000000022204e-01
cascade_activation_functions_count=10
cascade_activation_functions=3 5 7 8 10 11 14 15 16 17 
cascade_activation_steepnesses_count=4
cascade_activation_steepnesses=2.50000000000000000000e-01 5.00000000000000000000e-01 7.50000000000000000000e-01 1.00000000000000000000e+00 
layer_sizes=14 4 2 
scale_included=0
neurons (num_inputs, activation_function, activation_steepness)=(0, 0, 0.00000000000000000000e+00) (0, 0, 0.00000000000000000000e+00) (0, 0, 0.00000000000000000000e+00) (0, 0, 0.00000000000000000000e+00) (0, 0, 0.00000000000000000000e+00) (0, 0, 0.00000000000000000000e+00) (0, 0, 0.00000000000000000000e+00) (0, 0, 0.00000000000000000000e+00) (0, 0, 0.00000000000000000000e+00) (0, 0, 0.00000000000000000000e+00) (0, 0, 0.00000000000000000000e+00) (0, 0, 0.00000000000000000000e+00) (0, 0, 0.00000000000000000000e+00) (0, 0, 0.00000000000000000000e+00) (14, 6, 5.00000000000000000000e-01) (14, 6, 5.00000000000000000000e-01) (14, 6, 5.00000000000000000000e-01) (0, 6, 0.00000000000000000000e+00) (4, 4, 5.00000000000000000000e-01) (0, 4, 0.00000000000000000000e+00) 
connections (connected_to_neuron, weight)=(0, 3.39932339270662753350e+00) (1, -2.81141990315697798408e+00) (2, -3.47099205740310035040e+00) (3, 4.39975671548623048501e-01) (4, 2.52790671686809043095e+00) (5, 2.03815742831098978272e+00) (6, 2.55575187284406668553e+00) (7, -9.99477809969992914141e-01) (8, 4.41794632988503810367e+00) (9, 1.18302545390107360923e+00) (10, -3.76607452239293571949e+00) (11, -4.26895376343655985618e-01) (12, 3.73977256042853456464e+00) (13, 1.73388108735192170151e+00) (0, -3.19625020791973790679e+00) (1, 2.07966220152275260702e+00) (2, 1.39587522716883238871e+00) (3, -1.07210932846494966242e-01) (4, -8.02899371743535650303e-01) (5, -9.48091937593526168371e-01) (6, -2.28780638076276066073e+00) (7, 9.09948756288420423921e-01) (8, -2.78762136753083078489e+00) (9, -2.79653519000292627439e+00) (10, 2.74401406240659051505e+00) (11, -4.38971027174231628876e-02) (12, -3.61622929042356133778e+00) (13, -5.23742461963160765848e-01) (0, 3.33077774946641413933e+00) (1, -2.76375926923535475410e+00) (2, -3.58288268261171660711e+00) (3, 4.56532649555438097000e-01) (4, 1.99767307427585416590e+00) (5, 2.39952718991693592088e+00) (6, 2.54789222557004935155e+00) (7, -9.66375424270243921221e-01) (8, 3.41534181506490996938e+00) (9, 1.29960229686476913535e+00) (10, -3.83363850693602081776e+00) (11, -5.08023578722405666497e-01) (12, 3.71727653069392305341e+00) (13, 1.80537181471693863877e+00) (14, -3.97627290286742018921e+00) (15, 5.92369130821027578548e+00) (16, -3.94560553454480933411e+00) (17, -1.38353217448931875566e+00) 
