FANN_FLO_2.1
num_layers=3
learning_rate=0.700000
connection_rate=1.000000
network_type=0
learning_momentum=0.000000
training_algorithm=2
train_error_function=1
train_stop_function=1
cascade_output_change_fraction=0.010000
quickprop_decay=-0.000100
quickprop_mu=1.750000
rprop_increase_factor=1.200000
rprop_decrease_factor=0.500000
rprop_delta_min=0.000000
rprop_delta_max=50.000000
rprop_delta_zero=0.100000
cascade_output_stagnation_epochs=12
cascade_candidate_change_fraction=0.010000
cascade_candidate_stagnation_epochs=12
cascade_max_out_epochs=150
cascade_min_out_epochs=50
cascade_max_cand_epochs=150
cascade_min_cand_epochs=50
cascade_num_candidate_groups=2
bit_fail_limit=1.00000000000000005551e-01
cascade_candidate_limit=1.00000000000000000000e+03
cascade_weight_multiplier=4.00000000000000022204e-01
cascade_activation_functions_count=10
cascade_activation_functions=3 5 7 8 10 11 14 15 16 17 
cascade_activation_steepnesses_count=4
cascade_activation_steepnesses=2.50000000000000000000e-01 5.00000000000000000000e-01 7.50000000000000000000e-01 1.00000000000000000000e+00 
layer_sizes=11 4 2 
scale_included=0
neurons (num_inputs, activation_function, activation_steepness)=(0, 0, 0.00000000000000000000e+00) (0, 0, 0.00000000000000000000e+00) (0, 0, 0.00000000000000000000e+00) (0, 0, 0.00000000000000000000e+00) (0, 0, 0.00000000000000000000e+00) (0, 0, 0.00000000000000000000e+00) (0, 0, 0.00000000000000000000e+00) (0, 0, 0.00000000000000000000e+00) (0, 0, 0.00000000000000000000e+00) (0, 0, 0.00000000000000000000e+00) (0, 0, 0.00000000000000000000e+00) (11, 6, 5.00000000000000000000e-01) (11, 6, 5.00000000000000000000e-01) (11, 6, 5.00000000000000000000e-01) (0, 6, 0.00000000000000000000e+00) (4, 4, 5.00000000000000000000e-01) (0, 4, 0.00000000000000000000e+00) 
connections (connected_to_neuron, weight)=(0, -1.76823093389011143373e+00) (1, -1.06509013487073045390e+00) (2, 1.49444351564367785556e+01) (3, 1.48930876823529061426e+01) (4, -4.07462751256348343354e-01) (5, -9.21259710796617947715e-01) (6, 1.47068702802607962354e+01) (7, -1.70837806575159545375e+00) (8, 6.33378900016261625616e-01) (9, -4.76177448393907454260e+00) (10, -1.72307806933003626604e-01) (0, 1.76210819851202238340e+01) (1, -1.31037525187493244516e+01) (2, 8.00102918084409253652e+00) (3, 7.94418287286161728389e+00) (4, 1.97143326598689694329e+00) (5, 8.76182979152945295986e-01) (6, 7.47892671071865233756e+00) (7, -6.10131714952870662927e+00) (8, -7.82132900787312212998e+00) (9, 2.06175100123686089182e-01) (10, 4.63928292355728366658e+00) (0, -1.38608906991624163396e+01) (1, 1.20980639313220841302e+01) (2, 8.82404813882266303438e+00) (3, 8.14059566029859560388e+00) (4, -6.38521736997815203551e+00) (5, 1.82832619321785239119e-01) (6, 8.11401187845372007246e+00) (7, -3.59164627693623961235e+00) (8, 1.48199037216059814615e-01) (9, 8.80810340772186961544e+00) (10, -7.96419060339840362284e-02) (11, 1.25781138230115097087e+01) (12, -1.02438704874687989133e+01) (13, -1.09365346829356635538e+01) (14, -8.06243639905276698876e-01) 
