FANN_FLO_2.1
num_layers=3
learning_rate=0.700000
connection_rate=1.000000
network_type=0
learning_momentum=0.000000
training_algorithm=2
train_error_function=1
train_stop_function=1
cascade_output_change_fraction=0.010000
quickprop_decay=-0.000100
quickprop_mu=1.750000
rprop_increase_factor=1.200000
rprop_decrease_factor=0.500000
rprop_delta_min=0.000000
rprop_delta_max=50.000000
rprop_delta_zero=0.100000
cascade_output_stagnation_epochs=12
cascade_candidate_change_fraction=0.010000
cascade_candidate_stagnation_epochs=12
cascade_max_out_epochs=150
cascade_min_out_epochs=50
cascade_max_cand_epochs=150
cascade_min_cand_epochs=50
cascade_num_candidate_groups=2
bit_fail_limit=1.00000000000000005551e-01
cascade_candidate_limit=1.00000000000000000000e+03
cascade_weight_multiplier=4.00000000000000022204e-01
cascade_activation_functions_count=10
cascade_activation_functions=3 5 7 8 10 11 14 15 16 17 
cascade_activation_steepnesses_count=4
cascade_activation_steepnesses=2.50000000000000000000e-01 5.00000000000000000000e-01 7.50000000000000000000e-01 1.00000000000000000000e+00 
layer_sizes=8 4 2 
scale_included=0
neurons (num_inputs, activation_function, activation_steepness)=(0, 0, 0.00000000000000000000e+00) (0, 0, 0.00000000000000000000e+00) (0, 0, 0.00000000000000000000e+00) (0, 0, 0.00000000000000000000e+00) (0, 0, 0.00000000000000000000e+00) (0, 0, 0.00000000000000000000e+00) (0, 0, 0.00000000000000000000e+00) (0, 0, 0.00000000000000000000e+00) (8, 6, 5.00000000000000000000e-01) (8, 6, 5.00000000000000000000e-01) (8, 6, 5.00000000000000000000e-01) (0, 6, 0.00000000000000000000e+00) (4, 4, 5.00000000000000000000e-01) (0, 4, 0.00000000000000000000e+00) 
connections (connected_to_neuron, weight)=(0, -8.45042836035992395161e-01) (1, 1.03702622841288647493e+01) (2, 5.07585686425457183191e+00) (3, -2.83711538687550079985e+00) (4, 1.42583142964196927238e+01) (5, -2.11302955857897289960e+00) (6, 1.50393886535664265125e+01) (7, -3.97804206750878730503e+00) (0, 3.32112397832737027414e+00) (1, 1.51152949417961934842e+00) (2, -7.66345096084245946955e-01) (3, 2.38719340172321148330e+00) (4, -1.06827087417357944332e+01) (5, 2.27322740486350816091e-01) (6, -1.07003584263686732925e+01) (7, 4.76520046417779852277e+00) (0, 5.84628010405694276130e+00) (1, 1.31984895657245160372e+00) (2, 3.12669917481815806681e+00) (3, -1.17990386939406166622e-01) (4, -4.53524825048627544533e+00) (5, 3.95604995181349750055e+00) (6, -4.53556933808808704356e+00) (7, -3.30458201472243251473e+00) (8, 7.64373307195391227253e+00) (9, -9.50791880669868305631e+00) (10, 1.23858700172399522899e+01) (11, -6.10841243279741208383e-01) 
