FANN_FLO_2.1
num_layers=3
learning_rate=0.700000
connection_rate=1.000000
network_type=0
learning_momentum=0.000000
training_algorithm=2
train_error_function=1
train_stop_function=1
cascade_output_change_fraction=0.010000
quickprop_decay=-0.000100
quickprop_mu=1.750000
rprop_increase_factor=1.200000
rprop_decrease_factor=0.500000
rprop_delta_min=0.000000
rprop_delta_max=50.000000
rprop_delta_zero=0.100000
cascade_output_stagnation_epochs=12
cascade_candidate_change_fraction=0.010000
cascade_candidate_stagnation_epochs=12
cascade_max_out_epochs=150
cascade_min_out_epochs=50
cascade_max_cand_epochs=150
cascade_min_cand_epochs=50
cascade_num_candidate_groups=2
bit_fail_limit=1.00000000000000005551e-01
cascade_candidate_limit=1.00000000000000000000e+03
cascade_weight_multiplier=4.00000000000000022204e-01
cascade_activation_functions_count=10
cascade_activation_functions=3 5 7 8 10 11 14 15 16 17 
cascade_activation_steepnesses_count=4
cascade_activation_steepnesses=2.50000000000000000000e-01 5.00000000000000000000e-01 7.50000000000000000000e-01 1.00000000000000000000e+00 
layer_sizes=11 4 2 
scale_included=0
neurons (num_inputs, activation_function, activation_steepness)=(0, 0, 0.00000000000000000000e+00) (0, 0, 0.00000000000000000000e+00) (0, 0, 0.00000000000000000000e+00) (0, 0, 0.00000000000000000000e+00) (0, 0, 0.00000000000000000000e+00) (0, 0, 0.00000000000000000000e+00) (0, 0, 0.00000000000000000000e+00) (0, 0, 0.00000000000000000000e+00) (0, 0, 0.00000000000000000000e+00) (0, 0, 0.00000000000000000000e+00) (0, 0, 0.00000000000000000000e+00) (11, 6, 5.00000000000000000000e-01) (11, 6, 5.00000000000000000000e-01) (11, 6, 5.00000000000000000000e-01) (0, 6, 0.00000000000000000000e+00) (4, 4, 5.00000000000000000000e-01) (0, 4, 0.00000000000000000000e+00) 
connections (connected_to_neuron, weight)=(0, -6.95164147528140707877e-01) (1, 3.12734399820756392430e+00) (2, -4.31448270024576308046e-01) (3, -1.60246308587448094141e-01) (4, 7.14900836174802295497e-02) (5, 4.23493280070181725705e+01) (6, -1.91882255265298091729e+01) (7, -1.91680551276310460196e+01) (8, -4.33863055200396863231e-01) (9, -8.91982320613012857891e-02) (10, -2.26478417075790916524e-01) (0, -1.83496312778031622770e+00) (1, 3.98332251831416117582e+00) (2, -1.15530054671162965563e-01) (3, -3.79955656559176713216e+00) (4, -3.74473611743159562337e+00) (5, -2.45556025857133541912e-01) (6, 1.09015332073863451257e+01) (7, 1.90803845121091986137e+00) (8, -1.60757263923116799909e+00) (9, -1.63489458883234139996e+00) (10, -1.34655852126773689648e+00) (0, 2.61082782335683472041e+00) (1, -7.31470024870182999877e+00) (2, 1.29561531743849700504e+00) (3, 1.42779630357396114526e+00) (4, 1.28999804640185367077e+00) (5, 7.32373376116084107146e-01) (6, 2.61866960837768260717e+02) (7, 4.63923479689058595454e+01) (8, 1.47818339971128231980e+01) (9, 1.48446099368158108689e+01) (10, 3.96765298468974947355e+00) (11, 3.65587255231291674562e+00) (12, 4.40110275239012693760e+00) (13, -3.48156482393679223009e+00) (14, -9.06155425526844360284e-01) 
