FANN_FLO_2.1
num_layers=3
learning_rate=0.700000
connection_rate=1.000000
network_type=0
learning_momentum=0.000000
training_algorithm=2
train_error_function=1
train_stop_function=1
cascade_output_change_fraction=0.010000
quickprop_decay=-0.000100
quickprop_mu=1.750000
rprop_increase_factor=1.200000
rprop_decrease_factor=0.500000
rprop_delta_min=0.000000
rprop_delta_max=50.000000
rprop_delta_zero=0.100000
cascade_output_stagnation_epochs=12
cascade_candidate_change_fraction=0.010000
cascade_candidate_stagnation_epochs=12
cascade_max_out_epochs=150
cascade_min_out_epochs=50
cascade_max_cand_epochs=150
cascade_min_cand_epochs=50
cascade_num_candidate_groups=2
bit_fail_limit=1.00000000000000005551e-01
cascade_candidate_limit=1.00000000000000000000e+03
cascade_weight_multiplier=4.00000000000000022204e-01
cascade_activation_functions_count=10
cascade_activation_functions=3 5 7 8 10 11 14 15 16 17 
cascade_activation_steepnesses_count=4
cascade_activation_steepnesses=2.50000000000000000000e-01 5.00000000000000000000e-01 7.50000000000000000000e-01 1.00000000000000000000e+00 
layer_sizes=17 4 2 
scale_included=0
neurons (num_inputs, activation_function, activation_steepness)=(0, 0, 0.00000000000000000000e+00) (0, 0, 0.00000000000000000000e+00) (0, 0, 0.00000000000000000000e+00) (0, 0, 0.00000000000000000000e+00) (0, 0, 0.00000000000000000000e+00) (0, 0, 0.00000000000000000000e+00) (0, 0, 0.00000000000000000000e+00) (0, 0, 0.00000000000000000000e+00) (0, 0, 0.00000000000000000000e+00) (0, 0, 0.00000000000000000000e+00) (0, 0, 0.00000000000000000000e+00) (0, 0, 0.00000000000000000000e+00) (0, 0, 0.00000000000000000000e+00) (0, 0, 0.00000000000000000000e+00) (0, 0, 0.00000000000000000000e+00) (0, 0, 0.00000000000000000000e+00) (0, 0, 0.00000000000000000000e+00) (17, 6, 5.00000000000000000000e-01) (17, 6, 5.00000000000000000000e-01) (17, 6, 5.00000000000000000000e-01) (0, 6, 0.00000000000000000000e+00) (4, 4, 5.00000000000000000000e-01) (0, 4, 0.00000000000000000000e+00) 
connections (connected_to_neuron, weight)=(0, -1.84928906890892861270e+01) (1, 6.42570302587900510360e+00) (2, -1.23956768720587168220e-01) (3, 7.28357596879895402564e-02) (4, 7.49252927990506911726e-01) (5, 8.94147120862969768673e-01) (6, 6.22017917434690259526e-01) (7, -1.06507727653940964530e+00) (8, -5.50429584148427464285e-01) (9, -1.62261153232739108176e+00) (10, 1.38103334132663935208e+01) (11, -6.11612696277384149113e+00) (12, 2.82346786790430357428e+01) (13, 3.01300813422243962680e-01) (14, -4.72349577541292209304e+00) (15, -2.33744385874322979646e+00) (16, -1.67604477363706150239e-01) (0, 8.50226156993517712124e+00) (1, -1.48966070344346590559e+00) (2, -4.27806722633375091647e+00) (3, 1.14316737403439461218e+00) (4, -1.29410260575268082350e-01) (5, -2.95620576939397405880e+00) (6, -2.47990907769732693566e+00) (7, -1.86320043429642323574e+00) (8, -1.12004440241374325637e+00) (9, 1.49663514551493070925e-01) (10, -8.84294728100339266774e-01) (11, -3.28608809837726845160e+00) (12, -8.46312040035261281545e-01) (13, -9.19085949681726965821e-01) (14, -1.05907750588108040546e+01) (15, 2.28979379358280832335e+00) (16, 1.92228136796408488607e+00) (0, 6.37331828072186556966e+00) (1, -8.87639900734321152243e+00) (2, -1.17888224764845741532e+01) (3, 1.08727478652441367224e+00) (4, -2.88551128104991150281e+00) (5, -3.39653066270193493281e+00) (6, -1.13403597034625995832e+01) (7, 9.50811862502125038077e+00) (8, 1.01255146869090886241e+01) (9, 5.08122766217014500967e+01) (10, -4.57386066295250603986e+00) (11, 1.16733084491219401002e+02) (12, -8.10859507772208232268e+00) (13, -1.74962218209216557874e+00) (14, 3.60390203088851421853e+02) (15, 1.72858704567359581006e+02) (16, 1.01826590221194681618e+01) (17, 4.10571524737801052396e+00) (18, -5.93560618970364650693e+00) (19, -3.19886275500010963668e+00) (20, -1.75737268181826200575e+00) 
