FANN_FLO_2.1
num_layers=3
learning_rate=0.700000
connection_rate=1.000000
network_type=0
learning_momentum=0.000000
training_algorithm=2
train_error_function=1
train_stop_function=1
cascade_output_change_fraction=0.010000
quickprop_decay=-0.000100
quickprop_mu=1.750000
rprop_increase_factor=1.200000
rprop_decrease_factor=0.500000
rprop_delta_min=0.000000
rprop_delta_max=50.000000
rprop_delta_zero=0.100000
cascade_output_stagnation_epochs=12
cascade_candidate_change_fraction=0.010000
cascade_candidate_stagnation_epochs=12
cascade_max_out_epochs=150
cascade_min_out_epochs=50
cascade_max_cand_epochs=150
cascade_min_cand_epochs=50
cascade_num_candidate_groups=2
bit_fail_limit=1.00000000000000005551e-01
cascade_candidate_limit=1.00000000000000000000e+03
cascade_weight_multiplier=4.00000000000000022204e-01
cascade_activation_functions_count=10
cascade_activation_functions=3 5 7 8 10 11 14 15 16 17 
cascade_activation_steepnesses_count=4
cascade_activation_steepnesses=2.50000000000000000000e-01 5.00000000000000000000e-01 7.50000000000000000000e-01 1.00000000000000000000e+00 
layer_sizes=11 4 2 
scale_included=0
neurons (num_inputs, activation_function, activation_steepness)=(0, 0, 0.00000000000000000000e+00) (0, 0, 0.00000000000000000000e+00) (0, 0, 0.00000000000000000000e+00) (0, 0, 0.00000000000000000000e+00) (0, 0, 0.00000000000000000000e+00) (0, 0, 0.00000000000000000000e+00) (0, 0, 0.00000000000000000000e+00) (0, 0, 0.00000000000000000000e+00) (0, 0, 0.00000000000000000000e+00) (0, 0, 0.00000000000000000000e+00) (0, 0, 0.00000000000000000000e+00) (11, 6, 5.00000000000000000000e-01) (11, 6, 5.00000000000000000000e-01) (11, 6, 5.00000000000000000000e-01) (0, 6, 0.00000000000000000000e+00) (4, 4, 5.00000000000000000000e-01) (0, 4, 0.00000000000000000000e+00) 
connections (connected_to_neuron, weight)=(0, 6.32155695963514063784e-01) (1, -9.69563353200751931737e-01) (2, -2.18249247287966028352e+01) (3, -1.98533076415362117473e+01) (4, 6.26651360945009616721e-01) (5, 2.11626299629547576231e+00) (6, -1.98422089832543697696e+01) (7, 2.30186362781242381814e+00) (8, -1.40324345134139001345e+01) (9, 1.15249633211532174215e+01) (10, 2.92424276750599920760e+00) (0, 2.48225077018768891524e-01) (1, 1.12448574757769681476e+00) (2, -2.47290502875117912396e+00) (3, -2.48553075893908204108e+00) (4, 8.07835007189457721122e-02) (5, 1.16226231724349884922e-01) (6, -2.47638365212119060388e+00) (7, 2.03296439136513917845e+00) (8, 8.80580610563392041090e-02) (9, -6.32971292035716537328e+00) (10, -7.31904861465365874640e-02) (0, -1.60429681499939746914e+01) (1, 2.87105309122535388155e+01) (2, 2.78446971321196024007e+00) (3, -2.06425848937011569006e+00) (4, -8.51805180545560247651e+00) (5, -3.48755059629226524254e-02) (6, -2.04484647801911245679e+00) (7, 5.57214327840850742746e+00) (8, -1.58547556434074703446e+01) (9, 2.26483490698963585430e+00) (10, 1.78648167846543115544e+00) (11, -1.92726889088821238261e+01) (12, 4.37394232127426292323e+01) (13, -1.47899661005509877043e+01) (14, -4.31285148926163852678e+00) 
