FANN_FLO_2.1
num_layers=3
learning_rate=0.700000
connection_rate=1.000000
network_type=0
learning_momentum=0.000000
training_algorithm=2
train_error_function=1
train_stop_function=1
cascade_output_change_fraction=0.010000
quickprop_decay=-0.000100
quickprop_mu=1.750000
rprop_increase_factor=1.200000
rprop_decrease_factor=0.500000
rprop_delta_min=0.000000
rprop_delta_max=50.000000
rprop_delta_zero=0.100000
cascade_output_stagnation_epochs=12
cascade_candidate_change_fraction=0.010000
cascade_candidate_stagnation_epochs=12
cascade_max_out_epochs=150
cascade_min_out_epochs=50
cascade_max_cand_epochs=150
cascade_min_cand_epochs=50
cascade_num_candidate_groups=2
bit_fail_limit=1.00000000000000005551e-01
cascade_candidate_limit=1.00000000000000000000e+03
cascade_weight_multiplier=4.00000000000000022204e-01
cascade_activation_functions_count=10
cascade_activation_functions=3 5 7 8 10 11 14 15 16 17 
cascade_activation_steepnesses_count=4
cascade_activation_steepnesses=2.50000000000000000000e-01 5.00000000000000000000e-01 7.50000000000000000000e-01 1.00000000000000000000e+00 
layer_sizes=8 4 2 
scale_included=0
neurons (num_inputs, activation_function, activation_steepness)=(0, 0, 0.00000000000000000000e+00) (0, 0, 0.00000000000000000000e+00) (0, 0, 0.00000000000000000000e+00) (0, 0, 0.00000000000000000000e+00) (0, 0, 0.00000000000000000000e+00) (0, 0, 0.00000000000000000000e+00) (0, 0, 0.00000000000000000000e+00) (0, 0, 0.00000000000000000000e+00) (8, 6, 5.00000000000000000000e-01) (8, 6, 5.00000000000000000000e-01) (8, 6, 5.00000000000000000000e-01) (0, 6, 0.00000000000000000000e+00) (4, 4, 5.00000000000000000000e-01) (0, 4, 0.00000000000000000000e+00) 
connections (connected_to_neuron, weight)=(0, 7.07850289809164223698e+00) (1, -2.91153008533525693713e-02) (2, 2.47583252584624435855e+00) (3, 5.46422521052545628883e-01) (4, -3.82139579054118749823e+00) (5, 4.41314798293325605272e+00) (6, -2.52884551237167709559e+00) (7, -1.82621978569315790430e+00) (0, 3.57888455151100681739e-01) (1, 2.67211799179049114272e+00) (2, 6.20716606882851906768e-01) (3, -1.78053044452355924143e-01) (4, 2.32200456588284698256e+00) (5, -1.84565180454339450300e-01) (6, 1.45246804140713026143e+00) (7, -1.48155554044510751055e+00) (0, -4.07175395058440248164e+00) (1, -2.71742428654013812306e+00) (2, 5.47053176916582839517e-01) (3, -3.88553032354580940577e+00) (4, 1.00768236740042080868e+01) (5, -3.57219904018952405522e+00) (6, 1.03946209536261502393e+01) (7, -3.15627891831387374921e+00) (8, 1.74168093753703594473e+01) (9, 1.53065840334819522894e+01) (10, 1.39178354230238170430e+01) (11, -1.60275205324312475241e+00) 
