FANN_FLO_2.1
num_layers=3
learning_rate=0.700000
connection_rate=1.000000
network_type=0
learning_momentum=0.000000
training_algorithm=2
train_error_function=1
train_stop_function=1
cascade_output_change_fraction=0.010000
quickprop_decay=-0.000100
quickprop_mu=1.750000
rprop_increase_factor=1.200000
rprop_decrease_factor=0.500000
rprop_delta_min=0.000000
rprop_delta_max=50.000000
rprop_delta_zero=0.100000
cascade_output_stagnation_epochs=12
cascade_candidate_change_fraction=0.010000
cascade_candidate_stagnation_epochs=12
cascade_max_out_epochs=150
cascade_min_out_epochs=50
cascade_max_cand_epochs=150
cascade_min_cand_epochs=50
cascade_num_candidate_groups=2
bit_fail_limit=1.00000000000000005551e-01
cascade_candidate_limit=1.00000000000000000000e+03
cascade_weight_multiplier=4.00000000000000022204e-01
cascade_activation_functions_count=10
cascade_activation_functions=3 5 7 8 10 11 14 15 16 17 
cascade_activation_steepnesses_count=4
cascade_activation_steepnesses=2.50000000000000000000e-01 5.00000000000000000000e-01 7.50000000000000000000e-01 1.00000000000000000000e+00 
layer_sizes=7 4 2 
scale_included=0
neurons (num_inputs, activation_function, activation_steepness)=(0, 0, 0.00000000000000000000e+00) (0, 0, 0.00000000000000000000e+00) (0, 0, 0.00000000000000000000e+00) (0, 0, 0.00000000000000000000e+00) (0, 0, 0.00000000000000000000e+00) (0, 0, 0.00000000000000000000e+00) (0, 0, 0.00000000000000000000e+00) (7, 6, 5.00000000000000000000e-01) (7, 6, 5.00000000000000000000e-01) (7, 6, 5.00000000000000000000e-01) (0, 6, 0.00000000000000000000e+00) (4, 4, 5.00000000000000000000e-01) (0, 4, 0.00000000000000000000e+00) 
connections (connected_to_neuron, weight)=(0, 3.15515225674549870671e-01) (1, 2.17300560495637729019e+00) (2, 1.28628681631892072268e+00) (3, 1.63883877258470844751e+00) (4, -1.42107821600431449838e-01) (5, 1.29881442018200354838e+00) (6, -1.56991408211405336637e+00) (0, 5.76941741978048483475e-01) (1, 7.88745199483267267482e-01) (2, 3.93308877783476784629e-01) (3, 3.68436413163571951923e-01) (4, 4.48725727748227193326e-02) (5, 7.11651889337299392579e-01) (6, -8.54403775312858292101e-03) (0, 1.79112979490284551787e+00) (1, -5.11965323028133845185e+00) (2, -4.11377662109386843525e+00) (3, -4.83271057354121147398e+00) (4, -2.30988534876401141460e+00) (5, -3.65801767242804620750e+00) (6, 7.80248230538990661387e+00) (7, 2.87222109965535521425e+00) (8, 4.57911625449258952170e-01) (9, -1.00195315197077352565e+01) (10, -2.13110009407930123260e+00) 
