FANN_FLO_2.1
num_layers=3
learning_rate=0.700000
connection_rate=1.000000
network_type=0
learning_momentum=0.000000
training_algorithm=2
train_error_function=1
train_stop_function=1
cascade_output_change_fraction=0.010000
quickprop_decay=-0.000100
quickprop_mu=1.750000
rprop_increase_factor=1.200000
rprop_decrease_factor=0.500000
rprop_delta_min=0.000000
rprop_delta_max=50.000000
rprop_delta_zero=0.100000
cascade_output_stagnation_epochs=12
cascade_candidate_change_fraction=0.010000
cascade_candidate_stagnation_epochs=12
cascade_max_out_epochs=150
cascade_min_out_epochs=50
cascade_max_cand_epochs=150
cascade_min_cand_epochs=50
cascade_num_candidate_groups=2
bit_fail_limit=1.00000000000000005551e-01
cascade_candidate_limit=1.00000000000000000000e+03
cascade_weight_multiplier=4.00000000000000022204e-01
cascade_activation_functions_count=10
cascade_activation_functions=3 5 7 8 10 11 14 15 16 17 
cascade_activation_steepnesses_count=4
cascade_activation_steepnesses=2.50000000000000000000e-01 5.00000000000000000000e-01 7.50000000000000000000e-01 1.00000000000000000000e+00 
layer_sizes=10 4 2 
scale_included=0
neurons (num_inputs, activation_function, activation_steepness)=(0, 0, 0.00000000000000000000e+00) (0, 0, 0.00000000000000000000e+00) (0, 0, 0.00000000000000000000e+00) (0, 0, 0.00000000000000000000e+00) (0, 0, 0.00000000000000000000e+00) (0, 0, 0.00000000000000000000e+00) (0, 0, 0.00000000000000000000e+00) (0, 0, 0.00000000000000000000e+00) (0, 0, 0.00000000000000000000e+00) (0, 0, 0.00000000000000000000e+00) (10, 6, 5.00000000000000000000e-01) (10, 6, 5.00000000000000000000e-01) (10, 6, 5.00000000000000000000e-01) (0, 6, 0.00000000000000000000e+00) (4, 4, 5.00000000000000000000e-01) (0, 4, 0.00000000000000000000e+00) 
connections (connected_to_neuron, weight)=(0, 8.62011205003703651073e+00) (1, -2.11708447279923062112e+00) (2, -1.22469394984785484581e+00) (3, -1.13982558907275288718e+00) (4, -2.18497287747460600116e+00) (5, -4.04975399365186916611e+00) (6, -5.41416527669878355766e+00) (7, 1.22177169282776816317e+01) (8, 8.52276770602656696951e+00) (9, 1.27609798119537942718e+00) (0, 2.03073483242239261060e+00) (1, 5.80492478527579613967e+00) (2, 9.31631503330284260755e+00) (3, -1.23854375719876195205e+01) (4, -3.79344740665323643114e+00) (5, -2.54095417933535028254e+00) (6, -1.93381059690817092012e+00) (7, 1.83013440625453966959e+01) (8, -3.87794497595946907609e+00) (9, -1.26460108926624625880e-01) (0, -1.00445349268359755968e+01) (1, 3.05283241102759781427e+01) (2, 2.05825236038083474455e+01) (3, 6.32296849883111988788e+00) (4, 1.24549106433850620412e+00) (5, 4.92135568511937027125e+00) (6, 5.62567137220661184216e+00) (7, -7.66936383416385858425e+00) (8, 8.33089396231470047383e+00) (9, -6.87397075565377857487e+00) (10, -1.31568031664959885774e+01) (11, -1.96348774000736447931e+01) (12, 1.83750270888064370922e+01) (13, -9.23108914468880881188e-01) 
