FANN_FLO_2.1
num_layers=3
learning_rate=0.700000
connection_rate=1.000000
network_type=0
learning_momentum=0.000000
training_algorithm=2
train_error_function=1
train_stop_function=1
cascade_output_change_fraction=0.010000
quickprop_decay=-0.000100
quickprop_mu=1.750000
rprop_increase_factor=1.200000
rprop_decrease_factor=0.500000
rprop_delta_min=0.000000
rprop_delta_max=50.000000
rprop_delta_zero=0.100000
cascade_output_stagnation_epochs=12
cascade_candidate_change_fraction=0.010000
cascade_candidate_stagnation_epochs=12
cascade_max_out_epochs=150
cascade_min_out_epochs=50
cascade_max_cand_epochs=150
cascade_min_cand_epochs=50
cascade_num_candidate_groups=2
bit_fail_limit=1.00000000000000005551e-01
cascade_candidate_limit=1.00000000000000000000e+03
cascade_weight_multiplier=4.00000000000000022204e-01
cascade_activation_functions_count=10
cascade_activation_functions=3 5 7 8 10 11 14 15 16 17 
cascade_activation_steepnesses_count=4
cascade_activation_steepnesses=2.50000000000000000000e-01 5.00000000000000000000e-01 7.50000000000000000000e-01 1.00000000000000000000e+00 
layer_sizes=13 4 2 
scale_included=0
neurons (num_inputs, activation_function, activation_steepness)=(0, 0, 0.00000000000000000000e+00) (0, 0, 0.00000000000000000000e+00) (0, 0, 0.00000000000000000000e+00) (0, 0, 0.00000000000000000000e+00) (0, 0, 0.00000000000000000000e+00) (0, 0, 0.00000000000000000000e+00) (0, 0, 0.00000000000000000000e+00) (0, 0, 0.00000000000000000000e+00) (0, 0, 0.00000000000000000000e+00) (0, 0, 0.00000000000000000000e+00) (0, 0, 0.00000000000000000000e+00) (0, 0, 0.00000000000000000000e+00) (0, 0, 0.00000000000000000000e+00) (13, 6, 5.00000000000000000000e-01) (13, 6, 5.00000000000000000000e-01) (13, 6, 5.00000000000000000000e-01) (0, 6, 0.00000000000000000000e+00) (4, 4, 5.00000000000000000000e-01) (0, 4, 0.00000000000000000000e+00) 
connections (connected_to_neuron, weight)=(0, 5.66569346935063133941e+00) (1, -1.47408868790403735360e+00) (2, -2.81786325813586024935e+00) (3, -9.46051632903543215924e-01) (4, 1.66440989317450549478e+00) (5, 1.54455410929474856729e+00) (6, 1.58737916739735629434e+00) (7, 7.42346223654121284419e-01) (8, 1.30976143715036541515e+00) (9, 2.46223200135858188986e+00) (10, -1.03697241275760232426e+00) (11, 1.55970368774685885782e+00) (12, 6.82671936547448954258e-01) (0, -1.94907532855477283462e+00) (1, 1.36092526409074232596e+00) (2, 1.34822928998938174061e+00) (3, 3.30155898960385774110e-01) (4, -9.69446449662828113603e-01) (5, -1.42298500995461640883e+00) (6, -3.15194967592510888466e+00) (7, -2.54647606311122487455e-01) (8, -8.92427339340829517411e-01) (9, -1.86448323204722354873e+00) (10, 7.49980518836473097899e-01) (11, -1.31272316362087426711e+00) (12, -3.24321908203641540158e-01) (0, -4.10913856683802869441e+00) (1, 1.30902383419915602225e+00) (2, 1.30671076942554087452e+00) (3, 2.87047808202062104677e-01) (4, -9.53908587928199436234e-01) (5, -1.33064204837505517531e+00) (6, -2.04878614320960039663e+00) (7, -2.32156687674800465970e-01) (8, -9.09990935708665515946e-01) (9, -1.85879076495375583633e+00) (10, 6.43442103881333937743e-01) (11, -1.47975422825042901565e+00) (12, -2.61915416715423177152e-01) (13, -2.86351093245322640968e+00) (14, 9.92151843384457166053e+00) (15, 9.90645392612171704627e+00) (16, -5.33130389498847501173e-01) 
