FANN_FLO_2.1
num_layers=3
learning_rate=0.700000
connection_rate=1.000000
network_type=0
learning_momentum=0.000000
training_algorithm=2
train_error_function=1
train_stop_function=1
cascade_output_change_fraction=0.010000
quickprop_decay=-0.000100
quickprop_mu=1.750000
rprop_increase_factor=1.200000
rprop_decrease_factor=0.500000
rprop_delta_min=0.000000
rprop_delta_max=50.000000
rprop_delta_zero=0.100000
cascade_output_stagnation_epochs=12
cascade_candidate_change_fraction=0.010000
cascade_candidate_stagnation_epochs=12
cascade_max_out_epochs=150
cascade_min_out_epochs=50
cascade_max_cand_epochs=150
cascade_min_cand_epochs=50
cascade_num_candidate_groups=2
bit_fail_limit=1.00000000000000005551e-01
cascade_candidate_limit=1.00000000000000000000e+03
cascade_weight_multiplier=4.00000000000000022204e-01
cascade_activation_functions_count=10
cascade_activation_functions=3 5 7 8 10 11 14 15 16 17 
cascade_activation_steepnesses_count=4
cascade_activation_steepnesses=2.50000000000000000000e-01 5.00000000000000000000e-01 7.50000000000000000000e-01 1.00000000000000000000e+00 
layer_sizes=11 4 2 
scale_included=0
neurons (num_inputs, activation_function, activation_steepness)=(0, 0, 0.00000000000000000000e+00) (0, 0, 0.00000000000000000000e+00) (0, 0, 0.00000000000000000000e+00) (0, 0, 0.00000000000000000000e+00) (0, 0, 0.00000000000000000000e+00) (0, 0, 0.00000000000000000000e+00) (0, 0, 0.00000000000000000000e+00) (0, 0, 0.00000000000000000000e+00) (0, 0, 0.00000000000000000000e+00) (0, 0, 0.00000000000000000000e+00) (0, 0, 0.00000000000000000000e+00) (11, 6, 5.00000000000000000000e-01) (11, 6, 5.00000000000000000000e-01) (11, 6, 5.00000000000000000000e-01) (0, 6, 0.00000000000000000000e+00) (4, 4, 5.00000000000000000000e-01) (0, 4, 0.00000000000000000000e+00) 
connections (connected_to_neuron, weight)=(0, -2.62906639705183486910e+01) (1, 1.03156443252180292092e+01) (2, 7.94920857826789095668e+00) (3, 3.88943057441311239586e+01) (4, 5.87245624940645960521e+00) (5, -2.21512856837198200688e-02) (6, 3.73810873228201145935e+01) (7, -2.14063075252668877368e+00) (8, 2.63757014860058980332e+00) (9, 7.84873262816902794725e+00) (10, -4.38408133046309966829e+00) (0, -2.28879837124862142161e+01) (1, -3.13439781315608945178e+00) (2, 1.30910506293794988153e+01) (3, 7.91654607653926056798e+00) (4, 1.78017288684906560547e+00) (5, -2.76777078514833185796e-01) (6, 4.99812979599613527171e+00) (7, 1.51798001589412763224e+01) (8, -4.43171824659833468729e+00) (9, 1.30943633693295566900e+01) (10, 3.18333522247820133177e-01) (0, 2.11622697325224784493e+01) (1, -7.08728624975698329180e-01) (2, 2.66011730673507429401e+00) (3, 8.20551636942210005365e-01) (4, -3.71022409705688183124e+00) (5, 4.82128847380369929265e-01) (6, 2.69462382527247690245e-01) (7, 1.03758689743166288011e+00) (8, 4.93694076256558533888e-01) (9, 2.68672566220413866489e+00) (10, -1.79249208215473587735e+00) (11, 3.23372834531622217469e+01) (12, 2.55583893969991748918e+01) (13, -8.44107664717876673421e+01) (14, 1.44768402926653466656e-01) 
