FANN_FLO_2.1
num_layers=3
learning_rate=0.700000
connection_rate=1.000000
network_type=0
learning_momentum=0.000000
training_algorithm=2
train_error_function=1
train_stop_function=1
cascade_output_change_fraction=0.010000
quickprop_decay=-0.000100
quickprop_mu=1.750000
rprop_increase_factor=1.200000
rprop_decrease_factor=0.500000
rprop_delta_min=0.000000
rprop_delta_max=50.000000
rprop_delta_zero=0.100000
cascade_output_stagnation_epochs=12
cascade_candidate_change_fraction=0.010000
cascade_candidate_stagnation_epochs=12
cascade_max_out_epochs=150
cascade_min_out_epochs=50
cascade_max_cand_epochs=150
cascade_min_cand_epochs=50
cascade_num_candidate_groups=2
bit_fail_limit=1.00000000000000005551e-01
cascade_candidate_limit=1.00000000000000000000e+03
cascade_weight_multiplier=4.00000000000000022204e-01
cascade_activation_functions_count=10
cascade_activation_functions=3 5 7 8 10 11 14 15 16 17 
cascade_activation_steepnesses_count=4
cascade_activation_steepnesses=2.50000000000000000000e-01 5.00000000000000000000e-01 7.50000000000000000000e-01 1.00000000000000000000e+00 
layer_sizes=7 4 2 
scale_included=0
neurons (num_inputs, activation_function, activation_steepness)=(0, 0, 0.00000000000000000000e+00) (0, 0, 0.00000000000000000000e+00) (0, 0, 0.00000000000000000000e+00) (0, 0, 0.00000000000000000000e+00) (0, 0, 0.00000000000000000000e+00) (0, 0, 0.00000000000000000000e+00) (0, 0, 0.00000000000000000000e+00) (7, 6, 5.00000000000000000000e-01) (7, 6, 5.00000000000000000000e-01) (7, 6, 5.00000000000000000000e-01) (0, 6, 0.00000000000000000000e+00) (4, 4, 5.00000000000000000000e-01) (0, 4, 0.00000000000000000000e+00) 
connections (connected_to_neuron, weight)=(0, 2.17436106695974018521e+00) (1, -5.07073446789978365956e+00) (2, -4.85681941763012581248e+00) (3, -4.02403234551100208449e+00) (4, 4.92637212082873865437e-01) (5, -4.24250724498205311619e+00) (6, 7.50595451583271433549e+00) (0, -2.84594660759976969544e-01) (1, 1.58237467125987252281e+00) (2, 2.53813298200758952206e+00) (3, 6.22460696737380136945e-01) (4, -3.78626538575700277711e-01) (5, 6.16905394832701792218e-01) (6, -1.10303254988669974246e+00) (0, 2.18637480034673359341e+00) (1, -3.57570679968463878140e+00) (2, -2.84391787677288876424e+00) (3, -3.51487453019487361416e+00) (4, 2.03024449392402317471e+00) (5, -2.36141649672347586630e+00) (6, 3.86508414885867157551e+00) (7, -7.81683535372786586493e+00) (8, 1.70498360739323162605e+00) (9, -4.07390449589067937808e+00) (10, -1.05946752849137482144e+00) 
