FANN_FLO_2.1
num_layers=3
learning_rate=0.700000
connection_rate=1.000000
network_type=0
learning_momentum=0.000000
training_algorithm=2
train_error_function=1
train_stop_function=1
cascade_output_change_fraction=0.010000
quickprop_decay=-0.000100
quickprop_mu=1.750000
rprop_increase_factor=1.200000
rprop_decrease_factor=0.500000
rprop_delta_min=0.000000
rprop_delta_max=50.000000
rprop_delta_zero=0.100000
cascade_output_stagnation_epochs=12
cascade_candidate_change_fraction=0.010000
cascade_candidate_stagnation_epochs=12
cascade_max_out_epochs=150
cascade_min_out_epochs=50
cascade_max_cand_epochs=150
cascade_min_cand_epochs=50
cascade_num_candidate_groups=2
bit_fail_limit=1.00000000000000005551e-01
cascade_candidate_limit=1.00000000000000000000e+03
cascade_weight_multiplier=4.00000000000000022204e-01
cascade_activation_functions_count=10
cascade_activation_functions=3 5 7 8 10 11 14 15 16 17 
cascade_activation_steepnesses_count=4
cascade_activation_steepnesses=2.50000000000000000000e-01 5.00000000000000000000e-01 7.50000000000000000000e-01 1.00000000000000000000e+00 
layer_sizes=17 4 2 
scale_included=0
neurons (num_inputs, activation_function, activation_steepness)=(0, 0, 0.00000000000000000000e+00) (0, 0, 0.00000000000000000000e+00) (0, 0, 0.00000000000000000000e+00) (0, 0, 0.00000000000000000000e+00) (0, 0, 0.00000000000000000000e+00) (0, 0, 0.00000000000000000000e+00) (0, 0, 0.00000000000000000000e+00) (0, 0, 0.00000000000000000000e+00) (0, 0, 0.00000000000000000000e+00) (0, 0, 0.00000000000000000000e+00) (0, 0, 0.00000000000000000000e+00) (0, 0, 0.00000000000000000000e+00) (0, 0, 0.00000000000000000000e+00) (0, 0, 0.00000000000000000000e+00) (0, 0, 0.00000000000000000000e+00) (0, 0, 0.00000000000000000000e+00) (0, 0, 0.00000000000000000000e+00) (17, 6, 5.00000000000000000000e-01) (17, 6, 5.00000000000000000000e-01) (17, 6, 5.00000000000000000000e-01) (0, 6, 0.00000000000000000000e+00) (4, 4, 5.00000000000000000000e-01) (0, 4, 0.00000000000000000000e+00) 
connections (connected_to_neuron, weight)=(0, -8.78040443710464657556e+00) (1, 1.99566235347204257167e+00) (2, 2.70638858248003710827e+00) (3, 4.99817371686465450331e-01) (4, 7.08415675065603100968e-01) (5, 2.91673568098970870111e+00) (6, -1.08937732621858618387e+00) (7, 1.08657762290376158631e-03) (8, 1.84546713198176171034e+00) (9, 2.10475425622933176584e+00) (10, 1.22649439354882439090e+00) (11, -1.08579558217371113793e-01) (12, 4.04812938601051552912e-01) (13, -6.99260261671968863517e-01) (14, -1.95118525092195405080e+00) (15, -3.72961359452287632976e+00) (16, -6.70969991879957761149e-01) (0, 3.25077462041374243285e+00) (1, -2.01560542014811439060e+00) (2, -2.73882428330017679841e+00) (3, 1.35182618702764045793e+00) (4, -1.23513079315256524282e+00) (5, -2.61128714141235196422e+00) (6, 1.08202983041057398950e+00) (7, -3.24583963315767998203e-01) (8, -2.34989946667651672385e+00) (9, -1.75239955069231667650e+00) (10, 4.21895492639267122303e-01) (11, 3.52998280599641611754e-01) (12, -1.61579861511038092026e+00) (13, 5.75252662259051361637e-01) (14, 1.11242175868275561257e+00) (15, 1.17289202158066308002e+00) (16, 2.07797642119281578132e+00) (0, -2.20861921296943553017e+00) (1, 1.08813593409890385644e+00) (2, 2.23161779942172167068e+00) (3, 4.07910629618586262346e-01) (4, 1.73466870566463127190e+00) (5, 1.12818863818995063220e+00) (6, -3.85495815648436573886e-02) (7, 4.99142680819732453834e-01) (8, 1.30681999738282872414e+00) (9, 1.16411335902420942645e+00) (10, 1.27845793088874737364e+00) (11, 2.84433160805578122421e-01) (12, -1.39871535967505955522e-02) (13, 2.50432357725353438305e-01) (14, -1.97509806706721136038e-01) (15, -8.98688606757594543595e-01) (16, -4.09643580043340893582e-01) (17, 2.96385101687443874852e+00) (18, -1.76338329887154969811e+01) (19, 5.46523685273496151460e-01) (20, -1.18231845861018358690e+00) 
