FANN_FLO_2.1
num_layers=3
learning_rate=0.700000
connection_rate=1.000000
network_type=0
learning_momentum=0.000000
training_algorithm=2
train_error_function=1
train_stop_function=1
cascade_output_change_fraction=0.010000
quickprop_decay=-0.000100
quickprop_mu=1.750000
rprop_increase_factor=1.200000
rprop_decrease_factor=0.500000
rprop_delta_min=0.000000
rprop_delta_max=50.000000
rprop_delta_zero=0.100000
cascade_output_stagnation_epochs=12
cascade_candidate_change_fraction=0.010000
cascade_candidate_stagnation_epochs=12
cascade_max_out_epochs=150
cascade_min_out_epochs=50
cascade_max_cand_epochs=150
cascade_min_cand_epochs=50
cascade_num_candidate_groups=2
bit_fail_limit=1.00000000000000005551e-01
cascade_candidate_limit=1.00000000000000000000e+03
cascade_weight_multiplier=4.00000000000000022204e-01
cascade_activation_functions_count=10
cascade_activation_functions=3 5 7 8 10 11 14 15 16 17 
cascade_activation_steepnesses_count=4
cascade_activation_steepnesses=2.50000000000000000000e-01 5.00000000000000000000e-01 7.50000000000000000000e-01 1.00000000000000000000e+00 
layer_sizes=10 4 2 
scale_included=0
neurons (num_inputs, activation_function, activation_steepness)=(0, 0, 0.00000000000000000000e+00) (0, 0, 0.00000000000000000000e+00) (0, 0, 0.00000000000000000000e+00) (0, 0, 0.00000000000000000000e+00) (0, 0, 0.00000000000000000000e+00) (0, 0, 0.00000000000000000000e+00) (0, 0, 0.00000000000000000000e+00) (0, 0, 0.00000000000000000000e+00) (0, 0, 0.00000000000000000000e+00) (0, 0, 0.00000000000000000000e+00) (10, 6, 5.00000000000000000000e-01) (10, 6, 5.00000000000000000000e-01) (10, 6, 5.00000000000000000000e-01) (0, 6, 0.00000000000000000000e+00) (4, 4, 5.00000000000000000000e-01) (0, 4, 0.00000000000000000000e+00) 
connections (connected_to_neuron, weight)=(0, -8.39801893425270229443e+00) (1, 1.59679430290987589558e+00) (2, 2.34272521216137230571e-01) (3, 1.42265137675534281136e+00) (4, 1.96848582091889534595e+00) (5, 2.10316762161341808124e+00) (6, 5.72803425794901954760e-01) (7, -1.29759036957733026041e-01) (8, -1.24410762797692573400e+01) (9, -2.52072172940388306017e-01) (0, -1.09292801962530941040e+01) (1, 1.92350347686793945456e+01) (2, 1.41866127483407993282e+01) (3, 2.65254936334021174105e+00) (4, 1.89473730366149406557e+00) (5, 3.06306525271899854346e+00) (6, 4.48202427639143152760e+00) (7, -5.85046368426539498131e+00) (8, 6.17380655317279902761e+00) (9, -3.76603142542667557180e+00) (0, 5.61466689141986274869e-01) (1, -4.81099173784195244252e+00) (2, -3.61096667662449188896e+00) (3, 1.35354932844419240112e+00) (4, 1.17039413321293017667e+00) (5, 2.55557572291419454746e-01) (6, 1.97049756805096093482e-01) (7, -9.61608225906373625946e+00) (8, 1.34114545172962085218e+01) (9, 6.46223337312017975798e-01) (10, 4.55008035572920945810e+01) (11, 3.68906708750573528732e+01) (12, 4.71468552750869562828e+01) (13, -3.10179100803662155528e+00) 
