FANN_FLO_2.1
num_layers=3
learning_rate=0.700000
connection_rate=1.000000
network_type=0
learning_momentum=0.000000
training_algorithm=2
train_error_function=1
train_stop_function=1
cascade_output_change_fraction=0.010000
quickprop_decay=-0.000100
quickprop_mu=1.750000
rprop_increase_factor=1.200000
rprop_decrease_factor=0.500000
rprop_delta_min=0.000000
rprop_delta_max=50.000000
rprop_delta_zero=0.100000
cascade_output_stagnation_epochs=12
cascade_candidate_change_fraction=0.010000
cascade_candidate_stagnation_epochs=12
cascade_max_out_epochs=150
cascade_min_out_epochs=50
cascade_max_cand_epochs=150
cascade_min_cand_epochs=50
cascade_num_candidate_groups=2
bit_fail_limit=1.00000000000000005551e-01
cascade_candidate_limit=1.00000000000000000000e+03
cascade_weight_multiplier=4.00000000000000022204e-01
cascade_activation_functions_count=10
cascade_activation_functions=3 5 7 8 10 11 14 15 16 17 
cascade_activation_steepnesses_count=4
cascade_activation_steepnesses=2.50000000000000000000e-01 5.00000000000000000000e-01 7.50000000000000000000e-01 1.00000000000000000000e+00 
layer_sizes=12 4 2 
scale_included=0
neurons (num_inputs, activation_function, activation_steepness)=(0, 0, 0.00000000000000000000e+00) (0, 0, 0.00000000000000000000e+00) (0, 0, 0.00000000000000000000e+00) (0, 0, 0.00000000000000000000e+00) (0, 0, 0.00000000000000000000e+00) (0, 0, 0.00000000000000000000e+00) (0, 0, 0.00000000000000000000e+00) (0, 0, 0.00000000000000000000e+00) (0, 0, 0.00000000000000000000e+00) (0, 0, 0.00000000000000000000e+00) (0, 0, 0.00000000000000000000e+00) (0, 0, 0.00000000000000000000e+00) (12, 6, 5.00000000000000000000e-01) (12, 6, 5.00000000000000000000e-01) (12, 6, 5.00000000000000000000e-01) (0, 6, 0.00000000000000000000e+00) (4, 4, 5.00000000000000000000e-01) (0, 4, 0.00000000000000000000e+00) 
connections (connected_to_neuron, weight)=(0, 2.50933276993517528908e+00) (1, -2.59262870761046348989e+00) (2, -1.98339238349451152388e+00) (3, 4.94005894748208995715e-01) (4, 5.84317340044019584155e-01) (5, -1.41308748840221598542e-01) (6, -4.31518026564961743041e-01) (7, -9.15626026762566436190e-01) (8, -9.08340625537476409335e-01) (9, -4.92607527349835705444e-01) (10, -4.60782908771878552123e-01) (11, 2.29401384093026594613e+00) (0, -7.12945151854246339518e-01) (1, 1.16113830356501424035e+00) (2, 7.05827176914160414611e-01) (3, 3.15440020522348707477e-01) (4, 2.87943428219282704372e-01) (5, 2.08523475219803133829e-01) (6, 6.76604309212610055546e-01) (7, 6.55161188419288165186e-01) (8, 6.78443101597235975753e-01) (9, 5.97345718275949066900e-01) (10, 5.26539162825986672978e-01) (11, -6.71908518589386938302e-02) (0, -2.54691576061511104623e-01) (1, 4.27230947492808987853e-01) (2, 3.10278466923583906567e-01) (3, -3.16945421404876900850e-02) (4, 1.57925156049689846549e-02) (5, -8.29979849688943782660e-02) (6, 2.13402960735234570322e-01) (7, 2.05265296396666130363e-01) (8, 2.22490493493947366632e-01) (9, 8.89371040340989627015e-02) (10, 1.75524119573506720560e-01) (11, -7.11904971288838950283e-02) (12, -2.12668388418411637986e+01) (13, 1.36826951741531965823e+00) (14, 8.91476941656100363431e-01) (15, -1.53225442386728039068e+00) 
