FANN_FLO_2.1
num_layers=3
learning_rate=0.700000
connection_rate=1.000000
network_type=0
learning_momentum=0.000000
training_algorithm=2
train_error_function=1
train_stop_function=1
cascade_output_change_fraction=0.010000
quickprop_decay=-0.000100
quickprop_mu=1.750000
rprop_increase_factor=1.200000
rprop_decrease_factor=0.500000
rprop_delta_min=0.000000
rprop_delta_max=50.000000
rprop_delta_zero=0.100000
cascade_output_stagnation_epochs=12
cascade_candidate_change_fraction=0.010000
cascade_candidate_stagnation_epochs=12
cascade_max_out_epochs=150
cascade_min_out_epochs=50
cascade_max_cand_epochs=150
cascade_min_cand_epochs=50
cascade_num_candidate_groups=2
bit_fail_limit=1.00000000000000005551e-01
cascade_candidate_limit=1.00000000000000000000e+03
cascade_weight_multiplier=4.00000000000000022204e-01
cascade_activation_functions_count=10
cascade_activation_functions=3 5 7 8 10 11 14 15 16 17 
cascade_activation_steepnesses_count=4
cascade_activation_steepnesses=2.50000000000000000000e-01 5.00000000000000000000e-01 7.50000000000000000000e-01 1.00000000000000000000e+00 
layer_sizes=12 4 2 
scale_included=0
neurons (num_inputs, activation_function, activation_steepness)=(0, 0, 0.00000000000000000000e+00) (0, 0, 0.00000000000000000000e+00) (0, 0, 0.00000000000000000000e+00) (0, 0, 0.00000000000000000000e+00) (0, 0, 0.00000000000000000000e+00) (0, 0, 0.00000000000000000000e+00) (0, 0, 0.00000000000000000000e+00) (0, 0, 0.00000000000000000000e+00) (0, 0, 0.00000000000000000000e+00) (0, 0, 0.00000000000000000000e+00) (0, 0, 0.00000000000000000000e+00) (0, 0, 0.00000000000000000000e+00) (12, 6, 5.00000000000000000000e-01) (12, 6, 5.00000000000000000000e-01) (12, 6, 5.00000000000000000000e-01) (0, 6, 0.00000000000000000000e+00) (4, 4, 5.00000000000000000000e-01) (0, 4, 0.00000000000000000000e+00) 
connections (connected_to_neuron, weight)=(0, -1.69986681822342178272e+00) (1, 8.15524021219962924611e-01) (2, 3.23186320149649208844e-01) (3, -9.85314933494227385147e-02) (4, -4.52942991190468879914e-01) (5, 1.37127202749237619983e+00) (6, 6.56581062892722999713e-01) (7, 7.75003300775448322746e-01) (8, 8.86112469776603517424e-01) (9, 7.09209798587941642189e-01) (10, -3.26760104717367827476e-01) (11, -4.11277451473951227712e-01) (0, -2.82709267051648849289e+00) (1, 1.69243966903593379136e+00) (2, 6.16225639737037034216e-01) (3, 5.71925091004756303015e-01) (4, 1.06764220870445205452e-02) (5, 1.14217325247852174996e+00) (6, 1.26626839933077239841e+00) (7, 2.10339667099929350513e+00) (8, 1.20809202348139410610e+00) (9, 3.07544426132994086487e+00) (10, -4.20670815896375449583e-01) (11, -2.21561847486925511674e+00) (0, -2.91134315045308822434e+00) (1, 1.59439358975794154283e+00) (2, 6.29493909335521073523e-01) (3, 5.09122440970328660192e-01) (4, 3.48731138981292487777e-02) (5, 1.01238641090719072579e+00) (6, 1.15850013193766021580e+00) (7, 2.55586002455802807631e+00) (8, 1.17785211359408026333e+00) (9, 3.11481843401747138245e+00) (10, -2.77252369713170576659e-01) (11, -2.14121653263242262000e+00) (12, 7.81501953145592564987e-01) (13, 4.07042531035006938112e+00) (14, 2.91537343210635242485e+01) (15, -1.26963127834187128329e+00) 
