FANN_FLO_2.1
num_layers=3
learning_rate=0.700000
connection_rate=1.000000
network_type=0
learning_momentum=0.000000
training_algorithm=2
train_error_function=1
train_stop_function=1
cascade_output_change_fraction=0.010000
quickprop_decay=-0.000100
quickprop_mu=1.750000
rprop_increase_factor=1.200000
rprop_decrease_factor=0.500000
rprop_delta_min=0.000000
rprop_delta_max=50.000000
rprop_delta_zero=0.100000
cascade_output_stagnation_epochs=12
cascade_candidate_change_fraction=0.010000
cascade_candidate_stagnation_epochs=12
cascade_max_out_epochs=150
cascade_min_out_epochs=50
cascade_max_cand_epochs=150
cascade_min_cand_epochs=50
cascade_num_candidate_groups=2
bit_fail_limit=1.00000000000000005551e-01
cascade_candidate_limit=1.00000000000000000000e+03
cascade_weight_multiplier=4.00000000000000022204e-01
cascade_activation_functions_count=10
cascade_activation_functions=3 5 7 8 10 11 14 15 16 17 
cascade_activation_steepnesses_count=4
cascade_activation_steepnesses=2.50000000000000000000e-01 5.00000000000000000000e-01 7.50000000000000000000e-01 1.00000000000000000000e+00 
layer_sizes=6 4 2 
scale_included=0
neurons (num_inputs, activation_function, activation_steepness)=(0, 0, 0.00000000000000000000e+00) (0, 0, 0.00000000000000000000e+00) (0, 0, 0.00000000000000000000e+00) (0, 0, 0.00000000000000000000e+00) (0, 0, 0.00000000000000000000e+00) (0, 0, 0.00000000000000000000e+00) (6, 6, 5.00000000000000000000e-01) (6, 6, 5.00000000000000000000e-01) (6, 6, 5.00000000000000000000e-01) (0, 6, 0.00000000000000000000e+00) (4, 4, 5.00000000000000000000e-01) (0, 4, 0.00000000000000000000e+00) 
connections (connected_to_neuron, weight)=(0, -9.77720234023186501870e-02) (1, 4.41244526261669600675e-01) (2, 2.33308642060652271510e+00) (3, 1.19228460538803482383e-01) (4, 2.28590548341634125507e+00) (5, -1.60396559351098227930e-01) (0, 4.07484118890761692899e-01) (1, -4.31343963743142655431e-01) (2, -4.47088838271835209426e-01) (3, 3.28100641102825676954e-02) (4, -5.21680957077784057674e-01) (5, 4.37876169275151772009e-01) (0, 5.10409544426057681932e+00) (1, -3.94658150599951618176e+00) (2, -5.94405108704685058996e+00) (3, 1.79588294824057492782e+00) (4, -2.21471594101434199331e+00) (5, 5.28200515122810809743e+00) (6, 6.51457170947121411153e-01) (7, -2.77788601699626225283e+00) (8, -1.84089961117372595822e+01) (9, -2.09385152740751179223e+00) 
