FANN_FLO_2.1
num_layers=3
learning_rate=0.700000
connection_rate=1.000000
network_type=0
learning_momentum=0.000000
training_algorithm=2
train_error_function=1
train_stop_function=1
cascade_output_change_fraction=0.010000
quickprop_decay=-0.000100
quickprop_mu=1.750000
rprop_increase_factor=1.200000
rprop_decrease_factor=0.500000
rprop_delta_min=0.000000
rprop_delta_max=50.000000
rprop_delta_zero=0.100000
cascade_output_stagnation_epochs=12
cascade_candidate_change_fraction=0.010000
cascade_candidate_stagnation_epochs=12
cascade_max_out_epochs=150
cascade_min_out_epochs=50
cascade_max_cand_epochs=150
cascade_min_cand_epochs=50
cascade_num_candidate_groups=2
bit_fail_limit=1.00000000000000005551e-01
cascade_candidate_limit=1.00000000000000000000e+03
cascade_weight_multiplier=4.00000000000000022204e-01
cascade_activation_functions_count=10
cascade_activation_functions=3 5 7 8 10 11 14 15 16 17 
cascade_activation_steepnesses_count=4
cascade_activation_steepnesses=2.50000000000000000000e-01 5.00000000000000000000e-01 7.50000000000000000000e-01 1.00000000000000000000e+00 
layer_sizes=12 4 2 
scale_included=0
neurons (num_inputs, activation_function, activation_steepness)=(0, 0, 0.00000000000000000000e+00) (0, 0, 0.00000000000000000000e+00) (0, 0, 0.00000000000000000000e+00) (0, 0, 0.00000000000000000000e+00) (0, 0, 0.00000000000000000000e+00) (0, 0, 0.00000000000000000000e+00) (0, 0, 0.00000000000000000000e+00) (0, 0, 0.00000000000000000000e+00) (0, 0, 0.00000000000000000000e+00) (0, 0, 0.00000000000000000000e+00) (0, 0, 0.00000000000000000000e+00) (0, 0, 0.00000000000000000000e+00) (12, 6, 5.00000000000000000000e-01) (12, 6, 5.00000000000000000000e-01) (12, 6, 5.00000000000000000000e-01) (0, 6, 0.00000000000000000000e+00) (4, 4, 5.00000000000000000000e-01) (0, 4, 0.00000000000000000000e+00) 
connections (connected_to_neuron, weight)=(0, -1.29867732724186328852e+01) (1, 9.09281761063470916895e+00) (2, -4.96375414490678290580e-01) (3, 2.92662235793704705866e-01) (4, -1.27815618491794857903e+00) (5, -3.79791793835450874894e+00) (6, 8.62932184797730883474e+00) (7, 9.30391482971374728095e+00) (8, -1.75943984512376916385e+00) (9, -1.86769188069335223545e+00) (10, -1.77174461001586541764e-01) (11, -2.31100309828518568622e+00) (0, 9.82687970975375257865e+00) (1, -1.04016970242173645289e+00) (2, 1.76620206758945275105e+00) (3, 1.50390751251731957794e+00) (4, 7.01085664645441225540e-02) (5, -2.21556876417355774755e-01) (6, -2.10320874711507643795e+00) (7, -1.03274218869483069838e+00) (8, 1.56145031390625743661e+00) (9, 1.73499613334882618609e+00) (10, 1.56938480566082660950e+00) (11, -8.48399753499436637405e-01) (0, 6.74946006401679188258e+00) (1, -1.07470668822868620218e+00) (2, 4.18469815955495982873e-01) (3, -5.14802257781269645420e-01) (4, 1.30506088982303802837e+00) (5, 3.12369181620652147657e+00) (6, -3.99890040960180970231e+00) (7, -2.43495481685947375017e-02) (8, -9.79945298945713583194e-01) (9, -3.16066806413763556893e-01) (10, 1.86021288423166564208e+00) (11, 1.97143693502970918097e+00) (12, 1.32747139006193766164e+01) (13, 2.73113506027501209417e+01) (14, -1.71301167898949344703e+01) (15, -8.95357337885061221883e-01) 
