FANN_FLO_2.1
num_layers=3
learning_rate=0.700000
connection_rate=1.000000
network_type=0
learning_momentum=0.000000
training_algorithm=2
train_error_function=1
train_stop_function=1
cascade_output_change_fraction=0.010000
quickprop_decay=-0.000100
quickprop_mu=1.750000
rprop_increase_factor=1.200000
rprop_decrease_factor=0.500000
rprop_delta_min=0.000000
rprop_delta_max=50.000000
rprop_delta_zero=0.100000
cascade_output_stagnation_epochs=12
cascade_candidate_change_fraction=0.010000
cascade_candidate_stagnation_epochs=12
cascade_max_out_epochs=150
cascade_min_out_epochs=50
cascade_max_cand_epochs=150
cascade_min_cand_epochs=50
cascade_num_candidate_groups=2
bit_fail_limit=1.00000000000000005551e-01
cascade_candidate_limit=1.00000000000000000000e+03
cascade_weight_multiplier=4.00000000000000022204e-01
cascade_activation_functions_count=10
cascade_activation_functions=3 5 7 8 10 11 14 15 16 17 
cascade_activation_steepnesses_count=4
cascade_activation_steepnesses=2.50000000000000000000e-01 5.00000000000000000000e-01 7.50000000000000000000e-01 1.00000000000000000000e+00 
layer_sizes=14 4 2 
scale_included=0
neurons (num_inputs, activation_function, activation_steepness)=(0, 0, 0.00000000000000000000e+00) (0, 0, 0.00000000000000000000e+00) (0, 0, 0.00000000000000000000e+00) (0, 0, 0.00000000000000000000e+00) (0, 0, 0.00000000000000000000e+00) (0, 0, 0.00000000000000000000e+00) (0, 0, 0.00000000000000000000e+00) (0, 0, 0.00000000000000000000e+00) (0, 0, 0.00000000000000000000e+00) (0, 0, 0.00000000000000000000e+00) (0, 0, 0.00000000000000000000e+00) (0, 0, 0.00000000000000000000e+00) (0, 0, 0.00000000000000000000e+00) (0, 0, 0.00000000000000000000e+00) (14, 6, 5.00000000000000000000e-01) (14, 6, 5.00000000000000000000e-01) (14, 6, 5.00000000000000000000e-01) (0, 6, 0.00000000000000000000e+00) (4, 4, 5.00000000000000000000e-01) (0, 4, 0.00000000000000000000e+00) 
connections (connected_to_neuron, weight)=(0, 8.94299286093238721129e-01) (1, 1.76455791121361116325e+01) (2, -4.56413749326653295224e-01) (3, 8.79994590877069771118e-01) (4, 1.86972616652951351135e+00) (5, 4.47755896936746733417e+00) (6, -3.96486811394573601675e+00) (7, 4.24948410672362220097e-01) (8, 3.03127787532036452323e-01) (9, 3.88151707964686676355e-01) (10, 7.91046495723580278536e+00) (11, 7.86152458923911012789e+00) (12, 7.80198183643673814913e+00) (13, 6.52000566489220667599e-01) (0, -3.90516693159892902543e-01) (1, 2.70653014781400891309e+01) (2, 1.32378996629344936053e+00) (3, -8.37579023202524974856e-01) (4, -1.46134209597233888367e+00) (5, -3.55580163033018736840e+00) (6, 2.95937534436363458568e+00) (7, 5.83057384213208074186e-02) (8, -9.84526318015000317940e-02) (9, -5.60138888476018406704e-02) (10, -4.43389492285175457198e+00) (11, -4.38679570880456104476e+00) (12, -4.37985897239966526229e+00) (13, -1.76937390307867259409e-01) (0, -5.54468112453773476211e-01) (1, 2.70695728214904995923e+01) (2, 1.32227311749088283221e+00) (3, -7.45635721942053741884e-01) (4, -1.46782103890303727844e+00) (5, -3.60331194506297736169e+00) (6, 2.94847530886310815745e+00) (7, 8.03688523986838820878e-02) (8, -1.08855057925119111384e-01) (9, -1.84654592704546871573e-01) (10, -4.39222224977536335189e+00) (11, -4.28298445221705570418e+00) (12, -4.32876005944533481795e+00) (13, -1.83286290804826945688e-01) (14, -2.30077747651468778045e+00) (15, 6.78537481745256876309e+00) (16, 6.74753483851923441250e+00) (17, -1.54067620824062556650e-01) 
