FANN_FLO_2.1
num_layers=3
learning_rate=0.700000
connection_rate=1.000000
network_type=0
learning_momentum=0.000000
training_algorithm=2
train_error_function=1
train_stop_function=1
cascade_output_change_fraction=0.010000
quickprop_decay=-0.000100
quickprop_mu=1.750000
rprop_increase_factor=1.200000
rprop_decrease_factor=0.500000
rprop_delta_min=0.000000
rprop_delta_max=50.000000
rprop_delta_zero=0.100000
cascade_output_stagnation_epochs=12
cascade_candidate_change_fraction=0.010000
cascade_candidate_stagnation_epochs=12
cascade_max_out_epochs=150
cascade_min_out_epochs=50
cascade_max_cand_epochs=150
cascade_min_cand_epochs=50
cascade_num_candidate_groups=2
bit_fail_limit=1.00000000000000005551e-01
cascade_candidate_limit=1.00000000000000000000e+03
cascade_weight_multiplier=4.00000000000000022204e-01
cascade_activation_functions_count=10
cascade_activation_functions=3 5 7 8 10 11 14 15 16 17 
cascade_activation_steepnesses_count=4
cascade_activation_steepnesses=2.50000000000000000000e-01 5.00000000000000000000e-01 7.50000000000000000000e-01 1.00000000000000000000e+00 
layer_sizes=7 4 2 
scale_included=0
neurons (num_inputs, activation_function, activation_steepness)=(0, 0, 0.00000000000000000000e+00) (0, 0, 0.00000000000000000000e+00) (0, 0, 0.00000000000000000000e+00) (0, 0, 0.00000000000000000000e+00) (0, 0, 0.00000000000000000000e+00) (0, 0, 0.00000000000000000000e+00) (0, 0, 0.00000000000000000000e+00) (7, 6, 5.00000000000000000000e-01) (7, 6, 5.00000000000000000000e-01) (7, 6, 5.00000000000000000000e-01) (0, 6, 0.00000000000000000000e+00) (4, 4, 5.00000000000000000000e-01) (0, 4, 0.00000000000000000000e+00) 
connections (connected_to_neuron, weight)=(0, 1.44599623313564461569e+03) (1, -1.48785638650649320880e+03) (2, 9.15799990797042710255e+02) (3, 8.65799990797042710255e+02) (4, 8.65799990797042710255e+02) (5, 8.65799990797042710255e+02) (6, 1.39054694644636629164e+03) (0, 1.26117999379778051861e+01) (1, -7.53953388812066283009e+00) (2, -8.06550191146500594641e+00) (3, -1.94562991883890190614e+00) (4, -5.41300149142707631711e-01) (5, -4.57338003175364171682e+00) (6, 7.59549993532049683154e+00) (0, 1.44599623313564461569e+03) (1, -1.48785638650649320880e+03) (2, 9.15799990797042710255e+02) (3, 8.65799990797042710255e+02) (4, 8.65799990797042710255e+02) (5, 8.65799990797042710255e+02) (6, 1.39050012017316339552e+03) (7, -1.22136944875227682061e+00) (8, -7.45851426515846593901e+00) (9, -1.25078237027036376361e+00) (10, -1.29480063312601156866e+00) 
