FANN_FLO_2.1
num_layers=3
learning_rate=0.700000
connection_rate=1.000000
network_type=0
learning_momentum=0.000000
training_algorithm=2
train_error_function=1
train_stop_function=1
cascade_output_change_fraction=0.010000
quickprop_decay=-0.000100
quickprop_mu=1.750000
rprop_increase_factor=1.200000
rprop_decrease_factor=0.500000
rprop_delta_min=0.000000
rprop_delta_max=50.000000
rprop_delta_zero=0.100000
cascade_output_stagnation_epochs=12
cascade_candidate_change_fraction=0.010000
cascade_candidate_stagnation_epochs=12
cascade_max_out_epochs=150
cascade_min_out_epochs=50
cascade_max_cand_epochs=150
cascade_min_cand_epochs=50
cascade_num_candidate_groups=2
bit_fail_limit=1.00000000000000005551e-01
cascade_candidate_limit=1.00000000000000000000e+03
cascade_weight_multiplier=4.00000000000000022204e-01
cascade_activation_functions_count=10
cascade_activation_functions=3 5 7 8 10 11 14 15 16 17 
cascade_activation_steepnesses_count=4
cascade_activation_steepnesses=2.50000000000000000000e-01 5.00000000000000000000e-01 7.50000000000000000000e-01 1.00000000000000000000e+00 
layer_sizes=8 4 2 
scale_included=0
neurons (num_inputs, activation_function, activation_steepness)=(0, 0, 0.00000000000000000000e+00) (0, 0, 0.00000000000000000000e+00) (0, 0, 0.00000000000000000000e+00) (0, 0, 0.00000000000000000000e+00) (0, 0, 0.00000000000000000000e+00) (0, 0, 0.00000000000000000000e+00) (0, 0, 0.00000000000000000000e+00) (0, 0, 0.00000000000000000000e+00) (8, 6, 5.00000000000000000000e-01) (8, 6, 5.00000000000000000000e-01) (8, 6, 5.00000000000000000000e-01) (0, 6, 0.00000000000000000000e+00) (4, 4, 5.00000000000000000000e-01) (0, 4, 0.00000000000000000000e+00) 
connections (connected_to_neuron, weight)=(0, -1.82065012177495533230e+00) (1, 1.20436983819601062251e+00) (2, 9.66973749482220146234e-01) (3, 3.55470424813845997658e-01) (4, 2.42469544379243756582e-01) (5, -4.34789744687326062955e-01) (6, 8.66004575540584159432e-02) (7, -9.28766800700152828085e-01) (0, -2.14144018534187008385e+00) (1, 1.71071063371160159150e+00) (2, 2.26342913089616093458e+00) (3, 1.76219478334167678479e-01) (4, 7.59913411061973326222e-02) (5, -7.21328505128311703309e-01) (6, -1.56409567065652732598e-01) (7, -1.82098513122358429683e+00) (0, -2.14050394538406063560e+00) (1, 2.22195060422575840775e+00) (2, 2.19754060684067997755e+00) (3, -7.92252837431880241326e-01) (4, -1.12408686358719117626e-02) (5, -7.00297524034666607484e-01) (6, -4.22525311188068214419e-02) (7, -1.92536945666828263057e+00) (8, 9.64544141984752134711e-01) (9, 7.80986355208221283419e+00) (10, 7.82500863038364258273e+00) (11, -2.39157698932629569910e+00) 
