FANN_FLO_2.1
num_layers=3
learning_rate=0.700000
connection_rate=1.000000
network_type=0
learning_momentum=0.000000
training_algorithm=2
train_error_function=1
train_stop_function=1
cascade_output_change_fraction=0.010000
quickprop_decay=-0.000100
quickprop_mu=1.750000
rprop_increase_factor=1.200000
rprop_decrease_factor=0.500000
rprop_delta_min=0.000000
rprop_delta_max=50.000000
rprop_delta_zero=0.100000
cascade_output_stagnation_epochs=12
cascade_candidate_change_fraction=0.010000
cascade_candidate_stagnation_epochs=12
cascade_max_out_epochs=150
cascade_min_out_epochs=50
cascade_max_cand_epochs=150
cascade_min_cand_epochs=50
cascade_num_candidate_groups=2
bit_fail_limit=1.00000000000000005551e-01
cascade_candidate_limit=1.00000000000000000000e+03
cascade_weight_multiplier=4.00000000000000022204e-01
cascade_activation_functions_count=10
cascade_activation_functions=3 5 7 8 10 11 14 15 16 17 
cascade_activation_steepnesses_count=4
cascade_activation_steepnesses=2.50000000000000000000e-01 5.00000000000000000000e-01 7.50000000000000000000e-01 1.00000000000000000000e+00 
layer_sizes=12 4 2 
scale_included=0
neurons (num_inputs, activation_function, activation_steepness)=(0, 0, 0.00000000000000000000e+00) (0, 0, 0.00000000000000000000e+00) (0, 0, 0.00000000000000000000e+00) (0, 0, 0.00000000000000000000e+00) (0, 0, 0.00000000000000000000e+00) (0, 0, 0.00000000000000000000e+00) (0, 0, 0.00000000000000000000e+00) (0, 0, 0.00000000000000000000e+00) (0, 0, 0.00000000000000000000e+00) (0, 0, 0.00000000000000000000e+00) (0, 0, 0.00000000000000000000e+00) (0, 0, 0.00000000000000000000e+00) (12, 6, 5.00000000000000000000e-01) (12, 6, 5.00000000000000000000e-01) (12, 6, 5.00000000000000000000e-01) (0, 6, 0.00000000000000000000e+00) (4, 4, 5.00000000000000000000e-01) (0, 4, 0.00000000000000000000e+00) 
connections (connected_to_neuron, weight)=(0, -1.64122679640499868903e+00) (1, -2.51663540790084425680e+01) (2, 2.26545960720818470691e+02) (3, 1.42847970981997862694e-01) (4, -2.65068583504839807574e+01) (5, 1.25914988638814779875e+01) (6, 1.06177631250980315514e+01) (7, 1.08703115420448206407e+01) (8, 1.34304474357103437177e-01) (9, 2.03505550943444157852e+00) (10, -1.24586268495307113113e+01) (11, 5.39208305046235847335e-01) (0, -4.34492905024726994156e+00) (1, -3.08095454398824131204e+01) (2, 4.86851259037225872817e+02) (3, -4.32360487686548777830e-01) (4, -3.83701225565755521529e+01) (5, 2.90432257050092488271e+01) (6, 6.09069429602617375963e+01) (7, 1.51208402912458211631e+02) (8, -6.54350159362727806789e-02) (9, 4.91804897041328725749e+00) (10, 1.68804709145324167707e+01) (11, 1.65562144764552376941e+00) (0, 1.36759749496017724013e+00) (1, 1.50000000000000000000e+03) (2, 2.24423401754827533949e+00) (3, 1.10036430241919891415e+00) (4, 1.50000000000000000000e+03) (5, 1.37613588979407941437e+00) (6, 1.20150559076848661988e+00) (7, 2.13541325860333497388e+00) (8, 1.17941549729958339299e+00) (9, 2.01799494854052552384e+00) (10, 1.17670436050953375329e+00) (11, -1.52514887370275054046e+00) (12, -3.41815653858855705849e+00) (13, -8.38777845338485050775e+00) (14, 1.58079006151660870216e+01) (15, -1.24268921125538467365e+00) 
