FANN_FLO_2.1
num_layers=3
learning_rate=0.700000
connection_rate=1.000000
network_type=0
learning_momentum=0.000000
training_algorithm=2
train_error_function=1
train_stop_function=1
cascade_output_change_fraction=0.010000
quickprop_decay=-0.000100
quickprop_mu=1.750000
rprop_increase_factor=1.200000
rprop_decrease_factor=0.500000
rprop_delta_min=0.000000
rprop_delta_max=50.000000
rprop_delta_zero=0.100000
cascade_output_stagnation_epochs=12
cascade_candidate_change_fraction=0.010000
cascade_candidate_stagnation_epochs=12
cascade_max_out_epochs=150
cascade_min_out_epochs=50
cascade_max_cand_epochs=150
cascade_min_cand_epochs=50
cascade_num_candidate_groups=2
bit_fail_limit=1.00000000000000005551e-01
cascade_candidate_limit=1.00000000000000000000e+03
cascade_weight_multiplier=4.00000000000000022204e-01
cascade_activation_functions_count=10
cascade_activation_functions=3 5 7 8 10 11 14 15 16 17 
cascade_activation_steepnesses_count=4
cascade_activation_steepnesses=2.50000000000000000000e-01 5.00000000000000000000e-01 7.50000000000000000000e-01 1.00000000000000000000e+00 
layer_sizes=14 4 2 
scale_included=0
neurons (num_inputs, activation_function, activation_steepness)=(0, 0, 0.00000000000000000000e+00) (0, 0, 0.00000000000000000000e+00) (0, 0, 0.00000000000000000000e+00) (0, 0, 0.00000000000000000000e+00) (0, 0, 0.00000000000000000000e+00) (0, 0, 0.00000000000000000000e+00) (0, 0, 0.00000000000000000000e+00) (0, 0, 0.00000000000000000000e+00) (0, 0, 0.00000000000000000000e+00) (0, 0, 0.00000000000000000000e+00) (0, 0, 0.00000000000000000000e+00) (0, 0, 0.00000000000000000000e+00) (0, 0, 0.00000000000000000000e+00) (0, 0, 0.00000000000000000000e+00) (14, 6, 5.00000000000000000000e-01) (14, 6, 5.00000000000000000000e-01) (14, 6, 5.00000000000000000000e-01) (0, 6, 0.00000000000000000000e+00) (4, 4, 5.00000000000000000000e-01) (0, 4, 0.00000000000000000000e+00) 
connections (connected_to_neuron, weight)=(0, -1.92943683431481787238e+01) (1, 3.36729946693469062158e-01) (2, 9.30385381712294678991e-01) (3, -2.02307902084038504498e+00) (4, 2.23034511278305896953e-01) (5, -9.45780873332245142215e-01) (6, 2.33122461939692687816e-01) (7, -4.68890479532050874489e-02) (8, -8.93997611273623205008e-01) (9, 5.79991994542640387778e+00) (10, -3.38803579929498471790e-02) (11, 6.97120771404608507993e+00) (12, 6.97364867306703023475e-02) (13, 1.12182646368630645206e+00) (0, 1.01910901241236722115e+01) (1, 9.92616058019321068073e-02) (2, 6.05302557043022493311e-01) (3, 2.97814895758472142351e-01) (4, 2.38968523833132190370e-01) (5, 1.06699882966591985678e+00) (6, 2.56841705970784095481e-01) (7, 7.27088639855768215092e-01) (8, 9.88884080832921785742e-01) (9, -1.78352763542897041482e+00) (10, 8.37935291506788137994e-01) (11, 1.18632945491363969381e+02) (12, 9.75467686770884190306e-02) (13, -1.75904739242899399443e+00) (0, -7.13727407279163941212e+01) (1, 5.84474806075427189000e+00) (2, 2.80069221636443943524e+00) (3, 3.08096369924246680227e+01) (4, 6.85235101659710998945e+00) (5, -6.62258031637964528215e+00) (6, 9.11590742129847475539e-01) (7, 1.64758647110769218536e+00) (8, 5.24700373533837804985e+01) (9, 1.86852077180396562994e+01) (10, 2.50883395615272064560e-01) (11, 1.53395170814399648407e+02) (12, 4.87809009677264010518e-02) (13, 2.51974874879087049409e-03) (14, 2.53361090153014920645e+01) (15, -2.59290725996775002216e+01) (16, 5.83463254850826729125e+00) (17, -3.98953863439923728240e-01) 
