FANN_FLO_2.1
num_layers=3
learning_rate=0.700000
connection_rate=1.000000
network_type=0
learning_momentum=0.000000
training_algorithm=2
train_error_function=1
train_stop_function=1
cascade_output_change_fraction=0.010000
quickprop_decay=-0.000100
quickprop_mu=1.750000
rprop_increase_factor=1.200000
rprop_decrease_factor=0.500000
rprop_delta_min=0.000000
rprop_delta_max=50.000000
rprop_delta_zero=0.100000
cascade_output_stagnation_epochs=12
cascade_candidate_change_fraction=0.010000
cascade_candidate_stagnation_epochs=12
cascade_max_out_epochs=150
cascade_min_out_epochs=50
cascade_max_cand_epochs=150
cascade_min_cand_epochs=50
cascade_num_candidate_groups=2
bit_fail_limit=1.00000000000000005551e-01
cascade_candidate_limit=1.00000000000000000000e+03
cascade_weight_multiplier=4.00000000000000022204e-01
cascade_activation_functions_count=10
cascade_activation_functions=3 5 7 8 10 11 14 15 16 17 
cascade_activation_steepnesses_count=4
cascade_activation_steepnesses=2.50000000000000000000e-01 5.00000000000000000000e-01 7.50000000000000000000e-01 1.00000000000000000000e+00 
layer_sizes=12 4 2 
scale_included=0
neurons (num_inputs, activation_function, activation_steepness)=(0, 0, 0.00000000000000000000e+00) (0, 0, 0.00000000000000000000e+00) (0, 0, 0.00000000000000000000e+00) (0, 0, 0.00000000000000000000e+00) (0, 0, 0.00000000000000000000e+00) (0, 0, 0.00000000000000000000e+00) (0, 0, 0.00000000000000000000e+00) (0, 0, 0.00000000000000000000e+00) (0, 0, 0.00000000000000000000e+00) (0, 0, 0.00000000000000000000e+00) (0, 0, 0.00000000000000000000e+00) (0, 0, 0.00000000000000000000e+00) (12, 6, 5.00000000000000000000e-01) (12, 6, 5.00000000000000000000e-01) (12, 6, 5.00000000000000000000e-01) (0, 6, 0.00000000000000000000e+00) (4, 4, 5.00000000000000000000e-01) (0, 4, 0.00000000000000000000e+00) 
connections (connected_to_neuron, weight)=(0, -1.09293981073963131223e+00) (1, 1.52356127635655225205e+00) (2, 1.38730998876052957769e+00) (3, -9.30586794387099791592e-01) (4, 1.06167285571496394780e+00) (5, 6.69966810886025859739e-02) (6, 1.18784106204907802251e+00) (7, 1.48779791304308295352e+00) (8, -6.25617008112406058906e-01) (9, -7.19935855890092235576e-01) (10, 1.14090419242780116704e+00) (11, -1.20342343850600208555e+00) (0, -7.33883435536386685705e-01) (1, 9.95166959749521740086e-01) (2, 5.91238114060572361730e-01) (3, -4.40085949593473496622e-02) (4, -7.60998317984603721981e-03) (5, 8.05824189889596011194e-03) (6, 3.70187673530194827354e-02) (7, 6.75501442621809888855e-01) (8, -1.66815624915878257806e-01) (9, -2.06960074740380528535e-01) (10, 4.23101026377294062164e-02) (11, -1.22479822298803320280e+00) (0, -2.00791249442766650546e+00) (1, 1.94769710387326799861e+00) (2, 1.37442314418512445684e+00) (3, 9.08822337723684481325e-01) (4, 1.17366765121619609502e+00) (5, 3.62526756727197696506e-01) (6, 1.07560626844565776494e+00) (7, 2.27831573766917294677e+00) (8, 1.50716670570900296289e-01) (9, -8.32646109279527979474e-01) (10, 1.09755744094650653508e+00) (11, -2.04414443690250902108e+00) (12, 2.85286771567998975740e+00) (13, 7.34972571926397844067e+00) (14, 1.45541770435897976910e+01) (15, -1.53627955555441042534e+00) 
