FANN_FLO_2.1
num_layers=3
learning_rate=0.700000
connection_rate=1.000000
network_type=0
learning_momentum=0.000000
training_algorithm=2
train_error_function=1
train_stop_function=1
cascade_output_change_fraction=0.010000
quickprop_decay=-0.000100
quickprop_mu=1.750000
rprop_increase_factor=1.200000
rprop_decrease_factor=0.500000
rprop_delta_min=0.000000
rprop_delta_max=50.000000
rprop_delta_zero=0.100000
cascade_output_stagnation_epochs=12
cascade_candidate_change_fraction=0.010000
cascade_candidate_stagnation_epochs=12
cascade_max_out_epochs=150
cascade_min_out_epochs=50
cascade_max_cand_epochs=150
cascade_min_cand_epochs=50
cascade_num_candidate_groups=2
bit_fail_limit=1.00000000000000005551e-01
cascade_candidate_limit=1.00000000000000000000e+03
cascade_weight_multiplier=4.00000000000000022204e-01
cascade_activation_functions_count=10
cascade_activation_functions=3 5 7 8 10 11 14 15 16 17 
cascade_activation_steepnesses_count=4
cascade_activation_steepnesses=2.50000000000000000000e-01 5.00000000000000000000e-01 7.50000000000000000000e-01 1.00000000000000000000e+00 
layer_sizes=7 4 2 
scale_included=0
neurons (num_inputs, activation_function, activation_steepness)=(0, 0, 0.00000000000000000000e+00) (0, 0, 0.00000000000000000000e+00) (0, 0, 0.00000000000000000000e+00) (0, 0, 0.00000000000000000000e+00) (0, 0, 0.00000000000000000000e+00) (0, 0, 0.00000000000000000000e+00) (0, 0, 0.00000000000000000000e+00) (7, 6, 5.00000000000000000000e-01) (7, 6, 5.00000000000000000000e-01) (7, 6, 5.00000000000000000000e-01) (0, 6, 0.00000000000000000000e+00) (4, 4, 5.00000000000000000000e-01) (0, 4, 0.00000000000000000000e+00) 
connections (connected_to_neuron, weight)=(0, -2.93174387195389751781e+00) (1, 4.01221696813872519272e+00) (2, 1.15915512087628402860e-01) (3, 3.52239893403981929598e-01) (4, -4.71829014222592546535e-01) (5, -2.07695306388210210180e-01) (6, -9.88787547686223011745e-01) (0, -2.47088464369457222469e-01) (1, 4.78053197999241119565e-01) (2, 5.83103188085419832376e-01) (3, 1.56771687364472511739e+00) (4, 6.44243942280863346461e-01) (5, 5.87401211964947878030e-01) (6, -1.00535485861622031489e-01) (0, -3.44786767760845958009e+00) (1, 2.19013719550528840330e+00) (2, 1.57746406359844271172e+00) (3, 2.32658690392718714435e+00) (4, 1.12100389722292503869e+00) (5, 1.47633474331921843437e+00) (6, -1.75836611884700322328e+00) (7, 2.55493652300380791331e+00) (8, 1.62895082495464604833e+00) (9, 7.76667003511521425452e+00) (10, -2.74396259399983799554e+00) 
