FANN_FLO_2.1
num_layers=3
learning_rate=0.700000
connection_rate=1.000000
network_type=0
learning_momentum=0.000000
training_algorithm=2
train_error_function=1
train_stop_function=1
cascade_output_change_fraction=0.010000
quickprop_decay=-0.000100
quickprop_mu=1.750000
rprop_increase_factor=1.200000
rprop_decrease_factor=0.500000
rprop_delta_min=0.000000
rprop_delta_max=50.000000
rprop_delta_zero=0.100000
cascade_output_stagnation_epochs=12
cascade_candidate_change_fraction=0.010000
cascade_candidate_stagnation_epochs=12
cascade_max_out_epochs=150
cascade_min_out_epochs=50
cascade_max_cand_epochs=150
cascade_min_cand_epochs=50
cascade_num_candidate_groups=2
bit_fail_limit=1.00000000000000005551e-01
cascade_candidate_limit=1.00000000000000000000e+03
cascade_weight_multiplier=4.00000000000000022204e-01
cascade_activation_functions_count=10
cascade_activation_functions=3 5 7 8 10 11 14 15 16 17 
cascade_activation_steepnesses_count=4
cascade_activation_steepnesses=2.50000000000000000000e-01 5.00000000000000000000e-01 7.50000000000000000000e-01 1.00000000000000000000e+00 
layer_sizes=6 4 2 
scale_included=0
neurons (num_inputs, activation_function, activation_steepness)=(0, 0, 0.00000000000000000000e+00) (0, 0, 0.00000000000000000000e+00) (0, 0, 0.00000000000000000000e+00) (0, 0, 0.00000000000000000000e+00) (0, 0, 0.00000000000000000000e+00) (0, 0, 0.00000000000000000000e+00) (6, 6, 5.00000000000000000000e-01) (6, 6, 5.00000000000000000000e-01) (6, 6, 5.00000000000000000000e-01) (0, 6, 0.00000000000000000000e+00) (4, 4, 5.00000000000000000000e-01) (0, 4, 0.00000000000000000000e+00) 
connections (connected_to_neuron, weight)=(0, -4.19279325858956930517e+00) (1, 1.64163629019444035073e+00) (2, 3.67573460369023274907e-01) (3, 5.10722049710769954167e-01) (4, 8.55107985726264341331e-01) (5, -5.35449764462481603289e-01) (0, 8.99871937404227750790e+00) (1, 8.35293582897540798360e-02) (2, 1.13523515265148855491e+00) (3, 9.35211542321545574730e-01) (4, -4.13221124996168143184e+00) (5, 6.19407665249628447413e+00) (0, -4.15515890952630684296e+00) (1, 2.58206843198149105234e+00) (2, 1.57395199602593605093e+00) (3, 1.99770113228823609219e+00) (4, 4.25402330379354332024e+00) (5, -3.37573509141374161757e+00) (6, 1.78073796077824653139e+00) (7, -8.39380404827806292367e-01) (8, 1.45107142474096573181e+01) (9, -1.50727351557203581578e+00) 
