FANN_FLO_2.1
num_layers=3
learning_rate=0.700000
connection_rate=1.000000
network_type=0
learning_momentum=0.000000
training_algorithm=2
train_error_function=1
train_stop_function=1
cascade_output_change_fraction=0.010000
quickprop_decay=-0.000100
quickprop_mu=1.750000
rprop_increase_factor=1.200000
rprop_decrease_factor=0.500000
rprop_delta_min=0.000000
rprop_delta_max=50.000000
rprop_delta_zero=0.100000
cascade_output_stagnation_epochs=12
cascade_candidate_change_fraction=0.010000
cascade_candidate_stagnation_epochs=12
cascade_max_out_epochs=150
cascade_min_out_epochs=50
cascade_max_cand_epochs=150
cascade_min_cand_epochs=50
cascade_num_candidate_groups=2
bit_fail_limit=1.00000000000000005551e-01
cascade_candidate_limit=1.00000000000000000000e+03
cascade_weight_multiplier=4.00000000000000022204e-01
cascade_activation_functions_count=10
cascade_activation_functions=3 5 7 8 10 11 14 15 16 17 
cascade_activation_steepnesses_count=4
cascade_activation_steepnesses=2.50000000000000000000e-01 5.00000000000000000000e-01 7.50000000000000000000e-01 1.00000000000000000000e+00 
layer_sizes=9 4 2 
scale_included=0
neurons (num_inputs, activation_function, activation_steepness)=(0, 0, 0.00000000000000000000e+00) (0, 0, 0.00000000000000000000e+00) (0, 0, 0.00000000000000000000e+00) (0, 0, 0.00000000000000000000e+00) (0, 0, 0.00000000000000000000e+00) (0, 0, 0.00000000000000000000e+00) (0, 0, 0.00000000000000000000e+00) (0, 0, 0.00000000000000000000e+00) (0, 0, 0.00000000000000000000e+00) (9, 6, 5.00000000000000000000e-01) (9, 6, 5.00000000000000000000e-01) (9, 6, 5.00000000000000000000e-01) (0, 6, 0.00000000000000000000e+00) (4, 4, 5.00000000000000000000e-01) (0, 4, 0.00000000000000000000e+00) 
connections (connected_to_neuron, weight)=(0, -3.07804911525061575261e+00) (1, 2.35764764608286148118e+00) (2, 2.16316924138800725785e+00) (3, 1.65548246566009060743e+00) (4, -4.50260822572813801390e-01) (5, 5.21490770589308483274e-01) (6, 1.06545340706874158698e+00) (7, 4.38149432848887465664e-01) (8, -2.87908767773431906178e+00) (0, 3.98221756082023725654e+00) (1, -3.17436630592480995006e+00) (2, -1.87323017997307728066e+00) (3, -1.83212491051280257359e+00) (4, -2.74426992218492926678e-01) (5, 3.14336191830830835592e-01) (6, -2.98238556067942084393e-01) (7, 1.77892103759246134054e-01) (8, 3.16808202766622271085e+00) (0, -3.05879204661658254949e+00) (1, 2.25141878039978271531e+00) (2, 2.03738820447461277396e+00) (3, 1.68509794983815686109e+00) (4, 2.27087834639917662827e-01) (5, 5.82204747210936290891e-01) (6, 9.14835919340146075385e-01) (7, 4.38788603257136367031e-01) (8, -2.82156181200069555715e+00) (9, 2.96606020351216059794e+00) (10, -3.94516639129775059658e+00) (11, 3.01665669401451808085e+00) (12, -1.97076577746082781672e+00) 
