FANN_FLO_2.1
num_layers=3
learning_rate=0.700000
connection_rate=1.000000
network_type=0
learning_momentum=0.000000
training_algorithm=2
train_error_function=1
train_stop_function=1
cascade_output_change_fraction=0.010000
quickprop_decay=-0.000100
quickprop_mu=1.750000
rprop_increase_factor=1.200000
rprop_decrease_factor=0.500000
rprop_delta_min=0.000000
rprop_delta_max=50.000000
rprop_delta_zero=0.100000
cascade_output_stagnation_epochs=12
cascade_candidate_change_fraction=0.010000
cascade_candidate_stagnation_epochs=12
cascade_max_out_epochs=150
cascade_min_out_epochs=50
cascade_max_cand_epochs=150
cascade_min_cand_epochs=50
cascade_num_candidate_groups=2
bit_fail_limit=1.00000000000000005551e-01
cascade_candidate_limit=1.00000000000000000000e+03
cascade_weight_multiplier=4.00000000000000022204e-01
cascade_activation_functions_count=10
cascade_activation_functions=3 5 7 8 10 11 14 15 16 17 
cascade_activation_steepnesses_count=4
cascade_activation_steepnesses=2.50000000000000000000e-01 5.00000000000000000000e-01 7.50000000000000000000e-01 1.00000000000000000000e+00 
layer_sizes=13 4 2 
scale_included=0
neurons (num_inputs, activation_function, activation_steepness)=(0, 0, 0.00000000000000000000e+00) (0, 0, 0.00000000000000000000e+00) (0, 0, 0.00000000000000000000e+00) (0, 0, 0.00000000000000000000e+00) (0, 0, 0.00000000000000000000e+00) (0, 0, 0.00000000000000000000e+00) (0, 0, 0.00000000000000000000e+00) (0, 0, 0.00000000000000000000e+00) (0, 0, 0.00000000000000000000e+00) (0, 0, 0.00000000000000000000e+00) (0, 0, 0.00000000000000000000e+00) (0, 0, 0.00000000000000000000e+00) (0, 0, 0.00000000000000000000e+00) (13, 6, 5.00000000000000000000e-01) (13, 6, 5.00000000000000000000e-01) (13, 6, 5.00000000000000000000e-01) (0, 6, 0.00000000000000000000e+00) (4, 4, 5.00000000000000000000e-01) (0, 4, 0.00000000000000000000e+00) 
connections (connected_to_neuron, weight)=(0, -1.48658049758921340100e+00) (1, 1.26844202284145946003e+00) (2, 8.66153243532195360466e-01) (3, 1.96129765379836862316e+00) (4, -4.18830076768612946658e-01) (5, 1.87339973979157070616e+00) (6, -3.48410351752761382471e+00) (7, 1.93096704363150650785e+00) (8, 4.13385966786054159794e-01) (9, -1.74085401352292307164e-01) (10, 1.88816453118999216798e+00) (11, 7.09388688306681114426e-01) (12, -1.49398880727187099993e+00) (0, -7.63287323711815512972e-01) (1, 2.02856155003568616735e+00) (2, 7.84733060350432665153e-01) (3, 2.04395496118476671654e+00) (4, 1.78426040729005003227e-01) (5, 4.06212937177794941590e-01) (6, -2.73824028595445145839e+00) (7, 1.86894525769630504008e+00) (8, 4.20108700042263638608e-01) (9, -7.15042939249490028253e-01) (10, 1.97484490622956987416e+00) (11, 8.79377840892693773966e-01) (12, -1.95801707053369256073e+00) (0, -1.68840589198075791133e-01) (1, 5.80271870300749226246e-01) (2, 2.58969405097103644309e-01) (3, 7.40454504495688725640e-01) (4, -2.63855661482271346141e-02) (5, 7.30978696629022262066e-01) (6, -3.04721091741065652769e-01) (7, 2.58390648535636258121e-01) (8, 1.75031025603826595471e+00) (9, 7.32835493021088257848e+00) (10, 6.53676207528410491143e-01) (11, 1.07859206359954079568e-01) (12, -1.57530889526518586008e-02) (13, 1.21121599040002578818e+01) (14, 7.04357722352469828309e+00) (15, 1.04954606949763040724e+00) (16, -1.37062280155316296160e+00) 
