FANN_FLO_2.1
num_layers=3
learning_rate=0.700000
connection_rate=1.000000
network_type=0
learning_momentum=0.000000
training_algorithm=2
train_error_function=1
train_stop_function=1
cascade_output_change_fraction=0.010000
quickprop_decay=-0.000100
quickprop_mu=1.750000
rprop_increase_factor=1.200000
rprop_decrease_factor=0.500000
rprop_delta_min=0.000000
rprop_delta_max=50.000000
rprop_delta_zero=0.100000
cascade_output_stagnation_epochs=12
cascade_candidate_change_fraction=0.010000
cascade_candidate_stagnation_epochs=12
cascade_max_out_epochs=150
cascade_min_out_epochs=50
cascade_max_cand_epochs=150
cascade_min_cand_epochs=50
cascade_num_candidate_groups=2
bit_fail_limit=1.00000000000000005551e-01
cascade_candidate_limit=1.00000000000000000000e+03
cascade_weight_multiplier=4.00000000000000022204e-01
cascade_activation_functions_count=10
cascade_activation_functions=3 5 7 8 10 11 14 15 16 17 
cascade_activation_steepnesses_count=4
cascade_activation_steepnesses=2.50000000000000000000e-01 5.00000000000000000000e-01 7.50000000000000000000e-01 1.00000000000000000000e+00 
layer_sizes=12 4 2 
scale_included=0
neurons (num_inputs, activation_function, activation_steepness)=(0, 0, 0.00000000000000000000e+00) (0, 0, 0.00000000000000000000e+00) (0, 0, 0.00000000000000000000e+00) (0, 0, 0.00000000000000000000e+00) (0, 0, 0.00000000000000000000e+00) (0, 0, 0.00000000000000000000e+00) (0, 0, 0.00000000000000000000e+00) (0, 0, 0.00000000000000000000e+00) (0, 0, 0.00000000000000000000e+00) (0, 0, 0.00000000000000000000e+00) (0, 0, 0.00000000000000000000e+00) (0, 0, 0.00000000000000000000e+00) (12, 6, 5.00000000000000000000e-01) (12, 6, 5.00000000000000000000e-01) (12, 6, 5.00000000000000000000e-01) (0, 6, 0.00000000000000000000e+00) (4, 4, 5.00000000000000000000e-01) (0, 4, 0.00000000000000000000e+00) 
connections (connected_to_neuron, weight)=(0, -3.89654811927681432593e+00) (1, 2.66417019316214309654e+00) (2, 1.65104049137678687842e+00) (3, 1.15079834612784126513e+00) (4, 2.47123859928447570100e-01) (5, 1.29468127536184152149e+00) (6, 2.87886496415093384726e+00) (7, -6.20829850267457961088e-01) (8, -5.52087152265172353971e-01) (9, 1.41989617990857919239e+00) (10, 1.34494233327514489673e+00) (11, -2.66797999002116004164e+00) (0, 5.84359668084999062110e-01) (1, -9.27634350684235609030e-01) (2, -1.33207956071077160409e-01) (3, 1.03352858386673018831e-02) (4, 1.06042948779920431779e-01) (5, -1.78606274778557894134e-01) (6, -2.75310340266120168184e-01) (7, 1.23927125849088770604e-01) (8, 2.76554329212438276819e-01) (9, -8.09856311032305792308e-02) (10, -1.30692899772653636781e-02) (11, 3.75221958740086902750e-01) (0, -3.76428725296146626800e-01) (1, 1.53753174937829140134e+00) (2, 3.08322891048156577654e-01) (3, 1.51136966513552600810e-01) (4, 3.97623498534574737473e-02) (5, 9.79939170711166263050e-02) (6, 3.72578471636968333591e-01) (7, 1.17609760229370016726e-01) (8, 1.95416992476598640194e-02) (9, 1.78694769769896150136e-01) (10, 1.95795244776499899331e-01) (11, -4.78401426844914212655e-01) (12, 1.78743568626051754222e+01) (13, -4.60291477803066895191e-01) (14, 5.03173174605567208317e-01) (15, -1.45523261722190611067e+00) 
