FANN_FLO_2.1
num_layers=3
learning_rate=0.700000
connection_rate=1.000000
network_type=0
learning_momentum=0.000000
training_algorithm=2
train_error_function=1
train_stop_function=1
cascade_output_change_fraction=0.010000
quickprop_decay=-0.000100
quickprop_mu=1.750000
rprop_increase_factor=1.200000
rprop_decrease_factor=0.500000
rprop_delta_min=0.000000
rprop_delta_max=50.000000
rprop_delta_zero=0.100000
cascade_output_stagnation_epochs=12
cascade_candidate_change_fraction=0.010000
cascade_candidate_stagnation_epochs=12
cascade_max_out_epochs=150
cascade_min_out_epochs=50
cascade_max_cand_epochs=150
cascade_min_cand_epochs=50
cascade_num_candidate_groups=2
bit_fail_limit=1.00000000000000005551e-01
cascade_candidate_limit=1.00000000000000000000e+03
cascade_weight_multiplier=4.00000000000000022204e-01
cascade_activation_functions_count=10
cascade_activation_functions=3 5 7 8 10 11 14 15 16 17 
cascade_activation_steepnesses_count=4
cascade_activation_steepnesses=2.50000000000000000000e-01 5.00000000000000000000e-01 7.50000000000000000000e-01 1.00000000000000000000e+00 
layer_sizes=14 4 2 
scale_included=0
neurons (num_inputs, activation_function, activation_steepness)=(0, 0, 0.00000000000000000000e+00) (0, 0, 0.00000000000000000000e+00) (0, 0, 0.00000000000000000000e+00) (0, 0, 0.00000000000000000000e+00) (0, 0, 0.00000000000000000000e+00) (0, 0, 0.00000000000000000000e+00) (0, 0, 0.00000000000000000000e+00) (0, 0, 0.00000000000000000000e+00) (0, 0, 0.00000000000000000000e+00) (0, 0, 0.00000000000000000000e+00) (0, 0, 0.00000000000000000000e+00) (0, 0, 0.00000000000000000000e+00) (0, 0, 0.00000000000000000000e+00) (0, 0, 0.00000000000000000000e+00) (14, 6, 5.00000000000000000000e-01) (14, 6, 5.00000000000000000000e-01) (14, 6, 5.00000000000000000000e-01) (0, 6, 0.00000000000000000000e+00) (4, 4, 5.00000000000000000000e-01) (0, 4, 0.00000000000000000000e+00) 
connections (connected_to_neuron, weight)=(0, 4.94564258226584396727e-01) (1, 4.52602063599388426685e-01) (2, 4.51907705933102199491e-01) (3, 5.33894364811225097256e-01) (4, 3.83883966875784354844e-01) (5, 1.04006459492266167821e+00) (6, 1.02067920163830772040e+00) (7, 1.63571476615756861150e+00) (8, 6.43504834636363876044e-01) (9, -2.38560165028017745481e-01) (10, 7.20266069330735891896e-01) (11, 5.41804452634046862514e-01) (12, 9.50052855341686264268e-01) (13, -7.84749472277560117250e-02) (0, 1.11420180627836123977e-01) (1, 2.14546026199316353100e+00) (2, 2.16377813145564834585e+00) (3, 2.18667707962162749524e+00) (4, 2.20171257837054890061e+00) (5, 2.11452709740524014137e+00) (6, 2.04280606999405867086e+00) (7, 2.42228151138767033856e+00) (8, 2.74742017699981655454e+00) (9, -3.03473547854544456470e+00) (10, 2.15539611653541562930e+00) (11, 2.11930326648454947502e+00) (12, 2.02803346510493431865e+00) (13, -1.47295529808127123594e+00) (0, 5.13988108107279684234e-01) (1, 4.39037245991985625171e-01) (2, 3.87080993920811133879e-01) (3, 4.38124743379397552090e-01) (4, 4.54870416594259807663e-01) (5, 1.01868450569927637694e+00) (6, 9.36863112902250216862e-01) (7, 1.63595896638721338689e+00) (8, 7.01754859551105392157e-01) (9, -2.68857824365538400357e-01) (10, 6.09306721993251532155e-01) (11, 5.83131157035452485360e-01) (12, 9.44346850543273941270e-01) (13, -9.57085871832766138523e-02) (14, 1.06486392006779850838e+00) (15, 2.41096679937490989687e+01) (16, 1.03932722643519581673e+00) (17, -1.99479961384375337197e+00) 
