FANN_FLO_2.1
num_layers=3
learning_rate=0.700000
connection_rate=1.000000
network_type=0
learning_momentum=0.000000
training_algorithm=2
train_error_function=1
train_stop_function=1
cascade_output_change_fraction=0.010000
quickprop_decay=-0.000100
quickprop_mu=1.750000
rprop_increase_factor=1.200000
rprop_decrease_factor=0.500000
rprop_delta_min=0.000000
rprop_delta_max=50.000000
rprop_delta_zero=0.100000
cascade_output_stagnation_epochs=12
cascade_candidate_change_fraction=0.010000
cascade_candidate_stagnation_epochs=12
cascade_max_out_epochs=150
cascade_min_out_epochs=50
cascade_max_cand_epochs=150
cascade_min_cand_epochs=50
cascade_num_candidate_groups=2
bit_fail_limit=1.00000000000000005551e-01
cascade_candidate_limit=1.00000000000000000000e+03
cascade_weight_multiplier=4.00000000000000022204e-01
cascade_activation_functions_count=10
cascade_activation_functions=3 5 7 8 10 11 14 15 16 17 
cascade_activation_steepnesses_count=4
cascade_activation_steepnesses=2.50000000000000000000e-01 5.00000000000000000000e-01 7.50000000000000000000e-01 1.00000000000000000000e+00 
layer_sizes=9 4 2 
scale_included=0
neurons (num_inputs, activation_function, activation_steepness)=(0, 0, 0.00000000000000000000e+00) (0, 0, 0.00000000000000000000e+00) (0, 0, 0.00000000000000000000e+00) (0, 0, 0.00000000000000000000e+00) (0, 0, 0.00000000000000000000e+00) (0, 0, 0.00000000000000000000e+00) (0, 0, 0.00000000000000000000e+00) (0, 0, 0.00000000000000000000e+00) (0, 0, 0.00000000000000000000e+00) (9, 6, 5.00000000000000000000e-01) (9, 6, 5.00000000000000000000e-01) (9, 6, 5.00000000000000000000e-01) (0, 6, 0.00000000000000000000e+00) (4, 4, 5.00000000000000000000e-01) (0, 4, 0.00000000000000000000e+00) 
connections (connected_to_neuron, weight)=(0, -7.87639178348191887347e-02) (1, 2.32587353315779576945e+00) (2, 2.32536722522804151225e+00) (3, 2.30604218083301670816e+00) (4, 2.20823336346323362278e+00) (5, -1.59079411303239570685e+00) (6, 1.39480573470623570032e+00) (7, 2.29087103837061034639e+00) (8, -1.59241037617105307689e+00) (0, 1.08213313785514492205e-01) (1, 4.44674132875147565258e-01) (2, 3.49502115062418683422e-01) (3, 1.23305495199192405309e+00) (4, 1.13400476499070479441e+00) (5, -2.86659698463668954904e-01) (6, 8.47270338805076184130e-01) (7, 1.65397101612854657837e+00) (8, -1.45613117383527806981e-01) (0, 5.51926427754970694295e-02) (1, 4.17611865810099347485e-01) (2, 4.64887841156664594067e-01) (3, 1.27584046747217483286e+00) (4, 1.10976923996227405667e+00) (5, -7.45444123226945559724e-02) (6, 8.65046801709366874888e-01) (7, 1.69454307505181089866e+00) (8, -1.49834526942777712666e-01) (9, 2.87070306887655704031e+01) (10, 2.99987324380870779006e-01) (11, 4.13691315098238310277e-01) (12, -8.09734032385281965460e-01) 
