FANN_FLO_2.1
num_layers=3
learning_rate=0.700000
connection_rate=1.000000
network_type=0
learning_momentum=0.000000
training_algorithm=2
train_error_function=1
train_stop_function=1
cascade_output_change_fraction=0.010000
quickprop_decay=-0.000100
quickprop_mu=1.750000
rprop_increase_factor=1.200000
rprop_decrease_factor=0.500000
rprop_delta_min=0.000000
rprop_delta_max=50.000000
rprop_delta_zero=0.100000
cascade_output_stagnation_epochs=12
cascade_candidate_change_fraction=0.010000
cascade_candidate_stagnation_epochs=12
cascade_max_out_epochs=150
cascade_min_out_epochs=50
cascade_max_cand_epochs=150
cascade_min_cand_epochs=50
cascade_num_candidate_groups=2
bit_fail_limit=1.00000000000000005551e-01
cascade_candidate_limit=1.00000000000000000000e+03
cascade_weight_multiplier=4.00000000000000022204e-01
cascade_activation_functions_count=10
cascade_activation_functions=3 5 7 8 10 11 14 15 16 17 
cascade_activation_steepnesses_count=4
cascade_activation_steepnesses=2.50000000000000000000e-01 5.00000000000000000000e-01 7.50000000000000000000e-01 1.00000000000000000000e+00 
layer_sizes=7 4 2 
scale_included=0
neurons (num_inputs, activation_function, activation_steepness)=(0, 0, 0.00000000000000000000e+00) (0, 0, 0.00000000000000000000e+00) (0, 0, 0.00000000000000000000e+00) (0, 0, 0.00000000000000000000e+00) (0, 0, 0.00000000000000000000e+00) (0, 0, 0.00000000000000000000e+00) (0, 0, 0.00000000000000000000e+00) (7, 6, 5.00000000000000000000e-01) (7, 6, 5.00000000000000000000e-01) (7, 6, 5.00000000000000000000e-01) (0, 6, 0.00000000000000000000e+00) (4, 4, 5.00000000000000000000e-01) (0, 4, 0.00000000000000000000e+00) 
connections (connected_to_neuron, weight)=(0, 5.62565926556898965316e+00) (1, -6.65948603683032125389e+00) (2, -3.58098216687722281648e+00) (3, -5.36544708391376357071e+00) (4, 1.74312275431284757765e+00) (5, -4.30240034784724478811e+00) (6, 7.00666189945307582576e+00) (0, -4.27503630898939501748e-01) (1, 2.10965399187002455861e+00) (2, 6.88691351508584070906e-01) (3, 1.95333515634181509313e+00) (4, -1.25795431348661945758e-01) (5, 6.97639687308002631738e-01) (6, -1.38560694744556611724e+00) (0, 9.58448313137607810219e-01) (1, -1.46842543640525202697e+00) (2, -2.32996539103646638225e+00) (3, -2.06637267027162208066e+00) (4, 6.08922356640062445443e-01) (5, -1.41754207042039204190e+00) (6, 1.01343870624742704578e+00) (7, -4.89991994730552882231e+00) (8, 2.89506617058151838329e-01) (9, -2.14845462385033014741e+00) (10, -1.72753637738087539866e+00) 
