FANN_FLO_2.1
num_layers=3
learning_rate=0.700000
connection_rate=1.000000
network_type=0
learning_momentum=0.000000
training_algorithm=2
train_error_function=1
train_stop_function=1
cascade_output_change_fraction=0.010000
quickprop_decay=-0.000100
quickprop_mu=1.750000
rprop_increase_factor=1.200000
rprop_decrease_factor=0.500000
rprop_delta_min=0.000000
rprop_delta_max=50.000000
rprop_delta_zero=0.100000
cascade_output_stagnation_epochs=12
cascade_candidate_change_fraction=0.010000
cascade_candidate_stagnation_epochs=12
cascade_max_out_epochs=150
cascade_min_out_epochs=50
cascade_max_cand_epochs=150
cascade_min_cand_epochs=50
cascade_num_candidate_groups=2
bit_fail_limit=1.00000000000000005551e-01
cascade_candidate_limit=1.00000000000000000000e+03
cascade_weight_multiplier=4.00000000000000022204e-01
cascade_activation_functions_count=10
cascade_activation_functions=3 5 7 8 10 11 14 15 16 17 
cascade_activation_steepnesses_count=4
cascade_activation_steepnesses=2.50000000000000000000e-01 5.00000000000000000000e-01 7.50000000000000000000e-01 1.00000000000000000000e+00 
layer_sizes=7 4 2 
scale_included=0
neurons (num_inputs, activation_function, activation_steepness)=(0, 0, 0.00000000000000000000e+00) (0, 0, 0.00000000000000000000e+00) (0, 0, 0.00000000000000000000e+00) (0, 0, 0.00000000000000000000e+00) (0, 0, 0.00000000000000000000e+00) (0, 0, 0.00000000000000000000e+00) (0, 0, 0.00000000000000000000e+00) (7, 6, 5.00000000000000000000e-01) (7, 6, 5.00000000000000000000e-01) (7, 6, 5.00000000000000000000e-01) (0, 6, 0.00000000000000000000e+00) (4, 4, 5.00000000000000000000e-01) (0, 4, 0.00000000000000000000e+00) 
connections (connected_to_neuron, weight)=(0, 8.74762998145444647946e+00) (1, 9.08624985279928187865e-01) (2, -1.52143582665967003198e-01) (3, 2.65783025435881681275e+00) (4, 2.64332279423377070060e+00) (5, 1.53648475814207308154e+00) (6, 9.00323676662243066460e+00) (0, -3.47736464746744999843e+00) (1, 3.03753946207327985007e+00) (2, 4.16959181894328168028e+00) (3, -9.74103724217982414046e-01) (4, -8.20488586816016801651e-02) (5, 2.00988233622631984332e+00) (6, -3.48761058904679188686e+00) (0, -2.00773622272636176334e+00) (1, 2.48709350677007323682e+00) (2, 1.20355323244387624193e+00) (3, 6.84382775548828314882e-01) (4, 9.82840737768094441229e-01) (5, 9.13609406419675362798e-01) (6, -1.84472431419517257645e+00) (7, -1.28262002726001167474e+00) (8, 1.12521901880749553015e+01) (9, 1.90415129104562619311e+00) (10, -1.57931559801611198779e+00) 
