FANN_FLO_2.1
num_layers=3
learning_rate=0.700000
connection_rate=1.000000
network_type=0
learning_momentum=0.000000
training_algorithm=2
train_error_function=1
train_stop_function=1
cascade_output_change_fraction=0.010000
quickprop_decay=-0.000100
quickprop_mu=1.750000
rprop_increase_factor=1.200000
rprop_decrease_factor=0.500000
rprop_delta_min=0.000000
rprop_delta_max=50.000000
rprop_delta_zero=0.100000
cascade_output_stagnation_epochs=12
cascade_candidate_change_fraction=0.010000
cascade_candidate_stagnation_epochs=12
cascade_max_out_epochs=150
cascade_min_out_epochs=50
cascade_max_cand_epochs=150
cascade_min_cand_epochs=50
cascade_num_candidate_groups=2
bit_fail_limit=1.00000000000000005551e-01
cascade_candidate_limit=1.00000000000000000000e+03
cascade_weight_multiplier=4.00000000000000022204e-01
cascade_activation_functions_count=10
cascade_activation_functions=3 5 7 8 10 11 14 15 16 17 
cascade_activation_steepnesses_count=4
cascade_activation_steepnesses=2.50000000000000000000e-01 5.00000000000000000000e-01 7.50000000000000000000e-01 1.00000000000000000000e+00 
layer_sizes=13 4 2 
scale_included=0
neurons (num_inputs, activation_function, activation_steepness)=(0, 0, 0.00000000000000000000e+00) (0, 0, 0.00000000000000000000e+00) (0, 0, 0.00000000000000000000e+00) (0, 0, 0.00000000000000000000e+00) (0, 0, 0.00000000000000000000e+00) (0, 0, 0.00000000000000000000e+00) (0, 0, 0.00000000000000000000e+00) (0, 0, 0.00000000000000000000e+00) (0, 0, 0.00000000000000000000e+00) (0, 0, 0.00000000000000000000e+00) (0, 0, 0.00000000000000000000e+00) (0, 0, 0.00000000000000000000e+00) (0, 0, 0.00000000000000000000e+00) (13, 6, 5.00000000000000000000e-01) (13, 6, 5.00000000000000000000e-01) (13, 6, 5.00000000000000000000e-01) (0, 6, 0.00000000000000000000e+00) (4, 4, 5.00000000000000000000e-01) (0, 4, 0.00000000000000000000e+00) 
connections (connected_to_neuron, weight)=(0, -2.71715645714200704219e+00) (1, 2.40287760253498294816e+00) (2, 7.94119851198198278830e-01) (3, 1.20813409547524663878e+00) (4, 1.67990867941933474938e+00) (5, 1.55683393557258620277e+00) (6, 8.38628365858847479863e-01) (7, -1.00311702211662051587e-01) (8, -2.00497391941141067662e+00) (9, 1.73421337305595191225e+00) (10, 1.25440153541106780288e+00) (11, 1.94738264296972551914e-01) (12, -2.72697858733924736185e+00) (0, -1.13153602751697546225e+00) (1, 3.47137820725932577659e+00) (2, 1.34125430065558992609e+00) (3, 1.10871008389591046983e-01) (4, 5.83128410059208235339e-01) (5, 3.06516202527156056412e-01) (6, 9.18696806595403647755e-01) (7, 6.75558389055261221401e-01) (8, 5.26700599785758161175e+00) (9, -3.11885127871971379321e+00) (10, -1.19457984788154281119e+00) (11, -3.01550528149613228379e+00) (12, -9.77193105030035757963e-01) (0, 5.11562409385130090200e-01) (1, -5.50003740992674572396e-01) (2, 2.41571948570859562633e-01) (3, -7.24024823759045532690e-01) (4, -4.26695491694726175558e-02) (5, -1.78967460355073298972e-01) (6, 6.03408353130193975122e-02) (7, -1.27239256099997699589e-01) (8, -7.42452217086870397411e-04) (9, -3.59322103360608380296e-03) (10, -5.66814745165529654258e-01) (11, -9.00932491151811010166e-02) (12, 1.68307347038063354061e-01) (13, 1.84222416848406780332e+01) (14, 4.39437878862618624964e+00) (15, -3.12029371816248179972e-01) (16, -1.32527109710965351752e+00) 
