FANN_FLO_2.1
num_layers=3
learning_rate=0.700000
connection_rate=1.000000
network_type=0
learning_momentum=0.000000
training_algorithm=2
train_error_function=1
train_stop_function=1
cascade_output_change_fraction=0.010000
quickprop_decay=-0.000100
quickprop_mu=1.750000
rprop_increase_factor=1.200000
rprop_decrease_factor=0.500000
rprop_delta_min=0.000000
rprop_delta_max=50.000000
rprop_delta_zero=0.100000
cascade_output_stagnation_epochs=12
cascade_candidate_change_fraction=0.010000
cascade_candidate_stagnation_epochs=12
cascade_max_out_epochs=150
cascade_min_out_epochs=50
cascade_max_cand_epochs=150
cascade_min_cand_epochs=50
cascade_num_candidate_groups=2
bit_fail_limit=1.00000000000000005551e-01
cascade_candidate_limit=1.00000000000000000000e+03
cascade_weight_multiplier=4.00000000000000022204e-01
cascade_activation_functions_count=10
cascade_activation_functions=3 5 7 8 10 11 14 15 16 17 
cascade_activation_steepnesses_count=4
cascade_activation_steepnesses=2.50000000000000000000e-01 5.00000000000000000000e-01 7.50000000000000000000e-01 1.00000000000000000000e+00 
layer_sizes=13 4 2 
scale_included=0
neurons (num_inputs, activation_function, activation_steepness)=(0, 0, 0.00000000000000000000e+00) (0, 0, 0.00000000000000000000e+00) (0, 0, 0.00000000000000000000e+00) (0, 0, 0.00000000000000000000e+00) (0, 0, 0.00000000000000000000e+00) (0, 0, 0.00000000000000000000e+00) (0, 0, 0.00000000000000000000e+00) (0, 0, 0.00000000000000000000e+00) (0, 0, 0.00000000000000000000e+00) (0, 0, 0.00000000000000000000e+00) (0, 0, 0.00000000000000000000e+00) (0, 0, 0.00000000000000000000e+00) (0, 0, 0.00000000000000000000e+00) (13, 6, 5.00000000000000000000e-01) (13, 6, 5.00000000000000000000e-01) (13, 6, 5.00000000000000000000e-01) (0, 6, 0.00000000000000000000e+00) (4, 4, 5.00000000000000000000e-01) (0, 4, 0.00000000000000000000e+00) 
connections (connected_to_neuron, weight)=(0, -7.96219431222405660264e+00) (1, 2.69468508054164646026e+00) (2, -1.30887504550245092894e+00) (3, -1.37599491211202429319e+00) (4, 1.08354136474561757453e+00) (5, 3.22081068100386128106e-02) (6, 1.40451644333729674941e+00) (7, 1.22384971264458597418e+00) (8, 2.35832170764956022824e-01) (9, -1.71169366741687201117e-02) (10, 5.81238596281343777861e-01) (11, 4.77357716987520608320e-01) (12, -1.10665683795015845625e+00) (0, -1.28747137088227558976e+00) (1, 7.85332900401268352297e-01) (2, -2.43712989201718202570e-02) (3, 9.97103847954934792430e-03) (4, 5.48262071776972059745e-01) (5, 3.05806457259768127432e-01) (6, 4.76984305216623993839e-01) (7, 5.26308931925835055132e-01) (8, 1.10630439549234771413e+00) (9, 1.21483099042919540089e+00) (10, 5.10872563551914349311e-01) (11, 4.22821167312364298851e-01) (12, -3.32451791751907976824e-01) (0, -3.53859008438564304200e+00) (1, 1.53646815396191493974e+00) (2, -3.92834998149848735327e-01) (3, -2.77065418143249364569e-01) (4, 1.48848873116207203182e+00) (5, 2.00448698233807121039e-01) (6, 4.74638472345764672600e-01) (7, 6.95399796108077006274e-01) (8, 3.09057512969200143260e-01) (9, 2.55346225291912087840e-01) (10, 5.13293022812855714854e-01) (11, 1.30551893980081579194e+00) (12, -3.10273502706617909652e-01) (13, 1.64996729072800363269e+01) (14, 1.14383549885513180477e+00) (15, 1.95953567545027063090e+00) (16, -1.74421512592529559527e+00) 
