FANN_FLO_2.1
num_layers=3
learning_rate=0.700000
connection_rate=1.000000
network_type=0
learning_momentum=0.000000
training_algorithm=2
train_error_function=1
train_stop_function=1
cascade_output_change_fraction=0.010000
quickprop_decay=-0.000100
quickprop_mu=1.750000
rprop_increase_factor=1.200000
rprop_decrease_factor=0.500000
rprop_delta_min=0.000000
rprop_delta_max=50.000000
rprop_delta_zero=0.100000
cascade_output_stagnation_epochs=12
cascade_candidate_change_fraction=0.010000
cascade_candidate_stagnation_epochs=12
cascade_max_out_epochs=150
cascade_min_out_epochs=50
cascade_max_cand_epochs=150
cascade_min_cand_epochs=50
cascade_num_candidate_groups=2
bit_fail_limit=1.00000000000000005551e-01
cascade_candidate_limit=1.00000000000000000000e+03
cascade_weight_multiplier=4.00000000000000022204e-01
cascade_activation_functions_count=10
cascade_activation_functions=3 5 7 8 10 11 14 15 16 17 
cascade_activation_steepnesses_count=4
cascade_activation_steepnesses=2.50000000000000000000e-01 5.00000000000000000000e-01 7.50000000000000000000e-01 1.00000000000000000000e+00 
layer_sizes=15 4 2 
scale_included=0
neurons (num_inputs, activation_function, activation_steepness)=(0, 0, 0.00000000000000000000e+00) (0, 0, 0.00000000000000000000e+00) (0, 0, 0.00000000000000000000e+00) (0, 0, 0.00000000000000000000e+00) (0, 0, 0.00000000000000000000e+00) (0, 0, 0.00000000000000000000e+00) (0, 0, 0.00000000000000000000e+00) (0, 0, 0.00000000000000000000e+00) (0, 0, 0.00000000000000000000e+00) (0, 0, 0.00000000000000000000e+00) (0, 0, 0.00000000000000000000e+00) (0, 0, 0.00000000000000000000e+00) (0, 0, 0.00000000000000000000e+00) (0, 0, 0.00000000000000000000e+00) (0, 0, 0.00000000000000000000e+00) (15, 6, 5.00000000000000000000e-01) (15, 6, 5.00000000000000000000e-01) (15, 6, 5.00000000000000000000e-01) (0, 6, 0.00000000000000000000e+00) (4, 4, 5.00000000000000000000e-01) (0, 4, 0.00000000000000000000e+00) 
connections (connected_to_neuron, weight)=(0, -4.37804323637232695177e+00) (1, 1.54518712708898924291e+01) (2, -2.45951824355623044349e-01) (3, 1.28639716569963358239e+00) (4, 1.54779317175767205939e+00) (5, -4.17543427430010050116e-01) (6, 1.68567922821294319258e-01) (7, -1.09150792926641670988e+00) (8, 2.42228274157296669111e-01) (9, 1.53019183004447363317e+01) (10, 5.90309856679536726354e-02) (11, 1.83767487218629371748e-01) (12, 2.88991282399332849451e+00) (13, 1.53285319158979795873e+01) (14, -1.21029325732606185539e+00) (0, -4.01769432104573098741e+00) (1, 6.40220773005424970137e+00) (2, 1.08372954503957868999e-02) (3, 5.41763337109144038628e-01) (4, 7.44060262074720646375e-01) (5, -4.00600891106942635922e-01) (6, 5.81952640757335201704e-02) (7, -5.23969816483083938863e-01) (8, 1.07932917375528944492e-01) (9, 6.44005553209721082197e+00) (10, 6.36247256741298283789e-02) (11, 2.21666508351303442881e-01) (12, 1.36482593082055325695e+00) (13, 6.38181224250732892500e+00) (14, -5.83968074731216257867e-01) (0, -4.65067135178228063808e-01) (1, 1.04018329604068449079e+00) (2, 2.83526174916452489150e-01) (3, -3.09932240343121778725e-02) (4, 1.21756502943002345440e-01) (5, -1.07007473511312942160e-01) (6, 4.91596193241679996211e-02) (7, 7.17709974145507578758e-02) (8, 1.41003570486643331483e-01) (9, 1.15567790491977384626e+00) (10, 3.20007124173248280741e-02) (11, 2.77161172558405333177e-01) (12, 2.62337741372186017408e-01) (13, 1.05188856794038465559e+00) (14, -5.19949505941257439368e-01) (15, 8.68773978240473176982e+00) (16, 6.33250757479607084832e+00) (17, 1.14644718107095666682e+00) (18, -1.69357245910921516696e+00) 
