FANN_FLO_2.1
num_layers=3
learning_rate=0.700000
connection_rate=1.000000
network_type=0
learning_momentum=0.000000
training_algorithm=2
train_error_function=1
train_stop_function=1
cascade_output_change_fraction=0.010000
quickprop_decay=-0.000100
quickprop_mu=1.750000
rprop_increase_factor=1.200000
rprop_decrease_factor=0.500000
rprop_delta_min=0.000000
rprop_delta_max=50.000000
rprop_delta_zero=0.100000
cascade_output_stagnation_epochs=12
cascade_candidate_change_fraction=0.010000
cascade_candidate_stagnation_epochs=12
cascade_max_out_epochs=150
cascade_min_out_epochs=50
cascade_max_cand_epochs=150
cascade_min_cand_epochs=50
cascade_num_candidate_groups=2
bit_fail_limit=1.00000000000000005551e-01
cascade_candidate_limit=1.00000000000000000000e+03
cascade_weight_multiplier=4.00000000000000022204e-01
cascade_activation_functions_count=10
cascade_activation_functions=3 5 7 8 10 11 14 15 16 17 
cascade_activation_steepnesses_count=4
cascade_activation_steepnesses=2.50000000000000000000e-01 5.00000000000000000000e-01 7.50000000000000000000e-01 1.00000000000000000000e+00 
layer_sizes=11 4 2 
scale_included=0
neurons (num_inputs, activation_function, activation_steepness)=(0, 0, 0.00000000000000000000e+00) (0, 0, 0.00000000000000000000e+00) (0, 0, 0.00000000000000000000e+00) (0, 0, 0.00000000000000000000e+00) (0, 0, 0.00000000000000000000e+00) (0, 0, 0.00000000000000000000e+00) (0, 0, 0.00000000000000000000e+00) (0, 0, 0.00000000000000000000e+00) (0, 0, 0.00000000000000000000e+00) (0, 0, 0.00000000000000000000e+00) (0, 0, 0.00000000000000000000e+00) (11, 6, 5.00000000000000000000e-01) (11, 6, 5.00000000000000000000e-01) (11, 6, 5.00000000000000000000e-01) (0, 6, 0.00000000000000000000e+00) (4, 4, 5.00000000000000000000e-01) (0, 4, 0.00000000000000000000e+00) 
connections (connected_to_neuron, weight)=(0, -1.44565932121217177730e+00) (1, 2.19841516044968043886e+00) (2, 1.87923910639236391162e+00) (3, 1.06698657998545165526e+00) (4, -9.32405348841725989395e-01) (5, -1.14166476083538759312e+00) (6, 1.91112446210334718799e+00) (7, -1.19900900219373540700e+00) (8, 2.26964936212375983926e-01) (9, 9.17417077279838177883e-02) (10, -2.27501497133492547320e+00) (0, 1.05696400815067717560e-01) (1, 1.23211225709456084765e+00) (2, 5.68133201057315129212e-01) (3, 2.54393805490540358960e-01) (4, 1.24646325912867061980e-01) (5, 2.16555261572879798049e-01) (6, 2.94730029503651069778e-01) (7, 2.69895520243942199645e-01) (8, 1.83905555102459650207e-01) (9, 1.82370079848400812317e-01) (10, -8.14029439509028202027e-02) (0, -8.37062637611042603680e-01) (1, 1.18325973073635282162e+00) (2, 1.17257805394552172551e+00) (3, 8.28385514011937273970e-01) (4, -3.66342376899357891062e-02) (5, -2.06177575127224010920e-01) (6, 1.23139721381090105901e+00) (7, 3.81771772859676727929e-01) (8, 2.84687620461608115185e-01) (9, 5.42077631221147493434e-01) (10, -8.13752667398530693532e-01) (11, 2.38697496227682748327e+01) (12, 7.93946509551451073960e-01) (13, 5.56076299410481222907e+00) (14, -2.64320247532674246216e+00) 
