FANN_FLO_2.1
num_layers=3
learning_rate=0.700000
connection_rate=1.000000
network_type=0
learning_momentum=0.000000
training_algorithm=2
train_error_function=1
train_stop_function=1
cascade_output_change_fraction=0.010000
quickprop_decay=-0.000100
quickprop_mu=1.750000
rprop_increase_factor=1.200000
rprop_decrease_factor=0.500000
rprop_delta_min=0.000000
rprop_delta_max=50.000000
rprop_delta_zero=0.100000
cascade_output_stagnation_epochs=12
cascade_candidate_change_fraction=0.010000
cascade_candidate_stagnation_epochs=12
cascade_max_out_epochs=150
cascade_min_out_epochs=50
cascade_max_cand_epochs=150
cascade_min_cand_epochs=50
cascade_num_candidate_groups=2
bit_fail_limit=1.00000000000000005551e-01
cascade_candidate_limit=1.00000000000000000000e+03
cascade_weight_multiplier=4.00000000000000022204e-01
cascade_activation_functions_count=10
cascade_activation_functions=3 5 7 8 10 11 14 15 16 17 
cascade_activation_steepnesses_count=4
cascade_activation_steepnesses=2.50000000000000000000e-01 5.00000000000000000000e-01 7.50000000000000000000e-01 1.00000000000000000000e+00 
layer_sizes=8 4 2 
scale_included=0
neurons (num_inputs, activation_function, activation_steepness)=(0, 0, 0.00000000000000000000e+00) (0, 0, 0.00000000000000000000e+00) (0, 0, 0.00000000000000000000e+00) (0, 0, 0.00000000000000000000e+00) (0, 0, 0.00000000000000000000e+00) (0, 0, 0.00000000000000000000e+00) (0, 0, 0.00000000000000000000e+00) (0, 0, 0.00000000000000000000e+00) (8, 6, 5.00000000000000000000e-01) (8, 6, 5.00000000000000000000e-01) (8, 6, 5.00000000000000000000e-01) (0, 6, 0.00000000000000000000e+00) (4, 4, 5.00000000000000000000e-01) (0, 4, 0.00000000000000000000e+00) 
connections (connected_to_neuron, weight)=(0, 1.52135334933665511414e+00) (1, -1.74602621843421212944e+00) (2, -8.48840136504348308222e-01) (3, -1.07619129455873219214e+00) (4, -2.15346996036759952275e+00) (5, 3.12942365051937065878e-01) (6, 3.45832796634864769736e-01) (7, 1.08412442680049569965e+00) (0, 1.64282941097882506654e+00) (1, -1.65176855077349937773e+00) (2, -9.78341881609138153131e-01) (3, -1.13053372091838566504e+00) (4, -1.27874471647507137462e+00) (5, 3.23811458291244469443e-01) (6, 2.40900123359394119360e-01) (7, 1.02661693419862443122e+00) (0, 1.61221765006449935242e+00) (1, -1.71149511684977762016e+00) (2, -8.56019203043159038202e-01) (3, -1.20240634269305912696e+00) (4, -1.33709551049238606346e+00) (5, 3.59364943446350060263e-01) (6, 4.03586136044692955771e-01) (7, 9.88746050256973818549e-01) (8, -1.43315281205557578659e+01) (9, -1.35594942147233226137e+01) (10, -1.35534015173413493471e+01) (11, -2.27677592554953012183e-01) 
