FANN_FLO_2.1
num_layers=3
learning_rate=0.700000
connection_rate=1.000000
network_type=0
learning_momentum=0.000000
training_algorithm=2
train_error_function=1
train_stop_function=1
cascade_output_change_fraction=0.010000
quickprop_decay=-0.000100
quickprop_mu=1.750000
rprop_increase_factor=1.200000
rprop_decrease_factor=0.500000
rprop_delta_min=0.000000
rprop_delta_max=50.000000
rprop_delta_zero=0.100000
cascade_output_stagnation_epochs=12
cascade_candidate_change_fraction=0.010000
cascade_candidate_stagnation_epochs=12
cascade_max_out_epochs=150
cascade_min_out_epochs=50
cascade_max_cand_epochs=150
cascade_min_cand_epochs=50
cascade_num_candidate_groups=2
bit_fail_limit=1.00000000000000005551e-01
cascade_candidate_limit=1.00000000000000000000e+03
cascade_weight_multiplier=4.00000000000000022204e-01
cascade_activation_functions_count=10
cascade_activation_functions=3 5 7 8 10 11 14 15 16 17 
cascade_activation_steepnesses_count=4
cascade_activation_steepnesses=2.50000000000000000000e-01 5.00000000000000000000e-01 7.50000000000000000000e-01 1.00000000000000000000e+00 
layer_sizes=9 4 2 
scale_included=0
neurons (num_inputs, activation_function, activation_steepness)=(0, 0, 0.00000000000000000000e+00) (0, 0, 0.00000000000000000000e+00) (0, 0, 0.00000000000000000000e+00) (0, 0, 0.00000000000000000000e+00) (0, 0, 0.00000000000000000000e+00) (0, 0, 0.00000000000000000000e+00) (0, 0, 0.00000000000000000000e+00) (0, 0, 0.00000000000000000000e+00) (0, 0, 0.00000000000000000000e+00) (9, 6, 5.00000000000000000000e-01) (9, 6, 5.00000000000000000000e-01) (9, 6, 5.00000000000000000000e-01) (0, 6, 0.00000000000000000000e+00) (4, 4, 5.00000000000000000000e-01) (0, 4, 0.00000000000000000000e+00) 
connections (connected_to_neuron, weight)=(0, -8.00676136082882372591e+00) (1, 2.47831580175429389001e+00) (2, 1.31697188400357112492e+00) (3, 4.33002817835627662468e-01) (4, 8.79677393713176769552e-01) (5, -1.17088963331285800251e+00) (6, 1.78360325843549771818e-01) (7, 1.45602852820267125722e+00) (8, -1.64436488955287418712e+00) (0, 9.42248280740870391980e+00) (1, -3.54987072527052482940e+00) (2, -2.98710931282801794850e+00) (3, -4.82011032926828841827e-01) (4, -5.99640683200304991374e+00) (5, 1.42223935102305176770e+00) (6, -9.02978498019523900808e-01) (7, -5.71467676389924505997e+00) (8, 5.09995671918347426299e+00) (0, 3.84145608940953353638e+00) (1, -4.35137231817957326196e-01) (2, -1.68032212004371350744e+00) (3, 1.54674381665755485138e-02) (4, -2.06300492978990490656e+00) (5, 1.91952142918361129409e-01) (6, 3.88983824971422947891e-02) (7, -1.88040235020791968168e+00) (8, 8.05275996943522254234e-01) (9, 5.39632001374302028296e+00) (10, -1.33363562849805710187e+01) (11, -5.94205648636810490615e+00) (12, -1.36222527639297208424e+00) 
