FANN_FLO_2.1
num_layers=3
learning_rate=0.700000
connection_rate=1.000000
network_type=0
learning_momentum=0.000000
training_algorithm=2
train_error_function=1
train_stop_function=1
cascade_output_change_fraction=0.010000
quickprop_decay=-0.000100
quickprop_mu=1.750000
rprop_increase_factor=1.200000
rprop_decrease_factor=0.500000
rprop_delta_min=0.000000
rprop_delta_max=50.000000
rprop_delta_zero=0.100000
cascade_output_stagnation_epochs=12
cascade_candidate_change_fraction=0.010000
cascade_candidate_stagnation_epochs=12
cascade_max_out_epochs=150
cascade_min_out_epochs=50
cascade_max_cand_epochs=150
cascade_min_cand_epochs=50
cascade_num_candidate_groups=2
bit_fail_limit=1.00000000000000005551e-01
cascade_candidate_limit=1.00000000000000000000e+03
cascade_weight_multiplier=4.00000000000000022204e-01
cascade_activation_functions_count=10
cascade_activation_functions=3 5 7 8 10 11 14 15 16 17 
cascade_activation_steepnesses_count=4
cascade_activation_steepnesses=2.50000000000000000000e-01 5.00000000000000000000e-01 7.50000000000000000000e-01 1.00000000000000000000e+00 
layer_sizes=12 4 2 
scale_included=0
neurons (num_inputs, activation_function, activation_steepness)=(0, 0, 0.00000000000000000000e+00) (0, 0, 0.00000000000000000000e+00) (0, 0, 0.00000000000000000000e+00) (0, 0, 0.00000000000000000000e+00) (0, 0, 0.00000000000000000000e+00) (0, 0, 0.00000000000000000000e+00) (0, 0, 0.00000000000000000000e+00) (0, 0, 0.00000000000000000000e+00) (0, 0, 0.00000000000000000000e+00) (0, 0, 0.00000000000000000000e+00) (0, 0, 0.00000000000000000000e+00) (0, 0, 0.00000000000000000000e+00) (12, 6, 5.00000000000000000000e-01) (12, 6, 5.00000000000000000000e-01) (12, 6, 5.00000000000000000000e-01) (0, 6, 0.00000000000000000000e+00) (4, 4, 5.00000000000000000000e-01) (0, 4, 0.00000000000000000000e+00) 
connections (connected_to_neuron, weight)=(0, -1.16071593730243871612e+00) (1, 2.41856753083436792906e+00) (2, 2.44276742603858032510e+00) (3, -3.69184212323652866106e-02) (4, 1.87668497738733397462e+00) (5, -2.69120725444917230362e+00) (6, 7.94824495877856406878e+02) (7, 9.79503246384630710253e-01) (8, 9.46239621242800921230e-01) (9, 1.06252572965575642350e+00) (10, 7.94657402563625964831e+02) (11, -2.20390289228997104942e+00) (0, -7.54753729530223460564e-01) (1, -2.75331543361306874118e+00) (2, -2.65691187154550034766e-01) (3, -4.93797789074827075950e+00) (4, 2.08556301324386828000e+00) (5, -8.52834136975741152753e+00) (6, 7.94642440531188640307e+02) (7, 9.73564228403339892992e-01) (8, 8.52553167244712084560e-01) (9, 3.62099926349680689697e+00) (10, 7.94787046145433578204e+02) (11, -1.70827584994169234811e+00) (0, -3.75521657828694621628e-01) (1, 1.36430477056453813844e+00) (2, 2.29493737207657266808e+00) (3, 9.63928912545048643956e-01) (4, 1.27790376596061050485e+00) (5, -8.26466698674546695891e-02) (6, 5.55005994781426238660e+02) (7, 3.48581238492241596294e-01) (8, 3.61769698088767466260e-01) (9, 4.29212468368662780627e-01) (10, 5.55063792228273200635e+02) (11, -1.54086706580132970501e+00) (12, 1.44492534037715163464e+01) (13, 5.79478539016446525522e+00) (14, 4.13881692779281173955e+00) (15, -6.37306124013252039973e-01) 
