FANN_FLO_2.1
num_layers=3
learning_rate=0.700000
connection_rate=1.000000
network_type=0
learning_momentum=0.000000
training_algorithm=2
train_error_function=1
train_stop_function=1
cascade_output_change_fraction=0.010000
quickprop_decay=-0.000100
quickprop_mu=1.750000
rprop_increase_factor=1.200000
rprop_decrease_factor=0.500000
rprop_delta_min=0.000000
rprop_delta_max=50.000000
rprop_delta_zero=0.100000
cascade_output_stagnation_epochs=12
cascade_candidate_change_fraction=0.010000
cascade_candidate_stagnation_epochs=12
cascade_max_out_epochs=150
cascade_min_out_epochs=50
cascade_max_cand_epochs=150
cascade_min_cand_epochs=50
cascade_num_candidate_groups=2
bit_fail_limit=1.00000000000000005551e-01
cascade_candidate_limit=1.00000000000000000000e+03
cascade_weight_multiplier=4.00000000000000022204e-01
cascade_activation_functions_count=10
cascade_activation_functions=3 5 7 8 10 11 14 15 16 17 
cascade_activation_steepnesses_count=4
cascade_activation_steepnesses=2.50000000000000000000e-01 5.00000000000000000000e-01 7.50000000000000000000e-01 1.00000000000000000000e+00 
layer_sizes=11 4 2 
scale_included=0
neurons (num_inputs, activation_function, activation_steepness)=(0, 0, 0.00000000000000000000e+00) (0, 0, 0.00000000000000000000e+00) (0, 0, 0.00000000000000000000e+00) (0, 0, 0.00000000000000000000e+00) (0, 0, 0.00000000000000000000e+00) (0, 0, 0.00000000000000000000e+00) (0, 0, 0.00000000000000000000e+00) (0, 0, 0.00000000000000000000e+00) (0, 0, 0.00000000000000000000e+00) (0, 0, 0.00000000000000000000e+00) (0, 0, 0.00000000000000000000e+00) (11, 6, 5.00000000000000000000e-01) (11, 6, 5.00000000000000000000e-01) (11, 6, 5.00000000000000000000e-01) (0, 6, 0.00000000000000000000e+00) (4, 4, 5.00000000000000000000e-01) (0, 4, 0.00000000000000000000e+00) 
connections (connected_to_neuron, weight)=(0, 1.63078710884441413498e+00) (1, -1.40146337398745979286e+00) (2, -1.46038553804250681445e+00) (3, 4.57230727914602785855e-01) (4, 7.29401410006320194412e-01) (5, -2.80809890520244187506e-01) (6, 1.20356082734627922726e+00) (7, 9.73807395074855586259e-01) (8, -1.17417787652021154976e+00) (9, 1.36316306768495376645e+00) (10, 1.48887187966360778901e+00) (0, -3.71563966259248168456e+00) (1, 1.93485589491379927907e+00) (2, 1.28868297210099869154e+00) (3, 9.71358281290980729583e-02) (4, -1.06972776442724265555e-01) (5, 5.45650152713804348359e-01) (6, -1.04176559270236435140e+00) (7, -9.69398796745972735067e-01) (8, 1.46337147308000958823e+00) (9, -8.86998506625464755437e-01) (10, -9.42376545971863488482e-01) (0, -1.81118945156218491555e+00) (1, 1.83597483101345937406e+00) (2, 1.28235329410197906874e+00) (3, -5.12090658180135646638e-02) (4, -9.71330479681072611609e-02) (5, 4.65666460097580059418e-01) (6, -8.23424975477240250754e-01) (7, -9.83035758325295550009e-01) (8, 1.34488168982276357077e+00) (9, -8.69384507438862752515e-01) (10, -1.09074211632556394846e+00) (11, -3.64077657150310063372e+00) (12, 1.55614698109932554360e+01) (13, 4.86066956555166562737e+00) (14, -8.68808966410194227770e-01) 
