FANN_FLO_2.1
num_layers=3
learning_rate=0.700000
connection_rate=1.000000
network_type=0
learning_momentum=0.000000
training_algorithm=2
train_error_function=1
train_stop_function=1
cascade_output_change_fraction=0.010000
quickprop_decay=-0.000100
quickprop_mu=1.750000
rprop_increase_factor=1.200000
rprop_decrease_factor=0.500000
rprop_delta_min=0.000000
rprop_delta_max=50.000000
rprop_delta_zero=0.100000
cascade_output_stagnation_epochs=12
cascade_candidate_change_fraction=0.010000
cascade_candidate_stagnation_epochs=12
cascade_max_out_epochs=150
cascade_min_out_epochs=50
cascade_max_cand_epochs=150
cascade_min_cand_epochs=50
cascade_num_candidate_groups=2
bit_fail_limit=1.00000000000000005551e-01
cascade_candidate_limit=1.00000000000000000000e+03
cascade_weight_multiplier=4.00000000000000022204e-01
cascade_activation_functions_count=10
cascade_activation_functions=3 5 7 8 10 11 14 15 16 17 
cascade_activation_steepnesses_count=4
cascade_activation_steepnesses=2.50000000000000000000e-01 5.00000000000000000000e-01 7.50000000000000000000e-01 1.00000000000000000000e+00 
layer_sizes=12 4 2 
scale_included=0
neurons (num_inputs, activation_function, activation_steepness)=(0, 0, 0.00000000000000000000e+00) (0, 0, 0.00000000000000000000e+00) (0, 0, 0.00000000000000000000e+00) (0, 0, 0.00000000000000000000e+00) (0, 0, 0.00000000000000000000e+00) (0, 0, 0.00000000000000000000e+00) (0, 0, 0.00000000000000000000e+00) (0, 0, 0.00000000000000000000e+00) (0, 0, 0.00000000000000000000e+00) (0, 0, 0.00000000000000000000e+00) (0, 0, 0.00000000000000000000e+00) (0, 0, 0.00000000000000000000e+00) (12, 6, 5.00000000000000000000e-01) (12, 6, 5.00000000000000000000e-01) (12, 6, 5.00000000000000000000e-01) (0, 6, 0.00000000000000000000e+00) (4, 4, 5.00000000000000000000e-01) (0, 4, 0.00000000000000000000e+00) 
connections (connected_to_neuron, weight)=(0, -8.41312051282327999502e-01) (1, -3.41015916770947491443e+00) (2, -2.53592102820393883178e+00) (3, 1.55124782419550233392e+00) (4, 1.70190988592659964151e-01) (5, 2.66946831087485048073e+00) (6, 3.71844373636613356737e+00) (7, -2.52525016511199318359e+00) (8, 4.11385749787246890463e+00) (9, -3.30554872002226263206e+00) (10, 4.85193303677718912326e+00) (11, 2.72950869600364676160e+00) (0, -8.82011531927924030683e-01) (1, -1.62153274428257265782e+00) (2, 1.23171249894308232342e+01) (3, 1.52950443627861809581e-01) (4, 6.96025156850084258942e-01) (5, -7.50683203654931130444e-01) (6, -9.13037382673164366054e-01) (7, 1.22851366219925068890e+01) (8, -3.52584800125373520885e-01) (9, -7.92518353644562578708e-01) (10, -8.32228928489288644066e-02) (11, -1.14652736135937693973e+00) (0, -2.32662318699767967090e+00) (1, -1.44747865845084455749e+00) (2, 1.94678678300133540802e+01) (3, -8.90257223060922253666e-01) (4, -7.13215946044947424198e-01) (5, -2.85658809371097888175e+00) (6, -2.99489034540756549063e+00) (7, 1.95164329606941535644e+01) (8, -2.61501250578962940452e+00) (9, -1.13995080347206867444e+00) (10, -7.74131314838657713651e-01) (11, -2.51943163774951495171e+00) (12, -8.19854448438900895724e+00) (13, 1.26956912116900699772e+00) (14, 3.58680047845835670017e+00) (15, -2.31408813150718373208e+00) 
