FANN_FLO_2.1
num_layers=3
learning_rate=0.700000
connection_rate=1.000000
network_type=0
learning_momentum=0.000000
training_algorithm=2
train_error_function=1
train_stop_function=1
cascade_output_change_fraction=0.010000
quickprop_decay=-0.000100
quickprop_mu=1.750000
rprop_increase_factor=1.200000
rprop_decrease_factor=0.500000
rprop_delta_min=0.000000
rprop_delta_max=50.000000
rprop_delta_zero=0.100000
cascade_output_stagnation_epochs=12
cascade_candidate_change_fraction=0.010000
cascade_candidate_stagnation_epochs=12
cascade_max_out_epochs=150
cascade_min_out_epochs=50
cascade_max_cand_epochs=150
cascade_min_cand_epochs=50
cascade_num_candidate_groups=2
bit_fail_limit=1.00000000000000005551e-01
cascade_candidate_limit=1.00000000000000000000e+03
cascade_weight_multiplier=4.00000000000000022204e-01
cascade_activation_functions_count=10
cascade_activation_functions=3 5 7 8 10 11 14 15 16 17 
cascade_activation_steepnesses_count=4
cascade_activation_steepnesses=2.50000000000000000000e-01 5.00000000000000000000e-01 7.50000000000000000000e-01 1.00000000000000000000e+00 
layer_sizes=12 4 2 
scale_included=0
neurons (num_inputs, activation_function, activation_steepness)=(0, 0, 0.00000000000000000000e+00) (0, 0, 0.00000000000000000000e+00) (0, 0, 0.00000000000000000000e+00) (0, 0, 0.00000000000000000000e+00) (0, 0, 0.00000000000000000000e+00) (0, 0, 0.00000000000000000000e+00) (0, 0, 0.00000000000000000000e+00) (0, 0, 0.00000000000000000000e+00) (0, 0, 0.00000000000000000000e+00) (0, 0, 0.00000000000000000000e+00) (0, 0, 0.00000000000000000000e+00) (0, 0, 0.00000000000000000000e+00) (12, 6, 5.00000000000000000000e-01) (12, 6, 5.00000000000000000000e-01) (12, 6, 5.00000000000000000000e-01) (0, 6, 0.00000000000000000000e+00) (4, 4, 5.00000000000000000000e-01) (0, 4, 0.00000000000000000000e+00) 
connections (connected_to_neuron, weight)=(0, -1.74533792580318092291e+00) (1, 3.20928879928059673787e+00) (2, 1.11560220989304026418e+00) (3, 1.78268591457932679134e+00) (4, -1.26786631746987876745e+00) (5, 1.32675629245922976907e+01) (6, 2.42008456250822723277e+00) (7, 4.93762767329511564895e+00) (8, 1.50000000000000000000e+03) (9, 2.57644040907865168322e+00) (10, 3.55639894694824043597e+00) (11, -3.33368052945553339228e+00) (0, -1.12343996476048975097e+01) (1, 1.10550496941228604264e+00) (2, 3.74270818633154567223e+00) (3, 1.71182942150541315129e+01) (4, 8.12660512225404829678e+00) (5, -5.05128383369784273782e+02) (6, -7.83030976279389051342e+02) (7, -7.52318607283472857716e+01) (8, 1.50000000000000000000e+03) (9, 1.57912496242224857923e+01) (10, 2.23356897670651264320e+01) (11, -1.96029733123313611998e+01) (0, -1.98489189309910973869e+00) (1, 3.57528067757647649572e+00) (2, 2.23270901737574423152e+00) (3, 1.48912240267770723534e+00) (4, 3.04806694175958936555e+00) (5, 2.19531175242208709264e+00) (6, -1.08811357266024200108e+00) (7, -6.86913693782113421449e-01) (8, 1.50000000000000000000e+03) (9, 2.75955267343169463601e+00) (10, 2.87119678846388470816e+00) (11, -3.50217873767587262179e+00) (12, 5.14468473339870957517e+00) (13, 2.92952771153632873791e+00) (14, 1.24443074107063456069e+01) (15, -1.57379482788624769363e+00) 
