FANN_FLO_2.1
num_layers=3
learning_rate=0.700000
connection_rate=1.000000
network_type=0
learning_momentum=0.000000
training_algorithm=2
train_error_function=1
train_stop_function=1
cascade_output_change_fraction=0.010000
quickprop_decay=-0.000100
quickprop_mu=1.750000
rprop_increase_factor=1.200000
rprop_decrease_factor=0.500000
rprop_delta_min=0.000000
rprop_delta_max=50.000000
rprop_delta_zero=0.100000
cascade_output_stagnation_epochs=12
cascade_candidate_change_fraction=0.010000
cascade_candidate_stagnation_epochs=12
cascade_max_out_epochs=150
cascade_min_out_epochs=50
cascade_max_cand_epochs=150
cascade_min_cand_epochs=50
cascade_num_candidate_groups=2
bit_fail_limit=1.00000000000000005551e-01
cascade_candidate_limit=1.00000000000000000000e+03
cascade_weight_multiplier=4.00000000000000022204e-01
cascade_activation_functions_count=10
cascade_activation_functions=3 5 7 8 10 11 14 15 16 17 
cascade_activation_steepnesses_count=4
cascade_activation_steepnesses=2.50000000000000000000e-01 5.00000000000000000000e-01 7.50000000000000000000e-01 1.00000000000000000000e+00 
layer_sizes=8 4 2 
scale_included=0
neurons (num_inputs, activation_function, activation_steepness)=(0, 0, 0.00000000000000000000e+00) (0, 0, 0.00000000000000000000e+00) (0, 0, 0.00000000000000000000e+00) (0, 0, 0.00000000000000000000e+00) (0, 0, 0.00000000000000000000e+00) (0, 0, 0.00000000000000000000e+00) (0, 0, 0.00000000000000000000e+00) (0, 0, 0.00000000000000000000e+00) (8, 6, 5.00000000000000000000e-01) (8, 6, 5.00000000000000000000e-01) (8, 6, 5.00000000000000000000e-01) (0, 6, 0.00000000000000000000e+00) (4, 4, 5.00000000000000000000e-01) (0, 4, 0.00000000000000000000e+00) 
connections (connected_to_neuron, weight)=(0, 1.91789092243159551288e+01) (1, -9.07660649121363327652e+00) (2, -6.69480931327488981708e+00) (3, -3.64185755885261208675e+00) (4, 1.72422082480305083330e+00) (5, -5.37055505040166103470e+00) (6, -2.65991467934668301965e+00) (7, 8.47625303210886293925e+00) (0, -1.34491294506102732065e+00) (1, 3.12319255623718206039e+00) (2, 4.54284036409237146348e-01) (3, -1.91171839098716267458e+00) (4, 1.46065318776491287478e-01) (5, 4.85321457529757693816e-01) (6, -4.82583622588502736406e-01) (7, -5.05357583101332830111e-01) (0, 2.31635000676694957633e+00) (1, 5.47598078606505334065e-01) (2, -1.27130523153128898173e+01) (3, -1.20415680048127166080e-01) (4, 1.19536887241472178367e+00) (5, -2.49900081749458768954e+00) (6, -1.28482466237557990674e+00) (7, 2.00727137645974496039e+00) (8, -2.81367560697800023206e+00) (9, 1.89091212984533907360e+00) (10, -2.27936842034499420606e+00) (11, -2.56855135031783987642e+00) 
