FANN_FLO_2.1
num_layers=3
learning_rate=0.700000
connection_rate=1.000000
network_type=0
learning_momentum=0.000000
training_algorithm=2
train_error_function=1
train_stop_function=1
cascade_output_change_fraction=0.010000
quickprop_decay=-0.000100
quickprop_mu=1.750000
rprop_increase_factor=1.200000
rprop_decrease_factor=0.500000
rprop_delta_min=0.000000
rprop_delta_max=50.000000
rprop_delta_zero=0.100000
cascade_output_stagnation_epochs=12
cascade_candidate_change_fraction=0.010000
cascade_candidate_stagnation_epochs=12
cascade_max_out_epochs=150
cascade_min_out_epochs=50
cascade_max_cand_epochs=150
cascade_min_cand_epochs=50
cascade_num_candidate_groups=2
bit_fail_limit=1.00000000000000005551e-01
cascade_candidate_limit=1.00000000000000000000e+03
cascade_weight_multiplier=4.00000000000000022204e-01
cascade_activation_functions_count=10
cascade_activation_functions=3 5 7 8 10 11 14 15 16 17 
cascade_activation_steepnesses_count=4
cascade_activation_steepnesses=2.50000000000000000000e-01 5.00000000000000000000e-01 7.50000000000000000000e-01 1.00000000000000000000e+00 
layer_sizes=7 4 2 
scale_included=0
neurons (num_inputs, activation_function, activation_steepness)=(0, 0, 0.00000000000000000000e+00) (0, 0, 0.00000000000000000000e+00) (0, 0, 0.00000000000000000000e+00) (0, 0, 0.00000000000000000000e+00) (0, 0, 0.00000000000000000000e+00) (0, 0, 0.00000000000000000000e+00) (0, 0, 0.00000000000000000000e+00) (7, 6, 5.00000000000000000000e-01) (7, 6, 5.00000000000000000000e-01) (7, 6, 5.00000000000000000000e-01) (0, 6, 0.00000000000000000000e+00) (4, 4, 5.00000000000000000000e-01) (0, 4, 0.00000000000000000000e+00) 
connections (connected_to_neuron, weight)=(0, 5.41130674010343248881e+00) (1, -4.66274768992442645299e+00) (2, -4.33458711500125293270e+00) (3, 1.95121129299654749722e-01) (4, -3.29752445096924162726e+00) (5, -4.92672032517716740330e+00) (6, 6.53271459777081808795e+00) (0, -1.46959202822603418603e+00) (1, 1.40465222966431224627e+00) (2, 4.84931773688897482799e+00) (3, 7.64674422284288612950e-01) (4, -1.16655429035261382076e-01) (5, 1.47010085634145393207e+00) (6, -1.66179752135016367554e+00) (0, -2.97318725268290007246e-01) (1, 2.81628237760459620986e+00) (2, 6.11134341407775560917e-01) (3, 9.68486541019037971978e-02) (4, 1.99969285235956986679e-02) (5, 5.74486203778797888120e-01) (6, -4.24832633118078673018e-01) (7, -5.12804010457853109983e+00) (8, 1.51393345249065625069e+00) (9, 1.76005844721647997098e+00) (10, -2.63575283488816580757e+00) 
