FANN_FLO_2.1
num_layers=3
learning_rate=0.700000
connection_rate=1.000000
network_type=0
learning_momentum=0.000000
training_algorithm=2
train_error_function=1
train_stop_function=1
cascade_output_change_fraction=0.010000
quickprop_decay=-0.000100
quickprop_mu=1.750000
rprop_increase_factor=1.200000
rprop_decrease_factor=0.500000
rprop_delta_min=0.000000
rprop_delta_max=50.000000
rprop_delta_zero=0.100000
cascade_output_stagnation_epochs=12
cascade_candidate_change_fraction=0.010000
cascade_candidate_stagnation_epochs=12
cascade_max_out_epochs=150
cascade_min_out_epochs=50
cascade_max_cand_epochs=150
cascade_min_cand_epochs=50
cascade_num_candidate_groups=2
bit_fail_limit=1.00000000000000005551e-01
cascade_candidate_limit=1.00000000000000000000e+03
cascade_weight_multiplier=4.00000000000000022204e-01
cascade_activation_functions_count=10
cascade_activation_functions=3 5 7 8 10 11 14 15 16 17 
cascade_activation_steepnesses_count=4
cascade_activation_steepnesses=2.50000000000000000000e-01 5.00000000000000000000e-01 7.50000000000000000000e-01 1.00000000000000000000e+00 
layer_sizes=7 4 2 
scale_included=0
neurons (num_inputs, activation_function, activation_steepness)=(0, 0, 0.00000000000000000000e+00) (0, 0, 0.00000000000000000000e+00) (0, 0, 0.00000000000000000000e+00) (0, 0, 0.00000000000000000000e+00) (0, 0, 0.00000000000000000000e+00) (0, 0, 0.00000000000000000000e+00) (0, 0, 0.00000000000000000000e+00) (7, 6, 5.00000000000000000000e-01) (7, 6, 5.00000000000000000000e-01) (7, 6, 5.00000000000000000000e-01) (0, 6, 0.00000000000000000000e+00) (4, 4, 5.00000000000000000000e-01) (0, 4, 0.00000000000000000000e+00) 
connections (connected_to_neuron, weight)=(0, -2.63338595915699191785e-01) (1, 2.02648623156825991032e+00) (2, -9.40033884220235815832e-01) (3, -1.47473178990028458424e-01) (4, -1.01301424391410932468e-01) (5, 2.47454934022816736006e-01) (6, -7.68614329139406249336e-02) (0, -3.14102633940796938106e+00) (1, 6.28214420088621672278e+00) (2, 2.33540178416188926036e+00) (3, -4.13583253471385692279e-01) (4, -5.96284864962943217392e+00) (5, 9.46709203473099170090e-01) (6, -3.13262260603528108760e+00) (0, -1.68335573475993305337e+00) (1, 9.39673017011684319488e-02) (2, 9.61975446291880587069e+00) (3, 4.77509798444008426443e-01) (4, 6.72066724517295543961e-01) (5, 8.92826757586970609637e-01) (6, -1.52981491578749295712e+00) (7, 9.05400258220787734764e-01) (8, 3.05009056836268754864e+00) (9, 4.55505965642267351967e+00) (10, -4.51713364480703738479e+00) 
