FANN_FLO_2.1
num_layers=3
learning_rate=0.700000
connection_rate=1.000000
network_type=0
learning_momentum=0.000000
training_algorithm=2
train_error_function=1
train_stop_function=1
cascade_output_change_fraction=0.010000
quickprop_decay=-0.000100
quickprop_mu=1.750000
rprop_increase_factor=1.200000
rprop_decrease_factor=0.500000
rprop_delta_min=0.000000
rprop_delta_max=50.000000
rprop_delta_zero=0.100000
cascade_output_stagnation_epochs=12
cascade_candidate_change_fraction=0.010000
cascade_candidate_stagnation_epochs=12
cascade_max_out_epochs=150
cascade_min_out_epochs=50
cascade_max_cand_epochs=150
cascade_min_cand_epochs=50
cascade_num_candidate_groups=2
bit_fail_limit=1.00000000000000005551e-01
cascade_candidate_limit=1.00000000000000000000e+03
cascade_weight_multiplier=4.00000000000000022204e-01
cascade_activation_functions_count=10
cascade_activation_functions=3 5 7 8 10 11 14 15 16 17 
cascade_activation_steepnesses_count=4
cascade_activation_steepnesses=2.50000000000000000000e-01 5.00000000000000000000e-01 7.50000000000000000000e-01 1.00000000000000000000e+00 
layer_sizes=12 4 2 
scale_included=0
neurons (num_inputs, activation_function, activation_steepness)=(0, 0, 0.00000000000000000000e+00) (0, 0, 0.00000000000000000000e+00) (0, 0, 0.00000000000000000000e+00) (0, 0, 0.00000000000000000000e+00) (0, 0, 0.00000000000000000000e+00) (0, 0, 0.00000000000000000000e+00) (0, 0, 0.00000000000000000000e+00) (0, 0, 0.00000000000000000000e+00) (0, 0, 0.00000000000000000000e+00) (0, 0, 0.00000000000000000000e+00) (0, 0, 0.00000000000000000000e+00) (0, 0, 0.00000000000000000000e+00) (12, 6, 5.00000000000000000000e-01) (12, 6, 5.00000000000000000000e-01) (12, 6, 5.00000000000000000000e-01) (0, 6, 0.00000000000000000000e+00) (4, 4, 5.00000000000000000000e-01) (0, 4, 0.00000000000000000000e+00) 
connections (connected_to_neuron, weight)=(0, -5.57534252178781830622e-01) (1, -2.95482673451617161575e+00) (2, -3.12495270794173451989e+00) (3, 1.43240527604722989174e+00) (4, -3.25430515680496101893e+00) (5, -2.11891726930123391881e+00) (6, 5.78546152866826979277e-01) (7, 2.13419434627854232023e-01) (8, 1.48568564574021699798e+00) (9, 3.41683470858222482214e-01) (10, 7.73349387590019476946e-01) (11, 3.99104645173814098769e+00) (0, 3.56594792053805620391e-01) (1, 1.27709590751689172627e+00) (2, 2.48434931340744391548e+00) (3, 1.96504262744033053600e+00) (4, 1.34382438727290765001e+00) (5, 1.53366717214735786001e+01) (6, 2.86104046112220178344e+00) (7, 3.89545525854217700168e-01) (8, -1.86927784756171244673e+00) (9, -2.19356582728985644026e-01) (10, 2.94611904644020894395e+00) (11, -1.48976195749498341314e+00) (0, -1.70147373944168567306e+00) (1, -2.94435987204626004043e+00) (2, -3.22086252694865438073e+00) (3, 2.88744330150696404402e+00) (4, -3.01445822714661915143e+00) (5, -3.41957267121255314990e+00) (6, 2.31579778086986909358e+00) (7, -2.45898031318002585621e-01) (8, 3.06960585805101304757e+00) (9, 4.68895972920543524509e-01) (10, 7.61439234926528984992e-01) (11, 3.88191410344534304500e+00) (12, -8.93084843317613064073e+00) (13, 4.19458728173517325644e+00) (14, -4.90221476680691168326e+01) (15, -1.13352034214027952430e+00) 
