FANN_FLO_2.1
num_layers=3
learning_rate=0.700000
connection_rate=1.000000
network_type=0
learning_momentum=0.000000
training_algorithm=2
train_error_function=1
train_stop_function=1
cascade_output_change_fraction=0.010000
quickprop_decay=-0.000100
quickprop_mu=1.750000
rprop_increase_factor=1.200000
rprop_decrease_factor=0.500000
rprop_delta_min=0.000000
rprop_delta_max=50.000000
rprop_delta_zero=0.100000
cascade_output_stagnation_epochs=12
cascade_candidate_change_fraction=0.010000
cascade_candidate_stagnation_epochs=12
cascade_max_out_epochs=150
cascade_min_out_epochs=50
cascade_max_cand_epochs=150
cascade_min_cand_epochs=50
cascade_num_candidate_groups=2
bit_fail_limit=1.00000000000000005551e-01
cascade_candidate_limit=1.00000000000000000000e+03
cascade_weight_multiplier=4.00000000000000022204e-01
cascade_activation_functions_count=10
cascade_activation_functions=3 5 7 8 10 11 14 15 16 17 
cascade_activation_steepnesses_count=4
cascade_activation_steepnesses=2.50000000000000000000e-01 5.00000000000000000000e-01 7.50000000000000000000e-01 1.00000000000000000000e+00 
layer_sizes=8 4 2 
scale_included=0
neurons (num_inputs, activation_function, activation_steepness)=(0, 0, 0.00000000000000000000e+00) (0, 0, 0.00000000000000000000e+00) (0, 0, 0.00000000000000000000e+00) (0, 0, 0.00000000000000000000e+00) (0, 0, 0.00000000000000000000e+00) (0, 0, 0.00000000000000000000e+00) (0, 0, 0.00000000000000000000e+00) (0, 0, 0.00000000000000000000e+00) (8, 6, 5.00000000000000000000e-01) (8, 6, 5.00000000000000000000e-01) (8, 6, 5.00000000000000000000e-01) (0, 6, 0.00000000000000000000e+00) (4, 4, 5.00000000000000000000e-01) (0, 4, 0.00000000000000000000e+00) 
connections (connected_to_neuron, weight)=(0, -2.48766904524657705977e+00) (1, 1.87574151934691468746e+00) (2, 1.24768907247719673670e+00) (3, 1.75714782450077389164e+00) (4, 1.57242181907488576265e+00) (5, 1.79328649085798974561e+00) (6, 2.32640149267426998847e+00) (7, -7.15924334649654797724e-02) (0, -1.46518551231139912971e+01) (1, -5.45703421180084302655e-01) (2, -1.68642295348742043970e+00) (3, -1.49830522909537777743e+00) (4, -1.22547302014225167888e+00) (5, -1.14122911958591521930e+00) (6, -1.25157756686532817270e+00) (7, 6.82154037933788526260e+00) (0, -1.43846731695779102012e+01) (1, -4.97901479556048298658e-01) (2, -1.47292149273684147559e+00) (3, -1.39842206508581878843e+00) (4, -9.60807490459519075721e-01) (5, -8.63020456628485366224e-01) (6, -9.76260080571298538565e-01) (7, 6.61119003212235334388e+00) (8, 1.04628622205582928473e+01) (9, -4.57994184509170221276e+00) (10, -4.52569283783686326927e+00) (11, -3.42115295301391686422e+00) 
