FANN_FLO_2.1
num_layers=3
learning_rate=0.700000
connection_rate=1.000000
network_type=0
learning_momentum=0.000000
training_algorithm=2
train_error_function=1
train_stop_function=1
cascade_output_change_fraction=0.010000
quickprop_decay=-0.000100
quickprop_mu=1.750000
rprop_increase_factor=1.200000
rprop_decrease_factor=0.500000
rprop_delta_min=0.000000
rprop_delta_max=50.000000
rprop_delta_zero=0.100000
cascade_output_stagnation_epochs=12
cascade_candidate_change_fraction=0.010000
cascade_candidate_stagnation_epochs=12
cascade_max_out_epochs=150
cascade_min_out_epochs=50
cascade_max_cand_epochs=150
cascade_min_cand_epochs=50
cascade_num_candidate_groups=2
bit_fail_limit=1.00000000000000005551e-01
cascade_candidate_limit=1.00000000000000000000e+03
cascade_weight_multiplier=4.00000000000000022204e-01
cascade_activation_functions_count=10
cascade_activation_functions=3 5 7 8 10 11 14 15 16 17 
cascade_activation_steepnesses_count=4
cascade_activation_steepnesses=2.50000000000000000000e-01 5.00000000000000000000e-01 7.50000000000000000000e-01 1.00000000000000000000e+00 
layer_sizes=13 4 2 
scale_included=0
neurons (num_inputs, activation_function, activation_steepness)=(0, 0, 0.00000000000000000000e+00) (0, 0, 0.00000000000000000000e+00) (0, 0, 0.00000000000000000000e+00) (0, 0, 0.00000000000000000000e+00) (0, 0, 0.00000000000000000000e+00) (0, 0, 0.00000000000000000000e+00) (0, 0, 0.00000000000000000000e+00) (0, 0, 0.00000000000000000000e+00) (0, 0, 0.00000000000000000000e+00) (0, 0, 0.00000000000000000000e+00) (0, 0, 0.00000000000000000000e+00) (0, 0, 0.00000000000000000000e+00) (0, 0, 0.00000000000000000000e+00) (13, 6, 5.00000000000000000000e-01) (13, 6, 5.00000000000000000000e-01) (13, 6, 5.00000000000000000000e-01) (0, 6, 0.00000000000000000000e+00) (4, 4, 5.00000000000000000000e-01) (0, 4, 0.00000000000000000000e+00) 
connections (connected_to_neuron, weight)=(0, -1.12322986172304836727e-01) (1, 1.61124098057460751754e+00) (2, 1.51207913778028946172e-01) (3, 4.64928968245607643350e-01) (4, 6.32183994383096470315e-02) (5, 1.65395003313732114059e+00) (6, 4.64767646256717820163e-02) (7, 2.67202339069720962161e-01) (8, -2.43696337604784422914e-02) (9, 1.58673932488616231673e+00) (10, 1.34026911202882148544e+00) (11, -5.10693350916964106112e-01) (12, -1.16407588170633999325e-01) (0, -1.56547730346514235578e+00) (1, 4.25149902357115649920e+00) (2, -7.45659282309890980578e-01) (3, -4.02076993707152940960e-01) (4, -2.23383641865170989860e+00) (5, 4.22029540716066264849e+00) (6, -1.09915962932536048768e+00) (7, -1.06664480498556724086e+00) (8, -1.43304587969812380344e+00) (9, 4.14068171176407240353e+00) (10, 2.32587133829355696690e-01) (11, -3.79697452015664538294e+00) (12, -1.68384557892872344098e+00) (0, 8.70259995481632353531e-01) (1, -2.04317886474603804814e+00) (2, 9.42368079891761495359e-02) (3, 4.83136679506549274188e-03) (4, 1.91445712685670565989e-01) (5, -2.21435605081791075932e+00) (6, 2.22153018285103198703e-01) (7, 2.21138106297670000711e-02) (8, 3.30442469600656429929e-01) (9, -2.06468370797337330558e+00) (10, -7.17045668000174662993e-01) (11, 6.93065313711673125496e-01) (12, 7.96315657815597433000e-01) (13, 2.16062919979532486181e+00) (14, 9.99717573879026843997e+00) (15, -1.80488813637426792624e+00) (16, -2.69745716145697134181e+00) 
