FANN_FLO_2.1
num_layers=3
learning_rate=0.700000
connection_rate=1.000000
network_type=0
learning_momentum=0.000000
training_algorithm=2
train_error_function=1
train_stop_function=1
cascade_output_change_fraction=0.010000
quickprop_decay=-0.000100
quickprop_mu=1.750000
rprop_increase_factor=1.200000
rprop_decrease_factor=0.500000
rprop_delta_min=0.000000
rprop_delta_max=50.000000
rprop_delta_zero=0.100000
cascade_output_stagnation_epochs=12
cascade_candidate_change_fraction=0.010000
cascade_candidate_stagnation_epochs=12
cascade_max_out_epochs=150
cascade_min_out_epochs=50
cascade_max_cand_epochs=150
cascade_min_cand_epochs=50
cascade_num_candidate_groups=2
bit_fail_limit=1.00000000000000005551e-01
cascade_candidate_limit=1.00000000000000000000e+03
cascade_weight_multiplier=4.00000000000000022204e-01
cascade_activation_functions_count=10
cascade_activation_functions=3 5 7 8 10 11 14 15 16 17 
cascade_activation_steepnesses_count=4
cascade_activation_steepnesses=2.50000000000000000000e-01 5.00000000000000000000e-01 7.50000000000000000000e-01 1.00000000000000000000e+00 
layer_sizes=16 4 2 
scale_included=0
neurons (num_inputs, activation_function, activation_steepness)=(0, 0, 0.00000000000000000000e+00) (0, 0, 0.00000000000000000000e+00) (0, 0, 0.00000000000000000000e+00) (0, 0, 0.00000000000000000000e+00) (0, 0, 0.00000000000000000000e+00) (0, 0, 0.00000000000000000000e+00) (0, 0, 0.00000000000000000000e+00) (0, 0, 0.00000000000000000000e+00) (0, 0, 0.00000000000000000000e+00) (0, 0, 0.00000000000000000000e+00) (0, 0, 0.00000000000000000000e+00) (0, 0, 0.00000000000000000000e+00) (0, 0, 0.00000000000000000000e+00) (0, 0, 0.00000000000000000000e+00) (0, 0, 0.00000000000000000000e+00) (0, 0, 0.00000000000000000000e+00) (16, 6, 5.00000000000000000000e-01) (16, 6, 5.00000000000000000000e-01) (16, 6, 5.00000000000000000000e-01) (0, 6, 0.00000000000000000000e+00) (4, 4, 5.00000000000000000000e-01) (0, 4, 0.00000000000000000000e+00) 
connections (connected_to_neuron, weight)=(0, 1.24114753735702065818e+00) (1, -1.11251240491635194907e+00) (2, -1.51283357996262823875e+00) (3, -6.80903139885689179245e-01) (4, -7.17929134659074819069e-01) (5, -2.16034149680558451578e-02) (6, -1.28847802206875616804e+00) (7, -7.34889006246942089184e-02) (8, -4.63687023367711087518e-02) (9, 4.94530436634918468819e-02) (10, 3.16059911475307042661e-01) (11, -1.27781115797153144165e+00) (12, -9.10540193453284096847e+00) (13, 1.86409848999874949715e-01) (14, -1.53494558297939187597e+00) (15, 1.52652519475993425635e-01) (0, -8.01301409257152208454e+00) (1, 7.72655357163393219366e+00) (2, 6.34332464929527439779e+00) (3, 1.09597149852749309318e+00) (4, 8.63089411165902475886e+00) (5, -1.40783398154960304183e+00) (6, 7.67754322778427411578e+00) (7, 1.32108704501622709060e-01) (8, 5.98721918049140100493e+00) (9, -1.19783268431182543523e+00) (10, -4.43613370027019371378e+00) (11, 8.05706239910225718859e+00) (12, 6.43235967069583480793e+00) (13, -2.29544411357235000892e+00) (14, 1.54772109329794260724e+00) (15, -7.98049879399635830879e+00) (0, 2.84744698137837826124e+00) (1, -2.26828384330493237897e+00) (2, -1.32981247356184995034e-01) (3, -5.60317551094315580151e-01) (4, -1.91411704987456077198e+00) (5, 3.74795022120449128344e-01) (6, -2.27717753753307095010e+00) (7, 2.56600962020322787005e-01) (8, 3.76985105196758818469e-01) (9, 4.40190666606673886019e-01) (10, 1.00579351749569090302e+00) (11, -2.29788890412074353620e+00) (12, -2.81566316248667569688e-01) (13, 7.42188036312402488193e-01) (14, -3.54905075604832975777e-01) (15, 1.34042716516349935674e+00) (16, -6.18966499782877654923e-01) (17, 4.33440133206133637600e+00) (18, -6.04569486717688597821e+00) (19, -2.12192936714573621160e+00) 
