FANN_FLO_2.1
num_layers=3
learning_rate=0.700000
connection_rate=1.000000
network_type=0
learning_momentum=0.000000
training_algorithm=2
train_error_function=1
train_stop_function=1
cascade_output_change_fraction=0.010000
quickprop_decay=-0.000100
quickprop_mu=1.750000
rprop_increase_factor=1.200000
rprop_decrease_factor=0.500000
rprop_delta_min=0.000000
rprop_delta_max=50.000000
rprop_delta_zero=0.100000
cascade_output_stagnation_epochs=12
cascade_candidate_change_fraction=0.010000
cascade_candidate_stagnation_epochs=12
cascade_max_out_epochs=150
cascade_min_out_epochs=50
cascade_max_cand_epochs=150
cascade_min_cand_epochs=50
cascade_num_candidate_groups=2
bit_fail_limit=1.00000000000000005551e-01
cascade_candidate_limit=1.00000000000000000000e+03
cascade_weight_multiplier=4.00000000000000022204e-01
cascade_activation_functions_count=10
cascade_activation_functions=3 5 7 8 10 11 14 15 16 17 
cascade_activation_steepnesses_count=4
cascade_activation_steepnesses=2.50000000000000000000e-01 5.00000000000000000000e-01 7.50000000000000000000e-01 1.00000000000000000000e+00 
layer_sizes=7 4 2 
scale_included=0
neurons (num_inputs, activation_function, activation_steepness)=(0, 0, 0.00000000000000000000e+00) (0, 0, 0.00000000000000000000e+00) (0, 0, 0.00000000000000000000e+00) (0, 0, 0.00000000000000000000e+00) (0, 0, 0.00000000000000000000e+00) (0, 0, 0.00000000000000000000e+00) (0, 0, 0.00000000000000000000e+00) (7, 6, 5.00000000000000000000e-01) (7, 6, 5.00000000000000000000e-01) (7, 6, 5.00000000000000000000e-01) (0, 6, 0.00000000000000000000e+00) (4, 4, 5.00000000000000000000e-01) (0, 4, 0.00000000000000000000e+00) 
connections (connected_to_neuron, weight)=(0, -1.00442376822981116469e+00) (1, 4.67377498962604942534e+00) (2, -3.94766978441509319708e-01) (3, -4.54065691201719356940e-01) (4, 9.90685407994525701891e-02) (5, -3.84448490558895183966e-01) (6, -1.01399459780010459120e+00) (0, -9.00497877009241554092e-01) (1, 4.79486477591717186186e+00) (2, -4.98609326301845623419e-01) (3, -4.06761452077659679816e-01) (4, 3.37208096860187322985e-02) (5, -4.80251818417343212531e-01) (6, -9.41970587678282234023e-01) (0, -2.56892690420476466073e-01) (1, 2.10222652720691804973e+00) (2, -3.30946635375366504661e-02) (3, -1.91112470246349364089e-01) (4, -2.96139274814882780262e-03) (5, -2.70983928799954920663e-01) (6, -2.96791994929639368905e-01) (7, 1.98708451223571680444e+00) (8, 2.97788775520237392058e+00) (9, 1.88558080600978961172e+00) (10, -1.01463981062921759779e+00) 
