FANN_FLO_2.1
num_layers=3
learning_rate=0.700000
connection_rate=1.000000
network_type=0
learning_momentum=0.000000
training_algorithm=2
train_error_function=1
train_stop_function=1
cascade_output_change_fraction=0.010000
quickprop_decay=-0.000100
quickprop_mu=1.750000
rprop_increase_factor=1.200000
rprop_decrease_factor=0.500000
rprop_delta_min=0.000000
rprop_delta_max=50.000000
rprop_delta_zero=0.100000
cascade_output_stagnation_epochs=12
cascade_candidate_change_fraction=0.010000
cascade_candidate_stagnation_epochs=12
cascade_max_out_epochs=150
cascade_min_out_epochs=50
cascade_max_cand_epochs=150
cascade_min_cand_epochs=50
cascade_num_candidate_groups=2
bit_fail_limit=1.00000000000000005551e-01
cascade_candidate_limit=1.00000000000000000000e+03
cascade_weight_multiplier=4.00000000000000022204e-01
cascade_activation_functions_count=10
cascade_activation_functions=3 5 7 8 10 11 14 15 16 17 
cascade_activation_steepnesses_count=4
cascade_activation_steepnesses=2.50000000000000000000e-01 5.00000000000000000000e-01 7.50000000000000000000e-01 1.00000000000000000000e+00 
layer_sizes=18 4 2 
scale_included=0
neurons (num_inputs, activation_function, activation_steepness)=(0, 0, 0.00000000000000000000e+00) (0, 0, 0.00000000000000000000e+00) (0, 0, 0.00000000000000000000e+00) (0, 0, 0.00000000000000000000e+00) (0, 0, 0.00000000000000000000e+00) (0, 0, 0.00000000000000000000e+00) (0, 0, 0.00000000000000000000e+00) (0, 0, 0.00000000000000000000e+00) (0, 0, 0.00000000000000000000e+00) (0, 0, 0.00000000000000000000e+00) (0, 0, 0.00000000000000000000e+00) (0, 0, 0.00000000000000000000e+00) (0, 0, 0.00000000000000000000e+00) (0, 0, 0.00000000000000000000e+00) (0, 0, 0.00000000000000000000e+00) (0, 0, 0.00000000000000000000e+00) (0, 0, 0.00000000000000000000e+00) (0, 0, 0.00000000000000000000e+00) (18, 6, 5.00000000000000000000e-01) (18, 6, 5.00000000000000000000e-01) (18, 6, 5.00000000000000000000e-01) (0, 6, 0.00000000000000000000e+00) (4, 4, 5.00000000000000000000e-01) (0, 4, 0.00000000000000000000e+00) 
connections (connected_to_neuron, weight)=(0, -9.38641958802877152124e-01) (1, 4.39986869307968986309e-01) (2, 1.21670545112894945561e+00) (3, 3.80623197695122539308e-01) (4, -5.25821203296091832513e-01) (5, -2.64720411969220470461e-01) (6, 3.73001313349114238527e-01) (7, -5.44295973847612052365e-02) (8, 1.62160700005068081353e+00) (9, 1.21618171285216858379e+00) (10, -1.01845867163966527502e-01) (11, 1.32951147383239431932e-01) (12, 3.04607645013979966286e-01) (13, 1.52970648693392146100e+01) (14, 2.36696946593356938315e-01) (15, -9.23383269848954579828e-01) (16, -1.35626847832683083972e-01) (17, -1.02155543950193949954e+00) (0, 2.83056303605984593830e+00) (1, -2.14056688661487415359e+00) (2, -1.51198779484507328519e+00) (3, -8.40097732542078312612e-02) (4, 3.36715390256064284191e-01) (5, 2.00466675707530905814e-01) (6, -1.34557771980553519953e-01) (7, 2.36809334356895773155e-01) (8, -2.00403741997037743161e+00) (9, -1.93808959038258565855e+00) (10, 2.61009654600731277885e-01) (11, -1.07532953838118894296e-01) (12, 1.65752286927898806468e+00) (13, -3.00557260208192689177e+00) (14, 1.04822074497716477559e+00) (15, -8.89109138780914909361e-01) (16, -3.02270002619686950496e-01) (17, 1.74743962479391123921e+00) (0, -2.15393479009389565704e+00) (1, 1.74744749831664270001e-01) (2, 2.75333248450330785317e+01) (3, 4.18220319318360678196e-01) (4, 5.29793338468494745541e-01) (5, 4.43740555277376713672e-01) (6, 5.78207810162314483904e-01) (7, 4.64189165463953556934e-01) (8, 1.37851601757378672275e+00) (9, 1.67326520964031244532e+00) (10, 5.79521932831316588519e-01) (11, 4.68662083994167311118e-01) (12, 2.61642246046787985136e+00) (13, 9.27892730337594784373e-01) (14, -9.86971373572488763770e-01) (15, -3.92172193875824248721e+00) (16, -8.89532231785959481840e+00) (17, -1.75378482794002099610e+00) (18, 7.18727707862123477156e-01) (19, -2.04505467047563627148e+01) (20, 5.06148997521645505060e+00) (21, -1.85922603263961838671e+00) 
