FANN_FLO_2.1
num_layers=3
learning_rate=0.700000
connection_rate=1.000000
network_type=0
learning_momentum=0.000000
training_algorithm=2
train_error_function=1
train_stop_function=1
cascade_output_change_fraction=0.010000
quickprop_decay=-0.000100
quickprop_mu=1.750000
rprop_increase_factor=1.200000
rprop_decrease_factor=0.500000
rprop_delta_min=0.000000
rprop_delta_max=50.000000
rprop_delta_zero=0.100000
cascade_output_stagnation_epochs=12
cascade_candidate_change_fraction=0.010000
cascade_candidate_stagnation_epochs=12
cascade_max_out_epochs=150
cascade_min_out_epochs=50
cascade_max_cand_epochs=150
cascade_min_cand_epochs=50
cascade_num_candidate_groups=2
bit_fail_limit=1.00000000000000005551e-01
cascade_candidate_limit=1.00000000000000000000e+03
cascade_weight_multiplier=4.00000000000000022204e-01
cascade_activation_functions_count=10
cascade_activation_functions=3 5 7 8 10 11 14 15 16 17 
cascade_activation_steepnesses_count=4
cascade_activation_steepnesses=2.50000000000000000000e-01 5.00000000000000000000e-01 7.50000000000000000000e-01 1.00000000000000000000e+00 
layer_sizes=6 4 2 
scale_included=0
neurons (num_inputs, activation_function, activation_steepness)=(0, 0, 0.00000000000000000000e+00) (0, 0, 0.00000000000000000000e+00) (0, 0, 0.00000000000000000000e+00) (0, 0, 0.00000000000000000000e+00) (0, 0, 0.00000000000000000000e+00) (0, 0, 0.00000000000000000000e+00) (6, 6, 5.00000000000000000000e-01) (6, 6, 5.00000000000000000000e-01) (6, 6, 5.00000000000000000000e-01) (0, 6, 0.00000000000000000000e+00) (4, 4, 5.00000000000000000000e-01) (0, 4, 0.00000000000000000000e+00) 
connections (connected_to_neuron, weight)=(0, -3.21579326538315068973e+00) (1, 2.89615481942966424000e+00) (2, 1.06992069029994496532e+00) (3, 2.76746659890891921751e-01) (4, 3.00953241047736819169e+00) (5, -2.17029727966180674414e+00) (0, -1.88787111345055813594e+00) (1, 1.56679587715404067261e+00) (2, 1.32035531557384816503e-01) (3, 5.28551384922293543411e+00) (4, 2.33443741450451280883e+00) (5, -1.96606399941566678535e+00) (0, 3.73656713184596211974e+00) (1, -4.32521038124008949666e+00) (2, 1.36552168436315746192e+00) (3, -3.91842024334500438343e+00) (4, -3.65300720957369184916e+00) (5, 4.10863890428068412319e+00) (6, 4.43097621731188162642e+00) (7, 1.09724462527987709493e+00) (8, -3.43282256937546703668e+00) (9, -1.94860963986932222980e+00) 
