FANN_FLO_2.1
num_layers=3
learning_rate=0.700000
connection_rate=1.000000
network_type=0
learning_momentum=0.000000
training_algorithm=2
train_error_function=1
train_stop_function=1
cascade_output_change_fraction=0.010000
quickprop_decay=-0.000100
quickprop_mu=1.750000
rprop_increase_factor=1.200000
rprop_decrease_factor=0.500000
rprop_delta_min=0.000000
rprop_delta_max=50.000000
rprop_delta_zero=0.100000
cascade_output_stagnation_epochs=12
cascade_candidate_change_fraction=0.010000
cascade_candidate_stagnation_epochs=12
cascade_max_out_epochs=150
cascade_min_out_epochs=50
cascade_max_cand_epochs=150
cascade_min_cand_epochs=50
cascade_num_candidate_groups=2
bit_fail_limit=1.00000000000000005551e-01
cascade_candidate_limit=1.00000000000000000000e+03
cascade_weight_multiplier=4.00000000000000022204e-01
cascade_activation_functions_count=10
cascade_activation_functions=3 5 7 8 10 11 14 15 16 17 
cascade_activation_steepnesses_count=4
cascade_activation_steepnesses=2.50000000000000000000e-01 5.00000000000000000000e-01 7.50000000000000000000e-01 1.00000000000000000000e+00 
layer_sizes=6 4 2 
scale_included=0
neurons (num_inputs, activation_function, activation_steepness)=(0, 0, 0.00000000000000000000e+00) (0, 0, 0.00000000000000000000e+00) (0, 0, 0.00000000000000000000e+00) (0, 0, 0.00000000000000000000e+00) (0, 0, 0.00000000000000000000e+00) (0, 0, 0.00000000000000000000e+00) (6, 6, 5.00000000000000000000e-01) (6, 6, 5.00000000000000000000e-01) (6, 6, 5.00000000000000000000e-01) (0, 6, 0.00000000000000000000e+00) (4, 4, 5.00000000000000000000e-01) (0, 4, 0.00000000000000000000e+00) 
connections (connected_to_neuron, weight)=(0, -1.86704799705522805908e+00) (1, 1.30359697578447031319e+00) (2, 3.41097489519870178398e-01) (3, 1.42528241036345915127e+00) (4, 7.49228629451197614131e-01) (5, -1.31078438363277638423e+00) (0, -1.78764988654630951892e+00) (1, 1.48195005162330950554e+00) (2, 2.66398244126593963799e-01) (3, 1.70278594526604698522e+00) (4, -3.91431704837746086145e-02) (5, -1.34391118115985119807e+00) (0, -1.90363395386713296631e+00) (1, 1.43766208974616693794e+00) (2, 2.01616019531047213631e-01) (3, 1.42232339737822965908e+00) (4, 6.86820815484923241634e-01) (5, -1.34255713499390805232e+00) (6, 7.53111760008808506228e+00) (7, 7.26145382743578338136e+00) (8, 7.44659655976768863894e+00) (9, -1.30143207586610043514e+00) 
