FANN_FLO_2.1
num_layers=3
learning_rate=0.700000
connection_rate=1.000000
network_type=0
learning_momentum=0.000000
training_algorithm=2
train_error_function=1
train_stop_function=1
cascade_output_change_fraction=0.010000
quickprop_decay=-0.000100
quickprop_mu=1.750000
rprop_increase_factor=1.200000
rprop_decrease_factor=0.500000
rprop_delta_min=0.000000
rprop_delta_max=50.000000
rprop_delta_zero=0.100000
cascade_output_stagnation_epochs=12
cascade_candidate_change_fraction=0.010000
cascade_candidate_stagnation_epochs=12
cascade_max_out_epochs=150
cascade_min_out_epochs=50
cascade_max_cand_epochs=150
cascade_min_cand_epochs=50
cascade_num_candidate_groups=2
bit_fail_limit=1.00000000000000005551e-01
cascade_candidate_limit=1.00000000000000000000e+03
cascade_weight_multiplier=4.00000000000000022204e-01
cascade_activation_functions_count=10
cascade_activation_functions=3 5 7 8 10 11 14 15 16 17 
cascade_activation_steepnesses_count=4
cascade_activation_steepnesses=2.50000000000000000000e-01 5.00000000000000000000e-01 7.50000000000000000000e-01 1.00000000000000000000e+00 
layer_sizes=8 4 2 
scale_included=0
neurons (num_inputs, activation_function, activation_steepness)=(0, 0, 0.00000000000000000000e+00) (0, 0, 0.00000000000000000000e+00) (0, 0, 0.00000000000000000000e+00) (0, 0, 0.00000000000000000000e+00) (0, 0, 0.00000000000000000000e+00) (0, 0, 0.00000000000000000000e+00) (0, 0, 0.00000000000000000000e+00) (0, 0, 0.00000000000000000000e+00) (8, 6, 5.00000000000000000000e-01) (8, 6, 5.00000000000000000000e-01) (8, 6, 5.00000000000000000000e-01) (0, 6, 0.00000000000000000000e+00) (4, 4, 5.00000000000000000000e-01) (0, 4, 0.00000000000000000000e+00) 
connections (connected_to_neuron, weight)=(0, 3.18587611679006821319e+00) (1, -3.83981044255640702190e+00) (2, -1.77235251990798681199e+00) (3, 1.67254801461685254083e+00) (4, -2.89750547066429664511e+00) (5, -1.15874119417411436395e+00) (6, 1.45626550353568906537e+00) (7, 3.10735821787287003204e+00) (0, -4.65485070362839437053e+00) (1, 1.63381535760466767293e+00) (2, 8.47843416201222233042e+00) (3, 1.74944301902168142249e+00) (4, 2.70517084856625178446e+00) (5, 3.66719482989979184140e+00) (6, -3.47773203679206166505e-01) (7, -3.30260780803416942319e+00) (0, 2.04303893146392878677e+00) (1, -1.20615507359145457400e+00) (2, 8.87140768397833512360e-01) (3, 9.20836641867772559555e-02) (4, -3.20079892768229623545e-01) (5, -3.30348454310263772715e-01) (6, -9.61621574902851994349e-02) (7, 7.09701390623192374107e-01) (8, -5.18673781347925189067e+00) (9, 3.77388322968686473757e+00) (10, -1.20370681713097016363e+00) (11, -3.07758454138872572514e+00) 
