FANN_FLO_2.1
num_layers=3
learning_rate=0.700000
connection_rate=1.000000
network_type=0
learning_momentum=0.000000
training_algorithm=2
train_error_function=1
train_stop_function=1
cascade_output_change_fraction=0.010000
quickprop_decay=-0.000100
quickprop_mu=1.750000
rprop_increase_factor=1.200000
rprop_decrease_factor=0.500000
rprop_delta_min=0.000000
rprop_delta_max=50.000000
rprop_delta_zero=0.100000
cascade_output_stagnation_epochs=12
cascade_candidate_change_fraction=0.010000
cascade_candidate_stagnation_epochs=12
cascade_max_out_epochs=150
cascade_min_out_epochs=50
cascade_max_cand_epochs=150
cascade_min_cand_epochs=50
cascade_num_candidate_groups=2
bit_fail_limit=1.00000000000000005551e-01
cascade_candidate_limit=1.00000000000000000000e+03
cascade_weight_multiplier=4.00000000000000022204e-01
cascade_activation_functions_count=10
cascade_activation_functions=3 5 7 8 10 11 14 15 16 17 
cascade_activation_steepnesses_count=4
cascade_activation_steepnesses=2.50000000000000000000e-01 5.00000000000000000000e-01 7.50000000000000000000e-01 1.00000000000000000000e+00 
layer_sizes=11 4 2 
scale_included=0
neurons (num_inputs, activation_function, activation_steepness)=(0, 0, 0.00000000000000000000e+00) (0, 0, 0.00000000000000000000e+00) (0, 0, 0.00000000000000000000e+00) (0, 0, 0.00000000000000000000e+00) (0, 0, 0.00000000000000000000e+00) (0, 0, 0.00000000000000000000e+00) (0, 0, 0.00000000000000000000e+00) (0, 0, 0.00000000000000000000e+00) (0, 0, 0.00000000000000000000e+00) (0, 0, 0.00000000000000000000e+00) (0, 0, 0.00000000000000000000e+00) (11, 6, 5.00000000000000000000e-01) (11, 6, 5.00000000000000000000e-01) (11, 6, 5.00000000000000000000e-01) (0, 6, 0.00000000000000000000e+00) (4, 4, 5.00000000000000000000e-01) (0, 4, 0.00000000000000000000e+00) 
connections (connected_to_neuron, weight)=(0, -2.15721754714150693033e+00) (1, 2.41791967445457745001e+00) (2, 5.73340963634726197284e+00) (3, 6.71304542248245206260e-01) (4, -8.00947885711016605015e-01) (5, -1.62477660340163843067e+00) (6, 5.23848593528584061119e+00) (7, 2.75745246351562056653e-01) (8, 1.01866814990324972001e+00) (9, 1.65130597097901610226e+00) (10, -2.55756980799460764686e+00) (0, -7.28771138924592776220e-01) (1, 1.92110810562154776804e+00) (2, 1.06352495573021221809e+00) (3, 2.52703237566933247571e-01) (4, -2.35945889023859073363e-01) (5, -5.29216416340838602395e-01) (6, 1.70387725299313208538e+00) (7, -1.31075511126820865027e-01) (8, 1.25734293228452109759e+00) (9, 8.31675467666973755598e-01) (10, -6.31952118116849703711e-01) (0, 2.25326753111269084684e+00) (1, -2.60714528157854319446e+00) (2, -2.27080114238896202394e+00) (3, 2.21210192664669652585e-01) (4, 8.62892391887878140722e-01) (5, 2.14916879167696484032e+00) (6, -3.18380859213310118960e+00) (7, -2.22568400905552898905e+00) (8, -3.04395613963163791382e+00) (9, -1.18255825957876981036e+00) (10, 2.66636061599679008438e+00) (11, 5.90395821613836968567e+00) (12, 1.35310908948618013881e+00) (13, -1.21884301665165093453e+01) (14, -1.66883418400815419780e+00) 
