FANN_FLO_2.1
num_layers=3
learning_rate=0.700000
connection_rate=1.000000
network_type=0
learning_momentum=0.000000
training_algorithm=2
train_error_function=1
train_stop_function=1
cascade_output_change_fraction=0.010000
quickprop_decay=-0.000100
quickprop_mu=1.750000
rprop_increase_factor=1.200000
rprop_decrease_factor=0.500000
rprop_delta_min=0.000000
rprop_delta_max=50.000000
rprop_delta_zero=0.100000
cascade_output_stagnation_epochs=12
cascade_candidate_change_fraction=0.010000
cascade_candidate_stagnation_epochs=12
cascade_max_out_epochs=150
cascade_min_out_epochs=50
cascade_max_cand_epochs=150
cascade_min_cand_epochs=50
cascade_num_candidate_groups=2
bit_fail_limit=1.00000000000000005551e-01
cascade_candidate_limit=1.00000000000000000000e+03
cascade_weight_multiplier=4.00000000000000022204e-01
cascade_activation_functions_count=10
cascade_activation_functions=3 5 7 8 10 11 14 15 16 17 
cascade_activation_steepnesses_count=4
cascade_activation_steepnesses=2.50000000000000000000e-01 5.00000000000000000000e-01 7.50000000000000000000e-01 1.00000000000000000000e+00 
layer_sizes=10 4 2 
scale_included=0
neurons (num_inputs, activation_function, activation_steepness)=(0, 0, 0.00000000000000000000e+00) (0, 0, 0.00000000000000000000e+00) (0, 0, 0.00000000000000000000e+00) (0, 0, 0.00000000000000000000e+00) (0, 0, 0.00000000000000000000e+00) (0, 0, 0.00000000000000000000e+00) (0, 0, 0.00000000000000000000e+00) (0, 0, 0.00000000000000000000e+00) (0, 0, 0.00000000000000000000e+00) (0, 0, 0.00000000000000000000e+00) (10, 6, 5.00000000000000000000e-01) (10, 6, 5.00000000000000000000e-01) (10, 6, 5.00000000000000000000e-01) (0, 6, 0.00000000000000000000e+00) (4, 4, 5.00000000000000000000e-01) (0, 4, 0.00000000000000000000e+00) 
connections (connected_to_neuron, weight)=(0, -3.00798336353084572181e+00) (1, 4.12756518829401120030e+00) (2, 2.53931822016727171132e+00) (3, 2.06273972901806912361e+00) (4, 3.80313352903989931875e+00) (5, 4.13685101329571303097e+00) (6, 2.11375844993498951396e+00) (7, 4.02488952046759962400e+00) (8, 1.87574728621913222604e+00) (9, -5.05089106741803206546e+00) (0, 7.08217737912051614746e-02) (1, 5.36126554063293236929e-01) (2, 7.15451491840749187467e-01) (3, 3.71422115588758816607e-01) (4, 9.90677423056348871455e-01) (5, 7.39401529561421799741e-01) (6, -6.91880045328258364012e-02) (7, 3.56050256497730532868e-01) (8, 1.90659712875460074510e-01) (9, -5.85659401775487087338e-02) (0, -2.83167912587530212765e-01) (1, 1.38670381071520676386e+00) (2, -5.74784540330778789818e-02) (3, 2.63368686334036428143e-01) (4, 9.36499250702830354776e-01) (5, 1.75647526749252902434e+00) (6, -8.36391840197065916662e-01) (7, 1.24843720402423397076e+00) (8, 4.47577536299799960684e-01) (9, -3.36748002991086980984e-01) (10, 6.51805247180746771818e+00) (11, 1.31457750146269303215e+00) (12, 1.41116312930689202787e+00) (13, -1.43726638447673549237e+00) 
