FANN_FLO_2.1
num_layers=3
learning_rate=0.700000
connection_rate=1.000000
network_type=0
learning_momentum=0.000000
training_algorithm=2
train_error_function=1
train_stop_function=1
cascade_output_change_fraction=0.010000
quickprop_decay=-0.000100
quickprop_mu=1.750000
rprop_increase_factor=1.200000
rprop_decrease_factor=0.500000
rprop_delta_min=0.000000
rprop_delta_max=50.000000
rprop_delta_zero=0.100000
cascade_output_stagnation_epochs=12
cascade_candidate_change_fraction=0.010000
cascade_candidate_stagnation_epochs=12
cascade_max_out_epochs=150
cascade_min_out_epochs=50
cascade_max_cand_epochs=150
cascade_min_cand_epochs=50
cascade_num_candidate_groups=2
bit_fail_limit=1.00000000000000005551e-01
cascade_candidate_limit=1.00000000000000000000e+03
cascade_weight_multiplier=4.00000000000000022204e-01
cascade_activation_functions_count=10
cascade_activation_functions=3 5 7 8 10 11 14 15 16 17 
cascade_activation_steepnesses_count=4
cascade_activation_steepnesses=2.50000000000000000000e-01 5.00000000000000000000e-01 7.50000000000000000000e-01 1.00000000000000000000e+00 
layer_sizes=15 4 2 
scale_included=0
neurons (num_inputs, activation_function, activation_steepness)=(0, 0, 0.00000000000000000000e+00) (0, 0, 0.00000000000000000000e+00) (0, 0, 0.00000000000000000000e+00) (0, 0, 0.00000000000000000000e+00) (0, 0, 0.00000000000000000000e+00) (0, 0, 0.00000000000000000000e+00) (0, 0, 0.00000000000000000000e+00) (0, 0, 0.00000000000000000000e+00) (0, 0, 0.00000000000000000000e+00) (0, 0, 0.00000000000000000000e+00) (0, 0, 0.00000000000000000000e+00) (0, 0, 0.00000000000000000000e+00) (0, 0, 0.00000000000000000000e+00) (0, 0, 0.00000000000000000000e+00) (0, 0, 0.00000000000000000000e+00) (15, 6, 5.00000000000000000000e-01) (15, 6, 5.00000000000000000000e-01) (15, 6, 5.00000000000000000000e-01) (0, 6, 0.00000000000000000000e+00) (4, 4, 5.00000000000000000000e-01) (0, 4, 0.00000000000000000000e+00) 
connections (connected_to_neuron, weight)=(0, 4.02729659046005750156e+00) (1, -3.17986138029442111375e+00) (2, -6.19513703998070708323e-01) (3, -3.18178329599133258299e+00) (4, -9.73446977229537546705e-01) (5, 4.51106096042729193263e-02) (6, 4.48403685100708382372e-01) (7, -3.96044813453124788794e+00) (8, -1.30926375501954783687e+00) (9, -3.77410116784781468624e+00) (10, -2.71177149522719806995e+00) (11, -3.74103808208486876552e+00) (12, 6.17574090306428485908e-02) (13, -1.86292961955733260559e+00) (14, 3.88831326640087393542e+00) (0, -2.12836394379947702049e+00) (1, 2.61021073409112513986e+00) (2, 1.44478810008765501394e+00) (3, 2.04848798068989834675e+00) (4, -1.17032992721894137100e-02) (5, 6.16023788328805221859e-01) (6, -2.22588418645801450202e-01) (7, 1.99285330163194807085e+00) (8, 1.14961687296943204650e+00) (9, 2.32345320175033531740e+00) (10, 2.18201755889010057254e-01) (11, 1.99195179649684117607e+00) (12, 3.47707148013756794924e-01) (13, 1.21254579685265229116e+00) (14, -2.22503974209640542625e+00) (0, -2.72925983428243590367e+00) (1, 2.15604108606131550374e+00) (2, 1.51668496662006457854e+00) (3, 2.51364458456400896580e+00) (4, 1.00321384126399210102e-01) (5, 2.80605942178949430144e+00) (6, 1.10887697052826361688e-01) (7, 1.92574288886592404069e+00) (8, 1.59735405363068339035e+00) (9, 2.31506271550994835451e+00) (10, 1.25666314098481879391e+00) (11, 2.05234939166400165433e+00) (12, 1.56328542835690309509e+00) (13, 1.17375999651486084829e+00) (14, -2.74328781723264647496e+00) (15, -4.12939517449381199299e+00) (16, 2.91009437251604241581e+00) (17, 6.87643247852165462319e+00) (18, -2.11472226600263635277e+00) 
