FANN_FLO_2.1
num_layers=3
learning_rate=0.700000
connection_rate=1.000000
network_type=0
learning_momentum=0.000000
training_algorithm=2
train_error_function=1
train_stop_function=1
cascade_output_change_fraction=0.010000
quickprop_decay=-0.000100
quickprop_mu=1.750000
rprop_increase_factor=1.200000
rprop_decrease_factor=0.500000
rprop_delta_min=0.000000
rprop_delta_max=50.000000
rprop_delta_zero=0.100000
cascade_output_stagnation_epochs=12
cascade_candidate_change_fraction=0.010000
cascade_candidate_stagnation_epochs=12
cascade_max_out_epochs=150
cascade_min_out_epochs=50
cascade_max_cand_epochs=150
cascade_min_cand_epochs=50
cascade_num_candidate_groups=2
bit_fail_limit=1.00000000000000005551e-01
cascade_candidate_limit=1.00000000000000000000e+03
cascade_weight_multiplier=4.00000000000000022204e-01
cascade_activation_functions_count=10
cascade_activation_functions=3 5 7 8 10 11 14 15 16 17 
cascade_activation_steepnesses_count=4
cascade_activation_steepnesses=2.50000000000000000000e-01 5.00000000000000000000e-01 7.50000000000000000000e-01 1.00000000000000000000e+00 
layer_sizes=8 4 2 
scale_included=0
neurons (num_inputs, activation_function, activation_steepness)=(0, 0, 0.00000000000000000000e+00) (0, 0, 0.00000000000000000000e+00) (0, 0, 0.00000000000000000000e+00) (0, 0, 0.00000000000000000000e+00) (0, 0, 0.00000000000000000000e+00) (0, 0, 0.00000000000000000000e+00) (0, 0, 0.00000000000000000000e+00) (0, 0, 0.00000000000000000000e+00) (8, 6, 5.00000000000000000000e-01) (8, 6, 5.00000000000000000000e-01) (8, 6, 5.00000000000000000000e-01) (0, 6, 0.00000000000000000000e+00) (4, 4, 5.00000000000000000000e-01) (0, 4, 0.00000000000000000000e+00) 
connections (connected_to_neuron, weight)=(0, -2.90612436727801659586e+00) (1, 4.18130207661174058131e+00) (2, 4.26451328170932342232e+00) (3, -1.36738438627772840306e+00) (4, -1.30966381288953459539e+00) (5, 3.60530519629961743178e-01) (6, -3.95021843983104803399e+00) (7, -3.05710720912734279509e+00) (0, 8.59874940616028093920e-01) (1, -3.26235312752495010269e-01) (2, -1.08247013980330453187e+00) (3, -2.29829761533306524413e-03) (4, -1.33207419147175176732e+00) (5, -1.65978529353972481530e+00) (6, -1.71069273014156975066e+00) (7, 1.31995193893756912473e+00) (0, 9.75924237769977942492e-01) (1, -4.27098584631160516079e-01) (2, -4.20877860105163537074e-02) (3, 7.91566396117376613883e-02) (4, -1.16630319142172367286e+00) (5, -1.76597379619230698822e+00) (6, -1.65640939218250182741e+00) (7, 1.32177994633760498289e+00) (8, 9.15691128870661685824e+00) (9, -1.24256571253753538286e+01) (10, -1.24865762909866209185e+01) (11, -1.67671924317136533666e+00) 
