FANN_FLO_2.1
num_layers=3
learning_rate=0.700000
connection_rate=1.000000
network_type=0
learning_momentum=0.000000
training_algorithm=2
train_error_function=1
train_stop_function=1
cascade_output_change_fraction=0.010000
quickprop_decay=-0.000100
quickprop_mu=1.750000
rprop_increase_factor=1.200000
rprop_decrease_factor=0.500000
rprop_delta_min=0.000000
rprop_delta_max=50.000000
rprop_delta_zero=0.100000
cascade_output_stagnation_epochs=12
cascade_candidate_change_fraction=0.010000
cascade_candidate_stagnation_epochs=12
cascade_max_out_epochs=150
cascade_min_out_epochs=50
cascade_max_cand_epochs=150
cascade_min_cand_epochs=50
cascade_num_candidate_groups=2
bit_fail_limit=1.00000000000000005551e-01
cascade_candidate_limit=1.00000000000000000000e+03
cascade_weight_multiplier=4.00000000000000022204e-01
cascade_activation_functions_count=10
cascade_activation_functions=3 5 7 8 10 11 14 15 16 17 
cascade_activation_steepnesses_count=4
cascade_activation_steepnesses=2.50000000000000000000e-01 5.00000000000000000000e-01 7.50000000000000000000e-01 1.00000000000000000000e+00 
layer_sizes=15 4 2 
scale_included=0
neurons (num_inputs, activation_function, activation_steepness)=(0, 0, 0.00000000000000000000e+00) (0, 0, 0.00000000000000000000e+00) (0, 0, 0.00000000000000000000e+00) (0, 0, 0.00000000000000000000e+00) (0, 0, 0.00000000000000000000e+00) (0, 0, 0.00000000000000000000e+00) (0, 0, 0.00000000000000000000e+00) (0, 0, 0.00000000000000000000e+00) (0, 0, 0.00000000000000000000e+00) (0, 0, 0.00000000000000000000e+00) (0, 0, 0.00000000000000000000e+00) (0, 0, 0.00000000000000000000e+00) (0, 0, 0.00000000000000000000e+00) (0, 0, 0.00000000000000000000e+00) (0, 0, 0.00000000000000000000e+00) (15, 6, 5.00000000000000000000e-01) (15, 6, 5.00000000000000000000e-01) (15, 6, 5.00000000000000000000e-01) (0, 6, 0.00000000000000000000e+00) (4, 4, 5.00000000000000000000e-01) (0, 4, 0.00000000000000000000e+00) 
connections (connected_to_neuron, weight)=(0, -1.20790369096137517602e+00) (1, 2.75121220762297769014e+00) (2, 1.80460694396579168775e+00) (3, 2.65574402280407628751e+00) (4, -2.24553091740611721061e-01) (5, 3.39703796635305765861e+00) (6, 2.84133265492970998878e+00) (7, 8.47627808538288007867e-01) (8, 4.05942839250263176609e+00) (9, 3.27084768270670123158e+00) (10, 1.71238365102440370791e+00) (11, -5.84784185112921184313e-01) (12, -2.23580933929928082904e+00) (13, -1.99551424445587555212e+00) (14, -3.87635950781801064124e+00) (0, -9.85085618134410978541e-01) (1, 2.26799541918769165250e-01) (2, 4.81885879238980407990e-01) (3, 5.73451250216282293337e-01) (4, 6.53969618372139382956e+00) (5, -1.89584831302510425921e+00) (6, 1.41322991800886086367e+01) (7, -2.29465840319461183983e-01) (8, -4.27622722913194763805e+00) (9, 5.39684146489205041064e-01) (10, 5.51177915700669984744e-01) (11, -3.73297514193281637640e-02) (12, -2.98043159364817178414e+00) (13, -5.76165085348382355335e+00) (14, -1.11033640985184645089e+00) (0, 4.16913420350005736736e+00) (1, -4.35178473785036246113e+00) (2, -1.87861079120396823328e+00) (3, -3.13380762008397706353e+00) (4, -3.51367890567878038421e-01) (5, 6.12456467359833922615e+00) (6, -2.25511099151130434137e+00) (7, -3.19610138317990774559e-03) (8, -2.16366453940240610621e+00) (9, -4.63351692363801603847e+00) (10, -1.00526653546217192847e+00) (11, 1.71642762373166801737e+00) (12, -2.93658013939120110525e-01) (13, -9.13870198938255384746e-01) (14, 4.21280059606483092693e+00) (15, 8.59392798188022410955e+00) (16, 3.60547311174380924470e+00) (17, -1.89199543110525825185e+00) (18, -9.26467803921010690793e-01) 
