FANN_FLO_2.1
num_layers=3
learning_rate=0.700000
connection_rate=1.000000
network_type=0
learning_momentum=0.000000
training_algorithm=2
train_error_function=1
train_stop_function=1
cascade_output_change_fraction=0.010000
quickprop_decay=-0.000100
quickprop_mu=1.750000
rprop_increase_factor=1.200000
rprop_decrease_factor=0.500000
rprop_delta_min=0.000000
rprop_delta_max=50.000000
rprop_delta_zero=0.100000
cascade_output_stagnation_epochs=12
cascade_candidate_change_fraction=0.010000
cascade_candidate_stagnation_epochs=12
cascade_max_out_epochs=150
cascade_min_out_epochs=50
cascade_max_cand_epochs=150
cascade_min_cand_epochs=50
cascade_num_candidate_groups=2
bit_fail_limit=1.00000000000000005551e-01
cascade_candidate_limit=1.00000000000000000000e+03
cascade_weight_multiplier=4.00000000000000022204e-01
cascade_activation_functions_count=10
cascade_activation_functions=3 5 7 8 10 11 14 15 16 17 
cascade_activation_steepnesses_count=4
cascade_activation_steepnesses=2.50000000000000000000e-01 5.00000000000000000000e-01 7.50000000000000000000e-01 1.00000000000000000000e+00 
layer_sizes=14 4 2 
scale_included=0
neurons (num_inputs, activation_function, activation_steepness)=(0, 0, 0.00000000000000000000e+00) (0, 0, 0.00000000000000000000e+00) (0, 0, 0.00000000000000000000e+00) (0, 0, 0.00000000000000000000e+00) (0, 0, 0.00000000000000000000e+00) (0, 0, 0.00000000000000000000e+00) (0, 0, 0.00000000000000000000e+00) (0, 0, 0.00000000000000000000e+00) (0, 0, 0.00000000000000000000e+00) (0, 0, 0.00000000000000000000e+00) (0, 0, 0.00000000000000000000e+00) (0, 0, 0.00000000000000000000e+00) (0, 0, 0.00000000000000000000e+00) (0, 0, 0.00000000000000000000e+00) (14, 6, 5.00000000000000000000e-01) (14, 6, 5.00000000000000000000e-01) (14, 6, 5.00000000000000000000e-01) (0, 6, 0.00000000000000000000e+00) (4, 4, 5.00000000000000000000e-01) (0, 4, 0.00000000000000000000e+00) 
connections (connected_to_neuron, weight)=(0, -3.16360333034970020449e-01) (1, 7.58800386809345028816e-01) (2, 2.48669253776721443927e-01) (3, -5.72580151897511060999e-02) (4, 5.28471001758194391940e-01) (5, 1.31322073802285971267e-01) (6, 7.97156706960710170762e-01) (7, -2.77810422181131055908e-01) (8, 5.04267253498419248947e-02) (9, 4.01620896075714328699e-01) (10, 5.44705120691534316890e-01) (11, -2.59856796247226851104e-01) (12, 1.13266641607436424621e+00) (13, -2.47178570399262165225e-01) (0, 1.65279514444738406809e+00) (1, -1.37946466213879381790e+00) (2, -7.50568034146401941165e-01) (3, 9.61245661679187124449e-01) (4, -3.11959290378094888929e-01) (5, -4.02744521798329035978e-01) (6, -1.36091415182449848587e+00) (7, 1.41594184149697155384e+00) (8, -1.78386154366466015420e-01) (9, -4.55170544703969615075e-01) (10, -2.22180638525925427951e-01) (11, 1.07196827266833438763e+00) (12, -1.73035813165531648927e+00) (13, 1.26736201301774076278e+00) (0, -1.18074599431294835483e+00) (1, 1.57486979331509768798e+00) (2, 4.82890385910857367069e-01) (3, -2.10133876871726965607e-01) (4, 1.33690895714145474571e+00) (5, 1.63590679734748589702e+00) (6, 1.73262789197325894897e+00) (7, -9.12474903212193266810e-01) (8, 1.49712861240239109017e-01) (9, 1.34052657518273976578e+00) (10, 1.40663437527285561934e+00) (11, -7.74135443017187951931e-01) (12, 9.46825004392150448851e-01) (13, -5.91502628672303298885e-01) (14, 2.65560686163700809814e+00) (15, -3.04889608074482048039e+01) (16, 1.58217011175637463083e+01) (17, -7.22734575752063790333e-01) 
