FANN_FLO_2.1
num_layers=3
learning_rate=0.700000
connection_rate=1.000000
network_type=0
learning_momentum=0.000000
training_algorithm=2
train_error_function=1
train_stop_function=1
cascade_output_change_fraction=0.010000
quickprop_decay=-0.000100
quickprop_mu=1.750000
rprop_increase_factor=1.200000
rprop_decrease_factor=0.500000
rprop_delta_min=0.000000
rprop_delta_max=50.000000
rprop_delta_zero=0.100000
cascade_output_stagnation_epochs=12
cascade_candidate_change_fraction=0.010000
cascade_candidate_stagnation_epochs=12
cascade_max_out_epochs=150
cascade_min_out_epochs=50
cascade_max_cand_epochs=150
cascade_min_cand_epochs=50
cascade_num_candidate_groups=2
bit_fail_limit=1.00000000000000005551e-01
cascade_candidate_limit=1.00000000000000000000e+03
cascade_weight_multiplier=4.00000000000000022204e-01
cascade_activation_functions_count=10
cascade_activation_functions=3 5 7 8 10 11 14 15 16 17 
cascade_activation_steepnesses_count=4
cascade_activation_steepnesses=2.50000000000000000000e-01 5.00000000000000000000e-01 7.50000000000000000000e-01 1.00000000000000000000e+00 
layer_sizes=13 4 2 
scale_included=0
neurons (num_inputs, activation_function, activation_steepness)=(0, 0, 0.00000000000000000000e+00) (0, 0, 0.00000000000000000000e+00) (0, 0, 0.00000000000000000000e+00) (0, 0, 0.00000000000000000000e+00) (0, 0, 0.00000000000000000000e+00) (0, 0, 0.00000000000000000000e+00) (0, 0, 0.00000000000000000000e+00) (0, 0, 0.00000000000000000000e+00) (0, 0, 0.00000000000000000000e+00) (0, 0, 0.00000000000000000000e+00) (0, 0, 0.00000000000000000000e+00) (0, 0, 0.00000000000000000000e+00) (0, 0, 0.00000000000000000000e+00) (13, 6, 5.00000000000000000000e-01) (13, 6, 5.00000000000000000000e-01) (13, 6, 5.00000000000000000000e-01) (0, 6, 0.00000000000000000000e+00) (4, 4, 5.00000000000000000000e-01) (0, 4, 0.00000000000000000000e+00) 
connections (connected_to_neuron, weight)=(0, -4.60016678538450296543e+00) (1, -3.76697846840223604659e+00) (2, 7.44404215752535094452e+01) (3, -5.22012734519609900019e+00) (4, 1.51349183442031898217e+00) (5, 4.30312147050547544325e+00) (6, 7.56020345111623104373e+00) (7, 1.63887762194598129994e+00) (8, 1.74071348087439474739e+01) (9, -3.34569331450052942500e+00) (10, -3.21995050207799149433e+00) (11, -1.98764222952254687726e+00) (12, 5.36355001639593975682e+00) (0, -5.93128311143412689788e-01) (1, 7.57767877944988121897e-01) (2, -2.80960422723312452931e-01) (3, 2.24115452336258839938e-02) (4, -9.09467410180551283361e+00) (5, 3.05298236588895344212e+00) (6, -5.12072742204643294173e+00) (7, -3.91071059793662323401e+00) (8, 4.50676883768745550896e+00) (9, 1.30334336626142521798e-01) (10, -1.37932063615248595712e-01) (11, 3.51222273554798125605e-01) (12, 8.39019546123486392730e-01) (0, 4.62844051908887976765e+00) (1, 3.05467789562845171147e+00) (2, 9.30729487130464505640e+00) (3, -5.83046736223999495508e-01) (4, 4.78943067452087034575e-01) (5, 2.64559028607927038124e+00) (6, 1.14387398360170133849e+00) (7, 7.71775408092466697063e-01) (8, 5.52750630065965165016e+00) (9, 2.78215797467170178336e+00) (10, 2.59769752533579545428e+00) (11, 5.45032510550149940087e+00) (12, -4.14080775710708604009e+00) (13, -1.76071511918300203092e+01) (14, -2.47857510637684548271e+01) (15, 2.70692021748713713691e+01) (16, -1.14249330399712123452e+00) 
