FANN_FLO_2.1
num_layers=3
learning_rate=0.700000
connection_rate=1.000000
network_type=0
learning_momentum=0.000000
training_algorithm=2
train_error_function=1
train_stop_function=1
cascade_output_change_fraction=0.010000
quickprop_decay=-0.000100
quickprop_mu=1.750000
rprop_increase_factor=1.200000
rprop_decrease_factor=0.500000
rprop_delta_min=0.000000
rprop_delta_max=50.000000
rprop_delta_zero=0.100000
cascade_output_stagnation_epochs=12
cascade_candidate_change_fraction=0.010000
cascade_candidate_stagnation_epochs=12
cascade_max_out_epochs=150
cascade_min_out_epochs=50
cascade_max_cand_epochs=150
cascade_min_cand_epochs=50
cascade_num_candidate_groups=2
bit_fail_limit=1.00000000000000005551e-01
cascade_candidate_limit=1.00000000000000000000e+03
cascade_weight_multiplier=4.00000000000000022204e-01
cascade_activation_functions_count=10
cascade_activation_functions=3 5 7 8 10 11 14 15 16 17 
cascade_activation_steepnesses_count=4
cascade_activation_steepnesses=2.50000000000000000000e-01 5.00000000000000000000e-01 7.50000000000000000000e-01 1.00000000000000000000e+00 
layer_sizes=15 4 2 
scale_included=0
neurons (num_inputs, activation_function, activation_steepness)=(0, 0, 0.00000000000000000000e+00) (0, 0, 0.00000000000000000000e+00) (0, 0, 0.00000000000000000000e+00) (0, 0, 0.00000000000000000000e+00) (0, 0, 0.00000000000000000000e+00) (0, 0, 0.00000000000000000000e+00) (0, 0, 0.00000000000000000000e+00) (0, 0, 0.00000000000000000000e+00) (0, 0, 0.00000000000000000000e+00) (0, 0, 0.00000000000000000000e+00) (0, 0, 0.00000000000000000000e+00) (0, 0, 0.00000000000000000000e+00) (0, 0, 0.00000000000000000000e+00) (0, 0, 0.00000000000000000000e+00) (0, 0, 0.00000000000000000000e+00) (15, 6, 5.00000000000000000000e-01) (15, 6, 5.00000000000000000000e-01) (15, 6, 5.00000000000000000000e-01) (0, 6, 0.00000000000000000000e+00) (4, 4, 5.00000000000000000000e-01) (0, 4, 0.00000000000000000000e+00) 
connections (connected_to_neuron, weight)=(0, -2.32181684115137532132e+00) (1, -1.30436115548682067811e+01) (2, 4.91499419965564356971e+01) (3, -1.44507287485549551498e+00) (4, 6.21843809059789887073e+00) (5, 4.92530824841472778530e+01) (6, 5.77361651419311971978e+00) (7, 9.22866778085952521593e-01) (8, 3.20396568219620414553e+00) (9, 1.03195776225064363985e+01) (10, 3.59968478034058918524e+01) (11, -5.26321081881628316523e+01) (12, -9.90598179803014460276e+01) (13, 5.31400975710689635889e+01) (14, -3.77241375552733559928e+00) (0, 2.97579913940759910318e+00) (1, -2.27429303745092070699e+00) (2, 5.97282389206872643683e+00) (3, -1.69113333113928232532e-01) (4, 4.96675852552374008653e-01) (5, 5.59867738049140850620e+00) (6, 5.13697955284351137628e-01) (7, 4.94689855341140793943e-01) (8, -1.41843054319460926127e-01) (9, 1.74867674128151584512e+00) (10, 5.41817010681408905981e+00) (11, -2.73192556082464044209e+00) (12, -3.00653940518299549467e+01) (13, 1.32578323171110739054e+01) (14, -7.39130283386994046957e-01) (0, -5.24417379908445866477e+01) (1, 3.28505150102882055307e+01) (2, 1.13338952176001285466e+02) (3, -1.02788455142665280384e+00) (4, 2.02823999255128351038e+00) (5, -1.50000000000000000000e+03) (6, 3.06226144766948427112e-01) (7, -6.62490846023841117862e-01) (8, 1.90321356756761650431e+00) (9, 8.97768939709420799034e+00) (10, -1.49945454450634861132e+03) (11, -1.50000000000000000000e+03) (12, -1.50000000000000000000e+03) (13, -1.36351677580478099117e+03) (14, -1.77356968885145640513e+01) (15, 2.28610719313839823030e+01) (16, -3.55825671841271571338e+01) (17, 1.06520803062182234378e+00) (18, -1.31671949247581991926e+01) 
