FANN_FLO_2.1
num_layers=3
learning_rate=0.700000
connection_rate=1.000000
network_type=0
learning_momentum=0.000000
training_algorithm=2
train_error_function=1
train_stop_function=1
cascade_output_change_fraction=0.010000
quickprop_decay=-0.000100
quickprop_mu=1.750000
rprop_increase_factor=1.200000
rprop_decrease_factor=0.500000
rprop_delta_min=0.000000
rprop_delta_max=50.000000
rprop_delta_zero=0.100000
cascade_output_stagnation_epochs=12
cascade_candidate_change_fraction=0.010000
cascade_candidate_stagnation_epochs=12
cascade_max_out_epochs=150
cascade_min_out_epochs=50
cascade_max_cand_epochs=150
cascade_min_cand_epochs=50
cascade_num_candidate_groups=2
bit_fail_limit=1.00000000000000005551e-01
cascade_candidate_limit=1.00000000000000000000e+03
cascade_weight_multiplier=4.00000000000000022204e-01
cascade_activation_functions_count=10
cascade_activation_functions=3 5 7 8 10 11 14 15 16 17 
cascade_activation_steepnesses_count=4
cascade_activation_steepnesses=2.50000000000000000000e-01 5.00000000000000000000e-01 7.50000000000000000000e-01 1.00000000000000000000e+00 
layer_sizes=12 4 2 
scale_included=0
neurons (num_inputs, activation_function, activation_steepness)=(0, 0, 0.00000000000000000000e+00) (0, 0, 0.00000000000000000000e+00) (0, 0, 0.00000000000000000000e+00) (0, 0, 0.00000000000000000000e+00) (0, 0, 0.00000000000000000000e+00) (0, 0, 0.00000000000000000000e+00) (0, 0, 0.00000000000000000000e+00) (0, 0, 0.00000000000000000000e+00) (0, 0, 0.00000000000000000000e+00) (0, 0, 0.00000000000000000000e+00) (0, 0, 0.00000000000000000000e+00) (0, 0, 0.00000000000000000000e+00) (12, 6, 5.00000000000000000000e-01) (12, 6, 5.00000000000000000000e-01) (12, 6, 5.00000000000000000000e-01) (0, 6, 0.00000000000000000000e+00) (4, 4, 5.00000000000000000000e-01) (0, 4, 0.00000000000000000000e+00) 
connections (connected_to_neuron, weight)=(0, 7.29002524208208435574e-01) (1, 1.74790018130551949582e+00) (2, -9.26446753510593468128e-01) (3, 1.12571619935642429355e-02) (4, 2.13388460140563028522e-02) (5, 1.82919359232889533473e+00) (6, 1.78321967469833886355e+00) (7, 3.97061716132535380552e-01) (8, 8.52636278878550202265e-01) (9, -1.08264250694493968652e+00) (10, 3.44577920320421027256e+00) (11, -2.97494211054394019911e+00) (0, 5.73903719744207485576e+00) (1, -5.09153402040875757706e+00) (2, -5.12513532276445804570e+00) (3, -1.22755776081180351111e-01) (4, -4.03060095094787684822e-01) (5, -4.99230453902887916229e+00) (6, -5.02632566530807523009e+00) (7, 3.26837679064298702869e+00) (8, -8.40451337551261890013e-01) (9, 4.21911843992221680111e+00) (10, 3.07101053893577891074e+00) (11, 2.98457555692307696660e+00) (0, 7.20209424880361392951e+00) (1, 9.60226125352824033676e-01) (2, -1.35666417937634231627e+00) (3, 3.96917990031171660781e-02) (4, 1.53817462838456675556e+00) (5, 9.08386542443347821951e-01) (6, 9.01094725605838919869e-01) (7, 4.79342828105632534630e+00) (8, 6.74708776288254430398e-01) (9, 1.58968563953252051135e+00) (10, -3.01888195637604805910e+00) (11, -1.25482418236264575695e-01) (12, 2.24538804981887807344e+01) (13, -8.53137247771980078426e+00) (14, 1.97131945693628409799e+01) (15, -7.58958334041727078478e-01) 
