FANN_FLO_2.1
num_layers=3
learning_rate=0.700000
connection_rate=1.000000
network_type=0
learning_momentum=0.000000
training_algorithm=2
train_error_function=1
train_stop_function=1
cascade_output_change_fraction=0.010000
quickprop_decay=-0.000100
quickprop_mu=1.750000
rprop_increase_factor=1.200000
rprop_decrease_factor=0.500000
rprop_delta_min=0.000000
rprop_delta_max=50.000000
rprop_delta_zero=0.100000
cascade_output_stagnation_epochs=12
cascade_candidate_change_fraction=0.010000
cascade_candidate_stagnation_epochs=12
cascade_max_out_epochs=150
cascade_min_out_epochs=50
cascade_max_cand_epochs=150
cascade_min_cand_epochs=50
cascade_num_candidate_groups=2
bit_fail_limit=1.00000000000000005551e-01
cascade_candidate_limit=1.00000000000000000000e+03
cascade_weight_multiplier=4.00000000000000022204e-01
cascade_activation_functions_count=10
cascade_activation_functions=3 5 7 8 10 11 14 15 16 17 
cascade_activation_steepnesses_count=4
cascade_activation_steepnesses=2.50000000000000000000e-01 5.00000000000000000000e-01 7.50000000000000000000e-01 1.00000000000000000000e+00 
layer_sizes=6 4 2 
scale_included=0
neurons (num_inputs, activation_function, activation_steepness)=(0, 0, 0.00000000000000000000e+00) (0, 0, 0.00000000000000000000e+00) (0, 0, 0.00000000000000000000e+00) (0, 0, 0.00000000000000000000e+00) (0, 0, 0.00000000000000000000e+00) (0, 0, 0.00000000000000000000e+00) (6, 6, 5.00000000000000000000e-01) (6, 6, 5.00000000000000000000e-01) (6, 6, 5.00000000000000000000e-01) (0, 6, 0.00000000000000000000e+00) (4, 4, 5.00000000000000000000e-01) (0, 4, 0.00000000000000000000e+00) 
connections (connected_to_neuron, weight)=(0, 8.23314787564314087831e-01) (1, -2.22543184891737677589e+00) (2, -8.34180730784090246344e-02) (3, 4.56736706347493581770e-01) (4, 5.15568930889365617531e-01) (5, 1.36746725210241648618e+00) (0, 8.71736550447977265321e-01) (1, -2.23305745746847916777e+00) (2, -1.07150377651468106666e-01) (3, 4.68247257323293142317e-01) (4, 6.30942892516848874429e-01) (5, 1.38911592730573985044e+00) (0, 8.11154653993881424867e-01) (1, -2.25216475934184767738e+00) (2, -1.69801717569843135802e-01) (3, 4.38697382957963399885e-01) (4, 6.21740300441977922219e-01) (5, 1.36004531153730723325e+00) (6, -5.73725636839258967825e+00) (7, -5.74471937655794917532e+00) (8, -5.70557587012040912100e+00) (9, -9.08438279968532436115e-01) 
