FANN_FLO_2.1
num_layers=3
learning_rate=0.700000
connection_rate=1.000000
network_type=0
learning_momentum=0.000000
training_algorithm=2
train_error_function=1
train_stop_function=1
cascade_output_change_fraction=0.010000
quickprop_decay=-0.000100
quickprop_mu=1.750000
rprop_increase_factor=1.200000
rprop_decrease_factor=0.500000
rprop_delta_min=0.000000
rprop_delta_max=50.000000
rprop_delta_zero=0.100000
cascade_output_stagnation_epochs=12
cascade_candidate_change_fraction=0.010000
cascade_candidate_stagnation_epochs=12
cascade_max_out_epochs=150
cascade_min_out_epochs=50
cascade_max_cand_epochs=150
cascade_min_cand_epochs=50
cascade_num_candidate_groups=2
bit_fail_limit=1.00000000000000005551e-01
cascade_candidate_limit=1.00000000000000000000e+03
cascade_weight_multiplier=4.00000000000000022204e-01
cascade_activation_functions_count=10
cascade_activation_functions=3 5 7 8 10 11 14 15 16 17 
cascade_activation_steepnesses_count=4
cascade_activation_steepnesses=2.50000000000000000000e-01 5.00000000000000000000e-01 7.50000000000000000000e-01 1.00000000000000000000e+00 
layer_sizes=9 4 2 
scale_included=0
neurons (num_inputs, activation_function, activation_steepness)=(0, 0, 0.00000000000000000000e+00) (0, 0, 0.00000000000000000000e+00) (0, 0, 0.00000000000000000000e+00) (0, 0, 0.00000000000000000000e+00) (0, 0, 0.00000000000000000000e+00) (0, 0, 0.00000000000000000000e+00) (0, 0, 0.00000000000000000000e+00) (0, 0, 0.00000000000000000000e+00) (0, 0, 0.00000000000000000000e+00) (9, 6, 5.00000000000000000000e-01) (9, 6, 5.00000000000000000000e-01) (9, 6, 5.00000000000000000000e-01) (0, 6, 0.00000000000000000000e+00) (4, 4, 5.00000000000000000000e-01) (0, 4, 0.00000000000000000000e+00) 
connections (connected_to_neuron, weight)=(0, -1.33655927368975957492e+00) (1, 4.94649930555159244250e+02) (2, 4.94802611838812026690e+02) (3, 1.90177957610370285124e+00) (4, 1.15266950581163074574e+00) (5, -1.53723972337876935157e+00) (6, 9.93165639324084970063e-01) (7, -1.36573608859505002400e+00) (8, -1.36109044814087232211e+00) (0, 5.48713148560875119131e+00) (1, 2.62326698982637367408e+02) (2, 2.62369666600149116675e+02) (3, -3.05809988072756278044e-01) (4, 4.80621007480540374246e-01) (5, 5.93680039422613781142e+00) (6, 1.40970570090553204423e+00) (7, 5.03365582903578978602e+00) (8, 4.59153086553236722267e+00) (0, -2.32427448410510606447e-01) (1, 1.06285971126005023280e+02) (2, 1.06338179996654361048e+02) (3, -1.03894058309661851958e+00) (4, 1.45076398979176737214e+01) (5, 2.70757765143882667136e-01) (6, -1.81959108132644431510e-01) (7, 9.53319124856689403824e-02) (8, -1.92987592010545983001e+00) (9, 1.01003436506049517618e+01) (10, -2.07170847466263730041e+00) (11, 3.56438251776738823651e+00) (12, -5.09470772114749337334e-01) 
