FANN_FLO_2.1
num_layers=3
learning_rate=0.700000
connection_rate=1.000000
network_type=0
learning_momentum=0.000000
training_algorithm=2
train_error_function=1
train_stop_function=1
cascade_output_change_fraction=0.010000
quickprop_decay=-0.000100
quickprop_mu=1.750000
rprop_increase_factor=1.200000
rprop_decrease_factor=0.500000
rprop_delta_min=0.000000
rprop_delta_max=50.000000
rprop_delta_zero=0.100000
cascade_output_stagnation_epochs=12
cascade_candidate_change_fraction=0.010000
cascade_candidate_stagnation_epochs=12
cascade_max_out_epochs=150
cascade_min_out_epochs=50
cascade_max_cand_epochs=150
cascade_min_cand_epochs=50
cascade_num_candidate_groups=2
bit_fail_limit=1.00000000000000005551e-01
cascade_candidate_limit=1.00000000000000000000e+03
cascade_weight_multiplier=4.00000000000000022204e-01
cascade_activation_functions_count=10
cascade_activation_functions=3 5 7 8 10 11 14 15 16 17 
cascade_activation_steepnesses_count=4
cascade_activation_steepnesses=2.50000000000000000000e-01 5.00000000000000000000e-01 7.50000000000000000000e-01 1.00000000000000000000e+00 
layer_sizes=10 4 2 
scale_included=0
neurons (num_inputs, activation_function, activation_steepness)=(0, 0, 0.00000000000000000000e+00) (0, 0, 0.00000000000000000000e+00) (0, 0, 0.00000000000000000000e+00) (0, 0, 0.00000000000000000000e+00) (0, 0, 0.00000000000000000000e+00) (0, 0, 0.00000000000000000000e+00) (0, 0, 0.00000000000000000000e+00) (0, 0, 0.00000000000000000000e+00) (0, 0, 0.00000000000000000000e+00) (0, 0, 0.00000000000000000000e+00) (10, 6, 5.00000000000000000000e-01) (10, 6, 5.00000000000000000000e-01) (10, 6, 5.00000000000000000000e-01) (0, 6, 0.00000000000000000000e+00) (4, 4, 5.00000000000000000000e-01) (0, 4, 0.00000000000000000000e+00) 
connections (connected_to_neuron, weight)=(0, -2.71260691575150814092e-01) (1, 5.44812128694924791006e-01) (2, 2.96579504559500062300e+00) (3, 1.03445263537614684513e-01) (4, 1.48916233090060995403e-01) (5, 4.45082512499961335806e-01) (6, 2.97742631460292184187e+00) (7, 7.98735927335217699152e-01) (8, 4.21923571082028825430e-01) (9, -4.34358466238125573433e-01) (0, -1.53410437139612942925e-01) (1, 2.11686842577100575724e-01) (2, 1.26387694151034990497e+00) (3, 1.61606234602180875992e-01) (4, 3.11458266245024040231e-01) (5, 2.10315442345332948015e-01) (6, 1.29616237849822679706e+00) (7, 2.84199223974540116089e-01) (8, 9.15701004483221447927e-02) (9, -8.48952092472609387563e-01) (0, -7.61535693779418543237e-01) (1, 1.11101561019908756656e+00) (2, 7.11751324437265786571e+00) (3, 2.65581175377565759099e-01) (4, 7.21778566465622883896e-01) (5, 1.06536460648071140689e+00) (6, 7.00932820640211495800e+00) (7, 9.42824867008175138139e-01) (8, 1.08181401322376102847e+00) (9, -1.32739947151332837727e+00) (10, 2.87919930557472536492e+00) (11, 1.08977622074118163376e+00) (12, 7.17162887505894097728e+00) (13, -1.32567703138977033284e+00) 
