FANN_FLO_2.1
num_layers=3
learning_rate=0.700000
connection_rate=1.000000
network_type=0
learning_momentum=0.000000
training_algorithm=2
train_error_function=1
train_stop_function=1
cascade_output_change_fraction=0.010000
quickprop_decay=-0.000100
quickprop_mu=1.750000
rprop_increase_factor=1.200000
rprop_decrease_factor=0.500000
rprop_delta_min=0.000000
rprop_delta_max=50.000000
rprop_delta_zero=0.100000
cascade_output_stagnation_epochs=12
cascade_candidate_change_fraction=0.010000
cascade_candidate_stagnation_epochs=12
cascade_max_out_epochs=150
cascade_min_out_epochs=50
cascade_max_cand_epochs=150
cascade_min_cand_epochs=50
cascade_num_candidate_groups=2
bit_fail_limit=1.00000000000000005551e-01
cascade_candidate_limit=1.00000000000000000000e+03
cascade_weight_multiplier=4.00000000000000022204e-01
cascade_activation_functions_count=10
cascade_activation_functions=3 5 7 8 10 11 14 15 16 17 
cascade_activation_steepnesses_count=4
cascade_activation_steepnesses=2.50000000000000000000e-01 5.00000000000000000000e-01 7.50000000000000000000e-01 1.00000000000000000000e+00 
layer_sizes=9 4 2 
scale_included=0
neurons (num_inputs, activation_function, activation_steepness)=(0, 0, 0.00000000000000000000e+00) (0, 0, 0.00000000000000000000e+00) (0, 0, 0.00000000000000000000e+00) (0, 0, 0.00000000000000000000e+00) (0, 0, 0.00000000000000000000e+00) (0, 0, 0.00000000000000000000e+00) (0, 0, 0.00000000000000000000e+00) (0, 0, 0.00000000000000000000e+00) (0, 0, 0.00000000000000000000e+00) (9, 6, 5.00000000000000000000e-01) (9, 6, 5.00000000000000000000e-01) (9, 6, 5.00000000000000000000e-01) (0, 6, 0.00000000000000000000e+00) (4, 4, 5.00000000000000000000e-01) (0, 4, 0.00000000000000000000e+00) 
connections (connected_to_neuron, weight)=(0, 2.02359828259766838521e-01) (1, -4.65289428309892227897e-01) (2, 8.44402761676247420874e-02) (3, 1.04475846406540506806e-01) (4, -4.91445224119201440338e-01) (5, -1.15803657405042770279e+00) (6, 2.48850866502458112350e+00) (7, 5.87300416528229729529e-01) (8, 3.08055832379890648376e-01) (0, -2.68607275287015712095e+00) (1, 3.30962908162653723920e+00) (2, 6.13340363397269827672e-01) (3, 1.73803422761819009734e-01) (4, 1.70077141927418939993e+00) (5, 2.62473705642961618878e+00) (6, -1.82213832101062633839e+00) (7, -1.30149447160490261410e+00) (8, -2.94368368624686427282e+00) (0, 6.06395343693064514667e+00) (1, -1.19981786401320511537e+00) (2, 1.23635165961506365839e+00) (3, 9.93067882625809472685e-01) (4, 4.72984845593434136135e-02) (5, -1.11334790651095860703e+00) (6, 4.57834585276561245593e+00) (7, 1.18182493767306020516e+01) (8, 6.13857885452078644306e+00) (9, -2.15054682806153030228e+00) (10, 2.52788463867823480768e+01) (11, -1.47062329447874184929e+00) (12, -1.02273978293210787704e+00) 
