FANN_FLO_2.1
num_layers=3
learning_rate=0.700000
connection_rate=1.000000
network_type=0
learning_momentum=0.000000
training_algorithm=2
train_error_function=1
train_stop_function=1
cascade_output_change_fraction=0.010000
quickprop_decay=-0.000100
quickprop_mu=1.750000
rprop_increase_factor=1.200000
rprop_decrease_factor=0.500000
rprop_delta_min=0.000000
rprop_delta_max=50.000000
rprop_delta_zero=0.100000
cascade_output_stagnation_epochs=12
cascade_candidate_change_fraction=0.010000
cascade_candidate_stagnation_epochs=12
cascade_max_out_epochs=150
cascade_min_out_epochs=50
cascade_max_cand_epochs=150
cascade_min_cand_epochs=50
cascade_num_candidate_groups=2
bit_fail_limit=1.00000000000000005551e-01
cascade_candidate_limit=1.00000000000000000000e+03
cascade_weight_multiplier=4.00000000000000022204e-01
cascade_activation_functions_count=10
cascade_activation_functions=3 5 7 8 10 11 14 15 16 17 
cascade_activation_steepnesses_count=4
cascade_activation_steepnesses=2.50000000000000000000e-01 5.00000000000000000000e-01 7.50000000000000000000e-01 1.00000000000000000000e+00 
layer_sizes=18 4 2 
scale_included=0
neurons (num_inputs, activation_function, activation_steepness)=(0, 0, 0.00000000000000000000e+00) (0, 0, 0.00000000000000000000e+00) (0, 0, 0.00000000000000000000e+00) (0, 0, 0.00000000000000000000e+00) (0, 0, 0.00000000000000000000e+00) (0, 0, 0.00000000000000000000e+00) (0, 0, 0.00000000000000000000e+00) (0, 0, 0.00000000000000000000e+00) (0, 0, 0.00000000000000000000e+00) (0, 0, 0.00000000000000000000e+00) (0, 0, 0.00000000000000000000e+00) (0, 0, 0.00000000000000000000e+00) (0, 0, 0.00000000000000000000e+00) (0, 0, 0.00000000000000000000e+00) (0, 0, 0.00000000000000000000e+00) (0, 0, 0.00000000000000000000e+00) (0, 0, 0.00000000000000000000e+00) (0, 0, 0.00000000000000000000e+00) (18, 6, 5.00000000000000000000e-01) (18, 6, 5.00000000000000000000e-01) (18, 6, 5.00000000000000000000e-01) (0, 6, 0.00000000000000000000e+00) (4, 4, 5.00000000000000000000e-01) (0, 4, 0.00000000000000000000e+00) 
connections (connected_to_neuron, weight)=(0, -2.14707012399451890872e+01) (1, 1.27690865435965346109e+01) (2, 2.30911258830557493127e+01) (3, -2.94840536753851401031e+00) (4, -7.61858104949002523654e+00) (5, -9.69716335781417027029e-01) (6, 7.65374565954614816121e+00) (7, 3.50660291344930419299e+00) (8, -7.64439818458592590389e+00) (9, 2.16406057663695499116e+01) (10, -4.76947158247170266421e-01) (11, -2.30587097394338549350e+01) (12, -7.57046721869011829398e+00) (13, -1.86042492987002603400e+01) (14, 8.44930655613747916277e-01) (15, 1.57556917636947115824e+01) (16, -5.03084919603975748714e+01) (17, -1.72871827041519737778e-01) (0, 7.36414687182228977491e+00) (1, 2.56248207443957154439e-01) (2, 1.17281097329346928326e+00) (3, -1.42628060886528962303e-01) (4, -4.77719494046291659473e-01) (5, -8.65600087230935955063e-01) (6, 1.06125978921177713254e-01) (7, 1.70929612187000512513e+00) (8, -4.82441431583941260364e-01) (9, 6.08794895555069048854e-01) (10, -3.92573907142384659341e-01) (11, 1.52370241977559262025e+00) (12, -4.72162981227931710659e-01) (13, 2.31319450637158352535e+00) (14, 4.26751374289638316095e-02) (15, 6.92542025469814692684e-01) (16, 1.50755012485260286859e+00) (17, -8.72645737231860674221e-01) (0, -6.15775648274170066543e+01) (1, 2.97666288900900521952e-01) (2, 1.33925297370632101490e+01) (3, 5.04963298991693676498e-01) (4, 2.42824476564036650927e+00) (5, 7.07699377328160039724e+00) (6, -5.36044670165704051357e+00) (7, -7.29306263777345442634e+00) (8, 2.42196760461353166605e+00) (9, -3.13024757069737935566e+00) (10, -1.26985868019294434461e+00) (11, -3.50414543975001446796e+00) (12, 2.52575027060425405523e+00) (13, -1.10732810847914731056e+01) (14, 7.42919185725815367505e+00) (15, 9.36184830969104240239e+01) (16, 2.64577343446227928325e+02) (17, -4.60304958126073748836e-01) (18, 2.74606495696613173152e+01) (19, -1.84591080003327704162e+02) (20, 2.02125795256868450167e+01) (21, -1.15151920402423524337e+00) 
