FANN_FLO_2.1
num_layers=3
learning_rate=0.700000
connection_rate=1.000000
network_type=0
learning_momentum=0.000000
training_algorithm=2
train_error_function=1
train_stop_function=1
cascade_output_change_fraction=0.010000
quickprop_decay=-0.000100
quickprop_mu=1.750000
rprop_increase_factor=1.200000
rprop_decrease_factor=0.500000
rprop_delta_min=0.000000
rprop_delta_max=50.000000
rprop_delta_zero=0.100000
cascade_output_stagnation_epochs=12
cascade_candidate_change_fraction=0.010000
cascade_candidate_stagnation_epochs=12
cascade_max_out_epochs=150
cascade_min_out_epochs=50
cascade_max_cand_epochs=150
cascade_min_cand_epochs=50
cascade_num_candidate_groups=2
bit_fail_limit=1.00000000000000005551e-01
cascade_candidate_limit=1.00000000000000000000e+03
cascade_weight_multiplier=4.00000000000000022204e-01
cascade_activation_functions_count=10
cascade_activation_functions=3 5 7 8 10 11 14 15 16 17 
cascade_activation_steepnesses_count=4
cascade_activation_steepnesses=2.50000000000000000000e-01 5.00000000000000000000e-01 7.50000000000000000000e-01 1.00000000000000000000e+00 
layer_sizes=8 4 2 
scale_included=0
neurons (num_inputs, activation_function, activation_steepness)=(0, 0, 0.00000000000000000000e+00) (0, 0, 0.00000000000000000000e+00) (0, 0, 0.00000000000000000000e+00) (0, 0, 0.00000000000000000000e+00) (0, 0, 0.00000000000000000000e+00) (0, 0, 0.00000000000000000000e+00) (0, 0, 0.00000000000000000000e+00) (0, 0, 0.00000000000000000000e+00) (8, 6, 5.00000000000000000000e-01) (8, 6, 5.00000000000000000000e-01) (8, 6, 5.00000000000000000000e-01) (0, 6, 0.00000000000000000000e+00) (4, 4, 5.00000000000000000000e-01) (0, 4, 0.00000000000000000000e+00) 
connections (connected_to_neuron, weight)=(0, -2.82212007030786127260e+00) (1, -1.53510123952408505943e+00) (2, -4.13323050471562480901e-01) (3, -1.66474397683009112114e+00) (4, 8.70699429910492206375e+00) (5, -2.64663029842055985696e+00) (6, -2.88307416429344476327e+00) (7, 3.45932858526929276621e+00) (0, 2.26453757052264847971e+00) (1, 3.47749098105669673942e+00) (2, 1.55104595539828560291e+00) (3, 2.77383200087143011459e+00) (4, 1.95874231308656843176e+00) (5, 2.85276135530442598309e+00) (6, 1.17778835261237380116e+00) (7, -2.43897824174312294332e+00) (0, -6.21363113313066239840e+00) (1, 2.12306890145782567458e+00) (2, -3.32808450491324070430e-01) (3, 6.84265950203016615205e-01) (4, 1.58027952193883303167e+00) (5, 7.28506323478147921335e-01) (6, 9.23508201065468548041e-02) (7, 6.48367330024510413189e-01) (8, -1.08366426227212890865e+01) (9, 6.18041634698381159296e+01) (10, -5.63721044944389326758e+00) (11, -1.58966194182564768411e+00) 
