FANN_FLO_2.1
num_layers=3
learning_rate=0.700000
connection_rate=1.000000
network_type=0
learning_momentum=0.000000
training_algorithm=2
train_error_function=1
train_stop_function=1
cascade_output_change_fraction=0.010000
quickprop_decay=-0.000100
quickprop_mu=1.750000
rprop_increase_factor=1.200000
rprop_decrease_factor=0.500000
rprop_delta_min=0.000000
rprop_delta_max=50.000000
rprop_delta_zero=0.100000
cascade_output_stagnation_epochs=12
cascade_candidate_change_fraction=0.010000
cascade_candidate_stagnation_epochs=12
cascade_max_out_epochs=150
cascade_min_out_epochs=50
cascade_max_cand_epochs=150
cascade_min_cand_epochs=50
cascade_num_candidate_groups=2
bit_fail_limit=1.00000000000000005551e-01
cascade_candidate_limit=1.00000000000000000000e+03
cascade_weight_multiplier=4.00000000000000022204e-01
cascade_activation_functions_count=10
cascade_activation_functions=3 5 7 8 10 11 14 15 16 17 
cascade_activation_steepnesses_count=4
cascade_activation_steepnesses=2.50000000000000000000e-01 5.00000000000000000000e-01 7.50000000000000000000e-01 1.00000000000000000000e+00 
layer_sizes=17 4 2 
scale_included=0
neurons (num_inputs, activation_function, activation_steepness)=(0, 0, 0.00000000000000000000e+00) (0, 0, 0.00000000000000000000e+00) (0, 0, 0.00000000000000000000e+00) (0, 0, 0.00000000000000000000e+00) (0, 0, 0.00000000000000000000e+00) (0, 0, 0.00000000000000000000e+00) (0, 0, 0.00000000000000000000e+00) (0, 0, 0.00000000000000000000e+00) (0, 0, 0.00000000000000000000e+00) (0, 0, 0.00000000000000000000e+00) (0, 0, 0.00000000000000000000e+00) (0, 0, 0.00000000000000000000e+00) (0, 0, 0.00000000000000000000e+00) (0, 0, 0.00000000000000000000e+00) (0, 0, 0.00000000000000000000e+00) (0, 0, 0.00000000000000000000e+00) (0, 0, 0.00000000000000000000e+00) (17, 6, 5.00000000000000000000e-01) (17, 6, 5.00000000000000000000e-01) (17, 6, 5.00000000000000000000e-01) (0, 6, 0.00000000000000000000e+00) (4, 4, 5.00000000000000000000e-01) (0, 4, 0.00000000000000000000e+00) 
connections (connected_to_neuron, weight)=(0, -1.47464582822506731219e+01) (1, -2.66492722095869405408e+00) (2, 7.47710428487551315158e+00) (3, 3.67608377468794822462e-01) (4, -1.80001429271858970349e-01) (5, -9.69534510722225406631e-01) (6, 1.30616159733840841994e+00) (7, 7.87815903389630722842e+00) (8, 3.38118056508380915304e+00) (9, 2.62458943865897564862e+00) (10, 3.52806630483117444896e-01) (11, 1.39787257390933250534e+00) (12, 1.01844102930616542402e+00) (13, 1.31869076936862139604e+00) (14, 1.33534194484059454133e+00) (15, 9.46472173977631037189e+00) (16, -7.00777583282890303984e-01) (0, -9.96175657191820640435e+00) (1, 3.28380572525742886469e+00) (2, 9.09220178033275061580e+00) (3, -9.31221328428900596563e-02) (4, -4.85549916660930058754e-01) (5, -2.84100356664119702010e-01) (6, -2.59984322025652914157e-01) (7, 1.39580251466846725350e+01) (8, 2.73838981952262328079e+00) (9, 1.86186722112440250498e+01) (10, 7.04226318055280020580e-01) (11, -4.24513629463607156111e+00) (12, 2.50473723500940614883e+00) (13, -4.11429150836215917764e+00) (14, -4.14555072070450325583e+00) (15, 9.06212140407138200260e+00) (16, -6.96033355556779742557e+00) (0, 8.99636045462205480305e+00) (1, 8.70867184709813169086e-01) (2, -5.97317489754144581582e+00) (3, 1.03366968165721329065e+00) (4, 3.03242894130098328276e+00) (5, 2.52335370019426319388e+00) (6, 1.09364147094449060127e+00) (7, 3.94830159526498292166e+01) (8, -2.39549133785418133513e+00) (9, 2.00292253101640049806e+00) (10, -8.10761285647510376862e-01) (11, -1.76141952135815071934e+00) (12, -3.41849329839013726939e-01) (13, -1.63138236575626049962e+00) (14, -1.60489276774807798631e+00) (15, 7.39982774924730932753e+01) (16, -8.63687370884124727688e-01) (17, -2.49179935098540354943e+01) (18, 2.02158454963779696811e+01) (19, -1.57336250098430596722e+01) (20, -4.31042438124456950277e+00) 
