FANN_FLO_2.1
num_layers=3
learning_rate=0.700000
connection_rate=1.000000
network_type=0
learning_momentum=0.000000
training_algorithm=2
train_error_function=1
train_stop_function=1
cascade_output_change_fraction=0.010000
quickprop_decay=-0.000100
quickprop_mu=1.750000
rprop_increase_factor=1.200000
rprop_decrease_factor=0.500000
rprop_delta_min=0.000000
rprop_delta_max=50.000000
rprop_delta_zero=0.100000
cascade_output_stagnation_epochs=12
cascade_candidate_change_fraction=0.010000
cascade_candidate_stagnation_epochs=12
cascade_max_out_epochs=150
cascade_min_out_epochs=50
cascade_max_cand_epochs=150
cascade_min_cand_epochs=50
cascade_num_candidate_groups=2
bit_fail_limit=1.00000000000000005551e-01
cascade_candidate_limit=1.00000000000000000000e+03
cascade_weight_multiplier=4.00000000000000022204e-01
cascade_activation_functions_count=10
cascade_activation_functions=3 5 7 8 10 11 14 15 16 17 
cascade_activation_steepnesses_count=4
cascade_activation_steepnesses=2.50000000000000000000e-01 5.00000000000000000000e-01 7.50000000000000000000e-01 1.00000000000000000000e+00 
layer_sizes=8 4 2 
scale_included=0
neurons (num_inputs, activation_function, activation_steepness)=(0, 0, 0.00000000000000000000e+00) (0, 0, 0.00000000000000000000e+00) (0, 0, 0.00000000000000000000e+00) (0, 0, 0.00000000000000000000e+00) (0, 0, 0.00000000000000000000e+00) (0, 0, 0.00000000000000000000e+00) (0, 0, 0.00000000000000000000e+00) (0, 0, 0.00000000000000000000e+00) (8, 6, 5.00000000000000000000e-01) (8, 6, 5.00000000000000000000e-01) (8, 6, 5.00000000000000000000e-01) (0, 6, 0.00000000000000000000e+00) (4, 4, 5.00000000000000000000e-01) (0, 4, 0.00000000000000000000e+00) 
connections (connected_to_neuron, weight)=(0, 5.61699470336959549854e-01) (1, -4.20538200521389793352e-01) (2, -7.38469522976465064801e-01) (3, 1.47379451035122677194e-01) (4, -1.32199588123117828253e-01) (5, 1.09020859004964082439e-01) (6, 2.86932670374444642736e-01) (7, 6.96148881927677654069e-01) (0, -1.64628800032377609064e+00) (1, 1.25408877480760216905e+00) (2, 1.86126624639880278167e+00) (3, 5.07296484844470763065e-01) (4, 1.22687565870004622326e+00) (5, 9.91404860143690558338e-01) (6, -2.25099050138914236197e-01) (7, -1.70045820651293144721e+00) (0, -2.25646905160778876720e+00) (1, 2.53488795283844892126e+00) (2, 2.38125543951247253815e+00) (3, -4.97191093200153977349e-01) (4, 5.34331274171748749069e-01) (5, 1.87952733673303118422e-01) (6, -1.79549672627977741080e+00) (7, -2.27001616291040253515e+00) (8, -6.55658319947991863330e+00) (9, 8.49841679568852481630e-01) (10, 1.79776467754870949989e+01) (11, -2.78931354580672419274e+00) 
