FANN_FLO_2.1
num_layers=3
learning_rate=0.700000
connection_rate=1.000000
network_type=0
learning_momentum=0.000000
training_algorithm=2
train_error_function=1
train_stop_function=1
cascade_output_change_fraction=0.010000
quickprop_decay=-0.000100
quickprop_mu=1.750000
rprop_increase_factor=1.200000
rprop_decrease_factor=0.500000
rprop_delta_min=0.000000
rprop_delta_max=50.000000
rprop_delta_zero=0.100000
cascade_output_stagnation_epochs=12
cascade_candidate_change_fraction=0.010000
cascade_candidate_stagnation_epochs=12
cascade_max_out_epochs=150
cascade_min_out_epochs=50
cascade_max_cand_epochs=150
cascade_min_cand_epochs=50
cascade_num_candidate_groups=2
bit_fail_limit=1.00000000000000005551e-01
cascade_candidate_limit=1.00000000000000000000e+03
cascade_weight_multiplier=4.00000000000000022204e-01
cascade_activation_functions_count=10
cascade_activation_functions=3 5 7 8 10 11 14 15 16 17 
cascade_activation_steepnesses_count=4
cascade_activation_steepnesses=2.50000000000000000000e-01 5.00000000000000000000e-01 7.50000000000000000000e-01 1.00000000000000000000e+00 
layer_sizes=10 4 2 
scale_included=0
neurons (num_inputs, activation_function, activation_steepness)=(0, 0, 0.00000000000000000000e+00) (0, 0, 0.00000000000000000000e+00) (0, 0, 0.00000000000000000000e+00) (0, 0, 0.00000000000000000000e+00) (0, 0, 0.00000000000000000000e+00) (0, 0, 0.00000000000000000000e+00) (0, 0, 0.00000000000000000000e+00) (0, 0, 0.00000000000000000000e+00) (0, 0, 0.00000000000000000000e+00) (0, 0, 0.00000000000000000000e+00) (10, 6, 5.00000000000000000000e-01) (10, 6, 5.00000000000000000000e-01) (10, 6, 5.00000000000000000000e-01) (0, 6, 0.00000000000000000000e+00) (4, 4, 5.00000000000000000000e-01) (0, 4, 0.00000000000000000000e+00) 
connections (connected_to_neuron, weight)=(0, 7.66856662069649086533e-01) (1, -5.68997865620058185243e+00) (2, -1.72327484786223799063e+01) (3, -4.30748099902550141138e+00) (4, 7.61812718772929109434e+00) (5, -3.59342735426550552447e+00) (6, -1.71925719723643020131e+01) (7, -3.77047354091366138107e+00) (8, -2.00509807474206418476e+01) (9, 3.41636580294657798973e+00) (0, -2.81182937311228862143e+01) (1, 6.58150203678690282061e+00) (2, 2.09571224356383778442e+00) (3, 1.02311185326083560199e+01) (4, -7.33050457006892752787e+00) (5, 5.94338920084671595845e-01) (6, 2.21253206882496922248e+00) (7, 3.60549620137867821157e+00) (8, -4.15508201926769515921e+00) (9, -2.15260795373436097933e+00) (0, -2.09486158034587219845e+01) (1, 7.56275274141728548472e+00) (2, 1.20955613977576970086e+01) (3, 1.02060981671567674312e+01) (4, -1.70066012921266853652e+01) (5, 7.62509625019605685736e+00) (6, 1.20591293780290538251e+01) (7, 9.68968168173230104401e+00) (8, 1.41974927519976610313e+01) (9, 2.13154328110124552387e-01) (10, -1.54780035125426707054e+01) (11, 1.02644363038805490618e+01) (12, -1.89295312669133082295e+01) (13, 2.59732689958709572764e-01) 
