FANN_FLO_2.1
num_layers=3
learning_rate=0.700000
connection_rate=1.000000
network_type=0
learning_momentum=0.000000
training_algorithm=2
train_error_function=1
train_stop_function=1
cascade_output_change_fraction=0.010000
quickprop_decay=-0.000100
quickprop_mu=1.750000
rprop_increase_factor=1.200000
rprop_decrease_factor=0.500000
rprop_delta_min=0.000000
rprop_delta_max=50.000000
rprop_delta_zero=0.100000
cascade_output_stagnation_epochs=12
cascade_candidate_change_fraction=0.010000
cascade_candidate_stagnation_epochs=12
cascade_max_out_epochs=150
cascade_min_out_epochs=50
cascade_max_cand_epochs=150
cascade_min_cand_epochs=50
cascade_num_candidate_groups=2
bit_fail_limit=1.00000000000000005551e-01
cascade_candidate_limit=1.00000000000000000000e+03
cascade_weight_multiplier=4.00000000000000022204e-01
cascade_activation_functions_count=10
cascade_activation_functions=3 5 7 8 10 11 14 15 16 17 
cascade_activation_steepnesses_count=4
cascade_activation_steepnesses=2.50000000000000000000e-01 5.00000000000000000000e-01 7.50000000000000000000e-01 1.00000000000000000000e+00 
layer_sizes=17 4 2 
scale_included=0
neurons (num_inputs, activation_function, activation_steepness)=(0, 0, 0.00000000000000000000e+00) (0, 0, 0.00000000000000000000e+00) (0, 0, 0.00000000000000000000e+00) (0, 0, 0.00000000000000000000e+00) (0, 0, 0.00000000000000000000e+00) (0, 0, 0.00000000000000000000e+00) (0, 0, 0.00000000000000000000e+00) (0, 0, 0.00000000000000000000e+00) (0, 0, 0.00000000000000000000e+00) (0, 0, 0.00000000000000000000e+00) (0, 0, 0.00000000000000000000e+00) (0, 0, 0.00000000000000000000e+00) (0, 0, 0.00000000000000000000e+00) (0, 0, 0.00000000000000000000e+00) (0, 0, 0.00000000000000000000e+00) (0, 0, 0.00000000000000000000e+00) (0, 0, 0.00000000000000000000e+00) (17, 6, 5.00000000000000000000e-01) (17, 6, 5.00000000000000000000e-01) (17, 6, 5.00000000000000000000e-01) (0, 6, 0.00000000000000000000e+00) (4, 4, 5.00000000000000000000e-01) (0, 4, 0.00000000000000000000e+00) 
connections (connected_to_neuron, weight)=(0, -1.89736393987743157119e+00) (1, 2.05521046487365577349e+00) (2, 1.06060123324608501783e+00) (3, 3.69146172783204662426e-01) (4, 1.36796082256871370797e-01) (5, 2.42571673852985281172e-01) (6, 1.70468094645577522561e-01) (7, 8.45475098353157372699e-01) (8, 1.03284194946503338208e+00) (9, 1.62241008405605957599e-01) (10, 1.56852949973049882182e+00) (11, 8.62480239561402406423e-01) (12, -1.21232077641137359070e-01) (13, 1.10188440220509820122e+00) (14, 1.02094337954566150017e+00) (15, 2.24061816906836064334e+00) (16, -7.20883923119834735260e-01) (0, -1.57274526148645166224e+00) (1, 1.80940221754585084390e+00) (2, 8.75699120464083602400e-01) (3, 7.28352489330916119670e-01) (4, 4.95169236062604267712e-01) (5, 3.44676575971429921541e-01) (6, 4.09482030867177326794e-01) (7, 1.80424535449448386615e+00) (8, 9.08415566088911941023e-01) (9, 4.53786131118456614875e-01) (10, 1.74453991081419745868e+00) (11, 4.81852343073689404207e-01) (12, 1.84020418362967397297e-01) (13, 8.35892875897844223054e-01) (14, 7.45204171830865291781e-01) (15, 1.92223225897457594691e+00) (16, -6.45451067632964892162e-01) (0, -4.41919980142710056015e+00) (1, 1.91789015147009300755e+00) (2, 1.82207554817699013405e+00) (3, 2.89413698353914561334e-01) (4, -2.48216652980497512471e-03) (5, -1.48260509965332798465e-01) (6, -9.41393356930320113207e-02) (7, 4.14874061142558703263e-01) (8, 1.82962939382098732644e+00) (9, 4.70759607115596612203e-01) (10, 5.48058250071060015784e-01) (11, 1.68135085931556349514e+00) (12, 3.71105691782167568249e-02) (13, 1.59432201137486129205e+00) (14, 1.71714459705949318291e+00) (15, 2.05684049328555573766e+00) (16, -1.57153956027386754180e+00) (17, 2.06250738086474250110e+00) (18, 9.46832955724834612887e-01) (19, 3.95149821027299310572e+01) (20, -1.55903893144486516142e+00) 
