FANN_FLO_2.1
num_layers=3
learning_rate=0.700000
connection_rate=1.000000
network_type=0
learning_momentum=0.000000
training_algorithm=2
train_error_function=1
train_stop_function=1
cascade_output_change_fraction=0.010000
quickprop_decay=-0.000100
quickprop_mu=1.750000
rprop_increase_factor=1.200000
rprop_decrease_factor=0.500000
rprop_delta_min=0.000000
rprop_delta_max=50.000000
rprop_delta_zero=0.100000
cascade_output_stagnation_epochs=12
cascade_candidate_change_fraction=0.010000
cascade_candidate_stagnation_epochs=12
cascade_max_out_epochs=150
cascade_min_out_epochs=50
cascade_max_cand_epochs=150
cascade_min_cand_epochs=50
cascade_num_candidate_groups=2
bit_fail_limit=1.00000000000000005551e-01
cascade_candidate_limit=1.00000000000000000000e+03
cascade_weight_multiplier=4.00000000000000022204e-01
cascade_activation_functions_count=10
cascade_activation_functions=3 5 7 8 10 11 14 15 16 17 
cascade_activation_steepnesses_count=4
cascade_activation_steepnesses=2.50000000000000000000e-01 5.00000000000000000000e-01 7.50000000000000000000e-01 1.00000000000000000000e+00 
layer_sizes=11 4 2 
scale_included=0
neurons (num_inputs, activation_function, activation_steepness)=(0, 0, 0.00000000000000000000e+00) (0, 0, 0.00000000000000000000e+00) (0, 0, 0.00000000000000000000e+00) (0, 0, 0.00000000000000000000e+00) (0, 0, 0.00000000000000000000e+00) (0, 0, 0.00000000000000000000e+00) (0, 0, 0.00000000000000000000e+00) (0, 0, 0.00000000000000000000e+00) (0, 0, 0.00000000000000000000e+00) (0, 0, 0.00000000000000000000e+00) (0, 0, 0.00000000000000000000e+00) (11, 6, 5.00000000000000000000e-01) (11, 6, 5.00000000000000000000e-01) (11, 6, 5.00000000000000000000e-01) (0, 6, 0.00000000000000000000e+00) (4, 4, 5.00000000000000000000e-01) (0, 4, 0.00000000000000000000e+00) 
connections (connected_to_neuron, weight)=(0, 2.61608502135725951021e+00) (1, -2.32465306384418868291e+00) (2, -3.96672081510030638540e+00) (3, 2.11574978053640538889e+00) (4, 1.57782939689809653672e+00) (5, -2.59787025407102523111e-01) (6, -2.72786110073405341225e+00) (7, 1.64188422638950698440e-01) (8, -2.53165518653964838336e+00) (9, 1.48733072359142654006e-01) (10, 2.57441557065697690376e+00) (0, -1.09190288271970592504e+00) (1, 1.10977040817300220965e+00) (2, 1.34418015540803104102e+00) (3, -2.50498030575631969175e-01) (4, -2.51088187786823124892e-01) (5, 1.03374376123512123904e+00) (6, 1.81763709178706722724e+00) (7, 4.45369795602807205803e-01) (8, 1.67525431700152749315e+00) (9, 9.87742249455390436408e-02) (10, -7.87212966717817264062e-01) (0, -2.72880717546407591811e+00) (1, 2.44116196562864340436e+00) (2, 3.12232757880514855131e+00) (3, -1.19234609634242549880e+00) (4, -2.57643555861177708799e-01) (5, 1.97391652528648897658e+00) (6, 3.12000189957018880804e+00) (7, -1.24458887926971373261e+00) (8, 2.78458608791315986863e+00) (9, 2.90845506667823827662e-01) (10, -2.77728043303553473464e+00) (11, -2.73817557007047973627e+00) (12, 1.27791390829653472849e+00) (13, 1.09969654834037182667e+01) (14, -1.34430634492241729561e+00) 
