FANN_FLO_2.1
num_layers=3
learning_rate=0.700000
connection_rate=1.000000
network_type=0
learning_momentum=0.000000
training_algorithm=2
train_error_function=1
train_stop_function=1
cascade_output_change_fraction=0.010000
quickprop_decay=-0.000100
quickprop_mu=1.750000
rprop_increase_factor=1.200000
rprop_decrease_factor=0.500000
rprop_delta_min=0.000000
rprop_delta_max=50.000000
rprop_delta_zero=0.100000
cascade_output_stagnation_epochs=12
cascade_candidate_change_fraction=0.010000
cascade_candidate_stagnation_epochs=12
cascade_max_out_epochs=150
cascade_min_out_epochs=50
cascade_max_cand_epochs=150
cascade_min_cand_epochs=50
cascade_num_candidate_groups=2
bit_fail_limit=1.00000000000000005551e-01
cascade_candidate_limit=1.00000000000000000000e+03
cascade_weight_multiplier=4.00000000000000022204e-01
cascade_activation_functions_count=10
cascade_activation_functions=3 5 7 8 10 11 14 15 16 17 
cascade_activation_steepnesses_count=4
cascade_activation_steepnesses=2.50000000000000000000e-01 5.00000000000000000000e-01 7.50000000000000000000e-01 1.00000000000000000000e+00 
layer_sizes=13 4 2 
scale_included=0
neurons (num_inputs, activation_function, activation_steepness)=(0, 0, 0.00000000000000000000e+00) (0, 0, 0.00000000000000000000e+00) (0, 0, 0.00000000000000000000e+00) (0, 0, 0.00000000000000000000e+00) (0, 0, 0.00000000000000000000e+00) (0, 0, 0.00000000000000000000e+00) (0, 0, 0.00000000000000000000e+00) (0, 0, 0.00000000000000000000e+00) (0, 0, 0.00000000000000000000e+00) (0, 0, 0.00000000000000000000e+00) (0, 0, 0.00000000000000000000e+00) (0, 0, 0.00000000000000000000e+00) (0, 0, 0.00000000000000000000e+00) (13, 6, 5.00000000000000000000e-01) (13, 6, 5.00000000000000000000e-01) (13, 6, 5.00000000000000000000e-01) (0, 6, 0.00000000000000000000e+00) (4, 4, 5.00000000000000000000e-01) (0, 4, 0.00000000000000000000e+00) 
connections (connected_to_neuron, weight)=(0, 4.65480660218221320434e+00) (1, -5.00986510415908892213e+00) (2, -3.95376303149962549099e+00) (3, -2.11562825635173235028e+00) (4, 3.07119188572122414627e+00) (5, -2.83451923117320170320e+00) (6, -2.07357732509294212520e+00) (7, -4.63505328821711959364e+00) (8, 5.73465197429507300697e-01) (9, 5.88356422349827434815e-01) (10, -8.98236679893240297368e-01) (11, 8.75351343573912643592e-01) (12, 4.54521221238595618530e+00) (0, -1.54236579929380979159e+00) (1, 1.04343844741785773955e+00) (2, 2.36219534178371048938e+00) (3, 3.27728117794369055993e-01) (4, -5.94641173207142159640e-01) (5, 1.94486728608133541130e+00) (6, 3.41939319084253942616e-02) (7, 1.34298189196144690527e+00) (8, -1.08274342162032813364e-01) (9, 9.01726805827179123121e-01) (10, 1.58976737769387643784e-01) (11, -6.15576610828122094965e-01) (12, -1.40748515223055448153e+00) (0, 5.94829122158250345187e-01) (1, -1.25421214918955442608e-01) (2, -3.34598079036674356246e+00) (3, 8.95692748689628365222e-02) (4, 3.82070857553661935579e-01) (5, -7.58273497029351251086e+00) (6, -5.47973807850581096091e+00) (7, 4.58794103249712745263e-02) (8, -2.52283137784775179924e-01) (9, -6.22668579559157664427e-01) (10, 5.51637986400302260392e-01) (11, 2.94700894639365162941e-01) (12, 6.48998585411074024876e-01) (13, -6.05887020950804622288e+00) (14, 3.21461318851375965622e+00) (15, -1.44563824620055858539e+00) (16, -1.80583794754269777449e+00) 
