FANN_FLO_2.1
num_layers=3
learning_rate=0.700000
connection_rate=1.000000
network_type=0
learning_momentum=0.000000
training_algorithm=2
train_error_function=1
train_stop_function=1
cascade_output_change_fraction=0.010000
quickprop_decay=-0.000100
quickprop_mu=1.750000
rprop_increase_factor=1.200000
rprop_decrease_factor=0.500000
rprop_delta_min=0.000000
rprop_delta_max=50.000000
rprop_delta_zero=0.100000
cascade_output_stagnation_epochs=12
cascade_candidate_change_fraction=0.010000
cascade_candidate_stagnation_epochs=12
cascade_max_out_epochs=150
cascade_min_out_epochs=50
cascade_max_cand_epochs=150
cascade_min_cand_epochs=50
cascade_num_candidate_groups=2
bit_fail_limit=1.00000000000000005551e-01
cascade_candidate_limit=1.00000000000000000000e+03
cascade_weight_multiplier=4.00000000000000022204e-01
cascade_activation_functions_count=10
cascade_activation_functions=3 5 7 8 10 11 14 15 16 17 
cascade_activation_steepnesses_count=4
cascade_activation_steepnesses=2.50000000000000000000e-01 5.00000000000000000000e-01 7.50000000000000000000e-01 1.00000000000000000000e+00 
layer_sizes=11 4 2 
scale_included=0
neurons (num_inputs, activation_function, activation_steepness)=(0, 0, 0.00000000000000000000e+00) (0, 0, 0.00000000000000000000e+00) (0, 0, 0.00000000000000000000e+00) (0, 0, 0.00000000000000000000e+00) (0, 0, 0.00000000000000000000e+00) (0, 0, 0.00000000000000000000e+00) (0, 0, 0.00000000000000000000e+00) (0, 0, 0.00000000000000000000e+00) (0, 0, 0.00000000000000000000e+00) (0, 0, 0.00000000000000000000e+00) (0, 0, 0.00000000000000000000e+00) (11, 6, 5.00000000000000000000e-01) (11, 6, 5.00000000000000000000e-01) (11, 6, 5.00000000000000000000e-01) (0, 6, 0.00000000000000000000e+00) (4, 4, 5.00000000000000000000e-01) (0, 4, 0.00000000000000000000e+00) 
connections (connected_to_neuron, weight)=(0, 5.70021050780270405189e-02) (1, 3.10545123602471440094e-01) (2, 7.61854726404545989915e-01) (3, 2.73586915651745476996e-01) (4, 5.81022203976712670048e-02) (5, -6.06711079655670518229e-02) (6, 6.45667493836305061983e-01) (7, 8.63247469068825101779e-01) (8, 4.91818077817135490548e-01) (9, 2.37143729190740504276e-01) (10, 1.07190296313092514602e-01) (0, -2.65315574266591092112e+00) (1, 2.47028051301361495362e+00) (2, 1.78574499307093415013e+00) (3, 2.19029164615223814749e+00) (4, -4.01950725562641775213e-01) (5, -3.37387765473606049405e-01) (6, 1.79665809219154093412e+00) (7, 2.03744994051429895165e+00) (8, 4.85995638044475208872e-01) (9, 1.00673769747282015885e+00) (10, -2.71504410960354825022e+00) (0, 3.12766944380700318007e+00) (1, -3.12159295491471189266e+00) (2, -1.40756862010898808890e+00) (3, -1.10932006773772018349e+00) (4, 5.89876760007904343830e-01) (5, 1.79225528437665948545e+00) (6, -3.55614433087332004746e+00) (7, -2.52912674278665461358e+00) (8, -9.76329887499573501053e-01) (9, -1.11050826163072668962e+00) (10, 3.11857745560109345107e+00) (11, 1.24544567228387012547e-01) (12, 1.00333412270650175202e+01) (13, -2.63184942410391409240e+00) (14, -1.28019091384723981975e+00) 
