FANN_FLO_2.1
num_layers=3
learning_rate=0.700000
connection_rate=1.000000
network_type=0
learning_momentum=0.000000
training_algorithm=2
train_error_function=1
train_stop_function=1
cascade_output_change_fraction=0.010000
quickprop_decay=-0.000100
quickprop_mu=1.750000
rprop_increase_factor=1.200000
rprop_decrease_factor=0.500000
rprop_delta_min=0.000000
rprop_delta_max=50.000000
rprop_delta_zero=0.100000
cascade_output_stagnation_epochs=12
cascade_candidate_change_fraction=0.010000
cascade_candidate_stagnation_epochs=12
cascade_max_out_epochs=150
cascade_min_out_epochs=50
cascade_max_cand_epochs=150
cascade_min_cand_epochs=50
cascade_num_candidate_groups=2
bit_fail_limit=1.00000000000000005551e-01
cascade_candidate_limit=1.00000000000000000000e+03
cascade_weight_multiplier=4.00000000000000022204e-01
cascade_activation_functions_count=10
cascade_activation_functions=3 5 7 8 10 11 14 15 16 17 
cascade_activation_steepnesses_count=4
cascade_activation_steepnesses=2.50000000000000000000e-01 5.00000000000000000000e-01 7.50000000000000000000e-01 1.00000000000000000000e+00 
layer_sizes=9 4 2 
scale_included=0
neurons (num_inputs, activation_function, activation_steepness)=(0, 0, 0.00000000000000000000e+00) (0, 0, 0.00000000000000000000e+00) (0, 0, 0.00000000000000000000e+00) (0, 0, 0.00000000000000000000e+00) (0, 0, 0.00000000000000000000e+00) (0, 0, 0.00000000000000000000e+00) (0, 0, 0.00000000000000000000e+00) (0, 0, 0.00000000000000000000e+00) (0, 0, 0.00000000000000000000e+00) (9, 6, 5.00000000000000000000e-01) (9, 6, 5.00000000000000000000e-01) (9, 6, 5.00000000000000000000e-01) (0, 6, 0.00000000000000000000e+00) (4, 4, 5.00000000000000000000e-01) (0, 4, 0.00000000000000000000e+00) 
connections (connected_to_neuron, weight)=(0, -9.96900548171179345935e-01) (1, 4.10953666535198358645e+00) (2, 3.13966368868879242005e-01) (3, -2.28422710464581601997e+00) (4, -1.45277182074752198027e+00) (5, -1.79157908692399425732e+00) (6, 3.80551262625476294232e+00) (7, 4.05084036639462397034e+00) (8, -4.99002390177338994715e-01) (0, 1.73198145276020887273e+00) (1, -3.69018482235480227427e-01) (2, 9.36384096597413950747e-01) (3, -8.78877975021398860633e+00) (4, -1.22114017268821184459e+00) (5, 2.12911856844224844920e+00) (6, -4.49017463731682719974e-01) (7, -3.87790178932820528424e-01) (8, 1.60314753094205086903e+00) (0, -4.55547977789692193351e-01) (1, 1.64594915235421712651e+00) (2, 1.05489742599085500885e+00) (3, -1.02350470366816903578e+00) (4, -1.68518123676515685361e+00) (5, -1.40652680739808078059e-01) (6, 1.58434850925118819731e+00) (7, 1.55884721891990607467e+00) (8, -1.82278312613669335462e-01) (9, 4.17427573723260447736e+00) (10, -8.21567231174961776219e+00) (11, 2.90291006436178422589e+00) (12, -4.73608369892367875309e+00) 
