FANN_FLO_2.1
num_layers=3
learning_rate=0.700000
connection_rate=1.000000
network_type=0
learning_momentum=0.000000
training_algorithm=2
train_error_function=1
train_stop_function=1
cascade_output_change_fraction=0.010000
quickprop_decay=-0.000100
quickprop_mu=1.750000
rprop_increase_factor=1.200000
rprop_decrease_factor=0.500000
rprop_delta_min=0.000000
rprop_delta_max=50.000000
rprop_delta_zero=0.100000
cascade_output_stagnation_epochs=12
cascade_candidate_change_fraction=0.010000
cascade_candidate_stagnation_epochs=12
cascade_max_out_epochs=150
cascade_min_out_epochs=50
cascade_max_cand_epochs=150
cascade_min_cand_epochs=50
cascade_num_candidate_groups=2
bit_fail_limit=1.00000000000000005551e-01
cascade_candidate_limit=1.00000000000000000000e+03
cascade_weight_multiplier=4.00000000000000022204e-01
cascade_activation_functions_count=10
cascade_activation_functions=3 5 7 8 10 11 14 15 16 17 
cascade_activation_steepnesses_count=4
cascade_activation_steepnesses=2.50000000000000000000e-01 5.00000000000000000000e-01 7.50000000000000000000e-01 1.00000000000000000000e+00 
layer_sizes=9 4 2 
scale_included=0
neurons (num_inputs, activation_function, activation_steepness)=(0, 0, 0.00000000000000000000e+00) (0, 0, 0.00000000000000000000e+00) (0, 0, 0.00000000000000000000e+00) (0, 0, 0.00000000000000000000e+00) (0, 0, 0.00000000000000000000e+00) (0, 0, 0.00000000000000000000e+00) (0, 0, 0.00000000000000000000e+00) (0, 0, 0.00000000000000000000e+00) (0, 0, 0.00000000000000000000e+00) (9, 6, 5.00000000000000000000e-01) (9, 6, 5.00000000000000000000e-01) (9, 6, 5.00000000000000000000e-01) (0, 6, 0.00000000000000000000e+00) (4, 4, 5.00000000000000000000e-01) (0, 4, 0.00000000000000000000e+00) 
connections (connected_to_neuron, weight)=(0, 5.50416304785027499236e+00) (1, -2.99432952361945625697e+00) (2, -1.86995145319892808189e+00) (3, -1.49754850208290823943e+00) (4, -1.20768582189069695332e+00) (5, -7.58137044583642283335e-01) (6, -7.29541400284259400344e-01) (7, 1.65335609993130017159e+00) (8, 2.92821655407822012407e+00) (0, 4.36110285800960184588e+00) (1, -2.60000189193634545504e+00) (2, -1.42147407894255284333e+00) (3, -1.70039128886170587407e+00) (4, -2.46176290174496203988e+00) (5, -6.16633140568816462412e-01) (6, -7.02663598128186905889e-01) (7, 1.56612435212522793648e+00) (8, 2.86172157148729544573e+00) (0, 5.52007657903447146452e+00) (1, -2.95064609902743812953e+00) (2, -1.87089104591800614585e+00) (3, -1.45670258284383558056e+00) (4, -1.20545465612398094990e+00) (5, -6.69491716747367182627e-01) (6, -7.81012108386247239089e-01) (7, 1.64214083036571789620e+00) (8, 2.87615354344522833330e+00) (9, -2.85054962343466433694e+00) (10, -2.89775395399820956399e+00) (11, -2.88923317200434359719e+00) (12, -1.40366203573943315597e+00) 
