FANN_FLO_2.1
num_layers=3
learning_rate=0.700000
connection_rate=1.000000
network_type=0
learning_momentum=0.000000
training_algorithm=2
train_error_function=1
train_stop_function=1
cascade_output_change_fraction=0.010000
quickprop_decay=-0.000100
quickprop_mu=1.750000
rprop_increase_factor=1.200000
rprop_decrease_factor=0.500000
rprop_delta_min=0.000000
rprop_delta_max=50.000000
rprop_delta_zero=0.100000
cascade_output_stagnation_epochs=12
cascade_candidate_change_fraction=0.010000
cascade_candidate_stagnation_epochs=12
cascade_max_out_epochs=150
cascade_min_out_epochs=50
cascade_max_cand_epochs=150
cascade_min_cand_epochs=50
cascade_num_candidate_groups=2
bit_fail_limit=1.00000000000000005551e-01
cascade_candidate_limit=1.00000000000000000000e+03
cascade_weight_multiplier=4.00000000000000022204e-01
cascade_activation_functions_count=10
cascade_activation_functions=3 5 7 8 10 11 14 15 16 17 
cascade_activation_steepnesses_count=4
cascade_activation_steepnesses=2.50000000000000000000e-01 5.00000000000000000000e-01 7.50000000000000000000e-01 1.00000000000000000000e+00 
layer_sizes=9 4 2 
scale_included=0
neurons (num_inputs, activation_function, activation_steepness)=(0, 0, 0.00000000000000000000e+00) (0, 0, 0.00000000000000000000e+00) (0, 0, 0.00000000000000000000e+00) (0, 0, 0.00000000000000000000e+00) (0, 0, 0.00000000000000000000e+00) (0, 0, 0.00000000000000000000e+00) (0, 0, 0.00000000000000000000e+00) (0, 0, 0.00000000000000000000e+00) (0, 0, 0.00000000000000000000e+00) (9, 6, 5.00000000000000000000e-01) (9, 6, 5.00000000000000000000e-01) (9, 6, 5.00000000000000000000e-01) (0, 6, 0.00000000000000000000e+00) (4, 4, 5.00000000000000000000e-01) (0, 4, 0.00000000000000000000e+00) 
connections (connected_to_neuron, weight)=(0, -2.99765763177538779871e-01) (1, 1.74104371072161470124e+01) (2, -2.27449498736457034198e+00) (3, -7.00484636205111321772e+00) (4, -2.07238783522396152748e+00) (5, 2.52740813963125702912e+02) (6, 6.22024905743942611025e+01) (7, -1.32649026737829274225e+01) (8, 1.19657542663228095847e+01) (0, -3.59646677903478317884e-01) (1, 1.38483735105826455403e+00) (2, 5.92284747077081608069e+00) (3, -6.40193445057028842626e+00) (4, 2.01908431224252860048e+00) (5, 9.74693034598045210393e-02) (6, 8.28368890436543603428e-01) (7, 2.83020036879662884033e+00) (8, -1.37065698954869930049e+00) (0, 2.84529687697455768713e+00) (1, 2.75007818904124556880e+00) (2, 1.87781861730754706663e+00) (3, 4.17866550922437784976e+00) (4, 4.45077117230905638934e+00) (5, -2.15082621247591997127e-02) (6, -2.34359551570268963283e-02) (7, 2.28908854023687569068e+00) (8, -5.42971326962145983686e+00) (9, -4.41087216104659241012e+00) (10, 4.90984975509770560365e+00) (11, 8.57331908554378969711e+01) (12, -1.34223254893592014447e+00) 
