FANN_FLO_2.1
num_layers=3
learning_rate=0.700000
connection_rate=1.000000
network_type=0
learning_momentum=0.000000
training_algorithm=2
train_error_function=1
train_stop_function=1
cascade_output_change_fraction=0.010000
quickprop_decay=-0.000100
quickprop_mu=1.750000
rprop_increase_factor=1.200000
rprop_decrease_factor=0.500000
rprop_delta_min=0.000000
rprop_delta_max=50.000000
rprop_delta_zero=0.100000
cascade_output_stagnation_epochs=12
cascade_candidate_change_fraction=0.010000
cascade_candidate_stagnation_epochs=12
cascade_max_out_epochs=150
cascade_min_out_epochs=50
cascade_max_cand_epochs=150
cascade_min_cand_epochs=50
cascade_num_candidate_groups=2
bit_fail_limit=1.00000000000000005551e-01
cascade_candidate_limit=1.00000000000000000000e+03
cascade_weight_multiplier=4.00000000000000022204e-01
cascade_activation_functions_count=10
cascade_activation_functions=3 5 7 8 10 11 14 15 16 17 
cascade_activation_steepnesses_count=4
cascade_activation_steepnesses=2.50000000000000000000e-01 5.00000000000000000000e-01 7.50000000000000000000e-01 1.00000000000000000000e+00 
layer_sizes=7 4 2 
scale_included=0
neurons (num_inputs, activation_function, activation_steepness)=(0, 0, 0.00000000000000000000e+00) (0, 0, 0.00000000000000000000e+00) (0, 0, 0.00000000000000000000e+00) (0, 0, 0.00000000000000000000e+00) (0, 0, 0.00000000000000000000e+00) (0, 0, 0.00000000000000000000e+00) (0, 0, 0.00000000000000000000e+00) (7, 6, 5.00000000000000000000e-01) (7, 6, 5.00000000000000000000e-01) (7, 6, 5.00000000000000000000e-01) (0, 6, 0.00000000000000000000e+00) (4, 4, 5.00000000000000000000e-01) (0, 4, 0.00000000000000000000e+00) 
connections (connected_to_neuron, weight)=(0, -2.72182035693173851598e+00) (1, -1.70359985288767701306e+00) (2, -1.53655157213809556715e+00) (3, -1.54987490715293496635e+00) (4, -3.60475847907424595817e+00) (5, 3.18826845276248382888e+00) (6, 2.77646138056080937773e+00) (0, 2.14367756508373530355e-01) (1, 1.69187909694511176895e+02) (2, 2.12122110307941813545e+00) (3, 2.37905480572130301198e+00) (4, 8.61279169208241768274e+01) (5, 3.42766939329871078712e+01) (6, -6.91950773493078208354e-01) (0, -2.68587924994975968396e-01) (1, -7.64776235906053702962e-01) (2, -1.75600548449149340691e+00) (3, -1.27351214542869728419e+00) (4, -1.03017658733962669260e+00) (5, 5.05684870615507708891e-01) (6, 5.99918183718022191009e-01) (7, -2.69903923655088711087e+01) (8, 2.51374201329867918986e+00) (9, -1.88019401646653827598e+00) (10, -1.24420791954696041692e+00) 
