FANN_FLO_2.1
num_layers=3
learning_rate=0.700000
connection_rate=1.000000
network_type=0
learning_momentum=0.000000
training_algorithm=2
train_error_function=1
train_stop_function=1
cascade_output_change_fraction=0.010000
quickprop_decay=-0.000100
quickprop_mu=1.750000
rprop_increase_factor=1.200000
rprop_decrease_factor=0.500000
rprop_delta_min=0.000000
rprop_delta_max=50.000000
rprop_delta_zero=0.100000
cascade_output_stagnation_epochs=12
cascade_candidate_change_fraction=0.010000
cascade_candidate_stagnation_epochs=12
cascade_max_out_epochs=150
cascade_min_out_epochs=50
cascade_max_cand_epochs=150
cascade_min_cand_epochs=50
cascade_num_candidate_groups=2
bit_fail_limit=1.00000000000000005551e-01
cascade_candidate_limit=1.00000000000000000000e+03
cascade_weight_multiplier=4.00000000000000022204e-01
cascade_activation_functions_count=10
cascade_activation_functions=3 5 7 8 10 11 14 15 16 17 
cascade_activation_steepnesses_count=4
cascade_activation_steepnesses=2.50000000000000000000e-01 5.00000000000000000000e-01 7.50000000000000000000e-01 1.00000000000000000000e+00 
layer_sizes=10 4 2 
scale_included=0
neurons (num_inputs, activation_function, activation_steepness)=(0, 0, 0.00000000000000000000e+00) (0, 0, 0.00000000000000000000e+00) (0, 0, 0.00000000000000000000e+00) (0, 0, 0.00000000000000000000e+00) (0, 0, 0.00000000000000000000e+00) (0, 0, 0.00000000000000000000e+00) (0, 0, 0.00000000000000000000e+00) (0, 0, 0.00000000000000000000e+00) (0, 0, 0.00000000000000000000e+00) (0, 0, 0.00000000000000000000e+00) (10, 6, 5.00000000000000000000e-01) (10, 6, 5.00000000000000000000e-01) (10, 6, 5.00000000000000000000e-01) (0, 6, 0.00000000000000000000e+00) (4, 4, 5.00000000000000000000e-01) (0, 4, 0.00000000000000000000e+00) 
connections (connected_to_neuron, weight)=(0, 1.25755257536728493051e+00) (1, -2.37027946200962569279e+00) (2, 6.24352885173595995028e-01) (3, 6.84076053672622141910e-01) (4, 5.19104523347653001863e-01) (5, 5.85344334827698320467e-01) (6, 6.38904271410740465242e-01) (7, 6.17049572752750963289e-01) (8, 8.99082108689591708028e-01) (9, 1.03233689750556689724e+00) (0, 1.13287104298431984262e+00) (1, -2.30032603529091383976e+00) (2, 6.75318805264271349031e-01) (3, 5.52708482020686564518e-01) (4, 5.34576697038449011323e-01) (5, 5.98173459755219072420e-01) (6, 6.67515067147053331453e-01) (7, 5.53432916985787004549e-01) (8, 9.40464317156121554220e-01) (9, 1.07251167978172023965e+00) (0, -9.90935516202255173290e-01) (1, 2.25131883887724626447e+00) (2, 1.47198455828808777435e-01) (3, -3.48932391758859539177e-01) (4, 2.97832586351861744456e-02) (5, 3.70116927210321217112e-02) (6, -3.06003592427740236936e-02) (7, 8.77625369016160755686e-02) (8, -3.15502464612347932604e-01) (9, -1.24459185530638571926e+00) (10, -3.51923958360297994830e+00) (11, -3.51223920433862524249e+00) (12, 8.31758301817758294305e+00) (13, -8.71117484414383080882e-01) 
