FANN_FLO_2.1
num_layers=3
learning_rate=0.700000
connection_rate=1.000000
network_type=0
learning_momentum=0.000000
training_algorithm=2
train_error_function=1
train_stop_function=1
cascade_output_change_fraction=0.010000
quickprop_decay=-0.000100
quickprop_mu=1.750000
rprop_increase_factor=1.200000
rprop_decrease_factor=0.500000
rprop_delta_min=0.000000
rprop_delta_max=50.000000
rprop_delta_zero=0.100000
cascade_output_stagnation_epochs=12
cascade_candidate_change_fraction=0.010000
cascade_candidate_stagnation_epochs=12
cascade_max_out_epochs=150
cascade_min_out_epochs=50
cascade_max_cand_epochs=150
cascade_min_cand_epochs=50
cascade_num_candidate_groups=2
bit_fail_limit=1.00000000000000005551e-01
cascade_candidate_limit=1.00000000000000000000e+03
cascade_weight_multiplier=4.00000000000000022204e-01
cascade_activation_functions_count=10
cascade_activation_functions=3 5 7 8 10 11 14 15 16 17 
cascade_activation_steepnesses_count=4
cascade_activation_steepnesses=2.50000000000000000000e-01 5.00000000000000000000e-01 7.50000000000000000000e-01 1.00000000000000000000e+00 
layer_sizes=10 4 2 
scale_included=0
neurons (num_inputs, activation_function, activation_steepness)=(0, 0, 0.00000000000000000000e+00) (0, 0, 0.00000000000000000000e+00) (0, 0, 0.00000000000000000000e+00) (0, 0, 0.00000000000000000000e+00) (0, 0, 0.00000000000000000000e+00) (0, 0, 0.00000000000000000000e+00) (0, 0, 0.00000000000000000000e+00) (0, 0, 0.00000000000000000000e+00) (0, 0, 0.00000000000000000000e+00) (0, 0, 0.00000000000000000000e+00) (10, 6, 5.00000000000000000000e-01) (10, 6, 5.00000000000000000000e-01) (10, 6, 5.00000000000000000000e-01) (0, 6, 0.00000000000000000000e+00) (4, 4, 5.00000000000000000000e-01) (0, 4, 0.00000000000000000000e+00) 
connections (connected_to_neuron, weight)=(0, 1.01667964831215296151e+00) (1, -1.56179474160311237974e+00) (2, 2.02065163286268029141e-01) (3, 3.92150467267456614984e-01) (4, 4.77689577272358500970e-01) (5, 7.60254175586597469305e-01) (6, 3.00542730760260612399e-01) (7, 5.41230118934271087205e-01) (8, 9.36037743016033374488e-01) (9, 5.36005719264606828034e-01) (0, -9.62403472065623932785e-01) (1, 2.30175496525886824628e+00) (2, 1.59977098800499317743e-01) (3, 1.49803825887943088679e-02) (4, -1.37784525398573248767e-01) (5, -3.40525908038196045702e-01) (6, -7.67291283144719282738e-02) (7, -3.27487010790515453706e-01) (8, -6.37559516894051214742e-01) (9, -3.20242589965186730261e-01) (0, -1.04849945589869886220e+00) (1, 2.32116462004307155809e+00) (2, 2.12863012351352659524e-01) (3, 6.19072696241638464887e-02) (4, -1.27258951161465377888e-01) (5, -2.54611675009307703021e-01) (6, 2.06868081257571348464e-02) (7, -3.24462195720160551105e-01) (8, -6.69865218269059203848e-01) (9, -3.65419497146926897102e-01) (10, -2.48539177585862631759e+01) (11, 1.05326014468908679689e+00) (12, 3.83858970071990723838e+00) (13, -2.09134051510076623970e+00) 
