FANN_FLO_2.1
num_layers=3
learning_rate=0.700000
connection_rate=1.000000
network_type=0
learning_momentum=0.000000
training_algorithm=2
train_error_function=1
train_stop_function=1
cascade_output_change_fraction=0.010000
quickprop_decay=-0.000100
quickprop_mu=1.750000
rprop_increase_factor=1.200000
rprop_decrease_factor=0.500000
rprop_delta_min=0.000000
rprop_delta_max=50.000000
rprop_delta_zero=0.100000
cascade_output_stagnation_epochs=12
cascade_candidate_change_fraction=0.010000
cascade_candidate_stagnation_epochs=12
cascade_max_out_epochs=150
cascade_min_out_epochs=50
cascade_max_cand_epochs=150
cascade_min_cand_epochs=50
cascade_num_candidate_groups=2
bit_fail_limit=1.00000000000000005551e-01
cascade_candidate_limit=1.00000000000000000000e+03
cascade_weight_multiplier=4.00000000000000022204e-01
cascade_activation_functions_count=10
cascade_activation_functions=3 5 7 8 10 11 14 15 16 17 
cascade_activation_steepnesses_count=4
cascade_activation_steepnesses=2.50000000000000000000e-01 5.00000000000000000000e-01 7.50000000000000000000e-01 1.00000000000000000000e+00 
layer_sizes=11 4 2 
scale_included=0
neurons (num_inputs, activation_function, activation_steepness)=(0, 0, 0.00000000000000000000e+00) (0, 0, 0.00000000000000000000e+00) (0, 0, 0.00000000000000000000e+00) (0, 0, 0.00000000000000000000e+00) (0, 0, 0.00000000000000000000e+00) (0, 0, 0.00000000000000000000e+00) (0, 0, 0.00000000000000000000e+00) (0, 0, 0.00000000000000000000e+00) (0, 0, 0.00000000000000000000e+00) (0, 0, 0.00000000000000000000e+00) (0, 0, 0.00000000000000000000e+00) (11, 6, 5.00000000000000000000e-01) (11, 6, 5.00000000000000000000e-01) (11, 6, 5.00000000000000000000e-01) (0, 6, 0.00000000000000000000e+00) (4, 4, 5.00000000000000000000e-01) (0, 4, 0.00000000000000000000e+00) 
connections (connected_to_neuron, weight)=(0, -4.70252037659739829945e-01) (1, 1.21000761217332675201e+00) (2, 1.68846323539110138023e-01) (3, 8.54178818870033218502e-01) (4, -1.30019325428737536621e-01) (5, 1.36153794191756083443e+00) (6, 1.01662936244787083240e+00) (7, -1.65931882455895185480e-01) (8, 1.07517725652910067780e+00) (9, 3.91888186948271322052e-01) (10, -4.80871389713475705374e-01) (0, -2.99085973386268566543e+00) (1, 2.20802185293291719503e+00) (2, 9.60000176557091577934e-01) (3, 2.24328319183077917742e+00) (4, 1.12031674555884246114e-02) (5, 2.45471140779488594674e+00) (6, 2.15851683066956567814e+00) (7, 1.67568314339475832320e-01) (8, 2.22265574845601543430e+00) (9, -1.71726164545499965230e-02) (10, -2.73333265206012798743e+00) (0, -5.87840513006305132038e-01) (1, 1.17487876540876223785e+00) (2, 1.55246532906385403816e-01) (3, 9.55640728581393927854e-01) (4, -8.74272022779120638880e-02) (5, 1.30725272856631113960e+00) (6, 9.77786274595869198123e-01) (7, -2.99992399409363452722e-01) (8, 1.08995677209354235870e+00) (9, 3.00206520276041555206e-01) (10, -4.10647201445291043509e-01) (11, 4.64886493231420450112e-01) (12, 1.57961949080334491669e+01) (13, 4.59250613297586374184e-01) (14, -1.22943481465302584255e+00) 
