FANN_FLO_2.1
num_layers=3
learning_rate=0.700000
connection_rate=1.000000
network_type=0
learning_momentum=0.000000
training_algorithm=2
train_error_function=1
train_stop_function=1
cascade_output_change_fraction=0.010000
quickprop_decay=-0.000100
quickprop_mu=1.750000
rprop_increase_factor=1.200000
rprop_decrease_factor=0.500000
rprop_delta_min=0.000000
rprop_delta_max=50.000000
rprop_delta_zero=0.100000
cascade_output_stagnation_epochs=12
cascade_candidate_change_fraction=0.010000
cascade_candidate_stagnation_epochs=12
cascade_max_out_epochs=150
cascade_min_out_epochs=50
cascade_max_cand_epochs=150
cascade_min_cand_epochs=50
cascade_num_candidate_groups=2
bit_fail_limit=1.00000000000000005551e-01
cascade_candidate_limit=1.00000000000000000000e+03
cascade_weight_multiplier=4.00000000000000022204e-01
cascade_activation_functions_count=10
cascade_activation_functions=3 5 7 8 10 11 14 15 16 17 
cascade_activation_steepnesses_count=4
cascade_activation_steepnesses=2.50000000000000000000e-01 5.00000000000000000000e-01 7.50000000000000000000e-01 1.00000000000000000000e+00 
layer_sizes=10 4 2 
scale_included=0
neurons (num_inputs, activation_function, activation_steepness)=(0, 0, 0.00000000000000000000e+00) (0, 0, 0.00000000000000000000e+00) (0, 0, 0.00000000000000000000e+00) (0, 0, 0.00000000000000000000e+00) (0, 0, 0.00000000000000000000e+00) (0, 0, 0.00000000000000000000e+00) (0, 0, 0.00000000000000000000e+00) (0, 0, 0.00000000000000000000e+00) (0, 0, 0.00000000000000000000e+00) (0, 0, 0.00000000000000000000e+00) (10, 6, 5.00000000000000000000e-01) (10, 6, 5.00000000000000000000e-01) (10, 6, 5.00000000000000000000e-01) (0, 6, 0.00000000000000000000e+00) (4, 4, 5.00000000000000000000e-01) (0, 4, 0.00000000000000000000e+00) 
connections (connected_to_neuron, weight)=(0, 1.57615735097670128795e+00) (1, -4.68416600146019401762e+00) (2, 2.73573894789710780895e-01) (3, 4.38987816038625577875e-01) (4, 8.59325072668096989759e-01) (5, 8.48562008641264409192e-01) (6, 1.56390937878632119151e+00) (7, 1.24898280249884718884e+00) (8, 1.61242973520302346202e+00) (9, 1.21872912393859023084e+00) (0, -2.31209702459814625541e+00) (1, 4.80077666260921898100e+00) (2, 1.72592322555171623355e-01) (3, -6.06661396712205036597e-02) (4, -4.13837839693444120570e-01) (5, -4.48722124875204908534e-01) (6, -1.16700403606463432027e+00) (7, -8.10818611750029671903e-01) (8, -1.08256206130553267464e+00) (9, -7.81570944109582055326e-01) (0, -2.82434903428353423216e-01) (1, 7.60549152976851550179e-01) (2, -1.51193366573515453055e-03) (3, 2.09822322089212920382e-01) (4, -2.77885058681043919937e-02) (5, 4.82391482432809742820e-02) (6, -1.85874194249905727583e-01) (7, -1.12702203280119150897e-01) (8, -2.44518496439255855757e-01) (9, 1.05555339737745834672e-01) (10, -2.47336522904875355522e+00) (11, 4.79129061319553795073e+00) (12, 1.09122591985779199275e-01) (13, -8.39999935695551980253e-01) 
