FANN_FLO_2.1
num_layers=3
learning_rate=0.700000
connection_rate=1.000000
network_type=0
learning_momentum=0.000000
training_algorithm=2
train_error_function=1
train_stop_function=1
cascade_output_change_fraction=0.010000
quickprop_decay=-0.000100
quickprop_mu=1.750000
rprop_increase_factor=1.200000
rprop_decrease_factor=0.500000
rprop_delta_min=0.000000
rprop_delta_max=50.000000
rprop_delta_zero=0.100000
cascade_output_stagnation_epochs=12
cascade_candidate_change_fraction=0.010000
cascade_candidate_stagnation_epochs=12
cascade_max_out_epochs=150
cascade_min_out_epochs=50
cascade_max_cand_epochs=150
cascade_min_cand_epochs=50
cascade_num_candidate_groups=2
bit_fail_limit=1.00000000000000005551e-01
cascade_candidate_limit=1.00000000000000000000e+03
cascade_weight_multiplier=4.00000000000000022204e-01
cascade_activation_functions_count=10
cascade_activation_functions=3 5 7 8 10 11 14 15 16 17 
cascade_activation_steepnesses_count=4
cascade_activation_steepnesses=2.50000000000000000000e-01 5.00000000000000000000e-01 7.50000000000000000000e-01 1.00000000000000000000e+00 
layer_sizes=9 4 2 
scale_included=0
neurons (num_inputs, activation_function, activation_steepness)=(0, 0, 0.00000000000000000000e+00) (0, 0, 0.00000000000000000000e+00) (0, 0, 0.00000000000000000000e+00) (0, 0, 0.00000000000000000000e+00) (0, 0, 0.00000000000000000000e+00) (0, 0, 0.00000000000000000000e+00) (0, 0, 0.00000000000000000000e+00) (0, 0, 0.00000000000000000000e+00) (0, 0, 0.00000000000000000000e+00) (9, 6, 5.00000000000000000000e-01) (9, 6, 5.00000000000000000000e-01) (9, 6, 5.00000000000000000000e-01) (0, 6, 0.00000000000000000000e+00) (4, 4, 5.00000000000000000000e-01) (0, 4, 0.00000000000000000000e+00) 
connections (connected_to_neuron, weight)=(0, -1.11605186591393721329e+01) (1, -2.84028602014002540255e-01) (2, -9.57143650714277899327e-02) (3, 5.43551954833311534721e-01) (4, 2.69958146922340302964e+00) (5, 9.46764531435413658755e+00) (6, 6.01969480392271094615e+00) (7, -1.66582208363768380366e+00) (8, 3.92515960359694560111e+00) (0, -2.63876016996007800586e+00) (1, 3.14598951604878340760e+00) (2, 1.91694954591227961771e+00) (3, 2.30018333122541340785e+00) (4, 4.30576675549808651766e+00) (5, 4.62346507237039361371e+00) (6, 4.49961288452258578729e+00) (7, -1.78716963333371503531e+00) (8, -4.38366033752236194942e+00) (0, 2.14181965856576272955e+00) (1, 2.92874805220663647631e+00) (2, 2.10633225187732975314e+00) (3, 1.63718408867115416960e+00) (4, 3.77286550348387228482e+00) (5, -1.05084011991132220132e+00) (6, -1.36333772670973352170e+00) (7, 2.64226810562030323126e+00) (8, -3.27790188965652751207e+00) (9, -1.84507525838546513341e+01) (10, 1.28328268071030340280e+01) (11, 2.19314731524148953667e+01) (12, -9.57721594756920979741e-01) 
