FANN_FLO_2.1
num_layers=3
learning_rate=0.700000
connection_rate=1.000000
network_type=0
learning_momentum=0.000000
training_algorithm=2
train_error_function=1
train_stop_function=1
cascade_output_change_fraction=0.010000
quickprop_decay=-0.000100
quickprop_mu=1.750000
rprop_increase_factor=1.200000
rprop_decrease_factor=0.500000
rprop_delta_min=0.000000
rprop_delta_max=50.000000
rprop_delta_zero=0.100000
cascade_output_stagnation_epochs=12
cascade_candidate_change_fraction=0.010000
cascade_candidate_stagnation_epochs=12
cascade_max_out_epochs=150
cascade_min_out_epochs=50
cascade_max_cand_epochs=150
cascade_min_cand_epochs=50
cascade_num_candidate_groups=2
bit_fail_limit=1.00000000000000005551e-01
cascade_candidate_limit=1.00000000000000000000e+03
cascade_weight_multiplier=4.00000000000000022204e-01
cascade_activation_functions_count=10
cascade_activation_functions=3 5 7 8 10 11 14 15 16 17 
cascade_activation_steepnesses_count=4
cascade_activation_steepnesses=2.50000000000000000000e-01 5.00000000000000000000e-01 7.50000000000000000000e-01 1.00000000000000000000e+00 
layer_sizes=14 4 2 
scale_included=0
neurons (num_inputs, activation_function, activation_steepness)=(0, 0, 0.00000000000000000000e+00) (0, 0, 0.00000000000000000000e+00) (0, 0, 0.00000000000000000000e+00) (0, 0, 0.00000000000000000000e+00) (0, 0, 0.00000000000000000000e+00) (0, 0, 0.00000000000000000000e+00) (0, 0, 0.00000000000000000000e+00) (0, 0, 0.00000000000000000000e+00) (0, 0, 0.00000000000000000000e+00) (0, 0, 0.00000000000000000000e+00) (0, 0, 0.00000000000000000000e+00) (0, 0, 0.00000000000000000000e+00) (0, 0, 0.00000000000000000000e+00) (0, 0, 0.00000000000000000000e+00) (14, 6, 5.00000000000000000000e-01) (14, 6, 5.00000000000000000000e-01) (14, 6, 5.00000000000000000000e-01) (0, 6, 0.00000000000000000000e+00) (4, 4, 5.00000000000000000000e-01) (0, 4, 0.00000000000000000000e+00) 
connections (connected_to_neuron, weight)=(0, -2.24142016881394079419e+00) (1, 2.08140023238283511375e+00) (2, 5.48977265490694033012e-01) (3, 5.95248898119225877679e-01) (4, 7.99799894795456767227e-01) (5, 5.18330277779354542389e+00) (6, -1.57819672008933042928e-01) (7, 1.98157695832569435979e+00) (8, 2.27733893565043254981e+00) (9, 2.00469491343048700216e+00) (10, 3.21710289114756875506e+00) (11, 3.35076029141162035074e+00) (12, -2.49923090572872164117e+00) (13, -2.33099984085009293011e+00) (0, -2.15238113347401061048e+00) (1, 1.95822789686240894547e+00) (2, 6.24990915652820611115e-01) (3, 1.42962953118467761549e+00) (4, 1.33726055957772183014e+00) (5, 1.26495557452717255487e+00) (6, 1.40781179657120336657e+00) (7, 1.98508111504748496756e+00) (8, 2.71666705746985348569e+00) (9, 1.97478755864684196730e+00) (10, 4.81395127749361217973e-01) (11, 1.97185975207163632916e+00) (12, -1.29591938502597670002e+00) (13, -2.33375200477345678962e+00) (0, -6.72229496678986987446e-02) (1, 1.07104158888546588391e-01) (2, 1.68748448678056300887e-01) (3, 3.21002110404852769587e-01) (4, 4.20422405459609349609e-01) (5, 6.40410755247604268625e-01) (6, -2.01116859961725444328e-02) (7, 1.41688199035672705156e-02) (8, 3.36365806348494389422e-01) (9, 6.16293350416257657010e-02) (10, 1.01421855971065691393e-01) (11, 7.78571358642645289239e-02) (12, -4.30631855647113717667e-02) (13, -7.65336105993878745846e-02) (14, 6.29267988816314627343e+00) (15, 5.44375690376049945485e+01) (16, 1.83352672113712616975e-01) (17, -6.18691342725046666828e-01) 
