FANN_FLO_2.1
num_layers=3
learning_rate=0.700000
connection_rate=1.000000
network_type=0
learning_momentum=0.000000
training_algorithm=2
train_error_function=1
train_stop_function=1
cascade_output_change_fraction=0.010000
quickprop_decay=-0.000100
quickprop_mu=1.750000
rprop_increase_factor=1.200000
rprop_decrease_factor=0.500000
rprop_delta_min=0.000000
rprop_delta_max=50.000000
rprop_delta_zero=0.100000
cascade_output_stagnation_epochs=12
cascade_candidate_change_fraction=0.010000
cascade_candidate_stagnation_epochs=12
cascade_max_out_epochs=150
cascade_min_out_epochs=50
cascade_max_cand_epochs=150
cascade_min_cand_epochs=50
cascade_num_candidate_groups=2
bit_fail_limit=1.00000000000000005551e-01
cascade_candidate_limit=1.00000000000000000000e+03
cascade_weight_multiplier=4.00000000000000022204e-01
cascade_activation_functions_count=10
cascade_activation_functions=3 5 7 8 10 11 14 15 16 17 
cascade_activation_steepnesses_count=4
cascade_activation_steepnesses=2.50000000000000000000e-01 5.00000000000000000000e-01 7.50000000000000000000e-01 1.00000000000000000000e+00 
layer_sizes=7 4 2 
scale_included=0
neurons (num_inputs, activation_function, activation_steepness)=(0, 0, 0.00000000000000000000e+00) (0, 0, 0.00000000000000000000e+00) (0, 0, 0.00000000000000000000e+00) (0, 0, 0.00000000000000000000e+00) (0, 0, 0.00000000000000000000e+00) (0, 0, 0.00000000000000000000e+00) (0, 0, 0.00000000000000000000e+00) (7, 6, 5.00000000000000000000e-01) (7, 6, 5.00000000000000000000e-01) (7, 6, 5.00000000000000000000e-01) (0, 6, 0.00000000000000000000e+00) (4, 4, 5.00000000000000000000e-01) (0, 4, 0.00000000000000000000e+00) 
connections (connected_to_neuron, weight)=(0, 3.13671241087142727011e+00) (1, -1.85025390747997531271e+00) (2, -1.28088927655605377964e+00) (3, -2.01020760311717205937e+00) (4, -3.23542179833793319688e+00) (5, -2.58682530458864645695e+00) (6, 3.08263574672166651425e+00) (0, 3.11060481650058529013e+00) (1, -2.87870158922039687255e+00) (2, -1.25276655345348419957e+00) (3, -2.11741825415724926884e+00) (4, -3.22760351668738998399e+00) (5, -2.53680151786503271794e+00) (6, 3.11285520476524135702e+00) (0, 9.41734761939034381584e-01) (1, -1.38431173038645249918e+00) (2, 2.12631094756459172734e-02) (3, -4.36460119101689386634e-02) (4, -1.36465525892103411998e+00) (5, -6.07554222937854437880e-01) (6, 6.57713920875535595911e-01) (7, -4.79178319631579263671e+00) (8, -4.77206376327636583312e+00) (9, -3.70414827676197866424e+00) (10, -1.69715127566753642974e+00) 
