FANN_FLO_2.1
num_layers=3
learning_rate=0.700000
connection_rate=1.000000
network_type=0
learning_momentum=0.000000
training_algorithm=2
train_error_function=1
train_stop_function=1
cascade_output_change_fraction=0.010000
quickprop_decay=-0.000100
quickprop_mu=1.750000
rprop_increase_factor=1.200000
rprop_decrease_factor=0.500000
rprop_delta_min=0.000000
rprop_delta_max=50.000000
rprop_delta_zero=0.100000
cascade_output_stagnation_epochs=12
cascade_candidate_change_fraction=0.010000
cascade_candidate_stagnation_epochs=12
cascade_max_out_epochs=150
cascade_min_out_epochs=50
cascade_max_cand_epochs=150
cascade_min_cand_epochs=50
cascade_num_candidate_groups=2
bit_fail_limit=1.00000000000000005551e-01
cascade_candidate_limit=1.00000000000000000000e+03
cascade_weight_multiplier=4.00000000000000022204e-01
cascade_activation_functions_count=10
cascade_activation_functions=3 5 7 8 10 11 14 15 16 17 
cascade_activation_steepnesses_count=4
cascade_activation_steepnesses=2.50000000000000000000e-01 5.00000000000000000000e-01 7.50000000000000000000e-01 1.00000000000000000000e+00 
layer_sizes=11 4 2 
scale_included=0
neurons (num_inputs, activation_function, activation_steepness)=(0, 0, 0.00000000000000000000e+00) (0, 0, 0.00000000000000000000e+00) (0, 0, 0.00000000000000000000e+00) (0, 0, 0.00000000000000000000e+00) (0, 0, 0.00000000000000000000e+00) (0, 0, 0.00000000000000000000e+00) (0, 0, 0.00000000000000000000e+00) (0, 0, 0.00000000000000000000e+00) (0, 0, 0.00000000000000000000e+00) (0, 0, 0.00000000000000000000e+00) (0, 0, 0.00000000000000000000e+00) (11, 6, 5.00000000000000000000e-01) (11, 6, 5.00000000000000000000e-01) (11, 6, 5.00000000000000000000e-01) (0, 6, 0.00000000000000000000e+00) (4, 4, 5.00000000000000000000e-01) (0, 4, 0.00000000000000000000e+00) 
connections (connected_to_neuron, weight)=(0, -3.75489084529908900834e+00) (1, 4.26362758139056285955e+00) (2, -6.60601059055826334010e-01) (3, 1.64079395000779126867e+00) (4, -7.50459953106172061865e+00) (5, -9.57360581448118641568e-01) (6, 4.79670236569960550810e+00) (7, 1.21603120899475358740e+00) (8, 1.80873727057928312956e-01) (9, 4.24808875493821691549e+00) (10, -5.20702608411524492382e-01) (0, 1.56964766762339536399e+02) (1, -8.47315901243204905313e+00) (2, 1.45697776359539177271e+00) (3, 2.34286695671447997569e+00) (4, 1.79685143155476936272e+01) (5, 1.87737730717435589156e+01) (6, 1.98387204013771079048e+00) (7, 9.67631352198450542801e+01) (8, 1.14568434647291250705e+00) (9, -8.54408741467709376138e+00) (10, 1.15165422017114753572e+01) (0, 8.45015658326008178847e+00) (1, 4.16089794698925041772e-02) (2, 7.40142446621333993662e-01) (3, -5.02410700022875111870e+00) (4, -1.87515164147887318791e+01) (5, 6.66736279292976186106e-01) (6, 4.00744538216569745614e-01) (7, -6.12588469903707988351e+00) (8, -8.36994179690328743426e-01) (9, 4.27461873382540338828e-02) (10, 3.25044184088129028964e+00) (11, 6.21668787420770563301e+00) (12, -1.83104408786701422507e+00) (13, -6.36204328164045929128e+00) (14, -1.71022711203502875144e+00) 
