FANN_FLO_2.1
num_layers=3
learning_rate=0.700000
connection_rate=1.000000
network_type=0
learning_momentum=0.000000
training_algorithm=2
train_error_function=1
train_stop_function=1
cascade_output_change_fraction=0.010000
quickprop_decay=-0.000100
quickprop_mu=1.750000
rprop_increase_factor=1.200000
rprop_decrease_factor=0.500000
rprop_delta_min=0.000000
rprop_delta_max=50.000000
rprop_delta_zero=0.100000
cascade_output_stagnation_epochs=12
cascade_candidate_change_fraction=0.010000
cascade_candidate_stagnation_epochs=12
cascade_max_out_epochs=150
cascade_min_out_epochs=50
cascade_max_cand_epochs=150
cascade_min_cand_epochs=50
cascade_num_candidate_groups=2
bit_fail_limit=1.00000000000000005551e-01
cascade_candidate_limit=1.00000000000000000000e+03
cascade_weight_multiplier=4.00000000000000022204e-01
cascade_activation_functions_count=10
cascade_activation_functions=3 5 7 8 10 11 14 15 16 17 
cascade_activation_steepnesses_count=4
cascade_activation_steepnesses=2.50000000000000000000e-01 5.00000000000000000000e-01 7.50000000000000000000e-01 1.00000000000000000000e+00 
layer_sizes=10 4 2 
scale_included=0
neurons (num_inputs, activation_function, activation_steepness)=(0, 0, 0.00000000000000000000e+00) (0, 0, 0.00000000000000000000e+00) (0, 0, 0.00000000000000000000e+00) (0, 0, 0.00000000000000000000e+00) (0, 0, 0.00000000000000000000e+00) (0, 0, 0.00000000000000000000e+00) (0, 0, 0.00000000000000000000e+00) (0, 0, 0.00000000000000000000e+00) (0, 0, 0.00000000000000000000e+00) (0, 0, 0.00000000000000000000e+00) (10, 6, 5.00000000000000000000e-01) (10, 6, 5.00000000000000000000e-01) (10, 6, 5.00000000000000000000e-01) (0, 6, 0.00000000000000000000e+00) (4, 4, 5.00000000000000000000e-01) (0, 4, 0.00000000000000000000e+00) 
connections (connected_to_neuron, weight)=(0, -1.88273686549126573198e+00) (1, 1.85884198633828789937e+00) (2, 1.18878748304519632484e+00) (3, 1.00103961541085229037e+00) (4, 2.65747398965606562715e-01) (5, 4.87281879064835554694e-01) (6, 7.38776511577570405009e-01) (7, 2.09578619234809720995e-01) (8, -1.11560186047752252225e-01) (9, -1.45563576748915934900e+00) (0, -6.40460945247215307496e-01) (1, 1.10653553002739113431e+00) (2, 1.79124820386219485435e+00) (3, 2.28588960617202380243e-01) (4, 4.76845567871271691640e-01) (5, 5.70036845305543216078e-01) (6, 5.72200256818766406219e-01) (7, -8.98941168006034407867e-02) (8, 3.68066342372833754659e-01) (9, -2.76830530537815533432e-01) (0, -6.74929789643662392251e+00) (1, 4.73296359353923090652e+00) (2, 3.28459301630433619934e+00) (3, 2.60319059041912614916e+00) (4, 4.82414761112762505157e-02) (5, 7.71361242701524285614e-01) (6, 1.06979328500262860224e+00) (7, -1.03202498528087027729e+00) (8, 9.06506329496615470553e-01) (9, -5.04699958282805472010e+00) (10, 1.36466014397387280788e+00) (11, 5.36244856217484744398e-01) (12, 5.78711463647873713967e+00) (13, -1.68402852202205433052e+00) 
