FANN_FLO_2.1
num_layers=3
learning_rate=0.700000
connection_rate=1.000000
network_type=0
learning_momentum=0.000000
training_algorithm=2
train_error_function=1
train_stop_function=1
cascade_output_change_fraction=0.010000
quickprop_decay=-0.000100
quickprop_mu=1.750000
rprop_increase_factor=1.200000
rprop_decrease_factor=0.500000
rprop_delta_min=0.000000
rprop_delta_max=50.000000
rprop_delta_zero=0.100000
cascade_output_stagnation_epochs=12
cascade_candidate_change_fraction=0.010000
cascade_candidate_stagnation_epochs=12
cascade_max_out_epochs=150
cascade_min_out_epochs=50
cascade_max_cand_epochs=150
cascade_min_cand_epochs=50
cascade_num_candidate_groups=2
bit_fail_limit=1.00000000000000005551e-01
cascade_candidate_limit=1.00000000000000000000e+03
cascade_weight_multiplier=4.00000000000000022204e-01
cascade_activation_functions_count=10
cascade_activation_functions=3 5 7 8 10 11 14 15 16 17 
cascade_activation_steepnesses_count=4
cascade_activation_steepnesses=2.50000000000000000000e-01 5.00000000000000000000e-01 7.50000000000000000000e-01 1.00000000000000000000e+00 
layer_sizes=7 4 2 
scale_included=0
neurons (num_inputs, activation_function, activation_steepness)=(0, 0, 0.00000000000000000000e+00) (0, 0, 0.00000000000000000000e+00) (0, 0, 0.00000000000000000000e+00) (0, 0, 0.00000000000000000000e+00) (0, 0, 0.00000000000000000000e+00) (0, 0, 0.00000000000000000000e+00) (0, 0, 0.00000000000000000000e+00) (7, 6, 5.00000000000000000000e-01) (7, 6, 5.00000000000000000000e-01) (7, 6, 5.00000000000000000000e-01) (0, 6, 0.00000000000000000000e+00) (4, 4, 5.00000000000000000000e-01) (0, 4, 0.00000000000000000000e+00) 
connections (connected_to_neuron, weight)=(0, -1.39093688606343790504e+00) (1, 1.90312348618078197582e+00) (2, -1.27876147283551316880e-01) (3, 2.33609675406561967392e+00) (4, -3.24507311592985125959e-01) (5, 1.73074495320355614680e+00) (6, -1.72953381372585224263e+00) (0, -1.79361381619107906893e+00) (1, 1.87025271668004955394e+00) (2, -1.41698561264512162827e-01) (3, 2.14368101178590553246e+00) (4, -2.58743655543018646892e-01) (5, 2.34758767326093664707e+00) (6, -1.82416849566593053389e+00) (0, 6.18086080044892960395e-01) (1, -1.45514366222026381159e+00) (2, 1.26242462817580447521e-01) (3, -1.41550045383203038085e-01) (4, 1.54786907119650613690e-02) (5, -1.03300299992052324605e+00) (6, 9.14028546429771382442e-01) (7, 1.09375375182400897955e+01) (8, 1.09029969991217807745e+01) (9, -4.95008261379135827696e+00) (10, -1.15285802306914386683e+00) 
