FANN_FLO_2.1
num_layers=3
learning_rate=0.700000
connection_rate=1.000000
network_type=0
learning_momentum=0.000000
training_algorithm=2
train_error_function=1
train_stop_function=1
cascade_output_change_fraction=0.010000
quickprop_decay=-0.000100
quickprop_mu=1.750000
rprop_increase_factor=1.200000
rprop_decrease_factor=0.500000
rprop_delta_min=0.000000
rprop_delta_max=50.000000
rprop_delta_zero=0.100000
cascade_output_stagnation_epochs=12
cascade_candidate_change_fraction=0.010000
cascade_candidate_stagnation_epochs=12
cascade_max_out_epochs=150
cascade_min_out_epochs=50
cascade_max_cand_epochs=150
cascade_min_cand_epochs=50
cascade_num_candidate_groups=2
bit_fail_limit=1.00000000000000005551e-01
cascade_candidate_limit=1.00000000000000000000e+03
cascade_weight_multiplier=4.00000000000000022204e-01
cascade_activation_functions_count=10
cascade_activation_functions=3 5 7 8 10 11 14 15 16 17 
cascade_activation_steepnesses_count=4
cascade_activation_steepnesses=2.50000000000000000000e-01 5.00000000000000000000e-01 7.50000000000000000000e-01 1.00000000000000000000e+00 
layer_sizes=8 4 2 
scale_included=0
neurons (num_inputs, activation_function, activation_steepness)=(0, 0, 0.00000000000000000000e+00) (0, 0, 0.00000000000000000000e+00) (0, 0, 0.00000000000000000000e+00) (0, 0, 0.00000000000000000000e+00) (0, 0, 0.00000000000000000000e+00) (0, 0, 0.00000000000000000000e+00) (0, 0, 0.00000000000000000000e+00) (0, 0, 0.00000000000000000000e+00) (8, 6, 5.00000000000000000000e-01) (8, 6, 5.00000000000000000000e-01) (8, 6, 5.00000000000000000000e-01) (0, 6, 0.00000000000000000000e+00) (4, 4, 5.00000000000000000000e-01) (0, 4, 0.00000000000000000000e+00) 
connections (connected_to_neuron, weight)=(0, -7.30140572450166502882e-01) (1, 9.55178572666827263582e-01) (2, -2.63349751085080630020e-01) (3, 3.88340927229769228290e+00) (4, 5.33176358256786997458e-01) (5, 9.50539624404727723217e-01) (6, 7.11806204858805080526e-01) (7, -8.40580655298238665907e-01) (0, 1.17614510938149052777e+01) (1, -1.15128906572715585810e+01) (2, -3.69382003828810523416e+00) (3, -1.24191874863827251829e+01) (4, 1.10608040813506969258e+00) (5, -1.14535522376124827559e+01) (6, -1.09612344973373545542e+01) (7, 1.27606978447954659828e+01) (0, 1.17035721376162129559e+01) (1, -1.14878763163940256220e+01) (2, -3.01059309097843419423e+00) (3, -1.16712120872254736526e+01) (4, 6.40814150529444015447e-01) (5, -9.75350886524130267219e+00) (6, -1.09346470259714259043e+01) (7, 1.22196431480327269981e+01) (8, 3.93460888789042506630e+00) (9, -3.57293591299035195874e+00) (10, -3.65294053056218270825e+00) (11, -1.20058774377846577686e+00) 
