FANN_FLO_2.1
num_layers=3
learning_rate=0.700000
connection_rate=1.000000
network_type=0
learning_momentum=0.000000
training_algorithm=2
train_error_function=1
train_stop_function=1
cascade_output_change_fraction=0.010000
quickprop_decay=-0.000100
quickprop_mu=1.750000
rprop_increase_factor=1.200000
rprop_decrease_factor=0.500000
rprop_delta_min=0.000000
rprop_delta_max=50.000000
rprop_delta_zero=0.100000
cascade_output_stagnation_epochs=12
cascade_candidate_change_fraction=0.010000
cascade_candidate_stagnation_epochs=12
cascade_max_out_epochs=150
cascade_min_out_epochs=50
cascade_max_cand_epochs=150
cascade_min_cand_epochs=50
cascade_num_candidate_groups=2
bit_fail_limit=1.00000000000000005551e-01
cascade_candidate_limit=1.00000000000000000000e+03
cascade_weight_multiplier=4.00000000000000022204e-01
cascade_activation_functions_count=10
cascade_activation_functions=3 5 7 8 10 11 14 15 16 17 
cascade_activation_steepnesses_count=4
cascade_activation_steepnesses=2.50000000000000000000e-01 5.00000000000000000000e-01 7.50000000000000000000e-01 1.00000000000000000000e+00 
layer_sizes=10 4 2 
scale_included=0
neurons (num_inputs, activation_function, activation_steepness)=(0, 0, 0.00000000000000000000e+00) (0, 0, 0.00000000000000000000e+00) (0, 0, 0.00000000000000000000e+00) (0, 0, 0.00000000000000000000e+00) (0, 0, 0.00000000000000000000e+00) (0, 0, 0.00000000000000000000e+00) (0, 0, 0.00000000000000000000e+00) (0, 0, 0.00000000000000000000e+00) (0, 0, 0.00000000000000000000e+00) (0, 0, 0.00000000000000000000e+00) (10, 6, 5.00000000000000000000e-01) (10, 6, 5.00000000000000000000e-01) (10, 6, 5.00000000000000000000e-01) (0, 6, 0.00000000000000000000e+00) (4, 4, 5.00000000000000000000e-01) (0, 4, 0.00000000000000000000e+00) 
connections (connected_to_neuron, weight)=(0, -2.00119760573450544694e-01) (1, 3.26109263797850490452e-01) (2, 3.14211648085319594781e-01) (3, 1.45941840534626943171e-01) (4, -3.24442470175639485763e-01) (5, -1.59913565051187589461e-01) (6, 1.70621618080804338113e-01) (7, 5.35958590096926729140e-02) (8, -1.70463774124326755688e-01) (9, -1.01028193474356139947e-01) (0, -1.86509602468131507891e+00) (1, 4.29748949439339344991e+00) (2, 3.78190558598644033239e+00) (3, 2.95436482275209710835e+00) (4, -2.82600069054252500678e+00) (5, 3.14081866984675314725e-02) (6, 7.77996577212210382868e-01) (7, 1.18602213390438970819e+00) (8, -4.60712149698235484685e-01) (9, -4.67535863132637796724e+00) (0, -9.99123302717323857891e-01) (1, 2.14850317858416373085e+00) (2, 9.84438657702444319675e-01) (3, 6.46031830818431185293e-01) (4, -1.67297382518669790485e+00) (5, -2.86645764341217745841e-01) (6, -5.48773753600626190696e-01) (7, -4.17882188367157014763e-01) (8, -5.16618391437828727852e-01) (9, -1.45217923242605539969e+00) (10, 2.96159527448772441627e-01) (11, 6.92407802781242587287e+00) (12, 4.81802457416079654706e+00) (13, -9.82879579872037001387e-01) 
