FANN_FLO_2.1
num_layers=3
learning_rate=0.700000
connection_rate=1.000000
network_type=0
learning_momentum=0.000000
training_algorithm=2
train_error_function=1
train_stop_function=1
cascade_output_change_fraction=0.010000
quickprop_decay=-0.000100
quickprop_mu=1.750000
rprop_increase_factor=1.200000
rprop_decrease_factor=0.500000
rprop_delta_min=0.000000
rprop_delta_max=50.000000
rprop_delta_zero=0.100000
cascade_output_stagnation_epochs=12
cascade_candidate_change_fraction=0.010000
cascade_candidate_stagnation_epochs=12
cascade_max_out_epochs=150
cascade_min_out_epochs=50
cascade_max_cand_epochs=150
cascade_min_cand_epochs=50
cascade_num_candidate_groups=2
bit_fail_limit=1.00000000000000005551e-01
cascade_candidate_limit=1.00000000000000000000e+03
cascade_weight_multiplier=4.00000000000000022204e-01
cascade_activation_functions_count=10
cascade_activation_functions=3 5 7 8 10 11 14 15 16 17 
cascade_activation_steepnesses_count=4
cascade_activation_steepnesses=2.50000000000000000000e-01 5.00000000000000000000e-01 7.50000000000000000000e-01 1.00000000000000000000e+00 
layer_sizes=7 4 2 
scale_included=0
neurons (num_inputs, activation_function, activation_steepness)=(0, 0, 0.00000000000000000000e+00) (0, 0, 0.00000000000000000000e+00) (0, 0, 0.00000000000000000000e+00) (0, 0, 0.00000000000000000000e+00) (0, 0, 0.00000000000000000000e+00) (0, 0, 0.00000000000000000000e+00) (0, 0, 0.00000000000000000000e+00) (7, 6, 5.00000000000000000000e-01) (7, 6, 5.00000000000000000000e-01) (7, 6, 5.00000000000000000000e-01) (0, 6, 0.00000000000000000000e+00) (4, 4, 5.00000000000000000000e-01) (0, 4, 0.00000000000000000000e+00) 
connections (connected_to_neuron, weight)=(0, -1.73317912908885407575e+00) (1, 1.56518641815574355292e+00) (2, 8.40505368827332510762e-01) (3, 1.31526843505009605195e+00) (4, 1.43055642333436661140e+00) (5, 1.11793869022525926837e+00) (6, -1.67731639439177615536e+00) (0, -2.95103015605675667032e+00) (1, 1.56858329431207366156e+00) (2, 4.94358465768525601192e-01) (3, 1.29262202915359192268e+00) (4, 1.38363189187455826179e+00) (5, 1.79500319680585218585e+00) (6, -1.65873598003697497738e+00) (0, -2.14441489719642675027e+00) (1, 1.17449025680543495120e+00) (2, 3.36637289025018215938e-01) (3, 1.36662942217692329194e+00) (4, 1.38020601060796432868e+00) (5, 1.79651624953760458148e+00) (6, -1.60419568860840899838e+00) (7, 1.02756053870664523231e+01) (8, 6.19733183576461854614e+00) (9, 4.33519864964464751722e+00) (10, -1.64159969681811435116e+00) 
