FANN_FLO_2.1
num_layers=3
learning_rate=0.700000
connection_rate=1.000000
network_type=0
learning_momentum=0.000000
training_algorithm=2
train_error_function=1
train_stop_function=1
cascade_output_change_fraction=0.010000
quickprop_decay=-0.000100
quickprop_mu=1.750000
rprop_increase_factor=1.200000
rprop_decrease_factor=0.500000
rprop_delta_min=0.000000
rprop_delta_max=50.000000
rprop_delta_zero=0.100000
cascade_output_stagnation_epochs=12
cascade_candidate_change_fraction=0.010000
cascade_candidate_stagnation_epochs=12
cascade_max_out_epochs=150
cascade_min_out_epochs=50
cascade_max_cand_epochs=150
cascade_min_cand_epochs=50
cascade_num_candidate_groups=2
bit_fail_limit=1.00000000000000005551e-01
cascade_candidate_limit=1.00000000000000000000e+03
cascade_weight_multiplier=4.00000000000000022204e-01
cascade_activation_functions_count=10
cascade_activation_functions=3 5 7 8 10 11 14 15 16 17 
cascade_activation_steepnesses_count=4
cascade_activation_steepnesses=2.50000000000000000000e-01 5.00000000000000000000e-01 7.50000000000000000000e-01 1.00000000000000000000e+00 
layer_sizes=16 4 2 
scale_included=0
neurons (num_inputs, activation_function, activation_steepness)=(0, 0, 0.00000000000000000000e+00) (0, 0, 0.00000000000000000000e+00) (0, 0, 0.00000000000000000000e+00) (0, 0, 0.00000000000000000000e+00) (0, 0, 0.00000000000000000000e+00) (0, 0, 0.00000000000000000000e+00) (0, 0, 0.00000000000000000000e+00) (0, 0, 0.00000000000000000000e+00) (0, 0, 0.00000000000000000000e+00) (0, 0, 0.00000000000000000000e+00) (0, 0, 0.00000000000000000000e+00) (0, 0, 0.00000000000000000000e+00) (0, 0, 0.00000000000000000000e+00) (0, 0, 0.00000000000000000000e+00) (0, 0, 0.00000000000000000000e+00) (0, 0, 0.00000000000000000000e+00) (16, 6, 5.00000000000000000000e-01) (16, 6, 5.00000000000000000000e-01) (16, 6, 5.00000000000000000000e-01) (0, 6, 0.00000000000000000000e+00) (4, 4, 5.00000000000000000000e-01) (0, 4, 0.00000000000000000000e+00) 
connections (connected_to_neuron, weight)=(0, -2.31232847091411874985e+00) (1, 8.64508232771094897728e-01) (2, 2.37186138178384853248e-01) (3, 4.59015501579250972952e-01) (4, 2.93979182606021405277e-01) (5, 2.39434256370297249283e-01) (6, 2.42966725642910774674e-01) (7, 8.23114426796926146324e-01) (8, 2.55765126908580664455e-01) (9, 5.18503373966701319731e-01) (10, 3.80145776237479027237e-01) (11, 8.02474995457844730851e-01) (12, 8.29196243284877398949e-01) (13, 1.30435431307829585723e-01) (14, 2.67390647793571356594e-01) (15, -6.23751713320963796505e-01) (0, -2.04399864604925385336e+00) (1, 4.13642443858789177202e-01) (2, 8.04166928186774709886e-02) (3, 7.37435110023226814135e-01) (4, 7.58859311504694600270e-02) (5, 2.33569953126782831054e-01) (6, 1.19594312740439773224e-01) (7, 1.05433148909140972371e+00) (8, 9.10427500568763009570e-02) (9, 2.43266946107771886432e-01) (10, 1.19057729376429916046e-01) (11, 4.54143709866772049555e-01) (12, 4.32873957001374931597e-01) (13, 1.09655572206346831748e-02) (14, 2.10837059196128079330e-01) (15, -2.48927202941310293793e-01) (0, -2.36156628843998239731e+00) (1, 7.66863609402116397362e-01) (2, 1.64903585459268531288e-01) (3, 6.06378095140661765861e-01) (4, 2.09116317098418713627e-01) (5, 2.57560270990362938370e-01) (6, 2.29351277615061577286e-01) (7, 7.82600918775094633872e-01) (8, 1.98639126385013492504e-01) (9, 3.58509025083072585538e-01) (10, 3.49741804565420921769e-01) (11, 8.22796707355694767472e-01) (12, 7.79320432542499164086e-01) (13, 1.87625201350725856475e-01) (14, 1.83018730843822391430e-01) (15, -6.48240244374030050167e-01) (16, 2.58343541071657689656e+01) (17, 6.76988206920743240680e-01) (18, 2.58089986638073476399e+01) (19, -6.71518741533511098751e-01) 
