FANN_FLO_2.1
num_layers=3
learning_rate=0.700000
connection_rate=1.000000
network_type=0
learning_momentum=0.000000
training_algorithm=2
train_error_function=1
train_stop_function=1
cascade_output_change_fraction=0.010000
quickprop_decay=-0.000100
quickprop_mu=1.750000
rprop_increase_factor=1.200000
rprop_decrease_factor=0.500000
rprop_delta_min=0.000000
rprop_delta_max=50.000000
rprop_delta_zero=0.100000
cascade_output_stagnation_epochs=12
cascade_candidate_change_fraction=0.010000
cascade_candidate_stagnation_epochs=12
cascade_max_out_epochs=150
cascade_min_out_epochs=50
cascade_max_cand_epochs=150
cascade_min_cand_epochs=50
cascade_num_candidate_groups=2
bit_fail_limit=1.00000000000000005551e-01
cascade_candidate_limit=1.00000000000000000000e+03
cascade_weight_multiplier=4.00000000000000022204e-01
cascade_activation_functions_count=10
cascade_activation_functions=3 5 7 8 10 11 14 15 16 17 
cascade_activation_steepnesses_count=4
cascade_activation_steepnesses=2.50000000000000000000e-01 5.00000000000000000000e-01 7.50000000000000000000e-01 1.00000000000000000000e+00 
layer_sizes=12 4 2 
scale_included=0
neurons (num_inputs, activation_function, activation_steepness)=(0, 0, 0.00000000000000000000e+00) (0, 0, 0.00000000000000000000e+00) (0, 0, 0.00000000000000000000e+00) (0, 0, 0.00000000000000000000e+00) (0, 0, 0.00000000000000000000e+00) (0, 0, 0.00000000000000000000e+00) (0, 0, 0.00000000000000000000e+00) (0, 0, 0.00000000000000000000e+00) (0, 0, 0.00000000000000000000e+00) (0, 0, 0.00000000000000000000e+00) (0, 0, 0.00000000000000000000e+00) (0, 0, 0.00000000000000000000e+00) (12, 6, 5.00000000000000000000e-01) (12, 6, 5.00000000000000000000e-01) (12, 6, 5.00000000000000000000e-01) (0, 6, 0.00000000000000000000e+00) (4, 4, 5.00000000000000000000e-01) (0, 4, 0.00000000000000000000e+00) 
connections (connected_to_neuron, weight)=(0, -1.96763842318503390239e+00) (1, 1.72314201325500127027e+00) (2, 7.61796841577395467127e-01) (3, 1.40799586617282068701e+00) (4, 9.37459109593814510220e-01) (5, 1.45358408421227647267e+00) (6, 3.20527607952987236839e-01) (7, -7.89976981947601464285e-01) (8, -1.09389453332231179061e+00) (9, 4.86526136100104811266e-01) (10, 2.61524849371683076882e+00) (11, -1.20976644819621981242e+00) (0, -1.87453664977399836467e+00) (1, 1.75575098798000928113e+00) (2, 9.43158807412489919031e-01) (3, 1.36791590057223078070e+00) (4, 8.48952574898189205044e-01) (5, 1.49578171029636575184e+00) (6, 3.09742330020104927879e-01) (7, -8.11078344950855401052e-01) (8, -1.01818459431932129000e+00) (9, 5.31399925052932209368e-01) (10, 2.58052019016515687966e+00) (11, -1.23065327918176592448e+00) (0, 3.51368239335669940715e+00) (1, -1.62496724809965908953e+00) (2, 9.26465870601894114778e-02) (3, -1.88723073971490173939e+00) (4, -3.04823323494378017884e-01) (5, -1.30985053633376136162e+00) (6, -1.93281437511870435308e+00) (7, 1.17406196425771192082e+00) (8, 1.97285026956708886559e+00) (9, -2.12456359808397232669e+00) (10, -1.67217942222370097305e+00) (11, 2.02499434214591644832e+00) (12, 9.42733873974376734850e+00) (13, 9.46378857444816645739e+00) (14, -4.38555582480068206763e+00) (15, -1.16869166558628023722e+00) 
