FANN_FLO_2.1
num_layers=3
learning_rate=0.700000
connection_rate=1.000000
network_type=0
learning_momentum=0.000000
training_algorithm=2
train_error_function=1
train_stop_function=1
cascade_output_change_fraction=0.010000
quickprop_decay=-0.000100
quickprop_mu=1.750000
rprop_increase_factor=1.200000
rprop_decrease_factor=0.500000
rprop_delta_min=0.000000
rprop_delta_max=50.000000
rprop_delta_zero=0.100000
cascade_output_stagnation_epochs=12
cascade_candidate_change_fraction=0.010000
cascade_candidate_stagnation_epochs=12
cascade_max_out_epochs=150
cascade_min_out_epochs=50
cascade_max_cand_epochs=150
cascade_min_cand_epochs=50
cascade_num_candidate_groups=2
bit_fail_limit=1.00000000000000005551e-01
cascade_candidate_limit=1.00000000000000000000e+03
cascade_weight_multiplier=4.00000000000000022204e-01
cascade_activation_functions_count=10
cascade_activation_functions=3 5 7 8 10 11 14 15 16 17 
cascade_activation_steepnesses_count=4
cascade_activation_steepnesses=2.50000000000000000000e-01 5.00000000000000000000e-01 7.50000000000000000000e-01 1.00000000000000000000e+00 
layer_sizes=9 4 2 
scale_included=0
neurons (num_inputs, activation_function, activation_steepness)=(0, 0, 0.00000000000000000000e+00) (0, 0, 0.00000000000000000000e+00) (0, 0, 0.00000000000000000000e+00) (0, 0, 0.00000000000000000000e+00) (0, 0, 0.00000000000000000000e+00) (0, 0, 0.00000000000000000000e+00) (0, 0, 0.00000000000000000000e+00) (0, 0, 0.00000000000000000000e+00) (0, 0, 0.00000000000000000000e+00) (9, 6, 5.00000000000000000000e-01) (9, 6, 5.00000000000000000000e-01) (9, 6, 5.00000000000000000000e-01) (0, 6, 0.00000000000000000000e+00) (4, 4, 5.00000000000000000000e-01) (0, 4, 0.00000000000000000000e+00) 
connections (connected_to_neuron, weight)=(0, 3.25376743536291712644e+00) (1, -3.83957878037911681801e+00) (2, -2.09274678298627891948e+00) (3, -1.54471260088905770758e+00) (4, -1.26802901930197320368e+00) (5, 2.57897043149141413920e-01) (6, -6.85476790904416821704e-01) (7, 3.33981449615059489133e+00) (8, 3.29800343226490610959e+00) (0, -2.25714192162005433673e+00) (1, 2.28554541778559183740e+00) (2, 5.20092349663091479961e-01) (3, 3.53654365262212166954e-01) (4, 2.16218973836896116714e-01) (5, -2.94899803730991671991e-01) (6, -3.41867742273357699823e-01) (7, -2.23847711453883180255e+00) (8, -2.51820651027706510217e-01) (0, -7.13894392023649970724e+00) (1, 1.76251101943249066650e+00) (2, 1.39595290448217523860e+00) (3, 1.88391486172683531031e+00) (4, 1.94737751998665342690e+00) (5, -1.46725227860970597327e+00) (6, -7.38942189603421173416e-01) (7, -1.59620095479729551258e+00) (8, -1.22005339322842321081e+00) (9, -4.03547119644759177959e+00) (10, 9.44364301168210240611e-01) (11, 4.87443929485732496687e+00) (12, -1.64942243881998917843e+00) 
