FANN_FLO_2.1
num_layers=3
learning_rate=0.700000
connection_rate=1.000000
network_type=0
learning_momentum=0.000000
training_algorithm=2
train_error_function=1
train_stop_function=1
cascade_output_change_fraction=0.010000
quickprop_decay=-0.000100
quickprop_mu=1.750000
rprop_increase_factor=1.200000
rprop_decrease_factor=0.500000
rprop_delta_min=0.000000
rprop_delta_max=50.000000
rprop_delta_zero=0.100000
cascade_output_stagnation_epochs=12
cascade_candidate_change_fraction=0.010000
cascade_candidate_stagnation_epochs=12
cascade_max_out_epochs=150
cascade_min_out_epochs=50
cascade_max_cand_epochs=150
cascade_min_cand_epochs=50
cascade_num_candidate_groups=2
bit_fail_limit=1.00000000000000005551e-01
cascade_candidate_limit=1.00000000000000000000e+03
cascade_weight_multiplier=4.00000000000000022204e-01
cascade_activation_functions_count=10
cascade_activation_functions=3 5 7 8 10 11 14 15 16 17 
cascade_activation_steepnesses_count=4
cascade_activation_steepnesses=2.50000000000000000000e-01 5.00000000000000000000e-01 7.50000000000000000000e-01 1.00000000000000000000e+00 
layer_sizes=11 4 2 
scale_included=0
neurons (num_inputs, activation_function, activation_steepness)=(0, 0, 0.00000000000000000000e+00) (0, 0, 0.00000000000000000000e+00) (0, 0, 0.00000000000000000000e+00) (0, 0, 0.00000000000000000000e+00) (0, 0, 0.00000000000000000000e+00) (0, 0, 0.00000000000000000000e+00) (0, 0, 0.00000000000000000000e+00) (0, 0, 0.00000000000000000000e+00) (0, 0, 0.00000000000000000000e+00) (0, 0, 0.00000000000000000000e+00) (0, 0, 0.00000000000000000000e+00) (11, 6, 5.00000000000000000000e-01) (11, 6, 5.00000000000000000000e-01) (11, 6, 5.00000000000000000000e-01) (0, 6, 0.00000000000000000000e+00) (4, 4, 5.00000000000000000000e-01) (0, 4, 0.00000000000000000000e+00) 
connections (connected_to_neuron, weight)=(0, -4.50925730450371986535e+00) (1, 1.85519705618681896020e+00) (2, 4.85409021135669138669e-01) (3, 1.37021961185711060871e+00) (4, -1.51077529759002482379e+00) (5, 2.31051644685788604150e+00) (6, 1.75154805856846707002e+00) (7, -4.52060327960471397546e+00) (8, 2.52780752203304359682e+00) (9, 1.71936684775256098945e+00) (10, -8.93620598883127059686e-01) (0, -4.55580485148648506311e+00) (1, 1.81193247343363750268e+00) (2, 5.60870788749556981045e-01) (3, 1.44142591330783997883e+00) (4, -5.74143755084637663622e-01) (5, 2.23194549608154746423e+00) (6, 1.70628178793095530708e+00) (7, -4.47339748872737175134e+00) (8, 2.42529017797548362978e+00) (9, 1.86834637004040615693e+00) (10, -9.59267858237718429315e-01) (0, 2.96662410551181165985e+00) (1, -3.07387609479894052811e+00) (2, -1.43008619976905526627e+00) (3, -1.37800302786496819962e+00) (4, 1.24607367717537820262e+00) (5, -1.67301422074159100717e+00) (6, -2.42773845562652468288e+00) (7, 4.61325042400169760271e+00) (8, -1.45064856950628451315e+00) (9, -2.35375462243274613527e+00) (10, 2.02001846461430023538e+00) (11, 6.96911703769080936866e+00) (12, 7.21657966482275270437e+00) (13, -6.61594072016112733081e+00) (14, -8.60609035760854679253e-01) 
