FANN_FLO_2.1
num_layers=3
learning_rate=0.700000
connection_rate=1.000000
network_type=0
learning_momentum=0.000000
training_algorithm=2
train_error_function=1
train_stop_function=1
cascade_output_change_fraction=0.010000
quickprop_decay=-0.000100
quickprop_mu=1.750000
rprop_increase_factor=1.200000
rprop_decrease_factor=0.500000
rprop_delta_min=0.000000
rprop_delta_max=50.000000
rprop_delta_zero=0.100000
cascade_output_stagnation_epochs=12
cascade_candidate_change_fraction=0.010000
cascade_candidate_stagnation_epochs=12
cascade_max_out_epochs=150
cascade_min_out_epochs=50
cascade_max_cand_epochs=150
cascade_min_cand_epochs=50
cascade_num_candidate_groups=2
bit_fail_limit=1.00000000000000005551e-01
cascade_candidate_limit=1.00000000000000000000e+03
cascade_weight_multiplier=4.00000000000000022204e-01
cascade_activation_functions_count=10
cascade_activation_functions=3 5 7 8 10 11 14 15 16 17 
cascade_activation_steepnesses_count=4
cascade_activation_steepnesses=2.50000000000000000000e-01 5.00000000000000000000e-01 7.50000000000000000000e-01 1.00000000000000000000e+00 
layer_sizes=6 4 2 
scale_included=0
neurons (num_inputs, activation_function, activation_steepness)=(0, 0, 0.00000000000000000000e+00) (0, 0, 0.00000000000000000000e+00) (0, 0, 0.00000000000000000000e+00) (0, 0, 0.00000000000000000000e+00) (0, 0, 0.00000000000000000000e+00) (0, 0, 0.00000000000000000000e+00) (6, 6, 5.00000000000000000000e-01) (6, 6, 5.00000000000000000000e-01) (6, 6, 5.00000000000000000000e-01) (0, 6, 0.00000000000000000000e+00) (4, 4, 5.00000000000000000000e-01) (0, 4, 0.00000000000000000000e+00) 
connections (connected_to_neuron, weight)=(0, -8.25528418495246718578e+00) (1, 8.91125123263221408099e-02) (2, 3.25309384413037205874e+00) (3, 3.15443514451586315417e+00) (4, 1.72397127370920344447e+00) (5, 1.15906849083332019745e+00) (0, -6.20837323289585296671e-01) (1, -3.05031615147200740878e+00) (2, 4.24591256604262223817e-01) (3, 3.37879455526441718760e-01) (4, 3.03464139190963655413e-01) (5, 1.44082431946983180460e+00) (0, 6.16507437049979678534e+00) (1, 3.04421331152495033834e-01) (2, -2.08129617338690264816e+00) (3, -2.63729885793965657115e+00) (4, -1.78576594620159179172e+00) (5, -2.51299752125482334097e-01) (6, 7.95980415379931827147e+01) (7, 3.63024752273915340961e-01) (8, -1.48243493419820637769e+01) (9, -1.46704687525874288845e-01) 
