FANN_FLO_2.1
num_layers=3
learning_rate=0.700000
connection_rate=1.000000
network_type=0
learning_momentum=0.000000
training_algorithm=2
train_error_function=1
train_stop_function=1
cascade_output_change_fraction=0.010000
quickprop_decay=-0.000100
quickprop_mu=1.750000
rprop_increase_factor=1.200000
rprop_decrease_factor=0.500000
rprop_delta_min=0.000000
rprop_delta_max=50.000000
rprop_delta_zero=0.100000
cascade_output_stagnation_epochs=12
cascade_candidate_change_fraction=0.010000
cascade_candidate_stagnation_epochs=12
cascade_max_out_epochs=150
cascade_min_out_epochs=50
cascade_max_cand_epochs=150
cascade_min_cand_epochs=50
cascade_num_candidate_groups=2
bit_fail_limit=1.00000000000000005551e-01
cascade_candidate_limit=1.00000000000000000000e+03
cascade_weight_multiplier=4.00000000000000022204e-01
cascade_activation_functions_count=10
cascade_activation_functions=3 5 7 8 10 11 14 15 16 17 
cascade_activation_steepnesses_count=4
cascade_activation_steepnesses=2.50000000000000000000e-01 5.00000000000000000000e-01 7.50000000000000000000e-01 1.00000000000000000000e+00 
layer_sizes=15 4 2 
scale_included=0
neurons (num_inputs, activation_function, activation_steepness)=(0, 0, 0.00000000000000000000e+00) (0, 0, 0.00000000000000000000e+00) (0, 0, 0.00000000000000000000e+00) (0, 0, 0.00000000000000000000e+00) (0, 0, 0.00000000000000000000e+00) (0, 0, 0.00000000000000000000e+00) (0, 0, 0.00000000000000000000e+00) (0, 0, 0.00000000000000000000e+00) (0, 0, 0.00000000000000000000e+00) (0, 0, 0.00000000000000000000e+00) (0, 0, 0.00000000000000000000e+00) (0, 0, 0.00000000000000000000e+00) (0, 0, 0.00000000000000000000e+00) (0, 0, 0.00000000000000000000e+00) (0, 0, 0.00000000000000000000e+00) (15, 6, 5.00000000000000000000e-01) (15, 6, 5.00000000000000000000e-01) (15, 6, 5.00000000000000000000e-01) (0, 6, 0.00000000000000000000e+00) (4, 4, 5.00000000000000000000e-01) (0, 4, 0.00000000000000000000e+00) 
connections (connected_to_neuron, weight)=(0, -1.54171840215867756996e+01) (1, 6.98645490342015840213e-01) (2, -1.02127819282220078101e+00) (3, -1.34248644686242646351e-01) (4, 2.82281585659197975513e-01) (5, 3.11802293559211474161e+00) (6, -1.40308054650765540172e-01) (7, -9.00416610106925752177e-01) (8, 4.86356991066957888847e+00) (9, 1.13268687087498403088e+01) (10, -2.79893218529351628376e+00) (11, 1.68927960986344860572e+00) (12, -1.09755434003557827971e+00) (13, -5.56363775110640501609e-01) (14, 1.09016922586439091170e+00) (0, -1.02353299346570345563e+01) (1, -6.31685923325578158050e-01) (2, 2.04172001513856726795e-01) (3, -1.35106945387689370008e+00) (4, 3.46024274549851726390e-02) (5, 3.98439444229697903310e-01) (6, 1.58463617405784212844e-01) (7, 2.61707675329778399753e-01) (8, 3.29689787839088843668e+00) (9, -1.78715545572306466759e+00) (10, 1.47139777202529742350e-01) (11, -4.25768500614675193816e-01) (12, 2.61704559978623185756e-01) (13, -1.27201412403035757359e-01) (14, 9.73682405792701932690e-01) (0, 1.07727473753408276025e+01) (1, -7.17738981054710301066e+00) (2, -7.21097469238460586638e+00) (3, 6.87029839785807228125e-01) (4, 1.77886346191047428622e-01) (5, -1.51403672636670982854e+00) (6, -2.08820232094635249709e+00) (7, -1.42043010303775196768e+00) (8, 2.87085432653102614609e+01) (9, 3.15955941630600767311e+00) (10, 1.70409053165879731395e+00) (11, 4.33768642311196739314e+00) (12, -7.04320342649363784204e+00) (13, -7.11979432354638674951e+00) (14, 7.20871679234458051511e-01) (15, 1.83795219645106051587e+01) (16, 2.53573407855653947252e+01) (17, -1.03530978164825206989e+01) (18, -3.44937674059444088215e-01) 
