FANN_FLO_2.1
num_layers=3
learning_rate=0.700000
connection_rate=1.000000
network_type=0
learning_momentum=0.000000
training_algorithm=2
train_error_function=1
train_stop_function=1
cascade_output_change_fraction=0.010000
quickprop_decay=-0.000100
quickprop_mu=1.750000
rprop_increase_factor=1.200000
rprop_decrease_factor=0.500000
rprop_delta_min=0.000000
rprop_delta_max=50.000000
rprop_delta_zero=0.100000
cascade_output_stagnation_epochs=12
cascade_candidate_change_fraction=0.010000
cascade_candidate_stagnation_epochs=12
cascade_max_out_epochs=150
cascade_min_out_epochs=50
cascade_max_cand_epochs=150
cascade_min_cand_epochs=50
cascade_num_candidate_groups=2
bit_fail_limit=1.00000000000000005551e-01
cascade_candidate_limit=1.00000000000000000000e+03
cascade_weight_multiplier=4.00000000000000022204e-01
cascade_activation_functions_count=10
cascade_activation_functions=3 5 7 8 10 11 14 15 16 17 
cascade_activation_steepnesses_count=4
cascade_activation_steepnesses=2.50000000000000000000e-01 5.00000000000000000000e-01 7.50000000000000000000e-01 1.00000000000000000000e+00 
layer_sizes=11 4 2 
scale_included=0
neurons (num_inputs, activation_function, activation_steepness)=(0, 0, 0.00000000000000000000e+00) (0, 0, 0.00000000000000000000e+00) (0, 0, 0.00000000000000000000e+00) (0, 0, 0.00000000000000000000e+00) (0, 0, 0.00000000000000000000e+00) (0, 0, 0.00000000000000000000e+00) (0, 0, 0.00000000000000000000e+00) (0, 0, 0.00000000000000000000e+00) (0, 0, 0.00000000000000000000e+00) (0, 0, 0.00000000000000000000e+00) (0, 0, 0.00000000000000000000e+00) (11, 6, 5.00000000000000000000e-01) (11, 6, 5.00000000000000000000e-01) (11, 6, 5.00000000000000000000e-01) (0, 6, 0.00000000000000000000e+00) (4, 4, 5.00000000000000000000e-01) (0, 4, 0.00000000000000000000e+00) 
connections (connected_to_neuron, weight)=(0, -2.35728784485789120973e-02) (1, 1.07998133150494313170e+00) (2, 2.77660159581916410332e+00) (3, -1.14456468290144397493e+00) (4, 1.03215472999045876357e+00) (5, 9.40020820031245984971e-01) (6, 1.90284980988791940781e+00) (7, 2.87026806956334035181e-01) (8, -2.12711334260973794485e+00) (9, -1.02621680701734230290e+00) (10, -1.46882734829960859280e+00) (0, 2.54414032377823451370e-01) (1, -1.05593749371241840684e+00) (2, -5.58147392759438809584e-01) (3, 9.22205950747078562202e-01) (4, -1.09678919117559670049e+00) (5, 1.52249611691577801942e-01) (6, -7.19993653014729395601e-01) (7, 1.74055135728035742515e-01) (8, 1.94610767527212802364e+00) (9, 1.14137221724244986021e+00) (10, 6.75983065433432894764e-01) (0, 1.24410059927602581475e-01) (1, 1.24885231701290821960e+00) (2, 1.39693211879060319447e+00) (3, -1.17618403869205900847e+00) (4, 1.11362946632335213515e+00) (5, 9.85406612882693933031e-01) (6, 1.99618433943680395615e+00) (7, 2.81025707012219350123e-01) (8, -2.35566959067174597209e+00) (9, -1.01026345993043564775e+00) (10, -1.31293751594551522111e+00) (11, 1.06269936778059879146e+01) (12, -6.73125149345255735511e+00) (13, 1.76453627590677157855e+01) (14, -2.59468870511084981345e+00) 
