FANN_FLO_2.1
num_layers=3
learning_rate=0.700000
connection_rate=1.000000
network_type=0
learning_momentum=0.000000
training_algorithm=2
train_error_function=1
train_stop_function=1
cascade_output_change_fraction=0.010000
quickprop_decay=-0.000100
quickprop_mu=1.750000
rprop_increase_factor=1.200000
rprop_decrease_factor=0.500000
rprop_delta_min=0.000000
rprop_delta_max=50.000000
rprop_delta_zero=0.100000
cascade_output_stagnation_epochs=12
cascade_candidate_change_fraction=0.010000
cascade_candidate_stagnation_epochs=12
cascade_max_out_epochs=150
cascade_min_out_epochs=50
cascade_max_cand_epochs=150
cascade_min_cand_epochs=50
cascade_num_candidate_groups=2
bit_fail_limit=1.00000000000000005551e-01
cascade_candidate_limit=1.00000000000000000000e+03
cascade_weight_multiplier=4.00000000000000022204e-01
cascade_activation_functions_count=10
cascade_activation_functions=3 5 7 8 10 11 14 15 16 17 
cascade_activation_steepnesses_count=4
cascade_activation_steepnesses=2.50000000000000000000e-01 5.00000000000000000000e-01 7.50000000000000000000e-01 1.00000000000000000000e+00 
layer_sizes=7 4 2 
scale_included=0
neurons (num_inputs, activation_function, activation_steepness)=(0, 0, 0.00000000000000000000e+00) (0, 0, 0.00000000000000000000e+00) (0, 0, 0.00000000000000000000e+00) (0, 0, 0.00000000000000000000e+00) (0, 0, 0.00000000000000000000e+00) (0, 0, 0.00000000000000000000e+00) (0, 0, 0.00000000000000000000e+00) (7, 6, 5.00000000000000000000e-01) (7, 6, 5.00000000000000000000e-01) (7, 6, 5.00000000000000000000e-01) (0, 6, 0.00000000000000000000e+00) (4, 4, 5.00000000000000000000e-01) (0, 4, 0.00000000000000000000e+00) 
connections (connected_to_neuron, weight)=(0, -2.96883624813357949179e+00) (1, 3.20918393901185394768e+00) (2, 2.70440228453409448051e+00) (3, -7.35546101481897030006e-01) (4, -2.20465555598276496951e+00) (5, -1.58100980403119151241e+00) (6, 2.20474884371262991323e+00) (0, 4.15750368989096508177e-01) (1, 1.40766172769458708380e+00) (2, 1.65746144412398810353e+00) (3, 5.33863889513595646363e-01) (4, 6.31346294360248583288e-01) (5, 6.73801813807058724848e-01) (6, -2.82996414587629363524e-01) (0, 1.91825578931727136478e+00) (1, 1.99150304081940721090e+00) (2, 1.04178219466530430637e+00) (3, 1.96617099355919844328e+00) (4, 2.74169178853160966369e+00) (5, 1.63534306449750599377e+00) (6, -2.52169956379657422829e+00) (7, -7.42307766485264064471e+00) (8, 7.92302837535363679855e-01) (9, 3.37858763458716566674e+01) (10, -1.07954209031600001367e+00) 
