FANN_FLO_2.1
num_layers=3
learning_rate=0.700000
connection_rate=1.000000
network_type=0
learning_momentum=0.000000
training_algorithm=2
train_error_function=1
train_stop_function=1
cascade_output_change_fraction=0.010000
quickprop_decay=-0.000100
quickprop_mu=1.750000
rprop_increase_factor=1.200000
rprop_decrease_factor=0.500000
rprop_delta_min=0.000000
rprop_delta_max=50.000000
rprop_delta_zero=0.100000
cascade_output_stagnation_epochs=12
cascade_candidate_change_fraction=0.010000
cascade_candidate_stagnation_epochs=12
cascade_max_out_epochs=150
cascade_min_out_epochs=50
cascade_max_cand_epochs=150
cascade_min_cand_epochs=50
cascade_num_candidate_groups=2
bit_fail_limit=1.00000000000000005551e-01
cascade_candidate_limit=1.00000000000000000000e+03
cascade_weight_multiplier=4.00000000000000022204e-01
cascade_activation_functions_count=10
cascade_activation_functions=3 5 7 8 10 11 14 15 16 17 
cascade_activation_steepnesses_count=4
cascade_activation_steepnesses=2.50000000000000000000e-01 5.00000000000000000000e-01 7.50000000000000000000e-01 1.00000000000000000000e+00 
layer_sizes=16 4 2 
scale_included=0
neurons (num_inputs, activation_function, activation_steepness)=(0, 0, 0.00000000000000000000e+00) (0, 0, 0.00000000000000000000e+00) (0, 0, 0.00000000000000000000e+00) (0, 0, 0.00000000000000000000e+00) (0, 0, 0.00000000000000000000e+00) (0, 0, 0.00000000000000000000e+00) (0, 0, 0.00000000000000000000e+00) (0, 0, 0.00000000000000000000e+00) (0, 0, 0.00000000000000000000e+00) (0, 0, 0.00000000000000000000e+00) (0, 0, 0.00000000000000000000e+00) (0, 0, 0.00000000000000000000e+00) (0, 0, 0.00000000000000000000e+00) (0, 0, 0.00000000000000000000e+00) (0, 0, 0.00000000000000000000e+00) (0, 0, 0.00000000000000000000e+00) (16, 6, 5.00000000000000000000e-01) (16, 6, 5.00000000000000000000e-01) (16, 6, 5.00000000000000000000e-01) (0, 6, 0.00000000000000000000e+00) (4, 4, 5.00000000000000000000e-01) (0, 4, 0.00000000000000000000e+00) 
connections (connected_to_neuron, weight)=(0, -5.89783258351520256468e+00) (1, 1.88238799166097559024e+00) (2, 8.11815141000290063644e-01) (3, 4.63991840621424123103e-02) (4, 6.87400851178100347205e-01) (5, 1.93151544104759120835e+00) (6, 7.67889896927868798038e-01) (7, -4.55204059914561254274e-01) (8, -2.41736682803837782396e-01) (9, 6.25261902796077517763e-01) (10, 1.88548481348463603524e+00) (11, -1.75177671037675203314e-01) (12, -1.42198875568867955099e-01) (13, 7.67597494878311303879e-01) (14, -1.47764624653476839278e-01) (15, -1.35146632898102303511e-01) (0, -5.78694794687465385863e+00) (1, 1.91654071550979532290e+00) (2, 7.68014511324901727463e-01) (3, -4.03841749429637353330e-01) (4, 6.00950549666655065018e-01) (5, 1.80515176873151683701e+00) (6, 6.43737499742352281551e-01) (7, -1.07557669835967983918e-01) (8, -3.61232745201794491763e-01) (9, 6.39075662927675036684e-01) (10, 1.83956721309134074716e+00) (11, -1.02975755952359471213e-01) (12, -2.95127185440168665620e-03) (13, 7.81029597329892188995e-01) (14, -2.86195003984588525192e-01) (15, -4.88790945294003756350e-02) (0, -6.78103368106638804136e+00) (1, 8.37189019021309910329e+00) (2, 8.51342304113357606354e+00) (3, -9.27848874548459212619e-01) (4, 3.75752425042002480282e+00) (5, 8.55251035591331998376e+00) (6, 8.29951429283812203153e+00) (7, -6.40516002857779875868e-01) (8, -8.10739125121843651200e-01) (9, 3.85635045764057959872e+00) (10, 8.42847927954711018117e+00) (11, -1.39771805828806772176e+00) (12, -1.69086518777606120700e+00) (13, 8.50681393655984940949e+00) (14, -5.34934899623269788371e-01) (15, -9.17982472309761909912e+00) (16, 1.75183201454875381309e+00) (17, 1.78368324287531287986e+00) (18, 5.02578802336718855059e+00) (19, -4.75474335449258656006e-01) 
