FANN_FLO_2.1
num_layers=3
learning_rate=0.700000
connection_rate=1.000000
network_type=0
learning_momentum=0.000000
training_algorithm=2
train_error_function=1
train_stop_function=1
cascade_output_change_fraction=0.010000
quickprop_decay=-0.000100
quickprop_mu=1.750000
rprop_increase_factor=1.200000
rprop_decrease_factor=0.500000
rprop_delta_min=0.000000
rprop_delta_max=50.000000
rprop_delta_zero=0.100000
cascade_output_stagnation_epochs=12
cascade_candidate_change_fraction=0.010000
cascade_candidate_stagnation_epochs=12
cascade_max_out_epochs=150
cascade_min_out_epochs=50
cascade_max_cand_epochs=150
cascade_min_cand_epochs=50
cascade_num_candidate_groups=2
bit_fail_limit=1.00000000000000005551e-01
cascade_candidate_limit=1.00000000000000000000e+03
cascade_weight_multiplier=4.00000000000000022204e-01
cascade_activation_functions_count=10
cascade_activation_functions=3 5 7 8 10 11 14 15 16 17 
cascade_activation_steepnesses_count=4
cascade_activation_steepnesses=2.50000000000000000000e-01 5.00000000000000000000e-01 7.50000000000000000000e-01 1.00000000000000000000e+00 
layer_sizes=9 4 2 
scale_included=0
neurons (num_inputs, activation_function, activation_steepness)=(0, 0, 0.00000000000000000000e+00) (0, 0, 0.00000000000000000000e+00) (0, 0, 0.00000000000000000000e+00) (0, 0, 0.00000000000000000000e+00) (0, 0, 0.00000000000000000000e+00) (0, 0, 0.00000000000000000000e+00) (0, 0, 0.00000000000000000000e+00) (0, 0, 0.00000000000000000000e+00) (0, 0, 0.00000000000000000000e+00) (9, 6, 5.00000000000000000000e-01) (9, 6, 5.00000000000000000000e-01) (9, 6, 5.00000000000000000000e-01) (0, 6, 0.00000000000000000000e+00) (4, 4, 5.00000000000000000000e-01) (0, 4, 0.00000000000000000000e+00) 
connections (connected_to_neuron, weight)=(0, 4.13426349730559750117e-01) (1, -1.70446202625570142342e-01) (2, -1.58427936252108353399e-02) (3, -6.02421234164905866626e-02) (4, 8.10265048522021136268e-02) (5, 1.51482785818617404772e-01) (6, -6.49944774482083889589e-04) (7, 4.96764187897967834928e-02) (8, 9.26693483370806675437e-02) (0, -3.00544279938938574404e+00) (1, 9.66545284530831771974e-01) (2, 1.12362208624466797247e+00) (3, 3.09946281593901917795e-02) (4, -1.31697924572486996242e-01) (5, -5.23311913882619106353e-01) (6, -7.43703895690633332016e-02) (7, -3.64244653481722080457e-01) (8, -5.36655024563199245513e-01) (0, 3.19049720875221320959e-01) (1, -4.38964927222847689503e-02) (2, 9.91984407827354447429e-02) (3, -2.10604048684519123968e-01) (4, 1.63453636227404774939e-01) (5, 2.11444794163719834712e-01) (6, 1.89540444171106339799e-04) (7, 1.24654102749986277210e-02) (8, 1.30816025195872459586e-01) (9, -2.46834874037520878021e-02) (10, 3.91809902321407008685e+01) (11, -1.14015700846989281869e-02) (12, -8.23462218916946930847e-01) 
