FANN_FLO_2.1
num_layers=3
learning_rate=0.700000
connection_rate=1.000000
network_type=0
learning_momentum=0.000000
training_algorithm=2
train_error_function=1
train_stop_function=1
cascade_output_change_fraction=0.010000
quickprop_decay=-0.000100
quickprop_mu=1.750000
rprop_increase_factor=1.200000
rprop_decrease_factor=0.500000
rprop_delta_min=0.000000
rprop_delta_max=50.000000
rprop_delta_zero=0.100000
cascade_output_stagnation_epochs=12
cascade_candidate_change_fraction=0.010000
cascade_candidate_stagnation_epochs=12
cascade_max_out_epochs=150
cascade_min_out_epochs=50
cascade_max_cand_epochs=150
cascade_min_cand_epochs=50
cascade_num_candidate_groups=2
bit_fail_limit=1.00000000000000005551e-01
cascade_candidate_limit=1.00000000000000000000e+03
cascade_weight_multiplier=4.00000000000000022204e-01
cascade_activation_functions_count=10
cascade_activation_functions=3 5 7 8 10 11 14 15 16 17 
cascade_activation_steepnesses_count=4
cascade_activation_steepnesses=2.50000000000000000000e-01 5.00000000000000000000e-01 7.50000000000000000000e-01 1.00000000000000000000e+00 
layer_sizes=8 4 2 
scale_included=0
neurons (num_inputs, activation_function, activation_steepness)=(0, 0, 0.00000000000000000000e+00) (0, 0, 0.00000000000000000000e+00) (0, 0, 0.00000000000000000000e+00) (0, 0, 0.00000000000000000000e+00) (0, 0, 0.00000000000000000000e+00) (0, 0, 0.00000000000000000000e+00) (0, 0, 0.00000000000000000000e+00) (0, 0, 0.00000000000000000000e+00) (8, 6, 5.00000000000000000000e-01) (8, 6, 5.00000000000000000000e-01) (8, 6, 5.00000000000000000000e-01) (0, 6, 0.00000000000000000000e+00) (4, 4, 5.00000000000000000000e-01) (0, 4, 0.00000000000000000000e+00) 
connections (connected_to_neuron, weight)=(0, -6.34634218754924872563e-01) (1, 3.41850927188427000658e+00) (2, -2.45052363206233470017e-01) (3, -4.57378214145438222182e-01) (4, 4.10341890174137091662e+00) (5, -5.84308881784305955698e-01) (6, 3.53375132088999199809e+00) (7, -2.02830605253704066016e+00) (0, -1.17804853136625098387e+00) (1, 3.53817159183519258647e+00) (2, -1.10552558283086188595e-01) (3, -1.00118079704799667340e+00) (4, 3.38016025027324307217e+00) (5, -1.86552005483253291462e-01) (6, 3.45443666776706326260e+00) (7, -1.72075944657571167085e+00) (0, -7.27556737691547938951e-01) (1, -2.45687429080562580452e+00) (2, -1.16746433335233157358e+00) (3, 5.48871761558415216520e-01) (4, -2.15247503785853488978e+00) (5, -7.82083796888973781236e-01) (6, -2.13002372650866611536e+00) (7, 1.58859970073041911753e+00) (8, 3.21307426844326782245e+00) (9, 8.37940108301288333337e+00) (10, -1.78563787504728566091e+00) (11, -2.36022813606038406320e+00) 
