FANN_FLO_2.1
num_layers=3
learning_rate=0.700000
connection_rate=1.000000
network_type=0
learning_momentum=0.000000
training_algorithm=2
train_error_function=1
train_stop_function=1
cascade_output_change_fraction=0.010000
quickprop_decay=-0.000100
quickprop_mu=1.750000
rprop_increase_factor=1.200000
rprop_decrease_factor=0.500000
rprop_delta_min=0.000000
rprop_delta_max=50.000000
rprop_delta_zero=0.100000
cascade_output_stagnation_epochs=12
cascade_candidate_change_fraction=0.010000
cascade_candidate_stagnation_epochs=12
cascade_max_out_epochs=150
cascade_min_out_epochs=50
cascade_max_cand_epochs=150
cascade_min_cand_epochs=50
cascade_num_candidate_groups=2
bit_fail_limit=1.00000000000000005551e-01
cascade_candidate_limit=1.00000000000000000000e+03
cascade_weight_multiplier=4.00000000000000022204e-01
cascade_activation_functions_count=10
cascade_activation_functions=3 5 7 8 10 11 14 15 16 17 
cascade_activation_steepnesses_count=4
cascade_activation_steepnesses=2.50000000000000000000e-01 5.00000000000000000000e-01 7.50000000000000000000e-01 1.00000000000000000000e+00 
layer_sizes=8 4 2 
scale_included=0
neurons (num_inputs, activation_function, activation_steepness)=(0, 0, 0.00000000000000000000e+00) (0, 0, 0.00000000000000000000e+00) (0, 0, 0.00000000000000000000e+00) (0, 0, 0.00000000000000000000e+00) (0, 0, 0.00000000000000000000e+00) (0, 0, 0.00000000000000000000e+00) (0, 0, 0.00000000000000000000e+00) (0, 0, 0.00000000000000000000e+00) (8, 6, 5.00000000000000000000e-01) (8, 6, 5.00000000000000000000e-01) (8, 6, 5.00000000000000000000e-01) (0, 6, 0.00000000000000000000e+00) (4, 4, 5.00000000000000000000e-01) (0, 4, 0.00000000000000000000e+00) 
connections (connected_to_neuron, weight)=(0, -1.26637804327576231067e+00) (1, 1.31035032813185936540e+00) (2, 2.28108005918340506213e+00) (3, -2.05121595744508750103e-01) (4, 2.41300369154319710452e-01) (5, -8.40677531392065691129e-01) (6, 2.53957298607920600730e+00) (7, -1.90308430986218213299e+00) (0, 3.53266027073684096838e-01) (1, 1.62020197116339942367e-01) (2, 8.30523943121398572353e-02) (3, -8.01584915341725101623e-02) (4, 1.73774227950665660636e-01) (5, 6.08364451885250234753e-01) (6, 4.32444567826794745713e-01) (7, 1.01837967972551113327e+00) (0, -4.36547387940377229487e-01) (1, 4.66906111903923282114e-01) (2, 1.15424417535523060607e+00) (3, 5.16835424695124112660e-01) (4, 2.19227782732373289998e-02) (5, -4.45707731113373528675e-01) (6, 1.45760294415315372341e+00) (7, -7.07451277292258318141e-01) (8, 5.70752262289111911286e+01) (9, -4.74478858955562909916e-02) (10, 3.04263508520566494653e+00) (11, -1.90581005949412296552e+00) 
