FANN_FLO_2.1
num_layers=3
learning_rate=0.700000
connection_rate=1.000000
network_type=0
learning_momentum=0.000000
training_algorithm=2
train_error_function=1
train_stop_function=1
cascade_output_change_fraction=0.010000
quickprop_decay=-0.000100
quickprop_mu=1.750000
rprop_increase_factor=1.200000
rprop_decrease_factor=0.500000
rprop_delta_min=0.000000
rprop_delta_max=50.000000
rprop_delta_zero=0.100000
cascade_output_stagnation_epochs=12
cascade_candidate_change_fraction=0.010000
cascade_candidate_stagnation_epochs=12
cascade_max_out_epochs=150
cascade_min_out_epochs=50
cascade_max_cand_epochs=150
cascade_min_cand_epochs=50
cascade_num_candidate_groups=2
bit_fail_limit=1.00000000000000005551e-01
cascade_candidate_limit=1.00000000000000000000e+03
cascade_weight_multiplier=4.00000000000000022204e-01
cascade_activation_functions_count=10
cascade_activation_functions=3 5 7 8 10 11 14 15 16 17 
cascade_activation_steepnesses_count=4
cascade_activation_steepnesses=2.50000000000000000000e-01 5.00000000000000000000e-01 7.50000000000000000000e-01 1.00000000000000000000e+00 
layer_sizes=9 4 2 
scale_included=0
neurons (num_inputs, activation_function, activation_steepness)=(0, 0, 0.00000000000000000000e+00) (0, 0, 0.00000000000000000000e+00) (0, 0, 0.00000000000000000000e+00) (0, 0, 0.00000000000000000000e+00) (0, 0, 0.00000000000000000000e+00) (0, 0, 0.00000000000000000000e+00) (0, 0, 0.00000000000000000000e+00) (0, 0, 0.00000000000000000000e+00) (0, 0, 0.00000000000000000000e+00) (9, 6, 5.00000000000000000000e-01) (9, 6, 5.00000000000000000000e-01) (9, 6, 5.00000000000000000000e-01) (0, 6, 0.00000000000000000000e+00) (4, 4, 5.00000000000000000000e-01) (0, 4, 0.00000000000000000000e+00) 
connections (connected_to_neuron, weight)=(0, -2.97779414925933494374e+00) (1, 1.49230966311461576979e+00) (2, 1.59758717776375847031e+00) (3, -7.72952420033756082418e-01) (4, -7.94886756120185999919e-01) (5, -1.26919839971402992340e+00) (6, -6.49337402908067851115e-01) (7, -1.05007637257988162283e+00) (8, -6.87169138380113730946e-01) (0, -1.26016586714128364655e+00) (1, 1.33190031689173826734e+00) (2, 1.58189312578278618027e+00) (3, -8.69339187957588133138e-01) (4, -1.07179365462707165690e+00) (5, -1.31640896641353477570e+00) (6, -6.96159399477701335002e-01) (7, -1.18018522451932139639e+00) (8, -6.97255883403841147938e-01) (0, -4.41433005114733267860e-01) (1, 2.77429658321436678481e-01) (2, 1.73843383086758751510e+00) (3, -5.66940979470669126350e-01) (4, -2.96658244777897928124e-01) (5, -2.95079834839045096473e-01) (6, -1.11996440284695220058e+00) (7, -3.47580138636546132069e-01) (8, 3.72841558839056078090e-02) (9, 1.06232861006155712147e+01) (10, 1.12714146004716617711e+01) (11, 1.57549971408879874168e+00) (12, -1.00855636812908389111e+00) 
