FANN_FLO_2.1
num_layers=3
learning_rate=0.700000
connection_rate=1.000000
network_type=0
learning_momentum=0.000000
training_algorithm=2
train_error_function=1
train_stop_function=1
cascade_output_change_fraction=0.010000
quickprop_decay=-0.000100
quickprop_mu=1.750000
rprop_increase_factor=1.200000
rprop_decrease_factor=0.500000
rprop_delta_min=0.000000
rprop_delta_max=50.000000
rprop_delta_zero=0.100000
cascade_output_stagnation_epochs=12
cascade_candidate_change_fraction=0.010000
cascade_candidate_stagnation_epochs=12
cascade_max_out_epochs=150
cascade_min_out_epochs=50
cascade_max_cand_epochs=150
cascade_min_cand_epochs=50
cascade_num_candidate_groups=2
bit_fail_limit=1.00000000000000005551e-01
cascade_candidate_limit=1.00000000000000000000e+03
cascade_weight_multiplier=4.00000000000000022204e-01
cascade_activation_functions_count=10
cascade_activation_functions=3 5 7 8 10 11 14 15 16 17 
cascade_activation_steepnesses_count=4
cascade_activation_steepnesses=2.50000000000000000000e-01 5.00000000000000000000e-01 7.50000000000000000000e-01 1.00000000000000000000e+00 
layer_sizes=8 4 2 
scale_included=0
neurons (num_inputs, activation_function, activation_steepness)=(0, 0, 0.00000000000000000000e+00) (0, 0, 0.00000000000000000000e+00) (0, 0, 0.00000000000000000000e+00) (0, 0, 0.00000000000000000000e+00) (0, 0, 0.00000000000000000000e+00) (0, 0, 0.00000000000000000000e+00) (0, 0, 0.00000000000000000000e+00) (0, 0, 0.00000000000000000000e+00) (8, 6, 5.00000000000000000000e-01) (8, 6, 5.00000000000000000000e-01) (8, 6, 5.00000000000000000000e-01) (0, 6, 0.00000000000000000000e+00) (4, 4, 5.00000000000000000000e-01) (0, 4, 0.00000000000000000000e+00) 
connections (connected_to_neuron, weight)=(0, 1.43508025291057572659e+00) (1, -2.26016520050163771671e+00) (2, 3.59975391064471073044e-01) (3, 1.43833946468921647366e+00) (4, 1.38814341309162125881e+00) (5, 1.26393040301891290689e+00) (6, 1.23549675162685113072e+00) (7, 1.38321473481746659573e+00) (0, -8.46237224185272363108e-01) (1, 2.19086866670187863093e+00) (2, -4.50327446803424208399e-02) (3, -5.43122240398830613550e-01) (4, -5.39501600955433091578e-01) (5, -5.75309314821666917261e-01) (6, -7.07525358591980180201e-01) (7, -7.32230552528804978785e-01) (0, 4.54791094091292896762e-02) (1, 2.89039460140307458147e-01) (2, -8.63347293833747891911e-02) (3, -2.12175519574720923555e-02) (4, 8.93341666649739990502e-02) (5, 6.27078628729741821557e-02) (6, 1.09005561660687894099e-02) (7, -1.74350550188745651026e-01) (8, -4.96858248593887896760e+00) (9, 1.09357801822490685595e+01) (10, 5.33337643610628631130e-01) (11, -9.70997583710952683056e-01) 
