FANN_FLO_2.1
num_layers=3
learning_rate=0.700000
connection_rate=1.000000
network_type=0
learning_momentum=0.000000
training_algorithm=2
train_error_function=1
train_stop_function=1
cascade_output_change_fraction=0.010000
quickprop_decay=-0.000100
quickprop_mu=1.750000
rprop_increase_factor=1.200000
rprop_decrease_factor=0.500000
rprop_delta_min=0.000000
rprop_delta_max=50.000000
rprop_delta_zero=0.100000
cascade_output_stagnation_epochs=12
cascade_candidate_change_fraction=0.010000
cascade_candidate_stagnation_epochs=12
cascade_max_out_epochs=150
cascade_min_out_epochs=50
cascade_max_cand_epochs=150
cascade_min_cand_epochs=50
cascade_num_candidate_groups=2
bit_fail_limit=1.00000000000000005551e-01
cascade_candidate_limit=1.00000000000000000000e+03
cascade_weight_multiplier=4.00000000000000022204e-01
cascade_activation_functions_count=10
cascade_activation_functions=3 5 7 8 10 11 14 15 16 17 
cascade_activation_steepnesses_count=4
cascade_activation_steepnesses=2.50000000000000000000e-01 5.00000000000000000000e-01 7.50000000000000000000e-01 1.00000000000000000000e+00 
layer_sizes=13 4 2 
scale_included=0
neurons (num_inputs, activation_function, activation_steepness)=(0, 0, 0.00000000000000000000e+00) (0, 0, 0.00000000000000000000e+00) (0, 0, 0.00000000000000000000e+00) (0, 0, 0.00000000000000000000e+00) (0, 0, 0.00000000000000000000e+00) (0, 0, 0.00000000000000000000e+00) (0, 0, 0.00000000000000000000e+00) (0, 0, 0.00000000000000000000e+00) (0, 0, 0.00000000000000000000e+00) (0, 0, 0.00000000000000000000e+00) (0, 0, 0.00000000000000000000e+00) (0, 0, 0.00000000000000000000e+00) (0, 0, 0.00000000000000000000e+00) (13, 6, 5.00000000000000000000e-01) (13, 6, 5.00000000000000000000e-01) (13, 6, 5.00000000000000000000e-01) (0, 6, 0.00000000000000000000e+00) (4, 4, 5.00000000000000000000e-01) (0, 4, 0.00000000000000000000e+00) 
connections (connected_to_neuron, weight)=(0, -2.03995175857210409021e+00) (1, 1.85537149646475985065e+00) (2, 2.13130586649252551368e+00) (3, 3.11202924958796811605e-01) (4, -1.01435316123062047033e+00) (5, -1.03208839289837750464e+00) (6, 3.08969272008524420414e-01) (7, -7.67984423495502777079e-01) (8, 2.55428106029609247596e-01) (9, 2.80745176728833756297e-01) (10, -1.07468982927462031185e+00) (11, -1.63965465210903027504e+00) (12, -1.67711532436331633988e+00) (0, -2.30281208545294685530e-01) (1, 1.56496648990591591399e+00) (2, 1.38773086619012664400e+00) (3, -9.64491041079272928838e-03) (4, -1.44739663669756518649e-01) (5, -1.69388546757575891855e-01) (6, 2.33185369711328294856e-03) (7, -1.62235973981533360133e-01) (8, -9.37858616718046655958e-02) (9, 9.99643670150662383422e-02) (10, -2.98628310231944527064e-01) (11, -1.14578076771015657798e+00) (12, -3.45433624339006484227e-01) (0, -1.70608451340961142506e+00) (1, 2.03375984932219999735e+00) (2, 1.98581282104326817262e+00) (3, 1.47347601169226027906e+00) (4, -9.50764691010055340570e-01) (5, -1.04072017535455541015e+00) (6, 8.39718015818273211259e-01) (7, -7.39576700783939666728e-01) (8, -5.91218646251083557175e-01) (9, 3.74149074908364687175e-01) (10, -1.00305558137556505294e+00) (11, -2.36383401339091303583e+00) (12, -2.09324876044059005054e+00) (13, 9.81842107605452163455e+00) (14, 4.46683150740689760561e-01) (15, 9.37084803055701698327e+00) (16, -1.54775446228703383866e+00) 
