FANN_FLO_2.1
num_layers=3
learning_rate=0.700000
connection_rate=1.000000
network_type=0
learning_momentum=0.000000
training_algorithm=2
train_error_function=1
train_stop_function=1
cascade_output_change_fraction=0.010000
quickprop_decay=-0.000100
quickprop_mu=1.750000
rprop_increase_factor=1.200000
rprop_decrease_factor=0.500000
rprop_delta_min=0.000000
rprop_delta_max=50.000000
rprop_delta_zero=0.100000
cascade_output_stagnation_epochs=12
cascade_candidate_change_fraction=0.010000
cascade_candidate_stagnation_epochs=12
cascade_max_out_epochs=150
cascade_min_out_epochs=50
cascade_max_cand_epochs=150
cascade_min_cand_epochs=50
cascade_num_candidate_groups=2
bit_fail_limit=1.00000000000000005551e-01
cascade_candidate_limit=1.00000000000000000000e+03
cascade_weight_multiplier=4.00000000000000022204e-01
cascade_activation_functions_count=10
cascade_activation_functions=3 5 7 8 10 11 14 15 16 17 
cascade_activation_steepnesses_count=4
cascade_activation_steepnesses=2.50000000000000000000e-01 5.00000000000000000000e-01 7.50000000000000000000e-01 1.00000000000000000000e+00 
layer_sizes=15 4 2 
scale_included=0
neurons (num_inputs, activation_function, activation_steepness)=(0, 0, 0.00000000000000000000e+00) (0, 0, 0.00000000000000000000e+00) (0, 0, 0.00000000000000000000e+00) (0, 0, 0.00000000000000000000e+00) (0, 0, 0.00000000000000000000e+00) (0, 0, 0.00000000000000000000e+00) (0, 0, 0.00000000000000000000e+00) (0, 0, 0.00000000000000000000e+00) (0, 0, 0.00000000000000000000e+00) (0, 0, 0.00000000000000000000e+00) (0, 0, 0.00000000000000000000e+00) (0, 0, 0.00000000000000000000e+00) (0, 0, 0.00000000000000000000e+00) (0, 0, 0.00000000000000000000e+00) (0, 0, 0.00000000000000000000e+00) (15, 6, 5.00000000000000000000e-01) (15, 6, 5.00000000000000000000e-01) (15, 6, 5.00000000000000000000e-01) (0, 6, 0.00000000000000000000e+00) (4, 4, 5.00000000000000000000e-01) (0, 4, 0.00000000000000000000e+00) 
connections (connected_to_neuron, weight)=(0, -1.37378738339514416822e+01) (1, 3.65400465918124250919e-01) (2, -7.71523303163168971963e-01) (3, -2.71542257109559903583e+00) (4, 5.33229352857839233870e-01) (5, 1.57145059019212274265e+00) (6, -2.92560793911746885865e-01) (7, 1.24257061359757128849e-01) (8, 1.46336549425769080202e+00) (9, 1.18238057822746878145e+01) (10, -1.66679892169842225336e+00) (11, -2.30299621999019787921e+00) (12, -6.19175281677488364984e-01) (13, -7.24693448818038765680e-01) (14, 7.87288227482412894531e-01) (0, 7.86712533916308132120e+00) (1, -1.31515818131322892448e+00) (2, 1.36713385977242607439e+00) (3, 2.85818040871846079654e+00) (4, -1.16312310410620178835e-01) (5, -9.21993802056489730745e-01) (6, 4.12951503572423272992e-01) (7, 9.57722480164384770696e-01) (8, 2.07326241506425895667e-01) (9, 1.52202540100540084644e+00) (10, 6.36819196189280511966e-01) (11, 1.18190733106875778269e+00) (12, 1.53419538266856791964e+00) (13, 1.47644929015002590589e+00) (14, -1.26672657532021371019e+00) (0, -1.79244574627929189603e+01) (1, 2.73954001445861350383e-02) (2, 9.10220816136944499419e+00) (3, 3.27311928717731603911e+00) (4, -1.34588275567999654525e-01) (5, 3.70505489588899727949e+00) (6, 1.30844996608836816598e+00) (7, 3.26445197061009428907e+00) (8, 6.23416425881322222580e+00) (9, -5.22449787779411423116e+00) (10, -9.15891803498446788190e-01) (11, 3.07674543401432032397e+00) (12, 8.71269579438871843990e+00) (13, 9.35961110027641218778e+00) (14, 8.87773769590894518133e-02) (15, 1.67779282583131177375e+01) (16, -1.24089889108807032159e+01) (17, 1.48501831946947167040e+01) (18, -2.83245080666227555533e-01) 
