FANN_FLO_2.1
num_layers=3
learning_rate=0.700000
connection_rate=1.000000
network_type=0
learning_momentum=0.000000
training_algorithm=2
train_error_function=1
train_stop_function=1
cascade_output_change_fraction=0.010000
quickprop_decay=-0.000100
quickprop_mu=1.750000
rprop_increase_factor=1.200000
rprop_decrease_factor=0.500000
rprop_delta_min=0.000000
rprop_delta_max=50.000000
rprop_delta_zero=0.100000
cascade_output_stagnation_epochs=12
cascade_candidate_change_fraction=0.010000
cascade_candidate_stagnation_epochs=12
cascade_max_out_epochs=150
cascade_min_out_epochs=50
cascade_max_cand_epochs=150
cascade_min_cand_epochs=50
cascade_num_candidate_groups=2
bit_fail_limit=1.00000000000000005551e-01
cascade_candidate_limit=1.00000000000000000000e+03
cascade_weight_multiplier=4.00000000000000022204e-01
cascade_activation_functions_count=10
cascade_activation_functions=3 5 7 8 10 11 14 15 16 17 
cascade_activation_steepnesses_count=4
cascade_activation_steepnesses=2.50000000000000000000e-01 5.00000000000000000000e-01 7.50000000000000000000e-01 1.00000000000000000000e+00 
layer_sizes=10 4 2 
scale_included=0
neurons (num_inputs, activation_function, activation_steepness)=(0, 0, 0.00000000000000000000e+00) (0, 0, 0.00000000000000000000e+00) (0, 0, 0.00000000000000000000e+00) (0, 0, 0.00000000000000000000e+00) (0, 0, 0.00000000000000000000e+00) (0, 0, 0.00000000000000000000e+00) (0, 0, 0.00000000000000000000e+00) (0, 0, 0.00000000000000000000e+00) (0, 0, 0.00000000000000000000e+00) (0, 0, 0.00000000000000000000e+00) (10, 6, 5.00000000000000000000e-01) (10, 6, 5.00000000000000000000e-01) (10, 6, 5.00000000000000000000e-01) (0, 6, 0.00000000000000000000e+00) (4, 4, 5.00000000000000000000e-01) (0, 4, 0.00000000000000000000e+00) 
connections (connected_to_neuron, weight)=(0, -2.54297630701372057160e+00) (1, 3.29226329562166863951e+00) (2, 3.11016111125050054298e+00) (3, -1.10776674815922193673e+00) (4, 3.26740316727983470813e+00) (5, 3.20368935892244843799e+00) (6, 1.62519816220012924823e+00) (7, 1.64029738962856552753e+00) (8, 1.77806049841332347583e+00) (9, -4.42270097778075310657e+00) (0, 3.98344124436329538597e+00) (1, -5.26028616301602625072e+00) (2, -5.45922285820778441234e+00) (3, 1.90343127256798361202e+00) (4, -8.13155627552886706155e+00) (5, 1.50518301478312443997e+00) (6, 1.29315735245355778460e+01) (7, 1.29277192199834995989e+01) (8, -4.76144475262146471550e+00) (9, 5.78055507443522564870e+00) (0, 4.72023287612690703452e-02) (1, 3.83985587087432300724e-02) (2, -5.92551100281877518583e-01) (3, 3.46992505856264454867e-01) (4, -7.37681209676013666110e-02) (5, -2.44425715706762414214e+00) (6, 1.46449449596944636376e+00) (7, 1.55705900801363772423e+00) (8, -7.30581976369765184742e-01) (9, 1.64150575955201466494e-01) (10, 1.38262398725949680056e+01) (11, -4.10753598085456950173e+00) (12, -1.20566716780010740884e+00) (13, -9.31045779912853199711e-01) 
