FANN_FLO_2.1
num_layers=3
learning_rate=0.700000
connection_rate=1.000000
network_type=0
learning_momentum=0.000000
training_algorithm=2
train_error_function=1
train_stop_function=1
cascade_output_change_fraction=0.010000
quickprop_decay=-0.000100
quickprop_mu=1.750000
rprop_increase_factor=1.200000
rprop_decrease_factor=0.500000
rprop_delta_min=0.000000
rprop_delta_max=50.000000
rprop_delta_zero=0.100000
cascade_output_stagnation_epochs=12
cascade_candidate_change_fraction=0.010000
cascade_candidate_stagnation_epochs=12
cascade_max_out_epochs=150
cascade_min_out_epochs=50
cascade_max_cand_epochs=150
cascade_min_cand_epochs=50
cascade_num_candidate_groups=2
bit_fail_limit=1.00000000000000005551e-01
cascade_candidate_limit=1.00000000000000000000e+03
cascade_weight_multiplier=4.00000000000000022204e-01
cascade_activation_functions_count=10
cascade_activation_functions=3 5 7 8 10 11 14 15 16 17 
cascade_activation_steepnesses_count=4
cascade_activation_steepnesses=2.50000000000000000000e-01 5.00000000000000000000e-01 7.50000000000000000000e-01 1.00000000000000000000e+00 
layer_sizes=8 4 2 
scale_included=0
neurons (num_inputs, activation_function, activation_steepness)=(0, 0, 0.00000000000000000000e+00) (0, 0, 0.00000000000000000000e+00) (0, 0, 0.00000000000000000000e+00) (0, 0, 0.00000000000000000000e+00) (0, 0, 0.00000000000000000000e+00) (0, 0, 0.00000000000000000000e+00) (0, 0, 0.00000000000000000000e+00) (0, 0, 0.00000000000000000000e+00) (8, 6, 5.00000000000000000000e-01) (8, 6, 5.00000000000000000000e-01) (8, 6, 5.00000000000000000000e-01) (0, 6, 0.00000000000000000000e+00) (4, 4, 5.00000000000000000000e-01) (0, 4, 0.00000000000000000000e+00) 
connections (connected_to_neuron, weight)=(0, 1.67558478651961317851e+00) (1, -3.23554821181192009405e+00) (2, 2.01611690415149785727e-01) (3, 1.01305933082190202654e+00) (4, -3.04077546360135730907e+00) (5, 4.46631467562154660378e-01) (6, -3.02386494042516407177e+00) (7, 1.68548829941472044780e+00) (0, -9.90798135277050073810e-02) (1, 6.79820795512460884780e-01) (2, 2.97952322452306350709e-01) (3, 2.56980026659346105777e-01) (4, 1.18636747739445524985e+00) (5, 3.31557514245396256491e-01) (6, 1.09588173694145041281e+00) (7, -1.38879120296582669880e-01) (0, 4.78420773239536356591e-01) (1, -1.25669400959212818059e+00) (2, -1.25098123296896401868e-01) (3, 4.72697032316965248810e-01) (4, -1.85797228237677924945e+00) (5, 3.12411948818208551337e-01) (6, -1.90281555747677222357e+00) (7, 8.21205439492868727314e-01) (8, -1.05830056986973257693e+01) (9, 8.14887653943602408013e-01) (10, -4.31609269271052031769e+00) (11, -1.49815970081344929099e+00) 
