FANN_FLO_2.1
num_layers=3
learning_rate=0.700000
connection_rate=1.000000
network_type=0
learning_momentum=0.000000
training_algorithm=2
train_error_function=1
train_stop_function=1
cascade_output_change_fraction=0.010000
quickprop_decay=-0.000100
quickprop_mu=1.750000
rprop_increase_factor=1.200000
rprop_decrease_factor=0.500000
rprop_delta_min=0.000000
rprop_delta_max=50.000000
rprop_delta_zero=0.100000
cascade_output_stagnation_epochs=12
cascade_candidate_change_fraction=0.010000
cascade_candidate_stagnation_epochs=12
cascade_max_out_epochs=150
cascade_min_out_epochs=50
cascade_max_cand_epochs=150
cascade_min_cand_epochs=50
cascade_num_candidate_groups=2
bit_fail_limit=1.00000000000000005551e-01
cascade_candidate_limit=1.00000000000000000000e+03
cascade_weight_multiplier=4.00000000000000022204e-01
cascade_activation_functions_count=10
cascade_activation_functions=3 5 7 8 10 11 14 15 16 17 
cascade_activation_steepnesses_count=4
cascade_activation_steepnesses=2.50000000000000000000e-01 5.00000000000000000000e-01 7.50000000000000000000e-01 1.00000000000000000000e+00 
layer_sizes=13 4 2 
scale_included=0
neurons (num_inputs, activation_function, activation_steepness)=(0, 0, 0.00000000000000000000e+00) (0, 0, 0.00000000000000000000e+00) (0, 0, 0.00000000000000000000e+00) (0, 0, 0.00000000000000000000e+00) (0, 0, 0.00000000000000000000e+00) (0, 0, 0.00000000000000000000e+00) (0, 0, 0.00000000000000000000e+00) (0, 0, 0.00000000000000000000e+00) (0, 0, 0.00000000000000000000e+00) (0, 0, 0.00000000000000000000e+00) (0, 0, 0.00000000000000000000e+00) (0, 0, 0.00000000000000000000e+00) (0, 0, 0.00000000000000000000e+00) (13, 6, 5.00000000000000000000e-01) (13, 6, 5.00000000000000000000e-01) (13, 6, 5.00000000000000000000e-01) (0, 6, 0.00000000000000000000e+00) (4, 4, 5.00000000000000000000e-01) (0, 4, 0.00000000000000000000e+00) 
connections (connected_to_neuron, weight)=(0, -1.50385030092198146434e+00) (1, 1.83646066488858394905e+00) (2, 7.51421197645330329884e-01) (3, 2.06558530844544030458e+00) (4, -1.14776189435163389341e+00) (5, 1.44295928660479555461e+00) (6, -1.37962876683637847286e+00) (7, 2.21909698477724293131e-01) (8, 7.79857799208059310203e-01) (9, 2.26826658703720152044e-01) (10, -2.26244928648000875882e+00) (11, 3.39882505584753369376e+00) (12, -1.38856726618010339891e+00) (0, -1.99526413591608942077e-01) (1, 1.42964158928560447492e+00) (2, -2.08399543425365457727e-01) (3, -5.61609491911092065242e-02) (4, -4.63845003459047947741e-03) (5, 5.94285485792836354335e-01) (6, 1.92487877878074448157e-01) (7, 1.70128458884701488918e-01) (8, 3.59380233512162361453e-01) (9, 7.79376620043433776530e-01) (10, 7.22328547920762648049e-02) (11, 9.52215297735216292807e-01) (12, -5.13567730474077596692e-02) (0, -1.43388401450115932079e+00) (1, 2.54796620732196688053e+00) (2, 9.60428779161682677490e-01) (3, 2.89184175851866243079e+00) (4, -1.10896964926162611143e+00) (5, 2.36589672911618453810e+00) (6, -7.33505025869992444143e-01) (7, 1.46673076673560642824e+00) (8, 1.34892520276228977671e+00) (9, 5.25579550162734054908e-01) (10, -3.17738455458516355634e+00) (11, 3.49037837136782025382e+00) (12, -2.88596603439703081051e+00) (13, 5.95079286538598140055e+00) (14, 6.43179154191428015253e-01) (15, 1.57090496967294548369e+01) (16, -1.44123609842259181590e+00) 
