FANN_FLO_2.1
num_layers=3
learning_rate=0.700000
connection_rate=1.000000
network_type=0
learning_momentum=0.000000
training_algorithm=2
train_error_function=1
train_stop_function=1
cascade_output_change_fraction=0.010000
quickprop_decay=-0.000100
quickprop_mu=1.750000
rprop_increase_factor=1.200000
rprop_decrease_factor=0.500000
rprop_delta_min=0.000000
rprop_delta_max=50.000000
rprop_delta_zero=0.100000
cascade_output_stagnation_epochs=12
cascade_candidate_change_fraction=0.010000
cascade_candidate_stagnation_epochs=12
cascade_max_out_epochs=150
cascade_min_out_epochs=50
cascade_max_cand_epochs=150
cascade_min_cand_epochs=50
cascade_num_candidate_groups=2
bit_fail_limit=1.00000000000000005551e-01
cascade_candidate_limit=1.00000000000000000000e+03
cascade_weight_multiplier=4.00000000000000022204e-01
cascade_activation_functions_count=10
cascade_activation_functions=3 5 7 8 10 11 14 15 16 17 
cascade_activation_steepnesses_count=4
cascade_activation_steepnesses=2.50000000000000000000e-01 5.00000000000000000000e-01 7.50000000000000000000e-01 1.00000000000000000000e+00 
layer_sizes=12 4 2 
scale_included=0
neurons (num_inputs, activation_function, activation_steepness)=(0, 0, 0.00000000000000000000e+00) (0, 0, 0.00000000000000000000e+00) (0, 0, 0.00000000000000000000e+00) (0, 0, 0.00000000000000000000e+00) (0, 0, 0.00000000000000000000e+00) (0, 0, 0.00000000000000000000e+00) (0, 0, 0.00000000000000000000e+00) (0, 0, 0.00000000000000000000e+00) (0, 0, 0.00000000000000000000e+00) (0, 0, 0.00000000000000000000e+00) (0, 0, 0.00000000000000000000e+00) (0, 0, 0.00000000000000000000e+00) (12, 6, 5.00000000000000000000e-01) (12, 6, 5.00000000000000000000e-01) (12, 6, 5.00000000000000000000e-01) (0, 6, 0.00000000000000000000e+00) (4, 4, 5.00000000000000000000e-01) (0, 4, 0.00000000000000000000e+00) 
connections (connected_to_neuron, weight)=(0, -1.05308209609818548280e+00) (1, 4.67418150075399818633e+00) (2, -4.61092903314344049193e-01) (3, -7.09330566604847723156e-01) (4, -5.98329276223892980724e-01) (5, -4.30146268604508996702e-01) (6, 4.80389747240269127104e+00) (7, -6.84136368711705022960e-01) (8, 8.70550525934144225904e-02) (9, -6.93170923982304731936e-01) (10, -4.79795238592350425932e+00) (11, -6.89262740691418462902e-01) (0, -5.78500023311953270877e-01) (1, 9.22811540550570463814e-01) (2, 3.75013274361752080299e-02) (3, -7.11909262663702691043e-01) (4, 5.33208975823836334174e-02) (5, 7.81104711105488347389e-02) (6, 8.03343384302239504891e-01) (7, -1.56453123060746185358e-02) (8, 5.43685525527662250056e-01) (9, -2.44953458222213427131e-01) (10, -6.24114832109789574588e-01) (11, -4.04870008794350616510e-02) (0, -1.59004084395649059047e+00) (1, 1.78069039987804522696e+00) (2, 1.94266879104238482379e-01) (3, -1.72252647208454234828e+00) (4, -1.69510008501804032566e-01) (5, -8.30309326122151136751e-02) (6, 1.83156270342352023306e+00) (7, -9.71018166420818673590e-02) (8, 3.49597636091115826495e-01) (9, -6.83484134081767447100e-01) (10, -1.78519229965688808193e+00) (11, -2.30742456126010575534e-01) (12, 4.83939609148228111479e+00) (13, 1.86709467875244250479e+00) (14, 7.29747663635591736764e-01) (15, -9.26189954100371415358e-01) 
