FANN_FLO_2.1
num_layers=3
learning_rate=0.700000
connection_rate=1.000000
network_type=0
learning_momentum=0.000000
training_algorithm=2
train_error_function=1
train_stop_function=1
cascade_output_change_fraction=0.010000
quickprop_decay=-0.000100
quickprop_mu=1.750000
rprop_increase_factor=1.200000
rprop_decrease_factor=0.500000
rprop_delta_min=0.000000
rprop_delta_max=50.000000
rprop_delta_zero=0.100000
cascade_output_stagnation_epochs=12
cascade_candidate_change_fraction=0.010000
cascade_candidate_stagnation_epochs=12
cascade_max_out_epochs=150
cascade_min_out_epochs=50
cascade_max_cand_epochs=150
cascade_min_cand_epochs=50
cascade_num_candidate_groups=2
bit_fail_limit=1.00000000000000005551e-01
cascade_candidate_limit=1.00000000000000000000e+03
cascade_weight_multiplier=4.00000000000000022204e-01
cascade_activation_functions_count=10
cascade_activation_functions=3 5 7 8 10 11 14 15 16 17 
cascade_activation_steepnesses_count=4
cascade_activation_steepnesses=2.50000000000000000000e-01 5.00000000000000000000e-01 7.50000000000000000000e-01 1.00000000000000000000e+00 
layer_sizes=9 4 2 
scale_included=0
neurons (num_inputs, activation_function, activation_steepness)=(0, 0, 0.00000000000000000000e+00) (0, 0, 0.00000000000000000000e+00) (0, 0, 0.00000000000000000000e+00) (0, 0, 0.00000000000000000000e+00) (0, 0, 0.00000000000000000000e+00) (0, 0, 0.00000000000000000000e+00) (0, 0, 0.00000000000000000000e+00) (0, 0, 0.00000000000000000000e+00) (0, 0, 0.00000000000000000000e+00) (9, 6, 5.00000000000000000000e-01) (9, 6, 5.00000000000000000000e-01) (9, 6, 5.00000000000000000000e-01) (0, 6, 0.00000000000000000000e+00) (4, 4, 5.00000000000000000000e-01) (0, 4, 0.00000000000000000000e+00) 
connections (connected_to_neuron, weight)=(0, 1.35656950037983303758e+00) (1, -3.91041755651001210481e+00) (2, -3.42502135126692142109e-02) (3, 3.31855266156903638830e-01) (4, 1.26031740170029049608e+00) (5, 6.99286180935617451837e-01) (6, 6.20936709843393330743e-01) (7, 6.47162097893472676446e-01) (8, 9.70765702572131239378e-01) (0, -1.31066119025526894859e-01) (1, 6.05112300599412233915e-01) (2, 8.76033738043400928008e-02) (3, 6.54674380805584793519e-02) (4, 7.64114934484410313065e-02) (5, -4.32652581682256703877e-02) (6, 5.83394866237588738400e-02) (7, 1.30013960207457174301e-01) (8, -1.75368782599520378618e-02) (0, -9.47053282676672436580e-01) (1, 3.82582309816841359407e+00) (2, 3.02503368583095677558e-01) (3, 4.08175588158481428280e-02) (4, -8.76142061470484234675e-01) (5, -3.23670440644852064338e-01) (6, -3.00338805944553755012e-01) (7, -5.16532738586395590019e-01) (8, -5.63499835213154165459e-01) (9, -3.87515950177673573762e+00) (10, 2.14786815767253669307e-01) (11, 3.88596231465105290681e+00) (12, -9.08329348234867550715e-01) 
