FANN_FLO_2.1
num_layers=3
learning_rate=0.700000
connection_rate=1.000000
network_type=0
learning_momentum=0.000000
training_algorithm=2
train_error_function=1
train_stop_function=1
cascade_output_change_fraction=0.010000
quickprop_decay=-0.000100
quickprop_mu=1.750000
rprop_increase_factor=1.200000
rprop_decrease_factor=0.500000
rprop_delta_min=0.000000
rprop_delta_max=50.000000
rprop_delta_zero=0.100000
cascade_output_stagnation_epochs=12
cascade_candidate_change_fraction=0.010000
cascade_candidate_stagnation_epochs=12
cascade_max_out_epochs=150
cascade_min_out_epochs=50
cascade_max_cand_epochs=150
cascade_min_cand_epochs=50
cascade_num_candidate_groups=2
bit_fail_limit=1.00000000000000005551e-01
cascade_candidate_limit=1.00000000000000000000e+03
cascade_weight_multiplier=4.00000000000000022204e-01
cascade_activation_functions_count=10
cascade_activation_functions=3 5 7 8 10 11 14 15 16 17 
cascade_activation_steepnesses_count=4
cascade_activation_steepnesses=2.50000000000000000000e-01 5.00000000000000000000e-01 7.50000000000000000000e-01 1.00000000000000000000e+00 
layer_sizes=10 4 2 
scale_included=0
neurons (num_inputs, activation_function, activation_steepness)=(0, 0, 0.00000000000000000000e+00) (0, 0, 0.00000000000000000000e+00) (0, 0, 0.00000000000000000000e+00) (0, 0, 0.00000000000000000000e+00) (0, 0, 0.00000000000000000000e+00) (0, 0, 0.00000000000000000000e+00) (0, 0, 0.00000000000000000000e+00) (0, 0, 0.00000000000000000000e+00) (0, 0, 0.00000000000000000000e+00) (0, 0, 0.00000000000000000000e+00) (10, 6, 5.00000000000000000000e-01) (10, 6, 5.00000000000000000000e-01) (10, 6, 5.00000000000000000000e-01) (0, 6, 0.00000000000000000000e+00) (4, 4, 5.00000000000000000000e-01) (0, 4, 0.00000000000000000000e+00) 
connections (connected_to_neuron, weight)=(0, 4.68983191198145199508e+00) (1, -2.81310586304593313045e+00) (2, -4.55331599060750402685e+00) (3, 2.98080160750143807746e+00) (4, -6.56003647119096910956e+00) (5, 3.32406268372499669184e+00) (6, 9.29186386110589523923e+00) (7, 1.13462973144576135809e+01) (8, -7.10051717179549513048e+00) (9, 3.51163837478787232982e+00) (0, -3.36043991113617454211e-03) (1, 1.63458434340422731346e-01) (2, 5.97295666452340889840e-01) (3, 2.86871152040851118414e-01) (4, 2.55858574478199285451e+00) (5, 4.18041106392058452457e+01) (6, -5.96422044669918349769e+00) (7, -2.26224922690714391749e+00) (8, 1.48569689157931117407e+00) (9, -1.75854321908109401118e-01) (0, 4.75902193451495314491e+00) (1, -3.50202297915521221228e+00) (2, -3.21439774136058886711e+00) (3, 2.38410765472457075731e+00) (4, -3.26588144172915617602e+00) (5, -2.65305897345624419614e+00) (6, -6.03391489001445013862e-01) (7, -6.37549640598229605537e-01) (8, -1.28754248151146444279e+00) (9, 3.67706747739942851894e+00) (10, -3.09007056540725022487e+00) (11, 1.25597065040407462888e+00) (12, -1.75216602984130105369e+01) (13, -1.30001304644807746946e+00) 
