FANN_FLO_2.1
num_layers=3
learning_rate=0.700000
connection_rate=1.000000
network_type=0
learning_momentum=0.000000
training_algorithm=2
train_error_function=1
train_stop_function=1
cascade_output_change_fraction=0.010000
quickprop_decay=-0.000100
quickprop_mu=1.750000
rprop_increase_factor=1.200000
rprop_decrease_factor=0.500000
rprop_delta_min=0.000000
rprop_delta_max=50.000000
rprop_delta_zero=0.100000
cascade_output_stagnation_epochs=12
cascade_candidate_change_fraction=0.010000
cascade_candidate_stagnation_epochs=12
cascade_max_out_epochs=150
cascade_min_out_epochs=50
cascade_max_cand_epochs=150
cascade_min_cand_epochs=50
cascade_num_candidate_groups=2
bit_fail_limit=1.00000000000000005551e-01
cascade_candidate_limit=1.00000000000000000000e+03
cascade_weight_multiplier=4.00000000000000022204e-01
cascade_activation_functions_count=10
cascade_activation_functions=3 5 7 8 10 11 14 15 16 17 
cascade_activation_steepnesses_count=4
cascade_activation_steepnesses=2.50000000000000000000e-01 5.00000000000000000000e-01 7.50000000000000000000e-01 1.00000000000000000000e+00 
layer_sizes=12 4 2 
scale_included=0
neurons (num_inputs, activation_function, activation_steepness)=(0, 0, 0.00000000000000000000e+00) (0, 0, 0.00000000000000000000e+00) (0, 0, 0.00000000000000000000e+00) (0, 0, 0.00000000000000000000e+00) (0, 0, 0.00000000000000000000e+00) (0, 0, 0.00000000000000000000e+00) (0, 0, 0.00000000000000000000e+00) (0, 0, 0.00000000000000000000e+00) (0, 0, 0.00000000000000000000e+00) (0, 0, 0.00000000000000000000e+00) (0, 0, 0.00000000000000000000e+00) (0, 0, 0.00000000000000000000e+00) (12, 6, 5.00000000000000000000e-01) (12, 6, 5.00000000000000000000e-01) (12, 6, 5.00000000000000000000e-01) (0, 6, 0.00000000000000000000e+00) (4, 4, 5.00000000000000000000e-01) (0, 4, 0.00000000000000000000e+00) 
connections (connected_to_neuron, weight)=(0, -6.54981824477040674992e-01) (1, 1.56725487573831268051e+00) (2, 2.42349342420000835041e-01) (3, -9.09249428952384142200e-01) (4, -8.87794354751115122326e-01) (5, 1.86047307378251014498e+00) (6, -9.89344002499585650767e-01) (7, -2.83088170736914140901e-02) (8, -5.00646855338698459903e-01) (9, 2.89791735301617592313e+00) (10, 2.04627816102112696228e+01) (11, -5.62623986735664716186e-01) (0, 2.82697383004471580747e+00) (1, -6.87604676306666551255e-01) (2, -1.27141828420477391859e+01) (3, -2.86183632933375009522e-01) (4, -3.08640106737960717709e+00) (5, -8.56675112447915276803e-01) (6, -1.98976765659932386399e+00) (7, -8.83060879754519767459e+00) (8, -8.57069504790521796700e-01) (9, -4.27993202525895177768e-01) (10, 6.18850132406782904582e+01) (11, 2.95683435040756981138e+00) (0, -1.51190791731902463013e+00) (1, 1.21910326719799400053e+00) (2, 7.44709842910755481782e-01) (3, -1.77322635783394488840e+00) (4, -2.24137526241655793413e+00) (5, 1.00172763058846436834e+00) (6, -2.14535771546478715166e+00) (7, 3.03465229845121864383e-01) (8, 7.46586005874343761057e-01) (9, 9.93561941294105466227e-01) (10, 4.91303311098923245481e+01) (11, -7.24176252725446167879e-01) (12, 5.78687907408086488203e+00) (13, -7.57625024866074081586e+00) (14, 1.45712556217796560531e+01) (15, -2.29757680780999384851e+00) 
