FANN_FLO_2.1
num_layers=3
learning_rate=0.700000
connection_rate=1.000000
network_type=0
learning_momentum=0.000000
training_algorithm=2
train_error_function=1
train_stop_function=1
cascade_output_change_fraction=0.010000
quickprop_decay=-0.000100
quickprop_mu=1.750000
rprop_increase_factor=1.200000
rprop_decrease_factor=0.500000
rprop_delta_min=0.000000
rprop_delta_max=50.000000
rprop_delta_zero=0.100000
cascade_output_stagnation_epochs=12
cascade_candidate_change_fraction=0.010000
cascade_candidate_stagnation_epochs=12
cascade_max_out_epochs=150
cascade_min_out_epochs=50
cascade_max_cand_epochs=150
cascade_min_cand_epochs=50
cascade_num_candidate_groups=2
bit_fail_limit=1.00000000000000005551e-01
cascade_candidate_limit=1.00000000000000000000e+03
cascade_weight_multiplier=4.00000000000000022204e-01
cascade_activation_functions_count=10
cascade_activation_functions=3 5 7 8 10 11 14 15 16 17 
cascade_activation_steepnesses_count=4
cascade_activation_steepnesses=2.50000000000000000000e-01 5.00000000000000000000e-01 7.50000000000000000000e-01 1.00000000000000000000e+00 
layer_sizes=13 4 2 
scale_included=0
neurons (num_inputs, activation_function, activation_steepness)=(0, 0, 0.00000000000000000000e+00) (0, 0, 0.00000000000000000000e+00) (0, 0, 0.00000000000000000000e+00) (0, 0, 0.00000000000000000000e+00) (0, 0, 0.00000000000000000000e+00) (0, 0, 0.00000000000000000000e+00) (0, 0, 0.00000000000000000000e+00) (0, 0, 0.00000000000000000000e+00) (0, 0, 0.00000000000000000000e+00) (0, 0, 0.00000000000000000000e+00) (0, 0, 0.00000000000000000000e+00) (0, 0, 0.00000000000000000000e+00) (0, 0, 0.00000000000000000000e+00) (13, 6, 5.00000000000000000000e-01) (13, 6, 5.00000000000000000000e-01) (13, 6, 5.00000000000000000000e-01) (0, 6, 0.00000000000000000000e+00) (4, 4, 5.00000000000000000000e-01) (0, 4, 0.00000000000000000000e+00) 
connections (connected_to_neuron, weight)=(0, 8.34705328004186508650e-01) (1, -3.18372474231950786105e+00) (2, 1.54681007609187320950e-01) (3, 7.22154674486940262312e-01) (4, 8.12301908986394760603e-01) (5, 7.67061514215295670027e-01) (6, 4.58915532347977939143e-01) (7, 7.57122268335645554060e-01) (8, 1.23422381184799823117e+00) (9, 6.70049314753835667524e-01) (10, 7.41223332838838455672e-01) (11, 6.87748593644922245893e-01) (12, 4.58648533341706576838e-01) (0, 8.08055495278661606307e-01) (1, -3.18418861546747233859e+00) (2, 2.08288493797599033597e-01) (3, 7.70619658188646194930e-01) (4, 7.77862226025884506697e-01) (5, 7.51134147302930710310e-01) (6, 3.83931875941575351252e-01) (7, 7.79922698991124985213e-01) (8, 1.17299140892727526975e+00) (9, 7.35529539542024490828e-01) (10, 8.14135660784070847029e-01) (11, 7.13861455576246139998e-01) (12, 5.03304318306267983729e-01) (0, 7.90569772379224655623e-01) (1, -3.19434921064607646457e+00) (2, 9.47924547348606982844e-02) (3, 7.07633466826503632063e-01) (4, 8.27915852324788925642e-01) (5, 6.85568434552972783003e-01) (6, 4.10631426391423526301e-01) (7, 7.38667508022611496443e-01) (8, 1.15585774086220416379e+00) (9, 7.05403932736938354964e-01) (10, 6.59879555361097325239e-01) (11, 7.03259786026304123396e-01) (12, 4.88356695291817965998e-01) (13, -3.20662240305177714816e+00) (14, -3.13343257078163173190e+00) (15, -3.14884158590070750705e+00) (16, -4.38870692739974088692e-01) 
