FANN_FLO_2.1
num_layers=3
learning_rate=0.700000
connection_rate=1.000000
network_type=0
learning_momentum=0.000000
training_algorithm=2
train_error_function=1
train_stop_function=1
cascade_output_change_fraction=0.010000
quickprop_decay=-0.000100
quickprop_mu=1.750000
rprop_increase_factor=1.200000
rprop_decrease_factor=0.500000
rprop_delta_min=0.000000
rprop_delta_max=50.000000
rprop_delta_zero=0.100000
cascade_output_stagnation_epochs=12
cascade_candidate_change_fraction=0.010000
cascade_candidate_stagnation_epochs=12
cascade_max_out_epochs=150
cascade_min_out_epochs=50
cascade_max_cand_epochs=150
cascade_min_cand_epochs=50
cascade_num_candidate_groups=2
bit_fail_limit=1.00000000000000005551e-01
cascade_candidate_limit=1.00000000000000000000e+03
cascade_weight_multiplier=4.00000000000000022204e-01
cascade_activation_functions_count=10
cascade_activation_functions=3 5 7 8 10 11 14 15 16 17 
cascade_activation_steepnesses_count=4
cascade_activation_steepnesses=2.50000000000000000000e-01 5.00000000000000000000e-01 7.50000000000000000000e-01 1.00000000000000000000e+00 
layer_sizes=6 4 2 
scale_included=0
neurons (num_inputs, activation_function, activation_steepness)=(0, 0, 0.00000000000000000000e+00) (0, 0, 0.00000000000000000000e+00) (0, 0, 0.00000000000000000000e+00) (0, 0, 0.00000000000000000000e+00) (0, 0, 0.00000000000000000000e+00) (0, 0, 0.00000000000000000000e+00) (6, 6, 5.00000000000000000000e-01) (6, 6, 5.00000000000000000000e-01) (6, 6, 5.00000000000000000000e-01) (0, 6, 0.00000000000000000000e+00) (4, 4, 5.00000000000000000000e-01) (0, 4, 0.00000000000000000000e+00) 
connections (connected_to_neuron, weight)=(0, 8.76700180058930689242e-01) (1, 1.55390175877069793842e+01) (2, 1.46109660810848374091e+00) (3, 1.42103410668809249096e+00) (4, 1.73982683403230109498e+00) (5, -2.05431375043691311078e+00) (0, -1.15228431957143162556e+00) (1, 2.83006004510167885613e+00) (2, -5.33947946159289768553e-02) (3, -6.19380762166762077747e-01) (4, -8.41350564381996957053e-01) (5, 6.07967780216831066298e-01) (0, -1.24394712631595169561e-01) (1, -4.58895791426726340489e+00) (2, 3.11226272399702574845e+00) (3, 1.29307135966269237670e+00) (4, 6.04339499805971236412e-01) (5, 9.82679424517104993519e-01) (6, 1.98275433869410306897e+01) (7, -2.28619716982057106236e+01) (8, 4.90578413672209556751e+00) (9, -4.54312858701879040968e-01) 
