FANN_FLO_2.1
num_layers=3
learning_rate=0.700000
connection_rate=1.000000
network_type=0
learning_momentum=0.000000
training_algorithm=2
train_error_function=1
train_stop_function=1
cascade_output_change_fraction=0.010000
quickprop_decay=-0.000100
quickprop_mu=1.750000
rprop_increase_factor=1.200000
rprop_decrease_factor=0.500000
rprop_delta_min=0.000000
rprop_delta_max=50.000000
rprop_delta_zero=0.100000
cascade_output_stagnation_epochs=12
cascade_candidate_change_fraction=0.010000
cascade_candidate_stagnation_epochs=12
cascade_max_out_epochs=150
cascade_min_out_epochs=50
cascade_max_cand_epochs=150
cascade_min_cand_epochs=50
cascade_num_candidate_groups=2
bit_fail_limit=1.00000000000000005551e-01
cascade_candidate_limit=1.00000000000000000000e+03
cascade_weight_multiplier=4.00000000000000022204e-01
cascade_activation_functions_count=10
cascade_activation_functions=3 5 7 8 10 11 14 15 16 17 
cascade_activation_steepnesses_count=4
cascade_activation_steepnesses=2.50000000000000000000e-01 5.00000000000000000000e-01 7.50000000000000000000e-01 1.00000000000000000000e+00 
layer_sizes=9 4 2 
scale_included=0
neurons (num_inputs, activation_function, activation_steepness)=(0, 0, 0.00000000000000000000e+00) (0, 0, 0.00000000000000000000e+00) (0, 0, 0.00000000000000000000e+00) (0, 0, 0.00000000000000000000e+00) (0, 0, 0.00000000000000000000e+00) (0, 0, 0.00000000000000000000e+00) (0, 0, 0.00000000000000000000e+00) (0, 0, 0.00000000000000000000e+00) (0, 0, 0.00000000000000000000e+00) (9, 6, 5.00000000000000000000e-01) (9, 6, 5.00000000000000000000e-01) (9, 6, 5.00000000000000000000e-01) (0, 6, 0.00000000000000000000e+00) (4, 4, 5.00000000000000000000e-01) (0, 4, 0.00000000000000000000e+00) 
connections (connected_to_neuron, weight)=(0, -1.68335422926695432722e+00) (1, 1.83874525606186489668e+00) (2, -3.30298511618109663646e-02) (3, 9.37152879434675900594e-02) (4, -1.75900306605846967756e+00) (5, -8.25108185030596907872e-01) (6, -1.00465847919737805150e+00) (7, -9.33101337356920024213e-01) (8, 4.02502500681573005537e-02) (0, -4.27635345647490172638e+00) (1, 4.48680483768141424861e+00) (2, -1.06472951417648009631e-01) (3, -2.90893075750554341852e-01) (4, -2.56002048433035023223e+00) (5, -2.55952968478410847197e+00) (6, -2.49443247199266560088e+00) (7, -2.64081361919849522124e+00) (8, -2.83021435612987981578e-01) (0, -1.63371564501078214704e+00) (1, 1.84434710174353222456e+00) (2, -6.09937576883765181224e-02) (3, -2.28317303460984430408e-02) (4, -8.61357200844640513715e-01) (5, -1.00035371254240978978e+00) (6, -8.37161663873548289594e-01) (7, -1.01412400971209515355e+00) (8, -5.18423906297987777125e-02) (9, 4.23937903950369499029e+00) (10, 4.27422194788611076177e+00) (11, 4.25893284986174247564e+00) (12, -9.18566779944919420409e-01) 
