FANN_FLO_2.1
num_layers=3
learning_rate=0.700000
connection_rate=1.000000
network_type=0
learning_momentum=0.000000
training_algorithm=2
train_error_function=1
train_stop_function=1
cascade_output_change_fraction=0.010000
quickprop_decay=-0.000100
quickprop_mu=1.750000
rprop_increase_factor=1.200000
rprop_decrease_factor=0.500000
rprop_delta_min=0.000000
rprop_delta_max=50.000000
rprop_delta_zero=0.100000
cascade_output_stagnation_epochs=12
cascade_candidate_change_fraction=0.010000
cascade_candidate_stagnation_epochs=12
cascade_max_out_epochs=150
cascade_min_out_epochs=50
cascade_max_cand_epochs=150
cascade_min_cand_epochs=50
cascade_num_candidate_groups=2
bit_fail_limit=1.00000000000000005551e-01
cascade_candidate_limit=1.00000000000000000000e+03
cascade_weight_multiplier=4.00000000000000022204e-01
cascade_activation_functions_count=10
cascade_activation_functions=3 5 7 8 10 11 14 15 16 17 
cascade_activation_steepnesses_count=4
cascade_activation_steepnesses=2.50000000000000000000e-01 5.00000000000000000000e-01 7.50000000000000000000e-01 1.00000000000000000000e+00 
layer_sizes=7 4 2 
scale_included=0
neurons (num_inputs, activation_function, activation_steepness)=(0, 0, 0.00000000000000000000e+00) (0, 0, 0.00000000000000000000e+00) (0, 0, 0.00000000000000000000e+00) (0, 0, 0.00000000000000000000e+00) (0, 0, 0.00000000000000000000e+00) (0, 0, 0.00000000000000000000e+00) (0, 0, 0.00000000000000000000e+00) (7, 6, 5.00000000000000000000e-01) (7, 6, 5.00000000000000000000e-01) (7, 6, 5.00000000000000000000e-01) (0, 6, 0.00000000000000000000e+00) (4, 4, 5.00000000000000000000e-01) (0, 4, 0.00000000000000000000e+00) 
connections (connected_to_neuron, weight)=(0, 1.83080704691634998937e+00) (1, 1.34484010911563989232e+00) (2, 1.08143411669863520608e+00) (3, 2.37345555354416681837e+00) (4, 3.91413115346249673721e+00) (5, 2.20930452914718911117e+00) (6, -2.72332117282967534067e+00) (0, 4.39979233327331575865e-01) (1, 4.85794392771479888182e+00) (2, -1.21015734684985054592e+00) (3, 9.86113914822059456355e-01) (4, 2.75315528611050108765e+00) (5, 1.05702464346063451650e+00) (6, -9.75031207537481736658e-01) (0, 4.64637173671472392122e-01) (1, 2.30770570337382974202e+00) (2, -2.06771594643185507856e-01) (3, 1.22571964257331234016e+00) (4, 2.08236393207199066424e+00) (5, 1.44341103472364395977e+00) (6, -1.92928816940598579777e+00) (7, 3.64923340427335887171e+01) (8, 2.05539510260265734232e+00) (9, 1.11380878787931507645e+01) (10, -3.03851339931528574567e+00) 
