FANN_FLO_2.1
num_layers=3
learning_rate=0.700000
connection_rate=1.000000
network_type=0
learning_momentum=0.000000
training_algorithm=2
train_error_function=1
train_stop_function=1
cascade_output_change_fraction=0.010000
quickprop_decay=-0.000100
quickprop_mu=1.750000
rprop_increase_factor=1.200000
rprop_decrease_factor=0.500000
rprop_delta_min=0.000000
rprop_delta_max=50.000000
rprop_delta_zero=0.100000
cascade_output_stagnation_epochs=12
cascade_candidate_change_fraction=0.010000
cascade_candidate_stagnation_epochs=12
cascade_max_out_epochs=150
cascade_min_out_epochs=50
cascade_max_cand_epochs=150
cascade_min_cand_epochs=50
cascade_num_candidate_groups=2
bit_fail_limit=1.00000000000000005551e-01
cascade_candidate_limit=1.00000000000000000000e+03
cascade_weight_multiplier=4.00000000000000022204e-01
cascade_activation_functions_count=10
cascade_activation_functions=3 5 7 8 10 11 14 15 16 17 
cascade_activation_steepnesses_count=4
cascade_activation_steepnesses=2.50000000000000000000e-01 5.00000000000000000000e-01 7.50000000000000000000e-01 1.00000000000000000000e+00 
layer_sizes=9 4 2 
scale_included=0
neurons (num_inputs, activation_function, activation_steepness)=(0, 0, 0.00000000000000000000e+00) (0, 0, 0.00000000000000000000e+00) (0, 0, 0.00000000000000000000e+00) (0, 0, 0.00000000000000000000e+00) (0, 0, 0.00000000000000000000e+00) (0, 0, 0.00000000000000000000e+00) (0, 0, 0.00000000000000000000e+00) (0, 0, 0.00000000000000000000e+00) (0, 0, 0.00000000000000000000e+00) (9, 6, 5.00000000000000000000e-01) (9, 6, 5.00000000000000000000e-01) (9, 6, 5.00000000000000000000e-01) (0, 6, 0.00000000000000000000e+00) (4, 4, 5.00000000000000000000e-01) (0, 4, 0.00000000000000000000e+00) 
connections (connected_to_neuron, weight)=(0, -7.08206569267715746463e-01) (1, 3.17644721618709136024e+00) (2, 1.25440127557270519887e+00) (3, -7.80534279955829912723e-01) (4, -7.46032749725784594119e-01) (5, -7.72032094611133867801e-01) (6, -8.78499699248279863895e-01) (7, -7.25434487177337938846e-01) (8, -3.68372141757009496921e-01) (0, 3.66547256322102565917e+00) (1, -1.88319588724090092313e+00) (2, -2.56335448059841031210e+00) (3, 1.10658885246722826778e+00) (4, 1.38954038380089528459e+00) (5, 1.36469350927233423754e+00) (6, 1.22796840301363596737e+00) (7, 1.10368896127060689416e+00) (8, 9.82646188750640470211e-01) (0, -9.05388339175189793551e-01) (1, 2.21173952517565775011e+00) (2, 3.69148368742650223595e+00) (3, -8.71457322253192945283e-01) (4, -8.55969465090240522187e-01) (5, -7.49152122749294324677e-01) (6, -8.14910425557102247041e-01) (7, -1.07923383829854357963e+00) (8, -1.31423538122113752608e-02) (9, 1.76442058314717620249e+00) (10, -1.67251158559513939394e+01) (11, 6.99400804873854253785e-01) (12, -1.00492294981136476295e+00) 
