FANN_FLO_2.1
num_layers=3
learning_rate=0.700000
connection_rate=1.000000
network_type=0
learning_momentum=0.000000
training_algorithm=2
train_error_function=1
train_stop_function=1
cascade_output_change_fraction=0.010000
quickprop_decay=-0.000100
quickprop_mu=1.750000
rprop_increase_factor=1.200000
rprop_decrease_factor=0.500000
rprop_delta_min=0.000000
rprop_delta_max=50.000000
rprop_delta_zero=0.100000
cascade_output_stagnation_epochs=12
cascade_candidate_change_fraction=0.010000
cascade_candidate_stagnation_epochs=12
cascade_max_out_epochs=150
cascade_min_out_epochs=50
cascade_max_cand_epochs=150
cascade_min_cand_epochs=50
cascade_num_candidate_groups=2
bit_fail_limit=1.00000000000000005551e-01
cascade_candidate_limit=1.00000000000000000000e+03
cascade_weight_multiplier=4.00000000000000022204e-01
cascade_activation_functions_count=10
cascade_activation_functions=3 5 7 8 10 11 14 15 16 17 
cascade_activation_steepnesses_count=4
cascade_activation_steepnesses=2.50000000000000000000e-01 5.00000000000000000000e-01 7.50000000000000000000e-01 1.00000000000000000000e+00 
layer_sizes=11 4 2 
scale_included=0
neurons (num_inputs, activation_function, activation_steepness)=(0, 0, 0.00000000000000000000e+00) (0, 0, 0.00000000000000000000e+00) (0, 0, 0.00000000000000000000e+00) (0, 0, 0.00000000000000000000e+00) (0, 0, 0.00000000000000000000e+00) (0, 0, 0.00000000000000000000e+00) (0, 0, 0.00000000000000000000e+00) (0, 0, 0.00000000000000000000e+00) (0, 0, 0.00000000000000000000e+00) (0, 0, 0.00000000000000000000e+00) (0, 0, 0.00000000000000000000e+00) (11, 6, 5.00000000000000000000e-01) (11, 6, 5.00000000000000000000e-01) (11, 6, 5.00000000000000000000e-01) (0, 6, 0.00000000000000000000e+00) (4, 4, 5.00000000000000000000e-01) (0, 4, 0.00000000000000000000e+00) 
connections (connected_to_neuron, weight)=(0, -5.41302268317427115463e-01) (1, 9.30759211418282439432e-01) (2, 4.66287025759164475147e-01) (3, 7.18205342535823465511e-01) (4, 1.34832908277018814758e+00) (5, -4.40539878125200456971e-01) (6, 5.31416694981649007090e-02) (7, 1.65517423996407009312e+00) (8, -1.38686100463222716783e-01) (9, -2.17703079639488938923e+00) (10, -2.09465942069503058276e-01) (0, -3.04370226550782552177e-01) (1, 4.72445730693627718999e-01) (2, 7.91105372896140468519e-01) (3, 9.26335721299500813863e-01) (4, 9.05748763317911542714e-01) (5, 2.23302321886935731254e-02) (6, 2.14806486194807355616e-01) (7, 6.95310821061190242887e-01) (8, 2.40619355829458647644e-02) (9, -6.43212629561876969575e-01) (10, 1.08534155245809990631e-01) (0, 1.14865602914590692052e+00) (1, -1.18659258642477349888e+00) (2, -4.55917448486817367126e-01) (3, -8.13276387741005857279e-01) (4, -2.27939930174635252413e+00) (5, 1.41800341984253464034e+00) (6, 3.16588866161147119982e-01) (7, -2.30194452491398360294e+00) (8, 4.95249448107517753481e-01) (9, 1.71999871063717857389e+00) (10, 1.20735268656511163243e+00) (11, 2.76400782115681176165e+00) (12, 3.22601251381609333002e-01) (13, -1.85736311825098958650e+01) (14, -4.75604217878110246964e-01) 
