FANN_FLO_2.1
num_layers=3
learning_rate=0.700000
connection_rate=1.000000
network_type=0
learning_momentum=0.000000
training_algorithm=2
train_error_function=1
train_stop_function=1
cascade_output_change_fraction=0.010000
quickprop_decay=-0.000100
quickprop_mu=1.750000
rprop_increase_factor=1.200000
rprop_decrease_factor=0.500000
rprop_delta_min=0.000000
rprop_delta_max=50.000000
rprop_delta_zero=0.100000
cascade_output_stagnation_epochs=12
cascade_candidate_change_fraction=0.010000
cascade_candidate_stagnation_epochs=12
cascade_max_out_epochs=150
cascade_min_out_epochs=50
cascade_max_cand_epochs=150
cascade_min_cand_epochs=50
cascade_num_candidate_groups=2
bit_fail_limit=1.00000000000000005551e-01
cascade_candidate_limit=1.00000000000000000000e+03
cascade_weight_multiplier=4.00000000000000022204e-01
cascade_activation_functions_count=10
cascade_activation_functions=3 5 7 8 10 11 14 15 16 17 
cascade_activation_steepnesses_count=4
cascade_activation_steepnesses=2.50000000000000000000e-01 5.00000000000000000000e-01 7.50000000000000000000e-01 1.00000000000000000000e+00 
layer_sizes=12 4 2 
scale_included=0
neurons (num_inputs, activation_function, activation_steepness)=(0, 0, 0.00000000000000000000e+00) (0, 0, 0.00000000000000000000e+00) (0, 0, 0.00000000000000000000e+00) (0, 0, 0.00000000000000000000e+00) (0, 0, 0.00000000000000000000e+00) (0, 0, 0.00000000000000000000e+00) (0, 0, 0.00000000000000000000e+00) (0, 0, 0.00000000000000000000e+00) (0, 0, 0.00000000000000000000e+00) (0, 0, 0.00000000000000000000e+00) (0, 0, 0.00000000000000000000e+00) (0, 0, 0.00000000000000000000e+00) (12, 6, 5.00000000000000000000e-01) (12, 6, 5.00000000000000000000e-01) (12, 6, 5.00000000000000000000e-01) (0, 6, 0.00000000000000000000e+00) (4, 4, 5.00000000000000000000e-01) (0, 4, 0.00000000000000000000e+00) 
connections (connected_to_neuron, weight)=(0, -7.01941126859707775765e-01) (1, 5.32631326569203533694e-01) (2, 9.93752533383721270432e-01) (3, 1.73044188759212325124e+00) (4, 1.95046465275798774908e-01) (5, -4.86033660796298450091e-01) (6, 4.29050022948054745470e-03) (7, 9.66833710663702050603e-01) (8, 1.38667447120624642842e+00) (9, 1.62882075817461768885e+00) (10, -1.08515937783778371184e+00) (11, -6.16399930692238973151e-01) (0, -7.09215114445758354478e-01) (1, 4.20063117588642731537e-01) (2, 1.00440261547167986045e+00) (3, 2.57685876091606802518e+00) (4, 3.01169194660698191779e-01) (5, -2.50814109611191771165e-01) (6, 4.28842503415829967572e-02) (7, 1.28970209918407330285e+00) (8, 9.40779768716403369533e-02) (9, 5.97478775526841587862e-01) (10, 7.92211062582319147651e+00) (11, -4.36025697272160450702e-01) (0, 5.75070135200007559462e+00) (1, -3.93424471434587674779e+00) (2, -7.88430507330103225172e-01) (3, -3.66707429888608915647e+00) (4, -2.44293949701536589059e-01) (5, 2.22020697459703786336e+00) (6, 9.98048876198423196016e-01) (7, -2.44871057048243256915e+00) (8, -1.40172673326228447443e+00) (9, -3.42610105087694671866e+00) (10, -1.55919052354519949155e+00) (11, 3.44997789624898265615e+00) (12, 1.63907620249230245868e+00) (13, 1.71616854347320146879e+00) (14, -1.14175018465464752637e+01) (15, -1.60745274964684226049e+00) 
