FANN_FLO_2.1
num_layers=3
learning_rate=0.700000
connection_rate=1.000000
network_type=0
learning_momentum=0.000000
training_algorithm=2
train_error_function=1
train_stop_function=1
cascade_output_change_fraction=0.010000
quickprop_decay=-0.000100
quickprop_mu=1.750000
rprop_increase_factor=1.200000
rprop_decrease_factor=0.500000
rprop_delta_min=0.000000
rprop_delta_max=50.000000
rprop_delta_zero=0.100000
cascade_output_stagnation_epochs=12
cascade_candidate_change_fraction=0.010000
cascade_candidate_stagnation_epochs=12
cascade_max_out_epochs=150
cascade_min_out_epochs=50
cascade_max_cand_epochs=150
cascade_min_cand_epochs=50
cascade_num_candidate_groups=2
bit_fail_limit=1.00000000000000005551e-01
cascade_candidate_limit=1.00000000000000000000e+03
cascade_weight_multiplier=4.00000000000000022204e-01
cascade_activation_functions_count=10
cascade_activation_functions=3 5 7 8 10 11 14 15 16 17 
cascade_activation_steepnesses_count=4
cascade_activation_steepnesses=2.50000000000000000000e-01 5.00000000000000000000e-01 7.50000000000000000000e-01 1.00000000000000000000e+00 
layer_sizes=9 4 2 
scale_included=0
neurons (num_inputs, activation_function, activation_steepness)=(0, 0, 0.00000000000000000000e+00) (0, 0, 0.00000000000000000000e+00) (0, 0, 0.00000000000000000000e+00) (0, 0, 0.00000000000000000000e+00) (0, 0, 0.00000000000000000000e+00) (0, 0, 0.00000000000000000000e+00) (0, 0, 0.00000000000000000000e+00) (0, 0, 0.00000000000000000000e+00) (0, 0, 0.00000000000000000000e+00) (9, 6, 5.00000000000000000000e-01) (9, 6, 5.00000000000000000000e-01) (9, 6, 5.00000000000000000000e-01) (0, 6, 0.00000000000000000000e+00) (4, 4, 5.00000000000000000000e-01) (0, 4, 0.00000000000000000000e+00) 
connections (connected_to_neuron, weight)=(0, -2.59279832535222976020e+00) (1, 2.40284133125037158152e+00) (2, 2.69902948605454162667e-01) (3, -2.37633777749202301788e-01) (4, -9.72482287696126102006e-01) (5, -1.00174323599648773531e+00) (6, -9.72189964166405795609e-01) (7, -3.30280920457503901488e-01) (8, -2.67721600028496209411e-01) (0, -1.36095011432852630584e+00) (1, 1.19609465831898154065e+00) (2, 2.17829747715178267953e+00) (3, -1.43987176020827178924e+00) (4, -1.18278789781527637892e+00) (5, -1.41645614256348495452e+00) (6, -1.33806752612080459564e+00) (7, -1.41852877487625961272e+00) (8, -6.96746642216772293921e-01) (0, -1.40843245585646514861e+00) (1, 1.25764025384567679211e+00) (2, 2.25291591354790465829e+00) (3, -1.33702808072056655853e+00) (4, -1.41703557794179801910e+00) (5, -1.46217025269951705901e+00) (6, -1.33985885431256179778e+00) (7, -1.35846226115908508270e+00) (8, -6.76124075874418473120e-01) (9, 3.59071008745336461843e+00) (10, 8.67515987446926928328e+00) (11, 6.51280232705903028290e+00) (12, -1.28951699317736867556e+00) 
