FANN_FLO_2.1
num_layers=3
learning_rate=0.700000
connection_rate=1.000000
network_type=0
learning_momentum=0.000000
training_algorithm=2
train_error_function=1
train_stop_function=1
cascade_output_change_fraction=0.010000
quickprop_decay=-0.000100
quickprop_mu=1.750000
rprop_increase_factor=1.200000
rprop_decrease_factor=0.500000
rprop_delta_min=0.000000
rprop_delta_max=50.000000
rprop_delta_zero=0.100000
cascade_output_stagnation_epochs=12
cascade_candidate_change_fraction=0.010000
cascade_candidate_stagnation_epochs=12
cascade_max_out_epochs=150
cascade_min_out_epochs=50
cascade_max_cand_epochs=150
cascade_min_cand_epochs=50
cascade_num_candidate_groups=2
bit_fail_limit=1.00000000000000005551e-01
cascade_candidate_limit=1.00000000000000000000e+03
cascade_weight_multiplier=4.00000000000000022204e-01
cascade_activation_functions_count=10
cascade_activation_functions=3 5 7 8 10 11 14 15 16 17 
cascade_activation_steepnesses_count=4
cascade_activation_steepnesses=2.50000000000000000000e-01 5.00000000000000000000e-01 7.50000000000000000000e-01 1.00000000000000000000e+00 
layer_sizes=8 4 2 
scale_included=0
neurons (num_inputs, activation_function, activation_steepness)=(0, 0, 0.00000000000000000000e+00) (0, 0, 0.00000000000000000000e+00) (0, 0, 0.00000000000000000000e+00) (0, 0, 0.00000000000000000000e+00) (0, 0, 0.00000000000000000000e+00) (0, 0, 0.00000000000000000000e+00) (0, 0, 0.00000000000000000000e+00) (0, 0, 0.00000000000000000000e+00) (8, 6, 5.00000000000000000000e-01) (8, 6, 5.00000000000000000000e-01) (8, 6, 5.00000000000000000000e-01) (0, 6, 0.00000000000000000000e+00) (4, 4, 5.00000000000000000000e-01) (0, 4, 0.00000000000000000000e+00) 
connections (connected_to_neuron, weight)=(0, -1.19937995688654175375e+00) (1, 3.15515068386893160479e+00) (2, 4.40919039167027737580e-01) (3, -7.37276628045941961886e-01) (4, -7.59569346337224615695e-01) (5, -7.74435500978137625339e-01) (6, -7.94860787122155798556e-01) (7, -1.57077882195574081159e+00) (0, -1.14006889851428261373e+00) (1, 3.04684899215798266070e+00) (2, 3.96675509728055319947e-01) (3, -8.16413163571263922336e-01) (4, -7.18153297333623541476e-01) (5, -6.87722868649865759494e-01) (6, -3.33838230275062652908e-01) (7, -1.56478263194423949933e+00) (0, -6.58209782536426701860e-01) (1, 1.44924550212077307698e+00) (2, 8.08952687836753253636e-02) (3, -4.44762550543693971350e-02) (4, -1.70497608881938267356e-01) (5, -6.71461440872101189559e-02) (6, -1.31180904085531679915e-01) (7, -5.40402558143535882706e-01) (8, 5.36036655991476518324e+00) (9, 5.36586622088354570081e+00) (10, 2.95616810709452604300e+00) (11, -1.56464826817375457502e+00) 
