FANN_FLO_2.1
num_layers=3
learning_rate=0.700000
connection_rate=1.000000
network_type=0
learning_momentum=0.000000
training_algorithm=2
train_error_function=1
train_stop_function=1
cascade_output_change_fraction=0.010000
quickprop_decay=-0.000100
quickprop_mu=1.750000
rprop_increase_factor=1.200000
rprop_decrease_factor=0.500000
rprop_delta_min=0.000000
rprop_delta_max=50.000000
rprop_delta_zero=0.100000
cascade_output_stagnation_epochs=12
cascade_candidate_change_fraction=0.010000
cascade_candidate_stagnation_epochs=12
cascade_max_out_epochs=150
cascade_min_out_epochs=50
cascade_max_cand_epochs=150
cascade_min_cand_epochs=50
cascade_num_candidate_groups=2
bit_fail_limit=1.00000000000000005551e-01
cascade_candidate_limit=1.00000000000000000000e+03
cascade_weight_multiplier=4.00000000000000022204e-01
cascade_activation_functions_count=10
cascade_activation_functions=3 5 7 8 10 11 14 15 16 17 
cascade_activation_steepnesses_count=4
cascade_activation_steepnesses=2.50000000000000000000e-01 5.00000000000000000000e-01 7.50000000000000000000e-01 1.00000000000000000000e+00 
layer_sizes=11 4 2 
scale_included=0
neurons (num_inputs, activation_function, activation_steepness)=(0, 0, 0.00000000000000000000e+00) (0, 0, 0.00000000000000000000e+00) (0, 0, 0.00000000000000000000e+00) (0, 0, 0.00000000000000000000e+00) (0, 0, 0.00000000000000000000e+00) (0, 0, 0.00000000000000000000e+00) (0, 0, 0.00000000000000000000e+00) (0, 0, 0.00000000000000000000e+00) (0, 0, 0.00000000000000000000e+00) (0, 0, 0.00000000000000000000e+00) (0, 0, 0.00000000000000000000e+00) (11, 6, 5.00000000000000000000e-01) (11, 6, 5.00000000000000000000e-01) (11, 6, 5.00000000000000000000e-01) (0, 6, 0.00000000000000000000e+00) (4, 4, 5.00000000000000000000e-01) (0, 4, 0.00000000000000000000e+00) 
connections (connected_to_neuron, weight)=(0, 2.52699306948286839258e+00) (1, -5.66691064272544586800e+00) (2, -1.04101260547564367087e+00) (3, -5.18917817826392457903e+00) (4, -6.22623362455545681371e+00) (5, -3.58551763089619335290e-01) (6, -4.16491271342519109311e+00) (7, -5.15412315228519268828e+00) (8, -4.24439799453193256085e+00) (9, -5.50645797588537877498e-03) (10, 6.58112318575099752849e+00) (0, 2.52287152048832341578e-01) (1, 1.46897264511459590963e+00) (2, 7.06829442333247626173e-01) (3, 1.51341493850499664298e+00) (4, 2.15745994642480098946e+00) (5, 2.58232874203593920637e-01) (6, 1.46842004885798416147e+00) (7, 2.08563305130039511326e+00) (8, 1.39683022561743075407e+00) (9, 5.11173395949248932091e-01) (10, -2.88304609194635352853e-01) (0, 2.42423565281731434595e+00) (1, -5.72647038285157883308e+00) (2, -1.03457736020014623435e+00) (3, -5.29576795007111833513e+00) (4, -5.76381557901241325936e+00) (5, -5.48762641938648876305e-01) (6, -4.01103088046792333188e+00) (7, -5.14568085470733471709e+00) (8, -4.24667352850610324566e+00) (9, 1.80777290549064134639e-02) (10, 6.53776551544383810466e+00) (11, -8.72159896046608373865e+00) (12, 2.76806244999984230049e+00) (13, -8.76810829342096731409e+00) (14, -1.45676934391108736655e+00) 
