FANN_FLO_2.1
num_layers=3
learning_rate=0.700000
connection_rate=1.000000
network_type=0
learning_momentum=0.000000
training_algorithm=2
train_error_function=1
train_stop_function=1
cascade_output_change_fraction=0.010000
quickprop_decay=-0.000100
quickprop_mu=1.750000
rprop_increase_factor=1.200000
rprop_decrease_factor=0.500000
rprop_delta_min=0.000000
rprop_delta_max=50.000000
rprop_delta_zero=0.100000
cascade_output_stagnation_epochs=12
cascade_candidate_change_fraction=0.010000
cascade_candidate_stagnation_epochs=12
cascade_max_out_epochs=150
cascade_min_out_epochs=50
cascade_max_cand_epochs=150
cascade_min_cand_epochs=50
cascade_num_candidate_groups=2
bit_fail_limit=1.00000000000000005551e-01
cascade_candidate_limit=1.00000000000000000000e+03
cascade_weight_multiplier=4.00000000000000022204e-01
cascade_activation_functions_count=10
cascade_activation_functions=3 5 7 8 10 11 14 15 16 17 
cascade_activation_steepnesses_count=4
cascade_activation_steepnesses=2.50000000000000000000e-01 5.00000000000000000000e-01 7.50000000000000000000e-01 1.00000000000000000000e+00 
layer_sizes=8 4 2 
scale_included=0
neurons (num_inputs, activation_function, activation_steepness)=(0, 0, 0.00000000000000000000e+00) (0, 0, 0.00000000000000000000e+00) (0, 0, 0.00000000000000000000e+00) (0, 0, 0.00000000000000000000e+00) (0, 0, 0.00000000000000000000e+00) (0, 0, 0.00000000000000000000e+00) (0, 0, 0.00000000000000000000e+00) (0, 0, 0.00000000000000000000e+00) (8, 6, 5.00000000000000000000e-01) (8, 6, 5.00000000000000000000e-01) (8, 6, 5.00000000000000000000e-01) (0, 6, 0.00000000000000000000e+00) (4, 4, 5.00000000000000000000e-01) (0, 4, 0.00000000000000000000e+00) 
connections (connected_to_neuron, weight)=(0, 1.23050749313199192514e+00) (1, -5.76605272283281955481e+00) (2, -6.28785564756954851173e-03) (3, 3.78507299729425206181e-01) (4, -2.76222672913237654591e-01) (5, 1.29047507834422758854e-01) (6, -3.30262590765967423145e-01) (7, 1.18694111716115147104e+00) (0, 1.20499219011628300180e+00) (1, -5.81578841050591144324e+00) (2, 3.13717670812550392112e-02) (3, 1.90188227602082982060e-01) (4, -1.37759186927243260090e-01) (5, 5.78666319372283938227e-02) (6, -2.74072547078146988575e-01) (7, 1.22528328012787968149e+00) (0, -8.51551801024727494926e-01) (1, 5.71991392960276279211e+00) (2, 6.29500743706008364375e-02) (3, -1.42169113497952331882e-02) (4, 4.84130021723011894075e-01) (5, 3.92792905202653641616e-01) (6, 4.21961334140995902864e-01) (7, -1.00985070323830083971e+00) (8, -2.77832735185367019071e+00) (9, -2.76096204523784072293e+00) (10, 3.03282435709936093460e+00) (11, -6.97068642799169801982e-01) 
