FANN_FLO_2.1
num_layers=3
learning_rate=0.700000
connection_rate=1.000000
network_type=0
learning_momentum=0.000000
training_algorithm=2
train_error_function=1
train_stop_function=1
cascade_output_change_fraction=0.010000
quickprop_decay=-0.000100
quickprop_mu=1.750000
rprop_increase_factor=1.200000
rprop_decrease_factor=0.500000
rprop_delta_min=0.000000
rprop_delta_max=50.000000
rprop_delta_zero=0.100000
cascade_output_stagnation_epochs=12
cascade_candidate_change_fraction=0.010000
cascade_candidate_stagnation_epochs=12
cascade_max_out_epochs=150
cascade_min_out_epochs=50
cascade_max_cand_epochs=150
cascade_min_cand_epochs=50
cascade_num_candidate_groups=2
bit_fail_limit=1.00000000000000005551e-01
cascade_candidate_limit=1.00000000000000000000e+03
cascade_weight_multiplier=4.00000000000000022204e-01
cascade_activation_functions_count=10
cascade_activation_functions=3 5 7 8 10 11 14 15 16 17 
cascade_activation_steepnesses_count=4
cascade_activation_steepnesses=2.50000000000000000000e-01 5.00000000000000000000e-01 7.50000000000000000000e-01 1.00000000000000000000e+00 
layer_sizes=11 4 2 
scale_included=0
neurons (num_inputs, activation_function, activation_steepness)=(0, 0, 0.00000000000000000000e+00) (0, 0, 0.00000000000000000000e+00) (0, 0, 0.00000000000000000000e+00) (0, 0, 0.00000000000000000000e+00) (0, 0, 0.00000000000000000000e+00) (0, 0, 0.00000000000000000000e+00) (0, 0, 0.00000000000000000000e+00) (0, 0, 0.00000000000000000000e+00) (0, 0, 0.00000000000000000000e+00) (0, 0, 0.00000000000000000000e+00) (0, 0, 0.00000000000000000000e+00) (11, 6, 5.00000000000000000000e-01) (11, 6, 5.00000000000000000000e-01) (11, 6, 5.00000000000000000000e-01) (0, 6, 0.00000000000000000000e+00) (4, 4, 5.00000000000000000000e-01) (0, 4, 0.00000000000000000000e+00) 
connections (connected_to_neuron, weight)=(0, 1.22304776070506410202e-01) (1, 6.94572788210467306769e-01) (2, 2.57765252616032003452e-01) (3, -5.77848424582417877216e-02) (4, 1.22998809809515191604e-01) (5, -1.28357025404860561335e-02) (6, 4.34589982584777156926e-01) (7, 4.65630710676970760442e-01) (8, 1.47379407046229676803e-01) (9, 8.24286577681611065671e-02) (10, 3.58388063887665614393e-02) (0, -1.63838737049125815481e+00) (1, 8.60931220729661283997e+00) (2, 5.41422616385629940083e-01) (3, 1.92907588841128407875e-01) (4, -1.83567792154151004924e-01) (5, -1.13029736712789574682e+00) (6, -2.13212758279639286174e-01) (7, -1.07273444510298771037e-01) (8, -1.75225320049547317325e+00) (9, -1.02968918219423333227e+00) (10, -1.76857522466205718814e+00) (0, -3.79081715937558960672e-02) (1, 8.55331326187208973444e-01) (2, 8.15325810459920030659e-01) (3, 7.59589782734948204546e-02) (4, 9.18430357263797514378e-02) (5, 2.73333514932687857146e-02) (6, 1.27837677209209771290e-01) (7, 9.49190377281421415745e-02) (8, 2.05747361187036612029e-02) (9, -8.62759103175107927575e-02) (10, 4.67652332821446442557e-03) (11, 3.68335180536570827581e-01) (12, 6.40153913678670427601e+00) (13, 2.59917228206031969417e-01) (14, -2.04505583275310875990e+00) 
