FANN_FLO_2.1
num_layers=3
learning_rate=0.700000
connection_rate=1.000000
network_type=0
learning_momentum=0.000000
training_algorithm=2
train_error_function=1
train_stop_function=1
cascade_output_change_fraction=0.010000
quickprop_decay=-0.000100
quickprop_mu=1.750000
rprop_increase_factor=1.200000
rprop_decrease_factor=0.500000
rprop_delta_min=0.000000
rprop_delta_max=50.000000
rprop_delta_zero=0.100000
cascade_output_stagnation_epochs=12
cascade_candidate_change_fraction=0.010000
cascade_candidate_stagnation_epochs=12
cascade_max_out_epochs=150
cascade_min_out_epochs=50
cascade_max_cand_epochs=150
cascade_min_cand_epochs=50
cascade_num_candidate_groups=2
bit_fail_limit=1.00000000000000005551e-01
cascade_candidate_limit=1.00000000000000000000e+03
cascade_weight_multiplier=4.00000000000000022204e-01
cascade_activation_functions_count=10
cascade_activation_functions=3 5 7 8 10 11 14 15 16 17 
cascade_activation_steepnesses_count=4
cascade_activation_steepnesses=2.50000000000000000000e-01 5.00000000000000000000e-01 7.50000000000000000000e-01 1.00000000000000000000e+00 
layer_sizes=9 4 2 
scale_included=0
neurons (num_inputs, activation_function, activation_steepness)=(0, 0, 0.00000000000000000000e+00) (0, 0, 0.00000000000000000000e+00) (0, 0, 0.00000000000000000000e+00) (0, 0, 0.00000000000000000000e+00) (0, 0, 0.00000000000000000000e+00) (0, 0, 0.00000000000000000000e+00) (0, 0, 0.00000000000000000000e+00) (0, 0, 0.00000000000000000000e+00) (0, 0, 0.00000000000000000000e+00) (9, 6, 5.00000000000000000000e-01) (9, 6, 5.00000000000000000000e-01) (9, 6, 5.00000000000000000000e-01) (0, 6, 0.00000000000000000000e+00) (4, 4, 5.00000000000000000000e-01) (0, 4, 0.00000000000000000000e+00) 
connections (connected_to_neuron, weight)=(0, 4.78354119703813474018e-01) (1, 6.80467546494651631672e-02) (2, -1.31998642747937600106e-01) (3, -1.98555867950637787711e-01) (4, 1.76110213229049537842e-02) (5, -3.75650150547572614368e-02) (6, -1.99909466145324610231e+00) (7, -7.38355185729223539859e-01) (8, 4.08550271977268786294e-01) (0, -1.26354694620136376315e-01) (1, 4.51006072267779278828e-01) (2, 5.58416818242311485676e-01) (3, 7.88751910622691232433e-01) (4, 3.08807576451560150677e-01) (5, 3.51523551697353331402e-01) (6, 5.31174341747956746396e-01) (7, 1.42606652908249675882e+00) (8, -1.70704343717148293580e-01) (0, -4.58946589334986843056e+00) (1, 2.10836434695514007842e+00) (2, 7.42732259827458385359e-01) (3, 1.16598381117205796009e+00) (4, 7.38225674146218757699e-01) (5, 8.80349455290837745736e-01) (6, 2.34277130055552174070e+00) (7, 2.46131736323797234434e+00) (8, -1.33023013083137109369e+00) (9, -5.89229388044090418575e-01) (10, 6.10631636418128120880e-01) (11, 1.33850718631319658414e+01) (12, -1.77662550893672599450e+00) 
