FANN_FLO_2.1
num_layers=3
learning_rate=0.700000
connection_rate=1.000000
network_type=0
learning_momentum=0.000000
training_algorithm=2
train_error_function=1
train_stop_function=1
cascade_output_change_fraction=0.010000
quickprop_decay=-0.000100
quickprop_mu=1.750000
rprop_increase_factor=1.200000
rprop_decrease_factor=0.500000
rprop_delta_min=0.000000
rprop_delta_max=50.000000
rprop_delta_zero=0.100000
cascade_output_stagnation_epochs=12
cascade_candidate_change_fraction=0.010000
cascade_candidate_stagnation_epochs=12
cascade_max_out_epochs=150
cascade_min_out_epochs=50
cascade_max_cand_epochs=150
cascade_min_cand_epochs=50
cascade_num_candidate_groups=2
bit_fail_limit=1.00000000000000005551e-01
cascade_candidate_limit=1.00000000000000000000e+03
cascade_weight_multiplier=4.00000000000000022204e-01
cascade_activation_functions_count=10
cascade_activation_functions=3 5 7 8 10 11 14 15 16 17 
cascade_activation_steepnesses_count=4
cascade_activation_steepnesses=2.50000000000000000000e-01 5.00000000000000000000e-01 7.50000000000000000000e-01 1.00000000000000000000e+00 
layer_sizes=17 4 2 
scale_included=0
neurons (num_inputs, activation_function, activation_steepness)=(0, 0, 0.00000000000000000000e+00) (0, 0, 0.00000000000000000000e+00) (0, 0, 0.00000000000000000000e+00) (0, 0, 0.00000000000000000000e+00) (0, 0, 0.00000000000000000000e+00) (0, 0, 0.00000000000000000000e+00) (0, 0, 0.00000000000000000000e+00) (0, 0, 0.00000000000000000000e+00) (0, 0, 0.00000000000000000000e+00) (0, 0, 0.00000000000000000000e+00) (0, 0, 0.00000000000000000000e+00) (0, 0, 0.00000000000000000000e+00) (0, 0, 0.00000000000000000000e+00) (0, 0, 0.00000000000000000000e+00) (0, 0, 0.00000000000000000000e+00) (0, 0, 0.00000000000000000000e+00) (0, 0, 0.00000000000000000000e+00) (17, 6, 5.00000000000000000000e-01) (17, 6, 5.00000000000000000000e-01) (17, 6, 5.00000000000000000000e-01) (0, 6, 0.00000000000000000000e+00) (4, 4, 5.00000000000000000000e-01) (0, 4, 0.00000000000000000000e+00) 
connections (connected_to_neuron, weight)=(0, -9.02873694602157605971e-01) (1, 1.60671279744926509547e-01) (2, 9.77094674263204066023e-01) (3, 8.20420629172266657747e-01) (4, -2.52198662908390235093e-02) (5, 4.48523912697674331795e-01) (6, 1.14266043927930116553e+00) (7, 1.74945313464892268640e-02) (8, -2.66331265699659772150e-02) (9, -4.79331246207759964495e-01) (10, 6.97470489365742629673e-01) (11, 1.18950122224391363623e+00) (12, 2.34054653069250107045e-01) (13, 3.84802087967933248436e-01) (14, 6.99587184060307509803e-01) (15, 1.13530865352745746755e+00) (16, -1.87530868353881580157e-01) (0, 1.63788886766536823103e+00) (1, -6.32711382133318678278e-01) (2, -1.53305458331278576800e+00) (3, -8.36414149556750752268e-01) (4, 3.06844077364908540684e-01) (5, -8.36193854720260643099e-01) (6, -1.80792462866458758519e+00) (7, 3.45832892073749342821e-01) (8, 3.91005791978047190227e-01) (9, 1.11294367681187700292e+00) (10, -8.71704409562814808154e-01) (11, -1.63880057912026910749e+00) (12, -5.66341011190148790888e-01) (13, -4.45011838817175486849e-01) (14, -5.53717737688482425362e-01) (15, -1.67314641332241187399e+00) (16, 1.45737629232260768042e+00) (0, -2.43265096887718756946e+00) (1, 6.00120934034594877282e-01) (2, 2.08659856119773401417e+00) (3, 8.10433132362906150092e-01) (4, -1.08522192717103699300e-01) (5, 1.13921802819976503152e+00) (6, 2.49012807099597921479e+00) (7, 8.35168406555655967738e-02) (8, -4.60645831796691718196e-01) (9, -6.92406815653954565981e-01) (10, 8.19540393229220565097e-01) (11, 1.52700937280227799775e+00) (12, 3.77403295670577731968e-01) (13, 1.10963581265801947140e+00) (14, 1.73564866370377224314e+00) (15, 2.44529442402292351844e+00) (16, -1.01622370811505935428e+00) (17, 1.11884238660363477535e+00) (18, -4.62117000619421887109e+01) (19, 1.49407778124936001518e+01) (20, -8.60849581461173962715e-01) 
