FANN_FLO_2.1
num_layers=3
learning_rate=0.700000
connection_rate=1.000000
network_type=0
learning_momentum=0.000000
training_algorithm=2
train_error_function=1
train_stop_function=1
cascade_output_change_fraction=0.010000
quickprop_decay=-0.000100
quickprop_mu=1.750000
rprop_increase_factor=1.200000
rprop_decrease_factor=0.500000
rprop_delta_min=0.000000
rprop_delta_max=50.000000
rprop_delta_zero=0.100000
cascade_output_stagnation_epochs=12
cascade_candidate_change_fraction=0.010000
cascade_candidate_stagnation_epochs=12
cascade_max_out_epochs=150
cascade_min_out_epochs=50
cascade_max_cand_epochs=150
cascade_min_cand_epochs=50
cascade_num_candidate_groups=2
bit_fail_limit=1.00000000000000005551e-01
cascade_candidate_limit=1.00000000000000000000e+03
cascade_weight_multiplier=4.00000000000000022204e-01
cascade_activation_functions_count=10
cascade_activation_functions=3 5 7 8 10 11 14 15 16 17 
cascade_activation_steepnesses_count=4
cascade_activation_steepnesses=2.50000000000000000000e-01 5.00000000000000000000e-01 7.50000000000000000000e-01 1.00000000000000000000e+00 
layer_sizes=14 4 2 
scale_included=0
neurons (num_inputs, activation_function, activation_steepness)=(0, 0, 0.00000000000000000000e+00) (0, 0, 0.00000000000000000000e+00) (0, 0, 0.00000000000000000000e+00) (0, 0, 0.00000000000000000000e+00) (0, 0, 0.00000000000000000000e+00) (0, 0, 0.00000000000000000000e+00) (0, 0, 0.00000000000000000000e+00) (0, 0, 0.00000000000000000000e+00) (0, 0, 0.00000000000000000000e+00) (0, 0, 0.00000000000000000000e+00) (0, 0, 0.00000000000000000000e+00) (0, 0, 0.00000000000000000000e+00) (0, 0, 0.00000000000000000000e+00) (0, 0, 0.00000000000000000000e+00) (14, 6, 5.00000000000000000000e-01) (14, 6, 5.00000000000000000000e-01) (14, 6, 5.00000000000000000000e-01) (0, 6, 0.00000000000000000000e+00) (4, 4, 5.00000000000000000000e-01) (0, 4, 0.00000000000000000000e+00) 
connections (connected_to_neuron, weight)=(0, -5.82795546971519251578e-01) (1, 2.98854759881956422163e+00) (2, -9.38891447013606161853e-02) (3, -7.41672343438853354236e-02) (4, -7.08966529792536825916e-02) (5, -2.41794081987740550055e-01) (6, 1.08541928109786967038e-01) (7, -6.17140175424774062307e-01) (8, -2.87197160186173472418e-01) (9, 2.62054725262145724041e-02) (10, -7.03131245099265833609e-01) (11, -1.47729070213814053791e-02) (12, -4.80334196268942192898e-01) (13, -6.18801729403694045217e-01) (0, -1.68627033808118698133e+00) (1, 7.09460067502861413402e+00) (2, -1.19704445468871989444e-01) (3, 3.90285499220200116088e-02) (4, -4.14439104403948044286e-01) (5, -8.22153667998871906519e-01) (6, -3.42005625273679947362e-01) (7, -1.69923101045972702039e+00) (8, -3.81411172356104111181e-01) (9, -8.75672266061000015291e-02) (10, -1.24216307242132217858e+00) (11, 2.28085465555497024503e-02) (12, -1.21271426518178970788e+00) (13, -1.32147109796024353479e+00) (0, -2.39098276853144026122e-01) (1, 1.29753463562360393801e+00) (2, 1.15953393188860859331e-01) (3, 2.40708229250160943291e-01) (4, 1.80982060638812058961e-01) (5, -1.04963128765402619047e-01) (6, 1.83870759910790187996e-01) (7, -1.05069998561918592772e-01) (8, -8.22542723642328554856e-02) (9, 1.78167996114937526864e-01) (10, -1.46915975868284587325e-01) (11, 1.52397063678948119225e-01) (12, -1.97179082691252061110e-01) (13, -7.47530198689101699205e-02) (14, 1.51840692655845899139e+00) (15, 3.89255701193703318452e+00) (16, 2.14732879957831135354e-01) (17, -1.70782616414911148084e+00) 
