FANN_FLO_2.1
num_layers=3
learning_rate=0.700000
connection_rate=1.000000
network_type=0
learning_momentum=0.000000
training_algorithm=2
train_error_function=1
train_stop_function=1
cascade_output_change_fraction=0.010000
quickprop_decay=-0.000100
quickprop_mu=1.750000
rprop_increase_factor=1.200000
rprop_decrease_factor=0.500000
rprop_delta_min=0.000000
rprop_delta_max=50.000000
rprop_delta_zero=0.100000
cascade_output_stagnation_epochs=12
cascade_candidate_change_fraction=0.010000
cascade_candidate_stagnation_epochs=12
cascade_max_out_epochs=150
cascade_min_out_epochs=50
cascade_max_cand_epochs=150
cascade_min_cand_epochs=50
cascade_num_candidate_groups=2
bit_fail_limit=1.00000000000000005551e-01
cascade_candidate_limit=1.00000000000000000000e+03
cascade_weight_multiplier=4.00000000000000022204e-01
cascade_activation_functions_count=10
cascade_activation_functions=3 5 7 8 10 11 14 15 16 17 
cascade_activation_steepnesses_count=4
cascade_activation_steepnesses=2.50000000000000000000e-01 5.00000000000000000000e-01 7.50000000000000000000e-01 1.00000000000000000000e+00 
layer_sizes=9 4 2 
scale_included=0
neurons (num_inputs, activation_function, activation_steepness)=(0, 0, 0.00000000000000000000e+00) (0, 0, 0.00000000000000000000e+00) (0, 0, 0.00000000000000000000e+00) (0, 0, 0.00000000000000000000e+00) (0, 0, 0.00000000000000000000e+00) (0, 0, 0.00000000000000000000e+00) (0, 0, 0.00000000000000000000e+00) (0, 0, 0.00000000000000000000e+00) (0, 0, 0.00000000000000000000e+00) (9, 6, 5.00000000000000000000e-01) (9, 6, 5.00000000000000000000e-01) (9, 6, 5.00000000000000000000e-01) (0, 6, 0.00000000000000000000e+00) (4, 4, 5.00000000000000000000e-01) (0, 4, 0.00000000000000000000e+00) 
connections (connected_to_neuron, weight)=(0, -4.05956890195827202472e-01) (1, 2.44228454221349933206e+00) (2, 2.51578870220104722222e-01) (3, -4.46816999227027611408e-01) (4, 1.47254529399792222222e-01) (5, -2.00064590341734183099e-01) (6, -3.75010367244701159350e-01) (7, -3.16079284757594836108e-01) (8, -4.11769512802581505451e-01) (0, 1.63359329568664213284e+00) (1, -5.91680403043951663733e+00) (2, -2.41244206182499559832e-01) (3, 1.13904771007558136553e+00) (4, 2.14624598238933483874e-01) (5, 5.94100864036558262704e-01) (6, 1.65044749992410322292e+00) (7, 1.17643553562423019976e+00) (8, 1.81402387189189573391e+00) (0, -1.15859469577407647733e+00) (1, 5.76503731673087749243e+00) (2, 9.40216677550578527889e-02) (3, -5.04406720805825936615e-01) (4, 2.21441669451303529970e-01) (5, -2.47362924041346299298e-01) (6, -1.09863774656987001066e+00) (7, -6.85173549163999195954e-01) (8, -1.12028207063412477140e+00) (9, 2.35207203332644665394e+00) (10, -1.58609769672052691725e+00) (11, 3.36068245324981251798e+00) (12, -1.10878254651760865812e+00) 
