FANN_FLO_2.1
num_layers=3
learning_rate=0.700000
connection_rate=1.000000
network_type=0
learning_momentum=0.000000
training_algorithm=2
train_error_function=1
train_stop_function=1
cascade_output_change_fraction=0.010000
quickprop_decay=-0.000100
quickprop_mu=1.750000
rprop_increase_factor=1.200000
rprop_decrease_factor=0.500000
rprop_delta_min=0.000000
rprop_delta_max=50.000000
rprop_delta_zero=0.100000
cascade_output_stagnation_epochs=12
cascade_candidate_change_fraction=0.010000
cascade_candidate_stagnation_epochs=12
cascade_max_out_epochs=150
cascade_min_out_epochs=50
cascade_max_cand_epochs=150
cascade_min_cand_epochs=50
cascade_num_candidate_groups=2
bit_fail_limit=1.00000000000000005551e-01
cascade_candidate_limit=1.00000000000000000000e+03
cascade_weight_multiplier=4.00000000000000022204e-01
cascade_activation_functions_count=10
cascade_activation_functions=3 5 7 8 10 11 14 15 16 17 
cascade_activation_steepnesses_count=4
cascade_activation_steepnesses=2.50000000000000000000e-01 5.00000000000000000000e-01 7.50000000000000000000e-01 1.00000000000000000000e+00 
layer_sizes=14 4 2 
scale_included=0
neurons (num_inputs, activation_function, activation_steepness)=(0, 0, 0.00000000000000000000e+00) (0, 0, 0.00000000000000000000e+00) (0, 0, 0.00000000000000000000e+00) (0, 0, 0.00000000000000000000e+00) (0, 0, 0.00000000000000000000e+00) (0, 0, 0.00000000000000000000e+00) (0, 0, 0.00000000000000000000e+00) (0, 0, 0.00000000000000000000e+00) (0, 0, 0.00000000000000000000e+00) (0, 0, 0.00000000000000000000e+00) (0, 0, 0.00000000000000000000e+00) (0, 0, 0.00000000000000000000e+00) (0, 0, 0.00000000000000000000e+00) (0, 0, 0.00000000000000000000e+00) (14, 6, 5.00000000000000000000e-01) (14, 6, 5.00000000000000000000e-01) (14, 6, 5.00000000000000000000e-01) (0, 6, 0.00000000000000000000e+00) (4, 4, 5.00000000000000000000e-01) (0, 4, 0.00000000000000000000e+00) 
connections (connected_to_neuron, weight)=(0, -2.65887708820797241671e+00) (1, 1.11541460289503358005e+00) (2, -1.33696723161569981306e-03) (3, 1.88772670335085024362e+00) (4, -1.64731691554636350272e-01) (5, 1.61574134540504843471e+00) (6, 9.44676317196125182818e+02) (7, 1.04842995802619243229e+00) (8, -2.58701770226903771110e-01) (9, -2.41940350198360215606e-01) (10, 1.10577236984714666335e+00) (11, 1.10987020451712803393e+00) (12, 1.28200102647181204268e-02) (13, -8.75289601568183806002e-01) (0, -5.76058738781646439975e+00) (1, 7.49189749354554845873e-01) (2, 1.03130923965577214751e+00) (3, 1.80314731253904736441e+00) (4, 4.31074727895312315162e-01) (5, 1.33097167336690214157e+00) (6, 9.44795010369056853961e+02) (7, 1.14023819700249564590e+01) (8, 2.92480000801399731003e+00) (9, 1.75910779310419984611e-01) (10, -7.39669202481675780447e-01) (11, 1.05246042613401993293e+01) (12, -5.25418756104659712136e-01) (13, -1.10818783116762076268e+00) (0, 5.82835128762399268254e+00) (1, 4.98803471321040137187e-01) (2, 1.08986329359736267008e+00) (3, 8.00336506678010706217e-01) (4, 1.04062265173381529593e+00) (5, -1.05917132420509441104e+00) (6, 9.33860776407020239276e+02) (7, 1.18260312941340373083e-01) (8, 1.69696115721707108115e+00) (9, 1.45597782943283049484e+00) (10, 5.70231296937968479277e-01) (11, 3.87000102628902054036e-01) (12, 1.79326073652570777694e-01) (13, 5.94367297225271773442e+00) (14, 2.65088960291856814422e+01) (15, 5.99518096324645011208e+00) (16, -2.07588585010672410647e+00) (17, -1.07007155748717863730e+00) 
