FANN_FLO_2.1
num_layers=3
learning_rate=0.700000
connection_rate=1.000000
network_type=0
learning_momentum=0.000000
training_algorithm=2
train_error_function=1
train_stop_function=1
cascade_output_change_fraction=0.010000
quickprop_decay=-0.000100
quickprop_mu=1.750000
rprop_increase_factor=1.200000
rprop_decrease_factor=0.500000
rprop_delta_min=0.000000
rprop_delta_max=50.000000
rprop_delta_zero=0.100000
cascade_output_stagnation_epochs=12
cascade_candidate_change_fraction=0.010000
cascade_candidate_stagnation_epochs=12
cascade_max_out_epochs=150
cascade_min_out_epochs=50
cascade_max_cand_epochs=150
cascade_min_cand_epochs=50
cascade_num_candidate_groups=2
bit_fail_limit=1.00000000000000005551e-01
cascade_candidate_limit=1.00000000000000000000e+03
cascade_weight_multiplier=4.00000000000000022204e-01
cascade_activation_functions_count=10
cascade_activation_functions=3 5 7 8 10 11 14 15 16 17 
cascade_activation_steepnesses_count=4
cascade_activation_steepnesses=2.50000000000000000000e-01 5.00000000000000000000e-01 7.50000000000000000000e-01 1.00000000000000000000e+00 
layer_sizes=12 4 2 
scale_included=0
neurons (num_inputs, activation_function, activation_steepness)=(0, 0, 0.00000000000000000000e+00) (0, 0, 0.00000000000000000000e+00) (0, 0, 0.00000000000000000000e+00) (0, 0, 0.00000000000000000000e+00) (0, 0, 0.00000000000000000000e+00) (0, 0, 0.00000000000000000000e+00) (0, 0, 0.00000000000000000000e+00) (0, 0, 0.00000000000000000000e+00) (0, 0, 0.00000000000000000000e+00) (0, 0, 0.00000000000000000000e+00) (0, 0, 0.00000000000000000000e+00) (0, 0, 0.00000000000000000000e+00) (12, 6, 5.00000000000000000000e-01) (12, 6, 5.00000000000000000000e-01) (12, 6, 5.00000000000000000000e-01) (0, 6, 0.00000000000000000000e+00) (4, 4, 5.00000000000000000000e-01) (0, 4, 0.00000000000000000000e+00) 
connections (connected_to_neuron, weight)=(0, -6.02859100330527297729e+00) (1, 3.86142860877303917277e+00) (2, 3.45362188700239602923e+00) (3, 1.36291852466674690003e-01) (4, 1.22442207812052106242e+00) (5, 1.56132541623957998844e+00) (6, 2.67233732647413058103e+00) (7, 1.34653456430900342333e+00) (8, -2.12740240146578374336e+00) (9, -2.11722334374846044014e+00) (10, 3.66288918962073672958e+00) (11, -4.19213246534839623081e+00) (0, 1.34884005330743184103e+00) (1, -4.92531300647018166483e-01) (2, -8.28450829221007878367e-01) (3, 1.45868322043423481738e-01) (4, 1.93062136112456206316e-01) (5, -8.62449147462800713715e-02) (6, -7.57436067989759320707e-02) (7, -7.37730004548982354340e-02) (8, 1.53780249322006601354e+00) (9, 7.51630184810700652243e-01) (10, -6.45330649877593143238e-01) (11, 2.80306610190912464109e-01) (0, 1.26239727728309025778e+00) (1, -4.14102242452857760568e-01) (2, -9.08529341651198474317e-01) (3, 3.08293236582284024827e-01) (4, 1.71244723885064009661e-01) (5, -4.06755141019386583234e-03) (6, -1.34968445828847448398e-02) (7, -6.96517714023545952973e-02) (8, 2.26977517179897425592e+00) (9, 7.76178357629494941605e-01) (10, -6.69834722841784691028e-01) (11, 3.07732227170511407621e-01) (12, 1.04291089837085895198e+01) (13, -1.99094759131096488147e+00) (14, -1.51908808445260445907e+00) (15, -9.99038371458765617206e-01) 
