FANN_FLO_2.1
num_layers=3
learning_rate=0.700000
connection_rate=1.000000
network_type=0
learning_momentum=0.000000
training_algorithm=2
train_error_function=1
train_stop_function=1
cascade_output_change_fraction=0.010000
quickprop_decay=-0.000100
quickprop_mu=1.750000
rprop_increase_factor=1.200000
rprop_decrease_factor=0.500000
rprop_delta_min=0.000000
rprop_delta_max=50.000000
rprop_delta_zero=0.100000
cascade_output_stagnation_epochs=12
cascade_candidate_change_fraction=0.010000
cascade_candidate_stagnation_epochs=12
cascade_max_out_epochs=150
cascade_min_out_epochs=50
cascade_max_cand_epochs=150
cascade_min_cand_epochs=50
cascade_num_candidate_groups=2
bit_fail_limit=1.00000000000000005551e-01
cascade_candidate_limit=1.00000000000000000000e+03
cascade_weight_multiplier=4.00000000000000022204e-01
cascade_activation_functions_count=10
cascade_activation_functions=3 5 7 8 10 11 14 15 16 17 
cascade_activation_steepnesses_count=4
cascade_activation_steepnesses=2.50000000000000000000e-01 5.00000000000000000000e-01 7.50000000000000000000e-01 1.00000000000000000000e+00 
layer_sizes=13 4 2 
scale_included=0
neurons (num_inputs, activation_function, activation_steepness)=(0, 0, 0.00000000000000000000e+00) (0, 0, 0.00000000000000000000e+00) (0, 0, 0.00000000000000000000e+00) (0, 0, 0.00000000000000000000e+00) (0, 0, 0.00000000000000000000e+00) (0, 0, 0.00000000000000000000e+00) (0, 0, 0.00000000000000000000e+00) (0, 0, 0.00000000000000000000e+00) (0, 0, 0.00000000000000000000e+00) (0, 0, 0.00000000000000000000e+00) (0, 0, 0.00000000000000000000e+00) (0, 0, 0.00000000000000000000e+00) (0, 0, 0.00000000000000000000e+00) (13, 6, 5.00000000000000000000e-01) (13, 6, 5.00000000000000000000e-01) (13, 6, 5.00000000000000000000e-01) (0, 6, 0.00000000000000000000e+00) (4, 4, 5.00000000000000000000e-01) (0, 4, 0.00000000000000000000e+00) 
connections (connected_to_neuron, weight)=(0, -2.06243981476114335294e+00) (1, 1.09522057646135340114e+00) (2, 1.24194952094420152378e+00) (3, -7.88448314757575763334e-02) (4, 7.02379186062584981443e-02) (5, 5.64603333772619730979e-01) (6, 1.64870230586239086001e+00) (7, -1.04203893136428726862e+00) (8, 1.50752812293201310379e-01) (9, -7.46250746293868782999e-01) (10, -2.42264910605572841851e-01) (11, 1.03738272929184871529e+00) (12, -8.22943189556794019168e-01) (0, -2.33438414277930172958e+00) (1, 2.04145405039192340269e+00) (2, 2.44365952336685765545e+00) (3, 7.67284041951796558223e-01) (4, 1.11649942817295802500e-01) (5, 2.77759579243267717974e-01) (6, 3.19648077701578570142e+00) (7, 1.50219541340197459967e+00) (8, 2.10458432069872636294e-01) (9, -2.23750150648813272980e+00) (10, -1.85389701590555433519e+00) (11, 2.03678792756388649110e+00) (12, -2.43221673684616090938e+00) (0, -3.31891538488593296208e+00) (1, 3.28626180809156265283e+00) (2, 2.83395754516774278642e+00) (3, 5.80843688941960145655e-01) (4, 1.34543349268044232225e-01) (5, 1.33159701945389508104e-01) (6, 3.08807614808330965772e+00) (7, 1.49507883488263026983e+00) (8, 1.43382329652749462845e+00) (9, -2.03008105313631181943e+00) (10, -2.95588935266008467906e+00) (11, 3.13154652020598778250e+00) (12, -3.48618146317925647892e+00) (13, 3.50289673834481896098e-01) (14, 4.75942696438655321600e+00) (15, 8.79460467781327359660e+00) (16, -9.56893345504050918393e-01) 
