FANN_FLO_2.1
num_layers=3
learning_rate=0.700000
connection_rate=1.000000
network_type=0
learning_momentum=0.000000
training_algorithm=2
train_error_function=1
train_stop_function=1
cascade_output_change_fraction=0.010000
quickprop_decay=-0.000100
quickprop_mu=1.750000
rprop_increase_factor=1.200000
rprop_decrease_factor=0.500000
rprop_delta_min=0.000000
rprop_delta_max=50.000000
rprop_delta_zero=0.100000
cascade_output_stagnation_epochs=12
cascade_candidate_change_fraction=0.010000
cascade_candidate_stagnation_epochs=12
cascade_max_out_epochs=150
cascade_min_out_epochs=50
cascade_max_cand_epochs=150
cascade_min_cand_epochs=50
cascade_num_candidate_groups=2
bit_fail_limit=1.00000000000000005551e-01
cascade_candidate_limit=1.00000000000000000000e+03
cascade_weight_multiplier=4.00000000000000022204e-01
cascade_activation_functions_count=10
cascade_activation_functions=3 5 7 8 10 11 14 15 16 17 
cascade_activation_steepnesses_count=4
cascade_activation_steepnesses=2.50000000000000000000e-01 5.00000000000000000000e-01 7.50000000000000000000e-01 1.00000000000000000000e+00 
layer_sizes=6 4 2 
scale_included=0
neurons (num_inputs, activation_function, activation_steepness)=(0, 0, 0.00000000000000000000e+00) (0, 0, 0.00000000000000000000e+00) (0, 0, 0.00000000000000000000e+00) (0, 0, 0.00000000000000000000e+00) (0, 0, 0.00000000000000000000e+00) (0, 0, 0.00000000000000000000e+00) (6, 6, 5.00000000000000000000e-01) (6, 6, 5.00000000000000000000e-01) (6, 6, 5.00000000000000000000e-01) (0, 6, 0.00000000000000000000e+00) (4, 4, 5.00000000000000000000e-01) (0, 4, 0.00000000000000000000e+00) 
connections (connected_to_neuron, weight)=(0, 2.40856549984508738760e+00) (1, -3.80834607187564788688e+00) (2, -6.60760826665555689452e-01) (3, 3.95577647110945396225e-01) (4, 4.98402647993094083390e-01) (5, 2.38396643942886576895e+00) (0, -1.51367240366567212817e+00) (1, 2.92364720477456074832e+00) (2, 1.15611975738403738312e+00) (3, -2.29511495008976551535e-01) (4, -8.66484404246229522606e-01) (5, -1.58250447700362850689e+00) (0, -1.07477991665988537040e-01) (1, 1.69500192713646091747e+00) (2, 2.13769710410729646410e-01) (3, 2.71498021500658562322e-02) (4, -5.85231612605501480551e-02) (5, -2.41348716231895910056e-01) (6, -4.80318352956126837228e+00) (7, 5.40665350026026292340e+00) (8, 1.19374758663562663408e+00) (9, -1.41864220920856509700e+00) 
