FANN_FLO_2.1
num_layers=3
learning_rate=0.700000
connection_rate=1.000000
network_type=0
learning_momentum=0.000000
training_algorithm=2
train_error_function=1
train_stop_function=1
cascade_output_change_fraction=0.010000
quickprop_decay=-0.000100
quickprop_mu=1.750000
rprop_increase_factor=1.200000
rprop_decrease_factor=0.500000
rprop_delta_min=0.000000
rprop_delta_max=50.000000
rprop_delta_zero=0.100000
cascade_output_stagnation_epochs=12
cascade_candidate_change_fraction=0.010000
cascade_candidate_stagnation_epochs=12
cascade_max_out_epochs=150
cascade_min_out_epochs=50
cascade_max_cand_epochs=150
cascade_min_cand_epochs=50
cascade_num_candidate_groups=2
bit_fail_limit=1.00000000000000005551e-01
cascade_candidate_limit=1.00000000000000000000e+03
cascade_weight_multiplier=4.00000000000000022204e-01
cascade_activation_functions_count=10
cascade_activation_functions=3 5 7 8 10 11 14 15 16 17 
cascade_activation_steepnesses_count=4
cascade_activation_steepnesses=2.50000000000000000000e-01 5.00000000000000000000e-01 7.50000000000000000000e-01 1.00000000000000000000e+00 
layer_sizes=8 4 2 
scale_included=0
neurons (num_inputs, activation_function, activation_steepness)=(0, 0, 0.00000000000000000000e+00) (0, 0, 0.00000000000000000000e+00) (0, 0, 0.00000000000000000000e+00) (0, 0, 0.00000000000000000000e+00) (0, 0, 0.00000000000000000000e+00) (0, 0, 0.00000000000000000000e+00) (0, 0, 0.00000000000000000000e+00) (0, 0, 0.00000000000000000000e+00) (8, 6, 5.00000000000000000000e-01) (8, 6, 5.00000000000000000000e-01) (8, 6, 5.00000000000000000000e-01) (0, 6, 0.00000000000000000000e+00) (4, 4, 5.00000000000000000000e-01) (0, 4, 0.00000000000000000000e+00) 
connections (connected_to_neuron, weight)=(0, -3.37266912954904496402e+00) (1, 3.44213032121733997215e+00) (2, 2.27989630279098731691e+00) (3, 4.62569232226397453189e+00) (4, -1.30828519000502008218e+00) (5, -6.27325229590033295324e+00) (6, 1.99557099430485940239e+00) (7, -4.91468376034829290688e+00) (0, -1.01643700218336352492e-01) (1, 1.41086069502148214738e+00) (2, 9.94685775068164690360e-01) (3, 8.45451786490943102415e-01) (4, -6.89638837030945084372e-01) (5, 8.61773542823413407632e+00) (6, 5.75068058421410288616e-01) (7, -1.30609511515941156823e+00) (0, -6.09953053459503014011e-01) (1, 1.85354584349388851194e+00) (2, 1.30407835639361979752e-01) (3, 6.38776514390446359393e-01) (4, 3.49463775436917067907e+00) (5, -2.17899235602688046143e+00) (6, 1.47036642425525454492e+00) (7, -2.26169447597650741244e+00) (8, 7.69715772235393291822e+00) (9, 1.03438694878827526225e+01) (10, 9.37470795175295101842e+00) (11, -8.14680959396871684497e-01) 
