FANN_FLO_2.1
num_layers=3
learning_rate=0.700000
connection_rate=1.000000
network_type=0
learning_momentum=0.000000
training_algorithm=2
train_error_function=1
train_stop_function=1
cascade_output_change_fraction=0.010000
quickprop_decay=-0.000100
quickprop_mu=1.750000
rprop_increase_factor=1.200000
rprop_decrease_factor=0.500000
rprop_delta_min=0.000000
rprop_delta_max=50.000000
rprop_delta_zero=0.100000
cascade_output_stagnation_epochs=12
cascade_candidate_change_fraction=0.010000
cascade_candidate_stagnation_epochs=12
cascade_max_out_epochs=150
cascade_min_out_epochs=50
cascade_max_cand_epochs=150
cascade_min_cand_epochs=50
cascade_num_candidate_groups=2
bit_fail_limit=1.00000000000000005551e-01
cascade_candidate_limit=1.00000000000000000000e+03
cascade_weight_multiplier=4.00000000000000022204e-01
cascade_activation_functions_count=10
cascade_activation_functions=3 5 7 8 10 11 14 15 16 17 
cascade_activation_steepnesses_count=4
cascade_activation_steepnesses=2.50000000000000000000e-01 5.00000000000000000000e-01 7.50000000000000000000e-01 1.00000000000000000000e+00 
layer_sizes=7 4 2 
scale_included=0
neurons (num_inputs, activation_function, activation_steepness)=(0, 0, 0.00000000000000000000e+00) (0, 0, 0.00000000000000000000e+00) (0, 0, 0.00000000000000000000e+00) (0, 0, 0.00000000000000000000e+00) (0, 0, 0.00000000000000000000e+00) (0, 0, 0.00000000000000000000e+00) (0, 0, 0.00000000000000000000e+00) (7, 6, 5.00000000000000000000e-01) (7, 6, 5.00000000000000000000e-01) (7, 6, 5.00000000000000000000e-01) (0, 6, 0.00000000000000000000e+00) (4, 4, 5.00000000000000000000e-01) (0, 4, 0.00000000000000000000e+00) 
connections (connected_to_neuron, weight)=(0, -1.15171117921336430001e+00) (1, -6.90789282414147010059e+00) (2, -1.29332692404010840548e+00) (3, 2.47956821433544618571e+01) (4, 1.50000000000000000000e+03) (5, -1.27539739955238173863e+00) (6, -1.06139795908656964230e+00) (0, -3.19685602757177411704e+00) (1, -1.18157993422180196408e-01) (2, -1.13518760191996248565e-01) (3, 5.63773282534858144466e-01) (4, 1.50000000000000000000e+03) (5, -5.31342236390650035638e-02) (6, 2.21889697122570755949e-01) (0, -3.40611768570052086957e+00) (1, 3.83659908428756191157e-01) (2, -2.92185741590468506246e-01) (3, 8.07730030520583675013e-01) (4, 1.50000000000000000000e+03) (5, -3.11178603682652599183e-01) (6, 3.18658073552685161545e-01) (7, 1.61332447314519917825e+01) (8, 9.13308461688159667347e+00) (9, 8.81979485900060637960e+01) (10, -4.04322461308757485909e-01) 
