FANN_FLO_2.1
num_layers=3
learning_rate=0.700000
connection_rate=1.000000
network_type=0
learning_momentum=0.000000
training_algorithm=2
train_error_function=1
train_stop_function=1
cascade_output_change_fraction=0.010000
quickprop_decay=-0.000100
quickprop_mu=1.750000
rprop_increase_factor=1.200000
rprop_decrease_factor=0.500000
rprop_delta_min=0.000000
rprop_delta_max=50.000000
rprop_delta_zero=0.100000
cascade_output_stagnation_epochs=12
cascade_candidate_change_fraction=0.010000
cascade_candidate_stagnation_epochs=12
cascade_max_out_epochs=150
cascade_min_out_epochs=50
cascade_max_cand_epochs=150
cascade_min_cand_epochs=50
cascade_num_candidate_groups=2
bit_fail_limit=1.00000000000000005551e-01
cascade_candidate_limit=1.00000000000000000000e+03
cascade_weight_multiplier=4.00000000000000022204e-01
cascade_activation_functions_count=10
cascade_activation_functions=3 5 7 8 10 11 14 15 16 17 
cascade_activation_steepnesses_count=4
cascade_activation_steepnesses=2.50000000000000000000e-01 5.00000000000000000000e-01 7.50000000000000000000e-01 1.00000000000000000000e+00 
layer_sizes=13 4 2 
scale_included=0
neurons (num_inputs, activation_function, activation_steepness)=(0, 0, 0.00000000000000000000e+00) (0, 0, 0.00000000000000000000e+00) (0, 0, 0.00000000000000000000e+00) (0, 0, 0.00000000000000000000e+00) (0, 0, 0.00000000000000000000e+00) (0, 0, 0.00000000000000000000e+00) (0, 0, 0.00000000000000000000e+00) (0, 0, 0.00000000000000000000e+00) (0, 0, 0.00000000000000000000e+00) (0, 0, 0.00000000000000000000e+00) (0, 0, 0.00000000000000000000e+00) (0, 0, 0.00000000000000000000e+00) (0, 0, 0.00000000000000000000e+00) (13, 6, 5.00000000000000000000e-01) (13, 6, 5.00000000000000000000e-01) (13, 6, 5.00000000000000000000e-01) (0, 6, 0.00000000000000000000e+00) (4, 4, 5.00000000000000000000e-01) (0, 4, 0.00000000000000000000e+00) 
connections (connected_to_neuron, weight)=(0, -2.20381475597449743020e+01) (1, 5.63922336463914231075e+00) (2, 3.56033107782774749239e+00) (3, 1.97420133503277739351e+01) (4, 5.02887352245270058404e+00) (5, 2.26303982155841643120e+00) (6, 6.88724899528385225977e-01) (7, -5.60990371364567752543e-01) (8, 4.52015167877748957892e+00) (9, 6.61299544700109187545e+00) (10, 1.50000000000000000000e+03) (11, 1.50000000000000000000e+03) (12, 1.58296949140971837666e-01) (0, -9.49424826473958738404e+00) (1, 5.85175309348304839574e+00) (2, -9.24087079313455767027e-02) (3, -6.93351059718267825893e-01) (4, 5.67563901677052506933e-01) (5, 2.74801682286703596869e-02) (6, -1.17103776533960113326e+00) (7, 1.89404697774855712566e+00) (8, -1.99958867746334506554e-01) (9, 7.55842472730888559340e+00) (10, 1.50000000000000000000e+03) (11, 1.50000000000000000000e+03) (12, 2.01461438761340941306e-02) (0, 4.07497599074940000663e-02) (1, 2.62492119835568349373e+00) (2, 1.45183587580163542263e+00) (3, 1.49757745757210591897e+00) (4, 3.45392970576352098533e+00) (5, 9.60677341907467674531e-01) (6, 3.67741778410036357361e-01) (7, 3.07661549988635985020e-01) (8, 1.39976243737956562718e+00) (9, 3.66392566140376008121e+00) (10, 2.42510603972618810076e+01) (11, 2.42771898963396779436e+01) (12, -1.12919041721976531889e+00) (13, 1.12758837861040017714e+01) (14, 8.84896051134111516490e+00) (15, -1.64061230824664079364e+01) (16, 3.81525781141537401187e-01) 
