FANN_FLO_2.1
num_layers=3
learning_rate=0.700000
connection_rate=1.000000
network_type=0
learning_momentum=0.000000
training_algorithm=2
train_error_function=1
train_stop_function=1
cascade_output_change_fraction=0.010000
quickprop_decay=-0.000100
quickprop_mu=1.750000
rprop_increase_factor=1.200000
rprop_decrease_factor=0.500000
rprop_delta_min=0.000000
rprop_delta_max=50.000000
rprop_delta_zero=0.100000
cascade_output_stagnation_epochs=12
cascade_candidate_change_fraction=0.010000
cascade_candidate_stagnation_epochs=12
cascade_max_out_epochs=150
cascade_min_out_epochs=50
cascade_max_cand_epochs=150
cascade_min_cand_epochs=50
cascade_num_candidate_groups=2
bit_fail_limit=1.00000000000000005551e-01
cascade_candidate_limit=1.00000000000000000000e+03
cascade_weight_multiplier=4.00000000000000022204e-01
cascade_activation_functions_count=10
cascade_activation_functions=3 5 7 8 10 11 14 15 16 17 
cascade_activation_steepnesses_count=4
cascade_activation_steepnesses=2.50000000000000000000e-01 5.00000000000000000000e-01 7.50000000000000000000e-01 1.00000000000000000000e+00 
layer_sizes=6 4 2 
scale_included=0
neurons (num_inputs, activation_function, activation_steepness)=(0, 0, 0.00000000000000000000e+00) (0, 0, 0.00000000000000000000e+00) (0, 0, 0.00000000000000000000e+00) (0, 0, 0.00000000000000000000e+00) (0, 0, 0.00000000000000000000e+00) (0, 0, 0.00000000000000000000e+00) (6, 6, 5.00000000000000000000e-01) (6, 6, 5.00000000000000000000e-01) (6, 6, 5.00000000000000000000e-01) (0, 6, 0.00000000000000000000e+00) (4, 4, 5.00000000000000000000e-01) (0, 4, 0.00000000000000000000e+00) 
connections (connected_to_neuron, weight)=(0, 2.92825114938411878995e+00) (1, 4.06890001672108603259e+00) (2, -4.08239305671155572330e-01) (3, 2.06928481677393261151e+00) (4, 4.04954623515639156039e+00) (5, -4.96539026595840482514e+00) (0, 1.03662001561594463439e+00) (1, 9.12834802377736620471e-01) (2, -1.35216738646561385195e+00) (3, 1.45053307971006582022e+01) (4, 6.60482309321571703364e-01) (5, -5.91142431084496267069e-01) (0, 6.23808458576286972708e-01) (1, 1.07384735473728265553e+00) (2, -7.44379779060678870017e-01) (3, 1.44865315517431447745e+01) (4, 1.21719456805410497502e+00) (5, -1.10490483733859012894e+00) (6, 1.70989420585513087758e+01) (7, 1.01007289987604975678e+00) (8, 4.31113996614572858590e+00) (9, -2.67599564001728085216e+00) 
