FANN_FLO_2.1
num_layers=3
learning_rate=0.700000
connection_rate=1.000000
network_type=0
learning_momentum=0.000000
training_algorithm=2
train_error_function=1
train_stop_function=1
cascade_output_change_fraction=0.010000
quickprop_decay=-0.000100
quickprop_mu=1.750000
rprop_increase_factor=1.200000
rprop_decrease_factor=0.500000
rprop_delta_min=0.000000
rprop_delta_max=50.000000
rprop_delta_zero=0.100000
cascade_output_stagnation_epochs=12
cascade_candidate_change_fraction=0.010000
cascade_candidate_stagnation_epochs=12
cascade_max_out_epochs=150
cascade_min_out_epochs=50
cascade_max_cand_epochs=150
cascade_min_cand_epochs=50
cascade_num_candidate_groups=2
bit_fail_limit=1.00000000000000005551e-01
cascade_candidate_limit=1.00000000000000000000e+03
cascade_weight_multiplier=4.00000000000000022204e-01
cascade_activation_functions_count=10
cascade_activation_functions=3 5 7 8 10 11 14 15 16 17 
cascade_activation_steepnesses_count=4
cascade_activation_steepnesses=2.50000000000000000000e-01 5.00000000000000000000e-01 7.50000000000000000000e-01 1.00000000000000000000e+00 
layer_sizes=10 4 2 
scale_included=0
neurons (num_inputs, activation_function, activation_steepness)=(0, 0, 0.00000000000000000000e+00) (0, 0, 0.00000000000000000000e+00) (0, 0, 0.00000000000000000000e+00) (0, 0, 0.00000000000000000000e+00) (0, 0, 0.00000000000000000000e+00) (0, 0, 0.00000000000000000000e+00) (0, 0, 0.00000000000000000000e+00) (0, 0, 0.00000000000000000000e+00) (0, 0, 0.00000000000000000000e+00) (0, 0, 0.00000000000000000000e+00) (10, 6, 5.00000000000000000000e-01) (10, 6, 5.00000000000000000000e-01) (10, 6, 5.00000000000000000000e-01) (0, 6, 0.00000000000000000000e+00) (4, 4, 5.00000000000000000000e-01) (0, 4, 0.00000000000000000000e+00) 
connections (connected_to_neuron, weight)=(0, 3.19120241323930713406e+01) (1, -4.21674897945664906018e+00) (2, 5.17140094697503371890e+00) (3, -4.04400795866309881177e+00) (4, 4.35085852393772842817e+00) (5, -3.15437828174991796715e+00) (6, -4.21374205771760479422e+00) (7, -1.62819917828246119029e+00) (8, -1.67972713569722476024e+00) (9, -8.37296275560651892533e-01) (0, 2.22297776183564999020e-01) (1, 9.44591578645101903611e-01) (2, 4.50205125959749277720e-03) (3, 1.08616839546704135877e+00) (4, -8.55100489993500662012e-02) (5, 1.11568518406953254285e+00) (6, 5.88232376180216620654e-01) (7, 1.11005009280704958208e+00) (8, 1.16031646059672444160e+00) (9, -1.45842662025023206418e+00) (0, 5.65858310884613135983e-01) (1, 1.09274922133696006377e+00) (2, 7.74886649564418772407e-01) (3, 9.09974270284269248776e-01) (4, 1.07739287813695305829e+00) (5, 1.19774341907302739330e+00) (6, 2.09183063861772478020e+00) (7, 1.21654185231339928563e+00) (8, 1.15078316599849106439e+00) (9, -1.48756848781051376207e+00) (10, 1.35033267357071888881e+01) (11, 2.47451921679655768571e+01) (12, 2.00825072284178141047e+01) (13, -1.99218469925831342948e+00) 
