FANN_FLO_2.1
num_layers=3
learning_rate=0.700000
connection_rate=1.000000
network_type=0
learning_momentum=0.000000
training_algorithm=2
train_error_function=1
train_stop_function=1
cascade_output_change_fraction=0.010000
quickprop_decay=-0.000100
quickprop_mu=1.750000
rprop_increase_factor=1.200000
rprop_decrease_factor=0.500000
rprop_delta_min=0.000000
rprop_delta_max=50.000000
rprop_delta_zero=0.100000
cascade_output_stagnation_epochs=12
cascade_candidate_change_fraction=0.010000
cascade_candidate_stagnation_epochs=12
cascade_max_out_epochs=150
cascade_min_out_epochs=50
cascade_max_cand_epochs=150
cascade_min_cand_epochs=50
cascade_num_candidate_groups=2
bit_fail_limit=1.00000000000000005551e-01
cascade_candidate_limit=1.00000000000000000000e+03
cascade_weight_multiplier=4.00000000000000022204e-01
cascade_activation_functions_count=10
cascade_activation_functions=3 5 7 8 10 11 14 15 16 17 
cascade_activation_steepnesses_count=4
cascade_activation_steepnesses=2.50000000000000000000e-01 5.00000000000000000000e-01 7.50000000000000000000e-01 1.00000000000000000000e+00 
layer_sizes=6 4 2 
scale_included=0
neurons (num_inputs, activation_function, activation_steepness)=(0, 0, 0.00000000000000000000e+00) (0, 0, 0.00000000000000000000e+00) (0, 0, 0.00000000000000000000e+00) (0, 0, 0.00000000000000000000e+00) (0, 0, 0.00000000000000000000e+00) (0, 0, 0.00000000000000000000e+00) (6, 6, 5.00000000000000000000e-01) (6, 6, 5.00000000000000000000e-01) (6, 6, 5.00000000000000000000e-01) (0, 6, 0.00000000000000000000e+00) (4, 4, 5.00000000000000000000e-01) (0, 4, 0.00000000000000000000e+00) 
connections (connected_to_neuron, weight)=(0, -1.28127003005401185476e+00) (1, -1.02218984651914879258e+00) (2, -6.28815133860765373974e-01) (3, -2.45852600657171321830e-01) (4, -1.09746234074177539952e+00) (5, 1.50569111070637640104e+00) (0, -8.47201683724392529129e-01) (1, -1.34335673048011394748e+00) (2, -3.13006461104382072147e-01) (3, 1.85308325523888123287e-01) (4, -7.51466550643100639206e-01) (5, 1.51609464208435107402e+00) (0, 2.84381894344346519699e-01) (1, 3.87481046520039285053e-01) (2, 9.64844198103060546323e-01) (3, 1.43944728914918051998e-01) (4, 1.92030658365293915857e+00) (5, -3.23866283219038986196e-01) (6, -2.46735720055686158503e+02) (7, -3.29237039517294718394e+01) (8, 7.32042237692876796018e-01) (9, -3.27464120943562919663e+00) 
