FANN_FLO_2.1
num_layers=3
learning_rate=0.700000
connection_rate=1.000000
network_type=0
learning_momentum=0.000000
training_algorithm=2
train_error_function=1
train_stop_function=1
cascade_output_change_fraction=0.010000
quickprop_decay=-0.000100
quickprop_mu=1.750000
rprop_increase_factor=1.200000
rprop_decrease_factor=0.500000
rprop_delta_min=0.000000
rprop_delta_max=50.000000
rprop_delta_zero=0.100000
cascade_output_stagnation_epochs=12
cascade_candidate_change_fraction=0.010000
cascade_candidate_stagnation_epochs=12
cascade_max_out_epochs=150
cascade_min_out_epochs=50
cascade_max_cand_epochs=150
cascade_min_cand_epochs=50
cascade_num_candidate_groups=2
bit_fail_limit=1.00000000000000005551e-01
cascade_candidate_limit=1.00000000000000000000e+03
cascade_weight_multiplier=4.00000000000000022204e-01
cascade_activation_functions_count=10
cascade_activation_functions=3 5 7 8 10 11 14 15 16 17 
cascade_activation_steepnesses_count=4
cascade_activation_steepnesses=2.50000000000000000000e-01 5.00000000000000000000e-01 7.50000000000000000000e-01 1.00000000000000000000e+00 
layer_sizes=10 4 2 
scale_included=0
neurons (num_inputs, activation_function, activation_steepness)=(0, 0, 0.00000000000000000000e+00) (0, 0, 0.00000000000000000000e+00) (0, 0, 0.00000000000000000000e+00) (0, 0, 0.00000000000000000000e+00) (0, 0, 0.00000000000000000000e+00) (0, 0, 0.00000000000000000000e+00) (0, 0, 0.00000000000000000000e+00) (0, 0, 0.00000000000000000000e+00) (0, 0, 0.00000000000000000000e+00) (0, 0, 0.00000000000000000000e+00) (10, 6, 5.00000000000000000000e-01) (10, 6, 5.00000000000000000000e-01) (10, 6, 5.00000000000000000000e-01) (0, 6, 0.00000000000000000000e+00) (4, 4, 5.00000000000000000000e-01) (0, 4, 0.00000000000000000000e+00) 
connections (connected_to_neuron, weight)=(0, -1.97023249495690611077e+00) (1, -2.99232346313107644420e+00) (2, 1.51566898916697052613e+01) (3, 1.17501009851219317959e+00) (4, 1.63360746215158902928e+00) (5, 9.98628477484095222749e-01) (6, 2.46052028469150041445e+00) (7, 9.07400981972273923404e-02) (8, 9.58854987040140827048e-01) (9, -2.09962374683371466588e+00) (0, 3.27930979632954533454e-01) (1, 3.63373491990735264512e-02) (2, 2.84921531588935605939e+00) (3, 1.73872121735273249543e-01) (4, 4.91585581341708877101e-02) (5, 3.44064665835132066363e-01) (6, -5.85886671027312622151e-01) (7, -5.42125345144434889200e-01) (8, -7.36968675460334732286e-01) (9, 3.51847427609328522458e-01) (0, 3.63575845260041852214e+00) (1, -3.22118839842383231087e+00) (2, -1.59685827574136407492e+00) (3, 2.46876488446646469299e+00) (4, -1.59252880149206244020e+00) (5, -9.51143044311720586848e-01) (6, -2.10626018931237091181e+00) (7, -2.50892938445747137877e+00) (8, -2.99333639449345323413e+00) (9, 3.01334207233050266339e+00) (10, 5.87224508381063881046e+00) (11, -8.04987796972705060838e-01) (12, -6.83043331486653038098e+00) (13, -2.11765078037899101560e+00) 
