FANN_FLO_2.1
num_layers=3
learning_rate=0.700000
connection_rate=1.000000
network_type=0
learning_momentum=0.000000
training_algorithm=2
train_error_function=1
train_stop_function=1
cascade_output_change_fraction=0.010000
quickprop_decay=-0.000100
quickprop_mu=1.750000
rprop_increase_factor=1.200000
rprop_decrease_factor=0.500000
rprop_delta_min=0.000000
rprop_delta_max=50.000000
rprop_delta_zero=0.100000
cascade_output_stagnation_epochs=12
cascade_candidate_change_fraction=0.010000
cascade_candidate_stagnation_epochs=12
cascade_max_out_epochs=150
cascade_min_out_epochs=50
cascade_max_cand_epochs=150
cascade_min_cand_epochs=50
cascade_num_candidate_groups=2
bit_fail_limit=1.00000000000000005551e-01
cascade_candidate_limit=1.00000000000000000000e+03
cascade_weight_multiplier=4.00000000000000022204e-01
cascade_activation_functions_count=10
cascade_activation_functions=3 5 7 8 10 11 14 15 16 17 
cascade_activation_steepnesses_count=4
cascade_activation_steepnesses=2.50000000000000000000e-01 5.00000000000000000000e-01 7.50000000000000000000e-01 1.00000000000000000000e+00 
layer_sizes=13 4 2 
scale_included=0
neurons (num_inputs, activation_function, activation_steepness)=(0, 0, 0.00000000000000000000e+00) (0, 0, 0.00000000000000000000e+00) (0, 0, 0.00000000000000000000e+00) (0, 0, 0.00000000000000000000e+00) (0, 0, 0.00000000000000000000e+00) (0, 0, 0.00000000000000000000e+00) (0, 0, 0.00000000000000000000e+00) (0, 0, 0.00000000000000000000e+00) (0, 0, 0.00000000000000000000e+00) (0, 0, 0.00000000000000000000e+00) (0, 0, 0.00000000000000000000e+00) (0, 0, 0.00000000000000000000e+00) (0, 0, 0.00000000000000000000e+00) (13, 6, 5.00000000000000000000e-01) (13, 6, 5.00000000000000000000e-01) (13, 6, 5.00000000000000000000e-01) (0, 6, 0.00000000000000000000e+00) (4, 4, 5.00000000000000000000e-01) (0, 4, 0.00000000000000000000e+00) 
connections (connected_to_neuron, weight)=(0, 7.07233877674512889655e+00) (1, -3.29525378693469583880e+00) (2, -4.46405841247117951553e+00) (3, -2.57806815061060090599e+00) (4, -2.20440570447206951599e+00) (5, -2.32706823296016995783e+00) (6, -1.08466398652103146460e+00) (7, -4.59908985907243827995e+00) (8, -2.18290218077317366152e+00) (9, -4.92649289693740755069e+00) (10, 7.52423818050292947390e+00) (11, -3.19367047430712291956e+00) (12, 4.13161785546043258677e+00) (0, -4.03010357424961007666e+00) (1, 1.80980866216750757580e+00) (2, 1.95966782143653239778e+00) (3, 1.91330926896627762090e+00) (4, 1.89528376724558955679e+00) (5, -1.22409395271073395683e+00) (6, 4.67947971914470794985e-01) (7, 1.82010447096139604817e+00) (8, 1.07628390051165778729e+00) (9, 6.38230280171764752239e-01) (10, -2.32262038578232710151e+00) (11, 9.34156111882824324866e-01) (12, -8.95174681845248620959e-01) (0, -3.97651857391343988013e+00) (1, 2.13990756868634113275e+00) (2, 1.92016678026259746126e+00) (3, 1.79623577775057174932e+00) (4, 2.05996707513598797945e+00) (5, -9.74353391960802395211e-01) (6, 4.77750350628555420229e-01) (7, 1.89116220038444216023e+00) (8, 6.31939747619377767407e-01) (9, 6.79298461567295119856e-01) (10, -1.36411345124034188991e+00) (11, 8.89671839283604048987e-01) (12, -1.30045007811741952786e+00) (13, -1.04309690915867889771e+01) (14, 2.42518786789489793065e+00) (15, 2.69167210061955630707e+00) (16, -1.93644612536724736174e+00) 
