FANN_FLO_2.1
num_layers=3
learning_rate=0.700000
connection_rate=1.000000
network_type=0
learning_momentum=0.000000
training_algorithm=2
train_error_function=1
train_stop_function=1
cascade_output_change_fraction=0.010000
quickprop_decay=-0.000100
quickprop_mu=1.750000
rprop_increase_factor=1.200000
rprop_decrease_factor=0.500000
rprop_delta_min=0.000000
rprop_delta_max=50.000000
rprop_delta_zero=0.100000
cascade_output_stagnation_epochs=12
cascade_candidate_change_fraction=0.010000
cascade_candidate_stagnation_epochs=12
cascade_max_out_epochs=150
cascade_min_out_epochs=50
cascade_max_cand_epochs=150
cascade_min_cand_epochs=50
cascade_num_candidate_groups=2
bit_fail_limit=1.00000000000000005551e-01
cascade_candidate_limit=1.00000000000000000000e+03
cascade_weight_multiplier=4.00000000000000022204e-01
cascade_activation_functions_count=10
cascade_activation_functions=3 5 7 8 10 11 14 15 16 17 
cascade_activation_steepnesses_count=4
cascade_activation_steepnesses=2.50000000000000000000e-01 5.00000000000000000000e-01 7.50000000000000000000e-01 1.00000000000000000000e+00 
layer_sizes=12 4 2 
scale_included=0
neurons (num_inputs, activation_function, activation_steepness)=(0, 0, 0.00000000000000000000e+00) (0, 0, 0.00000000000000000000e+00) (0, 0, 0.00000000000000000000e+00) (0, 0, 0.00000000000000000000e+00) (0, 0, 0.00000000000000000000e+00) (0, 0, 0.00000000000000000000e+00) (0, 0, 0.00000000000000000000e+00) (0, 0, 0.00000000000000000000e+00) (0, 0, 0.00000000000000000000e+00) (0, 0, 0.00000000000000000000e+00) (0, 0, 0.00000000000000000000e+00) (0, 0, 0.00000000000000000000e+00) (12, 6, 5.00000000000000000000e-01) (12, 6, 5.00000000000000000000e-01) (12, 6, 5.00000000000000000000e-01) (0, 6, 0.00000000000000000000e+00) (4, 4, 5.00000000000000000000e-01) (0, 4, 0.00000000000000000000e+00) 
connections (connected_to_neuron, weight)=(0, -2.64579819827460038795e+00) (1, 2.50666780398027144727e+00) (2, 1.79257376162786563611e+00) (3, 2.76877594924631431628e-01) (4, 1.36024926173780746907e+00) (5, -1.19809657310307016154e-01) (6, -1.28577008072481624446e+00) (7, 4.78820881397881259467e-01) (8, -9.82272783741105159905e-01) (9, 9.48789544124198802599e-01) (10, -2.43114114671053677119e-01) (11, -2.51523119066856581938e+00) (0, 2.60660276953006597722e+00) (1, -2.38546181639140320030e+00) (2, -2.69642444365164291042e+00) (3, 6.41879033055675285446e-01) (4, 1.26951529214134861689e+00) (5, 5.14966370189637645538e-01) (6, 5.79560460174531333344e-01) (7, 4.32403572928181822999e-01) (8, 1.64159838975183780541e+00) (9, -2.50155702519309963705e+00) (10, 1.08101908381923039748e+00) (11, 2.35809533292667783400e+00) (0, 2.44386029450349928638e+00) (1, -1.54080006652883416685e+00) (2, -6.06411380018107770695e+00) (3, -1.97743720070706840986e+00) (4, -1.65315934247821938463e+00) (5, 6.01731406176537864106e-01) (6, 1.04764126662425693937e+00) (7, -5.09337261905744242974e-01) (8, 1.94051859637447954299e+00) (9, -7.35255704297635537259e-01) (10, 1.41103881960480759261e+00) (11, 2.18314891502535735057e+00) (12, 5.79778120915551120618e+00) (13, -5.59947444272614713867e+00) (14, -2.30562172939548037931e+00) (15, -1.30924930169466180452e+00) 
