FANN_FLO_2.1
num_layers=3
learning_rate=0.700000
connection_rate=1.000000
network_type=0
learning_momentum=0.000000
training_algorithm=2
train_error_function=1
train_stop_function=1
cascade_output_change_fraction=0.010000
quickprop_decay=-0.000100
quickprop_mu=1.750000
rprop_increase_factor=1.200000
rprop_decrease_factor=0.500000
rprop_delta_min=0.000000
rprop_delta_max=50.000000
rprop_delta_zero=0.100000
cascade_output_stagnation_epochs=12
cascade_candidate_change_fraction=0.010000
cascade_candidate_stagnation_epochs=12
cascade_max_out_epochs=150
cascade_min_out_epochs=50
cascade_max_cand_epochs=150
cascade_min_cand_epochs=50
cascade_num_candidate_groups=2
bit_fail_limit=1.00000000000000005551e-01
cascade_candidate_limit=1.00000000000000000000e+03
cascade_weight_multiplier=4.00000000000000022204e-01
cascade_activation_functions_count=10
cascade_activation_functions=3 5 7 8 10 11 14 15 16 17 
cascade_activation_steepnesses_count=4
cascade_activation_steepnesses=2.50000000000000000000e-01 5.00000000000000000000e-01 7.50000000000000000000e-01 1.00000000000000000000e+00 
layer_sizes=13 4 2 
scale_included=0
neurons (num_inputs, activation_function, activation_steepness)=(0, 0, 0.00000000000000000000e+00) (0, 0, 0.00000000000000000000e+00) (0, 0, 0.00000000000000000000e+00) (0, 0, 0.00000000000000000000e+00) (0, 0, 0.00000000000000000000e+00) (0, 0, 0.00000000000000000000e+00) (0, 0, 0.00000000000000000000e+00) (0, 0, 0.00000000000000000000e+00) (0, 0, 0.00000000000000000000e+00) (0, 0, 0.00000000000000000000e+00) (0, 0, 0.00000000000000000000e+00) (0, 0, 0.00000000000000000000e+00) (0, 0, 0.00000000000000000000e+00) (13, 6, 5.00000000000000000000e-01) (13, 6, 5.00000000000000000000e-01) (13, 6, 5.00000000000000000000e-01) (0, 6, 0.00000000000000000000e+00) (4, 4, 5.00000000000000000000e-01) (0, 4, 0.00000000000000000000e+00) 
connections (connected_to_neuron, weight)=(0, 2.52350714498041739375e+00) (1, 8.48633987363436870233e-03) (2, -1.44431956206917533336e+01) (3, 6.74106870086049414503e-01) (4, -6.11437155401635262786e-02) (5, -1.81388434922058401355e+01) (6, 2.81597456273432689144e-01) (7, 5.82599483186623023911e-01) (8, -1.52603255859781068438e+01) (9, 4.43536623542916452756e-01) (10, 3.26638013730075504881e+00) (11, 1.92500034488815563449e+00) (12, 2.00208124094957229389e+00) (0, 1.03262727177876567630e+00) (1, -7.18209175695214518953e+00) (2, 1.25582657539832864835e+00) (3, 2.90130230149694412489e+00) (4, 3.46283916031897298637e+00) (5, 4.13036802803152025554e-01) (6, 4.65922548982403261775e-01) (7, 1.09474763111283635020e+00) (8, 5.43471414653356799107e-01) (9, 1.18368130562347162460e+00) (10, 2.13865580342897709798e+00) (11, 9.33546034682724124032e-01) (12, 1.24353097714028082432e-01) (0, -3.83884840164510254823e+00) (1, 3.55133115788341768848e+00) (2, 1.72408915951336116912e-01) (3, -1.86681641982129642443e+00) (4, -8.26826524909400673025e-01) (5, 8.72944257201639262078e-01) (6, -1.70464667635029543113e+00) (7, -5.41264045008559624428e-01) (8, 2.01013865854094309071e+00) (9, -2.12965758200920007859e-01) (10, -3.63886569715181051876e+00) (11, -1.08703829561091658285e+00) (12, -7.67325932508400532228e-01) (13, -4.29647377788499795770e+00) (14, -2.23261535321495774298e+00) (15, 1.62546975524767445265e+00) (16, -4.46461013700187159259e+00) 
