FANN_FLO_2.1
num_layers=3
learning_rate=0.700000
connection_rate=1.000000
network_type=0
learning_momentum=0.000000
training_algorithm=2
train_error_function=1
train_stop_function=1
cascade_output_change_fraction=0.010000
quickprop_decay=-0.000100
quickprop_mu=1.750000
rprop_increase_factor=1.200000
rprop_decrease_factor=0.500000
rprop_delta_min=0.000000
rprop_delta_max=50.000000
rprop_delta_zero=0.100000
cascade_output_stagnation_epochs=12
cascade_candidate_change_fraction=0.010000
cascade_candidate_stagnation_epochs=12
cascade_max_out_epochs=150
cascade_min_out_epochs=50
cascade_max_cand_epochs=150
cascade_min_cand_epochs=50
cascade_num_candidate_groups=2
bit_fail_limit=1.00000000000000005551e-01
cascade_candidate_limit=1.00000000000000000000e+03
cascade_weight_multiplier=4.00000000000000022204e-01
cascade_activation_functions_count=10
cascade_activation_functions=3 5 7 8 10 11 14 15 16 17 
cascade_activation_steepnesses_count=4
cascade_activation_steepnesses=2.50000000000000000000e-01 5.00000000000000000000e-01 7.50000000000000000000e-01 1.00000000000000000000e+00 
layer_sizes=13 4 2 
scale_included=0
neurons (num_inputs, activation_function, activation_steepness)=(0, 0, 0.00000000000000000000e+00) (0, 0, 0.00000000000000000000e+00) (0, 0, 0.00000000000000000000e+00) (0, 0, 0.00000000000000000000e+00) (0, 0, 0.00000000000000000000e+00) (0, 0, 0.00000000000000000000e+00) (0, 0, 0.00000000000000000000e+00) (0, 0, 0.00000000000000000000e+00) (0, 0, 0.00000000000000000000e+00) (0, 0, 0.00000000000000000000e+00) (0, 0, 0.00000000000000000000e+00) (0, 0, 0.00000000000000000000e+00) (0, 0, 0.00000000000000000000e+00) (13, 6, 5.00000000000000000000e-01) (13, 6, 5.00000000000000000000e-01) (13, 6, 5.00000000000000000000e-01) (0, 6, 0.00000000000000000000e+00) (4, 4, 5.00000000000000000000e-01) (0, 4, 0.00000000000000000000e+00) 
connections (connected_to_neuron, weight)=(0, 4.19981308823716581458e+00) (1, 4.82945648505918034843e-02) (2, -1.28401066121210529758e+01) (3, -1.09138569679618191444e+00) (4, -4.97086703403385343769e-01) (5, -1.65295106987419615496e-01) (6, -1.42008685415783038053e+01) (7, -2.94622863407659474344e-01) (8, 2.51428883178176465485e-01) (9, 2.36378254405689602891e+00) (10, 1.39414642002187694203e+00) (11, -1.43183482533493151578e+01) (12, 1.45832740472249944297e+00) (0, -7.21096788984200820494e+00) (1, 1.03755256778534477036e+01) (2, -1.94142953868463674638e+00) (3, 5.36889436041131151711e-01) (4, 2.52141362729622897643e-01) (5, 3.62645550373150882262e-01) (6, 5.24940913335307679510e-01) (7, -1.05847556931875685926e+00) (8, -2.34774117598726128620e+00) (9, -3.26735391106755601598e+00) (10, -1.91132581815069846343e+00) (11, -1.22397918177411346718e+00) (12, -3.84697030935425043907e+00) (0, -1.40257531964310788730e+00) (1, 1.87698673122245818234e+00) (2, -2.26328132294667527802e-01) (3, -2.19390177685704790278e-01) (4, -3.33587409514871202632e-01) (5, -1.30684025581324914089e-01) (6, -1.57840376340401877808e-01) (7, 3.48321174562728555490e-02) (8, -8.49708284929068802249e-02) (9, -1.40290941857823514560e+00) (10, -1.38236402534970426181e+00) (11, -4.04180141737331299900e-01) (12, -7.72683607499151103859e-02) (13, -3.71382560020590668515e+00) (14, 2.56421462047578430088e+00) (15, 1.09576600019761460914e+00) (16, -3.93006475845858860296e+00) 
