FANN_FLO_2.1
num_layers=3
learning_rate=0.700000
connection_rate=1.000000
network_type=0
learning_momentum=0.000000
training_algorithm=2
train_error_function=1
train_stop_function=1
cascade_output_change_fraction=0.010000
quickprop_decay=-0.000100
quickprop_mu=1.750000
rprop_increase_factor=1.200000
rprop_decrease_factor=0.500000
rprop_delta_min=0.000000
rprop_delta_max=50.000000
rprop_delta_zero=0.100000
cascade_output_stagnation_epochs=12
cascade_candidate_change_fraction=0.010000
cascade_candidate_stagnation_epochs=12
cascade_max_out_epochs=150
cascade_min_out_epochs=50
cascade_max_cand_epochs=150
cascade_min_cand_epochs=50
cascade_num_candidate_groups=2
bit_fail_limit=1.00000000000000005551e-01
cascade_candidate_limit=1.00000000000000000000e+03
cascade_weight_multiplier=4.00000000000000022204e-01
cascade_activation_functions_count=10
cascade_activation_functions=3 5 7 8 10 11 14 15 16 17 
cascade_activation_steepnesses_count=4
cascade_activation_steepnesses=2.50000000000000000000e-01 5.00000000000000000000e-01 7.50000000000000000000e-01 1.00000000000000000000e+00 
layer_sizes=18 4 2 
scale_included=0
neurons (num_inputs, activation_function, activation_steepness)=(0, 0, 0.00000000000000000000e+00) (0, 0, 0.00000000000000000000e+00) (0, 0, 0.00000000000000000000e+00) (0, 0, 0.00000000000000000000e+00) (0, 0, 0.00000000000000000000e+00) (0, 0, 0.00000000000000000000e+00) (0, 0, 0.00000000000000000000e+00) (0, 0, 0.00000000000000000000e+00) (0, 0, 0.00000000000000000000e+00) (0, 0, 0.00000000000000000000e+00) (0, 0, 0.00000000000000000000e+00) (0, 0, 0.00000000000000000000e+00) (0, 0, 0.00000000000000000000e+00) (0, 0, 0.00000000000000000000e+00) (0, 0, 0.00000000000000000000e+00) (0, 0, 0.00000000000000000000e+00) (0, 0, 0.00000000000000000000e+00) (0, 0, 0.00000000000000000000e+00) (18, 6, 5.00000000000000000000e-01) (18, 6, 5.00000000000000000000e-01) (18, 6, 5.00000000000000000000e-01) (0, 6, 0.00000000000000000000e+00) (4, 4, 5.00000000000000000000e-01) (0, 4, 0.00000000000000000000e+00) 
connections (connected_to_neuron, weight)=(0, -3.96308708619325633649e+00) (1, 8.66356940038007450333e-01) (2, -3.10166302447174545287e-02) (3, 1.18425875963422200243e+00) (4, 2.13674439508024487794e-03) (5, 8.35024053024528201128e-01) (6, 2.55048521637491035108e+02) (7, 1.23386242844385618511e+00) (8, -3.72128523161793289820e-01) (9, 4.91105155331040599265e-01) (10, 1.31010475582033547592e-01) (11, 1.06757611675274888263e+00) (12, 8.51414045136452690699e-01) (13, -2.15438038009646837256e-02) (14, 1.54532849257163318324e-01) (15, 1.06618048990459701741e+00) (16, 6.51158402813931558306e-01) (17, -3.88309952707461381038e-01) (0, -1.67361806794523548803e+00) (1, 1.53565300429732709553e-01) (2, 3.64586503819188556541e-01) (3, 2.60522397781037529096e-01) (4, -1.49094930901338540430e+00) (5, 2.43249986274698321020e-01) (6, 1.06193363840177624979e+02) (7, 3.50432007436964843006e-01) (8, -1.81022656906032003432e-01) (9, 1.31788857487030597326e+00) (10, 1.95932698448551212422e-01) (11, 2.49629141986193126002e+01) (12, 2.90769997584032824367e-01) (13, -3.75361971979780217890e-01) (14, 1.03351023229627761446e-01) (15, 2.70333378837527682492e+01) (16, 9.53556185757767771349e+00) (17, 5.72314294905183831852e-02) (0, -2.07671718558168461044e+00) (1, 1.07517289333522914063e+00) (2, -8.83882365056384150526e-02) (3, 9.65684006409371686885e-01) (4, -5.63748408824623958857e-01) (5, 4.66296426180260681349e-01) (6, 4.94665180351370963763e+02) (7, 8.82078558860151407117e-01) (8, -3.07393595593348778472e-02) (9, 7.24278920692183025842e-01) (10, 2.13972162545704974734e-01) (11, 1.10556668769415589182e+00) (12, 2.52966117135666246352e-01) (13, -3.45952824135738468136e-01) (14, -1.02781674352831337016e-02) (15, 1.15390419298558999373e+00) (16, 1.22730000708027819911e+00) (17, -8.23119366996650447810e-01) (18, 4.73665060933758752526e+01) (19, 4.34120680299480643516e-01) (20, 2.54375752525226594969e+01) (21, -1.36247585651301550413e+00) 
