FANN_FLO_2.1
num_layers=3
learning_rate=0.700000
connection_rate=1.000000
network_type=0
learning_momentum=0.000000
training_algorithm=2
train_error_function=1
train_stop_function=1
cascade_output_change_fraction=0.010000
quickprop_decay=-0.000100
quickprop_mu=1.750000
rprop_increase_factor=1.200000
rprop_decrease_factor=0.500000
rprop_delta_min=0.000000
rprop_delta_max=50.000000
rprop_delta_zero=0.100000
cascade_output_stagnation_epochs=12
cascade_candidate_change_fraction=0.010000
cascade_candidate_stagnation_epochs=12
cascade_max_out_epochs=150
cascade_min_out_epochs=50
cascade_max_cand_epochs=150
cascade_min_cand_epochs=50
cascade_num_candidate_groups=2
bit_fail_limit=1.00000000000000005551e-01
cascade_candidate_limit=1.00000000000000000000e+03
cascade_weight_multiplier=4.00000000000000022204e-01
cascade_activation_functions_count=10
cascade_activation_functions=3 5 7 8 10 11 14 15 16 17 
cascade_activation_steepnesses_count=4
cascade_activation_steepnesses=2.50000000000000000000e-01 5.00000000000000000000e-01 7.50000000000000000000e-01 1.00000000000000000000e+00 
layer_sizes=10 4 2 
scale_included=0
neurons (num_inputs, activation_function, activation_steepness)=(0, 0, 0.00000000000000000000e+00) (0, 0, 0.00000000000000000000e+00) (0, 0, 0.00000000000000000000e+00) (0, 0, 0.00000000000000000000e+00) (0, 0, 0.00000000000000000000e+00) (0, 0, 0.00000000000000000000e+00) (0, 0, 0.00000000000000000000e+00) (0, 0, 0.00000000000000000000e+00) (0, 0, 0.00000000000000000000e+00) (0, 0, 0.00000000000000000000e+00) (10, 6, 5.00000000000000000000e-01) (10, 6, 5.00000000000000000000e-01) (10, 6, 5.00000000000000000000e-01) (0, 6, 0.00000000000000000000e+00) (4, 4, 5.00000000000000000000e-01) (0, 4, 0.00000000000000000000e+00) 
connections (connected_to_neuron, weight)=(0, -1.03368306093711170845e-01) (1, 7.44827826076535304267e-01) (2, 1.39161453107475319158e+00) (3, 3.46616308599660916112e-01) (4, 7.41629475262628679033e-01) (5, 6.81541005509376796034e-01) (6, 7.93883578386770372148e-01) (7, 7.68310116138921861406e-01) (8, 5.33290001791962398059e-01) (9, -1.53433979981440871132e-01) (0, 2.27066813185137927888e+00) (1, -2.36872857496612843065e+00) (2, -1.70581464558458839598e+00) (3, -3.35212478283864578898e-01) (4, -2.11205334736443584021e+00) (5, -2.36459524644975038754e+00) (6, 2.28483954070065498065e-01) (7, 2.73392134902928352069e-01) (8, 1.79185153542016029071e-01) (9, 2.38555276169699848055e+00) (0, 2.29189605041665256380e+00) (1, -2.38114332840317066697e+00) (2, -1.76912563383198317979e+00) (3, -3.54403683785420975383e-01) (4, -2.13100222273207728918e+00) (5, -2.37201980216864916073e+00) (6, 3.05023679135296821308e-01) (7, 2.42698089776490211200e-01) (8, 2.33023816345189094257e-01) (9, 2.40864306464118183015e+00) (10, 2.00826821447835213164e+00) (11, -8.59531117594833204976e+00) (12, -8.56416945523614714375e+00) (13, -2.20504185927890672403e+00) 
