FANN_FLO_2.1
num_layers=3
learning_rate=0.700000
connection_rate=1.000000
network_type=0
learning_momentum=0.000000
training_algorithm=2
train_error_function=1
train_stop_function=1
cascade_output_change_fraction=0.010000
quickprop_decay=-0.000100
quickprop_mu=1.750000
rprop_increase_factor=1.200000
rprop_decrease_factor=0.500000
rprop_delta_min=0.000000
rprop_delta_max=50.000000
rprop_delta_zero=0.100000
cascade_output_stagnation_epochs=12
cascade_candidate_change_fraction=0.010000
cascade_candidate_stagnation_epochs=12
cascade_max_out_epochs=150
cascade_min_out_epochs=50
cascade_max_cand_epochs=150
cascade_min_cand_epochs=50
cascade_num_candidate_groups=2
bit_fail_limit=1.00000000000000005551e-01
cascade_candidate_limit=1.00000000000000000000e+03
cascade_weight_multiplier=4.00000000000000022204e-01
cascade_activation_functions_count=10
cascade_activation_functions=3 5 7 8 10 11 14 15 16 17 
cascade_activation_steepnesses_count=4
cascade_activation_steepnesses=2.50000000000000000000e-01 5.00000000000000000000e-01 7.50000000000000000000e-01 1.00000000000000000000e+00 
layer_sizes=10 4 2 
scale_included=0
neurons (num_inputs, activation_function, activation_steepness)=(0, 0, 0.00000000000000000000e+00) (0, 0, 0.00000000000000000000e+00) (0, 0, 0.00000000000000000000e+00) (0, 0, 0.00000000000000000000e+00) (0, 0, 0.00000000000000000000e+00) (0, 0, 0.00000000000000000000e+00) (0, 0, 0.00000000000000000000e+00) (0, 0, 0.00000000000000000000e+00) (0, 0, 0.00000000000000000000e+00) (0, 0, 0.00000000000000000000e+00) (10, 6, 5.00000000000000000000e-01) (10, 6, 5.00000000000000000000e-01) (10, 6, 5.00000000000000000000e-01) (0, 6, 0.00000000000000000000e+00) (4, 4, 5.00000000000000000000e-01) (0, 4, 0.00000000000000000000e+00) 
connections (connected_to_neuron, weight)=(0, -2.29997943511172353581e+00) (1, 2.60279108016745741594e+00) (2, 2.29940005532655078468e+00) (3, 1.44378336641691040754e+00) (4, 4.14286732853507422281e-01) (5, 4.78171602071380041910e-01) (6, 5.23154966713046398752e-01) (7, -1.45008923774511377935e+00) (8, -1.10262653232783880419e+00) (9, -1.61544607286949126745e+00) (0, 1.26952958459976557037e+01) (1, -4.07270834720025209919e+00) (2, -2.36523088779373980017e+00) (3, -3.37111873869042044660e+00) (4, -1.55490280610379616455e+00) (5, -9.45366018960946297156e-01) (6, -9.89030578682893013465e-01) (7, 6.57788437087201049991e+00) (8, 3.14416024281416284225e+00) (9, 3.28159497609783379346e+00) (0, -1.08661309437022701729e+00) (1, 1.15793945830562594601e+00) (2, 2.95586465104778195467e+00) (3, 5.21627660803158810232e-01) (4, 5.88338141799433556045e-01) (5, 5.23506918460591386122e-01) (6, 5.81964713991148796524e-01) (7, -4.47572669575920234486e-02) (8, -4.40962479976745536092e-01) (9, -7.96372234785436144966e-02) (10, 1.52506624216838448937e+00) (11, -1.12066046910360501698e+01) (12, 9.40239066538961831832e-01) (13, -2.17692234515119320548e+00) 
