FANN_FLO_2.1
num_layers=3
learning_rate=0.700000
connection_rate=1.000000
network_type=0
learning_momentum=0.000000
training_algorithm=2
train_error_function=1
train_stop_function=1
cascade_output_change_fraction=0.010000
quickprop_decay=-0.000100
quickprop_mu=1.750000
rprop_increase_factor=1.200000
rprop_decrease_factor=0.500000
rprop_delta_min=0.000000
rprop_delta_max=50.000000
rprop_delta_zero=0.100000
cascade_output_stagnation_epochs=12
cascade_candidate_change_fraction=0.010000
cascade_candidate_stagnation_epochs=12
cascade_max_out_epochs=150
cascade_min_out_epochs=50
cascade_max_cand_epochs=150
cascade_min_cand_epochs=50
cascade_num_candidate_groups=2
bit_fail_limit=1.00000000000000005551e-01
cascade_candidate_limit=1.00000000000000000000e+03
cascade_weight_multiplier=4.00000000000000022204e-01
cascade_activation_functions_count=10
cascade_activation_functions=3 5 7 8 10 11 14 15 16 17 
cascade_activation_steepnesses_count=4
cascade_activation_steepnesses=2.50000000000000000000e-01 5.00000000000000000000e-01 7.50000000000000000000e-01 1.00000000000000000000e+00 
layer_sizes=10 4 2 
scale_included=0
neurons (num_inputs, activation_function, activation_steepness)=(0, 0, 0.00000000000000000000e+00) (0, 0, 0.00000000000000000000e+00) (0, 0, 0.00000000000000000000e+00) (0, 0, 0.00000000000000000000e+00) (0, 0, 0.00000000000000000000e+00) (0, 0, 0.00000000000000000000e+00) (0, 0, 0.00000000000000000000e+00) (0, 0, 0.00000000000000000000e+00) (0, 0, 0.00000000000000000000e+00) (0, 0, 0.00000000000000000000e+00) (10, 6, 5.00000000000000000000e-01) (10, 6, 5.00000000000000000000e-01) (10, 6, 5.00000000000000000000e-01) (0, 6, 0.00000000000000000000e+00) (4, 4, 5.00000000000000000000e-01) (0, 4, 0.00000000000000000000e+00) 
connections (connected_to_neuron, weight)=(0, 1.75499025332107305708e+00) (1, -1.43139963511480372560e+00) (2, -1.07725601819867078390e+00) (3, -2.46914046050775853880e-01) (4, -2.13928896170775750818e+00) (5, -1.79238489018668434305e+00) (6, -1.65917312423420587608e-01) (7, 1.10629783430478689787e-01) (8, -3.02143017272143155072e-01) (9, 1.75624061043813495253e+00) (0, -1.76168577741401866099e+00) (1, 2.00658614304564020259e+00) (2, 1.50977136268305778266e+00) (3, 2.02487452594251188254e-01) (4, 9.57082672545744195247e-01) (5, 2.28413754485704068031e+00) (6, -3.71106171486107819235e-02) (7, 9.74912413912990827303e-02) (8, 4.58897479831302856912e-01) (9, -1.78031246732490733287e+00) (0, 7.04032766501510476331e-01) (1, -9.99719416493122348122e-01) (2, -3.25212825957388929066e-01) (3, -1.56258808456893022454e-01) (4, -2.14289656975942266470e+00) (5, -5.80009803413592872623e-01) (6, -6.90645190867121061551e-01) (7, -8.17660900337027873874e-01) (8, -1.63893617892299753303e-01) (9, 7.49546031336391305189e-01) (10, -5.53519585979056127911e+00) (11, 6.23595570191048231834e+00) (12, -6.48899802343663179016e+00) (13, -3.15317937075016807569e+00) 
