FANN_FLO_2.1
num_layers=3
learning_rate=0.700000
connection_rate=1.000000
network_type=0
learning_momentum=0.000000
training_algorithm=2
train_error_function=1
train_stop_function=1
cascade_output_change_fraction=0.010000
quickprop_decay=-0.000100
quickprop_mu=1.750000
rprop_increase_factor=1.200000
rprop_decrease_factor=0.500000
rprop_delta_min=0.000000
rprop_delta_max=50.000000
rprop_delta_zero=0.100000
cascade_output_stagnation_epochs=12
cascade_candidate_change_fraction=0.010000
cascade_candidate_stagnation_epochs=12
cascade_max_out_epochs=150
cascade_min_out_epochs=50
cascade_max_cand_epochs=150
cascade_min_cand_epochs=50
cascade_num_candidate_groups=2
bit_fail_limit=1.00000000000000005551e-01
cascade_candidate_limit=1.00000000000000000000e+03
cascade_weight_multiplier=4.00000000000000022204e-01
cascade_activation_functions_count=10
cascade_activation_functions=3 5 7 8 10 11 14 15 16 17 
cascade_activation_steepnesses_count=4
cascade_activation_steepnesses=2.50000000000000000000e-01 5.00000000000000000000e-01 7.50000000000000000000e-01 1.00000000000000000000e+00 
layer_sizes=13 4 2 
scale_included=0
neurons (num_inputs, activation_function, activation_steepness)=(0, 0, 0.00000000000000000000e+00) (0, 0, 0.00000000000000000000e+00) (0, 0, 0.00000000000000000000e+00) (0, 0, 0.00000000000000000000e+00) (0, 0, 0.00000000000000000000e+00) (0, 0, 0.00000000000000000000e+00) (0, 0, 0.00000000000000000000e+00) (0, 0, 0.00000000000000000000e+00) (0, 0, 0.00000000000000000000e+00) (0, 0, 0.00000000000000000000e+00) (0, 0, 0.00000000000000000000e+00) (0, 0, 0.00000000000000000000e+00) (0, 0, 0.00000000000000000000e+00) (13, 6, 5.00000000000000000000e-01) (13, 6, 5.00000000000000000000e-01) (13, 6, 5.00000000000000000000e-01) (0, 6, 0.00000000000000000000e+00) (4, 4, 5.00000000000000000000e-01) (0, 4, 0.00000000000000000000e+00) 
connections (connected_to_neuron, weight)=(0, -2.52602339980119472429e+00) (1, 6.21072338195130524419e-01) (2, 4.35857598685277181083e-01) (3, 7.66951334023461162026e-01) (4, -1.79248297970001024826e-01) (5, -6.15438811465435706149e-02) (6, 1.34001598494512236259e-01) (7, 8.10972848392933043371e-01) (8, 7.72305152009463813378e-01) (9, 8.95033508562079194171e-01) (10, 1.36103157676569525014e-01) (11, 1.13289134696707385896e-01) (12, -4.42512525141421086960e-01) (0, -2.19239309070137355917e+00) (1, 1.26172990465124890136e+00) (2, 6.16453575154010890991e-01) (3, 1.72910691808115468682e+00) (4, -6.84933898854549916280e-01) (5, -7.87620964943667595248e-02) (6, 9.63301268181838837856e-02) (7, 1.75473767720866513642e+00) (8, 1.21422691853596309564e+00) (9, -5.19911909778140279847e-01) (10, 6.03141786916970706889e-02) (11, 1.49246928996458777528e-01) (12, -1.34328008766591300294e+00) (0, -2.25574482244876239889e+00) (1, 1.13081200906595036315e+00) (2, 7.43130134602253300535e-01) (3, 1.73525978635202871025e+00) (4, -6.87701946008499653828e-01) (5, 7.95817476213673130614e-02) (6, -5.29216740850930230516e-03) (7, 1.60008480229187299848e+00) (8, 1.26970099868132213494e+00) (9, -6.11410418827556090271e-01) (10, 5.41343728466748691508e-02) (11, 9.61855331128986662526e-02) (12, -1.32481161083400000855e+00) (13, 2.32292096628489197485e+00) (14, 3.30968604431505681873e+01) (15, 7.84689925145815436736e+00) (16, -1.23098501886546363160e+00) 
