FANN_FLO_2.1
num_layers=3
learning_rate=0.700000
connection_rate=1.000000
network_type=0
learning_momentum=0.000000
training_algorithm=2
train_error_function=1
train_stop_function=1
cascade_output_change_fraction=0.010000
quickprop_decay=-0.000100
quickprop_mu=1.750000
rprop_increase_factor=1.200000
rprop_decrease_factor=0.500000
rprop_delta_min=0.000000
rprop_delta_max=50.000000
rprop_delta_zero=0.100000
cascade_output_stagnation_epochs=12
cascade_candidate_change_fraction=0.010000
cascade_candidate_stagnation_epochs=12
cascade_max_out_epochs=150
cascade_min_out_epochs=50
cascade_max_cand_epochs=150
cascade_min_cand_epochs=50
cascade_num_candidate_groups=2
bit_fail_limit=1.00000000000000005551e-01
cascade_candidate_limit=1.00000000000000000000e+03
cascade_weight_multiplier=4.00000000000000022204e-01
cascade_activation_functions_count=10
cascade_activation_functions=3 5 7 8 10 11 14 15 16 17 
cascade_activation_steepnesses_count=4
cascade_activation_steepnesses=2.50000000000000000000e-01 5.00000000000000000000e-01 7.50000000000000000000e-01 1.00000000000000000000e+00 
layer_sizes=7 4 2 
scale_included=0
neurons (num_inputs, activation_function, activation_steepness)=(0, 0, 0.00000000000000000000e+00) (0, 0, 0.00000000000000000000e+00) (0, 0, 0.00000000000000000000e+00) (0, 0, 0.00000000000000000000e+00) (0, 0, 0.00000000000000000000e+00) (0, 0, 0.00000000000000000000e+00) (0, 0, 0.00000000000000000000e+00) (7, 6, 5.00000000000000000000e-01) (7, 6, 5.00000000000000000000e-01) (7, 6, 5.00000000000000000000e-01) (0, 6, 0.00000000000000000000e+00) (4, 4, 5.00000000000000000000e-01) (0, 4, 0.00000000000000000000e+00) 
connections (connected_to_neuron, weight)=(0, 5.04221524966499323739e+00) (1, -4.17276519386600774908e+00) (2, -2.48740305577871989584e+00) (3, -6.96120800562188257743e+00) (4, 7.51942597128102740989e-01) (5, -3.83251422269796560016e+00) (6, 5.05378469748041148080e+00) (0, 5.12508851695876010979e+00) (1, -4.82036200237668222002e+00) (2, -4.62020782077391523046e+00) (3, -2.74927697494629263986e+00) (4, 3.60824700421709998466e+00) (5, -6.03217497388687551307e+00) (6, 5.99184813256311699092e+00) (0, -1.11087547401262609625e+00) (1, 5.19387006798812222996e+00) (2, -1.38736434607676573094e+00) (3, 8.76038310860089985965e-01) (4, -4.58816205071172711349e-01) (5, -8.82291039939091747968e-01) (6, -1.19323722431732504035e+00) (7, -1.68243141770510895583e+00) (8, -8.10417644908783429969e+00) (9, 3.51852108451598954986e+00) (10, -1.57483902871756775710e+00) 
