FANN_FLO_2.1
num_layers=3
learning_rate=0.700000
connection_rate=1.000000
network_type=0
learning_momentum=0.000000
training_algorithm=2
train_error_function=1
train_stop_function=1
cascade_output_change_fraction=0.010000
quickprop_decay=-0.000100
quickprop_mu=1.750000
rprop_increase_factor=1.200000
rprop_decrease_factor=0.500000
rprop_delta_min=0.000000
rprop_delta_max=50.000000
rprop_delta_zero=0.100000
cascade_output_stagnation_epochs=12
cascade_candidate_change_fraction=0.010000
cascade_candidate_stagnation_epochs=12
cascade_max_out_epochs=150
cascade_min_out_epochs=50
cascade_max_cand_epochs=150
cascade_min_cand_epochs=50
cascade_num_candidate_groups=2
bit_fail_limit=1.00000000000000005551e-01
cascade_candidate_limit=1.00000000000000000000e+03
cascade_weight_multiplier=4.00000000000000022204e-01
cascade_activation_functions_count=10
cascade_activation_functions=3 5 7 8 10 11 14 15 16 17 
cascade_activation_steepnesses_count=4
cascade_activation_steepnesses=2.50000000000000000000e-01 5.00000000000000000000e-01 7.50000000000000000000e-01 1.00000000000000000000e+00 
layer_sizes=12 4 2 
scale_included=0
neurons (num_inputs, activation_function, activation_steepness)=(0, 0, 0.00000000000000000000e+00) (0, 0, 0.00000000000000000000e+00) (0, 0, 0.00000000000000000000e+00) (0, 0, 0.00000000000000000000e+00) (0, 0, 0.00000000000000000000e+00) (0, 0, 0.00000000000000000000e+00) (0, 0, 0.00000000000000000000e+00) (0, 0, 0.00000000000000000000e+00) (0, 0, 0.00000000000000000000e+00) (0, 0, 0.00000000000000000000e+00) (0, 0, 0.00000000000000000000e+00) (0, 0, 0.00000000000000000000e+00) (12, 6, 5.00000000000000000000e-01) (12, 6, 5.00000000000000000000e-01) (12, 6, 5.00000000000000000000e-01) (0, 6, 0.00000000000000000000e+00) (4, 4, 5.00000000000000000000e-01) (0, 4, 0.00000000000000000000e+00) 
connections (connected_to_neuron, weight)=(0, -4.89469866952045917774e-01) (1, 1.65577972470003415006e-01) (2, 3.88707131695373808711e+00) (3, 4.77625944022143256174e-01) (4, 8.39826080480707948261e-01) (5, 8.79033821525866176927e-01) (6, 3.61752177234430538633e+00) (7, 2.71707704477494149664e-01) (8, -2.45733437588061889856e-02) (9, 1.55257377805420682115e+00) (10, 1.37796370630870890217e+00) (11, -9.92276925407072796226e-01) (0, 1.41794657251421596378e+00) (1, -2.39514387832280917223e+00) (2, -5.87338190656523040367e-01) (3, 1.78615642383037398488e-01) (4, 2.19274217945850280476e-01) (5, 1.53029535197095278853e-01) (6, -1.03079575491018871070e+00) (7, 4.73004509544503792817e-01) (8, 5.65385086694894067882e-01) (9, 1.20596010689437205254e-01) (10, 4.00941463273348563945e-01) (11, 1.40707449417624741450e+00) (0, 1.28711014363665410265e+00) (1, -2.00602224458076561220e+00) (2, -4.19517327739508505413e-01) (3, -9.43948470589825172627e-02) (4, 5.11696855269033537561e-02) (5, -5.75141019344994758322e-02) (6, -1.27984455372470939949e+00) (7, 3.05690465733497451772e-01) (8, 1.16285711034396954666e+00) (9, 2.03126904074847625115e-01) (10, -5.09670588545530045543e-01) (11, 1.37379422586474664314e+00) (12, 5.51861203316172677091e+00) (13, -6.73411750679428422472e+00) (14, -3.48533587566539182490e+00) (15, -3.93316422660701192626e+00) 
