FANN_FLO_2.1
num_layers=3
learning_rate=0.700000
connection_rate=1.000000
network_type=0
learning_momentum=0.000000
training_algorithm=2
train_error_function=1
train_stop_function=1
cascade_output_change_fraction=0.010000
quickprop_decay=-0.000100
quickprop_mu=1.750000
rprop_increase_factor=1.200000
rprop_decrease_factor=0.500000
rprop_delta_min=0.000000
rprop_delta_max=50.000000
rprop_delta_zero=0.100000
cascade_output_stagnation_epochs=12
cascade_candidate_change_fraction=0.010000
cascade_candidate_stagnation_epochs=12
cascade_max_out_epochs=150
cascade_min_out_epochs=50
cascade_max_cand_epochs=150
cascade_min_cand_epochs=50
cascade_num_candidate_groups=2
bit_fail_limit=1.00000000000000005551e-01
cascade_candidate_limit=1.00000000000000000000e+03
cascade_weight_multiplier=4.00000000000000022204e-01
cascade_activation_functions_count=10
cascade_activation_functions=3 5 7 8 10 11 14 15 16 17 
cascade_activation_steepnesses_count=4
cascade_activation_steepnesses=2.50000000000000000000e-01 5.00000000000000000000e-01 7.50000000000000000000e-01 1.00000000000000000000e+00 
layer_sizes=9 4 2 
scale_included=0
neurons (num_inputs, activation_function, activation_steepness)=(0, 0, 0.00000000000000000000e+00) (0, 0, 0.00000000000000000000e+00) (0, 0, 0.00000000000000000000e+00) (0, 0, 0.00000000000000000000e+00) (0, 0, 0.00000000000000000000e+00) (0, 0, 0.00000000000000000000e+00) (0, 0, 0.00000000000000000000e+00) (0, 0, 0.00000000000000000000e+00) (0, 0, 0.00000000000000000000e+00) (9, 6, 5.00000000000000000000e-01) (9, 6, 5.00000000000000000000e-01) (9, 6, 5.00000000000000000000e-01) (0, 6, 0.00000000000000000000e+00) (4, 4, 5.00000000000000000000e-01) (0, 4, 0.00000000000000000000e+00) 
connections (connected_to_neuron, weight)=(0, -1.14639138384242897928e+01) (1, 4.49892499891201147477e+00) (2, 2.64166653289045783026e+00) (3, 3.61609392423285713747e+00) (4, 7.65485329416635940092e-01) (5, 1.42243743797526023265e+00) (6, 2.65157105149147342971e+00) (7, -2.11385926324774597873e+00) (8, -4.42053615659074061739e+00) (0, -2.00917274632427700354e-01) (1, 7.84288629087087407754e-01) (2, 1.23447466619461065918e+00) (3, 4.57680099966151610058e-01) (4, 2.98238645156247372814e-01) (5, 3.21136097864869352048e-01) (6, 4.63361154751542214658e-01) (7, 1.88846288967510822498e-01) (8, -7.55641128079523743954e-02) (0, -3.35056398936483923467e-01) (1, 6.54760187983544961199e-01) (2, 1.32651440031974798828e+00) (3, 4.31284495951754942578e-01) (4, 3.30492800881488191234e-01) (5, 4.60228751854661111143e-01) (6, 4.95322774605515603330e-01) (7, 1.80891289163014057362e-01) (8, -4.74481085936715868412e-02) (9, 7.22034315512954272265e+00) (10, 8.86376614141085816811e-01) (11, 8.84987565147498322915e-01) (12, -2.07595902681603705631e+00) 
