FANN_FLO_2.1
num_layers=3
learning_rate=0.700000
connection_rate=1.000000
network_type=0
learning_momentum=0.000000
training_algorithm=2
train_error_function=1
train_stop_function=1
cascade_output_change_fraction=0.010000
quickprop_decay=-0.000100
quickprop_mu=1.750000
rprop_increase_factor=1.200000
rprop_decrease_factor=0.500000
rprop_delta_min=0.000000
rprop_delta_max=50.000000
rprop_delta_zero=0.100000
cascade_output_stagnation_epochs=12
cascade_candidate_change_fraction=0.010000
cascade_candidate_stagnation_epochs=12
cascade_max_out_epochs=150
cascade_min_out_epochs=50
cascade_max_cand_epochs=150
cascade_min_cand_epochs=50
cascade_num_candidate_groups=2
bit_fail_limit=1.00000000000000005551e-01
cascade_candidate_limit=1.00000000000000000000e+03
cascade_weight_multiplier=4.00000000000000022204e-01
cascade_activation_functions_count=10
cascade_activation_functions=3 5 7 8 10 11 14 15 16 17 
cascade_activation_steepnesses_count=4
cascade_activation_steepnesses=2.50000000000000000000e-01 5.00000000000000000000e-01 7.50000000000000000000e-01 1.00000000000000000000e+00 
layer_sizes=12 4 2 
scale_included=0
neurons (num_inputs, activation_function, activation_steepness)=(0, 0, 0.00000000000000000000e+00) (0, 0, 0.00000000000000000000e+00) (0, 0, 0.00000000000000000000e+00) (0, 0, 0.00000000000000000000e+00) (0, 0, 0.00000000000000000000e+00) (0, 0, 0.00000000000000000000e+00) (0, 0, 0.00000000000000000000e+00) (0, 0, 0.00000000000000000000e+00) (0, 0, 0.00000000000000000000e+00) (0, 0, 0.00000000000000000000e+00) (0, 0, 0.00000000000000000000e+00) (0, 0, 0.00000000000000000000e+00) (12, 6, 5.00000000000000000000e-01) (12, 6, 5.00000000000000000000e-01) (12, 6, 5.00000000000000000000e-01) (0, 6, 0.00000000000000000000e+00) (4, 4, 5.00000000000000000000e-01) (0, 4, 0.00000000000000000000e+00) 
connections (connected_to_neuron, weight)=(0, -8.99259044578626598465e-01) (1, 1.66991468886579785824e+00) (2, 5.26596627302986397545e-01) (3, 1.69362966519986457570e+00) (4, 3.74703453235508687769e-01) (5, 2.35534719855681196066e+00) (6, 1.90622302966977663630e+00) (7, 1.03403710307894036724e+00) (8, 1.58088142107043116980e+00) (9, 2.40721673678240533079e+00) (10, 4.88464645743085679186e-01) (11, -2.63099269663377688389e+00) (0, -1.00516030856768057156e+00) (1, 1.38286404525992479009e+00) (2, 6.50401233800273925745e-01) (3, 1.17661230433195651557e+00) (4, -4.56503894002348642456e-01) (5, 4.51264788138696970599e-01) (6, 1.33263024842249833135e+00) (7, 4.42132062739540254714e-01) (8, 1.02133404737250543803e+00) (9, 2.06567879046838243084e+00) (10, -6.65710801355798520440e-01) (11, -1.26306285656815098228e+00) (0, -1.03202853719261855581e-01) (1, 1.11127049044875869654e+00) (2, 3.35843420532651454335e-02) (3, 2.99047511423257006413e+00) (4, 1.28889626625079828370e-01) (5, 2.51606492221593036618e-01) (6, 6.96676205356551503378e-01) (7, 2.56971374971557864342e-01) (8, 2.23475843772957288857e-01) (9, 5.42387929039340521697e-01) (10, -2.90312688703703615511e-02) (11, -2.01384034375218123891e-01) (12, 1.57116086287887970485e+01) (13, 1.73600285743551836504e+01) (14, 4.89811709396973493646e-01) (15, -2.00104007425897911787e+00) 
