FANN_FLO_2.1
num_layers=3
learning_rate=0.700000
connection_rate=1.000000
network_type=0
learning_momentum=0.000000
training_algorithm=2
train_error_function=1
train_stop_function=1
cascade_output_change_fraction=0.010000
quickprop_decay=-0.000100
quickprop_mu=1.750000
rprop_increase_factor=1.200000
rprop_decrease_factor=0.500000
rprop_delta_min=0.000000
rprop_delta_max=50.000000
rprop_delta_zero=0.100000
cascade_output_stagnation_epochs=12
cascade_candidate_change_fraction=0.010000
cascade_candidate_stagnation_epochs=12
cascade_max_out_epochs=150
cascade_min_out_epochs=50
cascade_max_cand_epochs=150
cascade_min_cand_epochs=50
cascade_num_candidate_groups=2
bit_fail_limit=1.00000000000000005551e-01
cascade_candidate_limit=1.00000000000000000000e+03
cascade_weight_multiplier=4.00000000000000022204e-01
cascade_activation_functions_count=10
cascade_activation_functions=3 5 7 8 10 11 14 15 16 17 
cascade_activation_steepnesses_count=4
cascade_activation_steepnesses=2.50000000000000000000e-01 5.00000000000000000000e-01 7.50000000000000000000e-01 1.00000000000000000000e+00 
layer_sizes=13 4 2 
scale_included=0
neurons (num_inputs, activation_function, activation_steepness)=(0, 0, 0.00000000000000000000e+00) (0, 0, 0.00000000000000000000e+00) (0, 0, 0.00000000000000000000e+00) (0, 0, 0.00000000000000000000e+00) (0, 0, 0.00000000000000000000e+00) (0, 0, 0.00000000000000000000e+00) (0, 0, 0.00000000000000000000e+00) (0, 0, 0.00000000000000000000e+00) (0, 0, 0.00000000000000000000e+00) (0, 0, 0.00000000000000000000e+00) (0, 0, 0.00000000000000000000e+00) (0, 0, 0.00000000000000000000e+00) (0, 0, 0.00000000000000000000e+00) (13, 6, 5.00000000000000000000e-01) (13, 6, 5.00000000000000000000e-01) (13, 6, 5.00000000000000000000e-01) (0, 6, 0.00000000000000000000e+00) (4, 4, 5.00000000000000000000e-01) (0, 4, 0.00000000000000000000e+00) 
connections (connected_to_neuron, weight)=(0, -2.16391836234389423055e+00) (1, 9.93635673686860565468e-01) (2, 6.06580535450212177118e-01) (3, 3.96643841334978097812e-01) (4, 4.62784596271369030873e-01) (5, 1.64915004299381990904e+01) (6, 1.44025831306457408054e+00) (7, 2.13254805538017622180e-01) (8, 1.15368584696927611866e+00) (9, -4.31333249462345913461e-01) (10, -4.99023894919722543762e+00) (11, 3.16023235216675502102e+00) (12, -6.47744929995523910371e-01) (0, -3.49920515640299356619e+00) (1, 2.57817993502092157598e+00) (2, 1.28067386635144875306e+00) (3, -1.68472388767210906613e-01) (4, 3.66541817975399331075e+00) (5, 8.42460338179081391630e-01) (6, 1.40222185414388467173e+00) (7, 7.36677895363824886132e-01) (8, 3.56546789386942819533e+00) (9, -5.84976576313005480756e-01) (10, -4.68825484490083965738e+00) (11, 8.07595729598679756833e-01) (12, -1.84783010798665547902e+00) (0, 3.07528746759967042124e+00) (1, 2.60486573011991184856e+00) (2, 1.93185148795249350684e+00) (3, 4.19311960613929368691e+00) (4, -3.60140961581083507426e+00) (5, -3.41767329942484554550e+00) (6, -4.67072427085566577176e+00) (7, -2.82810515081459401543e+00) (8, -2.56973304949732694880e+00) (9, -1.31038021944568455757e-01) (10, 5.43624533599203818568e+00) (11, -1.49943388350322104330e+00) (12, 2.72196144878913592891e+00) (13, 2.48635132159777016980e+00) (14, 1.14745380323078052243e+01) (15, -4.47048218664478813622e+00) (16, -1.40021537247308769381e+00) 
