FANN_FLO_2.1
num_layers=3
learning_rate=0.700000
connection_rate=1.000000
network_type=0
learning_momentum=0.000000
training_algorithm=2
train_error_function=1
train_stop_function=1
cascade_output_change_fraction=0.010000
quickprop_decay=-0.000100
quickprop_mu=1.750000
rprop_increase_factor=1.200000
rprop_decrease_factor=0.500000
rprop_delta_min=0.000000
rprop_delta_max=50.000000
rprop_delta_zero=0.100000
cascade_output_stagnation_epochs=12
cascade_candidate_change_fraction=0.010000
cascade_candidate_stagnation_epochs=12
cascade_max_out_epochs=150
cascade_min_out_epochs=50
cascade_max_cand_epochs=150
cascade_min_cand_epochs=50
cascade_num_candidate_groups=2
bit_fail_limit=1.00000000000000005551e-01
cascade_candidate_limit=1.00000000000000000000e+03
cascade_weight_multiplier=4.00000000000000022204e-01
cascade_activation_functions_count=10
cascade_activation_functions=3 5 7 8 10 11 14 15 16 17 
cascade_activation_steepnesses_count=4
cascade_activation_steepnesses=2.50000000000000000000e-01 5.00000000000000000000e-01 7.50000000000000000000e-01 1.00000000000000000000e+00 
layer_sizes=12 4 2 
scale_included=0
neurons (num_inputs, activation_function, activation_steepness)=(0, 0, 0.00000000000000000000e+00) (0, 0, 0.00000000000000000000e+00) (0, 0, 0.00000000000000000000e+00) (0, 0, 0.00000000000000000000e+00) (0, 0, 0.00000000000000000000e+00) (0, 0, 0.00000000000000000000e+00) (0, 0, 0.00000000000000000000e+00) (0, 0, 0.00000000000000000000e+00) (0, 0, 0.00000000000000000000e+00) (0, 0, 0.00000000000000000000e+00) (0, 0, 0.00000000000000000000e+00) (0, 0, 0.00000000000000000000e+00) (12, 6, 5.00000000000000000000e-01) (12, 6, 5.00000000000000000000e-01) (12, 6, 5.00000000000000000000e-01) (0, 6, 0.00000000000000000000e+00) (4, 4, 5.00000000000000000000e-01) (0, 4, 0.00000000000000000000e+00) 
connections (connected_to_neuron, weight)=(0, -1.00562798684117127301e+00) (1, 1.87654794497786348018e+00) (2, 1.46727918568428861157e+00) (3, -4.21452046533652646687e-01) (4, -1.10736449642028023099e+00) (5, 4.38783892177885659347e-01) (6, 6.86693596813551687674e-01) (7, -1.84356746530424664421e-01) (8, 6.66169791642300390677e-01) (9, 9.57250432046928279028e-01) (10, 5.86604205654076560350e-01) (11, -9.94977165811031349918e-01) (0, 3.52746619354591084416e+00) (1, -4.09458459965329257813e+00) (2, -3.62852689464103361772e+00) (3, 9.15030737658611093011e-01) (4, -6.47579717339671456777e-01) (5, -5.66509493677231823483e+00) (6, -3.72859837700139662431e+00) (7, -2.20686924877143431090e+00) (8, -3.69923082579385420487e+00) (9, -2.27413558683983962894e+00) (10, -1.74510641450782499895e+00) (11, 5.42772148339460080990e+00) (0, -5.44653248246603327587e-01) (1, 1.23623196556561354420e+00) (2, 9.62444271512637450350e-01) (3, -7.57347305593277370095e-02) (4, -2.22326247982489705324e-01) (5, 3.15825778444821403390e-01) (6, 4.57324084195320834656e-01) (7, 2.50854609211293932969e-01) (8, 4.50302513902544332414e-01) (9, 7.87747152469971290145e-01) (10, -1.51327129085230188688e-01) (11, -6.28758583422594385937e-01) (12, 6.38509782660918556729e+00) (13, -9.09592491188655216661e+00) (14, 2.54244734685136419827e+00) (15, -1.41485266679997923056e+00) 
