FANN_FLO_2.1
num_layers=3
learning_rate=0.700000
connection_rate=1.000000
network_type=0
learning_momentum=0.000000
training_algorithm=2
train_error_function=1
train_stop_function=1
cascade_output_change_fraction=0.010000
quickprop_decay=-0.000100
quickprop_mu=1.750000
rprop_increase_factor=1.200000
rprop_decrease_factor=0.500000
rprop_delta_min=0.000000
rprop_delta_max=50.000000
rprop_delta_zero=0.100000
cascade_output_stagnation_epochs=12
cascade_candidate_change_fraction=0.010000
cascade_candidate_stagnation_epochs=12
cascade_max_out_epochs=150
cascade_min_out_epochs=50
cascade_max_cand_epochs=150
cascade_min_cand_epochs=50
cascade_num_candidate_groups=2
bit_fail_limit=1.00000000000000005551e-01
cascade_candidate_limit=1.00000000000000000000e+03
cascade_weight_multiplier=4.00000000000000022204e-01
cascade_activation_functions_count=10
cascade_activation_functions=3 5 7 8 10 11 14 15 16 17 
cascade_activation_steepnesses_count=4
cascade_activation_steepnesses=2.50000000000000000000e-01 5.00000000000000000000e-01 7.50000000000000000000e-01 1.00000000000000000000e+00 
layer_sizes=6 4 2 
scale_included=0
neurons (num_inputs, activation_function, activation_steepness)=(0, 0, 0.00000000000000000000e+00) (0, 0, 0.00000000000000000000e+00) (0, 0, 0.00000000000000000000e+00) (0, 0, 0.00000000000000000000e+00) (0, 0, 0.00000000000000000000e+00) (0, 0, 0.00000000000000000000e+00) (6, 6, 5.00000000000000000000e-01) (6, 6, 5.00000000000000000000e-01) (6, 6, 5.00000000000000000000e-01) (0, 6, 0.00000000000000000000e+00) (4, 4, 5.00000000000000000000e-01) (0, 4, 0.00000000000000000000e+00) 
connections (connected_to_neuron, weight)=(0, -5.00035119372635783463e-01) (1, 8.67761661842969100888e-01) (2, 4.91179695525062326444e-02) (3, 6.92187693843968721019e-01) (4, 1.50265980954711686479e+01) (5, -6.29691967360337112591e-02) (0, -9.12989637754806260261e+00) (1, 3.45442389338876942873e+00) (2, 1.96794814285964791978e+00) (3, 3.66692148284333496733e+00) (4, 5.36612030685544816322e+00) (5, -4.31781204762754189375e+00) (0, 1.43111495395262688923e-01) (1, -5.65625763067120423955e-01) (2, 6.13533488436216134509e-01) (3, -1.20301237773857233604e-01) (4, -1.22082743294365592135e+01) (5, 6.89446027997839133716e-02) (6, 4.70463368115290103688e-01) (7, 9.29506409877938466479e+00) (8, -1.24982170731856268020e+00) (9, -2.14747323366523445998e+00) 
