FANN_FLO_2.1
num_layers=3
learning_rate=0.700000
connection_rate=1.000000
network_type=0
learning_momentum=0.000000
training_algorithm=2
train_error_function=1
train_stop_function=1
cascade_output_change_fraction=0.010000
quickprop_decay=-0.000100
quickprop_mu=1.750000
rprop_increase_factor=1.200000
rprop_decrease_factor=0.500000
rprop_delta_min=0.000000
rprop_delta_max=50.000000
rprop_delta_zero=0.100000
cascade_output_stagnation_epochs=12
cascade_candidate_change_fraction=0.010000
cascade_candidate_stagnation_epochs=12
cascade_max_out_epochs=150
cascade_min_out_epochs=50
cascade_max_cand_epochs=150
cascade_min_cand_epochs=50
cascade_num_candidate_groups=2
bit_fail_limit=1.00000000000000005551e-01
cascade_candidate_limit=1.00000000000000000000e+03
cascade_weight_multiplier=4.00000000000000022204e-01
cascade_activation_functions_count=10
cascade_activation_functions=3 5 7 8 10 11 14 15 16 17 
cascade_activation_steepnesses_count=4
cascade_activation_steepnesses=2.50000000000000000000e-01 5.00000000000000000000e-01 7.50000000000000000000e-01 1.00000000000000000000e+00 
layer_sizes=10 4 2 
scale_included=0
neurons (num_inputs, activation_function, activation_steepness)=(0, 0, 0.00000000000000000000e+00) (0, 0, 0.00000000000000000000e+00) (0, 0, 0.00000000000000000000e+00) (0, 0, 0.00000000000000000000e+00) (0, 0, 0.00000000000000000000e+00) (0, 0, 0.00000000000000000000e+00) (0, 0, 0.00000000000000000000e+00) (0, 0, 0.00000000000000000000e+00) (0, 0, 0.00000000000000000000e+00) (0, 0, 0.00000000000000000000e+00) (10, 6, 5.00000000000000000000e-01) (10, 6, 5.00000000000000000000e-01) (10, 6, 5.00000000000000000000e-01) (0, 6, 0.00000000000000000000e+00) (4, 4, 5.00000000000000000000e-01) (0, 4, 0.00000000000000000000e+00) 
connections (connected_to_neuron, weight)=(0, 9.16918201220957307385e+00) (1, -4.74299081812363976240e+00) (2, -2.53500567292323575330e+00) (3, -2.22284468493094466979e+00) (4, -2.83527250773181327403e+00) (5, -2.29557884376853982289e+00) (6, -2.89525243080129035533e+00) (7, 9.83092750574057561153e+00) (8, 7.16337896808621099609e+00) (9, 4.54403844764695818981e+00) (0, 7.81587513187619542521e+00) (1, -4.64378185222607964278e+00) (2, -2.54650573348155484510e+00) (3, -2.31268115198841117675e+00) (4, -2.96966266217712437925e-01) (5, -2.27885727104157487233e+00) (6, -2.79932239091863044322e+00) (7, 8.62791764338471622864e+00) (8, 7.22136957868572881836e+00) (9, 4.51529992660747225841e+00) (0, -4.01098306966089612757e+00) (1, 8.87024151444133490685e-01) (2, 2.29140818117758193750e+00) (3, 2.25477576315304162335e+00) (4, 7.47323433220084876183e-01) (5, 9.07835038661655047143e-01) (6, 8.93132539748843878868e-01) (7, -6.29054971961639619593e-01) (8, -2.12565282400681798691e+00) (9, -9.36579851183106715240e-01) (10, -3.95407332417294909988e+00) (11, -3.90384548094794681106e+00) (12, 2.40228666252464195807e+00) (13, -1.53208778869342387985e+00) 
