FANN_FLO_2.1
num_layers=3
learning_rate=0.700000
connection_rate=1.000000
network_type=0
learning_momentum=0.000000
training_algorithm=2
train_error_function=1
train_stop_function=1
cascade_output_change_fraction=0.010000
quickprop_decay=-0.000100
quickprop_mu=1.750000
rprop_increase_factor=1.200000
rprop_decrease_factor=0.500000
rprop_delta_min=0.000000
rprop_delta_max=50.000000
rprop_delta_zero=0.100000
cascade_output_stagnation_epochs=12
cascade_candidate_change_fraction=0.010000
cascade_candidate_stagnation_epochs=12
cascade_max_out_epochs=150
cascade_min_out_epochs=50
cascade_max_cand_epochs=150
cascade_min_cand_epochs=50
cascade_num_candidate_groups=2
bit_fail_limit=1.00000000000000005551e-01
cascade_candidate_limit=1.00000000000000000000e+03
cascade_weight_multiplier=4.00000000000000022204e-01
cascade_activation_functions_count=10
cascade_activation_functions=3 5 7 8 10 11 14 15 16 17 
cascade_activation_steepnesses_count=4
cascade_activation_steepnesses=2.50000000000000000000e-01 5.00000000000000000000e-01 7.50000000000000000000e-01 1.00000000000000000000e+00 
layer_sizes=9 4 2 
scale_included=0
neurons (num_inputs, activation_function, activation_steepness)=(0, 0, 0.00000000000000000000e+00) (0, 0, 0.00000000000000000000e+00) (0, 0, 0.00000000000000000000e+00) (0, 0, 0.00000000000000000000e+00) (0, 0, 0.00000000000000000000e+00) (0, 0, 0.00000000000000000000e+00) (0, 0, 0.00000000000000000000e+00) (0, 0, 0.00000000000000000000e+00) (0, 0, 0.00000000000000000000e+00) (9, 6, 5.00000000000000000000e-01) (9, 6, 5.00000000000000000000e-01) (9, 6, 5.00000000000000000000e-01) (0, 6, 0.00000000000000000000e+00) (4, 4, 5.00000000000000000000e-01) (0, 4, 0.00000000000000000000e+00) 
connections (connected_to_neuron, weight)=(0, -4.87171787733312555702e+00) (1, 2.63259829206157469628e+00) (2, 1.98760652002294468943e+00) (3, 2.00078337686865603828e+00) (4, 2.15298946668388113679e+00) (5, 2.03858295861798088922e+00) (6, 1.71615593909790709048e+00) (7, 1.74783972146229360511e+00) (8, -3.66161749575631434439e+00) (0, -7.17920003140236517858e-01) (1, 1.61806620073527890336e-01) (2, 3.40970796815201981911e-01) (3, 1.74951465876702183522e-01) (4, 3.22636240873548141295e-01) (5, 5.13452746301374163274e-01) (6, 4.67828911784200496271e-02) (7, 4.53321326678007008315e-01) (8, 2.22619356904707854650e-01) (0, -6.39718498227289322777e-01) (1, 2.15845977169826147568e-01) (2, 2.62107256017117873359e-01) (3, 7.49253257534378547255e-02) (4, 1.50386005286531204694e-01) (5, 4.28756103042203184916e-01) (6, 1.05292729682073642195e-02) (7, 2.03013362383199585937e-01) (8, 2.57094549529241211960e-01) (9, 1.82338360689758971489e+01) (10, 4.41349062069325726032e-01) (11, 6.09155946892854904817e-01) (12, -1.53397289478929832462e+00) 
