FANN_FLO_2.1
num_layers=3
learning_rate=0.700000
connection_rate=1.000000
network_type=0
learning_momentum=0.000000
training_algorithm=2
train_error_function=1
train_stop_function=1
cascade_output_change_fraction=0.010000
quickprop_decay=-0.000100
quickprop_mu=1.750000
rprop_increase_factor=1.200000
rprop_decrease_factor=0.500000
rprop_delta_min=0.000000
rprop_delta_max=50.000000
rprop_delta_zero=0.100000
cascade_output_stagnation_epochs=12
cascade_candidate_change_fraction=0.010000
cascade_candidate_stagnation_epochs=12
cascade_max_out_epochs=150
cascade_min_out_epochs=50
cascade_max_cand_epochs=150
cascade_min_cand_epochs=50
cascade_num_candidate_groups=2
bit_fail_limit=1.00000000000000005551e-01
cascade_candidate_limit=1.00000000000000000000e+03
cascade_weight_multiplier=4.00000000000000022204e-01
cascade_activation_functions_count=10
cascade_activation_functions=3 5 7 8 10 11 14 15 16 17 
cascade_activation_steepnesses_count=4
cascade_activation_steepnesses=2.50000000000000000000e-01 5.00000000000000000000e-01 7.50000000000000000000e-01 1.00000000000000000000e+00 
layer_sizes=13 4 2 
scale_included=0
neurons (num_inputs, activation_function, activation_steepness)=(0, 0, 0.00000000000000000000e+00) (0, 0, 0.00000000000000000000e+00) (0, 0, 0.00000000000000000000e+00) (0, 0, 0.00000000000000000000e+00) (0, 0, 0.00000000000000000000e+00) (0, 0, 0.00000000000000000000e+00) (0, 0, 0.00000000000000000000e+00) (0, 0, 0.00000000000000000000e+00) (0, 0, 0.00000000000000000000e+00) (0, 0, 0.00000000000000000000e+00) (0, 0, 0.00000000000000000000e+00) (0, 0, 0.00000000000000000000e+00) (0, 0, 0.00000000000000000000e+00) (13, 6, 5.00000000000000000000e-01) (13, 6, 5.00000000000000000000e-01) (13, 6, 5.00000000000000000000e-01) (0, 6, 0.00000000000000000000e+00) (4, 4, 5.00000000000000000000e-01) (0, 4, 0.00000000000000000000e+00) 
connections (connected_to_neuron, weight)=(0, 2.05491467968741226002e+00) (1, -3.19464240711825953056e+00) (2, -1.09270770051528032241e+00) (3, -2.17787710151748115095e+00) (4, 1.39854313642122507488e+00) (5, 4.43021302637359504217e+00) (6, 3.90774885782061376371e-01) (7, 2.02656936501307649579e+00) (8, -2.09292157988339466712e+00) (9, -6.64572560038249049441e-01) (10, -2.66619437558945460154e+00) (11, 1.94964460184646692920e-01) (12, 1.84199613260328054487e+00) (0, -3.11773651843044730114e+00) (1, 1.78874962683971916455e+00) (2, 1.31812347938958440707e+00) (3, 2.63028480049298574173e+00) (4, 3.25062697156239588381e+00) (5, -2.58631029513227117533e+00) (6, 5.87033891174650213074e-01) (7, 8.19884238903833439949e-01) (8, 3.62076504121336428810e+00) (9, 1.26962444547188768595e+00) (10, 2.88909473986786125010e+00) (11, -6.76669745731947713807e-01) (12, -2.55696858253823888774e+00) (0, 2.01663756773987534743e+00) (1, -3.25154637288945780327e+00) (2, -1.31703821287204103641e+00) (3, -2.06253666750268482843e+00) (4, 1.53678536362012740923e+00) (5, 5.04732876423047382985e+00) (6, 4.61928958662806476987e-01) (7, 1.83480008120235460467e+00) (8, -2.02852126459866610730e+00) (9, -1.06488955240695504223e+00) (10, -2.94316980241041470379e+00) (11, 6.84330608065083390024e-01) (12, 1.74558156490375204761e+00) (13, -2.03075232425515528334e+00) (14, 1.25855016553684340153e+01) (15, -1.98786068031375284804e+00) (16, -1.13606706739427121278e+00) 
