FANN_FLO_2.1
num_layers=3
learning_rate=0.700000
connection_rate=1.000000
network_type=0
learning_momentum=0.000000
training_algorithm=2
train_error_function=1
train_stop_function=1
cascade_output_change_fraction=0.010000
quickprop_decay=-0.000100
quickprop_mu=1.750000
rprop_increase_factor=1.200000
rprop_decrease_factor=0.500000
rprop_delta_min=0.000000
rprop_delta_max=50.000000
rprop_delta_zero=0.100000
cascade_output_stagnation_epochs=12
cascade_candidate_change_fraction=0.010000
cascade_candidate_stagnation_epochs=12
cascade_max_out_epochs=150
cascade_min_out_epochs=50
cascade_max_cand_epochs=150
cascade_min_cand_epochs=50
cascade_num_candidate_groups=2
bit_fail_limit=1.00000000000000005551e-01
cascade_candidate_limit=1.00000000000000000000e+03
cascade_weight_multiplier=4.00000000000000022204e-01
cascade_activation_functions_count=10
cascade_activation_functions=3 5 7 8 10 11 14 15 16 17 
cascade_activation_steepnesses_count=4
cascade_activation_steepnesses=2.50000000000000000000e-01 5.00000000000000000000e-01 7.50000000000000000000e-01 1.00000000000000000000e+00 
layer_sizes=12 4 2 
scale_included=0
neurons (num_inputs, activation_function, activation_steepness)=(0, 0, 0.00000000000000000000e+00) (0, 0, 0.00000000000000000000e+00) (0, 0, 0.00000000000000000000e+00) (0, 0, 0.00000000000000000000e+00) (0, 0, 0.00000000000000000000e+00) (0, 0, 0.00000000000000000000e+00) (0, 0, 0.00000000000000000000e+00) (0, 0, 0.00000000000000000000e+00) (0, 0, 0.00000000000000000000e+00) (0, 0, 0.00000000000000000000e+00) (0, 0, 0.00000000000000000000e+00) (0, 0, 0.00000000000000000000e+00) (12, 6, 5.00000000000000000000e-01) (12, 6, 5.00000000000000000000e-01) (12, 6, 5.00000000000000000000e-01) (0, 6, 0.00000000000000000000e+00) (4, 4, 5.00000000000000000000e-01) (0, 4, 0.00000000000000000000e+00) 
connections (connected_to_neuron, weight)=(0, -1.72688126052710488878e+00) (1, 1.88758096671440833703e+00) (2, 1.42493609257357811693e+00) (3, -4.73240186528685990996e-01) (4, 6.21789660341462213644e-01) (5, 5.84825906939229089865e-01) (6, -1.65886220245856197408e-01) (7, 1.62058277994196542338e+00) (8, -4.25771859222020820912e-01) (9, -9.27241847377666350560e-01) (10, 5.47223646230420301961e-01) (11, -1.82801259507903002266e+00) (0, -7.95474841839430069079e-01) (1, 2.96217161244127025199e+00) (2, 7.20456608207034956970e-03) (3, -2.20565525330021217076e-01) (4, -9.47675045651430458804e-02) (5, -1.62984150900150032149e-01) (6, -2.60748536519431528546e-01) (7, 6.42573472790008426436e-01) (8, -3.07105248954857468213e-01) (9, -5.98378024957193610511e-01) (10, -1.28680791212821693525e-01) (11, -1.34225058179661527191e+00) (0, 6.36220492341897791988e+00) (1, -5.17943627148950369588e+00) (2, -5.48686826232034974282e+00) (3, -1.33440486448894546356e+00) (4, -4.42181232829595582956e+00) (5, -4.33396777023578660959e+00) (6, -2.91801510909823713646e+00) (7, -9.12495219206615360008e+00) (8, 1.65689894303758888938e+00) (9, 1.62846121206692373562e+00) (10, -4.40746118386293428415e+00) (11, 6.34406518855474299556e+00) (12, 9.49749771592546743193e+00) (13, 1.64635694905229890139e+00) (14, -3.59892085169107689424e+00) (15, -1.50814351411430225269e+00) 
