FANN_FLO_2.1
num_layers=3
learning_rate=0.700000
connection_rate=1.000000
network_type=0
learning_momentum=0.000000
training_algorithm=2
train_error_function=1
train_stop_function=1
cascade_output_change_fraction=0.010000
quickprop_decay=-0.000100
quickprop_mu=1.750000
rprop_increase_factor=1.200000
rprop_decrease_factor=0.500000
rprop_delta_min=0.000000
rprop_delta_max=50.000000
rprop_delta_zero=0.100000
cascade_output_stagnation_epochs=12
cascade_candidate_change_fraction=0.010000
cascade_candidate_stagnation_epochs=12
cascade_max_out_epochs=150
cascade_min_out_epochs=50
cascade_max_cand_epochs=150
cascade_min_cand_epochs=50
cascade_num_candidate_groups=2
bit_fail_limit=1.00000000000000005551e-01
cascade_candidate_limit=1.00000000000000000000e+03
cascade_weight_multiplier=4.00000000000000022204e-01
cascade_activation_functions_count=10
cascade_activation_functions=3 5 7 8 10 11 14 15 16 17 
cascade_activation_steepnesses_count=4
cascade_activation_steepnesses=2.50000000000000000000e-01 5.00000000000000000000e-01 7.50000000000000000000e-01 1.00000000000000000000e+00 
layer_sizes=13 4 2 
scale_included=0
neurons (num_inputs, activation_function, activation_steepness)=(0, 0, 0.00000000000000000000e+00) (0, 0, 0.00000000000000000000e+00) (0, 0, 0.00000000000000000000e+00) (0, 0, 0.00000000000000000000e+00) (0, 0, 0.00000000000000000000e+00) (0, 0, 0.00000000000000000000e+00) (0, 0, 0.00000000000000000000e+00) (0, 0, 0.00000000000000000000e+00) (0, 0, 0.00000000000000000000e+00) (0, 0, 0.00000000000000000000e+00) (0, 0, 0.00000000000000000000e+00) (0, 0, 0.00000000000000000000e+00) (0, 0, 0.00000000000000000000e+00) (13, 6, 5.00000000000000000000e-01) (13, 6, 5.00000000000000000000e-01) (13, 6, 5.00000000000000000000e-01) (0, 6, 0.00000000000000000000e+00) (4, 4, 5.00000000000000000000e-01) (0, 4, 0.00000000000000000000e+00) 
connections (connected_to_neuron, weight)=(0, -1.34569554677142022570e+00) (1, 1.88914457044790617957e+00) (2, 9.56301461590994050788e-01) (3, -5.64795665243949973622e-01) (4, -1.58169566796289551291e+00) (5, 1.03778889997228107589e+00) (6, -7.80738825041147554984e-01) (7, 2.70772419425174923902e+01) (8, -3.11144954209538138201e-01) (9, 1.71817038548381206819e-01) (10, -9.85683686801459790772e-01) (11, -6.08694181607497220021e-01) (12, -1.04399314872291326672e+00) (0, -4.81073306145750501095e-01) (1, 1.01914535181657472940e+00) (2, 3.35500603096330174413e-01) (3, -1.00282291419728802895e-01) (4, -6.39665615266230003222e-01) (5, 3.78451604064079294432e-01) (6, -3.56061562139020071349e-01) (7, 1.13196849897209865787e+01) (8, 8.52554069702869121716e-02) (9, 2.17755796640018706167e-01) (10, -3.44291012806971885585e-01) (11, -2.63021243066084986495e-01) (12, -4.04033832557428529419e-01) (0, 1.80414032345103225730e+00) (1, -2.24801670350689875022e+00) (2, -1.14278584989439546682e+00) (3, 1.07056983917365822201e+00) (4, 2.08875251390547145292e+00) (5, -9.06794687470546478814e-01) (6, 1.42654081936728127644e+00) (7, 1.53424490992526365574e+01) (8, 2.23864189466922158811e-01) (9, -2.38361387697553883669e-01) (10, 1.31227186061933065453e+00) (11, 8.83230680743037899205e-01) (12, 1.52763193903809657570e+00) (13, 1.31395065961908699137e+01) (14, 5.33938120152691375608e+00) (15, -1.42138828238381265123e+00) (16, -1.22204940510268933451e+00) 
