FANN_FLO_2.1
num_layers=3
learning_rate=0.700000
connection_rate=1.000000
network_type=0
learning_momentum=0.000000
training_algorithm=2
train_error_function=1
train_stop_function=1
cascade_output_change_fraction=0.010000
quickprop_decay=-0.000100
quickprop_mu=1.750000
rprop_increase_factor=1.200000
rprop_decrease_factor=0.500000
rprop_delta_min=0.000000
rprop_delta_max=50.000000
rprop_delta_zero=0.100000
cascade_output_stagnation_epochs=12
cascade_candidate_change_fraction=0.010000
cascade_candidate_stagnation_epochs=12
cascade_max_out_epochs=150
cascade_min_out_epochs=50
cascade_max_cand_epochs=150
cascade_min_cand_epochs=50
cascade_num_candidate_groups=2
bit_fail_limit=1.00000000000000005551e-01
cascade_candidate_limit=1.00000000000000000000e+03
cascade_weight_multiplier=4.00000000000000022204e-01
cascade_activation_functions_count=10
cascade_activation_functions=3 5 7 8 10 11 14 15 16 17 
cascade_activation_steepnesses_count=4
cascade_activation_steepnesses=2.50000000000000000000e-01 5.00000000000000000000e-01 7.50000000000000000000e-01 1.00000000000000000000e+00 
layer_sizes=9 4 2 
scale_included=0
neurons (num_inputs, activation_function, activation_steepness)=(0, 0, 0.00000000000000000000e+00) (0, 0, 0.00000000000000000000e+00) (0, 0, 0.00000000000000000000e+00) (0, 0, 0.00000000000000000000e+00) (0, 0, 0.00000000000000000000e+00) (0, 0, 0.00000000000000000000e+00) (0, 0, 0.00000000000000000000e+00) (0, 0, 0.00000000000000000000e+00) (0, 0, 0.00000000000000000000e+00) (9, 6, 5.00000000000000000000e-01) (9, 6, 5.00000000000000000000e-01) (9, 6, 5.00000000000000000000e-01) (0, 6, 0.00000000000000000000e+00) (4, 4, 5.00000000000000000000e-01) (0, 4, 0.00000000000000000000e+00) 
connections (connected_to_neuron, weight)=(0, 7.22119876904896784708e+00) (1, -6.87246732075241162363e+00) (2, -1.78302247190208440486e+00) (3, -6.47083898097007503836e-01) (4, 8.46497527734667909449e-01) (5, -2.95296562115661309633e+00) (6, -1.46496105931003239853e+00) (7, -2.11302273068209256479e+00) (8, 5.23401707092450063641e+00) (0, -4.99016218504806097211e-02) (1, 1.61291117106024173289e-01) (2, 2.75549928215858219716e-01) (3, 1.48985604647934283262e-01) (4, -3.42147593334519162234e-02) (5, 1.70443995432640466037e-01) (6, 2.69882280025179221994e-01) (7, 2.12381244166523347472e-01) (8, 1.63773689350933983333e-02) (0, 7.74278286461872866653e+00) (1, -4.27840881746877421676e+00) (2, -6.11663839301148737349e+00) (3, -1.00966803863529963614e+00) (4, -9.88966545178638800628e-01) (5, -7.36163466329561755330e-01) (6, -1.21193059038225414703e+00) (7, -2.75509001136208742100e-01) (8, 5.99856828692811472337e+00) (9, -1.82617316242701277496e+00) (10, 1.51751332067084410138e-01) (11, -1.12483219993041707596e+01) (12, -1.05591714558702820526e+00) 
