FANN_FLO_2.1
num_layers=3
learning_rate=0.700000
connection_rate=1.000000
network_type=0
learning_momentum=0.000000
training_algorithm=2
train_error_function=1
train_stop_function=1
cascade_output_change_fraction=0.010000
quickprop_decay=-0.000100
quickprop_mu=1.750000
rprop_increase_factor=1.200000
rprop_decrease_factor=0.500000
rprop_delta_min=0.000000
rprop_delta_max=50.000000
rprop_delta_zero=0.100000
cascade_output_stagnation_epochs=12
cascade_candidate_change_fraction=0.010000
cascade_candidate_stagnation_epochs=12
cascade_max_out_epochs=150
cascade_min_out_epochs=50
cascade_max_cand_epochs=150
cascade_min_cand_epochs=50
cascade_num_candidate_groups=2
bit_fail_limit=1.00000000000000005551e-01
cascade_candidate_limit=1.00000000000000000000e+03
cascade_weight_multiplier=4.00000000000000022204e-01
cascade_activation_functions_count=10
cascade_activation_functions=3 5 7 8 10 11 14 15 16 17 
cascade_activation_steepnesses_count=4
cascade_activation_steepnesses=2.50000000000000000000e-01 5.00000000000000000000e-01 7.50000000000000000000e-01 1.00000000000000000000e+00 
layer_sizes=12 4 2 
scale_included=0
neurons (num_inputs, activation_function, activation_steepness)=(0, 0, 0.00000000000000000000e+00) (0, 0, 0.00000000000000000000e+00) (0, 0, 0.00000000000000000000e+00) (0, 0, 0.00000000000000000000e+00) (0, 0, 0.00000000000000000000e+00) (0, 0, 0.00000000000000000000e+00) (0, 0, 0.00000000000000000000e+00) (0, 0, 0.00000000000000000000e+00) (0, 0, 0.00000000000000000000e+00) (0, 0, 0.00000000000000000000e+00) (0, 0, 0.00000000000000000000e+00) (0, 0, 0.00000000000000000000e+00) (12, 6, 5.00000000000000000000e-01) (12, 6, 5.00000000000000000000e-01) (12, 6, 5.00000000000000000000e-01) (0, 6, 0.00000000000000000000e+00) (4, 4, 5.00000000000000000000e-01) (0, 4, 0.00000000000000000000e+00) 
connections (connected_to_neuron, weight)=(0, 8.80782113102941188743e+00) (1, -4.63931559552739170016e+00) (2, -2.90159829751653841612e+00) (3, -2.11394243902882805752e-01) (4, -4.00873669418249090057e+00) (5, -4.60915522379093633987e+00) (6, 1.80810403607823433347e+00) (7, 2.75991495290386890105e+00) (8, -1.27331941774353829544e+00) (9, -4.47796898600931214673e+00) (10, -4.02263730200681646210e+00) (11, 4.38740185586898157055e+00) (0, -1.01035624180855987397e+00) (1, 9.34213661665043493265e-01) (2, 6.74526869255183236795e-01) (3, 3.28515356584684725672e-01) (4, 1.51561204465737819902e+00) (5, 1.78480108543190452153e+00) (6, 6.74480852446387446619e-02) (7, 7.06692556198034414761e-03) (8, 3.60280176802770968347e-01) (9, 1.43551613512149334184e+00) (10, 1.44209831329694271318e+00) (11, -2.44364823138821657400e-01) (0, 1.69345920290998219748e+00) (1, -2.05686556288272548443e+00) (2, -1.48690878307382168266e+00) (3, 1.05795298099711304607e-01) (4, -1.29084041702517943184e-01) (5, -1.72320605958271855229e+00) (6, 2.99729977704690397911e-01) (7, 3.65992811294388320498e-01) (8, 1.44711130707861346245e-01) (9, -1.40335193264255003731e-01) (10, -1.47324776637324766915e-01) (11, 1.23184134858579841243e+00) (12, -6.14037540259238845408e+00) (13, 3.98394177362606249915e+00) (14, -1.40526496156040203722e+00) (15, -2.15052540568139161081e+00) 
