FANN_FLO_2.1
num_layers=3
learning_rate=0.700000
connection_rate=1.000000
network_type=0
learning_momentum=0.000000
training_algorithm=2
train_error_function=1
train_stop_function=1
cascade_output_change_fraction=0.010000
quickprop_decay=-0.000100
quickprop_mu=1.750000
rprop_increase_factor=1.200000
rprop_decrease_factor=0.500000
rprop_delta_min=0.000000
rprop_delta_max=50.000000
rprop_delta_zero=0.100000
cascade_output_stagnation_epochs=12
cascade_candidate_change_fraction=0.010000
cascade_candidate_stagnation_epochs=12
cascade_max_out_epochs=150
cascade_min_out_epochs=50
cascade_max_cand_epochs=150
cascade_min_cand_epochs=50
cascade_num_candidate_groups=2
bit_fail_limit=1.00000000000000005551e-01
cascade_candidate_limit=1.00000000000000000000e+03
cascade_weight_multiplier=4.00000000000000022204e-01
cascade_activation_functions_count=10
cascade_activation_functions=3 5 7 8 10 11 14 15 16 17 
cascade_activation_steepnesses_count=4
cascade_activation_steepnesses=2.50000000000000000000e-01 5.00000000000000000000e-01 7.50000000000000000000e-01 1.00000000000000000000e+00 
layer_sizes=6 4 2 
scale_included=0
neurons (num_inputs, activation_function, activation_steepness)=(0, 0, 0.00000000000000000000e+00) (0, 0, 0.00000000000000000000e+00) (0, 0, 0.00000000000000000000e+00) (0, 0, 0.00000000000000000000e+00) (0, 0, 0.00000000000000000000e+00) (0, 0, 0.00000000000000000000e+00) (6, 6, 5.00000000000000000000e-01) (6, 6, 5.00000000000000000000e-01) (6, 6, 5.00000000000000000000e-01) (0, 6, 0.00000000000000000000e+00) (4, 4, 5.00000000000000000000e-01) (0, 4, 0.00000000000000000000e+00) 
connections (connected_to_neuron, weight)=(0, -4.32923858424737151296e+00) (1, 2.24008375596727926649e+00) (2, 1.33823371375300559372e+00) (3, 1.85593490760080737090e+00) (4, 2.47274066734740305407e+00) (5, -2.72973053499487017248e+00) (0, 3.87905449757528608679e-01) (1, -7.22007670655922306757e-01) (2, -2.14348861118007716353e-01) (3, -2.98722268478090691168e-01) (4, -3.02284534990892861384e-01) (5, 4.16761746947643174632e-01) (0, 1.19081188575841623312e+00) (1, -6.88298264873977022615e-02) (2, -3.23591511087211458619e-01) (3, -6.97647269510566436779e-01) (4, -3.80450112662956252407e+00) (5, 5.01081242566193241217e-01) (6, 1.49647902244165855734e+01) (7, -7.85697639573834760718e-01) (8, -5.16693286556513697860e+00) (9, -2.06654950913087942510e+00) 
