FANN_FLO_2.1
num_layers=3
learning_rate=0.700000
connection_rate=1.000000
network_type=0
learning_momentum=0.000000
training_algorithm=2
train_error_function=1
train_stop_function=1
cascade_output_change_fraction=0.010000
quickprop_decay=-0.000100
quickprop_mu=1.750000
rprop_increase_factor=1.200000
rprop_decrease_factor=0.500000
rprop_delta_min=0.000000
rprop_delta_max=50.000000
rprop_delta_zero=0.100000
cascade_output_stagnation_epochs=12
cascade_candidate_change_fraction=0.010000
cascade_candidate_stagnation_epochs=12
cascade_max_out_epochs=150
cascade_min_out_epochs=50
cascade_max_cand_epochs=150
cascade_min_cand_epochs=50
cascade_num_candidate_groups=2
bit_fail_limit=1.00000000000000005551e-01
cascade_candidate_limit=1.00000000000000000000e+03
cascade_weight_multiplier=4.00000000000000022204e-01
cascade_activation_functions_count=10
cascade_activation_functions=3 5 7 8 10 11 14 15 16 17 
cascade_activation_steepnesses_count=4
cascade_activation_steepnesses=2.50000000000000000000e-01 5.00000000000000000000e-01 7.50000000000000000000e-01 1.00000000000000000000e+00 
layer_sizes=9 4 2 
scale_included=0
neurons (num_inputs, activation_function, activation_steepness)=(0, 0, 0.00000000000000000000e+00) (0, 0, 0.00000000000000000000e+00) (0, 0, 0.00000000000000000000e+00) (0, 0, 0.00000000000000000000e+00) (0, 0, 0.00000000000000000000e+00) (0, 0, 0.00000000000000000000e+00) (0, 0, 0.00000000000000000000e+00) (0, 0, 0.00000000000000000000e+00) (0, 0, 0.00000000000000000000e+00) (9, 6, 5.00000000000000000000e-01) (9, 6, 5.00000000000000000000e-01) (9, 6, 5.00000000000000000000e-01) (0, 6, 0.00000000000000000000e+00) (4, 4, 5.00000000000000000000e-01) (0, 4, 0.00000000000000000000e+00) 
connections (connected_to_neuron, weight)=(0, 2.98640079216120835071e+00) (1, -4.36025720241695147195e+00) (2, -1.46605893218189353711e+00) (3, -1.04139533946662576902e+00) (4, -5.50906363794526621191e-02) (5, 5.45192600442534147653e-01) (6, -1.20683066911431269297e-01) (7, 2.13967678203334843445e+00) (8, 3.10633883045075487317e+00) (0, 3.71652216200436891214e+00) (1, 1.07206314708642125311e+00) (2, -3.62481988782792008408e+00) (3, -1.55165226138752352369e+01) (4, 3.42331289492605828073e-01) (5, -2.55987982420237625281e-01) (6, 1.75907998809230275983e-01) (7, 4.87320423893821963457e-01) (8, 8.28461713736477589620e-01) (0, -5.68160463993350450806e+00) (1, -1.77651968067206622592e+00) (2, 1.43069427731780152158e+01) (3, 3.44140224462465216249e+00) (4, 1.74327375295226516538e-02) (5, 2.17016791198098857318e-01) (6, 9.30225465621069780298e-01) (7, -1.91363050363446629554e+00) (8, -2.04793200115812901174e+00) (9, -4.89383008114686202106e+00) (10, -4.45590877879592617283e-01) (11, 2.73143838273885686263e+00) (12, -3.08712549469233721311e+00) 
