FANN_FLO_2.1
num_layers=3
learning_rate=0.700000
connection_rate=1.000000
network_type=0
learning_momentum=0.000000
training_algorithm=2
train_error_function=1
train_stop_function=1
cascade_output_change_fraction=0.010000
quickprop_decay=-0.000100
quickprop_mu=1.750000
rprop_increase_factor=1.200000
rprop_decrease_factor=0.500000
rprop_delta_min=0.000000
rprop_delta_max=50.000000
rprop_delta_zero=0.100000
cascade_output_stagnation_epochs=12
cascade_candidate_change_fraction=0.010000
cascade_candidate_stagnation_epochs=12
cascade_max_out_epochs=150
cascade_min_out_epochs=50
cascade_max_cand_epochs=150
cascade_min_cand_epochs=50
cascade_num_candidate_groups=2
bit_fail_limit=1.00000000000000005551e-01
cascade_candidate_limit=1.00000000000000000000e+03
cascade_weight_multiplier=4.00000000000000022204e-01
cascade_activation_functions_count=10
cascade_activation_functions=3 5 7 8 10 11 14 15 16 17 
cascade_activation_steepnesses_count=4
cascade_activation_steepnesses=2.50000000000000000000e-01 5.00000000000000000000e-01 7.50000000000000000000e-01 1.00000000000000000000e+00 
layer_sizes=12 4 2 
scale_included=0
neurons (num_inputs, activation_function, activation_steepness)=(0, 0, 0.00000000000000000000e+00) (0, 0, 0.00000000000000000000e+00) (0, 0, 0.00000000000000000000e+00) (0, 0, 0.00000000000000000000e+00) (0, 0, 0.00000000000000000000e+00) (0, 0, 0.00000000000000000000e+00) (0, 0, 0.00000000000000000000e+00) (0, 0, 0.00000000000000000000e+00) (0, 0, 0.00000000000000000000e+00) (0, 0, 0.00000000000000000000e+00) (0, 0, 0.00000000000000000000e+00) (0, 0, 0.00000000000000000000e+00) (12, 6, 5.00000000000000000000e-01) (12, 6, 5.00000000000000000000e-01) (12, 6, 5.00000000000000000000e-01) (0, 6, 0.00000000000000000000e+00) (4, 4, 5.00000000000000000000e-01) (0, 4, 0.00000000000000000000e+00) 
connections (connected_to_neuron, weight)=(0, -4.54176090412308913757e-02) (1, 4.50397751786533795393e-01) (2, 7.33533888398433475686e-01) (3, 2.01936349313103269409e+00) (4, 2.96217961929618855965e-01) (5, 9.08440844405472347489e-01) (6, 3.23949602645080492191e-01) (7, 4.74871617843059867781e-01) (8, 3.57637388818941970303e-01) (9, 3.31547853421611637970e+00) (10, 6.28585751053652330711e-01) (11, -3.28224530864668628816e-01) (0, -1.65728131623960672769e+00) (1, 2.85437231685745507193e+00) (2, -5.86447834494068717670e-02) (3, 2.26695016950214167650e+00) (4, -8.93410856940373143686e-01) (5, 8.90708206533936119875e-01) (6, -3.43930088368158470846e-01) (7, -2.96429140378257072186e-01) (8, 3.27973724636938390731e+00) (9, 2.64165091117366568341e+00) (10, 2.23527782451112866369e+00) (11, -2.59709267456177528288e+00) (0, -5.73040368330894334115e-01) (1, 1.00123506423477115490e+00) (2, 9.53819994388776626337e-01) (3, 2.15499992172876009278e+00) (4, 2.68141784890243844997e-02) (5, 6.73945959139640837776e-01) (6, -4.11530126784146188523e-02) (7, 2.77884549726390539526e-01) (8, 1.34784020695097406239e+00) (9, 2.96676475469133649199e+00) (10, 1.18932472382968446034e+00) (11, -1.02216904968174859825e+00) (12, 4.16299861956982097944e-01) (13, 2.07246645674485776567e+01) (14, 5.89877236829248285943e+00) (15, -2.92065497625871994813e+00) 
