FANN_FLO_2.1
num_layers=3
learning_rate=0.700000
connection_rate=1.000000
network_type=0
learning_momentum=0.000000
training_algorithm=2
train_error_function=1
train_stop_function=1
cascade_output_change_fraction=0.010000
quickprop_decay=-0.000100
quickprop_mu=1.750000
rprop_increase_factor=1.200000
rprop_decrease_factor=0.500000
rprop_delta_min=0.000000
rprop_delta_max=50.000000
rprop_delta_zero=0.100000
cascade_output_stagnation_epochs=12
cascade_candidate_change_fraction=0.010000
cascade_candidate_stagnation_epochs=12
cascade_max_out_epochs=150
cascade_min_out_epochs=50
cascade_max_cand_epochs=150
cascade_min_cand_epochs=50
cascade_num_candidate_groups=2
bit_fail_limit=1.00000000000000005551e-01
cascade_candidate_limit=1.00000000000000000000e+03
cascade_weight_multiplier=4.00000000000000022204e-01
cascade_activation_functions_count=10
cascade_activation_functions=3 5 7 8 10 11 14 15 16 17 
cascade_activation_steepnesses_count=4
cascade_activation_steepnesses=2.50000000000000000000e-01 5.00000000000000000000e-01 7.50000000000000000000e-01 1.00000000000000000000e+00 
layer_sizes=7 4 2 
scale_included=0
neurons (num_inputs, activation_function, activation_steepness)=(0, 0, 0.00000000000000000000e+00) (0, 0, 0.00000000000000000000e+00) (0, 0, 0.00000000000000000000e+00) (0, 0, 0.00000000000000000000e+00) (0, 0, 0.00000000000000000000e+00) (0, 0, 0.00000000000000000000e+00) (0, 0, 0.00000000000000000000e+00) (7, 6, 5.00000000000000000000e-01) (7, 6, 5.00000000000000000000e-01) (7, 6, 5.00000000000000000000e-01) (0, 6, 0.00000000000000000000e+00) (4, 4, 5.00000000000000000000e-01) (0, 4, 0.00000000000000000000e+00) 
connections (connected_to_neuron, weight)=(0, -1.50676702494352898754e+00) (1, 3.13905815863923942644e+00) (2, 3.94593698641311108055e-01) (3, 1.72395499610020719317e+00) (4, 1.33475535849576915082e-02) (5, 5.39426772677418009394e-01) (6, -1.30787504813364652279e+00) (0, 3.47339393639926496959e+00) (1, -2.19938130531336684115e+00) (2, -2.47622576956594109276e+00) (3, -3.05999093504036423496e+00) (4, -2.19173681177250045948e+00) (5, -2.01391803972657834620e+00) (6, 3.06468406060896825238e+00) (0, 2.90284512051544174582e+00) (1, -3.33307000311268808446e+00) (2, -2.58604004834735512475e+00) (3, -3.00315829367722031407e+00) (4, -1.38983674192267003811e+00) (5, -2.15143498592129844837e+00) (6, 4.56317431817901653091e+00) (7, 3.95130135336913346222e+00) (8, -2.41107019638149955298e+00) (9, -4.72893684212032372471e+00) (10, -1.41859049697213057684e+00) 
