FANN_FLO_2.1
num_layers=3
learning_rate=0.700000
connection_rate=1.000000
network_type=0
learning_momentum=0.000000
training_algorithm=2
train_error_function=1
train_stop_function=1
cascade_output_change_fraction=0.010000
quickprop_decay=-0.000100
quickprop_mu=1.750000
rprop_increase_factor=1.200000
rprop_decrease_factor=0.500000
rprop_delta_min=0.000000
rprop_delta_max=50.000000
rprop_delta_zero=0.100000
cascade_output_stagnation_epochs=12
cascade_candidate_change_fraction=0.010000
cascade_candidate_stagnation_epochs=12
cascade_max_out_epochs=150
cascade_min_out_epochs=50
cascade_max_cand_epochs=150
cascade_min_cand_epochs=50
cascade_num_candidate_groups=2
bit_fail_limit=1.00000000000000005551e-01
cascade_candidate_limit=1.00000000000000000000e+03
cascade_weight_multiplier=4.00000000000000022204e-01
cascade_activation_functions_count=10
cascade_activation_functions=3 5 7 8 10 11 14 15 16 17 
cascade_activation_steepnesses_count=4
cascade_activation_steepnesses=2.50000000000000000000e-01 5.00000000000000000000e-01 7.50000000000000000000e-01 1.00000000000000000000e+00 
layer_sizes=7 4 2 
scale_included=0
neurons (num_inputs, activation_function, activation_steepness)=(0, 0, 0.00000000000000000000e+00) (0, 0, 0.00000000000000000000e+00) (0, 0, 0.00000000000000000000e+00) (0, 0, 0.00000000000000000000e+00) (0, 0, 0.00000000000000000000e+00) (0, 0, 0.00000000000000000000e+00) (0, 0, 0.00000000000000000000e+00) (7, 6, 5.00000000000000000000e-01) (7, 6, 5.00000000000000000000e-01) (7, 6, 5.00000000000000000000e-01) (0, 6, 0.00000000000000000000e+00) (4, 4, 5.00000000000000000000e-01) (0, 4, 0.00000000000000000000e+00) 
connections (connected_to_neuron, weight)=(0, 7.10791424476894251328e-01) (1, 1.68305507197968018396e+00) (2, -1.58007573659377076325e+01) (3, 2.43469292851236973618e+00) (4, 2.41659118722941812507e+00) (5, 2.30355360391074270865e+00) (6, 6.66697212123664728622e-01) (0, -3.38710091985736916342e+00) (1, 4.11580015635426121889e+00) (2, 1.55428097169108458964e+00) (3, -1.08607112474960887383e+00) (4, -2.50499003477943016360e-01) (5, 1.52328177909693196490e+00) (6, -3.34905502177749703208e+00) (0, 6.95482098126205317001e-01) (1, 1.63138008758417618616e+00) (2, -1.58270059252934434113e+01) (3, 2.36983039410856877183e+00) (4, 2.37453708540465724397e+00) (5, 2.28071550311976523062e+00) (6, 7.26672225260528437119e-01) (7, -1.97644609794981485074e+00) (8, 5.54322225020702408216e+00) (9, -1.98882447392709260647e+00) (10, -2.92313365362972366057e+00) 
