FANN_FLO_2.1
num_layers=3
learning_rate=0.700000
connection_rate=1.000000
network_type=0
learning_momentum=0.000000
training_algorithm=2
train_error_function=1
train_stop_function=1
cascade_output_change_fraction=0.010000
quickprop_decay=-0.000100
quickprop_mu=1.750000
rprop_increase_factor=1.200000
rprop_decrease_factor=0.500000
rprop_delta_min=0.000000
rprop_delta_max=50.000000
rprop_delta_zero=0.100000
cascade_output_stagnation_epochs=12
cascade_candidate_change_fraction=0.010000
cascade_candidate_stagnation_epochs=12
cascade_max_out_epochs=150
cascade_min_out_epochs=50
cascade_max_cand_epochs=150
cascade_min_cand_epochs=50
cascade_num_candidate_groups=2
bit_fail_limit=1.00000000000000005551e-01
cascade_candidate_limit=1.00000000000000000000e+03
cascade_weight_multiplier=4.00000000000000022204e-01
cascade_activation_functions_count=10
cascade_activation_functions=3 5 7 8 10 11 14 15 16 17 
cascade_activation_steepnesses_count=4
cascade_activation_steepnesses=2.50000000000000000000e-01 5.00000000000000000000e-01 7.50000000000000000000e-01 1.00000000000000000000e+00 
layer_sizes=12 4 2 
scale_included=0
neurons (num_inputs, activation_function, activation_steepness)=(0, 0, 0.00000000000000000000e+00) (0, 0, 0.00000000000000000000e+00) (0, 0, 0.00000000000000000000e+00) (0, 0, 0.00000000000000000000e+00) (0, 0, 0.00000000000000000000e+00) (0, 0, 0.00000000000000000000e+00) (0, 0, 0.00000000000000000000e+00) (0, 0, 0.00000000000000000000e+00) (0, 0, 0.00000000000000000000e+00) (0, 0, 0.00000000000000000000e+00) (0, 0, 0.00000000000000000000e+00) (0, 0, 0.00000000000000000000e+00) (12, 6, 5.00000000000000000000e-01) (12, 6, 5.00000000000000000000e-01) (12, 6, 5.00000000000000000000e-01) (0, 6, 0.00000000000000000000e+00) (4, 4, 5.00000000000000000000e-01) (0, 4, 0.00000000000000000000e+00) 
connections (connected_to_neuron, weight)=(0, -1.84816067759304369922e+00) (1, 1.71853922782647483558e+00) (2, 1.83041634635662275876e+00) (3, 7.54513771210464478933e-01) (4, 5.53930336617515117759e-01) (5, 1.60919961284926449352e+00) (6, 3.46630114288572155345e+00) (7, -3.38655795296658146398e+00) (8, -2.51657139786526373726e+00) (9, 9.94680481090927514742e+02) (10, 1.54099890375456372027e+00) (11, -1.82242160104277917121e+00) (0, -1.59554726417151804263e+00) (1, 2.06294169291950035827e+00) (2, 1.78726016233157780633e+00) (3, 6.55878723536285623830e-01) (4, 9.55369080296414763254e-01) (5, 1.60375295903614079052e+00) (6, 4.10255389190229990959e+00) (7, -4.01549187533373519443e+00) (8, -3.42442728346217739599e+00) (9, 9.94749164622062835406e+02) (10, 2.43053391666011631145e+00) (11, -1.90426675530357236710e+00) (0, -3.52019656029230854077e-01) (1, 8.30526620891811062641e-01) (2, 9.33275458615366315662e-01) (3, 4.63119924578180519603e-01) (4, 8.72108782650987235385e-01) (5, -4.73699910348640607083e+00) (6, 1.20757218702116340125e+01) (7, 5.89116818437001832365e+00) (8, 7.06302704118943225353e+00) (9, 7.55045352384022521619e+02) (10, 1.22035827505153382511e+00) (11, -3.42325068104811225389e-01) (12, 2.53164974525368009495e+01) (13, 1.38954956748714799630e+01) (14, 5.03509260133100067236e+00) (15, -1.15717703364955126766e+00) 
