FANN_FLO_2.1
num_layers=3
learning_rate=0.700000
connection_rate=1.000000
network_type=0
learning_momentum=0.000000
training_algorithm=2
train_error_function=1
train_stop_function=1
cascade_output_change_fraction=0.010000
quickprop_decay=-0.000100
quickprop_mu=1.750000
rprop_increase_factor=1.200000
rprop_decrease_factor=0.500000
rprop_delta_min=0.000000
rprop_delta_max=50.000000
rprop_delta_zero=0.100000
cascade_output_stagnation_epochs=12
cascade_candidate_change_fraction=0.010000
cascade_candidate_stagnation_epochs=12
cascade_max_out_epochs=150
cascade_min_out_epochs=50
cascade_max_cand_epochs=150
cascade_min_cand_epochs=50
cascade_num_candidate_groups=2
bit_fail_limit=1.00000000000000005551e-01
cascade_candidate_limit=1.00000000000000000000e+03
cascade_weight_multiplier=4.00000000000000022204e-01
cascade_activation_functions_count=10
cascade_activation_functions=3 5 7 8 10 11 14 15 16 17 
cascade_activation_steepnesses_count=4
cascade_activation_steepnesses=2.50000000000000000000e-01 5.00000000000000000000e-01 7.50000000000000000000e-01 1.00000000000000000000e+00 
layer_sizes=12 4 2 
scale_included=0
neurons (num_inputs, activation_function, activation_steepness)=(0, 0, 0.00000000000000000000e+00) (0, 0, 0.00000000000000000000e+00) (0, 0, 0.00000000000000000000e+00) (0, 0, 0.00000000000000000000e+00) (0, 0, 0.00000000000000000000e+00) (0, 0, 0.00000000000000000000e+00) (0, 0, 0.00000000000000000000e+00) (0, 0, 0.00000000000000000000e+00) (0, 0, 0.00000000000000000000e+00) (0, 0, 0.00000000000000000000e+00) (0, 0, 0.00000000000000000000e+00) (0, 0, 0.00000000000000000000e+00) (12, 6, 5.00000000000000000000e-01) (12, 6, 5.00000000000000000000e-01) (12, 6, 5.00000000000000000000e-01) (0, 6, 0.00000000000000000000e+00) (4, 4, 5.00000000000000000000e-01) (0, 4, 0.00000000000000000000e+00) 
connections (connected_to_neuron, weight)=(0, 1.48608122349568716469e-01) (1, 6.15047646617940979574e-01) (2, 3.63765340582579987938e+00) (3, 2.61941879329628368733e-01) (4, 9.67839271548593060857e-01) (5, 3.49377835826129334862e+00) (6, 5.35036326994071109731e-02) (7, 8.11687280702551916534e-01) (8, 4.82878419869117031515e-02) (9, -1.60622060360156582171e-01) (10, 2.96646961370379103062e-01) (11, -4.60797499531726204025e-02) (0, 1.25835620641883516591e+00) (1, -2.42954545055594506309e+00) (2, -3.36908135059448721194e+00) (3, 2.15081056875827858477e+00) (4, -2.39791686304143425446e+00) (5, -3.36346414926620962405e+00) (6, 2.31369363004586192645e+00) (7, -1.40757640101075365280e+00) (8, 2.45442871784330840512e+00) (9, 4.22822720829655818164e+00) (10, 5.10057240213916851523e-01) (11, 2.49001782917008496199e+00) (0, 6.98930561811738348954e-02) (1, 6.86529627001337128256e-01) (2, 3.45545511231870072777e+00) (3, 3.37659000692314581471e-01) (4, 8.85561325374448427006e-01) (5, 3.59981500641555207665e+00) (6, -2.01992193016435062081e-02) (7, 6.77576114702185816618e-01) (8, 2.32925410680941760710e-02) (9, -1.56349867643558071428e-01) (10, 2.57553452053934761601e-01) (11, -5.34404467457751594650e-02) (12, 1.92297643745470558940e+00) (13, -3.00941171386677339683e+01) (14, 1.90343988264132057964e+00) (15, -1.96333618332624570968e+00) 
