FANN_FLO_2.1
num_layers=3
learning_rate=0.700000
connection_rate=1.000000
network_type=0
learning_momentum=0.000000
training_algorithm=2
train_error_function=1
train_stop_function=1
cascade_output_change_fraction=0.010000
quickprop_decay=-0.000100
quickprop_mu=1.750000
rprop_increase_factor=1.200000
rprop_decrease_factor=0.500000
rprop_delta_min=0.000000
rprop_delta_max=50.000000
rprop_delta_zero=0.100000
cascade_output_stagnation_epochs=12
cascade_candidate_change_fraction=0.010000
cascade_candidate_stagnation_epochs=12
cascade_max_out_epochs=150
cascade_min_out_epochs=50
cascade_max_cand_epochs=150
cascade_min_cand_epochs=50
cascade_num_candidate_groups=2
bit_fail_limit=1.00000000000000005551e-01
cascade_candidate_limit=1.00000000000000000000e+03
cascade_weight_multiplier=4.00000000000000022204e-01
cascade_activation_functions_count=10
cascade_activation_functions=3 5 7 8 10 11 14 15 16 17 
cascade_activation_steepnesses_count=4
cascade_activation_steepnesses=2.50000000000000000000e-01 5.00000000000000000000e-01 7.50000000000000000000e-01 1.00000000000000000000e+00 
layer_sizes=9 4 2 
scale_included=0
neurons (num_inputs, activation_function, activation_steepness)=(0, 0, 0.00000000000000000000e+00) (0, 0, 0.00000000000000000000e+00) (0, 0, 0.00000000000000000000e+00) (0, 0, 0.00000000000000000000e+00) (0, 0, 0.00000000000000000000e+00) (0, 0, 0.00000000000000000000e+00) (0, 0, 0.00000000000000000000e+00) (0, 0, 0.00000000000000000000e+00) (0, 0, 0.00000000000000000000e+00) (9, 6, 5.00000000000000000000e-01) (9, 6, 5.00000000000000000000e-01) (9, 6, 5.00000000000000000000e-01) (0, 6, 0.00000000000000000000e+00) (4, 4, 5.00000000000000000000e-01) (0, 4, 0.00000000000000000000e+00) 
connections (connected_to_neuron, weight)=(0, 3.51065984673475561806e+00) (1, 1.47299510749882256455e+00) (2, -2.59002354188069938701e+00) (3, -1.27852773501398384037e-02) (4, -4.70143718467810600714e+00) (5, 8.81645550035590891413e-02) (6, 2.81797368929939451299e-01) (7, -4.28928001113625523288e+00) (8, 5.83711559186599338034e-01) (0, 5.13094603022804562897e+00) (1, 1.06628284020295338586e+00) (2, -3.77500355517198693533e+00) (3, 5.25683022025331264659e-03) (4, -4.70859619425394981818e+00) (5, 2.00712385303381118939e-01) (6, 4.74516216430704240725e-01) (7, -4.29362625517340656955e+00) (8, 7.11305954576423538072e-01) (0, 6.13125220239395130051e+00) (1, -1.57292749887220151273e+00) (2, -8.14505361148702311525e-01) (3, -2.10770390860944428768e-01) (4, -1.57470577814037904218e+00) (5, 5.30686822646529887670e-01) (6, 5.16878220378381603162e-01) (7, -1.61665809380869296419e+00) (8, 1.07747140804155505656e+00) (9, -5.69302367940214892883e+00) (10, -1.88414665539245196335e+00) (11, -3.05702155247107860703e+01) (12, -2.93558859744346811738e+00) 
