FANN_FLO_2.1
num_layers=3
learning_rate=0.700000
connection_rate=1.000000
network_type=0
learning_momentum=0.000000
training_algorithm=2
train_error_function=1
train_stop_function=1
cascade_output_change_fraction=0.010000
quickprop_decay=-0.000100
quickprop_mu=1.750000
rprop_increase_factor=1.200000
rprop_decrease_factor=0.500000
rprop_delta_min=0.000000
rprop_delta_max=50.000000
rprop_delta_zero=0.100000
cascade_output_stagnation_epochs=12
cascade_candidate_change_fraction=0.010000
cascade_candidate_stagnation_epochs=12
cascade_max_out_epochs=150
cascade_min_out_epochs=50
cascade_max_cand_epochs=150
cascade_min_cand_epochs=50
cascade_num_candidate_groups=2
bit_fail_limit=1.00000000000000005551e-01
cascade_candidate_limit=1.00000000000000000000e+03
cascade_weight_multiplier=4.00000000000000022204e-01
cascade_activation_functions_count=10
cascade_activation_functions=3 5 7 8 10 11 14 15 16 17 
cascade_activation_steepnesses_count=4
cascade_activation_steepnesses=2.50000000000000000000e-01 5.00000000000000000000e-01 7.50000000000000000000e-01 1.00000000000000000000e+00 
layer_sizes=7 4 2 
scale_included=0
neurons (num_inputs, activation_function, activation_steepness)=(0, 0, 0.00000000000000000000e+00) (0, 0, 0.00000000000000000000e+00) (0, 0, 0.00000000000000000000e+00) (0, 0, 0.00000000000000000000e+00) (0, 0, 0.00000000000000000000e+00) (0, 0, 0.00000000000000000000e+00) (0, 0, 0.00000000000000000000e+00) (7, 6, 5.00000000000000000000e-01) (7, 6, 5.00000000000000000000e-01) (7, 6, 5.00000000000000000000e-01) (0, 6, 0.00000000000000000000e+00) (4, 4, 5.00000000000000000000e-01) (0, 4, 0.00000000000000000000e+00) 
connections (connected_to_neuron, weight)=(0, -2.93031726597863702299e-02) (1, 3.57876558367297592511e-01) (2, 3.63696878078807905865e-01) (3, 1.84433733307254454914e+00) (4, 1.37010319605716657243e+00) (5, 1.34476021696531899963e+00) (6, -1.56003529262455226112e-01) (0, -1.96223463339976889053e+00) (1, 1.73654302731692222750e+00) (2, 2.68558426696440299963e+00) (3, -1.08252047090794811801e+00) (4, -1.10537857474142331426e+00) (5, 1.09095829216520523453e+00) (6, -1.91614646313957837087e+00) (0, -1.87576454727224972707e+00) (1, 1.86970403567492349239e+00) (2, 2.78497017670055946326e+00) (3, -1.15010100862203956673e+00) (4, -1.18333590687567014044e+00) (5, 1.15988238764683937454e+00) (6, -1.94969611464314085403e+00) (7, 1.09735382853625473842e+00) (8, 6.99918707154754304867e+00) (9, 1.33151884800235134065e+01) (10, -1.90746694652609494192e+00) 
