FANN_FLO_2.1
num_layers=3
learning_rate=0.700000
connection_rate=1.000000
network_type=0
learning_momentum=0.000000
training_algorithm=2
train_error_function=1
train_stop_function=1
cascade_output_change_fraction=0.010000
quickprop_decay=-0.000100
quickprop_mu=1.750000
rprop_increase_factor=1.200000
rprop_decrease_factor=0.500000
rprop_delta_min=0.000000
rprop_delta_max=50.000000
rprop_delta_zero=0.100000
cascade_output_stagnation_epochs=12
cascade_candidate_change_fraction=0.010000
cascade_candidate_stagnation_epochs=12
cascade_max_out_epochs=150
cascade_min_out_epochs=50
cascade_max_cand_epochs=150
cascade_min_cand_epochs=50
cascade_num_candidate_groups=2
bit_fail_limit=1.00000000000000005551e-01
cascade_candidate_limit=1.00000000000000000000e+03
cascade_weight_multiplier=4.00000000000000022204e-01
cascade_activation_functions_count=10
cascade_activation_functions=3 5 7 8 10 11 14 15 16 17 
cascade_activation_steepnesses_count=4
cascade_activation_steepnesses=2.50000000000000000000e-01 5.00000000000000000000e-01 7.50000000000000000000e-01 1.00000000000000000000e+00 
layer_sizes=12 4 2 
scale_included=0
neurons (num_inputs, activation_function, activation_steepness)=(0, 0, 0.00000000000000000000e+00) (0, 0, 0.00000000000000000000e+00) (0, 0, 0.00000000000000000000e+00) (0, 0, 0.00000000000000000000e+00) (0, 0, 0.00000000000000000000e+00) (0, 0, 0.00000000000000000000e+00) (0, 0, 0.00000000000000000000e+00) (0, 0, 0.00000000000000000000e+00) (0, 0, 0.00000000000000000000e+00) (0, 0, 0.00000000000000000000e+00) (0, 0, 0.00000000000000000000e+00) (0, 0, 0.00000000000000000000e+00) (12, 6, 5.00000000000000000000e-01) (12, 6, 5.00000000000000000000e-01) (12, 6, 5.00000000000000000000e-01) (0, 6, 0.00000000000000000000e+00) (4, 4, 5.00000000000000000000e-01) (0, 4, 0.00000000000000000000e+00) 
connections (connected_to_neuron, weight)=(0, -8.42922617362867110380e-01) (1, 1.85067246502932691854e+00) (2, 3.13496035855344246102e+00) (3, -4.74410677627284227409e-01) (4, 5.94362882744607801122e-01) (5, -1.48864027559071376849e+00) (6, -2.71524246525105050765e+00) (7, 1.65864425045989793972e+00) (8, 3.06432489017752995863e+00) (9, -1.49609209814044596953e+00) (10, -1.34751816834873960893e+00) (11, -2.01550552728121790125e+00) (0, 1.08425140166800229591e-01) (1, 8.25168211435530429831e-01) (2, 1.85165021708813348766e+00) (3, 2.21039240777304635266e-01) (4, 1.27002942420870490459e+00) (5, -1.52239931399628325437e-01) (6, -3.40340191791029533785e-01) (7, 1.25632809185227545257e+00) (8, 2.55302600505512167217e+00) (9, -3.09454776419451016434e-01) (10, -5.56550723097450128485e-01) (11, -8.65827143808387100776e-01) (0, 2.45099139334817667235e-01) (1, 5.20154942943299491986e+00) (2, 6.00394395591723806227e-01) (3, -1.59872598165327151065e+00) (4, -1.10086635669603083443e+00) (5, -4.31361657973880951999e+00) (6, -4.24051102098579590916e+00) (7, 9.30551779433655568141e+00) (8, 7.23268332643440925445e-01) (9, -6.73519340508653030497e+00) (10, -8.07137279763626125373e+00) (11, -8.46871056636722824296e-02) (12, 1.53126256192291272384e+01) (13, 1.30313058830975347924e+00) (14, 2.04208320499913265067e+00) (15, -2.92209962694742575451e+00) 
