FANN_FLO_2.1
num_layers=3
learning_rate=0.700000
connection_rate=1.000000
network_type=0
learning_momentum=0.000000
training_algorithm=2
train_error_function=1
train_stop_function=1
cascade_output_change_fraction=0.010000
quickprop_decay=-0.000100
quickprop_mu=1.750000
rprop_increase_factor=1.200000
rprop_decrease_factor=0.500000
rprop_delta_min=0.000000
rprop_delta_max=50.000000
rprop_delta_zero=0.100000
cascade_output_stagnation_epochs=12
cascade_candidate_change_fraction=0.010000
cascade_candidate_stagnation_epochs=12
cascade_max_out_epochs=150
cascade_min_out_epochs=50
cascade_max_cand_epochs=150
cascade_min_cand_epochs=50
cascade_num_candidate_groups=2
bit_fail_limit=1.00000000000000005551e-01
cascade_candidate_limit=1.00000000000000000000e+03
cascade_weight_multiplier=4.00000000000000022204e-01
cascade_activation_functions_count=10
cascade_activation_functions=3 5 7 8 10 11 14 15 16 17 
cascade_activation_steepnesses_count=4
cascade_activation_steepnesses=2.50000000000000000000e-01 5.00000000000000000000e-01 7.50000000000000000000e-01 1.00000000000000000000e+00 
layer_sizes=11 4 2 
scale_included=0
neurons (num_inputs, activation_function, activation_steepness)=(0, 0, 0.00000000000000000000e+00) (0, 0, 0.00000000000000000000e+00) (0, 0, 0.00000000000000000000e+00) (0, 0, 0.00000000000000000000e+00) (0, 0, 0.00000000000000000000e+00) (0, 0, 0.00000000000000000000e+00) (0, 0, 0.00000000000000000000e+00) (0, 0, 0.00000000000000000000e+00) (0, 0, 0.00000000000000000000e+00) (0, 0, 0.00000000000000000000e+00) (0, 0, 0.00000000000000000000e+00) (11, 6, 5.00000000000000000000e-01) (11, 6, 5.00000000000000000000e-01) (11, 6, 5.00000000000000000000e-01) (0, 6, 0.00000000000000000000e+00) (4, 4, 5.00000000000000000000e-01) (0, 4, 0.00000000000000000000e+00) 
connections (connected_to_neuron, weight)=(0, 1.77587730696647128070e+00) (1, -1.85985235954093575117e+00) (2, -2.48702479374935592205e+00) (3, -3.91207892089238284949e-01) (4, 7.61222332006554425199e-01) (5, -2.55524324393867141580e+00) (6, 1.21515017635546795916e+00) (7, 8.16698887904422132777e-01) (8, 1.25681807994693195418e-01) (9, 1.29399018166384160988e-01) (10, 2.63408497754074000241e+00) (0, -6.21217853625817717500e-01) (1, 2.28230820665249778401e+00) (2, 9.94841158413626636126e-01) (3, 3.74365098295964982000e-01) (4, -3.60497891321599150949e-01) (5, 7.31175630035620471858e-01) (6, 1.24397264954516306723e-01) (7, -5.55054158732519731245e-01) (8, 2.68149522246264315761e-01) (9, 1.06715643053642006421e-01) (10, -6.03526476075454176851e-01) (0, 2.60626592520213984372e+00) (1, -2.66766328117290152377e+00) (2, -2.61072154564192215886e+00) (3, -3.91380060105672000770e-01) (4, 8.60891321672515252850e-01) (5, -2.59132783628104812479e+00) (6, 1.21561398244820706438e+00) (7, 5.96650146630458233510e-01) (8, 6.91959166525301649919e-02) (9, 4.70729782547809616489e-01) (10, 2.64042262021041773679e+00) (11, -7.36102517010353096794e+00) (12, 3.11637935853302172617e+00) (13, -1.17911322410276930839e+01) (14, -1.15705019506251760575e+00) 
