FANN_FLO_2.1
num_layers=3
learning_rate=0.700000
connection_rate=1.000000
network_type=0
learning_momentum=0.000000
training_algorithm=2
train_error_function=1
train_stop_function=1
cascade_output_change_fraction=0.010000
quickprop_decay=-0.000100
quickprop_mu=1.750000
rprop_increase_factor=1.200000
rprop_decrease_factor=0.500000
rprop_delta_min=0.000000
rprop_delta_max=50.000000
rprop_delta_zero=0.100000
cascade_output_stagnation_epochs=12
cascade_candidate_change_fraction=0.010000
cascade_candidate_stagnation_epochs=12
cascade_max_out_epochs=150
cascade_min_out_epochs=50
cascade_max_cand_epochs=150
cascade_min_cand_epochs=50
cascade_num_candidate_groups=2
bit_fail_limit=1.00000000000000005551e-01
cascade_candidate_limit=1.00000000000000000000e+03
cascade_weight_multiplier=4.00000000000000022204e-01
cascade_activation_functions_count=10
cascade_activation_functions=3 5 7 8 10 11 14 15 16 17 
cascade_activation_steepnesses_count=4
cascade_activation_steepnesses=2.50000000000000000000e-01 5.00000000000000000000e-01 7.50000000000000000000e-01 1.00000000000000000000e+00 
layer_sizes=14 4 2 
scale_included=0
neurons (num_inputs, activation_function, activation_steepness)=(0, 0, 0.00000000000000000000e+00) (0, 0, 0.00000000000000000000e+00) (0, 0, 0.00000000000000000000e+00) (0, 0, 0.00000000000000000000e+00) (0, 0, 0.00000000000000000000e+00) (0, 0, 0.00000000000000000000e+00) (0, 0, 0.00000000000000000000e+00) (0, 0, 0.00000000000000000000e+00) (0, 0, 0.00000000000000000000e+00) (0, 0, 0.00000000000000000000e+00) (0, 0, 0.00000000000000000000e+00) (0, 0, 0.00000000000000000000e+00) (0, 0, 0.00000000000000000000e+00) (0, 0, 0.00000000000000000000e+00) (14, 6, 5.00000000000000000000e-01) (14, 6, 5.00000000000000000000e-01) (14, 6, 5.00000000000000000000e-01) (0, 6, 0.00000000000000000000e+00) (4, 4, 5.00000000000000000000e-01) (0, 4, 0.00000000000000000000e+00) 
connections (connected_to_neuron, weight)=(0, -3.61612661014957126326e+00) (1, 2.28739036432442599533e+00) (2, 1.76676803267780480056e+00) (3, -3.80340797181886736134e-02) (4, 6.87129754195704434139e-01) (5, 1.55867893068546559121e+00) (6, 2.44247057517950461047e+00) (7, -2.12450050693561776072e+00) (8, -1.09782528536864720792e+00) (9, -2.72616814975083432415e+00) (10, 2.42656407946373720019e-01) (11, 2.46156247004029223036e-02) (12, 1.70088956653413991837e+00) (13, -8.35852286044089232142e-01) (0, 1.97687002256697819114e+00) (1, -1.41016202023254266784e+00) (2, -1.24256065602824850025e+00) (3, -2.80247926274199254948e-01) (4, -7.84024119548607512087e-01) (5, -1.57282662985545473866e+00) (6, -2.34244652221648541612e+00) (7, 1.65734760882807785620e+00) (8, 7.40456802049024198631e-01) (9, 1.63792830380154663672e+00) (10, 5.64372788223909793714e-01) (11, 3.34930998945069058337e-01) (12, -1.42605066153430626308e+00) (13, 1.20920067498759675750e+00) (0, -2.89540607885282325062e-02) (1, 4.81848468380224215224e-01) (2, 4.38116082996652278503e-01) (3, 2.45797478942047287198e-01) (4, 1.46403954529127711126e+00) (5, 7.69398798393040150856e-01) (6, 7.83060916448369503939e-01) (7, -1.42581887797442408150e-01) (8, 2.13361354047556101010e-01) (9, -4.07583615327229073499e-02) (10, 3.08619754108919730484e-01) (11, 1.75492634501579786166e-01) (12, 1.72819088018276101337e+00) (13, 1.04529818341673446519e-02) (14, 7.04750103262895510881e+00) (15, -1.91506969069500421199e+01) (16, 3.97034775565306530254e-01) (17, -8.05589166024298308777e-01) 
