FANN_FLO_2.1
num_layers=3
learning_rate=0.700000
connection_rate=1.000000
network_type=0
learning_momentum=0.000000
training_algorithm=2
train_error_function=1
train_stop_function=1
cascade_output_change_fraction=0.010000
quickprop_decay=-0.000100
quickprop_mu=1.750000
rprop_increase_factor=1.200000
rprop_decrease_factor=0.500000
rprop_delta_min=0.000000
rprop_delta_max=50.000000
rprop_delta_zero=0.100000
cascade_output_stagnation_epochs=12
cascade_candidate_change_fraction=0.010000
cascade_candidate_stagnation_epochs=12
cascade_max_out_epochs=150
cascade_min_out_epochs=50
cascade_max_cand_epochs=150
cascade_min_cand_epochs=50
cascade_num_candidate_groups=2
bit_fail_limit=1.00000000000000005551e-01
cascade_candidate_limit=1.00000000000000000000e+03
cascade_weight_multiplier=4.00000000000000022204e-01
cascade_activation_functions_count=10
cascade_activation_functions=3 5 7 8 10 11 14 15 16 17 
cascade_activation_steepnesses_count=4
cascade_activation_steepnesses=2.50000000000000000000e-01 5.00000000000000000000e-01 7.50000000000000000000e-01 1.00000000000000000000e+00 
layer_sizes=13 4 2 
scale_included=0
neurons (num_inputs, activation_function, activation_steepness)=(0, 0, 0.00000000000000000000e+00) (0, 0, 0.00000000000000000000e+00) (0, 0, 0.00000000000000000000e+00) (0, 0, 0.00000000000000000000e+00) (0, 0, 0.00000000000000000000e+00) (0, 0, 0.00000000000000000000e+00) (0, 0, 0.00000000000000000000e+00) (0, 0, 0.00000000000000000000e+00) (0, 0, 0.00000000000000000000e+00) (0, 0, 0.00000000000000000000e+00) (0, 0, 0.00000000000000000000e+00) (0, 0, 0.00000000000000000000e+00) (0, 0, 0.00000000000000000000e+00) (13, 6, 5.00000000000000000000e-01) (13, 6, 5.00000000000000000000e-01) (13, 6, 5.00000000000000000000e-01) (0, 6, 0.00000000000000000000e+00) (4, 4, 5.00000000000000000000e-01) (0, 4, 0.00000000000000000000e+00) 
connections (connected_to_neuron, weight)=(0, -2.00558608759477552397e+00) (1, 1.81646216156640072370e+00) (2, 1.19001348038964294140e+00) (3, 5.43112788233848675645e-01) (4, 1.06337435657666512512e+00) (5, 1.20503430745846218386e+00) (6, -9.19365378190658139035e-02) (7, 5.28463179760734425017e-01) (8, 1.26078060548956361053e+00) (9, 6.76587641447598864275e-01) (10, 6.98033920417188924468e-01) (11, -1.20457186215131559215e-01) (12, -2.01781340755500160355e+00) (0, -2.02582472755501363793e+00) (1, 2.28508484034111969407e+00) (2, 8.22370834434085651310e-01) (3, 2.11291783562016610709e-01) (4, 7.59002408158876651356e-01) (5, 7.93045515149917390474e-01) (6, -1.77287975149311660683e-01) (7, -1.62779518186043281602e+00) (8, 1.36162973975042733699e+00) (9, 6.42176196187550951677e-01) (10, 6.95127419124006551421e-01) (11, -1.16596422009675779186e-01) (12, -2.07969747550763450761e+00) (0, -1.25006567409557622916e+00) (1, 4.83465516855006327557e-01) (2, 3.01021198967314607131e-01) (3, 1.02188060353606322006e-01) (4, 3.81944576520039547063e-01) (5, 2.35575250235145944311e-01) (6, -8.68745333586884438404e-01) (7, -9.02049206766441402650e-01) (8, 1.50270972416501003011e+01) (9, 3.11442161837829623039e+00) (10, 1.44918151642748460617e+00) (11, 1.36338257893554470890e+00) (12, -2.53873110493117892794e-01) (13, 1.20316271409379176305e+01) (14, 2.06568177907831866946e+01) (15, 1.26726280573810790031e+00) (16, -1.23344254877037751150e+00) 
