FANN_FLO_2.1
num_layers=3
learning_rate=0.700000
connection_rate=1.000000
network_type=0
learning_momentum=0.000000
training_algorithm=2
train_error_function=1
train_stop_function=1
cascade_output_change_fraction=0.010000
quickprop_decay=-0.000100
quickprop_mu=1.750000
rprop_increase_factor=1.200000
rprop_decrease_factor=0.500000
rprop_delta_min=0.000000
rprop_delta_max=50.000000
rprop_delta_zero=0.100000
cascade_output_stagnation_epochs=12
cascade_candidate_change_fraction=0.010000
cascade_candidate_stagnation_epochs=12
cascade_max_out_epochs=150
cascade_min_out_epochs=50
cascade_max_cand_epochs=150
cascade_min_cand_epochs=50
cascade_num_candidate_groups=2
bit_fail_limit=1.00000000000000005551e-01
cascade_candidate_limit=1.00000000000000000000e+03
cascade_weight_multiplier=4.00000000000000022204e-01
cascade_activation_functions_count=10
cascade_activation_functions=3 5 7 8 10 11 14 15 16 17 
cascade_activation_steepnesses_count=4
cascade_activation_steepnesses=2.50000000000000000000e-01 5.00000000000000000000e-01 7.50000000000000000000e-01 1.00000000000000000000e+00 
layer_sizes=9 4 2 
scale_included=0
neurons (num_inputs, activation_function, activation_steepness)=(0, 0, 0.00000000000000000000e+00) (0, 0, 0.00000000000000000000e+00) (0, 0, 0.00000000000000000000e+00) (0, 0, 0.00000000000000000000e+00) (0, 0, 0.00000000000000000000e+00) (0, 0, 0.00000000000000000000e+00) (0, 0, 0.00000000000000000000e+00) (0, 0, 0.00000000000000000000e+00) (0, 0, 0.00000000000000000000e+00) (9, 6, 5.00000000000000000000e-01) (9, 6, 5.00000000000000000000e-01) (9, 6, 5.00000000000000000000e-01) (0, 6, 0.00000000000000000000e+00) (4, 4, 5.00000000000000000000e-01) (0, 4, 0.00000000000000000000e+00) 
connections (connected_to_neuron, weight)=(0, -3.45544132201462916854e+00) (1, 5.68587618979881637138e-01) (2, 3.10698877058577238586e+00) (3, 2.90848961666511862667e-01) (4, 3.75517201767058717010e+00) (5, 8.83193697915010261790e-02) (6, -1.59315782462698640742e+00) (7, 2.95249223282296968662e+00) (8, -1.73847141672997196338e+00) (0, -6.24658844649836364482e+00) (1, 2.59210149462080918781e+00) (2, 1.29790430461297168208e+00) (3, 8.53024784240540151492e-02) (4, 2.41674762091343886539e+00) (5, -9.85784299486768822440e-01) (6, -1.39197664257518516351e+00) (7, 2.81729049701038736231e+00) (8, -2.35963239537705460336e+00) (0, 1.02041208560854556708e+02) (1, -3.85284359181224766999e+00) (2, -3.12038870303891480162e+00) (3, 3.43814378956756733219e-02) (4, -2.09277475401269086319e+01) (5, 3.03761097909283828145e+00) (6, 4.25894186839677557632e-01) (7, -1.38902830856671837267e+01) (8, 1.20057463344705706021e+01) (9, 7.23993235957138026038e+00) (10, 1.95647485423911078328e+01) (11, -1.40942894859630341031e+00) (12, -1.41288449807483429410e+00) 
