FANN_FLO_2.1
num_layers=3
learning_rate=0.700000
connection_rate=1.000000
network_type=0
learning_momentum=0.000000
training_algorithm=2
train_error_function=1
train_stop_function=1
cascade_output_change_fraction=0.010000
quickprop_decay=-0.000100
quickprop_mu=1.750000
rprop_increase_factor=1.200000
rprop_decrease_factor=0.500000
rprop_delta_min=0.000000
rprop_delta_max=50.000000
rprop_delta_zero=0.100000
cascade_output_stagnation_epochs=12
cascade_candidate_change_fraction=0.010000
cascade_candidate_stagnation_epochs=12
cascade_max_out_epochs=150
cascade_min_out_epochs=50
cascade_max_cand_epochs=150
cascade_min_cand_epochs=50
cascade_num_candidate_groups=2
bit_fail_limit=1.00000000000000005551e-01
cascade_candidate_limit=1.00000000000000000000e+03
cascade_weight_multiplier=4.00000000000000022204e-01
cascade_activation_functions_count=10
cascade_activation_functions=3 5 7 8 10 11 14 15 16 17 
cascade_activation_steepnesses_count=4
cascade_activation_steepnesses=2.50000000000000000000e-01 5.00000000000000000000e-01 7.50000000000000000000e-01 1.00000000000000000000e+00 
layer_sizes=7 4 2 
scale_included=0
neurons (num_inputs, activation_function, activation_steepness)=(0, 0, 0.00000000000000000000e+00) (0, 0, 0.00000000000000000000e+00) (0, 0, 0.00000000000000000000e+00) (0, 0, 0.00000000000000000000e+00) (0, 0, 0.00000000000000000000e+00) (0, 0, 0.00000000000000000000e+00) (0, 0, 0.00000000000000000000e+00) (7, 6, 5.00000000000000000000e-01) (7, 6, 5.00000000000000000000e-01) (7, 6, 5.00000000000000000000e-01) (0, 6, 0.00000000000000000000e+00) (4, 4, 5.00000000000000000000e-01) (0, 4, 0.00000000000000000000e+00) 
connections (connected_to_neuron, weight)=(0, 4.83262948932043842620e-02) (1, 1.10615132426091200557e+00) (2, 1.92573173346090725788e-01) (3, 2.59734706403145110265e-01) (4, 2.93426470281013762609e-01) (5, 3.20902237780832266800e-01) (6, 4.53932425852388368726e-02) (0, -4.17071477638783960629e+00) (1, 3.66709398873104674976e+00) (2, 2.85717615950624681531e+00) (3, 9.72916424540544944044e-01) (4, 8.84790852932001326003e-01) (5, 2.76853735571226389212e+00) (6, -4.28037448542418985653e+00) (0, -7.99077941871636637794e-02) (1, 8.54035806288526710972e-02) (2, 8.29935442393976252617e+00) (3, 5.34194973818263585397e-02) (4, 1.91313049682175412292e-01) (5, 7.08197591785220459393e-01) (6, -1.08860988805388775313e-01) (7, 3.98431417078987215596e-01) (8, 7.96420467089428996132e+00) (9, 1.01546779361400552055e+00) (10, -1.92876469385891002872e+00) 
