FANN_FLO_2.1
num_layers=3
learning_rate=0.700000
connection_rate=1.000000
network_type=0
learning_momentum=0.000000
training_algorithm=2
train_error_function=1
train_stop_function=1
cascade_output_change_fraction=0.010000
quickprop_decay=-0.000100
quickprop_mu=1.750000
rprop_increase_factor=1.200000
rprop_decrease_factor=0.500000
rprop_delta_min=0.000000
rprop_delta_max=50.000000
rprop_delta_zero=0.100000
cascade_output_stagnation_epochs=12
cascade_candidate_change_fraction=0.010000
cascade_candidate_stagnation_epochs=12
cascade_max_out_epochs=150
cascade_min_out_epochs=50
cascade_max_cand_epochs=150
cascade_min_cand_epochs=50
cascade_num_candidate_groups=2
bit_fail_limit=1.00000000000000005551e-01
cascade_candidate_limit=1.00000000000000000000e+03
cascade_weight_multiplier=4.00000000000000022204e-01
cascade_activation_functions_count=10
cascade_activation_functions=3 5 7 8 10 11 14 15 16 17 
cascade_activation_steepnesses_count=4
cascade_activation_steepnesses=2.50000000000000000000e-01 5.00000000000000000000e-01 7.50000000000000000000e-01 1.00000000000000000000e+00 
layer_sizes=8 4 2 
scale_included=0
neurons (num_inputs, activation_function, activation_steepness)=(0, 0, 0.00000000000000000000e+00) (0, 0, 0.00000000000000000000e+00) (0, 0, 0.00000000000000000000e+00) (0, 0, 0.00000000000000000000e+00) (0, 0, 0.00000000000000000000e+00) (0, 0, 0.00000000000000000000e+00) (0, 0, 0.00000000000000000000e+00) (0, 0, 0.00000000000000000000e+00) (8, 6, 5.00000000000000000000e-01) (8, 6, 5.00000000000000000000e-01) (8, 6, 5.00000000000000000000e-01) (0, 6, 0.00000000000000000000e+00) (4, 4, 5.00000000000000000000e-01) (0, 4, 0.00000000000000000000e+00) 
connections (connected_to_neuron, weight)=(0, -2.59372588253566682681e+00) (1, 2.50359936330800048054e+00) (2, 2.06483464193801369291e+00) (3, -8.19231373980710109173e-01) (4, 6.60011533489727186819e-01) (5, 1.30942617244817260946e+00) (6, -5.62745954587176133721e-01) (7, -2.71406523517319619998e+00) (0, -2.22916267930464195857e+00) (1, -1.36973934424010845845e+00) (2, 1.69124720587761245838e+01) (3, 3.93570707401508346202e-01) (4, -2.26524007715206088243e-01) (5, 2.61937943342852641582e-01) (6, -1.18144468846465788836e-01) (7, -2.17362764595941992951e+00) (0, -2.05541345216438964272e+00) (1, 1.38573831580378059591e+00) (2, 2.98313716343874402170e+00) (3, 1.92987013882117863783e-01) (4, 6.71516362419628309866e-01) (5, 1.28463319204546455587e+00) (6, -1.27084889099701014992e+00) (7, -1.64723737517656254603e+00) (8, 1.04843532035918158840e+01) (9, 8.21052699952050546450e-01) (10, 2.31922592161021912105e+00) (11, -1.33408236169148097794e+00) 
