FANN_FLO_2.1
num_layers=3
learning_rate=0.700000
connection_rate=1.000000
network_type=0
learning_momentum=0.000000
training_algorithm=2
train_error_function=1
train_stop_function=1
cascade_output_change_fraction=0.010000
quickprop_decay=-0.000100
quickprop_mu=1.750000
rprop_increase_factor=1.200000
rprop_decrease_factor=0.500000
rprop_delta_min=0.000000
rprop_delta_max=50.000000
rprop_delta_zero=0.100000
cascade_output_stagnation_epochs=12
cascade_candidate_change_fraction=0.010000
cascade_candidate_stagnation_epochs=12
cascade_max_out_epochs=150
cascade_min_out_epochs=50
cascade_max_cand_epochs=150
cascade_min_cand_epochs=50
cascade_num_candidate_groups=2
bit_fail_limit=1.00000000000000005551e-01
cascade_candidate_limit=1.00000000000000000000e+03
cascade_weight_multiplier=4.00000000000000022204e-01
cascade_activation_functions_count=10
cascade_activation_functions=3 5 7 8 10 11 14 15 16 17 
cascade_activation_steepnesses_count=4
cascade_activation_steepnesses=2.50000000000000000000e-01 5.00000000000000000000e-01 7.50000000000000000000e-01 1.00000000000000000000e+00 
layer_sizes=14 4 2 
scale_included=0
neurons (num_inputs, activation_function, activation_steepness)=(0, 0, 0.00000000000000000000e+00) (0, 0, 0.00000000000000000000e+00) (0, 0, 0.00000000000000000000e+00) (0, 0, 0.00000000000000000000e+00) (0, 0, 0.00000000000000000000e+00) (0, 0, 0.00000000000000000000e+00) (0, 0, 0.00000000000000000000e+00) (0, 0, 0.00000000000000000000e+00) (0, 0, 0.00000000000000000000e+00) (0, 0, 0.00000000000000000000e+00) (0, 0, 0.00000000000000000000e+00) (0, 0, 0.00000000000000000000e+00) (0, 0, 0.00000000000000000000e+00) (0, 0, 0.00000000000000000000e+00) (14, 6, 5.00000000000000000000e-01) (14, 6, 5.00000000000000000000e-01) (14, 6, 5.00000000000000000000e-01) (0, 6, 0.00000000000000000000e+00) (4, 4, 5.00000000000000000000e-01) (0, 4, 0.00000000000000000000e+00) 
connections (connected_to_neuron, weight)=(0, 1.66350307861037105539e+00) (1, -1.34985334201227291651e+00) (2, -2.19940051557241256219e+00) (3, 1.37664733768664504510e+00) (4, 8.74672534721712469086e-01) (5, 2.07062779811037112054e+00) (6, -1.46639437142725648222e-01) (7, -9.00765490551222902660e-01) (8, -1.20257959553177307122e+00) (9, 5.40039896850029399467e-01) (10, -7.24300716210392159233e-01) (11, 4.72445621460969078509e-01) (12, 5.97809013081627482755e-01) (13, 1.37930118979685101266e+00) (0, -1.96355616920437614503e+00) (1, 1.76098851365597131036e+00) (2, 2.29612183422959015289e+00) (3, -1.66374888823978794861e+00) (4, -4.49113782752054990777e-01) (5, -1.65688863204471958923e+00) (6, 1.20967570419866587983e+00) (7, 1.74771090115948846133e+00) (8, 1.68905492766338505284e+00) (9, 8.86417489402624575456e-02) (10, 1.66214135584031597048e+00) (11, -8.50077968118414795118e-02) (12, -3.29757179148465751073e-01) (13, -1.02167152135894379050e+00) (0, -2.05320174866165938710e+00) (1, 1.75731893879921319268e+00) (2, 2.23077455760157272735e+00) (3, -1.59598110424034511645e+00) (4, -3.05424478161829771050e-01) (5, -1.60553824709408199389e+00) (6, 1.14085436339933465888e+00) (7, 1.76029774438186814578e+00) (8, 1.75042260332542576329e+00) (9, -3.01734285218415165808e-02) (10, 1.75921205726062312991e+00) (11, 5.34166367856419924132e-02) (12, -3.75386561281949693303e-01) (13, -1.01287238567397652744e+00) (14, -1.04262562572945558514e+01) (15, 6.44645998841966960669e+00) (16, 6.51968385494198088281e+00) (17, -5.82072010496576641714e-01) 
