FANN_FLO_2.1
num_layers=3
learning_rate=0.700000
connection_rate=1.000000
network_type=0
learning_momentum=0.000000
training_algorithm=2
train_error_function=1
train_stop_function=1
cascade_output_change_fraction=0.010000
quickprop_decay=-0.000100
quickprop_mu=1.750000
rprop_increase_factor=1.200000
rprop_decrease_factor=0.500000
rprop_delta_min=0.000000
rprop_delta_max=50.000000
rprop_delta_zero=0.100000
cascade_output_stagnation_epochs=12
cascade_candidate_change_fraction=0.010000
cascade_candidate_stagnation_epochs=12
cascade_max_out_epochs=150
cascade_min_out_epochs=50
cascade_max_cand_epochs=150
cascade_min_cand_epochs=50
cascade_num_candidate_groups=2
bit_fail_limit=1.00000000000000005551e-01
cascade_candidate_limit=1.00000000000000000000e+03
cascade_weight_multiplier=4.00000000000000022204e-01
cascade_activation_functions_count=10
cascade_activation_functions=3 5 7 8 10 11 14 15 16 17 
cascade_activation_steepnesses_count=4
cascade_activation_steepnesses=2.50000000000000000000e-01 5.00000000000000000000e-01 7.50000000000000000000e-01 1.00000000000000000000e+00 
layer_sizes=7 4 2 
scale_included=0
neurons (num_inputs, activation_function, activation_steepness)=(0, 0, 0.00000000000000000000e+00) (0, 0, 0.00000000000000000000e+00) (0, 0, 0.00000000000000000000e+00) (0, 0, 0.00000000000000000000e+00) (0, 0, 0.00000000000000000000e+00) (0, 0, 0.00000000000000000000e+00) (0, 0, 0.00000000000000000000e+00) (7, 6, 5.00000000000000000000e-01) (7, 6, 5.00000000000000000000e-01) (7, 6, 5.00000000000000000000e-01) (0, 6, 0.00000000000000000000e+00) (4, 4, 5.00000000000000000000e-01) (0, 4, 0.00000000000000000000e+00) 
connections (connected_to_neuron, weight)=(0, -1.40408560497467704842e+00) (1, 1.82799291714858869184e+00) (2, 1.76997910918639544953e+00) (3, -3.72974625587715935549e-01) (4, -1.39716550004932438256e-01) (5, 1.30145908309199631603e+00) (6, -1.32796168191139885018e+00) (0, 1.63222778368192700249e+00) (1, 1.90791483037341569329e+00) (2, -1.43655200621285548124e+01) (3, 5.71129646952701075513e-01) (4, 4.47559156065502894428e-01) (5, -4.68179367016651470923e-01) (6, 1.72744386795359616826e+00) (0, -3.56544344772219679029e+00) (1, 8.57823278948717060644e+00) (2, -8.46365278274117338597e-01) (3, -1.55320286284504627261e+00) (4, -9.03094462197006730975e-01) (5, 1.49224406803057596527e+00) (6, -2.04756550509741508392e+00) (7, 3.60029998384631788610e-01) (8, -4.03424644327726422688e+00) (9, 3.35682307091817788702e+00) (10, -4.42318758424115987538e+00) 
