FANN_FLO_2.1
num_layers=3
learning_rate=0.700000
connection_rate=1.000000
network_type=0
learning_momentum=0.000000
training_algorithm=2
train_error_function=1
train_stop_function=1
cascade_output_change_fraction=0.010000
quickprop_decay=-0.000100
quickprop_mu=1.750000
rprop_increase_factor=1.200000
rprop_decrease_factor=0.500000
rprop_delta_min=0.000000
rprop_delta_max=50.000000
rprop_delta_zero=0.100000
cascade_output_stagnation_epochs=12
cascade_candidate_change_fraction=0.010000
cascade_candidate_stagnation_epochs=12
cascade_max_out_epochs=150
cascade_min_out_epochs=50
cascade_max_cand_epochs=150
cascade_min_cand_epochs=50
cascade_num_candidate_groups=2
bit_fail_limit=1.00000000000000005551e-01
cascade_candidate_limit=1.00000000000000000000e+03
cascade_weight_multiplier=4.00000000000000022204e-01
cascade_activation_functions_count=10
cascade_activation_functions=3 5 7 8 10 11 14 15 16 17 
cascade_activation_steepnesses_count=4
cascade_activation_steepnesses=2.50000000000000000000e-01 5.00000000000000000000e-01 7.50000000000000000000e-01 1.00000000000000000000e+00 
layer_sizes=8 4 2 
scale_included=0
neurons (num_inputs, activation_function, activation_steepness)=(0, 0, 0.00000000000000000000e+00) (0, 0, 0.00000000000000000000e+00) (0, 0, 0.00000000000000000000e+00) (0, 0, 0.00000000000000000000e+00) (0, 0, 0.00000000000000000000e+00) (0, 0, 0.00000000000000000000e+00) (0, 0, 0.00000000000000000000e+00) (0, 0, 0.00000000000000000000e+00) (8, 6, 5.00000000000000000000e-01) (8, 6, 5.00000000000000000000e-01) (8, 6, 5.00000000000000000000e-01) (0, 6, 0.00000000000000000000e+00) (4, 4, 5.00000000000000000000e-01) (0, 4, 0.00000000000000000000e+00) 
connections (connected_to_neuron, weight)=(0, 2.94151984998973381469e-01) (1, 4.83157872465376947435e-01) (2, 5.96866035591808286043e-01) (3, 3.14072080940451248132e-01) (4, 3.68625048323083071011e-01) (5, 5.69296599660589652814e-01) (6, 1.39231779684347345416e+00) (7, 2.97271273466719387901e-01) (0, 1.01006860910418438948e+00) (1, -1.35339980461564723946e+00) (2, 3.17296431196138983832e-01) (3, 1.83900975418493817237e-01) (4, -7.07567908075520946021e-01) (5, -1.45163717875988962369e+00) (6, -1.15664175433768656731e+00) (7, 1.06040990082213681944e+00) (0, 1.06985497354033398665e+00) (1, -1.48419758566585224813e+00) (2, 2.83834964764521247016e-01) (3, 3.41810301673815375434e-01) (4, -7.34283093568751876745e-01) (5, -1.43346607695134165006e+00) (6, -1.17254124862803843499e+00) (7, 9.95004539467785886764e-01) (8, 5.54571987613331374156e-01) (9, -3.76897624745354704601e+01) (10, -3.76030607014284186107e+01) (11, -3.41036742715616181254e-01) 
