FANN_FLO_2.1
num_layers=3
learning_rate=0.700000
connection_rate=1.000000
network_type=0
learning_momentum=0.000000
training_algorithm=2
train_error_function=1
train_stop_function=1
cascade_output_change_fraction=0.010000
quickprop_decay=-0.000100
quickprop_mu=1.750000
rprop_increase_factor=1.200000
rprop_decrease_factor=0.500000
rprop_delta_min=0.000000
rprop_delta_max=50.000000
rprop_delta_zero=0.100000
cascade_output_stagnation_epochs=12
cascade_candidate_change_fraction=0.010000
cascade_candidate_stagnation_epochs=12
cascade_max_out_epochs=150
cascade_min_out_epochs=50
cascade_max_cand_epochs=150
cascade_min_cand_epochs=50
cascade_num_candidate_groups=2
bit_fail_limit=1.00000000000000005551e-01
cascade_candidate_limit=1.00000000000000000000e+03
cascade_weight_multiplier=4.00000000000000022204e-01
cascade_activation_functions_count=10
cascade_activation_functions=3 5 7 8 10 11 14 15 16 17 
cascade_activation_steepnesses_count=4
cascade_activation_steepnesses=2.50000000000000000000e-01 5.00000000000000000000e-01 7.50000000000000000000e-01 1.00000000000000000000e+00 
layer_sizes=8 4 2 
scale_included=0
neurons (num_inputs, activation_function, activation_steepness)=(0, 0, 0.00000000000000000000e+00) (0, 0, 0.00000000000000000000e+00) (0, 0, 0.00000000000000000000e+00) (0, 0, 0.00000000000000000000e+00) (0, 0, 0.00000000000000000000e+00) (0, 0, 0.00000000000000000000e+00) (0, 0, 0.00000000000000000000e+00) (0, 0, 0.00000000000000000000e+00) (8, 6, 5.00000000000000000000e-01) (8, 6, 5.00000000000000000000e-01) (8, 6, 5.00000000000000000000e-01) (0, 6, 0.00000000000000000000e+00) (4, 4, 5.00000000000000000000e-01) (0, 4, 0.00000000000000000000e+00) 
connections (connected_to_neuron, weight)=(0, 1.30627050100641390884e+01) (1, -7.14589316766321669405e+00) (2, -7.73503554111823099504e+00) (3, 6.16050733480335033221e+00) (4, -1.59304849621754907041e+00) (5, 2.66568229602259254563e+00) (6, 4.29102927684283874665e-01) (7, 6.06255816568584737780e+00) (0, 1.31756257696483007891e+01) (1, -6.65449483331214697301e+00) (2, -8.05199371765627525122e+00) (3, 6.16305714280905014846e+00) (4, -3.22762119701472194322e+00) (5, 3.18259366680088096047e+00) (6, -9.85534786659313821744e-01) (7, 6.25151630671324021193e+00) (0, -5.95808875648245184209e+00) (1, 1.25340685541412621973e+00) (2, 1.37703786010754525293e+00) (3, -7.34090470466921884984e-01) (4, 1.20932207483634623912e+00) (5, 7.95193423146713929128e-02) (6, 5.33951020236835757760e-02) (7, 4.74465097164161811460e-02) (8, -2.71349179213102065233e+00) (9, -2.72900811051185332445e+00) (10, 2.55960444772366635391e+00) (11, -1.78903419576951017156e+00) 
