FANN_FLO_2.1
num_layers=3
learning_rate=0.700000
connection_rate=1.000000
network_type=0
learning_momentum=0.000000
training_algorithm=2
train_error_function=1
train_stop_function=1
cascade_output_change_fraction=0.010000
quickprop_decay=-0.000100
quickprop_mu=1.750000
rprop_increase_factor=1.200000
rprop_decrease_factor=0.500000
rprop_delta_min=0.000000
rprop_delta_max=50.000000
rprop_delta_zero=0.100000
cascade_output_stagnation_epochs=12
cascade_candidate_change_fraction=0.010000
cascade_candidate_stagnation_epochs=12
cascade_max_out_epochs=150
cascade_min_out_epochs=50
cascade_max_cand_epochs=150
cascade_min_cand_epochs=50
cascade_num_candidate_groups=2
bit_fail_limit=1.00000000000000005551e-01
cascade_candidate_limit=1.00000000000000000000e+03
cascade_weight_multiplier=4.00000000000000022204e-01
cascade_activation_functions_count=10
cascade_activation_functions=3 5 7 8 10 11 14 15 16 17 
cascade_activation_steepnesses_count=4
cascade_activation_steepnesses=2.50000000000000000000e-01 5.00000000000000000000e-01 7.50000000000000000000e-01 1.00000000000000000000e+00 
layer_sizes=7 4 2 
scale_included=0
neurons (num_inputs, activation_function, activation_steepness)=(0, 0, 0.00000000000000000000e+00) (0, 0, 0.00000000000000000000e+00) (0, 0, 0.00000000000000000000e+00) (0, 0, 0.00000000000000000000e+00) (0, 0, 0.00000000000000000000e+00) (0, 0, 0.00000000000000000000e+00) (0, 0, 0.00000000000000000000e+00) (7, 6, 5.00000000000000000000e-01) (7, 6, 5.00000000000000000000e-01) (7, 6, 5.00000000000000000000e-01) (0, 6, 0.00000000000000000000e+00) (4, 4, 5.00000000000000000000e-01) (0, 4, 0.00000000000000000000e+00) 
connections (connected_to_neuron, weight)=(0, 6.94335654961602344315e+00) (1, -5.50015270408058132290e+00) (2, -7.13161765991761598116e+00) (3, 1.28571221789721645834e+00) (4, 2.28385283933673965961e-01) (5, -1.01629269116292997310e-01) (6, 5.53011937069547965251e+00) (0, 1.59349494876315134206e+02) (1, -3.68390360917483832282e+01) (2, 3.35869886787154143803e+01) (3, 8.67937602093516957780e+00) (4, 1.00805999726254604809e+01) (5, 4.97631353953289945480e+00) (6, 2.09211626550716793815e+01) (0, 2.63388075259008047624e+00) (1, -9.75835159071725910529e-01) (2, -1.12494561482986146217e+01) (3, 2.00569544527214121965e-01) (4, 4.11387459947268607774e-01) (5, -3.77152636337353319718e+00) (6, 7.90217618766877460956e-01) (7, -7.27974914258538863265e+00) (8, -1.39811136770524790940e+00) (9, -1.10204915665371760980e+00) (10, -1.49812148724090477003e+00) 
