FANN_FLO_2.1
num_layers=3
learning_rate=0.700000
connection_rate=1.000000
network_type=0
learning_momentum=0.000000
training_algorithm=2
train_error_function=1
train_stop_function=1
cascade_output_change_fraction=0.010000
quickprop_decay=-0.000100
quickprop_mu=1.750000
rprop_increase_factor=1.200000
rprop_decrease_factor=0.500000
rprop_delta_min=0.000000
rprop_delta_max=50.000000
rprop_delta_zero=0.100000
cascade_output_stagnation_epochs=12
cascade_candidate_change_fraction=0.010000
cascade_candidate_stagnation_epochs=12
cascade_max_out_epochs=150
cascade_min_out_epochs=50
cascade_max_cand_epochs=150
cascade_min_cand_epochs=50
cascade_num_candidate_groups=2
bit_fail_limit=1.00000000000000005551e-01
cascade_candidate_limit=1.00000000000000000000e+03
cascade_weight_multiplier=4.00000000000000022204e-01
cascade_activation_functions_count=10
cascade_activation_functions=3 5 7 8 10 11 14 15 16 17 
cascade_activation_steepnesses_count=4
cascade_activation_steepnesses=2.50000000000000000000e-01 5.00000000000000000000e-01 7.50000000000000000000e-01 1.00000000000000000000e+00 
layer_sizes=7 4 2 
scale_included=0
neurons (num_inputs, activation_function, activation_steepness)=(0, 0, 0.00000000000000000000e+00) (0, 0, 0.00000000000000000000e+00) (0, 0, 0.00000000000000000000e+00) (0, 0, 0.00000000000000000000e+00) (0, 0, 0.00000000000000000000e+00) (0, 0, 0.00000000000000000000e+00) (0, 0, 0.00000000000000000000e+00) (7, 6, 5.00000000000000000000e-01) (7, 6, 5.00000000000000000000e-01) (7, 6, 5.00000000000000000000e-01) (0, 6, 0.00000000000000000000e+00) (4, 4, 5.00000000000000000000e-01) (0, 4, 0.00000000000000000000e+00) 
connections (connected_to_neuron, weight)=(0, -1.14414442356471329765e-01) (1, 1.36893759945440596226e+00) (2, -3.13069604224165687345e-01) (3, -1.91776708875734891446e-01) (4, -2.12176353846628751310e-01) (5, 2.24674632614720787283e-01) (6, -5.50873317083161173624e-02) (0, -1.99095402086212547310e+00) (1, 6.82677224664915893726e+00) (2, -2.01018182109037574223e-01) (3, -1.45623474346282089087e+00) (4, -5.71899823158785181043e-01) (5, -1.38109163811003021749e-01) (6, -1.89641777599289262923e+00) (0, 1.65822954736242667018e+00) (1, 7.02009514962756209222e-01) (2, -1.46426726781092000351e+01) (3, 2.44791761648059713607e-01) (4, 7.38742518635526423942e-01) (5, -5.74243655698236432627e-01) (6, 2.68518798180704321155e+00) (7, 1.47291908342469435311e+00) (8, 2.82638873294265069447e+00) (9, -4.11205944476306139990e+00) (10, -4.39025567249192416597e+00) 
