FANN_FLO_2.1
num_layers=3
learning_rate=0.700000
connection_rate=1.000000
network_type=0
learning_momentum=0.000000
training_algorithm=2
train_error_function=1
train_stop_function=1
cascade_output_change_fraction=0.010000
quickprop_decay=-0.000100
quickprop_mu=1.750000
rprop_increase_factor=1.200000
rprop_decrease_factor=0.500000
rprop_delta_min=0.000000
rprop_delta_max=50.000000
rprop_delta_zero=0.100000
cascade_output_stagnation_epochs=12
cascade_candidate_change_fraction=0.010000
cascade_candidate_stagnation_epochs=12
cascade_max_out_epochs=150
cascade_min_out_epochs=50
cascade_max_cand_epochs=150
cascade_min_cand_epochs=50
cascade_num_candidate_groups=2
bit_fail_limit=1.00000000000000005551e-01
cascade_candidate_limit=1.00000000000000000000e+03
cascade_weight_multiplier=4.00000000000000022204e-01
cascade_activation_functions_count=10
cascade_activation_functions=3 5 7 8 10 11 14 15 16 17 
cascade_activation_steepnesses_count=4
cascade_activation_steepnesses=2.50000000000000000000e-01 5.00000000000000000000e-01 7.50000000000000000000e-01 1.00000000000000000000e+00 
layer_sizes=8 4 2 
scale_included=0
neurons (num_inputs, activation_function, activation_steepness)=(0, 0, 0.00000000000000000000e+00) (0, 0, 0.00000000000000000000e+00) (0, 0, 0.00000000000000000000e+00) (0, 0, 0.00000000000000000000e+00) (0, 0, 0.00000000000000000000e+00) (0, 0, 0.00000000000000000000e+00) (0, 0, 0.00000000000000000000e+00) (0, 0, 0.00000000000000000000e+00) (8, 6, 5.00000000000000000000e-01) (8, 6, 5.00000000000000000000e-01) (8, 6, 5.00000000000000000000e-01) (0, 6, 0.00000000000000000000e+00) (4, 4, 5.00000000000000000000e-01) (0, 4, 0.00000000000000000000e+00) 
connections (connected_to_neuron, weight)=(0, -3.39619828545780710893e-01) (1, 7.35295381200842035341e-01) (2, 5.72940790345469741496e-01) (3, 8.87140771585408827171e-01) (4, -1.26153894662180271480e-01) (5, 8.87190084601771067341e-02) (6, 8.65418471843187875336e-01) (7, -2.90876147355923098115e-01) (0, -9.72204897278108881586e-02) (1, 3.35398552947970107763e-01) (2, 4.79536519000329453100e-01) (3, 3.68027470147471558182e-01) (4, 4.11741599423545712177e-03) (5, 3.03844614560737857900e-01) (6, 3.36314814973058595626e-01) (7, -2.95268284446947720800e-02) (0, -1.74739435249760277635e+00) (1, 2.01427207553460574374e+00) (2, 6.63309828242729659920e-01) (3, 2.47609137777220045251e+00) (4, -3.77884305138021570070e-01) (5, -4.14767435807615381105e-01) (6, 1.61239537281067790708e+00) (7, -1.30163511147382293665e+00) (8, 8.19599314464078965159e-01) (9, 4.35013396328292833992e-01) (10, 4.98461364368495054578e+01) (11, -1.15437323709829575691e+00) 
