FANN_FLO_2.1
num_layers=3
learning_rate=0.700000
connection_rate=1.000000
network_type=0
learning_momentum=0.000000
training_algorithm=2
train_error_function=1
train_stop_function=1
cascade_output_change_fraction=0.010000
quickprop_decay=-0.000100
quickprop_mu=1.750000
rprop_increase_factor=1.200000
rprop_decrease_factor=0.500000
rprop_delta_min=0.000000
rprop_delta_max=50.000000
rprop_delta_zero=0.100000
cascade_output_stagnation_epochs=12
cascade_candidate_change_fraction=0.010000
cascade_candidate_stagnation_epochs=12
cascade_max_out_epochs=150
cascade_min_out_epochs=50
cascade_max_cand_epochs=150
cascade_min_cand_epochs=50
cascade_num_candidate_groups=2
bit_fail_limit=1.00000000000000005551e-01
cascade_candidate_limit=1.00000000000000000000e+03
cascade_weight_multiplier=4.00000000000000022204e-01
cascade_activation_functions_count=10
cascade_activation_functions=3 5 7 8 10 11 14 15 16 17 
cascade_activation_steepnesses_count=4
cascade_activation_steepnesses=2.50000000000000000000e-01 5.00000000000000000000e-01 7.50000000000000000000e-01 1.00000000000000000000e+00 
layer_sizes=15 4 2 
scale_included=0
neurons (num_inputs, activation_function, activation_steepness)=(0, 0, 0.00000000000000000000e+00) (0, 0, 0.00000000000000000000e+00) (0, 0, 0.00000000000000000000e+00) (0, 0, 0.00000000000000000000e+00) (0, 0, 0.00000000000000000000e+00) (0, 0, 0.00000000000000000000e+00) (0, 0, 0.00000000000000000000e+00) (0, 0, 0.00000000000000000000e+00) (0, 0, 0.00000000000000000000e+00) (0, 0, 0.00000000000000000000e+00) (0, 0, 0.00000000000000000000e+00) (0, 0, 0.00000000000000000000e+00) (0, 0, 0.00000000000000000000e+00) (0, 0, 0.00000000000000000000e+00) (0, 0, 0.00000000000000000000e+00) (15, 6, 5.00000000000000000000e-01) (15, 6, 5.00000000000000000000e-01) (15, 6, 5.00000000000000000000e-01) (0, 6, 0.00000000000000000000e+00) (4, 4, 5.00000000000000000000e-01) (0, 4, 0.00000000000000000000e+00) 
connections (connected_to_neuron, weight)=(0, -2.46252904526454674539e+00) (1, 3.52965049516263196239e+00) (2, 9.94164646945004532030e-02) (3, 3.85112210475429261880e-02) (4, 1.75568920633575153989e-01) (5, -8.49829167076991687235e-03) (6, 2.87717517602950390021e-01) (7, -4.66371530791442334696e-02) (8, 1.75027061391383603750e-01) (9, 5.78033170704902898862e-01) (10, 2.38436799634009793936e-01) (11, 1.13020125914126842726e-01) (12, 3.52612051438393780955e+00) (13, 3.50158816646638104686e+00) (14, -1.05943033853097057229e-01) (0, -2.91001672500235386565e+00) (1, 8.61866010804486570862e+00) (2, -3.14019441268487298213e-01) (3, 8.24468893824347404120e-01) (4, 1.05584804752191940835e+00) (5, -5.79088927424176391767e-01) (6, -2.98925414517145271454e-01) (7, -4.12259600379102530976e-01) (8, 4.28586442682945545357e-02) (9, 2.00677330804311404577e+00) (10, -1.59216612413148994598e-01) (11, 7.57586498472893055123e-02) (12, 8.65384221901011763123e+00) (13, 8.59748226483178434876e+00) (14, -8.91229288397156316215e-01) (0, -2.83126134255391903594e+00) (1, 8.63726733703923521546e+00) (2, -3.12653682789845788204e-01) (3, 7.74828804550894645331e-01) (4, 9.97234121349662827605e-01) (5, -5.46414130544884857343e-01) (6, -1.57110646202783699188e-01) (7, -5.31339234926336168030e-01) (8, -1.51282802059869880829e-01) (9, 1.84852674615823353577e+00) (10, -1.84373348787050361786e-01) (11, 2.55690653536522170819e-02) (12, 8.56305962879967985657e+00) (13, 8.65488331098866758850e+00) (14, -8.62636254844986627432e-01) (15, 4.42373433451524966653e-01) (16, 8.70558073450637159851e+00) (17, 8.66993656088424025086e+00) (18, -8.32671427843891809317e-01) 
