FANN_FLO_2.1
num_layers=3
learning_rate=0.700000
connection_rate=1.000000
network_type=0
learning_momentum=0.000000
training_algorithm=2
train_error_function=1
train_stop_function=1
cascade_output_change_fraction=0.010000
quickprop_decay=-0.000100
quickprop_mu=1.750000
rprop_increase_factor=1.200000
rprop_decrease_factor=0.500000
rprop_delta_min=0.000000
rprop_delta_max=50.000000
rprop_delta_zero=0.100000
cascade_output_stagnation_epochs=12
cascade_candidate_change_fraction=0.010000
cascade_candidate_stagnation_epochs=12
cascade_max_out_epochs=150
cascade_min_out_epochs=50
cascade_max_cand_epochs=150
cascade_min_cand_epochs=50
cascade_num_candidate_groups=2
bit_fail_limit=1.00000000000000005551e-01
cascade_candidate_limit=1.00000000000000000000e+03
cascade_weight_multiplier=4.00000000000000022204e-01
cascade_activation_functions_count=10
cascade_activation_functions=3 5 7 8 10 11 14 15 16 17 
cascade_activation_steepnesses_count=4
cascade_activation_steepnesses=2.50000000000000000000e-01 5.00000000000000000000e-01 7.50000000000000000000e-01 1.00000000000000000000e+00 
layer_sizes=8 4 2 
scale_included=0
neurons (num_inputs, activation_function, activation_steepness)=(0, 0, 0.00000000000000000000e+00) (0, 0, 0.00000000000000000000e+00) (0, 0, 0.00000000000000000000e+00) (0, 0, 0.00000000000000000000e+00) (0, 0, 0.00000000000000000000e+00) (0, 0, 0.00000000000000000000e+00) (0, 0, 0.00000000000000000000e+00) (0, 0, 0.00000000000000000000e+00) (8, 6, 5.00000000000000000000e-01) (8, 6, 5.00000000000000000000e-01) (8, 6, 5.00000000000000000000e-01) (0, 6, 0.00000000000000000000e+00) (4, 4, 5.00000000000000000000e-01) (0, 4, 0.00000000000000000000e+00) 
connections (connected_to_neuron, weight)=(0, -3.16179880200537510859e+00) (1, 2.96234388117570812682e+00) (2, 3.40336837381307466543e+00) (3, -2.82938904867193796733e+00) (4, 1.58462922761601654464e+00) (5, -1.58301461621220762588e+00) (6, -1.24793284860260117464e-01) (7, -2.98370205781366637510e+00) (0, -2.42208847166031437936e+00) (1, 5.40439141747649620662e-01) (2, 1.88947680187595135060e+00) (3, -3.34300748891682569797e-02) (4, 6.18566785307471389554e-02) (5, 1.72958434727264916131e-02) (6, 3.64857360215075920973e-01) (7, -2.22722934958012597217e-02) (0, -2.85140033192269104489e+00) (1, 1.36093520004701917792e+00) (2, 1.49341334205319276052e+00) (3, -5.27863264136559817707e-01) (4, -2.88839233426057218068e-01) (5, -2.17487262729113617343e-01) (6, 1.05765537725949942960e+00) (7, -9.37250691795158408226e-01) (8, 1.13625627708840184482e+01) (9, 7.51201883695873484648e-01) (10, 1.45466101735714969934e+00) (11, -1.61918507847529902222e+00) 
