FANN_FLO_2.1
num_layers=3
learning_rate=0.700000
connection_rate=1.000000
network_type=0
learning_momentum=0.000000
training_algorithm=2
train_error_function=1
train_stop_function=1
cascade_output_change_fraction=0.010000
quickprop_decay=-0.000100
quickprop_mu=1.750000
rprop_increase_factor=1.200000
rprop_decrease_factor=0.500000
rprop_delta_min=0.000000
rprop_delta_max=50.000000
rprop_delta_zero=0.100000
cascade_output_stagnation_epochs=12
cascade_candidate_change_fraction=0.010000
cascade_candidate_stagnation_epochs=12
cascade_max_out_epochs=150
cascade_min_out_epochs=50
cascade_max_cand_epochs=150
cascade_min_cand_epochs=50
cascade_num_candidate_groups=2
bit_fail_limit=1.00000000000000005551e-01
cascade_candidate_limit=1.00000000000000000000e+03
cascade_weight_multiplier=4.00000000000000022204e-01
cascade_activation_functions_count=10
cascade_activation_functions=3 5 7 8 10 11 14 15 16 17 
cascade_activation_steepnesses_count=4
cascade_activation_steepnesses=2.50000000000000000000e-01 5.00000000000000000000e-01 7.50000000000000000000e-01 1.00000000000000000000e+00 
layer_sizes=7 4 2 
scale_included=0
neurons (num_inputs, activation_function, activation_steepness)=(0, 0, 0.00000000000000000000e+00) (0, 0, 0.00000000000000000000e+00) (0, 0, 0.00000000000000000000e+00) (0, 0, 0.00000000000000000000e+00) (0, 0, 0.00000000000000000000e+00) (0, 0, 0.00000000000000000000e+00) (0, 0, 0.00000000000000000000e+00) (7, 6, 5.00000000000000000000e-01) (7, 6, 5.00000000000000000000e-01) (7, 6, 5.00000000000000000000e-01) (0, 6, 0.00000000000000000000e+00) (4, 4, 5.00000000000000000000e-01) (0, 4, 0.00000000000000000000e+00) 
connections (connected_to_neuron, weight)=(0, -6.63073933274024723827e-02) (1, 8.04353930012280726736e-01) (2, 4.01665842739771350445e-01) (3, 6.91025082483660679777e-01) (4, 5.52173447325598809599e-01) (5, 3.70714107237693935026e-01) (6, -2.31887954271346119484e-01) (0, -1.96021524027729987516e+00) (1, 2.61784971899529095296e+00) (2, 3.21350402464210826992e+00) (3, -1.03624385340096036856e+00) (4, -1.10969140497924323441e+00) (5, 1.66895472943041833780e+00) (6, -2.78453827178568324996e+00) (0, -2.01597470412044943444e+00) (1, 2.59717128819962139730e+00) (2, 3.22188636739790279506e+00) (3, -1.12720425544263358475e+00) (4, -1.09033924085976119400e+00) (5, 1.66171064912531885049e+00) (6, -2.73760594701857051803e+00) (7, 6.75124197084244870304e-01) (8, 7.84144354716550306961e+00) (9, 7.76242414221774534866e+00) (10, -2.17686823891947067722e+00) 
