FANN_FLO_2.1
num_layers=3
learning_rate=0.700000
connection_rate=1.000000
network_type=0
learning_momentum=0.000000
training_algorithm=2
train_error_function=1
train_stop_function=1
cascade_output_change_fraction=0.010000
quickprop_decay=-0.000100
quickprop_mu=1.750000
rprop_increase_factor=1.200000
rprop_decrease_factor=0.500000
rprop_delta_min=0.000000
rprop_delta_max=50.000000
rprop_delta_zero=0.100000
cascade_output_stagnation_epochs=12
cascade_candidate_change_fraction=0.010000
cascade_candidate_stagnation_epochs=12
cascade_max_out_epochs=150
cascade_min_out_epochs=50
cascade_max_cand_epochs=150
cascade_min_cand_epochs=50
cascade_num_candidate_groups=2
bit_fail_limit=1.00000000000000005551e-01
cascade_candidate_limit=1.00000000000000000000e+03
cascade_weight_multiplier=4.00000000000000022204e-01
cascade_activation_functions_count=10
cascade_activation_functions=3 5 7 8 10 11 14 15 16 17 
cascade_activation_steepnesses_count=4
cascade_activation_steepnesses=2.50000000000000000000e-01 5.00000000000000000000e-01 7.50000000000000000000e-01 1.00000000000000000000e+00 
layer_sizes=7 4 2 
scale_included=0
neurons (num_inputs, activation_function, activation_steepness)=(0, 0, 0.00000000000000000000e+00) (0, 0, 0.00000000000000000000e+00) (0, 0, 0.00000000000000000000e+00) (0, 0, 0.00000000000000000000e+00) (0, 0, 0.00000000000000000000e+00) (0, 0, 0.00000000000000000000e+00) (0, 0, 0.00000000000000000000e+00) (7, 6, 5.00000000000000000000e-01) (7, 6, 5.00000000000000000000e-01) (7, 6, 5.00000000000000000000e-01) (0, 6, 0.00000000000000000000e+00) (4, 4, 5.00000000000000000000e-01) (0, 4, 0.00000000000000000000e+00) 
connections (connected_to_neuron, weight)=(0, -1.83209448629784332763e-01) (1, 4.29443946389064450386e+01) (2, -1.99423505050704079622e+01) (3, -3.51222876287437468790e+00) (4, -3.36731123361294670815e+00) (5, -3.30881603189061923587e+00) (6, -7.05344600904137114528e-02) (0, -2.21178116792016288272e+00) (1, -7.56270816262876510727e-01) (2, 1.28540897976532075830e+01) (3, -3.51797869045816780087e-01) (4, -3.27115458984457374569e-01) (5, 1.79182083447702944490e+00) (6, -2.12954418503814002506e+00) (0, -3.80942713638219876415e+00) (1, 2.03327399692973642686e+00) (2, 1.30109200657281647295e+01) (3, 3.64064666329490582708e-01) (4, 3.31726501582729260686e-01) (5, 2.40484790752110022538e+00) (6, -5.84114934754950709817e+00) (7, 3.29992790999811358432e+00) (8, 1.22852765630385429851e+00) (9, 3.02369773709254019423e+00) (10, -4.01995505755253379476e+00) 
