FANN_FLO_2.1
num_layers=3
learning_rate=0.700000
connection_rate=1.000000
network_type=0
learning_momentum=0.000000
training_algorithm=2
train_error_function=1
train_stop_function=1
cascade_output_change_fraction=0.010000
quickprop_decay=-0.000100
quickprop_mu=1.750000
rprop_increase_factor=1.200000
rprop_decrease_factor=0.500000
rprop_delta_min=0.000000
rprop_delta_max=50.000000
rprop_delta_zero=0.100000
cascade_output_stagnation_epochs=12
cascade_candidate_change_fraction=0.010000
cascade_candidate_stagnation_epochs=12
cascade_max_out_epochs=150
cascade_min_out_epochs=50
cascade_max_cand_epochs=150
cascade_min_cand_epochs=50
cascade_num_candidate_groups=2
bit_fail_limit=1.00000000000000005551e-01
cascade_candidate_limit=1.00000000000000000000e+03
cascade_weight_multiplier=4.00000000000000022204e-01
cascade_activation_functions_count=10
cascade_activation_functions=3 5 7 8 10 11 14 15 16 17 
cascade_activation_steepnesses_count=4
cascade_activation_steepnesses=2.50000000000000000000e-01 5.00000000000000000000e-01 7.50000000000000000000e-01 1.00000000000000000000e+00 
layer_sizes=15 4 2 
scale_included=0
neurons (num_inputs, activation_function, activation_steepness)=(0, 0, 0.00000000000000000000e+00) (0, 0, 0.00000000000000000000e+00) (0, 0, 0.00000000000000000000e+00) (0, 0, 0.00000000000000000000e+00) (0, 0, 0.00000000000000000000e+00) (0, 0, 0.00000000000000000000e+00) (0, 0, 0.00000000000000000000e+00) (0, 0, 0.00000000000000000000e+00) (0, 0, 0.00000000000000000000e+00) (0, 0, 0.00000000000000000000e+00) (0, 0, 0.00000000000000000000e+00) (0, 0, 0.00000000000000000000e+00) (0, 0, 0.00000000000000000000e+00) (0, 0, 0.00000000000000000000e+00) (0, 0, 0.00000000000000000000e+00) (15, 6, 5.00000000000000000000e-01) (15, 6, 5.00000000000000000000e-01) (15, 6, 5.00000000000000000000e-01) (0, 6, 0.00000000000000000000e+00) (4, 4, 5.00000000000000000000e-01) (0, 4, 0.00000000000000000000e+00) 
connections (connected_to_neuron, weight)=(0, -4.48949077901143311919e+00) (1, 1.05385107866690130862e+01) (2, -5.38139706740412337993e-01) (3, 1.88084798205643677349e+00) (4, -6.22519483903493209276e-01) (5, 2.71468035955453934616e-01) (6, 1.61912717003847184127e-01) (7, 2.07825613384017637841e+00) (8, 1.52461126525426926559e-01) (9, -6.00611812757322893752e-01) (10, 2.58200325150514664596e-01) (11, 1.05657881668970556888e+01) (12, 1.05427453092501135501e+01) (13, -1.07413536529267195085e+00) (14, -1.11873966362625631987e+00) (0, -1.84398586155489918603e+00) (1, 4.35342286745464956965e+00) (2, -7.20842870585436390485e-02) (3, 5.63651121297214841022e-01) (4, -6.23565988846557894831e-01) (5, -8.99652811382044559352e-02) (6, 1.04297868484560907198e-01) (7, 1.67789024486132043457e+00) (8, 8.27120122816334957250e-02) (9, -1.80743039883144135382e-01) (10, 4.29209498073827022679e-02) (11, 4.44253997723019278254e+00) (12, 4.37925420919811880793e+00) (13, -1.45525347401727761509e-01) (14, -4.21594292888495647542e-01) (0, -1.81490056069211003198e+00) (1, 4.38217449779069578852e+00) (2, -2.12684394668769344294e-01) (3, 4.74630988278721244189e-01) (4, -6.79811122127311873165e-01) (5, 1.50888887550603197768e-02) (6, 3.27129583302182558313e-02) (7, 1.72108596934862512207e+00) (8, 2.52255973722707096951e-02) (9, -2.41504983342654994116e-01) (10, 5.02354082968007320531e-02) (11, 4.45174895445263540950e+00) (12, 4.39852000246203100886e+00) (13, -1.50609839667905892613e-01) (14, -3.41179736921641552083e-01) (15, 1.05492029807732077273e+01) (16, 2.11041231384943150928e+00) (17, 2.10323217442701482227e+00) (18, -1.08184281643778357207e+00) 
