FANN_FLO_2.1
num_layers=3
learning_rate=0.700000
connection_rate=1.000000
network_type=0
learning_momentum=0.000000
training_algorithm=2
train_error_function=1
train_stop_function=1
cascade_output_change_fraction=0.010000
quickprop_decay=-0.000100
quickprop_mu=1.750000
rprop_increase_factor=1.200000
rprop_decrease_factor=0.500000
rprop_delta_min=0.000000
rprop_delta_max=50.000000
rprop_delta_zero=0.100000
cascade_output_stagnation_epochs=12
cascade_candidate_change_fraction=0.010000
cascade_candidate_stagnation_epochs=12
cascade_max_out_epochs=150
cascade_min_out_epochs=50
cascade_max_cand_epochs=150
cascade_min_cand_epochs=50
cascade_num_candidate_groups=2
bit_fail_limit=1.00000000000000005551e-01
cascade_candidate_limit=1.00000000000000000000e+03
cascade_weight_multiplier=4.00000000000000022204e-01
cascade_activation_functions_count=10
cascade_activation_functions=3 5 7 8 10 11 14 15 16 17 
cascade_activation_steepnesses_count=4
cascade_activation_steepnesses=2.50000000000000000000e-01 5.00000000000000000000e-01 7.50000000000000000000e-01 1.00000000000000000000e+00 
layer_sizes=12 4 2 
scale_included=0
neurons (num_inputs, activation_function, activation_steepness)=(0, 0, 0.00000000000000000000e+00) (0, 0, 0.00000000000000000000e+00) (0, 0, 0.00000000000000000000e+00) (0, 0, 0.00000000000000000000e+00) (0, 0, 0.00000000000000000000e+00) (0, 0, 0.00000000000000000000e+00) (0, 0, 0.00000000000000000000e+00) (0, 0, 0.00000000000000000000e+00) (0, 0, 0.00000000000000000000e+00) (0, 0, 0.00000000000000000000e+00) (0, 0, 0.00000000000000000000e+00) (0, 0, 0.00000000000000000000e+00) (12, 6, 5.00000000000000000000e-01) (12, 6, 5.00000000000000000000e-01) (12, 6, 5.00000000000000000000e-01) (0, 6, 0.00000000000000000000e+00) (4, 4, 5.00000000000000000000e-01) (0, 4, 0.00000000000000000000e+00) 
connections (connected_to_neuron, weight)=(0, 6.08806168014638271480e-01) (1, 1.36566784107767702494e+00) (2, -6.09167927195983764932e+01) (3, -2.01421087908327550720e-01) (4, -3.84587885590981337636e-01) (5, -1.24871198433140695450e+00) (6, 1.56260314757311036260e+00) (7, 1.64770922268387215448e-01) (8, 6.74727959899611845485e-02) (9, 1.45000000000000000000e+03) (10, 8.34628342194553729527e-01) (11, 6.43478819543462088326e-01) (0, -1.50950043511996301326e+00) (1, 1.52732357146294273065e+00) (2, 1.37075184922458195302e+01) (3, -1.43761526065000264651e+01) (4, 4.19120740895624432909e+00) (5, -1.44703438824663113138e+01) (6, 5.67887835763659687416e+00) (7, 3.11895570135922417521e+00) (8, 2.56955689799491082681e+00) (9, 1.50000000000000000000e+03) (10, 5.87685923657033004730e+00) (11, -5.69257840217054678078e+00) (0, 7.96168306060133362800e-02) (1, 1.78753451915407381989e+01) (2, -1.66516497746912328637e+00) (3, 2.06730684869648378976e-01) (4, 9.61091706776034282456e-01) (5, -3.60753280407616649939e+00) (6, 8.91566780586827811739e-01) (7, 3.75854833324125559013e-01) (8, 1.18789673456613217861e-01) (9, 1.50000000000000000000e+03) (10, 3.64054836408490734012e-01) (11, -2.70391666550718001716e-01) (12, -6.81551021870338047393e+00) (13, 8.35820832203138763816e+00) (14, 7.34194037313308189852e+00) (15, -1.06161583742302445543e+00) 
