FANN_FLO_2.1
num_layers=3
learning_rate=0.700000
connection_rate=1.000000
network_type=0
learning_momentum=0.000000
training_algorithm=2
train_error_function=1
train_stop_function=1
cascade_output_change_fraction=0.010000
quickprop_decay=-0.000100
quickprop_mu=1.750000
rprop_increase_factor=1.200000
rprop_decrease_factor=0.500000
rprop_delta_min=0.000000
rprop_delta_max=50.000000
rprop_delta_zero=0.100000
cascade_output_stagnation_epochs=12
cascade_candidate_change_fraction=0.010000
cascade_candidate_stagnation_epochs=12
cascade_max_out_epochs=150
cascade_min_out_epochs=50
cascade_max_cand_epochs=150
cascade_min_cand_epochs=50
cascade_num_candidate_groups=2
bit_fail_limit=1.00000000000000005551e-01
cascade_candidate_limit=1.00000000000000000000e+03
cascade_weight_multiplier=4.00000000000000022204e-01
cascade_activation_functions_count=10
cascade_activation_functions=3 5 7 8 10 11 14 15 16 17 
cascade_activation_steepnesses_count=4
cascade_activation_steepnesses=2.50000000000000000000e-01 5.00000000000000000000e-01 7.50000000000000000000e-01 1.00000000000000000000e+00 
layer_sizes=8 4 2 
scale_included=0
neurons (num_inputs, activation_function, activation_steepness)=(0, 0, 0.00000000000000000000e+00) (0, 0, 0.00000000000000000000e+00) (0, 0, 0.00000000000000000000e+00) (0, 0, 0.00000000000000000000e+00) (0, 0, 0.00000000000000000000e+00) (0, 0, 0.00000000000000000000e+00) (0, 0, 0.00000000000000000000e+00) (0, 0, 0.00000000000000000000e+00) (8, 6, 5.00000000000000000000e-01) (8, 6, 5.00000000000000000000e-01) (8, 6, 5.00000000000000000000e-01) (0, 6, 0.00000000000000000000e+00) (4, 4, 5.00000000000000000000e-01) (0, 4, 0.00000000000000000000e+00) 
connections (connected_to_neuron, weight)=(0, 4.81869354238561531378e-01) (1, -8.05189235699868999241e-01) (2, -8.00122517229568730457e-01) (3, 2.43333931115577911664e-01) (4, 1.11960653001021925856e-01) (5, -3.09242017936086743823e-01) (6, 3.88456407739612930019e-01) (7, 4.75610330797706204464e-01) (0, -4.82048326440139174309e+00) (1, 1.57065989470450889653e-01) (2, 1.93039096772122285017e+01) (3, 1.02033519533187333472e+00) (4, -1.08248493637406253964e-01) (5, 4.68060524361328222920e-01) (6, -3.91671687903340060011e-01) (7, -4.67508046038432478753e+00) (0, -4.02223661811133847976e+00) (1, 3.60987431601553820926e+00) (2, 3.34101097162462989942e+00) (3, -1.60856753066059399160e+00) (4, 1.09664439023374593596e+00) (5, 2.69158739991236917177e+00) (6, -1.75264789893644734597e+00) (7, -3.92556406081696929178e+00) (8, -2.52414468073294750994e+00) (9, 1.49504955969075692401e+00) (10, 6.21535288991919188106e+00) (11, -2.04874820471686014400e+00) 
