FANN_FLO_2.1
num_layers=3
learning_rate=0.700000
connection_rate=1.000000
network_type=0
learning_momentum=0.000000
training_algorithm=2
train_error_function=1
train_stop_function=1
cascade_output_change_fraction=0.010000
quickprop_decay=-0.000100
quickprop_mu=1.750000
rprop_increase_factor=1.200000
rprop_decrease_factor=0.500000
rprop_delta_min=0.000000
rprop_delta_max=50.000000
rprop_delta_zero=0.100000
cascade_output_stagnation_epochs=12
cascade_candidate_change_fraction=0.010000
cascade_candidate_stagnation_epochs=12
cascade_max_out_epochs=150
cascade_min_out_epochs=50
cascade_max_cand_epochs=150
cascade_min_cand_epochs=50
cascade_num_candidate_groups=2
bit_fail_limit=1.00000000000000005551e-01
cascade_candidate_limit=1.00000000000000000000e+03
cascade_weight_multiplier=4.00000000000000022204e-01
cascade_activation_functions_count=10
cascade_activation_functions=3 5 7 8 10 11 14 15 16 17 
cascade_activation_steepnesses_count=4
cascade_activation_steepnesses=2.50000000000000000000e-01 5.00000000000000000000e-01 7.50000000000000000000e-01 1.00000000000000000000e+00 
layer_sizes=11 4 2 
scale_included=0
neurons (num_inputs, activation_function, activation_steepness)=(0, 0, 0.00000000000000000000e+00) (0, 0, 0.00000000000000000000e+00) (0, 0, 0.00000000000000000000e+00) (0, 0, 0.00000000000000000000e+00) (0, 0, 0.00000000000000000000e+00) (0, 0, 0.00000000000000000000e+00) (0, 0, 0.00000000000000000000e+00) (0, 0, 0.00000000000000000000e+00) (0, 0, 0.00000000000000000000e+00) (0, 0, 0.00000000000000000000e+00) (0, 0, 0.00000000000000000000e+00) (11, 6, 5.00000000000000000000e-01) (11, 6, 5.00000000000000000000e-01) (11, 6, 5.00000000000000000000e-01) (0, 6, 0.00000000000000000000e+00) (4, 4, 5.00000000000000000000e-01) (0, 4, 0.00000000000000000000e+00) 
connections (connected_to_neuron, weight)=(0, -6.04836571072859041642e-01) (1, -1.40049228133684033892e-02) (2, 1.31438779169624400112e+01) (3, 8.09385932074521474711e-01) (4, -1.22775317732512240232e-01) (5, 1.31546832108800959560e+01) (6, -3.60989858171117505847e-01) (7, 4.68976605311853700364e-01) (8, 1.82266735813679192635e-01) (9, -4.16572784345788482696e-01) (10, -5.59744733428282015275e-01) (0, -1.58036866106303630630e+00) (1, 2.29874423081683465497e+00) (2, 1.95255353275899290466e+00) (3, 9.42490149112327091352e-01) (4, -5.45259166130214190105e-01) (5, 1.83772695783738493347e+00) (6, -8.18352573440822017581e-01) (7, 2.99258424216042373533e-01) (8, 4.53317730967429444178e-01) (9, -6.10481722646664448639e-01) (10, -2.31705717853703729858e+00) (0, -2.28277631500250643981e+00) (1, 2.35841242904471704023e+00) (2, 1.85493421528701185608e+00) (3, 8.35177577854974262372e-01) (4, -5.44140103825717424968e-01) (5, 1.92735486451749205017e+00) (6, -5.05090902719861234438e-01) (7, 1.88354721539746139403e-01) (8, 4.09214071278003244103e-01) (9, -7.90407901996086681429e-01) (10, -2.28951940051713220825e+00) (11, 1.04063035306443651962e+00) (12, 1.08451665435061261888e+01) (13, 1.08276737723574445482e+01) (14, -1.44325572299083448868e+00) 
