FANN_FLO_2.1
num_layers=3
learning_rate=0.700000
connection_rate=1.000000
network_type=0
learning_momentum=0.000000
training_algorithm=2
train_error_function=1
train_stop_function=1
cascade_output_change_fraction=0.010000
quickprop_decay=-0.000100
quickprop_mu=1.750000
rprop_increase_factor=1.200000
rprop_decrease_factor=0.500000
rprop_delta_min=0.000000
rprop_delta_max=50.000000
rprop_delta_zero=0.100000
cascade_output_stagnation_epochs=12
cascade_candidate_change_fraction=0.010000
cascade_candidate_stagnation_epochs=12
cascade_max_out_epochs=150
cascade_min_out_epochs=50
cascade_max_cand_epochs=150
cascade_min_cand_epochs=50
cascade_num_candidate_groups=2
bit_fail_limit=1.00000000000000005551e-01
cascade_candidate_limit=1.00000000000000000000e+03
cascade_weight_multiplier=4.00000000000000022204e-01
cascade_activation_functions_count=10
cascade_activation_functions=3 5 7 8 10 11 14 15 16 17 
cascade_activation_steepnesses_count=4
cascade_activation_steepnesses=2.50000000000000000000e-01 5.00000000000000000000e-01 7.50000000000000000000e-01 1.00000000000000000000e+00 
layer_sizes=15 4 2 
scale_included=0
neurons (num_inputs, activation_function, activation_steepness)=(0, 0, 0.00000000000000000000e+00) (0, 0, 0.00000000000000000000e+00) (0, 0, 0.00000000000000000000e+00) (0, 0, 0.00000000000000000000e+00) (0, 0, 0.00000000000000000000e+00) (0, 0, 0.00000000000000000000e+00) (0, 0, 0.00000000000000000000e+00) (0, 0, 0.00000000000000000000e+00) (0, 0, 0.00000000000000000000e+00) (0, 0, 0.00000000000000000000e+00) (0, 0, 0.00000000000000000000e+00) (0, 0, 0.00000000000000000000e+00) (0, 0, 0.00000000000000000000e+00) (0, 0, 0.00000000000000000000e+00) (0, 0, 0.00000000000000000000e+00) (15, 6, 5.00000000000000000000e-01) (15, 6, 5.00000000000000000000e-01) (15, 6, 5.00000000000000000000e-01) (0, 6, 0.00000000000000000000e+00) (4, 4, 5.00000000000000000000e-01) (0, 4, 0.00000000000000000000e+00) 
connections (connected_to_neuron, weight)=(0, -2.83170694595884908651e+00) (1, 5.48000088846058219794e-01) (2, -2.52266714802133917850e-01) (3, 1.78028701855213498106e+01) (4, 2.79320378981105488236e+00) (5, 3.36419240451502288280e-01) (6, -1.17107627744483577814e+00) (7, 2.02178843584991376758e+01) (8, -2.19792433543591403389e-01) (9, -5.34434959068576409535e-01) (10, 2.66304825900809727379e-01) (11, 1.46298602381697562258e-01) (12, -2.69342551987688083592e-01) (13, 1.32616686683780987677e-01) (14, -2.82590128964495290731e+00) (0, 1.01369369923335934658e+01) (1, -1.04017010921777597332e+01) (2, 1.14689267475660949813e+00) (3, -3.09089258964955648779e+00) (4, -1.01589402446471819275e+01) (5, -1.02391935189290652630e+01) (6, -3.91130097603982207488e+00) (7, -1.15014578472435502476e+01) (8, 8.70029258933950444543e+00) (9, 7.90992074597940586500e+00) (10, -9.96584366437434709951e+00) (11, 2.44872343613607545976e+00) (12, 1.72024092104825987448e+00) (13, -4.01419724520255183364e+00) (14, 8.61171361345251007435e+00) (0, 1.23180895167805415369e+00) (1, -1.19824097315447919421e+00) (2, 3.87140654390683902619e-01) (3, -2.97080201644879915435e-01) (4, -3.26173964993071141549e+00) (5, -1.64230121086650315831e+00) (6, 1.48773642832064045827e+00) (7, -4.69709939978744817068e+00) (8, 2.95845214162904768251e-01) (9, 9.86638534931792571259e-02) (10, -1.14461096775466164566e+00) (11, 3.92100494634853857789e-01) (12, 5.99536569812719077888e-01) (13, 1.21874149946501142416e-01) (14, 1.27217317614175540186e+00) (15, 3.05357758974413373565e+00) (16, -4.60032172415632256701e+00) (17, -9.70557144117673575856e-01) (18, -2.67336505967661741678e+00) 
