FANN_FLO_2.1
num_layers=3
learning_rate=0.700000
connection_rate=1.000000
network_type=0
learning_momentum=0.000000
training_algorithm=2
train_error_function=1
train_stop_function=1
cascade_output_change_fraction=0.010000
quickprop_decay=-0.000100
quickprop_mu=1.750000
rprop_increase_factor=1.200000
rprop_decrease_factor=0.500000
rprop_delta_min=0.000000
rprop_delta_max=50.000000
rprop_delta_zero=0.100000
cascade_output_stagnation_epochs=12
cascade_candidate_change_fraction=0.010000
cascade_candidate_stagnation_epochs=12
cascade_max_out_epochs=150
cascade_min_out_epochs=50
cascade_max_cand_epochs=150
cascade_min_cand_epochs=50
cascade_num_candidate_groups=2
bit_fail_limit=1.00000000000000005551e-01
cascade_candidate_limit=1.00000000000000000000e+03
cascade_weight_multiplier=4.00000000000000022204e-01
cascade_activation_functions_count=10
cascade_activation_functions=3 5 7 8 10 11 14 15 16 17 
cascade_activation_steepnesses_count=4
cascade_activation_steepnesses=2.50000000000000000000e-01 5.00000000000000000000e-01 7.50000000000000000000e-01 1.00000000000000000000e+00 
layer_sizes=9 4 2 
scale_included=0
neurons (num_inputs, activation_function, activation_steepness)=(0, 0, 0.00000000000000000000e+00) (0, 0, 0.00000000000000000000e+00) (0, 0, 0.00000000000000000000e+00) (0, 0, 0.00000000000000000000e+00) (0, 0, 0.00000000000000000000e+00) (0, 0, 0.00000000000000000000e+00) (0, 0, 0.00000000000000000000e+00) (0, 0, 0.00000000000000000000e+00) (0, 0, 0.00000000000000000000e+00) (9, 6, 5.00000000000000000000e-01) (9, 6, 5.00000000000000000000e-01) (9, 6, 5.00000000000000000000e-01) (0, 6, 0.00000000000000000000e+00) (4, 4, 5.00000000000000000000e-01) (0, 4, 0.00000000000000000000e+00) 
connections (connected_to_neuron, weight)=(0, 4.61725699809374479088e+00) (1, -4.88191956008221428220e+00) (2, -2.58172973894894308700e+00) (3, -5.09763600596990218428e-01) (4, -5.90973692307080855635e-01) (5, 1.84056653349198051650e+00) (6, -2.24463210926055012351e+00) (7, -2.65052454952082960915e-01) (8, 4.71492690500797895226e+00) (0, 2.77094491423656330564e-01) (1, -4.33619447522579151699e-02) (2, -1.62980777073580107572e-01) (3, 1.26948761312020208525e-01) (4, -2.04610422414800499635e-02) (5, -5.89059224283673341094e-03) (6, -9.16983861573684305712e-02) (7, -2.47398834275481926959e-01) (8, 2.34417088927318412184e-01) (0, -3.93222392542859999764e+00) (1, 4.31438940503540546700e+00) (2, 3.60367571001674269482e+00) (3, -1.31653785691027785942e-01) (4, -7.34137557301570431445e-02) (5, 8.52673232132275860096e-01) (6, 2.19120135630981760499e+00) (7, -4.18879702128167830111e-01) (8, -4.04625065817138640512e+00) (9, -3.07785066690219011321e+00) (10, -5.54019806957887217536e-01) (11, 7.48282838172523057096e+00) (12, -9.20050795521157205314e-01) 
