FANN_FLO_2.1
num_layers=3
learning_rate=0.700000
connection_rate=1.000000
network_type=0
learning_momentum=0.000000
training_algorithm=2
train_error_function=1
train_stop_function=1
cascade_output_change_fraction=0.010000
quickprop_decay=-0.000100
quickprop_mu=1.750000
rprop_increase_factor=1.200000
rprop_decrease_factor=0.500000
rprop_delta_min=0.000000
rprop_delta_max=50.000000
rprop_delta_zero=0.100000
cascade_output_stagnation_epochs=12
cascade_candidate_change_fraction=0.010000
cascade_candidate_stagnation_epochs=12
cascade_max_out_epochs=150
cascade_min_out_epochs=50
cascade_max_cand_epochs=150
cascade_min_cand_epochs=50
cascade_num_candidate_groups=2
bit_fail_limit=1.00000000000000005551e-01
cascade_candidate_limit=1.00000000000000000000e+03
cascade_weight_multiplier=4.00000000000000022204e-01
cascade_activation_functions_count=10
cascade_activation_functions=3 5 7 8 10 11 14 15 16 17 
cascade_activation_steepnesses_count=4
cascade_activation_steepnesses=2.50000000000000000000e-01 5.00000000000000000000e-01 7.50000000000000000000e-01 1.00000000000000000000e+00 
layer_sizes=11 4 2 
scale_included=0
neurons (num_inputs, activation_function, activation_steepness)=(0, 0, 0.00000000000000000000e+00) (0, 0, 0.00000000000000000000e+00) (0, 0, 0.00000000000000000000e+00) (0, 0, 0.00000000000000000000e+00) (0, 0, 0.00000000000000000000e+00) (0, 0, 0.00000000000000000000e+00) (0, 0, 0.00000000000000000000e+00) (0, 0, 0.00000000000000000000e+00) (0, 0, 0.00000000000000000000e+00) (0, 0, 0.00000000000000000000e+00) (0, 0, 0.00000000000000000000e+00) (11, 6, 5.00000000000000000000e-01) (11, 6, 5.00000000000000000000e-01) (11, 6, 5.00000000000000000000e-01) (0, 6, 0.00000000000000000000e+00) (4, 4, 5.00000000000000000000e-01) (0, 4, 0.00000000000000000000e+00) 
connections (connected_to_neuron, weight)=(0, -2.69774207868110860176e+00) (1, 1.38375882964488337024e+01) (2, -7.08371660563615335171e-02) (3, -1.21461711838641006622e+00) (4, -2.60404138034363352716e-01) (5, 4.13640070609021803794e-01) (6, -9.44044136170741454706e-01) (7, -1.63707996845906111893e+00) (8, 1.31841224453545624584e+01) (9, 3.31026103502596480421e-01) (10, -2.75642426707279408760e+00) (0, -1.83505380583565247399e-01) (1, 2.43308968913058087935e+00) (2, 1.84238485921832173542e-01) (3, -1.25786215565229612945e-02) (4, 2.34449520120356691422e-01) (5, 7.09243261588676898732e-01) (6, -6.83224219006358102213e-01) (7, -6.84785940351338329179e-01) (8, 3.47042952258155956713e+00) (9, 1.74992992783895712217e-01) (10, -1.76782698055870379772e-01) (0, -2.65389160712966643008e-01) (1, 4.12282330026978005577e-01) (2, -2.22951653711069397445e-01) (3, 8.74278212872987348092e-01) (4, 1.06145250626325999832e+01) (5, 6.85654946036287782363e+00) (6, -6.09025190845982145049e+00) (7, -3.99594829164363041230e+00) (8, 5.71840834083511939667e-01) (9, -5.28575644813083744822e+00) (10, -4.15687003632793095065e-01) (11, 3.34037973910319152537e+00) (12, 6.99490871365742949983e-01) (13, 3.20465356365936537841e+00) (14, -3.85615045013607193880e+00) 
