FANN_FLO_2.1
num_layers=3
learning_rate=0.700000
connection_rate=1.000000
network_type=0
learning_momentum=0.000000
training_algorithm=2
train_error_function=1
train_stop_function=1
cascade_output_change_fraction=0.010000
quickprop_decay=-0.000100
quickprop_mu=1.750000
rprop_increase_factor=1.200000
rprop_decrease_factor=0.500000
rprop_delta_min=0.000000
rprop_delta_max=50.000000
rprop_delta_zero=0.100000
cascade_output_stagnation_epochs=12
cascade_candidate_change_fraction=0.010000
cascade_candidate_stagnation_epochs=12
cascade_max_out_epochs=150
cascade_min_out_epochs=50
cascade_max_cand_epochs=150
cascade_min_cand_epochs=50
cascade_num_candidate_groups=2
bit_fail_limit=1.00000000000000005551e-01
cascade_candidate_limit=1.00000000000000000000e+03
cascade_weight_multiplier=4.00000000000000022204e-01
cascade_activation_functions_count=10
cascade_activation_functions=3 5 7 8 10 11 14 15 16 17 
cascade_activation_steepnesses_count=4
cascade_activation_steepnesses=2.50000000000000000000e-01 5.00000000000000000000e-01 7.50000000000000000000e-01 1.00000000000000000000e+00 
layer_sizes=15 4 2 
scale_included=0
neurons (num_inputs, activation_function, activation_steepness)=(0, 0, 0.00000000000000000000e+00) (0, 0, 0.00000000000000000000e+00) (0, 0, 0.00000000000000000000e+00) (0, 0, 0.00000000000000000000e+00) (0, 0, 0.00000000000000000000e+00) (0, 0, 0.00000000000000000000e+00) (0, 0, 0.00000000000000000000e+00) (0, 0, 0.00000000000000000000e+00) (0, 0, 0.00000000000000000000e+00) (0, 0, 0.00000000000000000000e+00) (0, 0, 0.00000000000000000000e+00) (0, 0, 0.00000000000000000000e+00) (0, 0, 0.00000000000000000000e+00) (0, 0, 0.00000000000000000000e+00) (0, 0, 0.00000000000000000000e+00) (15, 6, 5.00000000000000000000e-01) (15, 6, 5.00000000000000000000e-01) (15, 6, 5.00000000000000000000e-01) (0, 6, 0.00000000000000000000e+00) (4, 4, 5.00000000000000000000e-01) (0, 4, 0.00000000000000000000e+00) 
connections (connected_to_neuron, weight)=(0, 2.54667048146005292608e+00) (1, -2.42452426463632608744e+00) (2, -5.17508079587877256600e-01) (3, -1.54029894018233504127e+00) (4, -1.06222997722880618809e+00) (5, -4.97069792580841773866e-01) (6, 1.30421350446522010813e+00) (7, -1.41989593466177033143e+00) (8, -1.47450600707591261695e+00) (9, -4.88328156725497605772e-02) (10, -2.80869772525050986900e+00) (11, -3.15683984763441338739e-01) (12, 5.19190118741502670829e-01) (13, -2.81438099533471586255e+00) (14, 2.15811261547117050341e+00) (0, 2.54232212145801206304e+00) (1, -2.51246422365574861857e+00) (2, -6.19956610083043924142e-01) (3, -1.51330926412404265236e+00) (4, -1.26305469499886502405e+00) (5, -4.17827708405493492005e-01) (6, 1.41931604889213813792e+00) (7, -1.45751331259861038880e+00) (8, -1.46687327468455519508e+00) (9, -4.54975024791193227713e-05) (10, -2.80336163432815421714e+00) (11, -4.24676434702692284784e-01) (12, 5.08490604441871552055e-01) (13, -2.28148816179619240430e+00) (14, 2.15491032612829025439e+00) (0, -2.85646190237909847198e+00) (1, 2.58582717694696428978e+00) (2, 9.89162236354708124253e-01) (3, 1.82890635564721582007e+00) (4, 9.02297325514852754935e-01) (5, 5.40235346010096262326e-01) (6, -4.71802118406471626688e-01) (7, 7.80229756872757196362e-01) (8, 1.96141863077677247595e+00) (9, 6.69240501317265978898e-01) (10, 2.34133230869968045340e+00) (11, 1.25186099695755603811e+00) (12, 4.01457595312899429008e-01) (13, 2.53789541874257462695e+00) (14, -2.91672868770271831451e+00) (15, -4.07550494711196265030e+00) (16, -4.07725103537833533096e+00) (17, 6.46834039780304692613e+00) (18, -1.16461009048272656763e+00) 
