FANN_FLO_2.1
num_layers=3
learning_rate=0.700000
connection_rate=1.000000
network_type=0
learning_momentum=0.000000
training_algorithm=2
train_error_function=1
train_stop_function=1
cascade_output_change_fraction=0.010000
quickprop_decay=-0.000100
quickprop_mu=1.750000
rprop_increase_factor=1.200000
rprop_decrease_factor=0.500000
rprop_delta_min=0.000000
rprop_delta_max=50.000000
rprop_delta_zero=0.100000
cascade_output_stagnation_epochs=12
cascade_candidate_change_fraction=0.010000
cascade_candidate_stagnation_epochs=12
cascade_max_out_epochs=150
cascade_min_out_epochs=50
cascade_max_cand_epochs=150
cascade_min_cand_epochs=50
cascade_num_candidate_groups=2
bit_fail_limit=1.00000000000000005551e-01
cascade_candidate_limit=1.00000000000000000000e+03
cascade_weight_multiplier=4.00000000000000022204e-01
cascade_activation_functions_count=10
cascade_activation_functions=3 5 7 8 10 11 14 15 16 17 
cascade_activation_steepnesses_count=4
cascade_activation_steepnesses=2.50000000000000000000e-01 5.00000000000000000000e-01 7.50000000000000000000e-01 1.00000000000000000000e+00 
layer_sizes=18 4 2 
scale_included=0
neurons (num_inputs, activation_function, activation_steepness)=(0, 0, 0.00000000000000000000e+00) (0, 0, 0.00000000000000000000e+00) (0, 0, 0.00000000000000000000e+00) (0, 0, 0.00000000000000000000e+00) (0, 0, 0.00000000000000000000e+00) (0, 0, 0.00000000000000000000e+00) (0, 0, 0.00000000000000000000e+00) (0, 0, 0.00000000000000000000e+00) (0, 0, 0.00000000000000000000e+00) (0, 0, 0.00000000000000000000e+00) (0, 0, 0.00000000000000000000e+00) (0, 0, 0.00000000000000000000e+00) (0, 0, 0.00000000000000000000e+00) (0, 0, 0.00000000000000000000e+00) (0, 0, 0.00000000000000000000e+00) (0, 0, 0.00000000000000000000e+00) (0, 0, 0.00000000000000000000e+00) (0, 0, 0.00000000000000000000e+00) (18, 6, 5.00000000000000000000e-01) (18, 6, 5.00000000000000000000e-01) (18, 6, 5.00000000000000000000e-01) (0, 6, 0.00000000000000000000e+00) (4, 4, 5.00000000000000000000e-01) (0, 4, 0.00000000000000000000e+00) 
connections (connected_to_neuron, weight)=(0, -1.51190542634354718743e+00) (1, 2.99263432725147904279e+00) (2, -1.24879267662754034340e+00) (3, -3.97621212765029485858e-01) (4, -5.22320474710374793581e-01) (5, -1.07787347405443201254e+00) (6, 7.94489323113713741265e+00) (7, -3.13527531825134930799e+00) (8, -1.45088144947227171144e+00) (9, -4.44787835965098909963e-01) (10, -6.24891640072333554023e-01) (11, -7.51314218989599047482e-01) (12, -3.49740713986422868675e-01) (13, -1.72006694571634921598e-01) (14, -8.83589032658306516854e-02) (15, 1.14733095779807059422e+00) (16, -4.19386200240999240663e+00) (17, 3.62569126571768318712e-01) (0, -3.51611131927898612481e-01) (1, -3.17465240137115301877e+02) (2, 3.86504626168862719382e-01) (3, -2.24587447461786111902e-02) (4, -6.42520953331820604548e-02) (5, -2.65504926657569946258e+01) (6, 5.97223095993577235419e+00) (7, -3.20414997281621971581e+00) (8, -6.97730061820572428077e-02) (9, -2.34864963250103232772e-02) (10, -1.48818154917972934881e-02) (11, -1.14811297279347698463e+02) (12, -8.57574553776906528535e-02) (13, 4.33828726091868732695e-01) (14, 1.96782444053278077201e-01) (15, 4.75726353653413425171e-02) (16, -3.13746889647584623617e+02) (17, 4.10261356540086163935e-02) (0, -3.64187880474164593636e+00) (1, 2.09121544115855639845e+00) (2, 2.82715484094479174715e+00) (3, 1.80497502031723566773e+00) (4, 3.10568838664467117283e+00) (5, 9.91640982794231407027e-01) (6, -4.87896816714895997791e+00) (7, 1.46931965336875958172e+01) (8, 2.96683155613291749120e+00) (9, 1.87038101178583082707e+00) (10, 3.30685544076993087614e+00) (11, 7.44079780024770975899e+00) (12, 1.78432262248085837797e+00) (13, 6.68512819218137877009e-01) (14, -5.91914045119310353038e-02) (15, 2.43839758327107380964e+00) (16, -4.63458876946760600646e+00) (17, -4.21982926629247057093e+00) (18, 1.29168213795697681689e+01) (19, 5.28059463311659899043e-02) (20, 1.25102235532025627407e+01) (21, -5.49868849990123287341e+00) 
