FANN_FLO_2.1
num_layers=3
learning_rate=0.700000
connection_rate=1.000000
network_type=0
learning_momentum=0.000000
training_algorithm=2
train_error_function=1
train_stop_function=1
cascade_output_change_fraction=0.010000
quickprop_decay=-0.000100
quickprop_mu=1.750000
rprop_increase_factor=1.200000
rprop_decrease_factor=0.500000
rprop_delta_min=0.000000
rprop_delta_max=50.000000
rprop_delta_zero=0.100000
cascade_output_stagnation_epochs=12
cascade_candidate_change_fraction=0.010000
cascade_candidate_stagnation_epochs=12
cascade_max_out_epochs=150
cascade_min_out_epochs=50
cascade_max_cand_epochs=150
cascade_min_cand_epochs=50
cascade_num_candidate_groups=2
bit_fail_limit=1.00000000000000005551e-01
cascade_candidate_limit=1.00000000000000000000e+03
cascade_weight_multiplier=4.00000000000000022204e-01
cascade_activation_functions_count=10
cascade_activation_functions=3 5 7 8 10 11 14 15 16 17 
cascade_activation_steepnesses_count=4
cascade_activation_steepnesses=2.50000000000000000000e-01 5.00000000000000000000e-01 7.50000000000000000000e-01 1.00000000000000000000e+00 
layer_sizes=17 4 2 
scale_included=0
neurons (num_inputs, activation_function, activation_steepness)=(0, 0, 0.00000000000000000000e+00) (0, 0, 0.00000000000000000000e+00) (0, 0, 0.00000000000000000000e+00) (0, 0, 0.00000000000000000000e+00) (0, 0, 0.00000000000000000000e+00) (0, 0, 0.00000000000000000000e+00) (0, 0, 0.00000000000000000000e+00) (0, 0, 0.00000000000000000000e+00) (0, 0, 0.00000000000000000000e+00) (0, 0, 0.00000000000000000000e+00) (0, 0, 0.00000000000000000000e+00) (0, 0, 0.00000000000000000000e+00) (0, 0, 0.00000000000000000000e+00) (0, 0, 0.00000000000000000000e+00) (0, 0, 0.00000000000000000000e+00) (0, 0, 0.00000000000000000000e+00) (0, 0, 0.00000000000000000000e+00) (17, 6, 5.00000000000000000000e-01) (17, 6, 5.00000000000000000000e-01) (17, 6, 5.00000000000000000000e-01) (0, 6, 0.00000000000000000000e+00) (4, 4, 5.00000000000000000000e-01) (0, 4, 0.00000000000000000000e+00) 
connections (connected_to_neuron, weight)=(0, -3.06479592198170669448e+00) (1, 3.29151014619823278906e+00) (2, 1.61134720427474481541e-02) (3, 1.47435656821988581022e+00) (4, 1.00710223787661545813e+00) (5, 2.67154403909064697142e-01) (6, -1.06132911543599162130e+00) (7, 6.38290427126899095889e-01) (8, -2.24122285039061086565e+00) (9, 3.45826634024345613838e+00) (10, 5.64700900435574082437e-01) (11, -4.17946173048048263965e-01) (12, -6.16494131507778098111e-01) (13, 2.92470856144815982702e+00) (14, -4.93687695977586132878e-02) (15, 6.69585537569951649850e-02) (16, -1.33664203377259194205e+00) (0, -3.36443733326398305983e-02) (1, 5.16597145629934195732e-01) (2, 1.70222732030744144938e-01) (3, 1.67143289705970948811e-01) (4, 1.13181949089335676106e+00) (5, -3.85416697586309711654e-02) (6, 1.54170424623665536235e-01) (7, 1.36389780814168165568e-01) (8, -4.71912328079297713201e-02) (9, 3.94214093858551661853e-01) (10, 7.63999094412403101373e-02) (11, -1.50594158741283762337e-01) (12, -5.20377650720622794700e-02) (13, 2.86764346240390988196e-01) (14, -1.12436064217474429583e-01) (15, 7.19546745175028423791e-02) (16, -1.42085354677640180593e-02) (0, 3.34331177267370671657e+00) (1, -2.14975760179934516358e+00) (2, 6.58171627730447794669e-01) (3, -1.70850419805346431801e+00) (4, -2.61774717176937565810e+00) (5, 8.73931050673899534331e-01) (6, 1.15710618291544475866e+00) (7, -7.55891833036679283708e-01) (8, 1.31824806141855521702e+00) (9, -2.00183978869014511659e+00) (10, -9.08731870134102504011e-01) (11, 2.18036438896275497346e-01) (12, -1.91399940899921849891e-01) (13, -1.93427273765314367004e+00) (14, 1.79984388750112633826e-01) (15, -1.69949766527012369188e+00) (16, 1.99812146165186832469e+00) (17, 3.89134868360754548888e+00) (18, 9.45374097611309860412e-01) (19, -1.73183115659207587100e+01) (20, -1.90315111619294086154e+00) 
