FANN_FLO_2.1
num_layers=3
learning_rate=0.700000
connection_rate=1.000000
network_type=0
learning_momentum=0.000000
training_algorithm=2
train_error_function=1
train_stop_function=1
cascade_output_change_fraction=0.010000
quickprop_decay=-0.000100
quickprop_mu=1.750000
rprop_increase_factor=1.200000
rprop_decrease_factor=0.500000
rprop_delta_min=0.000000
rprop_delta_max=50.000000
rprop_delta_zero=0.100000
cascade_output_stagnation_epochs=12
cascade_candidate_change_fraction=0.010000
cascade_candidate_stagnation_epochs=12
cascade_max_out_epochs=150
cascade_min_out_epochs=50
cascade_max_cand_epochs=150
cascade_min_cand_epochs=50
cascade_num_candidate_groups=2
bit_fail_limit=1.00000000000000005551e-01
cascade_candidate_limit=1.00000000000000000000e+03
cascade_weight_multiplier=4.00000000000000022204e-01
cascade_activation_functions_count=10
cascade_activation_functions=3 5 7 8 10 11 14 15 16 17 
cascade_activation_steepnesses_count=4
cascade_activation_steepnesses=2.50000000000000000000e-01 5.00000000000000000000e-01 7.50000000000000000000e-01 1.00000000000000000000e+00 
layer_sizes=9 4 2 
scale_included=0
neurons (num_inputs, activation_function, activation_steepness)=(0, 0, 0.00000000000000000000e+00) (0, 0, 0.00000000000000000000e+00) (0, 0, 0.00000000000000000000e+00) (0, 0, 0.00000000000000000000e+00) (0, 0, 0.00000000000000000000e+00) (0, 0, 0.00000000000000000000e+00) (0, 0, 0.00000000000000000000e+00) (0, 0, 0.00000000000000000000e+00) (0, 0, 0.00000000000000000000e+00) (9, 6, 5.00000000000000000000e-01) (9, 6, 5.00000000000000000000e-01) (9, 6, 5.00000000000000000000e-01) (0, 6, 0.00000000000000000000e+00) (4, 4, 5.00000000000000000000e-01) (0, 4, 0.00000000000000000000e+00) 
connections (connected_to_neuron, weight)=(0, 7.75104342745654012470e-02) (1, -9.00338700263270674817e-01) (2, -4.69003667485044462016e-01) (3, -1.48491493321408693506e-02) (4, 1.51632788749556817777e-03) (5, -1.17962771336590943605e+00) (6, -2.57732473258115546422e-01) (7, -2.18012178404502626750e-02) (8, 1.90103664134632699412e-01) (0, -1.26641562896691017848e+00) (1, 2.28073745483561030056e+00) (2, 2.88487637340755176396e+00) (3, -2.28460411157191817244e-01) (4, -4.39110158709582198977e-01) (5, 5.19957899399245970784e-01) (6, 5.69080492052696951255e-01) (7, 7.97030073631503216403e-02) (8, -9.87408919296421827561e-01) (0, 7.51008014165901194303e+00) (1, -7.27661475981061922624e+00) (2, -5.69197114795056968717e+00) (3, 5.84956100783395660514e-01) (4, -9.13434363591399400839e-01) (5, -5.43394444959671485407e+00) (6, -3.84129835311060374714e-01) (7, -4.03475901130323832966e-01) (8, 7.58923427918099413603e+00) (9, -1.11733758856358958433e-01) (10, 2.30643053118814034264e+00) (11, -6.75976883481027357448e+00) (12, -2.11573911176269824352e+00) 
