FANN_FLO_2.1
num_layers=3
learning_rate=0.700000
connection_rate=1.000000
network_type=0
learning_momentum=0.000000
training_algorithm=2
train_error_function=1
train_stop_function=1
cascade_output_change_fraction=0.010000
quickprop_decay=-0.000100
quickprop_mu=1.750000
rprop_increase_factor=1.200000
rprop_decrease_factor=0.500000
rprop_delta_min=0.000000
rprop_delta_max=50.000000
rprop_delta_zero=0.100000
cascade_output_stagnation_epochs=12
cascade_candidate_change_fraction=0.010000
cascade_candidate_stagnation_epochs=12
cascade_max_out_epochs=150
cascade_min_out_epochs=50
cascade_max_cand_epochs=150
cascade_min_cand_epochs=50
cascade_num_candidate_groups=2
bit_fail_limit=1.00000000000000005551e-01
cascade_candidate_limit=1.00000000000000000000e+03
cascade_weight_multiplier=4.00000000000000022204e-01
cascade_activation_functions_count=10
cascade_activation_functions=3 5 7 8 10 11 14 15 16 17 
cascade_activation_steepnesses_count=4
cascade_activation_steepnesses=2.50000000000000000000e-01 5.00000000000000000000e-01 7.50000000000000000000e-01 1.00000000000000000000e+00 
layer_sizes=11 4 2 
scale_included=0
neurons (num_inputs, activation_function, activation_steepness)=(0, 0, 0.00000000000000000000e+00) (0, 0, 0.00000000000000000000e+00) (0, 0, 0.00000000000000000000e+00) (0, 0, 0.00000000000000000000e+00) (0, 0, 0.00000000000000000000e+00) (0, 0, 0.00000000000000000000e+00) (0, 0, 0.00000000000000000000e+00) (0, 0, 0.00000000000000000000e+00) (0, 0, 0.00000000000000000000e+00) (0, 0, 0.00000000000000000000e+00) (0, 0, 0.00000000000000000000e+00) (11, 6, 5.00000000000000000000e-01) (11, 6, 5.00000000000000000000e-01) (11, 6, 5.00000000000000000000e-01) (0, 6, 0.00000000000000000000e+00) (4, 4, 5.00000000000000000000e-01) (0, 4, 0.00000000000000000000e+00) 
connections (connected_to_neuron, weight)=(0, -7.28375411727896771019e-01) (1, 1.81105655905687346063e+00) (2, 3.60753266350132106854e-01) (3, 3.62109463789190622052e+00) (4, 1.56860265703026247053e+00) (5, 2.36239082519857868103e-01) (6, 9.28439941993005279919e-01) (7, 7.37260789316865228216e-01) (8, 1.45338823156216290222e+00) (9, 3.55621528558182617985e+01) (10, -6.73287167349330029076e-01) (0, -5.05698862550647287861e+00) (1, 2.94380919814094799136e+00) (2, 1.48012402599723391639e+00) (3, 1.70649475410035300627e+00) (4, 2.95809739812948890858e+00) (5, 2.17634241322070831615e+00) (6, 3.15765380079935376045e+00) (7, 1.26242798218223728490e+00) (8, 1.72305974144496176770e+00) (9, 2.04536415451916184338e+02) (10, -2.83029768874719867000e+00) (0, -7.94676377573481640404e-01) (1, 1.85433520850622191034e+00) (2, 2.58757003589418443923e-01) (3, 3.46601664402212472638e+00) (4, 1.43794902236286592512e+00) (5, 2.82956130211203082947e-01) (6, 8.50158084919698353588e-01) (7, 6.38689786833497308294e-01) (8, 3.45155030881615543237e+00) (9, 3.55796674571680924259e+01) (10, -6.53113274970522961205e-01) (11, 5.75592386608175354823e-01) (12, 1.00891974861732744984e+01) (13, 5.74002358202985840663e-01) (14, -2.16405390547526454981e+00) 
