FANN_FLO_2.1
num_layers=3
learning_rate=0.700000
connection_rate=1.000000
network_type=0
learning_momentum=0.000000
training_algorithm=2
train_error_function=1
train_stop_function=1
cascade_output_change_fraction=0.010000
quickprop_decay=-0.000100
quickprop_mu=1.750000
rprop_increase_factor=1.200000
rprop_decrease_factor=0.500000
rprop_delta_min=0.000000
rprop_delta_max=50.000000
rprop_delta_zero=0.100000
cascade_output_stagnation_epochs=12
cascade_candidate_change_fraction=0.010000
cascade_candidate_stagnation_epochs=12
cascade_max_out_epochs=150
cascade_min_out_epochs=50
cascade_max_cand_epochs=150
cascade_min_cand_epochs=50
cascade_num_candidate_groups=2
bit_fail_limit=1.00000000000000005551e-01
cascade_candidate_limit=1.00000000000000000000e+03
cascade_weight_multiplier=4.00000000000000022204e-01
cascade_activation_functions_count=10
cascade_activation_functions=3 5 7 8 10 11 14 15 16 17 
cascade_activation_steepnesses_count=4
cascade_activation_steepnesses=2.50000000000000000000e-01 5.00000000000000000000e-01 7.50000000000000000000e-01 1.00000000000000000000e+00 
layer_sizes=9 4 2 
scale_included=0
neurons (num_inputs, activation_function, activation_steepness)=(0, 0, 0.00000000000000000000e+00) (0, 0, 0.00000000000000000000e+00) (0, 0, 0.00000000000000000000e+00) (0, 0, 0.00000000000000000000e+00) (0, 0, 0.00000000000000000000e+00) (0, 0, 0.00000000000000000000e+00) (0, 0, 0.00000000000000000000e+00) (0, 0, 0.00000000000000000000e+00) (0, 0, 0.00000000000000000000e+00) (9, 6, 5.00000000000000000000e-01) (9, 6, 5.00000000000000000000e-01) (9, 6, 5.00000000000000000000e-01) (0, 6, 0.00000000000000000000e+00) (4, 4, 5.00000000000000000000e-01) (0, 4, 0.00000000000000000000e+00) 
connections (connected_to_neuron, weight)=(0, 7.71067179802484847784e-01) (1, -1.79234186070871892582e+00) (2, -2.18122307569167783736e-01) (3, 1.07438969119167171407e+00) (4, 2.69730711790509181114e+00) (5, 2.89749348309517651412e-01) (6, 1.45654073130370237399e-01) (7, -7.65968782815906634731e-01) (8, 1.10614797114152052515e+00) (0, 4.80522181598915132383e+00) (1, -4.52359798857744443978e+00) (2, -3.49850362857573893294e+00) (3, -3.17014730570484903893e+00) (4, -2.84929875682328281883e+00) (5, 4.43017072083806873195e+00) (6, 2.06639727732226319290e+00) (7, -3.10395177219637963262e+00) (8, 4.85321919380201372007e+00) (0, -2.85997204454263265205e+00) (1, 2.63324244870865964430e+00) (2, 3.56267202620510836653e+00) (3, 2.09279493889816459173e+00) (4, 1.44910374048092105426e+00) (5, 2.29046320526075986024e+00) (6, -1.46208536283795997868e+00) (7, 2.57433279409135007398e+00) (8, -3.46717380991522805544e+00) (9, -2.66453788060472884780e+00) (10, -7.88103377172001273721e+00) (11, 3.82923124603922060416e+00) (12, -1.60646396446730355123e+00) 
