FANN_FLO_2.1
num_layers=3
learning_rate=0.700000
connection_rate=1.000000
network_type=0
learning_momentum=0.000000
training_algorithm=2
train_error_function=1
train_stop_function=1
cascade_output_change_fraction=0.010000
quickprop_decay=-0.000100
quickprop_mu=1.750000
rprop_increase_factor=1.200000
rprop_decrease_factor=0.500000
rprop_delta_min=0.000000
rprop_delta_max=50.000000
rprop_delta_zero=0.100000
cascade_output_stagnation_epochs=12
cascade_candidate_change_fraction=0.010000
cascade_candidate_stagnation_epochs=12
cascade_max_out_epochs=150
cascade_min_out_epochs=50
cascade_max_cand_epochs=150
cascade_min_cand_epochs=50
cascade_num_candidate_groups=2
bit_fail_limit=1.00000000000000005551e-01
cascade_candidate_limit=1.00000000000000000000e+03
cascade_weight_multiplier=4.00000000000000022204e-01
cascade_activation_functions_count=10
cascade_activation_functions=3 5 7 8 10 11 14 15 16 17 
cascade_activation_steepnesses_count=4
cascade_activation_steepnesses=2.50000000000000000000e-01 5.00000000000000000000e-01 7.50000000000000000000e-01 1.00000000000000000000e+00 
layer_sizes=10 4 2 
scale_included=0
neurons (num_inputs, activation_function, activation_steepness)=(0, 0, 0.00000000000000000000e+00) (0, 0, 0.00000000000000000000e+00) (0, 0, 0.00000000000000000000e+00) (0, 0, 0.00000000000000000000e+00) (0, 0, 0.00000000000000000000e+00) (0, 0, 0.00000000000000000000e+00) (0, 0, 0.00000000000000000000e+00) (0, 0, 0.00000000000000000000e+00) (0, 0, 0.00000000000000000000e+00) (0, 0, 0.00000000000000000000e+00) (10, 6, 5.00000000000000000000e-01) (10, 6, 5.00000000000000000000e-01) (10, 6, 5.00000000000000000000e-01) (0, 6, 0.00000000000000000000e+00) (4, 4, 5.00000000000000000000e-01) (0, 4, 0.00000000000000000000e+00) 
connections (connected_to_neuron, weight)=(0, 1.73929546937153434172e+00) (1, 8.00908275621636245312e-01) (2, 4.77898866391266274878e-01) (3, 9.18514211311204031851e-01) (4, -7.73147790630727693717e-01) (5, -2.42381688483316648508e-01) (6, 8.03614088483309063626e-01) (7, 9.48931722217060014124e-01) (8, 8.10680367990614603180e-01) (9, -1.50915134590222255184e+00) (0, 2.02458423585605373773e+00) (1, -2.88109556849772685538e-01) (2, 2.15513282820218921021e-01) (3, 3.97469660828761617299e-01) (4, -2.18118404223854978063e-01) (5, 3.24123033783912870009e-02) (6, 4.67998639929795512415e+00) (7, 9.34111920293717257202e-01) (8, 8.98996408163980187389e-01) (9, -7.73986868107308101372e-01) (0, 8.83020993916668550661e-01) (1, 9.42013182419045191907e-01) (2, 4.75431338405693459936e-01) (3, 9.88224126978976435964e-01) (4, -7.72856726249128267447e-01) (5, -1.73600945897657649164e-01) (6, 7.50433483310198101712e-01) (7, 9.37651068750523841722e-01) (8, 9.70465556725146449857e-01) (9, -1.23778050194721100929e+00) (10, 1.39119436598599559574e+01) (11, 8.81277952723649948830e-01) (12, 8.26582125422403066750e+01) (13, -2.71183009364852845025e+00) 
