FANN_FLO_2.1
num_layers=3
learning_rate=0.700000
connection_rate=1.000000
network_type=0
learning_momentum=0.000000
training_algorithm=2
train_error_function=1
train_stop_function=1
cascade_output_change_fraction=0.010000
quickprop_decay=-0.000100
quickprop_mu=1.750000
rprop_increase_factor=1.200000
rprop_decrease_factor=0.500000
rprop_delta_min=0.000000
rprop_delta_max=50.000000
rprop_delta_zero=0.100000
cascade_output_stagnation_epochs=12
cascade_candidate_change_fraction=0.010000
cascade_candidate_stagnation_epochs=12
cascade_max_out_epochs=150
cascade_min_out_epochs=50
cascade_max_cand_epochs=150
cascade_min_cand_epochs=50
cascade_num_candidate_groups=2
bit_fail_limit=1.00000000000000005551e-01
cascade_candidate_limit=1.00000000000000000000e+03
cascade_weight_multiplier=4.00000000000000022204e-01
cascade_activation_functions_count=10
cascade_activation_functions=3 5 7 8 10 11 14 15 16 17 
cascade_activation_steepnesses_count=4
cascade_activation_steepnesses=2.50000000000000000000e-01 5.00000000000000000000e-01 7.50000000000000000000e-01 1.00000000000000000000e+00 
layer_sizes=12 4 2 
scale_included=0
neurons (num_inputs, activation_function, activation_steepness)=(0, 0, 0.00000000000000000000e+00) (0, 0, 0.00000000000000000000e+00) (0, 0, 0.00000000000000000000e+00) (0, 0, 0.00000000000000000000e+00) (0, 0, 0.00000000000000000000e+00) (0, 0, 0.00000000000000000000e+00) (0, 0, 0.00000000000000000000e+00) (0, 0, 0.00000000000000000000e+00) (0, 0, 0.00000000000000000000e+00) (0, 0, 0.00000000000000000000e+00) (0, 0, 0.00000000000000000000e+00) (0, 0, 0.00000000000000000000e+00) (12, 6, 5.00000000000000000000e-01) (12, 6, 5.00000000000000000000e-01) (12, 6, 5.00000000000000000000e-01) (0, 6, 0.00000000000000000000e+00) (4, 4, 5.00000000000000000000e-01) (0, 4, 0.00000000000000000000e+00) 
connections (connected_to_neuron, weight)=(0, 3.63587994162295347067e+00) (1, -3.74643279116197369660e+00) (2, -5.67742055978541948491e+00) (3, 1.45916313070273695462e-01) (4, -3.95025073718271835244e-01) (5, 8.34427085969728699055e-01) (6, -6.22311600732785574763e+00) (7, 2.24641669842319080530e+00) (8, -3.73208631925627309922e-01) (9, -9.92546590030594200194e-01) (10, 3.13202421602443292770e+00) (11, 4.55526505393936798072e+00) (0, 4.19979000351923126289e+00) (1, -4.80286814940425710319e+00) (2, -5.65239836599593736821e+00) (3, 1.04776166266757364554e+00) (4, 1.56798511881531132950e+00) (5, 9.02953491642203953660e-01) (6, -5.86050665510293544713e+00) (7, 2.14515919950594469157e+00) (8, -8.36003431377831951465e-02) (9, -2.54833256780934047647e-01) (10, 3.27113025524790757004e+00) (11, 4.80406518876438770604e+00) (0, -1.34717271444079689235e-01) (1, 1.16269540390286207909e+00) (2, 3.82083692802030028268e-01) (3, 2.75764220532249859641e-01) (4, 7.38551576969379675042e-01) (5, 1.19005203124313485574e+00) (6, 7.88059598821235884891e-01) (7, -5.83978725168929138634e-02) (8, 8.73118562856483482193e-01) (9, 1.25651570856174066293e+00) (10, -5.75578139902851226850e-01) (11, -1.38369628604334193867e+00) (12, -4.02249637081392297233e+00) (13, -3.98199835627444276298e+00) (14, 2.16718176596956357827e+00) (15, -1.64804909469323135340e+00) 
