FANN_FLO_2.1
num_layers=3
learning_rate=0.700000
connection_rate=1.000000
network_type=0
learning_momentum=0.000000
training_algorithm=2
train_error_function=1
train_stop_function=1
cascade_output_change_fraction=0.010000
quickprop_decay=-0.000100
quickprop_mu=1.750000
rprop_increase_factor=1.200000
rprop_decrease_factor=0.500000
rprop_delta_min=0.000000
rprop_delta_max=50.000000
rprop_delta_zero=0.100000
cascade_output_stagnation_epochs=12
cascade_candidate_change_fraction=0.010000
cascade_candidate_stagnation_epochs=12
cascade_max_out_epochs=150
cascade_min_out_epochs=50
cascade_max_cand_epochs=150
cascade_min_cand_epochs=50
cascade_num_candidate_groups=2
bit_fail_limit=1.00000000000000005551e-01
cascade_candidate_limit=1.00000000000000000000e+03
cascade_weight_multiplier=4.00000000000000022204e-01
cascade_activation_functions_count=10
cascade_activation_functions=3 5 7 8 10 11 14 15 16 17 
cascade_activation_steepnesses_count=4
cascade_activation_steepnesses=2.50000000000000000000e-01 5.00000000000000000000e-01 7.50000000000000000000e-01 1.00000000000000000000e+00 
layer_sizes=6 4 2 
scale_included=0
neurons (num_inputs, activation_function, activation_steepness)=(0, 0, 0.00000000000000000000e+00) (0, 0, 0.00000000000000000000e+00) (0, 0, 0.00000000000000000000e+00) (0, 0, 0.00000000000000000000e+00) (0, 0, 0.00000000000000000000e+00) (0, 0, 0.00000000000000000000e+00) (6, 6, 5.00000000000000000000e-01) (6, 6, 5.00000000000000000000e-01) (6, 6, 5.00000000000000000000e-01) (0, 6, 0.00000000000000000000e+00) (4, 4, 5.00000000000000000000e-01) (0, 4, 0.00000000000000000000e+00) 
connections (connected_to_neuron, weight)=(0, 4.53939727762631695107e-01) (1, -2.16296079170535060499e-01) (2, -3.92249710754994485029e-01) (3, -7.84519402274743815617e-01) (4, -8.32988976833060751348e-02) (5, 3.63443850794724687692e-01) (0, -3.97812376090035124676e+00) (1, 3.46486445540716259117e+00) (2, 1.07408639726339760756e+00) (3, 4.16854492069604187776e+00) (4, 6.20648011005491495595e-01) (5, -3.93912235938653632061e+00) (0, -1.03475626010545218580e-01) (1, 4.01528577513986573155e-01) (2, 5.06229287166445107715e-01) (3, 3.48227635496610199439e+00) (4, 4.84572246731719058488e-01) (5, -9.64442425081122323149e-02) (6, -6.22979691261663970359e-01) (7, 1.02112747165594264231e+01) (8, 4.72961658625103809062e-01) (9, -1.38154933847134953062e+00) 
