FANN_FLO_2.1
num_layers=3
learning_rate=0.700000
connection_rate=1.000000
network_type=0
learning_momentum=0.000000
training_algorithm=2
train_error_function=1
train_stop_function=1
cascade_output_change_fraction=0.010000
quickprop_decay=-0.000100
quickprop_mu=1.750000
rprop_increase_factor=1.200000
rprop_decrease_factor=0.500000
rprop_delta_min=0.000000
rprop_delta_max=50.000000
rprop_delta_zero=0.100000
cascade_output_stagnation_epochs=12
cascade_candidate_change_fraction=0.010000
cascade_candidate_stagnation_epochs=12
cascade_max_out_epochs=150
cascade_min_out_epochs=50
cascade_max_cand_epochs=150
cascade_min_cand_epochs=50
cascade_num_candidate_groups=2
bit_fail_limit=1.00000000000000005551e-01
cascade_candidate_limit=1.00000000000000000000e+03
cascade_weight_multiplier=4.00000000000000022204e-01
cascade_activation_functions_count=10
cascade_activation_functions=3 5 7 8 10 11 14 15 16 17 
cascade_activation_steepnesses_count=4
cascade_activation_steepnesses=2.50000000000000000000e-01 5.00000000000000000000e-01 7.50000000000000000000e-01 1.00000000000000000000e+00 
layer_sizes=12 4 2 
scale_included=0
neurons (num_inputs, activation_function, activation_steepness)=(0, 0, 0.00000000000000000000e+00) (0, 0, 0.00000000000000000000e+00) (0, 0, 0.00000000000000000000e+00) (0, 0, 0.00000000000000000000e+00) (0, 0, 0.00000000000000000000e+00) (0, 0, 0.00000000000000000000e+00) (0, 0, 0.00000000000000000000e+00) (0, 0, 0.00000000000000000000e+00) (0, 0, 0.00000000000000000000e+00) (0, 0, 0.00000000000000000000e+00) (0, 0, 0.00000000000000000000e+00) (0, 0, 0.00000000000000000000e+00) (12, 6, 5.00000000000000000000e-01) (12, 6, 5.00000000000000000000e-01) (12, 6, 5.00000000000000000000e-01) (0, 6, 0.00000000000000000000e+00) (4, 4, 5.00000000000000000000e-01) (0, 4, 0.00000000000000000000e+00) 
connections (connected_to_neuron, weight)=(0, 3.23631803606724455236e+00) (1, 2.09338887833625003632e-01) (2, 6.82541568520284913646e-01) (3, 3.96396623805167758192e+00) (4, 4.35248513413884763334e-02) (5, -1.19868664055064888530e+00) (6, 7.90240697869437069834e-02) (7, 4.88873008506476136592e-01) (8, -2.37074916815486158583e+00) (9, 1.79273391072448162742e-01) (10, 4.08505035994282672540e-01) (11, -7.51164702649184112815e-01) (0, 2.47776567935800651199e+00) (1, -1.50204227448607924300e-01) (2, 8.45796264433427258389e-01) (3, 4.14212550805947632426e+00) (4, -4.78110397621900218290e-01) (5, -2.89136281090869884380e+00) (6, -6.99818528299403053161e-01) (7, 1.01807774900480030311e+00) (8, -9.34982706202171498511e-01) (9, -6.79932051684048355256e-01) (10, -7.21538461672681652459e-01) (11, -1.01863124178284025767e+00) (0, -2.73438468072602134384e+01) (1, 7.63219734759942758373e-01) (2, 6.43961267667086012523e+00) (3, 1.09735912406554181331e+01) (4, 1.60048541235668584370e+00) (5, 1.56430862686102112313e+00) (6, 8.48195516085375578186e-01) (7, 6.38634345228497313229e+00) (8, 8.86154186203122051779e+00) (9, 1.11639280437182097927e+00) (10, 4.25383138911114344616e-01) (11, -7.98776508958537023730e-01) (12, -1.24789775918610139627e+01) (13, -1.11949014419711687651e+01) (14, 1.42911859159556602350e+01) (15, -7.42455807037859294439e-01) 
