FANN_FLO_2.1
num_layers=3
learning_rate=0.700000
connection_rate=1.000000
network_type=0
learning_momentum=0.000000
training_algorithm=2
train_error_function=1
train_stop_function=1
cascade_output_change_fraction=0.010000
quickprop_decay=-0.000100
quickprop_mu=1.750000
rprop_increase_factor=1.200000
rprop_decrease_factor=0.500000
rprop_delta_min=0.000000
rprop_delta_max=50.000000
rprop_delta_zero=0.100000
cascade_output_stagnation_epochs=12
cascade_candidate_change_fraction=0.010000
cascade_candidate_stagnation_epochs=12
cascade_max_out_epochs=150
cascade_min_out_epochs=50
cascade_max_cand_epochs=150
cascade_min_cand_epochs=50
cascade_num_candidate_groups=2
bit_fail_limit=1.00000000000000005551e-01
cascade_candidate_limit=1.00000000000000000000e+03
cascade_weight_multiplier=4.00000000000000022204e-01
cascade_activation_functions_count=10
cascade_activation_functions=3 5 7 8 10 11 14 15 16 17 
cascade_activation_steepnesses_count=4
cascade_activation_steepnesses=2.50000000000000000000e-01 5.00000000000000000000e-01 7.50000000000000000000e-01 1.00000000000000000000e+00 
layer_sizes=8 4 2 
scale_included=0
neurons (num_inputs, activation_function, activation_steepness)=(0, 0, 0.00000000000000000000e+00) (0, 0, 0.00000000000000000000e+00) (0, 0, 0.00000000000000000000e+00) (0, 0, 0.00000000000000000000e+00) (0, 0, 0.00000000000000000000e+00) (0, 0, 0.00000000000000000000e+00) (0, 0, 0.00000000000000000000e+00) (0, 0, 0.00000000000000000000e+00) (8, 6, 5.00000000000000000000e-01) (8, 6, 5.00000000000000000000e-01) (8, 6, 5.00000000000000000000e-01) (0, 6, 0.00000000000000000000e+00) (4, 4, 5.00000000000000000000e-01) (0, 4, 0.00000000000000000000e+00) 
connections (connected_to_neuron, weight)=(0, -1.22653961041783512997e-01) (1, 9.16780358524399874298e-01) (2, 5.73526278448667881094e-01) (3, 3.78826107956078544925e-02) (4, 1.36495440737810003196e-01) (5, 1.01014047501197148926e-01) (6, 2.98328023530152440512e-02) (7, -1.40701158436290739429e-02) (0, 1.03506083971284068568e+00) (1, -2.18815088607894248085e+00) (2, 2.06685114624985288856e-01) (3, 9.69167323768359678660e-01) (4, 5.92840095549122758634e-01) (5, 4.99391382127301330929e-01) (6, 5.58576812534825273282e-01) (7, 1.30028021380159963805e+00) (0, -4.69197790622209842670e-01) (1, 1.67048597249793240316e+00) (2, 2.96474621913300651066e-01) (3, -1.74946752573429328836e-02) (4, -1.47071157136100444385e-01) (5, 1.98417338346065300070e-02) (6, 4.00199320064199490221e-03) (7, -4.00150876044725767322e-01) (8, 3.42149940601023327957e-01) (9, -9.96994446649914500824e+00) (10, 7.53495998674031586262e+00) (11, -1.25830772360294873558e+00) 
