FANN_FLO_2.1
num_layers=3
learning_rate=0.700000
connection_rate=1.000000
network_type=0
learning_momentum=0.000000
training_algorithm=2
train_error_function=1
train_stop_function=1
cascade_output_change_fraction=0.010000
quickprop_decay=-0.000100
quickprop_mu=1.750000
rprop_increase_factor=1.200000
rprop_decrease_factor=0.500000
rprop_delta_min=0.000000
rprop_delta_max=50.000000
rprop_delta_zero=0.100000
cascade_output_stagnation_epochs=12
cascade_candidate_change_fraction=0.010000
cascade_candidate_stagnation_epochs=12
cascade_max_out_epochs=150
cascade_min_out_epochs=50
cascade_max_cand_epochs=150
cascade_min_cand_epochs=50
cascade_num_candidate_groups=2
bit_fail_limit=1.00000000000000005551e-01
cascade_candidate_limit=1.00000000000000000000e+03
cascade_weight_multiplier=4.00000000000000022204e-01
cascade_activation_functions_count=10
cascade_activation_functions=3 5 7 8 10 11 14 15 16 17 
cascade_activation_steepnesses_count=4
cascade_activation_steepnesses=2.50000000000000000000e-01 5.00000000000000000000e-01 7.50000000000000000000e-01 1.00000000000000000000e+00 
layer_sizes=8 4 2 
scale_included=0
neurons (num_inputs, activation_function, activation_steepness)=(0, 0, 0.00000000000000000000e+00) (0, 0, 0.00000000000000000000e+00) (0, 0, 0.00000000000000000000e+00) (0, 0, 0.00000000000000000000e+00) (0, 0, 0.00000000000000000000e+00) (0, 0, 0.00000000000000000000e+00) (0, 0, 0.00000000000000000000e+00) (0, 0, 0.00000000000000000000e+00) (8, 6, 5.00000000000000000000e-01) (8, 6, 5.00000000000000000000e-01) (8, 6, 5.00000000000000000000e-01) (0, 6, 0.00000000000000000000e+00) (4, 4, 5.00000000000000000000e-01) (0, 4, 0.00000000000000000000e+00) 
connections (connected_to_neuron, weight)=(0, -1.69072648479277276579e-01) (1, 6.46377152256398690433e-01) (2, 7.73434883407980167114e-01) (3, 2.27281871198777007947e+00) (4, -4.46767461066309046203e-01) (5, -1.26684472561280292435e-01) (6, -4.00502599439380491120e-01) (7, -4.49222482417675261779e-01) (0, -7.27508269759068904037e-01) (1, -4.69935804534900647411e+00) (2, -4.04445372203490816077e+00) (3, 2.83404774557133132262e+00) (4, 8.00843377632081043771e+00) (5, 2.01758762594532692347e+00) (6, 8.33502278147263631070e+00) (7, 2.29947850278119636513e+00) (0, -1.74537476946012160006e+00) (1, 3.04438551557437309114e+00) (2, 3.07413939135004410375e+00) (3, 1.85785468069792814028e+00) (4, -1.31972471638486710255e+00) (5, 8.87302650608094295448e-02) (6, -1.09201956554060308768e+00) (7, -1.88149140472201215069e+00) (8, 1.77510969551775921182e+00) (9, -1.78651686517961261202e+00) (10, 2.62352952824901990425e+01) (11, -1.26092459730576234023e+00) 
