FANN_FLO_2.1
num_layers=3
learning_rate=0.700000
connection_rate=1.000000
network_type=0
learning_momentum=0.000000
training_algorithm=2
train_error_function=1
train_stop_function=1
cascade_output_change_fraction=0.010000
quickprop_decay=-0.000100
quickprop_mu=1.750000
rprop_increase_factor=1.200000
rprop_decrease_factor=0.500000
rprop_delta_min=0.000000
rprop_delta_max=50.000000
rprop_delta_zero=0.100000
cascade_output_stagnation_epochs=12
cascade_candidate_change_fraction=0.010000
cascade_candidate_stagnation_epochs=12
cascade_max_out_epochs=150
cascade_min_out_epochs=50
cascade_max_cand_epochs=150
cascade_min_cand_epochs=50
cascade_num_candidate_groups=2
bit_fail_limit=1.00000000000000005551e-01
cascade_candidate_limit=1.00000000000000000000e+03
cascade_weight_multiplier=4.00000000000000022204e-01
cascade_activation_functions_count=10
cascade_activation_functions=3 5 7 8 10 11 14 15 16 17 
cascade_activation_steepnesses_count=4
cascade_activation_steepnesses=2.50000000000000000000e-01 5.00000000000000000000e-01 7.50000000000000000000e-01 1.00000000000000000000e+00 
layer_sizes=12 4 2 
scale_included=0
neurons (num_inputs, activation_function, activation_steepness)=(0, 0, 0.00000000000000000000e+00) (0, 0, 0.00000000000000000000e+00) (0, 0, 0.00000000000000000000e+00) (0, 0, 0.00000000000000000000e+00) (0, 0, 0.00000000000000000000e+00) (0, 0, 0.00000000000000000000e+00) (0, 0, 0.00000000000000000000e+00) (0, 0, 0.00000000000000000000e+00) (0, 0, 0.00000000000000000000e+00) (0, 0, 0.00000000000000000000e+00) (0, 0, 0.00000000000000000000e+00) (0, 0, 0.00000000000000000000e+00) (12, 6, 5.00000000000000000000e-01) (12, 6, 5.00000000000000000000e-01) (12, 6, 5.00000000000000000000e-01) (0, 6, 0.00000000000000000000e+00) (4, 4, 5.00000000000000000000e-01) (0, 4, 0.00000000000000000000e+00) 
connections (connected_to_neuron, weight)=(0, 1.54521194423558783093e+00) (1, -1.69901697593439116041e+00) (2, -3.03531993146562761865e+00) (3, 1.58763437289529241170e-01) (4, 3.60821544239649449892e+00) (5, -7.52404921305585894231e-01) (6, 3.79689521726079437514e+00) (7, -1.59951186396486777497e+00) (8, -3.05191825495847091076e+00) (9, -3.77341480564060915981e-01) (10, -8.76875146081296130696e-01) (11, 1.57310466791513037244e+00) (0, -2.48746995559429945333e-01) (1, 1.56740050119869933631e+00) (2, 7.11596895692995334848e-01) (3, 1.63109240759095247553e-01) (4, -5.91814306879957507945e-01) (5, 1.37266267829831378755e+00) (6, -1.00662488746788181260e+00) (7, 3.43184935849516370432e-01) (8, 8.50356985173956836377e+00) (9, 6.70055600457309719076e-01) (10, 1.51254379429503571508e+00) (11, -2.53886807650688051119e-01) (0, 1.53674366648318838635e+00) (1, -1.64336314308155073682e+00) (2, -3.12002877484584040246e+00) (3, 1.57435252088838018025e-01) (4, 3.52548581967482288491e+00) (5, -8.49694806586405615434e-01) (6, 3.96883421774812150673e+00) (7, -1.73160608329184073639e+00) (8, -3.00598135756142958996e+00) (9, -2.95265810202542000606e-01) (10, -7.98814884176102801838e-01) (11, 1.57823671723725866833e+00) (12, -1.26417987673034168949e+01) (13, 8.34659902191241198643e-01) (14, -1.25740803657521702519e+01) (15, -2.19041262321847707284e+00) 
