FANN_FLO_2.1
num_layers=3
learning_rate=0.700000
connection_rate=1.000000
network_type=0
learning_momentum=0.000000
training_algorithm=2
train_error_function=1
train_stop_function=1
cascade_output_change_fraction=0.010000
quickprop_decay=-0.000100
quickprop_mu=1.750000
rprop_increase_factor=1.200000
rprop_decrease_factor=0.500000
rprop_delta_min=0.000000
rprop_delta_max=50.000000
rprop_delta_zero=0.100000
cascade_output_stagnation_epochs=12
cascade_candidate_change_fraction=0.010000
cascade_candidate_stagnation_epochs=12
cascade_max_out_epochs=150
cascade_min_out_epochs=50
cascade_max_cand_epochs=150
cascade_min_cand_epochs=50
cascade_num_candidate_groups=2
bit_fail_limit=1.00000000000000005551e-01
cascade_candidate_limit=1.00000000000000000000e+03
cascade_weight_multiplier=4.00000000000000022204e-01
cascade_activation_functions_count=10
cascade_activation_functions=3 5 7 8 10 11 14 15 16 17 
cascade_activation_steepnesses_count=4
cascade_activation_steepnesses=2.50000000000000000000e-01 5.00000000000000000000e-01 7.50000000000000000000e-01 1.00000000000000000000e+00 
layer_sizes=8 4 2 
scale_included=0
neurons (num_inputs, activation_function, activation_steepness)=(0, 0, 0.00000000000000000000e+00) (0, 0, 0.00000000000000000000e+00) (0, 0, 0.00000000000000000000e+00) (0, 0, 0.00000000000000000000e+00) (0, 0, 0.00000000000000000000e+00) (0, 0, 0.00000000000000000000e+00) (0, 0, 0.00000000000000000000e+00) (0, 0, 0.00000000000000000000e+00) (8, 6, 5.00000000000000000000e-01) (8, 6, 5.00000000000000000000e-01) (8, 6, 5.00000000000000000000e-01) (0, 6, 0.00000000000000000000e+00) (4, 4, 5.00000000000000000000e-01) (0, 4, 0.00000000000000000000e+00) 
connections (connected_to_neuron, weight)=(0, -1.32679169454294632047e+00) (1, 2.20706481482177796494e+00) (2, 1.53456356117936487671e+00) (3, 1.53188273916517925244e+00) (4, 2.84838626050619003749e+00) (5, -1.75733233472923933149e+00) (6, -6.27011486938861883900e-01) (7, -2.40796424667611841386e+00) (0, -1.37098543920237014859e+00) (1, 2.19928830112606110703e+00) (2, 1.56102808306428308960e+00) (3, 1.49157556007181879565e+00) (4, 2.88979672157434341884e+00) (5, -1.76817888996224104048e+00) (6, -5.73346899500755347034e-01) (7, -2.40055771391168359941e+00) (0, 1.65622134540669624370e-01) (1, 3.52101673815627735920e-01) (2, 1.48457197983134892016e-01) (3, -5.24927424845718970658e+00) (4, 1.77586826218064999239e+01) (5, 4.35812804016443422483e+00) (6, 4.34516479071796357658e+00) (7, -4.67205864978653018227e-01) (8, 5.04607767372059186073e+01) (9, 5.03886168806480725380e+01) (10, 1.35067838043868215792e+00) (11, -1.84842347263956918724e+00) 
