FANN_FLO_2.1
num_layers=3
learning_rate=0.700000
connection_rate=1.000000
network_type=0
learning_momentum=0.000000
training_algorithm=2
train_error_function=1
train_stop_function=1
cascade_output_change_fraction=0.010000
quickprop_decay=-0.000100
quickprop_mu=1.750000
rprop_increase_factor=1.200000
rprop_decrease_factor=0.500000
rprop_delta_min=0.000000
rprop_delta_max=50.000000
rprop_delta_zero=0.100000
cascade_output_stagnation_epochs=12
cascade_candidate_change_fraction=0.010000
cascade_candidate_stagnation_epochs=12
cascade_max_out_epochs=150
cascade_min_out_epochs=50
cascade_max_cand_epochs=150
cascade_min_cand_epochs=50
cascade_num_candidate_groups=2
bit_fail_limit=1.00000000000000005551e-01
cascade_candidate_limit=1.00000000000000000000e+03
cascade_weight_multiplier=4.00000000000000022204e-01
cascade_activation_functions_count=10
cascade_activation_functions=3 5 7 8 10 11 14 15 16 17 
cascade_activation_steepnesses_count=4
cascade_activation_steepnesses=2.50000000000000000000e-01 5.00000000000000000000e-01 7.50000000000000000000e-01 1.00000000000000000000e+00 
layer_sizes=12 4 2 
scale_included=0
neurons (num_inputs, activation_function, activation_steepness)=(0, 0, 0.00000000000000000000e+00) (0, 0, 0.00000000000000000000e+00) (0, 0, 0.00000000000000000000e+00) (0, 0, 0.00000000000000000000e+00) (0, 0, 0.00000000000000000000e+00) (0, 0, 0.00000000000000000000e+00) (0, 0, 0.00000000000000000000e+00) (0, 0, 0.00000000000000000000e+00) (0, 0, 0.00000000000000000000e+00) (0, 0, 0.00000000000000000000e+00) (0, 0, 0.00000000000000000000e+00) (0, 0, 0.00000000000000000000e+00) (12, 6, 5.00000000000000000000e-01) (12, 6, 5.00000000000000000000e-01) (12, 6, 5.00000000000000000000e-01) (0, 6, 0.00000000000000000000e+00) (4, 4, 5.00000000000000000000e-01) (0, 4, 0.00000000000000000000e+00) 
connections (connected_to_neuron, weight)=(0, -2.38547365364737584681e-01) (1, 4.62898058427530401104e-01) (2, 8.76159820286720347760e-01) (3, 2.94711623978365755416e-01) (4, -1.30146129153734330108e-01) (5, 1.05531196375029323598e+00) (6, 3.79548965743968902409e-01) (7, 1.46459148788414150744e-01) (8, 5.40498724196876612069e-01) (9, -2.77915754888449217930e-02) (10, 8.74340685572923548285e-01) (11, -2.77051327170042327452e-01) (0, -1.87369810340114018032e-01) (1, 6.04785651347345742934e-01) (2, 1.74792742666194311774e+00) (3, 7.79767256078795767404e-02) (4, -1.42040879301792627443e-01) (5, 2.01890821067589110172e+00) (6, 2.73307014537067682891e-01) (7, 1.08153786407400698266e-01) (8, 4.54859673904280448209e-01) (9, -1.24179879870101844697e-01) (10, 1.02536161598235464609e+00) (11, -4.64159125759511126397e-01) (0, 4.97773065278281379165e+00) (1, -2.46241373828288745429e+00) (2, -4.27415006280035747466e+00) (3, -6.35125160891849782629e-01) (4, 6.00847655276032988070e+00) (5, -2.91389381975328509711e+00) (6, -1.15572137679889630490e+00) (7, -2.80532843428160316712e-01) (8, -7.21016667264930188885e-01) (9, 4.80946793188883248149e+00) (10, -1.85096161094549382931e+00) (11, 1.93211541795900143548e+00) (12, 1.45267917888267705795e-01) (13, 1.24847276203397261618e+00) (14, -2.12773174861804221791e+01) (15, -1.76147619786288456289e+00) 
