FANN_FLO_2.1
num_layers=3
learning_rate=0.700000
connection_rate=1.000000
network_type=0
learning_momentum=0.000000
training_algorithm=2
train_error_function=1
train_stop_function=1
cascade_output_change_fraction=0.010000
quickprop_decay=-0.000100
quickprop_mu=1.750000
rprop_increase_factor=1.200000
rprop_decrease_factor=0.500000
rprop_delta_min=0.000000
rprop_delta_max=50.000000
rprop_delta_zero=0.100000
cascade_output_stagnation_epochs=12
cascade_candidate_change_fraction=0.010000
cascade_candidate_stagnation_epochs=12
cascade_max_out_epochs=150
cascade_min_out_epochs=50
cascade_max_cand_epochs=150
cascade_min_cand_epochs=50
cascade_num_candidate_groups=2
bit_fail_limit=1.00000000000000005551e-01
cascade_candidate_limit=1.00000000000000000000e+03
cascade_weight_multiplier=4.00000000000000022204e-01
cascade_activation_functions_count=10
cascade_activation_functions=3 5 7 8 10 11 14 15 16 17 
cascade_activation_steepnesses_count=4
cascade_activation_steepnesses=2.50000000000000000000e-01 5.00000000000000000000e-01 7.50000000000000000000e-01 1.00000000000000000000e+00 
layer_sizes=9 4 2 
scale_included=0
neurons (num_inputs, activation_function, activation_steepness)=(0, 0, 0.00000000000000000000e+00) (0, 0, 0.00000000000000000000e+00) (0, 0, 0.00000000000000000000e+00) (0, 0, 0.00000000000000000000e+00) (0, 0, 0.00000000000000000000e+00) (0, 0, 0.00000000000000000000e+00) (0, 0, 0.00000000000000000000e+00) (0, 0, 0.00000000000000000000e+00) (0, 0, 0.00000000000000000000e+00) (9, 6, 5.00000000000000000000e-01) (9, 6, 5.00000000000000000000e-01) (9, 6, 5.00000000000000000000e-01) (0, 6, 0.00000000000000000000e+00) (4, 4, 5.00000000000000000000e-01) (0, 4, 0.00000000000000000000e+00) 
connections (connected_to_neuron, weight)=(0, -9.90561800153893945442e-01) (1, 3.14621881560125549182e-01) (2, 3.49453819433807399975e+00) (3, 3.48367239053010013805e+00) (4, 6.35234367936891919371e-01) (5, 1.56719324437265417060e+00) (6, 1.48679093716030141792e+00) (7, 1.40588824895505926094e+00) (8, 4.47331708978755127060e-02) (0, 2.78141432854762005178e+00) (1, -1.38249172478040316392e+00) (2, -1.17182872650395264458e+00) (3, -7.79109080038172252536e-01) (4, -4.48155090274907963455e-01) (5, -7.27797112732157414072e-01) (6, -7.87432200579867069834e-01) (7, -5.75222618939973728835e-01) (8, 1.69937601448246522473e+00) (0, -2.85933008325134618843e+00) (1, 2.66174034584416174809e+00) (2, 6.43788773188197271935e-01) (3, 8.08350365589346586681e-01) (4, 4.18115946102820879027e-01) (5, 4.45863279152595048949e-01) (6, 4.65389917243205553099e-01) (7, 5.16136760462008958861e-01) (8, -1.16556803350937632224e+00) (9, 5.14716352684861822020e-01) (10, -1.13395789730499263470e+01) (11, 6.84824683527418542894e+00) (12, -9.32792299332264041034e-01) 
