FANN_FLO_2.1
num_layers=3
learning_rate=0.700000
connection_rate=1.000000
network_type=0
learning_momentum=0.000000
training_algorithm=2
train_error_function=1
train_stop_function=1
cascade_output_change_fraction=0.010000
quickprop_decay=-0.000100
quickprop_mu=1.750000
rprop_increase_factor=1.200000
rprop_decrease_factor=0.500000
rprop_delta_min=0.000000
rprop_delta_max=50.000000
rprop_delta_zero=0.100000
cascade_output_stagnation_epochs=12
cascade_candidate_change_fraction=0.010000
cascade_candidate_stagnation_epochs=12
cascade_max_out_epochs=150
cascade_min_out_epochs=50
cascade_max_cand_epochs=150
cascade_min_cand_epochs=50
cascade_num_candidate_groups=2
bit_fail_limit=1.00000000000000005551e-01
cascade_candidate_limit=1.00000000000000000000e+03
cascade_weight_multiplier=4.00000000000000022204e-01
cascade_activation_functions_count=10
cascade_activation_functions=3 5 7 8 10 11 14 15 16 17 
cascade_activation_steepnesses_count=4
cascade_activation_steepnesses=2.50000000000000000000e-01 5.00000000000000000000e-01 7.50000000000000000000e-01 1.00000000000000000000e+00 
layer_sizes=11 4 2 
scale_included=0
neurons (num_inputs, activation_function, activation_steepness)=(0, 0, 0.00000000000000000000e+00) (0, 0, 0.00000000000000000000e+00) (0, 0, 0.00000000000000000000e+00) (0, 0, 0.00000000000000000000e+00) (0, 0, 0.00000000000000000000e+00) (0, 0, 0.00000000000000000000e+00) (0, 0, 0.00000000000000000000e+00) (0, 0, 0.00000000000000000000e+00) (0, 0, 0.00000000000000000000e+00) (0, 0, 0.00000000000000000000e+00) (0, 0, 0.00000000000000000000e+00) (11, 6, 5.00000000000000000000e-01) (11, 6, 5.00000000000000000000e-01) (11, 6, 5.00000000000000000000e-01) (0, 6, 0.00000000000000000000e+00) (4, 4, 5.00000000000000000000e-01) (0, 4, 0.00000000000000000000e+00) 
connections (connected_to_neuron, weight)=(0, 1.07060525662981669698e-02) (1, 3.14138453290243424565e-01) (2, 5.18955218063740542078e+00) (3, 5.29854649439753022655e-01) (4, 3.45802396763050579054e-01) (5, -3.40275969957330726157e-05) (6, 4.08045028322958192035e-01) (7, 1.55828600099513575605e-01) (8, 3.10478505800824589045e-01) (9, 2.85361054415945336604e-01) (10, -3.05437943522540236718e-02) (0, -9.26586940984128526466e-01) (1, 1.22129938102678403666e+00) (2, 2.99406850981079486473e+00) (3, -1.24167363037916667068e+00) (4, -7.27701638262814753944e-01) (5, -6.43165637176579929601e-01) (6, -4.92859065520787953396e-01) (7, -1.21041487200733849372e-01) (8, 1.80301065605714905260e-01) (9, -1.86089151234125016465e+00) (10, -9.23179894785283616798e-01) (0, 4.17675551164291736228e+00) (1, -5.01784002998536848850e+00) (2, -3.75665496860072334329e+00) (3, -1.24810925397578098561e-01) (4, -3.30528051088732555129e+00) (5, -8.13861635102789748863e-01) (6, -8.06156189601961004065e-01) (7, -1.61577536301271140751e+00) (8, -2.53136805278020426968e+00) (9, 4.31566487464687043030e+00) (10, 6.03530827929919588826e+00) (11, 1.09592977856177631324e+00) (12, 2.80992482220911155011e+00) (13, -5.40764576769993254857e+00) (14, -2.21523488728245077084e+00) 
