FANN_FLO_2.1
num_layers=3
learning_rate=0.700000
connection_rate=1.000000
network_type=0
learning_momentum=0.000000
training_algorithm=2
train_error_function=1
train_stop_function=1
cascade_output_change_fraction=0.010000
quickprop_decay=-0.000100
quickprop_mu=1.750000
rprop_increase_factor=1.200000
rprop_decrease_factor=0.500000
rprop_delta_min=0.000000
rprop_delta_max=50.000000
rprop_delta_zero=0.100000
cascade_output_stagnation_epochs=12
cascade_candidate_change_fraction=0.010000
cascade_candidate_stagnation_epochs=12
cascade_max_out_epochs=150
cascade_min_out_epochs=50
cascade_max_cand_epochs=150
cascade_min_cand_epochs=50
cascade_num_candidate_groups=2
bit_fail_limit=1.00000000000000005551e-01
cascade_candidate_limit=1.00000000000000000000e+03
cascade_weight_multiplier=4.00000000000000022204e-01
cascade_activation_functions_count=10
cascade_activation_functions=3 5 7 8 10 11 14 15 16 17 
cascade_activation_steepnesses_count=4
cascade_activation_steepnesses=2.50000000000000000000e-01 5.00000000000000000000e-01 7.50000000000000000000e-01 1.00000000000000000000e+00 
layer_sizes=15 4 2 
scale_included=0
neurons (num_inputs, activation_function, activation_steepness)=(0, 0, 0.00000000000000000000e+00) (0, 0, 0.00000000000000000000e+00) (0, 0, 0.00000000000000000000e+00) (0, 0, 0.00000000000000000000e+00) (0, 0, 0.00000000000000000000e+00) (0, 0, 0.00000000000000000000e+00) (0, 0, 0.00000000000000000000e+00) (0, 0, 0.00000000000000000000e+00) (0, 0, 0.00000000000000000000e+00) (0, 0, 0.00000000000000000000e+00) (0, 0, 0.00000000000000000000e+00) (0, 0, 0.00000000000000000000e+00) (0, 0, 0.00000000000000000000e+00) (0, 0, 0.00000000000000000000e+00) (0, 0, 0.00000000000000000000e+00) (15, 6, 5.00000000000000000000e-01) (15, 6, 5.00000000000000000000e-01) (15, 6, 5.00000000000000000000e-01) (0, 6, 0.00000000000000000000e+00) (4, 4, 5.00000000000000000000e-01) (0, 4, 0.00000000000000000000e+00) 
connections (connected_to_neuron, weight)=(0, -8.58000603895380820063e+00) (1, 3.73124394998482067365e+00) (2, 7.36264187161257188663e-01) (3, -6.70235297061794854656e-01) (4, 4.53444732261228000691e-01) (5, -5.32560589142435869547e-01) (6, 3.02793974266892251812e-01) (7, 8.57482991431286256656e-01) (8, 8.50321791384746950015e-01) (9, 1.22411879795073341715e-01) (10, -1.31634659311301582818e-01) (11, 6.40043927647759414157e-01) (12, 7.38228066184212661227e-01) (13, -3.32026412574477763906e-02) (14, -1.34144193979424874996e+00) (0, -3.20411084067490703475e+00) (1, 6.52482703903842775617e-01) (2, 6.18798839533514666300e-01) (3, 1.49945206430847466361e-01) (4, 3.17657901367932260506e-01) (5, -7.10343032068853075245e-02) (6, 2.38907080526105236595e-01) (7, 5.08140705711428775082e-01) (8, 5.36542095429484500180e-01) (9, 2.44419546193442305260e-01) (10, 9.62522993358920220253e-02) (11, 1.53558843709081349616e-01) (12, 3.21653143442720113043e-01) (13, 9.05145914412391061621e-02) (14, -1.03844096318380915700e-01) (0, -8.14795772135689233551e+00) (1, 1.54510690125802163664e+00) (2, 3.57479972815698321398e-01) (3, -2.87065524613728084713e-01) (4, 3.56522468900865252550e-01) (5, 6.09734920890528941939e-02) (6, 2.24172063109006780568e-01) (7, 3.90769350297037854070e-01) (8, 2.68829878050867221440e-01) (9, 1.74782398082794721006e-01) (10, -1.31873022770752412747e-01) (11, 8.49216770865609760222e-01) (12, 8.08170464374711627897e-01) (13, 4.34909621306999311097e-02) (14, -6.76401216221508616577e-01) (15, 1.11555380546118367846e+01) (16, 1.58169866531766845075e-01) (17, 7.91503380188447458465e+00) (18, -1.64579774291306035749e+00) 
