FANN_FLO_2.1
num_layers=3
learning_rate=0.700000
connection_rate=1.000000
network_type=0
learning_momentum=0.000000
training_algorithm=2
train_error_function=1
train_stop_function=1
cascade_output_change_fraction=0.010000
quickprop_decay=-0.000100
quickprop_mu=1.750000
rprop_increase_factor=1.200000
rprop_decrease_factor=0.500000
rprop_delta_min=0.000000
rprop_delta_max=50.000000
rprop_delta_zero=0.100000
cascade_output_stagnation_epochs=12
cascade_candidate_change_fraction=0.010000
cascade_candidate_stagnation_epochs=12
cascade_max_out_epochs=150
cascade_min_out_epochs=50
cascade_max_cand_epochs=150
cascade_min_cand_epochs=50
cascade_num_candidate_groups=2
bit_fail_limit=1.00000000000000005551e-01
cascade_candidate_limit=1.00000000000000000000e+03
cascade_weight_multiplier=4.00000000000000022204e-01
cascade_activation_functions_count=10
cascade_activation_functions=3 5 7 8 10 11 14 15 16 17 
cascade_activation_steepnesses_count=4
cascade_activation_steepnesses=2.50000000000000000000e-01 5.00000000000000000000e-01 7.50000000000000000000e-01 1.00000000000000000000e+00 
layer_sizes=6 4 2 
scale_included=0
neurons (num_inputs, activation_function, activation_steepness)=(0, 0, 0.00000000000000000000e+00) (0, 0, 0.00000000000000000000e+00) (0, 0, 0.00000000000000000000e+00) (0, 0, 0.00000000000000000000e+00) (0, 0, 0.00000000000000000000e+00) (0, 0, 0.00000000000000000000e+00) (6, 6, 5.00000000000000000000e-01) (6, 6, 5.00000000000000000000e-01) (6, 6, 5.00000000000000000000e-01) (0, 6, 0.00000000000000000000e+00) (4, 4, 5.00000000000000000000e-01) (0, 4, 0.00000000000000000000e+00) 
connections (connected_to_neuron, weight)=(0, 2.40327704617589982261e-01) (1, 3.92353741750998885607e+00) (2, -9.47107832716202580059e-01) (3, 8.94377425861472619140e-01) (4, 2.12711236679129278571e+00) (5, -3.24262865922726906120e+00) (0, -4.96089865117929004756e-02) (1, 4.57978991632350229679e-01) (2, -5.03316590289204590647e+00) (3, -2.33904168926924427296e+00) (4, 1.14599052416884339411e-01) (5, 2.27320516188089438714e+00) (0, -1.45227320427816580795e-01) (1, 3.33592286063459297907e+00) (2, -1.15650535008629673506e+00) (3, 2.60534220826928120118e+00) (4, 2.47363111766032384153e+00) (5, -3.49301649201073383111e+00) (6, 2.66339508461854057586e+00) (7, -1.70513008215706918236e+01) (8, 3.83465773998396954880e+01) (9, -4.16701239103757270499e+00) 
