FANN_FLO_2.1
num_layers=3
learning_rate=0.700000
connection_rate=1.000000
network_type=0
learning_momentum=0.000000
training_algorithm=2
train_error_function=1
train_stop_function=1
cascade_output_change_fraction=0.010000
quickprop_decay=-0.000100
quickprop_mu=1.750000
rprop_increase_factor=1.200000
rprop_decrease_factor=0.500000
rprop_delta_min=0.000000
rprop_delta_max=50.000000
rprop_delta_zero=0.100000
cascade_output_stagnation_epochs=12
cascade_candidate_change_fraction=0.010000
cascade_candidate_stagnation_epochs=12
cascade_max_out_epochs=150
cascade_min_out_epochs=50
cascade_max_cand_epochs=150
cascade_min_cand_epochs=50
cascade_num_candidate_groups=2
bit_fail_limit=1.00000000000000005551e-01
cascade_candidate_limit=1.00000000000000000000e+03
cascade_weight_multiplier=4.00000000000000022204e-01
cascade_activation_functions_count=10
cascade_activation_functions=3 5 7 8 10 11 14 15 16 17 
cascade_activation_steepnesses_count=4
cascade_activation_steepnesses=2.50000000000000000000e-01 5.00000000000000000000e-01 7.50000000000000000000e-01 1.00000000000000000000e+00 
layer_sizes=12 4 2 
scale_included=0
neurons (num_inputs, activation_function, activation_steepness)=(0, 0, 0.00000000000000000000e+00) (0, 0, 0.00000000000000000000e+00) (0, 0, 0.00000000000000000000e+00) (0, 0, 0.00000000000000000000e+00) (0, 0, 0.00000000000000000000e+00) (0, 0, 0.00000000000000000000e+00) (0, 0, 0.00000000000000000000e+00) (0, 0, 0.00000000000000000000e+00) (0, 0, 0.00000000000000000000e+00) (0, 0, 0.00000000000000000000e+00) (0, 0, 0.00000000000000000000e+00) (0, 0, 0.00000000000000000000e+00) (12, 6, 5.00000000000000000000e-01) (12, 6, 5.00000000000000000000e-01) (12, 6, 5.00000000000000000000e-01) (0, 6, 0.00000000000000000000e+00) (4, 4, 5.00000000000000000000e-01) (0, 4, 0.00000000000000000000e+00) 
connections (connected_to_neuron, weight)=(0, 3.22011606171126629761e+00) (1, -2.01392735263704114601e+00) (2, -3.84738969660220142543e+00) (3, 3.54654602128886864421e+00) (4, -1.49269159610804491578e+00) (5, -1.91916541712557209287e+00) (6, -1.21490731927395301248e+00) (7, -1.24312752673765736233e+00) (8, -3.12976351525184703917e+00) (9, 8.64802086058254926293e-01) (10, 2.04226669783184666684e+00) (11, 2.09979344615742613556e+00) (0, 3.23536534383292462280e+00) (1, -2.87211763405781272951e+00) (2, -3.90439948296961780727e+00) (3, 3.67908553946637795207e+00) (4, -9.84647093906270254315e-01) (5, -1.97122540282284131052e+00) (6, -1.08846211152911620523e+00) (7, -1.27650588939329701077e+00) (8, -3.17512206133005214781e+00) (9, 8.73185799720879285424e-01) (10, 3.04301432512448100098e+00) (11, 2.05888071669508709860e+00) (0, 6.42142485198459955775e-01) (1, -3.71573828404753281340e-01) (2, -1.78532758320499973514e+00) (3, 1.31772258763638794310e-01) (4, -5.68461052930088084345e-01) (5, -5.44102610362507621566e-01) (6, -3.36117489064084618011e-01) (7, -8.27102328366715461305e-02) (8, -9.55549724572480552176e-01) (9, -5.02435538210509388679e-02) (10, 2.04367265359480659859e-01) (11, 1.46223311120140420094e-01) (12, -1.40178981282963164290e+01) (13, -1.03358025889810001274e+01) (14, -1.47930813759440549227e+00) (15, -1.19654413700876416371e+00) 
