FANN_FLO_2.1
num_layers=3
learning_rate=0.700000
connection_rate=1.000000
network_type=0
learning_momentum=0.000000
training_algorithm=2
train_error_function=1
train_stop_function=1
cascade_output_change_fraction=0.010000
quickprop_decay=-0.000100
quickprop_mu=1.750000
rprop_increase_factor=1.200000
rprop_decrease_factor=0.500000
rprop_delta_min=0.000000
rprop_delta_max=50.000000
rprop_delta_zero=0.100000
cascade_output_stagnation_epochs=12
cascade_candidate_change_fraction=0.010000
cascade_candidate_stagnation_epochs=12
cascade_max_out_epochs=150
cascade_min_out_epochs=50
cascade_max_cand_epochs=150
cascade_min_cand_epochs=50
cascade_num_candidate_groups=2
bit_fail_limit=1.00000000000000005551e-01
cascade_candidate_limit=1.00000000000000000000e+03
cascade_weight_multiplier=4.00000000000000022204e-01
cascade_activation_functions_count=10
cascade_activation_functions=3 5 7 8 10 11 14 15 16 17 
cascade_activation_steepnesses_count=4
cascade_activation_steepnesses=2.50000000000000000000e-01 5.00000000000000000000e-01 7.50000000000000000000e-01 1.00000000000000000000e+00 
layer_sizes=12 4 2 
scale_included=0
neurons (num_inputs, activation_function, activation_steepness)=(0, 0, 0.00000000000000000000e+00) (0, 0, 0.00000000000000000000e+00) (0, 0, 0.00000000000000000000e+00) (0, 0, 0.00000000000000000000e+00) (0, 0, 0.00000000000000000000e+00) (0, 0, 0.00000000000000000000e+00) (0, 0, 0.00000000000000000000e+00) (0, 0, 0.00000000000000000000e+00) (0, 0, 0.00000000000000000000e+00) (0, 0, 0.00000000000000000000e+00) (0, 0, 0.00000000000000000000e+00) (0, 0, 0.00000000000000000000e+00) (12, 6, 5.00000000000000000000e-01) (12, 6, 5.00000000000000000000e-01) (12, 6, 5.00000000000000000000e-01) (0, 6, 0.00000000000000000000e+00) (4, 4, 5.00000000000000000000e-01) (0, 4, 0.00000000000000000000e+00) 
connections (connected_to_neuron, weight)=(0, 3.41643882279345367792e+00) (1, -4.89735609507119740158e+00) (2, -3.53434795813559432531e+00) (3, 7.37205459207658231335e-01) (4, 1.74228497456217601425e+00) (5, -1.25802741669469343722e-02) (6, -3.91474998707341326210e+00) (7, 2.52635560298776162824e+00) (8, 7.47710171407845569647e-01) (9, -1.06843984045569162511e+00) (10, 3.65030081532141270628e+00) (11, 4.26808636507389760339e+00) (0, 9.14635062626266259755e-01) (1, 2.36863992829737179946e+00) (2, -1.47652802022204081567e+01) (3, 2.28012960279733362112e-01) (4, 5.29624897031653746327e-02) (5, 1.53258721863836266941e-01) (6, -1.47622823642596880944e+01) (7, 1.12282228544453843710e+00) (8, 7.96922935645682395389e-01) (9, 3.61635568601275381173e-01) (10, 2.52505129692448093692e+00) (11, 7.93177318236493844594e-01) (0, 3.59804702728774783438e+00) (1, -3.98592479664604049105e+00) (2, -2.92876018719133268675e+00) (3, 1.04566515175260077442e+00) (4, 1.89922938530607643415e+00) (5, 2.49951336557034831110e-01) (6, -3.32977875020999380951e+00) (7, 2.36463466541951294886e+00) (8, 8.80233189941964533354e-01) (9, -4.79979256940253340424e-01) (10, 2.66042813413209477957e+00) (11, 3.36393362592214595352e+00) (12, -2.27456217292265039376e+00) (13, -2.79950876450248475891e+00) (14, -3.55827063500654494632e+00) (15, -1.71736330234442302611e+00) 
