FANN_FLO_2.1
num_layers=3
learning_rate=0.700000
connection_rate=1.000000
network_type=0
learning_momentum=0.000000
training_algorithm=2
train_error_function=1
train_stop_function=1
cascade_output_change_fraction=0.010000
quickprop_decay=-0.000100
quickprop_mu=1.750000
rprop_increase_factor=1.200000
rprop_decrease_factor=0.500000
rprop_delta_min=0.000000
rprop_delta_max=50.000000
rprop_delta_zero=0.100000
cascade_output_stagnation_epochs=12
cascade_candidate_change_fraction=0.010000
cascade_candidate_stagnation_epochs=12
cascade_max_out_epochs=150
cascade_min_out_epochs=50
cascade_max_cand_epochs=150
cascade_min_cand_epochs=50
cascade_num_candidate_groups=2
bit_fail_limit=1.00000000000000005551e-01
cascade_candidate_limit=1.00000000000000000000e+03
cascade_weight_multiplier=4.00000000000000022204e-01
cascade_activation_functions_count=10
cascade_activation_functions=3 5 7 8 10 11 14 15 16 17 
cascade_activation_steepnesses_count=4
cascade_activation_steepnesses=2.50000000000000000000e-01 5.00000000000000000000e-01 7.50000000000000000000e-01 1.00000000000000000000e+00 
layer_sizes=12 4 2 
scale_included=0
neurons (num_inputs, activation_function, activation_steepness)=(0, 0, 0.00000000000000000000e+00) (0, 0, 0.00000000000000000000e+00) (0, 0, 0.00000000000000000000e+00) (0, 0, 0.00000000000000000000e+00) (0, 0, 0.00000000000000000000e+00) (0, 0, 0.00000000000000000000e+00) (0, 0, 0.00000000000000000000e+00) (0, 0, 0.00000000000000000000e+00) (0, 0, 0.00000000000000000000e+00) (0, 0, 0.00000000000000000000e+00) (0, 0, 0.00000000000000000000e+00) (0, 0, 0.00000000000000000000e+00) (12, 6, 5.00000000000000000000e-01) (12, 6, 5.00000000000000000000e-01) (12, 6, 5.00000000000000000000e-01) (0, 6, 0.00000000000000000000e+00) (4, 4, 5.00000000000000000000e-01) (0, 4, 0.00000000000000000000e+00) 
connections (connected_to_neuron, weight)=(0, 1.11795306226041543662e-01) (1, 4.32856525241840706109e-01) (2, 5.00801873042263756552e-01) (3, 2.60291909913333729953e-01) (4, 6.79285050121463229722e-01) (5, 1.04329545306071372335e-01) (6, 3.59110669377487867759e-01) (7, 4.36197827583487129921e-01) (8, 4.96656673973734530403e-01) (9, 7.95400049798659858347e-01) (10, 3.74109899179509083900e-02) (11, 5.85976556599344181042e-02) (0, -4.32198426454275352881e+00) (1, 3.18333654991880088403e+00) (2, 3.66588641457047126337e+00) (3, 1.79614683764481553041e+00) (4, 1.08880136748132283486e+00) (5, -4.22807684647940718037e+00) (6, 3.30892297816306424352e+00) (7, -6.59896460661162920225e-01) (8, 2.74500514769792536285e-01) (9, 1.61851767325310458290e+00) (10, -1.36097530372761865713e+00) (11, -3.57338418458502626862e+00) (0, 4.85951677194665476733e-01) (1, -1.30853686465718294096e-01) (2, -8.25022109929328983924e+00) (3, -2.76781841349783876149e-02) (4, 1.63193271794469796365e-01) (5, 7.43880514375854562381e-01) (6, -5.24527224837954619829e+00) (7, 6.08596922991942596015e-02) (8, 8.73848768113326679341e-02) (9, 1.31056702879695091690e-01) (10, 1.98377412512764195185e-01) (11, 5.49587865679499243399e-01) (12, 7.11698595668893929655e-01) (13, 1.12426136016848570165e+01) (14, -8.29401280442138011395e-01) (15, -1.56319716409015896375e+00) 
