FANN_FLO_2.1
num_layers=3
learning_rate=0.700000
connection_rate=1.000000
network_type=0
learning_momentum=0.000000
training_algorithm=2
train_error_function=1
train_stop_function=1
cascade_output_change_fraction=0.010000
quickprop_decay=-0.000100
quickprop_mu=1.750000
rprop_increase_factor=1.200000
rprop_decrease_factor=0.500000
rprop_delta_min=0.000000
rprop_delta_max=50.000000
rprop_delta_zero=0.100000
cascade_output_stagnation_epochs=12
cascade_candidate_change_fraction=0.010000
cascade_candidate_stagnation_epochs=12
cascade_max_out_epochs=150
cascade_min_out_epochs=50
cascade_max_cand_epochs=150
cascade_min_cand_epochs=50
cascade_num_candidate_groups=2
bit_fail_limit=1.00000000000000005551e-01
cascade_candidate_limit=1.00000000000000000000e+03
cascade_weight_multiplier=4.00000000000000022204e-01
cascade_activation_functions_count=10
cascade_activation_functions=3 5 7 8 10 11 14 15 16 17 
cascade_activation_steepnesses_count=4
cascade_activation_steepnesses=2.50000000000000000000e-01 5.00000000000000000000e-01 7.50000000000000000000e-01 1.00000000000000000000e+00 
layer_sizes=9 4 2 
scale_included=0
neurons (num_inputs, activation_function, activation_steepness)=(0, 0, 0.00000000000000000000e+00) (0, 0, 0.00000000000000000000e+00) (0, 0, 0.00000000000000000000e+00) (0, 0, 0.00000000000000000000e+00) (0, 0, 0.00000000000000000000e+00) (0, 0, 0.00000000000000000000e+00) (0, 0, 0.00000000000000000000e+00) (0, 0, 0.00000000000000000000e+00) (0, 0, 0.00000000000000000000e+00) (9, 6, 5.00000000000000000000e-01) (9, 6, 5.00000000000000000000e-01) (9, 6, 5.00000000000000000000e-01) (0, 6, 0.00000000000000000000e+00) (4, 4, 5.00000000000000000000e-01) (0, 4, 0.00000000000000000000e+00) 
connections (connected_to_neuron, weight)=(0, 2.38540896150355763439e+00) (1, -7.26929783321729194867e-01) (2, 1.33363522844748061402e-01) (3, -1.96710797120237201874e+00) (4, 1.56066906483133344130e-01) (5, -6.78255335113090995769e-02) (6, 9.52145826738850065141e-01) (7, -4.81346625117239468317e-01) (8, 2.12459455571081701208e+00) (0, -1.75138819992880812038e+00) (1, 1.91441239170780908019e+00) (2, 1.00457799397497260507e+00) (3, 3.82856440696255018175e-01) (4, 1.23651340592827141407e+00) (5, 1.00919800658436487062e+00) (6, -9.21140633264562191940e-01) (7, 9.03760321066666594270e-01) (8, -1.44815055264689118708e+00) (0, -1.67272551387886991847e+00) (1, 2.03964818395725089317e+00) (2, 1.09135387055664123679e+00) (3, 3.38238482329384138048e-01) (4, 8.38201573378968944894e-01) (5, 1.08263427053304361891e+00) (6, -9.51007928440353200727e-01) (7, 1.08012794666080536032e+00) (8, -1.48353426142193467463e+00) (9, -1.43683615310646684016e+00) (10, 4.33223150802956524785e+00) (11, 7.94136110320480970159e+00) (12, -1.24565134510912955967e+00) 
