FANN_FLO_2.1
num_layers=3
learning_rate=0.700000
connection_rate=1.000000
network_type=0
learning_momentum=0.000000
training_algorithm=2
train_error_function=1
train_stop_function=1
cascade_output_change_fraction=0.010000
quickprop_decay=-0.000100
quickprop_mu=1.750000
rprop_increase_factor=1.200000
rprop_decrease_factor=0.500000
rprop_delta_min=0.000000
rprop_delta_max=50.000000
rprop_delta_zero=0.100000
cascade_output_stagnation_epochs=12
cascade_candidate_change_fraction=0.010000
cascade_candidate_stagnation_epochs=12
cascade_max_out_epochs=150
cascade_min_out_epochs=50
cascade_max_cand_epochs=150
cascade_min_cand_epochs=50
cascade_num_candidate_groups=2
bit_fail_limit=1.00000000000000005551e-01
cascade_candidate_limit=1.00000000000000000000e+03
cascade_weight_multiplier=4.00000000000000022204e-01
cascade_activation_functions_count=10
cascade_activation_functions=3 5 7 8 10 11 14 15 16 17 
cascade_activation_steepnesses_count=4
cascade_activation_steepnesses=2.50000000000000000000e-01 5.00000000000000000000e-01 7.50000000000000000000e-01 1.00000000000000000000e+00 
layer_sizes=9 4 2 
scale_included=0
neurons (num_inputs, activation_function, activation_steepness)=(0, 0, 0.00000000000000000000e+00) (0, 0, 0.00000000000000000000e+00) (0, 0, 0.00000000000000000000e+00) (0, 0, 0.00000000000000000000e+00) (0, 0, 0.00000000000000000000e+00) (0, 0, 0.00000000000000000000e+00) (0, 0, 0.00000000000000000000e+00) (0, 0, 0.00000000000000000000e+00) (0, 0, 0.00000000000000000000e+00) (9, 6, 5.00000000000000000000e-01) (9, 6, 5.00000000000000000000e-01) (9, 6, 5.00000000000000000000e-01) (0, 6, 0.00000000000000000000e+00) (4, 4, 5.00000000000000000000e-01) (0, 4, 0.00000000000000000000e+00) 
connections (connected_to_neuron, weight)=(0, 1.22699861537516174970e+00) (1, 8.13016542679800141569e-02) (2, -5.27879141545003882641e+00) (3, -5.20267079421586053911e+00) (4, -9.02312172792479605388e-02) (5, -7.65439353644825959400e-01) (6, -3.19921473912342491097e-01) (7, 4.01553753420078665681e-02) (8, 5.25725841477876598695e-01) (0, 4.64390176701034373963e+00) (1, -4.72913613834993817875e+00) (2, -2.83140255256440731557e+00) (3, -2.36125823608484086691e+00) (4, 3.99605328350647270863e-01) (5, -1.34429143532607908718e+00) (6, -6.25698607538583972953e-01) (7, 2.72356495619122362939e+00) (8, 4.73154217171157664978e+00) (0, -3.63740058296224821888e+00) (1, 8.57080891187576798806e-01) (2, 2.12263286494549552330e+00) (3, 1.98302955558355953336e+00) (4, 2.27292688712611296031e-01) (5, 1.41953580908377530179e+00) (6, 1.11637112883691713705e+00) (7, 1.08826328177755449200e-01) (8, -1.56430738267874680503e+00) (9, -9.83912736430639589535e-01) (10, -5.51670775501448851230e+00) (11, 2.14185637303274711840e+00) (12, -2.38014310497370296105e+00) 
