FANN_FLO_2.1
num_layers=3
learning_rate=0.700000
connection_rate=1.000000
network_type=0
learning_momentum=0.000000
training_algorithm=2
train_error_function=1
train_stop_function=1
cascade_output_change_fraction=0.010000
quickprop_decay=-0.000100
quickprop_mu=1.750000
rprop_increase_factor=1.200000
rprop_decrease_factor=0.500000
rprop_delta_min=0.000000
rprop_delta_max=50.000000
rprop_delta_zero=0.100000
cascade_output_stagnation_epochs=12
cascade_candidate_change_fraction=0.010000
cascade_candidate_stagnation_epochs=12
cascade_max_out_epochs=150
cascade_min_out_epochs=50
cascade_max_cand_epochs=150
cascade_min_cand_epochs=50
cascade_num_candidate_groups=2
bit_fail_limit=1.00000000000000005551e-01
cascade_candidate_limit=1.00000000000000000000e+03
cascade_weight_multiplier=4.00000000000000022204e-01
cascade_activation_functions_count=10
cascade_activation_functions=3 5 7 8 10 11 14 15 16 17 
cascade_activation_steepnesses_count=4
cascade_activation_steepnesses=2.50000000000000000000e-01 5.00000000000000000000e-01 7.50000000000000000000e-01 1.00000000000000000000e+00 
layer_sizes=14 4 2 
scale_included=0
neurons (num_inputs, activation_function, activation_steepness)=(0, 0, 0.00000000000000000000e+00) (0, 0, 0.00000000000000000000e+00) (0, 0, 0.00000000000000000000e+00) (0, 0, 0.00000000000000000000e+00) (0, 0, 0.00000000000000000000e+00) (0, 0, 0.00000000000000000000e+00) (0, 0, 0.00000000000000000000e+00) (0, 0, 0.00000000000000000000e+00) (0, 0, 0.00000000000000000000e+00) (0, 0, 0.00000000000000000000e+00) (0, 0, 0.00000000000000000000e+00) (0, 0, 0.00000000000000000000e+00) (0, 0, 0.00000000000000000000e+00) (0, 0, 0.00000000000000000000e+00) (14, 6, 5.00000000000000000000e-01) (14, 6, 5.00000000000000000000e-01) (14, 6, 5.00000000000000000000e-01) (0, 6, 0.00000000000000000000e+00) (4, 4, 5.00000000000000000000e-01) (0, 4, 0.00000000000000000000e+00) 
connections (connected_to_neuron, weight)=(0, 1.56528997057724650332e+00) (1, -1.57965248884093178994e+00) (2, 6.19378538486656110562e-02) (3, -1.19921377945329665771e+00) (4, -2.36899945290778379814e+00) (5, -2.52268000631948163814e+00) (6, -6.33244512056430841618e-01) (7, -9.01377243952685258677e-01) (8, 2.22317581562169117038e-02) (9, -1.87263697262010686551e+00) (10, -1.19993957547176210987e+00) (11, -6.90896760348131855345e-01) (12, -1.05355689362608506698e+00) (13, 1.89335201013568510398e+00) (0, -1.70821687466662219812e+00) (1, 2.80915983542102098980e+00) (2, 1.32877138907023861769e+00) (3, 2.32455251826219200240e+00) (4, 3.86505979142167399587e+00) (5, 2.88532761987253572045e+00) (6, 2.15819517920625125740e+00) (7, 9.47114544963035598357e+00) (8, 3.72330015042461437424e-01) (9, 2.51716239198686908551e+00) (10, 2.60688734812973388344e+00) (11, 1.05326002041726463077e+00) (12, 3.61214948725476148184e+00) (13, -2.11347042244365734831e+00) (0, 1.53165742391396220157e+00) (1, -1.74502059133183373696e+00) (2, -1.42030043843092979028e-02) (3, -1.15917057443048476806e+00) (4, -2.50764931889270048515e+00) (5, -2.55709470748325040645e+00) (6, -6.38276038145145441227e-01) (7, -9.53156424717837236216e-01) (8, 2.68885234851740595463e-01) (9, -1.85281829412183873806e+00) (10, -1.23882896868217318165e+00) (11, -7.28381160322477794189e-01) (12, -1.05707896188818528671e+00) (13, 1.85215414393428434714e+00) (14, -2.50767786621072197306e+01) (15, 6.71768231531334247819e+00) (16, -4.28761894911077376946e+01) (17, -1.11903185472141819545e+00) 
