FANN_FLO_2.1
num_layers=3
learning_rate=0.700000
connection_rate=1.000000
network_type=0
learning_momentum=0.000000
training_algorithm=2
train_error_function=1
train_stop_function=1
cascade_output_change_fraction=0.010000
quickprop_decay=-0.000100
quickprop_mu=1.750000
rprop_increase_factor=1.200000
rprop_decrease_factor=0.500000
rprop_delta_min=0.000000
rprop_delta_max=50.000000
rprop_delta_zero=0.100000
cascade_output_stagnation_epochs=12
cascade_candidate_change_fraction=0.010000
cascade_candidate_stagnation_epochs=12
cascade_max_out_epochs=150
cascade_min_out_epochs=50
cascade_max_cand_epochs=150
cascade_min_cand_epochs=50
cascade_num_candidate_groups=2
bit_fail_limit=1.00000000000000005551e-01
cascade_candidate_limit=1.00000000000000000000e+03
cascade_weight_multiplier=4.00000000000000022204e-01
cascade_activation_functions_count=10
cascade_activation_functions=3 5 7 8 10 11 14 15 16 17 
cascade_activation_steepnesses_count=4
cascade_activation_steepnesses=2.50000000000000000000e-01 5.00000000000000000000e-01 7.50000000000000000000e-01 1.00000000000000000000e+00 
layer_sizes=11 4 2 
scale_included=0
neurons (num_inputs, activation_function, activation_steepness)=(0, 0, 0.00000000000000000000e+00) (0, 0, 0.00000000000000000000e+00) (0, 0, 0.00000000000000000000e+00) (0, 0, 0.00000000000000000000e+00) (0, 0, 0.00000000000000000000e+00) (0, 0, 0.00000000000000000000e+00) (0, 0, 0.00000000000000000000e+00) (0, 0, 0.00000000000000000000e+00) (0, 0, 0.00000000000000000000e+00) (0, 0, 0.00000000000000000000e+00) (0, 0, 0.00000000000000000000e+00) (11, 6, 5.00000000000000000000e-01) (11, 6, 5.00000000000000000000e-01) (11, 6, 5.00000000000000000000e-01) (0, 6, 0.00000000000000000000e+00) (4, 4, 5.00000000000000000000e-01) (0, 4, 0.00000000000000000000e+00) 
connections (connected_to_neuron, weight)=(0, 9.12340862970883570426e+00) (1, -4.92371643424241334230e+00) (2, -5.13506087197655070042e+00) (3, -1.79227369820073922924e+00) (4, 3.36689669059721419231e+00) (5, -4.32515555504418092170e+00) (6, -7.19212621172392019275e+00) (7, 1.25120500749133056750e+00) (8, -5.79827761043656053630e+00) (9, -1.78898511843655572129e-01) (10, 5.65701210603244497577e+00) (0, -9.82760897812365530335e-01) (1, 1.14302807787344939960e+00) (2, 8.38470821107649366688e-01) (3, 5.44077080138190560810e-01) (4, 3.09153833637975383741e-02) (5, 8.86724892881391335564e-01) (6, 9.83703808576429250543e-01) (7, 2.63835555227711748144e-03) (8, 8.78273621335497800544e-01) (9, 4.80429704146072222848e-01) (10, -2.18189022820274497461e-01) (0, -3.76942262307558839662e-02) (1, 3.44392035132949414500e-01) (2, 6.88622006686948062715e-01) (3, 1.46950166934554815601e-01) (4, 8.15578165970640561744e-02) (5, 3.17559411139343661379e-01) (6, 8.80048477295572784129e-01) (7, 1.02572161959801255726e+00) (8, 6.85577506225460875378e-01) (9, 1.40534433276892634090e-01) (10, -7.03284736060931781054e-02) (11, -7.64226194111508405626e+00) (12, 2.43667278120505903516e+00) (13, 2.18289607817334890827e-01) (14, -2.07701962774217951946e+00) 
