FANN_FLO_2.1
num_layers=3
learning_rate=0.700000
connection_rate=1.000000
network_type=0
learning_momentum=0.000000
training_algorithm=2
train_error_function=1
train_stop_function=1
cascade_output_change_fraction=0.010000
quickprop_decay=-0.000100
quickprop_mu=1.750000
rprop_increase_factor=1.200000
rprop_decrease_factor=0.500000
rprop_delta_min=0.000000
rprop_delta_max=50.000000
rprop_delta_zero=0.100000
cascade_output_stagnation_epochs=12
cascade_candidate_change_fraction=0.010000
cascade_candidate_stagnation_epochs=12
cascade_max_out_epochs=150
cascade_min_out_epochs=50
cascade_max_cand_epochs=150
cascade_min_cand_epochs=50
cascade_num_candidate_groups=2
bit_fail_limit=1.00000000000000005551e-01
cascade_candidate_limit=1.00000000000000000000e+03
cascade_weight_multiplier=4.00000000000000022204e-01
cascade_activation_functions_count=10
cascade_activation_functions=3 5 7 8 10 11 14 15 16 17 
cascade_activation_steepnesses_count=4
cascade_activation_steepnesses=2.50000000000000000000e-01 5.00000000000000000000e-01 7.50000000000000000000e-01 1.00000000000000000000e+00 
layer_sizes=12 4 2 
scale_included=0
neurons (num_inputs, activation_function, activation_steepness)=(0, 0, 0.00000000000000000000e+00) (0, 0, 0.00000000000000000000e+00) (0, 0, 0.00000000000000000000e+00) (0, 0, 0.00000000000000000000e+00) (0, 0, 0.00000000000000000000e+00) (0, 0, 0.00000000000000000000e+00) (0, 0, 0.00000000000000000000e+00) (0, 0, 0.00000000000000000000e+00) (0, 0, 0.00000000000000000000e+00) (0, 0, 0.00000000000000000000e+00) (0, 0, 0.00000000000000000000e+00) (0, 0, 0.00000000000000000000e+00) (12, 6, 5.00000000000000000000e-01) (12, 6, 5.00000000000000000000e-01) (12, 6, 5.00000000000000000000e-01) (0, 6, 0.00000000000000000000e+00) (4, 4, 5.00000000000000000000e-01) (0, 4, 0.00000000000000000000e+00) 
connections (connected_to_neuron, weight)=(0, -2.35362205441347560608e+00) (1, 2.01870633629626894390e+01) (2, 2.80346142732142089571e+00) (3, 1.70157179985623796536e-01) (4, -3.21268963979698014555e+01) (5, 3.72121253124738826656e+00) (6, 1.63914448431910564352e+00) (7, 8.97027787595318386593e+01) (8, -1.70831707842645963424e+00) (9, 4.06823411131072187885e+00) (10, 3.08969554677149957911e+01) (11, 2.38721585068488062475e+00) (0, 3.94683647915353752467e+00) (1, 1.50000000000000000000e+03) (2, 3.23637513251656772084e+00) (3, 4.00747001284980619573e+00) (4, 1.50000000000000000000e+03) (5, 2.08014998052330968292e+00) (6, 1.66640293358703894810e+00) (7, 2.44179029404516878543e+00) (8, 2.15971468420330481308e+00) (9, 9.73709247654379939085e-01) (10, 3.44329515661470786370e+00) (11, -3.82938229725455814290e+00) (0, -3.12904658201654051197e+00) (1, 2.01953454358048105632e+01) (2, 2.82605092842506522288e+00) (3, 3.45106217835021877871e-01) (4, -3.20336575376010728178e+01) (5, 3.76738412062984417972e+00) (6, 1.94432821701707880813e+00) (7, 7.12969101043502973880e+02) (8, -1.14440663787886309777e+00) (9, -1.37526120918538268256e+01) (10, 1.89009886701591902636e+01) (11, 1.77980728790735742706e+00) (12, -3.49004316991538265924e+00) (13, 1.36751450486989849509e+01) (14, -6.62731633933990771368e+00) (15, -9.63157909493097541542e-01) 
