FANN_FLO_2.1
num_layers=3
learning_rate=0.700000
connection_rate=1.000000
network_type=0
learning_momentum=0.000000
training_algorithm=2
train_error_function=1
train_stop_function=1
cascade_output_change_fraction=0.010000
quickprop_decay=-0.000100
quickprop_mu=1.750000
rprop_increase_factor=1.200000
rprop_decrease_factor=0.500000
rprop_delta_min=0.000000
rprop_delta_max=50.000000
rprop_delta_zero=0.100000
cascade_output_stagnation_epochs=12
cascade_candidate_change_fraction=0.010000
cascade_candidate_stagnation_epochs=12
cascade_max_out_epochs=150
cascade_min_out_epochs=50
cascade_max_cand_epochs=150
cascade_min_cand_epochs=50
cascade_num_candidate_groups=2
bit_fail_limit=1.00000000000000005551e-01
cascade_candidate_limit=1.00000000000000000000e+03
cascade_weight_multiplier=4.00000000000000022204e-01
cascade_activation_functions_count=10
cascade_activation_functions=3 5 7 8 10 11 14 15 16 17 
cascade_activation_steepnesses_count=4
cascade_activation_steepnesses=2.50000000000000000000e-01 5.00000000000000000000e-01 7.50000000000000000000e-01 1.00000000000000000000e+00 
layer_sizes=6 4 2 
scale_included=0
neurons (num_inputs, activation_function, activation_steepness)=(0, 0, 0.00000000000000000000e+00) (0, 0, 0.00000000000000000000e+00) (0, 0, 0.00000000000000000000e+00) (0, 0, 0.00000000000000000000e+00) (0, 0, 0.00000000000000000000e+00) (0, 0, 0.00000000000000000000e+00) (6, 6, 5.00000000000000000000e-01) (6, 6, 5.00000000000000000000e-01) (6, 6, 5.00000000000000000000e-01) (0, 6, 0.00000000000000000000e+00) (4, 4, 5.00000000000000000000e-01) (0, 4, 0.00000000000000000000e+00) 
connections (connected_to_neuron, weight)=(0, 3.68736063160816252005e-01) (1, -6.18444487748219584589e-01) (2, -6.78021788540273673274e-02) (3, -2.62597423977297787789e-02) (4, -1.41276589321524453924e-01) (5, 3.01977304327939288786e-01) (0, 2.73870135427714611609e+00) (1, -1.73243662990916180711e+00) (2, -2.57732955009865793983e+00) (3, 1.24424870171704005095e+00) (4, -3.70007539088748860223e+00) (5, 2.76659710745024201017e+00) (0, -1.85387923283451594436e+00) (1, 1.53322716866981045847e+00) (2, 1.68114334550123434298e+00) (3, 9.66195429172030717524e-01) (4, 1.71204910078463434786e+00) (5, -2.38603146371043051133e+00) (6, -7.74696820381933992650e-01) (7, -1.84618571287963604277e+01) (8, 1.87437970850556077096e+01) (9, -1.91212932380699363044e+00) 
