FANN_FLO_2.1
num_layers=3
learning_rate=0.700000
connection_rate=1.000000
network_type=0
learning_momentum=0.000000
training_algorithm=2
train_error_function=1
train_stop_function=1
cascade_output_change_fraction=0.010000
quickprop_decay=-0.000100
quickprop_mu=1.750000
rprop_increase_factor=1.200000
rprop_decrease_factor=0.500000
rprop_delta_min=0.000000
rprop_delta_max=50.000000
rprop_delta_zero=0.100000
cascade_output_stagnation_epochs=12
cascade_candidate_change_fraction=0.010000
cascade_candidate_stagnation_epochs=12
cascade_max_out_epochs=150
cascade_min_out_epochs=50
cascade_max_cand_epochs=150
cascade_min_cand_epochs=50
cascade_num_candidate_groups=2
bit_fail_limit=1.00000000000000005551e-01
cascade_candidate_limit=1.00000000000000000000e+03
cascade_weight_multiplier=4.00000000000000022204e-01
cascade_activation_functions_count=10
cascade_activation_functions=3 5 7 8 10 11 14 15 16 17 
cascade_activation_steepnesses_count=4
cascade_activation_steepnesses=2.50000000000000000000e-01 5.00000000000000000000e-01 7.50000000000000000000e-01 1.00000000000000000000e+00 
layer_sizes=7 4 2 
scale_included=0
neurons (num_inputs, activation_function, activation_steepness)=(0, 0, 0.00000000000000000000e+00) (0, 0, 0.00000000000000000000e+00) (0, 0, 0.00000000000000000000e+00) (0, 0, 0.00000000000000000000e+00) (0, 0, 0.00000000000000000000e+00) (0, 0, 0.00000000000000000000e+00) (0, 0, 0.00000000000000000000e+00) (7, 6, 5.00000000000000000000e-01) (7, 6, 5.00000000000000000000e-01) (7, 6, 5.00000000000000000000e-01) (0, 6, 0.00000000000000000000e+00) (4, 4, 5.00000000000000000000e-01) (0, 4, 0.00000000000000000000e+00) 
connections (connected_to_neuron, weight)=(0, 5.53949001857146416938e+00) (1, -3.62322408754984603974e+00) (2, -2.36030689530911041984e+00) (3, 3.47522264241338363355e-01) (4, -6.02128305751916759192e+00) (5, 1.49250386782077471004e-01) (6, 4.05785916864227313994e+00) (0, -2.11500118759724431428e+00) (1, 1.86766298205817049549e+00) (2, 2.00079800409702945885e+00) (3, -6.10704264742656710574e-01) (4, 1.89925907642805924525e+00) (5, -2.37479872101015149211e-01) (6, -1.02851468793092304388e+00) (0, -5.81788139458537023607e-01) (1, 1.29540668526879398925e+00) (2, 8.45682205435484113387e-01) (3, -4.42540996883096893200e-01) (4, 9.44001892947253673505e-01) (5, 4.82552641333283335867e-02) (6, -3.36778156699132025231e-01) (7, -7.52203292095159170572e+00) (8, 3.22177396908274848997e+00) (9, 8.00908070419973250331e-01) (10, -1.23019303901277243796e+00) 
