FANN_FLO_2.1
num_layers=3
learning_rate=0.700000
connection_rate=1.000000
network_type=0
learning_momentum=0.000000
training_algorithm=2
train_error_function=1
train_stop_function=1
cascade_output_change_fraction=0.010000
quickprop_decay=-0.000100
quickprop_mu=1.750000
rprop_increase_factor=1.200000
rprop_decrease_factor=0.500000
rprop_delta_min=0.000000
rprop_delta_max=50.000000
rprop_delta_zero=0.100000
cascade_output_stagnation_epochs=12
cascade_candidate_change_fraction=0.010000
cascade_candidate_stagnation_epochs=12
cascade_max_out_epochs=150
cascade_min_out_epochs=50
cascade_max_cand_epochs=150
cascade_min_cand_epochs=50
cascade_num_candidate_groups=2
bit_fail_limit=1.00000000000000005551e-01
cascade_candidate_limit=1.00000000000000000000e+03
cascade_weight_multiplier=4.00000000000000022204e-01
cascade_activation_functions_count=10
cascade_activation_functions=3 5 7 8 10 11 14 15 16 17 
cascade_activation_steepnesses_count=4
cascade_activation_steepnesses=2.50000000000000000000e-01 5.00000000000000000000e-01 7.50000000000000000000e-01 1.00000000000000000000e+00 
layer_sizes=6 4 2 
scale_included=0
neurons (num_inputs, activation_function, activation_steepness)=(0, 0, 0.00000000000000000000e+00) (0, 0, 0.00000000000000000000e+00) (0, 0, 0.00000000000000000000e+00) (0, 0, 0.00000000000000000000e+00) (0, 0, 0.00000000000000000000e+00) (0, 0, 0.00000000000000000000e+00) (6, 6, 5.00000000000000000000e-01) (6, 6, 5.00000000000000000000e-01) (6, 6, 5.00000000000000000000e-01) (0, 6, 0.00000000000000000000e+00) (4, 4, 5.00000000000000000000e-01) (0, 4, 0.00000000000000000000e+00) 
connections (connected_to_neuron, weight)=(0, 1.73941662105036698449e-01) (1, 4.66438452135701508983e-01) (2, 1.53448377456352069714e+00) (3, 1.49777895489598439349e-01) (4, 5.07118862061856301438e-01) (5, -3.18404954981334406550e-02) (0, 2.12760566491662128641e+00) (1, -5.82483740304315045222e+00) (2, -1.80374156785492803512e-02) (3, 6.76753974130118063357e-01) (4, 1.50023451150342479465e+00) (5, 3.35306471453094490087e+00) (0, -1.22858081980200806171e+00) (1, 1.38269447142181745036e+00) (2, 1.90274903831269437404e+00) (3, -4.48643576588335646349e-02) (4, 1.71634971529002733348e+00) (5, -1.45543539673052757522e+00) (6, 4.04022094254947394809e-01) (7, -2.73254370130907142666e+00) (8, 1.52603579821840682484e+01) (9, -1.03618792147055693853e+00) 
