FANN_FLO_2.1
num_layers=3
learning_rate=0.700000
connection_rate=1.000000
network_type=0
learning_momentum=0.000000
training_algorithm=2
train_error_function=1
train_stop_function=1
cascade_output_change_fraction=0.010000
quickprop_decay=-0.000100
quickprop_mu=1.750000
rprop_increase_factor=1.200000
rprop_decrease_factor=0.500000
rprop_delta_min=0.000000
rprop_delta_max=50.000000
rprop_delta_zero=0.100000
cascade_output_stagnation_epochs=12
cascade_candidate_change_fraction=0.010000
cascade_candidate_stagnation_epochs=12
cascade_max_out_epochs=150
cascade_min_out_epochs=50
cascade_max_cand_epochs=150
cascade_min_cand_epochs=50
cascade_num_candidate_groups=2
bit_fail_limit=1.00000000000000005551e-01
cascade_candidate_limit=1.00000000000000000000e+03
cascade_weight_multiplier=4.00000000000000022204e-01
cascade_activation_functions_count=10
cascade_activation_functions=3 5 7 8 10 11 14 15 16 17 
cascade_activation_steepnesses_count=4
cascade_activation_steepnesses=2.50000000000000000000e-01 5.00000000000000000000e-01 7.50000000000000000000e-01 1.00000000000000000000e+00 
layer_sizes=12 4 2 
scale_included=0
neurons (num_inputs, activation_function, activation_steepness)=(0, 0, 0.00000000000000000000e+00) (0, 0, 0.00000000000000000000e+00) (0, 0, 0.00000000000000000000e+00) (0, 0, 0.00000000000000000000e+00) (0, 0, 0.00000000000000000000e+00) (0, 0, 0.00000000000000000000e+00) (0, 0, 0.00000000000000000000e+00) (0, 0, 0.00000000000000000000e+00) (0, 0, 0.00000000000000000000e+00) (0, 0, 0.00000000000000000000e+00) (0, 0, 0.00000000000000000000e+00) (0, 0, 0.00000000000000000000e+00) (12, 6, 5.00000000000000000000e-01) (12, 6, 5.00000000000000000000e-01) (12, 6, 5.00000000000000000000e-01) (0, 6, 0.00000000000000000000e+00) (4, 4, 5.00000000000000000000e-01) (0, 4, 0.00000000000000000000e+00) 
connections (connected_to_neuron, weight)=(0, -4.33873968294604672735e+00) (1, 5.85930277397360477210e+00) (2, 2.36840836353682027138e-01) (3, -2.36235490205076004155e-01) (4, 7.75226968933647175852e-02) (5, -2.44409984113958145269e-01) (6, 5.73380210240807208777e+00) (7, 9.38209909607475300852e-02) (8, 1.59522566414155164694e+00) (9, 7.87654688362425581261e-01) (10, 3.32231799634174207458e-01) (11, -7.85835448917832302129e-01) (0, -1.27161788641727624416e+00) (1, 2.31530756060343945180e+00) (2, 5.86951532950129184485e+00) (3, 3.27608593094654287903e-01) (4, 5.95629303586405756121e-01) (5, -5.46849779161993898580e-02) (6, 2.20003275502783024464e+00) (7, 7.50869246554084268652e-01) (8, 7.42168038022440801349e-01) (9, 3.74631044436770810346e-01) (10, 5.87079547335829410315e+00) (11, -3.60343338752778963308e-01) (0, -2.87423080856593682331e-01) (1, 1.03534406023860992008e+00) (2, 1.65354184481078581026e-01) (3, 5.89959031777533171592e-01) (4, 1.86041484076060492647e+00) (5, 1.56391745589081976320e-01) (6, 1.10311179953456917069e+00) (7, 1.72553186539091307772e+00) (8, 1.79002410966433722628e+00) (9, 3.82215985116542311673e-01) (10, 2.16430138798273802303e-02) (11, 2.37383045883286791788e-03) (12, 5.83596722771849307776e+00) (13, 9.78271279212246547274e-01) (14, 1.82191713947333533419e+00) (15, -1.47720531704172053367e+00) 
