FANN_FLO_2.1
num_layers=3
learning_rate=0.700000
connection_rate=1.000000
network_type=0
learning_momentum=0.000000
training_algorithm=2
train_error_function=1
train_stop_function=1
cascade_output_change_fraction=0.010000
quickprop_decay=-0.000100
quickprop_mu=1.750000
rprop_increase_factor=1.200000
rprop_decrease_factor=0.500000
rprop_delta_min=0.000000
rprop_delta_max=50.000000
rprop_delta_zero=0.100000
cascade_output_stagnation_epochs=12
cascade_candidate_change_fraction=0.010000
cascade_candidate_stagnation_epochs=12
cascade_max_out_epochs=150
cascade_min_out_epochs=50
cascade_max_cand_epochs=150
cascade_min_cand_epochs=50
cascade_num_candidate_groups=2
bit_fail_limit=1.00000000000000005551e-01
cascade_candidate_limit=1.00000000000000000000e+03
cascade_weight_multiplier=4.00000000000000022204e-01
cascade_activation_functions_count=10
cascade_activation_functions=3 5 7 8 10 11 14 15 16 17 
cascade_activation_steepnesses_count=4
cascade_activation_steepnesses=2.50000000000000000000e-01 5.00000000000000000000e-01 7.50000000000000000000e-01 1.00000000000000000000e+00 
layer_sizes=8 4 2 
scale_included=0
neurons (num_inputs, activation_function, activation_steepness)=(0, 0, 0.00000000000000000000e+00) (0, 0, 0.00000000000000000000e+00) (0, 0, 0.00000000000000000000e+00) (0, 0, 0.00000000000000000000e+00) (0, 0, 0.00000000000000000000e+00) (0, 0, 0.00000000000000000000e+00) (0, 0, 0.00000000000000000000e+00) (0, 0, 0.00000000000000000000e+00) (8, 6, 5.00000000000000000000e-01) (8, 6, 5.00000000000000000000e-01) (8, 6, 5.00000000000000000000e-01) (0, 6, 0.00000000000000000000e+00) (4, 4, 5.00000000000000000000e-01) (0, 4, 0.00000000000000000000e+00) 
connections (connected_to_neuron, weight)=(0, -2.64421242289094982070e+00) (1, 2.56541393832909925266e+00) (2, 3.60844878645923250460e+00) (3, -1.07510494552461421947e+00) (4, -1.19556910283772288572e+00) (5, -2.22349386475670351970e+00) (6, 9.59776411428082898425e-01) (7, -2.23095442913162722576e+00) (0, -1.81628667001022114924e+00) (1, 3.20766747773397176147e+00) (2, 1.32043264638826263191e-01) (3, -4.75252853113095896642e-02) (4, -2.82953543588215117310e-01) (5, -1.54046772047573332642e-01) (6, -1.79947866126590971803e-01) (7, -2.69364437088066344117e-01) (0, -1.82636563662780537776e+00) (1, 2.66313461219027658444e+00) (2, 7.95868989653659986150e-03) (3, -1.33439420290557608784e-01) (4, -2.59243791922622923707e-01) (5, -2.45591660961204771851e-01) (6, 1.04262073392763568447e-02) (7, -2.35920047387176756715e-01) (8, 9.32204017622496294848e+00) (9, 1.21609344180557510384e+00) (10, 1.20325541343424102791e+00) (11, -1.99448492547108013895e+00) 
