FANN_FLO_2.1
num_layers=3
learning_rate=0.700000
connection_rate=1.000000
network_type=0
learning_momentum=0.000000
training_algorithm=2
train_error_function=1
train_stop_function=1
cascade_output_change_fraction=0.010000
quickprop_decay=-0.000100
quickprop_mu=1.750000
rprop_increase_factor=1.200000
rprop_decrease_factor=0.500000
rprop_delta_min=0.000000
rprop_delta_max=50.000000
rprop_delta_zero=0.100000
cascade_output_stagnation_epochs=12
cascade_candidate_change_fraction=0.010000
cascade_candidate_stagnation_epochs=12
cascade_max_out_epochs=150
cascade_min_out_epochs=50
cascade_max_cand_epochs=150
cascade_min_cand_epochs=50
cascade_num_candidate_groups=2
bit_fail_limit=1.00000000000000005551e-01
cascade_candidate_limit=1.00000000000000000000e+03
cascade_weight_multiplier=4.00000000000000022204e-01
cascade_activation_functions_count=10
cascade_activation_functions=3 5 7 8 10 11 14 15 16 17 
cascade_activation_steepnesses_count=4
cascade_activation_steepnesses=2.50000000000000000000e-01 5.00000000000000000000e-01 7.50000000000000000000e-01 1.00000000000000000000e+00 
layer_sizes=11 4 2 
scale_included=0
neurons (num_inputs, activation_function, activation_steepness)=(0, 0, 0.00000000000000000000e+00) (0, 0, 0.00000000000000000000e+00) (0, 0, 0.00000000000000000000e+00) (0, 0, 0.00000000000000000000e+00) (0, 0, 0.00000000000000000000e+00) (0, 0, 0.00000000000000000000e+00) (0, 0, 0.00000000000000000000e+00) (0, 0, 0.00000000000000000000e+00) (0, 0, 0.00000000000000000000e+00) (0, 0, 0.00000000000000000000e+00) (0, 0, 0.00000000000000000000e+00) (11, 6, 5.00000000000000000000e-01) (11, 6, 5.00000000000000000000e-01) (11, 6, 5.00000000000000000000e-01) (0, 6, 0.00000000000000000000e+00) (4, 4, 5.00000000000000000000e-01) (0, 4, 0.00000000000000000000e+00) 
connections (connected_to_neuron, weight)=(0, 1.05428432040333630582e+00) (1, -1.89001007575094814861e+00) (2, -8.38973428555394917794e-01) (3, -5.82997895799523324634e-01) (4, 2.75153209257103348317e-01) (5, 5.08285378864721582026e-01) (6, -6.91166022939229907074e-01) (7, -2.15146366858858506532e+00) (8, -1.28256831028746831613e+00) (9, 3.34384712901758474057e-01) (10, 1.17950176064086931227e+00) (0, 3.47284178343582539128e+00) (1, -3.08328673755710447324e+00) (2, -9.01269750750815168416e-01) (3, -4.78910306958846998526e+00) (4, -3.43954541598374241573e+00) (5, -1.69775911338873974898e+00) (6, -3.47386854187342208888e+00) (7, -3.06508694812428128529e+00) (8, -5.46635560103421624945e+00) (9, 1.58254974463237418902e+00) (10, 3.61163099899221862188e+00) (0, -6.39179561382350880372e-01) (1, 1.70914588216107965479e+00) (2, 1.53068682667495470362e+00) (3, 1.37681763239500543072e+00) (4, 9.12253673818558596942e-01) (5, -1.94951079371577518096e-01) (6, 1.38266559265117283672e+00) (7, 2.34207487241705614167e+00) (8, 2.04613454358405100209e+00) (9, -2.54443496286205439461e-01) (10, -1.43643464878331172940e+00) (11, -2.79871661801971605144e+00) (12, -9.90349666630112324128e+00) (13, 1.83767250502289369862e+00) (14, -2.19195020489466907421e+00) 
