FANN_FLO_2.1
num_layers=3
learning_rate=0.700000
connection_rate=1.000000
network_type=0
learning_momentum=0.000000
training_algorithm=2
train_error_function=1
train_stop_function=1
cascade_output_change_fraction=0.010000
quickprop_decay=-0.000100
quickprop_mu=1.750000
rprop_increase_factor=1.200000
rprop_decrease_factor=0.500000
rprop_delta_min=0.000000
rprop_delta_max=50.000000
rprop_delta_zero=0.100000
cascade_output_stagnation_epochs=12
cascade_candidate_change_fraction=0.010000
cascade_candidate_stagnation_epochs=12
cascade_max_out_epochs=150
cascade_min_out_epochs=50
cascade_max_cand_epochs=150
cascade_min_cand_epochs=50
cascade_num_candidate_groups=2
bit_fail_limit=1.00000000000000005551e-01
cascade_candidate_limit=1.00000000000000000000e+03
cascade_weight_multiplier=4.00000000000000022204e-01
cascade_activation_functions_count=10
cascade_activation_functions=3 5 7 8 10 11 14 15 16 17 
cascade_activation_steepnesses_count=4
cascade_activation_steepnesses=2.50000000000000000000e-01 5.00000000000000000000e-01 7.50000000000000000000e-01 1.00000000000000000000e+00 
layer_sizes=8 4 2 
scale_included=0
neurons (num_inputs, activation_function, activation_steepness)=(0, 0, 0.00000000000000000000e+00) (0, 0, 0.00000000000000000000e+00) (0, 0, 0.00000000000000000000e+00) (0, 0, 0.00000000000000000000e+00) (0, 0, 0.00000000000000000000e+00) (0, 0, 0.00000000000000000000e+00) (0, 0, 0.00000000000000000000e+00) (0, 0, 0.00000000000000000000e+00) (8, 6, 5.00000000000000000000e-01) (8, 6, 5.00000000000000000000e-01) (8, 6, 5.00000000000000000000e-01) (0, 6, 0.00000000000000000000e+00) (4, 4, 5.00000000000000000000e-01) (0, 4, 0.00000000000000000000e+00) 
connections (connected_to_neuron, weight)=(0, 3.03437623396354005934e+00) (1, -2.70544251802185797828e+00) (2, -2.05579282144172470481e+00) (3, -1.25270197526345672401e+00) (4, -1.29525732979903640540e+00) (5, -3.26631228532497619454e+00) (6, -1.15623477832208099159e+00) (7, 3.17057194575505540968e+00) (0, -1.98116067713558696717e+00) (1, 1.57907667610798996272e+00) (2, 1.17010043484785186685e+00) (3, 3.22871847239731390999e-01) (4, 2.15649487575431342279e-01) (5, 4.45161082213002712304e-01) (6, 5.04096058820182602034e-01) (7, -1.21489662662537933890e+00) (0, -2.93006175003668545287e+00) (1, 1.55652820546184700312e+00) (2, 1.18966163618185150064e+00) (3, 1.87057903198002445366e-01) (4, 2.08605634173293585931e-01) (5, 6.67873901937896530256e-01) (6, 5.71941500221187393294e-01) (7, -1.16343136862309814994e+00) (8, -6.54260128862642709180e+00) (9, 3.03488905988919555057e+00) (10, 3.00502339266526519168e+00) (11, -7.76183351108321040179e-01) 
