FANN_FLO_2.1
num_layers=3
learning_rate=0.700000
connection_rate=1.000000
network_type=0
learning_momentum=0.000000
training_algorithm=2
train_error_function=1
train_stop_function=1
cascade_output_change_fraction=0.010000
quickprop_decay=-0.000100
quickprop_mu=1.750000
rprop_increase_factor=1.200000
rprop_decrease_factor=0.500000
rprop_delta_min=0.000000
rprop_delta_max=50.000000
rprop_delta_zero=0.100000
cascade_output_stagnation_epochs=12
cascade_candidate_change_fraction=0.010000
cascade_candidate_stagnation_epochs=12
cascade_max_out_epochs=150
cascade_min_out_epochs=50
cascade_max_cand_epochs=150
cascade_min_cand_epochs=50
cascade_num_candidate_groups=2
bit_fail_limit=1.00000000000000005551e-01
cascade_candidate_limit=1.00000000000000000000e+03
cascade_weight_multiplier=4.00000000000000022204e-01
cascade_activation_functions_count=10
cascade_activation_functions=3 5 7 8 10 11 14 15 16 17 
cascade_activation_steepnesses_count=4
cascade_activation_steepnesses=2.50000000000000000000e-01 5.00000000000000000000e-01 7.50000000000000000000e-01 1.00000000000000000000e+00 
layer_sizes=8 4 2 
scale_included=0
neurons (num_inputs, activation_function, activation_steepness)=(0, 0, 0.00000000000000000000e+00) (0, 0, 0.00000000000000000000e+00) (0, 0, 0.00000000000000000000e+00) (0, 0, 0.00000000000000000000e+00) (0, 0, 0.00000000000000000000e+00) (0, 0, 0.00000000000000000000e+00) (0, 0, 0.00000000000000000000e+00) (0, 0, 0.00000000000000000000e+00) (8, 6, 5.00000000000000000000e-01) (8, 6, 5.00000000000000000000e-01) (8, 6, 5.00000000000000000000e-01) (0, 6, 0.00000000000000000000e+00) (4, 4, 5.00000000000000000000e-01) (0, 4, 0.00000000000000000000e+00) 
connections (connected_to_neuron, weight)=(0, 2.80883720391168800745e+00) (1, -1.66481975123732794941e+00) (2, -3.68921496919358438138e-01) (3, 1.30780178066260299730e-01) (4, 2.76854066645675689351e-01) (5, 5.94795947418258127981e-02) (6, 2.24033803642165824099e-01) (7, 4.38271011220558115440e-01) (0, 2.90768481584008631202e+00) (1, -2.55653932543568940261e+00) (2, -2.72183310674529232998e+00) (3, 6.19369324829589840142e-01) (4, -2.56707790054551243664e-01) (5, -1.01181393506358463519e+00) (6, 2.08443407527863122652e+00) (7, 2.64160337029291181210e+00) (0, -2.08151182393791600589e+00) (1, 1.68690499607712052210e+00) (2, 3.31956410802662249537e+00) (3, -8.55368015457532160362e-01) (4, 6.32054993408987741965e-01) (5, 1.23548125518375728760e+00) (6, -4.14220904763703379192e-01) (7, -1.94725666763303739693e+00) (8, -2.42516415564500142921e+00) (9, -6.64335955219208162958e+00) (10, 3.86512588121007194530e+00) (11, -1.86834424557207134932e+00) 
