FANN_FLO_2.1
num_layers=3
learning_rate=0.700000
connection_rate=1.000000
network_type=0
learning_momentum=0.000000
training_algorithm=2
train_error_function=1
train_stop_function=1
cascade_output_change_fraction=0.010000
quickprop_decay=-0.000100
quickprop_mu=1.750000
rprop_increase_factor=1.200000
rprop_decrease_factor=0.500000
rprop_delta_min=0.000000
rprop_delta_max=50.000000
rprop_delta_zero=0.100000
cascade_output_stagnation_epochs=12
cascade_candidate_change_fraction=0.010000
cascade_candidate_stagnation_epochs=12
cascade_max_out_epochs=150
cascade_min_out_epochs=50
cascade_max_cand_epochs=150
cascade_min_cand_epochs=50
cascade_num_candidate_groups=2
bit_fail_limit=1.00000000000000005551e-01
cascade_candidate_limit=1.00000000000000000000e+03
cascade_weight_multiplier=4.00000000000000022204e-01
cascade_activation_functions_count=10
cascade_activation_functions=3 5 7 8 10 11 14 15 16 17 
cascade_activation_steepnesses_count=4
cascade_activation_steepnesses=2.50000000000000000000e-01 5.00000000000000000000e-01 7.50000000000000000000e-01 1.00000000000000000000e+00 
layer_sizes=10 4 2 
scale_included=0
neurons (num_inputs, activation_function, activation_steepness)=(0, 0, 0.00000000000000000000e+00) (0, 0, 0.00000000000000000000e+00) (0, 0, 0.00000000000000000000e+00) (0, 0, 0.00000000000000000000e+00) (0, 0, 0.00000000000000000000e+00) (0, 0, 0.00000000000000000000e+00) (0, 0, 0.00000000000000000000e+00) (0, 0, 0.00000000000000000000e+00) (0, 0, 0.00000000000000000000e+00) (0, 0, 0.00000000000000000000e+00) (10, 6, 5.00000000000000000000e-01) (10, 6, 5.00000000000000000000e-01) (10, 6, 5.00000000000000000000e-01) (0, 6, 0.00000000000000000000e+00) (4, 4, 5.00000000000000000000e-01) (0, 4, 0.00000000000000000000e+00) 
connections (connected_to_neuron, weight)=(0, -2.29489575270053114409e+00) (1, 2.00409077398493362665e+00) (2, 1.65512525770281637705e-01) (3, -2.85971129115714761681e-01) (4, -3.06923577364577981896e-01) (5, -2.11904266651763595330e-01) (6, -2.58495816763534225213e-01) (7, -3.97512541886462900109e-01) (8, -3.90263641055717203088e-01) (9, -7.09402081200557033114e-01) (0, 3.36984674312215037872e+00) (1, -2.99629998897176541561e+00) (2, -2.62648700778119037480e+00) (3, -2.43603740438437776916e+00) (4, -2.36803160654501076987e-01) (5, -2.05322658317283746054e-01) (6, -2.13846507109542338654e+00) (7, -2.66407629149154778769e-01) (8, 3.06489866049155568195e-01) (9, 3.37439668603282161286e+00) (0, -2.38890872226766748376e-01) (1, 3.21314751586239122361e-01) (2, 2.24368401961193980609e-01) (3, -3.77324769825263112155e-02) (4, 1.39795469320616622122e-01) (5, 5.29726678632964423366e-02) (6, 9.53916033871983481962e-02) (7, 1.68076606667837968878e-01) (8, -5.11297451171673009163e-02) (9, -1.74596793861825083649e-01) (10, 7.77375127766489004699e+00) (11, -4.13182177638356851190e+00) (12, 2.47039899260931505864e+00) (13, -1.39863382718998541243e+00) 
