FANN_FLO_2.1
num_layers=3
learning_rate=0.700000
connection_rate=1.000000
network_type=0
learning_momentum=0.000000
training_algorithm=2
train_error_function=1
train_stop_function=1
cascade_output_change_fraction=0.010000
quickprop_decay=-0.000100
quickprop_mu=1.750000
rprop_increase_factor=1.200000
rprop_decrease_factor=0.500000
rprop_delta_min=0.000000
rprop_delta_max=50.000000
rprop_delta_zero=0.100000
cascade_output_stagnation_epochs=12
cascade_candidate_change_fraction=0.010000
cascade_candidate_stagnation_epochs=12
cascade_max_out_epochs=150
cascade_min_out_epochs=50
cascade_max_cand_epochs=150
cascade_min_cand_epochs=50
cascade_num_candidate_groups=2
bit_fail_limit=1.00000000000000005551e-01
cascade_candidate_limit=1.00000000000000000000e+03
cascade_weight_multiplier=4.00000000000000022204e-01
cascade_activation_functions_count=10
cascade_activation_functions=3 5 7 8 10 11 14 15 16 17 
cascade_activation_steepnesses_count=4
cascade_activation_steepnesses=2.50000000000000000000e-01 5.00000000000000000000e-01 7.50000000000000000000e-01 1.00000000000000000000e+00 
layer_sizes=14 4 2 
scale_included=0
neurons (num_inputs, activation_function, activation_steepness)=(0, 0, 0.00000000000000000000e+00) (0, 0, 0.00000000000000000000e+00) (0, 0, 0.00000000000000000000e+00) (0, 0, 0.00000000000000000000e+00) (0, 0, 0.00000000000000000000e+00) (0, 0, 0.00000000000000000000e+00) (0, 0, 0.00000000000000000000e+00) (0, 0, 0.00000000000000000000e+00) (0, 0, 0.00000000000000000000e+00) (0, 0, 0.00000000000000000000e+00) (0, 0, 0.00000000000000000000e+00) (0, 0, 0.00000000000000000000e+00) (0, 0, 0.00000000000000000000e+00) (0, 0, 0.00000000000000000000e+00) (14, 6, 5.00000000000000000000e-01) (14, 6, 5.00000000000000000000e-01) (14, 6, 5.00000000000000000000e-01) (0, 6, 0.00000000000000000000e+00) (4, 4, 5.00000000000000000000e-01) (0, 4, 0.00000000000000000000e+00) 
connections (connected_to_neuron, weight)=(0, -1.06176299397376205924e+00) (1, 5.92836937137517283603e-01) (2, 1.90880349428349163077e+01) (3, -8.85329009116256226974e-01) (4, -3.53330936962854225136e-01) (5, -7.46769333456626882572e-01) (6, 1.33255772255753957012e+00) (7, 3.77661367011349224931e-01) (8, -1.09692987404565522880e+00) (9, 4.83073700291684815511e+00) (10, -1.38476877627056360609e+00) (11, 6.95632439936512803058e-01) (12, -2.15672653848421158607e-01) (13, -8.84688307010599195301e-01) (0, 1.31593436897028115418e+00) (1, -4.62302411608563446066e+00) (2, -2.45430606039177146016e+00) (3, -7.41345070888593915548e-01) (4, -5.02511819436593842880e-01) (5, 1.01882253144365853004e+00) (6, -5.44340511395974946396e-01) (7, -3.27800318042549987396e+00) (8, -2.14634021373363115259e+00) (9, -2.84067912853335124979e+00) (10, 1.05336096629874642616e+00) (11, -2.36633993241631213067e+00) (12, -4.73285300269170816634e-01) (13, 4.63733979110437211091e+00) (0, 1.62535210021071208075e+00) (1, -2.41132394515752013220e+00) (2, -1.62385283254966772404e+00) (3, 5.37046513916442092018e-01) (4, 1.83782024146587885660e+00) (5, 1.65638481828265282658e+00) (6, 2.45023763464017241276e+00) (7, -7.10024744378794370192e-01) (8, -1.07729132648315228948e+01) (9, -2.89191683101401464384e+00) (10, 1.07344605284204441809e+00) (11, -7.26042336271673693915e-01) (12, 1.90829151333839952542e+00) (13, 1.98770686668692375676e+00) (14, 4.78993568586695861455e+00) (15, -5.36795506745299189078e+00) (16, -5.38525446250757067190e+00) (17, -1.53383802925117018745e+00) 
