FANN_FLO_2.1
num_layers=3
learning_rate=0.700000
connection_rate=1.000000
network_type=0
learning_momentum=0.000000
training_algorithm=2
train_error_function=1
train_stop_function=1
cascade_output_change_fraction=0.010000
quickprop_decay=-0.000100
quickprop_mu=1.750000
rprop_increase_factor=1.200000
rprop_decrease_factor=0.500000
rprop_delta_min=0.000000
rprop_delta_max=50.000000
rprop_delta_zero=0.100000
cascade_output_stagnation_epochs=12
cascade_candidate_change_fraction=0.010000
cascade_candidate_stagnation_epochs=12
cascade_max_out_epochs=150
cascade_min_out_epochs=50
cascade_max_cand_epochs=150
cascade_min_cand_epochs=50
cascade_num_candidate_groups=2
bit_fail_limit=1.00000000000000005551e-01
cascade_candidate_limit=1.00000000000000000000e+03
cascade_weight_multiplier=4.00000000000000022204e-01
cascade_activation_functions_count=10
cascade_activation_functions=3 5 7 8 10 11 14 15 16 17 
cascade_activation_steepnesses_count=4
cascade_activation_steepnesses=2.50000000000000000000e-01 5.00000000000000000000e-01 7.50000000000000000000e-01 1.00000000000000000000e+00 
layer_sizes=14 4 2 
scale_included=0
neurons (num_inputs, activation_function, activation_steepness)=(0, 0, 0.00000000000000000000e+00) (0, 0, 0.00000000000000000000e+00) (0, 0, 0.00000000000000000000e+00) (0, 0, 0.00000000000000000000e+00) (0, 0, 0.00000000000000000000e+00) (0, 0, 0.00000000000000000000e+00) (0, 0, 0.00000000000000000000e+00) (0, 0, 0.00000000000000000000e+00) (0, 0, 0.00000000000000000000e+00) (0, 0, 0.00000000000000000000e+00) (0, 0, 0.00000000000000000000e+00) (0, 0, 0.00000000000000000000e+00) (0, 0, 0.00000000000000000000e+00) (0, 0, 0.00000000000000000000e+00) (14, 6, 5.00000000000000000000e-01) (14, 6, 5.00000000000000000000e-01) (14, 6, 5.00000000000000000000e-01) (0, 6, 0.00000000000000000000e+00) (4, 4, 5.00000000000000000000e-01) (0, 4, 0.00000000000000000000e+00) 
connections (connected_to_neuron, weight)=(0, -2.59536220908894277315e+00) (1, 6.53513839374404992277e-01) (2, 8.05202515006374142104e+00) (3, 2.28424663797079174898e+00) (4, 3.26146278718147675235e+00) (5, 2.00150837026276429143e+00) (6, 6.74683901561183518858e-01) (7, 9.01018826460768584852e-01) (8, 6.73470810361450400450e-01) (9, 2.10605576743323918976e+00) (10, 8.35136331463104175654e-01) (11, -6.33013637845225130008e-01) (12, -1.49306660933337456698e-02) (13, -1.67736259335865911524e+00) (0, 2.18207964924845088106e+00) (1, -1.65493413434656205796e-01) (2, 6.07086935712979538948e+02) (3, 1.54820098086833866091e+02) (4, 6.45760547987248827440e+01) (5, -5.09185975397536183529e-01) (6, -1.51957328272750546994e-01) (7, -8.00114169248303030990e-01) (8, 3.45095602016664115830e-01) (9, -1.75827181690994005514e+00) (10, -1.10173952376363271100e+00) (11, 1.63411019861452855295e+00) (12, 1.58589675608694147257e+00) (13, 2.42103344143376020270e+00) (0, -1.83708923862558215490e+00) (1, 2.06020604177429245141e+00) (2, -1.13254377616102908100e+00) (3, -1.73515323460674386613e-01) (4, 3.76863305245845381375e-01) (5, 6.53317751077603259269e-01) (6, 1.22683922029822722877e+00) (7, 1.34374517130673236665e+01) (8, 9.50012388565999899015e-01) (9, 1.02032766403193431159e+00) (10, 1.20763046573511694248e+01) (11, 9.18839232317092968749e-01) (12, 3.10288882920529074383e+00) (13, -7.01693186065601492984e-01) (14, 9.46869793630898470838e+00) (15, -4.84695923446547727309e+00) (16, 6.68588838036651988972e+00) (17, -2.38208999064520199340e+00) 
