FANN_FLO_2.1
num_layers=3
learning_rate=0.700000
connection_rate=1.000000
network_type=0
learning_momentum=0.000000
training_algorithm=2
train_error_function=1
train_stop_function=1
cascade_output_change_fraction=0.010000
quickprop_decay=-0.000100
quickprop_mu=1.750000
rprop_increase_factor=1.200000
rprop_decrease_factor=0.500000
rprop_delta_min=0.000000
rprop_delta_max=50.000000
rprop_delta_zero=0.100000
cascade_output_stagnation_epochs=12
cascade_candidate_change_fraction=0.010000
cascade_candidate_stagnation_epochs=12
cascade_max_out_epochs=150
cascade_min_out_epochs=50
cascade_max_cand_epochs=150
cascade_min_cand_epochs=50
cascade_num_candidate_groups=2
bit_fail_limit=1.00000000000000005551e-01
cascade_candidate_limit=1.00000000000000000000e+03
cascade_weight_multiplier=4.00000000000000022204e-01
cascade_activation_functions_count=10
cascade_activation_functions=3 5 7 8 10 11 14 15 16 17 
cascade_activation_steepnesses_count=4
cascade_activation_steepnesses=2.50000000000000000000e-01 5.00000000000000000000e-01 7.50000000000000000000e-01 1.00000000000000000000e+00 
layer_sizes=9 4 2 
scale_included=0
neurons (num_inputs, activation_function, activation_steepness)=(0, 0, 0.00000000000000000000e+00) (0, 0, 0.00000000000000000000e+00) (0, 0, 0.00000000000000000000e+00) (0, 0, 0.00000000000000000000e+00) (0, 0, 0.00000000000000000000e+00) (0, 0, 0.00000000000000000000e+00) (0, 0, 0.00000000000000000000e+00) (0, 0, 0.00000000000000000000e+00) (0, 0, 0.00000000000000000000e+00) (9, 6, 5.00000000000000000000e-01) (9, 6, 5.00000000000000000000e-01) (9, 6, 5.00000000000000000000e-01) (0, 6, 0.00000000000000000000e+00) (4, 4, 5.00000000000000000000e-01) (0, 4, 0.00000000000000000000e+00) 
connections (connected_to_neuron, weight)=(0, -1.36208705213253178368e-01) (1, 9.70252481588378401511e-01) (2, 2.12161607477277470934e+02) (3, -2.08991295068974913818e+00) (4, 7.83022063469118068113e-01) (5, 1.54545936666197913922e+00) (6, 1.77308191957096550340e+00) (7, 2.12144467148393346179e+02) (8, -5.05475532341891631294e-02) (0, -4.58735630869052180003e+00) (1, 1.00230059517942213243e-01) (2, 4.44810174848670158099e+02) (3, 1.32629669422870843931e+01) (4, -1.95736163638268817477e-01) (5, 3.32516054894710810785e-01) (6, 4.26187950982569951908e-01) (7, 4.44661344330543670367e+02) (8, -2.16479272399932698434e+00) (0, -3.92667831879332851486e-01) (1, 6.87169219800404462717e-01) (2, 3.69534399620725650948e+01) (3, -1.67880974419317974267e+00) (4, -2.81070274587459867366e-01) (5, 9.76970409965517871953e-01) (6, 7.01606022942411922116e-01) (7, 3.69043243042661686104e+01) (8, -6.16136566047221292952e-02) (9, 6.03418768143105932467e+00) (10, 5.76867071815557519443e+00) (11, 2.21536255091192524347e+00) (12, -4.19218077863374283254e+00) 
