FANN_FLO_2.1
num_layers=3
learning_rate=0.700000
connection_rate=1.000000
network_type=0
learning_momentum=0.000000
training_algorithm=2
train_error_function=1
train_stop_function=1
cascade_output_change_fraction=0.010000
quickprop_decay=-0.000100
quickprop_mu=1.750000
rprop_increase_factor=1.200000
rprop_decrease_factor=0.500000
rprop_delta_min=0.000000
rprop_delta_max=50.000000
rprop_delta_zero=0.100000
cascade_output_stagnation_epochs=12
cascade_candidate_change_fraction=0.010000
cascade_candidate_stagnation_epochs=12
cascade_max_out_epochs=150
cascade_min_out_epochs=50
cascade_max_cand_epochs=150
cascade_min_cand_epochs=50
cascade_num_candidate_groups=2
bit_fail_limit=1.00000000000000005551e-01
cascade_candidate_limit=1.00000000000000000000e+03
cascade_weight_multiplier=4.00000000000000022204e-01
cascade_activation_functions_count=10
cascade_activation_functions=3 5 7 8 10 11 14 15 16 17 
cascade_activation_steepnesses_count=4
cascade_activation_steepnesses=2.50000000000000000000e-01 5.00000000000000000000e-01 7.50000000000000000000e-01 1.00000000000000000000e+00 
layer_sizes=14 4 2 
scale_included=0
neurons (num_inputs, activation_function, activation_steepness)=(0, 0, 0.00000000000000000000e+00) (0, 0, 0.00000000000000000000e+00) (0, 0, 0.00000000000000000000e+00) (0, 0, 0.00000000000000000000e+00) (0, 0, 0.00000000000000000000e+00) (0, 0, 0.00000000000000000000e+00) (0, 0, 0.00000000000000000000e+00) (0, 0, 0.00000000000000000000e+00) (0, 0, 0.00000000000000000000e+00) (0, 0, 0.00000000000000000000e+00) (0, 0, 0.00000000000000000000e+00) (0, 0, 0.00000000000000000000e+00) (0, 0, 0.00000000000000000000e+00) (0, 0, 0.00000000000000000000e+00) (14, 6, 5.00000000000000000000e-01) (14, 6, 5.00000000000000000000e-01) (14, 6, 5.00000000000000000000e-01) (0, 6, 0.00000000000000000000e+00) (4, 4, 5.00000000000000000000e-01) (0, 4, 0.00000000000000000000e+00) 
connections (connected_to_neuron, weight)=(0, 1.43204611519930047336e+00) (1, -2.38437188328617644117e+00) (2, -6.40231162412778775916e-02) (3, -3.90484912517157431444e-02) (4, 2.20475642807494459641e-01) (5, 2.22949852134270237736e-01) (6, 7.04477546781587804503e-01) (7, 8.55974710530142735010e-01) (8, 4.52763883461986926804e-01) (9, 1.26551748720159007444e-01) (10, -3.12981045093138829372e-02) (11, 5.91002897277303207435e-02) (12, 6.30637728603746006151e-01) (13, 3.87687086863342522669e-01) (0, 1.51628077010271233860e+00) (1, -2.36931796283835005568e+00) (2, -2.70042061908857475294e-02) (3, 4.88539578196915957875e-02) (4, 1.68231588686985539249e-01) (5, 1.00357209230942268086e-01) (6, 8.57495730787801946349e-01) (7, 9.48582313007216515466e-01) (8, 3.83298283507858716934e-01) (9, 5.67648871812719696406e-02) (10, 8.48582053337494923717e-02) (11, 2.28813578273338841251e-01) (12, 6.27077803941632816453e-01) (13, 2.93614785922590382228e-01) (0, -1.02063314313331265915e+00) (1, 1.24110240779796354715e+00) (2, 4.19449633144610534163e-01) (3, 3.74649818027604109005e-01) (4, 3.99942220670606793376e-02) (5, 1.21630752087256641114e-01) (6, -3.02801914094169621894e-01) (7, -2.84552970437871033393e-01) (8, -1.75434457771064533649e-01) (9, 1.95631607449808897492e-01) (10, 7.05202243908250869797e-02) (11, -1.72374904149558833000e-02) (12, -9.17809830828062722663e-02) (13, 7.20553374797079093650e-02) (14, -6.15353078761636229643e+00) (15, -6.19373168045221778044e+00) (16, 1.02086401621499622827e+00) (17, -1.46708253921217801619e+00) 
