FANN_FLO_2.1
num_layers=3
learning_rate=0.700000
connection_rate=1.000000
network_type=0
learning_momentum=0.000000
training_algorithm=2
train_error_function=1
train_stop_function=1
cascade_output_change_fraction=0.010000
quickprop_decay=-0.000100
quickprop_mu=1.750000
rprop_increase_factor=1.200000
rprop_decrease_factor=0.500000
rprop_delta_min=0.000000
rprop_delta_max=50.000000
rprop_delta_zero=0.100000
cascade_output_stagnation_epochs=12
cascade_candidate_change_fraction=0.010000
cascade_candidate_stagnation_epochs=12
cascade_max_out_epochs=150
cascade_min_out_epochs=50
cascade_max_cand_epochs=150
cascade_min_cand_epochs=50
cascade_num_candidate_groups=2
bit_fail_limit=1.00000000000000005551e-01
cascade_candidate_limit=1.00000000000000000000e+03
cascade_weight_multiplier=4.00000000000000022204e-01
cascade_activation_functions_count=10
cascade_activation_functions=3 5 7 8 10 11 14 15 16 17 
cascade_activation_steepnesses_count=4
cascade_activation_steepnesses=2.50000000000000000000e-01 5.00000000000000000000e-01 7.50000000000000000000e-01 1.00000000000000000000e+00 
layer_sizes=9 4 2 
scale_included=0
neurons (num_inputs, activation_function, activation_steepness)=(0, 0, 0.00000000000000000000e+00) (0, 0, 0.00000000000000000000e+00) (0, 0, 0.00000000000000000000e+00) (0, 0, 0.00000000000000000000e+00) (0, 0, 0.00000000000000000000e+00) (0, 0, 0.00000000000000000000e+00) (0, 0, 0.00000000000000000000e+00) (0, 0, 0.00000000000000000000e+00) (0, 0, 0.00000000000000000000e+00) (9, 6, 5.00000000000000000000e-01) (9, 6, 5.00000000000000000000e-01) (9, 6, 5.00000000000000000000e-01) (0, 6, 0.00000000000000000000e+00) (4, 4, 5.00000000000000000000e-01) (0, 4, 0.00000000000000000000e+00) 
connections (connected_to_neuron, weight)=(0, -4.29347395709108958783e+00) (1, 8.20715418517704853318e-02) (2, 2.24408489780738400199e-02) (3, -1.26960946023569398733e+00) (4, 1.06562931231046427172e+01) (5, -3.58351372662764969257e-02) (6, 1.04724616395743463926e+01) (7, 5.95023932676657718588e+00) (8, -3.20751651777411650457e+00) (0, 1.12442218163216921312e+02) (1, -4.15188205359002449057e+00) (2, -5.48664329362528757628e+00) (3, 6.62489547758795680465e+01) (4, 3.58552454628690631111e+00) (5, 5.65027061231649518902e+00) (6, -3.25072528253323795866e+01) (7, 1.50000000000000000000e+03) (8, 1.00876519818212443624e+02) (0, 4.27454949211093016004e+00) (1, -4.76821921949903249072e+00) (2, -1.06717321634907125194e+00) (3, 3.88347830380921132942e-01) (4, 7.27740933768368791768e-02) (5, 1.13876180900391221762e+00) (6, -3.31965746542209405590e+00) (7, 4.49194657919940532054e+00) (8, 4.80380073327414969242e+00) (9, 6.24739974360851135771e+01) (10, -2.94837743624624515348e+00) (11, -7.47505535320499205909e+01) (12, -3.90418172400493457275e+00) 
