FANN_FLO_2.1
num_layers=3
learning_rate=0.700000
connection_rate=1.000000
network_type=0
learning_momentum=0.000000
training_algorithm=2
train_error_function=1
train_stop_function=1
cascade_output_change_fraction=0.010000
quickprop_decay=-0.000100
quickprop_mu=1.750000
rprop_increase_factor=1.200000
rprop_decrease_factor=0.500000
rprop_delta_min=0.000000
rprop_delta_max=50.000000
rprop_delta_zero=0.100000
cascade_output_stagnation_epochs=12
cascade_candidate_change_fraction=0.010000
cascade_candidate_stagnation_epochs=12
cascade_max_out_epochs=150
cascade_min_out_epochs=50
cascade_max_cand_epochs=150
cascade_min_cand_epochs=50
cascade_num_candidate_groups=2
bit_fail_limit=1.00000000000000005551e-01
cascade_candidate_limit=1.00000000000000000000e+03
cascade_weight_multiplier=4.00000000000000022204e-01
cascade_activation_functions_count=10
cascade_activation_functions=3 5 7 8 10 11 14 15 16 17 
cascade_activation_steepnesses_count=4
cascade_activation_steepnesses=2.50000000000000000000e-01 5.00000000000000000000e-01 7.50000000000000000000e-01 1.00000000000000000000e+00 
layer_sizes=10 4 2 
scale_included=0
neurons (num_inputs, activation_function, activation_steepness)=(0, 0, 0.00000000000000000000e+00) (0, 0, 0.00000000000000000000e+00) (0, 0, 0.00000000000000000000e+00) (0, 0, 0.00000000000000000000e+00) (0, 0, 0.00000000000000000000e+00) (0, 0, 0.00000000000000000000e+00) (0, 0, 0.00000000000000000000e+00) (0, 0, 0.00000000000000000000e+00) (0, 0, 0.00000000000000000000e+00) (0, 0, 0.00000000000000000000e+00) (10, 6, 5.00000000000000000000e-01) (10, 6, 5.00000000000000000000e-01) (10, 6, 5.00000000000000000000e-01) (0, 6, 0.00000000000000000000e+00) (4, 4, 5.00000000000000000000e-01) (0, 4, 0.00000000000000000000e+00) 
connections (connected_to_neuron, weight)=(0, 4.74655558804641053428e+00) (1, -4.18945049047454087798e+00) (2, -4.82702683193827475350e+00) (3, -1.39312666983224503481e-01) (4, -9.99901826687941697180e-01) (5, -1.61142915706523814912e+00) (6, -2.54865790927020308132e+00) (7, 3.49423262853731086963e+00) (8, 7.73586042441596011265e-01) (9, 5.01944745263894009923e+00) (0, -2.93351630272819274836e+00) (1, 3.20376303005009210878e+00) (2, 3.36080748520219163566e+00) (3, 3.52819655615270233451e-01) (4, -2.19762496098786552778e+00) (5, 1.48268319088302491515e+00) (6, 1.95293969399174405233e+00) (7, -3.72725331832352058115e+00) (8, 5.40977122346994798718e-01) (9, -3.05139347317172759944e+00) (0, -7.14934637647967330398e-02) (1, 9.43545629504214944383e-01) (2, 6.27794022568938347995e-01) (3, 6.76324366283173467052e-02) (4, -1.90929597215302671032e-01) (5, 1.02960888544673584422e-01) (6, 3.57346367627597305550e-01) (7, -1.24935417633965339945e+00) (8, 2.41101486392095054612e-01) (9, -4.34455444817727742812e-01) (10, -4.29372567919822323290e+00) (11, 5.29628424720406876247e+00) (12, 1.01829126786390067316e+00) (13, -1.22485278950117182362e+00) 
