FANN_FLO_2.1
num_layers=3
learning_rate=0.700000
connection_rate=1.000000
network_type=0
learning_momentum=0.000000
training_algorithm=2
train_error_function=1
train_stop_function=1
cascade_output_change_fraction=0.010000
quickprop_decay=-0.000100
quickprop_mu=1.750000
rprop_increase_factor=1.200000
rprop_decrease_factor=0.500000
rprop_delta_min=0.000000
rprop_delta_max=50.000000
rprop_delta_zero=0.100000
cascade_output_stagnation_epochs=12
cascade_candidate_change_fraction=0.010000
cascade_candidate_stagnation_epochs=12
cascade_max_out_epochs=150
cascade_min_out_epochs=50
cascade_max_cand_epochs=150
cascade_min_cand_epochs=50
cascade_num_candidate_groups=2
bit_fail_limit=1.00000000000000005551e-01
cascade_candidate_limit=1.00000000000000000000e+03
cascade_weight_multiplier=4.00000000000000022204e-01
cascade_activation_functions_count=10
cascade_activation_functions=3 5 7 8 10 11 14 15 16 17 
cascade_activation_steepnesses_count=4
cascade_activation_steepnesses=2.50000000000000000000e-01 5.00000000000000000000e-01 7.50000000000000000000e-01 1.00000000000000000000e+00 
layer_sizes=10 4 2 
scale_included=0
neurons (num_inputs, activation_function, activation_steepness)=(0, 0, 0.00000000000000000000e+00) (0, 0, 0.00000000000000000000e+00) (0, 0, 0.00000000000000000000e+00) (0, 0, 0.00000000000000000000e+00) (0, 0, 0.00000000000000000000e+00) (0, 0, 0.00000000000000000000e+00) (0, 0, 0.00000000000000000000e+00) (0, 0, 0.00000000000000000000e+00) (0, 0, 0.00000000000000000000e+00) (0, 0, 0.00000000000000000000e+00) (10, 6, 5.00000000000000000000e-01) (10, 6, 5.00000000000000000000e-01) (10, 6, 5.00000000000000000000e-01) (0, 6, 0.00000000000000000000e+00) (4, 4, 5.00000000000000000000e-01) (0, 4, 0.00000000000000000000e+00) 
connections (connected_to_neuron, weight)=(0, -4.65665411448240185166e+00) (1, 4.56546815098686131762e+00) (2, 4.94835498493517800256e+00) (3, 4.53763492687115133073e-01) (4, 9.36306195132200924647e-01) (5, 1.11547319039341230607e+00) (6, -4.14774495884546290370e+00) (7, -8.14863227352881969168e-01) (8, -4.16895895455788423334e-01) (9, -4.70603778457403087998e+00) (0, -4.71343934780120754624e+00) (1, 4.55084739611906918810e+00) (2, 4.94009693276490136071e+00) (3, -1.01117146829248971684e+00) (4, 1.60229504830628144418e+00) (5, 1.26811045710286229848e+00) (6, -4.21987692788013468714e+00) (7, -2.52528880473258499073e-01) (8, -8.67495956384751409907e-01) (9, -4.79297048842668438340e+00) (0, -5.33195444902805015808e-01) (1, 8.80292210359203020076e-01) (2, 1.62348046127955902840e+00) (3, -3.17459921419522084207e+00) (4, 5.71235431024684325862e-01) (5, 4.59725788682465663637e-01) (6, -2.37488824605864762285e-01) (7, 9.67709571253879269337e-02) (8, -3.32234440927922369813e-02) (9, -6.66095403931495910754e-01) (10, 6.22996992987651232454e+00) (11, 5.98569840156695143207e+00) (12, 7.05667640888637870411e-01) (13, -4.41286972914646913324e-01) 
