FANN_FLO_2.1
num_layers=3
learning_rate=0.700000
connection_rate=1.000000
network_type=0
learning_momentum=0.000000
training_algorithm=2
train_error_function=1
train_stop_function=1
cascade_output_change_fraction=0.010000
quickprop_decay=-0.000100
quickprop_mu=1.750000
rprop_increase_factor=1.200000
rprop_decrease_factor=0.500000
rprop_delta_min=0.000000
rprop_delta_max=50.000000
rprop_delta_zero=0.100000
cascade_output_stagnation_epochs=12
cascade_candidate_change_fraction=0.010000
cascade_candidate_stagnation_epochs=12
cascade_max_out_epochs=150
cascade_min_out_epochs=50
cascade_max_cand_epochs=150
cascade_min_cand_epochs=50
cascade_num_candidate_groups=2
bit_fail_limit=1.00000000000000005551e-01
cascade_candidate_limit=1.00000000000000000000e+03
cascade_weight_multiplier=4.00000000000000022204e-01
cascade_activation_functions_count=10
cascade_activation_functions=3 5 7 8 10 11 14 15 16 17 
cascade_activation_steepnesses_count=4
cascade_activation_steepnesses=2.50000000000000000000e-01 5.00000000000000000000e-01 7.50000000000000000000e-01 1.00000000000000000000e+00 
layer_sizes=9 4 2 
scale_included=0
neurons (num_inputs, activation_function, activation_steepness)=(0, 0, 0.00000000000000000000e+00) (0, 0, 0.00000000000000000000e+00) (0, 0, 0.00000000000000000000e+00) (0, 0, 0.00000000000000000000e+00) (0, 0, 0.00000000000000000000e+00) (0, 0, 0.00000000000000000000e+00) (0, 0, 0.00000000000000000000e+00) (0, 0, 0.00000000000000000000e+00) (0, 0, 0.00000000000000000000e+00) (9, 6, 5.00000000000000000000e-01) (9, 6, 5.00000000000000000000e-01) (9, 6, 5.00000000000000000000e-01) (0, 6, 0.00000000000000000000e+00) (4, 4, 5.00000000000000000000e-01) (0, 4, 0.00000000000000000000e+00) 
connections (connected_to_neuron, weight)=(0, -3.32111139969216973000e+00) (1, 2.26367124881620096488e+00) (2, 1.23475472892202886577e+00) (3, 1.72252029475201906550e+00) (4, 4.54428462212625827732e+00) (5, -1.95168987403798510627e+00) (6, 3.15503780493124796891e+00) (7, 2.82402283953962962570e+00) (8, -4.23408637156597844609e+00) (0, 2.39162061457899710604e+00) (1, -7.25492086605750707839e-01) (2, -6.78196406849274763262e-02) (3, 4.43517575427943289146e-01) (4, 1.75079414770871699680e+00) (5, 4.78257808696058384079e-01) (6, -3.50826412059462544590e+00) (7, 5.91589056356884768206e+01) (8, 2.91230234470536475389e-01) (0, 3.35489394510418321715e+01) (1, -4.58097784707078403699e-01) (2, 1.34643285045007532474e+00) (3, 5.99834691155083143954e-01) (4, -1.08665288394564751862e+00) (5, 7.36691076276466549899e+00) (6, -6.67651717327779703481e+00) (7, 9.53349159853166305822e+00) (8, 1.01368601826043445158e+01) (9, 5.28544653864742144833e+02) (10, -8.47360135476503018026e+01) (11, -1.25418370919158461696e+00) (12, -1.55114497574062371044e+00) 
