FANN_FLO_2.1
num_layers=3
learning_rate=0.700000
connection_rate=1.000000
network_type=0
learning_momentum=0.000000
training_algorithm=2
train_error_function=1
train_stop_function=1
cascade_output_change_fraction=0.010000
quickprop_decay=-0.000100
quickprop_mu=1.750000
rprop_increase_factor=1.200000
rprop_decrease_factor=0.500000
rprop_delta_min=0.000000
rprop_delta_max=50.000000
rprop_delta_zero=0.100000
cascade_output_stagnation_epochs=12
cascade_candidate_change_fraction=0.010000
cascade_candidate_stagnation_epochs=12
cascade_max_out_epochs=150
cascade_min_out_epochs=50
cascade_max_cand_epochs=150
cascade_min_cand_epochs=50
cascade_num_candidate_groups=2
bit_fail_limit=1.00000000000000005551e-01
cascade_candidate_limit=1.00000000000000000000e+03
cascade_weight_multiplier=4.00000000000000022204e-01
cascade_activation_functions_count=10
cascade_activation_functions=3 5 7 8 10 11 14 15 16 17 
cascade_activation_steepnesses_count=4
cascade_activation_steepnesses=2.50000000000000000000e-01 5.00000000000000000000e-01 7.50000000000000000000e-01 1.00000000000000000000e+00 
layer_sizes=13 4 2 
scale_included=0
neurons (num_inputs, activation_function, activation_steepness)=(0, 0, 0.00000000000000000000e+00) (0, 0, 0.00000000000000000000e+00) (0, 0, 0.00000000000000000000e+00) (0, 0, 0.00000000000000000000e+00) (0, 0, 0.00000000000000000000e+00) (0, 0, 0.00000000000000000000e+00) (0, 0, 0.00000000000000000000e+00) (0, 0, 0.00000000000000000000e+00) (0, 0, 0.00000000000000000000e+00) (0, 0, 0.00000000000000000000e+00) (0, 0, 0.00000000000000000000e+00) (0, 0, 0.00000000000000000000e+00) (0, 0, 0.00000000000000000000e+00) (13, 6, 5.00000000000000000000e-01) (13, 6, 5.00000000000000000000e-01) (13, 6, 5.00000000000000000000e-01) (0, 6, 0.00000000000000000000e+00) (4, 4, 5.00000000000000000000e-01) (0, 4, 0.00000000000000000000e+00) 
connections (connected_to_neuron, weight)=(0, -9.95484972504602882992e-01) (1, 1.60245781168496215230e+00) (2, 3.52594052704985227997e-01) (3, 9.20673613522477451987e-01) (4, -6.62347192320759114992e-01) (5, -1.15135098610543318287e+00) (6, -2.19207366831441097244e-01) (7, -2.89014207798468847344e+00) (8, 1.45170119340390524343e+00) (9, -1.56987368097888113638e+00) (10, 7.02286580558287298892e-01) (11, -8.49247999511835716113e-01) (12, -9.45803540854702640139e-01) (0, 1.94507487170574822066e+00) (1, -3.17974562146675765462e+00) (2, -2.66362906646185049198e+00) (3, -4.23743325094953782184e+00) (4, 1.40731028058691665095e+00) (5, 1.11734883187607514365e+00) (6, -4.92003729716880666700e-01) (7, -8.53730705106387377512e-01) (8, -3.85758312834774175215e+00) (9, 1.32547603658718382569e+00) (10, -2.44930308168836896598e+00) (11, 8.34477115856649853676e-01) (12, 4.41336149358156681899e+00) (0, -1.09193089803837417584e+00) (1, 1.65244528568194715135e+00) (2, 1.43326753651506866305e+00) (3, 1.25600332325420716018e+00) (4, -9.72389054005001862713e-01) (5, -1.00440311091843326174e+00) (6, 5.03971433250333888942e-01) (7, -1.84829333294679121202e+00) (8, 1.89791516513645852626e+00) (9, -1.62405975690470816275e+00) (10, 1.39277368135276935490e+00) (11, -6.19004237468996243443e-01) (12, -1.49584062451893728962e+00) (13, 1.95162060384736157914e+00) (14, -3.60257203106434120699e+00) (15, 1.16612108140488874852e+01) (16, -1.61859808423365914010e+00) 
