FANN_FLO_2.1
num_layers=3
learning_rate=0.700000
connection_rate=1.000000
network_type=0
learning_momentum=0.000000
training_algorithm=2
train_error_function=1
train_stop_function=1
cascade_output_change_fraction=0.010000
quickprop_decay=-0.000100
quickprop_mu=1.750000
rprop_increase_factor=1.200000
rprop_decrease_factor=0.500000
rprop_delta_min=0.000000
rprop_delta_max=50.000000
rprop_delta_zero=0.100000
cascade_output_stagnation_epochs=12
cascade_candidate_change_fraction=0.010000
cascade_candidate_stagnation_epochs=12
cascade_max_out_epochs=150
cascade_min_out_epochs=50
cascade_max_cand_epochs=150
cascade_min_cand_epochs=50
cascade_num_candidate_groups=2
bit_fail_limit=1.00000000000000005551e-01
cascade_candidate_limit=1.00000000000000000000e+03
cascade_weight_multiplier=4.00000000000000022204e-01
cascade_activation_functions_count=10
cascade_activation_functions=3 5 7 8 10 11 14 15 16 17 
cascade_activation_steepnesses_count=4
cascade_activation_steepnesses=2.50000000000000000000e-01 5.00000000000000000000e-01 7.50000000000000000000e-01 1.00000000000000000000e+00 
layer_sizes=10 4 2 
scale_included=0
neurons (num_inputs, activation_function, activation_steepness)=(0, 0, 0.00000000000000000000e+00) (0, 0, 0.00000000000000000000e+00) (0, 0, 0.00000000000000000000e+00) (0, 0, 0.00000000000000000000e+00) (0, 0, 0.00000000000000000000e+00) (0, 0, 0.00000000000000000000e+00) (0, 0, 0.00000000000000000000e+00) (0, 0, 0.00000000000000000000e+00) (0, 0, 0.00000000000000000000e+00) (0, 0, 0.00000000000000000000e+00) (10, 6, 5.00000000000000000000e-01) (10, 6, 5.00000000000000000000e-01) (10, 6, 5.00000000000000000000e-01) (0, 6, 0.00000000000000000000e+00) (4, 4, 5.00000000000000000000e-01) (0, 4, 0.00000000000000000000e+00) 
connections (connected_to_neuron, weight)=(0, -5.65575684521950616812e+00) (1, 2.48551177620052321515e+00) (2, 1.21476981831586812177e+01) (3, -4.88430435411025043457e-01) (4, 2.45707624937004753818e+00) (5, -4.64351463021485610927e-01) (6, 1.38672242247522836678e+00) (7, 1.50000000000000000000e+03) (8, 2.78252551423405547482e+00) (9, -3.14681603529970965738e+00) (0, -6.13913290763679775353e+00) (1, 5.14924406584517146968e+00) (2, 9.59785821066035005344e+00) (3, -6.32107237046752978848e-01) (4, 5.38968222332129709429e+00) (5, -6.08654327771111058887e-01) (6, -2.12303285159469945498e-01) (7, 1.50000000000000000000e+03) (8, 4.62090314611717101201e+00) (9, -6.15007395482367869022e+00) (0, -1.22597244477323918943e+01) (1, 1.22924872176323631834e+01) (2, 7.46049002218951962107e+00) (3, -1.83035018361995560632e+00) (4, 1.22289594012423616931e+01) (5, -1.86608121611068589196e+00) (6, -1.09624451971054348576e+00) (7, 1.50000000000000000000e+03) (8, 1.30262416472245714516e+01) (9, -9.14927417807887799484e+00) (10, 2.02425524985030280689e+00) (11, 1.89588764766255546412e+00) (12, 3.12962062046926936532e+00) (13, -2.88436049951038020467e+00) 
