FANN_FLO_2.1
num_layers=3
learning_rate=0.700000
connection_rate=1.000000
network_type=0
learning_momentum=0.000000
training_algorithm=2
train_error_function=1
train_stop_function=1
cascade_output_change_fraction=0.010000
quickprop_decay=-0.000100
quickprop_mu=1.750000
rprop_increase_factor=1.200000
rprop_decrease_factor=0.500000
rprop_delta_min=0.000000
rprop_delta_max=50.000000
rprop_delta_zero=0.100000
cascade_output_stagnation_epochs=12
cascade_candidate_change_fraction=0.010000
cascade_candidate_stagnation_epochs=12
cascade_max_out_epochs=150
cascade_min_out_epochs=50
cascade_max_cand_epochs=150
cascade_min_cand_epochs=50
cascade_num_candidate_groups=2
bit_fail_limit=1.00000000000000005551e-01
cascade_candidate_limit=1.00000000000000000000e+03
cascade_weight_multiplier=4.00000000000000022204e-01
cascade_activation_functions_count=10
cascade_activation_functions=3 5 7 8 10 11 14 15 16 17 
cascade_activation_steepnesses_count=4
cascade_activation_steepnesses=2.50000000000000000000e-01 5.00000000000000000000e-01 7.50000000000000000000e-01 1.00000000000000000000e+00 
layer_sizes=8 4 2 
scale_included=0
neurons (num_inputs, activation_function, activation_steepness)=(0, 0, 0.00000000000000000000e+00) (0, 0, 0.00000000000000000000e+00) (0, 0, 0.00000000000000000000e+00) (0, 0, 0.00000000000000000000e+00) (0, 0, 0.00000000000000000000e+00) (0, 0, 0.00000000000000000000e+00) (0, 0, 0.00000000000000000000e+00) (0, 0, 0.00000000000000000000e+00) (8, 6, 5.00000000000000000000e-01) (8, 6, 5.00000000000000000000e-01) (8, 6, 5.00000000000000000000e-01) (0, 6, 0.00000000000000000000e+00) (4, 4, 5.00000000000000000000e-01) (0, 4, 0.00000000000000000000e+00) 
connections (connected_to_neuron, weight)=(0, -5.12363182575740316871e-01) (1, -8.28970577588085788534e-01) (2, 5.12564626427891223415e+00) (3, -5.49354488210149483063e-02) (4, -3.17974042755734820354e-01) (5, 7.66199774077855222387e-01) (6, 7.89041561981969064021e-02) (7, -3.47032332987822766945e-01) (0, 4.98956986033028737637e+00) (1, -2.81395223562683316487e+00) (2, -2.67879963433997048128e+00) (3, 1.15575078331427261169e+00) (4, 1.36982702336490413941e+00) (5, -2.08412936420028005458e+00) (6, 6.00932236060099309038e-02) (7, 2.40605301528495285623e+00) (0, -9.15013890009539210268e+00) (1, 2.60825312215611893052e+00) (2, 2.44212230316863587731e+00) (3, -4.69892404438242539122e-01) (4, -4.87528208107933624937e-01) (5, 1.99072539538449477803e+00) (6, 8.25110425475830688846e-01) (7, -1.06800609188156259144e+00) (8, 6.93654437777256771547e-01) (9, -9.15944902183856335398e+00) (10, 1.84839278658600818517e+01) (11, -9.28087210099843740174e-01) 
