FANN_FLO_2.1
num_layers=3
learning_rate=0.700000
connection_rate=1.000000
network_type=0
learning_momentum=0.000000
training_algorithm=2
train_error_function=1
train_stop_function=1
cascade_output_change_fraction=0.010000
quickprop_decay=-0.000100
quickprop_mu=1.750000
rprop_increase_factor=1.200000
rprop_decrease_factor=0.500000
rprop_delta_min=0.000000
rprop_delta_max=50.000000
rprop_delta_zero=0.100000
cascade_output_stagnation_epochs=12
cascade_candidate_change_fraction=0.010000
cascade_candidate_stagnation_epochs=12
cascade_max_out_epochs=150
cascade_min_out_epochs=50
cascade_max_cand_epochs=150
cascade_min_cand_epochs=50
cascade_num_candidate_groups=2
bit_fail_limit=1.00000000000000005551e-01
cascade_candidate_limit=1.00000000000000000000e+03
cascade_weight_multiplier=4.00000000000000022204e-01
cascade_activation_functions_count=10
cascade_activation_functions=3 5 7 8 10 11 14 15 16 17 
cascade_activation_steepnesses_count=4
cascade_activation_steepnesses=2.50000000000000000000e-01 5.00000000000000000000e-01 7.50000000000000000000e-01 1.00000000000000000000e+00 
layer_sizes=9 4 2 
scale_included=0
neurons (num_inputs, activation_function, activation_steepness)=(0, 0, 0.00000000000000000000e+00) (0, 0, 0.00000000000000000000e+00) (0, 0, 0.00000000000000000000e+00) (0, 0, 0.00000000000000000000e+00) (0, 0, 0.00000000000000000000e+00) (0, 0, 0.00000000000000000000e+00) (0, 0, 0.00000000000000000000e+00) (0, 0, 0.00000000000000000000e+00) (0, 0, 0.00000000000000000000e+00) (9, 6, 5.00000000000000000000e-01) (9, 6, 5.00000000000000000000e-01) (9, 6, 5.00000000000000000000e-01) (0, 6, 0.00000000000000000000e+00) (4, 4, 5.00000000000000000000e-01) (0, 4, 0.00000000000000000000e+00) 
connections (connected_to_neuron, weight)=(0, -5.63606971954660807000e-01) (1, 7.69565382062495806359e-01) (2, 9.06180441410200820940e+00) (3, 1.52420267880094639779e+00) (4, 1.79230782506681540767e+00) (5, 1.55961149516236874391e+00) (6, 1.03624244855247376051e+01) (7, -7.75456202876235423105e+00) (8, -1.86053720120675736283e+00) (0, 4.74604977024991470103e+00) (1, -3.46335598567896907340e+00) (2, -2.08672490173954194859e+00) (3, -4.42818772262365456527e+00) (4, -5.00481189175135288139e+00) (5, -3.74486480937197452334e+00) (6, -3.06071163235847976125e+00) (7, -2.86242034602434314294e+00) (8, 6.36532651713014807626e+00) (0, -5.93444206837797305631e-01) (1, 5.72078446234613458010e-01) (2, 7.82354371768548695343e+00) (3, 1.78926309685923823345e+00) (4, 1.78211953048535653998e+00) (5, 1.74730394287471746395e+00) (6, 9.36043454175781164395e+00) (7, -9.46972781951969544423e+00) (8, -1.36738546528237758793e+00) (9, 1.66501487223010324890e+00) (10, -3.55914304331283943839e+01) (11, 4.80165559039392064733e+00) (12, -1.67884207091749160234e+00) 
