FANN_FLO_2.1
num_layers=3
learning_rate=0.700000
connection_rate=1.000000
network_type=0
learning_momentum=0.000000
training_algorithm=2
train_error_function=1
train_stop_function=1
cascade_output_change_fraction=0.010000
quickprop_decay=-0.000100
quickprop_mu=1.750000
rprop_increase_factor=1.200000
rprop_decrease_factor=0.500000
rprop_delta_min=0.000000
rprop_delta_max=50.000000
rprop_delta_zero=0.100000
cascade_output_stagnation_epochs=12
cascade_candidate_change_fraction=0.010000
cascade_candidate_stagnation_epochs=12
cascade_max_out_epochs=150
cascade_min_out_epochs=50
cascade_max_cand_epochs=150
cascade_min_cand_epochs=50
cascade_num_candidate_groups=2
bit_fail_limit=1.00000000000000005551e-01
cascade_candidate_limit=1.00000000000000000000e+03
cascade_weight_multiplier=4.00000000000000022204e-01
cascade_activation_functions_count=10
cascade_activation_functions=3 5 7 8 10 11 14 15 16 17 
cascade_activation_steepnesses_count=4
cascade_activation_steepnesses=2.50000000000000000000e-01 5.00000000000000000000e-01 7.50000000000000000000e-01 1.00000000000000000000e+00 
layer_sizes=9 4 2 
scale_included=0
neurons (num_inputs, activation_function, activation_steepness)=(0, 0, 0.00000000000000000000e+00) (0, 0, 0.00000000000000000000e+00) (0, 0, 0.00000000000000000000e+00) (0, 0, 0.00000000000000000000e+00) (0, 0, 0.00000000000000000000e+00) (0, 0, 0.00000000000000000000e+00) (0, 0, 0.00000000000000000000e+00) (0, 0, 0.00000000000000000000e+00) (0, 0, 0.00000000000000000000e+00) (9, 6, 5.00000000000000000000e-01) (9, 6, 5.00000000000000000000e-01) (9, 6, 5.00000000000000000000e-01) (0, 6, 0.00000000000000000000e+00) (4, 4, 5.00000000000000000000e-01) (0, 4, 0.00000000000000000000e+00) 
connections (connected_to_neuron, weight)=(0, 2.25429384324412063201e-01) (1, 6.50228431128633221903e+00) (2, -1.71956662822118957479e+01) (3, 8.36888735980235276557e-01) (4, -7.88952478032702853028e-01) (5, 5.49488972859368596247e-01) (6, -5.64643798377002736899e-01) (7, -6.39038455470700395011e+00) (8, 6.45316870292438227175e-01) (0, -3.13882661052916678290e-01) (1, 4.75266590677210398752e+00) (2, -1.60391814514535036018e+00) (3, 2.51979771045886558056e+00) (4, -3.42780268162567680612e-01) (5, -5.54143071640785467302e-01) (6, 3.31248411315420732137e+00) (7, 1.15622946987101488103e-01) (8, -1.03082384149500416726e+00) (0, -1.08947606795089657616e+00) (1, 1.43673022581933040875e+00) (2, 2.50534984982901987038e+00) (3, 5.06133835124050168730e+00) (4, -1.01443712717108414090e+00) (5, -8.57245896499275295000e-01) (6, 2.40068870944997625472e+00) (7, 2.42201976151253584035e+00) (8, -2.38572886551850738002e+00) (9, -1.60989789581141184982e+00) (10, 5.79738311806766315470e+00) (11, 2.76464632022948109125e+01) (12, -2.47334366426994511912e+00) 
