FANN_FLO_2.1
num_layers=3
learning_rate=0.700000
connection_rate=1.000000
network_type=0
learning_momentum=0.000000
training_algorithm=2
train_error_function=1
train_stop_function=1
cascade_output_change_fraction=0.010000
quickprop_decay=-0.000100
quickprop_mu=1.750000
rprop_increase_factor=1.200000
rprop_decrease_factor=0.500000
rprop_delta_min=0.000000
rprop_delta_max=50.000000
rprop_delta_zero=0.100000
cascade_output_stagnation_epochs=12
cascade_candidate_change_fraction=0.010000
cascade_candidate_stagnation_epochs=12
cascade_max_out_epochs=150
cascade_min_out_epochs=50
cascade_max_cand_epochs=150
cascade_min_cand_epochs=50
cascade_num_candidate_groups=2
bit_fail_limit=1.00000000000000005551e-01
cascade_candidate_limit=1.00000000000000000000e+03
cascade_weight_multiplier=4.00000000000000022204e-01
cascade_activation_functions_count=10
cascade_activation_functions=3 5 7 8 10 11 14 15 16 17 
cascade_activation_steepnesses_count=4
cascade_activation_steepnesses=2.50000000000000000000e-01 5.00000000000000000000e-01 7.50000000000000000000e-01 1.00000000000000000000e+00 
layer_sizes=17 4 2 
scale_included=0
neurons (num_inputs, activation_function, activation_steepness)=(0, 0, 0.00000000000000000000e+00) (0, 0, 0.00000000000000000000e+00) (0, 0, 0.00000000000000000000e+00) (0, 0, 0.00000000000000000000e+00) (0, 0, 0.00000000000000000000e+00) (0, 0, 0.00000000000000000000e+00) (0, 0, 0.00000000000000000000e+00) (0, 0, 0.00000000000000000000e+00) (0, 0, 0.00000000000000000000e+00) (0, 0, 0.00000000000000000000e+00) (0, 0, 0.00000000000000000000e+00) (0, 0, 0.00000000000000000000e+00) (0, 0, 0.00000000000000000000e+00) (0, 0, 0.00000000000000000000e+00) (0, 0, 0.00000000000000000000e+00) (0, 0, 0.00000000000000000000e+00) (0, 0, 0.00000000000000000000e+00) (17, 6, 5.00000000000000000000e-01) (17, 6, 5.00000000000000000000e-01) (17, 6, 5.00000000000000000000e-01) (0, 6, 0.00000000000000000000e+00) (4, 4, 5.00000000000000000000e-01) (0, 4, 0.00000000000000000000e+00) 
connections (connected_to_neuron, weight)=(0, -3.56217600421656133136e+00) (1, 1.32338622618663492858e+00) (2, 2.12909302183511828233e+00) (3, 3.81988597072832058998e-01) (4, 1.28030475721259962008e+00) (5, 3.63980835588926188162e-01) (6, 3.08050790078333303068e-01) (7, 1.56914564254549016020e+00) (8, 1.42628960331847109977e+00) (9, 7.02502367062455279623e-01) (10, 4.19380799133321380268e-01) (11, 1.41214216859216645794e+00) (12, 9.83228038914100488377e-01) (13, 7.10733362210123065239e-01) (14, 6.64589462591716806372e-01) (15, 1.42914921578060694074e+00) (16, -1.48795601195580351472e+00) (0, -2.07534264705398019402e+00) (1, 7.09534861583490994441e-01) (2, 1.28225776786838938648e+01) (3, 1.17303838691086657064e+01) (4, 5.33705877530845307355e-01) (5, 4.35381979625088399999e-01) (6, 3.86992591473478420028e-01) (7, -1.81051696589685873207e+00) (8, 6.66754439392539310916e-01) (9, 7.08864820165520770345e-01) (10, 5.64701731616614410747e-01) (11, 1.42862822474117234783e+00) (12, 9.44444007203661395344e-01) (13, 7.74586119929989380672e-01) (14, 6.76549186719963113745e-01) (15, 1.33053947027813501691e+00) (16, -1.56344137070592603678e+00) (0, -1.49151395984197732147e+00) (1, 4.32080040632238315812e-01) (2, -2.79223393630787297681e-01) (3, 3.47430846671273174664e+00) (4, 6.84180709297675604397e-01) (5, 1.79013686444397968067e-01) (6, 4.93746071983671541705e-01) (7, 1.63316451432984188763e+00) (8, 2.45644085795829247854e-01) (9, 4.87333866548181060541e-01) (10, 5.03217109817579166808e-01) (11, 9.14426655545701683181e-01) (12, 7.12739246086637301403e-01) (13, 4.56432170348538945870e-01) (14, 3.83217835077565294188e-01) (15, 4.64145812335196861209e-01) (16, -2.60484723213375124473e-01) (17, 3.43768233249830501563e+01) (18, 4.10218108211656051765e+00) (19, 7.48882752722333400186e-01) (20, -1.70058023720371220833e+00) 
