FANN_FLO_2.1
num_layers=3
learning_rate=0.700000
connection_rate=1.000000
network_type=0
learning_momentum=0.000000
training_algorithm=2
train_error_function=1
train_stop_function=1
cascade_output_change_fraction=0.010000
quickprop_decay=-0.000100
quickprop_mu=1.750000
rprop_increase_factor=1.200000
rprop_decrease_factor=0.500000
rprop_delta_min=0.000000
rprop_delta_max=50.000000
rprop_delta_zero=0.100000
cascade_output_stagnation_epochs=12
cascade_candidate_change_fraction=0.010000
cascade_candidate_stagnation_epochs=12
cascade_max_out_epochs=150
cascade_min_out_epochs=50
cascade_max_cand_epochs=150
cascade_min_cand_epochs=50
cascade_num_candidate_groups=2
bit_fail_limit=1.00000000000000005551e-01
cascade_candidate_limit=1.00000000000000000000e+03
cascade_weight_multiplier=4.00000000000000022204e-01
cascade_activation_functions_count=10
cascade_activation_functions=3 5 7 8 10 11 14 15 16 17 
cascade_activation_steepnesses_count=4
cascade_activation_steepnesses=2.50000000000000000000e-01 5.00000000000000000000e-01 7.50000000000000000000e-01 1.00000000000000000000e+00 
layer_sizes=13 4 2 
scale_included=0
neurons (num_inputs, activation_function, activation_steepness)=(0, 0, 0.00000000000000000000e+00) (0, 0, 0.00000000000000000000e+00) (0, 0, 0.00000000000000000000e+00) (0, 0, 0.00000000000000000000e+00) (0, 0, 0.00000000000000000000e+00) (0, 0, 0.00000000000000000000e+00) (0, 0, 0.00000000000000000000e+00) (0, 0, 0.00000000000000000000e+00) (0, 0, 0.00000000000000000000e+00) (0, 0, 0.00000000000000000000e+00) (0, 0, 0.00000000000000000000e+00) (0, 0, 0.00000000000000000000e+00) (0, 0, 0.00000000000000000000e+00) (13, 6, 5.00000000000000000000e-01) (13, 6, 5.00000000000000000000e-01) (13, 6, 5.00000000000000000000e-01) (0, 6, 0.00000000000000000000e+00) (4, 4, 5.00000000000000000000e-01) (0, 4, 0.00000000000000000000e+00) 
connections (connected_to_neuron, weight)=(0, -2.03343690507489505137e+00) (1, 2.17653943597155885570e+00) (2, 9.34153577044266603124e-01) (3, -5.22379720502076372313e-01) (4, -1.11074099260672598533e+00) (5, -1.12559984940394430808e+00) (6, -9.37369898169196247295e-01) (7, -1.23123484420880346946e+00) (8, 1.82958128946479503529e-01) (9, -7.76363200046091050943e-01) (10, -2.64387037280215286827e-01) (11, -2.06924022309857669200e+00) (12, -2.47305451658800072579e-02) (0, -2.30654902617293888767e+00) (1, 5.35731454107987747904e+00) (2, 5.07444516191981720432e-01) (3, -6.32763373304116472085e-01) (4, -9.81820123575440018016e-01) (5, -3.19969420520980296629e+00) (6, -1.00903113403152522309e+00) (7, -3.07891259728391109007e+00) (8, -1.42608047932927556323e-01) (9, -2.30078975717383915622e+00) (10, -7.63924773157987457850e-01) (11, -5.16372233364808419509e+00) (12, -3.00869260932380477858e-01) (0, -6.84109041803037776219e-01) (1, 9.62279737134135393362e-01) (2, 6.43380957778943551872e-01) (3, -7.37966933104527295084e-03) (4, -2.14833069639381368798e-01) (5, -3.76737441914257065179e-01) (6, -1.23320596004999505357e-01) (7, -3.67314811842617050530e-01) (8, -2.71271440655538542686e-01) (9, -3.00076679765559906077e-01) (10, 7.44232895313591547026e-03) (11, -6.64014140479719294774e-01) (12, 1.44783581459183380291e-01) (13, 9.15229795251048194871e-01) (14, 5.19750383053052278370e+00) (15, 1.63178942890953626588e+00) (16, -1.48882289803226286473e+00) 
