FANN_FLO_2.1
num_layers=3
learning_rate=0.700000
connection_rate=1.000000
network_type=0
learning_momentum=0.000000
training_algorithm=2
train_error_function=1
train_stop_function=1
cascade_output_change_fraction=0.010000
quickprop_decay=-0.000100
quickprop_mu=1.750000
rprop_increase_factor=1.200000
rprop_decrease_factor=0.500000
rprop_delta_min=0.000000
rprop_delta_max=50.000000
rprop_delta_zero=0.100000
cascade_output_stagnation_epochs=12
cascade_candidate_change_fraction=0.010000
cascade_candidate_stagnation_epochs=12
cascade_max_out_epochs=150
cascade_min_out_epochs=50
cascade_max_cand_epochs=150
cascade_min_cand_epochs=50
cascade_num_candidate_groups=2
bit_fail_limit=1.00000000000000005551e-01
cascade_candidate_limit=1.00000000000000000000e+03
cascade_weight_multiplier=4.00000000000000022204e-01
cascade_activation_functions_count=10
cascade_activation_functions=3 5 7 8 10 11 14 15 16 17 
cascade_activation_steepnesses_count=4
cascade_activation_steepnesses=2.50000000000000000000e-01 5.00000000000000000000e-01 7.50000000000000000000e-01 1.00000000000000000000e+00 
layer_sizes=7 4 2 
scale_included=0
neurons (num_inputs, activation_function, activation_steepness)=(0, 0, 0.00000000000000000000e+00) (0, 0, 0.00000000000000000000e+00) (0, 0, 0.00000000000000000000e+00) (0, 0, 0.00000000000000000000e+00) (0, 0, 0.00000000000000000000e+00) (0, 0, 0.00000000000000000000e+00) (0, 0, 0.00000000000000000000e+00) (7, 6, 5.00000000000000000000e-01) (7, 6, 5.00000000000000000000e-01) (7, 6, 5.00000000000000000000e-01) (0, 6, 0.00000000000000000000e+00) (4, 4, 5.00000000000000000000e-01) (0, 4, 0.00000000000000000000e+00) 
connections (connected_to_neuron, weight)=(0, 1.23664885373169419758e+00) (1, 2.26525504012213652061e+00) (2, 1.49652065217174179423e+00) (3, 1.28154418658790980601e+00) (4, 3.80185548498412129170e-01) (5, 1.49196588971379751065e+00) (6, -1.88359614055009316758e+00) (0, -2.48494918182621732372e-01) (1, -5.93348043849162953833e-01) (2, -1.90607559544279686614e-01) (3, 4.73924554319452906448e-01) (4, -9.05853967963493045268e-01) (5, -3.23196892251802030127e-03) (6, 2.37940122673697151967e+00) (0, 5.14365406120753987373e-01) (1, 1.48249580860245377956e+00) (2, 7.25122849954805359651e-01) (3, 6.19568740328226286174e-01) (4, 2.63456588529990598513e-01) (5, 8.11367672411471452243e-01) (6, -6.52832240740179092775e-01) (7, 5.04047651715947253592e+01) (8, -1.46354760877413392350e+00) (9, 1.65369920894613064988e+00) (10, -1.45975065134091019914e+00) 
