FANN_FLO_2.1
num_layers=3
learning_rate=0.700000
connection_rate=1.000000
network_type=0
learning_momentum=0.000000
training_algorithm=2
train_error_function=1
train_stop_function=1
cascade_output_change_fraction=0.010000
quickprop_decay=-0.000100
quickprop_mu=1.750000
rprop_increase_factor=1.200000
rprop_decrease_factor=0.500000
rprop_delta_min=0.000000
rprop_delta_max=50.000000
rprop_delta_zero=0.100000
cascade_output_stagnation_epochs=12
cascade_candidate_change_fraction=0.010000
cascade_candidate_stagnation_epochs=12
cascade_max_out_epochs=150
cascade_min_out_epochs=50
cascade_max_cand_epochs=150
cascade_min_cand_epochs=50
cascade_num_candidate_groups=2
bit_fail_limit=1.00000000000000005551e-01
cascade_candidate_limit=1.00000000000000000000e+03
cascade_weight_multiplier=4.00000000000000022204e-01
cascade_activation_functions_count=10
cascade_activation_functions=3 5 7 8 10 11 14 15 16 17 
cascade_activation_steepnesses_count=4
cascade_activation_steepnesses=2.50000000000000000000e-01 5.00000000000000000000e-01 7.50000000000000000000e-01 1.00000000000000000000e+00 
layer_sizes=6 4 2 
scale_included=0
neurons (num_inputs, activation_function, activation_steepness)=(0, 0, 0.00000000000000000000e+00) (0, 0, 0.00000000000000000000e+00) (0, 0, 0.00000000000000000000e+00) (0, 0, 0.00000000000000000000e+00) (0, 0, 0.00000000000000000000e+00) (0, 0, 0.00000000000000000000e+00) (6, 6, 5.00000000000000000000e-01) (6, 6, 5.00000000000000000000e-01) (6, 6, 5.00000000000000000000e-01) (0, 6, 0.00000000000000000000e+00) (4, 4, 5.00000000000000000000e-01) (0, 4, 0.00000000000000000000e+00) 
connections (connected_to_neuron, weight)=(0, -7.76686307160103428515e+00) (1, 4.76393372437445883349e+00) (2, 2.89662339221810505308e-01) (3, -3.87323668940220910972e-01) (4, -1.02508513327277817062e+00) (5, -1.01104858428584987173e+00) (0, -5.05796483412615760500e+00) (1, 3.44577034995319353428e+00) (2, 5.37334882215915188297e-01) (3, -4.05948706978437268145e-01) (4, -2.09119831768445196829e+00) (5, -1.00564346880181676447e+00) (0, 4.43951348083051566817e+00) (1, -1.42396070760435144997e+00) (2, -4.22974960013701384298e+00) (3, 8.48674388875890306494e-01) (4, 1.73064597894253502375e+00) (5, 1.22748044910362863469e+00) (6, 1.97275690594912811449e+00) (7, 3.80950850891533798759e+00) (8, -7.45632114082135721844e+00) (9, -2.29958436254754516881e+00) 
