FANN_FLO_2.1
num_layers=3
learning_rate=0.700000
connection_rate=1.000000
network_type=0
learning_momentum=0.000000
training_algorithm=2
train_error_function=1
train_stop_function=1
cascade_output_change_fraction=0.010000
quickprop_decay=-0.000100
quickprop_mu=1.750000
rprop_increase_factor=1.200000
rprop_decrease_factor=0.500000
rprop_delta_min=0.000000
rprop_delta_max=50.000000
rprop_delta_zero=0.100000
cascade_output_stagnation_epochs=12
cascade_candidate_change_fraction=0.010000
cascade_candidate_stagnation_epochs=12
cascade_max_out_epochs=150
cascade_min_out_epochs=50
cascade_max_cand_epochs=150
cascade_min_cand_epochs=50
cascade_num_candidate_groups=2
bit_fail_limit=1.00000000000000005551e-01
cascade_candidate_limit=1.00000000000000000000e+03
cascade_weight_multiplier=4.00000000000000022204e-01
cascade_activation_functions_count=10
cascade_activation_functions=3 5 7 8 10 11 14 15 16 17 
cascade_activation_steepnesses_count=4
cascade_activation_steepnesses=2.50000000000000000000e-01 5.00000000000000000000e-01 7.50000000000000000000e-01 1.00000000000000000000e+00 
layer_sizes=8 4 2 
scale_included=0
neurons (num_inputs, activation_function, activation_steepness)=(0, 0, 0.00000000000000000000e+00) (0, 0, 0.00000000000000000000e+00) (0, 0, 0.00000000000000000000e+00) (0, 0, 0.00000000000000000000e+00) (0, 0, 0.00000000000000000000e+00) (0, 0, 0.00000000000000000000e+00) (0, 0, 0.00000000000000000000e+00) (0, 0, 0.00000000000000000000e+00) (8, 6, 5.00000000000000000000e-01) (8, 6, 5.00000000000000000000e-01) (8, 6, 5.00000000000000000000e-01) (0, 6, 0.00000000000000000000e+00) (4, 4, 5.00000000000000000000e-01) (0, 4, 0.00000000000000000000e+00) 
connections (connected_to_neuron, weight)=(0, -8.98945289835050065363e-01) (1, 1.12461958028445163649e+00) (2, 9.68826842323211145924e-01) (3, -8.77435001715733964289e-01) (4, -8.43410159632279832209e-01) (5, 2.04453039591910567196e+02) (6, -6.59607367112035269940e-01) (7, -3.50773420099871446887e-01) (0, 6.91227457166073477879e-01) (1, -5.19808644884584558632e-01) (2, -1.15592059155004545090e+00) (3, 8.55935586649510860013e-01) (4, 8.28230268001911573705e-01) (5, 1.13841376722607421357e+02) (6, 2.95933339598869560305e+00) (7, 7.79870999805772679991e-01) (0, -4.47277301773127966555e+00) (1, 7.47458381865677257139e-01) (2, 1.46108794666809904683e+00) (3, -4.02546656697135990521e-02) (4, -1.74941836692607100012e-01) (5, 8.49788274163165340269e+01) (6, -1.50766732597878294619e+00) (7, -3.52663918060873438076e-02) (8, 1.50704845496573671682e+01) (9, -7.73876887654125589222e+00) (10, 3.14322488579185410629e+00) (11, -2.47052296056918974099e-01) 
