FANN_FLO_2.1
num_layers=3
learning_rate=0.700000
connection_rate=1.000000
network_type=0
learning_momentum=0.000000
training_algorithm=2
train_error_function=1
train_stop_function=1
cascade_output_change_fraction=0.010000
quickprop_decay=-0.000100
quickprop_mu=1.750000
rprop_increase_factor=1.200000
rprop_decrease_factor=0.500000
rprop_delta_min=0.000000
rprop_delta_max=50.000000
rprop_delta_zero=0.100000
cascade_output_stagnation_epochs=12
cascade_candidate_change_fraction=0.010000
cascade_candidate_stagnation_epochs=12
cascade_max_out_epochs=150
cascade_min_out_epochs=50
cascade_max_cand_epochs=150
cascade_min_cand_epochs=50
cascade_num_candidate_groups=2
bit_fail_limit=1.00000000000000005551e-01
cascade_candidate_limit=1.00000000000000000000e+03
cascade_weight_multiplier=4.00000000000000022204e-01
cascade_activation_functions_count=10
cascade_activation_functions=3 5 7 8 10 11 14 15 16 17 
cascade_activation_steepnesses_count=4
cascade_activation_steepnesses=2.50000000000000000000e-01 5.00000000000000000000e-01 7.50000000000000000000e-01 1.00000000000000000000e+00 
layer_sizes=7 4 2 
scale_included=0
neurons (num_inputs, activation_function, activation_steepness)=(0, 0, 0.00000000000000000000e+00) (0, 0, 0.00000000000000000000e+00) (0, 0, 0.00000000000000000000e+00) (0, 0, 0.00000000000000000000e+00) (0, 0, 0.00000000000000000000e+00) (0, 0, 0.00000000000000000000e+00) (0, 0, 0.00000000000000000000e+00) (7, 6, 5.00000000000000000000e-01) (7, 6, 5.00000000000000000000e-01) (7, 6, 5.00000000000000000000e-01) (0, 6, 0.00000000000000000000e+00) (4, 4, 5.00000000000000000000e-01) (0, 4, 0.00000000000000000000e+00) 
connections (connected_to_neuron, weight)=(0, 2.17678027482999292275e+00) (1, 1.15247429579802607158e+00) (2, 8.71318539182447948654e-01) (3, 8.69585907088588766500e-03) (4, 2.34320087868598525560e+00) (5, 1.89417367918649137692e+00) (6, -1.71266150003602191099e+00) (0, 2.19472630204928842446e+00) (1, 1.15925226778098200420e+00) (2, 8.50226552734875240525e-01) (3, -2.64861103333346933897e-02) (4, 2.25715094197419663402e+00) (5, 1.79818458600202024655e+00) (6, -1.66511977738072514121e+00) (0, -3.97699165897690010141e+00) (1, 1.40563369299368332577e+01) (2, 3.31012443006789836009e-01) (3, 4.96871074775785004363e+00) (4, -3.62615021739567566783e+00) (5, -2.04015427906076851627e+00) (6, -1.90580677604031434313e+00) (7, -1.00156536255536714464e+01) (8, -4.52240301626490470710e+00) (9, 5.18228416025829830005e+00) (10, -7.06121498071797915053e-01) 
