FANN_FLO_2.1
num_layers=3
learning_rate=0.700000
connection_rate=1.000000
network_type=0
learning_momentum=0.000000
training_algorithm=2
train_error_function=1
train_stop_function=1
cascade_output_change_fraction=0.010000
quickprop_decay=-0.000100
quickprop_mu=1.750000
rprop_increase_factor=1.200000
rprop_decrease_factor=0.500000
rprop_delta_min=0.000000
rprop_delta_max=50.000000
rprop_delta_zero=0.100000
cascade_output_stagnation_epochs=12
cascade_candidate_change_fraction=0.010000
cascade_candidate_stagnation_epochs=12
cascade_max_out_epochs=150
cascade_min_out_epochs=50
cascade_max_cand_epochs=150
cascade_min_cand_epochs=50
cascade_num_candidate_groups=2
bit_fail_limit=1.00000000000000005551e-01
cascade_candidate_limit=1.00000000000000000000e+03
cascade_weight_multiplier=4.00000000000000022204e-01
cascade_activation_functions_count=10
cascade_activation_functions=3 5 7 8 10 11 14 15 16 17 
cascade_activation_steepnesses_count=4
cascade_activation_steepnesses=2.50000000000000000000e-01 5.00000000000000000000e-01 7.50000000000000000000e-01 1.00000000000000000000e+00 
layer_sizes=12 4 2 
scale_included=0
neurons (num_inputs, activation_function, activation_steepness)=(0, 0, 0.00000000000000000000e+00) (0, 0, 0.00000000000000000000e+00) (0, 0, 0.00000000000000000000e+00) (0, 0, 0.00000000000000000000e+00) (0, 0, 0.00000000000000000000e+00) (0, 0, 0.00000000000000000000e+00) (0, 0, 0.00000000000000000000e+00) (0, 0, 0.00000000000000000000e+00) (0, 0, 0.00000000000000000000e+00) (0, 0, 0.00000000000000000000e+00) (0, 0, 0.00000000000000000000e+00) (0, 0, 0.00000000000000000000e+00) (12, 6, 5.00000000000000000000e-01) (12, 6, 5.00000000000000000000e-01) (12, 6, 5.00000000000000000000e-01) (0, 6, 0.00000000000000000000e+00) (4, 4, 5.00000000000000000000e-01) (0, 4, 0.00000000000000000000e+00) 
connections (connected_to_neuron, weight)=(0, 1.81988950464344090285e+00) (1, -5.04534598001929790456e+00) (2, -5.48947506446587230045e+00) (3, 2.60992613595833311546e-01) (4, 3.47760389223681487536e+00) (5, -2.09842062476896806800e+00) (6, -2.05994075747440641422e+00) (7, -4.63487425530876784308e+00) (8, -5.81348522713911641802e+00) (9, 1.81240015266603160526e+00) (10, 4.79940084142652045873e-01) (11, 5.84954646218786233902e+00) (0, -5.19252036859559229498e-01) (1, 1.90384724108988301339e+00) (2, 9.38678344898376093575e-01) (3, 3.14616503455630358577e-01) (4, -8.95840223437566196552e-02) (5, 9.22007275222603950304e-01) (6, -5.75997950386333990025e+00) (7, 7.43949841375408316146e-01) (8, 1.08673456203798632913e+01) (9, 1.05919395943275618244e+00) (10, 1.19023548376913979041e+00) (11, -7.35010083798326663285e-01) (0, -5.56435615833474561676e-01) (1, -4.70378790635619714600e-01) (2, 1.33431566558178467119e+01) (3, 1.58426058868110813949e-01) (4, -1.00593568840277147736e-01) (5, 2.62818591714997538134e+01) (6, 2.11734033710849312016e+00) (7, -1.32018958087046056615e-01) (8, 1.83742539211377464703e+00) (9, -9.73231278033385382997e-01) (10, 2.19566347333073980108e-01) (11, -5.76395977401060743972e-01) (12, -9.38743159897859946739e+00) (13, 3.46916541288442248359e+00) (14, 2.35167057379841937248e+00) (15, -2.72837882423498356843e+00) 
