FANN_FLO_2.1
num_layers=3
learning_rate=0.700000
connection_rate=1.000000
network_type=0
learning_momentum=0.000000
training_algorithm=2
train_error_function=1
train_stop_function=1
cascade_output_change_fraction=0.010000
quickprop_decay=-0.000100
quickprop_mu=1.750000
rprop_increase_factor=1.200000
rprop_decrease_factor=0.500000
rprop_delta_min=0.000000
rprop_delta_max=50.000000
rprop_delta_zero=0.100000
cascade_output_stagnation_epochs=12
cascade_candidate_change_fraction=0.010000
cascade_candidate_stagnation_epochs=12
cascade_max_out_epochs=150
cascade_min_out_epochs=50
cascade_max_cand_epochs=150
cascade_min_cand_epochs=50
cascade_num_candidate_groups=2
bit_fail_limit=1.00000000000000005551e-01
cascade_candidate_limit=1.00000000000000000000e+03
cascade_weight_multiplier=4.00000000000000022204e-01
cascade_activation_functions_count=10
cascade_activation_functions=3 5 7 8 10 11 14 15 16 17 
cascade_activation_steepnesses_count=4
cascade_activation_steepnesses=2.50000000000000000000e-01 5.00000000000000000000e-01 7.50000000000000000000e-01 1.00000000000000000000e+00 
layer_sizes=10 4 2 
scale_included=0
neurons (num_inputs, activation_function, activation_steepness)=(0, 0, 0.00000000000000000000e+00) (0, 0, 0.00000000000000000000e+00) (0, 0, 0.00000000000000000000e+00) (0, 0, 0.00000000000000000000e+00) (0, 0, 0.00000000000000000000e+00) (0, 0, 0.00000000000000000000e+00) (0, 0, 0.00000000000000000000e+00) (0, 0, 0.00000000000000000000e+00) (0, 0, 0.00000000000000000000e+00) (0, 0, 0.00000000000000000000e+00) (10, 6, 5.00000000000000000000e-01) (10, 6, 5.00000000000000000000e-01) (10, 6, 5.00000000000000000000e-01) (0, 6, 0.00000000000000000000e+00) (4, 4, 5.00000000000000000000e-01) (0, 4, 0.00000000000000000000e+00) 
connections (connected_to_neuron, weight)=(0, -3.60926526322700214067e+00) (1, -2.44807073396691787792e+00) (2, -1.72093526700746668467e+00) (3, 6.12028206353335324508e+00) (4, 4.44573999254328722230e+00) (5, 2.49598129801850276976e+00) (6, 1.01423104659462897104e+01) (7, -1.65527920814310269826e+00) (8, 5.85156603608444125797e+00) (9, 2.70318010074564618606e+00) (0, -1.27496712346713447772e+00) (1, -1.70605882708929068592e+00) (2, 1.49881716805769080736e+01) (3, 2.43116941395247332380e+00) (4, 5.66690199575375697094e-01) (5, 1.31897500389407262844e+00) (6, 1.80061405892677356411e-01) (7, 1.60878877694998116965e+01) (8, -4.77578848879113393444e-01) (9, -2.87156353846654699424e+00) (0, -2.18672864868613459066e+00) (1, -5.38544219455865214030e+00) (2, -1.89234819480642291190e+00) (3, 7.35841490932733055530e+00) (4, -3.04131538114928190453e+01) (5, 1.92828624168389706206e+00) (6, 7.34106979297654493877e+00) (7, -1.98948712817993178525e+00) (8, 6.28573571774843387061e+00) (9, 2.34041863870392941038e+00) (10, -1.93064875228477772495e+00) (11, 4.06311057157879229607e+00) (12, -3.41627282575791779706e+00) (13, -2.47476215084445883008e+00) 
