FANN_FLO_2.1
num_layers=3
learning_rate=0.700000
connection_rate=1.000000
network_type=0
learning_momentum=0.000000
training_algorithm=2
train_error_function=1
train_stop_function=1
cascade_output_change_fraction=0.010000
quickprop_decay=-0.000100
quickprop_mu=1.750000
rprop_increase_factor=1.200000
rprop_decrease_factor=0.500000
rprop_delta_min=0.000000
rprop_delta_max=50.000000
rprop_delta_zero=0.100000
cascade_output_stagnation_epochs=12
cascade_candidate_change_fraction=0.010000
cascade_candidate_stagnation_epochs=12
cascade_max_out_epochs=150
cascade_min_out_epochs=50
cascade_max_cand_epochs=150
cascade_min_cand_epochs=50
cascade_num_candidate_groups=2
bit_fail_limit=1.00000000000000005551e-01
cascade_candidate_limit=1.00000000000000000000e+03
cascade_weight_multiplier=4.00000000000000022204e-01
cascade_activation_functions_count=10
cascade_activation_functions=3 5 7 8 10 11 14 15 16 17 
cascade_activation_steepnesses_count=4
cascade_activation_steepnesses=2.50000000000000000000e-01 5.00000000000000000000e-01 7.50000000000000000000e-01 1.00000000000000000000e+00 
layer_sizes=17 4 2 
scale_included=0
neurons (num_inputs, activation_function, activation_steepness)=(0, 0, 0.00000000000000000000e+00) (0, 0, 0.00000000000000000000e+00) (0, 0, 0.00000000000000000000e+00) (0, 0, 0.00000000000000000000e+00) (0, 0, 0.00000000000000000000e+00) (0, 0, 0.00000000000000000000e+00) (0, 0, 0.00000000000000000000e+00) (0, 0, 0.00000000000000000000e+00) (0, 0, 0.00000000000000000000e+00) (0, 0, 0.00000000000000000000e+00) (0, 0, 0.00000000000000000000e+00) (0, 0, 0.00000000000000000000e+00) (0, 0, 0.00000000000000000000e+00) (0, 0, 0.00000000000000000000e+00) (0, 0, 0.00000000000000000000e+00) (0, 0, 0.00000000000000000000e+00) (0, 0, 0.00000000000000000000e+00) (17, 6, 5.00000000000000000000e-01) (17, 6, 5.00000000000000000000e-01) (17, 6, 5.00000000000000000000e-01) (0, 6, 0.00000000000000000000e+00) (4, 4, 5.00000000000000000000e-01) (0, 4, 0.00000000000000000000e+00) 
connections (connected_to_neuron, weight)=(0, 1.24290657133597393091e+00) (1, -1.33905793797125549638e+00) (2, -4.90624574374423805256e-01) (3, -1.21681034445031865943e-01) (4, -1.11392265027917081177e+00) (5, -2.31021501003965123999e-01) (6, 1.41884570439552437637e-01) (7, 1.08504746814509223096e-01) (8, -2.66092701970844669468e-01) (9, -1.05879388026379750443e+00) (10, 8.55264669515766295937e-01) (11, -7.22681708428255520360e-01) (12, 4.67475208140041842420e-01) (13, -6.94356356319273171351e-01) (14, 1.23572283227002599482e+00) (15, -1.67265515893516569790e-02) (16, 1.29605181605357189234e+00) (0, -2.93648270757934024000e-02) (1, 4.05380743379335661825e-01) (2, 3.80949002681697845851e-01) (3, 1.34492986758628996213e+00) (4, 6.58318549140706754663e-01) (5, 1.30373036598244818052e+00) (6, 5.97484221904005408099e-01) (7, 6.61698943226065039447e-01) (8, 1.26049700488725813230e+00) (9, 2.85887075459376127640e+00) (10, 1.65910879615820044952e-01) (11, 5.36408795881262334682e-01) (12, 3.08092855120640385369e-01) (13, 4.83750032498116988577e-01) (14, -2.57468846600692816140e-02) (15, 6.65674054909322188145e-01) (16, 5.98049373044590576454e-02) (0, 1.14426742211717624720e+00) (1, -1.25706957351317138993e+00) (2, -4.11098321329818661152e-01) (3, -8.66826920502031250670e-02) (4, -1.12213164037621671021e+00) (5, -1.03304579734071477759e-01) (6, 1.62640330811237465714e-01) (7, 1.44227084477682926389e-01) (8, -1.94965950369148655064e-01) (9, -1.08998950592660115433e+00) (10, 9.51923979677833487223e-01) (11, -1.46620678784952862550e+00) (12, 6.19234817720081820447e-01) (13, -6.42178465184057412074e-01) (14, 1.26149838406598546747e+00) (15, -1.67134683698234587368e-02) (16, 1.28156085402506847437e+00) (17, -3.25823018796517089868e+01) (18, 1.40743064244667204221e+00) (19, -3.25964174739791587854e+01) (20, -4.71844267290949637150e-01) 
