FANN_FLO_2.1
num_layers=3
learning_rate=0.700000
connection_rate=1.000000
network_type=0
learning_momentum=0.000000
training_algorithm=2
train_error_function=1
train_stop_function=1
cascade_output_change_fraction=0.010000
quickprop_decay=-0.000100
quickprop_mu=1.750000
rprop_increase_factor=1.200000
rprop_decrease_factor=0.500000
rprop_delta_min=0.000000
rprop_delta_max=50.000000
rprop_delta_zero=0.100000
cascade_output_stagnation_epochs=12
cascade_candidate_change_fraction=0.010000
cascade_candidate_stagnation_epochs=12
cascade_max_out_epochs=150
cascade_min_out_epochs=50
cascade_max_cand_epochs=150
cascade_min_cand_epochs=50
cascade_num_candidate_groups=2
bit_fail_limit=1.00000000000000005551e-01
cascade_candidate_limit=1.00000000000000000000e+03
cascade_weight_multiplier=4.00000000000000022204e-01
cascade_activation_functions_count=10
cascade_activation_functions=3 5 7 8 10 11 14 15 16 17 
cascade_activation_steepnesses_count=4
cascade_activation_steepnesses=2.50000000000000000000e-01 5.00000000000000000000e-01 7.50000000000000000000e-01 1.00000000000000000000e+00 
layer_sizes=7 4 2 
scale_included=0
neurons (num_inputs, activation_function, activation_steepness)=(0, 0, 0.00000000000000000000e+00) (0, 0, 0.00000000000000000000e+00) (0, 0, 0.00000000000000000000e+00) (0, 0, 0.00000000000000000000e+00) (0, 0, 0.00000000000000000000e+00) (0, 0, 0.00000000000000000000e+00) (0, 0, 0.00000000000000000000e+00) (7, 6, 5.00000000000000000000e-01) (7, 6, 5.00000000000000000000e-01) (7, 6, 5.00000000000000000000e-01) (0, 6, 0.00000000000000000000e+00) (4, 4, 5.00000000000000000000e-01) (0, 4, 0.00000000000000000000e+00) 
connections (connected_to_neuron, weight)=(0, -1.04094346059576459140e-01) (1, -1.43452331146835443398e+00) (2, -2.14528902633413309786e+00) (3, -7.63539119309491698395e-01) (4, 1.69378971600653349672e-01) (5, -2.37977712141134878365e+00) (6, 7.62831539259975044409e-01) (0, -3.66633674743544302199e-01) (1, -1.47671837845948772383e+00) (2, -1.72411442904212597327e+00) (3, -6.48707921302623224946e-01) (4, 1.50873279118658776277e-01) (5, -2.33757403777697225777e+00) (6, 7.77769349859778968970e-01) (0, 6.05541389679243113875e+00) (1, 3.96399070874116654650e+00) (2, 3.69272174274074638234e+00) (3, 3.67830267970083157891e+00) (4, 1.72610577410737509041e+00) (5, 3.55584719617458278051e+00) (6, -5.96912683291147239117e+00) (7, -1.55361856945296228361e+00) (8, -2.89498403083676292269e+00) (9, 9.67473833105628244766e+00) (10, -2.41383713944205791080e+00) 
