FANN_FLO_2.1
num_layers=3
learning_rate=0.700000
connection_rate=1.000000
network_type=0
learning_momentum=0.000000
training_algorithm=2
train_error_function=1
train_stop_function=1
cascade_output_change_fraction=0.010000
quickprop_decay=-0.000100
quickprop_mu=1.750000
rprop_increase_factor=1.200000
rprop_decrease_factor=0.500000
rprop_delta_min=0.000000
rprop_delta_max=50.000000
rprop_delta_zero=0.100000
cascade_output_stagnation_epochs=12
cascade_candidate_change_fraction=0.010000
cascade_candidate_stagnation_epochs=12
cascade_max_out_epochs=150
cascade_min_out_epochs=50
cascade_max_cand_epochs=150
cascade_min_cand_epochs=50
cascade_num_candidate_groups=2
bit_fail_limit=1.00000000000000005551e-01
cascade_candidate_limit=1.00000000000000000000e+03
cascade_weight_multiplier=4.00000000000000022204e-01
cascade_activation_functions_count=10
cascade_activation_functions=3 5 7 8 10 11 14 15 16 17 
cascade_activation_steepnesses_count=4
cascade_activation_steepnesses=2.50000000000000000000e-01 5.00000000000000000000e-01 7.50000000000000000000e-01 1.00000000000000000000e+00 
layer_sizes=7 4 2 
scale_included=0
neurons (num_inputs, activation_function, activation_steepness)=(0, 0, 0.00000000000000000000e+00) (0, 0, 0.00000000000000000000e+00) (0, 0, 0.00000000000000000000e+00) (0, 0, 0.00000000000000000000e+00) (0, 0, 0.00000000000000000000e+00) (0, 0, 0.00000000000000000000e+00) (0, 0, 0.00000000000000000000e+00) (7, 6, 5.00000000000000000000e-01) (7, 6, 5.00000000000000000000e-01) (7, 6, 5.00000000000000000000e-01) (0, 6, 0.00000000000000000000e+00) (4, 4, 5.00000000000000000000e-01) (0, 4, 0.00000000000000000000e+00) 
connections (connected_to_neuron, weight)=(0, -9.87119073687315884413e-01) (1, 4.79800012924396934721e+00) (2, -1.39973885813369475217e-01) (3, -7.75298669108771432157e-01) (4, -7.17971622118376839872e-01) (5, -1.03562851500344366151e+00) (6, -8.19861150452517617460e-01) (0, -6.58952383524756157840e-01) (1, 8.63156008309702960091e-01) (2, 2.85349120366964803530e-01) (3, -4.17919234665012018226e-01) (4, -7.29824057049135888064e-01) (5, -6.26810467070917809451e-01) (6, 9.22365284285117659202e-03) (0, -5.40675741559844103001e-01) (1, 7.95644865269046541734e-01) (2, -5.52319405516817074631e-03) (3, -3.27800430389022845468e-01) (4, -5.61471876627783861302e-01) (5, -6.24843959636073198460e-01) (6, 4.10484011398371817503e-02) (7, 4.78156759061539116118e+00) (8, 1.86564150261165728750e+00) (9, 7.03430007595400086373e-01) (10, -1.10843881469798177797e+00) 
