FANN_FLO_2.1
num_layers=3
learning_rate=0.700000
connection_rate=1.000000
network_type=0
learning_momentum=0.000000
training_algorithm=2
train_error_function=1
train_stop_function=1
cascade_output_change_fraction=0.010000
quickprop_decay=-0.000100
quickprop_mu=1.750000
rprop_increase_factor=1.200000
rprop_decrease_factor=0.500000
rprop_delta_min=0.000000
rprop_delta_max=50.000000
rprop_delta_zero=0.100000
cascade_output_stagnation_epochs=12
cascade_candidate_change_fraction=0.010000
cascade_candidate_stagnation_epochs=12
cascade_max_out_epochs=150
cascade_min_out_epochs=50
cascade_max_cand_epochs=150
cascade_min_cand_epochs=50
cascade_num_candidate_groups=2
bit_fail_limit=1.00000000000000005551e-01
cascade_candidate_limit=1.00000000000000000000e+03
cascade_weight_multiplier=4.00000000000000022204e-01
cascade_activation_functions_count=10
cascade_activation_functions=3 5 7 8 10 11 14 15 16 17 
cascade_activation_steepnesses_count=4
cascade_activation_steepnesses=2.50000000000000000000e-01 5.00000000000000000000e-01 7.50000000000000000000e-01 1.00000000000000000000e+00 
layer_sizes=14 4 2 
scale_included=0
neurons (num_inputs, activation_function, activation_steepness)=(0, 0, 0.00000000000000000000e+00) (0, 0, 0.00000000000000000000e+00) (0, 0, 0.00000000000000000000e+00) (0, 0, 0.00000000000000000000e+00) (0, 0, 0.00000000000000000000e+00) (0, 0, 0.00000000000000000000e+00) (0, 0, 0.00000000000000000000e+00) (0, 0, 0.00000000000000000000e+00) (0, 0, 0.00000000000000000000e+00) (0, 0, 0.00000000000000000000e+00) (0, 0, 0.00000000000000000000e+00) (0, 0, 0.00000000000000000000e+00) (0, 0, 0.00000000000000000000e+00) (0, 0, 0.00000000000000000000e+00) (14, 6, 5.00000000000000000000e-01) (14, 6, 5.00000000000000000000e-01) (14, 6, 5.00000000000000000000e-01) (0, 6, 0.00000000000000000000e+00) (4, 4, 5.00000000000000000000e-01) (0, 4, 0.00000000000000000000e+00) 
connections (connected_to_neuron, weight)=(0, -7.59765740815343537662e-01) (1, 1.88743904797500750004e-01) (2, 1.30200553865344570426e-01) (3, -5.98610993728320717189e-02) (4, -2.09874972212772092917e+00) (5, 1.49926736807174565413e+00) (6, -1.97233799161112638432e-01) (7, 3.84716830103581763911e-01) (8, 1.47418118504378747868e-01) (9, 2.76615346666701400480e-01) (10, -1.72864597189822860601e-01) (11, -1.52252304468772303725e-01) (12, 3.81561212759187251553e-01) (13, -5.50757974083680879041e-01) (0, -8.75908426877007606492e+00) (1, 1.88899384702374373290e+00) (2, 1.96918921637946831016e-01) (3, -8.42169300270426024468e-01) (4, 1.66637422246635402701e+00) (5, 1.12468807838423234813e+00) (6, -3.30437277235098858519e-01) (7, 1.83749644151286650740e+00) (8, 1.04412176798275108114e-01) (9, 1.15658443324110971062e+00) (10, -1.01934661008321225673e+00) (11, -1.16754836148568452714e+00) (12, 1.86097917969157133911e+00) (13, -2.91864296676734968905e-01) (0, -8.66795286845312240587e+00) (1, 1.88884207869698439453e+00) (2, 1.80788712668830620078e-01) (3, -1.36069488498303359236e+00) (4, 1.80885280025899852774e+00) (5, 1.36134040857692850679e+00) (6, -2.85190103751855050795e-01) (7, 1.75396793028668929182e+00) (8, 5.37222113117486327338e-02) (9, 1.25191875822685205755e+00) (10, -1.08440236784421362159e+00) (11, -1.20303200489827455399e+00) (12, 1.88046321536232863281e+00) (13, -2.77769902063352780441e-01) (14, 1.13658530910378785528e+00) (15, 1.07194943941509528429e+01) (16, 6.10406514519809473285e+00) (17, -6.35559223119679606029e-01) 
