FANN_FLO_2.1
num_layers=3
learning_rate=0.700000
connection_rate=1.000000
network_type=0
learning_momentum=0.000000
training_algorithm=2
train_error_function=1
train_stop_function=1
cascade_output_change_fraction=0.010000
quickprop_decay=-0.000100
quickprop_mu=1.750000
rprop_increase_factor=1.200000
rprop_decrease_factor=0.500000
rprop_delta_min=0.000000
rprop_delta_max=50.000000
rprop_delta_zero=0.100000
cascade_output_stagnation_epochs=12
cascade_candidate_change_fraction=0.010000
cascade_candidate_stagnation_epochs=12
cascade_max_out_epochs=150
cascade_min_out_epochs=50
cascade_max_cand_epochs=150
cascade_min_cand_epochs=50
cascade_num_candidate_groups=2
bit_fail_limit=1.00000000000000005551e-01
cascade_candidate_limit=1.00000000000000000000e+03
cascade_weight_multiplier=4.00000000000000022204e-01
cascade_activation_functions_count=10
cascade_activation_functions=3 5 7 8 10 11 14 15 16 17 
cascade_activation_steepnesses_count=4
cascade_activation_steepnesses=2.50000000000000000000e-01 5.00000000000000000000e-01 7.50000000000000000000e-01 1.00000000000000000000e+00 
layer_sizes=8 4 2 
scale_included=0
neurons (num_inputs, activation_function, activation_steepness)=(0, 0, 0.00000000000000000000e+00) (0, 0, 0.00000000000000000000e+00) (0, 0, 0.00000000000000000000e+00) (0, 0, 0.00000000000000000000e+00) (0, 0, 0.00000000000000000000e+00) (0, 0, 0.00000000000000000000e+00) (0, 0, 0.00000000000000000000e+00) (0, 0, 0.00000000000000000000e+00) (8, 6, 5.00000000000000000000e-01) (8, 6, 5.00000000000000000000e-01) (8, 6, 5.00000000000000000000e-01) (0, 6, 0.00000000000000000000e+00) (4, 4, 5.00000000000000000000e-01) (0, 4, 0.00000000000000000000e+00) 
connections (connected_to_neuron, weight)=(0, 1.16635808370090288122e+00) (1, -9.77594540597297334550e-01) (2, -1.38878552441554781183e+00) (3, 6.53442343869531594436e-01) (4, 1.22511568344461618807e+00) (5, 1.08941415197892421673e+00) (6, 3.51275508726611178645e+01) (7, 9.45144263760534619756e-01) (0, -2.65628284350104815204e+00) (1, 6.88622341215032962580e-01) (2, 2.32569444625997956422e+00) (3, -2.24390710583481589602e-01) (4, -5.13398858211532083118e-01) (5, -4.72480996004834563617e-01) (6, 4.10032508884480364486e+01) (7, -1.77473568194095959738e-01) (0, -1.25699137609746269817e+00) (1, 1.78655082744241955339e+00) (2, 6.91598954490501793835e-01) (3, -3.39449948560463121705e-01) (4, -1.00353066502014698358e+00) (5, -1.29795515995766930217e+00) (6, 9.82709641784052223557e+01) (7, -7.96878138427728477389e-01) (8, -6.57642768580761227781e+00) (9, 5.76304566686100727679e+00) (10, 9.63207778746877885112e+00) (11, -7.01263824348443809420e-01) 
