FANN_FLO_2.1
num_layers=3
learning_rate=0.700000
connection_rate=1.000000
network_type=0
learning_momentum=0.000000
training_algorithm=2
train_error_function=1
train_stop_function=1
cascade_output_change_fraction=0.010000
quickprop_decay=-0.000100
quickprop_mu=1.750000
rprop_increase_factor=1.200000
rprop_decrease_factor=0.500000
rprop_delta_min=0.000000
rprop_delta_max=50.000000
rprop_delta_zero=0.100000
cascade_output_stagnation_epochs=12
cascade_candidate_change_fraction=0.010000
cascade_candidate_stagnation_epochs=12
cascade_max_out_epochs=150
cascade_min_out_epochs=50
cascade_max_cand_epochs=150
cascade_min_cand_epochs=50
cascade_num_candidate_groups=2
bit_fail_limit=1.00000000000000005551e-01
cascade_candidate_limit=1.00000000000000000000e+03
cascade_weight_multiplier=4.00000000000000022204e-01
cascade_activation_functions_count=10
cascade_activation_functions=3 5 7 8 10 11 14 15 16 17 
cascade_activation_steepnesses_count=4
cascade_activation_steepnesses=2.50000000000000000000e-01 5.00000000000000000000e-01 7.50000000000000000000e-01 1.00000000000000000000e+00 
layer_sizes=9 4 2 
scale_included=0
neurons (num_inputs, activation_function, activation_steepness)=(0, 0, 0.00000000000000000000e+00) (0, 0, 0.00000000000000000000e+00) (0, 0, 0.00000000000000000000e+00) (0, 0, 0.00000000000000000000e+00) (0, 0, 0.00000000000000000000e+00) (0, 0, 0.00000000000000000000e+00) (0, 0, 0.00000000000000000000e+00) (0, 0, 0.00000000000000000000e+00) (0, 0, 0.00000000000000000000e+00) (9, 6, 5.00000000000000000000e-01) (9, 6, 5.00000000000000000000e-01) (9, 6, 5.00000000000000000000e-01) (0, 6, 0.00000000000000000000e+00) (4, 4, 5.00000000000000000000e-01) (0, 4, 0.00000000000000000000e+00) 
connections (connected_to_neuron, weight)=(0, -3.22376018940545350233e-01) (1, 2.32622656584012332814e+00) (2, 5.16511318785362161243e-01) (3, -6.13110088856933244106e-02) (4, 2.29238141685950580495e+00) (5, 2.14430590580933166933e+00) (6, 5.85640033009306171241e-02) (7, -1.02638914673544301426e-01) (8, -1.05211238231941162091e+00) (0, 4.57633856393627413972e-01) (1, -1.28970533807407883309e+00) (2, 1.59725039666152208995e-02) (3, 5.36939482845596560701e-01) (4, -1.28897296090256241463e+00) (5, -1.39492228080164437642e+00) (6, 5.26682275988392123445e-01) (7, 4.70283703045229040107e-01) (8, 1.03521086764746939046e+00) (0, 4.28453451955391959038e-02) (1, 8.42130588362485554832e-01) (2, 8.89636620504074548954e-01) (3, 3.45006804991370819025e-01) (4, 7.14962476859361317771e-01) (5, 8.76136289904386189598e-01) (6, 2.47301020216027567233e-01) (7, 3.93529133761414851023e-01) (8, -8.45616251075209102162e-02) (9, 1.05342227987215490970e+01) (10, -1.05299279115364523562e+01) (11, 3.00274611007252945072e-01) (12, -9.03241424932967773564e-01) 
