FANN_FLO_2.1
num_layers=3
learning_rate=0.700000
connection_rate=1.000000
network_type=0
learning_momentum=0.000000
training_algorithm=2
train_error_function=1
train_stop_function=1
cascade_output_change_fraction=0.010000
quickprop_decay=-0.000100
quickprop_mu=1.750000
rprop_increase_factor=1.200000
rprop_decrease_factor=0.500000
rprop_delta_min=0.000000
rprop_delta_max=50.000000
rprop_delta_zero=0.100000
cascade_output_stagnation_epochs=12
cascade_candidate_change_fraction=0.010000
cascade_candidate_stagnation_epochs=12
cascade_max_out_epochs=150
cascade_min_out_epochs=50
cascade_max_cand_epochs=150
cascade_min_cand_epochs=50
cascade_num_candidate_groups=2
bit_fail_limit=1.00000000000000005551e-01
cascade_candidate_limit=1.00000000000000000000e+03
cascade_weight_multiplier=4.00000000000000022204e-01
cascade_activation_functions_count=10
cascade_activation_functions=3 5 7 8 10 11 14 15 16 17 
cascade_activation_steepnesses_count=4
cascade_activation_steepnesses=2.50000000000000000000e-01 5.00000000000000000000e-01 7.50000000000000000000e-01 1.00000000000000000000e+00 
layer_sizes=17 4 2 
scale_included=0
neurons (num_inputs, activation_function, activation_steepness)=(0, 0, 0.00000000000000000000e+00) (0, 0, 0.00000000000000000000e+00) (0, 0, 0.00000000000000000000e+00) (0, 0, 0.00000000000000000000e+00) (0, 0, 0.00000000000000000000e+00) (0, 0, 0.00000000000000000000e+00) (0, 0, 0.00000000000000000000e+00) (0, 0, 0.00000000000000000000e+00) (0, 0, 0.00000000000000000000e+00) (0, 0, 0.00000000000000000000e+00) (0, 0, 0.00000000000000000000e+00) (0, 0, 0.00000000000000000000e+00) (0, 0, 0.00000000000000000000e+00) (0, 0, 0.00000000000000000000e+00) (0, 0, 0.00000000000000000000e+00) (0, 0, 0.00000000000000000000e+00) (0, 0, 0.00000000000000000000e+00) (17, 6, 5.00000000000000000000e-01) (17, 6, 5.00000000000000000000e-01) (17, 6, 5.00000000000000000000e-01) (0, 6, 0.00000000000000000000e+00) (4, 4, 5.00000000000000000000e-01) (0, 4, 0.00000000000000000000e+00) 
connections (connected_to_neuron, weight)=(0, -3.35669525616986552663e+00) (1, 1.42214299835785085158e+00) (2, 8.56445782852302217592e-01) (3, 1.80992824611766356391e-01) (4, 5.82558784779295124601e-01) (5, 2.75912274742138363681e-01) (6, 4.96608887172854535086e-02) (7, -1.73295687078960022887e-02) (8, 2.85034952856881407257e-01) (9, 9.06901578760741178264e-01) (10, 2.30273104222812802222e-01) (11, 7.72256458538648105083e-01) (12, 2.24817015703819206296e-01) (13, 3.23638772420448750378e-01) (14, -1.03597886717827591951e+00) (15, 2.90192703419011766020e-01) (16, -5.32804488314246649239e-01) (0, -8.36631822854409712420e+00) (1, 2.35771476593768092300e+00) (2, 1.02541139925800339761e+00) (3, 3.05312373424615202122e-02) (4, 2.54530740104425712289e+00) (5, -2.71594188528050617393e-01) (6, -4.14394592826863861212e-01) (7, -5.62482504103200775525e-01) (8, 6.20551547286711940865e-02) (9, 2.24054615791273681324e+00) (10, 3.99111782804612014175e-01) (11, 2.41270493512560335603e+00) (12, 3.00225091648138764366e-01) (13, 1.01867627122410953078e+00) (14, -2.44051258519630653865e+00) (15, 5.88273714192932062339e-01) (16, -1.61625818447874136652e+00) (0, -3.39177181595189347618e+00) (1, 1.38756113025768401670e+00) (2, 3.88793776953348935166e-01) (3, 4.27205991441140353615e-01) (4, 6.52207588800176041310e-01) (5, 1.49282609337342636602e-01) (6, 1.86960474444465313271e-01) (7, -3.67741621970657378560e-02) (8, 4.43108744568214252268e-01) (9, 9.78515085983869714603e-01) (10, 3.62486382635631931848e-01) (11, 8.73129282589548139093e-01) (12, 1.41985683914325949706e-01) (13, 2.89214868597550245344e-01) (14, -1.03355587995560416203e+00) (15, 3.79439690523427963775e-01) (16, -5.75535960866068951880e-01) (17, 1.84937879661694104527e+00) (18, 1.01887721301950708863e+01) (19, 5.69503874860441161587e+00) (20, -2.70696644430586363939e+00) 
