FANN_FLO_2.1
num_layers=3
learning_rate=0.700000
connection_rate=1.000000
network_type=0
learning_momentum=0.000000
training_algorithm=2
train_error_function=1
train_stop_function=1
cascade_output_change_fraction=0.010000
quickprop_decay=-0.000100
quickprop_mu=1.750000
rprop_increase_factor=1.200000
rprop_decrease_factor=0.500000
rprop_delta_min=0.000000
rprop_delta_max=50.000000
rprop_delta_zero=0.100000
cascade_output_stagnation_epochs=12
cascade_candidate_change_fraction=0.010000
cascade_candidate_stagnation_epochs=12
cascade_max_out_epochs=150
cascade_min_out_epochs=50
cascade_max_cand_epochs=150
cascade_min_cand_epochs=50
cascade_num_candidate_groups=2
bit_fail_limit=1.00000000000000005551e-01
cascade_candidate_limit=1.00000000000000000000e+03
cascade_weight_multiplier=4.00000000000000022204e-01
cascade_activation_functions_count=10
cascade_activation_functions=3 5 7 8 10 11 14 15 16 17 
cascade_activation_steepnesses_count=4
cascade_activation_steepnesses=2.50000000000000000000e-01 5.00000000000000000000e-01 7.50000000000000000000e-01 1.00000000000000000000e+00 
layer_sizes=7 4 2 
scale_included=0
neurons (num_inputs, activation_function, activation_steepness)=(0, 0, 0.00000000000000000000e+00) (0, 0, 0.00000000000000000000e+00) (0, 0, 0.00000000000000000000e+00) (0, 0, 0.00000000000000000000e+00) (0, 0, 0.00000000000000000000e+00) (0, 0, 0.00000000000000000000e+00) (0, 0, 0.00000000000000000000e+00) (7, 6, 5.00000000000000000000e-01) (7, 6, 5.00000000000000000000e-01) (7, 6, 5.00000000000000000000e-01) (0, 6, 0.00000000000000000000e+00) (4, 4, 5.00000000000000000000e-01) (0, 4, 0.00000000000000000000e+00) 
connections (connected_to_neuron, weight)=(0, 2.10257931677180742724e+00) (1, -1.79410742633071373930e+00) (2, -2.37946842998473595543e+00) (3, 9.54193870166648250297e-01) (4, 1.29759587453554847691e+00) (5, 1.52136872124718047772e+00) (6, 9.69243089298117976860e-01) (0, 2.68398849935577121784e+00) (1, -1.89701475612845849028e+00) (2, -3.01259284298610907626e+00) (3, 1.21521769184923145168e+00) (4, 1.33326545463751533482e+00) (5, 1.81072061893474556271e+00) (6, 1.12350102979993793362e+00) (0, -3.89918523674833306103e+00) (1, 7.03366836867479339190e+00) (2, 1.39788561485031485876e-02) (3, -1.36640308814590305531e+00) (4, -2.06532231303532531896e+00) (5, -1.53161004775777209730e+00) (6, -4.84536035410440490967e-01) (7, -7.08956326336152731216e+00) (8, -7.00558122784383474624e+00) (9, 1.43171562392585860479e+00) (10, -1.18810415795694668262e+00) 
