FANN_FLO_2.1
num_layers=3
learning_rate=0.700000
connection_rate=1.000000
network_type=0
learning_momentum=0.000000
training_algorithm=2
train_error_function=1
train_stop_function=1
cascade_output_change_fraction=0.010000
quickprop_decay=-0.000100
quickprop_mu=1.750000
rprop_increase_factor=1.200000
rprop_decrease_factor=0.500000
rprop_delta_min=0.000000
rprop_delta_max=50.000000
rprop_delta_zero=0.100000
cascade_output_stagnation_epochs=12
cascade_candidate_change_fraction=0.010000
cascade_candidate_stagnation_epochs=12
cascade_max_out_epochs=150
cascade_min_out_epochs=50
cascade_max_cand_epochs=150
cascade_min_cand_epochs=50
cascade_num_candidate_groups=2
bit_fail_limit=1.00000000000000005551e-01
cascade_candidate_limit=1.00000000000000000000e+03
cascade_weight_multiplier=4.00000000000000022204e-01
cascade_activation_functions_count=10
cascade_activation_functions=3 5 7 8 10 11 14 15 16 17 
cascade_activation_steepnesses_count=4
cascade_activation_steepnesses=2.50000000000000000000e-01 5.00000000000000000000e-01 7.50000000000000000000e-01 1.00000000000000000000e+00 
layer_sizes=9 4 2 
scale_included=0
neurons (num_inputs, activation_function, activation_steepness)=(0, 0, 0.00000000000000000000e+00) (0, 0, 0.00000000000000000000e+00) (0, 0, 0.00000000000000000000e+00) (0, 0, 0.00000000000000000000e+00) (0, 0, 0.00000000000000000000e+00) (0, 0, 0.00000000000000000000e+00) (0, 0, 0.00000000000000000000e+00) (0, 0, 0.00000000000000000000e+00) (0, 0, 0.00000000000000000000e+00) (9, 6, 5.00000000000000000000e-01) (9, 6, 5.00000000000000000000e-01) (9, 6, 5.00000000000000000000e-01) (0, 6, 0.00000000000000000000e+00) (4, 4, 5.00000000000000000000e-01) (0, 4, 0.00000000000000000000e+00) 
connections (connected_to_neuron, weight)=(0, -4.59050009250114632309e-01) (1, 5.71710673006064262758e-01) (2, 4.40625556317832423048e+00) (3, 7.32039892431424421559e-01) (4, 4.76914108927275037786e-01) (5, -5.30586477737148773381e-02) (6, 9.52621938430131542930e-01) (7, 3.73197943768000750531e-01) (8, -1.28547708249203279651e-01) (0, 2.89053375061646766753e+00) (1, -3.24788867357342747599e-01) (2, -2.48426452149988641338e+00) (3, -2.17688048141364642873e+00) (4, -8.42346094096389608197e-01) (5, 7.59733642002154652140e-01) (6, -1.40461997822799167235e-01) (7, -2.98313980674930245840e+00) (8, 1.65316634867451273117e+00) (0, -1.26693039309966071215e+00) (1, 1.24269252333864610449e+00) (2, 1.78048127341117057298e+00) (3, 2.23525517171432985819e+00) (4, 7.09941525937810569147e-01) (5, -3.59449377135541925377e-01) (6, 1.16845393933737873304e+00) (7, 1.56569740099666954158e+00) (8, -1.27324577879231060074e+00) (9, 8.60758918116496296591e-01) (10, -3.55468910521203218522e+00) (11, 2.60644091096846679534e+01) (12, -1.27286024104874218033e+00) 
