FANN_FLO_2.1
num_layers=3
learning_rate=0.700000
connection_rate=1.000000
network_type=0
learning_momentum=0.000000
training_algorithm=2
train_error_function=1
train_stop_function=1
cascade_output_change_fraction=0.010000
quickprop_decay=-0.000100
quickprop_mu=1.750000
rprop_increase_factor=1.200000
rprop_decrease_factor=0.500000
rprop_delta_min=0.000000
rprop_delta_max=50.000000
rprop_delta_zero=0.100000
cascade_output_stagnation_epochs=12
cascade_candidate_change_fraction=0.010000
cascade_candidate_stagnation_epochs=12
cascade_max_out_epochs=150
cascade_min_out_epochs=50
cascade_max_cand_epochs=150
cascade_min_cand_epochs=50
cascade_num_candidate_groups=2
bit_fail_limit=1.00000000000000005551e-01
cascade_candidate_limit=1.00000000000000000000e+03
cascade_weight_multiplier=4.00000000000000022204e-01
cascade_activation_functions_count=10
cascade_activation_functions=3 5 7 8 10 11 14 15 16 17 
cascade_activation_steepnesses_count=4
cascade_activation_steepnesses=2.50000000000000000000e-01 5.00000000000000000000e-01 7.50000000000000000000e-01 1.00000000000000000000e+00 
layer_sizes=12 4 2 
scale_included=0
neurons (num_inputs, activation_function, activation_steepness)=(0, 0, 0.00000000000000000000e+00) (0, 0, 0.00000000000000000000e+00) (0, 0, 0.00000000000000000000e+00) (0, 0, 0.00000000000000000000e+00) (0, 0, 0.00000000000000000000e+00) (0, 0, 0.00000000000000000000e+00) (0, 0, 0.00000000000000000000e+00) (0, 0, 0.00000000000000000000e+00) (0, 0, 0.00000000000000000000e+00) (0, 0, 0.00000000000000000000e+00) (0, 0, 0.00000000000000000000e+00) (0, 0, 0.00000000000000000000e+00) (12, 6, 5.00000000000000000000e-01) (12, 6, 5.00000000000000000000e-01) (12, 6, 5.00000000000000000000e-01) (0, 6, 0.00000000000000000000e+00) (4, 4, 5.00000000000000000000e-01) (0, 4, 0.00000000000000000000e+00) 
connections (connected_to_neuron, weight)=(0, 5.74280326868304213939e-01) (1, -1.09835675472176896861e+00) (2, -7.94377861095836190763e-01) (3, 5.30908717723814760348e-02) (4, -3.69485953764858843229e+00) (5, -8.73339149531564440387e-01) (6, 9.17330024390558218528e-01) (7, 2.07259599527016424858e+00) (8, -1.53146716048973940971e+00) (9, 1.42495114272418255119e+00) (10, -1.58938348357470426997e+00) (11, 1.16098382755679829792e+00) (0, 4.96503249889885756030e-01) (1, -9.75750950460608890147e-01) (2, -8.45978370833079251767e-01) (3, 4.32146979950306722729e-02) (4, -1.88766408212003700129e+00) (5, -9.27151341196611689099e-01) (6, 8.45455816799389414662e-01) (7, 2.27642230238002030163e+00) (8, -1.48667724884815233288e+00) (9, 1.42585467401431320589e+00) (10, -1.63701260154040251216e+00) (11, 1.14243510052127583698e+00) (0, 1.59300835254569284061e+00) (1, 7.43842511809230888531e-01) (2, 3.85730647232094214782e-01) (3, 2.21967387417216915901e-01) (4, -1.37614516325263142038e-01) (5, 3.72991553667424202700e-01) (6, 3.36560941740252472787e-01) (7, 9.00059143076707535158e-01) (8, 6.56335221600980900369e-01) (9, 4.57337559108903612959e-01) (10, 6.38376026761617421101e-01) (11, -1.34204237546198212883e+00) (12, -8.29047819307731259642e+00) (13, -1.61133432958867039986e+01) (14, 1.28429835175454712726e+02) (15, -2.05261168245332603632e+00) 
