FANN_FLO_2.1
num_layers=3
learning_rate=0.700000
connection_rate=1.000000
network_type=0
learning_momentum=0.000000
training_algorithm=2
train_error_function=1
train_stop_function=1
cascade_output_change_fraction=0.010000
quickprop_decay=-0.000100
quickprop_mu=1.750000
rprop_increase_factor=1.200000
rprop_decrease_factor=0.500000
rprop_delta_min=0.000000
rprop_delta_max=50.000000
rprop_delta_zero=0.100000
cascade_output_stagnation_epochs=12
cascade_candidate_change_fraction=0.010000
cascade_candidate_stagnation_epochs=12
cascade_max_out_epochs=150
cascade_min_out_epochs=50
cascade_max_cand_epochs=150
cascade_min_cand_epochs=50
cascade_num_candidate_groups=2
bit_fail_limit=1.00000000000000005551e-01
cascade_candidate_limit=1.00000000000000000000e+03
cascade_weight_multiplier=4.00000000000000022204e-01
cascade_activation_functions_count=10
cascade_activation_functions=3 5 7 8 10 11 14 15 16 17 
cascade_activation_steepnesses_count=4
cascade_activation_steepnesses=2.50000000000000000000e-01 5.00000000000000000000e-01 7.50000000000000000000e-01 1.00000000000000000000e+00 
layer_sizes=6 4 2 
scale_included=0
neurons (num_inputs, activation_function, activation_steepness)=(0, 0, 0.00000000000000000000e+00) (0, 0, 0.00000000000000000000e+00) (0, 0, 0.00000000000000000000e+00) (0, 0, 0.00000000000000000000e+00) (0, 0, 0.00000000000000000000e+00) (0, 0, 0.00000000000000000000e+00) (6, 6, 5.00000000000000000000e-01) (6, 6, 5.00000000000000000000e-01) (6, 6, 5.00000000000000000000e-01) (0, 6, 0.00000000000000000000e+00) (4, 4, 5.00000000000000000000e-01) (0, 4, 0.00000000000000000000e+00) 
connections (connected_to_neuron, weight)=(0, 3.27080297994479529677e+00) (1, -1.14916185295787198761e+00) (2, 4.23028641234234381585e+00) (3, -1.14777570062793521366e+00) (4, 1.91540500292228532686e+00) (5, 5.71373362003777707230e+00) (0, -2.35136545107443728497e+00) (1, 2.11093945795610293814e+00) (2, 1.38239301872276976191e+00) (3, 3.47548038329514730194e+00) (4, -7.19434481758489674519e-01) (5, -3.18632301523035277313e+00) (0, 2.23764268695631729500e+00) (1, -1.81054596422156199864e+00) (2, -3.99203057537651839759e-01) (3, -4.08815251441443816560e-01) (4, 2.26251937545350959025e-02) (5, 5.10697560720275278712e-01) (6, -1.40645332613350260154e+00) (7, 8.87395391437469811535e+01) (8, -1.22245307328596308771e+00) (9, -1.33956801125170099631e+00) 
