FANN_FLO_2.1
num_layers=3
learning_rate=0.700000
connection_rate=1.000000
network_type=0
learning_momentum=0.000000
training_algorithm=2
train_error_function=1
train_stop_function=1
cascade_output_change_fraction=0.010000
quickprop_decay=-0.000100
quickprop_mu=1.750000
rprop_increase_factor=1.200000
rprop_decrease_factor=0.500000
rprop_delta_min=0.000000
rprop_delta_max=50.000000
rprop_delta_zero=0.100000
cascade_output_stagnation_epochs=12
cascade_candidate_change_fraction=0.010000
cascade_candidate_stagnation_epochs=12
cascade_max_out_epochs=150
cascade_min_out_epochs=50
cascade_max_cand_epochs=150
cascade_min_cand_epochs=50
cascade_num_candidate_groups=2
bit_fail_limit=1.00000000000000005551e-01
cascade_candidate_limit=1.00000000000000000000e+03
cascade_weight_multiplier=4.00000000000000022204e-01
cascade_activation_functions_count=10
cascade_activation_functions=3 5 7 8 10 11 14 15 16 17 
cascade_activation_steepnesses_count=4
cascade_activation_steepnesses=2.50000000000000000000e-01 5.00000000000000000000e-01 7.50000000000000000000e-01 1.00000000000000000000e+00 
layer_sizes=10 4 2 
scale_included=0
neurons (num_inputs, activation_function, activation_steepness)=(0, 0, 0.00000000000000000000e+00) (0, 0, 0.00000000000000000000e+00) (0, 0, 0.00000000000000000000e+00) (0, 0, 0.00000000000000000000e+00) (0, 0, 0.00000000000000000000e+00) (0, 0, 0.00000000000000000000e+00) (0, 0, 0.00000000000000000000e+00) (0, 0, 0.00000000000000000000e+00) (0, 0, 0.00000000000000000000e+00) (0, 0, 0.00000000000000000000e+00) (10, 6, 5.00000000000000000000e-01) (10, 6, 5.00000000000000000000e-01) (10, 6, 5.00000000000000000000e-01) (0, 6, 0.00000000000000000000e+00) (4, 4, 5.00000000000000000000e-01) (0, 4, 0.00000000000000000000e+00) 
connections (connected_to_neuron, weight)=(0, 2.78256007169306096571e+00) (1, -1.90924661345212132169e+00) (2, -1.04650691811651630481e+00) (3, 1.33327192743085731763e+00) (4, -5.42050093334377969256e+00) (5, 1.73700727169291990748e+00) (6, 4.29075446297141471774e+00) (7, 4.75069340356961955507e+00) (8, -3.28729644880815774499e+00) (9, 3.23173414786186441461e+00) (0, -2.35509271046460133547e+00) (1, 2.44726110763223392297e+00) (2, 2.03350801162638017416e+00) (3, -6.33816079005474541930e-01) (4, 2.74571998826873020505e+00) (5, 2.15345807185509041659e+00) (6, -7.60119344668486518479e-01) (7, -9.10618626049859991589e-01) (8, 1.23754043746883346522e+00) (9, -2.53013916641891922765e+00) (0, -2.30212041607439932278e+00) (1, 2.01757550082902170629e+00) (2, 2.14377065889753559702e+00) (3, -7.50735554489615708462e-01) (4, 2.71874650232207493161e+00) (5, 3.48975147277391473111e+00) (6, -1.02060901080934396390e+00) (7, -1.22726337775437732702e+00) (8, 1.28751756493145896876e+00) (9, -2.59167217046440567785e+00) (10, -1.34218240162274593530e+00) (11, 1.29681365862026112268e+01) (12, 5.81399868904990491103e+00) (13, -1.31273140109999575387e+00) 
