FANN_FLO_2.1
num_layers=3
learning_rate=0.700000
connection_rate=1.000000
network_type=0
learning_momentum=0.000000
training_algorithm=2
train_error_function=1
train_stop_function=1
cascade_output_change_fraction=0.010000
quickprop_decay=-0.000100
quickprop_mu=1.750000
rprop_increase_factor=1.200000
rprop_decrease_factor=0.500000
rprop_delta_min=0.000000
rprop_delta_max=50.000000
rprop_delta_zero=0.100000
cascade_output_stagnation_epochs=12
cascade_candidate_change_fraction=0.010000
cascade_candidate_stagnation_epochs=12
cascade_max_out_epochs=150
cascade_min_out_epochs=50
cascade_max_cand_epochs=150
cascade_min_cand_epochs=50
cascade_num_candidate_groups=2
bit_fail_limit=1.00000000000000005551e-01
cascade_candidate_limit=1.00000000000000000000e+03
cascade_weight_multiplier=4.00000000000000022204e-01
cascade_activation_functions_count=10
cascade_activation_functions=3 5 7 8 10 11 14 15 16 17 
cascade_activation_steepnesses_count=4
cascade_activation_steepnesses=2.50000000000000000000e-01 5.00000000000000000000e-01 7.50000000000000000000e-01 1.00000000000000000000e+00 
layer_sizes=14 4 2 
scale_included=0
neurons (num_inputs, activation_function, activation_steepness)=(0, 0, 0.00000000000000000000e+00) (0, 0, 0.00000000000000000000e+00) (0, 0, 0.00000000000000000000e+00) (0, 0, 0.00000000000000000000e+00) (0, 0, 0.00000000000000000000e+00) (0, 0, 0.00000000000000000000e+00) (0, 0, 0.00000000000000000000e+00) (0, 0, 0.00000000000000000000e+00) (0, 0, 0.00000000000000000000e+00) (0, 0, 0.00000000000000000000e+00) (0, 0, 0.00000000000000000000e+00) (0, 0, 0.00000000000000000000e+00) (0, 0, 0.00000000000000000000e+00) (0, 0, 0.00000000000000000000e+00) (14, 6, 5.00000000000000000000e-01) (14, 6, 5.00000000000000000000e-01) (14, 6, 5.00000000000000000000e-01) (0, 6, 0.00000000000000000000e+00) (4, 4, 5.00000000000000000000e-01) (0, 4, 0.00000000000000000000e+00) 
connections (connected_to_neuron, weight)=(0, -3.65326061133349755394e-01) (1, 5.66354415237651842574e-01) (2, 4.75981825000748426380e-01) (3, -1.34209404532460607751e-01) (4, 8.10517822811488386492e+00) (5, 1.63058865383630502421e+00) (6, 2.80580696548451102856e+00) (7, -1.95349409445753430248e+00) (8, 3.19829489844741243765e-01) (9, -3.44701114603372382739e-01) (10, 8.22084165597442861895e+00) (11, -1.24303117100772464454e-02) (12, 5.30835991906952187058e-01) (13, 1.06788811149139600820e-01) (0, -5.41845993913712353773e-01) (1, 9.19372618658990781171e-01) (2, 1.30602111525309122486e-01) (3, -6.18415049597770050127e-01) (4, 1.97236355663393325699e+01) (5, 1.21114573519712021010e+00) (6, 2.55798367138136528709e+00) (7, -6.69510527496097296307e+00) (8, 5.75714225761062459163e-01) (9, -7.94044733096454180554e-01) (10, 1.96752458409522361649e+01) (11, -3.71289030697909638867e-01) (12, 5.85422389263779319180e-01) (13, -1.38989708998662475636e-01) (0, 1.18520856980664501812e+00) (1, -1.83328421488230985936e+00) (2, -3.07827728324581439967e-01) (3, 6.31930660534744781387e-01) (4, -8.25094058218536119398e+00) (5, 1.39506629456782249576e+00) (6, 5.65241888957356053425e-01) (7, 8.04697820084221149273e+00) (8, -1.99407515562901149764e-01) (9, 5.66030919126519194151e+00) (10, 2.11152484319068722840e+00) (11, 1.91376772390597604812e+00) (12, 3.23343787935829141134e+00) (13, 5.31957669742466388030e-01) (14, 3.56542985514074040054e-01) (15, 9.81339042637463521146e+00) (16, -5.87066504113754383809e+00) (17, -4.80236104590155199467e-01) 
