FANN_FLO_2.1
num_layers=3
learning_rate=0.700000
connection_rate=1.000000
network_type=0
learning_momentum=0.000000
training_algorithm=2
train_error_function=1
train_stop_function=1
cascade_output_change_fraction=0.010000
quickprop_decay=-0.000100
quickprop_mu=1.750000
rprop_increase_factor=1.200000
rprop_decrease_factor=0.500000
rprop_delta_min=0.000000
rprop_delta_max=50.000000
rprop_delta_zero=0.100000
cascade_output_stagnation_epochs=12
cascade_candidate_change_fraction=0.010000
cascade_candidate_stagnation_epochs=12
cascade_max_out_epochs=150
cascade_min_out_epochs=50
cascade_max_cand_epochs=150
cascade_min_cand_epochs=50
cascade_num_candidate_groups=2
bit_fail_limit=1.00000000000000005551e-01
cascade_candidate_limit=1.00000000000000000000e+03
cascade_weight_multiplier=4.00000000000000022204e-01
cascade_activation_functions_count=10
cascade_activation_functions=3 5 7 8 10 11 14 15 16 17 
cascade_activation_steepnesses_count=4
cascade_activation_steepnesses=2.50000000000000000000e-01 5.00000000000000000000e-01 7.50000000000000000000e-01 1.00000000000000000000e+00 
layer_sizes=10 4 2 
scale_included=0
neurons (num_inputs, activation_function, activation_steepness)=(0, 0, 0.00000000000000000000e+00) (0, 0, 0.00000000000000000000e+00) (0, 0, 0.00000000000000000000e+00) (0, 0, 0.00000000000000000000e+00) (0, 0, 0.00000000000000000000e+00) (0, 0, 0.00000000000000000000e+00) (0, 0, 0.00000000000000000000e+00) (0, 0, 0.00000000000000000000e+00) (0, 0, 0.00000000000000000000e+00) (0, 0, 0.00000000000000000000e+00) (10, 6, 5.00000000000000000000e-01) (10, 6, 5.00000000000000000000e-01) (10, 6, 5.00000000000000000000e-01) (0, 6, 0.00000000000000000000e+00) (4, 4, 5.00000000000000000000e-01) (0, 4, 0.00000000000000000000e+00) 
connections (connected_to_neuron, weight)=(0, 4.35362817936609178271e-02) (1, -4.43193253166235742735e-02) (2, -9.31402787419434829985e-01) (3, 1.01562764287295492771e+00) (4, -4.20634802896547033146e-01) (5, -7.17474753420284216965e-01) (6, 5.88987021044224734467e-01) (7, 7.44004681216098084917e-01) (8, -4.16825848547010047174e-01) (9, 1.00881700732166124101e-01) (0, -3.43852880243872061072e+00) (1, 3.52748293182066907647e+00) (2, 2.94248414337996289092e+00) (3, 8.31524337135884639149e-03) (4, 3.75205973795775982182e+00) (5, 3.64685996702900805388e+00) (6, -2.58247576974352233137e+00) (7, -2.55046446569283835615e+00) (8, 2.58056622870900609357e+00) (9, -3.91698728807719875888e+00) (0, -3.36176748965595617591e+00) (1, 3.66796301057747742291e+00) (2, 2.94328542352083966094e+00) (3, 1.38569981404176700845e-01) (4, 3.81474817804221721929e+00) (5, 3.60615073225489624065e+00) (6, -2.58309380285461775983e+00) (7, -2.47836653836091391767e+00) (8, 2.52985294290521034455e+00) (9, -3.95138745688351322727e+00) (10, -5.00155136663164689992e-01) (11, 7.38597446653114886317e+00) (12, 7.37428438636528582606e+00) (13, -8.41517890112467248365e-01) 
