FANN_FLO_2.1
num_layers=3
learning_rate=0.700000
connection_rate=1.000000
network_type=0
learning_momentum=0.000000
training_algorithm=2
train_error_function=1
train_stop_function=1
cascade_output_change_fraction=0.010000
quickprop_decay=-0.000100
quickprop_mu=1.750000
rprop_increase_factor=1.200000
rprop_decrease_factor=0.500000
rprop_delta_min=0.000000
rprop_delta_max=50.000000
rprop_delta_zero=0.100000
cascade_output_stagnation_epochs=12
cascade_candidate_change_fraction=0.010000
cascade_candidate_stagnation_epochs=12
cascade_max_out_epochs=150
cascade_min_out_epochs=50
cascade_max_cand_epochs=150
cascade_min_cand_epochs=50
cascade_num_candidate_groups=2
bit_fail_limit=1.00000000000000005551e-01
cascade_candidate_limit=1.00000000000000000000e+03
cascade_weight_multiplier=4.00000000000000022204e-01
cascade_activation_functions_count=10
cascade_activation_functions=3 5 7 8 10 11 14 15 16 17 
cascade_activation_steepnesses_count=4
cascade_activation_steepnesses=2.50000000000000000000e-01 5.00000000000000000000e-01 7.50000000000000000000e-01 1.00000000000000000000e+00 
layer_sizes=12 4 2 
scale_included=0
neurons (num_inputs, activation_function, activation_steepness)=(0, 0, 0.00000000000000000000e+00) (0, 0, 0.00000000000000000000e+00) (0, 0, 0.00000000000000000000e+00) (0, 0, 0.00000000000000000000e+00) (0, 0, 0.00000000000000000000e+00) (0, 0, 0.00000000000000000000e+00) (0, 0, 0.00000000000000000000e+00) (0, 0, 0.00000000000000000000e+00) (0, 0, 0.00000000000000000000e+00) (0, 0, 0.00000000000000000000e+00) (0, 0, 0.00000000000000000000e+00) (0, 0, 0.00000000000000000000e+00) (12, 6, 5.00000000000000000000e-01) (12, 6, 5.00000000000000000000e-01) (12, 6, 5.00000000000000000000e-01) (0, 6, 0.00000000000000000000e+00) (4, 4, 5.00000000000000000000e-01) (0, 4, 0.00000000000000000000e+00) 
connections (connected_to_neuron, weight)=(0, -1.42519637596900872190e+00) (1, -1.61442535847788581904e+00) (2, -1.07323852593738289229e+00) (3, -3.28235149406265580563e-01) (4, -3.62151326325321210042e-01) (5, -9.04653103128524732623e-02) (6, -1.72829934028918708044e+00) (7, -4.53133189454699297771e-02) (8, -1.10130945462566498527e+00) (9, -1.42902264528121469844e+00) (10, -1.04554885229873018027e+00) (11, 2.73417418345002261049e+00) (0, -1.07363322764683877253e+00) (1, -1.31989474205607693058e+00) (2, -1.55663328152233715329e-01) (3, -5.41451960231879247942e-01) (4, -3.42943692610980732649e-01) (5, -4.88461814224612822510e-01) (6, -1.33719220806047722760e+00) (7, -3.77161815853607251814e-01) (8, 2.81345311093038008554e-01) (9, -1.61781943894069701884e+00) (10, -1.18394026313168018727e-01) (11, 1.82691972572916649931e+00) (0, 1.09330382844607267856e+01) (1, 1.25121179578389130072e+00) (2, 1.33252976301082259880e+00) (3, 1.12916707539977012598e-01) (4, 4.21959460023213328572e-01) (5, 5.82834218413994298302e-01) (6, 9.24806796121749208339e-01) (7, 1.14432773731345283075e+00) (8, 6.69090277388709964157e+00) (9, 1.18454719796404872589e+00) (10, 1.43472082804895806341e+00) (11, -3.17593162749251778365e+00) (12, -3.33415802201954249995e+01) (13, -2.06288494312220116456e+01) (14, 1.47902417663186174224e+01) (15, -2.17289624853232021806e+00) 
