FANN_FLO_2.1
num_layers=3
learning_rate=0.700000
connection_rate=1.000000
network_type=0
learning_momentum=0.000000
training_algorithm=2
train_error_function=1
train_stop_function=1
cascade_output_change_fraction=0.010000
quickprop_decay=-0.000100
quickprop_mu=1.750000
rprop_increase_factor=1.200000
rprop_decrease_factor=0.500000
rprop_delta_min=0.000000
rprop_delta_max=50.000000
rprop_delta_zero=0.100000
cascade_output_stagnation_epochs=12
cascade_candidate_change_fraction=0.010000
cascade_candidate_stagnation_epochs=12
cascade_max_out_epochs=150
cascade_min_out_epochs=50
cascade_max_cand_epochs=150
cascade_min_cand_epochs=50
cascade_num_candidate_groups=2
bit_fail_limit=1.00000000000000005551e-01
cascade_candidate_limit=1.00000000000000000000e+03
cascade_weight_multiplier=4.00000000000000022204e-01
cascade_activation_functions_count=10
cascade_activation_functions=3 5 7 8 10 11 14 15 16 17 
cascade_activation_steepnesses_count=4
cascade_activation_steepnesses=2.50000000000000000000e-01 5.00000000000000000000e-01 7.50000000000000000000e-01 1.00000000000000000000e+00 
layer_sizes=11 4 2 
scale_included=0
neurons (num_inputs, activation_function, activation_steepness)=(0, 0, 0.00000000000000000000e+00) (0, 0, 0.00000000000000000000e+00) (0, 0, 0.00000000000000000000e+00) (0, 0, 0.00000000000000000000e+00) (0, 0, 0.00000000000000000000e+00) (0, 0, 0.00000000000000000000e+00) (0, 0, 0.00000000000000000000e+00) (0, 0, 0.00000000000000000000e+00) (0, 0, 0.00000000000000000000e+00) (0, 0, 0.00000000000000000000e+00) (0, 0, 0.00000000000000000000e+00) (11, 6, 5.00000000000000000000e-01) (11, 6, 5.00000000000000000000e-01) (11, 6, 5.00000000000000000000e-01) (0, 6, 0.00000000000000000000e+00) (4, 4, 5.00000000000000000000e-01) (0, 4, 0.00000000000000000000e+00) 
connections (connected_to_neuron, weight)=(0, 4.01592859514890854200e+00) (1, -1.70784254267839297192e+00) (2, -2.16939949368788287387e+00) (3, -2.23397993476767720011e+00) (4, -1.43245454288139328902e+00) (5, -2.87479793539786698808e-01) (6, -3.97484000105361712230e+00) (7, 2.24767064230359137067e-01) (8, 1.37372818608722679912e+00) (9, -1.59011828942153399247e+00) (10, 3.33521851106415612165e+00) (0, -3.56023162969963991031e+00) (1, 3.44124159149694763826e+00) (2, 1.81833795624606953112e+00) (3, 3.47276157113180472535e+00) (4, 2.63814802008572701908e+00) (5, 1.08490304319183938908e-01) (6, 3.05527472198310334761e+00) (7, 1.75714129801375973372e+00) (8, 3.50578576216289516942e-01) (9, 2.04494493180983116787e+00) (10, -3.55090619990246736393e+00) (0, -1.82766448654912760929e-01) (1, 2.21230849141883345599e-01) (2, 8.14347351603754293636e-02) (3, 4.64239530912345724212e-02) (4, 2.93450970721971904354e-01) (5, -4.95941258205481072530e-01) (6, 2.37099936485185597279e-01) (7, 6.06935735019156971659e-02) (8, 2.30250694516255072219e-01) (9, 2.37232254116889834661e-01) (10, -1.73840993948972538652e-01) (11, -5.40344291635479034852e+00) (12, 1.78326217377571474287e+01) (13, 1.87258902809909488774e+00) (14, -9.93126893722393044861e-01) 
