FANN_FLO_2.1
num_layers=3
learning_rate=0.700000
connection_rate=1.000000
network_type=0
learning_momentum=0.000000
training_algorithm=2
train_error_function=1
train_stop_function=1
cascade_output_change_fraction=0.010000
quickprop_decay=-0.000100
quickprop_mu=1.750000
rprop_increase_factor=1.200000
rprop_decrease_factor=0.500000
rprop_delta_min=0.000000
rprop_delta_max=50.000000
rprop_delta_zero=0.100000
cascade_output_stagnation_epochs=12
cascade_candidate_change_fraction=0.010000
cascade_candidate_stagnation_epochs=12
cascade_max_out_epochs=150
cascade_min_out_epochs=50
cascade_max_cand_epochs=150
cascade_min_cand_epochs=50
cascade_num_candidate_groups=2
bit_fail_limit=1.00000000000000005551e-01
cascade_candidate_limit=1.00000000000000000000e+03
cascade_weight_multiplier=4.00000000000000022204e-01
cascade_activation_functions_count=10
cascade_activation_functions=3 5 7 8 10 11 14 15 16 17 
cascade_activation_steepnesses_count=4
cascade_activation_steepnesses=2.50000000000000000000e-01 5.00000000000000000000e-01 7.50000000000000000000e-01 1.00000000000000000000e+00 
layer_sizes=6 4 2 
scale_included=0
neurons (num_inputs, activation_function, activation_steepness)=(0, 0, 0.00000000000000000000e+00) (0, 0, 0.00000000000000000000e+00) (0, 0, 0.00000000000000000000e+00) (0, 0, 0.00000000000000000000e+00) (0, 0, 0.00000000000000000000e+00) (0, 0, 0.00000000000000000000e+00) (6, 6, 5.00000000000000000000e-01) (6, 6, 5.00000000000000000000e-01) (6, 6, 5.00000000000000000000e-01) (0, 6, 0.00000000000000000000e+00) (4, 4, 5.00000000000000000000e-01) (0, 4, 0.00000000000000000000e+00) 
connections (connected_to_neuron, weight)=(0, -6.89419770888376337581e+00) (1, -4.66566119441279258950e+00) (2, -3.15746408544686563147e+00) (3, 3.19498756334923195155e+00) (4, -3.49911752295589328909e+00) (5, 6.88119461367454388068e+00) (0, -6.73701181910324198299e+00) (1, -4.71475505554565277322e+00) (2, -3.18445065461304910315e+00) (3, 3.31707262799881386073e+00) (4, -3.47280369651412845755e+00) (5, 6.82560767958488323615e+00) (0, -1.34128892559508683391e+00) (1, -1.36162083095933894583e+00) (2, 2.71375819763159720210e-01) (3, 1.34538514014220278447e+00) (4, -5.52848167155691516683e-01) (5, 8.38388851896749609516e-01) (6, -1.28392801025365997702e+02) (7, -1.28302414552723575980e+02) (8, -1.70167429879062037656e+00) (9, -1.50051474250521654774e+00) 
