FANN_FLO_2.1
num_layers=3
learning_rate=0.700000
connection_rate=1.000000
network_type=0
learning_momentum=0.000000
training_algorithm=2
train_error_function=1
train_stop_function=1
cascade_output_change_fraction=0.010000
quickprop_decay=-0.000100
quickprop_mu=1.750000
rprop_increase_factor=1.200000
rprop_decrease_factor=0.500000
rprop_delta_min=0.000000
rprop_delta_max=50.000000
rprop_delta_zero=0.100000
cascade_output_stagnation_epochs=12
cascade_candidate_change_fraction=0.010000
cascade_candidate_stagnation_epochs=12
cascade_max_out_epochs=150
cascade_min_out_epochs=50
cascade_max_cand_epochs=150
cascade_min_cand_epochs=50
cascade_num_candidate_groups=2
bit_fail_limit=1.00000000000000005551e-01
cascade_candidate_limit=1.00000000000000000000e+03
cascade_weight_multiplier=4.00000000000000022204e-01
cascade_activation_functions_count=10
cascade_activation_functions=3 5 7 8 10 11 14 15 16 17 
cascade_activation_steepnesses_count=4
cascade_activation_steepnesses=2.50000000000000000000e-01 5.00000000000000000000e-01 7.50000000000000000000e-01 1.00000000000000000000e+00 
layer_sizes=15 4 2 
scale_included=0
neurons (num_inputs, activation_function, activation_steepness)=(0, 0, 0.00000000000000000000e+00) (0, 0, 0.00000000000000000000e+00) (0, 0, 0.00000000000000000000e+00) (0, 0, 0.00000000000000000000e+00) (0, 0, 0.00000000000000000000e+00) (0, 0, 0.00000000000000000000e+00) (0, 0, 0.00000000000000000000e+00) (0, 0, 0.00000000000000000000e+00) (0, 0, 0.00000000000000000000e+00) (0, 0, 0.00000000000000000000e+00) (0, 0, 0.00000000000000000000e+00) (0, 0, 0.00000000000000000000e+00) (0, 0, 0.00000000000000000000e+00) (0, 0, 0.00000000000000000000e+00) (0, 0, 0.00000000000000000000e+00) (15, 6, 5.00000000000000000000e-01) (15, 6, 5.00000000000000000000e-01) (15, 6, 5.00000000000000000000e-01) (0, 6, 0.00000000000000000000e+00) (4, 4, 5.00000000000000000000e-01) (0, 4, 0.00000000000000000000e+00) 
connections (connected_to_neuron, weight)=(0, -1.94659376059823485683e+00) (1, 1.50066128251967989549e+00) (2, -2.32802319662190004834e-01) (3, 3.12852004278138640103e+00) (4, -1.04570901573625085756e-01) (5, -1.73645032055313314201e-01) (6, -5.52440220486661373589e-02) (7, 1.68544565028450971100e-01) (8, 2.24833065446487845307e+00) (9, -1.32044399907416010187e-01) (10, -2.01007080681259331367e-01) (11, 5.96696592613789156268e-01) (12, 2.05429847605715754089e-01) (13, -4.87154869022364434006e-01) (14, -2.20146365189830373055e+00) (0, -1.81854048286729241823e+00) (1, 1.21392155687085101512e+00) (2, -5.41138805094478869684e-01) (3, 3.19987164077554320230e+00) (4, -1.53492319018569522981e-01) (5, -1.33432080454761625710e-01) (6, -1.53388292528345238086e-01) (7, 1.86271478122971512192e-01) (8, 1.99514308395431805288e+00) (9, -1.65990659843048449229e-01) (10, -1.21500720686847793472e-01) (11, 5.72664044543835237810e-01) (12, 7.19772458748920845872e-02) (13, -3.00592522024347818914e-04) (14, -2.18185955012122700936e+00) (0, 2.15799316637249960493e+00) (1, -6.67728214076012083211e+00) (2, -5.05552947815099518181e+00) (3, -1.89642163806667318759e+00) (4, 1.93364890400694799943e+00) (5, 2.74958130313224113905e+00) (6, 7.33792903942536600681e-01) (7, 8.39100741733171173742e-01) (8, 3.26142120039740612825e+00) (9, 7.80247058508375612718e-01) (10, 5.07002125208250609134e-01) (11, -8.45581594164634076094e+00) (12, 7.97380651561175546327e-01) (13, 4.26405606193731467890e-01) (14, 4.30827262761300033844e+00) (15, 7.19995003762511931455e+00) (16, 3.19280119224071121664e+01) (17, -1.42466581191531176387e+01) (18, -9.40489733727759347204e-01) 
