FANN_FLO_2.1
num_layers=3
learning_rate=0.700000
connection_rate=1.000000
network_type=0
learning_momentum=0.000000
training_algorithm=2
train_error_function=1
train_stop_function=1
cascade_output_change_fraction=0.010000
quickprop_decay=-0.000100
quickprop_mu=1.750000
rprop_increase_factor=1.200000
rprop_decrease_factor=0.500000
rprop_delta_min=0.000000
rprop_delta_max=50.000000
rprop_delta_zero=0.100000
cascade_output_stagnation_epochs=12
cascade_candidate_change_fraction=0.010000
cascade_candidate_stagnation_epochs=12
cascade_max_out_epochs=150
cascade_min_out_epochs=50
cascade_max_cand_epochs=150
cascade_min_cand_epochs=50
cascade_num_candidate_groups=2
bit_fail_limit=1.00000000000000005551e-01
cascade_candidate_limit=1.00000000000000000000e+03
cascade_weight_multiplier=4.00000000000000022204e-01
cascade_activation_functions_count=10
cascade_activation_functions=3 5 7 8 10 11 14 15 16 17 
cascade_activation_steepnesses_count=4
cascade_activation_steepnesses=2.50000000000000000000e-01 5.00000000000000000000e-01 7.50000000000000000000e-01 1.00000000000000000000e+00 
layer_sizes=18 4 2 
scale_included=0
neurons (num_inputs, activation_function, activation_steepness)=(0, 0, 0.00000000000000000000e+00) (0, 0, 0.00000000000000000000e+00) (0, 0, 0.00000000000000000000e+00) (0, 0, 0.00000000000000000000e+00) (0, 0, 0.00000000000000000000e+00) (0, 0, 0.00000000000000000000e+00) (0, 0, 0.00000000000000000000e+00) (0, 0, 0.00000000000000000000e+00) (0, 0, 0.00000000000000000000e+00) (0, 0, 0.00000000000000000000e+00) (0, 0, 0.00000000000000000000e+00) (0, 0, 0.00000000000000000000e+00) (0, 0, 0.00000000000000000000e+00) (0, 0, 0.00000000000000000000e+00) (0, 0, 0.00000000000000000000e+00) (0, 0, 0.00000000000000000000e+00) (0, 0, 0.00000000000000000000e+00) (0, 0, 0.00000000000000000000e+00) (18, 6, 5.00000000000000000000e-01) (18, 6, 5.00000000000000000000e-01) (18, 6, 5.00000000000000000000e-01) (0, 6, 0.00000000000000000000e+00) (4, 4, 5.00000000000000000000e-01) (0, 4, 0.00000000000000000000e+00) 
connections (connected_to_neuron, weight)=(0, -1.24204079989527649275e+00) (1, 1.69431005864971151453e+00) (2, 2.66490973510180362283e+00) (3, -8.68160075517626750319e-01) (4, -9.43060108177956823994e-01) (5, 1.30691890872006610813e+00) (6, 2.55057727247051047925e+02) (7, -8.44671511543751307727e-01) (8, -8.85858887327671595813e-01) (9, 1.56026690964472880552e+00) (10, -1.20064274402485104964e+00) (11, 4.60427231188788144145e-01) (12, 2.37151856431304075556e+00) (13, -8.27469120743008601515e-01) (14, -7.65934847129836282598e-01) (15, 2.44763018803773046983e+00) (16, 2.60198097109505788183e+00) (17, -1.52144590644409016811e+00) (0, 3.04036106588222339309e-02) (1, 5.89156912095025298015e-01) (2, 2.85254584587442849841e-01) (3, -1.10672438257888930413e-01) (4, 5.89593011338562303369e-02) (5, 1.51462389030073873997e+00) (6, 1.86553329906559959284e+01) (7, -3.92709361013472091351e-01) (8, -5.09069774912272315914e-02) (9, 5.12073582654364312106e-01) (10, 5.78204757561591523030e-02) (11, 1.26032283327436722686e+00) (12, 7.75921274012849160329e-01) (13, -2.44725974017338032684e-01) (14, -2.39494250623761534280e-01) (15, 8.14387138649844022353e-01) (16, 9.18434113242263538979e-01) (17, -4.01185178353699323228e-01) (0, -1.38252506671716512976e+00) (1, 1.84598365485303839151e+00) (2, 2.68115266322266920795e+00) (3, -5.31934066834183538752e-01) (4, -1.38474126684709974988e+00) (5, 1.54150082237010166430e+00) (6, 2.54684670213333447464e+02) (7, -2.51828536272264702500e-01) (8, -6.13671948803425459928e-01) (9, 1.36933795888794018758e+00) (10, -9.05362447818377047426e-01) (11, 1.00504889196892754910e+00) (12, 2.61557161131440185642e+00) (13, -5.88342293324204290705e-01) (14, -7.32207451128185193845e-01) (15, 2.71562915893373535425e+00) (16, 2.11291707227021774429e+00) (17, -1.64928638084183298851e+00) (18, 1.25277842860190435914e+01) (19, 1.36657610221503955650e+00) (20, 6.11703229902821021824e+00) (21, -3.53380689555165128368e+00) 
