FANN_FLO_2.1
num_layers=3
learning_rate=0.700000
connection_rate=1.000000
network_type=0
learning_momentum=0.000000
training_algorithm=2
train_error_function=1
train_stop_function=1
cascade_output_change_fraction=0.010000
quickprop_decay=-0.000100
quickprop_mu=1.750000
rprop_increase_factor=1.200000
rprop_decrease_factor=0.500000
rprop_delta_min=0.000000
rprop_delta_max=50.000000
rprop_delta_zero=0.100000
cascade_output_stagnation_epochs=12
cascade_candidate_change_fraction=0.010000
cascade_candidate_stagnation_epochs=12
cascade_max_out_epochs=150
cascade_min_out_epochs=50
cascade_max_cand_epochs=150
cascade_min_cand_epochs=50
cascade_num_candidate_groups=2
bit_fail_limit=1.00000000000000005551e-01
cascade_candidate_limit=1.00000000000000000000e+03
cascade_weight_multiplier=4.00000000000000022204e-01
cascade_activation_functions_count=10
cascade_activation_functions=3 5 7 8 10 11 14 15 16 17 
cascade_activation_steepnesses_count=4
cascade_activation_steepnesses=2.50000000000000000000e-01 5.00000000000000000000e-01 7.50000000000000000000e-01 1.00000000000000000000e+00 
layer_sizes=7 4 2 
scale_included=0
neurons (num_inputs, activation_function, activation_steepness)=(0, 0, 0.00000000000000000000e+00) (0, 0, 0.00000000000000000000e+00) (0, 0, 0.00000000000000000000e+00) (0, 0, 0.00000000000000000000e+00) (0, 0, 0.00000000000000000000e+00) (0, 0, 0.00000000000000000000e+00) (0, 0, 0.00000000000000000000e+00) (7, 6, 5.00000000000000000000e-01) (7, 6, 5.00000000000000000000e-01) (7, 6, 5.00000000000000000000e-01) (0, 6, 0.00000000000000000000e+00) (4, 4, 5.00000000000000000000e-01) (0, 4, 0.00000000000000000000e+00) 
connections (connected_to_neuron, weight)=(0, -1.83743695963269004778e-01) (1, 1.50691328751202946457e+00) (2, 3.60118504859012200647e-01) (3, 1.62674724067718184939e-01) (4, 1.72403607996580360284e-01) (5, 7.62064019689163846261e-02) (6, -1.26106816578751279589e-01) (0, -1.90189067953208379436e+00) (1, 2.40084256421540143123e+00) (2, -1.00076058492059050131e+00) (3, 5.63651329179129856328e-01) (4, 1.23921315867989245696e+00) (5, 1.41903175158133310063e+00) (6, -1.65403530592897007878e+00) (0, 2.61263882199936370299e+00) (1, -2.18446253550798807908e+00) (2, 1.77896071293075941355e-01) (3, -1.92638845198135277847e+00) (4, -1.03304863997670937081e+00) (5, -2.89595304791842167447e+00) (6, 2.65085054302247069558e+00) (7, 6.24108830799334435291e-01) (8, 9.73284151570185152025e+00) (9, -4.33032037751024923011e+00) (10, -1.64701264942863057072e+00) 
