FANN_FLO_2.1
num_layers=3
learning_rate=0.700000
connection_rate=1.000000
network_type=0
learning_momentum=0.000000
training_algorithm=2
train_error_function=1
train_stop_function=1
cascade_output_change_fraction=0.010000
quickprop_decay=-0.000100
quickprop_mu=1.750000
rprop_increase_factor=1.200000
rprop_decrease_factor=0.500000
rprop_delta_min=0.000000
rprop_delta_max=50.000000
rprop_delta_zero=0.100000
cascade_output_stagnation_epochs=12
cascade_candidate_change_fraction=0.010000
cascade_candidate_stagnation_epochs=12
cascade_max_out_epochs=150
cascade_min_out_epochs=50
cascade_max_cand_epochs=150
cascade_min_cand_epochs=50
cascade_num_candidate_groups=2
bit_fail_limit=1.00000000000000005551e-01
cascade_candidate_limit=1.00000000000000000000e+03
cascade_weight_multiplier=4.00000000000000022204e-01
cascade_activation_functions_count=10
cascade_activation_functions=3 5 7 8 10 11 14 15 16 17 
cascade_activation_steepnesses_count=4
cascade_activation_steepnesses=2.50000000000000000000e-01 5.00000000000000000000e-01 7.50000000000000000000e-01 1.00000000000000000000e+00 
layer_sizes=11 4 2 
scale_included=0
neurons (num_inputs, activation_function, activation_steepness)=(0, 0, 0.00000000000000000000e+00) (0, 0, 0.00000000000000000000e+00) (0, 0, 0.00000000000000000000e+00) (0, 0, 0.00000000000000000000e+00) (0, 0, 0.00000000000000000000e+00) (0, 0, 0.00000000000000000000e+00) (0, 0, 0.00000000000000000000e+00) (0, 0, 0.00000000000000000000e+00) (0, 0, 0.00000000000000000000e+00) (0, 0, 0.00000000000000000000e+00) (0, 0, 0.00000000000000000000e+00) (11, 6, 5.00000000000000000000e-01) (11, 6, 5.00000000000000000000e-01) (11, 6, 5.00000000000000000000e-01) (0, 6, 0.00000000000000000000e+00) (4, 4, 5.00000000000000000000e-01) (0, 4, 0.00000000000000000000e+00) 
connections (connected_to_neuron, weight)=(0, 2.29138067662786291956e-02) (1, 6.71256163959988771950e-01) (2, 5.53305894410226262181e-01) (3, 1.24633850843357499305e-01) (4, 1.51663333093842361832e-01) (5, 1.94381299904814897062e+00) (6, 1.86621329027741911233e+00) (7, 2.31677996425773691236e-01) (8, 1.55353886470208341075e-01) (9, 2.71076552561534289687e-01) (10, -2.06696009660813535824e-02) (0, 4.84901615924350615217e+00) (1, -3.14833324723213170415e+00) (2, -2.42736272602100511264e+00) (3, -1.17763644859254901220e+00) (4, 1.74466294258453213928e+00) (5, -3.08458191842458750997e+00) (6, -3.66806892903752057578e+00) (7, -6.41339405210430646420e-01) (8, -8.83354128250412595769e-01) (9, -1.16660163980770259506e+00) (10, 5.06505205820976911468e+00) (0, -3.95053185632557368745e-01) (1, 9.96425765791813966565e-01) (2, 9.22218980342650929138e-01) (3, -5.28962112621644484078e-02) (4, 3.94528221972977322096e-01) (5, 1.35198282178920003993e+00) (6, 1.64476421059960453697e+00) (7, 1.09267960373719708045e+00) (8, 7.22644665292534571499e-01) (9, 1.06619570632875104721e+00) (10, -3.52262314345644367286e-01) (11, 3.77934476102917416007e-01) (12, -8.40392446314794057116e+01) (13, 2.69111369649291498618e-01) (14, -2.80452206437014206486e+00) 
