FANN_FLO_2.1
num_layers=3
learning_rate=0.700000
connection_rate=1.000000
network_type=0
learning_momentum=0.000000
training_algorithm=2
train_error_function=1
train_stop_function=1
cascade_output_change_fraction=0.010000
quickprop_decay=-0.000100
quickprop_mu=1.750000
rprop_increase_factor=1.200000
rprop_decrease_factor=0.500000
rprop_delta_min=0.000000
rprop_delta_max=50.000000
rprop_delta_zero=0.100000
cascade_output_stagnation_epochs=12
cascade_candidate_change_fraction=0.010000
cascade_candidate_stagnation_epochs=12
cascade_max_out_epochs=150
cascade_min_out_epochs=50
cascade_max_cand_epochs=150
cascade_min_cand_epochs=50
cascade_num_candidate_groups=2
bit_fail_limit=1.00000000000000005551e-01
cascade_candidate_limit=1.00000000000000000000e+03
cascade_weight_multiplier=4.00000000000000022204e-01
cascade_activation_functions_count=10
cascade_activation_functions=3 5 7 8 10 11 14 15 16 17 
cascade_activation_steepnesses_count=4
cascade_activation_steepnesses=2.50000000000000000000e-01 5.00000000000000000000e-01 7.50000000000000000000e-01 1.00000000000000000000e+00 
layer_sizes=9 4 2 
scale_included=0
neurons (num_inputs, activation_function, activation_steepness)=(0, 0, 0.00000000000000000000e+00) (0, 0, 0.00000000000000000000e+00) (0, 0, 0.00000000000000000000e+00) (0, 0, 0.00000000000000000000e+00) (0, 0, 0.00000000000000000000e+00) (0, 0, 0.00000000000000000000e+00) (0, 0, 0.00000000000000000000e+00) (0, 0, 0.00000000000000000000e+00) (0, 0, 0.00000000000000000000e+00) (9, 6, 5.00000000000000000000e-01) (9, 6, 5.00000000000000000000e-01) (9, 6, 5.00000000000000000000e-01) (0, 6, 0.00000000000000000000e+00) (4, 4, 5.00000000000000000000e-01) (0, 4, 0.00000000000000000000e+00) 
connections (connected_to_neuron, weight)=(0, 1.50000000000000000000e+03) (1, -1.53742450725819736590e+02) (2, 4.15799990797042710255e+02) (3, 4.15799990797042710255e+02) (4, 3.35606184773925861009e+02) (5, 3.15799990797042710255e+02) (6, 2.31538036975333625378e+02) (7, 3.67799988174438340138e+02) (8, 4.21105168163517546986e+01) (0, 1.50000000000000000000e+03) (1, -1.53789351139750152697e+02) (2, 4.15799990797042710255e+02) (3, 4.15799990797042710255e+02) (4, 3.35666405745629390367e+02) (5, 3.15799990797042710255e+02) (6, 2.31517668104985887112e+02) (7, 3.67799988174438340138e+02) (8, 4.21435400247315001820e+01) (0, -8.98565769314637918797e+00) (1, 3.71751398036438240879e+00) (2, 1.74432825057905005472e+00) (3, 3.29316406661216287688e+00) (4, -1.45282517821604084673e+00) (5, 1.96690679380489386041e+00) (6, 5.89275633793459263643e+00) (7, -1.32294265969864466292e+00) (8, -3.26063531532601658114e+00) (9, -9.99714192107259425057e-01) (10, -1.00153895105415502442e+00) (11, 8.68513782587019278481e+00) (12, -1.14008793611581205063e+00) 
