FANN_FLO_2.1
num_layers=3
learning_rate=0.700000
connection_rate=1.000000
network_type=0
learning_momentum=0.000000
training_algorithm=2
train_error_function=1
train_stop_function=1
cascade_output_change_fraction=0.010000
quickprop_decay=-0.000100
quickprop_mu=1.750000
rprop_increase_factor=1.200000
rprop_decrease_factor=0.500000
rprop_delta_min=0.000000
rprop_delta_max=50.000000
rprop_delta_zero=0.100000
cascade_output_stagnation_epochs=12
cascade_candidate_change_fraction=0.010000
cascade_candidate_stagnation_epochs=12
cascade_max_out_epochs=150
cascade_min_out_epochs=50
cascade_max_cand_epochs=150
cascade_min_cand_epochs=50
cascade_num_candidate_groups=2
bit_fail_limit=1.00000000000000005551e-01
cascade_candidate_limit=1.00000000000000000000e+03
cascade_weight_multiplier=4.00000000000000022204e-01
cascade_activation_functions_count=10
cascade_activation_functions=3 5 7 8 10 11 14 15 16 17 
cascade_activation_steepnesses_count=4
cascade_activation_steepnesses=2.50000000000000000000e-01 5.00000000000000000000e-01 7.50000000000000000000e-01 1.00000000000000000000e+00 
layer_sizes=16 4 2 
scale_included=0
neurons (num_inputs, activation_function, activation_steepness)=(0, 0, 0.00000000000000000000e+00) (0, 0, 0.00000000000000000000e+00) (0, 0, 0.00000000000000000000e+00) (0, 0, 0.00000000000000000000e+00) (0, 0, 0.00000000000000000000e+00) (0, 0, 0.00000000000000000000e+00) (0, 0, 0.00000000000000000000e+00) (0, 0, 0.00000000000000000000e+00) (0, 0, 0.00000000000000000000e+00) (0, 0, 0.00000000000000000000e+00) (0, 0, 0.00000000000000000000e+00) (0, 0, 0.00000000000000000000e+00) (0, 0, 0.00000000000000000000e+00) (0, 0, 0.00000000000000000000e+00) (0, 0, 0.00000000000000000000e+00) (0, 0, 0.00000000000000000000e+00) (16, 6, 5.00000000000000000000e-01) (16, 6, 5.00000000000000000000e-01) (16, 6, 5.00000000000000000000e-01) (0, 6, 0.00000000000000000000e+00) (4, 4, 5.00000000000000000000e-01) (0, 4, 0.00000000000000000000e+00) 
connections (connected_to_neuron, weight)=(0, -1.07512508542276119528e+00) (1, 1.24440545216863229783e+00) (2, 4.21129313984557329675e-01) (3, 1.06962953585753384189e+00) (4, 1.02996092954919893359e+00) (5, -1.06505630250566363237e-01) (6, 1.81156813303045227670e-01) (7, 2.08042449453882172250e-01) (8, 7.65493842994681594760e-01) (9, 8.22730931027881084994e-01) (10, -7.96352350238245798586e-01) (11, 5.44775354874781236880e-01) (12, 8.89589372009023438004e-01) (13, 9.89145475357755432633e-01) (14, 1.51499827808461606793e-01) (15, -1.73906932884597642541e+00) (0, -1.73981409633302552820e+00) (1, 1.66191993307687901904e+00) (2, 1.39580968261399374075e-01) (3, 9.50939924303388361970e-01) (4, 1.00053748781130869006e+00) (5, -1.61180758561485171221e-01) (6, 1.61046742597631520333e-01) (7, 2.54307008484415009164e-01) (8, 7.83535759186259617159e-01) (9, 7.56224612279883801058e-01) (10, -7.55056218329352213381e-01) (11, 6.53983372462442758000e-01) (12, 9.93176537483915100601e-01) (13, 4.32347841305849800442e-01) (14, -3.55142281875759024956e-01) (15, -1.73420083263659341455e+00) (0, -1.55526042802888664340e+00) (1, 3.16549345480014077125e+00) (2, -5.89276809607807636193e-02) (3, 4.92020055281443824402e-01) (4, 2.55369841334776914721e-01) (5, -2.70840633270515607212e-01) (6, -3.91332488116993115757e-01) (7, -5.61865404920356081853e-01) (8, -4.61010265075251890465e-01) (9, 5.74200230190421101462e-01) (10, -6.75542739144931458917e-01) (11, -2.98911005905408699856e-01) (12, -5.77206212066433202446e-02) (13, 1.42876732328451494514e-01) (14, -3.49552681031944589840e-01) (15, -8.74090540328795406744e-01) (16, 9.02159214245096841012e+00) (17, 1.80520730989987150394e+01) (18, 6.96481805137770471070e-01) (19, -1.62567884588384536926e+00) 
