FANN_FLO_2.1
num_layers=3
learning_rate=0.700000
connection_rate=1.000000
network_type=0
learning_momentum=0.000000
training_algorithm=2
train_error_function=1
train_stop_function=1
cascade_output_change_fraction=0.010000
quickprop_decay=-0.000100
quickprop_mu=1.750000
rprop_increase_factor=1.200000
rprop_decrease_factor=0.500000
rprop_delta_min=0.000000
rprop_delta_max=50.000000
rprop_delta_zero=0.100000
cascade_output_stagnation_epochs=12
cascade_candidate_change_fraction=0.010000
cascade_candidate_stagnation_epochs=12
cascade_max_out_epochs=150
cascade_min_out_epochs=50
cascade_max_cand_epochs=150
cascade_min_cand_epochs=50
cascade_num_candidate_groups=2
bit_fail_limit=1.00000000000000005551e-01
cascade_candidate_limit=1.00000000000000000000e+03
cascade_weight_multiplier=4.00000000000000022204e-01
cascade_activation_functions_count=10
cascade_activation_functions=3 5 7 8 10 11 14 15 16 17 
cascade_activation_steepnesses_count=4
cascade_activation_steepnesses=2.50000000000000000000e-01 5.00000000000000000000e-01 7.50000000000000000000e-01 1.00000000000000000000e+00 
layer_sizes=11 4 2 
scale_included=0
neurons (num_inputs, activation_function, activation_steepness)=(0, 0, 0.00000000000000000000e+00) (0, 0, 0.00000000000000000000e+00) (0, 0, 0.00000000000000000000e+00) (0, 0, 0.00000000000000000000e+00) (0, 0, 0.00000000000000000000e+00) (0, 0, 0.00000000000000000000e+00) (0, 0, 0.00000000000000000000e+00) (0, 0, 0.00000000000000000000e+00) (0, 0, 0.00000000000000000000e+00) (0, 0, 0.00000000000000000000e+00) (0, 0, 0.00000000000000000000e+00) (11, 6, 5.00000000000000000000e-01) (11, 6, 5.00000000000000000000e-01) (11, 6, 5.00000000000000000000e-01) (0, 6, 0.00000000000000000000e+00) (4, 4, 5.00000000000000000000e-01) (0, 4, 0.00000000000000000000e+00) 
connections (connected_to_neuron, weight)=(0, -5.00883279337987019630e+00) (1, 3.12359673950695793110e+00) (2, 2.12138588610359279940e+00) (3, 1.16465445804054423817e+00) (4, -7.94667003239661329239e-01) (5, 3.23365162997009925050e+00) (6, 3.11826947405074106356e+00) (7, -6.61213084863506828093e-01) (8, -4.26008545019987139302e-01) (9, 3.05228009136946232260e+00) (10, -4.43987316399731746230e+00) (0, 5.63821208733326528773e+00) (1, -2.05130911839292062737e+00) (2, -2.45767830105018392217e+00) (3, -2.07721095161919944161e+00) (4, 6.95387376469258078338e-01) (5, -2.60290188375793984932e+00) (6, -3.26001504220379656473e+00) (7, -1.17195229342519491311e+00) (8, -2.76899717127073108358e+00) (9, -2.11717755113664951594e+00) (10, 4.89752565393288818996e+00) (0, -5.32585297146582092864e+00) (1, 2.92675777688133331722e+00) (2, 1.91249779503083838783e+00) (3, 1.85902723535757097295e-01) (4, -8.43205401721970226880e-01) (5, 2.63479259169552637587e+00) (6, 3.41811617822772761954e+00) (7, 1.01300408438938349676e+00) (8, -3.33134156258075506130e-02) (9, -1.80096792236860647751e-01) (10, -4.14580576475349449339e+00) (11, 7.20636955157649783388e+00) (12, -3.72987296215940133948e+01) (13, 4.67559722724493340706e+01) (14, -8.41078444721696016906e-01) 
