FANN_FLO_2.1
num_layers=3
learning_rate=0.700000
connection_rate=1.000000
network_type=0
learning_momentum=0.000000
training_algorithm=2
train_error_function=1
train_stop_function=1
cascade_output_change_fraction=0.010000
quickprop_decay=-0.000100
quickprop_mu=1.750000
rprop_increase_factor=1.200000
rprop_decrease_factor=0.500000
rprop_delta_min=0.000000
rprop_delta_max=50.000000
rprop_delta_zero=0.100000
cascade_output_stagnation_epochs=12
cascade_candidate_change_fraction=0.010000
cascade_candidate_stagnation_epochs=12
cascade_max_out_epochs=150
cascade_min_out_epochs=50
cascade_max_cand_epochs=150
cascade_min_cand_epochs=50
cascade_num_candidate_groups=2
bit_fail_limit=1.00000000000000005551e-01
cascade_candidate_limit=1.00000000000000000000e+03
cascade_weight_multiplier=4.00000000000000022204e-01
cascade_activation_functions_count=10
cascade_activation_functions=3 5 7 8 10 11 14 15 16 17 
cascade_activation_steepnesses_count=4
cascade_activation_steepnesses=2.50000000000000000000e-01 5.00000000000000000000e-01 7.50000000000000000000e-01 1.00000000000000000000e+00 
layer_sizes=6 4 2 
scale_included=0
neurons (num_inputs, activation_function, activation_steepness)=(0, 0, 0.00000000000000000000e+00) (0, 0, 0.00000000000000000000e+00) (0, 0, 0.00000000000000000000e+00) (0, 0, 0.00000000000000000000e+00) (0, 0, 0.00000000000000000000e+00) (0, 0, 0.00000000000000000000e+00) (6, 6, 5.00000000000000000000e-01) (6, 6, 5.00000000000000000000e-01) (6, 6, 5.00000000000000000000e-01) (0, 6, 0.00000000000000000000e+00) (4, 4, 5.00000000000000000000e-01) (0, 4, 0.00000000000000000000e+00) 
connections (connected_to_neuron, weight)=(0, -6.61921737725409187192e+00) (1, -5.42693937802027992490e+00) (2, -1.23410780686814369744e+00) (3, 2.71613015120477419018e+00) (4, -3.38445477664666682927e+00) (5, 6.62218694404933660991e+00) (0, -6.56320942575606025571e+00) (1, -5.32309611373853019956e+00) (2, -1.26210671622235359735e+00) (3, 2.74977151190490465282e+00) (4, -3.53661755204396799357e+00) (5, 6.68744811970739316820e+00) (0, -1.62419022146408198459e+00) (1, -1.72104223792069643828e+00) (2, -5.59728902326651622801e-01) (3, 6.06545436745681634805e-03) (4, -7.88719087378255023779e-01) (5, 1.67508645013446177963e+00) (6, -6.25242114192420217478e+01) (7, -6.24774702800983163797e+01) (8, -5.39759202261052628558e+00) (9, -1.40170154480418096554e+00) 
