FANN_FLO_2.1
num_layers=3
learning_rate=0.700000
connection_rate=1.000000
network_type=0
learning_momentum=0.000000
training_algorithm=2
train_error_function=1
train_stop_function=1
cascade_output_change_fraction=0.010000
quickprop_decay=-0.000100
quickprop_mu=1.750000
rprop_increase_factor=1.200000
rprop_decrease_factor=0.500000
rprop_delta_min=0.000000
rprop_delta_max=50.000000
rprop_delta_zero=0.100000
cascade_output_stagnation_epochs=12
cascade_candidate_change_fraction=0.010000
cascade_candidate_stagnation_epochs=12
cascade_max_out_epochs=150
cascade_min_out_epochs=50
cascade_max_cand_epochs=150
cascade_min_cand_epochs=50
cascade_num_candidate_groups=2
bit_fail_limit=1.00000000000000005551e-01
cascade_candidate_limit=1.00000000000000000000e+03
cascade_weight_multiplier=4.00000000000000022204e-01
cascade_activation_functions_count=10
cascade_activation_functions=3 5 7 8 10 11 14 15 16 17 
cascade_activation_steepnesses_count=4
cascade_activation_steepnesses=2.50000000000000000000e-01 5.00000000000000000000e-01 7.50000000000000000000e-01 1.00000000000000000000e+00 
layer_sizes=11 4 2 
scale_included=0
neurons (num_inputs, activation_function, activation_steepness)=(0, 0, 0.00000000000000000000e+00) (0, 0, 0.00000000000000000000e+00) (0, 0, 0.00000000000000000000e+00) (0, 0, 0.00000000000000000000e+00) (0, 0, 0.00000000000000000000e+00) (0, 0, 0.00000000000000000000e+00) (0, 0, 0.00000000000000000000e+00) (0, 0, 0.00000000000000000000e+00) (0, 0, 0.00000000000000000000e+00) (0, 0, 0.00000000000000000000e+00) (0, 0, 0.00000000000000000000e+00) (11, 6, 5.00000000000000000000e-01) (11, 6, 5.00000000000000000000e-01) (11, 6, 5.00000000000000000000e-01) (0, 6, 0.00000000000000000000e+00) (4, 4, 5.00000000000000000000e-01) (0, 4, 0.00000000000000000000e+00) 
connections (connected_to_neuron, weight)=(0, -1.83235221221789110757e+01) (1, 4.52949045263579819220e+00) (2, 4.18745372260233850170e+01) (3, 3.68536923975093833050e+00) (4, -7.58867618774328889231e+01) (5, 1.29653660523125147108e+01) (6, 1.71013194186152368559e+01) (7, 1.29755479612645512333e+01) (8, 1.65145342785190929469e+00) (9, 1.04723038732906115200e+01) (10, -4.07059199020902582333e+01) (0, 5.08014267445054645833e+00) (1, -6.70716755075074289039e+00) (2, 1.25597998331567461960e+00) (3, 2.20571780464375688524e+00) (4, 3.39380391433928974010e+00) (5, -2.72206328167777966698e+00) (6, -4.61001840746794400161e+00) (7, -2.63217099275272081726e+00) (8, -2.70616464116612442936e+00) (9, 2.16909014138425693119e+00) (10, 5.72979284272041944348e+00) (0, 1.75820568538921850887e+00) (1, 2.02596606337359297356e+00) (2, -8.38244568414785362620e+00) (3, -7.20318227667082311427e+00) (4, 5.08613400294668172030e-01) (5, -3.71605027046911917665e+00) (6, -2.25910379004618766530e+00) (7, -2.29758303190337243027e-01) (8, -1.16977584457068628510e-02) (9, -7.15647115782429477093e+00) (10, 4.99596389766988213665e+00) (11, 3.09197857147404775446e+00) (12, -3.82191774716095693520e+01) (13, -2.07243802546877056159e+01) (14, -1.91682506091369897483e+00) 
