FANN_FLO_2.1
num_layers=3
learning_rate=0.700000
connection_rate=1.000000
network_type=0
learning_momentum=0.000000
training_algorithm=2
train_error_function=1
train_stop_function=1
cascade_output_change_fraction=0.010000
quickprop_decay=-0.000100
quickprop_mu=1.750000
rprop_increase_factor=1.200000
rprop_decrease_factor=0.500000
rprop_delta_min=0.000000
rprop_delta_max=50.000000
rprop_delta_zero=0.100000
cascade_output_stagnation_epochs=12
cascade_candidate_change_fraction=0.010000
cascade_candidate_stagnation_epochs=12
cascade_max_out_epochs=150
cascade_min_out_epochs=50
cascade_max_cand_epochs=150
cascade_min_cand_epochs=50
cascade_num_candidate_groups=2
bit_fail_limit=1.00000000000000005551e-01
cascade_candidate_limit=1.00000000000000000000e+03
cascade_weight_multiplier=4.00000000000000022204e-01
cascade_activation_functions_count=10
cascade_activation_functions=3 5 7 8 10 11 14 15 16 17 
cascade_activation_steepnesses_count=4
cascade_activation_steepnesses=2.50000000000000000000e-01 5.00000000000000000000e-01 7.50000000000000000000e-01 1.00000000000000000000e+00 
layer_sizes=7 4 2 
scale_included=0
neurons (num_inputs, activation_function, activation_steepness)=(0, 0, 0.00000000000000000000e+00) (0, 0, 0.00000000000000000000e+00) (0, 0, 0.00000000000000000000e+00) (0, 0, 0.00000000000000000000e+00) (0, 0, 0.00000000000000000000e+00) (0, 0, 0.00000000000000000000e+00) (0, 0, 0.00000000000000000000e+00) (7, 6, 5.00000000000000000000e-01) (7, 6, 5.00000000000000000000e-01) (7, 6, 5.00000000000000000000e-01) (0, 6, 0.00000000000000000000e+00) (4, 4, 5.00000000000000000000e-01) (0, 4, 0.00000000000000000000e+00) 
connections (connected_to_neuron, weight)=(0, 4.20522492011712809012e-02) (1, 4.25752602134872260020e-01) (2, 1.83910353526956199532e-01) (3, 5.02675857453218077886e-01) (4, 6.38257742278121709134e-01) (5, 1.32322153203760861651e+00) (6, -6.15049872914625525566e-02) (0, -3.76077887929091416244e-03) (1, 7.14747936171326148092e-01) (2, 3.40533572154951169608e-01) (3, 5.19628622007240581482e-01) (4, 2.18636222197400842404e+00) (5, 3.46960795078722927798e+00) (6, -4.39935027853371393713e-02) (0, -1.74139949519086023599e+00) (1, 3.09976979848149980512e+00) (2, -6.61150332291762565795e-01) (3, 1.55761350316074431710e+00) (4, 1.50542085208572129496e+00) (5, 1.49928801097549180277e+00) (6, -2.75865833636691304420e+00) (7, 8.21758844013528388928e-01) (8, 2.14938202979453013564e-01) (9, 1.24134498456337816208e+01) (10, -2.14819366512868015207e+00) 
