FANN_FLO_2.1
num_layers=3
learning_rate=0.700000
connection_rate=1.000000
network_type=0
learning_momentum=0.000000
training_algorithm=2
train_error_function=1
train_stop_function=1
cascade_output_change_fraction=0.010000
quickprop_decay=-0.000100
quickprop_mu=1.750000
rprop_increase_factor=1.200000
rprop_decrease_factor=0.500000
rprop_delta_min=0.000000
rprop_delta_max=50.000000
rprop_delta_zero=0.100000
cascade_output_stagnation_epochs=12
cascade_candidate_change_fraction=0.010000
cascade_candidate_stagnation_epochs=12
cascade_max_out_epochs=150
cascade_min_out_epochs=50
cascade_max_cand_epochs=150
cascade_min_cand_epochs=50
cascade_num_candidate_groups=2
bit_fail_limit=1.00000000000000005551e-01
cascade_candidate_limit=1.00000000000000000000e+03
cascade_weight_multiplier=4.00000000000000022204e-01
cascade_activation_functions_count=10
cascade_activation_functions=3 5 7 8 10 11 14 15 16 17 
cascade_activation_steepnesses_count=4
cascade_activation_steepnesses=2.50000000000000000000e-01 5.00000000000000000000e-01 7.50000000000000000000e-01 1.00000000000000000000e+00 
layer_sizes=16 4 2 
scale_included=0
neurons (num_inputs, activation_function, activation_steepness)=(0, 0, 0.00000000000000000000e+00) (0, 0, 0.00000000000000000000e+00) (0, 0, 0.00000000000000000000e+00) (0, 0, 0.00000000000000000000e+00) (0, 0, 0.00000000000000000000e+00) (0, 0, 0.00000000000000000000e+00) (0, 0, 0.00000000000000000000e+00) (0, 0, 0.00000000000000000000e+00) (0, 0, 0.00000000000000000000e+00) (0, 0, 0.00000000000000000000e+00) (0, 0, 0.00000000000000000000e+00) (0, 0, 0.00000000000000000000e+00) (0, 0, 0.00000000000000000000e+00) (0, 0, 0.00000000000000000000e+00) (0, 0, 0.00000000000000000000e+00) (0, 0, 0.00000000000000000000e+00) (16, 6, 5.00000000000000000000e-01) (16, 6, 5.00000000000000000000e-01) (16, 6, 5.00000000000000000000e-01) (0, 6, 0.00000000000000000000e+00) (4, 4, 5.00000000000000000000e-01) (0, 4, 0.00000000000000000000e+00) 
connections (connected_to_neuron, weight)=(0, -4.80905193885070758597e+00) (1, 5.78987008929626600917e+00) (2, -3.75461288085989774999e+00) (3, -5.00036115609268971838e-01) (4, 2.11576184109662079891e+00) (5, -1.06016018013083312965e+00) (6, 4.75111270186664880200e-01) (7, 7.03647006023542598285e+00) (8, -5.13525314441732674831e-02) (9, 2.77977353859667175584e+00) (10, 1.02006136215576344028e+01) (11, 2.15719054645341801191e+00) (12, 4.32545647574535596647e+00) (13, 3.88037766330320332830e-01) (14, 3.80490705687471963969e+00) (15, -8.66463271132339118985e-01) (0, -7.04115376003887938339e+00) (1, -2.31797033621390813352e+00) (2, 1.79819035278274625966e+01) (3, 2.46853536123350547626e+00) (4, 9.57021212288379774513e-01) (5, -8.32304457198745573088e-01) (6, 2.02442349579075431265e+00) (7, 1.73307338818612322040e-01) (8, 2.63990286314730804307e+00) (9, 4.09936761818654904488e-01) (10, -1.69052056372978654064e-01) (11, 1.67581367882570408945e+00) (12, -3.45270077695430221976e-01) (13, 2.61912494598602663132e+00) (14, -1.36065059808751893655e+01) (15, -2.00978691218949645503e+00) (0, -4.95174279413048523679e+00) (1, -3.40587528054597328264e+01) (2, -7.39989527789878138719e+01) (3, 2.04631772880999518449e+00) (4, 3.77447277777066769744e-01) (5, 2.52772947976842965456e-01) (6, 4.09053450886750880056e-01) (7, 2.59189108580301885709e+00) (8, 3.93494181964616052127e-01) (9, -9.16760832864488506289e-01) (10, 1.89963962229936811354e+00) (11, -4.18123804933208442769e-01) (12, -2.15045288140117807352e-01) (13, 7.59511803542981422943e-01) (14, 2.44060862569740436356e+02) (15, -2.72172952788558530912e+00) (16, 5.38740825003002044014e+00) (17, 6.99239684124767979512e+00) (18, 2.97371515303268907360e+00) (19, -3.62157299887288086637e+00) 
