FANN_FLO_2.1
num_layers=3
learning_rate=0.700000
connection_rate=1.000000
network_type=0
learning_momentum=0.000000
training_algorithm=2
train_error_function=1
train_stop_function=1
cascade_output_change_fraction=0.010000
quickprop_decay=-0.000100
quickprop_mu=1.750000
rprop_increase_factor=1.200000
rprop_decrease_factor=0.500000
rprop_delta_min=0.000000
rprop_delta_max=50.000000
rprop_delta_zero=0.100000
cascade_output_stagnation_epochs=12
cascade_candidate_change_fraction=0.010000
cascade_candidate_stagnation_epochs=12
cascade_max_out_epochs=150
cascade_min_out_epochs=50
cascade_max_cand_epochs=150
cascade_min_cand_epochs=50
cascade_num_candidate_groups=2
bit_fail_limit=1.00000000000000005551e-01
cascade_candidate_limit=1.00000000000000000000e+03
cascade_weight_multiplier=4.00000000000000022204e-01
cascade_activation_functions_count=10
cascade_activation_functions=3 5 7 8 10 11 14 15 16 17 
cascade_activation_steepnesses_count=4
cascade_activation_steepnesses=2.50000000000000000000e-01 5.00000000000000000000e-01 7.50000000000000000000e-01 1.00000000000000000000e+00 
layer_sizes=10 4 2 
scale_included=0
neurons (num_inputs, activation_function, activation_steepness)=(0, 0, 0.00000000000000000000e+00) (0, 0, 0.00000000000000000000e+00) (0, 0, 0.00000000000000000000e+00) (0, 0, 0.00000000000000000000e+00) (0, 0, 0.00000000000000000000e+00) (0, 0, 0.00000000000000000000e+00) (0, 0, 0.00000000000000000000e+00) (0, 0, 0.00000000000000000000e+00) (0, 0, 0.00000000000000000000e+00) (0, 0, 0.00000000000000000000e+00) (10, 6, 5.00000000000000000000e-01) (10, 6, 5.00000000000000000000e-01) (10, 6, 5.00000000000000000000e-01) (0, 6, 0.00000000000000000000e+00) (4, 4, 5.00000000000000000000e-01) (0, 4, 0.00000000000000000000e+00) 
connections (connected_to_neuron, weight)=(0, -1.14422717524580330739e+00) (1, 1.83709548905314434819e+00) (2, -1.36327784531118223477e+00) (3, 1.66881120970186584695e-02) (4, -1.51377955933609392725e-01) (5, 3.58371456370267482683e+00) (6, -4.14664578609159284461e-01) (7, 7.81375919053652179258e+00) (8, -7.26405303958499670713e-01) (9, -1.44510264667516818982e+00) (0, 3.79440607101418514446e+00) (1, -4.33561755836995921243e+00) (2, 2.31400733218378595879e+00) (3, 1.25803888240971162293e-01) (4, -1.85546005268133651356e+00) (5, -3.06214652703038359149e+00) (6, -2.77384441533273529146e+00) (7, -5.37051756543225167206e+00) (8, 4.23666657400037038883e+00) (9, 4.06253717778373246716e+00) (0, -1.62446323230160882822e+00) (1, 3.65878806072155038365e+00) (2, 8.88059408678390060921e-01) (3, 8.12723701162911704721e-01) (4, 1.52257602416806747669e+01) (5, 1.09292627831220166001e+01) (6, -1.40350051791975616311e+00) (7, 1.68943675097813752473e+01) (8, -4.19423360400931199976e-01) (9, -3.04339105916571073251e+00) (10, 6.70813211359750560803e+00) (11, -4.74513655770903284292e+01) (12, 1.78395402987473907785e+01) (13, -2.70007219101604567513e+00) 
