FANN_FLO_2.1
num_layers=3
learning_rate=0.700000
connection_rate=1.000000
network_type=0
learning_momentum=0.000000
training_algorithm=2
train_error_function=1
train_stop_function=1
cascade_output_change_fraction=0.010000
quickprop_decay=-0.000100
quickprop_mu=1.750000
rprop_increase_factor=1.200000
rprop_decrease_factor=0.500000
rprop_delta_min=0.000000
rprop_delta_max=50.000000
rprop_delta_zero=0.100000
cascade_output_stagnation_epochs=12
cascade_candidate_change_fraction=0.010000
cascade_candidate_stagnation_epochs=12
cascade_max_out_epochs=150
cascade_min_out_epochs=50
cascade_max_cand_epochs=150
cascade_min_cand_epochs=50
cascade_num_candidate_groups=2
bit_fail_limit=1.00000000000000005551e-01
cascade_candidate_limit=1.00000000000000000000e+03
cascade_weight_multiplier=4.00000000000000022204e-01
cascade_activation_functions_count=10
cascade_activation_functions=3 5 7 8 10 11 14 15 16 17 
cascade_activation_steepnesses_count=4
cascade_activation_steepnesses=2.50000000000000000000e-01 5.00000000000000000000e-01 7.50000000000000000000e-01 1.00000000000000000000e+00 
layer_sizes=7 4 2 
scale_included=0
neurons (num_inputs, activation_function, activation_steepness)=(0, 0, 0.00000000000000000000e+00) (0, 0, 0.00000000000000000000e+00) (0, 0, 0.00000000000000000000e+00) (0, 0, 0.00000000000000000000e+00) (0, 0, 0.00000000000000000000e+00) (0, 0, 0.00000000000000000000e+00) (0, 0, 0.00000000000000000000e+00) (7, 6, 5.00000000000000000000e-01) (7, 6, 5.00000000000000000000e-01) (7, 6, 5.00000000000000000000e-01) (0, 6, 0.00000000000000000000e+00) (4, 4, 5.00000000000000000000e-01) (0, 4, 0.00000000000000000000e+00) 
connections (connected_to_neuron, weight)=(0, 1.97025750191550041990e+00) (1, 9.54748101804128964432e+02) (2, 1.13949583113868735396e+00) (3, 4.19616881971128563578e-01) (4, 1.50274544756788230870e+00) (5, 1.55093477575256177836e+00) (6, -2.29324975859066837458e+00) (0, 6.53900005746821166852e-01) (1, 7.14431588323098139881e+02) (2, 5.32208972107253042161e-01) (3, 4.63456060086327670255e-01) (4, 1.65142053242925346268e+00) (5, 8.18413912141090937880e-01) (6, -4.78527869014271356463e-01) (0, -2.58360575683758764143e+00) (1, 4.15579093078071991840e+02) (2, 3.43155776390808986420e+00) (3, 9.64997299881749093231e+00) (4, -1.18101752012682070792e+00) (5, -1.19847088755035335872e+00) (6, 2.45482511293668537178e+00) (7, 4.28414270833501973357e+01) (8, 2.00056876676426353967e+00) (9, -3.97166148743016744760e+00) (10, -1.37786986783815246227e+00) 
