FANN_FLO_2.1
num_layers=3
learning_rate=0.700000
connection_rate=1.000000
network_type=0
learning_momentum=0.000000
training_algorithm=2
train_error_function=1
train_stop_function=1
cascade_output_change_fraction=0.010000
quickprop_decay=-0.000100
quickprop_mu=1.750000
rprop_increase_factor=1.200000
rprop_decrease_factor=0.500000
rprop_delta_min=0.000000
rprop_delta_max=50.000000
rprop_delta_zero=0.100000
cascade_output_stagnation_epochs=12
cascade_candidate_change_fraction=0.010000
cascade_candidate_stagnation_epochs=12
cascade_max_out_epochs=150
cascade_min_out_epochs=50
cascade_max_cand_epochs=150
cascade_min_cand_epochs=50
cascade_num_candidate_groups=2
bit_fail_limit=1.00000000000000005551e-01
cascade_candidate_limit=1.00000000000000000000e+03
cascade_weight_multiplier=4.00000000000000022204e-01
cascade_activation_functions_count=10
cascade_activation_functions=3 5 7 8 10 11 14 15 16 17 
cascade_activation_steepnesses_count=4
cascade_activation_steepnesses=2.50000000000000000000e-01 5.00000000000000000000e-01 7.50000000000000000000e-01 1.00000000000000000000e+00 
layer_sizes=10 4 2 
scale_included=0
neurons (num_inputs, activation_function, activation_steepness)=(0, 0, 0.00000000000000000000e+00) (0, 0, 0.00000000000000000000e+00) (0, 0, 0.00000000000000000000e+00) (0, 0, 0.00000000000000000000e+00) (0, 0, 0.00000000000000000000e+00) (0, 0, 0.00000000000000000000e+00) (0, 0, 0.00000000000000000000e+00) (0, 0, 0.00000000000000000000e+00) (0, 0, 0.00000000000000000000e+00) (0, 0, 0.00000000000000000000e+00) (10, 6, 5.00000000000000000000e-01) (10, 6, 5.00000000000000000000e-01) (10, 6, 5.00000000000000000000e-01) (0, 6, 0.00000000000000000000e+00) (4, 4, 5.00000000000000000000e-01) (0, 4, 0.00000000000000000000e+00) 
connections (connected_to_neuron, weight)=(0, 5.13115361116321988533e+00) (1, -2.76161464711435655772e+00) (2, -2.56762825315776010981e+00) (3, -1.65810768806338026948e+00) (4, -2.07512340060590005919e+00) (5, 2.28071442483268160828e+00) (6, -4.35320560415566681911e+00) (7, -5.12960695802271615662e+00) (8, 2.25371350201818865244e+00) (9, 5.52863709861682206537e+00) (0, -3.28711699220685049649e-01) (1, 1.30748921927759464978e+00) (2, -3.47405131809802547593e+00) (3, 5.41869634058932736487e-01) (4, 8.24201495549627183301e-01) (5, -1.15155742222086479587e-01) (6, 1.09584348550614816276e+01) (7, 5.54843981171969691246e+00) (8, -2.96007503566237728521e-01) (9, -4.57419728243069978468e-01) (0, -2.56024668238215946658e+00) (1, 1.96065632642824283494e+00) (2, 1.92261977338559053585e+00) (3, 1.41244409563493156234e+00) (4, 3.41143655728933653526e-02) (5, -1.43726573835874948948e+00) (6, 1.44082560038446905182e+00) (7, 2.60135754049468026494e+00) (8, -1.46845968083337852228e+00) (9, -2.81277542631060351042e+00) (10, -1.22149460915398108796e+02) (11, 1.20833737318422862472e+00) (12, 2.68811930821931106550e+01) (13, -2.07345031333770046800e+00) 
