FANN_FLO_2.1
num_layers=3
learning_rate=0.700000
connection_rate=1.000000
network_type=0
learning_momentum=0.000000
training_algorithm=2
train_error_function=1
train_stop_function=1
cascade_output_change_fraction=0.010000
quickprop_decay=-0.000100
quickprop_mu=1.750000
rprop_increase_factor=1.200000
rprop_decrease_factor=0.500000
rprop_delta_min=0.000000
rprop_delta_max=50.000000
rprop_delta_zero=0.100000
cascade_output_stagnation_epochs=12
cascade_candidate_change_fraction=0.010000
cascade_candidate_stagnation_epochs=12
cascade_max_out_epochs=150
cascade_min_out_epochs=50
cascade_max_cand_epochs=150
cascade_min_cand_epochs=50
cascade_num_candidate_groups=2
bit_fail_limit=1.00000000000000005551e-01
cascade_candidate_limit=1.00000000000000000000e+03
cascade_weight_multiplier=4.00000000000000022204e-01
cascade_activation_functions_count=10
cascade_activation_functions=3 5 7 8 10 11 14 15 16 17 
cascade_activation_steepnesses_count=4
cascade_activation_steepnesses=2.50000000000000000000e-01 5.00000000000000000000e-01 7.50000000000000000000e-01 1.00000000000000000000e+00 
layer_sizes=17 4 2 
scale_included=0
neurons (num_inputs, activation_function, activation_steepness)=(0, 0, 0.00000000000000000000e+00) (0, 0, 0.00000000000000000000e+00) (0, 0, 0.00000000000000000000e+00) (0, 0, 0.00000000000000000000e+00) (0, 0, 0.00000000000000000000e+00) (0, 0, 0.00000000000000000000e+00) (0, 0, 0.00000000000000000000e+00) (0, 0, 0.00000000000000000000e+00) (0, 0, 0.00000000000000000000e+00) (0, 0, 0.00000000000000000000e+00) (0, 0, 0.00000000000000000000e+00) (0, 0, 0.00000000000000000000e+00) (0, 0, 0.00000000000000000000e+00) (0, 0, 0.00000000000000000000e+00) (0, 0, 0.00000000000000000000e+00) (0, 0, 0.00000000000000000000e+00) (0, 0, 0.00000000000000000000e+00) (17, 6, 5.00000000000000000000e-01) (17, 6, 5.00000000000000000000e-01) (17, 6, 5.00000000000000000000e-01) (0, 6, 0.00000000000000000000e+00) (4, 4, 5.00000000000000000000e-01) (0, 4, 0.00000000000000000000e+00) 
connections (connected_to_neuron, weight)=(0, 1.03425075086098972044e+00) (1, -2.10727469206125972434e+00) (2, -1.70558042039116553035e+00) (3, 8.97895222228459521929e-01) (4, -5.71705062422224852270e-01) (5, -2.02975370267728827400e+00) (6, -1.60245184034553433960e+00) (7, 1.44411149378818270961e-01) (8, -1.72335151370180988950e-01) (9, -2.77110443894917277130e-02) (10, -2.56202856188531058468e-01) (11, 3.03943989478464238196e-01) (12, -2.28840548092633988553e-01) (13, -5.71263997736361078816e-02) (14, 1.08802842068970218037e+00) (15, 1.55137388464431175139e-01) (16, 2.47849779418712223844e+00) (0, -1.38794345083836634380e+00) (1, -2.06607330733195704298e+00) (2, 2.49403297666441901015e+01) (3, -1.48106785219659542463e+00) (4, 8.24028915121057581317e-01) (5, -1.20215510171420447705e+00) (6, 2.11656686324795835219e+01) (7, 4.50319772166788423462e-01) (8, 8.79317266766359462160e-01) (9, -7.28319145346555812948e-02) (10, -4.73880093716514738666e-01) (11, 3.66486158181308988024e-02) (12, 9.02302109489985570967e-01) (13, 2.68121523764945968171e-01) (14, -2.72575548873489170720e-01) (15, 1.33225465049790403604e+00) (16, -3.42749146145361249793e+00) (0, 8.83866614837716807473e-02) (1, 2.59928567742563010334e-01) (2, 2.25127844576692837109e+00) (3, 2.59435063915541941348e-01) (4, 1.52738508909322767693e+00) (5, 1.39000418161468020095e+00) (6, 2.04568837673205505823e+00) (7, 5.06192794122550693281e-01) (8, 9.69216889439273199258e-01) (9, 3.72681631071601293659e-01) (10, 5.94348788968291796841e-01) (11, 4.75354975031366810967e-01) (12, 5.98226793341909202084e-01) (13, 1.19972739861029076280e+00) (14, 3.01433356886780023931e-01) (15, 3.61845516586999649267e-01) (16, -1.99838619116938898124e-01) (17, -2.40038121597319822342e+01) (18, 4.71931889219336131447e+00) (19, 1.45731430045384247052e+00) (20, -1.40946761652744401161e+00) 
