FANN_FLO_2.1
num_layers=3
learning_rate=0.700000
connection_rate=1.000000
network_type=0
learning_momentum=0.000000
training_algorithm=2
train_error_function=1
train_stop_function=1
cascade_output_change_fraction=0.010000
quickprop_decay=-0.000100
quickprop_mu=1.750000
rprop_increase_factor=1.200000
rprop_decrease_factor=0.500000
rprop_delta_min=0.000000
rprop_delta_max=50.000000
rprop_delta_zero=0.100000
cascade_output_stagnation_epochs=12
cascade_candidate_change_fraction=0.010000
cascade_candidate_stagnation_epochs=12
cascade_max_out_epochs=150
cascade_min_out_epochs=50
cascade_max_cand_epochs=150
cascade_min_cand_epochs=50
cascade_num_candidate_groups=2
bit_fail_limit=1.00000000000000005551e-01
cascade_candidate_limit=1.00000000000000000000e+03
cascade_weight_multiplier=4.00000000000000022204e-01
cascade_activation_functions_count=10
cascade_activation_functions=3 5 7 8 10 11 14 15 16 17 
cascade_activation_steepnesses_count=4
cascade_activation_steepnesses=2.50000000000000000000e-01 5.00000000000000000000e-01 7.50000000000000000000e-01 1.00000000000000000000e+00 
layer_sizes=18 4 2 
scale_included=0
neurons (num_inputs, activation_function, activation_steepness)=(0, 0, 0.00000000000000000000e+00) (0, 0, 0.00000000000000000000e+00) (0, 0, 0.00000000000000000000e+00) (0, 0, 0.00000000000000000000e+00) (0, 0, 0.00000000000000000000e+00) (0, 0, 0.00000000000000000000e+00) (0, 0, 0.00000000000000000000e+00) (0, 0, 0.00000000000000000000e+00) (0, 0, 0.00000000000000000000e+00) (0, 0, 0.00000000000000000000e+00) (0, 0, 0.00000000000000000000e+00) (0, 0, 0.00000000000000000000e+00) (0, 0, 0.00000000000000000000e+00) (0, 0, 0.00000000000000000000e+00) (0, 0, 0.00000000000000000000e+00) (0, 0, 0.00000000000000000000e+00) (0, 0, 0.00000000000000000000e+00) (0, 0, 0.00000000000000000000e+00) (18, 6, 5.00000000000000000000e-01) (18, 6, 5.00000000000000000000e-01) (18, 6, 5.00000000000000000000e-01) (0, 6, 0.00000000000000000000e+00) (4, 4, 5.00000000000000000000e-01) (0, 4, 0.00000000000000000000e+00) 
connections (connected_to_neuron, weight)=(0, -3.25556251194875789778e+00) (1, 1.34620424597480647932e+00) (2, 1.34989002015956049974e+01) (3, 5.63578898091804877946e-02) (4, -7.55686320708184422479e-01) (5, 6.74041192187238680233e-01) (6, -7.52607246942909924314e-01) (7, 9.43136155317725100033e-01) (8, 7.19833786933427033361e-01) (9, 4.99003000415148534330e+00) (10, 1.37033126804043803304e+01) (11, -2.56852579614232023886e+00) (12, 1.60117432859808339618e-01) (13, -3.18147577820563354223e+00) (14, -6.50551938969495258114e-01) (15, 9.20398564360320969868e-01) (16, -3.58233494957156706207e+00) (17, -3.20296449002426220076e+00) (0, 3.39681613615557542740e-01) (1, 4.82456880394961640235e+00) (2, -2.56421194301209487421e+00) (3, -3.57145423627636482422e+00) (4, -2.11291613164392133584e+00) (5, 1.04528612006036567550e+01) (6, 6.39619758727196430215e+00) (7, 2.99647601302427624148e+01) (8, 2.37959132338052619104e+01) (9, -1.68935089790231995899e+00) (10, -4.67082259918100817231e-01) (11, -8.47880135653060307277e-01) (12, 9.91498556055591784286e+00) (13, -3.89075908623513422313e+00) (14, -3.16736829686377330262e+00) (15, 1.23975383988111165223e+01) (16, -4.31906998130832953109e+00) (17, 1.10964114701938854068e+00) (0, -3.11669640776317669051e+00) (1, 1.36400590329387538802e+00) (2, 1.36626425258950394692e+01) (3, 7.95932423165926605790e-01) (4, -7.55607612774758519159e-01) (5, 7.06264414862492140301e-01) (6, -1.49860224662040963928e+00) (7, 1.01000339232922464738e+00) (8, 1.63832605269819631122e-01) (9, 4.17459296627460041407e+00) (10, 1.25184101028739398487e+01) (11, -1.04621831505661910811e+00) (12, 1.93895351526409520648e-01) (13, -1.95834065938012957808e+00) (14, -5.29249475181194362072e-01) (15, 1.27673158171116085668e+00) (16, -2.04996215193281461353e+00) (17, -3.26616625276010585921e+00) (18, 2.48240525217075624909e+00) (19, 3.90332148868942629960e+00) (20, 2.42897318990249910797e+00) (21, -4.45058086811594844079e+00) 
