FANN_FLO_2.1
num_layers=3
learning_rate=0.700000
connection_rate=1.000000
network_type=0
learning_momentum=0.000000
training_algorithm=2
train_error_function=1
train_stop_function=1
cascade_output_change_fraction=0.010000
quickprop_decay=-0.000100
quickprop_mu=1.750000
rprop_increase_factor=1.200000
rprop_decrease_factor=0.500000
rprop_delta_min=0.000000
rprop_delta_max=50.000000
rprop_delta_zero=0.100000
cascade_output_stagnation_epochs=12
cascade_candidate_change_fraction=0.010000
cascade_candidate_stagnation_epochs=12
cascade_max_out_epochs=150
cascade_min_out_epochs=50
cascade_max_cand_epochs=150
cascade_min_cand_epochs=50
cascade_num_candidate_groups=2
bit_fail_limit=1.00000000000000005551e-01
cascade_candidate_limit=1.00000000000000000000e+03
cascade_weight_multiplier=4.00000000000000022204e-01
cascade_activation_functions_count=10
cascade_activation_functions=3 5 7 8 10 11 14 15 16 17 
cascade_activation_steepnesses_count=4
cascade_activation_steepnesses=2.50000000000000000000e-01 5.00000000000000000000e-01 7.50000000000000000000e-01 1.00000000000000000000e+00 
layer_sizes=17 4 2 
scale_included=0
neurons (num_inputs, activation_function, activation_steepness)=(0, 0, 0.00000000000000000000e+00) (0, 0, 0.00000000000000000000e+00) (0, 0, 0.00000000000000000000e+00) (0, 0, 0.00000000000000000000e+00) (0, 0, 0.00000000000000000000e+00) (0, 0, 0.00000000000000000000e+00) (0, 0, 0.00000000000000000000e+00) (0, 0, 0.00000000000000000000e+00) (0, 0, 0.00000000000000000000e+00) (0, 0, 0.00000000000000000000e+00) (0, 0, 0.00000000000000000000e+00) (0, 0, 0.00000000000000000000e+00) (0, 0, 0.00000000000000000000e+00) (0, 0, 0.00000000000000000000e+00) (0, 0, 0.00000000000000000000e+00) (0, 0, 0.00000000000000000000e+00) (0, 0, 0.00000000000000000000e+00) (17, 6, 5.00000000000000000000e-01) (17, 6, 5.00000000000000000000e-01) (17, 6, 5.00000000000000000000e-01) (0, 6, 0.00000000000000000000e+00) (4, 4, 5.00000000000000000000e-01) (0, 4, 0.00000000000000000000e+00) 
connections (connected_to_neuron, weight)=(0, 1.13413880725424576212e+00) (1, -1.45989028365511397389e+00) (2, -1.76736493077193013157e+00) (3, 2.72650958998750081452e-01) (4, 3.32959225016175142109e-01) (5, -1.82762971395817297449e+00) (6, 2.46768413637807118577e-02) (7, -1.41012961519983859304e+00) (8, 2.44704654536666649234e-01) (9, 3.70061577956230680631e-01) (10, 4.39160371303731256187e-01) (11, 1.77856056531239425933e-01) (12, -3.35151548174193042451e-02) (13, 3.15936665987849862880e-02) (14, -3.19574759718245615669e-01) (15, 1.61905140106813116851e-01) (16, 2.01262093706603684140e+00) (0, -8.95627333745333209514e-01) (1, 9.92828090994309353512e-01) (2, 2.28033687845772226055e+00) (3, 1.00204693758264754000e-01) (4, 8.62221978957316004255e-01) (5, 2.04174463367002267944e+00) (6, 1.46047492534447986845e-01) (7, 1.23631247921731945993e+00) (8, 5.44199980265867799822e-01) (9, 4.35177886121128287833e-01) (10, 3.22125702350978537769e-01) (11, 3.88543836594789637751e-01) (12, 6.16966541412867358618e-02) (13, -3.49660399369460306307e-01) (14, -5.06563390906115906809e-01) (15, -1.82756608226902428349e-01) (16, -1.17260093251582930840e+00) (0, -1.20324998587986356502e-01) (1, 1.53042504486355812610e+00) (2, 2.52402619584322640556e-01) (3, 4.89203013062255775978e-01) (4, 3.88612639137337012585e-01) (5, 4.57237814610643000801e-01) (6, 6.97554569033926430421e-01) (7, 3.01788100111929025182e-01) (8, 9.30239183543987435687e-02) (9, 7.02375877881369764522e-02) (10, 2.47654261903347466811e-01) (11, 4.65523897403035014086e-01) (12, 4.93918892650298466118e-02) (13, -4.62286594925879479323e-02) (14, -8.00562004666887094828e-02) (15, 1.85003960596241245895e-01) (16, -1.92822377599515926150e-01) (17, -3.53545501567155184830e+01) (18, 1.46714553445319459968e+01) (19, 3.16196792606032106576e+00) (20, -1.17232517944870440196e+00) 
