FANN_FLO_2.1
num_layers=3
learning_rate=0.700000
connection_rate=1.000000
network_type=0
learning_momentum=0.000000
training_algorithm=2
train_error_function=1
train_stop_function=1
cascade_output_change_fraction=0.010000
quickprop_decay=-0.000100
quickprop_mu=1.750000
rprop_increase_factor=1.200000
rprop_decrease_factor=0.500000
rprop_delta_min=0.000000
rprop_delta_max=50.000000
rprop_delta_zero=0.100000
cascade_output_stagnation_epochs=12
cascade_candidate_change_fraction=0.010000
cascade_candidate_stagnation_epochs=12
cascade_max_out_epochs=150
cascade_min_out_epochs=50
cascade_max_cand_epochs=150
cascade_min_cand_epochs=50
cascade_num_candidate_groups=2
bit_fail_limit=1.00000000000000005551e-01
cascade_candidate_limit=1.00000000000000000000e+03
cascade_weight_multiplier=4.00000000000000022204e-01
cascade_activation_functions_count=10
cascade_activation_functions=3 5 7 8 10 11 14 15 16 17 
cascade_activation_steepnesses_count=4
cascade_activation_steepnesses=2.50000000000000000000e-01 5.00000000000000000000e-01 7.50000000000000000000e-01 1.00000000000000000000e+00 
layer_sizes=10 4 2 
scale_included=0
neurons (num_inputs, activation_function, activation_steepness)=(0, 0, 0.00000000000000000000e+00) (0, 0, 0.00000000000000000000e+00) (0, 0, 0.00000000000000000000e+00) (0, 0, 0.00000000000000000000e+00) (0, 0, 0.00000000000000000000e+00) (0, 0, 0.00000000000000000000e+00) (0, 0, 0.00000000000000000000e+00) (0, 0, 0.00000000000000000000e+00) (0, 0, 0.00000000000000000000e+00) (0, 0, 0.00000000000000000000e+00) (10, 6, 5.00000000000000000000e-01) (10, 6, 5.00000000000000000000e-01) (10, 6, 5.00000000000000000000e-01) (0, 6, 0.00000000000000000000e+00) (4, 4, 5.00000000000000000000e-01) (0, 4, 0.00000000000000000000e+00) 
connections (connected_to_neuron, weight)=(0, -3.15267557867208925160e+00) (1, 2.03211489247989973705e+00) (2, 2.50928449942513953630e+00) (3, 9.75327600772678410257e-02) (4, 7.15743739283735358470e-01) (5, -1.20338758283361513257e+00) (6, 2.09997217312675177325e+00) (7, 2.84906095001567427616e+00) (8, -1.25585965908183316841e+00) (9, -3.49775065978430443892e+00) (0, 6.87123068424025040812e-01) (1, -1.49795154650797096574e-01) (2, 4.45015919484578237331e+00) (3, 9.27911521404947842173e-02) (4, -6.41185956109479315845e-02) (5, 8.53440339417529059141e-01) (6, -1.47494512817365972523e+01) (7, -7.18521268134041601883e+00) (8, 4.73998768870264541864e-01) (9, 8.72667228137993022941e-01) (0, 1.05592816063358814205e+01) (1, 1.32152641550671123838e+00) (2, 2.15334524714073749507e+00) (3, 8.26668837465124761721e-01) (4, 1.49110155894215656858e+00) (5, 2.74116597105393111633e+00) (6, 2.28244749439933142243e-01) (7, -1.28675451407513175006e+00) (8, 2.85675165244192275082e+00) (9, 8.94258935623999740017e+00) (10, 6.64127603201648923914e+01) (11, -1.77541804353960408491e+01) (12, -1.67450154340053081192e+00) (13, -1.66168479236449839753e+00) 
