FANN_FLO_2.1
num_layers=3
learning_rate=0.700000
connection_rate=1.000000
network_type=0
learning_momentum=0.000000
training_algorithm=2
train_error_function=1
train_stop_function=1
cascade_output_change_fraction=0.010000
quickprop_decay=-0.000100
quickprop_mu=1.750000
rprop_increase_factor=1.200000
rprop_decrease_factor=0.500000
rprop_delta_min=0.000000
rprop_delta_max=50.000000
rprop_delta_zero=0.100000
cascade_output_stagnation_epochs=12
cascade_candidate_change_fraction=0.010000
cascade_candidate_stagnation_epochs=12
cascade_max_out_epochs=150
cascade_min_out_epochs=50
cascade_max_cand_epochs=150
cascade_min_cand_epochs=50
cascade_num_candidate_groups=2
bit_fail_limit=1.00000000000000005551e-01
cascade_candidate_limit=1.00000000000000000000e+03
cascade_weight_multiplier=4.00000000000000022204e-01
cascade_activation_functions_count=10
cascade_activation_functions=3 5 7 8 10 11 14 15 16 17 
cascade_activation_steepnesses_count=4
cascade_activation_steepnesses=2.50000000000000000000e-01 5.00000000000000000000e-01 7.50000000000000000000e-01 1.00000000000000000000e+00 
layer_sizes=12 4 2 
scale_included=0
neurons (num_inputs, activation_function, activation_steepness)=(0, 0, 0.00000000000000000000e+00) (0, 0, 0.00000000000000000000e+00) (0, 0, 0.00000000000000000000e+00) (0, 0, 0.00000000000000000000e+00) (0, 0, 0.00000000000000000000e+00) (0, 0, 0.00000000000000000000e+00) (0, 0, 0.00000000000000000000e+00) (0, 0, 0.00000000000000000000e+00) (0, 0, 0.00000000000000000000e+00) (0, 0, 0.00000000000000000000e+00) (0, 0, 0.00000000000000000000e+00) (0, 0, 0.00000000000000000000e+00) (12, 6, 5.00000000000000000000e-01) (12, 6, 5.00000000000000000000e-01) (12, 6, 5.00000000000000000000e-01) (0, 6, 0.00000000000000000000e+00) (4, 4, 5.00000000000000000000e-01) (0, 4, 0.00000000000000000000e+00) 
connections (connected_to_neuron, weight)=(0, 6.17554705882072951795e-01) (1, 1.25230136545451631314e+00) (2, 7.60262907848125668586e-01) (3, -1.29966936681330991199e+00) (4, 7.00515386611929913308e-01) (5, 5.72991942654715424865e-01) (6, 6.01509448846114014309e-01) (7, 6.56961318913720893065e-01) (8, 5.48057359868890814347e-01) (9, 3.01850297573358261616e+00) (10, -2.82818543315258352777e+00) (11, -1.73777185812721862712e-01) (0, 3.98713614882790001737e-01) (1, 9.45242422994855502338e-01) (2, 2.08004222952559103543e-01) (3, -6.91525985757169614487e-01) (4, 7.95833738933771739354e-01) (5, 1.42286155595097163484e+00) (6, 9.54375502979585621510e-01) (7, 5.41368702018851011282e-01) (8, 6.48308191341810058361e-01) (9, 7.82293356400978723286e+00) (10, -3.76563471718902675889e+00) (11, -5.55526996006883364010e-02) (0, 2.39422707486394559240e+00) (1, 3.11563774730422249348e+00) (2, 1.93976477280893933042e+00) (3, -2.36322151314445472181e+00) (4, 2.64494750007272783066e+00) (5, 1.24200351746590742508e+00) (6, 3.12066851540632894668e+00) (7, 1.44638452473656387021e+00) (8, 1.43815778735653609921e+00) (9, 1.24878674088352598082e-01) (10, 3.17196988843003113701e+00) (11, -4.37485205256484910308e+00) (12, 8.74761164189649553791e-01) (13, 8.59083692026179512879e-01) (14, 1.93259133383455321109e+02) (15, -3.18527125396620336417e+00) 
