FANN_FLO_2.1
num_layers=3
learning_rate=0.700000
connection_rate=1.000000
network_type=0
learning_momentum=0.000000
training_algorithm=2
train_error_function=1
train_stop_function=1
cascade_output_change_fraction=0.010000
quickprop_decay=-0.000100
quickprop_mu=1.750000
rprop_increase_factor=1.200000
rprop_decrease_factor=0.500000
rprop_delta_min=0.000000
rprop_delta_max=50.000000
rprop_delta_zero=0.100000
cascade_output_stagnation_epochs=12
cascade_candidate_change_fraction=0.010000
cascade_candidate_stagnation_epochs=12
cascade_max_out_epochs=150
cascade_min_out_epochs=50
cascade_max_cand_epochs=150
cascade_min_cand_epochs=50
cascade_num_candidate_groups=2
bit_fail_limit=1.00000000000000005551e-01
cascade_candidate_limit=1.00000000000000000000e+03
cascade_weight_multiplier=4.00000000000000022204e-01
cascade_activation_functions_count=10
cascade_activation_functions=3 5 7 8 10 11 14 15 16 17 
cascade_activation_steepnesses_count=4
cascade_activation_steepnesses=2.50000000000000000000e-01 5.00000000000000000000e-01 7.50000000000000000000e-01 1.00000000000000000000e+00 
layer_sizes=12 4 2 
scale_included=0
neurons (num_inputs, activation_function, activation_steepness)=(0, 0, 0.00000000000000000000e+00) (0, 0, 0.00000000000000000000e+00) (0, 0, 0.00000000000000000000e+00) (0, 0, 0.00000000000000000000e+00) (0, 0, 0.00000000000000000000e+00) (0, 0, 0.00000000000000000000e+00) (0, 0, 0.00000000000000000000e+00) (0, 0, 0.00000000000000000000e+00) (0, 0, 0.00000000000000000000e+00) (0, 0, 0.00000000000000000000e+00) (0, 0, 0.00000000000000000000e+00) (0, 0, 0.00000000000000000000e+00) (12, 6, 5.00000000000000000000e-01) (12, 6, 5.00000000000000000000e-01) (12, 6, 5.00000000000000000000e-01) (0, 6, 0.00000000000000000000e+00) (4, 4, 5.00000000000000000000e-01) (0, 4, 0.00000000000000000000e+00) 
connections (connected_to_neuron, weight)=(0, 8.62700391645561392995e-02) (1, 7.02832968459519480398e-01) (2, -1.92099845216975345652e-01) (3, -1.27701508422113169106e-01) (4, 1.03631274542904150415e+00) (5, -1.79309104490382120733e-01) (6, -5.69350205791916752496e-01) (7, 5.79347526898053688527e-01) (8, 3.82783921778574287575e-01) (9, 8.97648472976330213946e-01) (10, -2.78783463550736632097e-02) (11, -1.02983036740574807055e+00) (0, 1.91358932810299031679e+00) (1, 1.19194914863728040899e+00) (2, 2.70710409314651956336e+00) (3, -3.09734148687212107465e-01) (4, 3.46316097022010849216e+00) (5, 7.98961585738204860263e-01) (6, 2.88327036942420811272e+00) (7, 2.50625132458078958564e+00) (8, 2.28182692187311397802e+00) (9, 2.68721637579407923724e+00) (10, 2.73978224169851003467e+00) (11, -3.02806358290377763964e+00) (0, 3.32364375456400962250e-01) (1, 1.70701481217324868567e+00) (2, 2.44792592537159459098e+00) (3, -1.87452346103829148305e+00) (4, 7.84933553499056024805e-01) (5, -3.75046377734386093827e-01) (6, 2.49157161497515078352e+00) (7, 1.66679199091644170139e+00) (8, 1.88123537067873836115e+00) (9, 2.04123600692154871794e+00) (10, 2.44032719468843284361e+00) (11, -2.28526258400420312356e+00) (12, 3.47601491527162620443e+00) (13, 2.92899691160847837068e+01) (14, 7.52098234991604499555e+01) (15, -2.36286848254117787249e+00) 
