FANN_FLO_2.1
num_layers=3
learning_rate=0.700000
connection_rate=1.000000
network_type=0
learning_momentum=0.000000
training_algorithm=2
train_error_function=1
train_stop_function=1
cascade_output_change_fraction=0.010000
quickprop_decay=-0.000100
quickprop_mu=1.750000
rprop_increase_factor=1.200000
rprop_decrease_factor=0.500000
rprop_delta_min=0.000000
rprop_delta_max=50.000000
rprop_delta_zero=0.100000
cascade_output_stagnation_epochs=12
cascade_candidate_change_fraction=0.010000
cascade_candidate_stagnation_epochs=12
cascade_max_out_epochs=150
cascade_min_out_epochs=50
cascade_max_cand_epochs=150
cascade_min_cand_epochs=50
cascade_num_candidate_groups=2
bit_fail_limit=1.00000000000000005551e-01
cascade_candidate_limit=1.00000000000000000000e+03
cascade_weight_multiplier=4.00000000000000022204e-01
cascade_activation_functions_count=10
cascade_activation_functions=3 5 7 8 10 11 14 15 16 17 
cascade_activation_steepnesses_count=4
cascade_activation_steepnesses=2.50000000000000000000e-01 5.00000000000000000000e-01 7.50000000000000000000e-01 1.00000000000000000000e+00 
layer_sizes=9 4 2 
scale_included=0
neurons (num_inputs, activation_function, activation_steepness)=(0, 0, 0.00000000000000000000e+00) (0, 0, 0.00000000000000000000e+00) (0, 0, 0.00000000000000000000e+00) (0, 0, 0.00000000000000000000e+00) (0, 0, 0.00000000000000000000e+00) (0, 0, 0.00000000000000000000e+00) (0, 0, 0.00000000000000000000e+00) (0, 0, 0.00000000000000000000e+00) (0, 0, 0.00000000000000000000e+00) (9, 6, 5.00000000000000000000e-01) (9, 6, 5.00000000000000000000e-01) (9, 6, 5.00000000000000000000e-01) (0, 6, 0.00000000000000000000e+00) (4, 4, 5.00000000000000000000e-01) (0, 4, 0.00000000000000000000e+00) 
connections (connected_to_neuron, weight)=(0, -1.66250292775707997350e+00) (1, 1.71024176294198859694e+00) (2, 1.35299151545192919421e+00) (3, 1.13569849811123879668e+00) (4, 9.16995349814163862590e-01) (5, -1.22898239537091003015e+00) (6, -4.41868509476473492192e-01) (7, -1.65175926504212178259e+00) (8, -1.66708541480379857092e+00) (0, -1.53131514606552876501e+00) (1, 2.94752043669663610359e+00) (2, 1.39601656203891955066e+00) (3, 1.11509875484134779455e+00) (4, 7.37175793942468127184e-01) (5, -1.12761372595042930200e+00) (6, -5.49956816559126315802e-01) (7, -1.67547548381167210607e+00) (8, -1.69938061950283803014e+00) (0, 3.24283495622437101247e+00) (1, -1.58617820565352207751e+00) (2, -1.31203557864123787624e+00) (3, -9.60916107550684683858e-01) (4, -9.68533998385493033467e-01) (5, 1.35878306171017393389e+00) (6, 1.43506184509115919390e+00) (7, 1.38150859167891248980e+00) (8, 1.42786920359450086870e+00) (9, 7.33523915013666272245e+00) (10, 2.61164424681771745185e+00) (11, -6.85583697498539468285e+00) (12, -1.68807056365090168981e+00) 
