FANN_FLO_2.1
num_layers=3
learning_rate=0.700000
connection_rate=1.000000
network_type=0
learning_momentum=0.000000
training_algorithm=2
train_error_function=1
train_stop_function=1
cascade_output_change_fraction=0.010000
quickprop_decay=-0.000100
quickprop_mu=1.750000
rprop_increase_factor=1.200000
rprop_decrease_factor=0.500000
rprop_delta_min=0.000000
rprop_delta_max=50.000000
rprop_delta_zero=0.100000
cascade_output_stagnation_epochs=12
cascade_candidate_change_fraction=0.010000
cascade_candidate_stagnation_epochs=12
cascade_max_out_epochs=150
cascade_min_out_epochs=50
cascade_max_cand_epochs=150
cascade_min_cand_epochs=50
cascade_num_candidate_groups=2
bit_fail_limit=1.00000000000000005551e-01
cascade_candidate_limit=1.00000000000000000000e+03
cascade_weight_multiplier=4.00000000000000022204e-01
cascade_activation_functions_count=10
cascade_activation_functions=3 5 7 8 10 11 14 15 16 17 
cascade_activation_steepnesses_count=4
cascade_activation_steepnesses=2.50000000000000000000e-01 5.00000000000000000000e-01 7.50000000000000000000e-01 1.00000000000000000000e+00 
layer_sizes=7 4 2 
scale_included=0
neurons (num_inputs, activation_function, activation_steepness)=(0, 0, 0.00000000000000000000e+00) (0, 0, 0.00000000000000000000e+00) (0, 0, 0.00000000000000000000e+00) (0, 0, 0.00000000000000000000e+00) (0, 0, 0.00000000000000000000e+00) (0, 0, 0.00000000000000000000e+00) (0, 0, 0.00000000000000000000e+00) (7, 6, 5.00000000000000000000e-01) (7, 6, 5.00000000000000000000e-01) (7, 6, 5.00000000000000000000e-01) (0, 6, 0.00000000000000000000e+00) (4, 4, 5.00000000000000000000e-01) (0, 4, 0.00000000000000000000e+00) 
connections (connected_to_neuron, weight)=(0, 1.18437426888788754908e+00) (1, 2.38722664855106225801e+00) (2, -9.36205435586090040090e-01) (3, 9.66623360539419551607e-01) (4, 8.64389379620400521986e-01) (5, 1.79736659001417309334e+00) (6, -1.33495453709838152179e+00) (0, -1.21665035390956721706e+00) (1, -7.97556213601937402657e-01) (2, 6.59547482983348487551e+00) (3, -2.15410232718199035062e-01) (4, -3.91643118430172132438e-01) (5, 2.33477769895334441586e+00) (6, 3.15580762223361122043e-01) (0, 9.14100679695078577325e-01) (1, 1.45803977059836920027e+00) (2, 1.02431410017192070505e+00) (3, 5.30849377449471249157e-01) (4, 7.28453587038390804054e-01) (5, 1.04052048298877597432e+00) (6, -5.09346437126712681120e-01) (7, 6.21662084594650750091e+01) (8, -7.63782605971610628615e-01) (9, 1.96344059378871449439e+01) (10, -6.88449146855684812607e+00) 
