FANN_FLO_2.1
num_layers=3
learning_rate=0.700000
connection_rate=1.000000
network_type=0
learning_momentum=0.000000
training_algorithm=2
train_error_function=1
train_stop_function=1
cascade_output_change_fraction=0.010000
quickprop_decay=-0.000100
quickprop_mu=1.750000
rprop_increase_factor=1.200000
rprop_decrease_factor=0.500000
rprop_delta_min=0.000000
rprop_delta_max=50.000000
rprop_delta_zero=0.100000
cascade_output_stagnation_epochs=12
cascade_candidate_change_fraction=0.010000
cascade_candidate_stagnation_epochs=12
cascade_max_out_epochs=150
cascade_min_out_epochs=50
cascade_max_cand_epochs=150
cascade_min_cand_epochs=50
cascade_num_candidate_groups=2
bit_fail_limit=1.00000000000000005551e-01
cascade_candidate_limit=1.00000000000000000000e+03
cascade_weight_multiplier=4.00000000000000022204e-01
cascade_activation_functions_count=10
cascade_activation_functions=3 5 7 8 10 11 14 15 16 17 
cascade_activation_steepnesses_count=4
cascade_activation_steepnesses=2.50000000000000000000e-01 5.00000000000000000000e-01 7.50000000000000000000e-01 1.00000000000000000000e+00 
layer_sizes=9 4 2 
scale_included=0
neurons (num_inputs, activation_function, activation_steepness)=(0, 0, 0.00000000000000000000e+00) (0, 0, 0.00000000000000000000e+00) (0, 0, 0.00000000000000000000e+00) (0, 0, 0.00000000000000000000e+00) (0, 0, 0.00000000000000000000e+00) (0, 0, 0.00000000000000000000e+00) (0, 0, 0.00000000000000000000e+00) (0, 0, 0.00000000000000000000e+00) (0, 0, 0.00000000000000000000e+00) (9, 6, 5.00000000000000000000e-01) (9, 6, 5.00000000000000000000e-01) (9, 6, 5.00000000000000000000e-01) (0, 6, 0.00000000000000000000e+00) (4, 4, 5.00000000000000000000e-01) (0, 4, 0.00000000000000000000e+00) 
connections (connected_to_neuron, weight)=(0, -3.93459444942455133232e-02) (1, 7.23110946205142934851e-01) (2, 1.34665572421869911279e-01) (3, -2.42250055822465032440e-01) (4, -8.83285244144305536906e-01) (5, -3.72074507867103498882e-01) (6, 8.24922376056799522281e-01) (7, 9.22284683874433630635e-01) (8, 7.25443729544507309726e-01) (0, -7.79852092314874312251e+00) (1, 7.77805892441481683264e-01) (2, 3.95934061087841529525e-02) (3, -4.71655434237182924484e-01) (4, -8.37972210555007590571e-01) (5, -1.20306116292945919355e+00) (6, 5.81385270629079364824e+00) (7, 5.83090526468368341995e+00) (8, 6.36329603716734637509e-01) (0, -2.70056807365181228420e+00) (1, 7.24540053085247048870e+00) (2, 5.40690204660884887744e+00) (3, 4.83216416978374674329e+00) (4, 3.89077510602081755309e+00) (5, 5.24404505524307662512e+00) (6, 1.04990587030175301919e+01) (7, 1.05522422491403755629e+01) (8, -7.99217042780977759975e+00) (9, -1.04622436371475640016e+01) (10, -3.00261775345040682339e+01) (11, 1.63253965785425485535e+01) (12, -1.51368371155272019024e+01) 
