FANN_FLO_2.1
num_layers=3
learning_rate=0.700000
connection_rate=1.000000
network_type=0
learning_momentum=0.000000
training_algorithm=2
train_error_function=1
train_stop_function=1
cascade_output_change_fraction=0.010000
quickprop_decay=-0.000100
quickprop_mu=1.750000
rprop_increase_factor=1.200000
rprop_decrease_factor=0.500000
rprop_delta_min=0.000000
rprop_delta_max=50.000000
rprop_delta_zero=0.100000
cascade_output_stagnation_epochs=12
cascade_candidate_change_fraction=0.010000
cascade_candidate_stagnation_epochs=12
cascade_max_out_epochs=150
cascade_min_out_epochs=50
cascade_max_cand_epochs=150
cascade_min_cand_epochs=50
cascade_num_candidate_groups=2
bit_fail_limit=1.00000000000000005551e-01
cascade_candidate_limit=1.00000000000000000000e+03
cascade_weight_multiplier=4.00000000000000022204e-01
cascade_activation_functions_count=10
cascade_activation_functions=3 5 7 8 10 11 14 15 16 17 
cascade_activation_steepnesses_count=4
cascade_activation_steepnesses=2.50000000000000000000e-01 5.00000000000000000000e-01 7.50000000000000000000e-01 1.00000000000000000000e+00 
layer_sizes=14 4 2 
scale_included=0
neurons (num_inputs, activation_function, activation_steepness)=(0, 0, 0.00000000000000000000e+00) (0, 0, 0.00000000000000000000e+00) (0, 0, 0.00000000000000000000e+00) (0, 0, 0.00000000000000000000e+00) (0, 0, 0.00000000000000000000e+00) (0, 0, 0.00000000000000000000e+00) (0, 0, 0.00000000000000000000e+00) (0, 0, 0.00000000000000000000e+00) (0, 0, 0.00000000000000000000e+00) (0, 0, 0.00000000000000000000e+00) (0, 0, 0.00000000000000000000e+00) (0, 0, 0.00000000000000000000e+00) (0, 0, 0.00000000000000000000e+00) (0, 0, 0.00000000000000000000e+00) (14, 6, 5.00000000000000000000e-01) (14, 6, 5.00000000000000000000e-01) (14, 6, 5.00000000000000000000e-01) (0, 6, 0.00000000000000000000e+00) (4, 4, 5.00000000000000000000e-01) (0, 4, 0.00000000000000000000e+00) 
connections (connected_to_neuron, weight)=(0, -1.27032762673294241651e+00) (1, 1.10383558988506891296e+00) (2, -5.88064689644160143445e-01) (3, 1.86269672871822083993e-01) (4, 9.25199292507354553727e-01) (5, 1.03653075204625211292e+00) (6, -1.54932337188459179345e+00) (7, 9.64784854055377838478e-01) (8, 1.11891069564520573287e+00) (9, 3.89011096604148010059e-01) (10, 1.07528636732078153315e+00) (11, 2.90075979783662618594e-01) (12, 8.00473529556007590280e-01) (13, -4.75238020270635330711e-01) (0, -7.31576603106988443415e+00) (1, 2.22612552873362812278e+00) (2, -1.16442712468934606029e+00) (3, 1.07788982062190497047e+00) (4, 2.06601895260109591490e+00) (5, 1.89317360784847976696e+00) (6, -4.06668709194336486235e+00) (7, 2.28265540135649347420e+00) (8, 2.02118569480671572691e+00) (9, 1.59222456238241139026e+00) (10, 2.20464989922508980413e+00) (11, 4.67336940440232107008e-01) (12, 1.44644600297059233718e+00) (13, -1.11649257504265153607e+00) (0, -8.45197959164960432865e-01) (1, 1.22594409461553310869e+00) (2, -2.12438652546682621436e-01) (3, 2.30461655727015202189e+00) (4, 2.46329554298990194283e+00) (5, 1.27951736089720902179e+00) (6, -1.37124055054283733313e+00) (7, 1.04930042175437976404e+00) (8, 2.55359473208063070260e+00) (9, 1.11903827921942933266e+00) (10, 1.09290046171469090730e+00) (11, 4.79186304124722406428e-01) (12, 7.36296050386475164906e-01) (13, -3.10278404129586293791e-01) (14, 4.59640891460787948120e+00) (15, 2.55094452395621473784e+01) (16, 3.97415564231748230650e-01) (17, -1.38156087366230839741e+00) 
