FANN_FLO_2.1
num_layers=3
learning_rate=0.700000
connection_rate=1.000000
network_type=0
learning_momentum=0.000000
training_algorithm=2
train_error_function=1
train_stop_function=1
cascade_output_change_fraction=0.010000
quickprop_decay=-0.000100
quickprop_mu=1.750000
rprop_increase_factor=1.200000
rprop_decrease_factor=0.500000
rprop_delta_min=0.000000
rprop_delta_max=50.000000
rprop_delta_zero=0.100000
cascade_output_stagnation_epochs=12
cascade_candidate_change_fraction=0.010000
cascade_candidate_stagnation_epochs=12
cascade_max_out_epochs=150
cascade_min_out_epochs=50
cascade_max_cand_epochs=150
cascade_min_cand_epochs=50
cascade_num_candidate_groups=2
bit_fail_limit=1.00000000000000005551e-01
cascade_candidate_limit=1.00000000000000000000e+03
cascade_weight_multiplier=4.00000000000000022204e-01
cascade_activation_functions_count=10
cascade_activation_functions=3 5 7 8 10 11 14 15 16 17 
cascade_activation_steepnesses_count=4
cascade_activation_steepnesses=2.50000000000000000000e-01 5.00000000000000000000e-01 7.50000000000000000000e-01 1.00000000000000000000e+00 
layer_sizes=7 4 2 
scale_included=0
neurons (num_inputs, activation_function, activation_steepness)=(0, 0, 0.00000000000000000000e+00) (0, 0, 0.00000000000000000000e+00) (0, 0, 0.00000000000000000000e+00) (0, 0, 0.00000000000000000000e+00) (0, 0, 0.00000000000000000000e+00) (0, 0, 0.00000000000000000000e+00) (0, 0, 0.00000000000000000000e+00) (7, 6, 5.00000000000000000000e-01) (7, 6, 5.00000000000000000000e-01) (7, 6, 5.00000000000000000000e-01) (0, 6, 0.00000000000000000000e+00) (4, 4, 5.00000000000000000000e-01) (0, 4, 0.00000000000000000000e+00) 
connections (connected_to_neuron, weight)=(0, -4.47582255754069002762e+00) (1, 2.84707124700345115542e+00) (2, 3.12650323745954639154e-01) (3, 1.76181867762975707947e+00) (4, 3.71343354759606869564e+00) (5, 2.85565824226180531298e+00) (6, -2.63672235868553972438e+00) (0, 2.87891938145852632758e+00) (1, -4.17594582282781612292e+00) (2, 1.18712296946698869782e+00) (3, -1.15213875630873863187e+00) (4, -4.59885155503419973400e+00) (5, -4.07113662802457909606e+00) (6, 3.14653772394054920269e+00) (0, 3.07549077263946993299e-02) (1, -2.19477698772067852939e-01) (2, -1.91928675539927234839e-01) (3, -1.65322375686011713292e-01) (4, -7.62114505782657686295e-02) (5, -5.78381222712839981881e-01) (6, 4.85961682653390930620e-02) (7, 8.51526491028690912799e+00) (8, -1.39759185369652239039e+00) (9, -1.08784269223770557744e+00) (10, -1.40496731452854595190e+00) 
