FANN_FLO_2.1
num_layers=3
learning_rate=0.700000
connection_rate=1.000000
network_type=0
learning_momentum=0.000000
training_algorithm=2
train_error_function=1
train_stop_function=1
cascade_output_change_fraction=0.010000
quickprop_decay=-0.000100
quickprop_mu=1.750000
rprop_increase_factor=1.200000
rprop_decrease_factor=0.500000
rprop_delta_min=0.000000
rprop_delta_max=50.000000
rprop_delta_zero=0.100000
cascade_output_stagnation_epochs=12
cascade_candidate_change_fraction=0.010000
cascade_candidate_stagnation_epochs=12
cascade_max_out_epochs=150
cascade_min_out_epochs=50
cascade_max_cand_epochs=150
cascade_min_cand_epochs=50
cascade_num_candidate_groups=2
bit_fail_limit=1.00000000000000005551e-01
cascade_candidate_limit=1.00000000000000000000e+03
cascade_weight_multiplier=4.00000000000000022204e-01
cascade_activation_functions_count=10
cascade_activation_functions=3 5 7 8 10 11 14 15 16 17 
cascade_activation_steepnesses_count=4
cascade_activation_steepnesses=2.50000000000000000000e-01 5.00000000000000000000e-01 7.50000000000000000000e-01 1.00000000000000000000e+00 
layer_sizes=11 4 2 
scale_included=0
neurons (num_inputs, activation_function, activation_steepness)=(0, 0, 0.00000000000000000000e+00) (0, 0, 0.00000000000000000000e+00) (0, 0, 0.00000000000000000000e+00) (0, 0, 0.00000000000000000000e+00) (0, 0, 0.00000000000000000000e+00) (0, 0, 0.00000000000000000000e+00) (0, 0, 0.00000000000000000000e+00) (0, 0, 0.00000000000000000000e+00) (0, 0, 0.00000000000000000000e+00) (0, 0, 0.00000000000000000000e+00) (0, 0, 0.00000000000000000000e+00) (11, 6, 5.00000000000000000000e-01) (11, 6, 5.00000000000000000000e-01) (11, 6, 5.00000000000000000000e-01) (0, 6, 0.00000000000000000000e+00) (4, 4, 5.00000000000000000000e-01) (0, 4, 0.00000000000000000000e+00) 
connections (connected_to_neuron, weight)=(0, -2.08362498674883100946e+00) (1, 1.63862183105247805059e+00) (2, -5.73768417742496761313e-01) (3, 1.58681612780446457123e+00) (4, -8.38998453399999011282e-01) (5, -2.12990092281593534906e+00) (6, 1.68058073154194476118e+00) (7, 2.20673097159989595184e+00) (8, 5.94671680957072901208e-01) (9, 1.60175302318664525281e+00) (10, -6.31170682906965541115e-01) (0, -1.70261246370567409514e+00) (1, 6.26118539234496673807e-01) (2, 5.84354718414277496397e-03) (3, 2.12768885257596451765e+00) (4, -6.65408320717678525291e-01) (5, -1.72703698682083217619e+00) (6, 5.15112270360086554888e-01) (7, 1.21090191712602202045e+00) (8, 1.26413176660389470207e+00) (9, 4.63072017853148776290e-01) (10, -8.49004366881128402778e-02) (0, -1.89083185809148890399e+00) (1, 1.11221614205311869483e+00) (2, -2.34594027351465672648e-01) (3, 1.88339876535291161908e+00) (4, -7.34820958070622087810e-01) (5, -1.81687475013031107807e+00) (6, 1.07985010314262774855e+00) (7, 1.08237576176150906981e+00) (8, 6.89557751268142893331e-01) (9, 1.14960819486881971052e+00) (10, -3.69611633557724750254e-01) (11, 1.15674341505168971622e+01) (12, 2.29903634234989118212e+00) (13, 1.71944296964507330472e+01) (14, -9.78537315211160052542e-01) 
