FANN_FLO_2.1
num_layers=3
learning_rate=0.700000
connection_rate=1.000000
network_type=0
learning_momentum=0.000000
training_algorithm=2
train_error_function=1
train_stop_function=1
cascade_output_change_fraction=0.010000
quickprop_decay=-0.000100
quickprop_mu=1.750000
rprop_increase_factor=1.200000
rprop_decrease_factor=0.500000
rprop_delta_min=0.000000
rprop_delta_max=50.000000
rprop_delta_zero=0.100000
cascade_output_stagnation_epochs=12
cascade_candidate_change_fraction=0.010000
cascade_candidate_stagnation_epochs=12
cascade_max_out_epochs=150
cascade_min_out_epochs=50
cascade_max_cand_epochs=150
cascade_min_cand_epochs=50
cascade_num_candidate_groups=2
bit_fail_limit=1.00000000000000005551e-01
cascade_candidate_limit=1.00000000000000000000e+03
cascade_weight_multiplier=4.00000000000000022204e-01
cascade_activation_functions_count=10
cascade_activation_functions=3 5 7 8 10 11 14 15 16 17 
cascade_activation_steepnesses_count=4
cascade_activation_steepnesses=2.50000000000000000000e-01 5.00000000000000000000e-01 7.50000000000000000000e-01 1.00000000000000000000e+00 
layer_sizes=9 4 2 
scale_included=0
neurons (num_inputs, activation_function, activation_steepness)=(0, 0, 0.00000000000000000000e+00) (0, 0, 0.00000000000000000000e+00) (0, 0, 0.00000000000000000000e+00) (0, 0, 0.00000000000000000000e+00) (0, 0, 0.00000000000000000000e+00) (0, 0, 0.00000000000000000000e+00) (0, 0, 0.00000000000000000000e+00) (0, 0, 0.00000000000000000000e+00) (0, 0, 0.00000000000000000000e+00) (9, 6, 5.00000000000000000000e-01) (9, 6, 5.00000000000000000000e-01) (9, 6, 5.00000000000000000000e-01) (0, 6, 0.00000000000000000000e+00) (4, 4, 5.00000000000000000000e-01) (0, 4, 0.00000000000000000000e+00) 
connections (connected_to_neuron, weight)=(0, -6.87887984125830964643e+00) (1, -2.01899003422156519960e+00) (2, 3.54937795802751887564e+00) (3, 1.60192450943565822818e+00) (4, 4.82977039442616362663e+00) (5, -2.46867583117942537285e+01) (6, 2.26153815266736870626e+01) (7, 2.30059372518738101121e+01) (8, 7.69295523752008159057e-01) (0, 5.43283489684543496878e+00) (1, 1.54469341977848273473e+00) (2, 3.38482361175026857936e+00) (3, 3.30099836779682398458e+00) (4, 3.60890671985682498502e+00) (5, 4.01588746682193420412e+00) (6, 1.27122805432746011078e-01) (7, 1.11681142636297608961e-01) (8, -6.15012461293027179465e+00) (0, -3.99232286192883548126e-02) (1, -1.61579730967921841867e+00) (2, -7.33234806398924465753e-01) (3, 8.14116575380713358712e-02) (4, -8.64048116497164064853e-01) (5, 2.47001263229178835701e+00) (6, 1.23330236485072863850e+00) (7, 1.11644652354805584693e+00) (8, 9.38868538240037242559e-01) (9, -1.19494719205317672106e+01) (10, 2.76189028739732478357e+01) (11, -1.31960319765686122651e+01) (12, -1.45073944733942616914e+00) 
