FANN_FLO_2.1
num_layers=3
learning_rate=0.700000
connection_rate=1.000000
network_type=0
learning_momentum=0.000000
training_algorithm=2
train_error_function=1
train_stop_function=1
cascade_output_change_fraction=0.010000
quickprop_decay=-0.000100
quickprop_mu=1.750000
rprop_increase_factor=1.200000
rprop_decrease_factor=0.500000
rprop_delta_min=0.000000
rprop_delta_max=50.000000
rprop_delta_zero=0.100000
cascade_output_stagnation_epochs=12
cascade_candidate_change_fraction=0.010000
cascade_candidate_stagnation_epochs=12
cascade_max_out_epochs=150
cascade_min_out_epochs=50
cascade_max_cand_epochs=150
cascade_min_cand_epochs=50
cascade_num_candidate_groups=2
bit_fail_limit=1.00000000000000005551e-01
cascade_candidate_limit=1.00000000000000000000e+03
cascade_weight_multiplier=4.00000000000000022204e-01
cascade_activation_functions_count=10
cascade_activation_functions=3 5 7 8 10 11 14 15 16 17 
cascade_activation_steepnesses_count=4
cascade_activation_steepnesses=2.50000000000000000000e-01 5.00000000000000000000e-01 7.50000000000000000000e-01 1.00000000000000000000e+00 
layer_sizes=12 4 2 
scale_included=0
neurons (num_inputs, activation_function, activation_steepness)=(0, 0, 0.00000000000000000000e+00) (0, 0, 0.00000000000000000000e+00) (0, 0, 0.00000000000000000000e+00) (0, 0, 0.00000000000000000000e+00) (0, 0, 0.00000000000000000000e+00) (0, 0, 0.00000000000000000000e+00) (0, 0, 0.00000000000000000000e+00) (0, 0, 0.00000000000000000000e+00) (0, 0, 0.00000000000000000000e+00) (0, 0, 0.00000000000000000000e+00) (0, 0, 0.00000000000000000000e+00) (0, 0, 0.00000000000000000000e+00) (12, 6, 5.00000000000000000000e-01) (12, 6, 5.00000000000000000000e-01) (12, 6, 5.00000000000000000000e-01) (0, 6, 0.00000000000000000000e+00) (4, 4, 5.00000000000000000000e-01) (0, 4, 0.00000000000000000000e+00) 
connections (connected_to_neuron, weight)=(0, -2.47217097163408405791e+00) (1, 1.66247057006140619428e+00) (2, 3.80992082757948713478e-01) (3, 4.39020060966169989314e+00) (4, -2.04231734321589059045e-01) (5, -4.32255025247490554108e+00) (6, -4.34127076009667067780e+00) (7, -1.24411311146549630191e-01) (8, 2.36468477160696544104e+00) (9, -1.74913598461443009491e+00) (10, 4.48891204068815863337e+00) (11, -6.33759829294891635643e-02) (0, -8.99314660532827159223e-01) (1, 5.91508928526372712575e-01) (2, 1.60779087967870215614e-01) (3, 1.78481120347530941572e+00) (4, -9.42563427442356382979e-02) (5, -1.63806651585848417341e+00) (6, -1.63281568938047971784e+00) (7, -2.52341103044770198593e-01) (8, 9.54638086408462260835e-01) (9, -4.78769574342340520356e-01) (10, 1.84382746099979977217e+00) (11, 5.37814782763757215367e-02) (0, -2.63908787101715214263e+00) (1, 1.61893152282019525678e+00) (2, 2.89670830471514484383e-01) (3, 4.35901281455910361018e+00) (4, -6.29520665767877574126e-02) (5, -4.29115911612665801300e+00) (6, -4.24808450827753691925e+00) (7, -1.67754043039612221744e-01) (8, 2.38114668042425670080e+00) (9, -1.74843985451751771087e+00) (10, 4.40288951838767683711e+00) (11, -1.64304445576877976298e-02) (12, 4.27421002695715568365e+00) (13, 4.24372718343889854253e+00) (14, 4.26619946072256706060e+00) (15, -1.98125228330646163677e-01) 
