FANN_FLO_2.1
num_layers=3
learning_rate=0.700000
connection_rate=1.000000
network_type=0
learning_momentum=0.000000
training_algorithm=2
train_error_function=1
train_stop_function=1
cascade_output_change_fraction=0.010000
quickprop_decay=-0.000100
quickprop_mu=1.750000
rprop_increase_factor=1.200000
rprop_decrease_factor=0.500000
rprop_delta_min=0.000000
rprop_delta_max=50.000000
rprop_delta_zero=0.100000
cascade_output_stagnation_epochs=12
cascade_candidate_change_fraction=0.010000
cascade_candidate_stagnation_epochs=12
cascade_max_out_epochs=150
cascade_min_out_epochs=50
cascade_max_cand_epochs=150
cascade_min_cand_epochs=50
cascade_num_candidate_groups=2
bit_fail_limit=1.00000000000000005551e-01
cascade_candidate_limit=1.00000000000000000000e+03
cascade_weight_multiplier=4.00000000000000022204e-01
cascade_activation_functions_count=10
cascade_activation_functions=3 5 7 8 10 11 14 15 16 17 
cascade_activation_steepnesses_count=4
cascade_activation_steepnesses=2.50000000000000000000e-01 5.00000000000000000000e-01 7.50000000000000000000e-01 1.00000000000000000000e+00 
layer_sizes=16 4 2 
scale_included=0
neurons (num_inputs, activation_function, activation_steepness)=(0, 0, 0.00000000000000000000e+00) (0, 0, 0.00000000000000000000e+00) (0, 0, 0.00000000000000000000e+00) (0, 0, 0.00000000000000000000e+00) (0, 0, 0.00000000000000000000e+00) (0, 0, 0.00000000000000000000e+00) (0, 0, 0.00000000000000000000e+00) (0, 0, 0.00000000000000000000e+00) (0, 0, 0.00000000000000000000e+00) (0, 0, 0.00000000000000000000e+00) (0, 0, 0.00000000000000000000e+00) (0, 0, 0.00000000000000000000e+00) (0, 0, 0.00000000000000000000e+00) (0, 0, 0.00000000000000000000e+00) (0, 0, 0.00000000000000000000e+00) (0, 0, 0.00000000000000000000e+00) (16, 6, 5.00000000000000000000e-01) (16, 6, 5.00000000000000000000e-01) (16, 6, 5.00000000000000000000e-01) (0, 6, 0.00000000000000000000e+00) (4, 4, 5.00000000000000000000e-01) (0, 4, 0.00000000000000000000e+00) 
connections (connected_to_neuron, weight)=(0, 1.08837313547377734224e+00) (1, -4.79544407718503418181e+00) (2, 9.69017263200332323869e-01) (3, 6.19370481975123454710e-01) (4, 7.25081956989809928160e-01) (5, 1.09720410003905444185e+00) (6, 7.88919887549921927672e-01) (7, 9.98726371374179411333e-01) (8, -4.66162760772430839751e+00) (9, 6.43770088357209280261e-01) (10, 4.41564144852655271478e-01) (11, 5.01882628452454904178e-01) (12, 6.65408176870027734395e-01) (13, 1.52247815322166468732e+00) (14, 8.11054994852224320212e-01) (15, 1.01766824319605975191e+00) (0, -6.00027549812179539224e-01) (1, 3.54248368377484801339e-01) (2, -5.84617731100897874974e-01) (3, -2.42602975830830958071e-01) (4, -6.34194705435615513345e-01) (5, -5.33536625034194078587e-01) (6, -2.37262272999085810365e-01) (7, -6.58943490064721193455e-01) (8, 3.82603989178933623361e-01) (9, -4.56336882270788335436e-02) (10, -9.79751196063970708483e-02) (11, -2.01030696367089201093e-01) (12, -4.86521570835686700818e-01) (13, -2.02455105469591112310e-02) (14, -2.68684933518235136152e-01) (15, -7.47076686272007073342e-01) (0, -7.50102267046685033947e-01) (1, 4.81812444545948448393e+00) (2, -7.02201150735134893566e-01) (3, -3.32577689586392999388e-01) (4, -3.43189059792272210814e-01) (5, -7.14598685880417638927e-01) (6, -4.63488808868638635374e-01) (7, -6.48914784570450597911e-01) (8, 4.84079031862938347075e+00) (9, -1.50142634415136838610e-01) (10, -3.60051958857289911009e-01) (11, -2.38490769767271570956e-01) (12, -4.45046100303640113083e-01) (13, -2.25598448621990499419e+00) (14, -4.44220061883439765182e-01) (15, -6.64563708384747320324e-01) (16, -4.84743590869629326079e+00) (17, 6.63971017498354298958e-01) (18, 4.77205708094561042998e+00) (19, -6.05146199842209631115e-01) 
