FANN_FLO_2.1
num_layers=3
learning_rate=0.700000
connection_rate=1.000000
network_type=0
learning_momentum=0.000000
training_algorithm=2
train_error_function=1
train_stop_function=1
cascade_output_change_fraction=0.010000
quickprop_decay=-0.000100
quickprop_mu=1.750000
rprop_increase_factor=1.200000
rprop_decrease_factor=0.500000
rprop_delta_min=0.000000
rprop_delta_max=50.000000
rprop_delta_zero=0.100000
cascade_output_stagnation_epochs=12
cascade_candidate_change_fraction=0.010000
cascade_candidate_stagnation_epochs=12
cascade_max_out_epochs=150
cascade_min_out_epochs=50
cascade_max_cand_epochs=150
cascade_min_cand_epochs=50
cascade_num_candidate_groups=2
bit_fail_limit=1.00000000000000005551e-01
cascade_candidate_limit=1.00000000000000000000e+03
cascade_weight_multiplier=4.00000000000000022204e-01
cascade_activation_functions_count=10
cascade_activation_functions=3 5 7 8 10 11 14 15 16 17 
cascade_activation_steepnesses_count=4
cascade_activation_steepnesses=2.50000000000000000000e-01 5.00000000000000000000e-01 7.50000000000000000000e-01 1.00000000000000000000e+00 
layer_sizes=10 4 2 
scale_included=0
neurons (num_inputs, activation_function, activation_steepness)=(0, 0, 0.00000000000000000000e+00) (0, 0, 0.00000000000000000000e+00) (0, 0, 0.00000000000000000000e+00) (0, 0, 0.00000000000000000000e+00) (0, 0, 0.00000000000000000000e+00) (0, 0, 0.00000000000000000000e+00) (0, 0, 0.00000000000000000000e+00) (0, 0, 0.00000000000000000000e+00) (0, 0, 0.00000000000000000000e+00) (0, 0, 0.00000000000000000000e+00) (10, 6, 5.00000000000000000000e-01) (10, 6, 5.00000000000000000000e-01) (10, 6, 5.00000000000000000000e-01) (0, 6, 0.00000000000000000000e+00) (4, 4, 5.00000000000000000000e-01) (0, 4, 0.00000000000000000000e+00) 
connections (connected_to_neuron, weight)=(0, -2.84185582747646181545e+00) (1, 2.09900015203157552790e+00) (2, 1.86961773400652542243e+00) (3, 1.18993764326204920501e+00) (4, 7.88476409109727716107e-01) (5, 8.69776295217172479290e-01) (6, 3.23254412754854836276e-01) (7, -1.03112368115929875501e+00) (8, 7.87400768788949823040e-01) (9, -1.77135251946172500581e+00) (0, -7.62958531916512416871e+00) (1, 3.54985255601641247480e+00) (2, 2.53412146785166969565e+00) (3, 1.20438080507298184152e+00) (4, 8.21029731808328833154e-01) (5, 5.58728982659902451147e-01) (6, 1.64263899673221747122e-01) (7, -1.50097000664930768643e+00) (8, 8.34353437451744284203e-01) (9, -3.24076088670013229276e+00) (0, 2.89372855588637349911e+01) (1, -1.21360077054116324291e+01) (2, -2.57634955581594837781e+00) (3, -8.18911914474459656788e+00) (4, -6.73005321833590031133e+00) (5, -4.28394631033495176808e+00) (6, 7.99921048929801870031e-01) (7, 3.83323228462799869831e+00) (8, -3.78065584015149758201e+00) (9, 1.07943420962765657123e+01) (10, 1.44422536915545451919e+00) (11, 6.25072704729390249412e+00) (12, -4.98134288987624240796e-01) (13, -1.56684720734011140308e+00) 
