FANN_FLO_2.1
num_layers=3
learning_rate=0.700000
connection_rate=1.000000
network_type=0
learning_momentum=0.000000
training_algorithm=2
train_error_function=1
train_stop_function=1
cascade_output_change_fraction=0.010000
quickprop_decay=-0.000100
quickprop_mu=1.750000
rprop_increase_factor=1.200000
rprop_decrease_factor=0.500000
rprop_delta_min=0.000000
rprop_delta_max=50.000000
rprop_delta_zero=0.100000
cascade_output_stagnation_epochs=12
cascade_candidate_change_fraction=0.010000
cascade_candidate_stagnation_epochs=12
cascade_max_out_epochs=150
cascade_min_out_epochs=50
cascade_max_cand_epochs=150
cascade_min_cand_epochs=50
cascade_num_candidate_groups=2
bit_fail_limit=1.00000000000000005551e-01
cascade_candidate_limit=1.00000000000000000000e+03
cascade_weight_multiplier=4.00000000000000022204e-01
cascade_activation_functions_count=10
cascade_activation_functions=3 5 7 8 10 11 14 15 16 17 
cascade_activation_steepnesses_count=4
cascade_activation_steepnesses=2.50000000000000000000e-01 5.00000000000000000000e-01 7.50000000000000000000e-01 1.00000000000000000000e+00 
layer_sizes=8 4 2 
scale_included=0
neurons (num_inputs, activation_function, activation_steepness)=(0, 0, 0.00000000000000000000e+00) (0, 0, 0.00000000000000000000e+00) (0, 0, 0.00000000000000000000e+00) (0, 0, 0.00000000000000000000e+00) (0, 0, 0.00000000000000000000e+00) (0, 0, 0.00000000000000000000e+00) (0, 0, 0.00000000000000000000e+00) (0, 0, 0.00000000000000000000e+00) (8, 6, 5.00000000000000000000e-01) (8, 6, 5.00000000000000000000e-01) (8, 6, 5.00000000000000000000e-01) (0, 6, 0.00000000000000000000e+00) (4, 4, 5.00000000000000000000e-01) (0, 4, 0.00000000000000000000e+00) 
connections (connected_to_neuron, weight)=(0, 2.28808863557015768064e-01) (1, 3.19244440306041210587e-01) (2, 1.40600813137686214693e-01) (3, 2.49819283889925636277e-01) (4, 4.44171860625275916057e-01) (5, 3.31150519015291022740e-01) (6, 2.80193594536423395969e-01) (7, -1.21541536609893908311e-02) (0, 1.63308432504902734106e-01) (1, -2.80433382514997553425e-01) (2, -7.83331669758891707689e-02) (3, -2.30505714298440383958e-01) (4, -3.66535333509447169842e-01) (5, -2.51976834693154072564e-01) (6, -2.72925361126726051531e-01) (7, 1.75171728658535585943e-01) (0, -2.28224278773480415694e+00) (1, 1.46174404673262969823e+00) (2, 9.25338454755815775776e-01) (3, 1.53545167083377886996e+00) (4, 3.24381666046167094208e+00) (5, 1.46157920382122319403e+00) (6, 1.46217431610396775277e+00) (7, -2.72465422161063575146e+00) (8, 5.01877823347333662518e-01) (9, -2.67571778265497828286e-01) (10, 1.74411642601873069225e+02) (11, -2.24532473371528107364e+00) 
