FANN_FLO_2.1
num_layers=3
learning_rate=0.700000
connection_rate=1.000000
network_type=0
learning_momentum=0.000000
training_algorithm=2
train_error_function=1
train_stop_function=1
cascade_output_change_fraction=0.010000
quickprop_decay=-0.000100
quickprop_mu=1.750000
rprop_increase_factor=1.200000
rprop_decrease_factor=0.500000
rprop_delta_min=0.000000
rprop_delta_max=50.000000
rprop_delta_zero=0.100000
cascade_output_stagnation_epochs=12
cascade_candidate_change_fraction=0.010000
cascade_candidate_stagnation_epochs=12
cascade_max_out_epochs=150
cascade_min_out_epochs=50
cascade_max_cand_epochs=150
cascade_min_cand_epochs=50
cascade_num_candidate_groups=2
bit_fail_limit=1.00000000000000005551e-01
cascade_candidate_limit=1.00000000000000000000e+03
cascade_weight_multiplier=4.00000000000000022204e-01
cascade_activation_functions_count=10
cascade_activation_functions=3 5 7 8 10 11 14 15 16 17 
cascade_activation_steepnesses_count=4
cascade_activation_steepnesses=2.50000000000000000000e-01 5.00000000000000000000e-01 7.50000000000000000000e-01 1.00000000000000000000e+00 
layer_sizes=10 4 2 
scale_included=0
neurons (num_inputs, activation_function, activation_steepness)=(0, 0, 0.00000000000000000000e+00) (0, 0, 0.00000000000000000000e+00) (0, 0, 0.00000000000000000000e+00) (0, 0, 0.00000000000000000000e+00) (0, 0, 0.00000000000000000000e+00) (0, 0, 0.00000000000000000000e+00) (0, 0, 0.00000000000000000000e+00) (0, 0, 0.00000000000000000000e+00) (0, 0, 0.00000000000000000000e+00) (0, 0, 0.00000000000000000000e+00) (10, 6, 5.00000000000000000000e-01) (10, 6, 5.00000000000000000000e-01) (10, 6, 5.00000000000000000000e-01) (0, 6, 0.00000000000000000000e+00) (4, 4, 5.00000000000000000000e-01) (0, 4, 0.00000000000000000000e+00) 
connections (connected_to_neuron, weight)=(0, -7.52408949858526909793e-01) (1, 7.90980647093634692268e-01) (2, 2.84984679368125992660e-01) (3, 4.37459191521134965752e-02) (4, -2.70881571218766326048e-01) (5, -6.32328113741259301150e-01) (6, -7.31779782301764214480e-01) (7, -6.60421831733565056766e-01) (8, -6.55394746190886223758e-01) (9, 9.43748643835511935585e-02) (0, -2.36432538596632557670e+00) (1, 4.79769604124748649809e+00) (2, -1.05350080379857741208e-01) (3, -3.04496941000836240931e-01) (4, -8.11515546509646523710e-01) (5, -7.57549672493361581083e-01) (6, -8.31411629089736092801e-01) (7, -1.07871249940824598390e+00) (8, -9.95886261282683316054e-01) (9, -7.67343065807246316190e-01) (0, -1.93069980280878183976e+00) (1, 2.11957350539447908488e+00) (2, 1.50794416416082460719e-01) (3, -3.25124571512207194424e-01) (4, -3.29339566121563120937e-01) (5, -1.31900570769446723318e+00) (6, -1.33881282289164893484e+00) (7, -1.39364581037896506643e+00) (8, -1.34815488238471381521e+00) (9, -4.84135750943417708658e-02) (10, 3.20079593727387701207e-01) (11, 4.81658670522892418120e+00) (12, 1.88641072618248095694e+00) (13, -6.73791504570864785428e-01) 
