FANN_FLO_2.1
num_layers=3
learning_rate=0.700000
connection_rate=1.000000
network_type=0
learning_momentum=0.000000
training_algorithm=2
train_error_function=1
train_stop_function=1
cascade_output_change_fraction=0.010000
quickprop_decay=-0.000100
quickprop_mu=1.750000
rprop_increase_factor=1.200000
rprop_decrease_factor=0.500000
rprop_delta_min=0.000000
rprop_delta_max=50.000000
rprop_delta_zero=0.100000
cascade_output_stagnation_epochs=12
cascade_candidate_change_fraction=0.010000
cascade_candidate_stagnation_epochs=12
cascade_max_out_epochs=150
cascade_min_out_epochs=50
cascade_max_cand_epochs=150
cascade_min_cand_epochs=50
cascade_num_candidate_groups=2
bit_fail_limit=1.00000000000000005551e-01
cascade_candidate_limit=1.00000000000000000000e+03
cascade_weight_multiplier=4.00000000000000022204e-01
cascade_activation_functions_count=10
cascade_activation_functions=3 5 7 8 10 11 14 15 16 17 
cascade_activation_steepnesses_count=4
cascade_activation_steepnesses=2.50000000000000000000e-01 5.00000000000000000000e-01 7.50000000000000000000e-01 1.00000000000000000000e+00 
layer_sizes=9 4 2 
scale_included=0
neurons (num_inputs, activation_function, activation_steepness)=(0, 0, 0.00000000000000000000e+00) (0, 0, 0.00000000000000000000e+00) (0, 0, 0.00000000000000000000e+00) (0, 0, 0.00000000000000000000e+00) (0, 0, 0.00000000000000000000e+00) (0, 0, 0.00000000000000000000e+00) (0, 0, 0.00000000000000000000e+00) (0, 0, 0.00000000000000000000e+00) (0, 0, 0.00000000000000000000e+00) (9, 6, 5.00000000000000000000e-01) (9, 6, 5.00000000000000000000e-01) (9, 6, 5.00000000000000000000e-01) (0, 6, 0.00000000000000000000e+00) (4, 4, 5.00000000000000000000e-01) (0, 4, 0.00000000000000000000e+00) 
connections (connected_to_neuron, weight)=(0, 5.38909046851400574951e+00) (1, -3.89356432649773154253e+00) (2, -2.73532091082908834778e+00) (3, -5.88804520265427822068e+00) (4, 3.87282486742684373127e+00) (5, 4.54669083201785984016e+00) (6, -3.90512777867580096469e+00) (7, -4.16932713820297884411e+00) (8, 3.65420815618056771257e+00) (0, -3.24473869849998841630e+00) (1, 2.91917108803903069258e+00) (2, 1.20589585767397289295e+00) (3, 5.40030564342500341013e+00) (4, -3.64040675650059109003e+00) (5, -3.13013288428146729814e+00) (6, 2.88994637633099760166e+00) (7, 2.91054499807421418467e+00) (8, -2.15716893756260841286e+00) (0, -2.05847190300922866513e+00) (1, 5.01024121611241435303e-01) (2, 2.55172918885748778450e-01) (3, 1.12287870693052238558e+00) (4, -7.72209040712449445998e-01) (5, -6.05939775597188257095e-01) (6, 7.46729544102063824695e-01) (7, 8.59413202162719103150e-01) (8, -1.63839018634560240617e-01) (9, -4.49551519349582662244e+00) (10, 5.11221280097275521115e+00) (11, 5.64052039944377137104e-01) (12, -1.01253523228131947498e+00) 
