FANN_FLO_2.1
num_layers=3
learning_rate=0.700000
connection_rate=1.000000
network_type=0
learning_momentum=0.000000
training_algorithm=2
train_error_function=1
train_stop_function=1
cascade_output_change_fraction=0.010000
quickprop_decay=-0.000100
quickprop_mu=1.750000
rprop_increase_factor=1.200000
rprop_decrease_factor=0.500000
rprop_delta_min=0.000000
rprop_delta_max=50.000000
rprop_delta_zero=0.100000
cascade_output_stagnation_epochs=12
cascade_candidate_change_fraction=0.010000
cascade_candidate_stagnation_epochs=12
cascade_max_out_epochs=150
cascade_min_out_epochs=50
cascade_max_cand_epochs=150
cascade_min_cand_epochs=50
cascade_num_candidate_groups=2
bit_fail_limit=1.00000000000000005551e-01
cascade_candidate_limit=1.00000000000000000000e+03
cascade_weight_multiplier=4.00000000000000022204e-01
cascade_activation_functions_count=10
cascade_activation_functions=3 5 7 8 10 11 14 15 16 17 
cascade_activation_steepnesses_count=4
cascade_activation_steepnesses=2.50000000000000000000e-01 5.00000000000000000000e-01 7.50000000000000000000e-01 1.00000000000000000000e+00 
layer_sizes=12 4 2 
scale_included=0
neurons (num_inputs, activation_function, activation_steepness)=(0, 0, 0.00000000000000000000e+00) (0, 0, 0.00000000000000000000e+00) (0, 0, 0.00000000000000000000e+00) (0, 0, 0.00000000000000000000e+00) (0, 0, 0.00000000000000000000e+00) (0, 0, 0.00000000000000000000e+00) (0, 0, 0.00000000000000000000e+00) (0, 0, 0.00000000000000000000e+00) (0, 0, 0.00000000000000000000e+00) (0, 0, 0.00000000000000000000e+00) (0, 0, 0.00000000000000000000e+00) (0, 0, 0.00000000000000000000e+00) (12, 6, 5.00000000000000000000e-01) (12, 6, 5.00000000000000000000e-01) (12, 6, 5.00000000000000000000e-01) (0, 6, 0.00000000000000000000e+00) (4, 4, 5.00000000000000000000e-01) (0, 4, 0.00000000000000000000e+00) 
connections (connected_to_neuron, weight)=(0, -1.34731166397402568613e+00) (1, 1.82570558326109882996e-01) (2, 9.73369446541647032056e-02) (3, 7.48174965744442310722e-01) (4, 8.65185833712855179023e-01) (5, -6.45362003709471498958e-01) (6, 2.79979366147473339443e-02) (7, 3.46437691180151774439e-01) (8, 1.56460058743426250194e-01) (9, 3.32776229459450401116e-01) (10, 1.27859240449737154854e+00) (11, 4.69849149246158864779e-02) (0, 2.34289141713788984234e+00) (1, -7.23933190138675075609e-01) (2, -1.69184425366285506875e+00) (3, -1.16553947660887780025e+00) (4, -1.67234630963578545515e-01) (5, 9.09796430973278447141e-01) (6, 8.19647578327286741029e-01) (7, -1.50268760895369529740e-01) (8, -1.44341133248508768361e+00) (9, -6.27239107878515222971e-01) (10, -3.90066269251093167281e-01) (11, 7.35221890481905226977e-01) (0, -4.15941256554989546856e+00) (1, 1.15339392968955820606e+01) (2, 9.75788700069176728746e-01) (3, 1.47973056535159996905e+00) (4, 6.74197278783886577713e-01) (5, 2.86440185680795600387e-01) (6, -5.71022842939039820820e-01) (7, 1.65325363714493178691e+00) (8, 1.33618794578945099261e+00) (9, 9.35550212355460319991e-01) (10, 2.02033567872451547132e+00) (11, -1.61417269537319207906e+00) (12, 5.04601443129557125644e-01) (13, -2.12839883880824096707e+01) (14, 8.58110144281053521809e+00) (15, -2.18065472942065596840e+00) 
