FANN_FLO_2.1
num_layers=3
learning_rate=0.700000
connection_rate=1.000000
network_type=0
learning_momentum=0.000000
training_algorithm=2
train_error_function=1
train_stop_function=1
cascade_output_change_fraction=0.010000
quickprop_decay=-0.000100
quickprop_mu=1.750000
rprop_increase_factor=1.200000
rprop_decrease_factor=0.500000
rprop_delta_min=0.000000
rprop_delta_max=50.000000
rprop_delta_zero=0.100000
cascade_output_stagnation_epochs=12
cascade_candidate_change_fraction=0.010000
cascade_candidate_stagnation_epochs=12
cascade_max_out_epochs=150
cascade_min_out_epochs=50
cascade_max_cand_epochs=150
cascade_min_cand_epochs=50
cascade_num_candidate_groups=2
bit_fail_limit=1.00000000000000005551e-01
cascade_candidate_limit=1.00000000000000000000e+03
cascade_weight_multiplier=4.00000000000000022204e-01
cascade_activation_functions_count=10
cascade_activation_functions=3 5 7 8 10 11 14 15 16 17 
cascade_activation_steepnesses_count=4
cascade_activation_steepnesses=2.50000000000000000000e-01 5.00000000000000000000e-01 7.50000000000000000000e-01 1.00000000000000000000e+00 
layer_sizes=7 4 2 
scale_included=0
neurons (num_inputs, activation_function, activation_steepness)=(0, 0, 0.00000000000000000000e+00) (0, 0, 0.00000000000000000000e+00) (0, 0, 0.00000000000000000000e+00) (0, 0, 0.00000000000000000000e+00) (0, 0, 0.00000000000000000000e+00) (0, 0, 0.00000000000000000000e+00) (0, 0, 0.00000000000000000000e+00) (7, 6, 5.00000000000000000000e-01) (7, 6, 5.00000000000000000000e-01) (7, 6, 5.00000000000000000000e-01) (0, 6, 0.00000000000000000000e+00) (4, 4, 5.00000000000000000000e-01) (0, 4, 0.00000000000000000000e+00) 
connections (connected_to_neuron, weight)=(0, -2.08440664779298856502e+00) (1, 2.19656275239895437679e+00) (2, 3.98738004391080314015e-01) (3, 3.00238834068770454877e+00) (4, -5.73845540028576572844e-01) (5, 1.68375256662726058288e+00) (6, -2.14923055838697507625e+00) (0, -1.16976760631469400842e+00) (1, 1.19540636803745670136e+00) (2, 3.20772814183394039400e-01) (3, 1.30677574187292755425e+00) (4, -1.19995169888004085679e-01) (5, 1.00835235099084941091e+00) (6, -5.36054877102096205554e-01) (0, 4.60850587032514624752e+00) (1, -2.59610604781048870393e+00) (2, -4.64761716007514924520e-01) (3, -3.59413666541852849790e+00) (4, 8.31315931854085921060e-01) (5, -3.69461385446413670408e+00) (6, 2.71366700540092509186e+00) (7, 1.37886477471885378066e+01) (8, 1.01307740562617376590e+00) (9, -5.77509134632592591174e+00) (10, -9.44454084846261365804e-01) 
