FANN_FLO_2.1
num_layers=3
learning_rate=0.700000
connection_rate=1.000000
network_type=0
learning_momentum=0.000000
training_algorithm=2
train_error_function=1
train_stop_function=1
cascade_output_change_fraction=0.010000
quickprop_decay=-0.000100
quickprop_mu=1.750000
rprop_increase_factor=1.200000
rprop_decrease_factor=0.500000
rprop_delta_min=0.000000
rprop_delta_max=50.000000
rprop_delta_zero=0.100000
cascade_output_stagnation_epochs=12
cascade_candidate_change_fraction=0.010000
cascade_candidate_stagnation_epochs=12
cascade_max_out_epochs=150
cascade_min_out_epochs=50
cascade_max_cand_epochs=150
cascade_min_cand_epochs=50
cascade_num_candidate_groups=2
bit_fail_limit=1.00000000000000005551e-01
cascade_candidate_limit=1.00000000000000000000e+03
cascade_weight_multiplier=4.00000000000000022204e-01
cascade_activation_functions_count=10
cascade_activation_functions=3 5 7 8 10 11 14 15 16 17 
cascade_activation_steepnesses_count=4
cascade_activation_steepnesses=2.50000000000000000000e-01 5.00000000000000000000e-01 7.50000000000000000000e-01 1.00000000000000000000e+00 
layer_sizes=11 4 2 
scale_included=0
neurons (num_inputs, activation_function, activation_steepness)=(0, 0, 0.00000000000000000000e+00) (0, 0, 0.00000000000000000000e+00) (0, 0, 0.00000000000000000000e+00) (0, 0, 0.00000000000000000000e+00) (0, 0, 0.00000000000000000000e+00) (0, 0, 0.00000000000000000000e+00) (0, 0, 0.00000000000000000000e+00) (0, 0, 0.00000000000000000000e+00) (0, 0, 0.00000000000000000000e+00) (0, 0, 0.00000000000000000000e+00) (0, 0, 0.00000000000000000000e+00) (11, 6, 5.00000000000000000000e-01) (11, 6, 5.00000000000000000000e-01) (11, 6, 5.00000000000000000000e-01) (0, 6, 0.00000000000000000000e+00) (4, 4, 5.00000000000000000000e-01) (0, 4, 0.00000000000000000000e+00) 
connections (connected_to_neuron, weight)=(0, 7.70119227773417147631e+00) (1, -2.57290951518180888158e+00) (2, -1.61659516395643620967e+00) (3, -2.75947045821469583160e+00) (4, 1.14676076065003562654e+00) (5, -3.76508632009187138578e+00) (6, -2.49642127407467073752e+00) (7, 6.33225804014536652886e-01) (8, -2.56479468511322616919e+00) (9, 1.23689654026108208917e+00) (10, 2.78692487994276039132e+00) (0, -1.71981318636509761255e+00) (1, 1.09273660817678019974e+00) (2, 4.46986095118933557391e-01) (3, 1.14946834597915015230e+00) (4, 3.60438813123094337065e-01) (5, 1.01707868888850883060e+00) (6, 1.08096901217038676712e+00) (7, -4.63596786583008943494e-04) (8, 9.64390853848010709548e-01) (9, -3.29942762838322911634e-01) (10, -3.90841140572379286411e-01) (0, 5.49191324487959864342e+00) (1, -2.55741286677992052390e+00) (2, -1.51013106854275136470e+00) (3, -2.82224134642403878814e+00) (4, 1.18406229357421088899e+00) (5, -3.72147877221265277470e+00) (6, -2.61762471107605021459e+00) (7, 1.05246974591845843250e+00) (8, -2.62303796725252746924e+00) (9, 1.23343766721425862620e+00) (10, 2.98620459534019566661e+00) (11, -5.44694205010253096333e+00) (12, 3.70337331305631822786e+00) (13, -5.44619518900233412495e+00) (14, -1.79499145536002346901e+00) 
