FANN_FLO_2.1
num_layers=3
learning_rate=0.700000
connection_rate=1.000000
network_type=0
learning_momentum=0.000000
training_algorithm=2
train_error_function=1
train_stop_function=1
cascade_output_change_fraction=0.010000
quickprop_decay=-0.000100
quickprop_mu=1.750000
rprop_increase_factor=1.200000
rprop_decrease_factor=0.500000
rprop_delta_min=0.000000
rprop_delta_max=50.000000
rprop_delta_zero=0.100000
cascade_output_stagnation_epochs=12
cascade_candidate_change_fraction=0.010000
cascade_candidate_stagnation_epochs=12
cascade_max_out_epochs=150
cascade_min_out_epochs=50
cascade_max_cand_epochs=150
cascade_min_cand_epochs=50
cascade_num_candidate_groups=2
bit_fail_limit=1.00000000000000005551e-01
cascade_candidate_limit=1.00000000000000000000e+03
cascade_weight_multiplier=4.00000000000000022204e-01
cascade_activation_functions_count=10
cascade_activation_functions=3 5 7 8 10 11 14 15 16 17 
cascade_activation_steepnesses_count=4
cascade_activation_steepnesses=2.50000000000000000000e-01 5.00000000000000000000e-01 7.50000000000000000000e-01 1.00000000000000000000e+00 
layer_sizes=14 4 2 
scale_included=0
neurons (num_inputs, activation_function, activation_steepness)=(0, 0, 0.00000000000000000000e+00) (0, 0, 0.00000000000000000000e+00) (0, 0, 0.00000000000000000000e+00) (0, 0, 0.00000000000000000000e+00) (0, 0, 0.00000000000000000000e+00) (0, 0, 0.00000000000000000000e+00) (0, 0, 0.00000000000000000000e+00) (0, 0, 0.00000000000000000000e+00) (0, 0, 0.00000000000000000000e+00) (0, 0, 0.00000000000000000000e+00) (0, 0, 0.00000000000000000000e+00) (0, 0, 0.00000000000000000000e+00) (0, 0, 0.00000000000000000000e+00) (0, 0, 0.00000000000000000000e+00) (14, 6, 5.00000000000000000000e-01) (14, 6, 5.00000000000000000000e-01) (14, 6, 5.00000000000000000000e-01) (0, 6, 0.00000000000000000000e+00) (4, 4, 5.00000000000000000000e-01) (0, 4, 0.00000000000000000000e+00) 
connections (connected_to_neuron, weight)=(0, 3.33260921404723409189e-01) (1, -7.53336287045335506463e-01) (2, -1.05301255851528718921e-01) (3, -1.10916201012340263077e+01) (4, 5.80634612606145061875e+00) (5, -2.60940964782767093055e+00) (6, -8.09720689838086427059e-01) (7, -1.00591941673373019839e+00) (8, 5.85519804597466331231e-02) (9, -6.06890948234039484532e+00) (10, 2.65154143296984168288e+00) (11, -5.77080425523313844671e-01) (12, -2.79736588400713248603e+00) (13, 4.96727324625290733717e-01) (0, -5.41972980511743340770e+00) (1, 5.43695232854239929310e+00) (2, 2.69622436607915805240e+00) (3, 6.17693756665693349817e+00) (4, -3.82375629048023935042e+00) (5, 4.24789437862532270884e+00) (6, 5.41430500587513741095e+00) (7, 5.43118855673191092137e+00) (8, 3.88712185975827928530e+00) (9, 3.05422931235388928073e+00) (10, 4.47377952224211394849e+00) (11, 7.56644558307040071554e+00) (12, 4.91484397413132167998e+00) (13, -7.27711416370371821927e+00) (0, 2.00222467248858143618e-01) (1, -3.99531460336609967054e-01) (2, -7.66556499683335501594e-01) (3, -1.41711829042345947016e+01) (4, 9.88080499219345753659e+00) (5, -1.11328807544596997126e+00) (6, -5.94412253917952604354e-01) (7, -7.38576327470898075234e-01) (8, -1.24348956195009269221e-01) (9, -1.29742372874175204700e+00) (10, 3.46980038232893639449e-01) (11, -2.11839887473264942841e+00) (12, -6.06739417781690382192e-01) (13, 2.43405199057556281828e-01) (14, -2.58127997371442585717e+00) (15, 1.71310355445487019210e+01) (16, -7.97408935106391214553e-01) (17, -2.70627005558376731997e+00) 
