FANN_FLO_2.1
num_layers=3
learning_rate=0.700000
connection_rate=1.000000
network_type=0
learning_momentum=0.000000
training_algorithm=2
train_error_function=1
train_stop_function=1
cascade_output_change_fraction=0.010000
quickprop_decay=-0.000100
quickprop_mu=1.750000
rprop_increase_factor=1.200000
rprop_decrease_factor=0.500000
rprop_delta_min=0.000000
rprop_delta_max=50.000000
rprop_delta_zero=0.100000
cascade_output_stagnation_epochs=12
cascade_candidate_change_fraction=0.010000
cascade_candidate_stagnation_epochs=12
cascade_max_out_epochs=150
cascade_min_out_epochs=50
cascade_max_cand_epochs=150
cascade_min_cand_epochs=50
cascade_num_candidate_groups=2
bit_fail_limit=1.00000000000000005551e-01
cascade_candidate_limit=1.00000000000000000000e+03
cascade_weight_multiplier=4.00000000000000022204e-01
cascade_activation_functions_count=10
cascade_activation_functions=3 5 7 8 10 11 14 15 16 17 
cascade_activation_steepnesses_count=4
cascade_activation_steepnesses=2.50000000000000000000e-01 5.00000000000000000000e-01 7.50000000000000000000e-01 1.00000000000000000000e+00 
layer_sizes=9 4 2 
scale_included=0
neurons (num_inputs, activation_function, activation_steepness)=(0, 0, 0.00000000000000000000e+00) (0, 0, 0.00000000000000000000e+00) (0, 0, 0.00000000000000000000e+00) (0, 0, 0.00000000000000000000e+00) (0, 0, 0.00000000000000000000e+00) (0, 0, 0.00000000000000000000e+00) (0, 0, 0.00000000000000000000e+00) (0, 0, 0.00000000000000000000e+00) (0, 0, 0.00000000000000000000e+00) (9, 6, 5.00000000000000000000e-01) (9, 6, 5.00000000000000000000e-01) (9, 6, 5.00000000000000000000e-01) (0, 6, 0.00000000000000000000e+00) (4, 4, 5.00000000000000000000e-01) (0, 4, 0.00000000000000000000e+00) 
connections (connected_to_neuron, weight)=(0, 2.52074073189337344303e+00) (1, 1.88738021696044255826e-01) (2, -3.10714264713999988032e+00) (3, -7.94610926018614271982e+00) (4, -1.17674766200551217388e+00) (5, -4.24687289617471652736e-01) (6, -5.46614867164850082304e-01) (7, 3.62200273392452143373e-01) (8, 1.10227768986256147166e+00) (0, 4.04631076463641115026e+00) (1, -3.36746027782645995785e+00) (2, -1.84389561252990996643e+00) (3, -2.04063760708099373176e+00) (4, -6.90116209156639848210e-01) (5, 8.92767503173966914254e-01) (6, -5.50067727632649439151e-01) (7, 2.27051185212721851059e+00) (8, 3.12366191864551012713e+00) (0, 3.89580618300618120031e+00) (1, -3.28557107314554119881e+00) (2, -2.34199371093756170126e+00) (3, -2.08201717431670196845e+00) (4, -5.25696476168759363468e-01) (5, 8.38519751341958552437e-01) (6, -5.68680857486851709659e-01) (7, 2.28723473243107822128e+00) (8, 3.44111105794103977473e+00) (9, -1.24218089012025112439e+00) (10, -3.54310019952695842704e+00) (11, -3.62113297624032970390e+00) (12, -1.45261015699799789225e+00) 
