FANN_FLO_2.1
num_layers=3
learning_rate=0.700000
connection_rate=1.000000
network_type=0
learning_momentum=0.000000
training_algorithm=2
train_error_function=1
train_stop_function=1
cascade_output_change_fraction=0.010000
quickprop_decay=-0.000100
quickprop_mu=1.750000
rprop_increase_factor=1.200000
rprop_decrease_factor=0.500000
rprop_delta_min=0.000000
rprop_delta_max=50.000000
rprop_delta_zero=0.100000
cascade_output_stagnation_epochs=12
cascade_candidate_change_fraction=0.010000
cascade_candidate_stagnation_epochs=12
cascade_max_out_epochs=150
cascade_min_out_epochs=50
cascade_max_cand_epochs=150
cascade_min_cand_epochs=50
cascade_num_candidate_groups=2
bit_fail_limit=1.00000000000000005551e-01
cascade_candidate_limit=1.00000000000000000000e+03
cascade_weight_multiplier=4.00000000000000022204e-01
cascade_activation_functions_count=10
cascade_activation_functions=3 5 7 8 10 11 14 15 16 17 
cascade_activation_steepnesses_count=4
cascade_activation_steepnesses=2.50000000000000000000e-01 5.00000000000000000000e-01 7.50000000000000000000e-01 1.00000000000000000000e+00 
layer_sizes=16 4 2 
scale_included=0
neurons (num_inputs, activation_function, activation_steepness)=(0, 0, 0.00000000000000000000e+00) (0, 0, 0.00000000000000000000e+00) (0, 0, 0.00000000000000000000e+00) (0, 0, 0.00000000000000000000e+00) (0, 0, 0.00000000000000000000e+00) (0, 0, 0.00000000000000000000e+00) (0, 0, 0.00000000000000000000e+00) (0, 0, 0.00000000000000000000e+00) (0, 0, 0.00000000000000000000e+00) (0, 0, 0.00000000000000000000e+00) (0, 0, 0.00000000000000000000e+00) (0, 0, 0.00000000000000000000e+00) (0, 0, 0.00000000000000000000e+00) (0, 0, 0.00000000000000000000e+00) (0, 0, 0.00000000000000000000e+00) (0, 0, 0.00000000000000000000e+00) (16, 6, 5.00000000000000000000e-01) (16, 6, 5.00000000000000000000e-01) (16, 6, 5.00000000000000000000e-01) (0, 6, 0.00000000000000000000e+00) (4, 4, 5.00000000000000000000e-01) (0, 4, 0.00000000000000000000e+00) 
connections (connected_to_neuron, weight)=(0, -6.33528884537766945328e+00) (1, 3.72596392876649229464e+00) (2, 1.61035821724895189533e+00) (3, 1.50641488025394898465e+00) (4, 1.64867824255999151362e+00) (5, 1.64274583696898046625e+00) (6, 6.69712023324964156323e-01) (7, 1.05733534492468761457e+00) (8, 3.60156010865456899239e+00) (9, 1.59060086829072089287e+00) (10, 4.18520216136920530925e-01) (11, 3.72802569746262868478e+00) (12, 4.25431078466518641790e+00) (13, 5.53025412286464845835e-01) (14, 6.80440613515374770337e-01) (15, -4.05782890136979101925e+00) (0, -6.18934837021182548966e+00) (1, 2.97975417409940046554e+00) (2, 1.52256470311645220050e+00) (3, 1.48471533593983573418e+00) (4, 1.61195572669112463515e+00) (5, 1.51163042276676717890e+00) (6, 7.40549148507115950757e-01) (7, 1.16810303911523183373e+00) (8, 3.61235273658521016671e+00) (9, 1.58177027046259466303e+00) (10, 4.56781897932040770183e-01) (11, 3.21404513739657060611e+00) (12, 2.78206262232274337265e+00) (13, 4.53244410510495909783e-01) (14, 8.07829001433847060376e-01) (15, -3.58409885056213983745e+00) (0, -4.24769241167605926535e+00) (1, -1.85463998835859594783e-02) (2, 1.04433979399322440784e+00) (3, 3.66290960959875189218e+00) (4, 1.01415346388179745674e+01) (5, 1.02566011522371258735e+01) (6, 2.00944051710946887113e+01) (7, 6.88641300265377775958e+00) (8, -1.26228551041383152409e+00) (9, 1.01052512277323689460e+01) (10, -2.68946349255034622416e+00) (11, -5.66165637190915727039e-03) (12, 5.85123936102589325969e+00) (13, 5.77621749682029417272e+00) (14, 2.00951388223154872037e+01) (15, -1.58630855858534181024e+00) (16, 5.87248289763769015792e+00) (17, 5.90263424992402896407e+00) (18, 2.43066512472470330763e+00) (19, -1.05595411008673756292e+00) 
