FANN_FLO_2.1
num_layers=3
learning_rate=0.700000
connection_rate=1.000000
network_type=0
learning_momentum=0.000000
training_algorithm=2
train_error_function=1
train_stop_function=1
cascade_output_change_fraction=0.010000
quickprop_decay=-0.000100
quickprop_mu=1.750000
rprop_increase_factor=1.200000
rprop_decrease_factor=0.500000
rprop_delta_min=0.000000
rprop_delta_max=50.000000
rprop_delta_zero=0.100000
cascade_output_stagnation_epochs=12
cascade_candidate_change_fraction=0.010000
cascade_candidate_stagnation_epochs=12
cascade_max_out_epochs=150
cascade_min_out_epochs=50
cascade_max_cand_epochs=150
cascade_min_cand_epochs=50
cascade_num_candidate_groups=2
bit_fail_limit=1.00000000000000005551e-01
cascade_candidate_limit=1.00000000000000000000e+03
cascade_weight_multiplier=4.00000000000000022204e-01
cascade_activation_functions_count=10
cascade_activation_functions=3 5 7 8 10 11 14 15 16 17 
cascade_activation_steepnesses_count=4
cascade_activation_steepnesses=2.50000000000000000000e-01 5.00000000000000000000e-01 7.50000000000000000000e-01 1.00000000000000000000e+00 
layer_sizes=10 4 2 
scale_included=0
neurons (num_inputs, activation_function, activation_steepness)=(0, 0, 0.00000000000000000000e+00) (0, 0, 0.00000000000000000000e+00) (0, 0, 0.00000000000000000000e+00) (0, 0, 0.00000000000000000000e+00) (0, 0, 0.00000000000000000000e+00) (0, 0, 0.00000000000000000000e+00) (0, 0, 0.00000000000000000000e+00) (0, 0, 0.00000000000000000000e+00) (0, 0, 0.00000000000000000000e+00) (0, 0, 0.00000000000000000000e+00) (10, 6, 5.00000000000000000000e-01) (10, 6, 5.00000000000000000000e-01) (10, 6, 5.00000000000000000000e-01) (0, 6, 0.00000000000000000000e+00) (4, 4, 5.00000000000000000000e-01) (0, 4, 0.00000000000000000000e+00) 
connections (connected_to_neuron, weight)=(0, -9.94956481751917198864e-01) (1, 2.16812008463677319270e+00) (2, 7.96196580927926583771e-02) (3, -3.10223204432199639591e-01) (4, -2.61397612629602538181e-01) (5, -3.45177007256220025333e-01) (6, -3.04569525061319512638e-01) (7, -2.95884621678064507755e-01) (8, -9.90052122172830895153e-01) (9, -1.03780091881465752479e+00) (0, 1.33057176354022965725e+00) (1, -1.22042055982194619368e+00) (2, 5.39860078715871383181e-01) (3, 9.75915982564289241630e-01) (4, 9.39390110959608226615e-01) (5, 1.08361875190337375585e+00) (6, 9.67961250980693965751e-01) (7, 9.64101611812908321220e-01) (8, 1.27875202181430780435e+00) (9, 1.38922645928951249417e+00) (0, -7.50343838308717092644e-01) (1, 9.80572133340180784877e-01) (2, 1.58624367914480136205e-03) (3, -1.33899305483482972123e-01) (4, -1.42511889806173908113e-01) (5, -7.18475510386453880551e-02) (6, -1.78193159869097339509e-01) (7, 1.30327637287152714451e-02) (8, -1.50493853845986180762e-01) (9, -1.44049906292351537207e-01) (10, 1.86626273097577062288e+01) (11, -3.01417518093896319442e+00) (12, 1.64456644221795555971e+00) (13, -5.92701458428806504664e-01) 
