FANN_FLO_2.1
num_layers=3
learning_rate=0.700000
connection_rate=1.000000
network_type=0
learning_momentum=0.000000
training_algorithm=2
train_error_function=1
train_stop_function=1
cascade_output_change_fraction=0.010000
quickprop_decay=-0.000100
quickprop_mu=1.750000
rprop_increase_factor=1.200000
rprop_decrease_factor=0.500000
rprop_delta_min=0.000000
rprop_delta_max=50.000000
rprop_delta_zero=0.100000
cascade_output_stagnation_epochs=12
cascade_candidate_change_fraction=0.010000
cascade_candidate_stagnation_epochs=12
cascade_max_out_epochs=150
cascade_min_out_epochs=50
cascade_max_cand_epochs=150
cascade_min_cand_epochs=50
cascade_num_candidate_groups=2
bit_fail_limit=1.00000000000000005551e-01
cascade_candidate_limit=1.00000000000000000000e+03
cascade_weight_multiplier=4.00000000000000022204e-01
cascade_activation_functions_count=10
cascade_activation_functions=3 5 7 8 10 11 14 15 16 17 
cascade_activation_steepnesses_count=4
cascade_activation_steepnesses=2.50000000000000000000e-01 5.00000000000000000000e-01 7.50000000000000000000e-01 1.00000000000000000000e+00 
layer_sizes=10 4 2 
scale_included=0
neurons (num_inputs, activation_function, activation_steepness)=(0, 0, 0.00000000000000000000e+00) (0, 0, 0.00000000000000000000e+00) (0, 0, 0.00000000000000000000e+00) (0, 0, 0.00000000000000000000e+00) (0, 0, 0.00000000000000000000e+00) (0, 0, 0.00000000000000000000e+00) (0, 0, 0.00000000000000000000e+00) (0, 0, 0.00000000000000000000e+00) (0, 0, 0.00000000000000000000e+00) (0, 0, 0.00000000000000000000e+00) (10, 6, 5.00000000000000000000e-01) (10, 6, 5.00000000000000000000e-01) (10, 6, 5.00000000000000000000e-01) (0, 6, 0.00000000000000000000e+00) (4, 4, 5.00000000000000000000e-01) (0, 4, 0.00000000000000000000e+00) 
connections (connected_to_neuron, weight)=(0, 8.24988425407981035287e-02) (1, 5.90265086958465245992e-01) (2, 2.28402703157366576692e-01) (3, 2.21392170814177585703e-01) (4, 2.44741686907908512216e-01) (5, 2.03612834136781273298e-01) (6, 3.97666202214858155450e-01) (7, 2.81141312149664979181e-01) (8, -4.05713687688633289213e-03) (9, 4.03236538801764188289e-02) (0, 1.23554204365957631673e+00) (1, -2.77691700920281192566e+00) (2, 4.78305326156885812772e-01) (3, 3.73683088733036128382e-01) (4, 2.95116097940284816126e-01) (5, 1.29370725861538304891e+00) (6, 3.30951669527370540003e-01) (7, 7.23502366729508517018e-01) (8, 1.03092025816834675922e+00) (9, 1.31467492094982518758e+00) (0, -6.43436081916815005854e-01) (1, 2.54490767810975793140e+00) (2, -1.13513124468713311188e-01) (3, -4.83341045301353300356e-01) (4, -5.99884658675586268650e-01) (5, -6.66332163125997745112e-01) (6, -5.35000055652057326938e-01) (7, -5.34545294564162887241e-01) (8, -4.63079593699371239168e-01) (9, -7.05862112552648635067e-01) (10, 3.72649643968163246655e-01) (11, -1.16760279039303576099e+01) (12, 7.14539362479880413304e+00) (13, -8.74237778393290088097e-01) 
