FANN_FLO_2.1
num_layers=3
learning_rate=0.700000
connection_rate=1.000000
network_type=0
learning_momentum=0.000000
training_algorithm=2
train_error_function=1
train_stop_function=1
cascade_output_change_fraction=0.010000
quickprop_decay=-0.000100
quickprop_mu=1.750000
rprop_increase_factor=1.200000
rprop_decrease_factor=0.500000
rprop_delta_min=0.000000
rprop_delta_max=50.000000
rprop_delta_zero=0.100000
cascade_output_stagnation_epochs=12
cascade_candidate_change_fraction=0.010000
cascade_candidate_stagnation_epochs=12
cascade_max_out_epochs=150
cascade_min_out_epochs=50
cascade_max_cand_epochs=150
cascade_min_cand_epochs=50
cascade_num_candidate_groups=2
bit_fail_limit=1.00000000000000005551e-01
cascade_candidate_limit=1.00000000000000000000e+03
cascade_weight_multiplier=4.00000000000000022204e-01
cascade_activation_functions_count=10
cascade_activation_functions=3 5 7 8 10 11 14 15 16 17 
cascade_activation_steepnesses_count=4
cascade_activation_steepnesses=2.50000000000000000000e-01 5.00000000000000000000e-01 7.50000000000000000000e-01 1.00000000000000000000e+00 
layer_sizes=11 4 2 
scale_included=0
neurons (num_inputs, activation_function, activation_steepness)=(0, 0, 0.00000000000000000000e+00) (0, 0, 0.00000000000000000000e+00) (0, 0, 0.00000000000000000000e+00) (0, 0, 0.00000000000000000000e+00) (0, 0, 0.00000000000000000000e+00) (0, 0, 0.00000000000000000000e+00) (0, 0, 0.00000000000000000000e+00) (0, 0, 0.00000000000000000000e+00) (0, 0, 0.00000000000000000000e+00) (0, 0, 0.00000000000000000000e+00) (0, 0, 0.00000000000000000000e+00) (11, 6, 5.00000000000000000000e-01) (11, 6, 5.00000000000000000000e-01) (11, 6, 5.00000000000000000000e-01) (0, 6, 0.00000000000000000000e+00) (4, 4, 5.00000000000000000000e-01) (0, 4, 0.00000000000000000000e+00) 
connections (connected_to_neuron, weight)=(0, -4.91552688703963625017e+00) (1, 1.18043768636891699408e+00) (2, 9.58511683153438265315e-01) (3, 1.24606315281874135970e+00) (4, 1.27825156834608510970e+00) (5, -2.96197373011918818619e+00) (6, 4.15907776530888562139e-01) (7, 1.67474756140160074835e+00) (8, 1.27547681832626680354e+00) (9, 1.31794801010023276966e+00) (10, -3.92394477306893751933e-01) (0, 2.14046581202162489177e+00) (1, -2.85871135983820190418e+00) (2, -3.57573606976627156318e-01) (3, -2.20580835815106857112e+00) (4, -2.72528228004869355061e+00) (5, 3.16463137403362759770e+00) (6, 3.73797242946279015263e-02) (7, -2.51283522555982541391e+00) (8, -2.80221128259058227528e+00) (9, -3.30388652570505048089e+00) (10, 2.89940384109791482459e+00) (0, -5.93967566380099398771e-01) (1, 4.30052597151821591748e-01) (2, 9.03395747122257120054e-01) (3, 8.66677161960658581918e-01) (4, 9.38182350902614148325e-01) (5, -7.16451199838713970180e-01) (6, 2.06481012775082184429e-01) (7, 6.01883206928840008842e-01) (8, 3.39292850306370186164e-01) (9, 9.92004512323243714533e-01) (10, -4.34371675517850108772e-01) (11, 7.58893367360393522603e+00) (12, -9.03178834751519588053e+00) (13, 3.03916822567561417667e-01) (14, -7.34481956420271364649e-01) 
