FANN_FLO_2.1
num_layers=3
learning_rate=0.700000
connection_rate=1.000000
network_type=0
learning_momentum=0.000000
training_algorithm=2
train_error_function=1
train_stop_function=1
cascade_output_change_fraction=0.010000
quickprop_decay=-0.000100
quickprop_mu=1.750000
rprop_increase_factor=1.200000
rprop_decrease_factor=0.500000
rprop_delta_min=0.000000
rprop_delta_max=50.000000
rprop_delta_zero=0.100000
cascade_output_stagnation_epochs=12
cascade_candidate_change_fraction=0.010000
cascade_candidate_stagnation_epochs=12
cascade_max_out_epochs=150
cascade_min_out_epochs=50
cascade_max_cand_epochs=150
cascade_min_cand_epochs=50
cascade_num_candidate_groups=2
bit_fail_limit=1.00000000000000005551e-01
cascade_candidate_limit=1.00000000000000000000e+03
cascade_weight_multiplier=4.00000000000000022204e-01
cascade_activation_functions_count=10
cascade_activation_functions=3 5 7 8 10 11 14 15 16 17 
cascade_activation_steepnesses_count=4
cascade_activation_steepnesses=2.50000000000000000000e-01 5.00000000000000000000e-01 7.50000000000000000000e-01 1.00000000000000000000e+00 
layer_sizes=7 4 2 
scale_included=0
neurons (num_inputs, activation_function, activation_steepness)=(0, 0, 0.00000000000000000000e+00) (0, 0, 0.00000000000000000000e+00) (0, 0, 0.00000000000000000000e+00) (0, 0, 0.00000000000000000000e+00) (0, 0, 0.00000000000000000000e+00) (0, 0, 0.00000000000000000000e+00) (0, 0, 0.00000000000000000000e+00) (7, 6, 5.00000000000000000000e-01) (7, 6, 5.00000000000000000000e-01) (7, 6, 5.00000000000000000000e-01) (0, 6, 0.00000000000000000000e+00) (4, 4, 5.00000000000000000000e-01) (0, 4, 0.00000000000000000000e+00) 
connections (connected_to_neuron, weight)=(0, 2.83808477492764232863e+00) (1, -4.16481744723360414184e+00) (2, -5.02533140966974212205e-01) (3, -8.00813220470038000798e-01) (4, -2.98921253970558709057e+00) (5, -2.46011831802948632841e+00) (6, 2.85039939256146190871e+00) (0, -1.55362351685490862607e+00) (1, 1.20056025053455694973e+00) (2, 5.32529469190213045060e-01) (3, 1.78561012983301625745e+00) (4, 2.18275628099720941933e+00) (5, 1.56229053317908128662e+00) (6, -1.64888693839040056943e+00) (0, -2.59554965310319873950e+00) (1, 1.27883704493834837734e+00) (2, 5.52147660015198549210e-01) (3, 7.94532855964846684849e-01) (4, 2.16440257290881143959e+00) (5, 1.85621163981702741452e+00) (6, -1.61817541792717234372e+00) (7, -3.75849070966536524807e+00) (8, 6.39934962859118439127e+00) (9, 6.37573298683131195475e+00) (10, -1.36962515195128853307e+00) 
