FANN_FLO_2.1
num_layers=3
learning_rate=0.700000
connection_rate=1.000000
network_type=0
learning_momentum=0.000000
training_algorithm=2
train_error_function=1
train_stop_function=1
cascade_output_change_fraction=0.010000
quickprop_decay=-0.000100
quickprop_mu=1.750000
rprop_increase_factor=1.200000
rprop_decrease_factor=0.500000
rprop_delta_min=0.000000
rprop_delta_max=50.000000
rprop_delta_zero=0.100000
cascade_output_stagnation_epochs=12
cascade_candidate_change_fraction=0.010000
cascade_candidate_stagnation_epochs=12
cascade_max_out_epochs=150
cascade_min_out_epochs=50
cascade_max_cand_epochs=150
cascade_min_cand_epochs=50
cascade_num_candidate_groups=2
bit_fail_limit=1.00000000000000005551e-01
cascade_candidate_limit=1.00000000000000000000e+03
cascade_weight_multiplier=4.00000000000000022204e-01
cascade_activation_functions_count=10
cascade_activation_functions=3 5 7 8 10 11 14 15 16 17 
cascade_activation_steepnesses_count=4
cascade_activation_steepnesses=2.50000000000000000000e-01 5.00000000000000000000e-01 7.50000000000000000000e-01 1.00000000000000000000e+00 
layer_sizes=7 4 2 
scale_included=0
neurons (num_inputs, activation_function, activation_steepness)=(0, 0, 0.00000000000000000000e+00) (0, 0, 0.00000000000000000000e+00) (0, 0, 0.00000000000000000000e+00) (0, 0, 0.00000000000000000000e+00) (0, 0, 0.00000000000000000000e+00) (0, 0, 0.00000000000000000000e+00) (0, 0, 0.00000000000000000000e+00) (7, 6, 5.00000000000000000000e-01) (7, 6, 5.00000000000000000000e-01) (7, 6, 5.00000000000000000000e-01) (0, 6, 0.00000000000000000000e+00) (4, 4, 5.00000000000000000000e-01) (0, 4, 0.00000000000000000000e+00) 
connections (connected_to_neuron, weight)=(0, -4.34935594414418691400e+00) (1, 3.62560499942988645472e+00) (2, 1.54480990929304673465e+00) (3, 4.09112089528315792109e+00) (4, 1.28865557178517242676e+00) (5, 3.55354839154441615179e+00) (6, -4.23182467163530606769e+00) (0, -5.26712279497816363016e-02) (1, 5.18349887621241900426e-01) (2, 2.53700234469835306239e-01) (3, 8.16512203989088081180e-01) (4, 1.33829751668287616484e-01) (5, 7.31216124472677031498e-01) (6, -6.33356621177380389731e-03) (0, -7.65685944434747224607e-03) (1, 4.69549917168455677174e-01) (2, 7.79606652894650919983e-01) (3, 4.16591853206332796145e-01) (4, 3.69384865515158866689e-01) (5, 6.80865397625027735096e-01) (6, 9.50337351442581829142e-02) (7, 8.98582844151192006166e+00) (8, 1.74167892114479139209e+00) (9, 7.39893508226930785021e-01) (10, -1.93144237964723552992e+00) 
