FANN_FLO_2.1
num_layers=3
learning_rate=0.700000
connection_rate=1.000000
network_type=0
learning_momentum=0.000000
training_algorithm=2
train_error_function=1
train_stop_function=1
cascade_output_change_fraction=0.010000
quickprop_decay=-0.000100
quickprop_mu=1.750000
rprop_increase_factor=1.200000
rprop_decrease_factor=0.500000
rprop_delta_min=0.000000
rprop_delta_max=50.000000
rprop_delta_zero=0.100000
cascade_output_stagnation_epochs=12
cascade_candidate_change_fraction=0.010000
cascade_candidate_stagnation_epochs=12
cascade_max_out_epochs=150
cascade_min_out_epochs=50
cascade_max_cand_epochs=150
cascade_min_cand_epochs=50
cascade_num_candidate_groups=2
bit_fail_limit=1.00000000000000005551e-01
cascade_candidate_limit=1.00000000000000000000e+03
cascade_weight_multiplier=4.00000000000000022204e-01
cascade_activation_functions_count=10
cascade_activation_functions=3 5 7 8 10 11 14 15 16 17 
cascade_activation_steepnesses_count=4
cascade_activation_steepnesses=2.50000000000000000000e-01 5.00000000000000000000e-01 7.50000000000000000000e-01 1.00000000000000000000e+00 
layer_sizes=10 4 2 
scale_included=0
neurons (num_inputs, activation_function, activation_steepness)=(0, 0, 0.00000000000000000000e+00) (0, 0, 0.00000000000000000000e+00) (0, 0, 0.00000000000000000000e+00) (0, 0, 0.00000000000000000000e+00) (0, 0, 0.00000000000000000000e+00) (0, 0, 0.00000000000000000000e+00) (0, 0, 0.00000000000000000000e+00) (0, 0, 0.00000000000000000000e+00) (0, 0, 0.00000000000000000000e+00) (0, 0, 0.00000000000000000000e+00) (10, 6, 5.00000000000000000000e-01) (10, 6, 5.00000000000000000000e-01) (10, 6, 5.00000000000000000000e-01) (0, 6, 0.00000000000000000000e+00) (4, 4, 5.00000000000000000000e-01) (0, 4, 0.00000000000000000000e+00) 
connections (connected_to_neuron, weight)=(0, -4.20614275976107876431e+00) (1, 5.34245113686763328786e+00) (2, 3.16511613244297951297e+00) (3, 5.78634669365021903076e+00) (4, -1.67737675142270359352e+00) (5, 1.23116446043483374062e-01) (6, -1.41582818053711800843e+01) (7, -3.68639348448755610477e+00) (8, 6.22081976688251270247e-01) (9, -4.08921454313107712863e+00) (0, 3.60781995020873491598e+00) (1, 2.40389758267799003022e+00) (2, -6.59271013068076783270e+00) (3, -5.63319841146698241374e+00) (4, 7.25056201483851836542e+00) (5, 1.40065351879387094414e+01) (6, 2.53635747348160940362e+01) (7, -2.28115065991490073571e+00) (8, -3.49415064511528816737e+00) (9, 4.13553904322659171555e+00) (0, 3.11035323027110965910e+00) (1, 1.33057471761262768872e+00) (2, -6.62763531870054123374e+00) (3, -6.13331238215050866813e+00) (4, 5.38879779778784406830e+00) (5, -2.60323742850094603796e+01) (6, -6.74134365676118818556e+00) (7, -1.41708571652906267779e+00) (8, -3.09022650834626855243e+00) (9, 4.71045177700266037846e+00) (10, 5.41049505352451554074e+00) (11, -2.68523012469199251484e+00) (12, -3.86463079616854754406e+00) (13, -9.26738544260753860371e-01) 
