FANN_FLO_2.1
num_layers=3
learning_rate=0.700000
connection_rate=1.000000
network_type=0
learning_momentum=0.000000
training_algorithm=2
train_error_function=1
train_stop_function=1
cascade_output_change_fraction=0.010000
quickprop_decay=-0.000100
quickprop_mu=1.750000
rprop_increase_factor=1.200000
rprop_decrease_factor=0.500000
rprop_delta_min=0.000000
rprop_delta_max=50.000000
rprop_delta_zero=0.100000
cascade_output_stagnation_epochs=12
cascade_candidate_change_fraction=0.010000
cascade_candidate_stagnation_epochs=12
cascade_max_out_epochs=150
cascade_min_out_epochs=50
cascade_max_cand_epochs=150
cascade_min_cand_epochs=50
cascade_num_candidate_groups=2
bit_fail_limit=1.00000000000000005551e-01
cascade_candidate_limit=1.00000000000000000000e+03
cascade_weight_multiplier=4.00000000000000022204e-01
cascade_activation_functions_count=10
cascade_activation_functions=3 5 7 8 10 11 14 15 16 17 
cascade_activation_steepnesses_count=4
cascade_activation_steepnesses=2.50000000000000000000e-01 5.00000000000000000000e-01 7.50000000000000000000e-01 1.00000000000000000000e+00 
layer_sizes=7 4 2 
scale_included=0
neurons (num_inputs, activation_function, activation_steepness)=(0, 0, 0.00000000000000000000e+00) (0, 0, 0.00000000000000000000e+00) (0, 0, 0.00000000000000000000e+00) (0, 0, 0.00000000000000000000e+00) (0, 0, 0.00000000000000000000e+00) (0, 0, 0.00000000000000000000e+00) (0, 0, 0.00000000000000000000e+00) (7, 6, 5.00000000000000000000e-01) (7, 6, 5.00000000000000000000e-01) (7, 6, 5.00000000000000000000e-01) (0, 6, 0.00000000000000000000e+00) (4, 4, 5.00000000000000000000e-01) (0, 4, 0.00000000000000000000e+00) 
connections (connected_to_neuron, weight)=(0, -6.71608902547723762844e-01) (1, -8.22383104919353735696e-01) (2, -1.03907461906697806686e-01) (3, -2.39027894687721870204e-01) (4, -7.90636779253619748076e-01) (5, -7.41998923671281729320e-01) (6, 9.60000279008537682479e-01) (0, 1.27746746602339111831e+00) (1, 1.29612023608462689772e+00) (2, 6.54680580573476333939e-01) (3, 8.32571297336731852567e-01) (4, 1.48225477591461296534e+00) (5, 2.83621279534806580713e+00) (6, -8.24264301600232118794e-01) (0, -1.49709229767841600633e+00) (1, -1.05861341417247656338e+00) (2, -1.90699850247207725040e+00) (3, -6.58137916494130004175e-01) (4, -1.23788137156266930816e+00) (5, -1.21874356097650315967e+00) (6, 1.98208082277382535707e+00) (7, -5.77107069862109796077e+01) (8, 2.44972906188447847597e+00) (9, -2.70065514515953779551e+01) (10, -1.04726193093540720369e+00) 
