FANN_FLO_2.1
num_layers=3
learning_rate=0.700000
connection_rate=1.000000
network_type=0
learning_momentum=0.000000
training_algorithm=2
train_error_function=1
train_stop_function=1
cascade_output_change_fraction=0.010000
quickprop_decay=-0.000100
quickprop_mu=1.750000
rprop_increase_factor=1.200000
rprop_decrease_factor=0.500000
rprop_delta_min=0.000000
rprop_delta_max=50.000000
rprop_delta_zero=0.100000
cascade_output_stagnation_epochs=12
cascade_candidate_change_fraction=0.010000
cascade_candidate_stagnation_epochs=12
cascade_max_out_epochs=150
cascade_min_out_epochs=50
cascade_max_cand_epochs=150
cascade_min_cand_epochs=50
cascade_num_candidate_groups=2
bit_fail_limit=1.00000000000000005551e-01
cascade_candidate_limit=1.00000000000000000000e+03
cascade_weight_multiplier=4.00000000000000022204e-01
cascade_activation_functions_count=10
cascade_activation_functions=3 5 7 8 10 11 14 15 16 17 
cascade_activation_steepnesses_count=4
cascade_activation_steepnesses=2.50000000000000000000e-01 5.00000000000000000000e-01 7.50000000000000000000e-01 1.00000000000000000000e+00 
layer_sizes=8 4 2 
scale_included=0
neurons (num_inputs, activation_function, activation_steepness)=(0, 0, 0.00000000000000000000e+00) (0, 0, 0.00000000000000000000e+00) (0, 0, 0.00000000000000000000e+00) (0, 0, 0.00000000000000000000e+00) (0, 0, 0.00000000000000000000e+00) (0, 0, 0.00000000000000000000e+00) (0, 0, 0.00000000000000000000e+00) (0, 0, 0.00000000000000000000e+00) (8, 6, 5.00000000000000000000e-01) (8, 6, 5.00000000000000000000e-01) (8, 6, 5.00000000000000000000e-01) (0, 6, 0.00000000000000000000e+00) (4, 4, 5.00000000000000000000e-01) (0, 4, 0.00000000000000000000e+00) 
connections (connected_to_neuron, weight)=(0, 7.95730733063696682450e-01) (1, -2.03076182295650875531e+00) (2, -4.08459746342557217247e-01) (3, 8.65077282255632962205e-01) (4, 8.42002808918088430090e-01) (5, 7.07510008207914653511e-01) (6, 7.50255778302281961523e-01) (7, 9.06939697095203278820e-01) (0, -5.87540819227027277805e-01) (1, 2.69881219776769709640e+00) (2, 7.26943689138303678066e-02) (3, -1.06133426091962390636e+00) (4, -7.42134130330757701977e-01) (5, -1.38447392983747885609e+00) (6, -8.50056110652165020092e-01) (7, -8.65316110747660127700e-01) (0, -2.51648443868490945263e-01) (1, 1.60644337327064179455e+00) (2, 9.62998165986306497999e-01) (3, -3.35246158496001978033e-01) (4, -4.36073477745225618341e-02) (5, 6.44938860654661466620e-02) (6, -1.23158075175866299489e-01) (7, -2.62791660284123040903e-01) (8, -8.57958424445144274273e+00) (9, 4.34244879944843020780e+00) (10, 1.41234455395043867476e+00) (11, -2.93464047780345671512e+00) 
