FANN_FLO_2.1
num_layers=3
learning_rate=0.700000
connection_rate=1.000000
network_type=0
learning_momentum=0.000000
training_algorithm=2
train_error_function=1
train_stop_function=1
cascade_output_change_fraction=0.010000
quickprop_decay=-0.000100
quickprop_mu=1.750000
rprop_increase_factor=1.200000
rprop_decrease_factor=0.500000
rprop_delta_min=0.000000
rprop_delta_max=50.000000
rprop_delta_zero=0.100000
cascade_output_stagnation_epochs=12
cascade_candidate_change_fraction=0.010000
cascade_candidate_stagnation_epochs=12
cascade_max_out_epochs=150
cascade_min_out_epochs=50
cascade_max_cand_epochs=150
cascade_min_cand_epochs=50
cascade_num_candidate_groups=2
bit_fail_limit=1.00000000000000005551e-01
cascade_candidate_limit=1.00000000000000000000e+03
cascade_weight_multiplier=4.00000000000000022204e-01
cascade_activation_functions_count=10
cascade_activation_functions=3 5 7 8 10 11 14 15 16 17 
cascade_activation_steepnesses_count=4
cascade_activation_steepnesses=2.50000000000000000000e-01 5.00000000000000000000e-01 7.50000000000000000000e-01 1.00000000000000000000e+00 
layer_sizes=12 4 2 
scale_included=0
neurons (num_inputs, activation_function, activation_steepness)=(0, 0, 0.00000000000000000000e+00) (0, 0, 0.00000000000000000000e+00) (0, 0, 0.00000000000000000000e+00) (0, 0, 0.00000000000000000000e+00) (0, 0, 0.00000000000000000000e+00) (0, 0, 0.00000000000000000000e+00) (0, 0, 0.00000000000000000000e+00) (0, 0, 0.00000000000000000000e+00) (0, 0, 0.00000000000000000000e+00) (0, 0, 0.00000000000000000000e+00) (0, 0, 0.00000000000000000000e+00) (0, 0, 0.00000000000000000000e+00) (12, 6, 5.00000000000000000000e-01) (12, 6, 5.00000000000000000000e-01) (12, 6, 5.00000000000000000000e-01) (0, 6, 0.00000000000000000000e+00) (4, 4, 5.00000000000000000000e-01) (0, 4, 0.00000000000000000000e+00) 
connections (connected_to_neuron, weight)=(0, -1.47355679100910008650e+00) (1, 3.14652358361713435642e+00) (2, -3.28024758938899263505e-01) (3, -3.92497065458646043901e-01) (4, -4.69118583726043203441e-01) (5, -1.39278322136560261946e+00) (6, -4.18286028185976821447e-02) (7, -1.11279108745154386995e+00) (8, -2.18000644475927352062e+00) (9, 3.08868868270151164523e+00) (10, -5.29991056548709371654e-01) (11, -3.53225006703486665849e-01) (0, -1.42277140593686879377e+00) (1, 3.14547118910781886569e+00) (2, -3.69792840425124391679e-01) (3, -3.00973757151713594560e-01) (4, -5.29082167672271230785e-01) (5, -1.40789577043214619856e+00) (6, -2.81315746585024673010e-02) (7, -1.19029084962901121614e+00) (8, -2.25109432668199538341e+00) (9, 3.02244620391361262790e+00) (10, -4.47671580838317373363e-01) (11, -3.96085879747023805741e-01) (0, -1.40166666782060445051e+00) (1, 3.18672728904716517917e+00) (2, -2.90243907813182100419e-01) (3, -3.09683925453772768144e-01) (4, -5.65153609739894369213e-01) (5, -1.41470782137075246077e+00) (6, -1.33298438308586009171e-01) (7, -1.04441318285759932039e+00) (8, -2.25477228344192504039e+00) (9, 3.17256072529785182468e+00) (10, -4.33052409218902090160e-01) (11, -3.89019089732518419389e-01) (12, 3.14611195394031550876e+00) (13, 3.15599497028820064060e+00) (14, 3.14590305456153895847e+00) (15, -3.42878109757056459550e-01) 
