FANN_FLO_2.1
num_layers=3
learning_rate=0.700000
connection_rate=1.000000
network_type=0
learning_momentum=0.000000
training_algorithm=2
train_error_function=1
train_stop_function=1
cascade_output_change_fraction=0.010000
quickprop_decay=-0.000100
quickprop_mu=1.750000
rprop_increase_factor=1.200000
rprop_decrease_factor=0.500000
rprop_delta_min=0.000000
rprop_delta_max=50.000000
rprop_delta_zero=0.100000
cascade_output_stagnation_epochs=12
cascade_candidate_change_fraction=0.010000
cascade_candidate_stagnation_epochs=12
cascade_max_out_epochs=150
cascade_min_out_epochs=50
cascade_max_cand_epochs=150
cascade_min_cand_epochs=50
cascade_num_candidate_groups=2
bit_fail_limit=1.00000000000000005551e-01
cascade_candidate_limit=1.00000000000000000000e+03
cascade_weight_multiplier=4.00000000000000022204e-01
cascade_activation_functions_count=10
cascade_activation_functions=3 5 7 8 10 11 14 15 16 17 
cascade_activation_steepnesses_count=4
cascade_activation_steepnesses=2.50000000000000000000e-01 5.00000000000000000000e-01 7.50000000000000000000e-01 1.00000000000000000000e+00 
layer_sizes=11 4 2 
scale_included=0
neurons (num_inputs, activation_function, activation_steepness)=(0, 0, 0.00000000000000000000e+00) (0, 0, 0.00000000000000000000e+00) (0, 0, 0.00000000000000000000e+00) (0, 0, 0.00000000000000000000e+00) (0, 0, 0.00000000000000000000e+00) (0, 0, 0.00000000000000000000e+00) (0, 0, 0.00000000000000000000e+00) (0, 0, 0.00000000000000000000e+00) (0, 0, 0.00000000000000000000e+00) (0, 0, 0.00000000000000000000e+00) (0, 0, 0.00000000000000000000e+00) (11, 6, 5.00000000000000000000e-01) (11, 6, 5.00000000000000000000e-01) (11, 6, 5.00000000000000000000e-01) (0, 6, 0.00000000000000000000e+00) (4, 4, 5.00000000000000000000e-01) (0, 4, 0.00000000000000000000e+00) 
connections (connected_to_neuron, weight)=(0, -3.11981721534580058730e+00) (1, 3.94121695984989850459e+00) (2, -2.72291803924265551906e-03) (3, 4.01020987673345796765e+00) (4, 1.22920533261929598723e+00) (5, 3.85396058673522334814e+00) (6, 2.92871379437499301801e+00) (7, -8.97298024827772655598e-01) (8, -7.99552864770277205153e-01) (9, 3.28272530234652792913e+00) (10, -3.49398716129441222478e+00) (0, 2.21900295265654051713e-01) (1, 9.16137775398980114261e-01) (2, 1.15345858667977779755e-01) (3, 6.60528804738587660417e-01) (4, -1.22378550019170695418e-01) (5, 3.92773857681644911199e-01) (6, 7.36819605492628704191e-01) (7, -1.58749061108687006261e+00) (8, 5.50504380808405913150e-01) (9, 1.43130121715519198489e+00) (10, -1.35156007422105095550e-01) (0, 9.15354677583881226610e-01) (1, -4.12910211621006340010e+00) (2, -1.10020642534422297132e+00) (3, -3.65285244239993689419e+00) (4, -8.40734106902078437429e+00) (5, -4.21945660896070151580e+00) (6, -2.25008259411414712758e+00) (7, -2.80998605285581115609e+00) (8, -3.25378014841219420639e-01) (9, -6.23818228260909535265e+00) (10, 5.24799714406006057033e+00) (11, 8.51277857823141204108e+00) (12, 3.42813473309526661748e-01) (13, -4.88770434559471045333e+00) (14, -1.05365891478045692331e+00) 
