FANN_FLO_2.1
num_layers=3
learning_rate=0.700000
connection_rate=1.000000
network_type=0
learning_momentum=0.000000
training_algorithm=2
train_error_function=1
train_stop_function=1
cascade_output_change_fraction=0.010000
quickprop_decay=-0.000100
quickprop_mu=1.750000
rprop_increase_factor=1.200000
rprop_decrease_factor=0.500000
rprop_delta_min=0.000000
rprop_delta_max=50.000000
rprop_delta_zero=0.100000
cascade_output_stagnation_epochs=12
cascade_candidate_change_fraction=0.010000
cascade_candidate_stagnation_epochs=12
cascade_max_out_epochs=150
cascade_min_out_epochs=50
cascade_max_cand_epochs=150
cascade_min_cand_epochs=50
cascade_num_candidate_groups=2
bit_fail_limit=1.00000000000000005551e-01
cascade_candidate_limit=1.00000000000000000000e+03
cascade_weight_multiplier=4.00000000000000022204e-01
cascade_activation_functions_count=10
cascade_activation_functions=3 5 7 8 10 11 14 15 16 17 
cascade_activation_steepnesses_count=4
cascade_activation_steepnesses=2.50000000000000000000e-01 5.00000000000000000000e-01 7.50000000000000000000e-01 1.00000000000000000000e+00 
layer_sizes=7 4 2 
scale_included=0
neurons (num_inputs, activation_function, activation_steepness)=(0, 0, 0.00000000000000000000e+00) (0, 0, 0.00000000000000000000e+00) (0, 0, 0.00000000000000000000e+00) (0, 0, 0.00000000000000000000e+00) (0, 0, 0.00000000000000000000e+00) (0, 0, 0.00000000000000000000e+00) (0, 0, 0.00000000000000000000e+00) (7, 6, 5.00000000000000000000e-01) (7, 6, 5.00000000000000000000e-01) (7, 6, 5.00000000000000000000e-01) (0, 6, 0.00000000000000000000e+00) (4, 4, 5.00000000000000000000e-01) (0, 4, 0.00000000000000000000e+00) 
connections (connected_to_neuron, weight)=(0, 4.68614066839090681604e-01) (1, 9.84502563092673893541e-02) (2, 7.15600164053923459839e-01) (3, 8.09297031287437684810e-01) (4, 1.92412153975455607613e-01) (5, 2.96512666321814166714e-01) (6, 1.79018232279381378502e-01) (0, 1.40834987124505750522e+00) (1, 4.69022310651479423793e-01) (2, 1.52520129412201743691e+00) (3, 9.27217140459105193528e-01) (4, 2.22034721222257203088e-01) (5, 7.20861463847174865904e-01) (6, -6.39294293443925742970e-01) (0, 1.22866637264757527781e+00) (1, 1.79216680916574033766e+00) (2, 1.53408382179982027971e+00) (3, 6.14445293078539900300e-01) (4, 1.82836700002758201222e+00) (5, 3.48922812406678861663e+00) (6, -2.26889019330580588019e+00) (7, 4.93654898140680614693e-02) (8, 7.27324476492106741787e-01) (9, 7.29360721920601235979e+01) (10, -1.86126526947608272877e+00) 
