FANN_FLO_2.1
num_layers=3
learning_rate=0.700000
connection_rate=1.000000
network_type=0
learning_momentum=0.000000
training_algorithm=2
train_error_function=1
train_stop_function=1
cascade_output_change_fraction=0.010000
quickprop_decay=-0.000100
quickprop_mu=1.750000
rprop_increase_factor=1.200000
rprop_decrease_factor=0.500000
rprop_delta_min=0.000000
rprop_delta_max=50.000000
rprop_delta_zero=0.100000
cascade_output_stagnation_epochs=12
cascade_candidate_change_fraction=0.010000
cascade_candidate_stagnation_epochs=12
cascade_max_out_epochs=150
cascade_min_out_epochs=50
cascade_max_cand_epochs=150
cascade_min_cand_epochs=50
cascade_num_candidate_groups=2
bit_fail_limit=1.00000000000000005551e-01
cascade_candidate_limit=1.00000000000000000000e+03
cascade_weight_multiplier=4.00000000000000022204e-01
cascade_activation_functions_count=10
cascade_activation_functions=3 5 7 8 10 11 14 15 16 17 
cascade_activation_steepnesses_count=4
cascade_activation_steepnesses=2.50000000000000000000e-01 5.00000000000000000000e-01 7.50000000000000000000e-01 1.00000000000000000000e+00 
layer_sizes=9 4 2 
scale_included=0
neurons (num_inputs, activation_function, activation_steepness)=(0, 0, 0.00000000000000000000e+00) (0, 0, 0.00000000000000000000e+00) (0, 0, 0.00000000000000000000e+00) (0, 0, 0.00000000000000000000e+00) (0, 0, 0.00000000000000000000e+00) (0, 0, 0.00000000000000000000e+00) (0, 0, 0.00000000000000000000e+00) (0, 0, 0.00000000000000000000e+00) (0, 0, 0.00000000000000000000e+00) (9, 6, 5.00000000000000000000e-01) (9, 6, 5.00000000000000000000e-01) (9, 6, 5.00000000000000000000e-01) (0, 6, 0.00000000000000000000e+00) (4, 4, 5.00000000000000000000e-01) (0, 4, 0.00000000000000000000e+00) 
connections (connected_to_neuron, weight)=(0, 1.15700925789578112912e+00) (1, -3.16983256482712771884e+00) (2, -4.33240844795398094558e-02) (3, 1.41652759187492538473e-01) (4, 7.90634830848996994490e-01) (5, 3.99945296955384055337e-01) (6, 5.01160376382149497232e-01) (7, 4.53149669480599204263e-01) (8, 7.70337571756666061873e-01) (0, 1.13486698172791156125e+00) (1, -3.20605115213624980441e+00) (2, -5.32644553968600886762e-02) (3, 1.86328467004570175192e-01) (4, 7.32436907844369766707e-01) (5, 4.26861011100090781412e-01) (6, 4.19573493910111228189e-01) (7, 5.15863232922829428873e-01) (8, 7.81019826786344406599e-01) (0, 1.09666829831702861142e+00) (1, -3.19702382751934077731e+00) (2, -3.13069536277942039870e-02) (3, 1.88471313588890243551e-01) (4, 7.62684327916925308699e-01) (5, 5.71021542561329642496e-01) (6, 5.43936715138233939371e-01) (7, 4.15289730441845694742e-01) (8, 8.32495694415395615096e-01) (9, -3.17797833302251842014e+00) (10, -3.18090167262784984104e+00) (11, -3.13919089355699565402e+00) (12, -3.22547355781088895821e-01) 
