FANN_FLO_2.1
num_layers=3
learning_rate=0.700000
connection_rate=1.000000
network_type=0
learning_momentum=0.000000
training_algorithm=2
train_error_function=1
train_stop_function=1
cascade_output_change_fraction=0.010000
quickprop_decay=-0.000100
quickprop_mu=1.750000
rprop_increase_factor=1.200000
rprop_decrease_factor=0.500000
rprop_delta_min=0.000000
rprop_delta_max=50.000000
rprop_delta_zero=0.100000
cascade_output_stagnation_epochs=12
cascade_candidate_change_fraction=0.010000
cascade_candidate_stagnation_epochs=12
cascade_max_out_epochs=150
cascade_min_out_epochs=50
cascade_max_cand_epochs=150
cascade_min_cand_epochs=50
cascade_num_candidate_groups=2
bit_fail_limit=1.00000000000000005551e-01
cascade_candidate_limit=1.00000000000000000000e+03
cascade_weight_multiplier=4.00000000000000022204e-01
cascade_activation_functions_count=10
cascade_activation_functions=3 5 7 8 10 11 14 15 16 17 
cascade_activation_steepnesses_count=4
cascade_activation_steepnesses=2.50000000000000000000e-01 5.00000000000000000000e-01 7.50000000000000000000e-01 1.00000000000000000000e+00 
layer_sizes=9 4 2 
scale_included=0
neurons (num_inputs, activation_function, activation_steepness)=(0, 0, 0.00000000000000000000e+00) (0, 0, 0.00000000000000000000e+00) (0, 0, 0.00000000000000000000e+00) (0, 0, 0.00000000000000000000e+00) (0, 0, 0.00000000000000000000e+00) (0, 0, 0.00000000000000000000e+00) (0, 0, 0.00000000000000000000e+00) (0, 0, 0.00000000000000000000e+00) (0, 0, 0.00000000000000000000e+00) (9, 6, 5.00000000000000000000e-01) (9, 6, 5.00000000000000000000e-01) (9, 6, 5.00000000000000000000e-01) (0, 6, 0.00000000000000000000e+00) (4, 4, 5.00000000000000000000e-01) (0, 4, 0.00000000000000000000e+00) 
connections (connected_to_neuron, weight)=(0, -3.25127136638274771840e+00) (1, 1.63439310274275428903e+00) (2, 1.98681015293726837001e+00) (3, -3.39036574113089128613e-01) (4, -3.96638826924282594799e-01) (5, -1.13951778475045450989e+00) (6, -4.73208885682679714080e-01) (7, -4.03032538938242479443e-01) (8, -1.22048697311281451050e+00) (0, -1.83666649979681606553e+00) (1, 6.00000595528015989721e-01) (2, 7.07345806940566390608e+00) (3, -2.29585132752039094983e-01) (4, -1.16740278158762089689e-01) (5, -3.38729147576335876124e-01) (6, -5.53728482640294880635e-02) (7, -2.13147103045560976087e-01) (8, -2.44563174211028994121e-01) (0, -2.75366020450940274245e+00) (1, 2.11265452974567402578e+00) (2, 1.22885707503319019374e+00) (3, -5.52606047717392412366e-01) (4, -6.53134161261379686536e-01) (5, -5.57223279628859313739e-01) (6, -3.65062597075161809901e-01) (7, -6.45311215547382799329e-01) (8, -4.55438393035588140467e-01) (9, 1.70603079848539351815e+01) (10, 3.56820449380037596487e-01) (11, 3.19173754290859790217e+00) (12, -1.44369380501036026487e+00) 
