FANN_FLO_2.1
num_layers=3
learning_rate=0.700000
connection_rate=1.000000
network_type=0
learning_momentum=0.000000
training_algorithm=2
train_error_function=1
train_stop_function=1
cascade_output_change_fraction=0.010000
quickprop_decay=-0.000100
quickprop_mu=1.750000
rprop_increase_factor=1.200000
rprop_decrease_factor=0.500000
rprop_delta_min=0.000000
rprop_delta_max=50.000000
rprop_delta_zero=0.100000
cascade_output_stagnation_epochs=12
cascade_candidate_change_fraction=0.010000
cascade_candidate_stagnation_epochs=12
cascade_max_out_epochs=150
cascade_min_out_epochs=50
cascade_max_cand_epochs=150
cascade_min_cand_epochs=50
cascade_num_candidate_groups=2
bit_fail_limit=1.00000000000000005551e-01
cascade_candidate_limit=1.00000000000000000000e+03
cascade_weight_multiplier=4.00000000000000022204e-01
cascade_activation_functions_count=10
cascade_activation_functions=3 5 7 8 10 11 14 15 16 17 
cascade_activation_steepnesses_count=4
cascade_activation_steepnesses=2.50000000000000000000e-01 5.00000000000000000000e-01 7.50000000000000000000e-01 1.00000000000000000000e+00 
layer_sizes=9 4 2 
scale_included=0
neurons (num_inputs, activation_function, activation_steepness)=(0, 0, 0.00000000000000000000e+00) (0, 0, 0.00000000000000000000e+00) (0, 0, 0.00000000000000000000e+00) (0, 0, 0.00000000000000000000e+00) (0, 0, 0.00000000000000000000e+00) (0, 0, 0.00000000000000000000e+00) (0, 0, 0.00000000000000000000e+00) (0, 0, 0.00000000000000000000e+00) (0, 0, 0.00000000000000000000e+00) (9, 6, 5.00000000000000000000e-01) (9, 6, 5.00000000000000000000e-01) (9, 6, 5.00000000000000000000e-01) (0, 6, 0.00000000000000000000e+00) (4, 4, 5.00000000000000000000e-01) (0, 4, 0.00000000000000000000e+00) 
connections (connected_to_neuron, weight)=(0, -1.85959314426308780499e-01) (1, 7.02335569446492335999e-01) (2, 2.52023459672811522836e+00) (3, -8.25384516982154564646e-02) (4, -1.50069456246288285284e-01) (5, -6.23440294580262302504e-02) (6, 1.43517352800198727536e-02) (7, -1.58543500748069748907e-01) (8, -5.24186515025909863241e-02) (0, 1.71163879258807494210e+00) (1, -1.88994329359283108616e+00) (2, -1.27732160775194714120e+00) (3, 2.30360768745727889639e-01) (4, 3.35112138710043860890e-01) (5, 1.74030411167319609689e+00) (6, 4.22906740627310706593e-01) (7, 2.81002897300953347060e-01) (8, 4.22055094561598731495e-01) (0, 3.07991115715227925520e+00) (1, -2.48093636520856053451e+00) (2, -2.82658439622346424613e+00) (3, 1.19233557479721152816e+00) (4, 1.75416118833733625237e+00) (5, 1.39457980642966594687e+00) (6, 1.58614494218661850056e+00) (7, 1.10590225888450488512e+00) (8, 1.52616609732560482016e+00) (9, 1.09133974937966682361e+00) (10, -1.85174070341556440411e+00) (11, -8.73931213097802661594e+00) (12, -1.57619161879741165322e+00) 
