FANN_FLO_2.1
num_layers=3
learning_rate=0.700000
connection_rate=1.000000
network_type=0
learning_momentum=0.000000
training_algorithm=2
train_error_function=1
train_stop_function=1
cascade_output_change_fraction=0.010000
quickprop_decay=-0.000100
quickprop_mu=1.750000
rprop_increase_factor=1.200000
rprop_decrease_factor=0.500000
rprop_delta_min=0.000000
rprop_delta_max=50.000000
rprop_delta_zero=0.100000
cascade_output_stagnation_epochs=12
cascade_candidate_change_fraction=0.010000
cascade_candidate_stagnation_epochs=12
cascade_max_out_epochs=150
cascade_min_out_epochs=50
cascade_max_cand_epochs=150
cascade_min_cand_epochs=50
cascade_num_candidate_groups=2
bit_fail_limit=1.00000000000000005551e-01
cascade_candidate_limit=1.00000000000000000000e+03
cascade_weight_multiplier=4.00000000000000022204e-01
cascade_activation_functions_count=10
cascade_activation_functions=3 5 7 8 10 11 14 15 16 17 
cascade_activation_steepnesses_count=4
cascade_activation_steepnesses=2.50000000000000000000e-01 5.00000000000000000000e-01 7.50000000000000000000e-01 1.00000000000000000000e+00 
layer_sizes=12 4 2 
scale_included=0
neurons (num_inputs, activation_function, activation_steepness)=(0, 0, 0.00000000000000000000e+00) (0, 0, 0.00000000000000000000e+00) (0, 0, 0.00000000000000000000e+00) (0, 0, 0.00000000000000000000e+00) (0, 0, 0.00000000000000000000e+00) (0, 0, 0.00000000000000000000e+00) (0, 0, 0.00000000000000000000e+00) (0, 0, 0.00000000000000000000e+00) (0, 0, 0.00000000000000000000e+00) (0, 0, 0.00000000000000000000e+00) (0, 0, 0.00000000000000000000e+00) (0, 0, 0.00000000000000000000e+00) (12, 6, 5.00000000000000000000e-01) (12, 6, 5.00000000000000000000e-01) (12, 6, 5.00000000000000000000e-01) (0, 6, 0.00000000000000000000e+00) (4, 4, 5.00000000000000000000e-01) (0, 4, 0.00000000000000000000e+00) 
connections (connected_to_neuron, weight)=(0, -1.40239835728522299618e+00) (1, 1.51822661985274320884e+00) (2, 2.55952283457940299449e-01) (3, 9.05988920373002049047e-03) (4, 1.42306351293440824790e+00) (5, 1.97923578039830405650e-01) (6, -1.26935582805987356991e+00) (7, -5.19226808484169188862e-02) (8, 4.12417993650954328722e-01) (9, -9.01517995003414007726e-01) (10, -1.33174482185956000180e+00) (11, 1.20298390333090643445e-02) (0, 1.15787720470626886993e+00) (1, -3.80074886207346196443e+00) (2, 6.12353074856062384868e-01) (3, 6.70567133576465579381e-01) (4, -3.83121851806406255037e+00) (5, 4.59985930032988155070e-01) (6, 8.26587390300297819579e-01) (7, 6.14716473527212592387e-01) (8, -8.50215985668872908931e-03) (9, 7.13676867552871074807e-01) (10, 3.95786374037031407624e+00) (11, 5.70674221523066016459e-01) (0, 9.94266068329411112359e-01) (1, -3.84051681284670110017e+00) (2, 5.21553042836447211528e-01) (3, 6.97287001759601565709e-01) (4, -3.83400585477117772371e+00) (5, 5.35525943644304724955e-01) (6, 9.49008904543185316527e-01) (7, 5.85692572899122687602e-01) (8, -2.81681551827167586666e-03) (9, 6.63023499318236675393e-01) (10, 3.83068629328970189363e+00) (11, 6.01773339815397712016e-01) (12, 6.37028514630392672657e-01) (13, -3.93725109820131535798e+00) (14, -3.93031845216516728669e+00) (15, -3.13029925821747934123e-01) 
