FANN_FLO_2.1
num_layers=3
learning_rate=0.700000
connection_rate=1.000000
network_type=0
learning_momentum=0.000000
training_algorithm=2
train_error_function=1
train_stop_function=1
cascade_output_change_fraction=0.010000
quickprop_decay=-0.000100
quickprop_mu=1.750000
rprop_increase_factor=1.200000
rprop_decrease_factor=0.500000
rprop_delta_min=0.000000
rprop_delta_max=50.000000
rprop_delta_zero=0.100000
cascade_output_stagnation_epochs=12
cascade_candidate_change_fraction=0.010000
cascade_candidate_stagnation_epochs=12
cascade_max_out_epochs=150
cascade_min_out_epochs=50
cascade_max_cand_epochs=150
cascade_min_cand_epochs=50
cascade_num_candidate_groups=2
bit_fail_limit=1.00000000000000005551e-01
cascade_candidate_limit=1.00000000000000000000e+03
cascade_weight_multiplier=4.00000000000000022204e-01
cascade_activation_functions_count=10
cascade_activation_functions=3 5 7 8 10 11 14 15 16 17 
cascade_activation_steepnesses_count=4
cascade_activation_steepnesses=2.50000000000000000000e-01 5.00000000000000000000e-01 7.50000000000000000000e-01 1.00000000000000000000e+00 
layer_sizes=15 4 2 
scale_included=0
neurons (num_inputs, activation_function, activation_steepness)=(0, 0, 0.00000000000000000000e+00) (0, 0, 0.00000000000000000000e+00) (0, 0, 0.00000000000000000000e+00) (0, 0, 0.00000000000000000000e+00) (0, 0, 0.00000000000000000000e+00) (0, 0, 0.00000000000000000000e+00) (0, 0, 0.00000000000000000000e+00) (0, 0, 0.00000000000000000000e+00) (0, 0, 0.00000000000000000000e+00) (0, 0, 0.00000000000000000000e+00) (0, 0, 0.00000000000000000000e+00) (0, 0, 0.00000000000000000000e+00) (0, 0, 0.00000000000000000000e+00) (0, 0, 0.00000000000000000000e+00) (0, 0, 0.00000000000000000000e+00) (15, 6, 5.00000000000000000000e-01) (15, 6, 5.00000000000000000000e-01) (15, 6, 5.00000000000000000000e-01) (0, 6, 0.00000000000000000000e+00) (4, 4, 5.00000000000000000000e-01) (0, 4, 0.00000000000000000000e+00) 
connections (connected_to_neuron, weight)=(0, -3.89340441608668141882e+00) (1, 1.05673986910554164320e-02) (2, -4.62107361181621323354e-01) (3, -1.48719762853128223412e+00) (4, -7.87012444064617233686e-01) (5, -2.07028848674161825016e+00) (6, 1.32989769947789682192e+00) (7, -3.44761325192209644452e-03) (8, 5.91413478092053870872e-02) (9, -9.55555594984810685588e-01) (10, -6.65408802994131409747e-01) (11, 3.01045415868934906900e-03) (12, -6.41102191233709817197e-01) (13, -2.28848494360792686919e+00) (14, 3.98473834755433964361e-02) (0, -1.32797997645628917951e+01) (1, 1.37110424301806310687e+00) (2, -9.86140239636325688366e-01) (3, -2.88650984690657919085e-01) (4, -1.26845532463459309547e+00) (5, -2.21082128038613934251e+00) (6, -7.29371616751709958559e-05) (7, -4.34120720543973548367e-01) (8, 6.55590485183109916711e-01) (9, -5.82272699127736825808e-01) (10, -1.27966553742864252996e+00) (11, 1.35838510876580631503e+00) (12, -1.27613374344621188783e+00) (13, -3.78473306266920939134e-01) (14, 1.71978585253059357285e+00) (0, -6.59879786415272633349e+01) (1, 2.82557561288183523018e+00) (2, 8.46565512386847807136e+00) (3, -2.48559436717614223866e+00) (4, 1.08195065784021231536e+01) (5, -4.84248220054673050861e-01) (6, 1.55657993823201584727e-01) (7, 7.13649589572508169510e+00) (8, 3.85082662550472187846e+00) (9, 1.72063131713359984687e+00) (10, 1.13282629604423821235e+01) (11, -7.60850942523871243139e+00) (12, 1.11066164778141267533e+01) (13, 2.80259460661691761629e+00) (14, 1.94181521956635272375e+00) (15, 1.51622002607799410967e+00) (16, 1.83596383331562691410e+01) (17, 8.86057282167574022935e+00) (18, -1.28269159082375394654e+00) 
