FANN_FLO_2.1
num_layers=3
learning_rate=0.700000
connection_rate=1.000000
network_type=0
learning_momentum=0.000000
training_algorithm=2
train_error_function=1
train_stop_function=1
cascade_output_change_fraction=0.010000
quickprop_decay=-0.000100
quickprop_mu=1.750000
rprop_increase_factor=1.200000
rprop_decrease_factor=0.500000
rprop_delta_min=0.000000
rprop_delta_max=50.000000
rprop_delta_zero=0.100000
cascade_output_stagnation_epochs=12
cascade_candidate_change_fraction=0.010000
cascade_candidate_stagnation_epochs=12
cascade_max_out_epochs=150
cascade_min_out_epochs=50
cascade_max_cand_epochs=150
cascade_min_cand_epochs=50
cascade_num_candidate_groups=2
bit_fail_limit=1.00000000000000005551e-01
cascade_candidate_limit=1.00000000000000000000e+03
cascade_weight_multiplier=4.00000000000000022204e-01
cascade_activation_functions_count=10
cascade_activation_functions=3 5 7 8 10 11 14 15 16 17 
cascade_activation_steepnesses_count=4
cascade_activation_steepnesses=2.50000000000000000000e-01 5.00000000000000000000e-01 7.50000000000000000000e-01 1.00000000000000000000e+00 
layer_sizes=9 4 2 
scale_included=0
neurons (num_inputs, activation_function, activation_steepness)=(0, 0, 0.00000000000000000000e+00) (0, 0, 0.00000000000000000000e+00) (0, 0, 0.00000000000000000000e+00) (0, 0, 0.00000000000000000000e+00) (0, 0, 0.00000000000000000000e+00) (0, 0, 0.00000000000000000000e+00) (0, 0, 0.00000000000000000000e+00) (0, 0, 0.00000000000000000000e+00) (0, 0, 0.00000000000000000000e+00) (9, 6, 5.00000000000000000000e-01) (9, 6, 5.00000000000000000000e-01) (9, 6, 5.00000000000000000000e-01) (0, 6, 0.00000000000000000000e+00) (4, 4, 5.00000000000000000000e-01) (0, 4, 0.00000000000000000000e+00) 
connections (connected_to_neuron, weight)=(0, 3.08724306144945170871e+00) (1, -3.20789154985181834689e+00) (2, 2.78549433538071378180e-01) (3, 5.58555676004046208760e-01) (4, 7.56358362267372075216e-01) (5, 5.75740138402336842915e-01) (6, 5.95169557592028386495e-01) (7, 6.14404974838847039997e-01) (8, 6.86181238254660486042e-01) (0, -3.13944976397983577243e+00) (1, 3.12560969212286021701e+00) (2, -1.05469167498697169449e-01) (3, -3.59745918754687532548e-01) (4, -5.31393933819884756176e-01) (5, -5.20413491653556326000e-01) (6, -4.96595475601310232250e-01) (7, -4.71873868035430410472e-01) (8, -3.28628606144538149003e-01) (0, -3.16821233921877887241e+00) (1, 3.19365387031070735446e+00) (2, -1.22184850541700251725e-01) (3, -2.95971377734294160966e-01) (4, -5.72470567899102666942e-01) (5, -5.31456198321933248607e-01) (6, -5.35695198701972463695e-01) (7, -5.39862584101314046947e-01) (8, -3.87744310293545946244e-01) (9, -3.15420581021539714328e+00) (10, 3.11518578597538020603e+00) (11, 3.17915666469566371433e+00) (12, -4.06155227665057405595e-01) 
