FANN_FLO_2.1
num_layers=3
learning_rate=0.700000
connection_rate=1.000000
network_type=0
learning_momentum=0.000000
training_algorithm=2
train_error_function=1
train_stop_function=1
cascade_output_change_fraction=0.010000
quickprop_decay=-0.000100
quickprop_mu=1.750000
rprop_increase_factor=1.200000
rprop_decrease_factor=0.500000
rprop_delta_min=0.000000
rprop_delta_max=50.000000
rprop_delta_zero=0.100000
cascade_output_stagnation_epochs=12
cascade_candidate_change_fraction=0.010000
cascade_candidate_stagnation_epochs=12
cascade_max_out_epochs=150
cascade_min_out_epochs=50
cascade_max_cand_epochs=150
cascade_min_cand_epochs=50
cascade_num_candidate_groups=2
bit_fail_limit=1.00000000000000005551e-01
cascade_candidate_limit=1.00000000000000000000e+03
cascade_weight_multiplier=4.00000000000000022204e-01
cascade_activation_functions_count=10
cascade_activation_functions=3 5 7 8 10 11 14 15 16 17 
cascade_activation_steepnesses_count=4
cascade_activation_steepnesses=2.50000000000000000000e-01 5.00000000000000000000e-01 7.50000000000000000000e-01 1.00000000000000000000e+00 
layer_sizes=8 4 2 
scale_included=0
neurons (num_inputs, activation_function, activation_steepness)=(0, 0, 0.00000000000000000000e+00) (0, 0, 0.00000000000000000000e+00) (0, 0, 0.00000000000000000000e+00) (0, 0, 0.00000000000000000000e+00) (0, 0, 0.00000000000000000000e+00) (0, 0, 0.00000000000000000000e+00) (0, 0, 0.00000000000000000000e+00) (0, 0, 0.00000000000000000000e+00) (8, 6, 5.00000000000000000000e-01) (8, 6, 5.00000000000000000000e-01) (8, 6, 5.00000000000000000000e-01) (0, 6, 0.00000000000000000000e+00) (4, 4, 5.00000000000000000000e-01) (0, 4, 0.00000000000000000000e+00) 
connections (connected_to_neuron, weight)=(0, -7.09308578860004645961e-01) (1, 1.88691324792358328111e+00) (2, 1.78152191965795836381e+00) (3, 2.65185627480289065616e-01) (4, 6.55685755666734704228e-01) (5, -2.74042651286008465128e-01) (6, 2.98071432316744377999e+00) (7, -6.27709522139271003383e-01) (0, 2.37427188036410008465e+00) (1, -1.88036213435482313372e+00) (2, -3.87153506250970647073e+00) (3, 8.49149236556204445314e-01) (4, 5.53383891036252517637e-01) (5, 1.81344843315788617488e+00) (6, -4.11721415377008526093e+00) (7, 2.45638785836664830242e+00) (0, 2.97052524127263059550e-02) (1, 6.44046303968978106624e-01) (2, 5.28144592750990238272e-01) (3, 3.87506900606039927926e-01) (4, 4.57105922515374907267e-01) (5, -2.39985527182690477899e-02) (6, 7.54885809992818179737e-01) (7, -4.18381282053690781164e-02) (8, 1.50219087482060076333e+00) (9, -6.19526651715025238332e+01) (10, 4.04694645979385925205e-01) (11, -1.57416891778344369968e+00) 
