FANN_FLO_2.1
num_layers=3
learning_rate=0.700000
connection_rate=1.000000
network_type=0
learning_momentum=0.000000
training_algorithm=2
train_error_function=1
train_stop_function=1
cascade_output_change_fraction=0.010000
quickprop_decay=-0.000100
quickprop_mu=1.750000
rprop_increase_factor=1.200000
rprop_decrease_factor=0.500000
rprop_delta_min=0.000000
rprop_delta_max=50.000000
rprop_delta_zero=0.100000
cascade_output_stagnation_epochs=12
cascade_candidate_change_fraction=0.010000
cascade_candidate_stagnation_epochs=12
cascade_max_out_epochs=150
cascade_min_out_epochs=50
cascade_max_cand_epochs=150
cascade_min_cand_epochs=50
cascade_num_candidate_groups=2
bit_fail_limit=1.00000000000000005551e-01
cascade_candidate_limit=1.00000000000000000000e+03
cascade_weight_multiplier=4.00000000000000022204e-01
cascade_activation_functions_count=10
cascade_activation_functions=3 5 7 8 10 11 14 15 16 17 
cascade_activation_steepnesses_count=4
cascade_activation_steepnesses=2.50000000000000000000e-01 5.00000000000000000000e-01 7.50000000000000000000e-01 1.00000000000000000000e+00 
layer_sizes=13 4 2 
scale_included=0
neurons (num_inputs, activation_function, activation_steepness)=(0, 0, 0.00000000000000000000e+00) (0, 0, 0.00000000000000000000e+00) (0, 0, 0.00000000000000000000e+00) (0, 0, 0.00000000000000000000e+00) (0, 0, 0.00000000000000000000e+00) (0, 0, 0.00000000000000000000e+00) (0, 0, 0.00000000000000000000e+00) (0, 0, 0.00000000000000000000e+00) (0, 0, 0.00000000000000000000e+00) (0, 0, 0.00000000000000000000e+00) (0, 0, 0.00000000000000000000e+00) (0, 0, 0.00000000000000000000e+00) (0, 0, 0.00000000000000000000e+00) (13, 6, 5.00000000000000000000e-01) (13, 6, 5.00000000000000000000e-01) (13, 6, 5.00000000000000000000e-01) (0, 6, 0.00000000000000000000e+00) (4, 4, 5.00000000000000000000e-01) (0, 4, 0.00000000000000000000e+00) 
connections (connected_to_neuron, weight)=(0, 7.13969596993524802109e-01) (1, 9.05890715378742328312e+00) (2, 2.78362185902708469953e+00) (3, 2.85166546352022587385e+00) (4, 2.82764622218721806135e+00) (5, 9.08910717699151149418e+00) (6, 5.87544952021784916418e-01) (7, 4.33200957398426789169e-01) (8, 2.42766632393115244781e+00) (9, -2.21150352262743515874e-01) (10, 3.08062011829251192196e+00) (11, 3.12306769272917650326e+00) (12, 6.55816034745771880843e-01) (0, -2.97492593388865411708e-01) (1, 1.54235341796823881566e+01) (2, -4.09456291359990065537e-01) (3, -7.71475768677381656957e-01) (4, -2.66465299729460225464e+00) (5, 1.54728870192715071141e+01) (6, -1.11033624007101136555e-01) (7, 1.95876800460300162787e-02) (8, -1.63015867060748720352e-01) (9, 8.60916035146689018198e-01) (10, -2.33536027082318486947e+00) (11, -5.29816330061622853265e+00) (12, -9.47695328572450701454e-02) (0, -1.59365336475676161454e-01) (1, 1.53627391556450270116e+01) (2, -2.69973636728852217637e-01) (3, -6.79197165213016651464e-01) (4, -2.72198714468830571533e+00) (5, 1.54234149852939985692e+01) (6, -4.07214071291638196604e-02) (7, 5.87005981249294067625e-02) (8, -4.89428960147778036038e-02) (9, 7.84302795202707847544e-01) (10, -2.46494621493930043954e+00) (11, -2.43285624393338384408e+00) (12, -2.10288028297728191163e-01) (13, -1.99980334410401350276e+00) (14, 9.18117543145796588533e+00) (15, 9.19077021464487842195e+00) (16, -4.16639401295839373329e-02) 
