FANN_FLO_2.1
num_layers=3
learning_rate=0.700000
connection_rate=1.000000
network_type=0
learning_momentum=0.000000
training_algorithm=2
train_error_function=1
train_stop_function=1
cascade_output_change_fraction=0.010000
quickprop_decay=-0.000100
quickprop_mu=1.750000
rprop_increase_factor=1.200000
rprop_decrease_factor=0.500000
rprop_delta_min=0.000000
rprop_delta_max=50.000000
rprop_delta_zero=0.100000
cascade_output_stagnation_epochs=12
cascade_candidate_change_fraction=0.010000
cascade_candidate_stagnation_epochs=12
cascade_max_out_epochs=150
cascade_min_out_epochs=50
cascade_max_cand_epochs=150
cascade_min_cand_epochs=50
cascade_num_candidate_groups=2
bit_fail_limit=1.00000000000000005551e-01
cascade_candidate_limit=1.00000000000000000000e+03
cascade_weight_multiplier=4.00000000000000022204e-01
cascade_activation_functions_count=10
cascade_activation_functions=3 5 7 8 10 11 14 15 16 17 
cascade_activation_steepnesses_count=4
cascade_activation_steepnesses=2.50000000000000000000e-01 5.00000000000000000000e-01 7.50000000000000000000e-01 1.00000000000000000000e+00 
layer_sizes=8 4 2 
scale_included=0
neurons (num_inputs, activation_function, activation_steepness)=(0, 0, 0.00000000000000000000e+00) (0, 0, 0.00000000000000000000e+00) (0, 0, 0.00000000000000000000e+00) (0, 0, 0.00000000000000000000e+00) (0, 0, 0.00000000000000000000e+00) (0, 0, 0.00000000000000000000e+00) (0, 0, 0.00000000000000000000e+00) (0, 0, 0.00000000000000000000e+00) (8, 6, 5.00000000000000000000e-01) (8, 6, 5.00000000000000000000e-01) (8, 6, 5.00000000000000000000e-01) (0, 6, 0.00000000000000000000e+00) (4, 4, 5.00000000000000000000e-01) (0, 4, 0.00000000000000000000e+00) 
connections (connected_to_neuron, weight)=(0, -5.89518242502240052971e+00) (1, 2.76438546106384830381e+00) (2, 1.20266635174801461705e-01) (3, -2.53132852503249516918e-01) (4, -8.08170747746688955537e-01) (5, -7.97790449847442739717e-01) (6, -1.02425647961973886879e+00) (7, -7.17425829736808573500e-01) (0, -1.33673470022739970808e+00) (1, 1.49490159144049861162e+00) (2, 7.19474663629365629447e-01) (3, -9.56939047204629078536e-02) (4, -3.28627090312918923587e-01) (5, -4.18015408672770760745e-01) (6, -4.42102481513857059614e-01) (7, -2.00805688916795926913e-01) (0, 3.67324945779998701667e+00) (1, -2.36033253028076162039e+00) (2, -2.60970570933394957480e-02) (3, 5.66024055926427682728e-01) (4, 9.18228949354128243243e-01) (5, 9.07374988244013414018e-01) (6, 8.20337640986875893390e-01) (7, 4.54495482035269571242e-01) (8, 4.07156161345483891267e+00) (9, 3.18820285053378871254e+00) (10, -9.69595925831071525636e+00) (11, -2.37514597186114162497e+00) 
