FANN_FLO_2.1
num_layers=3
learning_rate=0.700000
connection_rate=1.000000
network_type=0
learning_momentum=0.000000
training_algorithm=2
train_error_function=1
train_stop_function=1
cascade_output_change_fraction=0.010000
quickprop_decay=-0.000100
quickprop_mu=1.750000
rprop_increase_factor=1.200000
rprop_decrease_factor=0.500000
rprop_delta_min=0.000000
rprop_delta_max=50.000000
rprop_delta_zero=0.100000
cascade_output_stagnation_epochs=12
cascade_candidate_change_fraction=0.010000
cascade_candidate_stagnation_epochs=12
cascade_max_out_epochs=150
cascade_min_out_epochs=50
cascade_max_cand_epochs=150
cascade_min_cand_epochs=50
cascade_num_candidate_groups=2
bit_fail_limit=1.00000000000000005551e-01
cascade_candidate_limit=1.00000000000000000000e+03
cascade_weight_multiplier=4.00000000000000022204e-01
cascade_activation_functions_count=10
cascade_activation_functions=3 5 7 8 10 11 14 15 16 17 
cascade_activation_steepnesses_count=4
cascade_activation_steepnesses=2.50000000000000000000e-01 5.00000000000000000000e-01 7.50000000000000000000e-01 1.00000000000000000000e+00 
layer_sizes=11 4 2 
scale_included=0
neurons (num_inputs, activation_function, activation_steepness)=(0, 0, 0.00000000000000000000e+00) (0, 0, 0.00000000000000000000e+00) (0, 0, 0.00000000000000000000e+00) (0, 0, 0.00000000000000000000e+00) (0, 0, 0.00000000000000000000e+00) (0, 0, 0.00000000000000000000e+00) (0, 0, 0.00000000000000000000e+00) (0, 0, 0.00000000000000000000e+00) (0, 0, 0.00000000000000000000e+00) (0, 0, 0.00000000000000000000e+00) (0, 0, 0.00000000000000000000e+00) (11, 6, 5.00000000000000000000e-01) (11, 6, 5.00000000000000000000e-01) (11, 6, 5.00000000000000000000e-01) (0, 6, 0.00000000000000000000e+00) (4, 4, 5.00000000000000000000e-01) (0, 4, 0.00000000000000000000e+00) 
connections (connected_to_neuron, weight)=(0, -4.34069084897357349018e-01) (1, 8.67683794487870363454e-01) (2, 3.70811425279654438558e-01) (3, -3.30554572373010391306e-01) (4, 9.70757916708148149709e-01) (5, 5.05989160116474545603e-01) (6, 4.02133636172589403746e-01) (7, 4.00446213777836901304e-01) (8, 3.90648233463609273475e-01) (9, -2.83952457337953323435e-01) (10, -2.64578047637298932604e-02) (0, 6.57983566601670455398e-01) (1, -5.72339490102296899465e-01) (2, -1.72232812234717647115e+00) (3, 4.63069832871466413593e+00) (4, -4.26697366549003831437e+00) (5, 3.21941287065227232933e-01) (6, 4.06360350850103912990e+00) (7, 3.98486291918037949245e+00) (8, -1.85054117546636076597e+00) (9, 4.75023656139879957294e+00) (10, 7.01393535195905526436e-02) (0, -4.82578316500502813025e-01) (1, 5.28025799159037934061e+00) (2, 8.01151665468372797818e-01) (3, -2.88153990026569406524e+00) (4, 5.27215034429061280008e+00) (5, 2.50797021671113617991e-01) (6, 5.45033055203199112704e-01) (7, 5.92254835026502335360e-01) (8, 3.83110283868161594079e-01) (9, -2.76025840308523218170e+00) (10, 3.80621000250063040715e-02) (11, 9.10008429618038183762e-01) (12, -1.28088536928880021293e+01) (13, 5.21416000578629823536e+00) (14, 2.03120480681971804504e-01) 
