FANN_FLO_2.1
num_layers=3
learning_rate=0.700000
connection_rate=1.000000
network_type=0
learning_momentum=0.000000
training_algorithm=2
train_error_function=1
train_stop_function=1
cascade_output_change_fraction=0.010000
quickprop_decay=-0.000100
quickprop_mu=1.750000
rprop_increase_factor=1.200000
rprop_decrease_factor=0.500000
rprop_delta_min=0.000000
rprop_delta_max=50.000000
rprop_delta_zero=0.100000
cascade_output_stagnation_epochs=12
cascade_candidate_change_fraction=0.010000
cascade_candidate_stagnation_epochs=12
cascade_max_out_epochs=150
cascade_min_out_epochs=50
cascade_max_cand_epochs=150
cascade_min_cand_epochs=50
cascade_num_candidate_groups=2
bit_fail_limit=1.00000000000000005551e-01
cascade_candidate_limit=1.00000000000000000000e+03
cascade_weight_multiplier=4.00000000000000022204e-01
cascade_activation_functions_count=10
cascade_activation_functions=3 5 7 8 10 11 14 15 16 17 
cascade_activation_steepnesses_count=4
cascade_activation_steepnesses=2.50000000000000000000e-01 5.00000000000000000000e-01 7.50000000000000000000e-01 1.00000000000000000000e+00 
layer_sizes=6 4 2 
scale_included=0
neurons (num_inputs, activation_function, activation_steepness)=(0, 0, 0.00000000000000000000e+00) (0, 0, 0.00000000000000000000e+00) (0, 0, 0.00000000000000000000e+00) (0, 0, 0.00000000000000000000e+00) (0, 0, 0.00000000000000000000e+00) (0, 0, 0.00000000000000000000e+00) (6, 6, 5.00000000000000000000e-01) (6, 6, 5.00000000000000000000e-01) (6, 6, 5.00000000000000000000e-01) (0, 6, 0.00000000000000000000e+00) (4, 4, 5.00000000000000000000e-01) (0, 4, 0.00000000000000000000e+00) 
connections (connected_to_neuron, weight)=(0, 4.07593224934475806265e+00) (1, -9.66713704534647333411e-01) (2, -1.70283525227237175770e+00) (3, -1.55515695853075779087e-02) (4, -1.71196510164258497433e+00) (5, -4.56103657515751992335e-01) (0, 2.79501425845999240671e-01) (1, -1.01850922453946474144e-01) (2, -5.23122212070571968034e-01) (3, 1.34455217638863783192e-01) (4, -1.49460367830009877022e-01) (5, 2.01886381048713436925e+00) (0, 3.93408481768505957632e+00) (1, -9.90338709571239816931e-01) (2, -1.63357727764773796864e+00) (3, -6.65986043642375572654e-03) (4, -1.57674283800837966574e+00) (5, -3.45736411543595578699e-01) (6, -3.90257420046140111936e+02) (7, 2.10585788697181497398e+00) (8, -6.22031232963822322546e+00) (9, 6.03262745045027082291e-01) 
