FANN_FLO_2.1
num_layers=3
learning_rate=0.700000
connection_rate=1.000000
network_type=0
learning_momentum=0.000000
training_algorithm=2
train_error_function=1
train_stop_function=1
cascade_output_change_fraction=0.010000
quickprop_decay=-0.000100
quickprop_mu=1.750000
rprop_increase_factor=1.200000
rprop_decrease_factor=0.500000
rprop_delta_min=0.000000
rprop_delta_max=50.000000
rprop_delta_zero=0.100000
cascade_output_stagnation_epochs=12
cascade_candidate_change_fraction=0.010000
cascade_candidate_stagnation_epochs=12
cascade_max_out_epochs=150
cascade_min_out_epochs=50
cascade_max_cand_epochs=150
cascade_min_cand_epochs=50
cascade_num_candidate_groups=2
bit_fail_limit=1.00000000000000005551e-01
cascade_candidate_limit=1.00000000000000000000e+03
cascade_weight_multiplier=4.00000000000000022204e-01
cascade_activation_functions_count=10
cascade_activation_functions=3 5 7 8 10 11 14 15 16 17 
cascade_activation_steepnesses_count=4
cascade_activation_steepnesses=2.50000000000000000000e-01 5.00000000000000000000e-01 7.50000000000000000000e-01 1.00000000000000000000e+00 
layer_sizes=13 4 2 
scale_included=0
neurons (num_inputs, activation_function, activation_steepness)=(0, 0, 0.00000000000000000000e+00) (0, 0, 0.00000000000000000000e+00) (0, 0, 0.00000000000000000000e+00) (0, 0, 0.00000000000000000000e+00) (0, 0, 0.00000000000000000000e+00) (0, 0, 0.00000000000000000000e+00) (0, 0, 0.00000000000000000000e+00) (0, 0, 0.00000000000000000000e+00) (0, 0, 0.00000000000000000000e+00) (0, 0, 0.00000000000000000000e+00) (0, 0, 0.00000000000000000000e+00) (0, 0, 0.00000000000000000000e+00) (0, 0, 0.00000000000000000000e+00) (13, 6, 5.00000000000000000000e-01) (13, 6, 5.00000000000000000000e-01) (13, 6, 5.00000000000000000000e-01) (0, 6, 0.00000000000000000000e+00) (4, 4, 5.00000000000000000000e-01) (0, 4, 0.00000000000000000000e+00) 
connections (connected_to_neuron, weight)=(0, -1.03909691034246867702e-01) (1, 4.63151114965369925525e-01) (2, 5.96257351844808880514e-02) (3, -2.09183131514479148105e-01) (4, -1.37166162191320828434e-01) (5, -1.60483648239065634922e-01) (6, 6.78450120363503356158e-02) (7, 2.01586685406742793791e-01) (8, 6.79382038984566588580e-02) (9, -6.25112583750790928860e-02) (10, 1.12143903302727415694e-01) (11, -8.78868575504292703915e-02) (12, -2.66728707447936752573e-01) (0, -2.31024963019777762607e-01) (1, 3.70453062439849600818e-01) (2, 1.27293815514375907583e-01) (3, -1.37525995431829861637e-01) (4, -1.70941409824778067783e-01) (5, -1.80428345857550131992e-01) (6, 1.08629989412811364669e-01) (7, 1.06885588991223051680e-01) (8, 1.22293519762542837737e-01) (9, 5.23167545085841123598e-02) (10, 9.98940684671980883014e-02) (11, -2.90240298321713385832e-02) (12, -3.18929632053067901865e-01) (0, -1.25644679333582542924e+00) (1, 5.86760269095625552893e+00) (2, -2.48293970166487909523e-01) (3, -9.56309185693407393103e-01) (4, -1.15956764261737488297e+00) (5, -1.21584401618257187394e+00) (6, -4.90052235558631810175e-01) (7, -9.39337491565355398038e-01) (8, -5.38692974305842064986e-01) (9, -3.96218620532133325440e+00) (10, -2.19812381458010763779e+00) (11, -2.76859747473937423123e+00) (12, -6.14167803695248037954e-01) (13, 4.57220519928293267498e-01) (14, 1.40440920064032415127e-01) (15, 5.88177368035044345618e+00) (16, -1.21650781821027420548e+00) 
