FANN_FLO_2.1
num_layers=3
learning_rate=0.700000
connection_rate=1.000000
network_type=0
learning_momentum=0.000000
training_algorithm=2
train_error_function=1
train_stop_function=1
cascade_output_change_fraction=0.010000
quickprop_decay=-0.000100
quickprop_mu=1.750000
rprop_increase_factor=1.200000
rprop_decrease_factor=0.500000
rprop_delta_min=0.000000
rprop_delta_max=50.000000
rprop_delta_zero=0.100000
cascade_output_stagnation_epochs=12
cascade_candidate_change_fraction=0.010000
cascade_candidate_stagnation_epochs=12
cascade_max_out_epochs=150
cascade_min_out_epochs=50
cascade_max_cand_epochs=150
cascade_min_cand_epochs=50
cascade_num_candidate_groups=2
bit_fail_limit=1.00000000000000005551e-01
cascade_candidate_limit=1.00000000000000000000e+03
cascade_weight_multiplier=4.00000000000000022204e-01
cascade_activation_functions_count=10
cascade_activation_functions=3 5 7 8 10 11 14 15 16 17 
cascade_activation_steepnesses_count=4
cascade_activation_steepnesses=2.50000000000000000000e-01 5.00000000000000000000e-01 7.50000000000000000000e-01 1.00000000000000000000e+00 
layer_sizes=16 4 2 
scale_included=0
neurons (num_inputs, activation_function, activation_steepness)=(0, 0, 0.00000000000000000000e+00) (0, 0, 0.00000000000000000000e+00) (0, 0, 0.00000000000000000000e+00) (0, 0, 0.00000000000000000000e+00) (0, 0, 0.00000000000000000000e+00) (0, 0, 0.00000000000000000000e+00) (0, 0, 0.00000000000000000000e+00) (0, 0, 0.00000000000000000000e+00) (0, 0, 0.00000000000000000000e+00) (0, 0, 0.00000000000000000000e+00) (0, 0, 0.00000000000000000000e+00) (0, 0, 0.00000000000000000000e+00) (0, 0, 0.00000000000000000000e+00) (0, 0, 0.00000000000000000000e+00) (0, 0, 0.00000000000000000000e+00) (0, 0, 0.00000000000000000000e+00) (16, 6, 5.00000000000000000000e-01) (16, 6, 5.00000000000000000000e-01) (16, 6, 5.00000000000000000000e-01) (0, 6, 0.00000000000000000000e+00) (4, 4, 5.00000000000000000000e-01) (0, 4, 0.00000000000000000000e+00) 
connections (connected_to_neuron, weight)=(0, 1.15546503555134916219e+00) (1, -3.61885725404939861960e+00) (2, 1.20742812644795560750e+00) (3, 1.31894531571225370747e+00) (4, 8.37833536335684136986e-01) (5, 1.07328668501333379659e+00) (6, 1.06122597199038648519e+00) (7, -3.61298813368997784323e+00) (8, 1.05520779904083394918e+00) (9, 1.22641921513632978780e+00) (10, -3.74709021743259640402e+00) (11, 1.17584457885579252157e+00) (12, 1.23994159423665251119e+00) (13, 1.41315983706073011739e+00) (14, 1.04795329164818906698e+00) (15, 8.21355160462417854816e-01) (0, -6.52402822999005316262e-01) (1, 2.31460447911483013783e+00) (2, -4.05404526502113060626e-01) (3, -1.45979255616562197950e+00) (4, -1.80194532993216471883e-01) (5, -5.01878175646285784595e-01) (6, -6.37841534940247534280e-01) (7, 2.15951943699580395375e+00) (8, -5.10023583797459711953e-01) (9, -1.51172740936176608351e+00) (10, 2.21240228716593945180e+00) (11, -5.10585372475628962441e-01) (12, -1.58332769006388018873e+00) (13, -1.59924166083233187940e+00) (14, -6.15768862096314428811e-01) (15, 1.27742249928208623233e-01) (0, -9.42976579403557613190e-01) (1, 2.45133877460223414957e+00) (2, -1.05266351286140902310e+00) (3, -6.96060961877979500478e-01) (4, -6.82539422314302979267e-01) (5, -6.81360934178965149677e-01) (6, -9.57319796418824031647e-01) (7, 2.54469408754569270670e+00) (8, -1.00415751371351702481e+00) (9, -6.96680671369709236807e-01) (10, 2.50296906296473720133e+00) (11, -9.85785529350914790925e-01) (12, -7.05090424811519844717e-01) (13, -7.55888691937603218740e-01) (14, -9.37199920749344661530e-01) (15, 5.56611575338906150456e-02) (16, -5.82129927714790973425e+00) (17, 1.03453589576126159244e+00) (18, 2.33217726949912274037e+00) (19, 2.50859757646081871219e-01) 
