FANN_FLO_2.1
num_layers=3
learning_rate=0.700000
connection_rate=1.000000
network_type=0
learning_momentum=0.000000
training_algorithm=2
train_error_function=1
train_stop_function=1
cascade_output_change_fraction=0.010000
quickprop_decay=-0.000100
quickprop_mu=1.750000
rprop_increase_factor=1.200000
rprop_decrease_factor=0.500000
rprop_delta_min=0.000000
rprop_delta_max=50.000000
rprop_delta_zero=0.100000
cascade_output_stagnation_epochs=12
cascade_candidate_change_fraction=0.010000
cascade_candidate_stagnation_epochs=12
cascade_max_out_epochs=150
cascade_min_out_epochs=50
cascade_max_cand_epochs=150
cascade_min_cand_epochs=50
cascade_num_candidate_groups=2
bit_fail_limit=1.00000000000000005551e-01
cascade_candidate_limit=1.00000000000000000000e+03
cascade_weight_multiplier=4.00000000000000022204e-01
cascade_activation_functions_count=10
cascade_activation_functions=3 5 7 8 10 11 14 15 16 17 
cascade_activation_steepnesses_count=4
cascade_activation_steepnesses=2.50000000000000000000e-01 5.00000000000000000000e-01 7.50000000000000000000e-01 1.00000000000000000000e+00 
layer_sizes=11 4 2 
scale_included=0
neurons (num_inputs, activation_function, activation_steepness)=(0, 0, 0.00000000000000000000e+00) (0, 0, 0.00000000000000000000e+00) (0, 0, 0.00000000000000000000e+00) (0, 0, 0.00000000000000000000e+00) (0, 0, 0.00000000000000000000e+00) (0, 0, 0.00000000000000000000e+00) (0, 0, 0.00000000000000000000e+00) (0, 0, 0.00000000000000000000e+00) (0, 0, 0.00000000000000000000e+00) (0, 0, 0.00000000000000000000e+00) (0, 0, 0.00000000000000000000e+00) (11, 6, 5.00000000000000000000e-01) (11, 6, 5.00000000000000000000e-01) (11, 6, 5.00000000000000000000e-01) (0, 6, 0.00000000000000000000e+00) (4, 4, 5.00000000000000000000e-01) (0, 4, 0.00000000000000000000e+00) 
connections (connected_to_neuron, weight)=(0, -8.02464832534647620754e-01) (1, 2.72158273079362045266e+00) (2, -6.98280577682971803632e-01) (3, 2.01047820327837944987e+00) (4, 5.84391253086306683429e-01) (5, 3.05748749054838686590e+00) (6, -1.60530990789808536423e-01) (7, 7.87385472750262271902e-01) (8, -8.36945135810158169498e-01) (9, 1.62694961343313826418e+00) (10, -1.84873048624194491474e+00) (0, 1.33340786602677674466e+00) (1, -1.76729022182600359336e+00) (2, 9.19898692453910760136e-01) (3, -1.19596451421640836976e+00) (4, -7.02824137830173750752e-02) (5, -2.34645674834561379640e+00) (6, 7.41207045285369736654e-01) (7, -6.34496677316650714573e-01) (8, 1.69028279627993693879e+00) (9, -4.54159394597026144780e-01) (10, 9.86421655798961571904e-01) (0, 7.16796264629951801473e-02) (1, 3.82971812873072636751e-01) (2, 6.51654803411015615122e-02) (3, 3.55689205567253585727e-01) (4, 2.65330634029353917835e-01) (5, 8.10376282213914889141e-01) (6, 1.04587530750938614843e-01) (7, 7.85378371592794333189e-01) (8, 5.28153043393058824195e-02) (9, 1.04565279119019693965e+00) (10, -9.21511382552739205520e-02) (11, 8.25967570506913872919e+00) (12, -8.03708768877608470405e+00) (13, 4.23692707778768107296e-01) (14, -1.02251294201803788475e+00) 
