FANN_FLO_2.1
num_layers=3
learning_rate=0.700000
connection_rate=1.000000
network_type=0
learning_momentum=0.000000
training_algorithm=2
train_error_function=1
train_stop_function=1
cascade_output_change_fraction=0.010000
quickprop_decay=-0.000100
quickprop_mu=1.750000
rprop_increase_factor=1.200000
rprop_decrease_factor=0.500000
rprop_delta_min=0.000000
rprop_delta_max=50.000000
rprop_delta_zero=0.100000
cascade_output_stagnation_epochs=12
cascade_candidate_change_fraction=0.010000
cascade_candidate_stagnation_epochs=12
cascade_max_out_epochs=150
cascade_min_out_epochs=50
cascade_max_cand_epochs=150
cascade_min_cand_epochs=50
cascade_num_candidate_groups=2
bit_fail_limit=1.00000000000000005551e-01
cascade_candidate_limit=1.00000000000000000000e+03
cascade_weight_multiplier=4.00000000000000022204e-01
cascade_activation_functions_count=10
cascade_activation_functions=3 5 7 8 10 11 14 15 16 17 
cascade_activation_steepnesses_count=4
cascade_activation_steepnesses=2.50000000000000000000e-01 5.00000000000000000000e-01 7.50000000000000000000e-01 1.00000000000000000000e+00 
layer_sizes=13 4 2 
scale_included=0
neurons (num_inputs, activation_function, activation_steepness)=(0, 0, 0.00000000000000000000e+00) (0, 0, 0.00000000000000000000e+00) (0, 0, 0.00000000000000000000e+00) (0, 0, 0.00000000000000000000e+00) (0, 0, 0.00000000000000000000e+00) (0, 0, 0.00000000000000000000e+00) (0, 0, 0.00000000000000000000e+00) (0, 0, 0.00000000000000000000e+00) (0, 0, 0.00000000000000000000e+00) (0, 0, 0.00000000000000000000e+00) (0, 0, 0.00000000000000000000e+00) (0, 0, 0.00000000000000000000e+00) (0, 0, 0.00000000000000000000e+00) (13, 6, 5.00000000000000000000e-01) (13, 6, 5.00000000000000000000e-01) (13, 6, 5.00000000000000000000e-01) (0, 6, 0.00000000000000000000e+00) (4, 4, 5.00000000000000000000e-01) (0, 4, 0.00000000000000000000e+00) 
connections (connected_to_neuron, weight)=(0, 3.90865273482906427915e+00) (1, -1.13098115663743947756e+00) (2, -1.77324105416049548900e+00) (3, -2.92780176377035417090e+00) (4, -1.09280633381849145991e+00) (5, -1.50797010939765940840e+00) (6, 4.00903801530795744767e-01) (7, 1.02006321271736144496e+00) (8, -3.43391045461640814773e-02) (9, -3.77387651425663728233e+00) (10, 1.36575574882985745218e-01) (11, 8.29737759385426709713e-01) (12, 1.27270122252337758439e+00) (0, 3.24419303720874596664e+00) (1, -5.68396469881960797466e+00) (2, -1.92025416896907819009e+00) (3, -4.06037244393288698774e+00) (4, 2.81393333393008271415e+00) (5, -5.01424862321148712141e+00) (6, -3.64713630219012041600e-01) (7, -4.65814529404127419809e+00) (8, -5.11288087200307828084e+00) (9, -5.08592475881328454079e+00) (10, 1.15467475392529017597e+00) (11, 7.61155528581898987994e+00) (12, 5.59052168227060786165e+00) (0, 1.86571168083411809135e+00) (1, -1.59821230080687959330e+00) (2, 9.77983737346871717655e-01) (3, -2.92107743596769608985e+00) (4, -1.63580808448844461367e+00) (5, -1.64661010336328517134e+00) (6, 3.98221175283389738908e-01) (7, 7.73249818181686254803e-01) (8, 6.43152740145955335166e-03) (9, -3.32201716636419908113e+00) (10, 2.39818622916449369908e-01) (11, 1.10482626256161453604e+00) (12, 1.77320163625938054253e+00) (13, -5.21497731396343233712e+00) (14, -9.13257110009586980937e+00) (15, -1.92698764896332219720e+00) (16, -1.57185272064532233216e+00) 
