FANN_FLO_2.1
num_layers=3
learning_rate=0.700000
connection_rate=1.000000
network_type=0
learning_momentum=0.000000
training_algorithm=2
train_error_function=1
train_stop_function=1
cascade_output_change_fraction=0.010000
quickprop_decay=-0.000100
quickprop_mu=1.750000
rprop_increase_factor=1.200000
rprop_decrease_factor=0.500000
rprop_delta_min=0.000000
rprop_delta_max=50.000000
rprop_delta_zero=0.100000
cascade_output_stagnation_epochs=12
cascade_candidate_change_fraction=0.010000
cascade_candidate_stagnation_epochs=12
cascade_max_out_epochs=150
cascade_min_out_epochs=50
cascade_max_cand_epochs=150
cascade_min_cand_epochs=50
cascade_num_candidate_groups=2
bit_fail_limit=1.00000000000000005551e-01
cascade_candidate_limit=1.00000000000000000000e+03
cascade_weight_multiplier=4.00000000000000022204e-01
cascade_activation_functions_count=10
cascade_activation_functions=3 5 7 8 10 11 14 15 16 17 
cascade_activation_steepnesses_count=4
cascade_activation_steepnesses=2.50000000000000000000e-01 5.00000000000000000000e-01 7.50000000000000000000e-01 1.00000000000000000000e+00 
layer_sizes=12 4 2 
scale_included=0
neurons (num_inputs, activation_function, activation_steepness)=(0, 0, 0.00000000000000000000e+00) (0, 0, 0.00000000000000000000e+00) (0, 0, 0.00000000000000000000e+00) (0, 0, 0.00000000000000000000e+00) (0, 0, 0.00000000000000000000e+00) (0, 0, 0.00000000000000000000e+00) (0, 0, 0.00000000000000000000e+00) (0, 0, 0.00000000000000000000e+00) (0, 0, 0.00000000000000000000e+00) (0, 0, 0.00000000000000000000e+00) (0, 0, 0.00000000000000000000e+00) (0, 0, 0.00000000000000000000e+00) (12, 6, 5.00000000000000000000e-01) (12, 6, 5.00000000000000000000e-01) (12, 6, 5.00000000000000000000e-01) (0, 6, 0.00000000000000000000e+00) (4, 4, 5.00000000000000000000e-01) (0, 4, 0.00000000000000000000e+00) 
connections (connected_to_neuron, weight)=(0, -1.62094388432315050785e+00) (1, 1.48318762858929602544e+01) (2, 3.81317379594127980891e-01) (3, 1.55361509139728209972e-01) (4, -9.34321210859452300213e-02) (5, 1.87273281845302341786e-01) (6, 6.05277859890424707601e-01) (7, 2.71930703477726798400e-01) (8, 3.16792834454369509611e-01) (9, 2.25920326678254318464e-01) (10, 4.47186902899053342897e-02) (11, -3.58319313414482920610e-01) (0, -1.82398104317000497865e+00) (1, 3.56062330536293885075e+01) (2, 1.02361581056630868147e+00) (3, 1.53556936041630287537e-01) (4, -4.63751923017969802654e-01) (5, 8.87335121217154521034e-01) (6, 1.31633042243040865316e+00) (7, -6.17986789171541484045e-01) (8, 8.19057687689237701179e-01) (9, 8.88866051322831030035e-01) (10, -5.00422475443073055956e-01) (11, -6.44834540106662745806e-01) (0, -7.48119338669189448687e-01) (1, 3.55220148943114182316e+01) (2, 8.95068417780759628677e-01) (3, 4.62838799769659858807e-01) (4, -6.23321246080866586681e-01) (5, 7.40418091001891154335e-01) (6, 1.40084869113482302083e+00) (7, -2.75431760172142214849e-01) (8, 8.17673891354971038581e-01) (9, 7.12459719962490911627e-01) (10, -5.56216192946620613391e-01) (11, -6.09666264869579310748e-01) (12, 7.78255541417303575713e+00) (13, 3.79353075345623906856e+01) (14, 1.08429762100577224970e+01) (15, -1.63514444145936854724e+00) 
