FANN_FLO_2.1
num_layers=3
learning_rate=0.700000
connection_rate=1.000000
network_type=0
learning_momentum=0.000000
training_algorithm=2
train_error_function=1
train_stop_function=1
cascade_output_change_fraction=0.010000
quickprop_decay=-0.000100
quickprop_mu=1.750000
rprop_increase_factor=1.200000
rprop_decrease_factor=0.500000
rprop_delta_min=0.000000
rprop_delta_max=50.000000
rprop_delta_zero=0.100000
cascade_output_stagnation_epochs=12
cascade_candidate_change_fraction=0.010000
cascade_candidate_stagnation_epochs=12
cascade_max_out_epochs=150
cascade_min_out_epochs=50
cascade_max_cand_epochs=150
cascade_min_cand_epochs=50
cascade_num_candidate_groups=2
bit_fail_limit=1.00000000000000005551e-01
cascade_candidate_limit=1.00000000000000000000e+03
cascade_weight_multiplier=4.00000000000000022204e-01
cascade_activation_functions_count=10
cascade_activation_functions=3 5 7 8 10 11 14 15 16 17 
cascade_activation_steepnesses_count=4
cascade_activation_steepnesses=2.50000000000000000000e-01 5.00000000000000000000e-01 7.50000000000000000000e-01 1.00000000000000000000e+00 
layer_sizes=8 4 2 
scale_included=0
neurons (num_inputs, activation_function, activation_steepness)=(0, 0, 0.00000000000000000000e+00) (0, 0, 0.00000000000000000000e+00) (0, 0, 0.00000000000000000000e+00) (0, 0, 0.00000000000000000000e+00) (0, 0, 0.00000000000000000000e+00) (0, 0, 0.00000000000000000000e+00) (0, 0, 0.00000000000000000000e+00) (0, 0, 0.00000000000000000000e+00) (8, 6, 5.00000000000000000000e-01) (8, 6, 5.00000000000000000000e-01) (8, 6, 5.00000000000000000000e-01) (0, 6, 0.00000000000000000000e+00) (4, 4, 5.00000000000000000000e-01) (0, 4, 0.00000000000000000000e+00) 
connections (connected_to_neuron, weight)=(0, -1.03231493470562840642e+00) (1, -3.24107237148681992522e+00) (2, 3.83078827078819766916e-02) (3, 4.20049768389038624683e-01) (4, -1.27177384728326559049e+00) (5, -3.36152505118051880828e+00) (6, -3.95911751611486373292e+00) (7, 3.54706543008203212253e+00) (0, 2.66852855710933756228e-01) (1, 6.12606700519530589233e-01) (2, 5.15769107987778197000e-01) (3, 2.51574306218754428777e-01) (4, 2.51733489363143991824e-01) (5, 4.92402043203322592468e-01) (6, 7.16858534820999260262e-01) (7, -1.36512274241789605123e-01) (0, -1.23049588471989268523e-01) (1, 4.48612556131159401218e+00) (2, 7.61329951178735253592e-01) (3, -2.57070724974306719091e-01) (4, -2.14163969608818144374e-01) (5, 4.50828169555937385837e+00) (6, 3.48455782988617857043e+00) (7, -2.73253495555057535071e+00) (8, -4.09577514264529352062e+00) (9, 5.33490225319832103712e-02) (10, 8.23336169286605823459e+00) (11, -1.25901656123356109340e+00) 
