FANN_FLO_2.1
num_layers=3
learning_rate=0.700000
connection_rate=1.000000
network_type=0
learning_momentum=0.000000
training_algorithm=2
train_error_function=1
train_stop_function=1
cascade_output_change_fraction=0.010000
quickprop_decay=-0.000100
quickprop_mu=1.750000
rprop_increase_factor=1.200000
rprop_decrease_factor=0.500000
rprop_delta_min=0.000000
rprop_delta_max=50.000000
rprop_delta_zero=0.100000
cascade_output_stagnation_epochs=12
cascade_candidate_change_fraction=0.010000
cascade_candidate_stagnation_epochs=12
cascade_max_out_epochs=150
cascade_min_out_epochs=50
cascade_max_cand_epochs=150
cascade_min_cand_epochs=50
cascade_num_candidate_groups=2
bit_fail_limit=1.00000000000000005551e-01
cascade_candidate_limit=1.00000000000000000000e+03
cascade_weight_multiplier=4.00000000000000022204e-01
cascade_activation_functions_count=10
cascade_activation_functions=3 5 7 8 10 11 14 15 16 17 
cascade_activation_steepnesses_count=4
cascade_activation_steepnesses=2.50000000000000000000e-01 5.00000000000000000000e-01 7.50000000000000000000e-01 1.00000000000000000000e+00 
layer_sizes=9 4 2 
scale_included=0
neurons (num_inputs, activation_function, activation_steepness)=(0, 0, 0.00000000000000000000e+00) (0, 0, 0.00000000000000000000e+00) (0, 0, 0.00000000000000000000e+00) (0, 0, 0.00000000000000000000e+00) (0, 0, 0.00000000000000000000e+00) (0, 0, 0.00000000000000000000e+00) (0, 0, 0.00000000000000000000e+00) (0, 0, 0.00000000000000000000e+00) (0, 0, 0.00000000000000000000e+00) (9, 6, 5.00000000000000000000e-01) (9, 6, 5.00000000000000000000e-01) (9, 6, 5.00000000000000000000e-01) (0, 6, 0.00000000000000000000e+00) (4, 4, 5.00000000000000000000e-01) (0, 4, 0.00000000000000000000e+00) 
connections (connected_to_neuron, weight)=(0, 3.64341264446655532794e+00) (1, -2.01583631089271175796e+00) (2, -3.13166859989256440855e+00) (3, 1.22004180516557036995e+00) (4, 1.10574335719899430330e+00) (5, 1.10534075017527833040e+00) (6, 1.21720846857384978890e+00) (7, 1.18512078489617644905e+00) (8, 1.48326374025402518697e+00) (0, 8.73470476398908779458e+00) (1, -2.15866485778931060935e+00) (2, -2.21740422407327830712e+00) (3, 7.32580151087011355315e-01) (4, 6.79558936184610384856e-01) (5, 7.19123731976713198577e-01) (6, 8.22545502012933749114e-01) (7, 8.30783325856889742766e-01) (8, 8.25769398039545077239e-01) (0, -4.81382368029868423775e+00) (1, 2.83270603799853049054e+00) (2, 1.42649689369022203422e+00) (3, -2.20095056265230959447e-01) (4, -3.00299971520539110692e-01) (5, -1.06850553376599854971e+00) (6, -1.94518360222549591132e-01) (7, -1.73158089786406343968e-01) (8, -5.24728312543489838760e-01) (9, -5.58497455264890785287e+00) (10, -6.20393976439317818006e+00) (11, 2.63600664415697583109e+00) (12, -1.26671039585868161481e+00) 
