FANN_FLO_2.1
num_layers=3
learning_rate=0.700000
connection_rate=1.000000
network_type=0
learning_momentum=0.000000
training_algorithm=2
train_error_function=1
train_stop_function=1
cascade_output_change_fraction=0.010000
quickprop_decay=-0.000100
quickprop_mu=1.750000
rprop_increase_factor=1.200000
rprop_decrease_factor=0.500000
rprop_delta_min=0.000000
rprop_delta_max=50.000000
rprop_delta_zero=0.100000
cascade_output_stagnation_epochs=12
cascade_candidate_change_fraction=0.010000
cascade_candidate_stagnation_epochs=12
cascade_max_out_epochs=150
cascade_min_out_epochs=50
cascade_max_cand_epochs=150
cascade_min_cand_epochs=50
cascade_num_candidate_groups=2
bit_fail_limit=1.00000000000000005551e-01
cascade_candidate_limit=1.00000000000000000000e+03
cascade_weight_multiplier=4.00000000000000022204e-01
cascade_activation_functions_count=10
cascade_activation_functions=3 5 7 8 10 11 14 15 16 17 
cascade_activation_steepnesses_count=4
cascade_activation_steepnesses=2.50000000000000000000e-01 5.00000000000000000000e-01 7.50000000000000000000e-01 1.00000000000000000000e+00 
layer_sizes=10 4 2 
scale_included=0
neurons (num_inputs, activation_function, activation_steepness)=(0, 0, 0.00000000000000000000e+00) (0, 0, 0.00000000000000000000e+00) (0, 0, 0.00000000000000000000e+00) (0, 0, 0.00000000000000000000e+00) (0, 0, 0.00000000000000000000e+00) (0, 0, 0.00000000000000000000e+00) (0, 0, 0.00000000000000000000e+00) (0, 0, 0.00000000000000000000e+00) (0, 0, 0.00000000000000000000e+00) (0, 0, 0.00000000000000000000e+00) (10, 6, 5.00000000000000000000e-01) (10, 6, 5.00000000000000000000e-01) (10, 6, 5.00000000000000000000e-01) (0, 6, 0.00000000000000000000e+00) (4, 4, 5.00000000000000000000e-01) (0, 4, 0.00000000000000000000e+00) 
connections (connected_to_neuron, weight)=(0, -3.31170208966053269961e+00) (1, 3.04614126823528996724e+00) (2, 4.47741551683769500869e+00) (3, 3.38890398000933279476e+00) (4, -2.84110980430644177730e+00) (5, 2.79549650438592856005e+00) (6, -2.86143418292950624249e+00) (7, 5.92491377022133725028e-01) (8, 2.61810843317933228391e+00) (9, -4.02220036403752434495e+00) (0, -2.37470861097379737359e+00) (1, -2.13735461304135876404e+00) (2, 2.93365078888066888041e+00) (3, 5.04670115251907969167e+00) (4, -2.45557422160564398084e+00) (5, -3.25078197651412903468e+00) (6, -2.30601951360598320662e+01) (7, 2.77341471644673420727e+00) (8, 3.31299387398276445893e+00) (9, -3.50669609365554890701e+00) (0, -4.92582025270925788485e-02) (1, 6.45720543483086473202e+00) (2, 3.06686765929716997903e-01) (3, 9.34159284053494687328e-01) (4, -1.78928400155363465096e+00) (5, -1.59601739757932969965e+00) (6, -9.41937997387174164032e+00) (7, 4.37459590015796084828e+00) (8, 1.69609020191161796731e+00) (9, -4.41097705911523141342e-02) (10, 1.19166047717232199687e+01) (11, 3.65738134648605139887e+00) (12, 2.21217287363926162769e+00) (13, -1.70835161777062238819e+00) 
