FANN_FLO_2.1
num_layers=3
learning_rate=0.700000
connection_rate=1.000000
network_type=0
learning_momentum=0.000000
training_algorithm=2
train_error_function=1
train_stop_function=1
cascade_output_change_fraction=0.010000
quickprop_decay=-0.000100
quickprop_mu=1.750000
rprop_increase_factor=1.200000
rprop_decrease_factor=0.500000
rprop_delta_min=0.000000
rprop_delta_max=50.000000
rprop_delta_zero=0.100000
cascade_output_stagnation_epochs=12
cascade_candidate_change_fraction=0.010000
cascade_candidate_stagnation_epochs=12
cascade_max_out_epochs=150
cascade_min_out_epochs=50
cascade_max_cand_epochs=150
cascade_min_cand_epochs=50
cascade_num_candidate_groups=2
bit_fail_limit=1.00000000000000005551e-01
cascade_candidate_limit=1.00000000000000000000e+03
cascade_weight_multiplier=4.00000000000000022204e-01
cascade_activation_functions_count=10
cascade_activation_functions=3 5 7 8 10 11 14 15 16 17 
cascade_activation_steepnesses_count=4
cascade_activation_steepnesses=2.50000000000000000000e-01 5.00000000000000000000e-01 7.50000000000000000000e-01 1.00000000000000000000e+00 
layer_sizes=11 4 2 
scale_included=0
neurons (num_inputs, activation_function, activation_steepness)=(0, 0, 0.00000000000000000000e+00) (0, 0, 0.00000000000000000000e+00) (0, 0, 0.00000000000000000000e+00) (0, 0, 0.00000000000000000000e+00) (0, 0, 0.00000000000000000000e+00) (0, 0, 0.00000000000000000000e+00) (0, 0, 0.00000000000000000000e+00) (0, 0, 0.00000000000000000000e+00) (0, 0, 0.00000000000000000000e+00) (0, 0, 0.00000000000000000000e+00) (0, 0, 0.00000000000000000000e+00) (11, 6, 5.00000000000000000000e-01) (11, 6, 5.00000000000000000000e-01) (11, 6, 5.00000000000000000000e-01) (0, 6, 0.00000000000000000000e+00) (4, 4, 5.00000000000000000000e-01) (0, 4, 0.00000000000000000000e+00) 
connections (connected_to_neuron, weight)=(0, 1.73684064046847108642e+00) (1, 2.32540574751877038295e+00) (2, 2.99579702132476022314e+00) (3, -1.58586917272826477543e+00) (4, 1.85978724763554725818e+00) (5, 1.43495928426087737684e+00) (6, 1.93301499105008289803e+00) (7, -2.10705976432991270997e+00) (8, 3.53088775280409095103e+00) (9, -2.01213384413267570849e+00) (10, -3.41849989936921039302e+00) (0, 1.68694085375773195068e+00) (1, 2.34730011306785790737e+00) (2, 3.11623891985847611963e+00) (3, -1.46967739812156006352e+00) (4, 1.91799798563880119495e+00) (5, 1.34063798491657615308e+00) (6, -4.03710783523987926102e-01) (7, -1.96213282727907412095e+00) (8, 3.44659278545074698741e+00) (9, -1.96022707962538222937e+00) (10, -3.37113586561057010371e+00) (0, 1.73392582039512327396e-01) (1, 3.08615188769903292521e-01) (2, 7.23556887300785822603e-01) (3, -1.67330959137481249943e-01) (4, 1.51002502094390251841e+01) (5, 3.84677369504194555105e+00) (6, -2.19748187896549662668e+00) (7, -3.76566208440057836881e+00) (8, 1.61047144106910322670e+00) (9, -9.90324573214930059528e-01) (10, -2.62993117130939479953e-01) (11, 9.43253348625496634838e+00) (12, 5.34639862278050941313e+01) (13, 1.58414492163211928499e+00) (14, -1.55685952532502636103e+00) 
