FANN_FLO_2.1
num_layers=3
learning_rate=0.700000
connection_rate=1.000000
network_type=0
learning_momentum=0.000000
training_algorithm=2
train_error_function=1
train_stop_function=1
cascade_output_change_fraction=0.010000
quickprop_decay=-0.000100
quickprop_mu=1.750000
rprop_increase_factor=1.200000
rprop_decrease_factor=0.500000
rprop_delta_min=0.000000
rprop_delta_max=50.000000
rprop_delta_zero=0.100000
cascade_output_stagnation_epochs=12
cascade_candidate_change_fraction=0.010000
cascade_candidate_stagnation_epochs=12
cascade_max_out_epochs=150
cascade_min_out_epochs=50
cascade_max_cand_epochs=150
cascade_min_cand_epochs=50
cascade_num_candidate_groups=2
bit_fail_limit=1.00000000000000005551e-01
cascade_candidate_limit=1.00000000000000000000e+03
cascade_weight_multiplier=4.00000000000000022204e-01
cascade_activation_functions_count=10
cascade_activation_functions=3 5 7 8 10 11 14 15 16 17 
cascade_activation_steepnesses_count=4
cascade_activation_steepnesses=2.50000000000000000000e-01 5.00000000000000000000e-01 7.50000000000000000000e-01 1.00000000000000000000e+00 
layer_sizes=8 4 2 
scale_included=0
neurons (num_inputs, activation_function, activation_steepness)=(0, 0, 0.00000000000000000000e+00) (0, 0, 0.00000000000000000000e+00) (0, 0, 0.00000000000000000000e+00) (0, 0, 0.00000000000000000000e+00) (0, 0, 0.00000000000000000000e+00) (0, 0, 0.00000000000000000000e+00) (0, 0, 0.00000000000000000000e+00) (0, 0, 0.00000000000000000000e+00) (8, 6, 5.00000000000000000000e-01) (8, 6, 5.00000000000000000000e-01) (8, 6, 5.00000000000000000000e-01) (0, 6, 0.00000000000000000000e+00) (4, 4, 5.00000000000000000000e-01) (0, 4, 0.00000000000000000000e+00) 
connections (connected_to_neuron, weight)=(0, 7.45587281001767410160e-01) (1, -1.64892571202057136581e+00) (2, 4.85104785481451916684e-02) (3, 4.23764517854790134788e-01) (4, 2.11438141920319733202e-01) (5, -1.90953545291395765382e+00) (6, -1.42935541159940071587e+00) (7, 9.51960018660629625487e-01) (0, 1.37142454915620048972e-01) (1, 1.92185522761934346470e-01) (2, 2.50252466532955186729e-01) (3, 2.74590814980702792314e-03) (4, 1.84850226824630897715e-03) (5, 2.76162579914655259561e-01) (6, 2.72127796132252686157e-01) (7, 4.15513046179432146698e-02) (0, 6.13344787670335067631e-01) (1, -1.72221871248024194223e+00) (2, -2.29568539937973735421e-02) (3, 3.18022685449461439688e-01) (4, 3.54780793347111822467e-01) (5, -1.87748347241850477296e+00) (6, -2.16579362479206105618e+00) (7, 1.02421332040032209143e+00) (8, -1.27684850278782651145e+01) (9, 2.45491616086858488455e-01) (10, -1.27794211353647515494e+01) (11, -3.13526754264311147136e-01) 
