FANN_FLO_2.1
num_layers=3
learning_rate=0.700000
connection_rate=1.000000
network_type=0
learning_momentum=0.000000
training_algorithm=2
train_error_function=1
train_stop_function=1
cascade_output_change_fraction=0.010000
quickprop_decay=-0.000100
quickprop_mu=1.750000
rprop_increase_factor=1.200000
rprop_decrease_factor=0.500000
rprop_delta_min=0.000000
rprop_delta_max=50.000000
rprop_delta_zero=0.100000
cascade_output_stagnation_epochs=12
cascade_candidate_change_fraction=0.010000
cascade_candidate_stagnation_epochs=12
cascade_max_out_epochs=150
cascade_min_out_epochs=50
cascade_max_cand_epochs=150
cascade_min_cand_epochs=50
cascade_num_candidate_groups=2
bit_fail_limit=1.00000000000000005551e-01
cascade_candidate_limit=1.00000000000000000000e+03
cascade_weight_multiplier=4.00000000000000022204e-01
cascade_activation_functions_count=10
cascade_activation_functions=3 5 7 8 10 11 14 15 16 17 
cascade_activation_steepnesses_count=4
cascade_activation_steepnesses=2.50000000000000000000e-01 5.00000000000000000000e-01 7.50000000000000000000e-01 1.00000000000000000000e+00 
layer_sizes=12 4 2 
scale_included=0
neurons (num_inputs, activation_function, activation_steepness)=(0, 0, 0.00000000000000000000e+00) (0, 0, 0.00000000000000000000e+00) (0, 0, 0.00000000000000000000e+00) (0, 0, 0.00000000000000000000e+00) (0, 0, 0.00000000000000000000e+00) (0, 0, 0.00000000000000000000e+00) (0, 0, 0.00000000000000000000e+00) (0, 0, 0.00000000000000000000e+00) (0, 0, 0.00000000000000000000e+00) (0, 0, 0.00000000000000000000e+00) (0, 0, 0.00000000000000000000e+00) (0, 0, 0.00000000000000000000e+00) (12, 6, 5.00000000000000000000e-01) (12, 6, 5.00000000000000000000e-01) (12, 6, 5.00000000000000000000e-01) (0, 6, 0.00000000000000000000e+00) (4, 4, 5.00000000000000000000e-01) (0, 4, 0.00000000000000000000e+00) 
connections (connected_to_neuron, weight)=(0, -2.06232640862227301071e+00) (1, 2.05862414853147823735e+00) (2, 5.65936358760718460914e-01) (3, 2.26811384714784303185e+00) (4, -1.19625679118639993703e+00) (5, 1.44953398647993114690e-01) (6, 1.69787096285520600070e+00) (7, -3.93528306082079171180e-01) (8, -2.06657262182173262488e+00) (9, 2.68023151322250674511e+00) (10, -6.17129277517597718550e-01) (11, -1.42611040435362212975e+00) (0, 5.07389541610638161728e+00) (1, -2.73357483617177932089e+00) (2, -1.52595665725696605364e+00) (3, -3.63073753898623019509e+00) (4, 1.24492329771800602778e+00) (5, -2.16528148602175996018e+00) (6, -9.68445853512493015636e-01) (7, -5.52612376163483909330e-01) (8, 2.67284510143724629572e+00) (9, -2.62449102406662326814e+00) (10, -9.18431471055989545604e-01) (11, 2.67507977795920925956e+00) (0, 5.01981452747742196152e+00) (1, -2.68115283048859565085e+00) (2, -1.56459370540485931400e+00) (3, -3.68385032152416735940e+00) (4, 1.34645713160915936335e+00) (5, -2.20331591393280312730e+00) (6, -9.49671448390689953989e-01) (7, -5.05321700821400932035e-01) (8, 2.77347695686546469318e+00) (9, -2.61807496403616291047e+00) (10, -6.47402609559547648210e-01) (11, 2.60154013347945767265e+00) (12, 5.11454890507704273972e+00) (13, -7.67190306546762990081e+00) (14, -7.62716256740168141448e+00) (15, -1.70297123323769583614e+00) 
