FANN_FLO_2.1
num_layers=3
learning_rate=0.700000
connection_rate=1.000000
network_type=0
learning_momentum=0.000000
training_algorithm=2
train_error_function=1
train_stop_function=1
cascade_output_change_fraction=0.010000
quickprop_decay=-0.000100
quickprop_mu=1.750000
rprop_increase_factor=1.200000
rprop_decrease_factor=0.500000
rprop_delta_min=0.000000
rprop_delta_max=50.000000
rprop_delta_zero=0.100000
cascade_output_stagnation_epochs=12
cascade_candidate_change_fraction=0.010000
cascade_candidate_stagnation_epochs=12
cascade_max_out_epochs=150
cascade_min_out_epochs=50
cascade_max_cand_epochs=150
cascade_min_cand_epochs=50
cascade_num_candidate_groups=2
bit_fail_limit=1.00000000000000005551e-01
cascade_candidate_limit=1.00000000000000000000e+03
cascade_weight_multiplier=4.00000000000000022204e-01
cascade_activation_functions_count=10
cascade_activation_functions=3 5 7 8 10 11 14 15 16 17 
cascade_activation_steepnesses_count=4
cascade_activation_steepnesses=2.50000000000000000000e-01 5.00000000000000000000e-01 7.50000000000000000000e-01 1.00000000000000000000e+00 
layer_sizes=9 4 2 
scale_included=0
neurons (num_inputs, activation_function, activation_steepness)=(0, 0, 0.00000000000000000000e+00) (0, 0, 0.00000000000000000000e+00) (0, 0, 0.00000000000000000000e+00) (0, 0, 0.00000000000000000000e+00) (0, 0, 0.00000000000000000000e+00) (0, 0, 0.00000000000000000000e+00) (0, 0, 0.00000000000000000000e+00) (0, 0, 0.00000000000000000000e+00) (0, 0, 0.00000000000000000000e+00) (9, 6, 5.00000000000000000000e-01) (9, 6, 5.00000000000000000000e-01) (9, 6, 5.00000000000000000000e-01) (0, 6, 0.00000000000000000000e+00) (4, 4, 5.00000000000000000000e-01) (0, 4, 0.00000000000000000000e+00) 
connections (connected_to_neuron, weight)=(0, -2.47851079502421800527e+00) (1, 2.56159514733869020375e+00) (2, -6.80367771877864457863e-02) (3, -1.82561840797864638475e-01) (4, -4.69702777730431397796e-01) (5, -1.27523603944134111821e+00) (6, -1.81351106549703322557e-01) (7, -1.21641881269049156877e+00) (8, -2.58580017770730696824e-01) (0, -2.47847044267970506581e+00) (1, 2.59390616962033693227e+00) (2, -6.02303419603923417824e-02) (3, -2.45040338422261916307e-01) (4, -2.76894465024673186448e-01) (5, -1.27762034444164629399e+00) (6, -1.82454463030301772264e-01) (7, -5.74488492028918162902e-01) (8, -3.13300874020063124803e-01) (0, -2.56357951262313310536e+00) (1, 2.52590227672177736196e+00) (2, 7.44406010613819502097e-02) (3, -2.42705281759702407030e-01) (4, -4.58989736901726563811e-01) (5, -1.11003205833982820927e+00) (6, -2.98868592764341078905e-01) (7, -1.26865044144939775883e+00) (8, -2.81246635998689376024e-01) (9, 2.50514410236197893056e+00) (10, 2.54288727590161744985e+00) (11, 2.59406897970754091176e+00) (12, -1.41322564269506179002e-01) 
