FANN_FLO_2.1
num_layers=3
learning_rate=0.700000
connection_rate=1.000000
network_type=0
learning_momentum=0.000000
training_algorithm=2
train_error_function=1
train_stop_function=1
cascade_output_change_fraction=0.010000
quickprop_decay=-0.000100
quickprop_mu=1.750000
rprop_increase_factor=1.200000
rprop_decrease_factor=0.500000
rprop_delta_min=0.000000
rprop_delta_max=50.000000
rprop_delta_zero=0.100000
cascade_output_stagnation_epochs=12
cascade_candidate_change_fraction=0.010000
cascade_candidate_stagnation_epochs=12
cascade_max_out_epochs=150
cascade_min_out_epochs=50
cascade_max_cand_epochs=150
cascade_min_cand_epochs=50
cascade_num_candidate_groups=2
bit_fail_limit=1.00000000000000005551e-01
cascade_candidate_limit=1.00000000000000000000e+03
cascade_weight_multiplier=4.00000000000000022204e-01
cascade_activation_functions_count=10
cascade_activation_functions=3 5 7 8 10 11 14 15 16 17 
cascade_activation_steepnesses_count=4
cascade_activation_steepnesses=2.50000000000000000000e-01 5.00000000000000000000e-01 7.50000000000000000000e-01 1.00000000000000000000e+00 
layer_sizes=6 4 2 
scale_included=0
neurons (num_inputs, activation_function, activation_steepness)=(0, 0, 0.00000000000000000000e+00) (0, 0, 0.00000000000000000000e+00) (0, 0, 0.00000000000000000000e+00) (0, 0, 0.00000000000000000000e+00) (0, 0, 0.00000000000000000000e+00) (0, 0, 0.00000000000000000000e+00) (6, 6, 5.00000000000000000000e-01) (6, 6, 5.00000000000000000000e-01) (6, 6, 5.00000000000000000000e-01) (0, 6, 0.00000000000000000000e+00) (4, 4, 5.00000000000000000000e-01) (0, 4, 0.00000000000000000000e+00) 
connections (connected_to_neuron, weight)=(0, -2.50456068673171772243e-01) (1, -7.26464283092886242699e-01) (2, 1.02690547720002922638e+00) (3, 2.68859661323448273507e+00) (4, 7.73629227943810615642e-01) (5, -8.26195105446674571414e-02) (0, 1.80985919681570806006e+01) (1, 5.34661770489329835065e-01) (2, -4.18919704616130061936e+00) (3, 9.51641501212093032791e+00) (4, -4.31609539916263784676e+00) (5, -2.08563857608839509084e+00) (0, -1.56215130211586200604e-01) (1, 1.90784047169320070125e+00) (2, 4.60245861409190748503e+00) (3, 1.50792989266738022280e+01) (4, 4.47940466414899152170e+00) (5, -2.68704813144495702204e+00) (6, -1.93393858918358532151e+01) (7, 2.95099954696552613242e+00) (8, 1.28075933118809395239e+01) (9, -1.25703777227231716651e+00) 
