FANN_FLO_2.1
num_layers=3
learning_rate=0.700000
connection_rate=1.000000
network_type=0
learning_momentum=0.000000
training_algorithm=2
train_error_function=1
train_stop_function=1
cascade_output_change_fraction=0.010000
quickprop_decay=-0.000100
quickprop_mu=1.750000
rprop_increase_factor=1.200000
rprop_decrease_factor=0.500000
rprop_delta_min=0.000000
rprop_delta_max=50.000000
rprop_delta_zero=0.100000
cascade_output_stagnation_epochs=12
cascade_candidate_change_fraction=0.010000
cascade_candidate_stagnation_epochs=12
cascade_max_out_epochs=150
cascade_min_out_epochs=50
cascade_max_cand_epochs=150
cascade_min_cand_epochs=50
cascade_num_candidate_groups=2
bit_fail_limit=1.00000000000000005551e-01
cascade_candidate_limit=1.00000000000000000000e+03
cascade_weight_multiplier=4.00000000000000022204e-01
cascade_activation_functions_count=10
cascade_activation_functions=3 5 7 8 10 11 14 15 16 17 
cascade_activation_steepnesses_count=4
cascade_activation_steepnesses=2.50000000000000000000e-01 5.00000000000000000000e-01 7.50000000000000000000e-01 1.00000000000000000000e+00 
layer_sizes=13 4 2 
scale_included=0
neurons (num_inputs, activation_function, activation_steepness)=(0, 0, 0.00000000000000000000e+00) (0, 0, 0.00000000000000000000e+00) (0, 0, 0.00000000000000000000e+00) (0, 0, 0.00000000000000000000e+00) (0, 0, 0.00000000000000000000e+00) (0, 0, 0.00000000000000000000e+00) (0, 0, 0.00000000000000000000e+00) (0, 0, 0.00000000000000000000e+00) (0, 0, 0.00000000000000000000e+00) (0, 0, 0.00000000000000000000e+00) (0, 0, 0.00000000000000000000e+00) (0, 0, 0.00000000000000000000e+00) (0, 0, 0.00000000000000000000e+00) (13, 6, 5.00000000000000000000e-01) (13, 6, 5.00000000000000000000e-01) (13, 6, 5.00000000000000000000e-01) (0, 6, 0.00000000000000000000e+00) (4, 4, 5.00000000000000000000e-01) (0, 4, 0.00000000000000000000e+00) 
connections (connected_to_neuron, weight)=(0, 1.23241947061409784503e+00) (1, -3.11954465978416717320e+00) (2, -3.82457226846368136819e+00) (3, -5.45091592918106826460e-01) (4, -1.16400611608613679948e+00) (5, -6.89554775629907412693e-01) (6, -1.65404567834477855826e+00) (7, 6.32566846431234619530e-01) (8, 7.30993084133603865382e-01) (9, 9.56759010913103669083e-01) (10, 7.41050637782552534816e-01) (11, 8.37865182611201353424e-01) (12, 4.68828149061417676080e+00) (0, -8.69151965071684351472e-01) (1, 2.11756156813622542501e+00) (2, 1.20145414641639791675e+00) (3, 6.38810814618802208509e-02) (4, -2.77877575742959059824e+00) (5, 2.18891319831927555484e-01) (6, 3.46273774931117439557e-01) (7, -3.20783592591430410934e-01) (8, -3.76165103602385642034e-01) (9, -6.37395804689052991598e-01) (10, -2.63596538889384390814e-01) (11, -4.86872211131132714979e-01) (12, -1.30857567655903306303e+00) (0, 1.40435558772673441119e+00) (1, -3.76754044376837349262e+00) (2, -4.44447380471823283443e+00) (3, -9.09514249668003094129e-02) (4, 1.00991783738150320282e+00) (5, -6.70567835245996279880e-01) (6, -7.32815819357305331394e-01) (7, 7.44148753107526594874e-01) (8, 6.69817417384126478908e-01) (9, 7.90719834627836792862e-01) (10, 6.57912402869203827294e-01) (11, 1.13326671626378527868e+00) (12, 4.65980219762539960016e+00) (13, -4.36770094665950381341e+00) (14, 4.65490091430101582404e+00) (15, -4.36222528401082598748e+00) (16, -1.09174153358547898485e+00) 
