FANN_FLO_2.1
num_layers=3
learning_rate=0.700000
connection_rate=1.000000
network_type=0
learning_momentum=0.000000
training_algorithm=2
train_error_function=1
train_stop_function=1
cascade_output_change_fraction=0.010000
quickprop_decay=-0.000100
quickprop_mu=1.750000
rprop_increase_factor=1.200000
rprop_decrease_factor=0.500000
rprop_delta_min=0.000000
rprop_delta_max=50.000000
rprop_delta_zero=0.100000
cascade_output_stagnation_epochs=12
cascade_candidate_change_fraction=0.010000
cascade_candidate_stagnation_epochs=12
cascade_max_out_epochs=150
cascade_min_out_epochs=50
cascade_max_cand_epochs=150
cascade_min_cand_epochs=50
cascade_num_candidate_groups=2
bit_fail_limit=1.00000000000000005551e-01
cascade_candidate_limit=1.00000000000000000000e+03
cascade_weight_multiplier=4.00000000000000022204e-01
cascade_activation_functions_count=10
cascade_activation_functions=3 5 7 8 10 11 14 15 16 17 
cascade_activation_steepnesses_count=4
cascade_activation_steepnesses=2.50000000000000000000e-01 5.00000000000000000000e-01 7.50000000000000000000e-01 1.00000000000000000000e+00 
layer_sizes=9 4 2 
scale_included=0
neurons (num_inputs, activation_function, activation_steepness)=(0, 0, 0.00000000000000000000e+00) (0, 0, 0.00000000000000000000e+00) (0, 0, 0.00000000000000000000e+00) (0, 0, 0.00000000000000000000e+00) (0, 0, 0.00000000000000000000e+00) (0, 0, 0.00000000000000000000e+00) (0, 0, 0.00000000000000000000e+00) (0, 0, 0.00000000000000000000e+00) (0, 0, 0.00000000000000000000e+00) (9, 6, 5.00000000000000000000e-01) (9, 6, 5.00000000000000000000e-01) (9, 6, 5.00000000000000000000e-01) (0, 6, 0.00000000000000000000e+00) (4, 4, 5.00000000000000000000e-01) (0, 4, 0.00000000000000000000e+00) 
connections (connected_to_neuron, weight)=(0, -2.78502903484954700275e+00) (1, 1.84388910203837141921e+00) (2, 1.93180141694967844046e+00) (3, -1.39425657663721036528e+00) (4, -1.43033287648338269804e+00) (5, -2.82544092067732677265e+00) (6, -7.26674042876366166333e-01) (7, -2.71549875640525684162e+00) (8, -1.70832745773216582164e-01) (0, -2.71054778599395618244e+00) (1, 1.76314294308089003493e+00) (2, 1.93610408999149896658e+00) (3, -6.02708485814056893481e-01) (4, -2.88428865166045245161e+00) (5, -2.78113035463943347736e+00) (6, -5.86439716423707069204e-01) (7, -2.82022150957240924640e+00) (8, -2.76237890166660615687e-01) (0, 2.37684301930504249256e+00) (1, -2.04568522798295671095e+00) (2, -2.82996112166384605757e+00) (3, 1.78072930045978949920e+00) (4, 1.89699956693308280364e+00) (5, 1.35044109385098010101e+00) (6, 1.63195005051436980992e+00) (7, 1.42576843249391882473e+00) (8, 1.35143891634171331440e+00) (9, 3.58759675330703409202e+00) (10, 3.06154437551518388005e+00) (11, -7.70159604926458829510e+00) (12, -4.85677288433370213383e-01) 
