FANN_FLO_2.1
num_layers=3
learning_rate=0.700000
connection_rate=1.000000
network_type=0
learning_momentum=0.000000
training_algorithm=2
train_error_function=1
train_stop_function=1
cascade_output_change_fraction=0.010000
quickprop_decay=-0.000100
quickprop_mu=1.750000
rprop_increase_factor=1.200000
rprop_decrease_factor=0.500000
rprop_delta_min=0.000000
rprop_delta_max=50.000000
rprop_delta_zero=0.100000
cascade_output_stagnation_epochs=12
cascade_candidate_change_fraction=0.010000
cascade_candidate_stagnation_epochs=12
cascade_max_out_epochs=150
cascade_min_out_epochs=50
cascade_max_cand_epochs=150
cascade_min_cand_epochs=50
cascade_num_candidate_groups=2
bit_fail_limit=1.00000000000000005551e-01
cascade_candidate_limit=1.00000000000000000000e+03
cascade_weight_multiplier=4.00000000000000022204e-01
cascade_activation_functions_count=10
cascade_activation_functions=3 5 7 8 10 11 14 15 16 17 
cascade_activation_steepnesses_count=4
cascade_activation_steepnesses=2.50000000000000000000e-01 5.00000000000000000000e-01 7.50000000000000000000e-01 1.00000000000000000000e+00 
layer_sizes=11 4 2 
scale_included=0
neurons (num_inputs, activation_function, activation_steepness)=(0, 0, 0.00000000000000000000e+00) (0, 0, 0.00000000000000000000e+00) (0, 0, 0.00000000000000000000e+00) (0, 0, 0.00000000000000000000e+00) (0, 0, 0.00000000000000000000e+00) (0, 0, 0.00000000000000000000e+00) (0, 0, 0.00000000000000000000e+00) (0, 0, 0.00000000000000000000e+00) (0, 0, 0.00000000000000000000e+00) (0, 0, 0.00000000000000000000e+00) (0, 0, 0.00000000000000000000e+00) (11, 6, 5.00000000000000000000e-01) (11, 6, 5.00000000000000000000e-01) (11, 6, 5.00000000000000000000e-01) (0, 6, 0.00000000000000000000e+00) (4, 4, 5.00000000000000000000e-01) (0, 4, 0.00000000000000000000e+00) 
connections (connected_to_neuron, weight)=(0, 1.01338727274819317969e+00) (1, -1.20110755293276150191e+00) (2, 2.25009663928623343532e-01) (3, -6.14402252098200873931e-01) (4, 1.38028419600156715408e-01) (5, 4.13996284621923893443e-01) (6, 3.67851881010140435713e-01) (7, -1.44302465840494686944e+00) (8, -1.28508627257508400987e+00) (9, 1.00124901861641601997e+00) (10, 9.95153571161470074102e-01) (0, -3.31958780034444955742e-01) (1, 3.62454732712002902772e-01) (2, 1.51091802794858842685e-01) (3, 3.93910989708414926991e-01) (4, 1.34174977019949515089e-01) (5, 1.81590468304220764573e-01) (6, 1.60337735489531119093e-01) (7, 1.76107250157881822794e+00) (8, 1.32667794536387795290e+00) (9, 1.14945893345179503409e-01) (10, 5.33189516378329148028e-02) (0, -6.01336208567720209572e+00) (1, 3.73151518914958657547e+00) (2, 1.57180006333397903617e+00) (3, 5.05022640019411195311e+00) (4, 7.89625944542557189898e-01) (5, -1.60509452074045011472e+00) (6, 1.39069027940315215197e+00) (7, 4.20539344736440146022e+00) (8, 4.59986304671906864883e+00) (9, -1.58253258149370035213e+00) (10, -4.22283718921364670251e+00) (11, -6.61961276508360363380e+00) (12, 4.38673699639572090003e-01) (13, 8.22242478677624255567e+00) (14, -1.20625190044125907285e+00) 
