FANN_FLO_2.1
num_layers=3
learning_rate=0.700000
connection_rate=1.000000
network_type=0
learning_momentum=0.000000
training_algorithm=2
train_error_function=1
train_stop_function=1
cascade_output_change_fraction=0.010000
quickprop_decay=-0.000100
quickprop_mu=1.750000
rprop_increase_factor=1.200000
rprop_decrease_factor=0.500000
rprop_delta_min=0.000000
rprop_delta_max=50.000000
rprop_delta_zero=0.100000
cascade_output_stagnation_epochs=12
cascade_candidate_change_fraction=0.010000
cascade_candidate_stagnation_epochs=12
cascade_max_out_epochs=150
cascade_min_out_epochs=50
cascade_max_cand_epochs=150
cascade_min_cand_epochs=50
cascade_num_candidate_groups=2
bit_fail_limit=1.00000000000000005551e-01
cascade_candidate_limit=1.00000000000000000000e+03
cascade_weight_multiplier=4.00000000000000022204e-01
cascade_activation_functions_count=10
cascade_activation_functions=3 5 7 8 10 11 14 15 16 17 
cascade_activation_steepnesses_count=4
cascade_activation_steepnesses=2.50000000000000000000e-01 5.00000000000000000000e-01 7.50000000000000000000e-01 1.00000000000000000000e+00 
layer_sizes=11 4 2 
scale_included=0
neurons (num_inputs, activation_function, activation_steepness)=(0, 0, 0.00000000000000000000e+00) (0, 0, 0.00000000000000000000e+00) (0, 0, 0.00000000000000000000e+00) (0, 0, 0.00000000000000000000e+00) (0, 0, 0.00000000000000000000e+00) (0, 0, 0.00000000000000000000e+00) (0, 0, 0.00000000000000000000e+00) (0, 0, 0.00000000000000000000e+00) (0, 0, 0.00000000000000000000e+00) (0, 0, 0.00000000000000000000e+00) (0, 0, 0.00000000000000000000e+00) (11, 6, 5.00000000000000000000e-01) (11, 6, 5.00000000000000000000e-01) (11, 6, 5.00000000000000000000e-01) (0, 6, 0.00000000000000000000e+00) (4, 4, 5.00000000000000000000e-01) (0, 4, 0.00000000000000000000e+00) 
connections (connected_to_neuron, weight)=(0, -6.43649919556232408269e+00) (1, 6.24438976967476211399e+00) (2, 1.24978243929260024458e+00) (3, 6.56657917118094225373e+00) (4, -1.39062418202077070495e-01) (5, -8.08866925919208390461e-01) (6, -1.15024290867591597043e-01) (7, 6.65110434878058498498e+00) (8, 6.49237644389729506855e+00) (9, 1.44570535259220048219e-02) (10, -6.47692890690418199284e+00) (0, 8.62537726978502394815e-01) (1, -6.64987520083819783068e-01) (2, -1.01948969333980232754e-01) (3, -1.31902096389214218419e+00) (4, 1.45648779651868481855e-01) (5, 2.71844858640223452362e-01) (6, 2.59397635540712101498e-01) (7, -1.75122000118112963740e+00) (8, -1.55771722206549645406e+00) (9, 4.13920929157886141603e-01) (10, 7.69412964801035048623e-01) (0, 9.01705645243368270059e-01) (1, -5.76290533646975799975e-01) (2, -1.27242550521705299893e-01) (3, -1.28753229944388092321e+00) (4, 1.79896207830655768811e-01) (5, 1.43998282366782054398e-01) (6, 2.01339567384469703137e-01) (7, -1.66700908382750001557e+00) (8, -1.67564820432739214340e+00) (9, 3.24445403481023464387e-01) (10, 7.38664290021246117135e-01) (11, 7.76115948919030351760e+00) (12, -1.38181778272901634175e+00) (13, -1.48232176575464347223e+00) (14, -1.40062680074288414822e+00) 
