FANN_FLO_2.1
num_layers=3
learning_rate=0.700000
connection_rate=1.000000
network_type=0
learning_momentum=0.000000
training_algorithm=2
train_error_function=1
train_stop_function=1
cascade_output_change_fraction=0.010000
quickprop_decay=-0.000100
quickprop_mu=1.750000
rprop_increase_factor=1.200000
rprop_decrease_factor=0.500000
rprop_delta_min=0.000000
rprop_delta_max=50.000000
rprop_delta_zero=0.100000
cascade_output_stagnation_epochs=12
cascade_candidate_change_fraction=0.010000
cascade_candidate_stagnation_epochs=12
cascade_max_out_epochs=150
cascade_min_out_epochs=50
cascade_max_cand_epochs=150
cascade_min_cand_epochs=50
cascade_num_candidate_groups=2
bit_fail_limit=1.00000000000000005551e-01
cascade_candidate_limit=1.00000000000000000000e+03
cascade_weight_multiplier=4.00000000000000022204e-01
cascade_activation_functions_count=10
cascade_activation_functions=3 5 7 8 10 11 14 15 16 17 
cascade_activation_steepnesses_count=4
cascade_activation_steepnesses=2.50000000000000000000e-01 5.00000000000000000000e-01 7.50000000000000000000e-01 1.00000000000000000000e+00 
layer_sizes=14 4 2 
scale_included=0
neurons (num_inputs, activation_function, activation_steepness)=(0, 0, 0.00000000000000000000e+00) (0, 0, 0.00000000000000000000e+00) (0, 0, 0.00000000000000000000e+00) (0, 0, 0.00000000000000000000e+00) (0, 0, 0.00000000000000000000e+00) (0, 0, 0.00000000000000000000e+00) (0, 0, 0.00000000000000000000e+00) (0, 0, 0.00000000000000000000e+00) (0, 0, 0.00000000000000000000e+00) (0, 0, 0.00000000000000000000e+00) (0, 0, 0.00000000000000000000e+00) (0, 0, 0.00000000000000000000e+00) (0, 0, 0.00000000000000000000e+00) (0, 0, 0.00000000000000000000e+00) (14, 6, 5.00000000000000000000e-01) (14, 6, 5.00000000000000000000e-01) (14, 6, 5.00000000000000000000e-01) (0, 6, 0.00000000000000000000e+00) (4, 4, 5.00000000000000000000e-01) (0, 4, 0.00000000000000000000e+00) 
connections (connected_to_neuron, weight)=(0, -2.02015662471968537872e+00) (1, 1.42232790775256634497e+00) (2, 2.52677878611785322605e+00) (3, -5.85849861546255193390e-02) (4, -4.73051612322232983843e+00) (5, 7.46809024234949658805e-01) (6, 1.33137933303669897533e+00) (7, 9.26146436655660210135e-01) (8, 6.70938304031029275620e-01) (9, -1.43983437318603441080e-01) (10, 1.36194680047787702870e-01) (11, 1.42901844140061184962e-01) (12, -3.22604329319438776214e-01) (13, -1.26766525379656003203e+00) (0, 2.05175874759778764655e+00) (1, -2.30878165075860719568e+00) (2, -3.68144486367900025670e+00) (3, 1.03789427310173154595e+00) (4, 3.63130374875888684016e+00) (5, -1.01469780221368366391e+00) (6, -3.88403337730463693589e+00) (7, -1.58490796010057510834e+00) (8, -7.12249694333741412144e-01) (9, -6.84341607557008013707e-01) (10, -6.64426150336476895042e-01) (11, 2.04361798065639721500e+00) (12, 3.49283682609736878533e+00) (13, 1.70352255162677646005e+00) (0, -3.63733234775155311880e+00) (1, 6.70620549589569181492e-01) (2, 4.05066653145974620021e-01) (3, 2.10406485191464154294e-01) (4, -8.71158991844967145468e-01) (5, 8.05309661330082970920e-01) (6, 9.29616579774744655751e-01) (7, 2.40174407797676492393e+00) (8, 1.45641282701484964246e-01) (9, -8.85535205463123392677e-02) (10, 3.52223104899407057911e-02) (11, -1.81832332232530452520e-01) (12, -8.85406961224642352626e-01) (13, -6.61563823051666166641e-01) (14, 5.65087216691293559023e+00) (15, -2.75340732307599651563e+01) (16, 6.71502810183162157642e-01) (17, -7.51785269553419510657e-01) 
