FANN_FLO_2.1
num_layers=3
learning_rate=0.700000
connection_rate=1.000000
network_type=0
learning_momentum=0.000000
training_algorithm=2
train_error_function=1
train_stop_function=1
cascade_output_change_fraction=0.010000
quickprop_decay=-0.000100
quickprop_mu=1.750000
rprop_increase_factor=1.200000
rprop_decrease_factor=0.500000
rprop_delta_min=0.000000
rprop_delta_max=50.000000
rprop_delta_zero=0.100000
cascade_output_stagnation_epochs=12
cascade_candidate_change_fraction=0.010000
cascade_candidate_stagnation_epochs=12
cascade_max_out_epochs=150
cascade_min_out_epochs=50
cascade_max_cand_epochs=150
cascade_min_cand_epochs=50
cascade_num_candidate_groups=2
bit_fail_limit=1.00000000000000005551e-01
cascade_candidate_limit=1.00000000000000000000e+03
cascade_weight_multiplier=4.00000000000000022204e-01
cascade_activation_functions_count=10
cascade_activation_functions=3 5 7 8 10 11 14 15 16 17 
cascade_activation_steepnesses_count=4
cascade_activation_steepnesses=2.50000000000000000000e-01 5.00000000000000000000e-01 7.50000000000000000000e-01 1.00000000000000000000e+00 
layer_sizes=11 4 2 
scale_included=0
neurons (num_inputs, activation_function, activation_steepness)=(0, 0, 0.00000000000000000000e+00) (0, 0, 0.00000000000000000000e+00) (0, 0, 0.00000000000000000000e+00) (0, 0, 0.00000000000000000000e+00) (0, 0, 0.00000000000000000000e+00) (0, 0, 0.00000000000000000000e+00) (0, 0, 0.00000000000000000000e+00) (0, 0, 0.00000000000000000000e+00) (0, 0, 0.00000000000000000000e+00) (0, 0, 0.00000000000000000000e+00) (0, 0, 0.00000000000000000000e+00) (11, 6, 5.00000000000000000000e-01) (11, 6, 5.00000000000000000000e-01) (11, 6, 5.00000000000000000000e-01) (0, 6, 0.00000000000000000000e+00) (4, 4, 5.00000000000000000000e-01) (0, 4, 0.00000000000000000000e+00) 
connections (connected_to_neuron, weight)=(0, -3.18657565422139743561e+00) (1, 1.66964583668384247694e+00) (2, 1.08290987151696271873e+00) (3, 1.03913295050399634434e+00) (4, 9.92468336273601980935e-01) (5, 1.01258992185132834507e+00) (6, 1.11343249459998938633e+00) (7, 1.64104520456496483227e+00) (8, 1.36281519562376418619e+00) (9, 1.48745373037522887749e+00) (10, -1.43219982202729201326e+00) (0, -2.86475658998246363041e+00) (1, 9.33442840207160173804e-01) (2, 1.35405098019673530985e+00) (3, 1.09356765645504627749e+00) (4, 1.23365925461786218875e+00) (5, 1.06750109988213215395e+00) (6, 6.57975601386154962391e-01) (7, 9.17481556310350110373e-01) (8, 3.58236746232499569942e-01) (9, 1.82359497513381230149e+00) (10, -4.43641132164030727036e-01) (0, -2.71227732763047324482e+00) (1, 1.43740007003529224328e+00) (2, 1.11497248693062722680e+00) (3, 7.47728443231371331379e-01) (4, 1.13534134701745692553e+00) (5, 8.10891790773657250568e-01) (6, 3.80548111726744020533e-01) (7, 1.03970380676000795361e+00) (8, 4.92275139450962018195e-01) (9, 1.55946727227297765594e+00) (10, -4.94805370616942463702e-01) (11, 1.18830843278610700509e+01) (12, 7.80899127922739078045e-01) (13, 2.93158763844496217388e+00) (14, -3.06324646802380629040e+00) 
