FANN_FLO_2.1
num_layers=3
learning_rate=0.700000
connection_rate=1.000000
network_type=0
learning_momentum=0.000000
training_algorithm=2
train_error_function=1
train_stop_function=1
cascade_output_change_fraction=0.010000
quickprop_decay=-0.000100
quickprop_mu=1.750000
rprop_increase_factor=1.200000
rprop_decrease_factor=0.500000
rprop_delta_min=0.000000
rprop_delta_max=50.000000
rprop_delta_zero=0.100000
cascade_output_stagnation_epochs=12
cascade_candidate_change_fraction=0.010000
cascade_candidate_stagnation_epochs=12
cascade_max_out_epochs=150
cascade_min_out_epochs=50
cascade_max_cand_epochs=150
cascade_min_cand_epochs=50
cascade_num_candidate_groups=2
bit_fail_limit=1.00000000000000005551e-01
cascade_candidate_limit=1.00000000000000000000e+03
cascade_weight_multiplier=4.00000000000000022204e-01
cascade_activation_functions_count=10
cascade_activation_functions=3 5 7 8 10 11 14 15 16 17 
cascade_activation_steepnesses_count=4
cascade_activation_steepnesses=2.50000000000000000000e-01 5.00000000000000000000e-01 7.50000000000000000000e-01 1.00000000000000000000e+00 
layer_sizes=9 4 2 
scale_included=0
neurons (num_inputs, activation_function, activation_steepness)=(0, 0, 0.00000000000000000000e+00) (0, 0, 0.00000000000000000000e+00) (0, 0, 0.00000000000000000000e+00) (0, 0, 0.00000000000000000000e+00) (0, 0, 0.00000000000000000000e+00) (0, 0, 0.00000000000000000000e+00) (0, 0, 0.00000000000000000000e+00) (0, 0, 0.00000000000000000000e+00) (0, 0, 0.00000000000000000000e+00) (9, 6, 5.00000000000000000000e-01) (9, 6, 5.00000000000000000000e-01) (9, 6, 5.00000000000000000000e-01) (0, 6, 0.00000000000000000000e+00) (4, 4, 5.00000000000000000000e-01) (0, 4, 0.00000000000000000000e+00) 
connections (connected_to_neuron, weight)=(0, -3.27481168917702980536e+00) (1, 2.28646508384545832371e+00) (2, 2.79995515523890858844e+00) (3, 9.11772731450015583299e-01) (4, 6.73260465035388278032e-01) (5, -5.98383925846083797317e-01) (6, -1.21559864645594678523e-01) (7, 1.05595928348738610225e+00) (8, -2.62351219616936770507e+00) (0, 1.13758502613820300375e+00) (1, -1.31104411960986189101e+00) (2, -8.04712871956214104152e-01) (3, 2.35856074028519935304e-01) (4, 2.14989256171401132978e-01) (5, -1.80502140825648138556e-01) (6, 5.32955675015747767920e-02) (7, -1.98859192570633863673e-01) (8, 7.27323376362618900792e-01) (0, 6.75651416898268464273e-01) (1, -1.43517869598146896593e+00) (2, -6.37355795538473990369e-01) (3, 1.08516348004985288545e-01) (4, 2.07092293619399493709e-02) (5, -1.36551308808269850070e-01) (6, -1.45635677346266340093e-01) (7, -1.69239810083293779064e-01) (8, 7.58994401217001679605e-01) (9, 7.68370389345699500439e+00) (10, -4.48126186404279014397e+00) (11, -7.12215810320242770359e+00) (12, -3.28487338054223076966e+00) 
