FANN_FLO_2.1
num_layers=3
learning_rate=0.700000
connection_rate=1.000000
network_type=0
learning_momentum=0.000000
training_algorithm=2
train_error_function=1
train_stop_function=1
cascade_output_change_fraction=0.010000
quickprop_decay=-0.000100
quickprop_mu=1.750000
rprop_increase_factor=1.200000
rprop_decrease_factor=0.500000
rprop_delta_min=0.000000
rprop_delta_max=50.000000
rprop_delta_zero=0.100000
cascade_output_stagnation_epochs=12
cascade_candidate_change_fraction=0.010000
cascade_candidate_stagnation_epochs=12
cascade_max_out_epochs=150
cascade_min_out_epochs=50
cascade_max_cand_epochs=150
cascade_min_cand_epochs=50
cascade_num_candidate_groups=2
bit_fail_limit=1.00000000000000005551e-01
cascade_candidate_limit=1.00000000000000000000e+03
cascade_weight_multiplier=4.00000000000000022204e-01
cascade_activation_functions_count=10
cascade_activation_functions=3 5 7 8 10 11 14 15 16 17 
cascade_activation_steepnesses_count=4
cascade_activation_steepnesses=2.50000000000000000000e-01 5.00000000000000000000e-01 7.50000000000000000000e-01 1.00000000000000000000e+00 
layer_sizes=15 4 2 
scale_included=0
neurons (num_inputs, activation_function, activation_steepness)=(0, 0, 0.00000000000000000000e+00) (0, 0, 0.00000000000000000000e+00) (0, 0, 0.00000000000000000000e+00) (0, 0, 0.00000000000000000000e+00) (0, 0, 0.00000000000000000000e+00) (0, 0, 0.00000000000000000000e+00) (0, 0, 0.00000000000000000000e+00) (0, 0, 0.00000000000000000000e+00) (0, 0, 0.00000000000000000000e+00) (0, 0, 0.00000000000000000000e+00) (0, 0, 0.00000000000000000000e+00) (0, 0, 0.00000000000000000000e+00) (0, 0, 0.00000000000000000000e+00) (0, 0, 0.00000000000000000000e+00) (0, 0, 0.00000000000000000000e+00) (15, 6, 5.00000000000000000000e-01) (15, 6, 5.00000000000000000000e-01) (15, 6, 5.00000000000000000000e-01) (0, 6, 0.00000000000000000000e+00) (4, 4, 5.00000000000000000000e-01) (0, 4, 0.00000000000000000000e+00) 
connections (connected_to_neuron, weight)=(0, -2.77652920678791392817e+00) (1, 5.66642678612417127759e-01) (2, 4.99390591360580171632e-01) (3, 3.84015010730275663242e-01) (4, 2.82592597154625757572e-01) (5, 4.33747169144767186211e-01) (6, 5.27830128359425221340e-01) (7, 7.98855011718502372453e-01) (8, 3.58988564886104311036e-01) (9, 2.61485176994351919966e-01) (10, 8.70892967676349660788e-02) (11, 1.79529550387410696821e-01) (12, 1.10291202218536597002e+01) (13, 2.71237808181790884809e-01) (14, -3.53843937602656422037e-01) (0, -1.11389647951180714713e+00) (1, 2.05020685291843252074e-01) (2, 4.14504393709383966993e-01) (3, 2.63583641813800340081e-01) (4, 5.39025054788650620496e-02) (5, 1.39001058398882104683e+00) (6, 3.16403636802107257608e-01) (7, 4.02091258829808506636e-01) (8, 2.45367031858966466729e-01) (9, 1.43829163513541719022e-01) (10, 2.04192118153930457503e-01) (11, 1.22192409239173405133e-01) (12, 4.58959149193024629199e+00) (13, 1.75221156678557893338e-01) (14, -6.38123641793850282511e-01) (0, -7.17687506502109684448e+00) (1, 1.71340796499814684850e+00) (2, 1.07051433359526360078e+00) (3, 2.82203012579555712058e-01) (4, 3.95814062529678545310e-01) (5, -5.42646133124305221629e-02) (6, 1.72049352053682946817e+00) (7, 1.00388686404683702413e+00) (8, 2.63753870004291735007e-01) (9, 2.59012258881558654622e-01) (10, -6.23571128659869966526e-01) (11, 1.07045559140668961051e-01) (12, 2.69749340342805119519e+01) (13, 3.17711762422551391438e-01) (14, -8.04836235711693714912e-01) (15, 1.59910624424527325615e+00) (16, 1.52592066081382915499e+00) (17, 2.70132082777545186048e+01) (18, -8.45370843777775715644e-01) 
