FANN_FLO_2.1
num_layers=3
learning_rate=0.700000
connection_rate=1.000000
network_type=0
learning_momentum=0.000000
training_algorithm=2
train_error_function=1
train_stop_function=1
cascade_output_change_fraction=0.010000
quickprop_decay=-0.000100
quickprop_mu=1.750000
rprop_increase_factor=1.200000
rprop_decrease_factor=0.500000
rprop_delta_min=0.000000
rprop_delta_max=50.000000
rprop_delta_zero=0.100000
cascade_output_stagnation_epochs=12
cascade_candidate_change_fraction=0.010000
cascade_candidate_stagnation_epochs=12
cascade_max_out_epochs=150
cascade_min_out_epochs=50
cascade_max_cand_epochs=150
cascade_min_cand_epochs=50
cascade_num_candidate_groups=2
bit_fail_limit=1.00000000000000005551e-01
cascade_candidate_limit=1.00000000000000000000e+03
cascade_weight_multiplier=4.00000000000000022204e-01
cascade_activation_functions_count=10
cascade_activation_functions=3 5 7 8 10 11 14 15 16 17 
cascade_activation_steepnesses_count=4
cascade_activation_steepnesses=2.50000000000000000000e-01 5.00000000000000000000e-01 7.50000000000000000000e-01 1.00000000000000000000e+00 
layer_sizes=9 4 2 
scale_included=0
neurons (num_inputs, activation_function, activation_steepness)=(0, 0, 0.00000000000000000000e+00) (0, 0, 0.00000000000000000000e+00) (0, 0, 0.00000000000000000000e+00) (0, 0, 0.00000000000000000000e+00) (0, 0, 0.00000000000000000000e+00) (0, 0, 0.00000000000000000000e+00) (0, 0, 0.00000000000000000000e+00) (0, 0, 0.00000000000000000000e+00) (0, 0, 0.00000000000000000000e+00) (9, 6, 5.00000000000000000000e-01) (9, 6, 5.00000000000000000000e-01) (9, 6, 5.00000000000000000000e-01) (0, 6, 0.00000000000000000000e+00) (4, 4, 5.00000000000000000000e-01) (0, 4, 0.00000000000000000000e+00) 
connections (connected_to_neuron, weight)=(0, 1.92114324925725388216e-01) (1, 2.23722400043345481802e-01) (2, 7.64843439222492593732e-02) (3, 2.01329183250686438722e-01) (4, 1.14201864484095041985e-01) (5, 5.49223742218250821079e-02) (6, 1.45607641223215567017e-01) (7, 1.57952016475939260864e-01) (8, -2.89602134752759352021e-02) (0, 9.26914529623294902727e-01) (1, -2.65164572740440673826e+00) (2, -5.86913590581938995894e-02) (3, 4.61358046751455197487e-01) (4, 9.31339667858387065813e-01) (5, 8.54308651508594585344e-01) (6, 8.32413719715381694719e-01) (7, 8.88727107764984203264e-01) (8, 1.30034858422602228600e+00) (0, 1.00774065566232295943e+00) (1, -2.80274367327337570188e+00) (2, 4.22264337693946223418e-01) (3, 2.03626753120905057415e-01) (4, 8.23851065458561016008e-01) (5, 9.86107224346901012346e-01) (6, 8.27946798624301982805e-01) (7, 9.99694639565254283831e-01) (8, 1.26905182438219599206e+00) (9, 1.29036495407367446386e-01) (10, -2.11020991675779523433e+00) (11, -1.05435380286738844546e+01) (12, -6.28471328381024929577e-01) 
