FANN_FLO_2.1
num_layers=3
learning_rate=0.700000
connection_rate=1.000000
network_type=0
learning_momentum=0.000000
training_algorithm=2
train_error_function=1
train_stop_function=1
cascade_output_change_fraction=0.010000
quickprop_decay=-0.000100
quickprop_mu=1.750000
rprop_increase_factor=1.200000
rprop_decrease_factor=0.500000
rprop_delta_min=0.000000
rprop_delta_max=50.000000
rprop_delta_zero=0.100000
cascade_output_stagnation_epochs=12
cascade_candidate_change_fraction=0.010000
cascade_candidate_stagnation_epochs=12
cascade_max_out_epochs=150
cascade_min_out_epochs=50
cascade_max_cand_epochs=150
cascade_min_cand_epochs=50
cascade_num_candidate_groups=2
bit_fail_limit=1.00000000000000005551e-01
cascade_candidate_limit=1.00000000000000000000e+03
cascade_weight_multiplier=4.00000000000000022204e-01
cascade_activation_functions_count=10
cascade_activation_functions=3 5 7 8 10 11 14 15 16 17 
cascade_activation_steepnesses_count=4
cascade_activation_steepnesses=2.50000000000000000000e-01 5.00000000000000000000e-01 7.50000000000000000000e-01 1.00000000000000000000e+00 
layer_sizes=15 4 2 
scale_included=0
neurons (num_inputs, activation_function, activation_steepness)=(0, 0, 0.00000000000000000000e+00) (0, 0, 0.00000000000000000000e+00) (0, 0, 0.00000000000000000000e+00) (0, 0, 0.00000000000000000000e+00) (0, 0, 0.00000000000000000000e+00) (0, 0, 0.00000000000000000000e+00) (0, 0, 0.00000000000000000000e+00) (0, 0, 0.00000000000000000000e+00) (0, 0, 0.00000000000000000000e+00) (0, 0, 0.00000000000000000000e+00) (0, 0, 0.00000000000000000000e+00) (0, 0, 0.00000000000000000000e+00) (0, 0, 0.00000000000000000000e+00) (0, 0, 0.00000000000000000000e+00) (0, 0, 0.00000000000000000000e+00) (15, 6, 5.00000000000000000000e-01) (15, 6, 5.00000000000000000000e-01) (15, 6, 5.00000000000000000000e-01) (0, 6, 0.00000000000000000000e+00) (4, 4, 5.00000000000000000000e-01) (0, 4, 0.00000000000000000000e+00) 
connections (connected_to_neuron, weight)=(0, -5.82687783797025815602e+00) (1, 2.63765573340392656121e+00) (2, 6.65364811542271228362e-01) (3, 1.60243886938495649908e+00) (4, 5.83104997320798457139e-01) (5, 2.16874707745730743724e+00) (6, -2.98858371837291969531e-02) (7, 2.23445944621572945010e+00) (8, 1.59255591629743098459e+00) (9, 2.67930061661238338999e+00) (10, 3.85082752732912725335e+00) (11, 6.40641763982919165699e-01) (12, -5.92097570351651558695e-01) (13, -2.30741874849895667321e-01) (14, -2.59379191224902427848e+00) (0, -5.35141433859024906461e-01) (1, 9.05612582805359389582e-01) (2, -1.53331447941159104698e-01) (3, 9.52234663676027603962e-01) (4, 1.00422818029637581083e-02) (5, 5.39317273689346454724e-01) (6, -1.66469202125947818294e-01) (7, 2.69970751398811881216e+00) (8, 6.16894350737474006507e-01) (9, 8.27817991921411366896e-01) (10, 1.86519996348032246480e+00) (11, 5.70724432787268698419e-01) (12, -3.66791206884599929605e-01) (13, -5.04033241093740813632e-01) (14, -5.99482092344914341275e-01) (0, -3.39450737529986934504e+00) (1, 2.15813256742142556277e+00) (2, 7.16231549504040332366e-01) (3, 1.67319912692708983037e+00) (4, 5.05896099703551871407e-01) (5, 2.26107391181899197719e+00) (6, -1.51931741581693535714e-01) (7, 2.19509441539059135806e+00) (8, 2.08950028700680290328e+00) (9, 2.38926018193239553256e+00) (10, 1.60112048597106859660e+00) (11, 6.21186870107310995515e-01) (12, 1.11549681209521822645e+00) (13, -1.04563496444109546579e-01) (14, -2.25539856424660589695e+00) (15, 6.24436660812073984772e+00) (16, 6.60576119460485000623e-01) (17, 1.33150627026239902762e+01) (18, -1.53543021735009532769e+00) 
