FANN_FLO_2.1
num_layers=3
learning_rate=0.700000
connection_rate=1.000000
network_type=0
learning_momentum=0.000000
training_algorithm=2
train_error_function=1
train_stop_function=1
cascade_output_change_fraction=0.010000
quickprop_decay=-0.000100
quickprop_mu=1.750000
rprop_increase_factor=1.200000
rprop_decrease_factor=0.500000
rprop_delta_min=0.000000
rprop_delta_max=50.000000
rprop_delta_zero=0.100000
cascade_output_stagnation_epochs=12
cascade_candidate_change_fraction=0.010000
cascade_candidate_stagnation_epochs=12
cascade_max_out_epochs=150
cascade_min_out_epochs=50
cascade_max_cand_epochs=150
cascade_min_cand_epochs=50
cascade_num_candidate_groups=2
bit_fail_limit=1.00000000000000005551e-01
cascade_candidate_limit=1.00000000000000000000e+03
cascade_weight_multiplier=4.00000000000000022204e-01
cascade_activation_functions_count=10
cascade_activation_functions=3 5 7 8 10 11 14 15 16 17 
cascade_activation_steepnesses_count=4
cascade_activation_steepnesses=2.50000000000000000000e-01 5.00000000000000000000e-01 7.50000000000000000000e-01 1.00000000000000000000e+00 
layer_sizes=9 4 2 
scale_included=0
neurons (num_inputs, activation_function, activation_steepness)=(0, 0, 0.00000000000000000000e+00) (0, 0, 0.00000000000000000000e+00) (0, 0, 0.00000000000000000000e+00) (0, 0, 0.00000000000000000000e+00) (0, 0, 0.00000000000000000000e+00) (0, 0, 0.00000000000000000000e+00) (0, 0, 0.00000000000000000000e+00) (0, 0, 0.00000000000000000000e+00) (0, 0, 0.00000000000000000000e+00) (9, 6, 5.00000000000000000000e-01) (9, 6, 5.00000000000000000000e-01) (9, 6, 5.00000000000000000000e-01) (0, 6, 0.00000000000000000000e+00) (4, 4, 5.00000000000000000000e-01) (0, 4, 0.00000000000000000000e+00) 
connections (connected_to_neuron, weight)=(0, 9.61317387857450134092e-01) (1, -2.67674876078241963384e+00) (2, 6.79144147068447723292e-01) (3, 6.49076181918965100515e-01) (4, 8.00656141601193249713e-01) (5, 8.57603220405021127171e-01) (6, 5.58697085667162807177e-01) (7, 7.36204060757266742776e-01) (8, 9.59221889712823516660e-01) (0, 8.27445139186765654671e-01) (1, -4.06787223492232508093e-01) (2, -3.36877791391079250971e+00) (3, -1.06969618049905706991e-01) (4, -5.59543315044754574483e-02) (5, 2.59575463353506286079e-01) (6, -3.60436054903553682038e-01) (7, 2.44808182075674535261e-01) (8, 4.69260534628714365279e-01) (0, 2.71056709679825900139e+01) (1, -1.56398365353430239821e+01) (2, -1.53322980812675062623e+01) (3, -6.34928481451295545490e-01) (4, -5.80955376646541288288e-01) (5, 5.44163217486256378663e+00) (6, -7.40758721800014563463e-01) (7, 2.93638932585604495173e+00) (8, 1.24264311967318850094e+01) (9, -1.69529062121584983558e+00) (10, -3.35812361345951382319e+00) (11, -3.37750300062158315129e+00) (12, -2.58992295215778423056e+00) 
