FANN_FLO_2.1
num_layers=3
learning_rate=0.700000
connection_rate=1.000000
network_type=0
learning_momentum=0.000000
training_algorithm=2
train_error_function=1
train_stop_function=1
cascade_output_change_fraction=0.010000
quickprop_decay=-0.000100
quickprop_mu=1.750000
rprop_increase_factor=1.200000
rprop_decrease_factor=0.500000
rprop_delta_min=0.000000
rprop_delta_max=50.000000
rprop_delta_zero=0.100000
cascade_output_stagnation_epochs=12
cascade_candidate_change_fraction=0.010000
cascade_candidate_stagnation_epochs=12
cascade_max_out_epochs=150
cascade_min_out_epochs=50
cascade_max_cand_epochs=150
cascade_min_cand_epochs=50
cascade_num_candidate_groups=2
bit_fail_limit=1.00000000000000005551e-01
cascade_candidate_limit=1.00000000000000000000e+03
cascade_weight_multiplier=4.00000000000000022204e-01
cascade_activation_functions_count=10
cascade_activation_functions=3 5 7 8 10 11 14 15 16 17 
cascade_activation_steepnesses_count=4
cascade_activation_steepnesses=2.50000000000000000000e-01 5.00000000000000000000e-01 7.50000000000000000000e-01 1.00000000000000000000e+00 
layer_sizes=11 4 2 
scale_included=0
neurons (num_inputs, activation_function, activation_steepness)=(0, 0, 0.00000000000000000000e+00) (0, 0, 0.00000000000000000000e+00) (0, 0, 0.00000000000000000000e+00) (0, 0, 0.00000000000000000000e+00) (0, 0, 0.00000000000000000000e+00) (0, 0, 0.00000000000000000000e+00) (0, 0, 0.00000000000000000000e+00) (0, 0, 0.00000000000000000000e+00) (0, 0, 0.00000000000000000000e+00) (0, 0, 0.00000000000000000000e+00) (0, 0, 0.00000000000000000000e+00) (11, 6, 5.00000000000000000000e-01) (11, 6, 5.00000000000000000000e-01) (11, 6, 5.00000000000000000000e-01) (0, 6, 0.00000000000000000000e+00) (4, 4, 5.00000000000000000000e-01) (0, 4, 0.00000000000000000000e+00) 
connections (connected_to_neuron, weight)=(0, -1.27229116519120055706e+00) (1, 7.79101246331582730775e-01) (2, 2.18699332639934640454e+00) (3, -6.92737174091200058612e-01) (4, -1.70095939660138673055e+00) (5, -1.59288022393054529147e+00) (6, -3.60331408742591841055e-01) (7, -1.30861825903084594280e+00) (8, -8.85743639956150352610e-01) (9, -7.39434406963447754535e-01) (10, -1.35707649566092547477e-01) (0, -1.40630118955996352703e+00) (1, 7.65069374178300565248e-01) (2, 2.27213356957199241748e+00) (3, -6.84915964362482254657e-01) (4, -1.53868073695964380221e+00) (5, -1.57528619939155145602e+00) (6, -3.24148505989238722158e-01) (7, -1.25550619919922668011e+00) (8, -8.73167596350345687206e-01) (9, -6.80002276656488602313e-01) (10, -1.55598360277571734489e-01) (0, -5.24995965221951621515e+00) (1, 2.03780131210011816734e+00) (2, 1.97736582790376669294e+00) (3, -6.45096113496214096372e-01) (4, -9.83503959110194614368e-01) (5, -2.00134923320359980892e+00) (6, -4.64905723675290316610e-01) (7, -1.09041456511954937270e+00) (8, -2.40408681577536942342e+00) (9, -8.02675945275217239683e-01) (10, -5.72897742699627121610e-01) (11, 2.60683115467115866792e+00) (12, 2.62028041377350318086e+00) (13, 1.63049555640405081647e+01) (14, -1.64106170751573210431e+00) 
