FANN_FLO_2.1
num_layers=3
learning_rate=0.700000
connection_rate=1.000000
network_type=0
learning_momentum=0.000000
training_algorithm=2
train_error_function=1
train_stop_function=1
cascade_output_change_fraction=0.010000
quickprop_decay=-0.000100
quickprop_mu=1.750000
rprop_increase_factor=1.200000
rprop_decrease_factor=0.500000
rprop_delta_min=0.000000
rprop_delta_max=50.000000
rprop_delta_zero=0.100000
cascade_output_stagnation_epochs=12
cascade_candidate_change_fraction=0.010000
cascade_candidate_stagnation_epochs=12
cascade_max_out_epochs=150
cascade_min_out_epochs=50
cascade_max_cand_epochs=150
cascade_min_cand_epochs=50
cascade_num_candidate_groups=2
bit_fail_limit=1.00000000000000005551e-01
cascade_candidate_limit=1.00000000000000000000e+03
cascade_weight_multiplier=4.00000000000000022204e-01
cascade_activation_functions_count=10
cascade_activation_functions=3 5 7 8 10 11 14 15 16 17 
cascade_activation_steepnesses_count=4
cascade_activation_steepnesses=2.50000000000000000000e-01 5.00000000000000000000e-01 7.50000000000000000000e-01 1.00000000000000000000e+00 
layer_sizes=15 4 2 
scale_included=0
neurons (num_inputs, activation_function, activation_steepness)=(0, 0, 0.00000000000000000000e+00) (0, 0, 0.00000000000000000000e+00) (0, 0, 0.00000000000000000000e+00) (0, 0, 0.00000000000000000000e+00) (0, 0, 0.00000000000000000000e+00) (0, 0, 0.00000000000000000000e+00) (0, 0, 0.00000000000000000000e+00) (0, 0, 0.00000000000000000000e+00) (0, 0, 0.00000000000000000000e+00) (0, 0, 0.00000000000000000000e+00) (0, 0, 0.00000000000000000000e+00) (0, 0, 0.00000000000000000000e+00) (0, 0, 0.00000000000000000000e+00) (0, 0, 0.00000000000000000000e+00) (0, 0, 0.00000000000000000000e+00) (15, 6, 5.00000000000000000000e-01) (15, 6, 5.00000000000000000000e-01) (15, 6, 5.00000000000000000000e-01) (0, 6, 0.00000000000000000000e+00) (4, 4, 5.00000000000000000000e-01) (0, 4, 0.00000000000000000000e+00) 
connections (connected_to_neuron, weight)=(0, -7.49287203336184592928e+00) (1, 1.29403418169067463417e+00) (2, 1.20089298774378616663e+00) (3, 7.66754657832188768474e-02) (4, 7.94650005533109826672e-01) (5, 3.21610968878238367985e-01) (6, 2.72485362883130743938e-01) (7, 4.73072393092778931134e-01) (8, 1.96336220414595363781e-01) (9, 3.68302729299037512334e-01) (10, 4.18633129765956457646e-01) (11, -8.93661570295689711152e-01) (12, 1.15843981047051269861e+00) (13, 4.57432181670332616008e-01) (14, -5.97117342477619383878e-01) (0, -5.10073618345823742715e+00) (1, 3.74824711342998639907e+00) (2, 4.36096630677014984734e-01) (3, -8.81396944015056638122e-01) (4, 5.10699420524729830184e-01) (5, 5.40519855273856153488e-01) (6, 1.09196334443906750700e-02) (7, 9.33601138232270977291e-01) (8, -3.21951261860295212536e-01) (9, 5.25401830030573946395e-01) (10, 4.56268220506528821012e-02) (11, -7.78871314911872891784e-01) (12, 3.46377776428490768978e-01) (13, 5.26113147635970834770e-01) (14, -1.11184081411959412300e+00) (0, -7.56622871393387885774e+00) (1, 1.22874884173915921437e+00) (2, 1.19919896413462478968e+00) (3, 7.50765273582503500638e-02) (4, 7.24969836308370640943e-01) (5, 4.26020730605094488652e-01) (6, 2.27277609105626665631e-01) (7, 4.51940043124822388165e-01) (8, 1.70267905504660366223e-01) (9, 3.37872501780955958317e-01) (10, 3.78244083692996557744e-01) (11, -9.08168409511445173798e-01) (12, 1.15218488414662201258e+00) (13, 4.20739979579115574992e-01) (14, -5.60304198836862665800e-01) (15, 4.58450284458851697877e+00) (16, 6.76475658835660098589e+00) (17, 4.58236658431744459108e+00) (18, -1.85268955220522868466e+00) 
