FANN_FLO_2.1
num_layers=3
learning_rate=0.700000
connection_rate=1.000000
network_type=0
learning_momentum=0.000000
training_algorithm=2
train_error_function=1
train_stop_function=1
cascade_output_change_fraction=0.010000
quickprop_decay=-0.000100
quickprop_mu=1.750000
rprop_increase_factor=1.200000
rprop_decrease_factor=0.500000
rprop_delta_min=0.000000
rprop_delta_max=50.000000
rprop_delta_zero=0.100000
cascade_output_stagnation_epochs=12
cascade_candidate_change_fraction=0.010000
cascade_candidate_stagnation_epochs=12
cascade_max_out_epochs=150
cascade_min_out_epochs=50
cascade_max_cand_epochs=150
cascade_min_cand_epochs=50
cascade_num_candidate_groups=2
bit_fail_limit=1.00000000000000005551e-01
cascade_candidate_limit=1.00000000000000000000e+03
cascade_weight_multiplier=4.00000000000000022204e-01
cascade_activation_functions_count=10
cascade_activation_functions=3 5 7 8 10 11 14 15 16 17 
cascade_activation_steepnesses_count=4
cascade_activation_steepnesses=2.50000000000000000000e-01 5.00000000000000000000e-01 7.50000000000000000000e-01 1.00000000000000000000e+00 
layer_sizes=12 4 2 
scale_included=0
neurons (num_inputs, activation_function, activation_steepness)=(0, 0, 0.00000000000000000000e+00) (0, 0, 0.00000000000000000000e+00) (0, 0, 0.00000000000000000000e+00) (0, 0, 0.00000000000000000000e+00) (0, 0, 0.00000000000000000000e+00) (0, 0, 0.00000000000000000000e+00) (0, 0, 0.00000000000000000000e+00) (0, 0, 0.00000000000000000000e+00) (0, 0, 0.00000000000000000000e+00) (0, 0, 0.00000000000000000000e+00) (0, 0, 0.00000000000000000000e+00) (0, 0, 0.00000000000000000000e+00) (12, 6, 5.00000000000000000000e-01) (12, 6, 5.00000000000000000000e-01) (12, 6, 5.00000000000000000000e-01) (0, 6, 0.00000000000000000000e+00) (4, 4, 5.00000000000000000000e-01) (0, 4, 0.00000000000000000000e+00) 
connections (connected_to_neuron, weight)=(0, -1.65901111910582099718e+00) (1, 1.42967326263164040689e+00) (2, 2.16190430604481109711e+00) (3, -4.26633243225473857141e-01) (4, -1.09170313152183950933e+00) (5, 2.27495992609991226630e+00) (6, -1.37462563467526188710e+00) (7, -2.80168186814131574269e-02) (8, 3.90751109829210463431e-01) (9, 8.27958964877231418100e-01) (10, 1.42323561829561873182e+00) (11, -1.20449599229855541793e+00) (0, 1.68463289133881999327e+00) (1, -1.81983868309146457065e+00) (2, -2.45280720897172921369e+00) (3, 8.96864800744661350151e-01) (4, 1.65147244271375903679e+00) (5, -2.23330435866562471148e+00) (6, 1.54525186902205513562e+00) (7, -4.12118877615417600335e-01) (8, -1.71593909011271694709e+00) (9, -1.71207006914701087563e-01) (10, -4.73483413937181574216e-01) (11, 2.23100506908910833914e+00) (0, -1.11850069779576299922e+00) (1, 1.33616362581227776651e+00) (2, 2.19482995652222045990e+00) (3, -3.22641292316897032588e-01) (4, -1.08632061603178442510e+00) (5, 2.18196610042585525946e+00) (6, -1.39471633387112370350e+00) (7, 1.48874217650240447952e-01) (8, 5.44573945364020817195e-01) (9, 8.05325885437829791513e-01) (10, 1.55522068661684675916e+00) (11, -1.19363139920992855636e+00) (12, 1.33835254203608755574e+01) (13, -5.69631919548924070540e+00) (14, 6.08031628183096994889e+00) (15, -1.59311199056196306501e+00) 
