FANN_FLO_2.1
num_layers=3
learning_rate=0.700000
connection_rate=1.000000
network_type=0
learning_momentum=0.000000
training_algorithm=2
train_error_function=1
train_stop_function=1
cascade_output_change_fraction=0.010000
quickprop_decay=-0.000100
quickprop_mu=1.750000
rprop_increase_factor=1.200000
rprop_decrease_factor=0.500000
rprop_delta_min=0.000000
rprop_delta_max=50.000000
rprop_delta_zero=0.100000
cascade_output_stagnation_epochs=12
cascade_candidate_change_fraction=0.010000
cascade_candidate_stagnation_epochs=12
cascade_max_out_epochs=150
cascade_min_out_epochs=50
cascade_max_cand_epochs=150
cascade_min_cand_epochs=50
cascade_num_candidate_groups=2
bit_fail_limit=1.00000000000000005551e-01
cascade_candidate_limit=1.00000000000000000000e+03
cascade_weight_multiplier=4.00000000000000022204e-01
cascade_activation_functions_count=10
cascade_activation_functions=3 5 7 8 10 11 14 15 16 17 
cascade_activation_steepnesses_count=4
cascade_activation_steepnesses=2.50000000000000000000e-01 5.00000000000000000000e-01 7.50000000000000000000e-01 1.00000000000000000000e+00 
layer_sizes=17 4 2 
scale_included=0
neurons (num_inputs, activation_function, activation_steepness)=(0, 0, 0.00000000000000000000e+00) (0, 0, 0.00000000000000000000e+00) (0, 0, 0.00000000000000000000e+00) (0, 0, 0.00000000000000000000e+00) (0, 0, 0.00000000000000000000e+00) (0, 0, 0.00000000000000000000e+00) (0, 0, 0.00000000000000000000e+00) (0, 0, 0.00000000000000000000e+00) (0, 0, 0.00000000000000000000e+00) (0, 0, 0.00000000000000000000e+00) (0, 0, 0.00000000000000000000e+00) (0, 0, 0.00000000000000000000e+00) (0, 0, 0.00000000000000000000e+00) (0, 0, 0.00000000000000000000e+00) (0, 0, 0.00000000000000000000e+00) (0, 0, 0.00000000000000000000e+00) (0, 0, 0.00000000000000000000e+00) (17, 6, 5.00000000000000000000e-01) (17, 6, 5.00000000000000000000e-01) (17, 6, 5.00000000000000000000e-01) (0, 6, 0.00000000000000000000e+00) (4, 4, 5.00000000000000000000e-01) (0, 4, 0.00000000000000000000e+00) 
connections (connected_to_neuron, weight)=(0, -7.50660174935254698170e+00) (1, 1.60264950544868201021e+00) (2, -6.05928324243586935438e+00) (3, 1.56292150667329607927e+01) (4, 9.53434002063132224336e-01) (5, 4.20139246106828334604e+00) (6, 1.66341926060121370057e+00) (7, -6.18270912401277428216e+00) (8, 1.45394550332433230011e+01) (9, 4.23472067640332028304e+00) (10, 1.55609462460895358049e+01) (11, 1.79895225289007720804e+00) (12, 3.78575942072654525461e+00) (13, 1.65979063413541627625e+00) (14, 4.28192956791008594308e+00) (15, -6.07512358656686224379e+00) (16, -1.26294137134364298225e-01) (0, -1.25367319993756307639e+01) (1, 8.09586292148736674790e+00) (2, -3.75262150718433717955e+00) (3, -4.81036578071505904752e-01) (4, -5.34576692135625752833e-01) (5, 1.71771663140825370242e-01) (6, 8.03818001241592128281e+00) (7, -3.17225777577218970293e+00) (8, -6.05793055844695560452e-01) (9, 6.09898475491764013867e-01) (10, -4.55193632203927722735e-01) (11, -1.37718014859056681054e+00) (12, 1.88990396952636585670e-01) (13, 8.05016753838566501145e+00) (14, -3.03261607340511510356e-02) (15, -2.53711130441001797564e+00) (16, -5.89339441108599038088e-01) (0, -6.87798861387803928125e+00) (1, 7.21937508406876116140e+00) (2, -1.98259609881036769075e+00) (3, 1.41366341200862533078e+00) (4, 1.82293978459213801280e+00) (5, 6.62925732317903726454e+00) (6, 7.17005781355141191824e+00) (7, -9.01473033025452646916e-02) (8, 1.44355176525489392603e+00) (9, 5.14567997374175067904e+00) (10, 1.47188677874599105344e+00) (11, 2.37476959980594459765e+00) (12, 6.06200187261187206644e+00) (13, 7.21508757295845537527e+00) (14, 6.64292693320253579969e+00) (15, -2.04704799446457030854e+00) (16, -5.60660495696339822302e+00) (17, 2.79787524671712839464e+00) (18, 1.43014418179480884419e+00) (19, 3.88272963088285472111e+00) (20, -1.36005967727736165607e+00) 
