FANN_FLO_2.1
num_layers=3
learning_rate=0.700000
connection_rate=1.000000
network_type=0
learning_momentum=0.000000
training_algorithm=2
train_error_function=1
train_stop_function=1
cascade_output_change_fraction=0.010000
quickprop_decay=-0.000100
quickprop_mu=1.750000
rprop_increase_factor=1.200000
rprop_decrease_factor=0.500000
rprop_delta_min=0.000000
rprop_delta_max=50.000000
rprop_delta_zero=0.100000
cascade_output_stagnation_epochs=12
cascade_candidate_change_fraction=0.010000
cascade_candidate_stagnation_epochs=12
cascade_max_out_epochs=150
cascade_min_out_epochs=50
cascade_max_cand_epochs=150
cascade_min_cand_epochs=50
cascade_num_candidate_groups=2
bit_fail_limit=1.00000000000000005551e-01
cascade_candidate_limit=1.00000000000000000000e+03
cascade_weight_multiplier=4.00000000000000022204e-01
cascade_activation_functions_count=10
cascade_activation_functions=3 5 7 8 10 11 14 15 16 17 
cascade_activation_steepnesses_count=4
cascade_activation_steepnesses=2.50000000000000000000e-01 5.00000000000000000000e-01 7.50000000000000000000e-01 1.00000000000000000000e+00 
layer_sizes=10 4 2 
scale_included=0
neurons (num_inputs, activation_function, activation_steepness)=(0, 0, 0.00000000000000000000e+00) (0, 0, 0.00000000000000000000e+00) (0, 0, 0.00000000000000000000e+00) (0, 0, 0.00000000000000000000e+00) (0, 0, 0.00000000000000000000e+00) (0, 0, 0.00000000000000000000e+00) (0, 0, 0.00000000000000000000e+00) (0, 0, 0.00000000000000000000e+00) (0, 0, 0.00000000000000000000e+00) (0, 0, 0.00000000000000000000e+00) (10, 6, 5.00000000000000000000e-01) (10, 6, 5.00000000000000000000e-01) (10, 6, 5.00000000000000000000e-01) (0, 6, 0.00000000000000000000e+00) (4, 4, 5.00000000000000000000e-01) (0, 4, 0.00000000000000000000e+00) 
connections (connected_to_neuron, weight)=(0, -1.87681843829784034128e-01) (1, 8.37502798365439504735e-01) (2, -1.57305631190237904526e+00) (3, -1.50398464879026583230e-01) (4, -1.34989914399539312484e+00) (5, 3.44694621218397501128e-01) (6, 2.20747604301233690816e-01) (7, 6.87662481361830613125e-01) (8, 1.95029399095477651294e+00) (9, -9.38587192164529904304e-01) (0, 4.29464048264946551825e-01) (1, 1.27240312339957784005e+00) (2, 9.70048690632412613510e-01) (3, 4.31743976831792941606e-01) (4, 6.89136094776799157380e-01) (5, -4.64425941513542162031e-01) (6, 1.22247922943134797874e-02) (7, 1.26085450603658588697e+00) (8, 8.37971591415596628316e-01) (9, -7.72136815493589478976e-01) (0, 1.68742353014569279601e+00) (1, 1.43357552700537338453e+00) (2, 1.31662348520032268517e+00) (3, 7.34890515728842230736e-01) (4, 1.60113502587219591611e+00) (5, -9.44583047058018543396e-01) (6, -3.14978563485476703576e-01) (7, 1.43801468748725969071e+00) (8, 1.30569012636814552053e+00) (9, -1.94558545289858919602e+00) (10, 1.93453178769681932714e+00) (11, 2.11177957310696928772e+00) (12, 5.79793341845574730087e+01) (13, -3.48358455579454995288e+00) 
