FANN_FLO_2.1
num_layers=3
learning_rate=0.700000
connection_rate=1.000000
network_type=0
learning_momentum=0.000000
training_algorithm=2
train_error_function=1
train_stop_function=1
cascade_output_change_fraction=0.010000
quickprop_decay=-0.000100
quickprop_mu=1.750000
rprop_increase_factor=1.200000
rprop_decrease_factor=0.500000
rprop_delta_min=0.000000
rprop_delta_max=50.000000
rprop_delta_zero=0.100000
cascade_output_stagnation_epochs=12
cascade_candidate_change_fraction=0.010000
cascade_candidate_stagnation_epochs=12
cascade_max_out_epochs=150
cascade_min_out_epochs=50
cascade_max_cand_epochs=150
cascade_min_cand_epochs=50
cascade_num_candidate_groups=2
bit_fail_limit=1.00000000000000005551e-01
cascade_candidate_limit=1.00000000000000000000e+03
cascade_weight_multiplier=4.00000000000000022204e-01
cascade_activation_functions_count=10
cascade_activation_functions=3 5 7 8 10 11 14 15 16 17 
cascade_activation_steepnesses_count=4
cascade_activation_steepnesses=2.50000000000000000000e-01 5.00000000000000000000e-01 7.50000000000000000000e-01 1.00000000000000000000e+00 
layer_sizes=8 4 2 
scale_included=0
neurons (num_inputs, activation_function, activation_steepness)=(0, 0, 0.00000000000000000000e+00) (0, 0, 0.00000000000000000000e+00) (0, 0, 0.00000000000000000000e+00) (0, 0, 0.00000000000000000000e+00) (0, 0, 0.00000000000000000000e+00) (0, 0, 0.00000000000000000000e+00) (0, 0, 0.00000000000000000000e+00) (0, 0, 0.00000000000000000000e+00) (8, 6, 5.00000000000000000000e-01) (8, 6, 5.00000000000000000000e-01) (8, 6, 5.00000000000000000000e-01) (0, 6, 0.00000000000000000000e+00) (4, 4, 5.00000000000000000000e-01) (0, 4, 0.00000000000000000000e+00) 
connections (connected_to_neuron, weight)=(0, -4.58775413598702774820e-01) (1, 4.13615405055169915727e+00) (2, 4.00488511596027141337e+00) (3, 2.52035379820210714286e+00) (4, -2.29493654698029647676e+00) (5, 3.99924412278304053370e-01) (6, -2.35626907932490725628e+00) (7, -2.68253543839175323527e+00) (0, -7.00881370260456049159e-01) (1, 2.19247413711396044178e+00) (2, 2.50002087544005835440e+00) (3, 8.31616440810058143995e-01) (4, -2.66177178648373591319e-01) (5, 1.39282937890112545887e+00) (6, -7.75581432600666809130e-01) (7, -1.95872752810301281601e-01) (0, 6.56756864199081413780e-01) (1, -1.51537148005565525111e+00) (2, -1.73030925619094633205e+00) (3, -1.57346304810478354597e+00) (4, 1.41723985896409909735e+00) (5, 3.13430452578770890604e-01) (6, 4.71219895789531584285e+00) (7, 4.42886228546070737089e-01) (8, 1.19680336573561660884e+01) (9, 3.34995488227836624162e+00) (10, -1.76522020644085664287e+00) (11, -3.30832483702843749285e+00) 
