FANN_FLO_2.1
num_layers=3
learning_rate=0.700000
connection_rate=1.000000
network_type=0
learning_momentum=0.000000
training_algorithm=2
train_error_function=1
train_stop_function=1
cascade_output_change_fraction=0.010000
quickprop_decay=-0.000100
quickprop_mu=1.750000
rprop_increase_factor=1.200000
rprop_decrease_factor=0.500000
rprop_delta_min=0.000000
rprop_delta_max=50.000000
rprop_delta_zero=0.100000
cascade_output_stagnation_epochs=12
cascade_candidate_change_fraction=0.010000
cascade_candidate_stagnation_epochs=12
cascade_max_out_epochs=150
cascade_min_out_epochs=50
cascade_max_cand_epochs=150
cascade_min_cand_epochs=50
cascade_num_candidate_groups=2
bit_fail_limit=1.00000000000000005551e-01
cascade_candidate_limit=1.00000000000000000000e+03
cascade_weight_multiplier=4.00000000000000022204e-01
cascade_activation_functions_count=10
cascade_activation_functions=3 5 7 8 10 11 14 15 16 17 
cascade_activation_steepnesses_count=4
cascade_activation_steepnesses=2.50000000000000000000e-01 5.00000000000000000000e-01 7.50000000000000000000e-01 1.00000000000000000000e+00 
layer_sizes=10 4 2 
scale_included=0
neurons (num_inputs, activation_function, activation_steepness)=(0, 0, 0.00000000000000000000e+00) (0, 0, 0.00000000000000000000e+00) (0, 0, 0.00000000000000000000e+00) (0, 0, 0.00000000000000000000e+00) (0, 0, 0.00000000000000000000e+00) (0, 0, 0.00000000000000000000e+00) (0, 0, 0.00000000000000000000e+00) (0, 0, 0.00000000000000000000e+00) (0, 0, 0.00000000000000000000e+00) (0, 0, 0.00000000000000000000e+00) (10, 6, 5.00000000000000000000e-01) (10, 6, 5.00000000000000000000e-01) (10, 6, 5.00000000000000000000e-01) (0, 6, 0.00000000000000000000e+00) (4, 4, 5.00000000000000000000e-01) (0, 4, 0.00000000000000000000e+00) 
connections (connected_to_neuron, weight)=(0, 1.52037559849502890152e+00) (1, 1.45145888448870041820e+00) (2, 1.15572237730321325522e+00) (3, 7.07773629387756786357e-01) (4, 1.95833019412248532376e+00) (5, -1.73883406807239526692e+00) (6, -4.68208488143202483656e-01) (7, 1.45287786523685458207e+00) (8, 1.37048014506349802311e+00) (9, -1.97340566836043995735e+00) (0, 2.44020921046845085112e-01) (1, 6.02424415104479749061e-01) (2, 7.40008152351912196210e-01) (3, 2.67524533948358511637e-01) (4, 5.13067500948776067382e-01) (5, -4.23823826776316636700e-01) (6, 1.07784343426766807128e-01) (7, 4.17711339517906454777e-01) (8, 3.00949981408628219892e-01) (9, -3.11384891012347841954e-01) (0, 2.94001099522225195493e-01) (1, 6.23339252822489697792e-01) (2, 6.58538765535887415936e-01) (3, 3.56301740786489462565e-01) (4, 5.46488488376010717040e-01) (5, -3.46538000570109472331e-01) (6, 6.75232103997747742236e-03) (7, 4.12657357379272726750e-01) (8, 3.20842545585743321723e-01) (9, -2.78236021140254696782e-01) (10, 7.09946781673234283971e+01) (11, 2.41567446063873536577e-01) (12, 2.13449976993496243205e-01) (13, -1.30031656859080668731e+00) 
