FANN_FLO_2.1
num_layers=3
learning_rate=0.700000
connection_rate=1.000000
network_type=0
learning_momentum=0.000000
training_algorithm=2
train_error_function=1
train_stop_function=1
cascade_output_change_fraction=0.010000
quickprop_decay=-0.000100
quickprop_mu=1.750000
rprop_increase_factor=1.200000
rprop_decrease_factor=0.500000
rprop_delta_min=0.000000
rprop_delta_max=50.000000
rprop_delta_zero=0.100000
cascade_output_stagnation_epochs=12
cascade_candidate_change_fraction=0.010000
cascade_candidate_stagnation_epochs=12
cascade_max_out_epochs=150
cascade_min_out_epochs=50
cascade_max_cand_epochs=150
cascade_min_cand_epochs=50
cascade_num_candidate_groups=2
bit_fail_limit=1.00000000000000005551e-01
cascade_candidate_limit=1.00000000000000000000e+03
cascade_weight_multiplier=4.00000000000000022204e-01
cascade_activation_functions_count=10
cascade_activation_functions=3 5 7 8 10 11 14 15 16 17 
cascade_activation_steepnesses_count=4
cascade_activation_steepnesses=2.50000000000000000000e-01 5.00000000000000000000e-01 7.50000000000000000000e-01 1.00000000000000000000e+00 
layer_sizes=12 4 2 
scale_included=0
neurons (num_inputs, activation_function, activation_steepness)=(0, 0, 0.00000000000000000000e+00) (0, 0, 0.00000000000000000000e+00) (0, 0, 0.00000000000000000000e+00) (0, 0, 0.00000000000000000000e+00) (0, 0, 0.00000000000000000000e+00) (0, 0, 0.00000000000000000000e+00) (0, 0, 0.00000000000000000000e+00) (0, 0, 0.00000000000000000000e+00) (0, 0, 0.00000000000000000000e+00) (0, 0, 0.00000000000000000000e+00) (0, 0, 0.00000000000000000000e+00) (0, 0, 0.00000000000000000000e+00) (12, 6, 5.00000000000000000000e-01) (12, 6, 5.00000000000000000000e-01) (12, 6, 5.00000000000000000000e-01) (0, 6, 0.00000000000000000000e+00) (4, 4, 5.00000000000000000000e-01) (0, 4, 0.00000000000000000000e+00) 
connections (connected_to_neuron, weight)=(0, -5.58604162274998095050e-01) (1, 6.26372636274361432873e-02) (2, 7.50071829247989763090e-01) (3, 2.28443930422778690437e-01) (4, -1.77359405410269899139e-01) (5, -5.99180478691261675372e-01) (6, 4.46776240045133221646e-01) (7, -8.92921697621091026154e-02) (8, -1.63622493635266486045e-01) (9, -1.52636588066594469648e-01) (10, -3.91057038663933931311e-01) (11, 3.09072759829002313703e-04) (0, -1.34336332052100648760e+00) (1, 1.85919181929874155479e+00) (2, 1.65952526302890901455e+00) (3, -1.15094688864187721933e+00) (4, -8.75275677034269117271e-01) (5, -1.86215874897247180009e+00) (6, 2.08402520428533843955e+00) (7, -1.28552488991653546258e+00) (8, -1.05617179990293874603e+00) (9, -1.42747153443193908195e+00) (10, -1.75303747903071971415e+00) (11, -9.63190126125835544002e-01) (0, -1.69968763254643850935e+00) (1, 3.70977572699337787565e-01) (2, 1.46235084969706150559e+01) (3, -1.17816201546204735173e+00) (4, -2.86368200749215739975e+00) (5, -2.07680442459425895763e+00) (6, 3.40151374475952517074e+00) (7, -5.47555315940170261868e-01) (8, -6.71136380211514671501e-01) (9, -2.44155328564228391031e-01) (10, -2.58784631582446600362e+00) (11, -5.97076900879144056855e-04) (12, 1.69162709878236922068e-01) (13, 1.60152865404846984632e+01) (14, 1.74623317662625998636e+00) (15, -1.43407707854259958147e+00) 
