FANN_FLO_2.1
num_layers=3
learning_rate=0.700000
connection_rate=1.000000
network_type=0
learning_momentum=0.000000
training_algorithm=2
train_error_function=1
train_stop_function=1
cascade_output_change_fraction=0.010000
quickprop_decay=-0.000100
quickprop_mu=1.750000
rprop_increase_factor=1.200000
rprop_decrease_factor=0.500000
rprop_delta_min=0.000000
rprop_delta_max=50.000000
rprop_delta_zero=0.100000
cascade_output_stagnation_epochs=12
cascade_candidate_change_fraction=0.010000
cascade_candidate_stagnation_epochs=12
cascade_max_out_epochs=150
cascade_min_out_epochs=50
cascade_max_cand_epochs=150
cascade_min_cand_epochs=50
cascade_num_candidate_groups=2
bit_fail_limit=1.00000000000000005551e-01
cascade_candidate_limit=1.00000000000000000000e+03
cascade_weight_multiplier=4.00000000000000022204e-01
cascade_activation_functions_count=10
cascade_activation_functions=3 5 7 8 10 11 14 15 16 17 
cascade_activation_steepnesses_count=4
cascade_activation_steepnesses=2.50000000000000000000e-01 5.00000000000000000000e-01 7.50000000000000000000e-01 1.00000000000000000000e+00 
layer_sizes=12 4 2 
scale_included=0
neurons (num_inputs, activation_function, activation_steepness)=(0, 0, 0.00000000000000000000e+00) (0, 0, 0.00000000000000000000e+00) (0, 0, 0.00000000000000000000e+00) (0, 0, 0.00000000000000000000e+00) (0, 0, 0.00000000000000000000e+00) (0, 0, 0.00000000000000000000e+00) (0, 0, 0.00000000000000000000e+00) (0, 0, 0.00000000000000000000e+00) (0, 0, 0.00000000000000000000e+00) (0, 0, 0.00000000000000000000e+00) (0, 0, 0.00000000000000000000e+00) (0, 0, 0.00000000000000000000e+00) (12, 6, 5.00000000000000000000e-01) (12, 6, 5.00000000000000000000e-01) (12, 6, 5.00000000000000000000e-01) (0, 6, 0.00000000000000000000e+00) (4, 4, 5.00000000000000000000e-01) (0, 4, 0.00000000000000000000e+00) 
connections (connected_to_neuron, weight)=(0, -1.05226760117213089529e+01) (1, 4.00670466257979418501e-01) (2, 4.21573201079345949438e+00) (3, 7.29825234302950498488e+00) (4, 6.72002681948171920467e-01) (5, -1.87061613311176322405e-01) (6, 4.96912922518149642315e+01) (7, -4.01161344060667390821e-01) (8, 4.21702428953555852331e+00) (9, -7.37456306621377066790e-01) (10, 1.72991521765152569401e+01) (11, -2.78100753768263775356e+00) (0, 2.01744476609025511493e+01) (1, -2.28223412409484271990e+00) (2, -3.06133647125936159128e-01) (3, 6.12529130628369777867e-01) (4, -2.01529240573272344639e-01) (5, -9.09852493326104627691e-01) (6, -9.83259335282012791879e+00) (7, -2.54714878868255834021e+00) (8, -2.78198504547053693248e-01) (9, -1.30884586064016361640e+00) (10, -6.29753413765728531359e+00) (11, 6.80127674175460272821e-01) (0, -1.09528881918842397880e+01) (1, 1.30494718647435642422e-01) (2, 6.32374450418531020013e-01) (3, -1.25543245253552648855e+00) (4, -1.78960448655247339467e+00) (5, -2.49407835674045702534e-01) (6, 1.76913687703524424855e+00) (7, 2.16331454404020823157e-02) (8, 6.33415654098288594120e-01) (9, 1.94855589646917570779e-01) (10, 1.92896225527955689216e+00) (11, 1.61152696460547306678e+00) (12, 1.18296279003998865420e+01) (13, -3.20374999245508362833e+00) (14, 5.64949740437612817345e+01) (15, 4.26473377054232494210e-01) 
