FANN_FLO_2.1
num_layers=3
learning_rate=0.700000
connection_rate=1.000000
network_type=0
learning_momentum=0.000000
training_algorithm=2
train_error_function=1
train_stop_function=1
cascade_output_change_fraction=0.010000
quickprop_decay=-0.000100
quickprop_mu=1.750000
rprop_increase_factor=1.200000
rprop_decrease_factor=0.500000
rprop_delta_min=0.000000
rprop_delta_max=50.000000
rprop_delta_zero=0.100000
cascade_output_stagnation_epochs=12
cascade_candidate_change_fraction=0.010000
cascade_candidate_stagnation_epochs=12
cascade_max_out_epochs=150
cascade_min_out_epochs=50
cascade_max_cand_epochs=150
cascade_min_cand_epochs=50
cascade_num_candidate_groups=2
bit_fail_limit=1.00000000000000005551e-01
cascade_candidate_limit=1.00000000000000000000e+03
cascade_weight_multiplier=4.00000000000000022204e-01
cascade_activation_functions_count=10
cascade_activation_functions=3 5 7 8 10 11 14 15 16 17 
cascade_activation_steepnesses_count=4
cascade_activation_steepnesses=2.50000000000000000000e-01 5.00000000000000000000e-01 7.50000000000000000000e-01 1.00000000000000000000e+00 
layer_sizes=9 4 2 
scale_included=0
neurons (num_inputs, activation_function, activation_steepness)=(0, 0, 0.00000000000000000000e+00) (0, 0, 0.00000000000000000000e+00) (0, 0, 0.00000000000000000000e+00) (0, 0, 0.00000000000000000000e+00) (0, 0, 0.00000000000000000000e+00) (0, 0, 0.00000000000000000000e+00) (0, 0, 0.00000000000000000000e+00) (0, 0, 0.00000000000000000000e+00) (0, 0, 0.00000000000000000000e+00) (9, 6, 5.00000000000000000000e-01) (9, 6, 5.00000000000000000000e-01) (9, 6, 5.00000000000000000000e-01) (0, 6, 0.00000000000000000000e+00) (4, 4, 5.00000000000000000000e-01) (0, 4, 0.00000000000000000000e+00) 
connections (connected_to_neuron, weight)=(0, 3.84284573403209916975e+00) (1, -1.71744069618628891760e+00) (2, -1.03998250408991199656e+00) (3, -7.81830215223866753504e-01) (4, -5.96790310669972123847e-01) (5, -5.62934306193424882636e-01) (6, -4.84440360892845811591e-01) (7, -5.33154447306229295478e-01) (8, 1.44518938648924821777e+00) (0, -6.36198990664050612054e+00) (1, 2.54592562877194206195e+00) (2, 3.85163964615367115929e-01) (3, 8.46551706955094851459e-01) (4, 5.54934759223120077642e-01) (5, 1.21454343576434853347e+00) (6, 1.19784345109466316970e+00) (7, 1.33411958445314171584e+00) (8, -8.26915256688203204050e-01) (0, -9.48692832597454072108e-01) (1, 4.52143316081305868259e-01) (2, 2.08116151607994304129e+00) (3, 8.16780040884128699652e-01) (4, 1.93765831927227127895e-01) (5, 5.87758573101118120263e-01) (6, 5.94442600713327440332e-01) (7, 5.28765606091573636682e-01) (8, 1.26850992907214743521e-01) (9, -8.66926469732833204773e+00) (10, 8.65149463047099409607e+00) (11, 3.25076395212183677508e-01) (12, -7.45972678074445116891e-01) 
