FANN_FLO_2.1
num_layers=3
learning_rate=0.700000
connection_rate=1.000000
network_type=0
learning_momentum=0.000000
training_algorithm=2
train_error_function=1
train_stop_function=1
cascade_output_change_fraction=0.010000
quickprop_decay=-0.000100
quickprop_mu=1.750000
rprop_increase_factor=1.200000
rprop_decrease_factor=0.500000
rprop_delta_min=0.000000
rprop_delta_max=50.000000
rprop_delta_zero=0.100000
cascade_output_stagnation_epochs=12
cascade_candidate_change_fraction=0.010000
cascade_candidate_stagnation_epochs=12
cascade_max_out_epochs=150
cascade_min_out_epochs=50
cascade_max_cand_epochs=150
cascade_min_cand_epochs=50
cascade_num_candidate_groups=2
bit_fail_limit=1.00000000000000005551e-01
cascade_candidate_limit=1.00000000000000000000e+03
cascade_weight_multiplier=4.00000000000000022204e-01
cascade_activation_functions_count=10
cascade_activation_functions=3 5 7 8 10 11 14 15 16 17 
cascade_activation_steepnesses_count=4
cascade_activation_steepnesses=2.50000000000000000000e-01 5.00000000000000000000e-01 7.50000000000000000000e-01 1.00000000000000000000e+00 
layer_sizes=9 4 2 
scale_included=0
neurons (num_inputs, activation_function, activation_steepness)=(0, 0, 0.00000000000000000000e+00) (0, 0, 0.00000000000000000000e+00) (0, 0, 0.00000000000000000000e+00) (0, 0, 0.00000000000000000000e+00) (0, 0, 0.00000000000000000000e+00) (0, 0, 0.00000000000000000000e+00) (0, 0, 0.00000000000000000000e+00) (0, 0, 0.00000000000000000000e+00) (0, 0, 0.00000000000000000000e+00) (9, 6, 5.00000000000000000000e-01) (9, 6, 5.00000000000000000000e-01) (9, 6, 5.00000000000000000000e-01) (0, 6, 0.00000000000000000000e+00) (4, 4, 5.00000000000000000000e-01) (0, 4, 0.00000000000000000000e+00) 
connections (connected_to_neuron, weight)=(0, -5.30019250398235164390e-01) (1, 7.37615289600449641760e-01) (2, -8.05792008136721471523e-03) (3, -7.29279872122869515794e-02) (4, -2.23718659209187153980e-01) (5, -2.25758544561536850237e-01) (6, 6.95246165592364462338e-02) (7, 1.21923541624240211467e-02) (8, -3.00949112117566863756e-01) (0, -4.35732896665489821686e+00) (1, 4.37014763275540030207e+00) (2, -8.39601641723968367126e-02) (3, 5.87196179611466917425e-03) (4, -2.80284581079276762239e+00) (5, -1.53477960464522977801e+00) (6, -1.82391474528780794806e+00) (7, -1.66081702096930361456e+00) (8, -3.60059328848671422740e-01) (0, -1.64118077659161176740e+00) (1, 1.80624118178637127485e+00) (2, 2.02130314682975681384e-01) (3, 7.18330774759762813453e-02) (4, -9.56094389511592868125e-01) (5, -1.04582584063554584475e+00) (6, -5.77395139916311195272e-01) (7, -4.98687459810148114858e-01) (8, -8.01455956597632024341e-02) (9, 1.63958066494019050197e+00) (10, 4.27443008730566642583e+00) (11, 4.21312561491882942022e+00) (12, -7.65362107050872375602e-01) 
