FANN_FLO_2.1
num_layers=3
learning_rate=0.700000
connection_rate=1.000000
network_type=0
learning_momentum=0.000000
training_algorithm=2
train_error_function=1
train_stop_function=1
cascade_output_change_fraction=0.010000
quickprop_decay=-0.000100
quickprop_mu=1.750000
rprop_increase_factor=1.200000
rprop_decrease_factor=0.500000
rprop_delta_min=0.000000
rprop_delta_max=50.000000
rprop_delta_zero=0.100000
cascade_output_stagnation_epochs=12
cascade_candidate_change_fraction=0.010000
cascade_candidate_stagnation_epochs=12
cascade_max_out_epochs=150
cascade_min_out_epochs=50
cascade_max_cand_epochs=150
cascade_min_cand_epochs=50
cascade_num_candidate_groups=2
bit_fail_limit=1.00000000000000005551e-01
cascade_candidate_limit=1.00000000000000000000e+03
cascade_weight_multiplier=4.00000000000000022204e-01
cascade_activation_functions_count=10
cascade_activation_functions=3 5 7 8 10 11 14 15 16 17 
cascade_activation_steepnesses_count=4
cascade_activation_steepnesses=2.50000000000000000000e-01 5.00000000000000000000e-01 7.50000000000000000000e-01 1.00000000000000000000e+00 
layer_sizes=8 4 2 
scale_included=0
neurons (num_inputs, activation_function, activation_steepness)=(0, 0, 0.00000000000000000000e+00) (0, 0, 0.00000000000000000000e+00) (0, 0, 0.00000000000000000000e+00) (0, 0, 0.00000000000000000000e+00) (0, 0, 0.00000000000000000000e+00) (0, 0, 0.00000000000000000000e+00) (0, 0, 0.00000000000000000000e+00) (0, 0, 0.00000000000000000000e+00) (8, 6, 5.00000000000000000000e-01) (8, 6, 5.00000000000000000000e-01) (8, 6, 5.00000000000000000000e-01) (0, 6, 0.00000000000000000000e+00) (4, 4, 5.00000000000000000000e-01) (0, 4, 0.00000000000000000000e+00) 
connections (connected_to_neuron, weight)=(0, -3.04841050590256568142e-01) (1, 2.69834407820836619241e-01) (2, -4.81580450925148673136e-02) (3, -1.64561360510083187769e-01) (4, -1.26979503216238964747e-01) (5, -1.32998073417863616613e-02) (6, -4.54907858688554378457e-02) (7, -4.59780203744153237455e-01) (0, -1.60196048649626865412e+00) (1, 2.99564349738245061516e+00) (2, -4.41916970972675238194e-01) (3, -8.03229854209089322303e-01) (4, -7.20065192086362881874e-01) (5, -8.23009152663612408851e-01) (6, -7.70296551985406918739e-01) (7, -1.19566616037441342257e+00) (0, 1.73286074489473573834e+00) (1, -6.34061178274550441003e-01) (2, 7.89299041146011293169e-02) (3, 7.32572394624489864334e-01) (4, 6.26884761467713436112e-01) (5, 7.12752822056550106034e-01) (6, 6.64209972337025722489e-01) (7, 7.49120387449997870988e-01) (8, 5.16916914264135329837e-01) (9, 1.85895226674261060396e+01) (10, -1.28641472391095890160e+00) (11, -1.53170131775218143488e+00) 
