FANN_FLO_2.1
num_layers=3
learning_rate=0.700000
connection_rate=1.000000
network_type=0
learning_momentum=0.000000
training_algorithm=2
train_error_function=1
train_stop_function=1
cascade_output_change_fraction=0.010000
quickprop_decay=-0.000100
quickprop_mu=1.750000
rprop_increase_factor=1.200000
rprop_decrease_factor=0.500000
rprop_delta_min=0.000000
rprop_delta_max=50.000000
rprop_delta_zero=0.100000
cascade_output_stagnation_epochs=12
cascade_candidate_change_fraction=0.010000
cascade_candidate_stagnation_epochs=12
cascade_max_out_epochs=150
cascade_min_out_epochs=50
cascade_max_cand_epochs=150
cascade_min_cand_epochs=50
cascade_num_candidate_groups=2
bit_fail_limit=1.00000000000000005551e-01
cascade_candidate_limit=1.00000000000000000000e+03
cascade_weight_multiplier=4.00000000000000022204e-01
cascade_activation_functions_count=10
cascade_activation_functions=3 5 7 8 10 11 14 15 16 17 
cascade_activation_steepnesses_count=4
cascade_activation_steepnesses=2.50000000000000000000e-01 5.00000000000000000000e-01 7.50000000000000000000e-01 1.00000000000000000000e+00 
layer_sizes=8 4 2 
scale_included=0
neurons (num_inputs, activation_function, activation_steepness)=(0, 0, 0.00000000000000000000e+00) (0, 0, 0.00000000000000000000e+00) (0, 0, 0.00000000000000000000e+00) (0, 0, 0.00000000000000000000e+00) (0, 0, 0.00000000000000000000e+00) (0, 0, 0.00000000000000000000e+00) (0, 0, 0.00000000000000000000e+00) (0, 0, 0.00000000000000000000e+00) (8, 6, 5.00000000000000000000e-01) (8, 6, 5.00000000000000000000e-01) (8, 6, 5.00000000000000000000e-01) (0, 6, 0.00000000000000000000e+00) (4, 4, 5.00000000000000000000e-01) (0, 4, 0.00000000000000000000e+00) 
connections (connected_to_neuron, weight)=(0, -1.34825472006530233671e+00) (1, 2.19134949300823356211e+00) (2, -5.47292137052634131145e-01) (3, 1.06203812348958881451e+00) (4, 1.88572505040116977781e+00) (5, 4.70084009466124719268e-01) (6, -5.44849718254633064163e+00) (7, -1.30653168478936621000e+00) (0, -1.32047560283870168973e+00) (1, 2.05386471156416128281e+00) (2, -3.06268820746015912881e-01) (3, 1.06384285527583988262e+00) (4, 1.90856718195624952550e+00) (5, 6.46040161845637284088e-01) (6, -5.39687126022405738723e+00) (7, -1.35776316592425772001e+00) (0, -1.82529008895946520674e+00) (1, 1.16990943474736197594e+00) (2, 1.97148807197709025063e-01) (3, 7.14641012685202081656e-01) (4, 3.78020305804820933027e-01) (5, 4.71263205603832557866e-01) (6, -2.02955854173977234822e+00) (7, -1.33310680555954991222e-01) (8, 3.26637638362698368155e+01) (9, 7.43994173027573708623e+01) (10, 1.08422005182783087740e+00) (11, -7.68466039014951807218e-01) 
