FANN_FLO_2.1
num_layers=3
learning_rate=0.700000
connection_rate=1.000000
network_type=0
learning_momentum=0.000000
training_algorithm=2
train_error_function=1
train_stop_function=1
cascade_output_change_fraction=0.010000
quickprop_decay=-0.000100
quickprop_mu=1.750000
rprop_increase_factor=1.200000
rprop_decrease_factor=0.500000
rprop_delta_min=0.000000
rprop_delta_max=50.000000
rprop_delta_zero=0.100000
cascade_output_stagnation_epochs=12
cascade_candidate_change_fraction=0.010000
cascade_candidate_stagnation_epochs=12
cascade_max_out_epochs=150
cascade_min_out_epochs=50
cascade_max_cand_epochs=150
cascade_min_cand_epochs=50
cascade_num_candidate_groups=2
bit_fail_limit=1.00000000000000005551e-01
cascade_candidate_limit=1.00000000000000000000e+03
cascade_weight_multiplier=4.00000000000000022204e-01
cascade_activation_functions_count=10
cascade_activation_functions=3 5 7 8 10 11 14 15 16 17 
cascade_activation_steepnesses_count=4
cascade_activation_steepnesses=2.50000000000000000000e-01 5.00000000000000000000e-01 7.50000000000000000000e-01 1.00000000000000000000e+00 
layer_sizes=12 4 2 
scale_included=0
neurons (num_inputs, activation_function, activation_steepness)=(0, 0, 0.00000000000000000000e+00) (0, 0, 0.00000000000000000000e+00) (0, 0, 0.00000000000000000000e+00) (0, 0, 0.00000000000000000000e+00) (0, 0, 0.00000000000000000000e+00) (0, 0, 0.00000000000000000000e+00) (0, 0, 0.00000000000000000000e+00) (0, 0, 0.00000000000000000000e+00) (0, 0, 0.00000000000000000000e+00) (0, 0, 0.00000000000000000000e+00) (0, 0, 0.00000000000000000000e+00) (0, 0, 0.00000000000000000000e+00) (12, 6, 5.00000000000000000000e-01) (12, 6, 5.00000000000000000000e-01) (12, 6, 5.00000000000000000000e-01) (0, 6, 0.00000000000000000000e+00) (4, 4, 5.00000000000000000000e-01) (0, 4, 0.00000000000000000000e+00) 
connections (connected_to_neuron, weight)=(0, 3.04090003747018666758e+00) (1, -9.25521016259408857429e-01) (2, -1.30917622509228870342e+00) (3, 5.89175945796423072842e-01) (4, 5.39656595127230076514e-01) (5, 1.24209087899274583933e+00) (6, -1.08117117090003755919e+00) (7, 8.92374910905996965305e-01) (8, 1.22940968331381972334e+00) (9, 5.85359975606052240771e-01) (10, 2.25496563392828708317e+00) (11, 1.64370236909364741962e+00) (0, -3.90453184781955409122e+00) (1, 1.54325028466064240185e+00) (2, 5.63379902645784413906e-01) (3, -2.69100719579458858011e-01) (4, -2.85059680500935164194e-01) (5, -3.10832512839999408616e-01) (6, 9.27163157062196985336e-01) (7, -8.69668102346743132625e-02) (8, -7.40184916041682128274e-01) (9, 7.41054528985582577905e-02) (10, -7.70358527818822635957e-01) (11, -3.71616800590720330888e-01) (0, -2.55518645836891833412e+00) (1, 1.36361265306550727416e+00) (2, 2.07371287817053007174e+00) (3, -4.33603044306374363348e-01) (4, -2.92770359372235167150e-01) (5, -6.21437271704151972251e-01) (6, 2.04325705186609818398e+00) (7, -3.59817127516524268294e-02) (8, -6.62520086299833277366e-01) (9, 3.82062963883313511104e-01) (10, -1.17868829882860293168e+00) (11, -1.14887925582692029813e+00) (12, -1.08305310625372408495e+00) (13, 6.85408919154878404356e+00) (14, 1.24652809590408946150e+01) (15, -1.03227333720619052215e+00) 
