FANN_FLO_2.1
num_layers=3
learning_rate=0.700000
connection_rate=1.000000
network_type=0
learning_momentum=0.000000
training_algorithm=2
train_error_function=1
train_stop_function=1
cascade_output_change_fraction=0.010000
quickprop_decay=-0.000100
quickprop_mu=1.750000
rprop_increase_factor=1.200000
rprop_decrease_factor=0.500000
rprop_delta_min=0.000000
rprop_delta_max=50.000000
rprop_delta_zero=0.100000
cascade_output_stagnation_epochs=12
cascade_candidate_change_fraction=0.010000
cascade_candidate_stagnation_epochs=12
cascade_max_out_epochs=150
cascade_min_out_epochs=50
cascade_max_cand_epochs=150
cascade_min_cand_epochs=50
cascade_num_candidate_groups=2
bit_fail_limit=1.00000000000000005551e-01
cascade_candidate_limit=1.00000000000000000000e+03
cascade_weight_multiplier=4.00000000000000022204e-01
cascade_activation_functions_count=10
cascade_activation_functions=3 5 7 8 10 11 14 15 16 17 
cascade_activation_steepnesses_count=4
cascade_activation_steepnesses=2.50000000000000000000e-01 5.00000000000000000000e-01 7.50000000000000000000e-01 1.00000000000000000000e+00 
layer_sizes=6 4 2 
scale_included=0
neurons (num_inputs, activation_function, activation_steepness)=(0, 0, 0.00000000000000000000e+00) (0, 0, 0.00000000000000000000e+00) (0, 0, 0.00000000000000000000e+00) (0, 0, 0.00000000000000000000e+00) (0, 0, 0.00000000000000000000e+00) (0, 0, 0.00000000000000000000e+00) (6, 6, 5.00000000000000000000e-01) (6, 6, 5.00000000000000000000e-01) (6, 6, 5.00000000000000000000e-01) (0, 6, 0.00000000000000000000e+00) (4, 4, 5.00000000000000000000e-01) (0, 4, 0.00000000000000000000e+00) 
connections (connected_to_neuron, weight)=(0, -3.62959413432742072914e-01) (1, 7.83537331796186453658e-01) (2, -1.80422339777291718121e+00) (3, 1.29073922294200720273e+01) (4, 3.29162815941801134567e-01) (5, -1.08032376830724086147e+00) (0, -2.24392123592787529063e+00) (1, 3.42020843695631526771e+00) (2, 1.26550697849106774662e+00) (3, 2.62131870356273344314e+00) (4, 1.59117483829332351242e+00) (5, -3.82700475604723999723e+00) (0, -6.70017899293382401815e-01) (1, 1.82697500854227512512e+00) (2, 6.82192637215642827542e-01) (3, 2.05498062982362972306e+00) (4, 4.95601756479026434032e-01) (5, -2.07172136316050314875e+00) (6, 2.47295656727662960250e+00) (7, 6.76193212409394295292e+00) (8, 1.39991153328076256557e+00) (9, -3.01114082230792501349e+00) 
