FANN_FLO_2.1
num_layers=3
learning_rate=0.700000
connection_rate=1.000000
network_type=0
learning_momentum=0.000000
training_algorithm=2
train_error_function=1
train_stop_function=1
cascade_output_change_fraction=0.010000
quickprop_decay=-0.000100
quickprop_mu=1.750000
rprop_increase_factor=1.200000
rprop_decrease_factor=0.500000
rprop_delta_min=0.000000
rprop_delta_max=50.000000
rprop_delta_zero=0.100000
cascade_output_stagnation_epochs=12
cascade_candidate_change_fraction=0.010000
cascade_candidate_stagnation_epochs=12
cascade_max_out_epochs=150
cascade_min_out_epochs=50
cascade_max_cand_epochs=150
cascade_min_cand_epochs=50
cascade_num_candidate_groups=2
bit_fail_limit=1.00000000000000005551e-01
cascade_candidate_limit=1.00000000000000000000e+03
cascade_weight_multiplier=4.00000000000000022204e-01
cascade_activation_functions_count=10
cascade_activation_functions=3 5 7 8 10 11 14 15 16 17 
cascade_activation_steepnesses_count=4
cascade_activation_steepnesses=2.50000000000000000000e-01 5.00000000000000000000e-01 7.50000000000000000000e-01 1.00000000000000000000e+00 
layer_sizes=9 4 2 
scale_included=0
neurons (num_inputs, activation_function, activation_steepness)=(0, 0, 0.00000000000000000000e+00) (0, 0, 0.00000000000000000000e+00) (0, 0, 0.00000000000000000000e+00) (0, 0, 0.00000000000000000000e+00) (0, 0, 0.00000000000000000000e+00) (0, 0, 0.00000000000000000000e+00) (0, 0, 0.00000000000000000000e+00) (0, 0, 0.00000000000000000000e+00) (0, 0, 0.00000000000000000000e+00) (9, 6, 5.00000000000000000000e-01) (9, 6, 5.00000000000000000000e-01) (9, 6, 5.00000000000000000000e-01) (0, 6, 0.00000000000000000000e+00) (4, 4, 5.00000000000000000000e-01) (0, 4, 0.00000000000000000000e+00) 
connections (connected_to_neuron, weight)=(0, -1.24462736562679454622e+00) (1, 1.06883628379664075148e+00) (2, 1.70952623051034802160e+00) (3, 1.74236696994708539776e+00) (4, 1.18513745527825009596e+00) (5, -1.66623894022671237281e+00) (6, -2.71573204213685470698e-01) (7, 6.21184305519273172180e-01) (8, -1.23303616516428560246e+00) (0, -5.60113149165788914985e+00) (1, 4.81681297012762499321e+00) (2, 3.55411656671725406653e+00) (3, 3.42051130357186572439e+00) (4, 2.81830822498356869943e+00) (5, -1.42603808285650446308e+00) (6, -2.62226770153729127344e+00) (7, 5.35131546506917565864e+00) (8, -5.65360736131349828071e+00) (0, 2.00531041381488583930e-01) (1, -7.81499249766505615922e-02) (2, -4.73753023348924495739e-01) (3, -9.85169921080178076500e-03) (4, -4.68435837785372705122e-02) (5, 7.82566420196480150295e-01) (6, 1.47688030345631854390e-01) (7, -1.31248151663789251395e-03) (8, 2.14884753252548965641e-01) (9, 1.96445469940342021253e+00) (10, 8.43538155019942870183e+00) (11, -2.58793751739260979861e+00) (12, -1.21032385979389678354e+00) 
