FANN_FLO_2.1
num_layers=3
learning_rate=0.700000
connection_rate=1.000000
network_type=0
learning_momentum=0.000000
training_algorithm=2
train_error_function=1
train_stop_function=1
cascade_output_change_fraction=0.010000
quickprop_decay=-0.000100
quickprop_mu=1.750000
rprop_increase_factor=1.200000
rprop_decrease_factor=0.500000
rprop_delta_min=0.000000
rprop_delta_max=50.000000
rprop_delta_zero=0.100000
cascade_output_stagnation_epochs=12
cascade_candidate_change_fraction=0.010000
cascade_candidate_stagnation_epochs=12
cascade_max_out_epochs=150
cascade_min_out_epochs=50
cascade_max_cand_epochs=150
cascade_min_cand_epochs=50
cascade_num_candidate_groups=2
bit_fail_limit=1.00000000000000005551e-01
cascade_candidate_limit=1.00000000000000000000e+03
cascade_weight_multiplier=4.00000000000000022204e-01
cascade_activation_functions_count=10
cascade_activation_functions=3 5 7 8 10 11 14 15 16 17 
cascade_activation_steepnesses_count=4
cascade_activation_steepnesses=2.50000000000000000000e-01 5.00000000000000000000e-01 7.50000000000000000000e-01 1.00000000000000000000e+00 
layer_sizes=8 4 2 
scale_included=0
neurons (num_inputs, activation_function, activation_steepness)=(0, 0, 0.00000000000000000000e+00) (0, 0, 0.00000000000000000000e+00) (0, 0, 0.00000000000000000000e+00) (0, 0, 0.00000000000000000000e+00) (0, 0, 0.00000000000000000000e+00) (0, 0, 0.00000000000000000000e+00) (0, 0, 0.00000000000000000000e+00) (0, 0, 0.00000000000000000000e+00) (8, 6, 5.00000000000000000000e-01) (8, 6, 5.00000000000000000000e-01) (8, 6, 5.00000000000000000000e-01) (0, 6, 0.00000000000000000000e+00) (4, 4, 5.00000000000000000000e-01) (0, 4, 0.00000000000000000000e+00) 
connections (connected_to_neuron, weight)=(0, 3.72315844382036131854e-01) (1, -5.72530994870277809561e-01) (2, -7.09526217844902329368e-01) (3, -8.42898962952180405561e-03) (4, -7.95095292784257431928e-03) (5, 9.44449764683099463047e-02) (6, 1.26195924429309602743e-01) (7, 2.28107275302398493366e-01) (0, 1.48195886380505359448e+00) (1, -4.73399885634402384227e+00) (2, 3.49070991917334455534e-02) (3, 9.55550456764025168965e-01) (4, 4.60160670728282483743e-01) (5, 4.46449046880797950632e-01) (6, 9.04250247748417224081e-01) (7, 2.49686963457840960245e+00) (0, 2.36116413095744069606e-02) (1, 4.65213167855274944973e-01) (2, 1.76870432904764229853e-01) (3, 3.50210370693642900064e-02) (4, 5.20854668889481828287e-02) (5, 1.44020624664827123773e-01) (6, 3.29378085808800513679e-02) (7, 1.87496394117215720021e-01) (8, -1.94936349636785921646e+00) (9, -8.34613680265939628100e+00) (10, 4.44091021693472920440e-01) (11, -1.05951285823217911108e+00) 
