FANN_FLO_2.1
num_layers=3
learning_rate=0.700000
connection_rate=1.000000
network_type=0
learning_momentum=0.000000
training_algorithm=2
train_error_function=1
train_stop_function=1
cascade_output_change_fraction=0.010000
quickprop_decay=-0.000100
quickprop_mu=1.750000
rprop_increase_factor=1.200000
rprop_decrease_factor=0.500000
rprop_delta_min=0.000000
rprop_delta_max=50.000000
rprop_delta_zero=0.100000
cascade_output_stagnation_epochs=12
cascade_candidate_change_fraction=0.010000
cascade_candidate_stagnation_epochs=12
cascade_max_out_epochs=150
cascade_min_out_epochs=50
cascade_max_cand_epochs=150
cascade_min_cand_epochs=50
cascade_num_candidate_groups=2
bit_fail_limit=1.00000000000000005551e-01
cascade_candidate_limit=1.00000000000000000000e+03
cascade_weight_multiplier=4.00000000000000022204e-01
cascade_activation_functions_count=10
cascade_activation_functions=3 5 7 8 10 11 14 15 16 17 
cascade_activation_steepnesses_count=4
cascade_activation_steepnesses=2.50000000000000000000e-01 5.00000000000000000000e-01 7.50000000000000000000e-01 1.00000000000000000000e+00 
layer_sizes=12 4 2 
scale_included=0
neurons (num_inputs, activation_function, activation_steepness)=(0, 0, 0.00000000000000000000e+00) (0, 0, 0.00000000000000000000e+00) (0, 0, 0.00000000000000000000e+00) (0, 0, 0.00000000000000000000e+00) (0, 0, 0.00000000000000000000e+00) (0, 0, 0.00000000000000000000e+00) (0, 0, 0.00000000000000000000e+00) (0, 0, 0.00000000000000000000e+00) (0, 0, 0.00000000000000000000e+00) (0, 0, 0.00000000000000000000e+00) (0, 0, 0.00000000000000000000e+00) (0, 0, 0.00000000000000000000e+00) (12, 6, 5.00000000000000000000e-01) (12, 6, 5.00000000000000000000e-01) (12, 6, 5.00000000000000000000e-01) (0, 6, 0.00000000000000000000e+00) (4, 4, 5.00000000000000000000e-01) (0, 4, 0.00000000000000000000e+00) 
connections (connected_to_neuron, weight)=(0, 4.19660547365565683720e-02) (1, 3.98903259499676754452e-01) (2, 5.57662324596008618371e-01) (3, 2.08985593843460243368e-01) (4, 1.58961555542681473585e-02) (5, 3.83168600685066113032e-02) (6, 2.61256912883067959896e-01) (7, 2.18963667306491943654e-02) (8, 6.79565620256184277359e-01) (9, 1.66241860313735806409e-01) (10, 9.36245873627970376374e-02) (11, 2.85302005029433480843e-01) (0, -5.20599155167186689042e-01) (1, 1.48662194130058966657e+00) (2, 1.33502301672178580461e+00) (3, -1.32241811279515036892e-01) (4, -4.68333451611098683376e-01) (5, -4.22676628989276215176e-01) (6, -1.32905297386536530579e-01) (7, -9.61971174559746788901e-01) (8, 1.03885140406728182505e+00) (9, -1.24639234976452600856e-01) (10, -7.53570689333432408574e-01) (11, -2.14432710743898219397e-01) (0, 1.72616894642079077293e+00) (1, -1.70247809339789846206e+00) (2, -1.91600370298345135112e+00) (3, 1.12859312658082133751e+00) (4, 1.20020128914932544539e+00) (5, 1.71008717523677433725e+00) (6, 1.18591262528518970321e+00) (7, 1.36649672659142584763e+00) (8, -2.31371845900732875378e+00) (9, 1.54689345249913401403e+00) (10, 1.57486663499854273596e+00) (11, 9.30504595049897686998e-01) (12, 1.84445723212473988717e-01) (13, 1.30161198512011289097e+00) (14, -1.67724309170437706484e+01) (15, -8.66675677347252038096e-01) 
