FANN_FLO_2.1
num_layers=3
learning_rate=0.700000
connection_rate=1.000000
network_type=0
learning_momentum=0.000000
training_algorithm=2
train_error_function=1
train_stop_function=1
cascade_output_change_fraction=0.010000
quickprop_decay=-0.000100
quickprop_mu=1.750000
rprop_increase_factor=1.200000
rprop_decrease_factor=0.500000
rprop_delta_min=0.000000
rprop_delta_max=50.000000
rprop_delta_zero=0.100000
cascade_output_stagnation_epochs=12
cascade_candidate_change_fraction=0.010000
cascade_candidate_stagnation_epochs=12
cascade_max_out_epochs=150
cascade_min_out_epochs=50
cascade_max_cand_epochs=150
cascade_min_cand_epochs=50
cascade_num_candidate_groups=2
bit_fail_limit=1.00000000000000005551e-01
cascade_candidate_limit=1.00000000000000000000e+03
cascade_weight_multiplier=4.00000000000000022204e-01
cascade_activation_functions_count=10
cascade_activation_functions=3 5 7 8 10 11 14 15 16 17 
cascade_activation_steepnesses_count=4
cascade_activation_steepnesses=2.50000000000000000000e-01 5.00000000000000000000e-01 7.50000000000000000000e-01 1.00000000000000000000e+00 
layer_sizes=12 4 2 
scale_included=0
neurons (num_inputs, activation_function, activation_steepness)=(0, 0, 0.00000000000000000000e+00) (0, 0, 0.00000000000000000000e+00) (0, 0, 0.00000000000000000000e+00) (0, 0, 0.00000000000000000000e+00) (0, 0, 0.00000000000000000000e+00) (0, 0, 0.00000000000000000000e+00) (0, 0, 0.00000000000000000000e+00) (0, 0, 0.00000000000000000000e+00) (0, 0, 0.00000000000000000000e+00) (0, 0, 0.00000000000000000000e+00) (0, 0, 0.00000000000000000000e+00) (0, 0, 0.00000000000000000000e+00) (12, 6, 5.00000000000000000000e-01) (12, 6, 5.00000000000000000000e-01) (12, 6, 5.00000000000000000000e-01) (0, 6, 0.00000000000000000000e+00) (4, 4, 5.00000000000000000000e-01) (0, 4, 0.00000000000000000000e+00) 
connections (connected_to_neuron, weight)=(0, -1.27123489928301869334e+00) (1, 3.97305693517497537925e+00) (2, 1.53197755029019000439e+00) (3, 1.15387503219842077473e-01) (4, -3.50395392671663308271e-01) (5, -2.36581753040917330821e+00) (6, -1.90626570409342876999e+00) (7, -1.87186391478583447068e+00) (8, 1.56390403394590093988e+00) (9, 6.37979763633594543215e-01) (10, 1.20776363572259820556e-01) (11, -4.89904381003176070397e-01) (0, -3.45418068441779890776e+00) (1, 9.46153842473935924318e+00) (2, 1.35638178921080831962e+00) (3, -2.96482555794505345248e-02) (4, -9.27898528330414196219e-01) (5, -5.99411718408836513561e+00) (6, -5.11741135198277596885e+00) (7, -6.94063148862744672130e-01) (8, 1.80622004034410310602e+00) (9, 5.64417448775215824242e-01) (10, 2.45919119810504016588e-01) (11, -2.45413720740161600542e-01) (0, -3.51729371542725044453e-01) (1, 1.68923674376949439768e+00) (2, 1.89800516747904035597e+00) (3, 3.91536765265487418652e-01) (4, -2.73382686667525853785e-01) (5, -8.66968659057707480287e-01) (6, -5.66829462611803447381e-01) (7, -6.68618151062855159417e-01) (8, 2.14172450982000350805e+00) (9, 2.72698861080984567007e-01) (10, 7.71962178315855201971e-02) (11, -4.32624124879631533069e-01) (12, 1.53563255040391966055e+00) (13, 9.22613094950628109814e+00) (14, 2.32078363379042063031e+00) (15, -1.17113148334281436114e+00) 
