FANN_FLO_2.1
num_layers=3
learning_rate=0.700000
connection_rate=1.000000
network_type=0
learning_momentum=0.000000
training_algorithm=2
train_error_function=1
train_stop_function=1
cascade_output_change_fraction=0.010000
quickprop_decay=-0.000100
quickprop_mu=1.750000
rprop_increase_factor=1.200000
rprop_decrease_factor=0.500000
rprop_delta_min=0.000000
rprop_delta_max=50.000000
rprop_delta_zero=0.100000
cascade_output_stagnation_epochs=12
cascade_candidate_change_fraction=0.010000
cascade_candidate_stagnation_epochs=12
cascade_max_out_epochs=150
cascade_min_out_epochs=50
cascade_max_cand_epochs=150
cascade_min_cand_epochs=50
cascade_num_candidate_groups=2
bit_fail_limit=1.00000000000000005551e-01
cascade_candidate_limit=1.00000000000000000000e+03
cascade_weight_multiplier=4.00000000000000022204e-01
cascade_activation_functions_count=10
cascade_activation_functions=3 5 7 8 10 11 14 15 16 17 
cascade_activation_steepnesses_count=4
cascade_activation_steepnesses=2.50000000000000000000e-01 5.00000000000000000000e-01 7.50000000000000000000e-01 1.00000000000000000000e+00 
layer_sizes=6 4 2 
scale_included=0
neurons (num_inputs, activation_function, activation_steepness)=(0, 0, 0.00000000000000000000e+00) (0, 0, 0.00000000000000000000e+00) (0, 0, 0.00000000000000000000e+00) (0, 0, 0.00000000000000000000e+00) (0, 0, 0.00000000000000000000e+00) (0, 0, 0.00000000000000000000e+00) (6, 6, 5.00000000000000000000e-01) (6, 6, 5.00000000000000000000e-01) (6, 6, 5.00000000000000000000e-01) (0, 6, 0.00000000000000000000e+00) (4, 4, 5.00000000000000000000e-01) (0, 4, 0.00000000000000000000e+00) 
connections (connected_to_neuron, weight)=(0, 2.22584162252204986743e+00) (1, -1.44409798551177592785e+00) (2, 1.79927062654105240913e-01) (3, -1.14582846966695339752e+00) (4, 2.16164970163769759592e-01) (5, 8.47767618466737538085e-01) (0, 2.92343582764928155981e+00) (1, -1.10467741634963090291e+00) (2, 8.86829434622473516958e-03) (3, -1.49010310897026143628e+00) (4, -1.99491570381289062830e-01) (5, 7.22391743345519365960e-01) (0, 2.87543812201087289893e+00) (1, -9.93356719578485591882e-01) (2, -6.31650252760535546592e-02) (3, -1.72098655407996070643e+00) (4, -7.21561909195104211889e-01) (5, 8.09094489865639698856e-01) (6, -9.46050127724786804606e+00) (7, -1.81550625820880107142e+01) (8, -6.10692949247313965344e+00) (9, -2.77232276655532761112e+00) 
