FANN_FLO_2.1
num_layers=3
learning_rate=0.700000
connection_rate=1.000000
network_type=0
learning_momentum=0.000000
training_algorithm=2
train_error_function=1
train_stop_function=1
cascade_output_change_fraction=0.010000
quickprop_decay=-0.000100
quickprop_mu=1.750000
rprop_increase_factor=1.200000
rprop_decrease_factor=0.500000
rprop_delta_min=0.000000
rprop_delta_max=50.000000
rprop_delta_zero=0.100000
cascade_output_stagnation_epochs=12
cascade_candidate_change_fraction=0.010000
cascade_candidate_stagnation_epochs=12
cascade_max_out_epochs=150
cascade_min_out_epochs=50
cascade_max_cand_epochs=150
cascade_min_cand_epochs=50
cascade_num_candidate_groups=2
bit_fail_limit=1.00000000000000005551e-01
cascade_candidate_limit=1.00000000000000000000e+03
cascade_weight_multiplier=4.00000000000000022204e-01
cascade_activation_functions_count=10
cascade_activation_functions=3 5 7 8 10 11 14 15 16 17 
cascade_activation_steepnesses_count=4
cascade_activation_steepnesses=2.50000000000000000000e-01 5.00000000000000000000e-01 7.50000000000000000000e-01 1.00000000000000000000e+00 
layer_sizes=15 4 2 
scale_included=0
neurons (num_inputs, activation_function, activation_steepness)=(0, 0, 0.00000000000000000000e+00) (0, 0, 0.00000000000000000000e+00) (0, 0, 0.00000000000000000000e+00) (0, 0, 0.00000000000000000000e+00) (0, 0, 0.00000000000000000000e+00) (0, 0, 0.00000000000000000000e+00) (0, 0, 0.00000000000000000000e+00) (0, 0, 0.00000000000000000000e+00) (0, 0, 0.00000000000000000000e+00) (0, 0, 0.00000000000000000000e+00) (0, 0, 0.00000000000000000000e+00) (0, 0, 0.00000000000000000000e+00) (0, 0, 0.00000000000000000000e+00) (0, 0, 0.00000000000000000000e+00) (0, 0, 0.00000000000000000000e+00) (15, 6, 5.00000000000000000000e-01) (15, 6, 5.00000000000000000000e-01) (15, 6, 5.00000000000000000000e-01) (0, 6, 0.00000000000000000000e+00) (4, 4, 5.00000000000000000000e-01) (0, 4, 0.00000000000000000000e+00) 
connections (connected_to_neuron, weight)=(0, -7.44818042134833935286e-01) (1, 3.82381594900850529939e+00) (2, 2.59129279650723187700e-01) (3, -5.53433884759872762871e-01) (4, -2.29832984730852230015e-02) (5, -3.14609292446103250285e-01) (6, -1.76828946469750530879e-01) (7, -1.53801600931611187617e-01) (8, -7.56969894384933117415e-01) (9, 2.62255549207078830776e-02) (10, -1.89959477184739239375e-01) (11, -9.60382535277342297420e-01) (12, 2.87120842732464520708e-01) (13, -5.05591113944977132988e-01) (14, -5.11023101290195791435e-01) (0, 1.02490066899855669647e+00) (1, -2.39112865192394075109e+00) (2, 3.83983966663052345147e-02) (3, 9.14610214677119337523e-01) (4, 2.46037906046169763119e-01) (5, 5.85599977083464118266e-01) (6, 4.88257094778080547037e-01) (7, 6.14012497968931647563e-01) (8, 8.66297878470683180296e-01) (9, 1.82070998485344415219e-01) (10, 5.49841533906717749858e-01) (11, 1.31935699444321041796e+00) (12, 5.73070761516262794366e-02) (13, 9.46706243005061232054e-01) (14, 8.71153935935759626830e-01) (0, -6.58452439224315178024e-01) (1, 3.83967084412340398103e+00) (2, 2.86449768938099591509e-01) (3, -4.87308037360637935631e-01) (4, 6.67455672994005100307e-02) (5, -3.05708925722565805216e-01) (6, -1.83732594846215374629e-01) (7, -2.30458717344727642695e-01) (8, -6.65236341869426262008e-01) (9, -4.13272500261915309849e-02) (10, -1.24608497618165142695e-01) (11, -8.46892728625273205623e-01) (12, 1.72987048871790560778e-01) (13, -4.55623057564228328697e-01) (14, -5.81787024517982809257e-01) (15, 3.91382480387453313142e+00) (16, -3.95694037501577611238e+00) (17, 3.87535458777908559114e+00) (18, -5.68936896403759329033e-01) 
