FANN_FLO_2.1
num_layers=3
learning_rate=0.700000
connection_rate=1.000000
network_type=0
learning_momentum=0.000000
training_algorithm=2
train_error_function=1
train_stop_function=1
cascade_output_change_fraction=0.010000
quickprop_decay=-0.000100
quickprop_mu=1.750000
rprop_increase_factor=1.200000
rprop_decrease_factor=0.500000
rprop_delta_min=0.000000
rprop_delta_max=50.000000
rprop_delta_zero=0.100000
cascade_output_stagnation_epochs=12
cascade_candidate_change_fraction=0.010000
cascade_candidate_stagnation_epochs=12
cascade_max_out_epochs=150
cascade_min_out_epochs=50
cascade_max_cand_epochs=150
cascade_min_cand_epochs=50
cascade_num_candidate_groups=2
bit_fail_limit=1.00000000000000005551e-01
cascade_candidate_limit=1.00000000000000000000e+03
cascade_weight_multiplier=4.00000000000000022204e-01
cascade_activation_functions_count=10
cascade_activation_functions=3 5 7 8 10 11 14 15 16 17 
cascade_activation_steepnesses_count=4
cascade_activation_steepnesses=2.50000000000000000000e-01 5.00000000000000000000e-01 7.50000000000000000000e-01 1.00000000000000000000e+00 
layer_sizes=12 4 2 
scale_included=0
neurons (num_inputs, activation_function, activation_steepness)=(0, 0, 0.00000000000000000000e+00) (0, 0, 0.00000000000000000000e+00) (0, 0, 0.00000000000000000000e+00) (0, 0, 0.00000000000000000000e+00) (0, 0, 0.00000000000000000000e+00) (0, 0, 0.00000000000000000000e+00) (0, 0, 0.00000000000000000000e+00) (0, 0, 0.00000000000000000000e+00) (0, 0, 0.00000000000000000000e+00) (0, 0, 0.00000000000000000000e+00) (0, 0, 0.00000000000000000000e+00) (0, 0, 0.00000000000000000000e+00) (12, 6, 5.00000000000000000000e-01) (12, 6, 5.00000000000000000000e-01) (12, 6, 5.00000000000000000000e-01) (0, 6, 0.00000000000000000000e+00) (4, 4, 5.00000000000000000000e-01) (0, 4, 0.00000000000000000000e+00) 
connections (connected_to_neuron, weight)=(0, -1.00980619035194352229e+00) (1, 1.70510610576926069371e+00) (2, 5.47555423573513166957e-01) (3, 1.45516212369407549332e+00) (4, 1.08329961208842862064e+00) (5, -5.16888481477973504852e-01) (6, -1.04246856598090742452e+00) (7, 6.90578192067711094104e-01) (8, 9.98764023092486907807e-01) (9, -1.46633495550294679077e+00) (10, 3.97920350331566918811e-01) (11, -1.01573846555779390144e+00) (0, -8.88302729199628271495e-01) (1, 1.72540028777180509678e+00) (2, 6.27750448183078901820e-01) (3, 8.90656037540212053294e-01) (4, 9.99332939667926911653e-01) (5, -4.61872463027713342498e-01) (6, -9.93152681271549098163e-01) (7, 6.20925992322532871448e-01) (8, 9.41991068330505165740e-01) (9, -1.39058166157146256836e+00) (10, 3.48811696070931542835e-01) (11, -9.86699399272899069224e-01) (0, -1.00516086138318017085e+00) (1, 1.77907345082817869297e+00) (2, 7.72196179840007324024e-01) (3, 9.65793093950524705882e-01) (4, 1.14444996176503743790e+00) (5, -5.08002911607501550506e-01) (6, -9.21558271626945368915e-01) (7, 6.08104839516250827991e-01) (8, 1.05149839064190619986e+00) (9, -1.54060691754957002075e+00) (10, 2.61661841321490395984e-01) (11, -1.00175421379039719660e+00) (12, 3.16996708920766465667e+01) (13, 1.43704310418408844896e+01) (14, 1.43954721228521798082e+01) (15, -1.46140143638547970184e+00) 
