FANN_FLO_2.1
num_layers=3
learning_rate=0.700000
connection_rate=1.000000
network_type=0
learning_momentum=0.000000
training_algorithm=2
train_error_function=1
train_stop_function=1
cascade_output_change_fraction=0.010000
quickprop_decay=-0.000100
quickprop_mu=1.750000
rprop_increase_factor=1.200000
rprop_decrease_factor=0.500000
rprop_delta_min=0.000000
rprop_delta_max=50.000000
rprop_delta_zero=0.100000
cascade_output_stagnation_epochs=12
cascade_candidate_change_fraction=0.010000
cascade_candidate_stagnation_epochs=12
cascade_max_out_epochs=150
cascade_min_out_epochs=50
cascade_max_cand_epochs=150
cascade_min_cand_epochs=50
cascade_num_candidate_groups=2
bit_fail_limit=1.00000000000000005551e-01
cascade_candidate_limit=1.00000000000000000000e+03
cascade_weight_multiplier=4.00000000000000022204e-01
cascade_activation_functions_count=10
cascade_activation_functions=3 5 7 8 10 11 14 15 16 17 
cascade_activation_steepnesses_count=4
cascade_activation_steepnesses=2.50000000000000000000e-01 5.00000000000000000000e-01 7.50000000000000000000e-01 1.00000000000000000000e+00 
layer_sizes=11 4 2 
scale_included=0
neurons (num_inputs, activation_function, activation_steepness)=(0, 0, 0.00000000000000000000e+00) (0, 0, 0.00000000000000000000e+00) (0, 0, 0.00000000000000000000e+00) (0, 0, 0.00000000000000000000e+00) (0, 0, 0.00000000000000000000e+00) (0, 0, 0.00000000000000000000e+00) (0, 0, 0.00000000000000000000e+00) (0, 0, 0.00000000000000000000e+00) (0, 0, 0.00000000000000000000e+00) (0, 0, 0.00000000000000000000e+00) (0, 0, 0.00000000000000000000e+00) (11, 6, 5.00000000000000000000e-01) (11, 6, 5.00000000000000000000e-01) (11, 6, 5.00000000000000000000e-01) (0, 6, 0.00000000000000000000e+00) (4, 4, 5.00000000000000000000e-01) (0, 4, 0.00000000000000000000e+00) 
connections (connected_to_neuron, weight)=(0, -2.11899621219997591481e+00) (1, 9.46497020209778439082e-01) (2, 5.88473481274119869511e+00) (3, -6.65457325543231115184e-03) (4, 1.95484538990170553241e+00) (5, 7.25756953213387578927e+00) (6, 9.86053300507815921883e-01) (7, 2.07156981130296102833e+00) (8, -2.85032696510396865719e-01) (9, -1.06351218134856018160e+00) (10, -2.38299500639329231433e+00) (0, 2.33445965435039859415e+00) (1, -1.36099192140896807501e+00) (2, -3.47582303212067333931e+00) (3, -1.44524450768411449886e+00) (4, -2.45164488243436418102e+00) (5, -2.47606659279247010019e+00) (6, -1.68011678313462475831e-01) (7, -2.83154160522168041325e+00) (8, 1.74261789285306734065e+00) (9, 2.24872471322871581023e+00) (10, 2.53295507915353246275e+00) (0, -2.19139435736281140699e-01) (1, 1.07859082146566920279e+00) (2, 9.67512325215486468366e-01) (3, 2.06775906758229349736e-01) (4, 3.16824552576899920453e+00) (5, -5.79264079028466660759e-01) (6, 1.35511448840301557128e-01) (7, 2.28413991441417074668e+00) (8, -5.22149064280784558356e-01) (9, -3.07652745102892977158e-01) (10, -3.24903623608690850233e-01) (11, 4.85334629204699830041e+00) (12, -1.25969924562486355057e+01) (13, 6.17958347781485062278e-01) (14, -2.06996673347719806202e+00) 
