FANN_FLO_2.1
num_layers=3
learning_rate=0.700000
connection_rate=1.000000
network_type=0
learning_momentum=0.000000
training_algorithm=2
train_error_function=1
train_stop_function=1
cascade_output_change_fraction=0.010000
quickprop_decay=-0.000100
quickprop_mu=1.750000
rprop_increase_factor=1.200000
rprop_decrease_factor=0.500000
rprop_delta_min=0.000000
rprop_delta_max=50.000000
rprop_delta_zero=0.100000
cascade_output_stagnation_epochs=12
cascade_candidate_change_fraction=0.010000
cascade_candidate_stagnation_epochs=12
cascade_max_out_epochs=150
cascade_min_out_epochs=50
cascade_max_cand_epochs=150
cascade_min_cand_epochs=50
cascade_num_candidate_groups=2
bit_fail_limit=1.00000000000000005551e-01
cascade_candidate_limit=1.00000000000000000000e+03
cascade_weight_multiplier=4.00000000000000022204e-01
cascade_activation_functions_count=10
cascade_activation_functions=3 5 7 8 10 11 14 15 16 17 
cascade_activation_steepnesses_count=4
cascade_activation_steepnesses=2.50000000000000000000e-01 5.00000000000000000000e-01 7.50000000000000000000e-01 1.00000000000000000000e+00 
layer_sizes=11 4 2 
scale_included=0
neurons (num_inputs, activation_function, activation_steepness)=(0, 0, 0.00000000000000000000e+00) (0, 0, 0.00000000000000000000e+00) (0, 0, 0.00000000000000000000e+00) (0, 0, 0.00000000000000000000e+00) (0, 0, 0.00000000000000000000e+00) (0, 0, 0.00000000000000000000e+00) (0, 0, 0.00000000000000000000e+00) (0, 0, 0.00000000000000000000e+00) (0, 0, 0.00000000000000000000e+00) (0, 0, 0.00000000000000000000e+00) (0, 0, 0.00000000000000000000e+00) (11, 6, 5.00000000000000000000e-01) (11, 6, 5.00000000000000000000e-01) (11, 6, 5.00000000000000000000e-01) (0, 6, 0.00000000000000000000e+00) (4, 4, 5.00000000000000000000e-01) (0, 4, 0.00000000000000000000e+00) 
connections (connected_to_neuron, weight)=(0, -1.10858507370306247353e+00) (1, 9.03013402301815815143e-01) (2, 1.05604967953647355117e+00) (3, -2.31907289073531253099e-01) (4, 1.36941263532833007455e-01) (5, 7.01057420717534629517e-01) (6, 3.49584438176115341879e-01) (7, 2.32586163800554768244e+00) (8, -8.72570441995391465895e-01) (9, -9.98215786271822613784e-01) (10, -9.54454324298632306167e-01) (0, 2.95162604533070593860e+00) (1, -1.44714184979446880419e+00) (2, -2.62716986523301221368e+00) (3, 1.02369140698753580132e-01) (4, -4.86465223543319602584e+00) (5, -3.61252956703260474924e+00) (6, -3.22520595975603807659e+00) (7, -3.68738498887392740500e+00) (8, 2.34390717199057263542e+00) (9, 2.89727878439130881461e+00) (10, 3.02114913396472006824e+00) (0, -2.59231274706868042301e+00) (1, 2.86617627002593244878e-01) (2, 1.07522029483451557752e+01) (3, 1.92053227317244656902e+00) (4, -4.17489298285614041095e-01) (5, 5.92140113986095562026e-01) (6, 1.48785327671510270164e+01) (7, 6.87078226455903440240e-01) (8, -6.09720005631322226058e-01) (9, -1.03064049981687566593e+00) (10, -2.59398614747074951481e+00) (11, 3.02753800878610412894e+00) (12, -4.66932621846918838315e+00) (13, 4.76545643384246364604e+00) (14, -2.51572658253458847355e+00) 
