FANN_FLO_2.1
num_layers=3
learning_rate=0.700000
connection_rate=1.000000
network_type=0
learning_momentum=0.000000
training_algorithm=2
train_error_function=1
train_stop_function=1
cascade_output_change_fraction=0.010000
quickprop_decay=-0.000100
quickprop_mu=1.750000
rprop_increase_factor=1.200000
rprop_decrease_factor=0.500000
rprop_delta_min=0.000000
rprop_delta_max=50.000000
rprop_delta_zero=0.100000
cascade_output_stagnation_epochs=12
cascade_candidate_change_fraction=0.010000
cascade_candidate_stagnation_epochs=12
cascade_max_out_epochs=150
cascade_min_out_epochs=50
cascade_max_cand_epochs=150
cascade_min_cand_epochs=50
cascade_num_candidate_groups=2
bit_fail_limit=1.00000000000000005551e-01
cascade_candidate_limit=1.00000000000000000000e+03
cascade_weight_multiplier=4.00000000000000022204e-01
cascade_activation_functions_count=10
cascade_activation_functions=3 5 7 8 10 11 14 15 16 17 
cascade_activation_steepnesses_count=4
cascade_activation_steepnesses=2.50000000000000000000e-01 5.00000000000000000000e-01 7.50000000000000000000e-01 1.00000000000000000000e+00 
layer_sizes=9 4 2 
scale_included=0
neurons (num_inputs, activation_function, activation_steepness)=(0, 0, 0.00000000000000000000e+00) (0, 0, 0.00000000000000000000e+00) (0, 0, 0.00000000000000000000e+00) (0, 0, 0.00000000000000000000e+00) (0, 0, 0.00000000000000000000e+00) (0, 0, 0.00000000000000000000e+00) (0, 0, 0.00000000000000000000e+00) (0, 0, 0.00000000000000000000e+00) (0, 0, 0.00000000000000000000e+00) (9, 6, 5.00000000000000000000e-01) (9, 6, 5.00000000000000000000e-01) (9, 6, 5.00000000000000000000e-01) (0, 6, 0.00000000000000000000e+00) (4, 4, 5.00000000000000000000e-01) (0, 4, 0.00000000000000000000e+00) 
connections (connected_to_neuron, weight)=(0, -1.00749727005153988380e+00) (1, 1.93451980920873456427e+00) (2, 5.22925186357953042382e-01) (3, 4.23769648384723196521e-01) (4, 6.61994300832691617842e-01) (5, 3.77898169357690660863e-01) (6, 6.12224631061497159834e-01) (7, 2.20181808887077556935e-01) (8, -4.36351003821979555042e-01) (0, 4.24909307701553196068e+00) (1, -3.62800207083085535231e+00) (2, -2.48523784414443849045e+00) (3, -2.06849446212683751867e+00) (4, 2.38061680228751015864e-01) (5, -1.34144272550192678040e+00) (6, -3.37631121731416650178e+00) (7, 9.76438674340701640020e-01) (8, 4.24840260190929264184e+00) (0, 3.96022015948905237170e-01) (1, -3.99024562747791466943e-01) (2, -1.22730497901973834018e+00) (3, -1.54070170137347628447e+00) (4, -2.10313795796002345195e-01) (5, -5.25618563924567960832e-01) (6, -1.98612907558299994770e-01) (7, -8.64453864150544898370e-02) (8, 2.39135535999592224732e-01) (9, 9.41204248501052997966e-01) (10, -7.74769432552647163703e+00) (11, -9.16928485182749164473e-01) (12, -2.26036752749661440376e+00) 
