FANN_FLO_2.1
num_layers=3
learning_rate=0.700000
connection_rate=1.000000
network_type=0
learning_momentum=0.000000
training_algorithm=2
train_error_function=1
train_stop_function=1
cascade_output_change_fraction=0.010000
quickprop_decay=-0.000100
quickprop_mu=1.750000
rprop_increase_factor=1.200000
rprop_decrease_factor=0.500000
rprop_delta_min=0.000000
rprop_delta_max=50.000000
rprop_delta_zero=0.100000
cascade_output_stagnation_epochs=12
cascade_candidate_change_fraction=0.010000
cascade_candidate_stagnation_epochs=12
cascade_max_out_epochs=150
cascade_min_out_epochs=50
cascade_max_cand_epochs=150
cascade_min_cand_epochs=50
cascade_num_candidate_groups=2
bit_fail_limit=1.00000000000000005551e-01
cascade_candidate_limit=1.00000000000000000000e+03
cascade_weight_multiplier=4.00000000000000022204e-01
cascade_activation_functions_count=10
cascade_activation_functions=3 5 7 8 10 11 14 15 16 17 
cascade_activation_steepnesses_count=4
cascade_activation_steepnesses=2.50000000000000000000e-01 5.00000000000000000000e-01 7.50000000000000000000e-01 1.00000000000000000000e+00 
layer_sizes=8 4 2 
scale_included=0
neurons (num_inputs, activation_function, activation_steepness)=(0, 0, 0.00000000000000000000e+00) (0, 0, 0.00000000000000000000e+00) (0, 0, 0.00000000000000000000e+00) (0, 0, 0.00000000000000000000e+00) (0, 0, 0.00000000000000000000e+00) (0, 0, 0.00000000000000000000e+00) (0, 0, 0.00000000000000000000e+00) (0, 0, 0.00000000000000000000e+00) (8, 6, 5.00000000000000000000e-01) (8, 6, 5.00000000000000000000e-01) (8, 6, 5.00000000000000000000e-01) (0, 6, 0.00000000000000000000e+00) (4, 4, 5.00000000000000000000e-01) (0, 4, 0.00000000000000000000e+00) 
connections (connected_to_neuron, weight)=(0, 6.99312555775395749968e-01) (1, 1.00941009809338977377e+00) (2, 1.25629015163969737223e+00) (3, 1.05748733604756939286e+00) (4, 1.14926761132479393623e+00) (5, 1.24689513091206283235e+00) (6, 1.97123963587087924765e+00) (7, -1.11559571942700519465e+00) (0, -2.16441985626453314850e+00) (1, -5.11728939954764872056e-01) (2, -5.86503883427680672291e-01) (3, -5.77014400572602337292e-01) (4, -4.69877398374244747981e-01) (5, -6.51542961869861381174e-01) (6, -7.65562989618349343246e-01) (7, 1.39754733335227543378e+00) (0, -2.05729301260571295629e+00) (1, -6.60031456620107537248e-01) (2, -7.31125432461813495877e-01) (3, -6.28271887959067409923e-01) (4, -4.84978646939179913744e-01) (5, -5.45216593488042411408e-01) (6, -8.10935537912689019535e-01) (7, 1.52086474071157073951e+00) (8, 3.72385222503796313731e+01) (9, -5.11815781190250262966e+00) (10, -2.56646602614274961240e+01) (11, -3.95693998010878056348e+00) 
