FANN_FLO_2.1
num_layers=3
learning_rate=0.700000
connection_rate=1.000000
network_type=0
learning_momentum=0.000000
training_algorithm=2
train_error_function=1
train_stop_function=1
cascade_output_change_fraction=0.010000
quickprop_decay=-0.000100
quickprop_mu=1.750000
rprop_increase_factor=1.200000
rprop_decrease_factor=0.500000
rprop_delta_min=0.000000
rprop_delta_max=50.000000
rprop_delta_zero=0.100000
cascade_output_stagnation_epochs=12
cascade_candidate_change_fraction=0.010000
cascade_candidate_stagnation_epochs=12
cascade_max_out_epochs=150
cascade_min_out_epochs=50
cascade_max_cand_epochs=150
cascade_min_cand_epochs=50
cascade_num_candidate_groups=2
bit_fail_limit=1.00000000000000005551e-01
cascade_candidate_limit=1.00000000000000000000e+03
cascade_weight_multiplier=4.00000000000000022204e-01
cascade_activation_functions_count=10
cascade_activation_functions=3 5 7 8 10 11 14 15 16 17 
cascade_activation_steepnesses_count=4
cascade_activation_steepnesses=2.50000000000000000000e-01 5.00000000000000000000e-01 7.50000000000000000000e-01 1.00000000000000000000e+00 
layer_sizes=10 4 2 
scale_included=0
neurons (num_inputs, activation_function, activation_steepness)=(0, 0, 0.00000000000000000000e+00) (0, 0, 0.00000000000000000000e+00) (0, 0, 0.00000000000000000000e+00) (0, 0, 0.00000000000000000000e+00) (0, 0, 0.00000000000000000000e+00) (0, 0, 0.00000000000000000000e+00) (0, 0, 0.00000000000000000000e+00) (0, 0, 0.00000000000000000000e+00) (0, 0, 0.00000000000000000000e+00) (0, 0, 0.00000000000000000000e+00) (10, 6, 5.00000000000000000000e-01) (10, 6, 5.00000000000000000000e-01) (10, 6, 5.00000000000000000000e-01) (0, 6, 0.00000000000000000000e+00) (4, 4, 5.00000000000000000000e-01) (0, 4, 0.00000000000000000000e+00) 
connections (connected_to_neuron, weight)=(0, -2.23573790990816645419e-01) (1, 2.85749825430407833338e-01) (2, 4.72177110084021034453e+00) (3, 4.99146623139522516155e-02) (4, 1.18414023365369214247e-01) (5, 4.83519099869453850005e+00) (6, 1.57876033854975506010e-01) (7, 4.72610569641158217991e-01) (8, 2.28623544333433625919e-02) (9, -7.49283497900340100806e-01) (0, -9.75433831448426491573e-02) (1, 2.31854262543216005366e-01) (2, 4.83830076672756614897e+00) (3, 9.95568899040363275432e-02) (4, 5.61286969441083527510e-02) (5, 4.79262519099438133452e+00) (6, 5.90330553774974786663e-02) (7, 4.69605441287324065769e-01) (8, -3.44675126018071653622e-02) (9, -7.06128487110707303565e-01) (0, 6.31958124143361166247e-01) (1, 7.10810589199030729013e-02) (2, -4.80598392926776352141e+00) (3, 5.57861485434054560351e-01) (4, -2.69765243265873477796e-01) (5, -4.65839256562912407134e+00) (6, 5.94853375953911855945e-01) (7, 1.72964919199814354256e-01) (8, 4.38195140015756101626e-01) (9, 1.16006316908698958734e+00) (10, 4.78867882706844749663e+00) (11, 4.81743087091171684477e+00) (12, -4.84357012279951515410e+00) (13, -7.78951892376515298011e-01) 
