FANN_FLO_2.1
num_layers=3
learning_rate=0.700000
connection_rate=1.000000
network_type=0
learning_momentum=0.000000
training_algorithm=2
train_error_function=1
train_stop_function=1
cascade_output_change_fraction=0.010000
quickprop_decay=-0.000100
quickprop_mu=1.750000
rprop_increase_factor=1.200000
rprop_decrease_factor=0.500000
rprop_delta_min=0.000000
rprop_delta_max=50.000000
rprop_delta_zero=0.100000
cascade_output_stagnation_epochs=12
cascade_candidate_change_fraction=0.010000
cascade_candidate_stagnation_epochs=12
cascade_max_out_epochs=150
cascade_min_out_epochs=50
cascade_max_cand_epochs=150
cascade_min_cand_epochs=50
cascade_num_candidate_groups=2
bit_fail_limit=1.00000000000000005551e-01
cascade_candidate_limit=1.00000000000000000000e+03
cascade_weight_multiplier=4.00000000000000022204e-01
cascade_activation_functions_count=10
cascade_activation_functions=3 5 7 8 10 11 14 15 16 17 
cascade_activation_steepnesses_count=4
cascade_activation_steepnesses=2.50000000000000000000e-01 5.00000000000000000000e-01 7.50000000000000000000e-01 1.00000000000000000000e+00 
layer_sizes=17 4 2 
scale_included=0
neurons (num_inputs, activation_function, activation_steepness)=(0, 0, 0.00000000000000000000e+00) (0, 0, 0.00000000000000000000e+00) (0, 0, 0.00000000000000000000e+00) (0, 0, 0.00000000000000000000e+00) (0, 0, 0.00000000000000000000e+00) (0, 0, 0.00000000000000000000e+00) (0, 0, 0.00000000000000000000e+00) (0, 0, 0.00000000000000000000e+00) (0, 0, 0.00000000000000000000e+00) (0, 0, 0.00000000000000000000e+00) (0, 0, 0.00000000000000000000e+00) (0, 0, 0.00000000000000000000e+00) (0, 0, 0.00000000000000000000e+00) (0, 0, 0.00000000000000000000e+00) (0, 0, 0.00000000000000000000e+00) (0, 0, 0.00000000000000000000e+00) (0, 0, 0.00000000000000000000e+00) (17, 6, 5.00000000000000000000e-01) (17, 6, 5.00000000000000000000e-01) (17, 6, 5.00000000000000000000e-01) (0, 6, 0.00000000000000000000e+00) (4, 4, 5.00000000000000000000e-01) (0, 4, 0.00000000000000000000e+00) 
connections (connected_to_neuron, weight)=(0, -1.98786484329784685077e-01) (1, 1.77032636169759727274e+00) (2, 3.05649531050486526762e-02) (3, 6.86175395197108489720e-02) (4, -8.13480445221461817562e-02) (5, -6.60126832047712858165e-02) (6, 6.02351692320660797586e-02) (7, -5.96297545814553298094e-01) (8, 3.14201029354234995239e+00) (9, 1.69848027317371585987e+00) (10, 1.83352289412586189066e+00) (11, 1.85497742955057121073e+00) (12, 1.71799691258516529224e+00) (13, -4.27760136533619356181e-02) (14, -1.11370128384713343306e-01) (15, -2.15048295665623348527e-02) (16, -5.63979985648432768919e-01) (0, 1.43624394478098049710e+00) (1, -3.28335205170798971608e+00) (2, 8.28581676063857908154e-01) (3, 8.43706935820899839307e-01) (4, 8.52347316853230618783e-01) (5, 8.28998640356384153272e-01) (6, 8.09613710902159722238e-01) (7, 7.99330950620096847281e-01) (8, -3.16124267013449689046e+00) (9, -3.28634071055341436818e+00) (10, -3.28033592257190420582e+00) (11, -3.27159978899646475270e+00) (12, -3.20962468010288937137e+00) (13, 1.52379978166714802335e+00) (14, 1.06511218651866590434e+00) (15, 1.48148420916691914151e+00) (16, 1.63616707574166064809e+00) (0, 8.46205253644756877351e-02) (1, 8.45394634813796508332e-01) (2, 1.23832749945565478988e-01) (3, 3.09334274357998748051e-02) (4, 6.70605648638571277820e-02) (5, 1.17671389623455573126e-02) (6, 9.35849894167746082507e-02) (7, 2.55486492558292914434e-02) (8, 1.46150733030476054353e+00) (9, 8.30110290259849059602e-01) (10, 9.20227156192790496370e-01) (11, 9.24190522343646514436e-01) (12, 7.32073026757767753026e-01) (13, -1.58774142671501472535e-01) (14, 1.97977226878990802961e-01) (15, -4.03689868339655866247e-02) (16, -9.72034423757432430868e-02) (17, 7.05776900783204208523e-01) (18, -1.86498853715243306794e+01) (19, 7.49439454834228357960e-01) (20, -9.20681724285960956244e-01) 
