FANN_FLO_2.1
num_layers=3
learning_rate=0.700000
connection_rate=1.000000
network_type=0
learning_momentum=0.000000
training_algorithm=2
train_error_function=1
train_stop_function=1
cascade_output_change_fraction=0.010000
quickprop_decay=-0.000100
quickprop_mu=1.750000
rprop_increase_factor=1.200000
rprop_decrease_factor=0.500000
rprop_delta_min=0.000000
rprop_delta_max=50.000000
rprop_delta_zero=0.100000
cascade_output_stagnation_epochs=12
cascade_candidate_change_fraction=0.010000
cascade_candidate_stagnation_epochs=12
cascade_max_out_epochs=150
cascade_min_out_epochs=50
cascade_max_cand_epochs=150
cascade_min_cand_epochs=50
cascade_num_candidate_groups=2
bit_fail_limit=1.00000000000000005551e-01
cascade_candidate_limit=1.00000000000000000000e+03
cascade_weight_multiplier=4.00000000000000022204e-01
cascade_activation_functions_count=10
cascade_activation_functions=3 5 7 8 10 11 14 15 16 17 
cascade_activation_steepnesses_count=4
cascade_activation_steepnesses=2.50000000000000000000e-01 5.00000000000000000000e-01 7.50000000000000000000e-01 1.00000000000000000000e+00 
layer_sizes=15 4 2 
scale_included=0
neurons (num_inputs, activation_function, activation_steepness)=(0, 0, 0.00000000000000000000e+00) (0, 0, 0.00000000000000000000e+00) (0, 0, 0.00000000000000000000e+00) (0, 0, 0.00000000000000000000e+00) (0, 0, 0.00000000000000000000e+00) (0, 0, 0.00000000000000000000e+00) (0, 0, 0.00000000000000000000e+00) (0, 0, 0.00000000000000000000e+00) (0, 0, 0.00000000000000000000e+00) (0, 0, 0.00000000000000000000e+00) (0, 0, 0.00000000000000000000e+00) (0, 0, 0.00000000000000000000e+00) (0, 0, 0.00000000000000000000e+00) (0, 0, 0.00000000000000000000e+00) (0, 0, 0.00000000000000000000e+00) (15, 6, 5.00000000000000000000e-01) (15, 6, 5.00000000000000000000e-01) (15, 6, 5.00000000000000000000e-01) (0, 6, 0.00000000000000000000e+00) (4, 4, 5.00000000000000000000e-01) (0, 4, 0.00000000000000000000e+00) 
connections (connected_to_neuron, weight)=(0, 3.00410736986943760485e+00) (1, 1.61624095909346149336e-01) (2, -1.98326528334840124224e+00) (3, -7.43333082342086282068e-01) (4, 5.93582929201204656522e+00) (5, 4.38025554152368878924e-01) (6, 3.78265729286299867695e+00) (7, 6.46524203309550582475e+00) (8, -1.18404987609692327055e+01) (9, -9.81247136932146823973e-01) (10, 2.14947429179273541422e+00) (11, -6.75442871304040437508e+00) (12, -1.50308840071913496494e+00) (13, -9.13029846364621278099e+00) (14, 5.58206713844901614152e-01) (0, -8.48119748621807900690e+00) (1, 8.28218732588432970942e+00) (2, 6.06179667040339325013e+01) (3, 1.34850427966220909326e+00) (4, -2.89037176974238629867e+00) (5, 3.62384338205165468239e+00) (6, -5.63974211409581149823e-01) (7, 8.46757898830431732229e-01) (8, -3.43555116839057683720e+00) (9, -2.56708202639608362716e+00) (10, -4.16069514900055210660e+01) (11, -1.75132352888988194195e+01) (12, 1.60481163132733932741e+01) (13, 2.98512420966756195639e+01) (14, -6.25331159271684100531e+00) (0, -1.10996618598893626029e+01) (1, -3.31218089608067367546e-01) (2, -8.57272776628921207021e-01) (3, -3.72867607986865090552e+00) (4, 2.31741845584994266005e+00) (5, -6.99441601518743816257e+00) (6, 5.63031511419485354575e-03) (7, -3.50016854123527032527e+00) (8, 3.15303108125935658279e+01) (9, 2.87206089726861035771e+00) (10, 1.28710891306950681034e+00) (11, 8.15692158718972137876e+00) (12, 3.95409474581567188523e+00) (13, 1.82691123077046713163e+00) (14, -8.26556341207892342204e-01) (15, 1.36078092867527615795e+01) (16, 1.04272669522030660971e+01) (17, 1.91080126631053204278e+01) (18, -9.30052235691005924068e-01) 
