FANN_FLO_2.1
num_layers=3
learning_rate=0.700000
connection_rate=1.000000
network_type=0
learning_momentum=0.000000
training_algorithm=2
train_error_function=1
train_stop_function=1
cascade_output_change_fraction=0.010000
quickprop_decay=-0.000100
quickprop_mu=1.750000
rprop_increase_factor=1.200000
rprop_decrease_factor=0.500000
rprop_delta_min=0.000000
rprop_delta_max=50.000000
rprop_delta_zero=0.100000
cascade_output_stagnation_epochs=12
cascade_candidate_change_fraction=0.010000
cascade_candidate_stagnation_epochs=12
cascade_max_out_epochs=150
cascade_min_out_epochs=50
cascade_max_cand_epochs=150
cascade_min_cand_epochs=50
cascade_num_candidate_groups=2
bit_fail_limit=1.00000000000000005551e-01
cascade_candidate_limit=1.00000000000000000000e+03
cascade_weight_multiplier=4.00000000000000022204e-01
cascade_activation_functions_count=10
cascade_activation_functions=3 5 7 8 10 11 14 15 16 17 
cascade_activation_steepnesses_count=4
cascade_activation_steepnesses=2.50000000000000000000e-01 5.00000000000000000000e-01 7.50000000000000000000e-01 1.00000000000000000000e+00 
layer_sizes=13 4 2 
scale_included=0
neurons (num_inputs, activation_function, activation_steepness)=(0, 0, 0.00000000000000000000e+00) (0, 0, 0.00000000000000000000e+00) (0, 0, 0.00000000000000000000e+00) (0, 0, 0.00000000000000000000e+00) (0, 0, 0.00000000000000000000e+00) (0, 0, 0.00000000000000000000e+00) (0, 0, 0.00000000000000000000e+00) (0, 0, 0.00000000000000000000e+00) (0, 0, 0.00000000000000000000e+00) (0, 0, 0.00000000000000000000e+00) (0, 0, 0.00000000000000000000e+00) (0, 0, 0.00000000000000000000e+00) (0, 0, 0.00000000000000000000e+00) (13, 6, 5.00000000000000000000e-01) (13, 6, 5.00000000000000000000e-01) (13, 6, 5.00000000000000000000e-01) (0, 6, 0.00000000000000000000e+00) (4, 4, 5.00000000000000000000e-01) (0, 4, 0.00000000000000000000e+00) 
connections (connected_to_neuron, weight)=(0, 1.39132528950319245276e+00) (1, 4.11508658744557020981e+00) (2, 2.27685091168915754167e+00) (3, 5.16350351152610187455e+00) (4, 6.23159103738186104238e+00) (5, -2.69569792262992713461e+00) (6, 7.64180780245178059573e+00) (7, -3.21488816719041281544e+00) (8, -1.58163296528910013450e+00) (9, 6.05297825327468608236e+00) (10, 6.15461875051633988676e+00) (11, 8.40360226190614589825e+00) (12, -2.64717649191469917014e+00) (0, -5.70378923877257282271e+00) (1, -2.43668114811482139359e+00) (2, -3.01501231010894521489e+00) (3, -1.75965525884978046811e+00) (4, -1.43190469771718786873e+00) (5, -2.97405696738610147989e+00) (6, -1.19615249537104939570e+00) (7, -2.41488220137503395435e+00) (8, -2.79155134615157818345e+00) (9, -1.95661875826733311357e+00) (10, -1.39754655677399131086e+00) (11, -1.70310015447283547019e+00) (12, 5.46362065703895183333e+00) (0, 2.34690534732997591050e+00) (1, 1.63500779127644091382e+00) (2, 1.75464379052922159197e+00) (3, 4.30480321001783750035e+00) (4, 5.91719788458408491039e+00) (5, -6.32667263144806302222e+00) (6, -2.56135657401712073522e+01) (7, 4.55554442672138364401e+01) (8, 1.58951380931455048540e+01) (9, 2.93086884570520611604e+00) (10, -5.19219491470139971057e+00) (11, 1.35093706606338379572e+01) (12, -2.31053514194164799633e+00) (13, 1.20675203956590681997e+01) (14, -2.77304620666087906500e+01) (15, 6.70675632503642482618e+00) (16, -1.64480940789293028637e+00) 
