FANN_FLO_2.1
num_layers=3
learning_rate=0.700000
connection_rate=1.000000
network_type=0
learning_momentum=0.000000
training_algorithm=2
train_error_function=1
train_stop_function=1
cascade_output_change_fraction=0.010000
quickprop_decay=-0.000100
quickprop_mu=1.750000
rprop_increase_factor=1.200000
rprop_decrease_factor=0.500000
rprop_delta_min=0.000000
rprop_delta_max=50.000000
rprop_delta_zero=0.100000
cascade_output_stagnation_epochs=12
cascade_candidate_change_fraction=0.010000
cascade_candidate_stagnation_epochs=12
cascade_max_out_epochs=150
cascade_min_out_epochs=50
cascade_max_cand_epochs=150
cascade_min_cand_epochs=50
cascade_num_candidate_groups=2
bit_fail_limit=1.00000000000000005551e-01
cascade_candidate_limit=1.00000000000000000000e+03
cascade_weight_multiplier=4.00000000000000022204e-01
cascade_activation_functions_count=10
cascade_activation_functions=3 5 7 8 10 11 14 15 16 17 
cascade_activation_steepnesses_count=4
cascade_activation_steepnesses=2.50000000000000000000e-01 5.00000000000000000000e-01 7.50000000000000000000e-01 1.00000000000000000000e+00 
layer_sizes=11 4 2 
scale_included=0
neurons (num_inputs, activation_function, activation_steepness)=(0, 0, 0.00000000000000000000e+00) (0, 0, 0.00000000000000000000e+00) (0, 0, 0.00000000000000000000e+00) (0, 0, 0.00000000000000000000e+00) (0, 0, 0.00000000000000000000e+00) (0, 0, 0.00000000000000000000e+00) (0, 0, 0.00000000000000000000e+00) (0, 0, 0.00000000000000000000e+00) (0, 0, 0.00000000000000000000e+00) (0, 0, 0.00000000000000000000e+00) (0, 0, 0.00000000000000000000e+00) (11, 6, 5.00000000000000000000e-01) (11, 6, 5.00000000000000000000e-01) (11, 6, 5.00000000000000000000e-01) (0, 6, 0.00000000000000000000e+00) (4, 4, 5.00000000000000000000e-01) (0, 4, 0.00000000000000000000e+00) 
connections (connected_to_neuron, weight)=(0, 3.73491882002014996544e+00) (1, 1.10580048503224457335e+01) (2, -9.11644983882883330750e+00) (3, -4.31834054401626161734e+01) (4, -2.77325857634248107431e+00) (5, -3.08106710386308346727e+00) (6, 5.03932911020522844581e-01) (7, -2.50397902905466596124e+00) (8, -4.67930750868589555580e+01) (9, -5.45116053761747565432e+00) (10, 3.65090696723373664412e+00) (0, -6.73206542086082038168e+00) (1, -2.34216537525814381127e+01) (2, 3.58370721898874489142e+00) (3, -1.97534699065067620438e+00) (4, 8.61009646877293532974e-01) (5, 4.98016990825748528948e+00) (6, -9.66531283426794174396e-01) (7, 2.92230358046787275228e+00) (8, 3.90038398935249475130e+01) (9, 4.25087406320413130345e+00) (10, 9.96904003821832240817e+00) (0, 1.99091863775044883300e-02) (1, -1.76298738061007309597e+00) (2, 1.23279732772418015863e+00) (3, 4.09119678911744522054e+00) (4, 1.65378957400738407779e-01) (5, -2.51603923093714265669e-01) (6, 4.67429000926320614706e-01) (7, 5.12345457190335751285e-02) (8, 4.88380162759311087228e+00) (9, -1.70219753235219789511e-01) (10, 5.35517408134984218560e-02) (11, -3.32269701733596747317e+01) (12, 6.93170541724191036081e+00) (13, -7.62038385419634352047e+01) (14, -1.09066052198519543026e+01) 
