FANN_FLO_2.1
num_layers=3
learning_rate=0.700000
connection_rate=1.000000
network_type=0
learning_momentum=0.000000
training_algorithm=2
train_error_function=1
train_stop_function=1
cascade_output_change_fraction=0.010000
quickprop_decay=-0.000100
quickprop_mu=1.750000
rprop_increase_factor=1.200000
rprop_decrease_factor=0.500000
rprop_delta_min=0.000000
rprop_delta_max=50.000000
rprop_delta_zero=0.100000
cascade_output_stagnation_epochs=12
cascade_candidate_change_fraction=0.010000
cascade_candidate_stagnation_epochs=12
cascade_max_out_epochs=150
cascade_min_out_epochs=50
cascade_max_cand_epochs=150
cascade_min_cand_epochs=50
cascade_num_candidate_groups=2
bit_fail_limit=1.00000000000000005551e-01
cascade_candidate_limit=1.00000000000000000000e+03
cascade_weight_multiplier=4.00000000000000022204e-01
cascade_activation_functions_count=10
cascade_activation_functions=3 5 7 8 10 11 14 15 16 17 
cascade_activation_steepnesses_count=4
cascade_activation_steepnesses=2.50000000000000000000e-01 5.00000000000000000000e-01 7.50000000000000000000e-01 1.00000000000000000000e+00 
layer_sizes=13 4 2 
scale_included=0
neurons (num_inputs, activation_function, activation_steepness)=(0, 0, 0.00000000000000000000e+00) (0, 0, 0.00000000000000000000e+00) (0, 0, 0.00000000000000000000e+00) (0, 0, 0.00000000000000000000e+00) (0, 0, 0.00000000000000000000e+00) (0, 0, 0.00000000000000000000e+00) (0, 0, 0.00000000000000000000e+00) (0, 0, 0.00000000000000000000e+00) (0, 0, 0.00000000000000000000e+00) (0, 0, 0.00000000000000000000e+00) (0, 0, 0.00000000000000000000e+00) (0, 0, 0.00000000000000000000e+00) (0, 0, 0.00000000000000000000e+00) (13, 6, 5.00000000000000000000e-01) (13, 6, 5.00000000000000000000e-01) (13, 6, 5.00000000000000000000e-01) (0, 6, 0.00000000000000000000e+00) (4, 4, 5.00000000000000000000e-01) (0, 4, 0.00000000000000000000e+00) 
connections (connected_to_neuron, weight)=(0, -1.32034252666964335710e+00) (1, 1.79381198831228627633e+00) (2, 7.89619928823784511529e-01) (3, 1.65172958007051806639e+00) (4, -9.19203828397619715496e-01) (5, -6.98578919052568608761e-02) (6, -9.60957378751619462065e-01) (7, 1.48763466948491696051e+00) (8, 3.88531257140943997452e-01) (9, 1.54818507064456123423e+00) (10, -1.19581024408018127270e-01) (11, -6.27210738555930125138e-01) (12, -1.42896865391268534928e+00) (0, -1.25088474982514186173e+00) (1, 1.85362450090287622650e+00) (2, 8.46410291967214067910e-01) (3, 1.67571448912813525389e+00) (4, -5.04141318342190780655e-01) (5, 1.13509531807950370119e-01) (6, -9.68478382236345414213e-01) (7, 1.49013233506900433234e+00) (8, 3.61823511052439261704e-01) (9, 1.47052496824735778880e+00) (10, -8.63615230318660886955e-02) (11, -5.89301711366913560930e-01) (12, -1.41947545194163127213e+00) (0, 1.86576032984285689054e+00) (1, -1.47931180868830436381e+00) (2, -8.66724776087521964207e-01) (3, -1.20437578499697584000e+00) (4, 1.09810614056191702126e+00) (5, 3.93796591455758571154e-01) (6, 1.34675483654167349457e+00) (7, -1.08232957628357717716e+00) (8, 5.03877443041983341665e-01) (9, -7.25750938025416236776e-01) (10, 5.67250323262396549673e-01) (11, 1.72341849688301995691e+00) (12, 1.99397402602463102994e+00) (13, 1.45082963598442358233e+01) (14, 1.45244723675322813250e+01) (15, -4.29852353161414324489e+00) (16, -1.11488901870094125890e+00) 
