FANN_FLO_2.1
num_layers=3
learning_rate=0.700000
connection_rate=1.000000
network_type=0
learning_momentum=0.000000
training_algorithm=2
train_error_function=1
train_stop_function=1
cascade_output_change_fraction=0.010000
quickprop_decay=-0.000100
quickprop_mu=1.750000
rprop_increase_factor=1.200000
rprop_decrease_factor=0.500000
rprop_delta_min=0.000000
rprop_delta_max=50.000000
rprop_delta_zero=0.100000
cascade_output_stagnation_epochs=12
cascade_candidate_change_fraction=0.010000
cascade_candidate_stagnation_epochs=12
cascade_max_out_epochs=150
cascade_min_out_epochs=50
cascade_max_cand_epochs=150
cascade_min_cand_epochs=50
cascade_num_candidate_groups=2
bit_fail_limit=1.00000000000000005551e-01
cascade_candidate_limit=1.00000000000000000000e+03
cascade_weight_multiplier=4.00000000000000022204e-01
cascade_activation_functions_count=10
cascade_activation_functions=3 5 7 8 10 11 14 15 16 17 
cascade_activation_steepnesses_count=4
cascade_activation_steepnesses=2.50000000000000000000e-01 5.00000000000000000000e-01 7.50000000000000000000e-01 1.00000000000000000000e+00 
layer_sizes=13 4 2 
scale_included=0
neurons (num_inputs, activation_function, activation_steepness)=(0, 0, 0.00000000000000000000e+00) (0, 0, 0.00000000000000000000e+00) (0, 0, 0.00000000000000000000e+00) (0, 0, 0.00000000000000000000e+00) (0, 0, 0.00000000000000000000e+00) (0, 0, 0.00000000000000000000e+00) (0, 0, 0.00000000000000000000e+00) (0, 0, 0.00000000000000000000e+00) (0, 0, 0.00000000000000000000e+00) (0, 0, 0.00000000000000000000e+00) (0, 0, 0.00000000000000000000e+00) (0, 0, 0.00000000000000000000e+00) (0, 0, 0.00000000000000000000e+00) (13, 6, 5.00000000000000000000e-01) (13, 6, 5.00000000000000000000e-01) (13, 6, 5.00000000000000000000e-01) (0, 6, 0.00000000000000000000e+00) (4, 4, 5.00000000000000000000e-01) (0, 4, 0.00000000000000000000e+00) 
connections (connected_to_neuron, weight)=(0, 2.23275833389966038567e+00) (1, -2.59533605045869197880e+00) (2, -2.17908649131287956990e+00) (3, 4.66656095196706977024e-01) (4, -2.07701264987297085085e+00) (5, -1.84594961556425229965e+00) (6, -1.13608079082766333379e+00) (7, -2.62422662083737323613e+00) (8, -2.45603520378658934931e+00) (9, -2.19963703247626396475e+00) (10, 1.41959963036998448871e+00) (11, 9.60816575109031179025e-01) (12, 2.88284919245403026267e+00) (0, -1.87986837803526274371e+00) (1, 2.54832299244641813374e+00) (2, 3.55390402915865122324e+00) (3, -4.55102609379940403755e-01) (4, 2.90168539148045834253e+00) (5, 2.58809770954015405664e+00) (6, 1.93470913649576958804e+00) (7, 1.77517138199124846487e-01) (8, 1.99426432994805846732e+00) (9, 4.24485190348352681156e+00) (10, 1.84272164541539873461e+00) (11, -6.47410860452490632966e-01) (12, -1.84484190224809996295e+00) (0, -1.55808754099423157902e-01) (1, 5.26807722977063463965e-01) (2, 4.99245206529452723032e+00) (3, 1.55497584691949491953e-01) (4, 8.79456076380140339133e-01) (5, 3.01679311754931855916e+00) (6, 3.39751630029935069999e+00) (7, 1.14982547124418621465e+00) (8, 9.35551484589142390291e-01) (9, 5.62474806345088618187e-01) (10, 1.93386715315521373615e-01) (11, 3.82474663219000921011e-01) (12, -7.85752309690062877845e-02) (13, -2.00423371489952444335e+01) (14, 3.56245378502820075894e+00) (15, 1.97081901832316469525e-01) (16, -1.79578137128754011798e+00) 
