FANN_FLO_2.1
num_layers=3
learning_rate=0.700000
connection_rate=1.000000
network_type=0
learning_momentum=0.000000
training_algorithm=2
train_error_function=1
train_stop_function=1
cascade_output_change_fraction=0.010000
quickprop_decay=-0.000100
quickprop_mu=1.750000
rprop_increase_factor=1.200000
rprop_decrease_factor=0.500000
rprop_delta_min=0.000000
rprop_delta_max=50.000000
rprop_delta_zero=0.100000
cascade_output_stagnation_epochs=12
cascade_candidate_change_fraction=0.010000
cascade_candidate_stagnation_epochs=12
cascade_max_out_epochs=150
cascade_min_out_epochs=50
cascade_max_cand_epochs=150
cascade_min_cand_epochs=50
cascade_num_candidate_groups=2
bit_fail_limit=1.00000000000000005551e-01
cascade_candidate_limit=1.00000000000000000000e+03
cascade_weight_multiplier=4.00000000000000022204e-01
cascade_activation_functions_count=10
cascade_activation_functions=3 5 7 8 10 11 14 15 16 17 
cascade_activation_steepnesses_count=4
cascade_activation_steepnesses=2.50000000000000000000e-01 5.00000000000000000000e-01 7.50000000000000000000e-01 1.00000000000000000000e+00 
layer_sizes=10 4 2 
scale_included=0
neurons (num_inputs, activation_function, activation_steepness)=(0, 0, 0.00000000000000000000e+00) (0, 0, 0.00000000000000000000e+00) (0, 0, 0.00000000000000000000e+00) (0, 0, 0.00000000000000000000e+00) (0, 0, 0.00000000000000000000e+00) (0, 0, 0.00000000000000000000e+00) (0, 0, 0.00000000000000000000e+00) (0, 0, 0.00000000000000000000e+00) (0, 0, 0.00000000000000000000e+00) (0, 0, 0.00000000000000000000e+00) (10, 6, 5.00000000000000000000e-01) (10, 6, 5.00000000000000000000e-01) (10, 6, 5.00000000000000000000e-01) (0, 6, 0.00000000000000000000e+00) (4, 4, 5.00000000000000000000e-01) (0, 4, 0.00000000000000000000e+00) 
connections (connected_to_neuron, weight)=(0, -1.14099412056908522395e+00) (1, 1.54926500636570607661e+00) (2, 3.90040381207885256121e-01) (3, -3.60758442238438181704e+00) (4, -6.62629808613714454957e-01) (5, 1.59479803274812015346e+00) (6, 6.79342433118041988394e-01) (7, 1.43596878249979309494e+00) (8, 2.44157038388859798372e-01) (9, -7.07768814201781171214e-01) (0, 2.27416876900972342312e+00) (1, -2.14303507647313118412e+00) (2, -1.12390381761030813124e+01) (3, 1.62923285136508400051e+00) (4, 1.66166035385067001329e+00) (5, -1.03302992933855941615e+00) (6, 7.10479697058975068202e-01) (7, -1.97344146561162303577e+00) (8, 1.48385777080250719218e-01) (9, 2.35386587876857600321e+00) (0, -4.53080756628200354008e-01) (1, 9.55949873652829129611e-01) (2, -1.45220270500470394204e+00) (3, -7.83280863905342905618e-01) (4, -4.17642407948571658949e-01) (5, 1.99009126970331878814e-01) (6, 2.16850255824483750811e-01) (7, 1.44719868737562684657e+00) (8, 2.15747695773583103573e-01) (9, -1.36261181963503702486e-01) (10, 9.28130057395287089150e+00) (11, -9.48139761799054525682e+00) (12, 4.27822938281274878225e-01) (13, -5.33271529747743411320e+00) 
