FANN_FLO_2.1
num_layers=3
learning_rate=0.700000
connection_rate=1.000000
network_type=0
learning_momentum=0.000000
training_algorithm=2
train_error_function=1
train_stop_function=1
cascade_output_change_fraction=0.010000
quickprop_decay=-0.000100
quickprop_mu=1.750000
rprop_increase_factor=1.200000
rprop_decrease_factor=0.500000
rprop_delta_min=0.000000
rprop_delta_max=50.000000
rprop_delta_zero=0.100000
cascade_output_stagnation_epochs=12
cascade_candidate_change_fraction=0.010000
cascade_candidate_stagnation_epochs=12
cascade_max_out_epochs=150
cascade_min_out_epochs=50
cascade_max_cand_epochs=150
cascade_min_cand_epochs=50
cascade_num_candidate_groups=2
bit_fail_limit=1.00000000000000005551e-01
cascade_candidate_limit=1.00000000000000000000e+03
cascade_weight_multiplier=4.00000000000000022204e-01
cascade_activation_functions_count=10
cascade_activation_functions=3 5 7 8 10 11 14 15 16 17 
cascade_activation_steepnesses_count=4
cascade_activation_steepnesses=2.50000000000000000000e-01 5.00000000000000000000e-01 7.50000000000000000000e-01 1.00000000000000000000e+00 
layer_sizes=7 4 2 
scale_included=0
neurons (num_inputs, activation_function, activation_steepness)=(0, 0, 0.00000000000000000000e+00) (0, 0, 0.00000000000000000000e+00) (0, 0, 0.00000000000000000000e+00) (0, 0, 0.00000000000000000000e+00) (0, 0, 0.00000000000000000000e+00) (0, 0, 0.00000000000000000000e+00) (0, 0, 0.00000000000000000000e+00) (7, 6, 5.00000000000000000000e-01) (7, 6, 5.00000000000000000000e-01) (7, 6, 5.00000000000000000000e-01) (0, 6, 0.00000000000000000000e+00) (4, 4, 5.00000000000000000000e-01) (0, 4, 0.00000000000000000000e+00) 
connections (connected_to_neuron, weight)=(0, 2.65865450748071552312e-01) (1, 7.74185259983772539272e+02) (2, 1.38781659486792152691e+00) (3, 4.35466406539906925044e-01) (4, 3.53513646077343424157e-01) (5, 6.48668089969370087466e-01) (6, -1.81759279917277360994e-02) (0, 5.12880778177018270547e-01) (1, 1.49472010445945898027e+03) (2, 9.30167138756028077928e-01) (3, 4.95682084655752419611e-01) (4, 1.08152877244911427290e+00) (5, 2.06055281045171456711e+00) (6, -1.29179571962184192024e+00) (0, 5.47458457066054449136e-01) (1, 1.49482336529695430727e+03) (2, 9.83361751020661256639e-01) (3, 5.35672044104328337610e-01) (4, 1.10961328152380178658e+00) (5, 2.04921451689931588547e+00) (6, -1.28793967908448458992e+00) (7, 5.63585795233096376045e-01) (8, 1.27191112170947064897e+02) (9, 2.98572681971450428762e+01) (10, -1.35285258313841105782e+00) 
