FANN_FLO_2.1
num_layers=3
learning_rate=0.700000
connection_rate=1.000000
network_type=0
learning_momentum=0.000000
training_algorithm=2
train_error_function=1
train_stop_function=1
cascade_output_change_fraction=0.010000
quickprop_decay=-0.000100
quickprop_mu=1.750000
rprop_increase_factor=1.200000
rprop_decrease_factor=0.500000
rprop_delta_min=0.000000
rprop_delta_max=50.000000
rprop_delta_zero=0.100000
cascade_output_stagnation_epochs=12
cascade_candidate_change_fraction=0.010000
cascade_candidate_stagnation_epochs=12
cascade_max_out_epochs=150
cascade_min_out_epochs=50
cascade_max_cand_epochs=150
cascade_min_cand_epochs=50
cascade_num_candidate_groups=2
bit_fail_limit=1.00000000000000005551e-01
cascade_candidate_limit=1.00000000000000000000e+03
cascade_weight_multiplier=4.00000000000000022204e-01
cascade_activation_functions_count=10
cascade_activation_functions=3 5 7 8 10 11 14 15 16 17 
cascade_activation_steepnesses_count=4
cascade_activation_steepnesses=2.50000000000000000000e-01 5.00000000000000000000e-01 7.50000000000000000000e-01 1.00000000000000000000e+00 
layer_sizes=9 4 2 
scale_included=0
neurons (num_inputs, activation_function, activation_steepness)=(0, 0, 0.00000000000000000000e+00) (0, 0, 0.00000000000000000000e+00) (0, 0, 0.00000000000000000000e+00) (0, 0, 0.00000000000000000000e+00) (0, 0, 0.00000000000000000000e+00) (0, 0, 0.00000000000000000000e+00) (0, 0, 0.00000000000000000000e+00) (0, 0, 0.00000000000000000000e+00) (0, 0, 0.00000000000000000000e+00) (9, 6, 5.00000000000000000000e-01) (9, 6, 5.00000000000000000000e-01) (9, 6, 5.00000000000000000000e-01) (0, 6, 0.00000000000000000000e+00) (4, 4, 5.00000000000000000000e-01) (0, 4, 0.00000000000000000000e+00) 
connections (connected_to_neuron, weight)=(0, 2.91314931863347093000e+00) (1, -2.14830782770006312177e+00) (2, -2.01904869414098842029e+00) (3, -2.94019312734077198357e+00) (4, -1.94286764505132869552e+00) (5, -3.44208173414374130061e+00) (6, 2.87915169518694691320e+00) (7, -2.20227363030857592463e+00) (8, 2.93801707503775100250e+00) (0, 8.40353852395008121823e-02) (1, -4.31303038434223851016e-01) (2, -8.83253993001683945785e-01) (3, -6.73057269278376502086e-01) (4, -4.52090390143438014547e+00) (5, 2.16380361335178905691e+00) (6, 4.65095216188998850093e-01) (7, -5.23063904095482645751e-01) (8, 2.02129176160888379687e-01) (0, 2.83443432205716216998e+00) (1, -2.17655116825191630170e+00) (2, -1.70105855447044107542e+00) (3, -2.88174274886319858879e+00) (4, -2.29965275322311546446e+00) (5, -3.56917966117764251521e+00) (6, 3.10267723756223912090e+00) (7, -2.24985487084335833430e+00) (8, 2.95545754311064223785e+00) (9, -1.25139078411261515100e+01) (10, -7.92292342660796622411e-01) (11, -1.25312812092701868494e+01) (12, -1.22647448349997878481e+00) 
