FANN_FLO_2.1
num_layers=3
learning_rate=0.700000
connection_rate=1.000000
network_type=0
learning_momentum=0.000000
training_algorithm=2
train_error_function=1
train_stop_function=1
cascade_output_change_fraction=0.010000
quickprop_decay=-0.000100
quickprop_mu=1.750000
rprop_increase_factor=1.200000
rprop_decrease_factor=0.500000
rprop_delta_min=0.000000
rprop_delta_max=50.000000
rprop_delta_zero=0.100000
cascade_output_stagnation_epochs=12
cascade_candidate_change_fraction=0.010000
cascade_candidate_stagnation_epochs=12
cascade_max_out_epochs=150
cascade_min_out_epochs=50
cascade_max_cand_epochs=150
cascade_min_cand_epochs=50
cascade_num_candidate_groups=2
bit_fail_limit=1.00000000000000005551e-01
cascade_candidate_limit=1.00000000000000000000e+03
cascade_weight_multiplier=4.00000000000000022204e-01
cascade_activation_functions_count=10
cascade_activation_functions=3 5 7 8 10 11 14 15 16 17 
cascade_activation_steepnesses_count=4
cascade_activation_steepnesses=2.50000000000000000000e-01 5.00000000000000000000e-01 7.50000000000000000000e-01 1.00000000000000000000e+00 
layer_sizes=6 4 2 
scale_included=0
neurons (num_inputs, activation_function, activation_steepness)=(0, 0, 0.00000000000000000000e+00) (0, 0, 0.00000000000000000000e+00) (0, 0, 0.00000000000000000000e+00) (0, 0, 0.00000000000000000000e+00) (0, 0, 0.00000000000000000000e+00) (0, 0, 0.00000000000000000000e+00) (6, 6, 5.00000000000000000000e-01) (6, 6, 5.00000000000000000000e-01) (6, 6, 5.00000000000000000000e-01) (0, 6, 0.00000000000000000000e+00) (4, 4, 5.00000000000000000000e-01) (0, 4, 0.00000000000000000000e+00) 
connections (connected_to_neuron, weight)=(0, -4.04919110130009862747e-01) (1, 1.11170756986191299198e+00) (2, -1.50156996206475573663e-01) (3, -3.21149882690149324205e-01) (4, -4.72177793101507203843e-01) (5, -5.54759231839648148110e-01) (0, -1.18750104757884100692e+00) (1, 2.61733745832679165488e+00) (2, 4.95294566024287105654e-02) (3, -1.06459389045812802266e+00) (4, -5.58663616491471448633e-01) (5, -1.11284327211716727035e+00) (0, -1.05611699909411813070e-01) (1, 5.37335736304116018403e-01) (2, 1.92649950834083288909e-01) (3, -1.88544663688461816564e-01) (4, -4.73374207728300064324e-02) (5, -4.94671146075372145101e-02) (6, 9.22806330228757687451e+00) (7, 1.16463080177720375019e+01) (8, 1.41852096385166909220e-01) (9, -1.59327870450028341587e+00) 
