FANN_FLO_2.1
num_layers=3
learning_rate=0.700000
connection_rate=1.000000
network_type=0
learning_momentum=0.000000
training_algorithm=2
train_error_function=1
train_stop_function=1
cascade_output_change_fraction=0.010000
quickprop_decay=-0.000100
quickprop_mu=1.750000
rprop_increase_factor=1.200000
rprop_decrease_factor=0.500000
rprop_delta_min=0.000000
rprop_delta_max=50.000000
rprop_delta_zero=0.100000
cascade_output_stagnation_epochs=12
cascade_candidate_change_fraction=0.010000
cascade_candidate_stagnation_epochs=12
cascade_max_out_epochs=150
cascade_min_out_epochs=50
cascade_max_cand_epochs=150
cascade_min_cand_epochs=50
cascade_num_candidate_groups=2
bit_fail_limit=1.00000000000000005551e-01
cascade_candidate_limit=1.00000000000000000000e+03
cascade_weight_multiplier=4.00000000000000022204e-01
cascade_activation_functions_count=10
cascade_activation_functions=3 5 7 8 10 11 14 15 16 17 
cascade_activation_steepnesses_count=4
cascade_activation_steepnesses=2.50000000000000000000e-01 5.00000000000000000000e-01 7.50000000000000000000e-01 1.00000000000000000000e+00 
layer_sizes=12 4 2 
scale_included=0
neurons (num_inputs, activation_function, activation_steepness)=(0, 0, 0.00000000000000000000e+00) (0, 0, 0.00000000000000000000e+00) (0, 0, 0.00000000000000000000e+00) (0, 0, 0.00000000000000000000e+00) (0, 0, 0.00000000000000000000e+00) (0, 0, 0.00000000000000000000e+00) (0, 0, 0.00000000000000000000e+00) (0, 0, 0.00000000000000000000e+00) (0, 0, 0.00000000000000000000e+00) (0, 0, 0.00000000000000000000e+00) (0, 0, 0.00000000000000000000e+00) (0, 0, 0.00000000000000000000e+00) (12, 6, 5.00000000000000000000e-01) (12, 6, 5.00000000000000000000e-01) (12, 6, 5.00000000000000000000e-01) (0, 6, 0.00000000000000000000e+00) (4, 4, 5.00000000000000000000e-01) (0, 4, 0.00000000000000000000e+00) 
connections (connected_to_neuron, weight)=(0, -2.46544019966819044631e-01) (1, 1.54503041283961062291e+00) (2, 1.34215022953138007900e+00) (3, 1.40964564521241086936e+00) (4, -1.50076525698618334914e+00) (5, 1.38922985133901089050e+00) (6, -4.44655290947900683207e-02) (7, -1.02232054295929031262e+00) (8, 1.76786143459224192043e+01) (9, 4.43379695507526871978e+00) (10, 9.77409224789647756992e-01) (11, -1.78362666293525040651e+00) (0, -5.95806892697572032525e-01) (1, 2.03754126260847545637e+00) (2, 2.27910669461031289984e+00) (3, 2.35492210074136387732e+00) (4, 1.92199195841312309163e+00) (5, -2.54459266586376386954e+00) (6, 2.66649274921945900196e-01) (7, 1.48554865387635959273e+00) (8, -1.12706084539033274394e-01) (9, 1.62546942363310220614e+00) (10, 1.91854922756764634251e+00) (11, -2.16048006394942060382e+00) (0, 1.78638259637516294553e+00) (1, -3.86046676249257192381e+00) (2, -3.73698535262912523436e+00) (3, -3.24223773772373613511e+00) (4, -4.27453538334639920881e-02) (5, -4.60103826535573201539e+00) (6, -2.82888365557954157836e+00) (7, 5.67282637072835260739e+00) (8, 1.71972592716635963583e+00) (9, -4.97880901869284642203e+00) (10, -4.28833587130253324204e+00) (11, 3.69881999775040171130e+00) (12, 5.11132615812675794587e+00) (13, 2.11416366715488699413e+01) (14, -5.05870206157575363903e+00) (15, -1.32259040890289125691e+00) 
