FANN_FLO_2.1
num_layers=3
learning_rate=0.700000
connection_rate=1.000000
network_type=0
learning_momentum=0.000000
training_algorithm=2
train_error_function=1
train_stop_function=1
cascade_output_change_fraction=0.010000
quickprop_decay=-0.000100
quickprop_mu=1.750000
rprop_increase_factor=1.200000
rprop_decrease_factor=0.500000
rprop_delta_min=0.000000
rprop_delta_max=50.000000
rprop_delta_zero=0.100000
cascade_output_stagnation_epochs=12
cascade_candidate_change_fraction=0.010000
cascade_candidate_stagnation_epochs=12
cascade_max_out_epochs=150
cascade_min_out_epochs=50
cascade_max_cand_epochs=150
cascade_min_cand_epochs=50
cascade_num_candidate_groups=2
bit_fail_limit=1.00000000000000005551e-01
cascade_candidate_limit=1.00000000000000000000e+03
cascade_weight_multiplier=4.00000000000000022204e-01
cascade_activation_functions_count=10
cascade_activation_functions=3 5 7 8 10 11 14 15 16 17 
cascade_activation_steepnesses_count=4
cascade_activation_steepnesses=2.50000000000000000000e-01 5.00000000000000000000e-01 7.50000000000000000000e-01 1.00000000000000000000e+00 
layer_sizes=15 4 2 
scale_included=0
neurons (num_inputs, activation_function, activation_steepness)=(0, 0, 0.00000000000000000000e+00) (0, 0, 0.00000000000000000000e+00) (0, 0, 0.00000000000000000000e+00) (0, 0, 0.00000000000000000000e+00) (0, 0, 0.00000000000000000000e+00) (0, 0, 0.00000000000000000000e+00) (0, 0, 0.00000000000000000000e+00) (0, 0, 0.00000000000000000000e+00) (0, 0, 0.00000000000000000000e+00) (0, 0, 0.00000000000000000000e+00) (0, 0, 0.00000000000000000000e+00) (0, 0, 0.00000000000000000000e+00) (0, 0, 0.00000000000000000000e+00) (0, 0, 0.00000000000000000000e+00) (0, 0, 0.00000000000000000000e+00) (15, 6, 5.00000000000000000000e-01) (15, 6, 5.00000000000000000000e-01) (15, 6, 5.00000000000000000000e-01) (0, 6, 0.00000000000000000000e+00) (4, 4, 5.00000000000000000000e-01) (0, 4, 0.00000000000000000000e+00) 
connections (connected_to_neuron, weight)=(0, -4.61008657000059596243e+00) (1, 2.88766870759510974054e+00) (2, 1.52254743368211116206e+01) (3, 2.76989737322914963968e+00) (4, -4.30620486606542574037e+00) (5, 2.60214186594712515443e+00) (6, 2.73138775143813283819e+00) (7, -2.11308522481091909384e+00) (8, 2.92221790810552350948e+00) (9, 2.60905896469312814645e+00) (10, 2.62475597460346232737e+00) (11, 3.47261822239161199732e+00) (12, 2.51822362077174268791e+01) (13, 8.96382317945326967390e+00) (14, -1.01366978322972256521e+00) (0, -3.09350503518756170251e+00) (1, -1.48957741459245229798e+00) (2, 1.77807402160758942777e+00) (3, -3.63412955809109927685e-01) (4, -1.96564700902742717226e+00) (5, -1.98026104285386539416e+00) (6, -1.38033553849767764987e+00) (7, 3.08428771171708193677e-01) (8, -1.92083229356565254875e+00) (9, -1.96720403844527336190e+00) (10, -1.39530419275742878504e+00) (11, -5.32304003235450795550e-01) (12, 3.27805820953628357373e+00) (13, -1.55082389741741794031e-01) (14, 1.92218042682548739819e+00) (0, 2.86213846017415285417e-01) (1, -1.08766069425591105357e+00) (2, -1.19764659871182699291e+00) (3, -1.99631586060168686458e+00) (4, -4.77603811683299295243e-01) (5, 1.47176133582017687473e+01) (6, -1.73659212941383023221e+00) (7, -2.70072033561432123250e+00) (8, 9.06534661773411620800e+00) (9, 1.71861262461466886009e+01) (10, -1.64286228259453204181e+00) (11, -5.03206580278030668474e-01) (12, 3.40857107161430583631e+00) (13, 1.91542380805049677894e-01) (14, 1.99653999811672888676e+00) (15, 2.07509189898448731526e+01) (16, -5.25335275116170876686e+01) (17, -9.34083463253562484851e+00) (18, -4.88478430390648554749e+00) 
