FANN_FLO_2.1
num_layers=3
learning_rate=0.700000
connection_rate=1.000000
network_type=0
learning_momentum=0.000000
training_algorithm=2
train_error_function=1
train_stop_function=1
cascade_output_change_fraction=0.010000
quickprop_decay=-0.000100
quickprop_mu=1.750000
rprop_increase_factor=1.200000
rprop_decrease_factor=0.500000
rprop_delta_min=0.000000
rprop_delta_max=50.000000
rprop_delta_zero=0.100000
cascade_output_stagnation_epochs=12
cascade_candidate_change_fraction=0.010000
cascade_candidate_stagnation_epochs=12
cascade_max_out_epochs=150
cascade_min_out_epochs=50
cascade_max_cand_epochs=150
cascade_min_cand_epochs=50
cascade_num_candidate_groups=2
bit_fail_limit=1.00000000000000005551e-01
cascade_candidate_limit=1.00000000000000000000e+03
cascade_weight_multiplier=4.00000000000000022204e-01
cascade_activation_functions_count=10
cascade_activation_functions=3 5 7 8 10 11 14 15 16 17 
cascade_activation_steepnesses_count=4
cascade_activation_steepnesses=2.50000000000000000000e-01 5.00000000000000000000e-01 7.50000000000000000000e-01 1.00000000000000000000e+00 
layer_sizes=13 4 2 
scale_included=0
neurons (num_inputs, activation_function, activation_steepness)=(0, 0, 0.00000000000000000000e+00) (0, 0, 0.00000000000000000000e+00) (0, 0, 0.00000000000000000000e+00) (0, 0, 0.00000000000000000000e+00) (0, 0, 0.00000000000000000000e+00) (0, 0, 0.00000000000000000000e+00) (0, 0, 0.00000000000000000000e+00) (0, 0, 0.00000000000000000000e+00) (0, 0, 0.00000000000000000000e+00) (0, 0, 0.00000000000000000000e+00) (0, 0, 0.00000000000000000000e+00) (0, 0, 0.00000000000000000000e+00) (0, 0, 0.00000000000000000000e+00) (13, 6, 5.00000000000000000000e-01) (13, 6, 5.00000000000000000000e-01) (13, 6, 5.00000000000000000000e-01) (0, 6, 0.00000000000000000000e+00) (4, 4, 5.00000000000000000000e-01) (0, 4, 0.00000000000000000000e+00) 
connections (connected_to_neuron, weight)=(0, 3.09572287614812822198e+01) (1, -1.77358965765072760234e+01) (2, -1.85645655614352400598e+00) (3, -2.14260410536023293560e+00) (4, -3.25491100947241633889e+01) (5, -8.20396064002075497967e+00) (6, 2.06340517734191450927e+01) (7, -2.21560512529952680083e+00) (8, -1.39440598999812692682e+00) (9, -7.35551763440508654668e+00) (10, -1.76443221121751125935e+00) (11, -4.27885079205200558050e+00) (12, 2.29692231667456736588e+00) (0, 2.01964755044456687472e+01) (1, -7.56727514539771561886e+00) (2, 7.67713515662718926080e+00) (3, -6.53439979124482928086e+00) (4, -2.18505758975227024621e+01) (5, -1.11360562491771908356e+01) (6, 8.76619680363577380433e+00) (7, -6.70809920121521496839e+00) (8, -7.19513877214658670312e+00) (9, -1.12174103740957118447e+01) (10, -6.32397815323548240229e+00) (11, -1.32986817492925002426e+01) (12, -1.07835793948091854255e-01) (0, 3.84050025276711115563e-01) (1, 2.23682040990835595551e+00) (2, -1.47500000000000000000e+03) (3, -3.23979033123236831671e+02) (4, -3.70120228600721787870e+01) (5, 1.70058780476889346289e+01) (6, -7.37799989962577683400e+02) (7, -6.17668921869129007973e+02) (8, 1.82080216593348076515e+01) (9, 1.70909905852441461604e+01) (10, -5.87799989962577683400e+02) (11, 2.02551384706507953126e+01) (12, -3.67854069159301166891e+00) (13, -7.93185454524578403834e+00) (14, 1.91794888773449514474e+01) (15, 1.38656981810372386121e+01) (16, -2.77912205401542244942e+00) 
