FANN_FLO_2.1
num_layers=3
learning_rate=0.700000
connection_rate=1.000000
network_type=0
learning_momentum=0.000000
training_algorithm=2
train_error_function=1
train_stop_function=1
cascade_output_change_fraction=0.010000
quickprop_decay=-0.000100
quickprop_mu=1.750000
rprop_increase_factor=1.200000
rprop_decrease_factor=0.500000
rprop_delta_min=0.000000
rprop_delta_max=50.000000
rprop_delta_zero=0.100000
cascade_output_stagnation_epochs=12
cascade_candidate_change_fraction=0.010000
cascade_candidate_stagnation_epochs=12
cascade_max_out_epochs=150
cascade_min_out_epochs=50
cascade_max_cand_epochs=150
cascade_min_cand_epochs=50
cascade_num_candidate_groups=2
bit_fail_limit=1.00000000000000005551e-01
cascade_candidate_limit=1.00000000000000000000e+03
cascade_weight_multiplier=4.00000000000000022204e-01
cascade_activation_functions_count=10
cascade_activation_functions=3 5 7 8 10 11 14 15 16 17 
cascade_activation_steepnesses_count=4
cascade_activation_steepnesses=2.50000000000000000000e-01 5.00000000000000000000e-01 7.50000000000000000000e-01 1.00000000000000000000e+00 
layer_sizes=11 4 2 
scale_included=0
neurons (num_inputs, activation_function, activation_steepness)=(0, 0, 0.00000000000000000000e+00) (0, 0, 0.00000000000000000000e+00) (0, 0, 0.00000000000000000000e+00) (0, 0, 0.00000000000000000000e+00) (0, 0, 0.00000000000000000000e+00) (0, 0, 0.00000000000000000000e+00) (0, 0, 0.00000000000000000000e+00) (0, 0, 0.00000000000000000000e+00) (0, 0, 0.00000000000000000000e+00) (0, 0, 0.00000000000000000000e+00) (0, 0, 0.00000000000000000000e+00) (11, 6, 5.00000000000000000000e-01) (11, 6, 5.00000000000000000000e-01) (11, 6, 5.00000000000000000000e-01) (0, 6, 0.00000000000000000000e+00) (4, 4, 5.00000000000000000000e-01) (0, 4, 0.00000000000000000000e+00) 
connections (connected_to_neuron, weight)=(0, -7.49450149396492237841e-01) (1, 1.10138649789716969174e+00) (2, 3.76287594912604150821e+00) (3, -8.47642433234621905935e-02) (4, 3.71808294048389997855e-01) (5, 1.18466249139398804857e+00) (6, 4.38196867691007430068e+00) (7, -1.26846515793459596599e-01) (8, 6.50591650899555329346e+00) (9, -2.35460415207247836245e-01) (10, -5.84418440619541401659e-01) (0, 6.38969441619365596807e+00) (1, -5.88217458737717713291e+00) (2, -4.35849906982639190289e+00) (3, -9.76721021547050427536e-01) (4, -1.73162252331171062636e+00) (5, -1.32965980620950130486e+00) (6, -5.23338490694623281740e+00) (7, 1.11488117783424400820e+00) (8, -8.74479815797194959259e+00) (9, 5.12230570646804039825e+00) (10, 6.46026991423814678228e+00) (0, -6.05252463076887299576e-03) (1, 5.21669527522146125875e-01) (2, 6.31507789555608933796e-01) (3, 1.16836853740837320892e+00) (4, 1.24042669833988394856e+00) (5, 5.59121370672035822302e-01) (6, 6.80246506372613746194e-01) (7, 4.10650106231217504327e-01) (8, 9.28526333439051221319e-01) (9, 1.10238378314010537773e-01) (10, -8.34742568776446619561e-02) (11, 1.31672819871940638414e+00) (12, -5.81836156906722656856e+00) (13, 1.19229485913343835612e+00) (14, -1.98157148664649640502e+00) 
