FANN_FLO_2.1
num_layers=3
learning_rate=0.700000
connection_rate=1.000000
network_type=0
learning_momentum=0.000000
training_algorithm=2
train_error_function=1
train_stop_function=1
cascade_output_change_fraction=0.010000
quickprop_decay=-0.000100
quickprop_mu=1.750000
rprop_increase_factor=1.200000
rprop_decrease_factor=0.500000
rprop_delta_min=0.000000
rprop_delta_max=50.000000
rprop_delta_zero=0.100000
cascade_output_stagnation_epochs=12
cascade_candidate_change_fraction=0.010000
cascade_candidate_stagnation_epochs=12
cascade_max_out_epochs=150
cascade_min_out_epochs=50
cascade_max_cand_epochs=150
cascade_min_cand_epochs=50
cascade_num_candidate_groups=2
bit_fail_limit=1.00000000000000005551e-01
cascade_candidate_limit=1.00000000000000000000e+03
cascade_weight_multiplier=4.00000000000000022204e-01
cascade_activation_functions_count=10
cascade_activation_functions=3 5 7 8 10 11 14 15 16 17 
cascade_activation_steepnesses_count=4
cascade_activation_steepnesses=2.50000000000000000000e-01 5.00000000000000000000e-01 7.50000000000000000000e-01 1.00000000000000000000e+00 
layer_sizes=12 4 2 
scale_included=0
neurons (num_inputs, activation_function, activation_steepness)=(0, 0, 0.00000000000000000000e+00) (0, 0, 0.00000000000000000000e+00) (0, 0, 0.00000000000000000000e+00) (0, 0, 0.00000000000000000000e+00) (0, 0, 0.00000000000000000000e+00) (0, 0, 0.00000000000000000000e+00) (0, 0, 0.00000000000000000000e+00) (0, 0, 0.00000000000000000000e+00) (0, 0, 0.00000000000000000000e+00) (0, 0, 0.00000000000000000000e+00) (0, 0, 0.00000000000000000000e+00) (0, 0, 0.00000000000000000000e+00) (12, 6, 5.00000000000000000000e-01) (12, 6, 5.00000000000000000000e-01) (12, 6, 5.00000000000000000000e-01) (0, 6, 0.00000000000000000000e+00) (4, 4, 5.00000000000000000000e-01) (0, 4, 0.00000000000000000000e+00) 
connections (connected_to_neuron, weight)=(0, -2.48562900533514774537e+00) (1, 5.04958345189265060071e+02) (2, -1.58225714400017603012e+00) (3, 1.54004068709983177321e+00) (4, -1.22739300934023431999e+00) (5, 1.87551533209483500819e+00) (6, 3.02912086577972727852e+00) (7, 1.23745651244916821110e-01) (8, 1.16454307837023640637e+00) (9, 8.73501448157911752901e-01) (10, -2.59886398874605051290e+00) (11, -1.73577560423596488626e+00) (0, 3.24673174597347991011e+00) (1, 1.71765069808614441627e+02) (2, 1.23527081596414545217e+00) (3, -2.39182177435254583742e+00) (4, 1.32939823715815341743e+00) (5, -3.67949425809823260636e+00) (6, -1.89705818297588812982e+00) (7, -2.32191951446042460505e-01) (8, -2.09600246589300098776e+00) (9, -3.66629197758515346095e+00) (10, -3.84285183456934187340e-01) (11, 1.72234518269106451349e+00) (0, -3.45029403039589788182e-01) (1, 1.10241132397970147849e+02) (2, -5.25300412274855244021e-01) (3, 7.25868983592205530009e-01) (4, -8.24139958199182204313e-02) (5, 3.79847732145473226950e+00) (6, 9.10820407766355755186e-01) (7, 4.76524958582772550919e-01) (8, 7.15040506469774572729e-01) (9, 5.27085070667322352911e-01) (10, -3.10354655807347112884e-01) (11, -1.49927982110165641805e-01) (12, 1.34390981682137429232e+01) (13, -3.97434383693760429068e+00) (14, 1.35789539470901066132e+00) (15, -1.98699176022697043820e+00) 
