FANN_FLO_2.1
num_layers=3
learning_rate=0.700000
connection_rate=1.000000
network_type=0
learning_momentum=0.000000
training_algorithm=2
train_error_function=1
train_stop_function=1
cascade_output_change_fraction=0.010000
quickprop_decay=-0.000100
quickprop_mu=1.750000
rprop_increase_factor=1.200000
rprop_decrease_factor=0.500000
rprop_delta_min=0.000000
rprop_delta_max=50.000000
rprop_delta_zero=0.100000
cascade_output_stagnation_epochs=12
cascade_candidate_change_fraction=0.010000
cascade_candidate_stagnation_epochs=12
cascade_max_out_epochs=150
cascade_min_out_epochs=50
cascade_max_cand_epochs=150
cascade_min_cand_epochs=50
cascade_num_candidate_groups=2
bit_fail_limit=1.00000000000000005551e-01
cascade_candidate_limit=1.00000000000000000000e+03
cascade_weight_multiplier=4.00000000000000022204e-01
cascade_activation_functions_count=10
cascade_activation_functions=3 5 7 8 10 11 14 15 16 17 
cascade_activation_steepnesses_count=4
cascade_activation_steepnesses=2.50000000000000000000e-01 5.00000000000000000000e-01 7.50000000000000000000e-01 1.00000000000000000000e+00 
layer_sizes=10 4 2 
scale_included=0
neurons (num_inputs, activation_function, activation_steepness)=(0, 0, 0.00000000000000000000e+00) (0, 0, 0.00000000000000000000e+00) (0, 0, 0.00000000000000000000e+00) (0, 0, 0.00000000000000000000e+00) (0, 0, 0.00000000000000000000e+00) (0, 0, 0.00000000000000000000e+00) (0, 0, 0.00000000000000000000e+00) (0, 0, 0.00000000000000000000e+00) (0, 0, 0.00000000000000000000e+00) (0, 0, 0.00000000000000000000e+00) (10, 6, 5.00000000000000000000e-01) (10, 6, 5.00000000000000000000e-01) (10, 6, 5.00000000000000000000e-01) (0, 6, 0.00000000000000000000e+00) (4, 4, 5.00000000000000000000e-01) (0, 4, 0.00000000000000000000e+00) 
connections (connected_to_neuron, weight)=(0, 1.32369206507030412467e+00) (1, -1.45322221115685290549e+00) (2, -4.88469303760274031756e-01) (3, -8.30419816296953938739e-01) (4, -1.00091546106873474642e+00) (5, -1.25374751246457671883e+00) (6, -9.09320058899829142263e-01) (7, -9.75284355359980703604e-01) (8, -9.42879327421769830586e-01) (9, 1.32588149268451616081e+00) (0, 9.25520073825734179707e+00) (1, -3.45897925629735469855e+00) (2, -2.17734328329928450430e+00) (3, -3.27560895460588064054e+00) (4, -3.76768188623191813136e+00) (5, -3.21281710046273794035e+00) (6, -3.73933689740898111964e+00) (7, -3.75209463087322214747e+00) (8, -3.86085129601361254359e+00) (9, 5.32746550900445114962e+00) (0, -1.94312259672808274047e+00) (1, 2.36107147649688364766e+00) (2, 8.51277549024914481635e-01) (3, 5.69352515117782065346e-01) (4, 1.67232697083976100672e+00) (5, 1.33221795497728656699e+00) (6, 1.47605676729625501231e+00) (7, 1.39464723099416532115e+00) (8, 1.69643991664250082252e+00) (9, -2.39907341957368736018e+00) (10, -8.48696254563214047550e+00) (11, -4.01783387899399446752e+00) (12, 2.97325029438798793535e+00) (13, -1.91810861674508514874e+00) 
