FANN_FLO_2.1
num_layers=3
learning_rate=0.700000
connection_rate=1.000000
network_type=0
learning_momentum=0.000000
training_algorithm=2
train_error_function=1
train_stop_function=1
cascade_output_change_fraction=0.010000
quickprop_decay=-0.000100
quickprop_mu=1.750000
rprop_increase_factor=1.200000
rprop_decrease_factor=0.500000
rprop_delta_min=0.000000
rprop_delta_max=50.000000
rprop_delta_zero=0.100000
cascade_output_stagnation_epochs=12
cascade_candidate_change_fraction=0.010000
cascade_candidate_stagnation_epochs=12
cascade_max_out_epochs=150
cascade_min_out_epochs=50
cascade_max_cand_epochs=150
cascade_min_cand_epochs=50
cascade_num_candidate_groups=2
bit_fail_limit=1.00000000000000005551e-01
cascade_candidate_limit=1.00000000000000000000e+03
cascade_weight_multiplier=4.00000000000000022204e-01
cascade_activation_functions_count=10
cascade_activation_functions=3 5 7 8 10 11 14 15 16 17 
cascade_activation_steepnesses_count=4
cascade_activation_steepnesses=2.50000000000000000000e-01 5.00000000000000000000e-01 7.50000000000000000000e-01 1.00000000000000000000e+00 
layer_sizes=18 4 2 
scale_included=0
neurons (num_inputs, activation_function, activation_steepness)=(0, 0, 0.00000000000000000000e+00) (0, 0, 0.00000000000000000000e+00) (0, 0, 0.00000000000000000000e+00) (0, 0, 0.00000000000000000000e+00) (0, 0, 0.00000000000000000000e+00) (0, 0, 0.00000000000000000000e+00) (0, 0, 0.00000000000000000000e+00) (0, 0, 0.00000000000000000000e+00) (0, 0, 0.00000000000000000000e+00) (0, 0, 0.00000000000000000000e+00) (0, 0, 0.00000000000000000000e+00) (0, 0, 0.00000000000000000000e+00) (0, 0, 0.00000000000000000000e+00) (0, 0, 0.00000000000000000000e+00) (0, 0, 0.00000000000000000000e+00) (0, 0, 0.00000000000000000000e+00) (0, 0, 0.00000000000000000000e+00) (0, 0, 0.00000000000000000000e+00) (18, 6, 5.00000000000000000000e-01) (18, 6, 5.00000000000000000000e-01) (18, 6, 5.00000000000000000000e-01) (0, 6, 0.00000000000000000000e+00) (4, 4, 5.00000000000000000000e-01) (0, 4, 0.00000000000000000000e+00) 
connections (connected_to_neuron, weight)=(0, -1.02243121963572591859e+00) (1, 4.84063673236095848296e+00) (2, -6.39492795248741918712e-01) (3, 2.11472618606673740116e-01) (4, -6.65650204201454931408e-01) (5, -6.49410203476662450939e-01) (6, -6.84414223213906103283e-01) (7, 4.83905740298950615141e+00) (8, 1.54540243771659507876e-01) (9, -5.91064066072220617443e-01) (10, -4.26915104536525369383e-01) (11, -6.38143718620056921154e-01) (12, -1.19346164487114242414e-01) (13, -1.17385648511162093977e-01) (14, -4.75309032418453636382e+00) (15, -7.50292346258873754650e-01) (16, -1.05453631532025426942e+00) (17, -7.46765144546742254406e-01) (0, -4.43571513104236370140e-01) (1, 2.06045355813982133952e+00) (2, -1.51601244575773452805e-01) (3, 3.46961595006161638288e-02) (4, -4.23765511768853908592e-01) (5, -2.51738396353517746018e-01) (6, -2.95722511477266469804e-01) (7, 2.07416644858600740520e+00) (8, 2.99364976473027177839e-02) (9, -1.66862373120580886887e-01) (10, -9.97167579124312863925e-02) (11, -4.72509545790946727806e-01) (12, 2.10077963657551713972e-02) (13, 2.64600322988617020492e-01) (14, -1.30697506148951880789e+00) (15, -4.32982058781183010154e-01) (16, -8.14388623267989664178e-01) (17, -3.74206756758487524284e-01) (0, 1.49149512242561366193e+00) (1, -4.78752588324868622038e+00) (2, 7.68305077157518834241e-01) (3, 4.20672091010110715814e-01) (4, 9.73687704350997607072e-01) (5, 8.20608145497343510755e-01) (6, 9.37635358121444384416e-01) (7, -4.69053974964344444487e+00) (8, 4.09320576402442792840e-01) (9, 7.80398270986578435071e-01) (10, 5.29316785100000242181e-01) (11, 1.06240331723933367769e+00) (12, 2.04691235712066404995e-01) (13, 8.94328251390608397475e-02) (14, 4.17374946701059634790e+00) (15, 1.03922638639454989473e+00) (16, 1.46365421008354212873e+00) (17, 1.02735323056225924532e+00) (18, 4.83792002715790214751e+00) (19, 1.88374343322994342032e+00) (20, -2.32824932145836172026e+00) (21, -1.01748339336943716127e+00) 
