FANN_FLO_2.1
num_layers=3
learning_rate=0.700000
connection_rate=1.000000
network_type=0
learning_momentum=0.000000
training_algorithm=2
train_error_function=1
train_stop_function=1
cascade_output_change_fraction=0.010000
quickprop_decay=-0.000100
quickprop_mu=1.750000
rprop_increase_factor=1.200000
rprop_decrease_factor=0.500000
rprop_delta_min=0.000000
rprop_delta_max=50.000000
rprop_delta_zero=0.100000
cascade_output_stagnation_epochs=12
cascade_candidate_change_fraction=0.010000
cascade_candidate_stagnation_epochs=12
cascade_max_out_epochs=150
cascade_min_out_epochs=50
cascade_max_cand_epochs=150
cascade_min_cand_epochs=50
cascade_num_candidate_groups=2
bit_fail_limit=1.00000000000000005551e-01
cascade_candidate_limit=1.00000000000000000000e+03
cascade_weight_multiplier=4.00000000000000022204e-01
cascade_activation_functions_count=10
cascade_activation_functions=3 5 7 8 10 11 14 15 16 17 
cascade_activation_steepnesses_count=4
cascade_activation_steepnesses=2.50000000000000000000e-01 5.00000000000000000000e-01 7.50000000000000000000e-01 1.00000000000000000000e+00 
layer_sizes=12 4 2 
scale_included=0
neurons (num_inputs, activation_function, activation_steepness)=(0, 0, 0.00000000000000000000e+00) (0, 0, 0.00000000000000000000e+00) (0, 0, 0.00000000000000000000e+00) (0, 0, 0.00000000000000000000e+00) (0, 0, 0.00000000000000000000e+00) (0, 0, 0.00000000000000000000e+00) (0, 0, 0.00000000000000000000e+00) (0, 0, 0.00000000000000000000e+00) (0, 0, 0.00000000000000000000e+00) (0, 0, 0.00000000000000000000e+00) (0, 0, 0.00000000000000000000e+00) (0, 0, 0.00000000000000000000e+00) (12, 6, 5.00000000000000000000e-01) (12, 6, 5.00000000000000000000e-01) (12, 6, 5.00000000000000000000e-01) (0, 6, 0.00000000000000000000e+00) (4, 4, 5.00000000000000000000e-01) (0, 4, 0.00000000000000000000e+00) 
connections (connected_to_neuron, weight)=(0, -8.53707823404290633285e-01) (1, 2.74791204397211885624e-01) (2, 3.24318977959708043546e-01) (3, -8.81566978757446634285e-02) (4, -1.44109579309692932558e-02) (5, 2.89748521335628506090e-01) (6, 1.91743461082070104640e-01) (7, 6.10072776945643657776e-01) (8, 2.14067138452206484622e-01) (9, 8.78108414073326543070e-02) (10, 4.43659608813235795122e-01) (11, -1.68799435268625758200e-01) (0, 2.11224424967708124257e+00) (1, -2.52660109241342523134e+00) (2, 1.02566732718699626936e+00) (3, -2.11970136872717551668e+00) (4, 9.66616576330289523078e-01) (5, -1.86796241535104923237e+00) (6, 4.06165908275851583742e-01) (7, -1.62132176424898388767e+00) (8, -1.76279629321352748761e+00) (9, 1.19482157057075077944e+00) (10, -2.46123534100784535639e+00) (11, 2.01847804380538509150e+00) (0, -1.21903597041187672367e+00) (1, 2.55577585085487646310e+00) (2, -8.25345665208398693302e-01) (3, 3.36438359743149506542e+00) (4, -2.80144302835484237946e+00) (5, 1.17457344579612432689e+00) (6, -4.00798171884240828078e-01) (7, 1.60165562905503344737e+00) (8, 2.08055750324919941363e+00) (9, -5.02845518638509458853e-01) (10, 3.16064828468096248315e+00) (11, -1.65163234236923472942e+00) (12, 2.51945799359546018792e+00) (13, -3.55134425587044688655e+01) (14, 2.56608859773221764655e+00) (15, -1.61355965886874086479e+00) 
