FANN_FLO_2.1
num_layers=3
learning_rate=0.700000
connection_rate=1.000000
network_type=0
learning_momentum=0.000000
training_algorithm=2
train_error_function=1
train_stop_function=1
cascade_output_change_fraction=0.010000
quickprop_decay=-0.000100
quickprop_mu=1.750000
rprop_increase_factor=1.200000
rprop_decrease_factor=0.500000
rprop_delta_min=0.000000
rprop_delta_max=50.000000
rprop_delta_zero=0.100000
cascade_output_stagnation_epochs=12
cascade_candidate_change_fraction=0.010000
cascade_candidate_stagnation_epochs=12
cascade_max_out_epochs=150
cascade_min_out_epochs=50
cascade_max_cand_epochs=150
cascade_min_cand_epochs=50
cascade_num_candidate_groups=2
bit_fail_limit=1.00000000000000005551e-01
cascade_candidate_limit=1.00000000000000000000e+03
cascade_weight_multiplier=4.00000000000000022204e-01
cascade_activation_functions_count=10
cascade_activation_functions=3 5 7 8 10 11 14 15 16 17 
cascade_activation_steepnesses_count=4
cascade_activation_steepnesses=2.50000000000000000000e-01 5.00000000000000000000e-01 7.50000000000000000000e-01 1.00000000000000000000e+00 
layer_sizes=18 4 2 
scale_included=0
neurons (num_inputs, activation_function, activation_steepness)=(0, 0, 0.00000000000000000000e+00) (0, 0, 0.00000000000000000000e+00) (0, 0, 0.00000000000000000000e+00) (0, 0, 0.00000000000000000000e+00) (0, 0, 0.00000000000000000000e+00) (0, 0, 0.00000000000000000000e+00) (0, 0, 0.00000000000000000000e+00) (0, 0, 0.00000000000000000000e+00) (0, 0, 0.00000000000000000000e+00) (0, 0, 0.00000000000000000000e+00) (0, 0, 0.00000000000000000000e+00) (0, 0, 0.00000000000000000000e+00) (0, 0, 0.00000000000000000000e+00) (0, 0, 0.00000000000000000000e+00) (0, 0, 0.00000000000000000000e+00) (0, 0, 0.00000000000000000000e+00) (0, 0, 0.00000000000000000000e+00) (0, 0, 0.00000000000000000000e+00) (18, 6, 5.00000000000000000000e-01) (18, 6, 5.00000000000000000000e-01) (18, 6, 5.00000000000000000000e-01) (0, 6, 0.00000000000000000000e+00) (4, 4, 5.00000000000000000000e-01) (0, 4, 0.00000000000000000000e+00) 
connections (connected_to_neuron, weight)=(0, -8.13341727663621449906e-01) (1, 2.49190405429441264040e-01) (2, 1.04716404298553431018e-01) (3, 9.26739785590585229968e-01) (4, 5.79115762252342403116e-01) (5, 9.40481096209252132034e-01) (6, 7.03591332306108596661e-01) (7, 2.38441589301744721885e-01) (8, 7.09860502740772059127e-01) (9, 4.96183513332782488714e-01) (10, 1.20200051209746994196e+00) (11, 8.63318145382956925182e-02) (12, 6.75868979057747898409e-01) (13, 2.82000988643795191813e-01) (14, 1.01516000770493941552e+00) (15, 6.33832566241938510920e-01) (16, 3.54858798850144652182e-01) (17, -5.43861519927676728692e-01) (0, 1.91310164538894933450e+00) (1, -2.02380332257004358354e+00) (2, 1.17574880129573497434e-01) (3, -1.20983894117793178147e+00) (4, -7.07434980240745914237e-02) (5, -1.75282062573647712256e+00) (6, -4.69905702550801107620e-01) (7, -2.08946794589446671608e+00) (8, -9.44392174071539747260e-01) (9, -1.24904658593854045456e+00) (10, -8.50535241333825631216e-01) (11, 2.34477275027569487253e-01) (12, 7.50799495007873574082e-01) (13, -2.07390931109008386235e-01) (14, -2.53886843400628371692e-03) (15, -1.62897181228152931887e+00) (16, -4.86997945387753317092e-01) (17, 1.98785137591635030496e+00) (0, -1.14645073937331587466e+00) (1, 1.20956584145514689510e+00) (2, 2.27253606789825451928e-01) (3, 1.33650162164371266726e+00) (4, 1.25103106699956528880e-01) (5, 1.44165430379687897755e+00) (6, 8.99494087626185323536e-01) (7, 6.10628642671539823006e-01) (8, 3.35202700032499745220e+00) (9, 1.22080126498143926028e+00) (10, 1.32344150376303315575e+00) (11, 3.09627448986828479605e-01) (12, 3.19959355084018604032e+00) (13, 5.39452727755211705607e-02) (14, 5.75622108300171020367e-01) (15, 1.55766182699669686329e+00) (16, 6.42370399369553424229e-01) (17, -9.90545423919857226380e-01) (18, 8.24092231119116558347e-01) (19, -3.20772349758360988403e+01) (20, 2.43198732505532122516e+00) (21, -1.43033126744989824708e+00) 
