FANN_FLO_2.1
num_layers=3
learning_rate=0.700000
connection_rate=1.000000
network_type=0
learning_momentum=0.000000
training_algorithm=2
train_error_function=1
train_stop_function=1
cascade_output_change_fraction=0.010000
quickprop_decay=-0.000100
quickprop_mu=1.750000
rprop_increase_factor=1.200000
rprop_decrease_factor=0.500000
rprop_delta_min=0.000000
rprop_delta_max=50.000000
rprop_delta_zero=0.100000
cascade_output_stagnation_epochs=12
cascade_candidate_change_fraction=0.010000
cascade_candidate_stagnation_epochs=12
cascade_max_out_epochs=150
cascade_min_out_epochs=50
cascade_max_cand_epochs=150
cascade_min_cand_epochs=50
cascade_num_candidate_groups=2
bit_fail_limit=1.00000000000000005551e-01
cascade_candidate_limit=1.00000000000000000000e+03
cascade_weight_multiplier=4.00000000000000022204e-01
cascade_activation_functions_count=10
cascade_activation_functions=3 5 7 8 10 11 14 15 16 17 
cascade_activation_steepnesses_count=4
cascade_activation_steepnesses=2.50000000000000000000e-01 5.00000000000000000000e-01 7.50000000000000000000e-01 1.00000000000000000000e+00 
layer_sizes=14 4 2 
scale_included=0
neurons (num_inputs, activation_function, activation_steepness)=(0, 0, 0.00000000000000000000e+00) (0, 0, 0.00000000000000000000e+00) (0, 0, 0.00000000000000000000e+00) (0, 0, 0.00000000000000000000e+00) (0, 0, 0.00000000000000000000e+00) (0, 0, 0.00000000000000000000e+00) (0, 0, 0.00000000000000000000e+00) (0, 0, 0.00000000000000000000e+00) (0, 0, 0.00000000000000000000e+00) (0, 0, 0.00000000000000000000e+00) (0, 0, 0.00000000000000000000e+00) (0, 0, 0.00000000000000000000e+00) (0, 0, 0.00000000000000000000e+00) (0, 0, 0.00000000000000000000e+00) (14, 6, 5.00000000000000000000e-01) (14, 6, 5.00000000000000000000e-01) (14, 6, 5.00000000000000000000e-01) (0, 6, 0.00000000000000000000e+00) (4, 4, 5.00000000000000000000e-01) (0, 4, 0.00000000000000000000e+00) 
connections (connected_to_neuron, weight)=(0, 1.45268503155739203692e+00) (1, -2.06826271300404762599e+00) (2, -1.20146419968463358252e+00) (3, -5.42056691675529056518e-01) (4, -9.13886055670821040309e-01) (5, -1.34174950493219813374e+00) (6, -4.85969242555613245571e-01) (7, -6.73850926183482634713e-01) (8, -1.96903431092151748327e-01) (9, -2.26222701897075673116e+00) (10, 3.55712362505025936343e+00) (11, -9.39645251700404360307e-01) (12, -9.37271153995516970170e-01) (13, 2.34409537344949647775e+00) (0, -3.17872510435329325151e-01) (1, 1.42591944724911412479e+00) (2, 1.03187667509361302720e+00) (3, 5.28729428666244061219e-01) (4, 3.29563868543899740615e-01) (5, 1.14837169189834464866e+00) (6, 3.58844602220262764991e-01) (7, 2.29284124188627480567e-01) (8, 3.98906860672658680755e-01) (9, 1.32724983792954054351e+00) (10, -4.39906675495130905507e-01) (11, 3.32871319465841586371e-01) (12, 3.93076428883280037940e-01) (13, -4.83679995347450542020e-01) (0, -5.40168013176071937220e-02) (1, 3.93787538697437433655e-01) (2, 2.89797576897613673452e+00) (3, 6.84962869325100420781e-01) (4, 7.44541748652040702439e-01) (5, 7.11255206030434106168e+00) (6, 1.94223503726102975087e-01) (7, 2.71888432928074408323e-01) (8, 8.00929096334021428660e-01) (9, 2.93944778691465113951e+00) (10, -1.50435967638136158797e-01) (11, 2.84726846175768044667e-01) (12, 2.26880948203184273915e-01) (13, -4.58528435276726598069e-02) (14, -2.88491254708843172239e+01) (15, 1.37258330762976377137e+00) (16, 2.45376530998083708379e-01) (17, -1.17328623811992027726e+00) 
