FANN_FLO_2.1
num_layers=3
learning_rate=0.700000
connection_rate=1.000000
network_type=0
learning_momentum=0.000000
training_algorithm=2
train_error_function=1
train_stop_function=1
cascade_output_change_fraction=0.010000
quickprop_decay=-0.000100
quickprop_mu=1.750000
rprop_increase_factor=1.200000
rprop_decrease_factor=0.500000
rprop_delta_min=0.000000
rprop_delta_max=50.000000
rprop_delta_zero=0.100000
cascade_output_stagnation_epochs=12
cascade_candidate_change_fraction=0.010000
cascade_candidate_stagnation_epochs=12
cascade_max_out_epochs=150
cascade_min_out_epochs=50
cascade_max_cand_epochs=150
cascade_min_cand_epochs=50
cascade_num_candidate_groups=2
bit_fail_limit=1.00000000000000005551e-01
cascade_candidate_limit=1.00000000000000000000e+03
cascade_weight_multiplier=4.00000000000000022204e-01
cascade_activation_functions_count=10
cascade_activation_functions=3 5 7 8 10 11 14 15 16 17 
cascade_activation_steepnesses_count=4
cascade_activation_steepnesses=2.50000000000000000000e-01 5.00000000000000000000e-01 7.50000000000000000000e-01 1.00000000000000000000e+00 
layer_sizes=10 4 2 
scale_included=0
neurons (num_inputs, activation_function, activation_steepness)=(0, 0, 0.00000000000000000000e+00) (0, 0, 0.00000000000000000000e+00) (0, 0, 0.00000000000000000000e+00) (0, 0, 0.00000000000000000000e+00) (0, 0, 0.00000000000000000000e+00) (0, 0, 0.00000000000000000000e+00) (0, 0, 0.00000000000000000000e+00) (0, 0, 0.00000000000000000000e+00) (0, 0, 0.00000000000000000000e+00) (0, 0, 0.00000000000000000000e+00) (10, 6, 5.00000000000000000000e-01) (10, 6, 5.00000000000000000000e-01) (10, 6, 5.00000000000000000000e-01) (0, 6, 0.00000000000000000000e+00) (4, 4, 5.00000000000000000000e-01) (0, 4, 0.00000000000000000000e+00) 
connections (connected_to_neuron, weight)=(0, 1.07100833719568022673e+01) (1, -7.30210809086013856728e+00) (2, -2.71279640362310292545e+00) (3, -8.21247562534933983613e+00) (4, -4.68163888343724021723e+00) (5, -8.56358750491643005986e-01) (6, -4.45585170555938159254e+00) (7, -4.68072222360523948481e+00) (8, -4.74563641288431892207e+00) (9, 9.56206212148902778836e+00) (0, 2.26832152487909305405e-01) (1, -1.07720632173228003658e+00) (2, -3.92005652691250594533e-01) (3, -1.98586962965062702180e-01) (4, -9.63475332171786935653e-01) (5, -4.83867028565459600387e-01) (6, -8.53470689883121802488e-01) (7, -8.99409148620763931881e-01) (8, -8.88833789730701817611e-01) (9, 2.22940123060264450139e-01) (0, 4.34437198679302138959e-01) (1, -2.36991507550545144056e+00) (2, -1.20124775955172777286e-01) (3, 2.73622463090386486284e-02) (4, -6.89353930756923249934e-02) (5, -5.44686325073150887088e-02) (6, -6.62883508012172273371e-02) (7, -4.29779613233679039230e-02) (8, -5.86063104674693635676e-02) (9, 1.66138967129156628344e-01) (10, -6.46764038979371402860e+00) (11, -3.64373895190040464342e+00) (12, -4.11721223899054411532e-01) (13, -2.38205171866958975713e+00) 
