FANN_FLO_2.1
num_layers=3
learning_rate=0.700000
connection_rate=1.000000
network_type=0
learning_momentum=0.000000
training_algorithm=2
train_error_function=1
train_stop_function=1
cascade_output_change_fraction=0.010000
quickprop_decay=-0.000100
quickprop_mu=1.750000
rprop_increase_factor=1.200000
rprop_decrease_factor=0.500000
rprop_delta_min=0.000000
rprop_delta_max=50.000000
rprop_delta_zero=0.100000
cascade_output_stagnation_epochs=12
cascade_candidate_change_fraction=0.010000
cascade_candidate_stagnation_epochs=12
cascade_max_out_epochs=150
cascade_min_out_epochs=50
cascade_max_cand_epochs=150
cascade_min_cand_epochs=50
cascade_num_candidate_groups=2
bit_fail_limit=1.00000000000000005551e-01
cascade_candidate_limit=1.00000000000000000000e+03
cascade_weight_multiplier=4.00000000000000022204e-01
cascade_activation_functions_count=10
cascade_activation_functions=3 5 7 8 10 11 14 15 16 17 
cascade_activation_steepnesses_count=4
cascade_activation_steepnesses=2.50000000000000000000e-01 5.00000000000000000000e-01 7.50000000000000000000e-01 1.00000000000000000000e+00 
layer_sizes=13 4 2 
scale_included=0
neurons (num_inputs, activation_function, activation_steepness)=(0, 0, 0.00000000000000000000e+00) (0, 0, 0.00000000000000000000e+00) (0, 0, 0.00000000000000000000e+00) (0, 0, 0.00000000000000000000e+00) (0, 0, 0.00000000000000000000e+00) (0, 0, 0.00000000000000000000e+00) (0, 0, 0.00000000000000000000e+00) (0, 0, 0.00000000000000000000e+00) (0, 0, 0.00000000000000000000e+00) (0, 0, 0.00000000000000000000e+00) (0, 0, 0.00000000000000000000e+00) (0, 0, 0.00000000000000000000e+00) (0, 0, 0.00000000000000000000e+00) (13, 6, 5.00000000000000000000e-01) (13, 6, 5.00000000000000000000e-01) (13, 6, 5.00000000000000000000e-01) (0, 6, 0.00000000000000000000e+00) (4, 4, 5.00000000000000000000e-01) (0, 4, 0.00000000000000000000e+00) 
connections (connected_to_neuron, weight)=(0, -2.70101541473801098903e+00) (1, 2.36206478712060086167e+00) (2, 5.01175017952529167076e-01) (3, 1.71056161175126830720e+00) (4, 1.43832074481613925165e+00) (5, 1.66944426735980999688e+00) (6, 2.35792017814614407456e+00) (7, 2.97246782817882859717e-01) (8, 1.72947145841725791193e+00) (9, -1.86211694981384590086e+00) (10, 1.45336767070277894653e+00) (11, 1.64880771427496464199e+00) (12, -2.70888009860451184352e+00) (0, -2.71962054470343994605e-01) (1, 1.04424536991832961341e+00) (2, -1.55303260680275445615e-01) (3, 1.38213404438941278585e+00) (4, 1.09484745844247544078e+00) (5, 6.72391218677972579698e-01) (6, 1.08550682682512489308e+00) (7, -1.11018272544716634087e-01) (8, 9.44312861452788254724e-01) (9, -6.21860137235339706374e-03) (10, 3.23006067774359695299e-01) (11, 1.98863958800524098791e-01) (12, -3.13895807066722321022e-01) (0, -7.35886323042571843800e-01) (1, 2.07547101502141595475e+00) (2, 8.89796765806904477181e-02) (3, 6.46335385738700640701e-01) (4, 5.29687732173916847600e-01) (5, -1.09895196421975149814e-01) (6, 2.14407892648896813981e+00) (7, 6.72558675667605243564e-02) (8, 1.50193178647178959828e-01) (9, -3.99255937061308630032e-01) (10, 6.47283768878746390563e-02) (11, 1.26400475822525087954e-01) (12, -9.00878215916812719044e-01) (13, 1.53588497067002389684e+01) (14, 1.15433639266715815097e+00) (15, 2.23026233355486747101e+00) (16, -2.73122327595288716395e+00) 
