FANN_FLO_2.1
num_layers=3
learning_rate=0.700000
connection_rate=1.000000
network_type=0
learning_momentum=0.000000
training_algorithm=2
train_error_function=1
train_stop_function=1
cascade_output_change_fraction=0.010000
quickprop_decay=-0.000100
quickprop_mu=1.750000
rprop_increase_factor=1.200000
rprop_decrease_factor=0.500000
rprop_delta_min=0.000000
rprop_delta_max=50.000000
rprop_delta_zero=0.100000
cascade_output_stagnation_epochs=12
cascade_candidate_change_fraction=0.010000
cascade_candidate_stagnation_epochs=12
cascade_max_out_epochs=150
cascade_min_out_epochs=50
cascade_max_cand_epochs=150
cascade_min_cand_epochs=50
cascade_num_candidate_groups=2
bit_fail_limit=1.00000000000000005551e-01
cascade_candidate_limit=1.00000000000000000000e+03
cascade_weight_multiplier=4.00000000000000022204e-01
cascade_activation_functions_count=10
cascade_activation_functions=3 5 7 8 10 11 14 15 16 17 
cascade_activation_steepnesses_count=4
cascade_activation_steepnesses=2.50000000000000000000e-01 5.00000000000000000000e-01 7.50000000000000000000e-01 1.00000000000000000000e+00 
layer_sizes=17 4 2 
scale_included=0
neurons (num_inputs, activation_function, activation_steepness)=(0, 0, 0.00000000000000000000e+00) (0, 0, 0.00000000000000000000e+00) (0, 0, 0.00000000000000000000e+00) (0, 0, 0.00000000000000000000e+00) (0, 0, 0.00000000000000000000e+00) (0, 0, 0.00000000000000000000e+00) (0, 0, 0.00000000000000000000e+00) (0, 0, 0.00000000000000000000e+00) (0, 0, 0.00000000000000000000e+00) (0, 0, 0.00000000000000000000e+00) (0, 0, 0.00000000000000000000e+00) (0, 0, 0.00000000000000000000e+00) (0, 0, 0.00000000000000000000e+00) (0, 0, 0.00000000000000000000e+00) (0, 0, 0.00000000000000000000e+00) (0, 0, 0.00000000000000000000e+00) (0, 0, 0.00000000000000000000e+00) (17, 6, 5.00000000000000000000e-01) (17, 6, 5.00000000000000000000e-01) (17, 6, 5.00000000000000000000e-01) (0, 6, 0.00000000000000000000e+00) (4, 4, 5.00000000000000000000e-01) (0, 4, 0.00000000000000000000e+00) 
connections (connected_to_neuron, weight)=(0, -7.82707188369500372893e-01) (1, 5.68890570853493571235e+00) (2, -3.25205488870912251542e+00) (3, -3.54416184354836683035e-01) (4, -3.84567036668847617165e+00) (5, 2.71527610422311083127e+00) (6, 4.30650766174741683745e-01) (7, -4.70058885044296673184e-02) (8, -1.26544261560905657582e+00) (9, -1.16173436798602947029e+00) (10, -2.99804289583121830187e-01) (11, -2.10904759835952981817e+00) (12, -1.43362562571622831342e-01) (13, -5.14663100958958175113e-01) (14, -2.40710921473221794997e+00) (15, -9.62442567398633985754e-01) (16, -2.90065460208221881366e-01) (0, -1.63800648430953477153e+00) (1, 3.92672486581056201516e+00) (2, -1.79218738091850959826e+00) (3, -3.57178492988221463200e-01) (4, -1.35916638027984237880e+00) (5, 3.68252313182114798806e+00) (6, 2.74466978322858989880e-01) (7, 7.16140784187607182254e-02) (8, -2.26863611179482926872e+00) (9, -2.07459146301714447702e+00) (10, -6.61783239937523304341e-01) (11, -2.66555412509957712075e+00) (12, -6.48350298399574476171e-01) (13, -4.97542987040178019686e-01) (14, -1.59720084393287353741e+00) (15, -5.50862769930389739592e-01) (16, -3.98086230275306540705e-01) (0, 4.29252111848057182897e+00) (1, 9.05033078970366888782e-01) (2, -1.15859868055622605709e+01) (3, -5.15813300001995544974e-01) (4, -2.57563838842225389936e-01) (5, -1.63531923120827271667e+00) (6, -4.47094147227905214237e+00) (7, 5.13231802413158133547e-01) (8, 2.56409920098000831956e+00) (9, -1.16795091000645037127e+01) (10, -2.66716124058000936259e-01) (11, 2.18129667801710791508e+00) (12, 2.13260153843018240849e+00) (13, 3.34780876950678485393e-01) (14, 1.48575676924473110141e+00) (15, 3.70698033417609595919e-01) (16, 1.73129265477477622959e+00) (17, 3.04270616112674341380e+00) (18, 3.01854786806786989928e+00) (19, -6.77408819999297318049e+00) (20, -5.14288125966584708237e+00) 
