FANN_FLO_2.1
num_layers=3
learning_rate=0.700000
connection_rate=1.000000
network_type=0
learning_momentum=0.000000
training_algorithm=2
train_error_function=1
train_stop_function=1
cascade_output_change_fraction=0.010000
quickprop_decay=-0.000100
quickprop_mu=1.750000
rprop_increase_factor=1.200000
rprop_decrease_factor=0.500000
rprop_delta_min=0.000000
rprop_delta_max=50.000000
rprop_delta_zero=0.100000
cascade_output_stagnation_epochs=12
cascade_candidate_change_fraction=0.010000
cascade_candidate_stagnation_epochs=12
cascade_max_out_epochs=150
cascade_min_out_epochs=50
cascade_max_cand_epochs=150
cascade_min_cand_epochs=50
cascade_num_candidate_groups=2
bit_fail_limit=1.00000000000000005551e-01
cascade_candidate_limit=1.00000000000000000000e+03
cascade_weight_multiplier=4.00000000000000022204e-01
cascade_activation_functions_count=10
cascade_activation_functions=3 5 7 8 10 11 14 15 16 17 
cascade_activation_steepnesses_count=4
cascade_activation_steepnesses=2.50000000000000000000e-01 5.00000000000000000000e-01 7.50000000000000000000e-01 1.00000000000000000000e+00 
layer_sizes=12 4 2 
scale_included=0
neurons (num_inputs, activation_function, activation_steepness)=(0, 0, 0.00000000000000000000e+00) (0, 0, 0.00000000000000000000e+00) (0, 0, 0.00000000000000000000e+00) (0, 0, 0.00000000000000000000e+00) (0, 0, 0.00000000000000000000e+00) (0, 0, 0.00000000000000000000e+00) (0, 0, 0.00000000000000000000e+00) (0, 0, 0.00000000000000000000e+00) (0, 0, 0.00000000000000000000e+00) (0, 0, 0.00000000000000000000e+00) (0, 0, 0.00000000000000000000e+00) (0, 0, 0.00000000000000000000e+00) (12, 6, 5.00000000000000000000e-01) (12, 6, 5.00000000000000000000e-01) (12, 6, 5.00000000000000000000e-01) (0, 6, 0.00000000000000000000e+00) (4, 4, 5.00000000000000000000e-01) (0, 4, 0.00000000000000000000e+00) 
connections (connected_to_neuron, weight)=(0, -4.01212796282685857374e-01) (1, 2.62834553573463469700e-01) (2, 1.72372098510070408395e+01) (3, -4.58194761271589534601e-01) (4, 3.02475018696093667092e-01) (5, 1.41122760892883336581e-01) (6, 1.45942684509752895750e+00) (7, 6.54902288563969037227e+00) (8, 3.33361442966113696862e-01) (9, 5.17841120455347914131e-01) (10, 6.06899993592540765164e-01) (11, -4.71123143744386296827e-01) (0, -2.05091961134055249250e-02) (1, 1.45697002097114491903e+00) (2, 1.50437138037463635776e+00) (3, 6.96102849249872757120e-02) (4, 4.39220083450526876945e-01) (5, 2.86951248135207670487e-01) (6, 4.79473439915965138347e-01) (7, 1.49907669341768645666e+00) (8, 1.12878781978081557669e-01) (9, 8.45633268606613697216e-01) (10, 1.87430281871042991870e-01) (11, -1.12052748245867646315e-02) (0, 4.30383420387866255652e+00) (1, -3.79486700302300405951e+00) (2, -3.48895686065457111269e+00) (3, 2.25166057801851460241e+00) (4, -1.55536429808827092458e+00) (5, -7.98284287015300630941e-01) (6, -3.37379925866635765885e+00) (7, -3.23091646841325452755e+00) (8, -9.13598368326526522054e-01) (9, -8.14349236348968386068e-01) (10, 1.61857923147080096093e+00) (11, 4.40879526386620756995e+00) (12, 1.24040353922356283434e+00) (13, 1.20143069354834053364e+00) (14, -9.30672710666394564782e+00) (15, -2.12880598399693488076e+00) 
