FANN_FLO_2.1
num_layers=3
learning_rate=0.700000
connection_rate=1.000000
network_type=0
learning_momentum=0.000000
training_algorithm=2
train_error_function=1
train_stop_function=1
cascade_output_change_fraction=0.010000
quickprop_decay=-0.000100
quickprop_mu=1.750000
rprop_increase_factor=1.200000
rprop_decrease_factor=0.500000
rprop_delta_min=0.000000
rprop_delta_max=50.000000
rprop_delta_zero=0.100000
cascade_output_stagnation_epochs=12
cascade_candidate_change_fraction=0.010000
cascade_candidate_stagnation_epochs=12
cascade_max_out_epochs=150
cascade_min_out_epochs=50
cascade_max_cand_epochs=150
cascade_min_cand_epochs=50
cascade_num_candidate_groups=2
bit_fail_limit=1.00000000000000005551e-01
cascade_candidate_limit=1.00000000000000000000e+03
cascade_weight_multiplier=4.00000000000000022204e-01
cascade_activation_functions_count=10
cascade_activation_functions=3 5 7 8 10 11 14 15 16 17 
cascade_activation_steepnesses_count=4
cascade_activation_steepnesses=2.50000000000000000000e-01 5.00000000000000000000e-01 7.50000000000000000000e-01 1.00000000000000000000e+00 
layer_sizes=17 4 2 
scale_included=0
neurons (num_inputs, activation_function, activation_steepness)=(0, 0, 0.00000000000000000000e+00) (0, 0, 0.00000000000000000000e+00) (0, 0, 0.00000000000000000000e+00) (0, 0, 0.00000000000000000000e+00) (0, 0, 0.00000000000000000000e+00) (0, 0, 0.00000000000000000000e+00) (0, 0, 0.00000000000000000000e+00) (0, 0, 0.00000000000000000000e+00) (0, 0, 0.00000000000000000000e+00) (0, 0, 0.00000000000000000000e+00) (0, 0, 0.00000000000000000000e+00) (0, 0, 0.00000000000000000000e+00) (0, 0, 0.00000000000000000000e+00) (0, 0, 0.00000000000000000000e+00) (0, 0, 0.00000000000000000000e+00) (0, 0, 0.00000000000000000000e+00) (0, 0, 0.00000000000000000000e+00) (17, 6, 5.00000000000000000000e-01) (17, 6, 5.00000000000000000000e-01) (17, 6, 5.00000000000000000000e-01) (0, 6, 0.00000000000000000000e+00) (4, 4, 5.00000000000000000000e-01) (0, 4, 0.00000000000000000000e+00) 
connections (connected_to_neuron, weight)=(0, -1.71540162309144328390e+00) (1, 1.94577028513649197272e+00) (2, 1.76207613417470976280e+00) (3, 1.07847072324518800102e+00) (4, -1.04350019617365719071e+00) (5, 2.07246322715838227069e+00) (6, 2.26659246427010163671e+00) (7, 2.49320654051036738608e+00) (8, 9.50513415520659876723e-02) (9, 6.94714285056823882769e+02) (10, -2.71013890804160162418e+00) (11, 1.28615368105273031318e+01) (12, -1.60537471351713989520e+01) (13, -3.19851145017889280098e+01) (14, -2.42370377606867215547e+00) (15, -1.96402333505999671104e+00) (16, -2.25337250265483035605e+00) (0, 3.20113830823710809881e-01) (1, -7.21569199013601725312e-01) (2, 4.98127457311168392318e-02) (3, -4.71984579379018853729e+00) (4, 5.28622397782633091090e-01) (5, -1.15991409621092067539e+00) (6, -1.67090788055406697099e-01) (7, -7.21673403610210817405e-01) (8, 1.29194901836879955104e-01) (9, 1.45240371884034175309e+02) (10, 3.46524666445593538810e+01) (11, 8.22560501484145589757e+01) (12, 3.45360092865566912224e+01) (13, 3.45846436443071070244e+01) (14, 3.44999858463530202357e+01) (15, 8.23063193796147771764e+01) (16, 3.78467150769327131954e-01) (0, -1.76156528635953257833e+00) (1, 2.10457418770292470356e+00) (2, 1.68505734422767683434e+00) (3, 1.04521670332913041435e+00) (4, -5.18495733557654214785e-01) (5, 1.77273649957591139525e+00) (6, 2.41290613901804551489e+00) (7, 2.38963057653551613768e+00) (8, 1.47609033483790397234e-01) (9, 6.94682182948822173785e+02) (10, -2.65491113291490599124e+00) (11, 1.29058348335127615059e+01) (12, -1.60181869444937561298e+01) (13, -3.19296711701896924751e+01) (14, -2.41596885896442792330e+00) (15, -1.82571754433762656333e+00) (16, -2.28344113487009181540e+00) (17, 4.30166846008225878251e+00) (18, -3.01084059789863367484e+00) (19, 5.80191946930744517630e+00) (20, -2.17967817667130647763e+00) 
