FANN_FLO_2.1
num_layers=3
learning_rate=0.700000
connection_rate=1.000000
network_type=0
learning_momentum=0.000000
training_algorithm=2
train_error_function=1
train_stop_function=1
cascade_output_change_fraction=0.010000
quickprop_decay=-0.000100
quickprop_mu=1.750000
rprop_increase_factor=1.200000
rprop_decrease_factor=0.500000
rprop_delta_min=0.000000
rprop_delta_max=50.000000
rprop_delta_zero=0.100000
cascade_output_stagnation_epochs=12
cascade_candidate_change_fraction=0.010000
cascade_candidate_stagnation_epochs=12
cascade_max_out_epochs=150
cascade_min_out_epochs=50
cascade_max_cand_epochs=150
cascade_min_cand_epochs=50
cascade_num_candidate_groups=2
bit_fail_limit=1.00000000000000005551e-01
cascade_candidate_limit=1.00000000000000000000e+03
cascade_weight_multiplier=4.00000000000000022204e-01
cascade_activation_functions_count=10
cascade_activation_functions=3 5 7 8 10 11 14 15 16 17 
cascade_activation_steepnesses_count=4
cascade_activation_steepnesses=2.50000000000000000000e-01 5.00000000000000000000e-01 7.50000000000000000000e-01 1.00000000000000000000e+00 
layer_sizes=17 4 2 
scale_included=0
neurons (num_inputs, activation_function, activation_steepness)=(0, 0, 0.00000000000000000000e+00) (0, 0, 0.00000000000000000000e+00) (0, 0, 0.00000000000000000000e+00) (0, 0, 0.00000000000000000000e+00) (0, 0, 0.00000000000000000000e+00) (0, 0, 0.00000000000000000000e+00) (0, 0, 0.00000000000000000000e+00) (0, 0, 0.00000000000000000000e+00) (0, 0, 0.00000000000000000000e+00) (0, 0, 0.00000000000000000000e+00) (0, 0, 0.00000000000000000000e+00) (0, 0, 0.00000000000000000000e+00) (0, 0, 0.00000000000000000000e+00) (0, 0, 0.00000000000000000000e+00) (0, 0, 0.00000000000000000000e+00) (0, 0, 0.00000000000000000000e+00) (0, 0, 0.00000000000000000000e+00) (17, 6, 5.00000000000000000000e-01) (17, 6, 5.00000000000000000000e-01) (17, 6, 5.00000000000000000000e-01) (0, 6, 0.00000000000000000000e+00) (4, 4, 5.00000000000000000000e-01) (0, 4, 0.00000000000000000000e+00) 
connections (connected_to_neuron, weight)=(0, 6.70073639049891589536e-01) (1, -2.30837241099503459596e-01) (2, -9.41857604748272958517e-01) (3, 2.70666812896572739344e-01) (4, -7.49953669882968132487e-02) (5, 1.58142161050516177889e-01) (6, 1.43142546595392047143e-02) (7, -4.83638470711999168827e+00) (8, 6.98882665690354620835e-01) (9, 5.93752110217978579243e-01) (10, 9.34450596399671429282e-01) (11, 2.58027247528175296409e+00) (12, 2.09331057924083063781e+00) (13, 3.87887361060640056820e+00) (14, -1.89983534287535005269e-01) (15, -1.35067414734486752892e-02) (16, 4.20879664090621219419e-01) (0, 1.14473153159508934940e-02) (1, 2.31589114674714657838e-01) (2, -2.43579036488408597061e-02) (3, 1.44916751363107998429e-01) (4, 1.11158884871209684420e+00) (5, 3.20300151649037134760e-01) (6, 1.45361859550243721628e-01) (7, 9.03079870131611706086e+00) (8, 1.46352756439328463012e-01) (9, -8.73569921988100323018e-02) (10, 3.53341517045682063092e-01) (11, 4.57292493622425133548e-01) (12, 1.10887539558386163940e-01) (13, -2.35222331315652843919e-01) (14, 4.51056398728674923237e-01) (15, 2.42234608789068828205e-01) (16, 5.56666591010009162432e-02) (0, -1.86005387555222045926e+00) (1, 1.62683067064228437104e+00) (2, 1.13702905995984382415e+00) (3, -5.30376201573272698653e-01) (4, 1.28170955441335987501e+00) (5, 1.02355874233073379509e-01) (6, 4.33677603741897732537e-01) (7, 2.94649367641443404864e+02) (8, -2.70769745167668385299e-01) (9, 2.16388668050459198611e-01) (10, 1.96443700023031508906e+00) (11, 3.82121161041189871810e+00) (12, -1.86698635381891242524e+00) (13, -1.06960568877776740493e+01) (14, 1.58742204191891334020e+00) (15, 1.35191061314794946924e+00) (16, -1.37984592595886490507e+00) (17, -9.54125474807692341983e+00) (18, 1.18663927260152554655e-01) (19, 1.52405108272572924477e+01) (20, -1.76719166743696831645e+00) 
