FANN_FLO_2.1
num_layers=3
learning_rate=0.700000
connection_rate=1.000000
network_type=0
learning_momentum=0.000000
training_algorithm=2
train_error_function=1
train_stop_function=1
cascade_output_change_fraction=0.010000
quickprop_decay=-0.000100
quickprop_mu=1.750000
rprop_increase_factor=1.200000
rprop_decrease_factor=0.500000
rprop_delta_min=0.000000
rprop_delta_max=50.000000
rprop_delta_zero=0.100000
cascade_output_stagnation_epochs=12
cascade_candidate_change_fraction=0.010000
cascade_candidate_stagnation_epochs=12
cascade_max_out_epochs=150
cascade_min_out_epochs=50
cascade_max_cand_epochs=150
cascade_min_cand_epochs=50
cascade_num_candidate_groups=2
bit_fail_limit=1.00000000000000005551e-01
cascade_candidate_limit=1.00000000000000000000e+03
cascade_weight_multiplier=4.00000000000000022204e-01
cascade_activation_functions_count=10
cascade_activation_functions=3 5 7 8 10 11 14 15 16 17 
cascade_activation_steepnesses_count=4
cascade_activation_steepnesses=2.50000000000000000000e-01 5.00000000000000000000e-01 7.50000000000000000000e-01 1.00000000000000000000e+00 
layer_sizes=15 4 2 
scale_included=0
neurons (num_inputs, activation_function, activation_steepness)=(0, 0, 0.00000000000000000000e+00) (0, 0, 0.00000000000000000000e+00) (0, 0, 0.00000000000000000000e+00) (0, 0, 0.00000000000000000000e+00) (0, 0, 0.00000000000000000000e+00) (0, 0, 0.00000000000000000000e+00) (0, 0, 0.00000000000000000000e+00) (0, 0, 0.00000000000000000000e+00) (0, 0, 0.00000000000000000000e+00) (0, 0, 0.00000000000000000000e+00) (0, 0, 0.00000000000000000000e+00) (0, 0, 0.00000000000000000000e+00) (0, 0, 0.00000000000000000000e+00) (0, 0, 0.00000000000000000000e+00) (0, 0, 0.00000000000000000000e+00) (15, 6, 5.00000000000000000000e-01) (15, 6, 5.00000000000000000000e-01) (15, 6, 5.00000000000000000000e-01) (0, 6, 0.00000000000000000000e+00) (4, 4, 5.00000000000000000000e-01) (0, 4, 0.00000000000000000000e+00) 
connections (connected_to_neuron, weight)=(0, -1.51022688740223354209e+00) (1, 8.72060550454442640067e-01) (2, 3.68788168333887345085e+00) (3, 6.94494403217371381043e-02) (4, 2.28446554176304683637e+00) (5, -2.23462872888508384817e-02) (6, -2.67211506245632446355e-01) (7, 4.00323079334995313161e+00) (8, 8.22980208900326526411e-01) (9, 1.21367720683787716496e+00) (10, -1.12935458159859059002e+00) (11, 8.84336315941696482490e-01) (12, 6.52349164488466803924e-01) (13, 9.17721503485636636022e-01) (14, -1.44232368164986080039e+00) (0, 3.90527499854195125906e+00) (1, -4.36757764687951066662e+00) (2, -4.53748376359957727999e+00) (3, 2.52138137022906816398e+00) (4, -1.14077223584585696337e+00) (5, 2.45485785554105317985e+00) (6, 2.30133329534185815390e+00) (7, -1.28329281091794533687e+00) (8, -9.61890136323578781585e-01) (9, -2.86926093148087968387e+00) (10, 5.49407867992052167949e+00) (11, -4.46678590192152924487e+00) (12, 1.97541862427316305961e+00) (13, -2.71276216749650567195e+00) (14, 3.84985392927753933279e+00) (0, -6.35737255049180993716e-01) (1, -1.50633111263662922141e+00) (2, 1.08605801602440728004e+01) (3, -4.06540310796748016742e-02) (4, 4.71735922925363260205e-01) (5, -1.80544905618439804895e-01) (6, -7.60197291377212452934e-02) (7, 1.23771629250555719182e+01) (8, 1.08631318334981519236e-01) (9, 3.28758935374465766088e-02) (10, -9.16233242177712847720e-01) (11, 1.39251680152466450480e+00) (12, 7.18770479361758168890e-02) (13, -4.03182806965133089250e-01) (14, -5.77341867250381390875e-01) (15, 2.08843837961729628105e+00) (16, -6.59062781267425723541e+00) (17, 2.09387054131761463083e+00) (18, -2.72470499492884199455e+00) 
