FANN_FLO_2.1
num_layers=3
learning_rate=0.700000
connection_rate=1.000000
network_type=0
learning_momentum=0.000000
training_algorithm=2
train_error_function=1
train_stop_function=1
cascade_output_change_fraction=0.010000
quickprop_decay=-0.000100
quickprop_mu=1.750000
rprop_increase_factor=1.200000
rprop_decrease_factor=0.500000
rprop_delta_min=0.000000
rprop_delta_max=50.000000
rprop_delta_zero=0.100000
cascade_output_stagnation_epochs=12
cascade_candidate_change_fraction=0.010000
cascade_candidate_stagnation_epochs=12
cascade_max_out_epochs=150
cascade_min_out_epochs=50
cascade_max_cand_epochs=150
cascade_min_cand_epochs=50
cascade_num_candidate_groups=2
bit_fail_limit=1.00000000000000005551e-01
cascade_candidate_limit=1.00000000000000000000e+03
cascade_weight_multiplier=4.00000000000000022204e-01
cascade_activation_functions_count=10
cascade_activation_functions=3 5 7 8 10 11 14 15 16 17 
cascade_activation_steepnesses_count=4
cascade_activation_steepnesses=2.50000000000000000000e-01 5.00000000000000000000e-01 7.50000000000000000000e-01 1.00000000000000000000e+00 
layer_sizes=12 4 2 
scale_included=0
neurons (num_inputs, activation_function, activation_steepness)=(0, 0, 0.00000000000000000000e+00) (0, 0, 0.00000000000000000000e+00) (0, 0, 0.00000000000000000000e+00) (0, 0, 0.00000000000000000000e+00) (0, 0, 0.00000000000000000000e+00) (0, 0, 0.00000000000000000000e+00) (0, 0, 0.00000000000000000000e+00) (0, 0, 0.00000000000000000000e+00) (0, 0, 0.00000000000000000000e+00) (0, 0, 0.00000000000000000000e+00) (0, 0, 0.00000000000000000000e+00) (0, 0, 0.00000000000000000000e+00) (12, 6, 5.00000000000000000000e-01) (12, 6, 5.00000000000000000000e-01) (12, 6, 5.00000000000000000000e-01) (0, 6, 0.00000000000000000000e+00) (4, 4, 5.00000000000000000000e-01) (0, 4, 0.00000000000000000000e+00) 
connections (connected_to_neuron, weight)=(0, -1.14986736583331783379e+00) (1, 1.20950686933182982585e+00) (2, 1.11209038013506655851e+00) (3, -2.22761271199774790741e-01) (4, -3.92370112463838044414e-02) (5, -3.51641790334031478782e-01) (6, 8.02881772261088699771e-01) (7, 1.35633257327561018712e+00) (8, -2.52251900834561282316e-01) (9, 6.01750139714582799044e-01) (10, -1.22793486383826630504e-01) (11, -1.05008986848214869170e+00) (0, -1.02707870560506608903e+00) (1, 1.25320953877352936345e+00) (2, 1.08584106827069049039e+00) (3, -3.47431590458941230715e-01) (4, 2.05645970776671058178e-02) (5, -2.84624849607406305019e-01) (6, 8.43354711871569961978e-01) (7, 1.45370373425964949377e+00) (8, -2.15821133756899721790e-03) (9, 4.96759821297033832277e-01) (10, -1.14351129201323883922e-01) (11, -1.10530414688209299712e+00) (0, -2.26485672610703758778e+00) (1, 2.19809897081927685392e+00) (2, 2.76665761801173148982e+00) (3, -1.44361920716888070260e+00) (4, 5.11672138568654344404e-01) (5, -1.42221615651886712506e+00) (6, 2.54825830750929815949e+00) (7, 3.17754083741566129007e+00) (8, -8.61512738400310618125e-01) (9, 4.89115584255642055211e-01) (10, -1.16236433606123190643e+00) (11, -2.36136093008223824086e+00) (12, 1.67512131281176190889e+00) (13, 1.67585707254686933076e+00) (14, 1.73413051442038117500e+01) (15, -2.43373424462701670734e+00) 
