FANN_FLO_2.1
num_layers=3
learning_rate=0.700000
connection_rate=1.000000
network_type=0
learning_momentum=0.000000
training_algorithm=2
train_error_function=1
train_stop_function=1
cascade_output_change_fraction=0.010000
quickprop_decay=-0.000100
quickprop_mu=1.750000
rprop_increase_factor=1.200000
rprop_decrease_factor=0.500000
rprop_delta_min=0.000000
rprop_delta_max=50.000000
rprop_delta_zero=0.100000
cascade_output_stagnation_epochs=12
cascade_candidate_change_fraction=0.010000
cascade_candidate_stagnation_epochs=12
cascade_max_out_epochs=150
cascade_min_out_epochs=50
cascade_max_cand_epochs=150
cascade_min_cand_epochs=50
cascade_num_candidate_groups=2
bit_fail_limit=1.00000000000000005551e-01
cascade_candidate_limit=1.00000000000000000000e+03
cascade_weight_multiplier=4.00000000000000022204e-01
cascade_activation_functions_count=10
cascade_activation_functions=3 5 7 8 10 11 14 15 16 17 
cascade_activation_steepnesses_count=4
cascade_activation_steepnesses=2.50000000000000000000e-01 5.00000000000000000000e-01 7.50000000000000000000e-01 1.00000000000000000000e+00 
layer_sizes=17 4 2 
scale_included=0
neurons (num_inputs, activation_function, activation_steepness)=(0, 0, 0.00000000000000000000e+00) (0, 0, 0.00000000000000000000e+00) (0, 0, 0.00000000000000000000e+00) (0, 0, 0.00000000000000000000e+00) (0, 0, 0.00000000000000000000e+00) (0, 0, 0.00000000000000000000e+00) (0, 0, 0.00000000000000000000e+00) (0, 0, 0.00000000000000000000e+00) (0, 0, 0.00000000000000000000e+00) (0, 0, 0.00000000000000000000e+00) (0, 0, 0.00000000000000000000e+00) (0, 0, 0.00000000000000000000e+00) (0, 0, 0.00000000000000000000e+00) (0, 0, 0.00000000000000000000e+00) (0, 0, 0.00000000000000000000e+00) (0, 0, 0.00000000000000000000e+00) (0, 0, 0.00000000000000000000e+00) (17, 6, 5.00000000000000000000e-01) (17, 6, 5.00000000000000000000e-01) (17, 6, 5.00000000000000000000e-01) (0, 6, 0.00000000000000000000e+00) (4, 4, 5.00000000000000000000e-01) (0, 4, 0.00000000000000000000e+00) 
connections (connected_to_neuron, weight)=(0, -4.87069046533409277799e+00) (1, 3.21452204826825793660e+00) (2, 3.44408250718339870033e+00) (3, 8.15778346935103759741e-01) (4, 1.66973399177136716531e+00) (5, 4.39583097249995891076e+00) (6, 3.07384469305494789637e-01) (7, 3.62161715842246589858e+00) (8, -2.38857875329237545614e+00) (9, 1.47645758215666966784e+00) (10, -2.42941334409882081502e+00) (11, -1.86756780573311575999e+00) (12, 2.49443310567432208202e+00) (13, 3.99869206011155275959e+00) (14, -2.74250071879442003375e-01) (15, 6.76852909296621674251e-01) (16, -2.72342541371467738998e+00) (0, -2.48875629301783041214e+00) (1, 1.26943315434349068838e+00) (2, 2.48925491846169233412e+00) (3, 8.41766688159878095910e-01) (4, 7.91832606553053208742e-01) (5, 1.49381074930753893204e-01) (6, -4.03932777545128129937e-01) (7, 1.18275982067775786710e+00) (8, -1.90047243365735973875e+00) (9, 1.98698506225363979993e+00) (10, -9.86157007417285846884e-01) (11, -1.05362594974931278458e+00) (12, 9.57531783158841576231e-01) (13, 1.16865255173396231925e+00) (14, -6.53033992012385655634e-02) (15, 3.32958271310806963594e-01) (16, -1.26160292796537421012e+00) (0, 9.16121567786009727286e-01) (1, -4.02848400729882871740e-01) (2, -4.59162164163259889360e-01) (3, -3.41739887082900054005e-02) (4, -1.67338147199193043591e-01) (5, 4.73875684415017262019e-01) (6, -4.20316639958821536283e+00) (7, -8.02310131848196483872e+00) (8, 1.04528014947634839693e+00) (9, -6.16953394783712250060e-01) (10, 3.88488760140593414327e-02) (11, 6.55657138690340923759e-01) (12, -2.05676239383312120523e+00) (13, -6.50692751141284664307e-01) (14, 3.03693463358826132303e-01) (15, 5.08474156857465359183e-02) (16, 7.50500148411198941822e-01) (17, 7.92918466338010485828e+00) (18, 6.21234658570757503071e+00) (19, -6.53412671821928725535e+00) (20, -3.07095492182571438988e+00) 
