FANN_FLO_2.1
num_layers=3
learning_rate=0.700000
connection_rate=1.000000
network_type=0
learning_momentum=0.000000
training_algorithm=2
train_error_function=1
train_stop_function=1
cascade_output_change_fraction=0.010000
quickprop_decay=-0.000100
quickprop_mu=1.750000
rprop_increase_factor=1.200000
rprop_decrease_factor=0.500000
rprop_delta_min=0.000000
rprop_delta_max=50.000000
rprop_delta_zero=0.100000
cascade_output_stagnation_epochs=12
cascade_candidate_change_fraction=0.010000
cascade_candidate_stagnation_epochs=12
cascade_max_out_epochs=150
cascade_min_out_epochs=50
cascade_max_cand_epochs=150
cascade_min_cand_epochs=50
cascade_num_candidate_groups=2
bit_fail_limit=1.00000000000000005551e-01
cascade_candidate_limit=1.00000000000000000000e+03
cascade_weight_multiplier=4.00000000000000022204e-01
cascade_activation_functions_count=10
cascade_activation_functions=3 5 7 8 10 11 14 15 16 17 
cascade_activation_steepnesses_count=4
cascade_activation_steepnesses=2.50000000000000000000e-01 5.00000000000000000000e-01 7.50000000000000000000e-01 1.00000000000000000000e+00 
layer_sizes=14 4 2 
scale_included=0
neurons (num_inputs, activation_function, activation_steepness)=(0, 0, 0.00000000000000000000e+00) (0, 0, 0.00000000000000000000e+00) (0, 0, 0.00000000000000000000e+00) (0, 0, 0.00000000000000000000e+00) (0, 0, 0.00000000000000000000e+00) (0, 0, 0.00000000000000000000e+00) (0, 0, 0.00000000000000000000e+00) (0, 0, 0.00000000000000000000e+00) (0, 0, 0.00000000000000000000e+00) (0, 0, 0.00000000000000000000e+00) (0, 0, 0.00000000000000000000e+00) (0, 0, 0.00000000000000000000e+00) (0, 0, 0.00000000000000000000e+00) (0, 0, 0.00000000000000000000e+00) (14, 6, 5.00000000000000000000e-01) (14, 6, 5.00000000000000000000e-01) (14, 6, 5.00000000000000000000e-01) (0, 6, 0.00000000000000000000e+00) (4, 4, 5.00000000000000000000e-01) (0, 4, 0.00000000000000000000e+00) 
connections (connected_to_neuron, weight)=(0, 5.16337794587334197871e-01) (1, 4.19382745754212638012e-01) (2, 5.88688022243221142915e-01) (3, 5.80940749567127323605e-02) (4, -5.79728099226424098411e-01) (5, -4.27506298252793515147e-01) (6, 9.31371211008967914147e-01) (7, 7.05892818650275422065e-01) (8, -6.50932344788518335577e+00) (9, 1.48624841825662179495e+00) (10, -2.59219056613840992398e+00) (11, 4.35542420034407751217e+00) (12, -2.03560444345897684215e+00) (13, -8.15214125159275347643e-03) (0, -2.93187350756781150984e-02) (1, 1.28123614247244055342e+00) (2, 1.29986416318017905525e+01) (3, 2.81333723094373489015e-01) (4, -1.76948194372706590904e+00) (5, -1.58521755819720877589e+00) (6, 3.95496350115562778083e-01) (7, 1.26537877371684324146e+01) (8, 7.24839382845555268986e-01) (9, 1.20484027798471537984e+00) (10, -2.83349268926778208311e+00) (11, 1.91427260077465732913e+00) (12, 2.03582343545673588592e-01) (13, -2.59534165763151714046e+00) (0, 1.17286581781109705558e-01) (1, -2.39155743334324055738e+00) (2, -2.47717198735538923771e+00) (3, 2.94829125840379124845e-01) (4, 2.34277670842054908107e+00) (5, 2.42875986314045233527e+00) (6, -2.38659697458045183538e+00) (7, -2.38285512206860738971e+00) (8, 2.34654964771326213224e+00) (9, -2.01652846470691571312e+00) (10, 2.50948333185286776015e+00) (11, -1.75578194949471133590e+00) (12, 3.13842870593912870447e+00) (13, 2.27842338450460824006e+00) (14, 1.40864863945119034305e+00) (15, 3.98010147369482147894e+00) (16, -1.11310148835193025718e+01) (17, -1.72711180579582501693e+00) 
