FANN_FLO_2.1
num_layers=3
learning_rate=0.700000
connection_rate=1.000000
network_type=0
learning_momentum=0.000000
training_algorithm=2
train_error_function=1
train_stop_function=1
cascade_output_change_fraction=0.010000
quickprop_decay=-0.000100
quickprop_mu=1.750000
rprop_increase_factor=1.200000
rprop_decrease_factor=0.500000
rprop_delta_min=0.000000
rprop_delta_max=50.000000
rprop_delta_zero=0.100000
cascade_output_stagnation_epochs=12
cascade_candidate_change_fraction=0.010000
cascade_candidate_stagnation_epochs=12
cascade_max_out_epochs=150
cascade_min_out_epochs=50
cascade_max_cand_epochs=150
cascade_min_cand_epochs=50
cascade_num_candidate_groups=2
bit_fail_limit=1.00000000000000005551e-01
cascade_candidate_limit=1.00000000000000000000e+03
cascade_weight_multiplier=4.00000000000000022204e-01
cascade_activation_functions_count=10
cascade_activation_functions=3 5 7 8 10 11 14 15 16 17 
cascade_activation_steepnesses_count=4
cascade_activation_steepnesses=2.50000000000000000000e-01 5.00000000000000000000e-01 7.50000000000000000000e-01 1.00000000000000000000e+00 
layer_sizes=15 4 2 
scale_included=0
neurons (num_inputs, activation_function, activation_steepness)=(0, 0, 0.00000000000000000000e+00) (0, 0, 0.00000000000000000000e+00) (0, 0, 0.00000000000000000000e+00) (0, 0, 0.00000000000000000000e+00) (0, 0, 0.00000000000000000000e+00) (0, 0, 0.00000000000000000000e+00) (0, 0, 0.00000000000000000000e+00) (0, 0, 0.00000000000000000000e+00) (0, 0, 0.00000000000000000000e+00) (0, 0, 0.00000000000000000000e+00) (0, 0, 0.00000000000000000000e+00) (0, 0, 0.00000000000000000000e+00) (0, 0, 0.00000000000000000000e+00) (0, 0, 0.00000000000000000000e+00) (0, 0, 0.00000000000000000000e+00) (15, 6, 5.00000000000000000000e-01) (15, 6, 5.00000000000000000000e-01) (15, 6, 5.00000000000000000000e-01) (0, 6, 0.00000000000000000000e+00) (4, 4, 5.00000000000000000000e-01) (0, 4, 0.00000000000000000000e+00) 
connections (connected_to_neuron, weight)=(0, 5.44110102357878400170e+00) (1, -5.14369754596182726658e-01) (2, -1.57203336674229232628e+00) (3, 1.60094447342901458065e+00) (4, 9.22891158177659209905e-01) (5, 1.22485387526197930796e+00) (6, 1.89549602742210399065e+00) (7, -1.22419141237649942155e+00) (8, 1.88048141868548901456e+00) (9, 8.28843467241835218928e-01) (10, 1.81067935241673594327e+00) (11, 1.98715797169749386342e+00) (12, 4.79506523569425180398e+00) (13, 1.42771665645620804419e+00) (14, 5.46841164829745007836e+00) (0, -2.35848228133581327981e+00) (1, 2.42565099992551980179e+00) (2, 1.86732461422981388388e+00) (3, -8.96784741236334781433e-01) (4, 9.71999087295819297339e-01) (5, 6.26474711071850265398e-01) (6, -7.61612661420111081156e-01) (7, 3.12530213810726920087e+00) (8, -8.50625156966266171565e-01) (9, 1.25788051943568102153e+00) (10, -8.63704442587909237972e-01) (11, -4.23524683615178865193e-01) (12, -1.39629429328021714696e+00) (13, 3.92859358922154233706e-01) (14, -2.38777198142669799807e+00) (0, -2.09628924704621777408e+00) (1, 2.73210133505423335976e+00) (2, 4.52478621820428994482e+00) (3, -7.09950815522833011961e-01) (4, 1.97642610482434788466e+00) (5, 2.76610131941175119152e-01) (6, -7.33986033030296636248e-01) (7, 3.34527518700222437076e+00) (8, -7.80999131723656758730e-01) (9, 1.62579596135860837691e+00) (10, -8.60714823230519621156e-01) (11, 2.83486923350570074742e-01) (12, -1.66592114425326132121e+00) (13, 1.01459241758763751839e+00) (14, -3.57880338539940545672e+00) (15, -1.18079291558440391263e+00) (16, 9.50059125210658272920e+00) (17, 5.00904700173837014177e+00) (18, -1.11142692989285651883e+00) 
