FANN_FLO_2.1
num_layers=3
learning_rate=0.700000
connection_rate=1.000000
network_type=0
learning_momentum=0.000000
training_algorithm=2
train_error_function=1
train_stop_function=1
cascade_output_change_fraction=0.010000
quickprop_decay=-0.000100
quickprop_mu=1.750000
rprop_increase_factor=1.200000
rprop_decrease_factor=0.500000
rprop_delta_min=0.000000
rprop_delta_max=50.000000
rprop_delta_zero=0.100000
cascade_output_stagnation_epochs=12
cascade_candidate_change_fraction=0.010000
cascade_candidate_stagnation_epochs=12
cascade_max_out_epochs=150
cascade_min_out_epochs=50
cascade_max_cand_epochs=150
cascade_min_cand_epochs=50
cascade_num_candidate_groups=2
bit_fail_limit=1.00000000000000005551e-01
cascade_candidate_limit=1.00000000000000000000e+03
cascade_weight_multiplier=4.00000000000000022204e-01
cascade_activation_functions_count=10
cascade_activation_functions=3 5 7 8 10 11 14 15 16 17 
cascade_activation_steepnesses_count=4
cascade_activation_steepnesses=2.50000000000000000000e-01 5.00000000000000000000e-01 7.50000000000000000000e-01 1.00000000000000000000e+00 
layer_sizes=15 4 2 
scale_included=0
neurons (num_inputs, activation_function, activation_steepness)=(0, 0, 0.00000000000000000000e+00) (0, 0, 0.00000000000000000000e+00) (0, 0, 0.00000000000000000000e+00) (0, 0, 0.00000000000000000000e+00) (0, 0, 0.00000000000000000000e+00) (0, 0, 0.00000000000000000000e+00) (0, 0, 0.00000000000000000000e+00) (0, 0, 0.00000000000000000000e+00) (0, 0, 0.00000000000000000000e+00) (0, 0, 0.00000000000000000000e+00) (0, 0, 0.00000000000000000000e+00) (0, 0, 0.00000000000000000000e+00) (0, 0, 0.00000000000000000000e+00) (0, 0, 0.00000000000000000000e+00) (0, 0, 0.00000000000000000000e+00) (15, 6, 5.00000000000000000000e-01) (15, 6, 5.00000000000000000000e-01) (15, 6, 5.00000000000000000000e-01) (0, 6, 0.00000000000000000000e+00) (4, 4, 5.00000000000000000000e-01) (0, 4, 0.00000000000000000000e+00) 
connections (connected_to_neuron, weight)=(0, 5.41688983086283748491e+00) (1, -6.53904016258003828455e+00) (2, -3.97713807796742502276e+00) (3, 1.93885261678862219625e+00) (4, -1.41033884345669124905e+00) (5, 1.95632835012975037081e+00) (6, 1.93531266008543023638e+00) (7, -6.23325876764506014993e-01) (8, 1.87869898722931938373e+00) (9, -2.44809796521432154748e+00) (10, -4.32610931784675079026e-01) (11, 1.92431439830300587968e-01) (12, 4.36729002310883984705e+00) (13, -2.11372010782158259445e+00) (14, 5.53235822077973171673e+00) (0, -1.13590615579657616685e+00) (1, 3.34192629013383957215e+00) (2, 7.48311533910936965697e-01) (3, -1.09278264577491412979e+00) (4, -2.45764035484475495963e+00) (5, -9.22685792987718245151e-01) (6, -3.34543101407842513595e+00) (7, -8.22365825470972255928e-01) (8, -8.84518824888757992930e-01) (9, 6.20421434694098605789e-01) (10, 7.57587605631071969725e-01) (11, -1.05055399384748082703e+00) (12, -6.30692776769728014052e-01) (13, -1.27972454255509571208e-01) (14, -8.84629313207523360063e-01) (0, -3.85973991977147479204e+00) (1, 1.16315785381544500865e+00) (2, 1.51413969492022548735e+01) (3, -8.29805811630277778690e-01) (4, 2.04068439836128279197e+00) (5, -9.34694432211790937615e-01) (6, -1.54211772313301054282e+00) (7, 1.57712505227473460678e+01) (8, -1.15492062644152881923e+00) (9, 1.80495131929310392849e+00) (10, 1.74793031603913018301e+00) (11, 1.16609614700509567342e+00) (12, -4.71416938719415590242e+00) (13, 1.97983095091063665549e+00) (14, -3.93925180809668962212e+00) (15, -3.72737654611533253401e+00) (16, 2.03665590151137054775e+00) (17, 4.30357061385307115842e+00) (18, -2.92003358107642796426e+00) 
