FANN_FLO_2.1
num_layers=3
learning_rate=0.700000
connection_rate=1.000000
network_type=0
learning_momentum=0.000000
training_algorithm=2
train_error_function=1
train_stop_function=1
cascade_output_change_fraction=0.010000
quickprop_decay=-0.000100
quickprop_mu=1.750000
rprop_increase_factor=1.200000
rprop_decrease_factor=0.500000
rprop_delta_min=0.000000
rprop_delta_max=50.000000
rprop_delta_zero=0.100000
cascade_output_stagnation_epochs=12
cascade_candidate_change_fraction=0.010000
cascade_candidate_stagnation_epochs=12
cascade_max_out_epochs=150
cascade_min_out_epochs=50
cascade_max_cand_epochs=150
cascade_min_cand_epochs=50
cascade_num_candidate_groups=2
bit_fail_limit=1.00000000000000005551e-01
cascade_candidate_limit=1.00000000000000000000e+03
cascade_weight_multiplier=4.00000000000000022204e-01
cascade_activation_functions_count=10
cascade_activation_functions=3 5 7 8 10 11 14 15 16 17 
cascade_activation_steepnesses_count=4
cascade_activation_steepnesses=2.50000000000000000000e-01 5.00000000000000000000e-01 7.50000000000000000000e-01 1.00000000000000000000e+00 
layer_sizes=7 4 2 
scale_included=0
neurons (num_inputs, activation_function, activation_steepness)=(0, 0, 0.00000000000000000000e+00) (0, 0, 0.00000000000000000000e+00) (0, 0, 0.00000000000000000000e+00) (0, 0, 0.00000000000000000000e+00) (0, 0, 0.00000000000000000000e+00) (0, 0, 0.00000000000000000000e+00) (0, 0, 0.00000000000000000000e+00) (7, 6, 5.00000000000000000000e-01) (7, 6, 5.00000000000000000000e-01) (7, 6, 5.00000000000000000000e-01) (0, 6, 0.00000000000000000000e+00) (4, 4, 5.00000000000000000000e-01) (0, 4, 0.00000000000000000000e+00) 
connections (connected_to_neuron, weight)=(0, 2.09992577758175924529e-01) (1, -1.40121984897388474067e+00) (2, -6.96675738367590891009e-01) (3, -3.58396736428558182475e-01) (4, 8.49862161545402172713e-01) (5, -7.45827060631546912006e-01) (6, 2.08313738488347000022e-01) (0, -4.56133277794432967500e-01) (1, -5.07282013471940462779e+00) (2, -6.22012387112759590480e+00) (3, -4.82645652831865934473e+00) (4, 5.81387507110166357194e+00) (5, -5.72993320672670858329e+00) (6, 7.45188478926033504024e+00) (0, 5.49845567535395707282e-01) (1, 1.30301178350279234230e+00) (2, 8.78351466627312560398e-01) (3, 3.75566874526413574387e-01) (4, -1.62072394539663183766e-01) (5, 1.44396509425591146325e+00) (6, -3.61443439144454314871e-01) (7, -3.17651787556645182065e+00) (8, -1.18636225541636104452e+01) (9, 2.73290538251562153960e+00) (10, -2.47158869091148991615e+00) 
