FANN_FLO_2.1
num_layers=3
learning_rate=0.700000
connection_rate=1.000000
network_type=0
learning_momentum=0.000000
training_algorithm=2
train_error_function=1
train_stop_function=1
cascade_output_change_fraction=0.010000
quickprop_decay=-0.000100
quickprop_mu=1.750000
rprop_increase_factor=1.200000
rprop_decrease_factor=0.500000
rprop_delta_min=0.000000
rprop_delta_max=50.000000
rprop_delta_zero=0.100000
cascade_output_stagnation_epochs=12
cascade_candidate_change_fraction=0.010000
cascade_candidate_stagnation_epochs=12
cascade_max_out_epochs=150
cascade_min_out_epochs=50
cascade_max_cand_epochs=150
cascade_min_cand_epochs=50
cascade_num_candidate_groups=2
bit_fail_limit=1.00000000000000005551e-01
cascade_candidate_limit=1.00000000000000000000e+03
cascade_weight_multiplier=4.00000000000000022204e-01
cascade_activation_functions_count=10
cascade_activation_functions=3 5 7 8 10 11 14 15 16 17 
cascade_activation_steepnesses_count=4
cascade_activation_steepnesses=2.50000000000000000000e-01 5.00000000000000000000e-01 7.50000000000000000000e-01 1.00000000000000000000e+00 
layer_sizes=17 4 2 
scale_included=0
neurons (num_inputs, activation_function, activation_steepness)=(0, 0, 0.00000000000000000000e+00) (0, 0, 0.00000000000000000000e+00) (0, 0, 0.00000000000000000000e+00) (0, 0, 0.00000000000000000000e+00) (0, 0, 0.00000000000000000000e+00) (0, 0, 0.00000000000000000000e+00) (0, 0, 0.00000000000000000000e+00) (0, 0, 0.00000000000000000000e+00) (0, 0, 0.00000000000000000000e+00) (0, 0, 0.00000000000000000000e+00) (0, 0, 0.00000000000000000000e+00) (0, 0, 0.00000000000000000000e+00) (0, 0, 0.00000000000000000000e+00) (0, 0, 0.00000000000000000000e+00) (0, 0, 0.00000000000000000000e+00) (0, 0, 0.00000000000000000000e+00) (0, 0, 0.00000000000000000000e+00) (17, 6, 5.00000000000000000000e-01) (17, 6, 5.00000000000000000000e-01) (17, 6, 5.00000000000000000000e-01) (0, 6, 0.00000000000000000000e+00) (4, 4, 5.00000000000000000000e-01) (0, 4, 0.00000000000000000000e+00) 
connections (connected_to_neuron, weight)=(0, 1.76647849366104736646e+00) (1, -2.12223505213903074207e+00) (2, -1.59299540561593944155e+00) (3, -1.08339980191295492951e+00) (4, 7.73043605606411388109e-01) (5, 6.13086054243851097389e-01) (6, 5.48940101389405951671e-02) (7, 1.64584882182038128029e+00) (8, 2.82370429966087943541e+00) (9, -1.53758754699700506130e+00) (10, 1.22631656347233564119e+00) (11, -1.44639876583941950905e+00) (12, -1.13253838121975802800e+00) (13, -8.52836680280754433348e-01) (14, -4.49196157560982689549e-01) (15, -2.04709158888348330407e+00) (16, 1.84380273133552208265e+00) (0, -2.67231070696863604041e+00) (1, 2.22561915070198690358e+00) (2, 1.64659708899870271814e+00) (3, 1.19765244758283473381e+00) (4, 4.45399786766071392741e-01) (5, 4.15331132751353027110e-01) (6, 1.96817404784398103379e-01) (7, -1.40730601513042352657e+00) (8, -1.30632912331476114254e+00) (9, 2.58654728740639328066e+00) (10, -7.50231887292295729353e-01) (11, 9.27778863631832484415e-01) (12, 2.96319141900228189002e+00) (13, 2.05265119200498658003e+00) (14, 9.38518277731540173647e-01) (15, 8.28596093975651148966e-01) (16, -1.97990536342554723781e+00) (0, -4.51899294285296015961e-01) (1, -4.85003712781205909010e-01) (2, 3.45660997301997596765e+00) (3, 1.37346560806339446081e+00) (4, 2.80763133148807797479e-01) (5, 2.65958462813324914009e-01) (6, 7.98967780506044111810e-02) (7, -1.96740519546067638146e-01) (8, -1.04907045965949197175e+00) (9, 1.40236400610187317284e+01) (10, 6.40604565659573799152e-02) (11, 3.50011892922756195912e-01) (12, -9.30314024611667983455e-02) (13, 5.64662906200540604118e+00) (14, 4.56770734606958050961e-01) (15, 3.71985249506680715204e-01) (16, -1.97209906141209673214e-01) (17, -1.43646530797445031169e+01) (18, 1.03803425070948271980e+01) (19, 2.91043758859728163291e-01) (20, -1.39721482958316367551e+00) 
