FANN_FLO_2.1
num_layers=3
learning_rate=0.700000
connection_rate=1.000000
network_type=0
learning_momentum=0.000000
training_algorithm=2
train_error_function=1
train_stop_function=1
cascade_output_change_fraction=0.010000
quickprop_decay=-0.000100
quickprop_mu=1.750000
rprop_increase_factor=1.200000
rprop_decrease_factor=0.500000
rprop_delta_min=0.000000
rprop_delta_max=50.000000
rprop_delta_zero=0.100000
cascade_output_stagnation_epochs=12
cascade_candidate_change_fraction=0.010000
cascade_candidate_stagnation_epochs=12
cascade_max_out_epochs=150
cascade_min_out_epochs=50
cascade_max_cand_epochs=150
cascade_min_cand_epochs=50
cascade_num_candidate_groups=2
bit_fail_limit=1.00000000000000005551e-01
cascade_candidate_limit=1.00000000000000000000e+03
cascade_weight_multiplier=4.00000000000000022204e-01
cascade_activation_functions_count=10
cascade_activation_functions=3 5 7 8 10 11 14 15 16 17 
cascade_activation_steepnesses_count=4
cascade_activation_steepnesses=2.50000000000000000000e-01 5.00000000000000000000e-01 7.50000000000000000000e-01 1.00000000000000000000e+00 
layer_sizes=12 4 2 
scale_included=0
neurons (num_inputs, activation_function, activation_steepness)=(0, 0, 0.00000000000000000000e+00) (0, 0, 0.00000000000000000000e+00) (0, 0, 0.00000000000000000000e+00) (0, 0, 0.00000000000000000000e+00) (0, 0, 0.00000000000000000000e+00) (0, 0, 0.00000000000000000000e+00) (0, 0, 0.00000000000000000000e+00) (0, 0, 0.00000000000000000000e+00) (0, 0, 0.00000000000000000000e+00) (0, 0, 0.00000000000000000000e+00) (0, 0, 0.00000000000000000000e+00) (0, 0, 0.00000000000000000000e+00) (12, 6, 5.00000000000000000000e-01) (12, 6, 5.00000000000000000000e-01) (12, 6, 5.00000000000000000000e-01) (0, 6, 0.00000000000000000000e+00) (4, 4, 5.00000000000000000000e-01) (0, 4, 0.00000000000000000000e+00) 
connections (connected_to_neuron, weight)=(0, -8.48902557196217877333e+00) (1, 2.44273618996651148416e-01) (2, 1.04705763619765814809e+01) (3, 6.65839166681445271401e-01) (4, 1.10083265363331261888e+00) (5, -2.93147669110670472392e-01) (6, 1.12009815348572487892e+01) (7, 4.71370150224200745726e+00) (8, -9.40587803292470270300e-02) (9, 1.03560639896788497794e+01) (10, 7.30250943961623044665e-01) (11, 5.84101892503983255445e-01) (0, -9.03047514643129822787e+00) (1, 2.82233563264812137295e-01) (2, -8.92594646232661603769e-01) (3, 6.22447763474412107954e-01) (4, 1.63544429558302106820e+00) (5, -2.43426367894503642431e-01) (6, -8.77943315243424837746e-01) (7, -3.17019527105838416770e-01) (8, -4.96786119284754357217e-01) (9, -9.60520622679712388070e-01) (10, 8.52230676379957752253e-01) (11, 5.74765844017578797498e-01) (0, -3.30281719880338187068e+00) (1, -5.91743886056951065577e-02) (2, -6.04862157257016641587e-01) (3, 2.65221160960660840011e-01) (4, 6.52755036415906264580e-01) (5, 9.06609802163608535785e-01) (6, -8.04147098332047449709e-01) (7, 2.05185359049030180412e-02) (8, -4.71430940370166640108e-01) (9, -2.24493282033684071752e-01) (10, -3.65603722352996207690e-02) (11, -3.72987600371816996336e-01) (12, 1.52956685722383305404e+01) (13, 3.52535756728646063607e+01) (14, 6.79285613446295233331e+00) (15, -7.63306060993979795803e-01) 
