FANN_FLO_2.1
num_layers=3
learning_rate=0.700000
connection_rate=1.000000
network_type=0
learning_momentum=0.000000
training_algorithm=2
train_error_function=1
train_stop_function=1
cascade_output_change_fraction=0.010000
quickprop_decay=-0.000100
quickprop_mu=1.750000
rprop_increase_factor=1.200000
rprop_decrease_factor=0.500000
rprop_delta_min=0.000000
rprop_delta_max=50.000000
rprop_delta_zero=0.100000
cascade_output_stagnation_epochs=12
cascade_candidate_change_fraction=0.010000
cascade_candidate_stagnation_epochs=12
cascade_max_out_epochs=150
cascade_min_out_epochs=50
cascade_max_cand_epochs=150
cascade_min_cand_epochs=50
cascade_num_candidate_groups=2
bit_fail_limit=1.00000000000000005551e-01
cascade_candidate_limit=1.00000000000000000000e+03
cascade_weight_multiplier=4.00000000000000022204e-01
cascade_activation_functions_count=10
cascade_activation_functions=3 5 7 8 10 11 14 15 16 17 
cascade_activation_steepnesses_count=4
cascade_activation_steepnesses=2.50000000000000000000e-01 5.00000000000000000000e-01 7.50000000000000000000e-01 1.00000000000000000000e+00 
layer_sizes=11 4 2 
scale_included=0
neurons (num_inputs, activation_function, activation_steepness)=(0, 0, 0.00000000000000000000e+00) (0, 0, 0.00000000000000000000e+00) (0, 0, 0.00000000000000000000e+00) (0, 0, 0.00000000000000000000e+00) (0, 0, 0.00000000000000000000e+00) (0, 0, 0.00000000000000000000e+00) (0, 0, 0.00000000000000000000e+00) (0, 0, 0.00000000000000000000e+00) (0, 0, 0.00000000000000000000e+00) (0, 0, 0.00000000000000000000e+00) (0, 0, 0.00000000000000000000e+00) (11, 6, 5.00000000000000000000e-01) (11, 6, 5.00000000000000000000e-01) (11, 6, 5.00000000000000000000e-01) (0, 6, 0.00000000000000000000e+00) (4, 4, 5.00000000000000000000e-01) (0, 4, 0.00000000000000000000e+00) 
connections (connected_to_neuron, weight)=(0, -6.62169076304210069139e+00) (1, -2.39935324812990664611e+01) (2, -6.21903904929783202249e+00) (3, -1.80367254067884924540e-01) (4, -4.05377603031985245252e+00) (5, -5.59802011725014736498e+00) (6, -5.69302501528695703570e+00) (7, -9.75913177518068692962e+01) (8, 3.14870386708920818819e+02) (9, -6.36931284774789446601e+02) (10, 5.98466519548051678612e+00) (0, -3.32363789076669746692e+00) (1, 1.73285319350308881781e+01) (2, -3.04776743349497643010e+01) (3, -2.86752680055796904668e+00) (4, -1.96941936098950587386e+00) (5, -3.06608437712419750198e+01) (6, -3.69677858363390612340e+01) (7, -3.55505351961099558267e+00) (8, 3.50873596291399607594e+01) (9, -3.00166874678422068712e+00) (10, -2.68566467037801981377e+00) (0, 3.38229741151088925122e+00) (1, -9.87069030688500492765e-01) (2, 9.07873954129054716589e+00) (3, 7.57879686530419371948e-01) (4, -1.14428399563226187996e-01) (5, 9.22020615479952709848e+00) (6, 9.46929614685435794286e+00) (7, 2.70598963219019239546e+00) (8, 1.00344004308854839458e+00) (9, -1.02868634991563219216e+01) (10, -9.90355057838210317556e-01) (11, 7.41767013879965197987e+00) (12, 1.18926749323938576453e+01) (13, 1.75650485529116053840e+01) (14, -3.06807752507538022968e+00) 
