FANN_FLO_2.1
num_layers=3
learning_rate=0.700000
connection_rate=1.000000
network_type=0
learning_momentum=0.000000
training_algorithm=2
train_error_function=1
train_stop_function=1
cascade_output_change_fraction=0.010000
quickprop_decay=-0.000100
quickprop_mu=1.750000
rprop_increase_factor=1.200000
rprop_decrease_factor=0.500000
rprop_delta_min=0.000000
rprop_delta_max=50.000000
rprop_delta_zero=0.100000
cascade_output_stagnation_epochs=12
cascade_candidate_change_fraction=0.010000
cascade_candidate_stagnation_epochs=12
cascade_max_out_epochs=150
cascade_min_out_epochs=50
cascade_max_cand_epochs=150
cascade_min_cand_epochs=50
cascade_num_candidate_groups=2
bit_fail_limit=1.00000000000000005551e-01
cascade_candidate_limit=1.00000000000000000000e+03
cascade_weight_multiplier=4.00000000000000022204e-01
cascade_activation_functions_count=10
cascade_activation_functions=3 5 7 8 10 11 14 15 16 17 
cascade_activation_steepnesses_count=4
cascade_activation_steepnesses=2.50000000000000000000e-01 5.00000000000000000000e-01 7.50000000000000000000e-01 1.00000000000000000000e+00 
layer_sizes=8 4 2 
scale_included=0
neurons (num_inputs, activation_function, activation_steepness)=(0, 0, 0.00000000000000000000e+00) (0, 0, 0.00000000000000000000e+00) (0, 0, 0.00000000000000000000e+00) (0, 0, 0.00000000000000000000e+00) (0, 0, 0.00000000000000000000e+00) (0, 0, 0.00000000000000000000e+00) (0, 0, 0.00000000000000000000e+00) (0, 0, 0.00000000000000000000e+00) (8, 6, 5.00000000000000000000e-01) (8, 6, 5.00000000000000000000e-01) (8, 6, 5.00000000000000000000e-01) (0, 6, 0.00000000000000000000e+00) (4, 4, 5.00000000000000000000e-01) (0, 4, 0.00000000000000000000e+00) 
connections (connected_to_neuron, weight)=(0, 1.46663736842526856718e-02) (1, 6.65121648619870886598e-01) (2, 7.55600421699163637967e-01) (3, 5.93069306392354778090e-01) (4, 5.91564903269473779668e-02) (5, -2.99041095259311440202e-01) (6, 7.45136825659314161463e-01) (7, -3.97947414591891091007e-01) (0, 8.07062846290102831048e-01) (1, -4.90475865656609677501e+00) (2, -4.75194025046377266364e+00) (3, 3.19485505321310703231e-01) (4, 7.51626840596492318269e-01) (5, 1.22011260989906511476e+00) (6, -4.69004019356517876105e+00) (7, 2.68178497814755667505e+00) (0, 3.55008085319196906027e-02) (1, 2.79609096310198657065e+00) (2, 2.86031466339128437326e+00) (3, 1.39451964602514144609e+00) (4, 1.40507202265395758634e-01) (5, -1.30097387111404644289e-01) (6, 2.88629824284809055612e+00) (7, -4.49117440072071771873e-01) (8, 2.58569052502544893812e+00) (9, -1.22238423141576912911e+01) (10, 1.99504124807483118609e+00) (11, -1.03106007248569664370e+00) 
