FANN_FLO_2.1
num_layers=3
learning_rate=0.700000
connection_rate=1.000000
network_type=0
learning_momentum=0.000000
training_algorithm=2
train_error_function=1
train_stop_function=1
cascade_output_change_fraction=0.010000
quickprop_decay=-0.000100
quickprop_mu=1.750000
rprop_increase_factor=1.200000
rprop_decrease_factor=0.500000
rprop_delta_min=0.000000
rprop_delta_max=50.000000
rprop_delta_zero=0.100000
cascade_output_stagnation_epochs=12
cascade_candidate_change_fraction=0.010000
cascade_candidate_stagnation_epochs=12
cascade_max_out_epochs=150
cascade_min_out_epochs=50
cascade_max_cand_epochs=150
cascade_min_cand_epochs=50
cascade_num_candidate_groups=2
bit_fail_limit=1.00000000000000005551e-01
cascade_candidate_limit=1.00000000000000000000e+03
cascade_weight_multiplier=4.00000000000000022204e-01
cascade_activation_functions_count=10
cascade_activation_functions=3 5 7 8 10 11 14 15 16 17 
cascade_activation_steepnesses_count=4
cascade_activation_steepnesses=2.50000000000000000000e-01 5.00000000000000000000e-01 7.50000000000000000000e-01 1.00000000000000000000e+00 
layer_sizes=11 4 2 
scale_included=0
neurons (num_inputs, activation_function, activation_steepness)=(0, 0, 0.00000000000000000000e+00) (0, 0, 0.00000000000000000000e+00) (0, 0, 0.00000000000000000000e+00) (0, 0, 0.00000000000000000000e+00) (0, 0, 0.00000000000000000000e+00) (0, 0, 0.00000000000000000000e+00) (0, 0, 0.00000000000000000000e+00) (0, 0, 0.00000000000000000000e+00) (0, 0, 0.00000000000000000000e+00) (0, 0, 0.00000000000000000000e+00) (0, 0, 0.00000000000000000000e+00) (11, 6, 5.00000000000000000000e-01) (11, 6, 5.00000000000000000000e-01) (11, 6, 5.00000000000000000000e-01) (0, 6, 0.00000000000000000000e+00) (4, 4, 5.00000000000000000000e-01) (0, 4, 0.00000000000000000000e+00) 
connections (connected_to_neuron, weight)=(0, 1.74197947516904294574e+00) (1, 2.06656837830604311890e+00) (2, -1.07068155255623853606e+01) (3, -7.65786199402551215343e-01) (4, -1.66354246805674721443e+00) (5, -5.93719400341551351019e-01) (6, 3.00553266286814757535e+00) (7, -1.40019599478183454089e+00) (8, -6.79323736218725104941e-01) (9, -2.39003535418302748283e+00) (10, 1.80131856494880837616e+00) (0, 1.24249132206308798843e+00) (1, -7.74052131117975594776e+00) (2, 4.10704013036329573794e+00) (3, 1.83960898397623462408e+00) (4, -4.72686135565609621967e-01) (5, 1.26624516248898810744e+00) (6, 1.95956092942893711495e+00) (7, -2.94138068881392333864e+00) (8, 5.47169408367397594462e-02) (9, -8.07116674034799919113e-01) (10, 1.37455128362047629409e+00) (0, 1.65436849653587758624e+00) (1, 2.08398913214267489380e+00) (2, -1.00060505853164976031e+01) (3, -6.82980953287820380382e-01) (4, -3.81070672200292781540e+00) (5, 5.33096244283443820855e-01) (6, 2.90816807702148505399e+00) (7, -1.14692014268419262280e+00) (8, -5.68069282559667598775e-01) (9, -2.49365744052917692741e+00) (10, 1.79081100368238610443e+00) (11, -5.57682766888695446994e+00) (12, -6.14707449524611870828e+00) (13, -2.29772691937334405665e+00) (14, -5.14609544226706905334e+00) 
