FANN_FLO_2.1
num_layers=3
learning_rate=0.700000
connection_rate=1.000000
network_type=0
learning_momentum=0.000000
training_algorithm=2
train_error_function=1
train_stop_function=1
cascade_output_change_fraction=0.010000
quickprop_decay=-0.000100
quickprop_mu=1.750000
rprop_increase_factor=1.200000
rprop_decrease_factor=0.500000
rprop_delta_min=0.000000
rprop_delta_max=50.000000
rprop_delta_zero=0.100000
cascade_output_stagnation_epochs=12
cascade_candidate_change_fraction=0.010000
cascade_candidate_stagnation_epochs=12
cascade_max_out_epochs=150
cascade_min_out_epochs=50
cascade_max_cand_epochs=150
cascade_min_cand_epochs=50
cascade_num_candidate_groups=2
bit_fail_limit=1.00000000000000005551e-01
cascade_candidate_limit=1.00000000000000000000e+03
cascade_weight_multiplier=4.00000000000000022204e-01
cascade_activation_functions_count=10
cascade_activation_functions=3 5 7 8 10 11 14 15 16 17 
cascade_activation_steepnesses_count=4
cascade_activation_steepnesses=2.50000000000000000000e-01 5.00000000000000000000e-01 7.50000000000000000000e-01 1.00000000000000000000e+00 
layer_sizes=15 4 2 
scale_included=0
neurons (num_inputs, activation_function, activation_steepness)=(0, 0, 0.00000000000000000000e+00) (0, 0, 0.00000000000000000000e+00) (0, 0, 0.00000000000000000000e+00) (0, 0, 0.00000000000000000000e+00) (0, 0, 0.00000000000000000000e+00) (0, 0, 0.00000000000000000000e+00) (0, 0, 0.00000000000000000000e+00) (0, 0, 0.00000000000000000000e+00) (0, 0, 0.00000000000000000000e+00) (0, 0, 0.00000000000000000000e+00) (0, 0, 0.00000000000000000000e+00) (0, 0, 0.00000000000000000000e+00) (0, 0, 0.00000000000000000000e+00) (0, 0, 0.00000000000000000000e+00) (0, 0, 0.00000000000000000000e+00) (15, 6, 5.00000000000000000000e-01) (15, 6, 5.00000000000000000000e-01) (15, 6, 5.00000000000000000000e-01) (0, 6, 0.00000000000000000000e+00) (4, 4, 5.00000000000000000000e-01) (0, 4, 0.00000000000000000000e+00) 
connections (connected_to_neuron, weight)=(0, 5.35643186433908713440e+00) (1, -5.23284444170938023433e+00) (2, -5.74348983022179471192e+00) (3, 2.42950576223386560670e+00) (4, -3.42415449805998450827e+00) (5, 2.06264124413495109067e+00) (6, 2.87330240668848091445e+00) (7, -3.51902666933086472056e+00) (8, -3.77347931078314713371e-01) (9, -3.06278522336938818782e+00) (10, -5.06893828278183189440e-02) (11, -1.30985848185524123011e+00) (12, 8.38310226685509185529e+00) (13, -5.11093278520391880448e+00) (14, 5.31266274316904318908e+00) (0, 7.82331343656922695295e-01) (1, -6.62682054854388913334e-01) (2, -4.23293678239789183948e+00) (3, 1.24694542358732229914e-01) (4, -1.11240957562089892718e+00) (5, -6.54365134865031033984e-02) (6, 5.30659694888465538476e-01) (7, -3.55450841062335509690e+00) (8, -2.81608273620420734851e-01) (9, -6.12000278039566247834e-01) (10, -2.89417133805816795267e-01) (11, -1.30070852269264625178e-01) (12, 1.35167560490211036139e+00) (13, -1.78867173087806685672e+00) (14, 6.39979613659125257108e-01) (0, -1.75491635685572711090e+00) (1, 3.32275820412881284227e-01) (2, 7.86467139547677351885e+00) (3, 1.12503324676053173548e-02) (4, 6.14935429488002727183e-01) (5, 2.49831188884185421972e-02) (6, -7.24273576658517187488e-02) (7, 6.95513217934384186947e+00) (8, 3.59451425213160147276e-01) (9, 9.23711604434305777467e-01) (10, -4.17378279795480242043e-02) (11, 4.87340536451758288283e-01) (12, -3.56147803433102982940e-01) (13, 1.94976240800840772138e+00) (14, -1.08924680340664248313e+00) (15, -6.29057031319040937944e+00) (16, -6.16353038882354820061e-01) (17, 2.13289225301664941981e+00) (18, -2.40684342990291000319e+00) 
