FANN_FLO_2.1
num_layers=3
learning_rate=0.700000
connection_rate=1.000000
network_type=0
learning_momentum=0.000000
training_algorithm=2
train_error_function=1
train_stop_function=1
cascade_output_change_fraction=0.010000
quickprop_decay=-0.000100
quickprop_mu=1.750000
rprop_increase_factor=1.200000
rprop_decrease_factor=0.500000
rprop_delta_min=0.000000
rprop_delta_max=50.000000
rprop_delta_zero=0.100000
cascade_output_stagnation_epochs=12
cascade_candidate_change_fraction=0.010000
cascade_candidate_stagnation_epochs=12
cascade_max_out_epochs=150
cascade_min_out_epochs=50
cascade_max_cand_epochs=150
cascade_min_cand_epochs=50
cascade_num_candidate_groups=2
bit_fail_limit=1.00000000000000005551e-01
cascade_candidate_limit=1.00000000000000000000e+03
cascade_weight_multiplier=4.00000000000000022204e-01
cascade_activation_functions_count=10
cascade_activation_functions=3 5 7 8 10 11 14 15 16 17 
cascade_activation_steepnesses_count=4
cascade_activation_steepnesses=2.50000000000000000000e-01 5.00000000000000000000e-01 7.50000000000000000000e-01 1.00000000000000000000e+00 
layer_sizes=12 4 2 
scale_included=0
neurons (num_inputs, activation_function, activation_steepness)=(0, 0, 0.00000000000000000000e+00) (0, 0, 0.00000000000000000000e+00) (0, 0, 0.00000000000000000000e+00) (0, 0, 0.00000000000000000000e+00) (0, 0, 0.00000000000000000000e+00) (0, 0, 0.00000000000000000000e+00) (0, 0, 0.00000000000000000000e+00) (0, 0, 0.00000000000000000000e+00) (0, 0, 0.00000000000000000000e+00) (0, 0, 0.00000000000000000000e+00) (0, 0, 0.00000000000000000000e+00) (0, 0, 0.00000000000000000000e+00) (12, 6, 5.00000000000000000000e-01) (12, 6, 5.00000000000000000000e-01) (12, 6, 5.00000000000000000000e-01) (0, 6, 0.00000000000000000000e+00) (4, 4, 5.00000000000000000000e-01) (0, 4, 0.00000000000000000000e+00) 
connections (connected_to_neuron, weight)=(0, -1.07308221425973560059e+01) (1, 1.94439635523823928231e+00) (2, 3.61647944206162907932e+00) (3, 5.17385305984575172289e+00) (4, -7.31975154988058651639e+00) (5, 1.97292627684530721410e+01) (6, 8.37892847068933299681e+00) (7, 6.50225213575674931832e+00) (8, -7.60647058055192815118e+00) (9, 1.93124719620896740935e+01) (10, -7.64155877674378736231e+00) (11, 8.03477815711766796269e-01) (0, 1.65973422775666001883e+01) (1, -6.93191778870022035086e-01) (2, -1.20633979316680156613e-01) (3, 9.02727250231135314174e-01) (4, -4.55243648519773613792e-01) (5, -1.66711391829567984191e-01) (6, -2.15947600960353325306e+00) (7, 2.25469624081309438779e+00) (8, -1.42999703667252120454e+00) (9, -4.67104882741616711517e-01) (10, -1.45992261893610897339e+00) (11, -9.10677423192392976325e-01) (0, 1.66590266733117715603e+01) (1, -5.25205556080993729573e-01) (2, -2.55193015104962783735e-01) (3, 8.16382053346632718949e-01) (4, -3.31697584741642570449e+00) (5, -8.72148257585711239592e-01) (6, -1.74070096688061703993e+00) (7, 2.19203308510675931586e+00) (8, -2.65989418766874319289e-01) (9, -1.31419623930206092011e-02) (10, -1.38283095879313533416e-01) (11, -5.81133130486251592295e-01) (12, 3.88946780772295781503e+01) (13, -9.36574633179861564258e+01) (14, -3.04789605612585567940e+01) (15, -2.41291410582623910841e+00) 
