FANN_FLO_2.1
num_layers=3
learning_rate=0.700000
connection_rate=1.000000
network_type=0
learning_momentum=0.000000
training_algorithm=2
train_error_function=1
train_stop_function=1
cascade_output_change_fraction=0.010000
quickprop_decay=-0.000100
quickprop_mu=1.750000
rprop_increase_factor=1.200000
rprop_decrease_factor=0.500000
rprop_delta_min=0.000000
rprop_delta_max=50.000000
rprop_delta_zero=0.100000
cascade_output_stagnation_epochs=12
cascade_candidate_change_fraction=0.010000
cascade_candidate_stagnation_epochs=12
cascade_max_out_epochs=150
cascade_min_out_epochs=50
cascade_max_cand_epochs=150
cascade_min_cand_epochs=50
cascade_num_candidate_groups=2
bit_fail_limit=1.00000000000000005551e-01
cascade_candidate_limit=1.00000000000000000000e+03
cascade_weight_multiplier=4.00000000000000022204e-01
cascade_activation_functions_count=10
cascade_activation_functions=3 5 7 8 10 11 14 15 16 17 
cascade_activation_steepnesses_count=4
cascade_activation_steepnesses=2.50000000000000000000e-01 5.00000000000000000000e-01 7.50000000000000000000e-01 1.00000000000000000000e+00 
layer_sizes=11 4 2 
scale_included=0
neurons (num_inputs, activation_function, activation_steepness)=(0, 0, 0.00000000000000000000e+00) (0, 0, 0.00000000000000000000e+00) (0, 0, 0.00000000000000000000e+00) (0, 0, 0.00000000000000000000e+00) (0, 0, 0.00000000000000000000e+00) (0, 0, 0.00000000000000000000e+00) (0, 0, 0.00000000000000000000e+00) (0, 0, 0.00000000000000000000e+00) (0, 0, 0.00000000000000000000e+00) (0, 0, 0.00000000000000000000e+00) (0, 0, 0.00000000000000000000e+00) (11, 6, 5.00000000000000000000e-01) (11, 6, 5.00000000000000000000e-01) (11, 6, 5.00000000000000000000e-01) (0, 6, 0.00000000000000000000e+00) (4, 4, 5.00000000000000000000e-01) (0, 4, 0.00000000000000000000e+00) 
connections (connected_to_neuron, weight)=(0, 4.09730321501165783982e-01) (1, -2.14597183261326984738e-01) (2, 1.40945279472415894162e+01) (3, -9.48315414485307539572e-01) (4, 4.97588407468866844585e-01) (5, -3.08673730114003275204e+00) (6, 1.39928788686747989090e+01) (7, 3.09666527231186594626e-01) (8, -1.05493487888689840837e+00) (9, 1.40558167401635518701e+01) (10, -7.29651395073826480875e-01) (0, 1.76990868575562387832e+01) (1, -9.13446626361023916729e+00) (2, -9.95105520442388957747e+00) (3, 5.72261102199432869497e+00) (4, -4.99977911746423753225e-01) (5, -9.96865802135433831666e+00) (6, -9.93673191897911145531e+00) (7, 6.04299477597586509603e+00) (8, -5.86091311735335795952e-01) (9, -9.97025672442134514029e+00) (10, -4.33176582598509163358e-01) (0, -8.15219356069939316001e+00) (1, 1.93814248787252978445e+01) (2, -3.96894377878166366713e+01) (3, 4.62854192559042676436e+00) (4, 1.02070764792269681465e+01) (5, 7.24582264596064984374e+00) (6, -3.94732178742921249182e+01) (7, -1.57129201936453966049e+00) (8, -1.24118268423523447908e+00) (9, -3.86212856625238103447e+01) (10, -2.98396715738590190270e+00) (11, 1.58768886889608591417e+01) (12, 9.44891495727414998385e+00) (13, 7.38584148913207183540e+00) (14, -5.50785361405336626461e+00) 
