FANN_FLO_2.1
num_layers=3
learning_rate=0.700000
connection_rate=1.000000
network_type=0
learning_momentum=0.000000
training_algorithm=2
train_error_function=1
train_stop_function=1
cascade_output_change_fraction=0.010000
quickprop_decay=-0.000100
quickprop_mu=1.750000
rprop_increase_factor=1.200000
rprop_decrease_factor=0.500000
rprop_delta_min=0.000000
rprop_delta_max=50.000000
rprop_delta_zero=0.100000
cascade_output_stagnation_epochs=12
cascade_candidate_change_fraction=0.010000
cascade_candidate_stagnation_epochs=12
cascade_max_out_epochs=150
cascade_min_out_epochs=50
cascade_max_cand_epochs=150
cascade_min_cand_epochs=50
cascade_num_candidate_groups=2
bit_fail_limit=1.00000000000000005551e-01
cascade_candidate_limit=1.00000000000000000000e+03
cascade_weight_multiplier=4.00000000000000022204e-01
cascade_activation_functions_count=10
cascade_activation_functions=3 5 7 8 10 11 14 15 16 17 
cascade_activation_steepnesses_count=4
cascade_activation_steepnesses=2.50000000000000000000e-01 5.00000000000000000000e-01 7.50000000000000000000e-01 1.00000000000000000000e+00 
layer_sizes=12 4 2 
scale_included=0
neurons (num_inputs, activation_function, activation_steepness)=(0, 0, 0.00000000000000000000e+00) (0, 0, 0.00000000000000000000e+00) (0, 0, 0.00000000000000000000e+00) (0, 0, 0.00000000000000000000e+00) (0, 0, 0.00000000000000000000e+00) (0, 0, 0.00000000000000000000e+00) (0, 0, 0.00000000000000000000e+00) (0, 0, 0.00000000000000000000e+00) (0, 0, 0.00000000000000000000e+00) (0, 0, 0.00000000000000000000e+00) (0, 0, 0.00000000000000000000e+00) (0, 0, 0.00000000000000000000e+00) (12, 6, 5.00000000000000000000e-01) (12, 6, 5.00000000000000000000e-01) (12, 6, 5.00000000000000000000e-01) (0, 6, 0.00000000000000000000e+00) (4, 4, 5.00000000000000000000e-01) (0, 4, 0.00000000000000000000e+00) 
connections (connected_to_neuron, weight)=(0, -2.10099880362872193373e+00) (1, 1.74641251759245608177e+00) (2, 1.54197492672749936204e+00) (3, -4.40385976590349559334e-01) (4, -2.40360457078712508316e-01) (5, -7.57851039948776561417e-01) (6, 1.31969800301201045656e+00) (7, 2.05613012130562733404e+00) (8, -9.73716310973293031061e-01) (9, -6.08477361797581828284e-01) (10, -5.64649047424815142548e-01) (11, -1.36653900837873165663e+00) (0, -3.78865378261325214115e-01) (1, 5.70584234768603426602e-01) (2, 1.98754111213696571525e+00) (3, -2.62467248612517078943e-02) (4, -6.58881803464020504579e-02) (5, -3.01965510161237814246e-02) (6, 7.68677211031573826006e-01) (7, 8.97616346191645142483e+00) (8, 2.34802803307739754723e-01) (9, 2.58823626128260764201e-01) (10, 2.15658329301619211549e-01) (11, -2.15837994874236327458e-01) (0, -1.92885437339201426532e+00) (1, 2.35602818889569931571e+00) (2, 2.89940224200597818083e+00) (3, -1.10879016571163280247e+00) (4, -7.64451478039195664316e-01) (5, -1.45060614813122201738e+00) (6, 2.52419372441838074650e+00) (7, 3.90719802306474850440e+00) (8, -1.56429967050152263219e+00) (9, -3.36517168297815361111e-01) (10, -1.05023707870304838785e+00) (11, -2.40485850371456466590e+00) (12, 8.98933111323899858291e-01) (13, 5.56153303718795122279e-01) (14, 1.77509061683408120302e+01) (15, -2.24279935373412397936e+00) 
