FANN_FLO_2.1
num_layers=3
learning_rate=0.700000
connection_rate=1.000000
network_type=0
learning_momentum=0.000000
training_algorithm=2
train_error_function=1
train_stop_function=1
cascade_output_change_fraction=0.010000
quickprop_decay=-0.000100
quickprop_mu=1.750000
rprop_increase_factor=1.200000
rprop_decrease_factor=0.500000
rprop_delta_min=0.000000
rprop_delta_max=50.000000
rprop_delta_zero=0.100000
cascade_output_stagnation_epochs=12
cascade_candidate_change_fraction=0.010000
cascade_candidate_stagnation_epochs=12
cascade_max_out_epochs=150
cascade_min_out_epochs=50
cascade_max_cand_epochs=150
cascade_min_cand_epochs=50
cascade_num_candidate_groups=2
bit_fail_limit=1.00000000000000005551e-01
cascade_candidate_limit=1.00000000000000000000e+03
cascade_weight_multiplier=4.00000000000000022204e-01
cascade_activation_functions_count=10
cascade_activation_functions=3 5 7 8 10 11 14 15 16 17 
cascade_activation_steepnesses_count=4
cascade_activation_steepnesses=2.50000000000000000000e-01 5.00000000000000000000e-01 7.50000000000000000000e-01 1.00000000000000000000e+00 
layer_sizes=15 4 2 
scale_included=0
neurons (num_inputs, activation_function, activation_steepness)=(0, 0, 0.00000000000000000000e+00) (0, 0, 0.00000000000000000000e+00) (0, 0, 0.00000000000000000000e+00) (0, 0, 0.00000000000000000000e+00) (0, 0, 0.00000000000000000000e+00) (0, 0, 0.00000000000000000000e+00) (0, 0, 0.00000000000000000000e+00) (0, 0, 0.00000000000000000000e+00) (0, 0, 0.00000000000000000000e+00) (0, 0, 0.00000000000000000000e+00) (0, 0, 0.00000000000000000000e+00) (0, 0, 0.00000000000000000000e+00) (0, 0, 0.00000000000000000000e+00) (0, 0, 0.00000000000000000000e+00) (0, 0, 0.00000000000000000000e+00) (15, 6, 5.00000000000000000000e-01) (15, 6, 5.00000000000000000000e-01) (15, 6, 5.00000000000000000000e-01) (0, 6, 0.00000000000000000000e+00) (4, 4, 5.00000000000000000000e-01) (0, 4, 0.00000000000000000000e+00) 
connections (connected_to_neuron, weight)=(0, 8.99272192151837068685e-03) (1, 2.24934845738361310907e-01) (2, 1.75404094223874040814e+00) (3, 9.60862449893932324407e-01) (4, 2.78824770211002437303e-01) (5, 7.68185040746555247715e-01) (6, 2.81410785192817258782e-01) (7, 1.30211032621612421423e+00) (8, 3.84434094892536104560e-01) (9, 9.20025403713464418054e-01) (10, 3.05615002529416868171e-01) (11, 4.05693929669412090000e-01) (12, 1.37000398105261406156e-01) (13, 3.12672666341709037940e-01) (14, 2.97765709820538432284e-02) (0, -2.41601844914431840294e+00) (1, 2.45340058381920833597e+00) (2, 2.56101660893014226872e+00) (3, -5.61213792460913962756e-01) (4, 8.04611222720777452544e-01) (5, -4.92306647875263639347e-02) (6, -1.66029202001250131282e+00) (7, 3.60429196806359009031e+00) (8, -1.58002853600884396457e+00) (9, 1.54724025195735204186e+00) (10, -1.41262367518226783503e+00) (11, -5.57659747045447518055e-01) (12, -3.20929381089358223278e+00) (13, 2.22348198068426938789e+00) (14, -2.47817551382060319298e+00) (0, 6.29658665736692824133e-01) (1, -4.77204052459718031098e-01) (2, -2.19370290688532598722e+00) (3, -1.04001089441541641478e-01) (4, -2.19946424092347658785e-01) (5, -2.57222919525034038335e-02) (6, 3.54159139965511404746e-01) (7, -8.28026576706131001160e-01) (8, 2.32806065545487217427e-01) (9, -2.05202181531860650132e-01) (10, 2.21865692601609043599e-01) (11, -4.96959417096978495199e-01) (12, 5.29864811606632679641e-01) (13, -7.48286854354892505548e-01) (14, 5.23585398292147341515e-01) (15, 4.30401214420257083315e-01) (16, 1.65700848644971507895e+01) (17, -1.82324745180089342611e+00) (18, -2.48116008926074904650e+00) 
