FANN_FLO_2.1
num_layers=3
learning_rate=0.700000
connection_rate=1.000000
network_type=0
learning_momentum=0.000000
training_algorithm=2
train_error_function=1
train_stop_function=1
cascade_output_change_fraction=0.010000
quickprop_decay=-0.000100
quickprop_mu=1.750000
rprop_increase_factor=1.200000
rprop_decrease_factor=0.500000
rprop_delta_min=0.000000
rprop_delta_max=50.000000
rprop_delta_zero=0.100000
cascade_output_stagnation_epochs=12
cascade_candidate_change_fraction=0.010000
cascade_candidate_stagnation_epochs=12
cascade_max_out_epochs=150
cascade_min_out_epochs=50
cascade_max_cand_epochs=150
cascade_min_cand_epochs=50
cascade_num_candidate_groups=2
bit_fail_limit=1.00000000000000005551e-01
cascade_candidate_limit=1.00000000000000000000e+03
cascade_weight_multiplier=4.00000000000000022204e-01
cascade_activation_functions_count=10
cascade_activation_functions=3 5 7 8 10 11 14 15 16 17 
cascade_activation_steepnesses_count=4
cascade_activation_steepnesses=2.50000000000000000000e-01 5.00000000000000000000e-01 7.50000000000000000000e-01 1.00000000000000000000e+00 
layer_sizes=17 4 2 
scale_included=0
neurons (num_inputs, activation_function, activation_steepness)=(0, 0, 0.00000000000000000000e+00) (0, 0, 0.00000000000000000000e+00) (0, 0, 0.00000000000000000000e+00) (0, 0, 0.00000000000000000000e+00) (0, 0, 0.00000000000000000000e+00) (0, 0, 0.00000000000000000000e+00) (0, 0, 0.00000000000000000000e+00) (0, 0, 0.00000000000000000000e+00) (0, 0, 0.00000000000000000000e+00) (0, 0, 0.00000000000000000000e+00) (0, 0, 0.00000000000000000000e+00) (0, 0, 0.00000000000000000000e+00) (0, 0, 0.00000000000000000000e+00) (0, 0, 0.00000000000000000000e+00) (0, 0, 0.00000000000000000000e+00) (0, 0, 0.00000000000000000000e+00) (0, 0, 0.00000000000000000000e+00) (17, 6, 5.00000000000000000000e-01) (17, 6, 5.00000000000000000000e-01) (17, 6, 5.00000000000000000000e-01) (0, 6, 0.00000000000000000000e+00) (4, 4, 5.00000000000000000000e-01) (0, 4, 0.00000000000000000000e+00) 
connections (connected_to_neuron, weight)=(0, 2.58776414610218585821e+00) (1, -6.63423951989959737041e-01) (2, -2.11032999470680548981e+00) (3, 1.20003817120477696001e+00) (4, -5.74186991999313528501e-02) (5, -1.54801550122401998522e+00) (6, -1.57679550978046978393e+00) (7, -4.84047026522339329802e-01) (8, -3.66428766652606985321e-02) (9, 2.02075720094936434057e-01) (10, -1.51340692251844366467e+00) (11, -9.84808647986331053836e-01) (12, 2.68634408008369740539e-01) (13, -2.54793513503279861476e-02) (14, -5.52576355641244743033e-01) (15, -9.27195015761507201901e-01) (16, 8.90752706021395668223e-01) (0, 3.25692892065501338195e+00) (1, -4.15802354770364246406e+00) (2, -2.10276686574366777904e+00) (3, 1.16038111495792933825e-01) (4, -1.71474021920358388194e+00) (5, 2.46941545156885799983e+00) (6, 2.17917278595077901215e+00) (7, -1.69817297326661598156e+00) (8, 3.30113917345906049405e+00) (9, 3.51573147346032444105e+00) (10, -2.78831589555723491358e+00) (11, -3.12925790557000782499e+00) (12, 1.14725678855325929212e-02) (13, -5.40069595312752892546e-01) (14, -1.36102921108096763803e+00) (15, -4.57933636714268033074e+00) (16, 2.74003063894863840844e+00) (0, 2.64810751594376148077e+00) (1, -7.14860659367393513897e-01) (2, -2.12773484900444342927e+00) (3, 1.17856536392608979291e+00) (4, 1.63419779290989442000e-02) (5, -1.62683392346187360999e+00) (6, -5.71029209926133152209e-01) (7, -5.29029523171366311551e-01) (8, 1.27350870296016521754e-01) (9, 2.67719194554584483114e-01) (10, -1.47181962937040289319e+00) (11, -1.02386348878947686103e+00) (12, 2.83944819457633113036e-01) (13, -4.46262556996551082444e-02) (14, -5.10776869957803469902e-01) (15, -9.49776715997112441769e-01) (16, 8.66007718533602921518e-01) (17, -1.12662206592649276615e+01) (18, -7.69452077803344813844e+00) (19, -1.13130463438719566227e+01) (20, -2.00985651849659285872e+00) 
