FANN_FLO_2.1
num_layers=3
learning_rate=0.700000
connection_rate=1.000000
network_type=0
learning_momentum=0.000000
training_algorithm=2
train_error_function=1
train_stop_function=1
cascade_output_change_fraction=0.010000
quickprop_decay=-0.000100
quickprop_mu=1.750000
rprop_increase_factor=1.200000
rprop_decrease_factor=0.500000
rprop_delta_min=0.000000
rprop_delta_max=50.000000
rprop_delta_zero=0.100000
cascade_output_stagnation_epochs=12
cascade_candidate_change_fraction=0.010000
cascade_candidate_stagnation_epochs=12
cascade_max_out_epochs=150
cascade_min_out_epochs=50
cascade_max_cand_epochs=150
cascade_min_cand_epochs=50
cascade_num_candidate_groups=2
bit_fail_limit=1.00000000000000005551e-01
cascade_candidate_limit=1.00000000000000000000e+03
cascade_weight_multiplier=4.00000000000000022204e-01
cascade_activation_functions_count=10
cascade_activation_functions=3 5 7 8 10 11 14 15 16 17 
cascade_activation_steepnesses_count=4
cascade_activation_steepnesses=2.50000000000000000000e-01 5.00000000000000000000e-01 7.50000000000000000000e-01 1.00000000000000000000e+00 
layer_sizes=14 4 2 
scale_included=0
neurons (num_inputs, activation_function, activation_steepness)=(0, 0, 0.00000000000000000000e+00) (0, 0, 0.00000000000000000000e+00) (0, 0, 0.00000000000000000000e+00) (0, 0, 0.00000000000000000000e+00) (0, 0, 0.00000000000000000000e+00) (0, 0, 0.00000000000000000000e+00) (0, 0, 0.00000000000000000000e+00) (0, 0, 0.00000000000000000000e+00) (0, 0, 0.00000000000000000000e+00) (0, 0, 0.00000000000000000000e+00) (0, 0, 0.00000000000000000000e+00) (0, 0, 0.00000000000000000000e+00) (0, 0, 0.00000000000000000000e+00) (0, 0, 0.00000000000000000000e+00) (14, 6, 5.00000000000000000000e-01) (14, 6, 5.00000000000000000000e-01) (14, 6, 5.00000000000000000000e-01) (0, 6, 0.00000000000000000000e+00) (4, 4, 5.00000000000000000000e-01) (0, 4, 0.00000000000000000000e+00) 
connections (connected_to_neuron, weight)=(0, 4.05018454079050349570e-01) (1, 8.56858057596839528536e-01) (2, 6.54026654708478982769e-01) (3, -2.46756489423799296734e-01) (4, 2.36934922037532608163e-01) (5, 5.35937821818298409937e-01) (6, 1.42499975276380563827e+00) (7, 4.78493456166061259527e-01) (8, 3.16932052566877786592e-01) (9, -1.16013357482458709380e-01) (10, 1.30346671907919890998e+01) (11, -3.97573319281840809047e-01) (12, -8.16005250536203097234e-01) (13, -2.88421326437141474497e-02) (0, 2.19833926289594194792e-01) (1, -6.75568481004532706002e-01) (2, -2.13188010422045115533e+00) (3, 9.74711536814473311630e-01) (4, -4.68937886418029636904e-01) (5, -1.58938589225763537982e+00) (6, -2.12856484726265282603e+00) (7, -2.65615389500018894697e-01) (8, 6.29519644374498255068e-01) (9, 1.05823245750104844021e+00) (10, -6.55521168568987344649e-01) (11, 1.34965926603542452078e+00) (12, 1.35442913757621985482e+00) (13, 7.47744620474421917145e-01) (0, 8.21044797431023792855e-02) (1, 1.98902915659219581279e+00) (2, 1.91671804858730587817e+00) (3, -2.14335394266720635770e+00) (4, 2.33836201868073612076e+00) (5, 6.84270483735179069207e-01) (6, 1.91627123664438037132e+00) (7, -1.75754320058815638461e-01) (8, -1.65150591026287574259e+00) (9, -2.19801253951371755591e+00) (10, 1.68894837617948900821e+00) (11, -1.76413105982695128660e+00) (12, -1.64785355179688952632e+00) (13, -1.92481166162877070924e+00) (14, 8.62598856153804161018e-01) (15, -1.46347577358817062532e+01) (16, 1.39425474443214039155e+01) (17, -3.24875535555834238366e+00) 
