FANN_FLO_2.1
num_layers=3
learning_rate=0.700000
connection_rate=1.000000
network_type=0
learning_momentum=0.000000
training_algorithm=2
train_error_function=1
train_stop_function=1
cascade_output_change_fraction=0.010000
quickprop_decay=-0.000100
quickprop_mu=1.750000
rprop_increase_factor=1.200000
rprop_decrease_factor=0.500000
rprop_delta_min=0.000000
rprop_delta_max=50.000000
rprop_delta_zero=0.100000
cascade_output_stagnation_epochs=12
cascade_candidate_change_fraction=0.010000
cascade_candidate_stagnation_epochs=12
cascade_max_out_epochs=150
cascade_min_out_epochs=50
cascade_max_cand_epochs=150
cascade_min_cand_epochs=50
cascade_num_candidate_groups=2
bit_fail_limit=1.00000000000000005551e-01
cascade_candidate_limit=1.00000000000000000000e+03
cascade_weight_multiplier=4.00000000000000022204e-01
cascade_activation_functions_count=10
cascade_activation_functions=3 5 7 8 10 11 14 15 16 17 
cascade_activation_steepnesses_count=4
cascade_activation_steepnesses=2.50000000000000000000e-01 5.00000000000000000000e-01 7.50000000000000000000e-01 1.00000000000000000000e+00 
layer_sizes=7 4 2 
scale_included=0
neurons (num_inputs, activation_function, activation_steepness)=(0, 0, 0.00000000000000000000e+00) (0, 0, 0.00000000000000000000e+00) (0, 0, 0.00000000000000000000e+00) (0, 0, 0.00000000000000000000e+00) (0, 0, 0.00000000000000000000e+00) (0, 0, 0.00000000000000000000e+00) (0, 0, 0.00000000000000000000e+00) (7, 6, 5.00000000000000000000e-01) (7, 6, 5.00000000000000000000e-01) (7, 6, 5.00000000000000000000e-01) (0, 6, 0.00000000000000000000e+00) (4, 4, 5.00000000000000000000e-01) (0, 4, 0.00000000000000000000e+00) 
connections (connected_to_neuron, weight)=(0, 1.10179999096179037643e+00) (1, -1.45139910667579208337e+00) (2, -4.43729794985573744448e-01) (3, -4.41618511143217318260e-01) (4, 4.53738184740443140086e-01) (5, -6.12134681218249210310e-01) (6, 5.38810434437439145228e-01) (0, 1.09672080636164248624e+00) (1, 1.95024988458237769073e+00) (2, 2.37552702702896167963e+00) (3, 2.10311375960932034346e+00) (4, 8.37532004681703634574e-02) (5, 2.18683584261111141345e+00) (6, -3.12290251784417893788e+00) (0, 5.06042849468320898865e-01) (1, -3.23623091132520857016e+00) (2, -1.87062974170504103810e+00) (3, -1.43690542781524377425e+00) (4, 1.17004230047592483466e+00) (5, -1.32143474647574121761e+00) (6, 4.02262956236863367110e+00) (7, -2.34034298879356317258e+00) (8, 1.22475104418886697744e+01) (9, -1.01855936472150858663e+01) (10, -2.20840039582247626981e+00) 
