FANN_FLO_2.1
num_layers=3
learning_rate=0.700000
connection_rate=1.000000
network_type=0
learning_momentum=0.000000
training_algorithm=2
train_error_function=1
train_stop_function=1
cascade_output_change_fraction=0.010000
quickprop_decay=-0.000100
quickprop_mu=1.750000
rprop_increase_factor=1.200000
rprop_decrease_factor=0.500000
rprop_delta_min=0.000000
rprop_delta_max=50.000000
rprop_delta_zero=0.100000
cascade_output_stagnation_epochs=12
cascade_candidate_change_fraction=0.010000
cascade_candidate_stagnation_epochs=12
cascade_max_out_epochs=150
cascade_min_out_epochs=50
cascade_max_cand_epochs=150
cascade_min_cand_epochs=50
cascade_num_candidate_groups=2
bit_fail_limit=1.00000000000000005551e-01
cascade_candidate_limit=1.00000000000000000000e+03
cascade_weight_multiplier=4.00000000000000022204e-01
cascade_activation_functions_count=10
cascade_activation_functions=3 5 7 8 10 11 14 15 16 17 
cascade_activation_steepnesses_count=4
cascade_activation_steepnesses=2.50000000000000000000e-01 5.00000000000000000000e-01 7.50000000000000000000e-01 1.00000000000000000000e+00 
layer_sizes=11 4 2 
scale_included=0
neurons (num_inputs, activation_function, activation_steepness)=(0, 0, 0.00000000000000000000e+00) (0, 0, 0.00000000000000000000e+00) (0, 0, 0.00000000000000000000e+00) (0, 0, 0.00000000000000000000e+00) (0, 0, 0.00000000000000000000e+00) (0, 0, 0.00000000000000000000e+00) (0, 0, 0.00000000000000000000e+00) (0, 0, 0.00000000000000000000e+00) (0, 0, 0.00000000000000000000e+00) (0, 0, 0.00000000000000000000e+00) (0, 0, 0.00000000000000000000e+00) (11, 6, 5.00000000000000000000e-01) (11, 6, 5.00000000000000000000e-01) (11, 6, 5.00000000000000000000e-01) (0, 6, 0.00000000000000000000e+00) (4, 4, 5.00000000000000000000e-01) (0, 4, 0.00000000000000000000e+00) 
connections (connected_to_neuron, weight)=(0, 6.10142627849238672333e-01) (1, 1.10208606401887854176e+00) (2, -8.99495215252175661647e+00) (3, -3.34373473522861530682e+00) (4, -1.68407756230821381571e+00) (5, -1.64652795101806725953e+00) (6, 4.63592081630512409252e-01) (7, -1.26302644895618620957e+00) (8, 1.33377314171848365687e-01) (9, -7.54657720113883434543e-01) (10, 7.44410600438082381558e-01) (0, 5.48876976211420775087e+00) (1, -3.29146420362453318020e+00) (2, -3.21716738463456453090e+00) (3, -1.07389167512650240965e+00) (4, -5.67027324329528426006e+00) (5, -2.61119288225465506770e+00) (6, 3.49059427235263308731e+00) (7, -5.44373483313508632619e+00) (8, 4.72687027742352583459e+00) (9, -7.66895192897039890134e-01) (10, 5.18103954792872478663e+00) (0, -3.24457882499178285052e-01) (1, 3.61918800130996698439e-01) (2, 2.32090742419638251803e+00) (3, 1.01432152320793971256e+01) (4, 3.63107015006876476804e+00) (5, 4.48354302905057977569e+00) (6, 5.60475933495934830475e-01) (7, 8.01312081596922243243e-01) (8, -1.97089768984309854361e+00) (9, 3.17143299502707343152e+00) (10, -3.42337409838773587545e-01) (11, -5.65741735156570779708e-01) (12, -1.41654472684114249859e+01) (13, 9.02484821978912443718e-01) (14, -2.38449536871778233760e+00) 
