FANN_FLO_2.1
num_layers=3
learning_rate=0.700000
connection_rate=1.000000
network_type=0
learning_momentum=0.000000
training_algorithm=2
train_error_function=1
train_stop_function=1
cascade_output_change_fraction=0.010000
quickprop_decay=-0.000100
quickprop_mu=1.750000
rprop_increase_factor=1.200000
rprop_decrease_factor=0.500000
rprop_delta_min=0.000000
rprop_delta_max=50.000000
rprop_delta_zero=0.100000
cascade_output_stagnation_epochs=12
cascade_candidate_change_fraction=0.010000
cascade_candidate_stagnation_epochs=12
cascade_max_out_epochs=150
cascade_min_out_epochs=50
cascade_max_cand_epochs=150
cascade_min_cand_epochs=50
cascade_num_candidate_groups=2
bit_fail_limit=1.00000000000000005551e-01
cascade_candidate_limit=1.00000000000000000000e+03
cascade_weight_multiplier=4.00000000000000022204e-01
cascade_activation_functions_count=10
cascade_activation_functions=3 5 7 8 10 11 14 15 16 17 
cascade_activation_steepnesses_count=4
cascade_activation_steepnesses=2.50000000000000000000e-01 5.00000000000000000000e-01 7.50000000000000000000e-01 1.00000000000000000000e+00 
layer_sizes=8 4 2 
scale_included=0
neurons (num_inputs, activation_function, activation_steepness)=(0, 0, 0.00000000000000000000e+00) (0, 0, 0.00000000000000000000e+00) (0, 0, 0.00000000000000000000e+00) (0, 0, 0.00000000000000000000e+00) (0, 0, 0.00000000000000000000e+00) (0, 0, 0.00000000000000000000e+00) (0, 0, 0.00000000000000000000e+00) (0, 0, 0.00000000000000000000e+00) (8, 6, 5.00000000000000000000e-01) (8, 6, 5.00000000000000000000e-01) (8, 6, 5.00000000000000000000e-01) (0, 6, 0.00000000000000000000e+00) (4, 4, 5.00000000000000000000e-01) (0, 4, 0.00000000000000000000e+00) 
connections (connected_to_neuron, weight)=(0, -2.53480237102464811549e-01) (1, 9.02225546856533777706e-01) (2, 2.25949158031869212770e-01) (3, -1.09968308529960936970e-01) (4, 2.81265669435325271763e-01) (5, 9.11569444246299709356e-01) (6, 9.63250910646922919867e-01) (7, -1.94460834833650397790e-01) (0, 1.09841020397634214767e+00) (1, -3.13384729034711195794e+00) (2, 3.05146390944773138187e-01) (3, 1.12170525890288552695e+00) (4, 5.36321205305096970761e-01) (5, -2.73973547378453741175e+00) (6, -2.70231552878293523889e+00) (7, 1.57776232611774402947e+00) (0, -8.70464475637635182181e-01) (1, 2.69047256507175802653e+00) (2, -1.09119523337387794304e-01) (3, -7.35722420594803971916e-01) (4, -3.64407566899721091502e-01) (5, 3.60077589850859069998e+00) (6, 3.60381966184811020071e+00) (7, -1.13871958553484886600e+00) (8, 9.73163727732349825850e-01) (9, -9.22764084125470951392e+00) (10, 7.51974837475415558430e+00) (11, -3.11674834191815097739e+00) 
