FANN_FLO_2.1
num_layers=3
learning_rate=0.700000
connection_rate=1.000000
network_type=0
learning_momentum=0.000000
training_algorithm=2
train_error_function=1
train_stop_function=1
cascade_output_change_fraction=0.010000
quickprop_decay=-0.000100
quickprop_mu=1.750000
rprop_increase_factor=1.200000
rprop_decrease_factor=0.500000
rprop_delta_min=0.000000
rprop_delta_max=50.000000
rprop_delta_zero=0.100000
cascade_output_stagnation_epochs=12
cascade_candidate_change_fraction=0.010000
cascade_candidate_stagnation_epochs=12
cascade_max_out_epochs=150
cascade_min_out_epochs=50
cascade_max_cand_epochs=150
cascade_min_cand_epochs=50
cascade_num_candidate_groups=2
bit_fail_limit=1.00000000000000005551e-01
cascade_candidate_limit=1.00000000000000000000e+03
cascade_weight_multiplier=4.00000000000000022204e-01
cascade_activation_functions_count=10
cascade_activation_functions=3 5 7 8 10 11 14 15 16 17 
cascade_activation_steepnesses_count=4
cascade_activation_steepnesses=2.50000000000000000000e-01 5.00000000000000000000e-01 7.50000000000000000000e-01 1.00000000000000000000e+00 
layer_sizes=15 4 2 
scale_included=0
neurons (num_inputs, activation_function, activation_steepness)=(0, 0, 0.00000000000000000000e+00) (0, 0, 0.00000000000000000000e+00) (0, 0, 0.00000000000000000000e+00) (0, 0, 0.00000000000000000000e+00) (0, 0, 0.00000000000000000000e+00) (0, 0, 0.00000000000000000000e+00) (0, 0, 0.00000000000000000000e+00) (0, 0, 0.00000000000000000000e+00) (0, 0, 0.00000000000000000000e+00) (0, 0, 0.00000000000000000000e+00) (0, 0, 0.00000000000000000000e+00) (0, 0, 0.00000000000000000000e+00) (0, 0, 0.00000000000000000000e+00) (0, 0, 0.00000000000000000000e+00) (0, 0, 0.00000000000000000000e+00) (15, 6, 5.00000000000000000000e-01) (15, 6, 5.00000000000000000000e-01) (15, 6, 5.00000000000000000000e-01) (0, 6, 0.00000000000000000000e+00) (4, 4, 5.00000000000000000000e-01) (0, 4, 0.00000000000000000000e+00) 
connections (connected_to_neuron, weight)=(0, -2.69614285193932801121e+00) (1, 2.36001830348993468789e+00) (2, 2.45946834473662168108e+00) (3, -8.96188130049285991419e-01) (4, 7.46905233122449496719e-01) (5, -4.49626650611874567609e-01) (6, -1.11960887759371230388e+00) (7, 3.96357066836521866604e-03) (8, -2.65718338646241480916e+00) (9, 7.18204999559277412757e-01) (10, 2.81572436786751412185e+00) (11, -1.00795992120016064675e+00) (12, 7.37185364518490371388e-01) (13, -1.07729425682533230813e+00) (14, -2.07646979324542302336e+00) (0, -2.74463487379802018040e+00) (1, 1.63721345117888317233e+00) (2, 2.47725204538683518862e+00) (3, -3.89714163246390243867e-01) (4, 1.51194335738799146007e+00) (5, -3.68377562967125815607e-01) (6, -1.14218489676161238933e+00) (7, -9.41481333235246881097e-02) (8, -2.79639804743477160542e+00) (9, 7.22184295051449653968e-01) (10, 3.70710638636340794605e+00) (11, -1.11433630092847790749e+00) (12, -3.39926387550620046074e-01) (13, -1.11961856885660138161e+00) (14, -1.81780179444707368219e+00) (0, -1.33224283933112164213e+00) (1, 1.49235859828744876765e+00) (2, 1.22613862765750103456e+00) (3, 3.52159067250651158787e-01) (4, 5.74143479169044956834e-01) (5, 9.90580750871456583440e-01) (6, -1.42679949842145298300e-01) (7, 5.61565200810677289667e-01) (8, -1.44228039755587600368e+00) (9, 8.97603801301188664041e-01) (10, 1.40304298184469344868e+00) (11, 1.91161962473221036518e-01) (12, 8.59829210880947103490e-01) (13, 7.06335997818185873376e-02) (14, -1.50938034831950185222e+00) (15, 1.23956579245936708844e+01) (16, 6.74776585122894889679e+00) (17, 7.90937479120697783941e-01) (18, -2.30201768157027597539e+00) 
