FANN_FLO_2.1
num_layers=3
learning_rate=0.700000
connection_rate=1.000000
network_type=0
learning_momentum=0.000000
training_algorithm=2
train_error_function=1
train_stop_function=1
cascade_output_change_fraction=0.010000
quickprop_decay=-0.000100
quickprop_mu=1.750000
rprop_increase_factor=1.200000
rprop_decrease_factor=0.500000
rprop_delta_min=0.000000
rprop_delta_max=50.000000
rprop_delta_zero=0.100000
cascade_output_stagnation_epochs=12
cascade_candidate_change_fraction=0.010000
cascade_candidate_stagnation_epochs=12
cascade_max_out_epochs=150
cascade_min_out_epochs=50
cascade_max_cand_epochs=150
cascade_min_cand_epochs=50
cascade_num_candidate_groups=2
bit_fail_limit=1.00000000000000005551e-01
cascade_candidate_limit=1.00000000000000000000e+03
cascade_weight_multiplier=4.00000000000000022204e-01
cascade_activation_functions_count=10
cascade_activation_functions=3 5 7 8 10 11 14 15 16 17 
cascade_activation_steepnesses_count=4
cascade_activation_steepnesses=2.50000000000000000000e-01 5.00000000000000000000e-01 7.50000000000000000000e-01 1.00000000000000000000e+00 
layer_sizes=10 4 2 
scale_included=0
neurons (num_inputs, activation_function, activation_steepness)=(0, 0, 0.00000000000000000000e+00) (0, 0, 0.00000000000000000000e+00) (0, 0, 0.00000000000000000000e+00) (0, 0, 0.00000000000000000000e+00) (0, 0, 0.00000000000000000000e+00) (0, 0, 0.00000000000000000000e+00) (0, 0, 0.00000000000000000000e+00) (0, 0, 0.00000000000000000000e+00) (0, 0, 0.00000000000000000000e+00) (0, 0, 0.00000000000000000000e+00) (10, 6, 5.00000000000000000000e-01) (10, 6, 5.00000000000000000000e-01) (10, 6, 5.00000000000000000000e-01) (0, 6, 0.00000000000000000000e+00) (4, 4, 5.00000000000000000000e-01) (0, 4, 0.00000000000000000000e+00) 
connections (connected_to_neuron, weight)=(0, -6.42182717382631196301e+00) (1, 2.95597232145104769074e+01) (2, 2.47627460913129837650e+00) (3, -1.00221045220701576728e-01) (4, -9.59497267892292948765e-01) (5, -4.13313812156122484254e+00) (6, 2.27157699664543599738e+00) (7, 2.55384203346034780679e+02) (8, 8.76309242286570921898e-01) (9, -3.62225220402233771821e+00) (0, 3.81375104653410534894e+00) (1, -6.60879900243613982447e-01) (2, -3.77924631176163128288e+00) (3, -2.09133624835223130844e+00) (4, 2.68043402493725180236e+00) (5, -3.71755880480020328704e+00) (6, -4.42881148248421396829e+00) (7, -1.27233663777329453204e+00) (8, 9.85195437259560513610e+00) (9, 1.32133503397785667666e+00) (0, -1.63973816361566077093e-01) (1, -7.19707194618476808756e+00) (2, -2.11994635173472945056e+00) (3, 2.77794345973188594456e+00) (4, 9.94539078183494379415e-02) (5, 3.04001862683066415016e+00) (6, -3.19888016065062563698e+00) (7, -5.46258767921905796783e+00) (8, -7.08965409497872034450e+00) (9, 1.26160991578710190986e+00) (10, 3.76762221378777582004e+01) (11, -3.67507456895761563942e+01) (12, 4.04937902941777991828e+01) (13, -2.52686797949333818991e+00) 
