FANN_FLO_2.1
num_layers=3
learning_rate=0.700000
connection_rate=1.000000
network_type=0
learning_momentum=0.000000
training_algorithm=2
train_error_function=1
train_stop_function=1
cascade_output_change_fraction=0.010000
quickprop_decay=-0.000100
quickprop_mu=1.750000
rprop_increase_factor=1.200000
rprop_decrease_factor=0.500000
rprop_delta_min=0.000000
rprop_delta_max=50.000000
rprop_delta_zero=0.100000
cascade_output_stagnation_epochs=12
cascade_candidate_change_fraction=0.010000
cascade_candidate_stagnation_epochs=12
cascade_max_out_epochs=150
cascade_min_out_epochs=50
cascade_max_cand_epochs=150
cascade_min_cand_epochs=50
cascade_num_candidate_groups=2
bit_fail_limit=1.00000000000000005551e-01
cascade_candidate_limit=1.00000000000000000000e+03
cascade_weight_multiplier=4.00000000000000022204e-01
cascade_activation_functions_count=10
cascade_activation_functions=3 5 7 8 10 11 14 15 16 17 
cascade_activation_steepnesses_count=4
cascade_activation_steepnesses=2.50000000000000000000e-01 5.00000000000000000000e-01 7.50000000000000000000e-01 1.00000000000000000000e+00 
layer_sizes=12 4 2 
scale_included=0
neurons (num_inputs, activation_function, activation_steepness)=(0, 0, 0.00000000000000000000e+00) (0, 0, 0.00000000000000000000e+00) (0, 0, 0.00000000000000000000e+00) (0, 0, 0.00000000000000000000e+00) (0, 0, 0.00000000000000000000e+00) (0, 0, 0.00000000000000000000e+00) (0, 0, 0.00000000000000000000e+00) (0, 0, 0.00000000000000000000e+00) (0, 0, 0.00000000000000000000e+00) (0, 0, 0.00000000000000000000e+00) (0, 0, 0.00000000000000000000e+00) (0, 0, 0.00000000000000000000e+00) (12, 6, 5.00000000000000000000e-01) (12, 6, 5.00000000000000000000e-01) (12, 6, 5.00000000000000000000e-01) (0, 6, 0.00000000000000000000e+00) (4, 4, 5.00000000000000000000e-01) (0, 4, 0.00000000000000000000e+00) 
connections (connected_to_neuron, weight)=(0, -6.44991556989879644135e-01) (1, 1.09758255916037539279e+00) (2, 5.79936258131014681361e-01) (3, -4.01461802003083179091e-01) (4, 1.13396977163567980185e+00) (5, -2.13049915027121478106e-01) (6, 1.29730950956917445716e+00) (7, -1.41893573911110570940e-01) (8, 6.14165927826573976311e-01) (9, 1.05455509815874348689e+00) (10, -5.45401396951782913014e-01) (11, -6.84187732822496230689e-01) (0, -1.81929454963308656623e+00) (1, 1.88167129423870083116e+00) (2, 3.08208749128037817755e+00) (3, -8.01921021112363630046e-01) (4, 8.29871838752510720960e-02) (5, -9.69917963579219000181e-01) (6, 2.15824030858474547045e+00) (7, -1.36936890960874935175e+00) (8, 3.91217447116316285882e-01) (9, 2.02838930435218189885e+00) (10, -1.23963623474177286887e+00) (11, -1.93705813597542131355e+00) (0, -1.91032183181148851325e+00) (1, 1.78550224718107286570e+00) (2, 3.05023857635909445563e+00) (3, -1.01533394366760143512e+00) (4, -8.03644489416044049968e-01) (5, -1.00318517847351373895e+00) (6, 2.31350058090883070605e+00) (7, -1.30958589048328777338e+00) (8, 2.22066252722681489740e-01) (9, 2.05547688849009713152e+00) (10, -1.28457317481573984885e+00) (11, -1.89334183197122896125e+00) (12, 1.02818472221533108169e+00) (13, 8.08662336909677570418e+00) (14, 1.39041752498455899456e+01) (15, -1.81249661009413087775e+00) 
