FANN_FLO_2.1
num_layers=3
learning_rate=0.700000
connection_rate=1.000000
network_type=0
learning_momentum=0.000000
training_algorithm=2
train_error_function=1
train_stop_function=1
cascade_output_change_fraction=0.010000
quickprop_decay=-0.000100
quickprop_mu=1.750000
rprop_increase_factor=1.200000
rprop_decrease_factor=0.500000
rprop_delta_min=0.000000
rprop_delta_max=50.000000
rprop_delta_zero=0.100000
cascade_output_stagnation_epochs=12
cascade_candidate_change_fraction=0.010000
cascade_candidate_stagnation_epochs=12
cascade_max_out_epochs=150
cascade_min_out_epochs=50
cascade_max_cand_epochs=150
cascade_min_cand_epochs=50
cascade_num_candidate_groups=2
bit_fail_limit=1.00000000000000005551e-01
cascade_candidate_limit=1.00000000000000000000e+03
cascade_weight_multiplier=4.00000000000000022204e-01
cascade_activation_functions_count=10
cascade_activation_functions=3 5 7 8 10 11 14 15 16 17 
cascade_activation_steepnesses_count=4
cascade_activation_steepnesses=2.50000000000000000000e-01 5.00000000000000000000e-01 7.50000000000000000000e-01 1.00000000000000000000e+00 
layer_sizes=10 4 2 
scale_included=0
neurons (num_inputs, activation_function, activation_steepness)=(0, 0, 0.00000000000000000000e+00) (0, 0, 0.00000000000000000000e+00) (0, 0, 0.00000000000000000000e+00) (0, 0, 0.00000000000000000000e+00) (0, 0, 0.00000000000000000000e+00) (0, 0, 0.00000000000000000000e+00) (0, 0, 0.00000000000000000000e+00) (0, 0, 0.00000000000000000000e+00) (0, 0, 0.00000000000000000000e+00) (0, 0, 0.00000000000000000000e+00) (10, 6, 5.00000000000000000000e-01) (10, 6, 5.00000000000000000000e-01) (10, 6, 5.00000000000000000000e-01) (0, 6, 0.00000000000000000000e+00) (4, 4, 5.00000000000000000000e-01) (0, 4, 0.00000000000000000000e+00) 
connections (connected_to_neuron, weight)=(0, -9.79995531739735747934e-01) (1, 2.66457174721348089008e+00) (2, 4.97796423367220380873e-02) (3, 2.88009906556386252596e-01) (4, 1.33822521249293502343e+00) (5, 2.36948084118739821236e+00) (6, 3.35659804191369315340e-01) (7, 2.79356283792467063876e+00) (8, -7.65778945761156348837e-01) (9, -7.07808499790372525062e-01) (0, 4.64836088873274988487e+00) (1, -2.74170632000244118842e+00) (2, -1.81697519645852123560e+00) (3, -2.00344598353894109977e+00) (4, -4.26999598398404778266e+00) (5, -2.83349730248696740631e+00) (6, -1.98800490857155653934e+00) (7, -2.62876493916550924013e+00) (8, -2.68051576200113217396e+00) (9, 3.63687448834020710109e+00) (0, -1.19279016682562311047e+00) (1, 1.00327139075089566411e+00) (2, 8.81626450820869322911e-01) (3, 6.62781822817320342978e-01) (4, 1.20119192060348045636e+00) (5, 1.32321558507023584461e+00) (6, 6.41114461557859893759e-01) (7, 1.43144068142205482808e+00) (8, -7.88787582386074048735e-02) (9, -4.69610521544919445880e-01) (10, 3.10410635189509687137e+00) (11, -6.86779139814515371398e+00) (12, 1.41569125357007830068e+00) (13, -2.50242547943890691897e+00) 
