FANN_FLO_2.1
num_layers=3
learning_rate=0.700000
connection_rate=1.000000
network_type=0
learning_momentum=0.000000
training_algorithm=2
train_error_function=1
train_stop_function=1
cascade_output_change_fraction=0.010000
quickprop_decay=-0.000100
quickprop_mu=1.750000
rprop_increase_factor=1.200000
rprop_decrease_factor=0.500000
rprop_delta_min=0.000000
rprop_delta_max=50.000000
rprop_delta_zero=0.100000
cascade_output_stagnation_epochs=12
cascade_candidate_change_fraction=0.010000
cascade_candidate_stagnation_epochs=12
cascade_max_out_epochs=150
cascade_min_out_epochs=50
cascade_max_cand_epochs=150
cascade_min_cand_epochs=50
cascade_num_candidate_groups=2
bit_fail_limit=1.00000000000000005551e-01
cascade_candidate_limit=1.00000000000000000000e+03
cascade_weight_multiplier=4.00000000000000022204e-01
cascade_activation_functions_count=10
cascade_activation_functions=3 5 7 8 10 11 14 15 16 17 
cascade_activation_steepnesses_count=4
cascade_activation_steepnesses=2.50000000000000000000e-01 5.00000000000000000000e-01 7.50000000000000000000e-01 1.00000000000000000000e+00 
layer_sizes=8 4 2 
scale_included=0
neurons (num_inputs, activation_function, activation_steepness)=(0, 0, 0.00000000000000000000e+00) (0, 0, 0.00000000000000000000e+00) (0, 0, 0.00000000000000000000e+00) (0, 0, 0.00000000000000000000e+00) (0, 0, 0.00000000000000000000e+00) (0, 0, 0.00000000000000000000e+00) (0, 0, 0.00000000000000000000e+00) (0, 0, 0.00000000000000000000e+00) (8, 6, 5.00000000000000000000e-01) (8, 6, 5.00000000000000000000e-01) (8, 6, 5.00000000000000000000e-01) (0, 6, 0.00000000000000000000e+00) (4, 4, 5.00000000000000000000e-01) (0, 4, 0.00000000000000000000e+00) 
connections (connected_to_neuron, weight)=(0, 1.25373333189005209398e+00) (1, 9.38315808146737873052e-01) (2, 2.39868924904494829065e+00) (3, 1.34860794062060129761e+00) (4, 1.77495517445785133681e+00) (5, 2.72254375150463445721e+00) (6, 1.61019562373039670788e+00) (7, -1.61501857230461776105e+00) (0, 6.78813788978087417902e-01) (1, 2.24941758785707296431e-01) (2, 1.99175240457217506140e+00) (3, 1.61882156849247893504e-01) (4, 7.33337092032795179186e-01) (5, 2.37961740479188410546e+00) (6, 1.35234735999637223358e+00) (7, -2.79354441509909734442e-01) (0, -3.18267448442281475351e+00) (1, -2.23755312086229629642e+00) (2, -1.98081032004854518114e+00) (3, -1.94564863732678561270e+00) (4, -1.94788409104750526168e+00) (5, -1.90697944651465234323e+00) (6, -1.89615875323136306996e+00) (7, 3.32895454884292529840e+00) (8, 2.92176359222007953065e+00) (9, 7.81093609072789352155e-01) (10, -3.50892753453256673879e+01) (11, -1.24681417161858765219e+00) 
