FANN_FLO_2.1
num_layers=3
learning_rate=0.700000
connection_rate=1.000000
network_type=0
learning_momentum=0.000000
training_algorithm=2
train_error_function=1
train_stop_function=1
cascade_output_change_fraction=0.010000
quickprop_decay=-0.000100
quickprop_mu=1.750000
rprop_increase_factor=1.200000
rprop_decrease_factor=0.500000
rprop_delta_min=0.000000
rprop_delta_max=50.000000
rprop_delta_zero=0.100000
cascade_output_stagnation_epochs=12
cascade_candidate_change_fraction=0.010000
cascade_candidate_stagnation_epochs=12
cascade_max_out_epochs=150
cascade_min_out_epochs=50
cascade_max_cand_epochs=150
cascade_min_cand_epochs=50
cascade_num_candidate_groups=2
bit_fail_limit=1.00000000000000005551e-01
cascade_candidate_limit=1.00000000000000000000e+03
cascade_weight_multiplier=4.00000000000000022204e-01
cascade_activation_functions_count=10
cascade_activation_functions=3 5 7 8 10 11 14 15 16 17 
cascade_activation_steepnesses_count=4
cascade_activation_steepnesses=2.50000000000000000000e-01 5.00000000000000000000e-01 7.50000000000000000000e-01 1.00000000000000000000e+00 
layer_sizes=15 4 2 
scale_included=0
neurons (num_inputs, activation_function, activation_steepness)=(0, 0, 0.00000000000000000000e+00) (0, 0, 0.00000000000000000000e+00) (0, 0, 0.00000000000000000000e+00) (0, 0, 0.00000000000000000000e+00) (0, 0, 0.00000000000000000000e+00) (0, 0, 0.00000000000000000000e+00) (0, 0, 0.00000000000000000000e+00) (0, 0, 0.00000000000000000000e+00) (0, 0, 0.00000000000000000000e+00) (0, 0, 0.00000000000000000000e+00) (0, 0, 0.00000000000000000000e+00) (0, 0, 0.00000000000000000000e+00) (0, 0, 0.00000000000000000000e+00) (0, 0, 0.00000000000000000000e+00) (0, 0, 0.00000000000000000000e+00) (15, 6, 5.00000000000000000000e-01) (15, 6, 5.00000000000000000000e-01) (15, 6, 5.00000000000000000000e-01) (0, 6, 0.00000000000000000000e+00) (4, 4, 5.00000000000000000000e-01) (0, 4, 0.00000000000000000000e+00) 
connections (connected_to_neuron, weight)=(0, 3.17318004183522983652e+00) (1, -4.37309386107191411242e+00) (2, 2.68925134774824714512e+00) (3, -1.31048697528139923563e+00) (4, -2.89444124197026830814e+00) (5, -5.52910516386782902032e+00) (6, -4.31977909154336359165e+00) (7, -2.35664321581568136921e+00) (8, -2.90904353075560351272e+00) (9, 7.26183358280487967207e-01) (10, -1.73627306205981080112e+00) (11, -4.40930244918613833960e+00) (12, -1.39513040465667992329e+00) (13, -4.96277372063120891799e-01) (14, 4.25860583849878970852e+00) (0, -2.77809786596318275542e+00) (1, 8.53916478526674516125e-01) (2, 9.16192429579623657254e-02) (3, 2.10568699503225126302e-01) (4, 8.14058717989604274656e-01) (5, 9.43087810200165799213e-02) (6, 9.82930167066245252805e-01) (7, 9.30819180731713768928e-01) (8, 1.57360892643684402437e+00) (9, -4.74099960525456859406e-02) (10, 1.10427106718652234818e+00) (11, 1.14203380336867654776e+00) (12, 1.23991363457383352298e+00) (13, -1.68142225711602227856e-01) (14, -7.87402696247702760246e-01) (0, -9.50329945085469773858e+00) (1, 2.07423090794734799047e+00) (2, 2.76498534514305793763e+00) (3, -2.25801295391527961920e-01) (4, 3.12079831662619078259e+00) (5, 7.75376838917478106161e-01) (6, 1.99707661632685540276e+00) (7, 1.69163075489815506458e+00) (8, 2.61346725620446074245e+00) (9, -1.35563554878923508973e+00) (10, 1.69003110404173106929e+00) (11, 2.01042916242733404886e+00) (12, 2.30898712409350537200e+00) (13, -1.46084741767141434998e+00) (14, -1.71923564338496515091e+00) (15, -5.65737807029337336218e+00) (16, 2.62844787838948024117e+00) (17, 6.16655807263215827163e+00) (18, -1.09419793330913917018e+00) 
