FANN_FLO_2.1
num_layers=3
learning_rate=0.700000
connection_rate=1.000000
network_type=0
learning_momentum=0.000000
training_algorithm=2
train_error_function=1
train_stop_function=1
cascade_output_change_fraction=0.010000
quickprop_decay=-0.000100
quickprop_mu=1.750000
rprop_increase_factor=1.200000
rprop_decrease_factor=0.500000
rprop_delta_min=0.000000
rprop_delta_max=50.000000
rprop_delta_zero=0.100000
cascade_output_stagnation_epochs=12
cascade_candidate_change_fraction=0.010000
cascade_candidate_stagnation_epochs=12
cascade_max_out_epochs=150
cascade_min_out_epochs=50
cascade_max_cand_epochs=150
cascade_min_cand_epochs=50
cascade_num_candidate_groups=2
bit_fail_limit=1.00000000000000005551e-01
cascade_candidate_limit=1.00000000000000000000e+03
cascade_weight_multiplier=4.00000000000000022204e-01
cascade_activation_functions_count=10
cascade_activation_functions=3 5 7 8 10 11 14 15 16 17 
cascade_activation_steepnesses_count=4
cascade_activation_steepnesses=2.50000000000000000000e-01 5.00000000000000000000e-01 7.50000000000000000000e-01 1.00000000000000000000e+00 
layer_sizes=6 4 2 
scale_included=0
neurons (num_inputs, activation_function, activation_steepness)=(0, 0, 0.00000000000000000000e+00) (0, 0, 0.00000000000000000000e+00) (0, 0, 0.00000000000000000000e+00) (0, 0, 0.00000000000000000000e+00) (0, 0, 0.00000000000000000000e+00) (0, 0, 0.00000000000000000000e+00) (6, 6, 5.00000000000000000000e-01) (6, 6, 5.00000000000000000000e-01) (6, 6, 5.00000000000000000000e-01) (0, 6, 0.00000000000000000000e+00) (4, 4, 5.00000000000000000000e-01) (0, 4, 0.00000000000000000000e+00) 
connections (connected_to_neuron, weight)=(0, 3.38857987470964561183e+00) (1, -2.45352450038906066965e+00) (2, 2.08659916944423790008e-01) (3, -4.45384805147055651275e+00) (4, 6.39913079265197581869e-01) (5, 2.68946544151954958224e+00) (0, -6.14421585208408282952e-01) (1, 1.15947933189851348779e+00) (2, 1.07576987502975462974e+00) (3, 1.04374220123186889353e+00) (4, 1.05053148962069609063e+00) (5, -5.44107775434604645781e-01) (0, -3.90682308498005781416e+00) (1, 3.00743313358212249753e+00) (2, -9.38998464628963830370e-02) (3, 3.26001155398407105324e+00) (4, -7.68203685084561049834e-01) (5, -2.36666621139152821840e+00) (6, -3.65620330731734366481e+00) (7, 1.23214359048713317790e+00) (8, 1.36193156099323005037e+01) (9, -1.58684804181205385554e+00) 
