FANN_FLO_2.1
num_layers=3
learning_rate=0.700000
connection_rate=1.000000
network_type=0
learning_momentum=0.000000
training_algorithm=2
train_error_function=1
train_stop_function=1
cascade_output_change_fraction=0.010000
quickprop_decay=-0.000100
quickprop_mu=1.750000
rprop_increase_factor=1.200000
rprop_decrease_factor=0.500000
rprop_delta_min=0.000000
rprop_delta_max=50.000000
rprop_delta_zero=0.100000
cascade_output_stagnation_epochs=12
cascade_candidate_change_fraction=0.010000
cascade_candidate_stagnation_epochs=12
cascade_max_out_epochs=150
cascade_min_out_epochs=50
cascade_max_cand_epochs=150
cascade_min_cand_epochs=50
cascade_num_candidate_groups=2
bit_fail_limit=1.00000000000000005551e-01
cascade_candidate_limit=1.00000000000000000000e+03
cascade_weight_multiplier=4.00000000000000022204e-01
cascade_activation_functions_count=10
cascade_activation_functions=3 5 7 8 10 11 14 15 16 17 
cascade_activation_steepnesses_count=4
cascade_activation_steepnesses=2.50000000000000000000e-01 5.00000000000000000000e-01 7.50000000000000000000e-01 1.00000000000000000000e+00 
layer_sizes=16 4 2 
scale_included=0
neurons (num_inputs, activation_function, activation_steepness)=(0, 0, 0.00000000000000000000e+00) (0, 0, 0.00000000000000000000e+00) (0, 0, 0.00000000000000000000e+00) (0, 0, 0.00000000000000000000e+00) (0, 0, 0.00000000000000000000e+00) (0, 0, 0.00000000000000000000e+00) (0, 0, 0.00000000000000000000e+00) (0, 0, 0.00000000000000000000e+00) (0, 0, 0.00000000000000000000e+00) (0, 0, 0.00000000000000000000e+00) (0, 0, 0.00000000000000000000e+00) (0, 0, 0.00000000000000000000e+00) (0, 0, 0.00000000000000000000e+00) (0, 0, 0.00000000000000000000e+00) (0, 0, 0.00000000000000000000e+00) (0, 0, 0.00000000000000000000e+00) (16, 6, 5.00000000000000000000e-01) (16, 6, 5.00000000000000000000e-01) (16, 6, 5.00000000000000000000e-01) (0, 6, 0.00000000000000000000e+00) (4, 4, 5.00000000000000000000e-01) (0, 4, 0.00000000000000000000e+00) 
connections (connected_to_neuron, weight)=(0, -3.26359568288411150405e+00) (1, 1.76604765835641219773e+00) (2, 4.55755531474943409442e-01) (3, 2.79191561544494482039e-01) (4, 1.55778435357726530164e+00) (5, -1.61058277778353131637e+00) (6, -1.54177345680589147903e-03) (7, -8.62527296166490597962e-01) (8, 7.66454911567628210944e-02) (9, -7.59873411664997777670e-01) (10, 1.64075162783396155675e+00) (11, 2.44416567540198442776e-01) (12, 1.25664920550518655062e+00) (13, 8.22323523610693718489e-01) (14, -2.99125003504076336647e-01) (15, -5.48916730978740607938e-01) (0, 2.06984442464247464510e-01) (1, -4.26367358685814379360e-01) (2, -4.01894126387077194051e-02) (3, 4.36724870666290385102e-02) (4, -6.87248772799553819812e-02) (5, 1.48123275489311090336e-01) (6, 1.17622469321764927530e-01) (7, 1.35646619526799599997e-01) (8, 1.61295321503679839337e-01) (9, 1.21501172401518742899e-02) (10, -9.03079951984540191257e-02) (11, -1.72559830686962206725e-01) (12, -8.19968976966391926986e-01) (13, -3.94450797700419963920e-01) (14, 2.59929819385907590057e-01) (15, 1.63014705599425602234e-01) (0, -5.11461481737707579498e+00) (1, 2.68936363944086354039e+00) (2, 1.90877703684094801595e+00) (3, -7.67497014747189204575e-02) (4, 3.68749404310598860590e+00) (5, -9.01007308735197076643e-01) (6, 3.79460729225669868292e-01) (7, -5.96977841406817311132e-01) (8, 8.75561612874058980971e-01) (9, -1.31520889869868140565e+00) (10, 2.77360050716671269200e+00) (11, 2.86189543536315427197e-02) (12, 2.81087047407252921261e+00) (13, 1.62443873696399077033e+00) (14, -7.61290639245394085144e-01) (15, -2.46988735124673119969e+00) (16, 1.68549777152846003148e+00) (17, -5.45698051789820670621e-01) (18, 1.43998375851252617963e+01) (19, -1.46002314343909733729e+00) 
