FANN_FLO_2.1
num_layers=3
learning_rate=0.700000
connection_rate=1.000000
network_type=0
learning_momentum=0.000000
training_algorithm=2
train_error_function=1
train_stop_function=1
cascade_output_change_fraction=0.010000
quickprop_decay=-0.000100
quickprop_mu=1.750000
rprop_increase_factor=1.200000
rprop_decrease_factor=0.500000
rprop_delta_min=0.000000
rprop_delta_max=50.000000
rprop_delta_zero=0.100000
cascade_output_stagnation_epochs=12
cascade_candidate_change_fraction=0.010000
cascade_candidate_stagnation_epochs=12
cascade_max_out_epochs=150
cascade_min_out_epochs=50
cascade_max_cand_epochs=150
cascade_min_cand_epochs=50
cascade_num_candidate_groups=2
bit_fail_limit=1.00000000000000005551e-01
cascade_candidate_limit=1.00000000000000000000e+03
cascade_weight_multiplier=4.00000000000000022204e-01
cascade_activation_functions_count=10
cascade_activation_functions=3 5 7 8 10 11 14 15 16 17 
cascade_activation_steepnesses_count=4
cascade_activation_steepnesses=2.50000000000000000000e-01 5.00000000000000000000e-01 7.50000000000000000000e-01 1.00000000000000000000e+00 
layer_sizes=11 4 2 
scale_included=0
neurons (num_inputs, activation_function, activation_steepness)=(0, 0, 0.00000000000000000000e+00) (0, 0, 0.00000000000000000000e+00) (0, 0, 0.00000000000000000000e+00) (0, 0, 0.00000000000000000000e+00) (0, 0, 0.00000000000000000000e+00) (0, 0, 0.00000000000000000000e+00) (0, 0, 0.00000000000000000000e+00) (0, 0, 0.00000000000000000000e+00) (0, 0, 0.00000000000000000000e+00) (0, 0, 0.00000000000000000000e+00) (0, 0, 0.00000000000000000000e+00) (11, 6, 5.00000000000000000000e-01) (11, 6, 5.00000000000000000000e-01) (11, 6, 5.00000000000000000000e-01) (0, 6, 0.00000000000000000000e+00) (4, 4, 5.00000000000000000000e-01) (0, 4, 0.00000000000000000000e+00) 
connections (connected_to_neuron, weight)=(0, 1.66122195813911344153e+00) (1, -3.40448073176457555178e+00) (2, -1.91145809278667355713e+00) (3, 2.41243323101550677379e+00) (4, 2.87266067247632195247e+00) (5, -1.60498210822109155238e+00) (6, -1.44357363030020158234e+00) (7, 4.89010142976994355291e-01) (8, -1.59190694789078768245e+00) (9, -3.51487979005521111731e+00) (10, 1.63235732420937651455e+00) (0, -2.80733531356312449034e+00) (1, 8.02707964433401532922e-01) (2, 1.28762896654375076366e+01) (3, -1.22063084715411585002e+00) (4, -1.29819903477951292814e+00) (5, 8.45644316882119273515e-01) (6, 1.12439864657068238074e+01) (7, 1.60908756310094691599e+00) (8, 1.02224605739706597696e+00) (9, 4.45678011190782819018e-01) (10, -2.76073285580135996398e+00) (0, -2.65146106869436914977e+00) (1, 7.47678229464262433801e-01) (2, 1.27621300366886138988e+01) (3, -9.35996622174539938399e-01) (4, -1.17906419888063673795e+00) (5, 6.90051331430897807451e-01) (6, 1.12063067115092263037e+01) (7, 1.62592900449384547557e+00) (8, 1.11645405203693948160e+00) (9, 7.25942555083420981710e-01) (10, -2.78866149872996027526e+00) (11, -5.47448501064935921789e+00) (12, 2.21053103426851027535e+00) (13, 2.24067431012548246017e+00) (14, -3.11904716459724307143e+00) 
