FANN_FLO_2.1
num_layers=3
learning_rate=0.700000
connection_rate=1.000000
network_type=0
learning_momentum=0.000000
training_algorithm=2
train_error_function=1
train_stop_function=1
cascade_output_change_fraction=0.010000
quickprop_decay=-0.000100
quickprop_mu=1.750000
rprop_increase_factor=1.200000
rprop_decrease_factor=0.500000
rprop_delta_min=0.000000
rprop_delta_max=50.000000
rprop_delta_zero=0.100000
cascade_output_stagnation_epochs=12
cascade_candidate_change_fraction=0.010000
cascade_candidate_stagnation_epochs=12
cascade_max_out_epochs=150
cascade_min_out_epochs=50
cascade_max_cand_epochs=150
cascade_min_cand_epochs=50
cascade_num_candidate_groups=2
bit_fail_limit=1.00000000000000005551e-01
cascade_candidate_limit=1.00000000000000000000e+03
cascade_weight_multiplier=4.00000000000000022204e-01
cascade_activation_functions_count=10
cascade_activation_functions=3 5 7 8 10 11 14 15 16 17 
cascade_activation_steepnesses_count=4
cascade_activation_steepnesses=2.50000000000000000000e-01 5.00000000000000000000e-01 7.50000000000000000000e-01 1.00000000000000000000e+00 
layer_sizes=8 4 2 
scale_included=0
neurons (num_inputs, activation_function, activation_steepness)=(0, 0, 0.00000000000000000000e+00) (0, 0, 0.00000000000000000000e+00) (0, 0, 0.00000000000000000000e+00) (0, 0, 0.00000000000000000000e+00) (0, 0, 0.00000000000000000000e+00) (0, 0, 0.00000000000000000000e+00) (0, 0, 0.00000000000000000000e+00) (0, 0, 0.00000000000000000000e+00) (8, 6, 5.00000000000000000000e-01) (8, 6, 5.00000000000000000000e-01) (8, 6, 5.00000000000000000000e-01) (0, 6, 0.00000000000000000000e+00) (4, 4, 5.00000000000000000000e-01) (0, 4, 0.00000000000000000000e+00) 
connections (connected_to_neuron, weight)=(0, -1.73923343795431861736e+00) (1, 9.72062890275868340950e-01) (2, 1.33239360301997877833e+00) (3, 4.86067781399807774534e-01) (4, 1.16814488184902787182e+00) (5, 8.20704866371863350771e-01) (6, 7.62674987377000013211e-01) (7, -5.61722554843103738520e-01) (0, 2.66257648146820313784e+00) (1, -2.50099846643506396049e+00) (2, -3.62954604467147889935e+00) (3, 1.65542408608294167038e+00) (4, -8.81864344224671803385e-02) (5, -1.09215462796686568758e+00) (6, 1.97428670322769050927e+00) (7, 2.58966730712235371215e+00) (0, 3.19392086023706189835e+00) (1, -2.50946962756215352641e+00) (2, -3.68136925091737721161e+00) (3, 1.84845934794592192674e+00) (4, -1.38782679055664937007e-01) (5, -1.01421475999353805086e+00) (6, 1.93126120960586478148e+00) (7, 2.45291576194507232600e+00) (8, 2.83819389932588372893e-01) (9, -8.57812305383069428899e+00) (10, -8.60171993665082368352e+00) (11, -1.69294240937082896004e+00) 
