FANN_FLO_2.1
num_layers=3
learning_rate=0.700000
connection_rate=1.000000
network_type=0
learning_momentum=0.000000
training_algorithm=2
train_error_function=1
train_stop_function=1
cascade_output_change_fraction=0.010000
quickprop_decay=-0.000100
quickprop_mu=1.750000
rprop_increase_factor=1.200000
rprop_decrease_factor=0.500000
rprop_delta_min=0.000000
rprop_delta_max=50.000000
rprop_delta_zero=0.100000
cascade_output_stagnation_epochs=12
cascade_candidate_change_fraction=0.010000
cascade_candidate_stagnation_epochs=12
cascade_max_out_epochs=150
cascade_min_out_epochs=50
cascade_max_cand_epochs=150
cascade_min_cand_epochs=50
cascade_num_candidate_groups=2
bit_fail_limit=1.00000000000000005551e-01
cascade_candidate_limit=1.00000000000000000000e+03
cascade_weight_multiplier=4.00000000000000022204e-01
cascade_activation_functions_count=10
cascade_activation_functions=3 5 7 8 10 11 14 15 16 17 
cascade_activation_steepnesses_count=4
cascade_activation_steepnesses=2.50000000000000000000e-01 5.00000000000000000000e-01 7.50000000000000000000e-01 1.00000000000000000000e+00 
layer_sizes=7 4 2 
scale_included=0
neurons (num_inputs, activation_function, activation_steepness)=(0, 0, 0.00000000000000000000e+00) (0, 0, 0.00000000000000000000e+00) (0, 0, 0.00000000000000000000e+00) (0, 0, 0.00000000000000000000e+00) (0, 0, 0.00000000000000000000e+00) (0, 0, 0.00000000000000000000e+00) (0, 0, 0.00000000000000000000e+00) (7, 6, 5.00000000000000000000e-01) (7, 6, 5.00000000000000000000e-01) (7, 6, 5.00000000000000000000e-01) (0, 6, 0.00000000000000000000e+00) (4, 4, 5.00000000000000000000e-01) (0, 4, 0.00000000000000000000e+00) 
connections (connected_to_neuron, weight)=(0, 1.94203040493683021239e+00) (1, -5.56848967987841625416e+00) (2, 7.36291059297356831337e-01) (3, 7.26277180951867329384e-01) (4, 2.89868864600764941652e-01) (5, 1.37417686636689206914e+00) (6, 2.72139355250905445871e+00) (0, 1.37874303261576292012e-01) (1, 6.49877141706568628443e-01) (2, 1.57102476832777976368e-01) (3, 1.26441918340832709644e-01) (4, 2.70429018912226704074e-01) (5, 2.20153922773512422673e-01) (6, -1.10959609558927731199e-02) (0, 1.28802785183432599858e+00) (1, -5.52016118336266536915e+00) (2, 7.92527571177316980666e-01) (3, 8.22993904208971338576e-01) (4, 7.27384850239588098830e-01) (5, 1.26106078828814527348e+00) (6, 2.02871702296031131141e+00) (7, -3.99273091074100561215e+00) (8, 4.41446336328605970500e-01) (9, -3.95304976295701093747e+00) (10, -1.49867798868733403950e+00) 
