FANN_FLO_2.1
num_layers=3
learning_rate=0.700000
connection_rate=1.000000
network_type=0
learning_momentum=0.000000
training_algorithm=2
train_error_function=1
train_stop_function=1
cascade_output_change_fraction=0.010000
quickprop_decay=-0.000100
quickprop_mu=1.750000
rprop_increase_factor=1.200000
rprop_decrease_factor=0.500000
rprop_delta_min=0.000000
rprop_delta_max=50.000000
rprop_delta_zero=0.100000
cascade_output_stagnation_epochs=12
cascade_candidate_change_fraction=0.010000
cascade_candidate_stagnation_epochs=12
cascade_max_out_epochs=150
cascade_min_out_epochs=50
cascade_max_cand_epochs=150
cascade_min_cand_epochs=50
cascade_num_candidate_groups=2
bit_fail_limit=1.00000000000000005551e-01
cascade_candidate_limit=1.00000000000000000000e+03
cascade_weight_multiplier=4.00000000000000022204e-01
cascade_activation_functions_count=10
cascade_activation_functions=3 5 7 8 10 11 14 15 16 17 
cascade_activation_steepnesses_count=4
cascade_activation_steepnesses=2.50000000000000000000e-01 5.00000000000000000000e-01 7.50000000000000000000e-01 1.00000000000000000000e+00 
layer_sizes=13 4 2 
scale_included=0
neurons (num_inputs, activation_function, activation_steepness)=(0, 0, 0.00000000000000000000e+00) (0, 0, 0.00000000000000000000e+00) (0, 0, 0.00000000000000000000e+00) (0, 0, 0.00000000000000000000e+00) (0, 0, 0.00000000000000000000e+00) (0, 0, 0.00000000000000000000e+00) (0, 0, 0.00000000000000000000e+00) (0, 0, 0.00000000000000000000e+00) (0, 0, 0.00000000000000000000e+00) (0, 0, 0.00000000000000000000e+00) (0, 0, 0.00000000000000000000e+00) (0, 0, 0.00000000000000000000e+00) (0, 0, 0.00000000000000000000e+00) (13, 6, 5.00000000000000000000e-01) (13, 6, 5.00000000000000000000e-01) (13, 6, 5.00000000000000000000e-01) (0, 6, 0.00000000000000000000e+00) (4, 4, 5.00000000000000000000e-01) (0, 4, 0.00000000000000000000e+00) 
connections (connected_to_neuron, weight)=(0, -5.73548058056655540859e-01) (1, 1.25311915101036386311e+00) (2, 7.58458425223936361093e-01) (3, 4.91554466453578198237e-01) (4, 4.27805546176482143217e-01) (5, 1.24767891513120665614e+00) (6, -5.07975613345797855080e-02) (7, -2.58384081456656922171e-01) (8, -3.86384901533536218032e-01) (9, 1.31978269116889967982e+00) (10, 1.06880547809228221290e+00) (11, -1.64967655888518938134e+00) (12, -4.80100385524773187740e-01) (0, 5.69183434046248160065e-01) (1, -5.16782999252548447267e-01) (2, 7.55561389519858461750e-02) (3, -1.56354487577444123403e+00) (4, -4.47297874243196696975e-02) (5, -5.72225898718109249330e-01) (6, 2.98491073406035312132e-01) (7, 3.04515779582492596145e-01) (8, 2.93515816895000225539e-01) (9, -3.96632097875347588989e-01) (10, -1.38051443501702486572e+00) (11, 3.38127058905305810654e+00) (12, 5.33406427747944555939e-01) (0, -3.14352834401537561959e+00) (1, 3.01215201753175554344e+00) (2, 1.27958560842532986790e+00) (3, 2.18523961912414543818e+00) (4, 1.83039842969638266723e+00) (5, 2.90512281048095521996e+00) (6, 6.93325716044688178386e-01) (7, 1.23960258983855253767e+00) (8, 4.86772698135232509409e-03) (9, 2.96657717364824113915e+00) (10, 2.58964960351250317316e+00) (11, -3.28747701757136789880e+00) (12, -3.20113999945928240365e+00) (13, 1.15954711834061363618e+00) (14, -6.13027078603973540893e-01) (15, 1.14641376338404832325e+01) (16, -7.45197664815768656688e-01) 
