FANN_FLO_2.1
num_layers=3
learning_rate=0.700000
connection_rate=1.000000
network_type=0
learning_momentum=0.000000
training_algorithm=2
train_error_function=1
train_stop_function=1
cascade_output_change_fraction=0.010000
quickprop_decay=-0.000100
quickprop_mu=1.750000
rprop_increase_factor=1.200000
rprop_decrease_factor=0.500000
rprop_delta_min=0.000000
rprop_delta_max=50.000000
rprop_delta_zero=0.100000
cascade_output_stagnation_epochs=12
cascade_candidate_change_fraction=0.010000
cascade_candidate_stagnation_epochs=12
cascade_max_out_epochs=150
cascade_min_out_epochs=50
cascade_max_cand_epochs=150
cascade_min_cand_epochs=50
cascade_num_candidate_groups=2
bit_fail_limit=1.00000000000000005551e-01
cascade_candidate_limit=1.00000000000000000000e+03
cascade_weight_multiplier=4.00000000000000022204e-01
cascade_activation_functions_count=10
cascade_activation_functions=3 5 7 8 10 11 14 15 16 17 
cascade_activation_steepnesses_count=4
cascade_activation_steepnesses=2.50000000000000000000e-01 5.00000000000000000000e-01 7.50000000000000000000e-01 1.00000000000000000000e+00 
layer_sizes=18 4 2 
scale_included=0
neurons (num_inputs, activation_function, activation_steepness)=(0, 0, 0.00000000000000000000e+00) (0, 0, 0.00000000000000000000e+00) (0, 0, 0.00000000000000000000e+00) (0, 0, 0.00000000000000000000e+00) (0, 0, 0.00000000000000000000e+00) (0, 0, 0.00000000000000000000e+00) (0, 0, 0.00000000000000000000e+00) (0, 0, 0.00000000000000000000e+00) (0, 0, 0.00000000000000000000e+00) (0, 0, 0.00000000000000000000e+00) (0, 0, 0.00000000000000000000e+00) (0, 0, 0.00000000000000000000e+00) (0, 0, 0.00000000000000000000e+00) (0, 0, 0.00000000000000000000e+00) (0, 0, 0.00000000000000000000e+00) (0, 0, 0.00000000000000000000e+00) (0, 0, 0.00000000000000000000e+00) (0, 0, 0.00000000000000000000e+00) (18, 6, 5.00000000000000000000e-01) (18, 6, 5.00000000000000000000e-01) (18, 6, 5.00000000000000000000e-01) (0, 6, 0.00000000000000000000e+00) (4, 4, 5.00000000000000000000e-01) (0, 4, 0.00000000000000000000e+00) 
connections (connected_to_neuron, weight)=(0, 2.30283391775426604653e+00) (1, -1.95050842510081978709e+00) (2, -8.17954731702076442978e-01) (3, -2.62571235060991226007e-01) (4, -2.80964104551869420234e+00) (5, -1.58015055908445556376e+00) (6, -2.11496523032016492394e+00) (7, -7.48236182976543928724e-01) (8, 5.63342134528124871551e-01) (9, 5.83521987371409478484e-01) (10, -1.96060147658318872921e+00) (11, 5.44878210000956597625e-01) (12, -8.76154337453841636218e-01) (13, 5.44487769775355401336e-01) (14, -9.80559013980236482411e-01) (15, 1.40827242693503884574e+00) (16, 1.25324123890520744418e+00) (17, 2.24221607664622890610e+00) (0, -5.80855850827811104331e-01) (1, 1.14167332245467623153e+00) (2, 1.29086961871397704060e-01) (3, 1.35609110182381920051e-01) (4, 1.77659391953054157653e+00) (5, 2.96151336988240965198e+00) (6, 6.64052769485816929418e-01) (7, 3.26919238155003399893e-01) (8, 1.77744281118466310176e-02) (9, 1.75378721778942994747e-02) (10, 1.46664337061014027341e+00) (11, -2.41619573740428805753e-01) (12, -1.39711773732508846152e-02) (13, -8.79827338630602834302e-02) (14, 1.11126830816598154428e+00) (15, -3.33356788031181239251e-01) (16, -4.14119742475058394415e-01) (17, -4.07592584249020839504e-01) (0, 7.24339380563778501010e-02) (1, 5.78195929623738114067e-01) (2, 1.13651535242111512147e+00) (3, 2.17891073984650546214e-02) (4, 1.05903431660971159012e+00) (5, 5.36053364127482390167e-01) (6, 4.37064502982544234033e-01) (7, 9.07629687772157134340e-01) (8, 3.41901037904020321800e-01) (9, 1.70138347955938379341e-01) (10, 9.40387310539280818489e-01) (11, 3.74747399939296343963e-01) (12, 9.34046429133011835155e-01) (13, 3.38178950756696128366e-01) (14, 1.10058274194878391583e+00) (15, 1.60921947221089045588e-01) (16, 4.75688429536811480114e-02) (17, -9.32961881457286534847e-02) (18, -2.27604580952088397794e+01) (19, 5.21301762363203735617e+00) (20, 1.27666419588856716594e+00) (21, -1.38596036132249467165e+00) 
