FANN_FLO_2.1
num_layers=3
learning_rate=0.700000
connection_rate=1.000000
network_type=0
learning_momentum=0.000000
training_algorithm=2
train_error_function=1
train_stop_function=1
cascade_output_change_fraction=0.010000
quickprop_decay=-0.000100
quickprop_mu=1.750000
rprop_increase_factor=1.200000
rprop_decrease_factor=0.500000
rprop_delta_min=0.000000
rprop_delta_max=50.000000
rprop_delta_zero=0.100000
cascade_output_stagnation_epochs=12
cascade_candidate_change_fraction=0.010000
cascade_candidate_stagnation_epochs=12
cascade_max_out_epochs=150
cascade_min_out_epochs=50
cascade_max_cand_epochs=150
cascade_min_cand_epochs=50
cascade_num_candidate_groups=2
bit_fail_limit=1.00000000000000005551e-01
cascade_candidate_limit=1.00000000000000000000e+03
cascade_weight_multiplier=4.00000000000000022204e-01
cascade_activation_functions_count=10
cascade_activation_functions=3 5 7 8 10 11 14 15 16 17 
cascade_activation_steepnesses_count=4
cascade_activation_steepnesses=2.50000000000000000000e-01 5.00000000000000000000e-01 7.50000000000000000000e-01 1.00000000000000000000e+00 
layer_sizes=11 4 2 
scale_included=0
neurons (num_inputs, activation_function, activation_steepness)=(0, 0, 0.00000000000000000000e+00) (0, 0, 0.00000000000000000000e+00) (0, 0, 0.00000000000000000000e+00) (0, 0, 0.00000000000000000000e+00) (0, 0, 0.00000000000000000000e+00) (0, 0, 0.00000000000000000000e+00) (0, 0, 0.00000000000000000000e+00) (0, 0, 0.00000000000000000000e+00) (0, 0, 0.00000000000000000000e+00) (0, 0, 0.00000000000000000000e+00) (0, 0, 0.00000000000000000000e+00) (11, 6, 5.00000000000000000000e-01) (11, 6, 5.00000000000000000000e-01) (11, 6, 5.00000000000000000000e-01) (0, 6, 0.00000000000000000000e+00) (4, 4, 5.00000000000000000000e-01) (0, 4, 0.00000000000000000000e+00) 
connections (connected_to_neuron, weight)=(0, 2.16293225651387599484e+00) (1, -3.20233699321283094008e+00) (2, -1.92687945069067212422e+00) (3, -1.84317178930779479451e+00) (4, -2.31089550828734768828e+00) (5, 2.86812417455463197768e+00) (6, -1.47293748933052559558e+00) (7, -3.30908423246579541654e+00) (8, 3.08073874931995916882e+00) (9, -2.79152396236404332086e+00) (10, 3.45133029019512482805e+00) (0, 5.95635899171020000153e-01) (1, -1.48440769090535495955e+00) (2, -7.52274092236876024131e-01) (3, 7.20774548629300459979e-02) (4, -4.95139419243796730097e-01) (5, 2.89980592368618594890e+00) (6, 2.18309898768059840179e-01) (7, -1.04686190568310544258e+00) (8, 1.12998040091099083426e+00) (9, 2.33718324141150082807e-02) (10, 5.78756451189459841800e-01) (0, 2.24496806626920131222e+00) (1, -3.14103766917718640883e+00) (2, -1.79433276505462857564e+00) (3, -1.67035171296139739461e+00) (4, -2.34007378494540585478e+00) (5, 1.41008115188243166038e+00) (6, -1.62283852177834053698e+00) (7, -3.39589692236619367094e+00) (8, 2.88441694125660319514e+00) (9, -2.93184267644628437921e+00) (10, 3.42133687531627961320e+00) (11, -6.44087245446115197467e+00) (12, -7.92779982040047181968e-01) (13, -6.38474792000322999286e+00) (14, -1.37710881497907577931e+00) 
