FANN_FLO_2.1
num_layers=3
learning_rate=0.700000
connection_rate=1.000000
network_type=0
learning_momentum=0.000000
training_algorithm=2
train_error_function=1
train_stop_function=1
cascade_output_change_fraction=0.010000
quickprop_decay=-0.000100
quickprop_mu=1.750000
rprop_increase_factor=1.200000
rprop_decrease_factor=0.500000
rprop_delta_min=0.000000
rprop_delta_max=50.000000
rprop_delta_zero=0.100000
cascade_output_stagnation_epochs=12
cascade_candidate_change_fraction=0.010000
cascade_candidate_stagnation_epochs=12
cascade_max_out_epochs=150
cascade_min_out_epochs=50
cascade_max_cand_epochs=150
cascade_min_cand_epochs=50
cascade_num_candidate_groups=2
bit_fail_limit=1.00000000000000005551e-01
cascade_candidate_limit=1.00000000000000000000e+03
cascade_weight_multiplier=4.00000000000000022204e-01
cascade_activation_functions_count=10
cascade_activation_functions=3 5 7 8 10 11 14 15 16 17 
cascade_activation_steepnesses_count=4
cascade_activation_steepnesses=2.50000000000000000000e-01 5.00000000000000000000e-01 7.50000000000000000000e-01 1.00000000000000000000e+00 
layer_sizes=10 4 2 
scale_included=0
neurons (num_inputs, activation_function, activation_steepness)=(0, 0, 0.00000000000000000000e+00) (0, 0, 0.00000000000000000000e+00) (0, 0, 0.00000000000000000000e+00) (0, 0, 0.00000000000000000000e+00) (0, 0, 0.00000000000000000000e+00) (0, 0, 0.00000000000000000000e+00) (0, 0, 0.00000000000000000000e+00) (0, 0, 0.00000000000000000000e+00) (0, 0, 0.00000000000000000000e+00) (0, 0, 0.00000000000000000000e+00) (10, 6, 5.00000000000000000000e-01) (10, 6, 5.00000000000000000000e-01) (10, 6, 5.00000000000000000000e-01) (0, 6, 0.00000000000000000000e+00) (4, 4, 5.00000000000000000000e-01) (0, 4, 0.00000000000000000000e+00) 
connections (connected_to_neuron, weight)=(0, -8.83272426033488677888e+00) (1, 2.99253193452614763004e+00) (2, 1.52850831872527397337e+01) (3, -1.66465080355889388786e-01) (4, 3.78801710308690076090e+00) (5, 7.92058735081140552481e-01) (6, 1.52827346349781993951e+01) (7, 1.96964684858825056502e+00) (8, 1.67461506679511806794e+01) (9, -7.52450410020467752581e-01) (0, 1.98407792449502835552e+01) (1, -3.93722781222556328373e+00) (2, -9.78141249332861661969e+00) (3, 8.43509469115243493142e-01) (4, -9.73906016086852233116e+00) (5, -8.08275591219327971260e+00) (6, -9.77099170292924057435e+00) (7, -1.84761291522360937556e+00) (8, -1.05947816535493579693e+01) (9, -8.30700845340196614153e-01) (0, 1.73281654995986187373e+01) (1, -7.44875933968440229194e+00) (2, 1.38054841752321877379e+00) (3, -1.15733345708744028713e+01) (4, 6.30051130805904868737e+00) (5, -1.76080805620108939991e+01) (6, 1.20647068552443270661e+00) (7, -1.52726468007959903517e+00) (8, 9.19149788099467173197e+01) (9, 4.35668972056896741663e+00) (10, 2.60929129982944800759e+01) (11, 3.25513921093165734533e+01) (12, -1.95329644769496226786e+01) (13, -1.46530979344075507065e+00) 
