FANN_FLO_2.1
num_layers=3
learning_rate=0.700000
connection_rate=1.000000
network_type=0
learning_momentum=0.000000
training_algorithm=2
train_error_function=1
train_stop_function=1
cascade_output_change_fraction=0.010000
quickprop_decay=-0.000100
quickprop_mu=1.750000
rprop_increase_factor=1.200000
rprop_decrease_factor=0.500000
rprop_delta_min=0.000000
rprop_delta_max=50.000000
rprop_delta_zero=0.100000
cascade_output_stagnation_epochs=12
cascade_candidate_change_fraction=0.010000
cascade_candidate_stagnation_epochs=12
cascade_max_out_epochs=150
cascade_min_out_epochs=50
cascade_max_cand_epochs=150
cascade_min_cand_epochs=50
cascade_num_candidate_groups=2
bit_fail_limit=1.00000000000000005551e-01
cascade_candidate_limit=1.00000000000000000000e+03
cascade_weight_multiplier=4.00000000000000022204e-01
cascade_activation_functions_count=10
cascade_activation_functions=3 5 7 8 10 11 14 15 16 17 
cascade_activation_steepnesses_count=4
cascade_activation_steepnesses=2.50000000000000000000e-01 5.00000000000000000000e-01 7.50000000000000000000e-01 1.00000000000000000000e+00 
layer_sizes=15 4 2 
scale_included=0
neurons (num_inputs, activation_function, activation_steepness)=(0, 0, 0.00000000000000000000e+00) (0, 0, 0.00000000000000000000e+00) (0, 0, 0.00000000000000000000e+00) (0, 0, 0.00000000000000000000e+00) (0, 0, 0.00000000000000000000e+00) (0, 0, 0.00000000000000000000e+00) (0, 0, 0.00000000000000000000e+00) (0, 0, 0.00000000000000000000e+00) (0, 0, 0.00000000000000000000e+00) (0, 0, 0.00000000000000000000e+00) (0, 0, 0.00000000000000000000e+00) (0, 0, 0.00000000000000000000e+00) (0, 0, 0.00000000000000000000e+00) (0, 0, 0.00000000000000000000e+00) (0, 0, 0.00000000000000000000e+00) (15, 6, 5.00000000000000000000e-01) (15, 6, 5.00000000000000000000e-01) (15, 6, 5.00000000000000000000e-01) (0, 6, 0.00000000000000000000e+00) (4, 4, 5.00000000000000000000e-01) (0, 4, 0.00000000000000000000e+00) 
connections (connected_to_neuron, weight)=(0, 4.92596459954881815690e+00) (1, -4.16155778057741443376e+00) (2, -4.37955001961329237758e+00) (3, -7.93954054084064497765e-01) (4, 1.15494528767246418255e+00) (5, -4.90882184382681163726e+00) (6, 2.32277856982546282438e+00) (7, -1.85852575218059934414e+00) (8, 3.83371809884640812882e+00) (9, 5.24916795765187504941e+00) (10, -5.17285533677798881058e+00) (11, -2.16357316293577461863e+00) (12, -4.44936274349038907161e+00) (13, -3.94751523385822444823e+00) (14, 5.08216576099300532121e+00) (0, 4.45890880073848916432e-01) (1, -3.45381815846358686262e-01) (2, -3.26457619942707333305e-01) (3, 1.31080733476779109914e+00) (4, -9.16608941622326922616e-02) (5, -2.94254294485665868208e+00) (6, 5.03655712453625614700e+00) (7, 7.31503612144811743434e-01) (8, 4.73249120452077010057e-01) (9, 2.88065544458866007460e+00) (10, -2.26424782402639634959e-01) (11, -6.05937520108201926883e-02) (12, -7.64636884718403297967e-01) (13, -1.35392542162453799470e+00) (14, 6.72302291713070876433e-01) (0, -1.12145557915266746996e+00) (1, 2.03809476950537860063e-01) (2, 1.53627741591654096709e+01) (3, -1.33771071015970921536e+00) (4, 4.52216258708169593916e+00) (5, 5.55349248741281553698e-01) (6, -5.23139517905741247006e+00) (7, 1.18723102654927292754e+00) (8, -3.97621283427458671600e-01) (9, -3.37927683694180336360e+00) (10, -6.51440783259796862836e+00) (11, 1.77805833957427594783e+00) (12, 1.97678552563059328762e+00) (13, -4.61082952494266451460e-01) (14, -1.06828030114468353062e+00) (15, -1.00758294047844394470e+01) (16, -2.64184835716925547899e+00) (17, 6.37181965041183406839e+00) (18, -1.65208199589011694997e+00) 
