FANN_FLO_2.1
num_layers=3
learning_rate=0.700000
connection_rate=1.000000
network_type=0
learning_momentum=0.000000
training_algorithm=2
train_error_function=1
train_stop_function=1
cascade_output_change_fraction=0.010000
quickprop_decay=-0.000100
quickprop_mu=1.750000
rprop_increase_factor=1.200000
rprop_decrease_factor=0.500000
rprop_delta_min=0.000000
rprop_delta_max=50.000000
rprop_delta_zero=0.100000
cascade_output_stagnation_epochs=12
cascade_candidate_change_fraction=0.010000
cascade_candidate_stagnation_epochs=12
cascade_max_out_epochs=150
cascade_min_out_epochs=50
cascade_max_cand_epochs=150
cascade_min_cand_epochs=50
cascade_num_candidate_groups=2
bit_fail_limit=1.00000000000000005551e-01
cascade_candidate_limit=1.00000000000000000000e+03
cascade_weight_multiplier=4.00000000000000022204e-01
cascade_activation_functions_count=10
cascade_activation_functions=3 5 7 8 10 11 14 15 16 17 
cascade_activation_steepnesses_count=4
cascade_activation_steepnesses=2.50000000000000000000e-01 5.00000000000000000000e-01 7.50000000000000000000e-01 1.00000000000000000000e+00 
layer_sizes=8 4 2 
scale_included=0
neurons (num_inputs, activation_function, activation_steepness)=(0, 0, 0.00000000000000000000e+00) (0, 0, 0.00000000000000000000e+00) (0, 0, 0.00000000000000000000e+00) (0, 0, 0.00000000000000000000e+00) (0, 0, 0.00000000000000000000e+00) (0, 0, 0.00000000000000000000e+00) (0, 0, 0.00000000000000000000e+00) (0, 0, 0.00000000000000000000e+00) (8, 6, 5.00000000000000000000e-01) (8, 6, 5.00000000000000000000e-01) (8, 6, 5.00000000000000000000e-01) (0, 6, 0.00000000000000000000e+00) (4, 4, 5.00000000000000000000e-01) (0, 4, 0.00000000000000000000e+00) 
connections (connected_to_neuron, weight)=(0, -7.14357581129987595503e-01) (1, -4.15283675290666287605e-01) (2, -2.23087884542231634777e-01) (3, -4.08519592289029398469e-01) (4, -5.17565341441121096189e-01) (5, -6.43971580384100072969e-01) (6, -4.97282365368676371187e-01) (7, 8.40453412392942578180e-01) (0, 5.01539594185661408154e-01) (1, 9.52982508124007532402e-01) (2, 3.84896370559495160091e-01) (3, 1.78227866185646055541e+00) (4, 1.02632335778927896719e+00) (5, 1.75616223890696554477e+00) (6, 6.56341479409211281393e-01) (7, -2.99036263241933240875e-02) (0, 2.14750689060084187787e+00) (1, 2.21313300167587545531e+00) (2, 1.24306065977372970366e+00) (3, 2.87063218533892161588e+00) (4, 1.22702526107677956091e+00) (5, 2.85285461000719653413e+00) (6, 1.20296676571469651762e+00) (7, -2.17921869383792277119e+00) (8, -1.85759027478893323782e+00) (9, 7.00176396574374471093e-01) (10, 1.32854348923187075115e+02) (11, -2.04924672754134329367e+00) 
