FANN_FLO_2.1
num_layers=3
learning_rate=0.700000
connection_rate=1.000000
network_type=0
learning_momentum=0.000000
training_algorithm=2
train_error_function=1
train_stop_function=1
cascade_output_change_fraction=0.010000
quickprop_decay=-0.000100
quickprop_mu=1.750000
rprop_increase_factor=1.200000
rprop_decrease_factor=0.500000
rprop_delta_min=0.000000
rprop_delta_max=50.000000
rprop_delta_zero=0.100000
cascade_output_stagnation_epochs=12
cascade_candidate_change_fraction=0.010000
cascade_candidate_stagnation_epochs=12
cascade_max_out_epochs=150
cascade_min_out_epochs=50
cascade_max_cand_epochs=150
cascade_min_cand_epochs=50
cascade_num_candidate_groups=2
bit_fail_limit=1.00000000000000005551e-01
cascade_candidate_limit=1.00000000000000000000e+03
cascade_weight_multiplier=4.00000000000000022204e-01
cascade_activation_functions_count=10
cascade_activation_functions=3 5 7 8 10 11 14 15 16 17 
cascade_activation_steepnesses_count=4
cascade_activation_steepnesses=2.50000000000000000000e-01 5.00000000000000000000e-01 7.50000000000000000000e-01 1.00000000000000000000e+00 
layer_sizes=9 4 2 
scale_included=0
neurons (num_inputs, activation_function, activation_steepness)=(0, 0, 0.00000000000000000000e+00) (0, 0, 0.00000000000000000000e+00) (0, 0, 0.00000000000000000000e+00) (0, 0, 0.00000000000000000000e+00) (0, 0, 0.00000000000000000000e+00) (0, 0, 0.00000000000000000000e+00) (0, 0, 0.00000000000000000000e+00) (0, 0, 0.00000000000000000000e+00) (0, 0, 0.00000000000000000000e+00) (9, 6, 5.00000000000000000000e-01) (9, 6, 5.00000000000000000000e-01) (9, 6, 5.00000000000000000000e-01) (0, 6, 0.00000000000000000000e+00) (4, 4, 5.00000000000000000000e-01) (0, 4, 0.00000000000000000000e+00) 
connections (connected_to_neuron, weight)=(0, 4.04135048953436770702e-01) (1, 3.00176987043413001643e-01) (2, 2.71235742326206230590e-01) (3, 2.54581659614450783735e-01) (4, 2.19075084141567816287e-01) (5, 8.83181593372766582384e-02) (6, 4.39219694763649748381e-01) (7, 6.81922675597761318578e-01) (8, 4.56399554100635596043e-01) (0, 1.72477841648872642910e-01) (1, 5.50484578242615429922e-01) (2, 6.12927490197857527399e-01) (3, 3.16408638285902765741e-01) (4, 3.07562284154536569325e-01) (5, 3.04851246224003336049e-01) (6, 1.95389290022602329921e-01) (7, -2.96767064953400439009e-02) (8, 7.23063638997993541821e-04) (0, -1.94485070744450494473e+00) (1, 2.81060943238393123877e+00) (2, 1.82371810836313458237e-01) (3, 6.84841103337404666362e-02) (4, 7.49680151593227539486e-01) (5, 2.09886937038656107291e+00) (6, -1.30809626780146182057e+00) (7, -1.75435161081924517745e+00) (8, -2.13622737092694814365e+00) (9, -1.72998803891434627111e-01) (10, 5.59594422357078014052e-01) (11, 2.32035316823302117939e+01) (12, -2.49778187234233062242e+00) 
