FANN_FLO_2.1
num_layers=3
learning_rate=0.700000
connection_rate=1.000000
network_type=0
learning_momentum=0.000000
training_algorithm=2
train_error_function=1
train_stop_function=1
cascade_output_change_fraction=0.010000
quickprop_decay=-0.000100
quickprop_mu=1.750000
rprop_increase_factor=1.200000
rprop_decrease_factor=0.500000
rprop_delta_min=0.000000
rprop_delta_max=50.000000
rprop_delta_zero=0.100000
cascade_output_stagnation_epochs=12
cascade_candidate_change_fraction=0.010000
cascade_candidate_stagnation_epochs=12
cascade_max_out_epochs=150
cascade_min_out_epochs=50
cascade_max_cand_epochs=150
cascade_min_cand_epochs=50
cascade_num_candidate_groups=2
bit_fail_limit=1.00000000000000005551e-01
cascade_candidate_limit=1.00000000000000000000e+03
cascade_weight_multiplier=4.00000000000000022204e-01
cascade_activation_functions_count=10
cascade_activation_functions=3 5 7 8 10 11 14 15 16 17 
cascade_activation_steepnesses_count=4
cascade_activation_steepnesses=2.50000000000000000000e-01 5.00000000000000000000e-01 7.50000000000000000000e-01 1.00000000000000000000e+00 
layer_sizes=11 4 2 
scale_included=0
neurons (num_inputs, activation_function, activation_steepness)=(0, 0, 0.00000000000000000000e+00) (0, 0, 0.00000000000000000000e+00) (0, 0, 0.00000000000000000000e+00) (0, 0, 0.00000000000000000000e+00) (0, 0, 0.00000000000000000000e+00) (0, 0, 0.00000000000000000000e+00) (0, 0, 0.00000000000000000000e+00) (0, 0, 0.00000000000000000000e+00) (0, 0, 0.00000000000000000000e+00) (0, 0, 0.00000000000000000000e+00) (0, 0, 0.00000000000000000000e+00) (11, 6, 5.00000000000000000000e-01) (11, 6, 5.00000000000000000000e-01) (11, 6, 5.00000000000000000000e-01) (0, 6, 0.00000000000000000000e+00) (4, 4, 5.00000000000000000000e-01) (0, 4, 0.00000000000000000000e+00) 
connections (connected_to_neuron, weight)=(0, 4.13796595092018293371e+00) (1, -4.92860116740146558811e+00) (2, -2.69758268587459992816e+00) (3, 5.12049201902708348011e-02) (4, -2.23607879462676406579e-01) (5, -8.02797269092126897228e-01) (6, -3.85215012286366764727e+00) (7, 2.50071179815405963964e+00) (8, -5.62526960772968820379e+00) (9, 2.57224072204237019790e+00) (10, 4.63773609850531798315e+00) (0, -1.40576590337996343294e+00) (1, 2.00635559798448692703e+00) (2, 1.86889500448215395423e+00) (3, -1.07907867182253847105e+00) (4, 5.64888028336736486290e-02) (5, 7.83425486415226246528e-01) (6, 1.94060663175654801726e+00) (7, -1.25704383525933410803e-01) (8, 9.34163186532469325130e-01) (9, -8.27133321969128476603e-01) (10, -1.34345812835936406771e+00) (0, -2.24208582335027672983e+00) (1, -8.20311467380776204728e-01) (2, 1.42260171682279192851e+01) (3, -8.88786729225012783751e-01) (4, 3.78880282434341020270e-01) (5, 7.67066883673487853734e-01) (6, 1.34776924635708610367e+01) (7, -5.71551275400121516768e-01) (8, 1.38322742910168461350e+01) (9, -4.29133138651811629760e-01) (10, -2.17614393078598000741e+00) (11, -4.79034777742571993286e+00) (12, 1.56567007202325347848e+00) (13, 2.40951737199738147410e+00) (14, -2.36886508379037907801e+00) 
