FANN_FLO_2.1
num_layers=3
learning_rate=0.700000
connection_rate=1.000000
network_type=0
learning_momentum=0.000000
training_algorithm=2
train_error_function=1
train_stop_function=1
cascade_output_change_fraction=0.010000
quickprop_decay=-0.000100
quickprop_mu=1.750000
rprop_increase_factor=1.200000
rprop_decrease_factor=0.500000
rprop_delta_min=0.000000
rprop_delta_max=50.000000
rprop_delta_zero=0.100000
cascade_output_stagnation_epochs=12
cascade_candidate_change_fraction=0.010000
cascade_candidate_stagnation_epochs=12
cascade_max_out_epochs=150
cascade_min_out_epochs=50
cascade_max_cand_epochs=150
cascade_min_cand_epochs=50
cascade_num_candidate_groups=2
bit_fail_limit=1.00000000000000005551e-01
cascade_candidate_limit=1.00000000000000000000e+03
cascade_weight_multiplier=4.00000000000000022204e-01
cascade_activation_functions_count=10
cascade_activation_functions=3 5 7 8 10 11 14 15 16 17 
cascade_activation_steepnesses_count=4
cascade_activation_steepnesses=2.50000000000000000000e-01 5.00000000000000000000e-01 7.50000000000000000000e-01 1.00000000000000000000e+00 
layer_sizes=9 4 2 
scale_included=0
neurons (num_inputs, activation_function, activation_steepness)=(0, 0, 0.00000000000000000000e+00) (0, 0, 0.00000000000000000000e+00) (0, 0, 0.00000000000000000000e+00) (0, 0, 0.00000000000000000000e+00) (0, 0, 0.00000000000000000000e+00) (0, 0, 0.00000000000000000000e+00) (0, 0, 0.00000000000000000000e+00) (0, 0, 0.00000000000000000000e+00) (0, 0, 0.00000000000000000000e+00) (9, 6, 5.00000000000000000000e-01) (9, 6, 5.00000000000000000000e-01) (9, 6, 5.00000000000000000000e-01) (0, 6, 0.00000000000000000000e+00) (4, 4, 5.00000000000000000000e-01) (0, 4, 0.00000000000000000000e+00) 
connections (connected_to_neuron, weight)=(0, 2.13087315091102680320e-01) (1, 4.76162398979180334635e-01) (2, 2.23410977788352393958e-01) (3, 2.73838801848895918578e-01) (4, 8.80909873918526292735e-02) (5, 6.01230933998420713493e+00) (6, 1.57707918295272170317e-01) (7, 5.89957517121627805778e+00) (8, 1.44536985435693821067e-01) (0, -9.66379576116024097132e-01) (1, 9.19600126967098585595e-01) (2, 6.78276071362032162426e-01) (3, 2.95644488010506578668e-01) (4, 8.58459683739914547473e-01) (5, 8.17846478353660870653e+01) (6, 4.37373020142530044563e-01) (7, 8.17891892734390069108e+01) (8, -1.12284582176726899228e+00) (0, -9.65376966386257251429e-01) (1, 9.12558709904816023339e-01) (2, 7.26622970811857449291e-01) (3, 2.50994819972615079706e-01) (4, 7.93995695793404454577e-01) (5, 8.18628045338612366777e+01) (6, 3.47771406561349694098e-01) (7, 8.18784659075957108598e+01) (8, -1.08323112943690857968e+00) (9, 6.08184612452155048956e-01) (10, 1.69811295283799061906e+01) (11, 1.70584182975654492509e+01) (12, -1.01057849147838196835e+00) 
