FANN_FLO_2.1
num_layers=3
learning_rate=0.700000
connection_rate=1.000000
network_type=0
learning_momentum=0.000000
training_algorithm=2
train_error_function=1
train_stop_function=1
cascade_output_change_fraction=0.010000
quickprop_decay=-0.000100
quickprop_mu=1.750000
rprop_increase_factor=1.200000
rprop_decrease_factor=0.500000
rprop_delta_min=0.000000
rprop_delta_max=50.000000
rprop_delta_zero=0.100000
cascade_output_stagnation_epochs=12
cascade_candidate_change_fraction=0.010000
cascade_candidate_stagnation_epochs=12
cascade_max_out_epochs=150
cascade_min_out_epochs=50
cascade_max_cand_epochs=150
cascade_min_cand_epochs=50
cascade_num_candidate_groups=2
bit_fail_limit=1.00000000000000005551e-01
cascade_candidate_limit=1.00000000000000000000e+03
cascade_weight_multiplier=4.00000000000000022204e-01
cascade_activation_functions_count=10
cascade_activation_functions=3 5 7 8 10 11 14 15 16 17 
cascade_activation_steepnesses_count=4
cascade_activation_steepnesses=2.50000000000000000000e-01 5.00000000000000000000e-01 7.50000000000000000000e-01 1.00000000000000000000e+00 
layer_sizes=15 4 2 
scale_included=0
neurons (num_inputs, activation_function, activation_steepness)=(0, 0, 0.00000000000000000000e+00) (0, 0, 0.00000000000000000000e+00) (0, 0, 0.00000000000000000000e+00) (0, 0, 0.00000000000000000000e+00) (0, 0, 0.00000000000000000000e+00) (0, 0, 0.00000000000000000000e+00) (0, 0, 0.00000000000000000000e+00) (0, 0, 0.00000000000000000000e+00) (0, 0, 0.00000000000000000000e+00) (0, 0, 0.00000000000000000000e+00) (0, 0, 0.00000000000000000000e+00) (0, 0, 0.00000000000000000000e+00) (0, 0, 0.00000000000000000000e+00) (0, 0, 0.00000000000000000000e+00) (0, 0, 0.00000000000000000000e+00) (15, 6, 5.00000000000000000000e-01) (15, 6, 5.00000000000000000000e-01) (15, 6, 5.00000000000000000000e-01) (0, 6, 0.00000000000000000000e+00) (4, 4, 5.00000000000000000000e-01) (0, 4, 0.00000000000000000000e+00) 
connections (connected_to_neuron, weight)=(0, -2.10932665543833186561e+00) (1, -6.43651791649250704097e+00) (2, -5.67886658434590163580e+00) (3, -2.35683367952714295512e+00) (4, 2.39175576987641047566e+00) (5, -3.62518800897108917081e-01) (6, 6.29319640979578820428e-01) (7, -1.13068281374522405791e+00) (8, 1.50000000000000000000e+03) (9, -5.01077185875367980827e+00) (10, 1.09147122256367818949e+01) (11, 8.51668017918487341156e-01) (12, 1.25340704479545497207e+01) (13, 2.97803769755038949540e+00) (14, 1.70480657689413228617e+00) (0, -4.68513770956123032363e+00) (1, -9.61802820725992368978e+00) (2, 3.55260938504514527381e+01) (3, 4.80807209837425819643e+00) (4, 1.72216201361026555183e+00) (5, 3.91755067783718979868e+00) (6, 1.35401150811131323337e+01) (7, -8.85361469443179416317e+00) (8, 8.23515753533247685247e-01) (9, 1.43557422876161666636e+00) (10, -2.85228058346549762092e+00) (11, 1.50000000000000000000e+03) (12, 1.50000000000000000000e+03) (13, 8.35084446727235629737e+00) (14, -7.51611121331327347583e-01) (0, 2.48731427551818518040e+00) (1, -8.83533362324295552526e+01) (2, -6.77353186775943871822e+00) (3, 4.19857397696234713180e+00) (4, -3.53616664350235243575e+00) (5, -6.93173295854391646742e+00) (6, 2.78297649825443527138e-01) (7, 5.05924531597142013162e-01) (8, -1.03982823022701822424e+01) (9, -9.14346819494178930654e+00) (10, -1.80265294721517079779e+01) (11, 1.46710645837326666197e+02) (12, 1.93874348919400205205e+02) (13, -3.53248611868417761173e+00) (14, 1.60171805490945686756e+01) (15, 7.86537699288934000208e+00) (16, 7.49844061876455647564e+00) (17, -8.67325648522024472697e+00) (18, -8.68479345648216494169e+00) 
