FANN_FLO_2.1
num_layers=3
learning_rate=0.700000
connection_rate=1.000000
network_type=0
learning_momentum=0.000000
training_algorithm=2
train_error_function=1
train_stop_function=1
cascade_output_change_fraction=0.010000
quickprop_decay=-0.000100
quickprop_mu=1.750000
rprop_increase_factor=1.200000
rprop_decrease_factor=0.500000
rprop_delta_min=0.000000
rprop_delta_max=50.000000
rprop_delta_zero=0.100000
cascade_output_stagnation_epochs=12
cascade_candidate_change_fraction=0.010000
cascade_candidate_stagnation_epochs=12
cascade_max_out_epochs=150
cascade_min_out_epochs=50
cascade_max_cand_epochs=150
cascade_min_cand_epochs=50
cascade_num_candidate_groups=2
bit_fail_limit=1.00000000000000005551e-01
cascade_candidate_limit=1.00000000000000000000e+03
cascade_weight_multiplier=4.00000000000000022204e-01
cascade_activation_functions_count=10
cascade_activation_functions=3 5 7 8 10 11 14 15 16 17 
cascade_activation_steepnesses_count=4
cascade_activation_steepnesses=2.50000000000000000000e-01 5.00000000000000000000e-01 7.50000000000000000000e-01 1.00000000000000000000e+00 
layer_sizes=7 4 2 
scale_included=0
neurons (num_inputs, activation_function, activation_steepness)=(0, 0, 0.00000000000000000000e+00) (0, 0, 0.00000000000000000000e+00) (0, 0, 0.00000000000000000000e+00) (0, 0, 0.00000000000000000000e+00) (0, 0, 0.00000000000000000000e+00) (0, 0, 0.00000000000000000000e+00) (0, 0, 0.00000000000000000000e+00) (7, 6, 5.00000000000000000000e-01) (7, 6, 5.00000000000000000000e-01) (7, 6, 5.00000000000000000000e-01) (0, 6, 0.00000000000000000000e+00) (4, 4, 5.00000000000000000000e-01) (0, 4, 0.00000000000000000000e+00) 
connections (connected_to_neuron, weight)=(0, 2.31677944675567515365e-01) (1, 5.24398768065892909362e+02) (2, 1.61366763220994280381e+00) (3, 2.18508226607533329044e-01) (4, 9.76672442423522774169e-02) (5, 6.87290380705465997480e-01) (6, -2.78846954706789551537e-01) (0, 4.54671327938165614757e-01) (1, 1.24466928822153249712e+03) (2, 1.64554744936401320388e+00) (3, 6.99683473839928904425e-01) (4, 1.91384851669873401470e+00) (5, 2.48907412017439355623e+00) (6, -1.60352572262154935423e+00) (0, 8.48600946471932182646e-01) (1, 1.24475598076337018938e+03) (2, 1.74566704735751754285e+00) (3, 8.45444638276798943188e-01) (4, 1.81508903687800593474e+00) (5, 3.68723925028743293453e+00) (6, -2.14700712361407353157e+00) (7, 2.44083403976048840534e+00) (8, 3.36475151579326769991e+00) (9, 1.22747813374479306958e+02) (10, -1.39054065831300643907e+00) 
