FANN_FLO_2.1
num_layers=3
learning_rate=0.700000
connection_rate=1.000000
network_type=0
learning_momentum=0.000000
training_algorithm=2
train_error_function=1
train_stop_function=1
cascade_output_change_fraction=0.010000
quickprop_decay=-0.000100
quickprop_mu=1.750000
rprop_increase_factor=1.200000
rprop_decrease_factor=0.500000
rprop_delta_min=0.000000
rprop_delta_max=50.000000
rprop_delta_zero=0.100000
cascade_output_stagnation_epochs=12
cascade_candidate_change_fraction=0.010000
cascade_candidate_stagnation_epochs=12
cascade_max_out_epochs=150
cascade_min_out_epochs=50
cascade_max_cand_epochs=150
cascade_min_cand_epochs=50
cascade_num_candidate_groups=2
bit_fail_limit=1.00000000000000005551e-01
cascade_candidate_limit=1.00000000000000000000e+03
cascade_weight_multiplier=4.00000000000000022204e-01
cascade_activation_functions_count=10
cascade_activation_functions=3 5 7 8 10 11 14 15 16 17 
cascade_activation_steepnesses_count=4
cascade_activation_steepnesses=2.50000000000000000000e-01 5.00000000000000000000e-01 7.50000000000000000000e-01 1.00000000000000000000e+00 
layer_sizes=17 4 2 
scale_included=0
neurons (num_inputs, activation_function, activation_steepness)=(0, 0, 0.00000000000000000000e+00) (0, 0, 0.00000000000000000000e+00) (0, 0, 0.00000000000000000000e+00) (0, 0, 0.00000000000000000000e+00) (0, 0, 0.00000000000000000000e+00) (0, 0, 0.00000000000000000000e+00) (0, 0, 0.00000000000000000000e+00) (0, 0, 0.00000000000000000000e+00) (0, 0, 0.00000000000000000000e+00) (0, 0, 0.00000000000000000000e+00) (0, 0, 0.00000000000000000000e+00) (0, 0, 0.00000000000000000000e+00) (0, 0, 0.00000000000000000000e+00) (0, 0, 0.00000000000000000000e+00) (0, 0, 0.00000000000000000000e+00) (0, 0, 0.00000000000000000000e+00) (0, 0, 0.00000000000000000000e+00) (17, 6, 5.00000000000000000000e-01) (17, 6, 5.00000000000000000000e-01) (17, 6, 5.00000000000000000000e-01) (0, 6, 0.00000000000000000000e+00) (4, 4, 5.00000000000000000000e-01) (0, 4, 0.00000000000000000000e+00) 
connections (connected_to_neuron, weight)=(0, 1.18674815501672075158e+01) (1, 7.22613460926421158348e+00) (2, 3.51472166060183388581e+00) (3, 1.70155963790234143751e+00) (4, 1.38935291497207447087e+00) (5, 1.50992875106749191438e+00) (6, 1.30156612318169231912e+03) (7, 9.44283514669260082286e-01) (8, 2.10089506943341586265e+00) (9, -2.71258570692253142553e+00) (10, 7.41932709259502676247e+00) (11, -2.94973807020261613587e+00) (12, 2.33583860883690791477e-01) (13, 1.32678286450767540794e-01) (14, 1.76084616736746857324e-01) (15, 2.22997365470426444745e+02) (16, -5.83734132882881517901e+00) (0, -1.58433825688858220815e+00) (1, -1.63406032131393907925e+00) (2, -3.35322056800688605982e-01) (3, -1.73467446050146678616e+00) (4, -2.14856846281672142496e+00) (5, 2.04368398381462057500e+00) (6, -1.09833289860695049178e+00) (7, -3.45435628767407701400e-02) (8, -6.24399921711913163946e-01) (9, -2.02048479823947912948e+00) (10, 2.73657448502271405388e+00) (11, 1.62544909978983964649e-01) (12, 2.49165151882115742943e-01) (13, 3.24996712345855809367e-01) (14, -3.33670588360774345027e-02) (15, 5.35321955078929700989e+00) (16, 1.69813120941673556530e+00) (0, 6.98065256025370395321e+00) (1, 6.23385152049689406084e+00) (2, 1.75162247608834498180e+00) (3, 3.24698428902396019069e+00) (4, 7.05398217207870814605e+00) (5, 8.17905879911515087954e-01) (6, 3.17979621502812392908e-01) (7, 1.98579555653256578651e+00) (8, 6.86473268306470352229e+00) (9, 6.81705130114907831285e+00) (10, 2.42181866853585781030e+01) (11, 4.94850887220976920489e-01) (12, -6.34430152828391147324e+00) (13, -5.08577444188434313332e+00) (14, -7.35092580170220166735e+00) (15, 1.30472051862424436308e+01) (16, -1.00913062971195870432e+01) (17, -8.85051881421079755796e+00) (18, -3.26719463707648714035e+01) (19, 3.40692045149325934972e+01) (20, -1.15135214207305458523e+00) 
