FANN_FLO_2.1
num_layers=3
learning_rate=0.700000
connection_rate=1.000000
network_type=0
learning_momentum=0.000000
training_algorithm=2
train_error_function=1
train_stop_function=1
cascade_output_change_fraction=0.010000
quickprop_decay=-0.000100
quickprop_mu=1.750000
rprop_increase_factor=1.200000
rprop_decrease_factor=0.500000
rprop_delta_min=0.000000
rprop_delta_max=50.000000
rprop_delta_zero=0.100000
cascade_output_stagnation_epochs=12
cascade_candidate_change_fraction=0.010000
cascade_candidate_stagnation_epochs=12
cascade_max_out_epochs=150
cascade_min_out_epochs=50
cascade_max_cand_epochs=150
cascade_min_cand_epochs=50
cascade_num_candidate_groups=2
bit_fail_limit=1.00000000000000005551e-01
cascade_candidate_limit=1.00000000000000000000e+03
cascade_weight_multiplier=4.00000000000000022204e-01
cascade_activation_functions_count=10
cascade_activation_functions=3 5 7 8 10 11 14 15 16 17 
cascade_activation_steepnesses_count=4
cascade_activation_steepnesses=2.50000000000000000000e-01 5.00000000000000000000e-01 7.50000000000000000000e-01 1.00000000000000000000e+00 
layer_sizes=13 4 2 
scale_included=0
neurons (num_inputs, activation_function, activation_steepness)=(0, 0, 0.00000000000000000000e+00) (0, 0, 0.00000000000000000000e+00) (0, 0, 0.00000000000000000000e+00) (0, 0, 0.00000000000000000000e+00) (0, 0, 0.00000000000000000000e+00) (0, 0, 0.00000000000000000000e+00) (0, 0, 0.00000000000000000000e+00) (0, 0, 0.00000000000000000000e+00) (0, 0, 0.00000000000000000000e+00) (0, 0, 0.00000000000000000000e+00) (0, 0, 0.00000000000000000000e+00) (0, 0, 0.00000000000000000000e+00) (0, 0, 0.00000000000000000000e+00) (13, 6, 5.00000000000000000000e-01) (13, 6, 5.00000000000000000000e-01) (13, 6, 5.00000000000000000000e-01) (0, 6, 0.00000000000000000000e+00) (4, 4, 5.00000000000000000000e-01) (0, 4, 0.00000000000000000000e+00) 
connections (connected_to_neuron, weight)=(0, 2.25946856663208350824e+00) (1, 2.93085895541175034396e+00) (2, 3.55910457295817694856e+00) (3, 3.10146791212816541616e+00) (4, 1.78887339614171692048e-01) (5, 2.12336478172434883760e+00) (6, 2.33719057938286400855e+00) (7, 7.96997927288540908286e-01) (8, 2.87753815601843987437e-01) (9, 3.29843001789765866150e+00) (10, 3.81723799847434897003e+00) (11, 2.50262411681748941916e+00) (12, -3.21260635011146034046e+00) (0, 1.03027466693023006528e+00) (1, 1.58922176834884210095e+00) (2, 2.82742679724880874303e+00) (3, 1.07013643751284472927e+01) (4, 1.15134783223642123140e+00) (5, 8.89372299646740849255e+00) (6, 3.82199821231602543392e+00) (7, -7.22946434519687830544e+00) (8, -1.51192556872412198210e+00) (9, 1.54544485138294440674e+00) (10, 1.96420543946077730268e+00) (11, -2.11292782703916692810e+00) (12, 4.06805268357904736831e+00) (0, 9.21145735749708016726e+00) (1, 3.21129623788235507575e-01) (2, 9.79053101916093626578e-02) (3, -1.67413565335768410591e+00) (4, 6.57823746712798129721e+00) (5, 1.83670805641721202051e+00) (6, -1.13218118661672839664e+00) (7, -6.14828891183581971447e-01) (8, 1.35605359126300495376e+00) (9, -4.44128123954855014155e-01) (10, 6.16446401334870608402e-01) (11, 1.39354462808665768847e+00) (12, -3.31806161391644094394e+00) (13, 1.87933274341324505485e+01) (14, -8.87023189535287137630e+00) (15, 1.47412766962162695705e+01) (16, -1.51829638557487589523e+00) 
