FANN_FLO_2.1
num_layers=3
learning_rate=0.700000
connection_rate=1.000000
network_type=0
learning_momentum=0.000000
training_algorithm=2
train_error_function=1
train_stop_function=1
cascade_output_change_fraction=0.010000
quickprop_decay=-0.000100
quickprop_mu=1.750000
rprop_increase_factor=1.200000
rprop_decrease_factor=0.500000
rprop_delta_min=0.000000
rprop_delta_max=50.000000
rprop_delta_zero=0.100000
cascade_output_stagnation_epochs=12
cascade_candidate_change_fraction=0.010000
cascade_candidate_stagnation_epochs=12
cascade_max_out_epochs=150
cascade_min_out_epochs=50
cascade_max_cand_epochs=150
cascade_min_cand_epochs=50
cascade_num_candidate_groups=2
bit_fail_limit=1.00000000000000005551e-01
cascade_candidate_limit=1.00000000000000000000e+03
cascade_weight_multiplier=4.00000000000000022204e-01
cascade_activation_functions_count=10
cascade_activation_functions=3 5 7 8 10 11 14 15 16 17 
cascade_activation_steepnesses_count=4
cascade_activation_steepnesses=2.50000000000000000000e-01 5.00000000000000000000e-01 7.50000000000000000000e-01 1.00000000000000000000e+00 
layer_sizes=9 4 2 
scale_included=0
neurons (num_inputs, activation_function, activation_steepness)=(0, 0, 0.00000000000000000000e+00) (0, 0, 0.00000000000000000000e+00) (0, 0, 0.00000000000000000000e+00) (0, 0, 0.00000000000000000000e+00) (0, 0, 0.00000000000000000000e+00) (0, 0, 0.00000000000000000000e+00) (0, 0, 0.00000000000000000000e+00) (0, 0, 0.00000000000000000000e+00) (0, 0, 0.00000000000000000000e+00) (9, 6, 5.00000000000000000000e-01) (9, 6, 5.00000000000000000000e-01) (9, 6, 5.00000000000000000000e-01) (0, 6, 0.00000000000000000000e+00) (4, 4, 5.00000000000000000000e-01) (0, 4, 0.00000000000000000000e+00) 
connections (connected_to_neuron, weight)=(0, 1.93004704925500836232e+00) (1, -3.22132005311633529132e+00) (2, -1.92235093885007324310e+00) (3, 1.05355780262722542595e+00) (4, 1.37105424241387363615e+00) (5, 1.09815101901829165199e-01) (6, 2.36974231574091165342e+00) (7, 1.35139360783363415841e+00) (8, 2.23327780583042612150e+00) (0, 2.56318289423247369641e+00) (1, -2.73236814986162146468e+00) (2, -2.01541124418254202766e+00) (3, 5.78576119517408282711e-01) (4, 2.87624537134945679195e-01) (5, -8.14889485524299073127e-01) (6, 8.80896368236595783685e-01) (7, 1.03684818749779106284e+00) (8, 2.65043303752204062462e+00) (0, -1.75427518239707791459e+00) (1, 1.31971306002423949266e+00) (2, 3.61399269638957187922e+00) (3, -7.78902284784221299319e-01) (4, -5.81128501190544377586e-01) (5, -4.52991021611630906296e-02) (6, -7.95307920760050857112e-01) (7, -5.77590876116157780906e-01) (8, -1.70135916763966266174e+00) (9, -3.42068089664205032818e+00) (10, -5.12938917564282803596e+00) (11, 7.78915672453947394160e+00) (12, -1.92145440433328795748e+00) 
