FANN_FLO_2.1
num_layers=3
learning_rate=0.700000
connection_rate=1.000000
network_type=0
learning_momentum=0.000000
training_algorithm=2
train_error_function=1
train_stop_function=1
cascade_output_change_fraction=0.010000
quickprop_decay=-0.000100
quickprop_mu=1.750000
rprop_increase_factor=1.200000
rprop_decrease_factor=0.500000
rprop_delta_min=0.000000
rprop_delta_max=50.000000
rprop_delta_zero=0.100000
cascade_output_stagnation_epochs=12
cascade_candidate_change_fraction=0.010000
cascade_candidate_stagnation_epochs=12
cascade_max_out_epochs=150
cascade_min_out_epochs=50
cascade_max_cand_epochs=150
cascade_min_cand_epochs=50
cascade_num_candidate_groups=2
bit_fail_limit=1.00000000000000005551e-01
cascade_candidate_limit=1.00000000000000000000e+03
cascade_weight_multiplier=4.00000000000000022204e-01
cascade_activation_functions_count=10
cascade_activation_functions=3 5 7 8 10 11 14 15 16 17 
cascade_activation_steepnesses_count=4
cascade_activation_steepnesses=2.50000000000000000000e-01 5.00000000000000000000e-01 7.50000000000000000000e-01 1.00000000000000000000e+00 
layer_sizes=13 4 2 
scale_included=0
neurons (num_inputs, activation_function, activation_steepness)=(0, 0, 0.00000000000000000000e+00) (0, 0, 0.00000000000000000000e+00) (0, 0, 0.00000000000000000000e+00) (0, 0, 0.00000000000000000000e+00) (0, 0, 0.00000000000000000000e+00) (0, 0, 0.00000000000000000000e+00) (0, 0, 0.00000000000000000000e+00) (0, 0, 0.00000000000000000000e+00) (0, 0, 0.00000000000000000000e+00) (0, 0, 0.00000000000000000000e+00) (0, 0, 0.00000000000000000000e+00) (0, 0, 0.00000000000000000000e+00) (0, 0, 0.00000000000000000000e+00) (13, 6, 5.00000000000000000000e-01) (13, 6, 5.00000000000000000000e-01) (13, 6, 5.00000000000000000000e-01) (0, 6, 0.00000000000000000000e+00) (4, 4, 5.00000000000000000000e-01) (0, 4, 0.00000000000000000000e+00) 
connections (connected_to_neuron, weight)=(0, -1.52832543338589377235e+00) (1, 1.98567385567326160078e+00) (2, 3.03149201775403120962e+00) (3, -2.24077902744677925906e-01) (4, 1.67814055511779391949e+00) (5, 1.84056164442044090102e+00) (6, 1.91890191794738496078e+00) (7, -1.01107804416570701278e+00) (8, 8.34018150745570396865e-01) (9, 9.49915043789742896685e-01) (10, -1.03102524272579398890e+00) (11, -3.65966764844051106742e-01) (12, -2.15851597859583410610e+00) (0, 1.86674780169849152678e+00) (1, -4.13566973838148577158e+00) (2, -3.48548411685671677418e+00) (3, -5.73741864047536576088e-01) (4, -3.78339825824778497321e+00) (5, -2.21229234627597204366e+00) (6, -1.88838741787068276068e+00) (7, 1.22633731646797206061e+00) (8, -2.54487418686181987582e+00) (9, -4.40693724882942450272e-01) (10, 1.73488459933831884463e+00) (11, 8.44848985172430566593e-01) (12, 4.48144435287350706432e+00) (0, 1.93699543694381470793e+00) (1, -4.17682032692370874827e+00) (2, -3.59945467222180237599e+00) (3, -2.82396709053658878652e-03) (4, -3.73929873363058984381e+00) (5, -2.26788818008415571370e+00) (6, -1.93121180169574646612e+00) (7, 4.90488008157117183483e-01) (8, -1.16516561870116608368e+00) (9, -5.64648471755129222061e-01) (10, 1.78184873063399984439e+00) (11, 8.50865880347410730167e-01) (12, 4.46533040107125334117e+00) (13, 7.96236303521013599749e+00) (14, -4.36375387492841326775e+00) (15, -4.44014010313218676629e+00) (16, -1.00948688398319563753e+00) 
