FANN_FLO_2.1
num_layers=3
learning_rate=0.700000
connection_rate=1.000000
network_type=0
learning_momentum=0.000000
training_algorithm=2
train_error_function=1
train_stop_function=1
cascade_output_change_fraction=0.010000
quickprop_decay=-0.000100
quickprop_mu=1.750000
rprop_increase_factor=1.200000
rprop_decrease_factor=0.500000
rprop_delta_min=0.000000
rprop_delta_max=50.000000
rprop_delta_zero=0.100000
cascade_output_stagnation_epochs=12
cascade_candidate_change_fraction=0.010000
cascade_candidate_stagnation_epochs=12
cascade_max_out_epochs=150
cascade_min_out_epochs=50
cascade_max_cand_epochs=150
cascade_min_cand_epochs=50
cascade_num_candidate_groups=2
bit_fail_limit=1.00000000000000005551e-01
cascade_candidate_limit=1.00000000000000000000e+03
cascade_weight_multiplier=4.00000000000000022204e-01
cascade_activation_functions_count=10
cascade_activation_functions=3 5 7 8 10 11 14 15 16 17 
cascade_activation_steepnesses_count=4
cascade_activation_steepnesses=2.50000000000000000000e-01 5.00000000000000000000e-01 7.50000000000000000000e-01 1.00000000000000000000e+00 
layer_sizes=12 4 2 
scale_included=0
neurons (num_inputs, activation_function, activation_steepness)=(0, 0, 0.00000000000000000000e+00) (0, 0, 0.00000000000000000000e+00) (0, 0, 0.00000000000000000000e+00) (0, 0, 0.00000000000000000000e+00) (0, 0, 0.00000000000000000000e+00) (0, 0, 0.00000000000000000000e+00) (0, 0, 0.00000000000000000000e+00) (0, 0, 0.00000000000000000000e+00) (0, 0, 0.00000000000000000000e+00) (0, 0, 0.00000000000000000000e+00) (0, 0, 0.00000000000000000000e+00) (0, 0, 0.00000000000000000000e+00) (12, 6, 5.00000000000000000000e-01) (12, 6, 5.00000000000000000000e-01) (12, 6, 5.00000000000000000000e-01) (0, 6, 0.00000000000000000000e+00) (4, 4, 5.00000000000000000000e-01) (0, 4, 0.00000000000000000000e+00) 
connections (connected_to_neuron, weight)=(0, -8.36617962279358334809e-02) (1, 5.33571653881407703679e-01) (2, 1.36501444030892726822e+00) (3, 2.54141833447062781559e+00) (4, 1.52226987935906432625e+00) (5, 3.33096663836231865474e+00) (6, 8.18546435326357069151e-01) (7, -2.97893013283705265781e-01) (8, 2.40362306224880617478e+00) (9, 1.05018639593666840426e+00) (10, 2.52366199544905756014e+00) (11, -1.71919594863769220616e+00) (0, -5.86009743378186342966e-02) (1, -6.84909824257623478516e-01) (2, 7.80844646287174981580e-01) (3, 1.49791941547028439885e+01) (4, 1.98642414889269280920e+00) (5, 6.29264540634051705581e+00) (6, 1.11124799691577553773e+01) (7, -2.38291239239183205711e+00) (8, 4.48007134144143304155e+00) (9, 1.01361732600293041884e+00) (10, 3.77858341779228457114e+00) (11, -4.29831942398187560883e-01) (0, 1.05706198015043550953e+00) (1, -1.64245883711237361524e+00) (2, 1.68581600572904555246e-01) (3, -2.71621938770425619403e-01) (4, -1.38197426057967165391e+00) (5, 8.73771643137476461405e-01) (6, -3.96954639366354222751e-01) (7, -3.64582223452381670725e+00) (8, -2.35830084904845804772e-01) (9, 3.42827665705178918909e-01) (10, -1.15341243684823013815e+00) (11, 1.18564614023997538794e+00) (12, 1.13954152019686216768e+00) (13, 1.29596309652209153995e+01) (14, -1.91002722860921601011e+01) (15, -1.09569690781447750538e+01) 
