FANN_FLO_2.1
num_layers=3
learning_rate=0.700000
connection_rate=1.000000
network_type=0
learning_momentum=0.000000
training_algorithm=2
train_error_function=1
train_stop_function=1
cascade_output_change_fraction=0.010000
quickprop_decay=-0.000100
quickprop_mu=1.750000
rprop_increase_factor=1.200000
rprop_decrease_factor=0.500000
rprop_delta_min=0.000000
rprop_delta_max=50.000000
rprop_delta_zero=0.100000
cascade_output_stagnation_epochs=12
cascade_candidate_change_fraction=0.010000
cascade_candidate_stagnation_epochs=12
cascade_max_out_epochs=150
cascade_min_out_epochs=50
cascade_max_cand_epochs=150
cascade_min_cand_epochs=50
cascade_num_candidate_groups=2
bit_fail_limit=1.00000000000000005551e-01
cascade_candidate_limit=1.00000000000000000000e+03
cascade_weight_multiplier=4.00000000000000022204e-01
cascade_activation_functions_count=10
cascade_activation_functions=3 5 7 8 10 11 14 15 16 17 
cascade_activation_steepnesses_count=4
cascade_activation_steepnesses=2.50000000000000000000e-01 5.00000000000000000000e-01 7.50000000000000000000e-01 1.00000000000000000000e+00 
layer_sizes=14 4 2 
scale_included=0
neurons (num_inputs, activation_function, activation_steepness)=(0, 0, 0.00000000000000000000e+00) (0, 0, 0.00000000000000000000e+00) (0, 0, 0.00000000000000000000e+00) (0, 0, 0.00000000000000000000e+00) (0, 0, 0.00000000000000000000e+00) (0, 0, 0.00000000000000000000e+00) (0, 0, 0.00000000000000000000e+00) (0, 0, 0.00000000000000000000e+00) (0, 0, 0.00000000000000000000e+00) (0, 0, 0.00000000000000000000e+00) (0, 0, 0.00000000000000000000e+00) (0, 0, 0.00000000000000000000e+00) (0, 0, 0.00000000000000000000e+00) (0, 0, 0.00000000000000000000e+00) (14, 6, 5.00000000000000000000e-01) (14, 6, 5.00000000000000000000e-01) (14, 6, 5.00000000000000000000e-01) (0, 6, 0.00000000000000000000e+00) (4, 4, 5.00000000000000000000e-01) (0, 4, 0.00000000000000000000e+00) 
connections (connected_to_neuron, weight)=(0, -1.40322944962211343389e-01) (1, 4.98025983674556915748e-01) (2, -3.51225895288380454695e-02) (3, 2.04223824637424639095e-02) (4, -1.77201626248634835914e-01) (5, -5.33375731421735332916e-01) (6, 4.86940308002088595440e-01) (7, -4.64434769883766349063e-02) (8, 1.44371296303442531173e-01) (9, -6.45336315434885898767e-01) (10, 3.87784507932189409507e-02) (11, 3.37711335641526000373e-01) (12, 5.67336262110946717985e-02) (13, -1.95110991686056362004e-01) (0, -4.54143465428095804981e+00) (1, 2.28879326578411212978e+00) (2, 8.40239326321154389454e-01) (3, -9.33299836482805789117e-01) (4, 8.17395097507360945954e-01) (5, 1.59712722550130670207e+00) (6, 2.22675152054306879634e+00) (7, -1.66172363453575289149e+00) (8, -5.83602304425803186660e-01) (9, 9.20665295004092110176e-01) (10, 1.15811021706477257354e+00) (11, 2.26660855673649930253e+00) (12, -1.00613344354011396975e-01) (13, -1.30584315814008422585e+00) (0, -8.62704024973618310845e-01) (1, 6.57816741809483462866e-01) (2, 4.16478541345684183383e-01) (3, -7.29962535527751255060e-01) (4, 4.00105256316251878257e-01) (5, 5.29740425285898819396e-01) (6, 6.15274769307646351990e-01) (7, -5.09556968365445617231e-01) (8, -1.12078985145653661770e-01) (9, 5.94532234043391061284e-01) (10, 1.34619081884518454473e+00) (11, 3.96780231629042023922e-01) (12, 9.51486248527469019587e-02) (13, -1.17409031750376063874e-01) (14, -1.23525671208932430467e+00) (15, 3.02084203523007133185e+01) (16, 4.33576727744579581980e+00) (17, -1.28406106995325042242e+00) 
