FANN_FLO_2.1
num_layers=3
learning_rate=0.700000
connection_rate=1.000000
network_type=0
learning_momentum=0.000000
training_algorithm=2
train_error_function=1
train_stop_function=1
cascade_output_change_fraction=0.010000
quickprop_decay=-0.000100
quickprop_mu=1.750000
rprop_increase_factor=1.200000
rprop_decrease_factor=0.500000
rprop_delta_min=0.000000
rprop_delta_max=50.000000
rprop_delta_zero=0.100000
cascade_output_stagnation_epochs=12
cascade_candidate_change_fraction=0.010000
cascade_candidate_stagnation_epochs=12
cascade_max_out_epochs=150
cascade_min_out_epochs=50
cascade_max_cand_epochs=150
cascade_min_cand_epochs=50
cascade_num_candidate_groups=2
bit_fail_limit=1.00000000000000005551e-01
cascade_candidate_limit=1.00000000000000000000e+03
cascade_weight_multiplier=4.00000000000000022204e-01
cascade_activation_functions_count=10
cascade_activation_functions=3 5 7 8 10 11 14 15 16 17 
cascade_activation_steepnesses_count=4
cascade_activation_steepnesses=2.50000000000000000000e-01 5.00000000000000000000e-01 7.50000000000000000000e-01 1.00000000000000000000e+00 
layer_sizes=6 4 2 
scale_included=0
neurons (num_inputs, activation_function, activation_steepness)=(0, 0, 0.00000000000000000000e+00) (0, 0, 0.00000000000000000000e+00) (0, 0, 0.00000000000000000000e+00) (0, 0, 0.00000000000000000000e+00) (0, 0, 0.00000000000000000000e+00) (0, 0, 0.00000000000000000000e+00) (6, 6, 5.00000000000000000000e-01) (6, 6, 5.00000000000000000000e-01) (6, 6, 5.00000000000000000000e-01) (0, 6, 0.00000000000000000000e+00) (4, 4, 5.00000000000000000000e-01) (0, 4, 0.00000000000000000000e+00) 
connections (connected_to_neuron, weight)=(0, -1.36548157159115751691e-01) (1, 2.80695972130450099868e+00) (2, 4.19975534375889192340e-01) (3, -2.34995360795285213040e-01) (4, -7.69908310210961899234e-02) (5, -1.51872775001671977968e+00) (0, 9.66474906219276341801e-01) (1, -2.44302449551397149463e+00) (2, -2.42522970008143157195e-01) (3, 8.23287048054965886479e-01) (4, 4.94084490476374149637e-01) (5, 1.43407228319263335692e+00) (0, 2.11928948544334444515e-01) (1, 4.15496498124114821415e-01) (2, 1.94409253459138425812e-01) (3, 1.77352681540321382991e-01) (4, 4.25189658398294090258e-01) (5, 1.98451911829733429471e-01) (6, 6.38419123225957552137e+00) (7, -9.79975847219896678553e+00) (8, 3.63607718939447044360e-01) (9, -9.64302846536577384917e-01) 
