FANN_FLO_2.1
num_layers=3
learning_rate=0.700000
connection_rate=1.000000
network_type=0
learning_momentum=0.000000
training_algorithm=2
train_error_function=1
train_stop_function=1
cascade_output_change_fraction=0.010000
quickprop_decay=-0.000100
quickprop_mu=1.750000
rprop_increase_factor=1.200000
rprop_decrease_factor=0.500000
rprop_delta_min=0.000000
rprop_delta_max=50.000000
rprop_delta_zero=0.100000
cascade_output_stagnation_epochs=12
cascade_candidate_change_fraction=0.010000
cascade_candidate_stagnation_epochs=12
cascade_max_out_epochs=150
cascade_min_out_epochs=50
cascade_max_cand_epochs=150
cascade_min_cand_epochs=50
cascade_num_candidate_groups=2
bit_fail_limit=1.00000000000000005551e-01
cascade_candidate_limit=1.00000000000000000000e+03
cascade_weight_multiplier=4.00000000000000022204e-01
cascade_activation_functions_count=10
cascade_activation_functions=3 5 7 8 10 11 14 15 16 17 
cascade_activation_steepnesses_count=4
cascade_activation_steepnesses=2.50000000000000000000e-01 5.00000000000000000000e-01 7.50000000000000000000e-01 1.00000000000000000000e+00 
layer_sizes=13 4 2 
scale_included=0
neurons (num_inputs, activation_function, activation_steepness)=(0, 0, 0.00000000000000000000e+00) (0, 0, 0.00000000000000000000e+00) (0, 0, 0.00000000000000000000e+00) (0, 0, 0.00000000000000000000e+00) (0, 0, 0.00000000000000000000e+00) (0, 0, 0.00000000000000000000e+00) (0, 0, 0.00000000000000000000e+00) (0, 0, 0.00000000000000000000e+00) (0, 0, 0.00000000000000000000e+00) (0, 0, 0.00000000000000000000e+00) (0, 0, 0.00000000000000000000e+00) (0, 0, 0.00000000000000000000e+00) (0, 0, 0.00000000000000000000e+00) (13, 6, 5.00000000000000000000e-01) (13, 6, 5.00000000000000000000e-01) (13, 6, 5.00000000000000000000e-01) (0, 6, 0.00000000000000000000e+00) (4, 4, 5.00000000000000000000e-01) (0, 4, 0.00000000000000000000e+00) 
connections (connected_to_neuron, weight)=(0, -1.28501293025335772136e+00) (1, 1.54109667296220731458e+00) (2, 1.67787007042336222540e+00) (3, 1.65940219680096867627e+00) (4, 8.75137941399204422055e-01) (5, -1.77105517893068364899e+00) (6, 1.40105645014014523753e+00) (7, 1.98675670317693753297e+00) (8, -9.22914401940118089840e-01) (9, 1.54778768166316305077e+00) (10, -1.90846992924015923521e+00) (11, 1.25098257753115316149e+00) (12, -7.23221150169957027742e-01) (0, 5.25603536957684536191e+00) (1, -5.11086544326316882803e+00) (2, -4.05883726067510242075e+00) (3, -3.08497559651945696402e+00) (4, -2.93227201763656042388e+00) (5, 2.21229750033438143930e+00) (6, -3.77284704042201513019e+00) (7, -4.97342269514022650156e+00) (8, 3.64812402280835135215e+00) (9, -7.11648452041444290472e+00) (10, 4.69539211755080199140e+00) (11, -5.60095485314704522040e+00) (12, 5.40507501059952755185e+00) (0, 5.29144866310625461292e-02) (1, 3.84904391122921074597e-01) (2, 6.33372851754426924309e-01) (3, 9.99027089826307057585e-01) (4, 2.82427663920179528034e+00) (5, -5.12915715429527407920e-01) (6, 4.14027933177781359841e-01) (7, 2.25444456802897486014e-01) (8, 3.76748011534162596803e-02) (9, 7.96692390051112919735e-01) (10, -3.26977574049506780618e-01) (11, 6.80879197232111277316e+00) (12, 2.68029285513429506305e-02) (13, 1.62673159021858282358e+00) (14, -8.27876048633266314880e+00) (15, 7.16905480124276905940e-01) (16, -1.59569895749282952835e+00) 
