FANN_FLO_2.1
num_layers=3
learning_rate=0.700000
connection_rate=1.000000
network_type=0
learning_momentum=0.000000
training_algorithm=2
train_error_function=1
train_stop_function=1
cascade_output_change_fraction=0.010000
quickprop_decay=-0.000100
quickprop_mu=1.750000
rprop_increase_factor=1.200000
rprop_decrease_factor=0.500000
rprop_delta_min=0.000000
rprop_delta_max=50.000000
rprop_delta_zero=0.100000
cascade_output_stagnation_epochs=12
cascade_candidate_change_fraction=0.010000
cascade_candidate_stagnation_epochs=12
cascade_max_out_epochs=150
cascade_min_out_epochs=50
cascade_max_cand_epochs=150
cascade_min_cand_epochs=50
cascade_num_candidate_groups=2
bit_fail_limit=1.00000000000000005551e-01
cascade_candidate_limit=1.00000000000000000000e+03
cascade_weight_multiplier=4.00000000000000022204e-01
cascade_activation_functions_count=10
cascade_activation_functions=3 5 7 8 10 11 14 15 16 17 
cascade_activation_steepnesses_count=4
cascade_activation_steepnesses=2.50000000000000000000e-01 5.00000000000000000000e-01 7.50000000000000000000e-01 1.00000000000000000000e+00 
layer_sizes=18 4 2 
scale_included=0
neurons (num_inputs, activation_function, activation_steepness)=(0, 0, 0.00000000000000000000e+00) (0, 0, 0.00000000000000000000e+00) (0, 0, 0.00000000000000000000e+00) (0, 0, 0.00000000000000000000e+00) (0, 0, 0.00000000000000000000e+00) (0, 0, 0.00000000000000000000e+00) (0, 0, 0.00000000000000000000e+00) (0, 0, 0.00000000000000000000e+00) (0, 0, 0.00000000000000000000e+00) (0, 0, 0.00000000000000000000e+00) (0, 0, 0.00000000000000000000e+00) (0, 0, 0.00000000000000000000e+00) (0, 0, 0.00000000000000000000e+00) (0, 0, 0.00000000000000000000e+00) (0, 0, 0.00000000000000000000e+00) (0, 0, 0.00000000000000000000e+00) (0, 0, 0.00000000000000000000e+00) (0, 0, 0.00000000000000000000e+00) (18, 6, 5.00000000000000000000e-01) (18, 6, 5.00000000000000000000e-01) (18, 6, 5.00000000000000000000e-01) (0, 6, 0.00000000000000000000e+00) (4, 4, 5.00000000000000000000e-01) (0, 4, 0.00000000000000000000e+00) 
connections (connected_to_neuron, weight)=(0, 1.69961875307677274805e+01) (1, -2.59711055366754040019e-01) (2, 1.07485690773370956563e+00) (3, -4.65945406941668593959e+00) (4, 2.14963092603150079940e-01) (5, -1.57843692686817904658e+00) (6, 1.14389276896177105591e+00) (7, 1.06346258360031642454e+00) (8, 4.43605610746465917060e+00) (9, 5.79577399069451382196e-01) (10, -1.57052581109065636511e+00) (11, -9.10216480665380391069e-03) (12, 7.31591455210026997413e-01) (13, 5.17017429833179220644e-01) (14, 1.14437774368475349007e+01) (15, 9.03911791910777751013e+00) (16, 1.07746218317695707789e+00) (17, -1.36987629618942574616e+00) (0, -3.35167387492076400690e+01) (1, 3.22593229679367388130e+00) (2, -1.74847696344835412674e+00) (3, -1.77341320849728525388e+01) (4, -2.68265067742219631697e+00) (5, -1.16322435949824424029e+02) (6, -2.00013177194468525499e+01) (7, -1.62827471654508237897e+00) (8, -4.09580656643323592903e+00) (9, 1.77092685009714045918e+01) (10, 3.01271294036684409434e+01) (11, 4.15045007828592389387e+01) (12, 2.68830542492110857733e-01) (13, 3.88361361189539389116e+00) (14, -1.01458355819334272496e+02) (15, -1.00991832662843066259e+02) (16, -1.53786650779917488663e+00) (17, -3.02469649994942690885e-01) (0, 1.17359730378734372636e+01) (1, 3.92528347512164255129e-01) (2, -8.19622525428363069011e+00) (3, 1.12754531470095749057e+01) (4, -2.66078865190910569538e+01) (5, 1.20212025971652387568e+01) (6, 2.76975482552789609159e+00) (7, -8.12252151949657985597e+00) (8, -5.33453244335222631634e+00) (9, 5.02776930925328713329e+00) (10, 1.21426659821091735836e+01) (11, 5.36217152946698849547e+00) (12, -7.11281281155194122778e-02) (13, -9.00730454153861326283e-01) (14, -2.49998398529920029532e+00) (15, 1.85961915082970330459e+00) (16, -8.21986684565876402075e+00) (17, -1.33857037080833984888e+00) (18, -2.62120101897135064917e+01) (19, 1.11211000888795581432e+01) (20, -1.59285461062381354935e+01) (21, -1.26593123380680561141e+00) 
