FANN_FLO_2.1
num_layers=3
learning_rate=0.700000
connection_rate=1.000000
network_type=0
learning_momentum=0.000000
training_algorithm=2
train_error_function=1
train_stop_function=1
cascade_output_change_fraction=0.010000
quickprop_decay=-0.000100
quickprop_mu=1.750000
rprop_increase_factor=1.200000
rprop_decrease_factor=0.500000
rprop_delta_min=0.000000
rprop_delta_max=50.000000
rprop_delta_zero=0.100000
cascade_output_stagnation_epochs=12
cascade_candidate_change_fraction=0.010000
cascade_candidate_stagnation_epochs=12
cascade_max_out_epochs=150
cascade_min_out_epochs=50
cascade_max_cand_epochs=150
cascade_min_cand_epochs=50
cascade_num_candidate_groups=2
bit_fail_limit=1.00000000000000005551e-01
cascade_candidate_limit=1.00000000000000000000e+03
cascade_weight_multiplier=4.00000000000000022204e-01
cascade_activation_functions_count=10
cascade_activation_functions=3 5 7 8 10 11 14 15 16 17 
cascade_activation_steepnesses_count=4
cascade_activation_steepnesses=2.50000000000000000000e-01 5.00000000000000000000e-01 7.50000000000000000000e-01 1.00000000000000000000e+00 
layer_sizes=12 4 2 
scale_included=0
neurons (num_inputs, activation_function, activation_steepness)=(0, 0, 0.00000000000000000000e+00) (0, 0, 0.00000000000000000000e+00) (0, 0, 0.00000000000000000000e+00) (0, 0, 0.00000000000000000000e+00) (0, 0, 0.00000000000000000000e+00) (0, 0, 0.00000000000000000000e+00) (0, 0, 0.00000000000000000000e+00) (0, 0, 0.00000000000000000000e+00) (0, 0, 0.00000000000000000000e+00) (0, 0, 0.00000000000000000000e+00) (0, 0, 0.00000000000000000000e+00) (0, 0, 0.00000000000000000000e+00) (12, 6, 5.00000000000000000000e-01) (12, 6, 5.00000000000000000000e-01) (12, 6, 5.00000000000000000000e-01) (0, 6, 0.00000000000000000000e+00) (4, 4, 5.00000000000000000000e-01) (0, 4, 0.00000000000000000000e+00) 
connections (connected_to_neuron, weight)=(0, 3.76533662373313449123e+00) (1, -3.14043462045967292084e+00) (2, -1.02709535767761694913e+00) (3, -2.85907344716733247125e+00) (4, 3.77410336403973323272e+00) (5, -3.17360290662410227114e+00) (6, 5.13215186432240511039e-01) (7, -1.22515555020802069386e+00) (8, 2.84002044500883288336e-01) (9, 1.44819234884058856139e+00) (10, 3.02155962117817633583e+00) (11, 1.65161521984761816562e+00) (0, 1.22607204891075283193e+00) (1, 2.42665404163625986200e+00) (2, -7.03262293016039818916e-01) (3, 2.60893853311827372821e+00) (4, 1.50290546534810531831e+00) (5, 2.49195354495432663811e+00) (6, 2.77065879365124501099e-01) (7, -2.30933788602820738722e-01) (8, 1.47488571570678494993e+00) (9, -1.51333852722193573648e+00) (10, 3.68095395339461894935e+00) (11, -3.72165933890010292018e+00) (0, 1.21244596405408096018e+01) (1, 1.65708680150104759043e+00) (2, -3.63725967845278619350e+00) (3, 1.59655421796151775204e+00) (4, 6.25608983237324078885e+00) (5, 1.28051515392825043804e+00) (6, 5.19684793128567257270e+00) (7, -2.39812157265596237465e+00) (8, 3.35349771832006737782e+00) (9, 2.27742358729866367639e+00) (10, -4.55653589419505600233e+00) (11, 9.21820518017768958385e-02) (12, -7.98631886417077385687e+00) (13, 1.70698503455619530200e+01) (14, 1.21483940694477450251e+01) (15, -3.61277788494257678931e-01) 
