FANN_FLO_2.1
num_layers=3
learning_rate=0.700000
connection_rate=1.000000
network_type=0
learning_momentum=0.000000
training_algorithm=2
train_error_function=1
train_stop_function=1
cascade_output_change_fraction=0.010000
quickprop_decay=-0.000100
quickprop_mu=1.750000
rprop_increase_factor=1.200000
rprop_decrease_factor=0.500000
rprop_delta_min=0.000000
rprop_delta_max=50.000000
rprop_delta_zero=0.100000
cascade_output_stagnation_epochs=12
cascade_candidate_change_fraction=0.010000
cascade_candidate_stagnation_epochs=12
cascade_max_out_epochs=150
cascade_min_out_epochs=50
cascade_max_cand_epochs=150
cascade_min_cand_epochs=50
cascade_num_candidate_groups=2
bit_fail_limit=1.00000000000000005551e-01
cascade_candidate_limit=1.00000000000000000000e+03
cascade_weight_multiplier=4.00000000000000022204e-01
cascade_activation_functions_count=10
cascade_activation_functions=3 5 7 8 10 11 14 15 16 17 
cascade_activation_steepnesses_count=4
cascade_activation_steepnesses=2.50000000000000000000e-01 5.00000000000000000000e-01 7.50000000000000000000e-01 1.00000000000000000000e+00 
layer_sizes=11 4 2 
scale_included=0
neurons (num_inputs, activation_function, activation_steepness)=(0, 0, 0.00000000000000000000e+00) (0, 0, 0.00000000000000000000e+00) (0, 0, 0.00000000000000000000e+00) (0, 0, 0.00000000000000000000e+00) (0, 0, 0.00000000000000000000e+00) (0, 0, 0.00000000000000000000e+00) (0, 0, 0.00000000000000000000e+00) (0, 0, 0.00000000000000000000e+00) (0, 0, 0.00000000000000000000e+00) (0, 0, 0.00000000000000000000e+00) (0, 0, 0.00000000000000000000e+00) (11, 6, 5.00000000000000000000e-01) (11, 6, 5.00000000000000000000e-01) (11, 6, 5.00000000000000000000e-01) (0, 6, 0.00000000000000000000e+00) (4, 4, 5.00000000000000000000e-01) (0, 4, 0.00000000000000000000e+00) 
connections (connected_to_neuron, weight)=(0, -2.27285187514166642231e+00) (1, 2.31507195296539380891e+00) (2, 2.70479175922315739911e+00) (3, -1.00405348860865650806e+00) (4, -1.84857818194944539814e-01) (5, 1.78599512801669657591e+00) (6, 1.40318003726704154666e+00) (7, 2.32322056476487848187e+00) (8, -8.08271441406832824583e-01) (9, -6.72700648746957341473e-01) (10, -2.24879753039817620319e+00) (0, 2.94715814781344942475e+00) (1, 3.02244311177183977435e-01) (2, -3.65074966390869004584e-01) (3, 2.12708926416590005104e+00) (4, 9.26425118851160522837e-01) (5, -5.69489634040702297213e-01) (6, -5.27024200103980433596e-01) (7, -5.38861382839915359355e-01) (8, 2.01344911656794245403e+00) (9, 1.61093580212166842536e+00) (10, 4.63803289071292912382e+00) (0, -2.28164572091440964741e+00) (1, 2.26828922840608759870e+00) (2, 2.63346839797537990435e+00) (3, -8.77407469090280778268e-01) (4, -3.01018061944563153354e-01) (5, 1.69246848152183115843e+00) (6, 1.32044236791832525491e+00) (7, 2.40925910208835336590e+00) (8, -7.60228242523299346800e-01) (9, -6.66903951756228963177e-01) (10, -2.26038342909555245441e+00) (11, 7.27096240885613909199e+00) (12, -1.28361668859466848680e+00) (13, 7.26385921903012743428e+00) (14, -1.53198261440005101264e+00) 
