FANN_FLO_2.1
num_layers=3
learning_rate=0.700000
connection_rate=1.000000
network_type=0
learning_momentum=0.000000
training_algorithm=2
train_error_function=1
train_stop_function=1
cascade_output_change_fraction=0.010000
quickprop_decay=-0.000100
quickprop_mu=1.750000
rprop_increase_factor=1.200000
rprop_decrease_factor=0.500000
rprop_delta_min=0.000000
rprop_delta_max=50.000000
rprop_delta_zero=0.100000
cascade_output_stagnation_epochs=12
cascade_candidate_change_fraction=0.010000
cascade_candidate_stagnation_epochs=12
cascade_max_out_epochs=150
cascade_min_out_epochs=50
cascade_max_cand_epochs=150
cascade_min_cand_epochs=50
cascade_num_candidate_groups=2
bit_fail_limit=1.00000000000000005551e-01
cascade_candidate_limit=1.00000000000000000000e+03
cascade_weight_multiplier=4.00000000000000022204e-01
cascade_activation_functions_count=10
cascade_activation_functions=3 5 7 8 10 11 14 15 16 17 
cascade_activation_steepnesses_count=4
cascade_activation_steepnesses=2.50000000000000000000e-01 5.00000000000000000000e-01 7.50000000000000000000e-01 1.00000000000000000000e+00 
layer_sizes=17 4 2 
scale_included=0
neurons (num_inputs, activation_function, activation_steepness)=(0, 0, 0.00000000000000000000e+00) (0, 0, 0.00000000000000000000e+00) (0, 0, 0.00000000000000000000e+00) (0, 0, 0.00000000000000000000e+00) (0, 0, 0.00000000000000000000e+00) (0, 0, 0.00000000000000000000e+00) (0, 0, 0.00000000000000000000e+00) (0, 0, 0.00000000000000000000e+00) (0, 0, 0.00000000000000000000e+00) (0, 0, 0.00000000000000000000e+00) (0, 0, 0.00000000000000000000e+00) (0, 0, 0.00000000000000000000e+00) (0, 0, 0.00000000000000000000e+00) (0, 0, 0.00000000000000000000e+00) (0, 0, 0.00000000000000000000e+00) (0, 0, 0.00000000000000000000e+00) (0, 0, 0.00000000000000000000e+00) (17, 6, 5.00000000000000000000e-01) (17, 6, 5.00000000000000000000e-01) (17, 6, 5.00000000000000000000e-01) (0, 6, 0.00000000000000000000e+00) (4, 4, 5.00000000000000000000e-01) (0, 4, 0.00000000000000000000e+00) 
connections (connected_to_neuron, weight)=(0, 1.76801458070168449055e+00) (1, -1.14934367510563761883e+00) (2, -1.20678768973120620345e+00) (3, -2.90682997744807825047e-01) (4, 1.27104867492335182888e-01) (5, -7.97915946000349540768e-01) (6, -1.16217117133660807760e+00) (7, -8.57914537991039116704e-02) (8, -1.00035460258395908495e-01) (9, -1.27080455029156436098e+00) (10, -1.66233802178220563261e-01) (11, -1.22191934266577428847e-01) (12, -7.38937842899095920224e-01) (13, -1.09082407907184486540e+00) (14, -1.30941842963207522033e+00) (15, -1.31423015825524824862e+00) (16, 1.40987666539780165387e+00) (0, -7.36995320877981696661e-01) (1, 9.99141021305223531179e-01) (2, 6.26568229700028012097e-01) (3, 7.16365245461245025993e-01) (4, 4.47249291244887159369e-01) (5, 3.64110362074425442103e+00) (6, 1.35079007328530092957e-01) (7, 1.25213989481994536490e+00) (8, 5.61653077084516727524e-01) (9, 7.01932045744884769434e-01) (10, 1.13325676385802798229e+00) (11, 5.79934981941957916618e-01) (12, 3.64541539839556438807e+00) (13, 2.26106321051480728401e-02) (14, 9.79014320976227536697e-01) (15, 8.44958514378453484639e-01) (16, -1.52438028029808752412e-02) (0, 1.88705847481379462849e+00) (1, -1.14494022923595339947e+00) (2, -1.14896117816933585054e+00) (3, -3.02338246446380243260e-01) (4, 9.51010475498608176537e-02) (5, -7.30678412371408847470e-01) (6, -1.23367431136889948995e+00) (7, -9.02233273590556938970e-02) (8, 8.28318483701652730211e-02) (9, -1.08954927415273328251e+00) (10, -1.86963383343973395256e-02) (11, -8.38089868216616851182e-02) (12, -7.70569573395979312558e-01) (13, -1.10521660030421142729e+00) (14, -1.17415310885160062426e+00) (15, -1.29168945483937758212e+00) (16, 1.31182348571650053692e+00) (17, -3.25824090450777248407e+01) (18, 3.76948228993797762598e-01) (19, -3.26158945880605415368e+01) (20, -7.08252810438511293256e-01) 
