FANN_FLO_2.1
num_layers=3
learning_rate=0.700000
connection_rate=1.000000
network_type=0
learning_momentum=0.000000
training_algorithm=2
train_error_function=1
train_stop_function=1
cascade_output_change_fraction=0.010000
quickprop_decay=-0.000100
quickprop_mu=1.750000
rprop_increase_factor=1.200000
rprop_decrease_factor=0.500000
rprop_delta_min=0.000000
rprop_delta_max=50.000000
rprop_delta_zero=0.100000
cascade_output_stagnation_epochs=12
cascade_candidate_change_fraction=0.010000
cascade_candidate_stagnation_epochs=12
cascade_max_out_epochs=150
cascade_min_out_epochs=50
cascade_max_cand_epochs=150
cascade_min_cand_epochs=50
cascade_num_candidate_groups=2
bit_fail_limit=1.00000000000000005551e-01
cascade_candidate_limit=1.00000000000000000000e+03
cascade_weight_multiplier=4.00000000000000022204e-01
cascade_activation_functions_count=10
cascade_activation_functions=3 5 7 8 10 11 14 15 16 17 
cascade_activation_steepnesses_count=4
cascade_activation_steepnesses=2.50000000000000000000e-01 5.00000000000000000000e-01 7.50000000000000000000e-01 1.00000000000000000000e+00 
layer_sizes=8 4 2 
scale_included=0
neurons (num_inputs, activation_function, activation_steepness)=(0, 0, 0.00000000000000000000e+00) (0, 0, 0.00000000000000000000e+00) (0, 0, 0.00000000000000000000e+00) (0, 0, 0.00000000000000000000e+00) (0, 0, 0.00000000000000000000e+00) (0, 0, 0.00000000000000000000e+00) (0, 0, 0.00000000000000000000e+00) (0, 0, 0.00000000000000000000e+00) (8, 6, 5.00000000000000000000e-01) (8, 6, 5.00000000000000000000e-01) (8, 6, 5.00000000000000000000e-01) (0, 6, 0.00000000000000000000e+00) (4, 4, 5.00000000000000000000e-01) (0, 4, 0.00000000000000000000e+00) 
connections (connected_to_neuron, weight)=(0, -3.32338645412993782813e+00) (1, -1.74655146268740413262e+00) (2, -2.47558908753603290620e+00) (3, -1.84447205804303027143e+00) (4, -1.22241322386619533091e+00) (5, -1.32688247933928682443e+00) (6, -1.85316189154721699950e+00) (7, 3.21701590288495031800e+00) (0, 1.89304559805923000582e+00) (1, 2.32797164025891945016e+00) (2, 1.22990606771622190685e+00) (3, 1.00389211964161062518e-01) (4, 1.76653076585985724378e+00) (5, 1.72165702527839936664e+00) (6, 1.99800264967212454215e-01) (7, -4.25874120186276128308e-01) (0, -1.76580260595852012173e+00) (1, 8.82650458864135778470e+00) (2, -9.76589545842363371264e+00) (3, 1.79085476406141652639e+00) (4, 2.06245805700570317143e+00) (5, 1.69638588931220102296e+00) (6, 1.74077859717977490028e+00) (7, -1.59242372452382729975e+00) (8, -2.14819640911713740650e+01) (9, 1.96778264229138466490e+00) (10, 6.04174458107165257559e+00) (11, -1.46672596470804439406e+00) 
