FANN_FLO_2.1
num_layers=3
learning_rate=0.700000
connection_rate=1.000000
network_type=0
learning_momentum=0.000000
training_algorithm=2
train_error_function=1
train_stop_function=1
cascade_output_change_fraction=0.010000
quickprop_decay=-0.000100
quickprop_mu=1.750000
rprop_increase_factor=1.200000
rprop_decrease_factor=0.500000
rprop_delta_min=0.000000
rprop_delta_max=50.000000
rprop_delta_zero=0.100000
cascade_output_stagnation_epochs=12
cascade_candidate_change_fraction=0.010000
cascade_candidate_stagnation_epochs=12
cascade_max_out_epochs=150
cascade_min_out_epochs=50
cascade_max_cand_epochs=150
cascade_min_cand_epochs=50
cascade_num_candidate_groups=2
bit_fail_limit=1.00000000000000005551e-01
cascade_candidate_limit=1.00000000000000000000e+03
cascade_weight_multiplier=4.00000000000000022204e-01
cascade_activation_functions_count=10
cascade_activation_functions=3 5 7 8 10 11 14 15 16 17 
cascade_activation_steepnesses_count=4
cascade_activation_steepnesses=2.50000000000000000000e-01 5.00000000000000000000e-01 7.50000000000000000000e-01 1.00000000000000000000e+00 
layer_sizes=16 4 2 
scale_included=0
neurons (num_inputs, activation_function, activation_steepness)=(0, 0, 0.00000000000000000000e+00) (0, 0, 0.00000000000000000000e+00) (0, 0, 0.00000000000000000000e+00) (0, 0, 0.00000000000000000000e+00) (0, 0, 0.00000000000000000000e+00) (0, 0, 0.00000000000000000000e+00) (0, 0, 0.00000000000000000000e+00) (0, 0, 0.00000000000000000000e+00) (0, 0, 0.00000000000000000000e+00) (0, 0, 0.00000000000000000000e+00) (0, 0, 0.00000000000000000000e+00) (0, 0, 0.00000000000000000000e+00) (0, 0, 0.00000000000000000000e+00) (0, 0, 0.00000000000000000000e+00) (0, 0, 0.00000000000000000000e+00) (0, 0, 0.00000000000000000000e+00) (16, 6, 5.00000000000000000000e-01) (16, 6, 5.00000000000000000000e-01) (16, 6, 5.00000000000000000000e-01) (0, 6, 0.00000000000000000000e+00) (4, 4, 5.00000000000000000000e-01) (0, 4, 0.00000000000000000000e+00) 
connections (connected_to_neuron, weight)=(0, -3.34635528164416706787e+00) (1, 1.37952224337557627365e+00) (2, 2.19556547605040996984e+00) (3, 9.97933630780443864383e-02) (4, 8.86779946893311077361e-01) (5, -2.75159206576866743887e+00) (6, -8.90239063417596954153e-01) (7, -3.11895880774958722537e-01) (8, -2.97422316234954242642e-01) (9, 7.52469447536615554384e+00) (10, 1.44511818160615690410e+00) (11, 8.89496545166815422157e-01) (12, 1.80760176793726490274e+00) (13, 6.36568713860014900874e-01) (14, 4.66588467319568866998e+00) (15, -1.04754576297764634418e+00) (0, -1.33541184942422486159e+00) (1, 2.41526730183559834586e+00) (2, 1.28837906358020948261e+00) (3, 1.37582670143380353389e-01) (4, -4.27210734025846139428e-01) (5, -4.02092724031716475253e-01) (6, -3.79816836602002216861e-01) (7, -7.59439223607588781428e-02) (8, -6.90246770681926802293e-02) (9, 2.16172733369908032230e+00) (10, 5.68379891824967620195e-01) (11, 1.10195371112109419265e+00) (12, 7.46507382554133069874e-01) (13, 2.37562098477809124919e-01) (14, 2.07673951750312779652e+00) (15, -5.71439852008502002789e-01) (0, 2.83919035205783298892e+00) (1, -2.62164166458144975991e+00) (2, -1.11225794949786349619e+00) (3, 1.29895238986956185201e+00) (4, -3.71431621864203576067e+00) (5, 2.71493000964225794647e-01) (6, -9.43595679948828092165e-01) (7, 1.80580372338838945900e+00) (8, 1.44030816305386566434e+00) (9, -4.74945424857962983367e+00) (10, -8.72953358799732015427e-01) (11, -6.80848703019197309949e-01) (12, -2.80004908275665354012e+00) (13, -5.90385817020478320671e-01) (14, -5.51156818772380407978e+00) (15, 2.87194000492038181704e+00) (16, 3.54080121802750458215e+00) (17, 1.50411750871322702494e+00) (18, -3.01454350316363886009e+01) (19, -1.79245277193562446705e+00) 
