FANN_FLO_2.1
num_layers=3
learning_rate=0.700000
connection_rate=1.000000
network_type=0
learning_momentum=0.000000
training_algorithm=2
train_error_function=1
train_stop_function=1
cascade_output_change_fraction=0.010000
quickprop_decay=-0.000100
quickprop_mu=1.750000
rprop_increase_factor=1.200000
rprop_decrease_factor=0.500000
rprop_delta_min=0.000000
rprop_delta_max=50.000000
rprop_delta_zero=0.100000
cascade_output_stagnation_epochs=12
cascade_candidate_change_fraction=0.010000
cascade_candidate_stagnation_epochs=12
cascade_max_out_epochs=150
cascade_min_out_epochs=50
cascade_max_cand_epochs=150
cascade_min_cand_epochs=50
cascade_num_candidate_groups=2
bit_fail_limit=1.00000000000000005551e-01
cascade_candidate_limit=1.00000000000000000000e+03
cascade_weight_multiplier=4.00000000000000022204e-01
cascade_activation_functions_count=10
cascade_activation_functions=3 5 7 8 10 11 14 15 16 17 
cascade_activation_steepnesses_count=4
cascade_activation_steepnesses=2.50000000000000000000e-01 5.00000000000000000000e-01 7.50000000000000000000e-01 1.00000000000000000000e+00 
layer_sizes=8 4 2 
scale_included=0
neurons (num_inputs, activation_function, activation_steepness)=(0, 0, 0.00000000000000000000e+00) (0, 0, 0.00000000000000000000e+00) (0, 0, 0.00000000000000000000e+00) (0, 0, 0.00000000000000000000e+00) (0, 0, 0.00000000000000000000e+00) (0, 0, 0.00000000000000000000e+00) (0, 0, 0.00000000000000000000e+00) (0, 0, 0.00000000000000000000e+00) (8, 6, 5.00000000000000000000e-01) (8, 6, 5.00000000000000000000e-01) (8, 6, 5.00000000000000000000e-01) (0, 6, 0.00000000000000000000e+00) (4, 4, 5.00000000000000000000e-01) (0, 4, 0.00000000000000000000e+00) 
connections (connected_to_neuron, weight)=(0, -4.98817773451987278577e+00) (1, 2.19983831846836030977e+00) (2, 1.44025476941929575503e+00) (3, 9.25419807938137828351e-01) (4, -1.40741367618992974098e-01) (5, 3.12662588239111416399e-01) (6, -3.06463200586791106872e-01) (7, -1.02956607774190911364e+00) (0, 6.42270531262264832151e+00) (1, -3.50342430784923575260e+00) (2, -1.19307254303888363722e+01) (3, -3.56039249947022740095e-01) (4, 1.65719633044115466358e-02) (5, 7.10613852473203966298e-01) (6, 3.97781057010538141583e+00) (7, 6.72707750433259299427e+00) (0, -4.52749198182328349560e+00) (1, 2.27274194946690721864e+00) (2, 4.25508206267064148509e-01) (3, -5.71770941400880639005e-02) (4, -9.80157928071871964448e-02) (5, -1.65275857350577898286e-01) (6, -1.05262193889023025761e+00) (7, -1.17729880808847875429e+00) (8, 9.59593414025369639830e+00) (9, -1.31032463198302884244e+00) (10, 4.86601778474684554254e+00) (11, -1.45943359296195196428e+00) 
