FANN_FLO_2.1
num_layers=3
learning_rate=0.700000
connection_rate=1.000000
network_type=0
learning_momentum=0.000000
training_algorithm=2
train_error_function=1
train_stop_function=1
cascade_output_change_fraction=0.010000
quickprop_decay=-0.000100
quickprop_mu=1.750000
rprop_increase_factor=1.200000
rprop_decrease_factor=0.500000
rprop_delta_min=0.000000
rprop_delta_max=50.000000
rprop_delta_zero=0.100000
cascade_output_stagnation_epochs=12
cascade_candidate_change_fraction=0.010000
cascade_candidate_stagnation_epochs=12
cascade_max_out_epochs=150
cascade_min_out_epochs=50
cascade_max_cand_epochs=150
cascade_min_cand_epochs=50
cascade_num_candidate_groups=2
bit_fail_limit=1.00000000000000005551e-01
cascade_candidate_limit=1.00000000000000000000e+03
cascade_weight_multiplier=4.00000000000000022204e-01
cascade_activation_functions_count=10
cascade_activation_functions=3 5 7 8 10 11 14 15 16 17 
cascade_activation_steepnesses_count=4
cascade_activation_steepnesses=2.50000000000000000000e-01 5.00000000000000000000e-01 7.50000000000000000000e-01 1.00000000000000000000e+00 
layer_sizes=9 4 2 
scale_included=0
neurons (num_inputs, activation_function, activation_steepness)=(0, 0, 0.00000000000000000000e+00) (0, 0, 0.00000000000000000000e+00) (0, 0, 0.00000000000000000000e+00) (0, 0, 0.00000000000000000000e+00) (0, 0, 0.00000000000000000000e+00) (0, 0, 0.00000000000000000000e+00) (0, 0, 0.00000000000000000000e+00) (0, 0, 0.00000000000000000000e+00) (0, 0, 0.00000000000000000000e+00) (9, 6, 5.00000000000000000000e-01) (9, 6, 5.00000000000000000000e-01) (9, 6, 5.00000000000000000000e-01) (0, 6, 0.00000000000000000000e+00) (4, 4, 5.00000000000000000000e-01) (0, 4, 0.00000000000000000000e+00) 
connections (connected_to_neuron, weight)=(0, 4.09261102470210413884e-01) (1, -2.23727669470203449631e-01) (2, 9.14103623025112455025e+00) (3, 1.11178674021377021930e+00) (4, 3.83101726201838577168e-01) (5, 6.52755983158507824271e+00) (6, 1.78607519203964870691e+00) (7, 4.18490110378959057069e-01) (8, -4.06422839139636837835e-01) (0, 1.39116604589571135620e+00) (1, 1.47037587140434578004e+00) (2, 1.78881121637831386195e+00) (3, 1.52433204649457909596e+00) (4, 1.43655389048304105160e+00) (5, 4.73780571786166593284e+00) (6, 1.47193629770392830913e+00) (7, 1.20381332561178622242e+00) (8, -2.34857367847144971051e+00) (0, -1.25430003539320611416e+00) (1, -1.12182285253566793592e+00) (2, 1.29384200408088789747e-01) (3, 1.52220640210328606035e-01) (4, -1.03415438696747230551e+00) (5, 7.89655971328204531190e-01) (6, -1.44934357097274446602e+00) (7, -1.26921510541932192062e+00) (8, 1.49569339980439286464e+00) (9, 1.52547193226165139768e-01) (10, 3.13614850589647709000e+01) (11, -2.25625298587891656155e+01) (12, -6.54579159475260019541e-01) 
