FANN_FLO_2.1
num_layers=3
learning_rate=0.700000
connection_rate=1.000000
network_type=0
learning_momentum=0.000000
training_algorithm=2
train_error_function=1
train_stop_function=1
cascade_output_change_fraction=0.010000
quickprop_decay=-0.000100
quickprop_mu=1.750000
rprop_increase_factor=1.200000
rprop_decrease_factor=0.500000
rprop_delta_min=0.000000
rprop_delta_max=50.000000
rprop_delta_zero=0.100000
cascade_output_stagnation_epochs=12
cascade_candidate_change_fraction=0.010000
cascade_candidate_stagnation_epochs=12
cascade_max_out_epochs=150
cascade_min_out_epochs=50
cascade_max_cand_epochs=150
cascade_min_cand_epochs=50
cascade_num_candidate_groups=2
bit_fail_limit=1.00000000000000005551e-01
cascade_candidate_limit=1.00000000000000000000e+03
cascade_weight_multiplier=4.00000000000000022204e-01
cascade_activation_functions_count=10
cascade_activation_functions=3 5 7 8 10 11 14 15 16 17 
cascade_activation_steepnesses_count=4
cascade_activation_steepnesses=2.50000000000000000000e-01 5.00000000000000000000e-01 7.50000000000000000000e-01 1.00000000000000000000e+00 
layer_sizes=8 4 2 
scale_included=0
neurons (num_inputs, activation_function, activation_steepness)=(0, 0, 0.00000000000000000000e+00) (0, 0, 0.00000000000000000000e+00) (0, 0, 0.00000000000000000000e+00) (0, 0, 0.00000000000000000000e+00) (0, 0, 0.00000000000000000000e+00) (0, 0, 0.00000000000000000000e+00) (0, 0, 0.00000000000000000000e+00) (0, 0, 0.00000000000000000000e+00) (8, 6, 5.00000000000000000000e-01) (8, 6, 5.00000000000000000000e-01) (8, 6, 5.00000000000000000000e-01) (0, 6, 0.00000000000000000000e+00) (4, 4, 5.00000000000000000000e-01) (0, 4, 0.00000000000000000000e+00) 
connections (connected_to_neuron, weight)=(0, 5.99881104528122599540e-01) (1, 5.26336204205348989760e-01) (2, 2.63601416928524434624e+00) (3, 1.57249863543421608547e+00) (4, -1.35414560314727445700e+01) (5, -1.31114075342034439586e+01) (6, 6.61875239667970793889e-01) (7, 8.73888373093083892229e+00) (0, 1.43598028870595184614e+00) (1, 2.11576409341649096518e+00) (2, 3.02853103356711761407e+00) (3, 3.07187805895827592551e+00) (4, 2.84060762728321281045e+00) (5, 2.83980872725476540808e+00) (6, 2.09517214953099406571e+00) (7, -3.48311650930842020557e+00) (0, 4.28315745701291605840e-01) (1, 1.86995969631698644164e+00) (2, 1.00587549299241393874e-01) (3, -1.57661734283142784818e-01) (4, 1.00197324800094755837e+00) (5, 1.11934548908003206336e+00) (6, 2.56905919666195270423e+00) (7, -8.71725277811633669778e-01) (8, -4.11668287247108377613e+00) (9, 2.28183053525399337502e+01) (10, 3.68129915191394685436e+00) (11, -1.09537965681791504835e+00) 
