FANN_FLO_2.1
num_layers=3
learning_rate=0.700000
connection_rate=1.000000
network_type=0
learning_momentum=0.000000
training_algorithm=2
train_error_function=1
train_stop_function=1
cascade_output_change_fraction=0.010000
quickprop_decay=-0.000100
quickprop_mu=1.750000
rprop_increase_factor=1.200000
rprop_decrease_factor=0.500000
rprop_delta_min=0.000000
rprop_delta_max=50.000000
rprop_delta_zero=0.100000
cascade_output_stagnation_epochs=12
cascade_candidate_change_fraction=0.010000
cascade_candidate_stagnation_epochs=12
cascade_max_out_epochs=150
cascade_min_out_epochs=50
cascade_max_cand_epochs=150
cascade_min_cand_epochs=50
cascade_num_candidate_groups=2
bit_fail_limit=1.00000000000000005551e-01
cascade_candidate_limit=1.00000000000000000000e+03
cascade_weight_multiplier=4.00000000000000022204e-01
cascade_activation_functions_count=10
cascade_activation_functions=3 5 7 8 10 11 14 15 16 17 
cascade_activation_steepnesses_count=4
cascade_activation_steepnesses=2.50000000000000000000e-01 5.00000000000000000000e-01 7.50000000000000000000e-01 1.00000000000000000000e+00 
layer_sizes=15 4 2 
scale_included=0
neurons (num_inputs, activation_function, activation_steepness)=(0, 0, 0.00000000000000000000e+00) (0, 0, 0.00000000000000000000e+00) (0, 0, 0.00000000000000000000e+00) (0, 0, 0.00000000000000000000e+00) (0, 0, 0.00000000000000000000e+00) (0, 0, 0.00000000000000000000e+00) (0, 0, 0.00000000000000000000e+00) (0, 0, 0.00000000000000000000e+00) (0, 0, 0.00000000000000000000e+00) (0, 0, 0.00000000000000000000e+00) (0, 0, 0.00000000000000000000e+00) (0, 0, 0.00000000000000000000e+00) (0, 0, 0.00000000000000000000e+00) (0, 0, 0.00000000000000000000e+00) (0, 0, 0.00000000000000000000e+00) (15, 6, 5.00000000000000000000e-01) (15, 6, 5.00000000000000000000e-01) (15, 6, 5.00000000000000000000e-01) (0, 6, 0.00000000000000000000e+00) (4, 4, 5.00000000000000000000e-01) (0, 4, 0.00000000000000000000e+00) 
connections (connected_to_neuron, weight)=(0, -5.84844863271945375471e-02) (1, 1.08688885418237091152e+00) (2, -1.70012708445199389740e-01) (3, 2.21417496731081397954e+00) (4, -1.56642752471513532764e-02) (5, -7.94959839529055418972e-03) (6, 1.54308143334018821324e-01) (7, 7.41681038969001504846e-02) (8, -1.78416321637859948135e-02) (9, -1.07471365200617993696e-01) (10, -1.04619473240688695692e-01) (11, -2.32614203260231827697e-01) (12, 1.18223703776375588248e+00) (13, -8.59563320288142113101e-02) (14, -3.29991594844272317921e-01) (0, -1.94746185360023887911e-01) (1, 2.47397868291361122672e+00) (2, 1.47588130018570584667e+00) (3, 2.29655140748297670328e+00) (4, -1.11156785558659515489e-01) (5, -4.37370235084701519668e-01) (6, 1.48531323497247846888e-01) (7, -1.88330138808123936922e-01) (8, -3.50330223141092467198e-01) (9, -1.16647493472361585276e-01) (10, -4.86330174238095089279e-02) (11, -3.60830920209201544413e-01) (12, 2.82413071059289588760e+00) (13, -2.21826634644921943940e-01) (14, -8.60310154008688154903e-01) (0, -1.26214960747802740215e+00) (1, 2.85778241807745958525e+00) (2, 2.89661368119916629027e+00) (3, 1.94636986963299496445e+00) (4, 1.12913012577080928978e+00) (5, 1.18708972420667713266e+00) (6, 2.45181429096535641321e+00) (7, -2.72651187834884789485e-01) (8, -2.36726827143726475944e-01) (9, -3.74573722330304559325e-01) (10, 9.45395196215088495784e-01) (11, 6.34706383947516106225e-01) (12, -3.14786112322285593912e-01) (13, 1.16085530213953047607e+00) (14, -1.82533691675793785514e+00) (15, 1.11557687834780572267e+00) (16, 2.78273629438477820841e+00) (17, 3.66428671764068738526e+01) (18, -3.26618222378916067683e+00) 
