FANN_FLO_2.1
num_layers=3
learning_rate=0.700000
connection_rate=1.000000
network_type=0
learning_momentum=0.000000
training_algorithm=2
train_error_function=1
train_stop_function=1
cascade_output_change_fraction=0.010000
quickprop_decay=-0.000100
quickprop_mu=1.750000
rprop_increase_factor=1.200000
rprop_decrease_factor=0.500000
rprop_delta_min=0.000000
rprop_delta_max=50.000000
rprop_delta_zero=0.100000
cascade_output_stagnation_epochs=12
cascade_candidate_change_fraction=0.010000
cascade_candidate_stagnation_epochs=12
cascade_max_out_epochs=150
cascade_min_out_epochs=50
cascade_max_cand_epochs=150
cascade_min_cand_epochs=50
cascade_num_candidate_groups=2
bit_fail_limit=1.00000000000000005551e-01
cascade_candidate_limit=1.00000000000000000000e+03
cascade_weight_multiplier=4.00000000000000022204e-01
cascade_activation_functions_count=10
cascade_activation_functions=3 5 7 8 10 11 14 15 16 17 
cascade_activation_steepnesses_count=4
cascade_activation_steepnesses=2.50000000000000000000e-01 5.00000000000000000000e-01 7.50000000000000000000e-01 1.00000000000000000000e+00 
layer_sizes=15 4 2 
scale_included=0
neurons (num_inputs, activation_function, activation_steepness)=(0, 0, 0.00000000000000000000e+00) (0, 0, 0.00000000000000000000e+00) (0, 0, 0.00000000000000000000e+00) (0, 0, 0.00000000000000000000e+00) (0, 0, 0.00000000000000000000e+00) (0, 0, 0.00000000000000000000e+00) (0, 0, 0.00000000000000000000e+00) (0, 0, 0.00000000000000000000e+00) (0, 0, 0.00000000000000000000e+00) (0, 0, 0.00000000000000000000e+00) (0, 0, 0.00000000000000000000e+00) (0, 0, 0.00000000000000000000e+00) (0, 0, 0.00000000000000000000e+00) (0, 0, 0.00000000000000000000e+00) (0, 0, 0.00000000000000000000e+00) (15, 6, 5.00000000000000000000e-01) (15, 6, 5.00000000000000000000e-01) (15, 6, 5.00000000000000000000e-01) (0, 6, 0.00000000000000000000e+00) (4, 4, 5.00000000000000000000e-01) (0, 4, 0.00000000000000000000e+00) 
connections (connected_to_neuron, weight)=(0, 1.30138243830150601710e-01) (1, 7.09919249228127990925e-01) (2, 5.25909353676751956108e-01) (3, 6.66419561735658166901e-02) (4, 1.86021722469898564967e-01) (5, -6.94296370328884471235e-01) (6, 3.38697976299526470889e-01) (7, 2.65256022125607171525e-01) (8, 2.87676301807289647172e-01) (9, 2.73815208963944400899e-01) (10, 6.50156339771104097025e-02) (11, -3.52450465674819246598e-02) (12, 2.09824861632552095436e-01) (13, -2.05857053758939756438e-01) (14, -4.53840770188358721970e-02) (0, -3.91982130670506134784e-01) (1, 1.58121299196004239107e+00) (2, 2.22978727481791194620e+00) (3, -9.11306539404002857729e-01) (4, -6.59104134080230052994e-01) (5, -1.11107505855701682584e+00) (6, 1.46242317666606247428e+00) (7, -5.68211047590394258133e-02) (8, 9.90151943027357678284e-02) (9, -2.33201638086000861971e-01) (10, -7.62247939777361049885e-01) (11, -1.46662689964626413719e+00) (12, -2.24054556176076724583e-01) (13, -1.13286117875940739452e+00) (14, -7.10542496715675930830e-01) (0, 8.71931253546967210966e-01) (1, -1.11264986101819141062e+00) (2, -1.63329730827936936421e+00) (3, 1.18088988227761149119e+00) (4, 9.51349843843586895353e-01) (5, 1.95025958194155291103e+00) (6, -6.34672850016407830154e-01) (7, 3.77244981392834521916e-01) (8, 5.93224351166965591098e-01) (9, 7.02236455737831222201e-01) (10, 1.17443099483113555515e+00) (11, 1.29949735829756995997e+00) (12, 7.72053054248451497976e-01) (13, 1.75564838326143379810e+00) (14, 1.39866992972452308663e+00) (15, 7.64986293279075857399e-01) (16, 2.70034748094603749280e+01) (17, -4.81099051002814093181e+00) (18, -1.05724654228796288713e+00) 
