FANN_FLO_2.1
num_layers=3
learning_rate=0.700000
connection_rate=1.000000
network_type=0
learning_momentum=0.000000
training_algorithm=2
train_error_function=1
train_stop_function=1
cascade_output_change_fraction=0.010000
quickprop_decay=-0.000100
quickprop_mu=1.750000
rprop_increase_factor=1.200000
rprop_decrease_factor=0.500000
rprop_delta_min=0.000000
rprop_delta_max=50.000000
rprop_delta_zero=0.100000
cascade_output_stagnation_epochs=12
cascade_candidate_change_fraction=0.010000
cascade_candidate_stagnation_epochs=12
cascade_max_out_epochs=150
cascade_min_out_epochs=50
cascade_max_cand_epochs=150
cascade_min_cand_epochs=50
cascade_num_candidate_groups=2
bit_fail_limit=1.00000000000000005551e-01
cascade_candidate_limit=1.00000000000000000000e+03
cascade_weight_multiplier=4.00000000000000022204e-01
cascade_activation_functions_count=10
cascade_activation_functions=3 5 7 8 10 11 14 15 16 17 
cascade_activation_steepnesses_count=4
cascade_activation_steepnesses=2.50000000000000000000e-01 5.00000000000000000000e-01 7.50000000000000000000e-01 1.00000000000000000000e+00 
layer_sizes=7 4 2 
scale_included=0
neurons (num_inputs, activation_function, activation_steepness)=(0, 0, 0.00000000000000000000e+00) (0, 0, 0.00000000000000000000e+00) (0, 0, 0.00000000000000000000e+00) (0, 0, 0.00000000000000000000e+00) (0, 0, 0.00000000000000000000e+00) (0, 0, 0.00000000000000000000e+00) (0, 0, 0.00000000000000000000e+00) (7, 6, 5.00000000000000000000e-01) (7, 6, 5.00000000000000000000e-01) (7, 6, 5.00000000000000000000e-01) (0, 6, 0.00000000000000000000e+00) (4, 4, 5.00000000000000000000e-01) (0, 4, 0.00000000000000000000e+00) 
connections (connected_to_neuron, weight)=(0, -2.10185223814136934450e+00) (1, 8.68628243435931501892e+00) (2, 6.38017955761238098056e-02) (3, -6.62466327931384935113e-01) (4, -1.03660667545851792326e+00) (5, -1.17695630199965539653e+00) (6, -1.61104858662810235259e+00) (0, -5.63494916175513615997e-01) (1, 3.53048236738743970164e+00) (2, 5.42985124050187173417e-01) (3, -1.33539151503395625564e-01) (4, -4.09885257060629171200e-01) (5, -3.00686599410657950937e-01) (6, -5.66402028416304936798e-01) (0, -1.00132072475589500860e-01) (1, 1.60125570162168640032e+00) (2, 1.18234585700519811979e+00) (3, 1.11697040498077132531e-01) (4, -1.15480422474053212589e-01) (5, -6.01117783882044176558e-02) (6, -1.89828479793704762990e-01) (7, 4.51353319059344837427e+00) (8, 1.40183639750114519273e+00) (9, 4.11909608154424511373e-01) (10, -2.08763401206619692019e+00) 
