FANN_FLO_2.1
num_layers=3
learning_rate=0.700000
connection_rate=1.000000
network_type=0
learning_momentum=0.000000
training_algorithm=2
train_error_function=1
train_stop_function=1
cascade_output_change_fraction=0.010000
quickprop_decay=-0.000100
quickprop_mu=1.750000
rprop_increase_factor=1.200000
rprop_decrease_factor=0.500000
rprop_delta_min=0.000000
rprop_delta_max=50.000000
rprop_delta_zero=0.100000
cascade_output_stagnation_epochs=12
cascade_candidate_change_fraction=0.010000
cascade_candidate_stagnation_epochs=12
cascade_max_out_epochs=150
cascade_min_out_epochs=50
cascade_max_cand_epochs=150
cascade_min_cand_epochs=50
cascade_num_candidate_groups=2
bit_fail_limit=1.00000000000000005551e-01
cascade_candidate_limit=1.00000000000000000000e+03
cascade_weight_multiplier=4.00000000000000022204e-01
cascade_activation_functions_count=10
cascade_activation_functions=3 5 7 8 10 11 14 15 16 17 
cascade_activation_steepnesses_count=4
cascade_activation_steepnesses=2.50000000000000000000e-01 5.00000000000000000000e-01 7.50000000000000000000e-01 1.00000000000000000000e+00 
layer_sizes=10 4 2 
scale_included=0
neurons (num_inputs, activation_function, activation_steepness)=(0, 0, 0.00000000000000000000e+00) (0, 0, 0.00000000000000000000e+00) (0, 0, 0.00000000000000000000e+00) (0, 0, 0.00000000000000000000e+00) (0, 0, 0.00000000000000000000e+00) (0, 0, 0.00000000000000000000e+00) (0, 0, 0.00000000000000000000e+00) (0, 0, 0.00000000000000000000e+00) (0, 0, 0.00000000000000000000e+00) (0, 0, 0.00000000000000000000e+00) (10, 6, 5.00000000000000000000e-01) (10, 6, 5.00000000000000000000e-01) (10, 6, 5.00000000000000000000e-01) (0, 6, 0.00000000000000000000e+00) (4, 4, 5.00000000000000000000e-01) (0, 4, 0.00000000000000000000e+00) 
connections (connected_to_neuron, weight)=(0, 6.80953567696819028754e-01) (1, -5.80200803779033047469e-01) (2, -3.31297189699735206148e+00) (3, -3.00476475370958853728e-02) (4, -1.83834173259338284900e+00) (5, 3.04822214204928221282e-01) (6, -1.44985518965895043841e+00) (7, 1.75387235619891057592e-01) (8, 5.11605097827785293418e-01) (9, 1.73596867274398536374e+00) (0, -3.37890541827595147772e-01) (1, 1.82117778528373897018e+00) (2, 1.36419348320345990011e+00) (3, 1.37669798720071567821e+00) (4, 1.98658241997150142311e+00) (5, -4.01967186711272073119e-01) (6, 2.09517927856209240645e+00) (7, 6.31401879107943542202e-01) (8, -3.59085439235672515546e-02) (9, -1.62134288384043911968e+00) (0, 1.09045651707021989951e-01) (1, 6.30506096879542843325e-01) (2, 7.50258588742601428834e-01) (3, 8.25091122010989996838e-01) (4, 8.72527953770774078457e-01) (5, 9.39612650557676391816e-03) (6, 9.31225603367117571452e-01) (7, 4.74834428917713491369e-01) (8, 1.06148141857893285600e-01) (9, -4.64821683988257905451e-01) (10, -3.66539139220788845464e+00) (11, 2.78567794924136578061e+01) (12, 3.53837564383955749392e-01) (13, -8.17470471725265435126e-01) 
