FANN_FLO_2.1
num_layers=3
learning_rate=0.700000
connection_rate=1.000000
network_type=0
learning_momentum=0.000000
training_algorithm=2
train_error_function=1
train_stop_function=1
cascade_output_change_fraction=0.010000
quickprop_decay=-0.000100
quickprop_mu=1.750000
rprop_increase_factor=1.200000
rprop_decrease_factor=0.500000
rprop_delta_min=0.000000
rprop_delta_max=50.000000
rprop_delta_zero=0.100000
cascade_output_stagnation_epochs=12
cascade_candidate_change_fraction=0.010000
cascade_candidate_stagnation_epochs=12
cascade_max_out_epochs=150
cascade_min_out_epochs=50
cascade_max_cand_epochs=150
cascade_min_cand_epochs=50
cascade_num_candidate_groups=2
bit_fail_limit=1.00000000000000005551e-01
cascade_candidate_limit=1.00000000000000000000e+03
cascade_weight_multiplier=4.00000000000000022204e-01
cascade_activation_functions_count=10
cascade_activation_functions=3 5 7 8 10 11 14 15 16 17 
cascade_activation_steepnesses_count=4
cascade_activation_steepnesses=2.50000000000000000000e-01 5.00000000000000000000e-01 7.50000000000000000000e-01 1.00000000000000000000e+00 
layer_sizes=9 4 2 
scale_included=0
neurons (num_inputs, activation_function, activation_steepness)=(0, 0, 0.00000000000000000000e+00) (0, 0, 0.00000000000000000000e+00) (0, 0, 0.00000000000000000000e+00) (0, 0, 0.00000000000000000000e+00) (0, 0, 0.00000000000000000000e+00) (0, 0, 0.00000000000000000000e+00) (0, 0, 0.00000000000000000000e+00) (0, 0, 0.00000000000000000000e+00) (0, 0, 0.00000000000000000000e+00) (9, 6, 5.00000000000000000000e-01) (9, 6, 5.00000000000000000000e-01) (9, 6, 5.00000000000000000000e-01) (0, 6, 0.00000000000000000000e+00) (4, 4, 5.00000000000000000000e-01) (0, 4, 0.00000000000000000000e+00) 
connections (connected_to_neuron, weight)=(0, -3.78541732237374195513e-01) (1, 1.35370388614252346038e+00) (2, 1.96995405398361633775e-01) (3, -1.69514578990767023070e-01) (4, 2.27623823524316121203e-01) (5, 1.97842094541390706164e-01) (6, -5.70661540056905045026e-02) (7, 2.67143312335809013369e-01) (8, -1.30220615528652716719e-01) (0, 2.01960291362294741546e+00) (1, -4.04674018867286644507e+00) (2, 9.41919292694393450738e-01) (3, 1.12290703821784609850e+00) (4, 9.74788940882746035577e-01) (5, 1.10873749423629397448e+00) (6, 1.06041468996411913928e+00) (7, 1.08086761403686160143e+00) (8, 2.09888649380693026458e+00) (0, -1.39379665299701516190e+00) (1, 3.28583641781172053342e+00) (2, -6.96512671961866391968e-02) (3, -5.65688379051722534108e-01) (4, -1.07126622165688148436e-01) (5, -2.06370978321083642371e-01) (6, -5.65229600868923154344e-01) (7, -4.00680234592657502635e-01) (8, -5.86200007915530729719e-01) (9, 1.10046195863255236169e+00) (10, -8.01121206823212794745e+00) (11, 4.63657861353586664421e+00) (12, -1.59384657942475671533e+00) 
