FANN_FLO_2.1
num_layers=3
learning_rate=0.700000
connection_rate=1.000000
network_type=0
learning_momentum=0.000000
training_algorithm=2
train_error_function=1
train_stop_function=1
cascade_output_change_fraction=0.010000
quickprop_decay=-0.000100
quickprop_mu=1.750000
rprop_increase_factor=1.200000
rprop_decrease_factor=0.500000
rprop_delta_min=0.000000
rprop_delta_max=50.000000
rprop_delta_zero=0.100000
cascade_output_stagnation_epochs=12
cascade_candidate_change_fraction=0.010000
cascade_candidate_stagnation_epochs=12
cascade_max_out_epochs=150
cascade_min_out_epochs=50
cascade_max_cand_epochs=150
cascade_min_cand_epochs=50
cascade_num_candidate_groups=2
bit_fail_limit=1.00000000000000005551e-01
cascade_candidate_limit=1.00000000000000000000e+03
cascade_weight_multiplier=4.00000000000000022204e-01
cascade_activation_functions_count=10
cascade_activation_functions=3 5 7 8 10 11 14 15 16 17 
cascade_activation_steepnesses_count=4
cascade_activation_steepnesses=2.50000000000000000000e-01 5.00000000000000000000e-01 7.50000000000000000000e-01 1.00000000000000000000e+00 
layer_sizes=8 4 2 
scale_included=0
neurons (num_inputs, activation_function, activation_steepness)=(0, 0, 0.00000000000000000000e+00) (0, 0, 0.00000000000000000000e+00) (0, 0, 0.00000000000000000000e+00) (0, 0, 0.00000000000000000000e+00) (0, 0, 0.00000000000000000000e+00) (0, 0, 0.00000000000000000000e+00) (0, 0, 0.00000000000000000000e+00) (0, 0, 0.00000000000000000000e+00) (8, 6, 5.00000000000000000000e-01) (8, 6, 5.00000000000000000000e-01) (8, 6, 5.00000000000000000000e-01) (0, 6, 0.00000000000000000000e+00) (4, 4, 5.00000000000000000000e-01) (0, 4, 0.00000000000000000000e+00) 
connections (connected_to_neuron, weight)=(0, 4.04619096774226960633e+00) (1, -4.30842559534140434607e+00) (2, -5.06986923539807055050e+00) (3, 3.32483447224066530623e+00) (4, -2.50679110426598894534e+00) (5, 8.64317114804490249647e-01) (6, 1.34368326257127668200e+00) (7, 4.09698296147949037049e+00) (0, 4.81065926615066585814e-01) (1, -1.28578887870426727957e+00) (2, -3.07296378936683101113e-01) (3, 2.48642142787144831972e-01) (4, 9.33828543701013868983e-01) (5, 7.20640479356896124230e-01) (6, 6.53702891201626501427e-01) (7, 5.14309080513205119090e-01) (0, -7.99304943007591806037e-01) (1, 1.83536154594246569971e+00) (2, 1.83065239341811092366e+00) (3, -5.24644040469322892051e-01) (4, -5.72449330648746812500e-01) (5, -2.59995171179159101360e-01) (6, -2.11620421459062457714e-01) (7, -6.31444859725597940070e-01) (8, -9.80298483349777072249e+00) (9, -8.23806847611068038262e-01) (10, 3.32558314617655392809e+00) (11, -1.80432507332200908756e+00) 
