FANN_FLO_2.1
num_layers=3
learning_rate=0.700000
connection_rate=1.000000
network_type=0
learning_momentum=0.000000
training_algorithm=2
train_error_function=1
train_stop_function=1
cascade_output_change_fraction=0.010000
quickprop_decay=-0.000100
quickprop_mu=1.750000
rprop_increase_factor=1.200000
rprop_decrease_factor=0.500000
rprop_delta_min=0.000000
rprop_delta_max=50.000000
rprop_delta_zero=0.100000
cascade_output_stagnation_epochs=12
cascade_candidate_change_fraction=0.010000
cascade_candidate_stagnation_epochs=12
cascade_max_out_epochs=150
cascade_min_out_epochs=50
cascade_max_cand_epochs=150
cascade_min_cand_epochs=50
cascade_num_candidate_groups=2
bit_fail_limit=1.00000000000000005551e-01
cascade_candidate_limit=1.00000000000000000000e+03
cascade_weight_multiplier=4.00000000000000022204e-01
cascade_activation_functions_count=10
cascade_activation_functions=3 5 7 8 10 11 14 15 16 17 
cascade_activation_steepnesses_count=4
cascade_activation_steepnesses=2.50000000000000000000e-01 5.00000000000000000000e-01 7.50000000000000000000e-01 1.00000000000000000000e+00 
layer_sizes=10 4 2 
scale_included=0
neurons (num_inputs, activation_function, activation_steepness)=(0, 0, 0.00000000000000000000e+00) (0, 0, 0.00000000000000000000e+00) (0, 0, 0.00000000000000000000e+00) (0, 0, 0.00000000000000000000e+00) (0, 0, 0.00000000000000000000e+00) (0, 0, 0.00000000000000000000e+00) (0, 0, 0.00000000000000000000e+00) (0, 0, 0.00000000000000000000e+00) (0, 0, 0.00000000000000000000e+00) (0, 0, 0.00000000000000000000e+00) (10, 6, 5.00000000000000000000e-01) (10, 6, 5.00000000000000000000e-01) (10, 6, 5.00000000000000000000e-01) (0, 6, 0.00000000000000000000e+00) (4, 4, 5.00000000000000000000e-01) (0, 4, 0.00000000000000000000e+00) 
connections (connected_to_neuron, weight)=(0, 1.00967313442768147347e+00) (1, 3.63686956809075923047e-01) (2, 2.41980387993740525543e-01) (3, 1.24062842397749853451e-01) (4, 5.34222926157460920038e-01) (5, 3.12426423518243012722e-01) (6, 1.88223206917898372437e-01) (7, 1.12547059955489681116e+00) (8, 1.68768929719638949294e+00) (9, 8.61448962121917904966e-02) (0, 1.22751512217980041086e+00) (1, 2.52690656527982415724e+00) (2, 8.67346975479200810177e-01) (3, 3.58869391810770488327e-01) (4, 2.78229772622274795779e+00) (5, 1.01769633356496358445e+00) (6, 3.04467760113241114883e-01) (7, 4.22672627052097649170e+00) (8, 2.86741575303280171738e+00) (9, -3.30842772292602260720e+00) (0, -1.50887277667015107241e+00) (1, -1.39435890431410869361e+00) (2, 4.22947897341821588135e-03) (3, 5.63795819974050815837e-01) (4, -1.34298380153046670316e+00) (5, 1.33517588569049633351e-01) (6, 6.12100012704232865346e-01) (7, -4.37373725538224011888e-01) (8, -8.35161555971444258262e-01) (9, 1.31909959210264537965e+00) (10, 2.95132504424228614415e-01) (11, 9.90578343119022974861e+00) (12, -4.99182079098563917796e+01) (13, -5.09287002673631028493e-01) 
