FANN_FLO_2.1
num_layers=3
learning_rate=0.700000
connection_rate=1.000000
network_type=0
learning_momentum=0.000000
training_algorithm=2
train_error_function=1
train_stop_function=1
cascade_output_change_fraction=0.010000
quickprop_decay=-0.000100
quickprop_mu=1.750000
rprop_increase_factor=1.200000
rprop_decrease_factor=0.500000
rprop_delta_min=0.000000
rprop_delta_max=50.000000
rprop_delta_zero=0.100000
cascade_output_stagnation_epochs=12
cascade_candidate_change_fraction=0.010000
cascade_candidate_stagnation_epochs=12
cascade_max_out_epochs=150
cascade_min_out_epochs=50
cascade_max_cand_epochs=150
cascade_min_cand_epochs=50
cascade_num_candidate_groups=2
bit_fail_limit=1.00000000000000005551e-01
cascade_candidate_limit=1.00000000000000000000e+03
cascade_weight_multiplier=4.00000000000000022204e-01
cascade_activation_functions_count=10
cascade_activation_functions=3 5 7 8 10 11 14 15 16 17 
cascade_activation_steepnesses_count=4
cascade_activation_steepnesses=2.50000000000000000000e-01 5.00000000000000000000e-01 7.50000000000000000000e-01 1.00000000000000000000e+00 
layer_sizes=9 4 2 
scale_included=0
neurons (num_inputs, activation_function, activation_steepness)=(0, 0, 0.00000000000000000000e+00) (0, 0, 0.00000000000000000000e+00) (0, 0, 0.00000000000000000000e+00) (0, 0, 0.00000000000000000000e+00) (0, 0, 0.00000000000000000000e+00) (0, 0, 0.00000000000000000000e+00) (0, 0, 0.00000000000000000000e+00) (0, 0, 0.00000000000000000000e+00) (0, 0, 0.00000000000000000000e+00) (9, 6, 5.00000000000000000000e-01) (9, 6, 5.00000000000000000000e-01) (9, 6, 5.00000000000000000000e-01) (0, 6, 0.00000000000000000000e+00) (4, 4, 5.00000000000000000000e-01) (0, 4, 0.00000000000000000000e+00) 
connections (connected_to_neuron, weight)=(0, 1.20746190246691798009e+00) (1, -1.60383238134854444468e+00) (2, 5.50117198168521781554e-01) (3, 6.71712517739431524966e-01) (4, 2.87605558880498157759e-01) (5, 7.34366366652184909825e-01) (6, 3.78182356604268299360e-01) (7, 6.14487798896962811313e-01) (8, 9.41876151851468113030e-01) (0, -6.22824407168348193053e-01) (1, 2.49118715882142938156e+00) (2, 4.87290962257877213748e-02) (3, -3.62688881069137214475e-01) (4, 2.07182535862546174377e-01) (5, -2.20081194684884989821e-01) (6, 1.12094124739985673278e-01) (7, -8.89243552545527782272e-02) (8, -4.15524777680350898557e-01) (0, 1.06069152948012446203e+00) (1, -1.69386469809287198984e+00) (2, 5.32229304104333778014e-01) (3, 7.68876031042234342472e-01) (4, 3.42042391546895196974e-01) (5, 7.01630907145673221592e-01) (6, 3.12563927271296726484e-01) (7, 7.01806658891374057774e-01) (8, 9.36450951985173252190e-01) (9, -7.40564861361217552371e+00) (10, 7.15885855893494849056e+00) (11, -7.38433099005651527591e+00) (12, -5.86473128744085303587e-01) 
