FANN_FLO_2.1
num_layers=3
learning_rate=0.700000
connection_rate=1.000000
network_type=0
learning_momentum=0.000000
training_algorithm=2
train_error_function=1
train_stop_function=1
cascade_output_change_fraction=0.010000
quickprop_decay=-0.000100
quickprop_mu=1.750000
rprop_increase_factor=1.200000
rprop_decrease_factor=0.500000
rprop_delta_min=0.000000
rprop_delta_max=50.000000
rprop_delta_zero=0.100000
cascade_output_stagnation_epochs=12
cascade_candidate_change_fraction=0.010000
cascade_candidate_stagnation_epochs=12
cascade_max_out_epochs=150
cascade_min_out_epochs=50
cascade_max_cand_epochs=150
cascade_min_cand_epochs=50
cascade_num_candidate_groups=2
bit_fail_limit=1.00000000000000005551e-01
cascade_candidate_limit=1.00000000000000000000e+03
cascade_weight_multiplier=4.00000000000000022204e-01
cascade_activation_functions_count=10
cascade_activation_functions=3 5 7 8 10 11 14 15 16 17 
cascade_activation_steepnesses_count=4
cascade_activation_steepnesses=2.50000000000000000000e-01 5.00000000000000000000e-01 7.50000000000000000000e-01 1.00000000000000000000e+00 
layer_sizes=8 4 2 
scale_included=0
neurons (num_inputs, activation_function, activation_steepness)=(0, 0, 0.00000000000000000000e+00) (0, 0, 0.00000000000000000000e+00) (0, 0, 0.00000000000000000000e+00) (0, 0, 0.00000000000000000000e+00) (0, 0, 0.00000000000000000000e+00) (0, 0, 0.00000000000000000000e+00) (0, 0, 0.00000000000000000000e+00) (0, 0, 0.00000000000000000000e+00) (8, 6, 5.00000000000000000000e-01) (8, 6, 5.00000000000000000000e-01) (8, 6, 5.00000000000000000000e-01) (0, 6, 0.00000000000000000000e+00) (4, 4, 5.00000000000000000000e-01) (0, 4, 0.00000000000000000000e+00) 
connections (connected_to_neuron, weight)=(0, 1.48609229785833529824e+00) (1, -6.55803496364870230906e+00) (2, -2.61614473210937026337e+00) (3, -5.71536460553876057844e+00) (4, -4.30307981124809835194e+00) (5, -2.14346126344885190562e+00) (6, -4.48182299605670841913e+00) (7, 4.44173401295366865327e+00) (0, -2.08058087369495346708e-02) (1, 3.16254410122132290084e+00) (2, 2.37175809987262065093e+00) (3, 1.32939508528638183904e+00) (4, 1.59867684545746913116e+00) (5, 1.31172334591175498986e+00) (6, 9.91272202051031503522e-01) (7, -2.12961578427269460079e+00) (0, -2.14877652308646549528e+00) (1, 6.32160295428876572998e+00) (2, 2.27346642732130677089e+00) (3, 2.58318867734770707401e+00) (4, 2.14402953340362367740e+00) (5, 1.27518874202965792897e+00) (6, 1.34209700028159883978e+00) (7, -2.42582260964408780168e+00) (8, -8.73058418630891708290e+00) (9, 5.15384697956394521867e+00) (10, 3.20228767034512884493e+00) (11, -1.74257613444302661421e+00) 
