FANN_FLO_2.1
num_layers=3
learning_rate=0.700000
connection_rate=1.000000
network_type=0
learning_momentum=0.000000
training_algorithm=2
train_error_function=1
train_stop_function=1
cascade_output_change_fraction=0.010000
quickprop_decay=-0.000100
quickprop_mu=1.750000
rprop_increase_factor=1.200000
rprop_decrease_factor=0.500000
rprop_delta_min=0.000000
rprop_delta_max=50.000000
rprop_delta_zero=0.100000
cascade_output_stagnation_epochs=12
cascade_candidate_change_fraction=0.010000
cascade_candidate_stagnation_epochs=12
cascade_max_out_epochs=150
cascade_min_out_epochs=50
cascade_max_cand_epochs=150
cascade_min_cand_epochs=50
cascade_num_candidate_groups=2
bit_fail_limit=1.00000000000000005551e-01
cascade_candidate_limit=1.00000000000000000000e+03
cascade_weight_multiplier=4.00000000000000022204e-01
cascade_activation_functions_count=10
cascade_activation_functions=3 5 7 8 10 11 14 15 16 17 
cascade_activation_steepnesses_count=4
cascade_activation_steepnesses=2.50000000000000000000e-01 5.00000000000000000000e-01 7.50000000000000000000e-01 1.00000000000000000000e+00 
layer_sizes=13 4 2 
scale_included=0
neurons (num_inputs, activation_function, activation_steepness)=(0, 0, 0.00000000000000000000e+00) (0, 0, 0.00000000000000000000e+00) (0, 0, 0.00000000000000000000e+00) (0, 0, 0.00000000000000000000e+00) (0, 0, 0.00000000000000000000e+00) (0, 0, 0.00000000000000000000e+00) (0, 0, 0.00000000000000000000e+00) (0, 0, 0.00000000000000000000e+00) (0, 0, 0.00000000000000000000e+00) (0, 0, 0.00000000000000000000e+00) (0, 0, 0.00000000000000000000e+00) (0, 0, 0.00000000000000000000e+00) (0, 0, 0.00000000000000000000e+00) (13, 6, 5.00000000000000000000e-01) (13, 6, 5.00000000000000000000e-01) (13, 6, 5.00000000000000000000e-01) (0, 6, 0.00000000000000000000e+00) (4, 4, 5.00000000000000000000e-01) (0, 4, 0.00000000000000000000e+00) 
connections (connected_to_neuron, weight)=(0, -7.15775416739729997140e-01) (1, 2.30197586783847762959e+00) (2, -7.16918192503201989751e-01) (3, -7.15340716809501758755e-02) (4, -1.21158542153400294872e+00) (5, 2.22872482159814788716e+00) (6, -7.41864531931626824957e-01) (7, -1.09612201336597814283e+00) (8, -8.55334928304424396694e-02) (9, -2.10300994389469482482e-02) (10, -1.14938991089265507561e+00) (11, -1.23196813317930931042e+00) (12, -1.05592096779322019984e+00) (0, -2.94995907792771142053e-02) (1, 3.23286831641952099314e-01) (2, 3.90605945555571737460e-02) (3, 1.29188656167726456658e-01) (4, -1.98270473524965878953e-01) (5, 5.65539903022248546804e-01) (6, 4.11224533287886800936e-02) (7, -5.12517076178405694975e-01) (8, 1.19293443219404132760e-01) (9, 1.49946062730495377480e-01) (10, -3.24162556457541550792e-01) (11, -2.94828824471070394253e-01) (12, -1.65675039919015339163e-02) (0, -3.60031280765259545373e-02) (1, 3.69219940418759884349e-01) (2, -6.19464199574586010799e-02) (3, 1.06816641347150687036e-01) (4, -1.78038600727953549852e-01) (5, 5.14510027147729198660e-01) (6, -8.70158802302476025448e-02) (7, -5.18335860415313653959e-01) (8, 2.06270768599252640740e-01) (9, 2.30328238474075297493e-01) (10, -4.09785559999964799083e-01) (11, -2.58210606645180751340e-01) (12, -6.34200330408211804256e-02) (13, 1.86420074107232061067e+01) (14, 2.36034496504822111085e-01) (15, 2.39966521788397169068e-01) (16, -9.78086793756240635567e-01) 
