FANN_FLO_2.1
num_layers=3
learning_rate=0.700000
connection_rate=1.000000
network_type=0
learning_momentum=0.000000
training_algorithm=2
train_error_function=1
train_stop_function=1
cascade_output_change_fraction=0.010000
quickprop_decay=-0.000100
quickprop_mu=1.750000
rprop_increase_factor=1.200000
rprop_decrease_factor=0.500000
rprop_delta_min=0.000000
rprop_delta_max=50.000000
rprop_delta_zero=0.100000
cascade_output_stagnation_epochs=12
cascade_candidate_change_fraction=0.010000
cascade_candidate_stagnation_epochs=12
cascade_max_out_epochs=150
cascade_min_out_epochs=50
cascade_max_cand_epochs=150
cascade_min_cand_epochs=50
cascade_num_candidate_groups=2
bit_fail_limit=1.00000000000000005551e-01
cascade_candidate_limit=1.00000000000000000000e+03
cascade_weight_multiplier=4.00000000000000022204e-01
cascade_activation_functions_count=10
cascade_activation_functions=3 5 7 8 10 11 14 15 16 17 
cascade_activation_steepnesses_count=4
cascade_activation_steepnesses=2.50000000000000000000e-01 5.00000000000000000000e-01 7.50000000000000000000e-01 1.00000000000000000000e+00 
layer_sizes=12 4 2 
scale_included=0
neurons (num_inputs, activation_function, activation_steepness)=(0, 0, 0.00000000000000000000e+00) (0, 0, 0.00000000000000000000e+00) (0, 0, 0.00000000000000000000e+00) (0, 0, 0.00000000000000000000e+00) (0, 0, 0.00000000000000000000e+00) (0, 0, 0.00000000000000000000e+00) (0, 0, 0.00000000000000000000e+00) (0, 0, 0.00000000000000000000e+00) (0, 0, 0.00000000000000000000e+00) (0, 0, 0.00000000000000000000e+00) (0, 0, 0.00000000000000000000e+00) (0, 0, 0.00000000000000000000e+00) (12, 6, 5.00000000000000000000e-01) (12, 6, 5.00000000000000000000e-01) (12, 6, 5.00000000000000000000e-01) (0, 6, 0.00000000000000000000e+00) (4, 4, 5.00000000000000000000e-01) (0, 4, 0.00000000000000000000e+00) 
connections (connected_to_neuron, weight)=(0, 1.10237588934988739453e+00) (1, 1.14592469496622451075e+00) (2, 7.29682183494987784966e-02) (3, 5.67749745312866038738e-02) (4, 4.68640243026705649587e-01) (5, 7.96253211958948492466e-01) (6, 6.86447717029691650836e-01) (7, 4.10180953438482820417e-01) (8, 2.52051097708660340468e-02) (9, 1.80131079583469055905e+00) (10, 7.39782123400205549046e-01) (11, 9.81086778521059049707e-02) (0, 4.55740132076645321213e-01) (1, 1.89354140393184344759e+00) (2, 3.82066179907610881106e-01) (3, -3.81488717317390924055e-01) (4, 8.84778545009868438997e-02) (5, 1.37637826393825379867e+00) (6, 1.30855060418538426958e+00) (7, 8.07100984914508989831e-01) (8, -4.85724363034751027701e-01) (9, 2.46361023441330129202e+00) (10, 1.85846717032292607641e+00) (11, -9.86573219383265337390e-02) (0, -6.49237948742603654395e-02) (1, -3.71874622472187033040e+00) (2, 6.13724529663061346696e-01) (3, 2.21719189023169960251e+00) (4, 1.58511996870796112447e+00) (5, -2.45062621273858871618e+00) (6, -3.17867960845974995010e+00) (7, -1.68234987214262610156e-01) (8, 2.03570108637630697856e+00) (9, -1.93490778499385296385e+00) (10, -2.39269082828718371303e+00) (11, 1.65012979139406446016e+00) (12, 1.20837869224684801850e+00) (13, 1.03328702957801277229e+00) (14, -1.69133627169949001257e+01) (15, -1.49409403192180678666e+00) 
