FANN_FLO_2.1
num_layers=3
learning_rate=0.700000
connection_rate=1.000000
network_type=0
learning_momentum=0.000000
training_algorithm=2
train_error_function=1
train_stop_function=1
cascade_output_change_fraction=0.010000
quickprop_decay=-0.000100
quickprop_mu=1.750000
rprop_increase_factor=1.200000
rprop_decrease_factor=0.500000
rprop_delta_min=0.000000
rprop_delta_max=50.000000
rprop_delta_zero=0.100000
cascade_output_stagnation_epochs=12
cascade_candidate_change_fraction=0.010000
cascade_candidate_stagnation_epochs=12
cascade_max_out_epochs=150
cascade_min_out_epochs=50
cascade_max_cand_epochs=150
cascade_min_cand_epochs=50
cascade_num_candidate_groups=2
bit_fail_limit=1.00000000000000005551e-01
cascade_candidate_limit=1.00000000000000000000e+03
cascade_weight_multiplier=4.00000000000000022204e-01
cascade_activation_functions_count=10
cascade_activation_functions=3 5 7 8 10 11 14 15 16 17 
cascade_activation_steepnesses_count=4
cascade_activation_steepnesses=2.50000000000000000000e-01 5.00000000000000000000e-01 7.50000000000000000000e-01 1.00000000000000000000e+00 
layer_sizes=7 4 2 
scale_included=0
neurons (num_inputs, activation_function, activation_steepness)=(0, 0, 0.00000000000000000000e+00) (0, 0, 0.00000000000000000000e+00) (0, 0, 0.00000000000000000000e+00) (0, 0, 0.00000000000000000000e+00) (0, 0, 0.00000000000000000000e+00) (0, 0, 0.00000000000000000000e+00) (0, 0, 0.00000000000000000000e+00) (7, 6, 5.00000000000000000000e-01) (7, 6, 5.00000000000000000000e-01) (7, 6, 5.00000000000000000000e-01) (0, 6, 0.00000000000000000000e+00) (4, 4, 5.00000000000000000000e-01) (0, 4, 0.00000000000000000000e+00) 
connections (connected_to_neuron, weight)=(0, 6.60840728855873638103e-01) (1, -1.05753211848250616711e+00) (2, -5.78751607390079886306e-02) (3, -2.47775175628383415027e-01) (4, -1.06789251097390724965e+00) (5, -8.51897049172530285155e-01) (6, 8.27527571088552016398e-01) (0, 1.35240081454591742904e+00) (1, -1.96995534715288034278e+00) (2, -1.90887126442350352207e+00) (3, -1.80522704240240061679e+00) (4, -2.78490117470035691838e+00) (5, -2.80267757029004194180e+00) (6, 2.27861404630513586511e+00) (0, -9.80561655462235615133e-01) (1, 4.18316542757043574596e+00) (2, -2.01628438319742669949e-01) (3, 1.37174496330158074420e-01) (4, 5.26343323703738708019e-01) (5, 5.82998669078840126012e-01) (6, -2.07793500274382880733e+00) (7, -1.77357491208579820530e+00) (8, -1.25667136953087990037e+01) (9, 2.36924726515957662087e+00) (10, -2.02140073323735602884e+00) 
