FANN_FLO_2.1
num_layers=3
learning_rate=0.700000
connection_rate=1.000000
network_type=0
learning_momentum=0.000000
training_algorithm=2
train_error_function=1
train_stop_function=1
cascade_output_change_fraction=0.010000
quickprop_decay=-0.000100
quickprop_mu=1.750000
rprop_increase_factor=1.200000
rprop_decrease_factor=0.500000
rprop_delta_min=0.000000
rprop_delta_max=50.000000
rprop_delta_zero=0.100000
cascade_output_stagnation_epochs=12
cascade_candidate_change_fraction=0.010000
cascade_candidate_stagnation_epochs=12
cascade_max_out_epochs=150
cascade_min_out_epochs=50
cascade_max_cand_epochs=150
cascade_min_cand_epochs=50
cascade_num_candidate_groups=2
bit_fail_limit=1.00000000000000005551e-01
cascade_candidate_limit=1.00000000000000000000e+03
cascade_weight_multiplier=4.00000000000000022204e-01
cascade_activation_functions_count=10
cascade_activation_functions=3 5 7 8 10 11 14 15 16 17 
cascade_activation_steepnesses_count=4
cascade_activation_steepnesses=2.50000000000000000000e-01 5.00000000000000000000e-01 7.50000000000000000000e-01 1.00000000000000000000e+00 
layer_sizes=8 4 2 
scale_included=0
neurons (num_inputs, activation_function, activation_steepness)=(0, 0, 0.00000000000000000000e+00) (0, 0, 0.00000000000000000000e+00) (0, 0, 0.00000000000000000000e+00) (0, 0, 0.00000000000000000000e+00) (0, 0, 0.00000000000000000000e+00) (0, 0, 0.00000000000000000000e+00) (0, 0, 0.00000000000000000000e+00) (0, 0, 0.00000000000000000000e+00) (8, 6, 5.00000000000000000000e-01) (8, 6, 5.00000000000000000000e-01) (8, 6, 5.00000000000000000000e-01) (0, 6, 0.00000000000000000000e+00) (4, 4, 5.00000000000000000000e-01) (0, 4, 0.00000000000000000000e+00) 
connections (connected_to_neuron, weight)=(0, 1.01767774501402596954e+00) (1, -1.42996247527962205837e+00) (2, -6.27118595536226286491e-01) (3, 1.10620559076388191855e+00) (4, -2.73539552063494717515e+00) (5, 9.70671162703827694607e-01) (6, 7.50874376140345800579e-02) (7, 7.83017251062321117949e-01) (0, -8.61903110240053726976e-01) (1, 6.02596207049864829308e-01) (2, 1.30411006988007613927e+01) (3, -2.18609520151365765983e+00) (4, 2.43361810750187101959e+00) (5, -3.36422568573831171079e+00) (6, 2.36169954505384893650e+00) (7, -2.45523971074417368676e-01) (0, 1.53036524906153514891e+00) (1, -2.90401967594285892460e+00) (2, -3.50105306487462009102e+00) (3, 4.27429510813596369445e+00) (4, -3.60278323156416835360e+00) (5, 9.20281930014851745625e+00) (6, 1.25352342553385542878e+00) (7, 1.32229902438909929785e+00) (8, -1.63935489204635942428e+00) (9, 2.27757048458588906570e+00) (10, -1.21666932987906601937e+01) (11, -1.03045416326469929658e+00) 
