FANN_FLO_2.1
num_layers=3
learning_rate=0.700000
connection_rate=1.000000
network_type=0
learning_momentum=0.000000
training_algorithm=2
train_error_function=1
train_stop_function=1
cascade_output_change_fraction=0.010000
quickprop_decay=-0.000100
quickprop_mu=1.750000
rprop_increase_factor=1.200000
rprop_decrease_factor=0.500000
rprop_delta_min=0.000000
rprop_delta_max=50.000000
rprop_delta_zero=0.100000
cascade_output_stagnation_epochs=12
cascade_candidate_change_fraction=0.010000
cascade_candidate_stagnation_epochs=12
cascade_max_out_epochs=150
cascade_min_out_epochs=50
cascade_max_cand_epochs=150
cascade_min_cand_epochs=50
cascade_num_candidate_groups=2
bit_fail_limit=1.00000000000000005551e-01
cascade_candidate_limit=1.00000000000000000000e+03
cascade_weight_multiplier=4.00000000000000022204e-01
cascade_activation_functions_count=10
cascade_activation_functions=3 5 7 8 10 11 14 15 16 17 
cascade_activation_steepnesses_count=4
cascade_activation_steepnesses=2.50000000000000000000e-01 5.00000000000000000000e-01 7.50000000000000000000e-01 1.00000000000000000000e+00 
layer_sizes=8 4 2 
scale_included=0
neurons (num_inputs, activation_function, activation_steepness)=(0, 0, 0.00000000000000000000e+00) (0, 0, 0.00000000000000000000e+00) (0, 0, 0.00000000000000000000e+00) (0, 0, 0.00000000000000000000e+00) (0, 0, 0.00000000000000000000e+00) (0, 0, 0.00000000000000000000e+00) (0, 0, 0.00000000000000000000e+00) (0, 0, 0.00000000000000000000e+00) (8, 6, 5.00000000000000000000e-01) (8, 6, 5.00000000000000000000e-01) (8, 6, 5.00000000000000000000e-01) (0, 6, 0.00000000000000000000e+00) (4, 4, 5.00000000000000000000e-01) (0, 4, 0.00000000000000000000e+00) 
connections (connected_to_neuron, weight)=(0, 3.81634870359800348893e+00) (1, -2.20348948714638837032e+00) (2, -4.65792884693320718981e+00) (3, -2.57857630030006568234e+00) (4, -3.10604967206234849897e+00) (5, -2.17363713193805718760e+00) (6, 3.26795785032147056981e+00) (7, 4.10341867249724590039e+00) (0, -1.09087427226337307928e+00) (1, 2.36745584703742117938e+00) (2, 3.11177524313413389478e+00) (3, 2.48190854232650304212e+00) (4, 3.33241295524661040872e+00) (5, -7.85052186239581395455e-01) (6, 1.34683624743994978523e+00) (7, -3.54729440869035883566e+00) (0, -7.75317550377839642683e-02) (1, 9.02575647306620210131e-01) (2, 3.43643107916843382199e-01) (3, 2.93295162469413839279e-01) (4, 1.97316998456876058210e-01) (5, -3.27603737455665067202e-01) (6, -1.86336901479946498439e-01) (7, -1.95865929512003877910e-01) (8, -5.65928553356138053232e+00) (9, 6.35914182461993071627e+00) (10, 1.64672964062690585507e+00) (11, -7.89089873758036519646e-01) 
