FANN_FLO_2.1
num_layers=3
learning_rate=0.700000
connection_rate=1.000000
network_type=0
learning_momentum=0.000000
training_algorithm=2
train_error_function=1
train_stop_function=1
cascade_output_change_fraction=0.010000
quickprop_decay=-0.000100
quickprop_mu=1.750000
rprop_increase_factor=1.200000
rprop_decrease_factor=0.500000
rprop_delta_min=0.000000
rprop_delta_max=50.000000
rprop_delta_zero=0.100000
cascade_output_stagnation_epochs=12
cascade_candidate_change_fraction=0.010000
cascade_candidate_stagnation_epochs=12
cascade_max_out_epochs=150
cascade_min_out_epochs=50
cascade_max_cand_epochs=150
cascade_min_cand_epochs=50
cascade_num_candidate_groups=2
bit_fail_limit=1.00000000000000005551e-01
cascade_candidate_limit=1.00000000000000000000e+03
cascade_weight_multiplier=4.00000000000000022204e-01
cascade_activation_functions_count=10
cascade_activation_functions=3 5 7 8 10 11 14 15 16 17 
cascade_activation_steepnesses_count=4
cascade_activation_steepnesses=2.50000000000000000000e-01 5.00000000000000000000e-01 7.50000000000000000000e-01 1.00000000000000000000e+00 
layer_sizes=11 4 2 
scale_included=0
neurons (num_inputs, activation_function, activation_steepness)=(0, 0, 0.00000000000000000000e+00) (0, 0, 0.00000000000000000000e+00) (0, 0, 0.00000000000000000000e+00) (0, 0, 0.00000000000000000000e+00) (0, 0, 0.00000000000000000000e+00) (0, 0, 0.00000000000000000000e+00) (0, 0, 0.00000000000000000000e+00) (0, 0, 0.00000000000000000000e+00) (0, 0, 0.00000000000000000000e+00) (0, 0, 0.00000000000000000000e+00) (0, 0, 0.00000000000000000000e+00) (11, 6, 5.00000000000000000000e-01) (11, 6, 5.00000000000000000000e-01) (11, 6, 5.00000000000000000000e-01) (0, 6, 0.00000000000000000000e+00) (4, 4, 5.00000000000000000000e-01) (0, 4, 0.00000000000000000000e+00) 
connections (connected_to_neuron, weight)=(0, -3.49956423463948418373e+00) (1, 1.36653788955505617331e+00) (2, 5.57595331346472278256e+00) (3, -7.04041960275510914080e-01) (4, -1.11291478969388157871e+00) (5, -1.48450552503669408466e+00) (6, 6.35682082104799217603e+00) (7, -2.31906800889922459774e+00) (8, 1.19414264595618213605e-01) (9, 1.73449628452536641632e+00) (10, -5.00841133112384429005e-01) (0, -3.28293872204030590112e+00) (1, 2.89872173816921341327e+00) (2, 1.75845884647993799810e+00) (3, -1.20397410056765652442e+00) (4, -3.63139661187385165420e+00) (5, -1.46881722615371668184e+00) (6, 9.96785632482869332627e-01) (7, -1.65605417003426169664e+00) (8, 2.65636720734084119666e-01) (9, 4.11686373625462742609e+00) (10, -1.23035954199011898780e+00) (0, -3.58190984698661019081e+00) (1, 1.36529863448436983298e+00) (2, 5.67744627595529571806e+00) (3, -5.37683884239534615190e-01) (4, -1.10195671417050511387e+00) (5, -1.42358027975166034906e+00) (6, 6.44998073879000610731e+00) (7, -2.47583536231471379452e+00) (8, 2.31529092675557074399e-01) (9, 1.68833666692254125152e+00) (10, -5.20204434728960274370e-01) (11, 2.84726064190092031936e+00) (12, 7.74332413948616959942e+00) (13, 2.82666666343631645120e+00) (14, -2.38350204658001763036e+00) 
