FANN_FLO_2.1
num_layers=3
learning_rate=0.700000
connection_rate=1.000000
network_type=0
learning_momentum=0.000000
training_algorithm=2
train_error_function=1
train_stop_function=1
cascade_output_change_fraction=0.010000
quickprop_decay=-0.000100
quickprop_mu=1.750000
rprop_increase_factor=1.200000
rprop_decrease_factor=0.500000
rprop_delta_min=0.000000
rprop_delta_max=50.000000
rprop_delta_zero=0.100000
cascade_output_stagnation_epochs=12
cascade_candidate_change_fraction=0.010000
cascade_candidate_stagnation_epochs=12
cascade_max_out_epochs=150
cascade_min_out_epochs=50
cascade_max_cand_epochs=150
cascade_min_cand_epochs=50
cascade_num_candidate_groups=2
bit_fail_limit=1.00000000000000005551e-01
cascade_candidate_limit=1.00000000000000000000e+03
cascade_weight_multiplier=4.00000000000000022204e-01
cascade_activation_functions_count=10
cascade_activation_functions=3 5 7 8 10 11 14 15 16 17 
cascade_activation_steepnesses_count=4
cascade_activation_steepnesses=2.50000000000000000000e-01 5.00000000000000000000e-01 7.50000000000000000000e-01 1.00000000000000000000e+00 
layer_sizes=7 4 2 
scale_included=0
neurons (num_inputs, activation_function, activation_steepness)=(0, 0, 0.00000000000000000000e+00) (0, 0, 0.00000000000000000000e+00) (0, 0, 0.00000000000000000000e+00) (0, 0, 0.00000000000000000000e+00) (0, 0, 0.00000000000000000000e+00) (0, 0, 0.00000000000000000000e+00) (0, 0, 0.00000000000000000000e+00) (7, 6, 5.00000000000000000000e-01) (7, 6, 5.00000000000000000000e-01) (7, 6, 5.00000000000000000000e-01) (0, 6, 0.00000000000000000000e+00) (4, 4, 5.00000000000000000000e-01) (0, 4, 0.00000000000000000000e+00) 
connections (connected_to_neuron, weight)=(0, 8.79507343143910019778e-02) (1, 8.61724545158717214477e-01) (2, 8.57092081010558670684e-01) (3, 1.26629505834257270747e-02) (4, 1.10359990219018655466e+00) (5, 7.82025212368416600128e-01) (6, -1.46840988666072980173e-01) (0, 1.41729560393349207637e+00) (1, -2.28893830929528530049e+00) (2, -2.03266600076477743642e+00) (3, -7.46742403544053967579e-01) (4, -2.57108080633650670777e+00) (5, -2.43815354857516641829e+00) (6, 2.46190384736306810964e+00) (0, -2.53785801725508075588e-01) (1, 1.33640734041393516307e+00) (2, 7.59846427365408860766e-01) (3, 4.69410001056991058044e-02) (4, 1.23568105383537174546e+00) (5, 1.75650718450060794318e+00) (6, -7.94198061313545977669e-01) (7, 1.36254517932440255557e+00) (8, -1.22535434880919957834e+01) (9, 1.52429194773462506340e+00) (10, -1.67764278185958692902e+00) 
