FANN_FLO_2.1
num_layers=3
learning_rate=0.700000
connection_rate=1.000000
network_type=0
learning_momentum=0.000000
training_algorithm=2
train_error_function=1
train_stop_function=1
cascade_output_change_fraction=0.010000
quickprop_decay=-0.000100
quickprop_mu=1.750000
rprop_increase_factor=1.200000
rprop_decrease_factor=0.500000
rprop_delta_min=0.000000
rprop_delta_max=50.000000
rprop_delta_zero=0.100000
cascade_output_stagnation_epochs=12
cascade_candidate_change_fraction=0.010000
cascade_candidate_stagnation_epochs=12
cascade_max_out_epochs=150
cascade_min_out_epochs=50
cascade_max_cand_epochs=150
cascade_min_cand_epochs=50
cascade_num_candidate_groups=2
bit_fail_limit=1.00000000000000005551e-01
cascade_candidate_limit=1.00000000000000000000e+03
cascade_weight_multiplier=4.00000000000000022204e-01
cascade_activation_functions_count=10
cascade_activation_functions=3 5 7 8 10 11 14 15 16 17 
cascade_activation_steepnesses_count=4
cascade_activation_steepnesses=2.50000000000000000000e-01 5.00000000000000000000e-01 7.50000000000000000000e-01 1.00000000000000000000e+00 
layer_sizes=13 4 2 
scale_included=0
neurons (num_inputs, activation_function, activation_steepness)=(0, 0, 0.00000000000000000000e+00) (0, 0, 0.00000000000000000000e+00) (0, 0, 0.00000000000000000000e+00) (0, 0, 0.00000000000000000000e+00) (0, 0, 0.00000000000000000000e+00) (0, 0, 0.00000000000000000000e+00) (0, 0, 0.00000000000000000000e+00) (0, 0, 0.00000000000000000000e+00) (0, 0, 0.00000000000000000000e+00) (0, 0, 0.00000000000000000000e+00) (0, 0, 0.00000000000000000000e+00) (0, 0, 0.00000000000000000000e+00) (0, 0, 0.00000000000000000000e+00) (13, 6, 5.00000000000000000000e-01) (13, 6, 5.00000000000000000000e-01) (13, 6, 5.00000000000000000000e-01) (0, 6, 0.00000000000000000000e+00) (4, 4, 5.00000000000000000000e-01) (0, 4, 0.00000000000000000000e+00) 
connections (connected_to_neuron, weight)=(0, -6.83409434219686229284e+00) (1, 2.45417896996899202122e+02) (2, 7.42870911363054942100e-01) (3, 2.18719681835652757229e+00) (4, 3.95754479203038189716e-01) (5, 2.14824308152722043275e+00) (6, 1.44824004381096238525e+00) (7, -5.08559977033251842116e-01) (8, 1.52525566238447729539e+00) (9, 4.10427717222374788264e+00) (10, 1.97583746577065566541e-01) (11, 3.31176819288072132874e-01) (12, -2.37814688904234516897e+00) (0, 1.67927086983090290140e+00) (1, 3.44945115227781329281e+01) (2, -3.97637790076728447897e-01) (3, 6.86626198274740850991e+00) (4, -1.14065584851452989090e-01) (5, -8.42842357827098043188e-01) (6, -2.26102557833054579328e-01) (7, 9.41580504901642495463e-02) (8, -6.93598190523774804639e-02) (9, -1.70728272156041416263e-01) (10, 8.86719841510892559100e-01) (11, 1.46196620856462344840e-01) (12, 3.44096928712163463437e-01) (0, -1.24998633916302481772e+00) (1, 4.26371515788365726962e+01) (2, 4.70448711843709732605e-01) (3, 5.82442805658905937705e-01) (4, 9.74380508576345727434e-02) (5, 6.60641694822323266578e-01) (6, 3.97419861601502666382e-01) (7, 1.47483278884802532227e-01) (8, 4.46010839048463836320e-01) (9, 1.00820845230000144532e+00) (10, -3.18893242842314406094e-01) (11, 1.82816996603108766761e-01) (12, -2.00969742168721293707e-01) (13, 1.28475935328785322298e+01) (14, -5.58110849859802859996e-01) (15, 6.36693107345116082740e-01) (16, -1.39787664256532573326e+00) 
