FANN_FLO_2.1
num_layers=3
learning_rate=0.700000
connection_rate=1.000000
network_type=0
learning_momentum=0.000000
training_algorithm=2
train_error_function=1
train_stop_function=1
cascade_output_change_fraction=0.010000
quickprop_decay=-0.000100
quickprop_mu=1.750000
rprop_increase_factor=1.200000
rprop_decrease_factor=0.500000
rprop_delta_min=0.000000
rprop_delta_max=50.000000
rprop_delta_zero=0.100000
cascade_output_stagnation_epochs=12
cascade_candidate_change_fraction=0.010000
cascade_candidate_stagnation_epochs=12
cascade_max_out_epochs=150
cascade_min_out_epochs=50
cascade_max_cand_epochs=150
cascade_min_cand_epochs=50
cascade_num_candidate_groups=2
bit_fail_limit=1.00000000000000005551e-01
cascade_candidate_limit=1.00000000000000000000e+03
cascade_weight_multiplier=4.00000000000000022204e-01
cascade_activation_functions_count=10
cascade_activation_functions=3 5 7 8 10 11 14 15 16 17 
cascade_activation_steepnesses_count=4
cascade_activation_steepnesses=2.50000000000000000000e-01 5.00000000000000000000e-01 7.50000000000000000000e-01 1.00000000000000000000e+00 
layer_sizes=11 4 2 
scale_included=0
neurons (num_inputs, activation_function, activation_steepness)=(0, 0, 0.00000000000000000000e+00) (0, 0, 0.00000000000000000000e+00) (0, 0, 0.00000000000000000000e+00) (0, 0, 0.00000000000000000000e+00) (0, 0, 0.00000000000000000000e+00) (0, 0, 0.00000000000000000000e+00) (0, 0, 0.00000000000000000000e+00) (0, 0, 0.00000000000000000000e+00) (0, 0, 0.00000000000000000000e+00) (0, 0, 0.00000000000000000000e+00) (0, 0, 0.00000000000000000000e+00) (11, 6, 5.00000000000000000000e-01) (11, 6, 5.00000000000000000000e-01) (11, 6, 5.00000000000000000000e-01) (0, 6, 0.00000000000000000000e+00) (4, 4, 5.00000000000000000000e-01) (0, 4, 0.00000000000000000000e+00) 
connections (connected_to_neuron, weight)=(0, 4.67356445595896463630e+00) (1, 8.47595493987407699876e+00) (2, 4.35336336131442902531e-01) (3, 4.83219066978563815962e-02) (4, 3.05330989131699537253e-01) (5, 4.87198002445058064858e-01) (6, 1.04970444875143265051e+00) (7, 3.27003967786932359108e-01) (8, 3.91406645858157153928e-01) (9, -3.70986360632605993715e+00) (10, -2.53949924518144853902e-01) (0, -2.24086404492852597770e+00) (1, -2.21123350339951407761e+00) (2, -2.59291360302188245157e+00) (3, 4.84349577290868693602e-01) (4, 1.04193249242426699830e+00) (5, -1.62442763150907709679e+00) (6, -1.60469190489434110347e+00) (7, -1.76803252324233883819e+00) (8, -1.76721271959204062618e+00) (9, -2.08570115047319948332e+00) (10, 2.67199706859309804585e+00) (0, 4.11288919449928513927e+00) (1, 2.40354604840762320350e+00) (2, -1.13277360782887059898e+00) (3, 6.90101566981462521966e-01) (4, 3.05891634205682827474e-01) (5, 6.27526236189344888139e-01) (6, 8.49787223303303562716e+00) (7, 2.14170023373788598331e-01) (8, 8.13575151878463076471e-01) (9, 4.89167570506436666378e-01) (10, -1.30449466583326095792e-01) (11, 3.00458611196864922022e+00) (12, -3.81110858193874761923e+01) (13, 5.99021607722478588443e-01) (14, -7.96314773080769477964e-01) 
