FANN_FLO_2.1
num_layers=3
learning_rate=0.700000
connection_rate=1.000000
network_type=0
learning_momentum=0.000000
training_algorithm=2
train_error_function=1
train_stop_function=1
cascade_output_change_fraction=0.010000
quickprop_decay=-0.000100
quickprop_mu=1.750000
rprop_increase_factor=1.200000
rprop_decrease_factor=0.500000
rprop_delta_min=0.000000
rprop_delta_max=50.000000
rprop_delta_zero=0.100000
cascade_output_stagnation_epochs=12
cascade_candidate_change_fraction=0.010000
cascade_candidate_stagnation_epochs=12
cascade_max_out_epochs=150
cascade_min_out_epochs=50
cascade_max_cand_epochs=150
cascade_min_cand_epochs=50
cascade_num_candidate_groups=2
bit_fail_limit=1.00000000000000005551e-01
cascade_candidate_limit=1.00000000000000000000e+03
cascade_weight_multiplier=4.00000000000000022204e-01
cascade_activation_functions_count=10
cascade_activation_functions=3 5 7 8 10 11 14 15 16 17 
cascade_activation_steepnesses_count=4
cascade_activation_steepnesses=2.50000000000000000000e-01 5.00000000000000000000e-01 7.50000000000000000000e-01 1.00000000000000000000e+00 
layer_sizes=13 4 2 
scale_included=0
neurons (num_inputs, activation_function, activation_steepness)=(0, 0, 0.00000000000000000000e+00) (0, 0, 0.00000000000000000000e+00) (0, 0, 0.00000000000000000000e+00) (0, 0, 0.00000000000000000000e+00) (0, 0, 0.00000000000000000000e+00) (0, 0, 0.00000000000000000000e+00) (0, 0, 0.00000000000000000000e+00) (0, 0, 0.00000000000000000000e+00) (0, 0, 0.00000000000000000000e+00) (0, 0, 0.00000000000000000000e+00) (0, 0, 0.00000000000000000000e+00) (0, 0, 0.00000000000000000000e+00) (0, 0, 0.00000000000000000000e+00) (13, 6, 5.00000000000000000000e-01) (13, 6, 5.00000000000000000000e-01) (13, 6, 5.00000000000000000000e-01) (0, 6, 0.00000000000000000000e+00) (4, 4, 5.00000000000000000000e-01) (0, 4, 0.00000000000000000000e+00) 
connections (connected_to_neuron, weight)=(0, 2.15961348499720706684e+00) (1, -2.69032960907985208010e+00) (2, -1.27797751727169450753e-01) (3, -1.84401929956682275602e+00) (4, 1.97915279852227365964e+00) (5, -6.62027309513931849771e-01) (6, 2.10561777653323112247e+00) (7, -2.62040985639143575447e-01) (8, 1.66575883970365978826e+00) (9, 3.00881028809813111380e+00) (10, -1.39112929547451824597e+00) (11, 1.68539913974023192189e+00) (12, 1.68981414664688567306e+00) (0, -8.48238526125476566264e-01) (1, 1.81021133724257188291e+00) (2, -7.40030719180629459331e-01) (3, 3.64824933223942604599e-01) (4, -4.03146745569822217981e-01) (5, 3.97739730118197187814e-01) (6, 1.95122304941913560228e+00) (7, -4.46999972375616699827e-02) (8, -8.68310514111843678720e-01) (9, -4.92919204464991445036e+00) (10, 2.20442349640712933478e+01) (11, -1.34413621939442529118e+00) (12, -1.44991309465592688177e-01) (0, -7.46086004858175000365e-01) (1, 1.88701464902409021818e+00) (2, -4.62235741337001515561e-01) (3, 3.84902641004764567434e-01) (4, -1.05503060179926255735e+00) (5, 6.68749070437570036773e-01) (6, 1.32357385818802103516e-01) (7, 1.60338576090276359321e-02) (8, -4.49533222104419649678e-01) (9, -3.48521235951464403158e+00) (10, 1.92557007371741062407e+00) (11, -2.20076627160861360011e+00) (12, 1.71759376945646753676e-02) (13, -1.51165503956763025428e+01) (14, 7.14357067121082955907e+00) (15, 2.80331534641776780603e+00) (16, -1.24233458631419657614e+00) 
