FANN_FLO_2.1
num_layers=3
learning_rate=0.700000
connection_rate=1.000000
network_type=0
learning_momentum=0.000000
training_algorithm=2
train_error_function=1
train_stop_function=1
cascade_output_change_fraction=0.010000
quickprop_decay=-0.000100
quickprop_mu=1.750000
rprop_increase_factor=1.200000
rprop_decrease_factor=0.500000
rprop_delta_min=0.000000
rprop_delta_max=50.000000
rprop_delta_zero=0.100000
cascade_output_stagnation_epochs=12
cascade_candidate_change_fraction=0.010000
cascade_candidate_stagnation_epochs=12
cascade_max_out_epochs=150
cascade_min_out_epochs=50
cascade_max_cand_epochs=150
cascade_min_cand_epochs=50
cascade_num_candidate_groups=2
bit_fail_limit=1.00000000000000005551e-01
cascade_candidate_limit=1.00000000000000000000e+03
cascade_weight_multiplier=4.00000000000000022204e-01
cascade_activation_functions_count=10
cascade_activation_functions=3 5 7 8 10 11 14 15 16 17 
cascade_activation_steepnesses_count=4
cascade_activation_steepnesses=2.50000000000000000000e-01 5.00000000000000000000e-01 7.50000000000000000000e-01 1.00000000000000000000e+00 
layer_sizes=8 4 2 
scale_included=0
neurons (num_inputs, activation_function, activation_steepness)=(0, 0, 0.00000000000000000000e+00) (0, 0, 0.00000000000000000000e+00) (0, 0, 0.00000000000000000000e+00) (0, 0, 0.00000000000000000000e+00) (0, 0, 0.00000000000000000000e+00) (0, 0, 0.00000000000000000000e+00) (0, 0, 0.00000000000000000000e+00) (0, 0, 0.00000000000000000000e+00) (8, 6, 5.00000000000000000000e-01) (8, 6, 5.00000000000000000000e-01) (8, 6, 5.00000000000000000000e-01) (0, 6, 0.00000000000000000000e+00) (4, 4, 5.00000000000000000000e-01) (0, 4, 0.00000000000000000000e+00) 
connections (connected_to_neuron, weight)=(0, 4.03036711392130486686e-01) (1, -5.05930733566248513888e-01) (2, -2.99502654058912876067e+00) (3, -1.12845650382435103154e+00) (4, -3.36791248744256721537e+00) (5, 7.10772055351293952086e-01) (6, 2.36412812906132963064e+00) (7, 4.52409721910456807947e-01) (0, 2.80158250193375657489e+00) (1, -5.63211393486682521115e+00) (2, -2.29223961651521923599e+00) (3, -3.04166870347263929020e+00) (4, -4.28289814029909177151e+00) (5, 1.19402259798503451727e+00) (6, 6.72053182039683227877e-01) (7, 5.65281750967090257376e+00) (0, -9.39408018312989923082e-01) (1, 5.00939370577271958496e+00) (2, 2.77823544952171097577e+00) (3, 3.34679510709374294919e+00) (4, 1.49920625173941179931e+00) (5, 1.42050134045672571403e+00) (6, -1.80594382640398443129e+00) (7, -4.45897041662729876066e+00) (8, -2.18637505043677471406e+00) (9, -4.60307378327359195680e+00) (10, 5.27742275461354459765e+00) (11, -1.59455533362210433168e+00) 
