FANN_FLO_2.1
num_layers=3
learning_rate=0.700000
connection_rate=1.000000
network_type=0
learning_momentum=0.000000
training_algorithm=2
train_error_function=1
train_stop_function=1
cascade_output_change_fraction=0.010000
quickprop_decay=-0.000100
quickprop_mu=1.750000
rprop_increase_factor=1.200000
rprop_decrease_factor=0.500000
rprop_delta_min=0.000000
rprop_delta_max=50.000000
rprop_delta_zero=0.100000
cascade_output_stagnation_epochs=12
cascade_candidate_change_fraction=0.010000
cascade_candidate_stagnation_epochs=12
cascade_max_out_epochs=150
cascade_min_out_epochs=50
cascade_max_cand_epochs=150
cascade_min_cand_epochs=50
cascade_num_candidate_groups=2
bit_fail_limit=1.00000000000000005551e-01
cascade_candidate_limit=1.00000000000000000000e+03
cascade_weight_multiplier=4.00000000000000022204e-01
cascade_activation_functions_count=10
cascade_activation_functions=3 5 7 8 10 11 14 15 16 17 
cascade_activation_steepnesses_count=4
cascade_activation_steepnesses=2.50000000000000000000e-01 5.00000000000000000000e-01 7.50000000000000000000e-01 1.00000000000000000000e+00 
layer_sizes=8 4 2 
scale_included=0
neurons (num_inputs, activation_function, activation_steepness)=(0, 0, 0.00000000000000000000e+00) (0, 0, 0.00000000000000000000e+00) (0, 0, 0.00000000000000000000e+00) (0, 0, 0.00000000000000000000e+00) (0, 0, 0.00000000000000000000e+00) (0, 0, 0.00000000000000000000e+00) (0, 0, 0.00000000000000000000e+00) (0, 0, 0.00000000000000000000e+00) (8, 6, 5.00000000000000000000e-01) (8, 6, 5.00000000000000000000e-01) (8, 6, 5.00000000000000000000e-01) (0, 6, 0.00000000000000000000e+00) (4, 4, 5.00000000000000000000e-01) (0, 4, 0.00000000000000000000e+00) 
connections (connected_to_neuron, weight)=(0, 7.75230143973558827319e-01) (1, -9.76850043957319891241e-01) (2, -2.61111381057867221467e-02) (3, -4.06963706203126052152e-01) (4, 2.27067655941575796685e-01) (5, -1.97083914276828309209e-01) (6, -3.78358526294792607558e-01) (7, 4.04529090555448389566e-01) (0, -4.55461503769581277368e+00) (1, 2.19039058425186139445e+00) (2, 1.41444557267672932355e+00) (3, 1.51667268125277487911e+00) (4, -1.24347940832003484024e-02) (5, 1.37249342648249594845e+00) (6, 9.01339063139678597913e-01) (7, -2.51645757318096974231e+00) (0, -4.47079839016621072290e+00) (1, 2.18393215649483662943e+00) (2, 1.47034902605659878461e+00) (3, 1.50863354949217765011e+00) (4, -1.36490600630603475807e-01) (5, 1.52155227510195700802e+00) (6, 9.84460102113010049329e-01) (7, -2.49566317409830906726e+00) (8, -8.74893370990839414070e-01) (9, 5.84386637249267248961e+00) (10, 5.89688382485187201354e+00) (11, -1.04321082743770188195e+00) 
