FANN_FLO_2.1
num_layers=3
learning_rate=0.700000
connection_rate=1.000000
network_type=0
learning_momentum=0.000000
training_algorithm=2
train_error_function=1
train_stop_function=1
cascade_output_change_fraction=0.010000
quickprop_decay=-0.000100
quickprop_mu=1.750000
rprop_increase_factor=1.200000
rprop_decrease_factor=0.500000
rprop_delta_min=0.000000
rprop_delta_max=50.000000
rprop_delta_zero=0.100000
cascade_output_stagnation_epochs=12
cascade_candidate_change_fraction=0.010000
cascade_candidate_stagnation_epochs=12
cascade_max_out_epochs=150
cascade_min_out_epochs=50
cascade_max_cand_epochs=150
cascade_min_cand_epochs=50
cascade_num_candidate_groups=2
bit_fail_limit=1.00000000000000005551e-01
cascade_candidate_limit=1.00000000000000000000e+03
cascade_weight_multiplier=4.00000000000000022204e-01
cascade_activation_functions_count=10
cascade_activation_functions=3 5 7 8 10 11 14 15 16 17 
cascade_activation_steepnesses_count=4
cascade_activation_steepnesses=2.50000000000000000000e-01 5.00000000000000000000e-01 7.50000000000000000000e-01 1.00000000000000000000e+00 
layer_sizes=11 4 2 
scale_included=0
neurons (num_inputs, activation_function, activation_steepness)=(0, 0, 0.00000000000000000000e+00) (0, 0, 0.00000000000000000000e+00) (0, 0, 0.00000000000000000000e+00) (0, 0, 0.00000000000000000000e+00) (0, 0, 0.00000000000000000000e+00) (0, 0, 0.00000000000000000000e+00) (0, 0, 0.00000000000000000000e+00) (0, 0, 0.00000000000000000000e+00) (0, 0, 0.00000000000000000000e+00) (0, 0, 0.00000000000000000000e+00) (0, 0, 0.00000000000000000000e+00) (11, 6, 5.00000000000000000000e-01) (11, 6, 5.00000000000000000000e-01) (11, 6, 5.00000000000000000000e-01) (0, 6, 0.00000000000000000000e+00) (4, 4, 5.00000000000000000000e-01) (0, 4, 0.00000000000000000000e+00) 
connections (connected_to_neuron, weight)=(0, 3.56143447424737136231e+00) (1, -2.00938892828318405037e+00) (2, 2.42659910697936354040e-01) (3, -2.44395227340990794929e+00) (4, 1.01380363444890075897e+00) (5, 1.30602797604646636564e+00) (6, 1.38031519688215209563e+00) (7, -2.34929102122887689674e+00) (8, 1.40756974099965703751e+00) (9, -2.33699692249402124489e+00) (10, 9.95302009983912161495e-01) (0, -8.31316951290925532092e-01) (1, 4.75519817588961335453e-01) (2, 1.68148823088662940917e-01) (3, 2.03560050712445583798e+00) (4, -3.08000579214483871660e-01) (5, -3.28928004688412267686e-01) (6, -2.37275264895350085359e-01) (7, 5.89129557340047860237e+00) (8, -8.50097621104524830971e-02) (9, 5.81172887860439324470e+00) (10, 3.49627726161701873897e-02) (0, 3.52915881242123763428e+00) (1, -1.89489225016924711653e+00) (2, 1.92168462206124601721e-01) (3, -2.46624517051512492927e+00) (4, 1.01898660103882843231e+00) (5, 1.27059001214351607878e+00) (6, 1.31177173666205360014e+00) (7, -2.39495029509171564186e+00) (8, 1.53695612503977430130e+00) (9, -2.24457668207987648401e+00) (10, 1.00439682941044861053e+00) (11, -9.64756430815053001027e+00) (12, 1.21419019350340096075e+00) (13, -9.63900054748249068837e+00) (14, -1.14529281488845802173e+00) 
