FANN_FLO_2.1
num_layers=3
learning_rate=0.700000
connection_rate=1.000000
network_type=0
learning_momentum=0.000000
training_algorithm=2
train_error_function=1
train_stop_function=1
cascade_output_change_fraction=0.010000
quickprop_decay=-0.000100
quickprop_mu=1.750000
rprop_increase_factor=1.200000
rprop_decrease_factor=0.500000
rprop_delta_min=0.000000
rprop_delta_max=50.000000
rprop_delta_zero=0.100000
cascade_output_stagnation_epochs=12
cascade_candidate_change_fraction=0.010000
cascade_candidate_stagnation_epochs=12
cascade_max_out_epochs=150
cascade_min_out_epochs=50
cascade_max_cand_epochs=150
cascade_min_cand_epochs=50
cascade_num_candidate_groups=2
bit_fail_limit=1.00000000000000005551e-01
cascade_candidate_limit=1.00000000000000000000e+03
cascade_weight_multiplier=4.00000000000000022204e-01
cascade_activation_functions_count=10
cascade_activation_functions=3 5 7 8 10 11 14 15 16 17 
cascade_activation_steepnesses_count=4
cascade_activation_steepnesses=2.50000000000000000000e-01 5.00000000000000000000e-01 7.50000000000000000000e-01 1.00000000000000000000e+00 
layer_sizes=13 4 2 
scale_included=0
neurons (num_inputs, activation_function, activation_steepness)=(0, 0, 0.00000000000000000000e+00) (0, 0, 0.00000000000000000000e+00) (0, 0, 0.00000000000000000000e+00) (0, 0, 0.00000000000000000000e+00) (0, 0, 0.00000000000000000000e+00) (0, 0, 0.00000000000000000000e+00) (0, 0, 0.00000000000000000000e+00) (0, 0, 0.00000000000000000000e+00) (0, 0, 0.00000000000000000000e+00) (0, 0, 0.00000000000000000000e+00) (0, 0, 0.00000000000000000000e+00) (0, 0, 0.00000000000000000000e+00) (0, 0, 0.00000000000000000000e+00) (13, 6, 5.00000000000000000000e-01) (13, 6, 5.00000000000000000000e-01) (13, 6, 5.00000000000000000000e-01) (0, 6, 0.00000000000000000000e+00) (4, 4, 5.00000000000000000000e-01) (0, 4, 0.00000000000000000000e+00) 
connections (connected_to_neuron, weight)=(0, -6.20724852561918005733e+00) (1, 1.83713668956029918533e+00) (2, 8.22743852835110422994e-01) (3, 2.91250003116077738063e-01) (4, 2.88022943433383950274e-02) (5, 6.09883962317919303686e-01) (6, -1.91740469049936579360e-01) (7, -2.45095909547334955825e-01) (8, 4.34012537134199294364e-01) (9, -5.14901500924347388377e-02) (10, 2.71018423142358990674e+01) (11, 3.10057322879633101564e+00) (12, -8.21911453910087241859e-01) (0, 5.31667955366794231509e+00) (1, -1.07263914689654460410e+00) (2, -4.30469801201130708446e-01) (3, -5.86787097767936693948e-01) (4, -2.27158714568049546756e+00) (5, -2.47481176052839835222e+00) (6, -6.38752806740412321096e-02) (7, 1.18906356040894278792e-01) (8, -1.08386889371222783218e+00) (9, -7.02616831551254650279e-01) (10, 1.46855854122500772974e+00) (11, 1.51947291597933653584e+00) (12, 1.31153143370209623875e+00) (0, -1.47670655712803933213e+00) (1, 3.34615836877056871401e-01) (2, 3.68642777650741493289e-01) (3, 2.95495871993523451238e-01) (4, 2.34183467452688337529e-01) (5, 7.10141613296221385632e-01) (6, 1.30733709300207584514e-01) (7, 3.44355388498650993867e-01) (8, 4.06123849929903468770e-01) (9, 1.07888416195458872182e-01) (10, 4.77723989433503071211e+00) (11, 1.50077978596059491423e+00) (12, -2.16443504391284513577e-01) (13, 8.19126500218438735601e+00) (14, -6.23101927891340956478e+00) (15, 2.29228872024592700285e+00) (16, -1.11956078742526066172e+00) 
