FANN_FLO_2.1
num_layers=3
learning_rate=0.700000
connection_rate=1.000000
network_type=0
learning_momentum=0.000000
training_algorithm=2
train_error_function=1
train_stop_function=1
cascade_output_change_fraction=0.010000
quickprop_decay=-0.000100
quickprop_mu=1.750000
rprop_increase_factor=1.200000
rprop_decrease_factor=0.500000
rprop_delta_min=0.000000
rprop_delta_max=50.000000
rprop_delta_zero=0.100000
cascade_output_stagnation_epochs=12
cascade_candidate_change_fraction=0.010000
cascade_candidate_stagnation_epochs=12
cascade_max_out_epochs=150
cascade_min_out_epochs=50
cascade_max_cand_epochs=150
cascade_min_cand_epochs=50
cascade_num_candidate_groups=2
bit_fail_limit=1.00000000000000005551e-01
cascade_candidate_limit=1.00000000000000000000e+03
cascade_weight_multiplier=4.00000000000000022204e-01
cascade_activation_functions_count=10
cascade_activation_functions=3 5 7 8 10 11 14 15 16 17 
cascade_activation_steepnesses_count=4
cascade_activation_steepnesses=2.50000000000000000000e-01 5.00000000000000000000e-01 7.50000000000000000000e-01 1.00000000000000000000e+00 
layer_sizes=11 4 2 
scale_included=0
neurons (num_inputs, activation_function, activation_steepness)=(0, 0, 0.00000000000000000000e+00) (0, 0, 0.00000000000000000000e+00) (0, 0, 0.00000000000000000000e+00) (0, 0, 0.00000000000000000000e+00) (0, 0, 0.00000000000000000000e+00) (0, 0, 0.00000000000000000000e+00) (0, 0, 0.00000000000000000000e+00) (0, 0, 0.00000000000000000000e+00) (0, 0, 0.00000000000000000000e+00) (0, 0, 0.00000000000000000000e+00) (0, 0, 0.00000000000000000000e+00) (11, 6, 5.00000000000000000000e-01) (11, 6, 5.00000000000000000000e-01) (11, 6, 5.00000000000000000000e-01) (0, 6, 0.00000000000000000000e+00) (4, 4, 5.00000000000000000000e-01) (0, 4, 0.00000000000000000000e+00) 
connections (connected_to_neuron, weight)=(0, 6.61965322772674813478e+00) (1, -1.17002857477691635246e+00) (2, 6.76099099921082968834e-01) (3, -1.70745210637069133597e+00) (4, 7.66871067802210149011e-01) (5, 1.61746427452927088453e+00) (6, 9.56184727820298507872e-01) (7, -1.77325196055837785991e+00) (8, -4.08567154028588586101e+00) (9, 3.45695593271623868858e+00) (10, 4.63443890381127876488e-01) (0, -6.34647199535219286304e+00) (1, 2.11837450481716871309e+00) (2, -6.64605286415011486945e-02) (3, 2.89066111655025226312e+00) (4, -1.24792637081661839105e+00) (5, -2.92584389855640303324e+00) (6, -1.18997347635307582081e+00) (7, 2.82382601876551575515e+00) (8, 2.14140233117565781384e+00) (9, -2.11168117094016016821e+00) (10, -1.47155910193431244126e-01) (0, -6.39804642671196077686e+00) (1, 2.13823147929970502901e+00) (2, -3.56122900243193429848e-02) (3, 2.87836250276355487543e+00) (4, -1.20509988965311665154e+00) (5, -2.94092898478286635111e+00) (6, -1.15261770320215495289e+00) (7, 2.78535555680090851638e+00) (8, 2.27394353318438158240e+00) (9, -1.99390888231968799182e+00) (10, -1.87802954971301394593e-01) (11, -3.01395138834186093746e+00) (12, 4.46485467232554000816e+00) (13, 1.00008156399951904092e+01) (14, -8.05456375568676330445e-01) 
