FANN_FLO_2.1
num_layers=3
learning_rate=0.700000
connection_rate=1.000000
network_type=0
learning_momentum=0.000000
training_algorithm=2
train_error_function=1
train_stop_function=1
cascade_output_change_fraction=0.010000
quickprop_decay=-0.000100
quickprop_mu=1.750000
rprop_increase_factor=1.200000
rprop_decrease_factor=0.500000
rprop_delta_min=0.000000
rprop_delta_max=50.000000
rprop_delta_zero=0.100000
cascade_output_stagnation_epochs=12
cascade_candidate_change_fraction=0.010000
cascade_candidate_stagnation_epochs=12
cascade_max_out_epochs=150
cascade_min_out_epochs=50
cascade_max_cand_epochs=150
cascade_min_cand_epochs=50
cascade_num_candidate_groups=2
bit_fail_limit=1.00000000000000005551e-01
cascade_candidate_limit=1.00000000000000000000e+03
cascade_weight_multiplier=4.00000000000000022204e-01
cascade_activation_functions_count=10
cascade_activation_functions=3 5 7 8 10 11 14 15 16 17 
cascade_activation_steepnesses_count=4
cascade_activation_steepnesses=2.50000000000000000000e-01 5.00000000000000000000e-01 7.50000000000000000000e-01 1.00000000000000000000e+00 
layer_sizes=16 4 2 
scale_included=0
neurons (num_inputs, activation_function, activation_steepness)=(0, 0, 0.00000000000000000000e+00) (0, 0, 0.00000000000000000000e+00) (0, 0, 0.00000000000000000000e+00) (0, 0, 0.00000000000000000000e+00) (0, 0, 0.00000000000000000000e+00) (0, 0, 0.00000000000000000000e+00) (0, 0, 0.00000000000000000000e+00) (0, 0, 0.00000000000000000000e+00) (0, 0, 0.00000000000000000000e+00) (0, 0, 0.00000000000000000000e+00) (0, 0, 0.00000000000000000000e+00) (0, 0, 0.00000000000000000000e+00) (0, 0, 0.00000000000000000000e+00) (0, 0, 0.00000000000000000000e+00) (0, 0, 0.00000000000000000000e+00) (0, 0, 0.00000000000000000000e+00) (16, 6, 5.00000000000000000000e-01) (16, 6, 5.00000000000000000000e-01) (16, 6, 5.00000000000000000000e-01) (0, 6, 0.00000000000000000000e+00) (4, 4, 5.00000000000000000000e-01) (0, 4, 0.00000000000000000000e+00) 
connections (connected_to_neuron, weight)=(0, -4.31971879256163704408e-01) (1, 9.47097841378460536532e-01) (2, 2.67391129904658297889e-01) (3, 5.34559836131267562820e-01) (4, 2.73515108339846546581e-02) (5, -7.59850916154324595997e-02) (6, -4.82769423675929176820e-01) (7, -5.93782392032086506206e-02) (8, -8.45934717726107288094e-03) (9, -3.91943083656226265443e-01) (10, -5.13112273700177257130e-02) (11, 1.97179725917248749312e-01) (12, -9.12568397041569001615e-01) (13, 2.33264094742207550581e-01) (14, 1.22684000583558092123e-01) (15, 1.79237845652163441112e-02) (0, -3.48902378447004946072e-02) (1, 4.35124921585014090564e-01) (2, 6.47512372764627447408e-02) (3, 8.75276694568661445262e-02) (4, -1.12733532189644036769e+00) (5, -6.20835796117583882392e-01) (6, 3.45359573205986578048e-02) (7, -4.58649911105433960579e-01) (8, -4.99475620806018372200e-01) (9, 1.78434496565727296336e-01) (10, -5.96337907135287892402e-01) (11, -2.52545880591122817727e-01) (12, -1.42772500573088101383e-01) (13, -5.93934640407363545478e-01) (14, -1.50338085521595388183e-01) (15, -5.65679859489003789008e-01) (0, 4.17894438111121679924e+00) (1, -5.82315277298416766882e+00) (2, -3.87022838908561706006e-01) (3, 3.84913869122271323775e-01) (4, 6.14614029816395679440e-01) (5, 8.69047345649015090530e-01) (6, 1.21994917062336627467e+00) (7, 1.22696816888863269313e+00) (8, 7.29410382941305446280e-01) (9, 1.24962411788517657740e+00) (10, 1.18479889598900500758e+00) (11, 3.02874928654448982712e-01) (12, 4.33248004519279028557e+00) (13, 2.75333905906693932053e-01) (14, 3.10413748206258277573e-01) (15, 9.04527904521237768876e-01) (16, 1.24278012313658448029e+00) (17, 5.66483029904903734320e-01) (18, -5.91429917504515323401e+00) (19, -4.07052285046512918321e-01) 
