FANN_FLO_2.1
num_layers=3
learning_rate=0.700000
connection_rate=1.000000
network_type=0
learning_momentum=0.000000
training_algorithm=2
train_error_function=1
train_stop_function=1
cascade_output_change_fraction=0.010000
quickprop_decay=-0.000100
quickprop_mu=1.750000
rprop_increase_factor=1.200000
rprop_decrease_factor=0.500000
rprop_delta_min=0.000000
rprop_delta_max=50.000000
rprop_delta_zero=0.100000
cascade_output_stagnation_epochs=12
cascade_candidate_change_fraction=0.010000
cascade_candidate_stagnation_epochs=12
cascade_max_out_epochs=150
cascade_min_out_epochs=50
cascade_max_cand_epochs=150
cascade_min_cand_epochs=50
cascade_num_candidate_groups=2
bit_fail_limit=1.00000000000000005551e-01
cascade_candidate_limit=1.00000000000000000000e+03
cascade_weight_multiplier=4.00000000000000022204e-01
cascade_activation_functions_count=10
cascade_activation_functions=3 5 7 8 10 11 14 15 16 17 
cascade_activation_steepnesses_count=4
cascade_activation_steepnesses=2.50000000000000000000e-01 5.00000000000000000000e-01 7.50000000000000000000e-01 1.00000000000000000000e+00 
layer_sizes=11 4 2 
scale_included=0
neurons (num_inputs, activation_function, activation_steepness)=(0, 0, 0.00000000000000000000e+00) (0, 0, 0.00000000000000000000e+00) (0, 0, 0.00000000000000000000e+00) (0, 0, 0.00000000000000000000e+00) (0, 0, 0.00000000000000000000e+00) (0, 0, 0.00000000000000000000e+00) (0, 0, 0.00000000000000000000e+00) (0, 0, 0.00000000000000000000e+00) (0, 0, 0.00000000000000000000e+00) (0, 0, 0.00000000000000000000e+00) (0, 0, 0.00000000000000000000e+00) (11, 6, 5.00000000000000000000e-01) (11, 6, 5.00000000000000000000e-01) (11, 6, 5.00000000000000000000e-01) (0, 6, 0.00000000000000000000e+00) (4, 4, 5.00000000000000000000e-01) (0, 4, 0.00000000000000000000e+00) 
connections (connected_to_neuron, weight)=(0, -9.48179949342509043042e-01) (1, 1.96187883838931020897e+00) (2, 8.50497531299508335856e-01) (3, -1.42637254767972176950e-01) (4, -1.44478332090767791485e+00) (5, -4.39625996604522950584e-01) (6, 1.23338895245966773118e+00) (7, 7.11983747271865974326e-01) (8, 9.50689872963349058566e-01) (9, 6.68744518942752330659e-01) (10, 3.60782035808812212574e-02) (0, 1.75299163182511463788e+00) (1, -9.77941712899947690474e-01) (2, -1.37543664058539905071e+00) (3, 4.72375420385848454607e-01) (4, 1.62810395900349269560e+00) (5, 7.43411595119491508399e-01) (6, -5.98830828214579113933e-01) (7, 2.75695998135339626067e-02) (8, -7.48042807538005449786e-01) (9, -5.59701707408320592307e-01) (10, 4.31000459155153614610e-01) (0, 1.85435742904677525189e+00) (1, -1.06998880074813396135e+00) (2, -1.46220964869353808879e+00) (3, 4.51320452147971562518e-01) (4, 1.71371615175346980742e+00) (5, 7.26278195275321891700e-01) (6, -6.43077483172111996623e-01) (7, -3.58676385220752513838e-02) (8, -6.59992866773101427569e-01) (9, -7.14656751797091760459e-01) (10, 5.03996784946035836228e-01) (11, 1.94658444474120218004e+00) (12, -1.75102197156422079161e+01) (13, -1.75611781590752542570e+01) (14, -1.96905336256780527648e-01) 
