FANN_FLO_2.1
num_layers=3
learning_rate=0.700000
connection_rate=1.000000
network_type=0
learning_momentum=0.000000
training_algorithm=2
train_error_function=1
train_stop_function=1
cascade_output_change_fraction=0.010000
quickprop_decay=-0.000100
quickprop_mu=1.750000
rprop_increase_factor=1.200000
rprop_decrease_factor=0.500000
rprop_delta_min=0.000000
rprop_delta_max=50.000000
rprop_delta_zero=0.100000
cascade_output_stagnation_epochs=12
cascade_candidate_change_fraction=0.010000
cascade_candidate_stagnation_epochs=12
cascade_max_out_epochs=150
cascade_min_out_epochs=50
cascade_max_cand_epochs=150
cascade_min_cand_epochs=50
cascade_num_candidate_groups=2
bit_fail_limit=1.00000000000000005551e-01
cascade_candidate_limit=1.00000000000000000000e+03
cascade_weight_multiplier=4.00000000000000022204e-01
cascade_activation_functions_count=10
cascade_activation_functions=3 5 7 8 10 11 14 15 16 17 
cascade_activation_steepnesses_count=4
cascade_activation_steepnesses=2.50000000000000000000e-01 5.00000000000000000000e-01 7.50000000000000000000e-01 1.00000000000000000000e+00 
layer_sizes=6 4 2 
scale_included=0
neurons (num_inputs, activation_function, activation_steepness)=(0, 0, 0.00000000000000000000e+00) (0, 0, 0.00000000000000000000e+00) (0, 0, 0.00000000000000000000e+00) (0, 0, 0.00000000000000000000e+00) (0, 0, 0.00000000000000000000e+00) (0, 0, 0.00000000000000000000e+00) (6, 6, 5.00000000000000000000e-01) (6, 6, 5.00000000000000000000e-01) (6, 6, 5.00000000000000000000e-01) (0, 6, 0.00000000000000000000e+00) (4, 4, 5.00000000000000000000e-01) (0, 4, 0.00000000000000000000e+00) 
connections (connected_to_neuron, weight)=(0, -2.88077540629063388877e+00) (1, 1.96976221328812961531e+00) (2, -8.19529698720667248990e-02) (3, 1.46819789066385819609e-01) (4, -2.75377645649467250877e+00) (5, -4.09770011714203519215e-01) (0, -2.83004638977800127009e+00) (1, 2.01941733212310126078e+00) (2, -1.01664664754829908722e-01) (3, 7.38851975942372840578e-02) (4, -2.80384824105058427790e+00) (5, -1.11848888779239347135e-01) (0, 4.07621694519775168430e+00) (1, -1.89124421112217921959e+00) (2, -1.89017547680422032252e-01) (3, 2.60544066126584365761e-02) (4, 2.16666186025676177351e+00) (5, 1.83082020086509728030e-01) (6, 1.16777559144464095908e+01) (7, 2.81331562571981041998e+00) (8, -7.80914261149013277929e+00) (9, -1.40542451490044761897e+00) 
