FANN_FLO_2.1
num_layers=3
learning_rate=0.700000
connection_rate=1.000000
network_type=0
learning_momentum=0.000000
training_algorithm=2
train_error_function=1
train_stop_function=1
cascade_output_change_fraction=0.010000
quickprop_decay=-0.000100
quickprop_mu=1.750000
rprop_increase_factor=1.200000
rprop_decrease_factor=0.500000
rprop_delta_min=0.000000
rprop_delta_max=50.000000
rprop_delta_zero=0.100000
cascade_output_stagnation_epochs=12
cascade_candidate_change_fraction=0.010000
cascade_candidate_stagnation_epochs=12
cascade_max_out_epochs=150
cascade_min_out_epochs=50
cascade_max_cand_epochs=150
cascade_min_cand_epochs=50
cascade_num_candidate_groups=2
bit_fail_limit=1.00000000000000005551e-01
cascade_candidate_limit=1.00000000000000000000e+03
cascade_weight_multiplier=4.00000000000000022204e-01
cascade_activation_functions_count=10
cascade_activation_functions=3 5 7 8 10 11 14 15 16 17 
cascade_activation_steepnesses_count=4
cascade_activation_steepnesses=2.50000000000000000000e-01 5.00000000000000000000e-01 7.50000000000000000000e-01 1.00000000000000000000e+00 
layer_sizes=6 4 2 
scale_included=0
neurons (num_inputs, activation_function, activation_steepness)=(0, 0, 0.00000000000000000000e+00) (0, 0, 0.00000000000000000000e+00) (0, 0, 0.00000000000000000000e+00) (0, 0, 0.00000000000000000000e+00) (0, 0, 0.00000000000000000000e+00) (0, 0, 0.00000000000000000000e+00) (6, 6, 5.00000000000000000000e-01) (6, 6, 5.00000000000000000000e-01) (6, 6, 5.00000000000000000000e-01) (0, 6, 0.00000000000000000000e+00) (4, 4, 5.00000000000000000000e-01) (0, 4, 0.00000000000000000000e+00) 
connections (connected_to_neuron, weight)=(0, 1.20945769241684200068e+01) (1, -2.57245914700375966078e+00) (2, -1.94818217355976530669e+00) (3, 1.50000000000000000000e+03) (4, -5.16306862641017438875e-01) (5, -2.15143443836855263740e+00) (0, -4.15126233261375432448e+00) (1, 7.00280609136433618289e+00) (2, 4.94560524992378347520e+00) (3, 1.50000000000000000000e+03) (4, 6.17581930930201838947e+00) (5, -2.94534731814415084994e-01) (0, 1.93858029563610045898e+00) (1, 4.29257889110585910686e+00) (2, 4.34802901660457497002e+00) (3, 1.50000000000000000000e+03) (4, -5.04483133960406782137e-01) (5, -3.05204316392878460817e+00) (6, 5.76924296860783414331e+00) (7, 6.59719587358153058965e-01) (8, 5.82356185186682306920e+00) (9, -5.48582679670744610689e+00) 
