FANN_FLO_2.1
num_layers=3
learning_rate=0.700000
connection_rate=1.000000
network_type=0
learning_momentum=0.000000
training_algorithm=2
train_error_function=1
train_stop_function=1
cascade_output_change_fraction=0.010000
quickprop_decay=-0.000100
quickprop_mu=1.750000
rprop_increase_factor=1.200000
rprop_decrease_factor=0.500000
rprop_delta_min=0.000000
rprop_delta_max=50.000000
rprop_delta_zero=0.100000
cascade_output_stagnation_epochs=12
cascade_candidate_change_fraction=0.010000
cascade_candidate_stagnation_epochs=12
cascade_max_out_epochs=150
cascade_min_out_epochs=50
cascade_max_cand_epochs=150
cascade_min_cand_epochs=50
cascade_num_candidate_groups=2
bit_fail_limit=1.00000000000000005551e-01
cascade_candidate_limit=1.00000000000000000000e+03
cascade_weight_multiplier=4.00000000000000022204e-01
cascade_activation_functions_count=10
cascade_activation_functions=3 5 7 8 10 11 14 15 16 17 
cascade_activation_steepnesses_count=4
cascade_activation_steepnesses=2.50000000000000000000e-01 5.00000000000000000000e-01 7.50000000000000000000e-01 1.00000000000000000000e+00 
layer_sizes=10 4 2 
scale_included=0
neurons (num_inputs, activation_function, activation_steepness)=(0, 0, 0.00000000000000000000e+00) (0, 0, 0.00000000000000000000e+00) (0, 0, 0.00000000000000000000e+00) (0, 0, 0.00000000000000000000e+00) (0, 0, 0.00000000000000000000e+00) (0, 0, 0.00000000000000000000e+00) (0, 0, 0.00000000000000000000e+00) (0, 0, 0.00000000000000000000e+00) (0, 0, 0.00000000000000000000e+00) (0, 0, 0.00000000000000000000e+00) (10, 6, 5.00000000000000000000e-01) (10, 6, 5.00000000000000000000e-01) (10, 6, 5.00000000000000000000e-01) (0, 6, 0.00000000000000000000e+00) (4, 4, 5.00000000000000000000e-01) (0, 4, 0.00000000000000000000e+00) 
connections (connected_to_neuron, weight)=(0, 1.31377303736017814195e+00) (1, -2.18348438634522290513e+00) (2, -3.02072128070060896832e+00) (3, 1.11748667019140435208e+00) (4, 1.31571116075267480205e+00) (5, 1.46103471014842023479e+00) (6, -2.60756203489234561488e+00) (7, 1.43782054875239362346e+00) (8, 3.25763747453509167062e-01) (9, 8.91963353891789823003e-01) (0, -7.87154916629499101788e-01) (1, 3.56407846871962363799e-01) (2, 9.62790831084809006768e-01) (3, -3.18166771735062109405e-02) (4, -7.57872252735649343247e-02) (5, -2.55021009010208743462e-01) (6, 5.40403190434448954527e-01) (7, -1.74151305195397232417e-01) (8, 3.64400450977719947421e-01) (9, -3.06824914526651407187e-02) (0, -2.72472513221018841634e+00) (1, 1.70797680027069120889e+00) (2, 1.96454750403219402521e+00) (3, -1.92667169210333244500e+00) (4, -8.77277535974832933796e-01) (5, -1.30074294815167368355e+00) (6, 2.56653336945310561745e+00) (7, -1.38792116656785213813e+00) (8, -1.01496690851203219541e-01) (9, -9.06626611410220495380e-01) (10, -6.51374482711348523623e+00) (11, 2.08910765429440786756e-01) (12, 1.28619324126655065754e+01) (13, -7.13872134821492365653e-01) 
