FANN_FLO_2.1
num_layers=3
learning_rate=0.700000
connection_rate=1.000000
network_type=0
learning_momentum=0.000000
training_algorithm=2
train_error_function=1
train_stop_function=1
cascade_output_change_fraction=0.010000
quickprop_decay=-0.000100
quickprop_mu=1.750000
rprop_increase_factor=1.200000
rprop_decrease_factor=0.500000
rprop_delta_min=0.000000
rprop_delta_max=50.000000
rprop_delta_zero=0.100000
cascade_output_stagnation_epochs=12
cascade_candidate_change_fraction=0.010000
cascade_candidate_stagnation_epochs=12
cascade_max_out_epochs=150
cascade_min_out_epochs=50
cascade_max_cand_epochs=150
cascade_min_cand_epochs=50
cascade_num_candidate_groups=2
bit_fail_limit=1.00000000000000005551e-01
cascade_candidate_limit=1.00000000000000000000e+03
cascade_weight_multiplier=4.00000000000000022204e-01
cascade_activation_functions_count=10
cascade_activation_functions=3 5 7 8 10 11 14 15 16 17 
cascade_activation_steepnesses_count=4
cascade_activation_steepnesses=2.50000000000000000000e-01 5.00000000000000000000e-01 7.50000000000000000000e-01 1.00000000000000000000e+00 
layer_sizes=16 4 2 
scale_included=0
neurons (num_inputs, activation_function, activation_steepness)=(0, 0, 0.00000000000000000000e+00) (0, 0, 0.00000000000000000000e+00) (0, 0, 0.00000000000000000000e+00) (0, 0, 0.00000000000000000000e+00) (0, 0, 0.00000000000000000000e+00) (0, 0, 0.00000000000000000000e+00) (0, 0, 0.00000000000000000000e+00) (0, 0, 0.00000000000000000000e+00) (0, 0, 0.00000000000000000000e+00) (0, 0, 0.00000000000000000000e+00) (0, 0, 0.00000000000000000000e+00) (0, 0, 0.00000000000000000000e+00) (0, 0, 0.00000000000000000000e+00) (0, 0, 0.00000000000000000000e+00) (0, 0, 0.00000000000000000000e+00) (0, 0, 0.00000000000000000000e+00) (16, 6, 5.00000000000000000000e-01) (16, 6, 5.00000000000000000000e-01) (16, 6, 5.00000000000000000000e-01) (0, 6, 0.00000000000000000000e+00) (4, 4, 5.00000000000000000000e-01) (0, 4, 0.00000000000000000000e+00) 
connections (connected_to_neuron, weight)=(0, -2.02229824904519883688e+00) (1, 7.59040861250581233577e-01) (2, 2.31576817603984991267e-01) (3, 3.87901870352227395866e-01) (4, 2.32696546636016643461e+00) (5, -1.86146368567404740801e-01) (6, 2.75462126862032363750e-01) (7, 6.81684395638703366505e-02) (8, 1.16368263746575140161e+00) (9, -3.79317877324850533105e-02) (10, -2.39536130771692201691e+00) (11, 1.90032708087021418031e+00) (12, 1.71678826131917183773e+00) (13, 2.15206300929483695938e+00) (14, 7.89804193942565735398e-01) (15, -8.01541299825980324556e-01) (0, -1.02628237467747975842e+01) (1, 3.44768538190617679362e+00) (2, -7.74282389949290800191e-02) (3, 3.73772039039335446375e+00) (4, 2.40920804332222759925e+00) (5, -6.47017868087941039335e-01) (6, 4.79835175501321098412e-01) (7, -1.62664911950956891928e+00) (8, 1.12291198859240909380e-01) (9, -2.30712393088249445583e+00) (10, -2.63498334030013303675e+00) (11, 7.11821067291224296447e-01) (12, 2.64423167768942535272e-01) (13, 3.81880444215373993089e+00) (14, 1.17550628578721949591e-01) (15, -5.22728243593993946448e-02) (0, -2.39849493967099078873e+01) (1, 3.55762134373425942258e+00) (2, 5.99140864059262145958e-01) (3, 5.14728595604090344295e-02) (4, 3.96453568249803511847e+00) (5, -1.11900827906140043488e+00) (6, 1.80179524016867598224e-01) (7, -9.49062287569878759719e-01) (8, 5.03419877841722573919e+00) (9, -3.78734974249289502168e+00) (10, -3.71081829204341406836e-01) (11, 1.65206105483347620577e+00) (12, 1.91629263728743515216e+00) (13, 4.30680766107184975766e+00) (14, -2.01903622021477935355e-01) (15, -4.22269755243117328458e-01) (16, 1.16951247279636625365e+01) (17, 1.51963728671875153431e+00) (18, 1.89891740468307830270e+01) (19, -1.06440735514716888765e+00) 
