FANN_FLO_2.1
num_layers=3
learning_rate=0.700000
connection_rate=1.000000
network_type=0
learning_momentum=0.000000
training_algorithm=2
train_error_function=1
train_stop_function=1
cascade_output_change_fraction=0.010000
quickprop_decay=-0.000100
quickprop_mu=1.750000
rprop_increase_factor=1.200000
rprop_decrease_factor=0.500000
rprop_delta_min=0.000000
rprop_delta_max=50.000000
rprop_delta_zero=0.100000
cascade_output_stagnation_epochs=12
cascade_candidate_change_fraction=0.010000
cascade_candidate_stagnation_epochs=12
cascade_max_out_epochs=150
cascade_min_out_epochs=50
cascade_max_cand_epochs=150
cascade_min_cand_epochs=50
cascade_num_candidate_groups=2
bit_fail_limit=1.00000000000000005551e-01
cascade_candidate_limit=1.00000000000000000000e+03
cascade_weight_multiplier=4.00000000000000022204e-01
cascade_activation_functions_count=10
cascade_activation_functions=3 5 7 8 10 11 14 15 16 17 
cascade_activation_steepnesses_count=4
cascade_activation_steepnesses=2.50000000000000000000e-01 5.00000000000000000000e-01 7.50000000000000000000e-01 1.00000000000000000000e+00 
layer_sizes=7 4 2 
scale_included=0
neurons (num_inputs, activation_function, activation_steepness)=(0, 0, 0.00000000000000000000e+00) (0, 0, 0.00000000000000000000e+00) (0, 0, 0.00000000000000000000e+00) (0, 0, 0.00000000000000000000e+00) (0, 0, 0.00000000000000000000e+00) (0, 0, 0.00000000000000000000e+00) (0, 0, 0.00000000000000000000e+00) (7, 6, 5.00000000000000000000e-01) (7, 6, 5.00000000000000000000e-01) (7, 6, 5.00000000000000000000e-01) (0, 6, 0.00000000000000000000e+00) (4, 4, 5.00000000000000000000e-01) (0, 4, 0.00000000000000000000e+00) 
connections (connected_to_neuron, weight)=(0, -6.79011503184326681293e-01) (1, 2.48193152572301212189e+00) (2, 1.12593085036276518984e+00) (3, 1.53410368546808645318e-01) (4, 3.08060601330257255448e-01) (5, 9.71695847420957603546e-01) (6, -1.14517275029907339423e+00) (0, -1.56666047536466845891e+00) (1, 2.51406935610789705748e+00) (2, 2.82038245273086829457e+00) (3, 5.88745109856412263127e-01) (4, 1.00987536203737104934e+00) (5, 2.45136323003298395307e+00) (6, -1.62482805215452441594e+00) (0, 1.19504739941830617767e+00) (1, -1.50412035829363088801e+00) (2, -1.82538097725230574753e+00) (3, -9.57319301512724374348e-01) (4, -1.69668623020259135004e+00) (5, -1.75051675100592096790e+00) (6, 1.56342768658129394055e+00) (7, 1.14167959024958021175e+00) (8, 4.42683908650365331994e+00) (9, -1.44448930739334411300e+01) (10, -2.92380299731801063245e+00) 
