FANN_FLO_2.1
num_layers=3
learning_rate=0.700000
connection_rate=1.000000
network_type=0
learning_momentum=0.000000
training_algorithm=2
train_error_function=1
train_stop_function=1
cascade_output_change_fraction=0.010000
quickprop_decay=-0.000100
quickprop_mu=1.750000
rprop_increase_factor=1.200000
rprop_decrease_factor=0.500000
rprop_delta_min=0.000000
rprop_delta_max=50.000000
rprop_delta_zero=0.100000
cascade_output_stagnation_epochs=12
cascade_candidate_change_fraction=0.010000
cascade_candidate_stagnation_epochs=12
cascade_max_out_epochs=150
cascade_min_out_epochs=50
cascade_max_cand_epochs=150
cascade_min_cand_epochs=50
cascade_num_candidate_groups=2
bit_fail_limit=1.00000000000000005551e-01
cascade_candidate_limit=1.00000000000000000000e+03
cascade_weight_multiplier=4.00000000000000022204e-01
cascade_activation_functions_count=10
cascade_activation_functions=3 5 7 8 10 11 14 15 16 17 
cascade_activation_steepnesses_count=4
cascade_activation_steepnesses=2.50000000000000000000e-01 5.00000000000000000000e-01 7.50000000000000000000e-01 1.00000000000000000000e+00 
layer_sizes=6 4 2 
scale_included=0
neurons (num_inputs, activation_function, activation_steepness)=(0, 0, 0.00000000000000000000e+00) (0, 0, 0.00000000000000000000e+00) (0, 0, 0.00000000000000000000e+00) (0, 0, 0.00000000000000000000e+00) (0, 0, 0.00000000000000000000e+00) (0, 0, 0.00000000000000000000e+00) (6, 6, 5.00000000000000000000e-01) (6, 6, 5.00000000000000000000e-01) (6, 6, 5.00000000000000000000e-01) (0, 6, 0.00000000000000000000e+00) (4, 4, 5.00000000000000000000e-01) (0, 4, 0.00000000000000000000e+00) 
connections (connected_to_neuron, weight)=(0, -5.09565488740789551692e-01) (1, 1.96284057159800129355e+00) (2, 8.78382747264193769476e-02) (3, 1.90939755160359492248e-01) (4, -4.32750710591661591486e-01) (5, -2.53639663084112731983e-01) (0, -3.28490843897673995277e-02) (1, 1.05363250764929006209e+00) (2, 2.38023648345103477908e-01) (3, 9.30480338042040111546e-01) (4, -3.42469846731040389320e-02) (5, 1.91312023256460855478e-03) (0, -1.43058932354046675073e+00) (1, 2.18763864670239982502e+00) (2, 4.46329396380716961201e-02) (3, -1.10168784139848263681e-02) (4, -1.57496088152124213977e+00) (5, -7.68919376279191935097e-01) (6, 1.06522835062109155757e+00) (7, 1.96269040406540612453e-01) (8, 1.34714297063380179509e+01) (9, -2.20841833293075984201e+00) 
