FANN_FLO_2.1
num_layers=3
learning_rate=0.700000
connection_rate=1.000000
network_type=0
learning_momentum=0.000000
training_algorithm=2
train_error_function=1
train_stop_function=1
cascade_output_change_fraction=0.010000
quickprop_decay=-0.000100
quickprop_mu=1.750000
rprop_increase_factor=1.200000
rprop_decrease_factor=0.500000
rprop_delta_min=0.000000
rprop_delta_max=50.000000
rprop_delta_zero=0.100000
cascade_output_stagnation_epochs=12
cascade_candidate_change_fraction=0.010000
cascade_candidate_stagnation_epochs=12
cascade_max_out_epochs=150
cascade_min_out_epochs=50
cascade_max_cand_epochs=150
cascade_min_cand_epochs=50
cascade_num_candidate_groups=2
bit_fail_limit=1.00000000000000005551e-01
cascade_candidate_limit=1.00000000000000000000e+03
cascade_weight_multiplier=4.00000000000000022204e-01
cascade_activation_functions_count=10
cascade_activation_functions=3 5 7 8 10 11 14 15 16 17 
cascade_activation_steepnesses_count=4
cascade_activation_steepnesses=2.50000000000000000000e-01 5.00000000000000000000e-01 7.50000000000000000000e-01 1.00000000000000000000e+00 
layer_sizes=15 4 2 
scale_included=0
neurons (num_inputs, activation_function, activation_steepness)=(0, 0, 0.00000000000000000000e+00) (0, 0, 0.00000000000000000000e+00) (0, 0, 0.00000000000000000000e+00) (0, 0, 0.00000000000000000000e+00) (0, 0, 0.00000000000000000000e+00) (0, 0, 0.00000000000000000000e+00) (0, 0, 0.00000000000000000000e+00) (0, 0, 0.00000000000000000000e+00) (0, 0, 0.00000000000000000000e+00) (0, 0, 0.00000000000000000000e+00) (0, 0, 0.00000000000000000000e+00) (0, 0, 0.00000000000000000000e+00) (0, 0, 0.00000000000000000000e+00) (0, 0, 0.00000000000000000000e+00) (0, 0, 0.00000000000000000000e+00) (15, 6, 5.00000000000000000000e-01) (15, 6, 5.00000000000000000000e-01) (15, 6, 5.00000000000000000000e-01) (0, 6, 0.00000000000000000000e+00) (4, 4, 5.00000000000000000000e-01) (0, 4, 0.00000000000000000000e+00) 
connections (connected_to_neuron, weight)=(0, -9.82564233001769871123e+00) (1, 1.50000000000000000000e+03) (2, 6.13602101086318985068e+00) (3, 4.56681480690751584461e+00) (4, 2.54694515581676839133e+00) (5, 8.84503443189988192152e-01) (6, 2.22185611234250846024e+00) (7, 3.58675461192931877008e+00) (8, 3.50376158699152562281e-01) (9, 1.50000000000000000000e+03) (10, 7.68832677053417157254e+00) (11, 1.50000000000000000000e+03) (12, 1.50000000000000000000e+03) (13, 1.80884389494465369630e+00) (14, -4.30611102624898300917e+00) (0, -5.18319931420319157667e+00) (1, 1.50000000000000000000e+03) (2, -1.24232591472030318158e+01) (3, 7.69689886501269127095e-01) (4, 3.14389988720429947033e-01) (5, 1.72607818041513663698e-02) (6, 1.77202608314241487619e+01) (7, 1.99200687070330589856e-01) (8, -1.14411442812818703318e-01) (9, 1.50000000000000000000e+03) (10, 2.71639020543578340039e+01) (11, 1.50000000000000000000e+03) (12, 1.50000000000000000000e+03) (13, 1.59232516920635767121e+01) (14, -8.74996602143827351128e-01) (0, -1.50490094538667644741e+01) (1, 1.50000000000000000000e+03) (2, 2.48765506463637198209e+00) (3, 1.30701565778568995491e+00) (4, -1.41041371055063557982e+00) (5, -7.02443397807623437501e-01) (6, 1.49843862480898586398e+01) (7, 4.03689477203559410334e-01) (8, 1.24240461027289347817e-01) (9, 1.50000000000000000000e+03) (10, 7.34791556608351115187e+00) (11, 1.50000000000000000000e+03) (12, 1.50000000000000000000e+03) (13, 1.66367916509550397564e+01) (14, -3.75969627093117153560e-01) (15, 4.90175268441725542345e+00) (16, 2.29971723540057482182e+00) (17, 2.36984164256474638677e+00) (18, -3.91633330794813705467e+00) 
