FANN_FLO_2.1
num_layers=3
learning_rate=0.700000
connection_rate=1.000000
network_type=0
learning_momentum=0.000000
training_algorithm=2
train_error_function=1
train_stop_function=1
cascade_output_change_fraction=0.010000
quickprop_decay=-0.000100
quickprop_mu=1.750000
rprop_increase_factor=1.200000
rprop_decrease_factor=0.500000
rprop_delta_min=0.000000
rprop_delta_max=50.000000
rprop_delta_zero=0.100000
cascade_output_stagnation_epochs=12
cascade_candidate_change_fraction=0.010000
cascade_candidate_stagnation_epochs=12
cascade_max_out_epochs=150
cascade_min_out_epochs=50
cascade_max_cand_epochs=150
cascade_min_cand_epochs=50
cascade_num_candidate_groups=2
bit_fail_limit=1.00000000000000005551e-01
cascade_candidate_limit=1.00000000000000000000e+03
cascade_weight_multiplier=4.00000000000000022204e-01
cascade_activation_functions_count=10
cascade_activation_functions=3 5 7 8 10 11 14 15 16 17 
cascade_activation_steepnesses_count=4
cascade_activation_steepnesses=2.50000000000000000000e-01 5.00000000000000000000e-01 7.50000000000000000000e-01 1.00000000000000000000e+00 
layer_sizes=7 4 2 
scale_included=0
neurons (num_inputs, activation_function, activation_steepness)=(0, 0, 0.00000000000000000000e+00) (0, 0, 0.00000000000000000000e+00) (0, 0, 0.00000000000000000000e+00) (0, 0, 0.00000000000000000000e+00) (0, 0, 0.00000000000000000000e+00) (0, 0, 0.00000000000000000000e+00) (0, 0, 0.00000000000000000000e+00) (7, 6, 5.00000000000000000000e-01) (7, 6, 5.00000000000000000000e-01) (7, 6, 5.00000000000000000000e-01) (0, 6, 0.00000000000000000000e+00) (4, 4, 5.00000000000000000000e-01) (0, 4, 0.00000000000000000000e+00) 
connections (connected_to_neuron, weight)=(0, -1.55115345349258915153e-01) (1, 1.16732600991196200368e+00) (2, 1.30595596978732708671e+00) (3, 1.10696676264733273598e+00) (4, -7.30046042080269713681e-02) (5, 8.89130262621896760855e-01) (6, -1.08234271298688455865e+00) (0, -2.73774178554958669274e-01) (1, 1.30752863649792239187e+00) (2, 1.33438000181981686332e+00) (3, 1.05876345078677136513e+00) (4, -3.63975918088155769858e-01) (5, 8.89219114520805375967e-01) (6, -1.01747247468274637505e+00) (0, 1.45688409478250058271e+00) (1, -1.83662393869810358638e+00) (2, -2.34171791018823061137e+00) (3, -1.86616073229764323216e+00) (4, -9.27625582535090642544e-01) (5, -2.20042342930441980897e+00) (6, 1.93892851347449912680e+00) (7, 1.36881591668071900258e+00) (8, 1.39034164240303192983e+00) (9, -2.41976302371203217945e+01) (10, -1.54971169119111085166e+00) 
