FANN_FLO_2.1
num_layers=3
learning_rate=0.700000
connection_rate=1.000000
network_type=0
learning_momentum=0.000000
training_algorithm=2
train_error_function=1
train_stop_function=1
cascade_output_change_fraction=0.010000
quickprop_decay=-0.000100
quickprop_mu=1.750000
rprop_increase_factor=1.200000
rprop_decrease_factor=0.500000
rprop_delta_min=0.000000
rprop_delta_max=50.000000
rprop_delta_zero=0.100000
cascade_output_stagnation_epochs=12
cascade_candidate_change_fraction=0.010000
cascade_candidate_stagnation_epochs=12
cascade_max_out_epochs=150
cascade_min_out_epochs=50
cascade_max_cand_epochs=150
cascade_min_cand_epochs=50
cascade_num_candidate_groups=2
bit_fail_limit=1.00000000000000005551e-01
cascade_candidate_limit=1.00000000000000000000e+03
cascade_weight_multiplier=4.00000000000000022204e-01
cascade_activation_functions_count=10
cascade_activation_functions=3 5 7 8 10 11 14 15 16 17 
cascade_activation_steepnesses_count=4
cascade_activation_steepnesses=2.50000000000000000000e-01 5.00000000000000000000e-01 7.50000000000000000000e-01 1.00000000000000000000e+00 
layer_sizes=8 4 2 
scale_included=0
neurons (num_inputs, activation_function, activation_steepness)=(0, 0, 0.00000000000000000000e+00) (0, 0, 0.00000000000000000000e+00) (0, 0, 0.00000000000000000000e+00) (0, 0, 0.00000000000000000000e+00) (0, 0, 0.00000000000000000000e+00) (0, 0, 0.00000000000000000000e+00) (0, 0, 0.00000000000000000000e+00) (0, 0, 0.00000000000000000000e+00) (8, 6, 5.00000000000000000000e-01) (8, 6, 5.00000000000000000000e-01) (8, 6, 5.00000000000000000000e-01) (0, 6, 0.00000000000000000000e+00) (4, 4, 5.00000000000000000000e-01) (0, 4, 0.00000000000000000000e+00) 
connections (connected_to_neuron, weight)=(0, 2.51991649679912121940e+00) (1, -8.56811615158629713562e+00) (2, -3.69090886567785131378e-02) (3, 1.41061259027468022254e+00) (4, 4.94843737583292420101e-01) (5, 9.62133477618836052692e-01) (6, 1.59546387184511551105e+00) (7, 1.74659279350291618549e+00) (0, -5.05745571892812884052e-01) (1, 1.53681566729179541753e+00) (2, 2.57985351858271538816e-01) (3, 1.06146890991503123347e-01) (4, 1.98163623266765120956e-01) (5, 1.36316050165468577449e-01) (6, -1.26341173556483971074e-01) (7, -1.67847962349367857415e-01) (0, -2.10440004395268165371e-01) (1, 6.82402376564101187384e-01) (2, 4.20240291781458941145e-01) (3, -5.34975025455435015953e-02) (4, 1.04650931119507295541e-01) (5, 1.33023969727223308201e-02) (6, -2.47784003965231702793e-01) (7, 1.88963142663046590464e-01) (8, -4.22557113618608592986e+00) (9, 5.95361555324152025293e-01) (10, 1.89396008194038123484e-01) (11, -1.21173772473573015951e+00) 
