FANN_FLO_2.1
num_layers=3
learning_rate=0.700000
connection_rate=1.000000
network_type=0
learning_momentum=0.000000
training_algorithm=2
train_error_function=1
train_stop_function=1
cascade_output_change_fraction=0.010000
quickprop_decay=-0.000100
quickprop_mu=1.750000
rprop_increase_factor=1.200000
rprop_decrease_factor=0.500000
rprop_delta_min=0.000000
rprop_delta_max=50.000000
rprop_delta_zero=0.100000
cascade_output_stagnation_epochs=12
cascade_candidate_change_fraction=0.010000
cascade_candidate_stagnation_epochs=12
cascade_max_out_epochs=150
cascade_min_out_epochs=50
cascade_max_cand_epochs=150
cascade_min_cand_epochs=50
cascade_num_candidate_groups=2
bit_fail_limit=1.00000000000000005551e-01
cascade_candidate_limit=1.00000000000000000000e+03
cascade_weight_multiplier=4.00000000000000022204e-01
cascade_activation_functions_count=10
cascade_activation_functions=3 5 7 8 10 11 14 15 16 17 
cascade_activation_steepnesses_count=4
cascade_activation_steepnesses=2.50000000000000000000e-01 5.00000000000000000000e-01 7.50000000000000000000e-01 1.00000000000000000000e+00 
layer_sizes=11 4 2 
scale_included=0
neurons (num_inputs, activation_function, activation_steepness)=(0, 0, 0.00000000000000000000e+00) (0, 0, 0.00000000000000000000e+00) (0, 0, 0.00000000000000000000e+00) (0, 0, 0.00000000000000000000e+00) (0, 0, 0.00000000000000000000e+00) (0, 0, 0.00000000000000000000e+00) (0, 0, 0.00000000000000000000e+00) (0, 0, 0.00000000000000000000e+00) (0, 0, 0.00000000000000000000e+00) (0, 0, 0.00000000000000000000e+00) (0, 0, 0.00000000000000000000e+00) (11, 6, 5.00000000000000000000e-01) (11, 6, 5.00000000000000000000e-01) (11, 6, 5.00000000000000000000e-01) (0, 6, 0.00000000000000000000e+00) (4, 4, 5.00000000000000000000e-01) (0, 4, 0.00000000000000000000e+00) 
connections (connected_to_neuron, weight)=(0, 1.08298893945458307719e+00) (1, 1.24030981352171831844e+00) (2, 8.16584620947396366830e-01) (3, 1.22467135692827966409e+00) (4, 7.81629921668840599303e-01) (5, 1.77194871002450654585e-01) (6, 2.75527384774021721903e-01) (7, 8.35005650601558624402e-01) (8, -6.55837195195953515103e-01) (9, -1.02933077250484283915e+00) (10, -9.65266842318184270511e-01) (0, 2.85713189990562999032e-01) (1, 6.03884921708973232413e-01) (2, 5.02847916351092827369e-01) (3, 5.25200893420541659040e-01) (4, 1.33564468002006608849e-01) (5, -4.47007639440597376312e-02) (6, 1.01032614198065168187e-01) (7, 1.22925634832359587101e+00) (8, 5.92235610791611244430e-01) (9, 3.62717906366913922511e-01) (10, -4.88129567467032038364e-02) (0, 1.87500568189421890075e+00) (1, 2.40717008945209665072e+00) (2, 1.31949672961538100324e+00) (3, 2.37999274317025122372e+00) (4, 1.81390106871372047692e+00) (5, -4.24917035464413894719e-01) (6, -2.00955918332452659891e-01) (7, 1.22617087593503626408e+00) (8, 1.39873464177080908399e+00) (9, 1.40908134431220122273e+00) (10, -1.98201655653121200373e+00) (11, 1.41755367275970067809e+00) (12, 7.08260758968038861561e-01) (13, 4.99061470207719608538e+01) (14, -2.00964798981264936018e+00) 
