FANN_FLO_2.1
num_layers=3
learning_rate=0.700000
connection_rate=1.000000
network_type=0
learning_momentum=0.000000
training_algorithm=2
train_error_function=1
train_stop_function=1
cascade_output_change_fraction=0.010000
quickprop_decay=-0.000100
quickprop_mu=1.750000
rprop_increase_factor=1.200000
rprop_decrease_factor=0.500000
rprop_delta_min=0.000000
rprop_delta_max=50.000000
rprop_delta_zero=0.100000
cascade_output_stagnation_epochs=12
cascade_candidate_change_fraction=0.010000
cascade_candidate_stagnation_epochs=12
cascade_max_out_epochs=150
cascade_min_out_epochs=50
cascade_max_cand_epochs=150
cascade_min_cand_epochs=50
cascade_num_candidate_groups=2
bit_fail_limit=1.00000000000000005551e-01
cascade_candidate_limit=1.00000000000000000000e+03
cascade_weight_multiplier=4.00000000000000022204e-01
cascade_activation_functions_count=10
cascade_activation_functions=3 5 7 8 10 11 14 15 16 17 
cascade_activation_steepnesses_count=4
cascade_activation_steepnesses=2.50000000000000000000e-01 5.00000000000000000000e-01 7.50000000000000000000e-01 1.00000000000000000000e+00 
layer_sizes=14 4 2 
scale_included=0
neurons (num_inputs, activation_function, activation_steepness)=(0, 0, 0.00000000000000000000e+00) (0, 0, 0.00000000000000000000e+00) (0, 0, 0.00000000000000000000e+00) (0, 0, 0.00000000000000000000e+00) (0, 0, 0.00000000000000000000e+00) (0, 0, 0.00000000000000000000e+00) (0, 0, 0.00000000000000000000e+00) (0, 0, 0.00000000000000000000e+00) (0, 0, 0.00000000000000000000e+00) (0, 0, 0.00000000000000000000e+00) (0, 0, 0.00000000000000000000e+00) (0, 0, 0.00000000000000000000e+00) (0, 0, 0.00000000000000000000e+00) (0, 0, 0.00000000000000000000e+00) (14, 6, 5.00000000000000000000e-01) (14, 6, 5.00000000000000000000e-01) (14, 6, 5.00000000000000000000e-01) (0, 6, 0.00000000000000000000e+00) (4, 4, 5.00000000000000000000e-01) (0, 4, 0.00000000000000000000e+00) 
connections (connected_to_neuron, weight)=(0, -2.04686030536251184486e+00) (1, 1.41373163251477396152e+00) (2, 4.34731425938124249608e-01) (3, 2.37943519444066414747e-01) (4, 8.12286587323263198357e-01) (5, 2.38455723234579819447e+00) (6, -2.91523696136489818276e-01) (7, 4.22823436932582619185e-01) (8, -1.91012844379913993009e+00) (9, 2.43119250503427020149e+00) (10, 1.93729249835832550986e+00) (11, -9.23462420005313866511e-01) (12, 8.97187452902378224096e-01) (13, -1.69180042943235964259e+00) (0, -1.63449325686570734462e+00) (1, 1.40295959053832208774e+00) (2, 3.93842445907110760839e-01) (3, 2.06547979802686076933e-01) (4, 8.37388688589647323113e-01) (5, 2.34900764384434479481e+00) (6, -2.88926364135757396401e-01) (7, 3.90744857864398720260e-01) (8, -1.87816302787435240873e+00) (9, 2.34436684367305270271e+00) (10, 1.82416342646701723496e+00) (11, -1.00273245503377173016e+00) (12, 7.29845937480510853490e-01) (13, -1.68658523163076967677e+00) (0, -9.31039053183801840197e-02) (1, 1.02698482446576444538e+00) (2, 2.65021930999206511981e-01) (3, 9.59850777960561674096e-02) (4, 3.60137461190947805179e-01) (5, 7.79920166282743410058e-01) (6, 2.90589961654904270494e-02) (7, 4.01949918335208211673e-01) (8, -1.85695496396155235175e-01) (9, 6.12821443024218148743e-01) (10, 4.74323688651098029911e-01) (11, -2.44945160699082398192e-01) (12, 3.15619393773881817822e-01) (13, -1.18179681857186177907e-01) (14, 2.26179462338157257761e+01) (15, 2.25484988505311569895e+01) (16, 3.43564824408845004289e-01) (17, -1.65220134606834978541e+00) 
