FANN_FLO_2.1
num_layers=3
learning_rate=0.700000
connection_rate=1.000000
network_type=0
learning_momentum=0.000000
training_algorithm=2
train_error_function=1
train_stop_function=1
cascade_output_change_fraction=0.010000
quickprop_decay=-0.000100
quickprop_mu=1.750000
rprop_increase_factor=1.200000
rprop_decrease_factor=0.500000
rprop_delta_min=0.000000
rprop_delta_max=50.000000
rprop_delta_zero=0.100000
cascade_output_stagnation_epochs=12
cascade_candidate_change_fraction=0.010000
cascade_candidate_stagnation_epochs=12
cascade_max_out_epochs=150
cascade_min_out_epochs=50
cascade_max_cand_epochs=150
cascade_min_cand_epochs=50
cascade_num_candidate_groups=2
bit_fail_limit=1.00000000000000005551e-01
cascade_candidate_limit=1.00000000000000000000e+03
cascade_weight_multiplier=4.00000000000000022204e-01
cascade_activation_functions_count=10
cascade_activation_functions=3 5 7 8 10 11 14 15 16 17 
cascade_activation_steepnesses_count=4
cascade_activation_steepnesses=2.50000000000000000000e-01 5.00000000000000000000e-01 7.50000000000000000000e-01 1.00000000000000000000e+00 
layer_sizes=11 4 2 
scale_included=0
neurons (num_inputs, activation_function, activation_steepness)=(0, 0, 0.00000000000000000000e+00) (0, 0, 0.00000000000000000000e+00) (0, 0, 0.00000000000000000000e+00) (0, 0, 0.00000000000000000000e+00) (0, 0, 0.00000000000000000000e+00) (0, 0, 0.00000000000000000000e+00) (0, 0, 0.00000000000000000000e+00) (0, 0, 0.00000000000000000000e+00) (0, 0, 0.00000000000000000000e+00) (0, 0, 0.00000000000000000000e+00) (0, 0, 0.00000000000000000000e+00) (11, 6, 5.00000000000000000000e-01) (11, 6, 5.00000000000000000000e-01) (11, 6, 5.00000000000000000000e-01) (0, 6, 0.00000000000000000000e+00) (4, 4, 5.00000000000000000000e-01) (0, 4, 0.00000000000000000000e+00) 
connections (connected_to_neuron, weight)=(0, -2.17653057610829714363e+00) (1, 8.27805041856912060538e-01) (2, 3.66952791098688557714e-01) (3, 4.45080876450671070188e+00) (4, 7.78022190797078461166e-01) (5, 1.62812165533330333034e-02) (6, 3.40604874803280388562e+00) (7, 6.20015863128375199764e-01) (8, 5.51097825453513223692e+00) (9, 8.05638555728910632503e-01) (10, -7.39440072475025609450e-03) (0, 6.85992561042959607676e+01) (1, -1.24488096059882735744e+01) (2, 1.58037150563174644269e+00) (3, -1.57478207815678654669e+01) (4, -1.50718100133411381236e+00) (5, 3.59061982429145354345e+00) (6, -1.73312961579387234679e+01) (7, -1.24524431125843619839e+01) (8, -1.26391384721412496361e+01) (9, -2.07803700885690503242e+01) (10, 1.11391922569003991583e+01) (0, 5.29884612945344635193e+00) (1, -2.01461245202429850565e+00) (2, 5.27221952091512999217e-02) (3, -1.48167552927514067918e+00) (4, -2.08571143802679159762e+00) (5, 7.50592084824725724879e-01) (6, -1.56981979795443238324e+00) (7, -2.01983368971522736501e+00) (8, -4.28333863352097055088e-01) (9, -1.80248348097594690564e+00) (10, 1.52428725395149244903e+00) (11, 5.53742756440337546842e-01) (12, -1.63185551675334972188e+00) (13, -3.11592449097754737863e+01) (14, -1.49453177357636279865e+00) 
