FANN_FLO_2.1
num_layers=3
learning_rate=0.700000
connection_rate=1.000000
network_type=0
learning_momentum=0.000000
training_algorithm=2
train_error_function=1
train_stop_function=1
cascade_output_change_fraction=0.010000
quickprop_decay=-0.000100
quickprop_mu=1.750000
rprop_increase_factor=1.200000
rprop_decrease_factor=0.500000
rprop_delta_min=0.000000
rprop_delta_max=50.000000
rprop_delta_zero=0.100000
cascade_output_stagnation_epochs=12
cascade_candidate_change_fraction=0.010000
cascade_candidate_stagnation_epochs=12
cascade_max_out_epochs=150
cascade_min_out_epochs=50
cascade_max_cand_epochs=150
cascade_min_cand_epochs=50
cascade_num_candidate_groups=2
bit_fail_limit=1.00000000000000005551e-01
cascade_candidate_limit=1.00000000000000000000e+03
cascade_weight_multiplier=4.00000000000000022204e-01
cascade_activation_functions_count=10
cascade_activation_functions=3 5 7 8 10 11 14 15 16 17 
cascade_activation_steepnesses_count=4
cascade_activation_steepnesses=2.50000000000000000000e-01 5.00000000000000000000e-01 7.50000000000000000000e-01 1.00000000000000000000e+00 
layer_sizes=10 4 2 
scale_included=0
neurons (num_inputs, activation_function, activation_steepness)=(0, 0, 0.00000000000000000000e+00) (0, 0, 0.00000000000000000000e+00) (0, 0, 0.00000000000000000000e+00) (0, 0, 0.00000000000000000000e+00) (0, 0, 0.00000000000000000000e+00) (0, 0, 0.00000000000000000000e+00) (0, 0, 0.00000000000000000000e+00) (0, 0, 0.00000000000000000000e+00) (0, 0, 0.00000000000000000000e+00) (0, 0, 0.00000000000000000000e+00) (10, 6, 5.00000000000000000000e-01) (10, 6, 5.00000000000000000000e-01) (10, 6, 5.00000000000000000000e-01) (0, 6, 0.00000000000000000000e+00) (4, 4, 5.00000000000000000000e-01) (0, 4, 0.00000000000000000000e+00) 
connections (connected_to_neuron, weight)=(0, 4.27124068871569950723e-01) (1, -1.28374237578066052734e+00) (2, -7.58941947103931924268e-01) (3, -8.30657511222926692174e-02) (4, 5.70146819499778856333e-01) (5, 2.64276084761326357508e-01) (6, 5.72711584912194010544e-02) (7, -2.66380285586494784666e-02) (8, 4.72706339805853970049e-01) (9, 3.05162888750863392495e-01) (0, 2.06576975200768986340e+00) (1, -2.82677181496581697573e+00) (2, -3.03430357494762370507e+00) (3, -3.46420792860919535272e+00) (4, 3.26790037177585279693e+00) (5, 1.35098533693883249285e+00) (6, 6.79381239128476199785e-02) (7, 1.42197867007291894881e-01) (8, 3.27572190891526504597e-01) (9, 3.13966721829097394902e+00) (0, -1.48180474534740724835e+00) (1, 2.92372189276098337629e+00) (2, 1.58241696619344018870e+00) (3, 1.15452355558361219323e+00) (4, -1.90014455326580611327e+00) (5, -4.54142376384934098876e-01) (6, 1.14949856026246410856e-01) (7, 4.83514449804962220814e-01) (8, -8.79445672586112281444e-01) (9, -2.04280290477790282822e+00) (10, -2.62974906828035703832e-01) (11, -7.58155487683617579364e+00) (12, 5.48583808974382680645e+00) (13, -1.31085980877390184673e+00) 
