FANN_FLO_2.1
num_layers=3
learning_rate=0.700000
connection_rate=1.000000
network_type=0
learning_momentum=0.000000
training_algorithm=2
train_error_function=1
train_stop_function=1
cascade_output_change_fraction=0.010000
quickprop_decay=-0.000100
quickprop_mu=1.750000
rprop_increase_factor=1.200000
rprop_decrease_factor=0.500000
rprop_delta_min=0.000000
rprop_delta_max=50.000000
rprop_delta_zero=0.100000
cascade_output_stagnation_epochs=12
cascade_candidate_change_fraction=0.010000
cascade_candidate_stagnation_epochs=12
cascade_max_out_epochs=150
cascade_min_out_epochs=50
cascade_max_cand_epochs=150
cascade_min_cand_epochs=50
cascade_num_candidate_groups=2
bit_fail_limit=1.00000000000000005551e-01
cascade_candidate_limit=1.00000000000000000000e+03
cascade_weight_multiplier=4.00000000000000022204e-01
cascade_activation_functions_count=10
cascade_activation_functions=3 5 7 8 10 11 14 15 16 17 
cascade_activation_steepnesses_count=4
cascade_activation_steepnesses=2.50000000000000000000e-01 5.00000000000000000000e-01 7.50000000000000000000e-01 1.00000000000000000000e+00 
layer_sizes=10 4 2 
scale_included=0
neurons (num_inputs, activation_function, activation_steepness)=(0, 0, 0.00000000000000000000e+00) (0, 0, 0.00000000000000000000e+00) (0, 0, 0.00000000000000000000e+00) (0, 0, 0.00000000000000000000e+00) (0, 0, 0.00000000000000000000e+00) (0, 0, 0.00000000000000000000e+00) (0, 0, 0.00000000000000000000e+00) (0, 0, 0.00000000000000000000e+00) (0, 0, 0.00000000000000000000e+00) (0, 0, 0.00000000000000000000e+00) (10, 6, 5.00000000000000000000e-01) (10, 6, 5.00000000000000000000e-01) (10, 6, 5.00000000000000000000e-01) (0, 6, 0.00000000000000000000e+00) (4, 4, 5.00000000000000000000e-01) (0, 4, 0.00000000000000000000e+00) 
connections (connected_to_neuron, weight)=(0, -4.67676388398377351763e+00) (1, 7.37166263349468131594e+00) (2, 4.48374921365644052429e-01) (3, 6.51800255340889589384e-01) (4, -6.33501546069318410837e-01) (5, 6.90272289934837218750e-02) (6, -2.32525216238018722636e-01) (7, -1.09499988779069257205e+00) (8, 1.64442322145844949111e-01) (9, -3.87920684870838794467e+00) (0, 3.17867987970013965437e+00) (1, 3.03764643691406988069e-01) (2, -1.11304833166225680685e+01) (3, -1.27807227441088233633e+00) (4, 3.59118158272204057724e-01) (5, -1.55994160695900607738e-01) (6, 1.54445921479277659127e-01) (7, 5.91757181752643579564e-01) (8, -6.46655116351382730500e-01) (9, 9.65940466903176808700e-01) (0, 2.07809415665654073635e+00) (1, 3.49723013661728532320e-01) (2, -1.11802829936071166372e+01) (3, -1.24832842417971168203e+00) (4, 2.98723744502958965530e-01) (5, -6.59126924713752532226e-02) (6, 5.34298545108366357281e-02) (7, 4.53317347634754175267e-01) (8, -7.12797712655799275971e-01) (9, 1.01001679041239311729e+00) (10, 3.36422984210119180304e+00) (11, -1.74625038283478772883e+00) (12, -2.19097013597773671023e+00) (13, -4.11203906748410297212e+00) 
