FANN_FLO_2.1
num_layers=3
learning_rate=0.700000
connection_rate=1.000000
network_type=0
learning_momentum=0.000000
training_algorithm=2
train_error_function=1
train_stop_function=1
cascade_output_change_fraction=0.010000
quickprop_decay=-0.000100
quickprop_mu=1.750000
rprop_increase_factor=1.200000
rprop_decrease_factor=0.500000
rprop_delta_min=0.000000
rprop_delta_max=50.000000
rprop_delta_zero=0.100000
cascade_output_stagnation_epochs=12
cascade_candidate_change_fraction=0.010000
cascade_candidate_stagnation_epochs=12
cascade_max_out_epochs=150
cascade_min_out_epochs=50
cascade_max_cand_epochs=150
cascade_min_cand_epochs=50
cascade_num_candidate_groups=2
bit_fail_limit=1.00000000000000005551e-01
cascade_candidate_limit=1.00000000000000000000e+03
cascade_weight_multiplier=4.00000000000000022204e-01
cascade_activation_functions_count=10
cascade_activation_functions=3 5 7 8 10 11 14 15 16 17 
cascade_activation_steepnesses_count=4
cascade_activation_steepnesses=2.50000000000000000000e-01 5.00000000000000000000e-01 7.50000000000000000000e-01 1.00000000000000000000e+00 
layer_sizes=12 4 2 
scale_included=0
neurons (num_inputs, activation_function, activation_steepness)=(0, 0, 0.00000000000000000000e+00) (0, 0, 0.00000000000000000000e+00) (0, 0, 0.00000000000000000000e+00) (0, 0, 0.00000000000000000000e+00) (0, 0, 0.00000000000000000000e+00) (0, 0, 0.00000000000000000000e+00) (0, 0, 0.00000000000000000000e+00) (0, 0, 0.00000000000000000000e+00) (0, 0, 0.00000000000000000000e+00) (0, 0, 0.00000000000000000000e+00) (0, 0, 0.00000000000000000000e+00) (0, 0, 0.00000000000000000000e+00) (12, 6, 5.00000000000000000000e-01) (12, 6, 5.00000000000000000000e-01) (12, 6, 5.00000000000000000000e-01) (0, 6, 0.00000000000000000000e+00) (4, 4, 5.00000000000000000000e-01) (0, 4, 0.00000000000000000000e+00) 
connections (connected_to_neuron, weight)=(0, 1.56509185313486387514e+00) (1, -2.57350622152707542156e+00) (2, -1.94760301313404804446e+00) (3, -4.95954632632874226061e+00) (4, 1.59845271328189753035e+00) (5, 5.90369196742612079021e+00) (6, -1.54086984428937490144e+00) (7, -3.03771800356561039180e+00) (8, -1.41953416940234200538e+00) (9, -1.74015827360473673835e+00) (10, -1.93601866852359583149e+00) (11, 2.97967800221674306016e+00) (0, -1.04329543212155639864e+00) (1, 1.52141737073496274846e+00) (2, 9.00069375011824157617e-01) (3, 4.34337077554850470307e+00) (4, 6.58417641273433384974e-01) (5, -1.50885011126094470413e+00) (6, 1.00069642345116782689e-01) (7, 1.83208005862835943134e+00) (8, 9.58362024235092091473e-01) (9, 1.26352853247193674946e+00) (10, 2.81875794451165284649e-01) (11, -1.01755887572643821670e+00) (0, -1.69445701770483969639e+00) (1, 1.66764059300377209816e+00) (2, 7.74330728937013046398e-01) (3, 1.64199357041163906956e+00) (4, 2.56103178218506699615e-01) (5, -3.89277389850991362152e-01) (6, 1.51431373002272467998e-01) (7, 2.40402974309684802634e+00) (8, 6.09502201781927488433e-01) (9, 7.84136444074357119582e-01) (10, 2.29142723712496859667e-01) (11, -8.12494419708437498606e-01) (12, -1.74618074956763607020e+01) (13, 2.59505891129835219999e+00) (14, 1.65604292533177410718e+00) (15, -1.20512372194330152908e+00) 
