FANN_FLO_2.1
num_layers=3
learning_rate=0.700000
connection_rate=1.000000
network_type=0
learning_momentum=0.000000
training_algorithm=2
train_error_function=1
train_stop_function=1
cascade_output_change_fraction=0.010000
quickprop_decay=-0.000100
quickprop_mu=1.750000
rprop_increase_factor=1.200000
rprop_decrease_factor=0.500000
rprop_delta_min=0.000000
rprop_delta_max=50.000000
rprop_delta_zero=0.100000
cascade_output_stagnation_epochs=12
cascade_candidate_change_fraction=0.010000
cascade_candidate_stagnation_epochs=12
cascade_max_out_epochs=150
cascade_min_out_epochs=50
cascade_max_cand_epochs=150
cascade_min_cand_epochs=50
cascade_num_candidate_groups=2
bit_fail_limit=1.00000000000000005551e-01
cascade_candidate_limit=1.00000000000000000000e+03
cascade_weight_multiplier=4.00000000000000022204e-01
cascade_activation_functions_count=10
cascade_activation_functions=3 5 7 8 10 11 14 15 16 17 
cascade_activation_steepnesses_count=4
cascade_activation_steepnesses=2.50000000000000000000e-01 5.00000000000000000000e-01 7.50000000000000000000e-01 1.00000000000000000000e+00 
layer_sizes=11 4 2 
scale_included=0
neurons (num_inputs, activation_function, activation_steepness)=(0, 0, 0.00000000000000000000e+00) (0, 0, 0.00000000000000000000e+00) (0, 0, 0.00000000000000000000e+00) (0, 0, 0.00000000000000000000e+00) (0, 0, 0.00000000000000000000e+00) (0, 0, 0.00000000000000000000e+00) (0, 0, 0.00000000000000000000e+00) (0, 0, 0.00000000000000000000e+00) (0, 0, 0.00000000000000000000e+00) (0, 0, 0.00000000000000000000e+00) (0, 0, 0.00000000000000000000e+00) (11, 6, 5.00000000000000000000e-01) (11, 6, 5.00000000000000000000e-01) (11, 6, 5.00000000000000000000e-01) (0, 6, 0.00000000000000000000e+00) (4, 4, 5.00000000000000000000e-01) (0, 4, 0.00000000000000000000e+00) 
connections (connected_to_neuron, weight)=(0, 8.26679230448115731633e+00) (1, -5.33872890266570188089e+00) (2, -2.10464137594325784164e+00) (3, -3.82563976219300938553e+00) (4, -7.59904360254277544406e-01) (5, -6.58267114890921689607e+00) (6, -5.27230895849856473490e+00) (7, -5.10384823436835333155e+00) (8, -9.89822390777702287856e-01) (9, -3.17226288758092334064e-01) (10, 6.03376706027623921358e+00) (0, -2.57026558967977747372e+00) (1, 9.46120196824638992616e-01) (2, 4.43854216552431013465e-01) (3, 8.21080396240190468760e-01) (4, 7.82711145784624395816e+00) (5, 6.20367868585382797875e+00) (6, 1.09146380689100541694e+00) (7, 1.42640689005343657136e+00) (8, 3.77891465592148423358e-01) (9, 4.36909613243265382287e-01) (10, -1.27321695881804153316e+00) (0, 7.18150834479073907346e-01) (1, -1.13600270603631403610e+00) (2, -5.74466374300113477580e-02) (3, 3.37627726820548312858e-01) (4, 1.07608011950396464940e+00) (5, -4.95874766145386036698e+00) (6, -1.09442049418424036666e+00) (7, -1.19108902467485200383e+00) (8, 5.92260349796739915540e-01) (9, 1.76649774311121499082e-01) (10, 5.38419821444764634677e-01) (11, -7.15323692469892158385e+00) (12, 1.53751258065046481072e+00) (13, -1.60960845660741225238e+00) (14, -1.58229175732900095852e+00) 
