FANN_FLO_2.1
num_layers=3
learning_rate=0.700000
connection_rate=1.000000
network_type=0
learning_momentum=0.000000
training_algorithm=2
train_error_function=1
train_stop_function=1
cascade_output_change_fraction=0.010000
quickprop_decay=-0.000100
quickprop_mu=1.750000
rprop_increase_factor=1.200000
rprop_decrease_factor=0.500000
rprop_delta_min=0.000000
rprop_delta_max=50.000000
rprop_delta_zero=0.100000
cascade_output_stagnation_epochs=12
cascade_candidate_change_fraction=0.010000
cascade_candidate_stagnation_epochs=12
cascade_max_out_epochs=150
cascade_min_out_epochs=50
cascade_max_cand_epochs=150
cascade_min_cand_epochs=50
cascade_num_candidate_groups=2
bit_fail_limit=1.00000000000000005551e-01
cascade_candidate_limit=1.00000000000000000000e+03
cascade_weight_multiplier=4.00000000000000022204e-01
cascade_activation_functions_count=10
cascade_activation_functions=3 5 7 8 10 11 14 15 16 17 
cascade_activation_steepnesses_count=4
cascade_activation_steepnesses=2.50000000000000000000e-01 5.00000000000000000000e-01 7.50000000000000000000e-01 1.00000000000000000000e+00 
layer_sizes=7 4 2 
scale_included=0
neurons (num_inputs, activation_function, activation_steepness)=(0, 0, 0.00000000000000000000e+00) (0, 0, 0.00000000000000000000e+00) (0, 0, 0.00000000000000000000e+00) (0, 0, 0.00000000000000000000e+00) (0, 0, 0.00000000000000000000e+00) (0, 0, 0.00000000000000000000e+00) (0, 0, 0.00000000000000000000e+00) (7, 6, 5.00000000000000000000e-01) (7, 6, 5.00000000000000000000e-01) (7, 6, 5.00000000000000000000e-01) (0, 6, 0.00000000000000000000e+00) (4, 4, 5.00000000000000000000e-01) (0, 4, 0.00000000000000000000e+00) 
connections (connected_to_neuron, weight)=(0, -1.23065999958048433172e+00) (1, 1.22388332296375268449e+00) (2, -4.55340430926793743316e-02) (3, 5.48289713990848159852e+00) (4, 6.24182667980347050118e-01) (5, 1.36312088864283675882e+00) (6, -1.31979396256933778631e+00) (0, 1.06484935772228106465e+00) (1, -3.43062428893308535294e+00) (2, 2.06076833671757997379e-01) (3, -1.09733683149842026205e-01) (4, -2.20300451729461242711e-02) (5, -8.47150539026066295989e-01) (6, 6.85536012121664373176e-01) (0, 1.88608076718863770793e+00) (1, -1.83081207234136411621e+00) (2, 2.48988036966589443288e-01) (3, -1.41679185968222909331e+00) (4, 4.95696243583024942492e-01) (5, -2.01584015048318221375e+00) (6, 1.40315945217953874646e+00) (7, 5.59618260972292702604e+00) (8, -1.49967341707299617326e+00) (9, -1.88035039946548074852e+01) (10, -3.81349126877086508358e+00) 
