FANN_FLO_2.1
num_layers=3
learning_rate=0.700000
connection_rate=1.000000
network_type=0
learning_momentum=0.000000
training_algorithm=2
train_error_function=1
train_stop_function=1
cascade_output_change_fraction=0.010000
quickprop_decay=-0.000100
quickprop_mu=1.750000
rprop_increase_factor=1.200000
rprop_decrease_factor=0.500000
rprop_delta_min=0.000000
rprop_delta_max=50.000000
rprop_delta_zero=0.100000
cascade_output_stagnation_epochs=12
cascade_candidate_change_fraction=0.010000
cascade_candidate_stagnation_epochs=12
cascade_max_out_epochs=150
cascade_min_out_epochs=50
cascade_max_cand_epochs=150
cascade_min_cand_epochs=50
cascade_num_candidate_groups=2
bit_fail_limit=1.00000000000000005551e-01
cascade_candidate_limit=1.00000000000000000000e+03
cascade_weight_multiplier=4.00000000000000022204e-01
cascade_activation_functions_count=10
cascade_activation_functions=3 5 7 8 10 11 14 15 16 17 
cascade_activation_steepnesses_count=4
cascade_activation_steepnesses=2.50000000000000000000e-01 5.00000000000000000000e-01 7.50000000000000000000e-01 1.00000000000000000000e+00 
layer_sizes=8 4 2 
scale_included=0
neurons (num_inputs, activation_function, activation_steepness)=(0, 0, 0.00000000000000000000e+00) (0, 0, 0.00000000000000000000e+00) (0, 0, 0.00000000000000000000e+00) (0, 0, 0.00000000000000000000e+00) (0, 0, 0.00000000000000000000e+00) (0, 0, 0.00000000000000000000e+00) (0, 0, 0.00000000000000000000e+00) (0, 0, 0.00000000000000000000e+00) (8, 6, 5.00000000000000000000e-01) (8, 6, 5.00000000000000000000e-01) (8, 6, 5.00000000000000000000e-01) (0, 6, 0.00000000000000000000e+00) (4, 4, 5.00000000000000000000e-01) (0, 4, 0.00000000000000000000e+00) 
connections (connected_to_neuron, weight)=(0, 3.04135204640357814654e+00) (1, -4.41380320500967737729e+00) (2, -3.15512564302624509693e+00) (3, -4.09650599481128718793e+00) (4, -8.70972621755583631398e+00) (5, -4.42215187285486521773e+00) (6, -4.43309102825033019002e+00) (7, 8.69305211870699423571e+00) (0, 4.72417711527476802402e-01) (1, -5.36237770051296691598e-01) (2, -2.59554392552923895998e-01) (3, -1.02329809009707628498e+00) (4, -9.10508542842239476656e-01) (5, -5.33482074559698649097e-01) (6, -3.76738837186328889839e-01) (7, 5.00163051551692938723e-01) (0, 1.27667545730277054439e-01) (1, -8.88827294716178606393e-01) (2, -1.03365133236136857997e-01) (3, -1.19454374638713312073e+00) (4, -4.25731863614611405477e-01) (5, -7.09493837455285381033e-01) (6, -5.49532947641844793374e-01) (7, 2.64534918049735501278e-01) (8, -5.32221573459643622073e+01) (9, -5.55647488549965817839e-01) (10, -1.30327278774655153093e+00) (11, -2.09906269844900394972e+00) 
