FANN_FLO_2.1
num_layers=3
learning_rate=0.700000
connection_rate=1.000000
network_type=0
learning_momentum=0.000000
training_algorithm=2
train_error_function=1
train_stop_function=1
cascade_output_change_fraction=0.010000
quickprop_decay=-0.000100
quickprop_mu=1.750000
rprop_increase_factor=1.200000
rprop_decrease_factor=0.500000
rprop_delta_min=0.000000
rprop_delta_max=50.000000
rprop_delta_zero=0.100000
cascade_output_stagnation_epochs=12
cascade_candidate_change_fraction=0.010000
cascade_candidate_stagnation_epochs=12
cascade_max_out_epochs=150
cascade_min_out_epochs=50
cascade_max_cand_epochs=150
cascade_min_cand_epochs=50
cascade_num_candidate_groups=2
bit_fail_limit=1.00000000000000005551e-01
cascade_candidate_limit=1.00000000000000000000e+03
cascade_weight_multiplier=4.00000000000000022204e-01
cascade_activation_functions_count=10
cascade_activation_functions=3 5 7 8 10 11 14 15 16 17 
cascade_activation_steepnesses_count=4
cascade_activation_steepnesses=2.50000000000000000000e-01 5.00000000000000000000e-01 7.50000000000000000000e-01 1.00000000000000000000e+00 
layer_sizes=16 4 2 
scale_included=0
neurons (num_inputs, activation_function, activation_steepness)=(0, 0, 0.00000000000000000000e+00) (0, 0, 0.00000000000000000000e+00) (0, 0, 0.00000000000000000000e+00) (0, 0, 0.00000000000000000000e+00) (0, 0, 0.00000000000000000000e+00) (0, 0, 0.00000000000000000000e+00) (0, 0, 0.00000000000000000000e+00) (0, 0, 0.00000000000000000000e+00) (0, 0, 0.00000000000000000000e+00) (0, 0, 0.00000000000000000000e+00) (0, 0, 0.00000000000000000000e+00) (0, 0, 0.00000000000000000000e+00) (0, 0, 0.00000000000000000000e+00) (0, 0, 0.00000000000000000000e+00) (0, 0, 0.00000000000000000000e+00) (0, 0, 0.00000000000000000000e+00) (16, 6, 5.00000000000000000000e-01) (16, 6, 5.00000000000000000000e-01) (16, 6, 5.00000000000000000000e-01) (0, 6, 0.00000000000000000000e+00) (4, 4, 5.00000000000000000000e-01) (0, 4, 0.00000000000000000000e+00) 
connections (connected_to_neuron, weight)=(0, -9.16931699661999388695e-01) (1, 4.11512209219712266073e-01) (2, 6.38893878847404228516e-01) (3, 1.54062318852324436902e-01) (4, 2.25221408497717712205e-01) (5, 1.06982997116729400267e-01) (6, 3.63399544222932746607e-01) (7, 3.32856498317932403275e-01) (8, 4.84578541311160182481e-01) (9, 2.32977733577290124778e-01) (10, 3.58044673266695923086e-01) (11, 3.14368918197368896195e-01) (12, 9.28007339181422974406e-01) (13, 4.24631668371933945760e-01) (14, 8.46346216582267940609e-01) (15, 9.70431494107104192226e-02) (0, -5.61776175335993221971e-01) (1, 5.98902742056840131646e-01) (2, 1.67159372377140014176e-01) (3, -1.26761581678137530416e-01) (4, 2.47284084276052917861e-01) (5, -5.31021144565563957274e-04) (6, 1.65007755833552552382e-02) (7, 5.54838556729984611060e-01) (8, 3.07626344949434749054e-01) (9, 1.69995043916834009945e-01) (10, 4.03963373646168799613e-01) (11, 5.26583898746204703833e-01) (12, 3.12724255711267939972e-01) (13, 6.22232916443341443902e-01) (14, 1.68500743358275095751e+00) (15, -8.24613424343276918416e-02) (0, -4.51797390032950474392e+00) (1, 2.81588550832427619852e+00) (2, 1.19125728424039212250e+00) (3, 2.09356943272203066542e+00) (4, 1.09628139773082278197e+00) (5, 2.41068822711994279473e+00) (6, 1.06905643515498294249e+00) (7, 2.12376588351063988469e+00) (8, 1.37409640480106842730e+00) (9, 1.09026343677382020481e+00) (10, 2.80180391727289634929e+00) (11, 2.20209817728929779790e+00) (12, 1.37665874887531769488e+00) (13, 2.81115254935182212748e+00) (14, 1.11014476312690812954e+00) (15, -3.30721787546844847583e+00) (16, 5.55131062474532699369e-01) (17, 3.06833996953911170014e-01) (18, 1.32693099388758213308e+01) (19, -1.25543182226680172242e+00) 
