FANN_FLO_2.1
num_layers=3
learning_rate=0.700000
connection_rate=1.000000
network_type=0
learning_momentum=0.000000
training_algorithm=2
train_error_function=1
train_stop_function=1
cascade_output_change_fraction=0.010000
quickprop_decay=-0.000100
quickprop_mu=1.750000
rprop_increase_factor=1.200000
rprop_decrease_factor=0.500000
rprop_delta_min=0.000000
rprop_delta_max=50.000000
rprop_delta_zero=0.100000
cascade_output_stagnation_epochs=12
cascade_candidate_change_fraction=0.010000
cascade_candidate_stagnation_epochs=12
cascade_max_out_epochs=150
cascade_min_out_epochs=50
cascade_max_cand_epochs=150
cascade_min_cand_epochs=50
cascade_num_candidate_groups=2
bit_fail_limit=1.00000000000000005551e-01
cascade_candidate_limit=1.00000000000000000000e+03
cascade_weight_multiplier=4.00000000000000022204e-01
cascade_activation_functions_count=10
cascade_activation_functions=3 5 7 8 10 11 14 15 16 17 
cascade_activation_steepnesses_count=4
cascade_activation_steepnesses=2.50000000000000000000e-01 5.00000000000000000000e-01 7.50000000000000000000e-01 1.00000000000000000000e+00 
layer_sizes=16 4 2 
scale_included=0
neurons (num_inputs, activation_function, activation_steepness)=(0, 0, 0.00000000000000000000e+00) (0, 0, 0.00000000000000000000e+00) (0, 0, 0.00000000000000000000e+00) (0, 0, 0.00000000000000000000e+00) (0, 0, 0.00000000000000000000e+00) (0, 0, 0.00000000000000000000e+00) (0, 0, 0.00000000000000000000e+00) (0, 0, 0.00000000000000000000e+00) (0, 0, 0.00000000000000000000e+00) (0, 0, 0.00000000000000000000e+00) (0, 0, 0.00000000000000000000e+00) (0, 0, 0.00000000000000000000e+00) (0, 0, 0.00000000000000000000e+00) (0, 0, 0.00000000000000000000e+00) (0, 0, 0.00000000000000000000e+00) (0, 0, 0.00000000000000000000e+00) (16, 6, 5.00000000000000000000e-01) (16, 6, 5.00000000000000000000e-01) (16, 6, 5.00000000000000000000e-01) (0, 6, 0.00000000000000000000e+00) (4, 4, 5.00000000000000000000e-01) (0, 4, 0.00000000000000000000e+00) 
connections (connected_to_neuron, weight)=(0, 2.25870748338623572593e+00) (1, -1.19707800362521998849e+00) (2, -1.88075461448185965452e+00) (3, -1.06603175076295975110e+00) (4, -1.04672074147137794675e+00) (5, -5.45579149293011878008e-01) (6, -9.23140725728053057608e-01) (7, -2.02222114604158109685e+00) (8, -1.78884169497707001817e+00) (9, 2.89794682457132704578e-02) (10, -7.34515983312545306383e-01) (11, 1.79685782247198555517e+00) (12, 1.02907934553423840995e-01) (13, -1.20533961557469537773e+00) (14, 9.42088715860557091020e-01) (15, 1.75821014911222306409e+00) (0, -2.88640260899788092530e+00) (1, 1.98297380382257326659e+00) (2, 6.92485219271943397423e-01) (3, 1.27047114158900020797e+00) (4, 1.60720059128164427520e+00) (5, 1.06418046807133559462e+00) (6, 1.66736587337945674214e+00) (7, 1.04484823342502486376e+00) (8, 7.70399742468569459497e-01) (9, 3.40560566934122621596e-01) (10, -2.67245112863367995093e-01) (11, -4.45644024831139518028e-01) (12, 5.35357739120418840706e-01) (13, 1.61777470558286129432e+00) (14, -1.36180301373488643613e+00) (15, -1.41385106693971129843e+00) (0, -3.78431838418732513496e-01) (1, -4.49606598485603470294e-02) (2, 7.50347707622323856214e+00) (3, 2.13387056450132694962e+00) (4, -3.06796633426395448652e+00) (5, 1.04851972616774382630e+01) (6, 4.92715272258062597643e+00) (7, 1.47325233318665844706e+01) (8, 1.01912147626153402058e+01) (9, 4.44720349188565311493e+00) (10, 4.79184877822955657134e-01) (11, 4.14423034687948846355e-02) (12, 1.18690528935828942814e+00) (13, 2.04902316240243322909e+01) (14, -1.27055396904870576691e+00) (15, -9.57976395628852006592e-02) (16, -1.58871859630247573847e+01) (17, 1.38850071064143580912e+01) (18, 2.58298607165250382334e-01) (19, -1.12767285867158850721e+00) 
