FANN_FLO_2.1
num_layers=3
learning_rate=0.700000
connection_rate=1.000000
network_type=0
learning_momentum=0.000000
training_algorithm=2
train_error_function=1
train_stop_function=1
cascade_output_change_fraction=0.010000
quickprop_decay=-0.000100
quickprop_mu=1.750000
rprop_increase_factor=1.200000
rprop_decrease_factor=0.500000
rprop_delta_min=0.000000
rprop_delta_max=50.000000
rprop_delta_zero=0.100000
cascade_output_stagnation_epochs=12
cascade_candidate_change_fraction=0.010000
cascade_candidate_stagnation_epochs=12
cascade_max_out_epochs=150
cascade_min_out_epochs=50
cascade_max_cand_epochs=150
cascade_min_cand_epochs=50
cascade_num_candidate_groups=2
bit_fail_limit=1.00000000000000005551e-01
cascade_candidate_limit=1.00000000000000000000e+03
cascade_weight_multiplier=4.00000000000000022204e-01
cascade_activation_functions_count=10
cascade_activation_functions=3 5 7 8 10 11 14 15 16 17 
cascade_activation_steepnesses_count=4
cascade_activation_steepnesses=2.50000000000000000000e-01 5.00000000000000000000e-01 7.50000000000000000000e-01 1.00000000000000000000e+00 
layer_sizes=9 4 2 
scale_included=0
neurons (num_inputs, activation_function, activation_steepness)=(0, 0, 0.00000000000000000000e+00) (0, 0, 0.00000000000000000000e+00) (0, 0, 0.00000000000000000000e+00) (0, 0, 0.00000000000000000000e+00) (0, 0, 0.00000000000000000000e+00) (0, 0, 0.00000000000000000000e+00) (0, 0, 0.00000000000000000000e+00) (0, 0, 0.00000000000000000000e+00) (0, 0, 0.00000000000000000000e+00) (9, 6, 5.00000000000000000000e-01) (9, 6, 5.00000000000000000000e-01) (9, 6, 5.00000000000000000000e-01) (0, 6, 0.00000000000000000000e+00) (4, 4, 5.00000000000000000000e-01) (0, 4, 0.00000000000000000000e+00) 
connections (connected_to_neuron, weight)=(0, -7.39500959607285346387e-01) (1, 1.50738669838096606135e+00) (2, 2.54779171121480241258e-01) (3, 7.94682189913827885519e-01) (4, 5.66797765321965463237e-01) (5, 4.76374874241585977153e-01) (6, 7.92204793999056522402e-01) (7, 3.62664437320788790586e-02) (8, -8.13145195337456772045e-01) (0, -1.93060384956503017229e+00) (1, 1.93121870257847927377e+00) (2, 1.41680771883552103496e+00) (3, 1.57849985924294955453e+00) (4, 1.15049842652011929944e-01) (5, 5.57335834132385854467e-03) (6, 6.23672648257353579027e-01) (7, -1.54849129702599253022e+00) (8, -2.05413560462498745451e+00) (0, -2.08621254829073032866e+00) (1, 2.02325717755549572274e+00) (2, 1.38139677446310549236e+00) (3, 1.67419951599768168649e+00) (4, 2.25719427697755256612e-03) (5, 6.46655595862160453846e-02) (6, 7.17977351433375376999e-01) (7, -1.54153094973118509614e+00) (8, -2.10128059503936848174e+00) (9, 4.14568280810997835673e-01) (10, 6.17101400298251334675e+00) (11, 6.14192936522139731892e+00) (12, -1.91384943095350368303e+00) 
