FANN_FLO_2.1
num_layers=3
learning_rate=0.700000
connection_rate=1.000000
network_type=0
learning_momentum=0.000000
training_algorithm=2
train_error_function=1
train_stop_function=1
cascade_output_change_fraction=0.010000
quickprop_decay=-0.000100
quickprop_mu=1.750000
rprop_increase_factor=1.200000
rprop_decrease_factor=0.500000
rprop_delta_min=0.000000
rprop_delta_max=50.000000
rprop_delta_zero=0.100000
cascade_output_stagnation_epochs=12
cascade_candidate_change_fraction=0.010000
cascade_candidate_stagnation_epochs=12
cascade_max_out_epochs=150
cascade_min_out_epochs=50
cascade_max_cand_epochs=150
cascade_min_cand_epochs=50
cascade_num_candidate_groups=2
bit_fail_limit=1.00000000000000005551e-01
cascade_candidate_limit=1.00000000000000000000e+03
cascade_weight_multiplier=4.00000000000000022204e-01
cascade_activation_functions_count=10
cascade_activation_functions=3 5 7 8 10 11 14 15 16 17 
cascade_activation_steepnesses_count=4
cascade_activation_steepnesses=2.50000000000000000000e-01 5.00000000000000000000e-01 7.50000000000000000000e-01 1.00000000000000000000e+00 
layer_sizes=7 4 2 
scale_included=0
neurons (num_inputs, activation_function, activation_steepness)=(0, 0, 0.00000000000000000000e+00) (0, 0, 0.00000000000000000000e+00) (0, 0, 0.00000000000000000000e+00) (0, 0, 0.00000000000000000000e+00) (0, 0, 0.00000000000000000000e+00) (0, 0, 0.00000000000000000000e+00) (0, 0, 0.00000000000000000000e+00) (7, 6, 5.00000000000000000000e-01) (7, 6, 5.00000000000000000000e-01) (7, 6, 5.00000000000000000000e-01) (0, 6, 0.00000000000000000000e+00) (4, 4, 5.00000000000000000000e-01) (0, 4, 0.00000000000000000000e+00) 
connections (connected_to_neuron, weight)=(0, 2.08380824378480244974e+00) (1, -1.61347702297856354647e+00) (2, 1.01396338030115260032e-01) (3, -1.01727250864131213426e+00) (4, -1.80448972825372466744e+00) (5, -1.60800463552970240855e+00) (6, 1.21109327784310005782e+00) (0, 2.02695987424601842264e+00) (1, -1.60687571916272164962e+00) (2, 1.03080467268243922141e-01) (3, -1.02297306706530810594e+00) (4, -1.75034303609693298043e+00) (5, -1.52415940757293055796e+00) (6, 1.20572517177591942428e+00) (0, 1.94191350838889409403e+00) (1, -1.68477295118858361178e+00) (2, 2.91547925158754384078e-01) (3, -5.54810745075163480600e-01) (4, -1.79182791356408843697e+00) (5, -1.70012685503262872544e+00) (6, 9.06599395320519696462e-01) (7, -6.78640997936202250429e+00) (8, -6.77109902878476255239e+00) (9, -6.78062235345316999258e+00) (10, -3.39788269790088293121e+00) 
