FANN_FLO_2.1
num_layers=3
learning_rate=0.700000
connection_rate=1.000000
network_type=0
learning_momentum=0.000000
training_algorithm=2
train_error_function=1
train_stop_function=1
cascade_output_change_fraction=0.010000
quickprop_decay=-0.000100
quickprop_mu=1.750000
rprop_increase_factor=1.200000
rprop_decrease_factor=0.500000
rprop_delta_min=0.000000
rprop_delta_max=50.000000
rprop_delta_zero=0.100000
cascade_output_stagnation_epochs=12
cascade_candidate_change_fraction=0.010000
cascade_candidate_stagnation_epochs=12
cascade_max_out_epochs=150
cascade_min_out_epochs=50
cascade_max_cand_epochs=150
cascade_min_cand_epochs=50
cascade_num_candidate_groups=2
bit_fail_limit=1.00000000000000005551e-01
cascade_candidate_limit=1.00000000000000000000e+03
cascade_weight_multiplier=4.00000000000000022204e-01
cascade_activation_functions_count=10
cascade_activation_functions=3 5 7 8 10 11 14 15 16 17 
cascade_activation_steepnesses_count=4
cascade_activation_steepnesses=2.50000000000000000000e-01 5.00000000000000000000e-01 7.50000000000000000000e-01 1.00000000000000000000e+00 
layer_sizes=9 4 2 
scale_included=0
neurons (num_inputs, activation_function, activation_steepness)=(0, 0, 0.00000000000000000000e+00) (0, 0, 0.00000000000000000000e+00) (0, 0, 0.00000000000000000000e+00) (0, 0, 0.00000000000000000000e+00) (0, 0, 0.00000000000000000000e+00) (0, 0, 0.00000000000000000000e+00) (0, 0, 0.00000000000000000000e+00) (0, 0, 0.00000000000000000000e+00) (0, 0, 0.00000000000000000000e+00) (9, 6, 5.00000000000000000000e-01) (9, 6, 5.00000000000000000000e-01) (9, 6, 5.00000000000000000000e-01) (0, 6, 0.00000000000000000000e+00) (4, 4, 5.00000000000000000000e-01) (0, 4, 0.00000000000000000000e+00) 
connections (connected_to_neuron, weight)=(0, -6.53507757168197978004e-01) (1, 1.54617708644664264561e+00) (2, -7.58390407513902742309e-01) (3, -3.63761855197540950879e-01) (4, -1.62035707786033533750e+00) (5, 4.69726479821166087447e+00) (6, 3.87227030386535808759e+00) (7, 3.51222415562957257507e+00) (8, -6.08654779758471597972e-01) (0, -2.88702733706876113473e+00) (1, 2.57237562718109114002e+00) (2, 5.96039315644768669111e-02) (3, 1.22909697775701465261e+00) (4, 3.15770158806645184768e+00) (5, 6.58707394149844738251e+00) (6, -8.56961242386259591797e-01) (7, 6.67026438584627356931e+00) (8, -4.22973547150115258830e+00) (0, 4.60002871407488900246e+00) (1, 2.12076805838337989485e+00) (2, 2.14338127120519761348e+00) (3, 1.62493986325902195489e+00) (4, 2.51059667038913447712e+00) (5, -6.38597344284743240195e-01) (6, 2.10674975934258545962e+00) (7, -1.00461725583992578237e+00) (8, -4.21632024317789522172e+00) (9, 1.15419584888898474340e+00) (10, 1.26163287091984148702e+01) (11, 5.07366024677786882080e+01) (12, -9.06968782703695741709e-01) 
