FANN_FLO_2.1
num_layers=3
learning_rate=0.700000
connection_rate=1.000000
network_type=0
learning_momentum=0.000000
training_algorithm=2
train_error_function=1
train_stop_function=1
cascade_output_change_fraction=0.010000
quickprop_decay=-0.000100
quickprop_mu=1.750000
rprop_increase_factor=1.200000
rprop_decrease_factor=0.500000
rprop_delta_min=0.000000
rprop_delta_max=50.000000
rprop_delta_zero=0.100000
cascade_output_stagnation_epochs=12
cascade_candidate_change_fraction=0.010000
cascade_candidate_stagnation_epochs=12
cascade_max_out_epochs=150
cascade_min_out_epochs=50
cascade_max_cand_epochs=150
cascade_min_cand_epochs=50
cascade_num_candidate_groups=2
bit_fail_limit=1.00000000000000005551e-01
cascade_candidate_limit=1.00000000000000000000e+03
cascade_weight_multiplier=4.00000000000000022204e-01
cascade_activation_functions_count=10
cascade_activation_functions=3 5 7 8 10 11 14 15 16 17 
cascade_activation_steepnesses_count=4
cascade_activation_steepnesses=2.50000000000000000000e-01 5.00000000000000000000e-01 7.50000000000000000000e-01 1.00000000000000000000e+00 
layer_sizes=14 4 2 
scale_included=0
neurons (num_inputs, activation_function, activation_steepness)=(0, 0, 0.00000000000000000000e+00) (0, 0, 0.00000000000000000000e+00) (0, 0, 0.00000000000000000000e+00) (0, 0, 0.00000000000000000000e+00) (0, 0, 0.00000000000000000000e+00) (0, 0, 0.00000000000000000000e+00) (0, 0, 0.00000000000000000000e+00) (0, 0, 0.00000000000000000000e+00) (0, 0, 0.00000000000000000000e+00) (0, 0, 0.00000000000000000000e+00) (0, 0, 0.00000000000000000000e+00) (0, 0, 0.00000000000000000000e+00) (0, 0, 0.00000000000000000000e+00) (0, 0, 0.00000000000000000000e+00) (14, 6, 5.00000000000000000000e-01) (14, 6, 5.00000000000000000000e-01) (14, 6, 5.00000000000000000000e-01) (0, 6, 0.00000000000000000000e+00) (4, 4, 5.00000000000000000000e-01) (0, 4, 0.00000000000000000000e+00) 
connections (connected_to_neuron, weight)=(0, -6.04131975086990280488e+00) (1, 2.86326178522828467266e+00) (2, -1.85776878890143115619e+00) (3, 1.76147485577578621907e+00) (4, 1.84948189358288406225e+00) (5, 1.80452935834539074378e+00) (6, 2.84033601593671702901e+00) (7, 2.90277836930301402774e+00) (8, 1.21243696829715852381e+00) (9, 4.13086501872266431690e+00) (10, -6.74898494605127075019e-01) (11, 3.92157909711594410140e+00) (12, -4.38676619307135240433e+00) (13, -2.12112721306385099140e+00) (0, -1.95576318425940764989e+00) (1, 1.41732654355499332333e+00) (2, -6.07818432952558773685e-01) (3, 5.01032690017011672623e-01) (4, 1.26113472407065874137e+00) (5, 3.97435974467532704413e-01) (6, 1.48531749450858585604e+00) (7, 1.36795955819528036734e+00) (8, 1.00175981741328593011e-01) (9, 1.75632415875395730964e+00) (10, -6.40451283367413193304e-01) (11, 1.86354182148596025925e+00) (12, -2.05114655525325151331e+00) (13, -7.88408269001977024537e-01) (0, -8.43720651543022892582e-01) (1, 1.73892218612167437364e+00) (2, -1.55067615238244127518e+00) (3, 2.49114004212810491445e-01) (4, 1.73559006581758024090e+00) (5, 8.17507239666020346647e-01) (6, 1.76046485417779452476e+00) (7, 1.71438998264710851238e+00) (8, 4.61431353156281809369e-01) (9, 2.04784151970943328891e+00) (10, -1.27341041448411096404e+00) (11, 1.82474061619917993227e+00) (12, -4.41107907608171867508e+00) (13, -6.51539248390929248700e-01) (14, 1.77390608581417872358e+01) (15, 1.12263118078060770699e+01) (16, 5.04376208221096744566e-01) (17, -1.60753760218135388627e+00) 
