FANN_FLO_2.1
num_layers=3
learning_rate=0.700000
connection_rate=1.000000
network_type=0
learning_momentum=0.000000
training_algorithm=2
train_error_function=1
train_stop_function=1
cascade_output_change_fraction=0.010000
quickprop_decay=-0.000100
quickprop_mu=1.750000
rprop_increase_factor=1.200000
rprop_decrease_factor=0.500000
rprop_delta_min=0.000000
rprop_delta_max=50.000000
rprop_delta_zero=0.100000
cascade_output_stagnation_epochs=12
cascade_candidate_change_fraction=0.010000
cascade_candidate_stagnation_epochs=12
cascade_max_out_epochs=150
cascade_min_out_epochs=50
cascade_max_cand_epochs=150
cascade_min_cand_epochs=50
cascade_num_candidate_groups=2
bit_fail_limit=1.00000000000000005551e-01
cascade_candidate_limit=1.00000000000000000000e+03
cascade_weight_multiplier=4.00000000000000022204e-01
cascade_activation_functions_count=10
cascade_activation_functions=3 5 7 8 10 11 14 15 16 17 
cascade_activation_steepnesses_count=4
cascade_activation_steepnesses=2.50000000000000000000e-01 5.00000000000000000000e-01 7.50000000000000000000e-01 1.00000000000000000000e+00 
layer_sizes=11 4 2 
scale_included=0
neurons (num_inputs, activation_function, activation_steepness)=(0, 0, 0.00000000000000000000e+00) (0, 0, 0.00000000000000000000e+00) (0, 0, 0.00000000000000000000e+00) (0, 0, 0.00000000000000000000e+00) (0, 0, 0.00000000000000000000e+00) (0, 0, 0.00000000000000000000e+00) (0, 0, 0.00000000000000000000e+00) (0, 0, 0.00000000000000000000e+00) (0, 0, 0.00000000000000000000e+00) (0, 0, 0.00000000000000000000e+00) (0, 0, 0.00000000000000000000e+00) (11, 6, 5.00000000000000000000e-01) (11, 6, 5.00000000000000000000e-01) (11, 6, 5.00000000000000000000e-01) (0, 6, 0.00000000000000000000e+00) (4, 4, 5.00000000000000000000e-01) (0, 4, 0.00000000000000000000e+00) 
connections (connected_to_neuron, weight)=(0, 2.28192811278202212222e+00) (1, -7.09619111260965595989e+00) (2, 1.28176281144126358313e+00) (3, 5.65173483542045884676e-01) (4, 1.33820984067334602940e+00) (5, 2.18500277031187861709e+00) (6, -7.07181933960512409953e+00) (7, -5.33007389895008287795e+00) (8, 1.42485267972493945265e+00) (9, 2.32643534361599080285e+00) (10, 3.34157371727723617738e+00) (0, -1.00142908702617972061e+00) (1, 3.23744350703881789144e+00) (2, -3.28450326601891384737e-01) (3, 1.35672543535409917403e-01) (4, -5.25566361609366206054e-01) (5, -8.58006386561454448270e-01) (6, 3.28595416279958296712e+00) (7, 4.13291890848090481825e+00) (8, -5.27509652887730717818e-02) (9, -5.31160026334031032391e-01) (10, -8.32625179095328737944e-01) (0, 5.68129831933434026325e-01) (1, -1.39807176959746515266e+00) (2, 4.17686308373662773530e-01) (3, -4.17200015280009606222e-01) (4, 2.05232367889928823956e-01) (5, 3.41584626397232082873e-01) (6, -1.28191010278695260993e+00) (7, -1.58550945403577725479e+00) (8, -3.68652154306338353251e-01) (9, 3.08740876821727405765e-01) (10, 4.96283570312912536426e-01) (11, -4.99053577188651331653e+00) (12, 5.67532221011932858090e+00) (13, -1.05686328934901485610e+00) (14, -2.32355020267639300613e+00) 
