FANN_FLO_2.1
num_layers=3
learning_rate=0.700000
connection_rate=1.000000
network_type=0
learning_momentum=0.000000
training_algorithm=2
train_error_function=1
train_stop_function=1
cascade_output_change_fraction=0.010000
quickprop_decay=-0.000100
quickprop_mu=1.750000
rprop_increase_factor=1.200000
rprop_decrease_factor=0.500000
rprop_delta_min=0.000000
rprop_delta_max=50.000000
rprop_delta_zero=0.100000
cascade_output_stagnation_epochs=12
cascade_candidate_change_fraction=0.010000
cascade_candidate_stagnation_epochs=12
cascade_max_out_epochs=150
cascade_min_out_epochs=50
cascade_max_cand_epochs=150
cascade_min_cand_epochs=50
cascade_num_candidate_groups=2
bit_fail_limit=1.00000000000000005551e-01
cascade_candidate_limit=1.00000000000000000000e+03
cascade_weight_multiplier=4.00000000000000022204e-01
cascade_activation_functions_count=10
cascade_activation_functions=3 5 7 8 10 11 14 15 16 17 
cascade_activation_steepnesses_count=4
cascade_activation_steepnesses=2.50000000000000000000e-01 5.00000000000000000000e-01 7.50000000000000000000e-01 1.00000000000000000000e+00 
layer_sizes=9 4 2 
scale_included=0
neurons (num_inputs, activation_function, activation_steepness)=(0, 0, 0.00000000000000000000e+00) (0, 0, 0.00000000000000000000e+00) (0, 0, 0.00000000000000000000e+00) (0, 0, 0.00000000000000000000e+00) (0, 0, 0.00000000000000000000e+00) (0, 0, 0.00000000000000000000e+00) (0, 0, 0.00000000000000000000e+00) (0, 0, 0.00000000000000000000e+00) (0, 0, 0.00000000000000000000e+00) (9, 6, 5.00000000000000000000e-01) (9, 6, 5.00000000000000000000e-01) (9, 6, 5.00000000000000000000e-01) (0, 6, 0.00000000000000000000e+00) (4, 4, 5.00000000000000000000e-01) (0, 4, 0.00000000000000000000e+00) 
connections (connected_to_neuron, weight)=(0, -1.29392734166847755972e+00) (1, 1.45419435581576017569e+00) (2, 1.17274706002649109493e+00) (3, 1.16444313724149273170e+00) (4, 6.49311366729388605989e-01) (5, 3.29896521682310983614e-01) (6, 1.16788088983734272830e+00) (7, 1.01497190013936378072e+00) (8, -1.07188403911402763136e+00) (0, -4.48174126881420065160e+00) (1, 4.07899135452392158641e+00) (2, 8.06569375157888068806e-01) (3, 5.07677465744084965849e+00) (4, 1.52718860470947248587e+00) (5, -2.62537940578877782016e+00) (6, 4.09766940128686485423e+00) (7, 4.10224196871138779841e+00) (8, -4.38610126513301779028e+00) (0, 4.08340924601311883180e-01) (1, -9.98047923703282713337e-02) (2, -1.48375149633416719697e-01) (3, -4.16409772074389838981e-01) (4, -2.45746833729388047818e-02) (5, 4.46862648248645411009e-01) (6, -1.50199245478639192841e-01) (7, -1.29387569243801736629e-01) (8, 4.99199428777451714723e-01) (9, 1.25728317900446651123e+00) (10, 1.04683209423553638118e+01) (11, -1.55617212626526502106e+00) (12, -1.74404787610296874156e+00) 
