FANN_FLO_2.1
num_layers=3
learning_rate=0.700000
connection_rate=1.000000
network_type=0
learning_momentum=0.000000
training_algorithm=2
train_error_function=1
train_stop_function=1
cascade_output_change_fraction=0.010000
quickprop_decay=-0.000100
quickprop_mu=1.750000
rprop_increase_factor=1.200000
rprop_decrease_factor=0.500000
rprop_delta_min=0.000000
rprop_delta_max=50.000000
rprop_delta_zero=0.100000
cascade_output_stagnation_epochs=12
cascade_candidate_change_fraction=0.010000
cascade_candidate_stagnation_epochs=12
cascade_max_out_epochs=150
cascade_min_out_epochs=50
cascade_max_cand_epochs=150
cascade_min_cand_epochs=50
cascade_num_candidate_groups=2
bit_fail_limit=1.00000000000000005551e-01
cascade_candidate_limit=1.00000000000000000000e+03
cascade_weight_multiplier=4.00000000000000022204e-01
cascade_activation_functions_count=10
cascade_activation_functions=3 5 7 8 10 11 14 15 16 17 
cascade_activation_steepnesses_count=4
cascade_activation_steepnesses=2.50000000000000000000e-01 5.00000000000000000000e-01 7.50000000000000000000e-01 1.00000000000000000000e+00 
layer_sizes=10 4 2 
scale_included=0
neurons (num_inputs, activation_function, activation_steepness)=(0, 0, 0.00000000000000000000e+00) (0, 0, 0.00000000000000000000e+00) (0, 0, 0.00000000000000000000e+00) (0, 0, 0.00000000000000000000e+00) (0, 0, 0.00000000000000000000e+00) (0, 0, 0.00000000000000000000e+00) (0, 0, 0.00000000000000000000e+00) (0, 0, 0.00000000000000000000e+00) (0, 0, 0.00000000000000000000e+00) (0, 0, 0.00000000000000000000e+00) (10, 6, 5.00000000000000000000e-01) (10, 6, 5.00000000000000000000e-01) (10, 6, 5.00000000000000000000e-01) (0, 6, 0.00000000000000000000e+00) (4, 4, 5.00000000000000000000e-01) (0, 4, 0.00000000000000000000e+00) 
connections (connected_to_neuron, weight)=(0, 8.18115222378716699936e-01) (1, -9.13575090827137614724e-01) (2, -1.32352601301139993772e+00) (3, 9.13319511099065173276e-01) (4, 1.30831452812874698965e-01) (5, 1.40867854263508701651e-01) (6, -1.02242792096491807996e+00) (7, 1.72921339465081591591e+00) (8, 3.50797173094023362339e-01) (9, 9.34409471458648610565e-01) (0, 5.21425837490938209884e-02) (1, 5.62574170872851553327e-02) (2, -5.90921691305945540051e+00) (3, 9.23154393078228774350e-02) (4, -8.78837837314410563749e-01) (5, -5.17835593260972615326e-01) (6, -1.19856008100019617579e+00) (7, 7.42424713040622075155e-01) (8, -4.07319355430940249763e-02) (9, 1.49706782674310673320e-01) (0, -1.46733209171200629228e+00) (1, 3.87879151468214233844e+00) (2, 2.17024691701262317789e-01) (3, -1.89490115381088641833e+00) (4, -2.22248507666584077525e-01) (5, -2.38038547474181266805e-01) (6, 1.50008804838669906889e-01) (7, -4.68339167276277734686e+00) (8, 6.33468598709862606988e-01) (9, -1.47193017282391425127e+00) (10, -2.14053160474653765277e+01) (11, -1.32532869219614424239e+00) (12, 5.88755034347448980014e+00) (13, -2.70944534857129948335e+00) 
