FANN_FLO_2.1
num_layers=3
learning_rate=0.700000
connection_rate=1.000000
network_type=0
learning_momentum=0.000000
training_algorithm=2
train_error_function=1
train_stop_function=1
cascade_output_change_fraction=0.010000
quickprop_decay=-0.000100
quickprop_mu=1.750000
rprop_increase_factor=1.200000
rprop_decrease_factor=0.500000
rprop_delta_min=0.000000
rprop_delta_max=50.000000
rprop_delta_zero=0.100000
cascade_output_stagnation_epochs=12
cascade_candidate_change_fraction=0.010000
cascade_candidate_stagnation_epochs=12
cascade_max_out_epochs=150
cascade_min_out_epochs=50
cascade_max_cand_epochs=150
cascade_min_cand_epochs=50
cascade_num_candidate_groups=2
bit_fail_limit=1.00000000000000005551e-01
cascade_candidate_limit=1.00000000000000000000e+03
cascade_weight_multiplier=4.00000000000000022204e-01
cascade_activation_functions_count=10
cascade_activation_functions=3 5 7 8 10 11 14 15 16 17 
cascade_activation_steepnesses_count=4
cascade_activation_steepnesses=2.50000000000000000000e-01 5.00000000000000000000e-01 7.50000000000000000000e-01 1.00000000000000000000e+00 
layer_sizes=9 4 2 
scale_included=0
neurons (num_inputs, activation_function, activation_steepness)=(0, 0, 0.00000000000000000000e+00) (0, 0, 0.00000000000000000000e+00) (0, 0, 0.00000000000000000000e+00) (0, 0, 0.00000000000000000000e+00) (0, 0, 0.00000000000000000000e+00) (0, 0, 0.00000000000000000000e+00) (0, 0, 0.00000000000000000000e+00) (0, 0, 0.00000000000000000000e+00) (0, 0, 0.00000000000000000000e+00) (9, 6, 5.00000000000000000000e-01) (9, 6, 5.00000000000000000000e-01) (9, 6, 5.00000000000000000000e-01) (0, 6, 0.00000000000000000000e+00) (4, 4, 5.00000000000000000000e-01) (0, 4, 0.00000000000000000000e+00) 
connections (connected_to_neuron, weight)=(0, -4.60664662248686074264e-01) (1, 7.83606349713400374135e-01) (2, 5.04853938665760559878e-01) (3, 1.46315608376023392756e-01) (4, -1.32283090601740399572e-01) (5, -3.42984212658320603007e-02) (6, 1.67656229713047805197e-02) (7, -5.61925483963404762133e-02) (8, 3.52735282757367096806e-02) (0, 1.29559470873382931444e+00) (1, -3.91797692303423161775e+00) (2, 3.24332236114255323400e-01) (3, 3.44458549085370435705e-01) (4, 1.28597518216875439379e+00) (5, 5.62806378505941395929e-01) (6, 5.86215484343286519220e-01) (7, 5.40140244565721516778e-01) (8, 9.05825726833605848753e-01) (0, -9.08591057328915097102e-01) (1, 3.79499410067562337190e+00) (2, 2.10406525757682871802e-01) (3, -1.28342061730511158846e-02) (4, -8.39432916758989788875e-01) (5, -4.40312695582836421959e-01) (6, -4.78771087606876644127e-01) (7, -5.51046055634945242119e-01) (8, -6.12503577848404257011e-01) (9, 5.39718639996422333560e-01) (10, -3.94195204947952504426e+00) (11, 3.90389465515379185945e+00) (12, -7.99931070922350495600e-01) 
