FANN_FLO_2.1
num_layers=3
learning_rate=0.700000
connection_rate=1.000000
network_type=0
learning_momentum=0.000000
training_algorithm=2
train_error_function=1
train_stop_function=1
cascade_output_change_fraction=0.010000
quickprop_decay=-0.000100
quickprop_mu=1.750000
rprop_increase_factor=1.200000
rprop_decrease_factor=0.500000
rprop_delta_min=0.000000
rprop_delta_max=50.000000
rprop_delta_zero=0.100000
cascade_output_stagnation_epochs=12
cascade_candidate_change_fraction=0.010000
cascade_candidate_stagnation_epochs=12
cascade_max_out_epochs=150
cascade_min_out_epochs=50
cascade_max_cand_epochs=150
cascade_min_cand_epochs=50
cascade_num_candidate_groups=2
bit_fail_limit=1.00000000000000005551e-01
cascade_candidate_limit=1.00000000000000000000e+03
cascade_weight_multiplier=4.00000000000000022204e-01
cascade_activation_functions_count=10
cascade_activation_functions=3 5 7 8 10 11 14 15 16 17 
cascade_activation_steepnesses_count=4
cascade_activation_steepnesses=2.50000000000000000000e-01 5.00000000000000000000e-01 7.50000000000000000000e-01 1.00000000000000000000e+00 
layer_sizes=11 4 2 
scale_included=0
neurons (num_inputs, activation_function, activation_steepness)=(0, 0, 0.00000000000000000000e+00) (0, 0, 0.00000000000000000000e+00) (0, 0, 0.00000000000000000000e+00) (0, 0, 0.00000000000000000000e+00) (0, 0, 0.00000000000000000000e+00) (0, 0, 0.00000000000000000000e+00) (0, 0, 0.00000000000000000000e+00) (0, 0, 0.00000000000000000000e+00) (0, 0, 0.00000000000000000000e+00) (0, 0, 0.00000000000000000000e+00) (0, 0, 0.00000000000000000000e+00) (11, 6, 5.00000000000000000000e-01) (11, 6, 5.00000000000000000000e-01) (11, 6, 5.00000000000000000000e-01) (0, 6, 0.00000000000000000000e+00) (4, 4, 5.00000000000000000000e-01) (0, 4, 0.00000000000000000000e+00) 
connections (connected_to_neuron, weight)=(0, -3.16043171946938139527e+00) (1, 3.47677923199088434458e+00) (2, -5.40627229140777210148e-01) (3, 3.65454327926619537692e+00) (4, 3.63346486786160394189e+00) (5, 1.64835629990446297377e+00) (6, 7.24971260934585137736e-02) (7, -1.67998418365810531228e-01) (8, 4.94267399195199619300e+00) (9, 2.35954850710954611159e+00) (10, -3.18647791360552412598e+00) (0, 2.30399633570297446283e+00) (1, -4.25230155818471367013e+00) (2, -3.35662368344442096912e+00) (3, -2.58493493571429766575e+00) (4, -3.83974199080283229435e+00) (5, -6.97298476386995069731e+00) (6, 3.25696993747763974270e+00) (7, -2.65687211255272037747e+00) (8, 6.01116512066926955704e-01) (9, -5.00512707100269338412e+00) (10, 5.03480022323206366508e+00) (0, -8.00648944466122336472e-01) (1, 1.77933113735582648651e+00) (2, -4.91836251662674195373e-01) (3, 2.00650492843613115213e+00) (4, 5.74745735765377130377e-01) (5, 1.19050327854680104700e+00) (6, 4.83931052807527684045e-01) (7, 3.25303977415068001910e-01) (8, 1.50955326333930517357e+00) (9, 3.35776331962030050171e-01) (10, -1.46044513337207537695e+00) (11, 1.32283914211682116502e+01) (12, -3.98292421334212942696e+00) (13, 1.64585397027970703476e+00) (14, -1.12128809515756211468e+00) 
