FANN_FLO_2.1
num_layers=3
learning_rate=0.700000
connection_rate=1.000000
network_type=0
learning_momentum=0.000000
training_algorithm=2
train_error_function=1
train_stop_function=1
cascade_output_change_fraction=0.010000
quickprop_decay=-0.000100
quickprop_mu=1.750000
rprop_increase_factor=1.200000
rprop_decrease_factor=0.500000
rprop_delta_min=0.000000
rprop_delta_max=50.000000
rprop_delta_zero=0.100000
cascade_output_stagnation_epochs=12
cascade_candidate_change_fraction=0.010000
cascade_candidate_stagnation_epochs=12
cascade_max_out_epochs=150
cascade_min_out_epochs=50
cascade_max_cand_epochs=150
cascade_min_cand_epochs=50
cascade_num_candidate_groups=2
bit_fail_limit=1.00000000000000005551e-01
cascade_candidate_limit=1.00000000000000000000e+03
cascade_weight_multiplier=4.00000000000000022204e-01
cascade_activation_functions_count=10
cascade_activation_functions=3 5 7 8 10 11 14 15 16 17 
cascade_activation_steepnesses_count=4
cascade_activation_steepnesses=2.50000000000000000000e-01 5.00000000000000000000e-01 7.50000000000000000000e-01 1.00000000000000000000e+00 
layer_sizes=12 4 2 
scale_included=0
neurons (num_inputs, activation_function, activation_steepness)=(0, 0, 0.00000000000000000000e+00) (0, 0, 0.00000000000000000000e+00) (0, 0, 0.00000000000000000000e+00) (0, 0, 0.00000000000000000000e+00) (0, 0, 0.00000000000000000000e+00) (0, 0, 0.00000000000000000000e+00) (0, 0, 0.00000000000000000000e+00) (0, 0, 0.00000000000000000000e+00) (0, 0, 0.00000000000000000000e+00) (0, 0, 0.00000000000000000000e+00) (0, 0, 0.00000000000000000000e+00) (0, 0, 0.00000000000000000000e+00) (12, 6, 5.00000000000000000000e-01) (12, 6, 5.00000000000000000000e-01) (12, 6, 5.00000000000000000000e-01) (0, 6, 0.00000000000000000000e+00) (4, 4, 5.00000000000000000000e-01) (0, 4, 0.00000000000000000000e+00) 
connections (connected_to_neuron, weight)=(0, -2.25632609434378572644e-01) (1, -1.19333875243977272085e+00) (2, -1.72309564489727951031e-01) (3, 1.64926597200576416924e+01) (4, 7.47037072270664181950e-01) (5, -2.40225577854602301286e-01) (6, -3.17536299548026956785e+00) (7, -4.00663323777931434932e+00) (8, 1.65238834716621987297e+01) (9, -3.75490999665243685435e-01) (10, -1.38270686622794625187e+00) (11, -3.24572492556824188092e-01) (0, -1.35261717597592179274e+00) (1, 3.48352300758699939820e+00) (2, 1.12374224108467513084e+00) (3, 2.08593147997008898642e+00) (4, 1.60406078851238098615e+00) (5, 1.05783866177575891498e+00) (6, -2.68931805514331045970e+00) (7, 3.28704008832068828028e+00) (8, 3.03006371307398714166e+00) (9, 6.11930333092312594978e-01) (10, 1.22935526293798433328e-01) (11, -3.69698026012762381853e+00) (0, 3.13097679176779220001e+00) (1, -4.13250173305567702897e+00) (2, -1.84223900507094251466e+00) (3, -2.98685235657864911474e+00) (4, -1.79579479501565475452e+00) (5, -1.89226715783478627309e+00) (6, 3.87654879848072653203e+00) (7, -4.14051814326020561907e+00) (8, -3.88843366671062495854e+00) (9, -4.95731659754392733896e-02) (10, -1.59432197372623130072e+00) (11, 5.03921686862877216129e+00) (12, 1.71935433488959921178e+00) (13, 6.09249853598438750879e+00) (14, -6.45228928504439913638e+00) (15, -1.35282601218605469384e+00) 
