FANN_FLO_2.1
num_layers=3
learning_rate=0.700000
connection_rate=1.000000
network_type=0
learning_momentum=0.000000
training_algorithm=2
train_error_function=1
train_stop_function=1
cascade_output_change_fraction=0.010000
quickprop_decay=-0.000100
quickprop_mu=1.750000
rprop_increase_factor=1.200000
rprop_decrease_factor=0.500000
rprop_delta_min=0.000000
rprop_delta_max=50.000000
rprop_delta_zero=0.100000
cascade_output_stagnation_epochs=12
cascade_candidate_change_fraction=0.010000
cascade_candidate_stagnation_epochs=12
cascade_max_out_epochs=150
cascade_min_out_epochs=50
cascade_max_cand_epochs=150
cascade_min_cand_epochs=50
cascade_num_candidate_groups=2
bit_fail_limit=1.00000000000000005551e-01
cascade_candidate_limit=1.00000000000000000000e+03
cascade_weight_multiplier=4.00000000000000022204e-01
cascade_activation_functions_count=10
cascade_activation_functions=3 5 7 8 10 11 14 15 16 17 
cascade_activation_steepnesses_count=4
cascade_activation_steepnesses=2.50000000000000000000e-01 5.00000000000000000000e-01 7.50000000000000000000e-01 1.00000000000000000000e+00 
layer_sizes=8 4 2 
scale_included=0
neurons (num_inputs, activation_function, activation_steepness)=(0, 0, 0.00000000000000000000e+00) (0, 0, 0.00000000000000000000e+00) (0, 0, 0.00000000000000000000e+00) (0, 0, 0.00000000000000000000e+00) (0, 0, 0.00000000000000000000e+00) (0, 0, 0.00000000000000000000e+00) (0, 0, 0.00000000000000000000e+00) (0, 0, 0.00000000000000000000e+00) (8, 6, 5.00000000000000000000e-01) (8, 6, 5.00000000000000000000e-01) (8, 6, 5.00000000000000000000e-01) (0, 6, 0.00000000000000000000e+00) (4, 4, 5.00000000000000000000e-01) (0, 4, 0.00000000000000000000e+00) 
connections (connected_to_neuron, weight)=(0, 8.02812264030387801039e-03) (1, 4.80249463539596632700e-01) (2, 1.88831845295178557542e+00) (3, -1.12940074918186847408e-01) (4, 1.46112087031708126617e+00) (5, 6.20968495938249431809e-01) (6, 1.04639503740620076755e+00) (7, -8.68121275097476607918e-01) (0, 2.91900189837343360111e+00) (1, -3.00584537441076493636e+00) (2, -5.98369809638170480071e+00) (3, 3.99047959116693462533e+00) (4, -1.42254995486047830511e+00) (5, -4.27654707198328232209e+00) (6, -3.92087756362709649594e+00) (7, 5.11461031404281740720e+00) (0, -4.76097776825019827068e-03) (1, -3.86980901610388172696e-01) (2, 2.10946359953905693274e+00) (3, 1.15322937549686699299e+00) (4, 1.57194452395544415069e+00) (5, 6.46992335234916282616e-01) (6, 9.42970018916839958223e-01) (7, -8.83861349314796096444e-01) (8, 6.53093025130176307869e-01) (9, -4.33389212998905009044e+01) (10, 6.37208702351046762935e-01) (11, -2.31405021816568856607e+00) 
