FANN_FLO_2.1
num_layers=3
learning_rate=0.700000
connection_rate=1.000000
network_type=0
learning_momentum=0.000000
training_algorithm=2
train_error_function=1
train_stop_function=1
cascade_output_change_fraction=0.010000
quickprop_decay=-0.000100
quickprop_mu=1.750000
rprop_increase_factor=1.200000
rprop_decrease_factor=0.500000
rprop_delta_min=0.000000
rprop_delta_max=50.000000
rprop_delta_zero=0.100000
cascade_output_stagnation_epochs=12
cascade_candidate_change_fraction=0.010000
cascade_candidate_stagnation_epochs=12
cascade_max_out_epochs=150
cascade_min_out_epochs=50
cascade_max_cand_epochs=150
cascade_min_cand_epochs=50
cascade_num_candidate_groups=2
bit_fail_limit=1.00000000000000005551e-01
cascade_candidate_limit=1.00000000000000000000e+03
cascade_weight_multiplier=4.00000000000000022204e-01
cascade_activation_functions_count=10
cascade_activation_functions=3 5 7 8 10 11 14 15 16 17 
cascade_activation_steepnesses_count=4
cascade_activation_steepnesses=2.50000000000000000000e-01 5.00000000000000000000e-01 7.50000000000000000000e-01 1.00000000000000000000e+00 
layer_sizes=8 4 2 
scale_included=0
neurons (num_inputs, activation_function, activation_steepness)=(0, 0, 0.00000000000000000000e+00) (0, 0, 0.00000000000000000000e+00) (0, 0, 0.00000000000000000000e+00) (0, 0, 0.00000000000000000000e+00) (0, 0, 0.00000000000000000000e+00) (0, 0, 0.00000000000000000000e+00) (0, 0, 0.00000000000000000000e+00) (0, 0, 0.00000000000000000000e+00) (8, 6, 5.00000000000000000000e-01) (8, 6, 5.00000000000000000000e-01) (8, 6, 5.00000000000000000000e-01) (0, 6, 0.00000000000000000000e+00) (4, 4, 5.00000000000000000000e-01) (0, 4, 0.00000000000000000000e+00) 
connections (connected_to_neuron, weight)=(0, -1.14684277394367328817e+00) (1, 2.97693846698040287535e+00) (2, 6.49963596884539307474e-01) (3, -8.24164558900260968421e-01) (4, -1.73531479365106267032e-01) (5, -2.27993360883470219669e-01) (6, -3.02102266973729771671e-01) (7, -1.24659453326417057895e+00) (0, 1.36039505978016128651e+00) (1, -2.40587412128015953883e+00) (2, 1.36052996649683538566e-01) (3, 8.37231297418429720736e-01) (4, 8.51905881404830589432e-01) (5, 7.91728895530059206820e-01) (6, 7.20733534917189944125e-01) (7, 1.30713942726043930165e+00) (0, 2.18943796319248346061e-01) (1, 4.76892739047224123450e-01) (2, 3.16585238696454218665e-01) (3, 1.14961280686142156005e-01) (4, 3.36060989958166855818e-01) (5, 3.90711549979567307478e-01) (6, 4.86076463323950547224e-01) (7, 1.86576103529964782216e-03) (8, 5.11819152968862134401e+00) (9, -8.17152860937817138165e+00) (10, 3.70420085264855092344e-01) (11, -9.17118563868396963201e-01) 
