FANN_FLO_2.1
num_layers=3
learning_rate=0.700000
connection_rate=1.000000
network_type=0
learning_momentum=0.000000
training_algorithm=2
train_error_function=1
train_stop_function=1
cascade_output_change_fraction=0.010000
quickprop_decay=-0.000100
quickprop_mu=1.750000
rprop_increase_factor=1.200000
rprop_decrease_factor=0.500000
rprop_delta_min=0.000000
rprop_delta_max=50.000000
rprop_delta_zero=0.100000
cascade_output_stagnation_epochs=12
cascade_candidate_change_fraction=0.010000
cascade_candidate_stagnation_epochs=12
cascade_max_out_epochs=150
cascade_min_out_epochs=50
cascade_max_cand_epochs=150
cascade_min_cand_epochs=50
cascade_num_candidate_groups=2
bit_fail_limit=1.00000000000000005551e-01
cascade_candidate_limit=1.00000000000000000000e+03
cascade_weight_multiplier=4.00000000000000022204e-01
cascade_activation_functions_count=10
cascade_activation_functions=3 5 7 8 10 11 14 15 16 17 
cascade_activation_steepnesses_count=4
cascade_activation_steepnesses=2.50000000000000000000e-01 5.00000000000000000000e-01 7.50000000000000000000e-01 1.00000000000000000000e+00 
layer_sizes=12 4 2 
scale_included=0
neurons (num_inputs, activation_function, activation_steepness)=(0, 0, 0.00000000000000000000e+00) (0, 0, 0.00000000000000000000e+00) (0, 0, 0.00000000000000000000e+00) (0, 0, 0.00000000000000000000e+00) (0, 0, 0.00000000000000000000e+00) (0, 0, 0.00000000000000000000e+00) (0, 0, 0.00000000000000000000e+00) (0, 0, 0.00000000000000000000e+00) (0, 0, 0.00000000000000000000e+00) (0, 0, 0.00000000000000000000e+00) (0, 0, 0.00000000000000000000e+00) (0, 0, 0.00000000000000000000e+00) (12, 6, 5.00000000000000000000e-01) (12, 6, 5.00000000000000000000e-01) (12, 6, 5.00000000000000000000e-01) (0, 6, 0.00000000000000000000e+00) (4, 4, 5.00000000000000000000e-01) (0, 4, 0.00000000000000000000e+00) 
connections (connected_to_neuron, weight)=(0, 1.93932978877014328134e+00) (1, -1.25889879177348973371e+00) (2, -1.29544582212692276357e+01) (3, 2.76446216968562030747e-01) (4, -1.30942946433661493444e+01) (5, -1.76374794294755177226e+00) (6, -8.98945939983286423924e-01) (7, -1.79949867131443091983e-01) (8, 5.35677071128431103730e-01) (9, -7.56638322336227520104e-01) (10, -8.89349064827905877451e-01) (11, 3.84954470191898812104e+00) (0, -2.95951787687671830085e-01) (1, 2.66792531422668721675e+00) (2, -1.21303905916699328316e+00) (3, -3.76932847508423651828e-01) (4, -1.32066129207642091181e+00) (5, -9.77010311145826669532e-03) (6, -3.36617560063441789708e-01) (7, 3.68779985574926127967e+00) (8, -3.72443314065221298126e-01) (9, 3.35369822653683113955e+00) (10, 3.65775188529489270195e+00) (11, -6.24239099848233225387e-01) (0, -1.97457020146612327594e+00) (1, 1.28664027123362306737e-01) (2, 1.21887944131635421741e+01) (3, -1.08721661395278057505e-01) (4, 1.12856602737501976463e+01) (5, 2.47747441919189137494e+00) (6, 1.52016375322246322099e+00) (7, -6.71887072558386977406e-01) (8, -1.10228709361190002625e-01) (9, -4.49679208894253168438e-01) (10, -1.01905015544319565990e+00) (11, -2.41380285527535010104e+00) (12, -2.95821363300543049846e+00) (13, 5.41624106610616795621e+00) (14, 2.03966498341356450297e+00) (15, -4.20552525633600904342e+00) 
