FANN_FLO_2.1
num_layers=3
learning_rate=0.700000
connection_rate=1.000000
network_type=0
learning_momentum=0.000000
training_algorithm=2
train_error_function=1
train_stop_function=1
cascade_output_change_fraction=0.010000
quickprop_decay=-0.000100
quickprop_mu=1.750000
rprop_increase_factor=1.200000
rprop_decrease_factor=0.500000
rprop_delta_min=0.000000
rprop_delta_max=50.000000
rprop_delta_zero=0.100000
cascade_output_stagnation_epochs=12
cascade_candidate_change_fraction=0.010000
cascade_candidate_stagnation_epochs=12
cascade_max_out_epochs=150
cascade_min_out_epochs=50
cascade_max_cand_epochs=150
cascade_min_cand_epochs=50
cascade_num_candidate_groups=2
bit_fail_limit=1.00000000000000005551e-01
cascade_candidate_limit=1.00000000000000000000e+03
cascade_weight_multiplier=4.00000000000000022204e-01
cascade_activation_functions_count=10
cascade_activation_functions=3 5 7 8 10 11 14 15 16 17 
cascade_activation_steepnesses_count=4
cascade_activation_steepnesses=2.50000000000000000000e-01 5.00000000000000000000e-01 7.50000000000000000000e-01 1.00000000000000000000e+00 
layer_sizes=9 4 2 
scale_included=0
neurons (num_inputs, activation_function, activation_steepness)=(0, 0, 0.00000000000000000000e+00) (0, 0, 0.00000000000000000000e+00) (0, 0, 0.00000000000000000000e+00) (0, 0, 0.00000000000000000000e+00) (0, 0, 0.00000000000000000000e+00) (0, 0, 0.00000000000000000000e+00) (0, 0, 0.00000000000000000000e+00) (0, 0, 0.00000000000000000000e+00) (0, 0, 0.00000000000000000000e+00) (9, 6, 5.00000000000000000000e-01) (9, 6, 5.00000000000000000000e-01) (9, 6, 5.00000000000000000000e-01) (0, 6, 0.00000000000000000000e+00) (4, 4, 5.00000000000000000000e-01) (0, 4, 0.00000000000000000000e+00) 
connections (connected_to_neuron, weight)=(0, -7.11688511087460451421e-01) (1, 1.38495774400249516134e+00) (2, 2.48831590330663177113e+00) (3, -1.34679227720246375011e-01) (4, 1.25903370908009915041e+00) (5, 9.14970409363557779514e-01) (6, -6.35438791392616136866e-02) (7, 2.29988921614276442540e+00) (8, -7.25111745311779909429e-01) (0, 2.47892622147198204985e+00) (1, -2.67202095500338110412e+00) (2, -3.22247618984396178021e+00) (3, 2.05864417576009506305e+00) (4, -3.18398100618938584283e-01) (5, -7.44093878633298011493e-01) (6, 1.86917171226392064831e+00) (7, 9.37786570986204603972e-02) (8, 2.59811087195272882866e+00) (0, 2.51847887281771187773e+00) (1, -2.60874937287676367248e+00) (2, -3.31013583194429594769e+00) (3, 1.99923259042913192829e+00) (4, -3.87203627560953278497e-01) (5, -7.23342193729199500751e-01) (6, 1.89948164270768438122e+00) (7, 2.99575499494962871339e-02) (8, 2.60911296550627191948e+00) (9, 5.74502880852233110964e-01) (10, -7.86194445946793862845e+00) (11, -7.82978010186534234549e+00) (12, -1.67891594344564332175e+00) 
