FANN_FLO_2.1
num_layers=3
learning_rate=0.700000
connection_rate=1.000000
network_type=0
learning_momentum=0.000000
training_algorithm=2
train_error_function=1
train_stop_function=1
cascade_output_change_fraction=0.010000
quickprop_decay=-0.000100
quickprop_mu=1.750000
rprop_increase_factor=1.200000
rprop_decrease_factor=0.500000
rprop_delta_min=0.000000
rprop_delta_max=50.000000
rprop_delta_zero=0.100000
cascade_output_stagnation_epochs=12
cascade_candidate_change_fraction=0.010000
cascade_candidate_stagnation_epochs=12
cascade_max_out_epochs=150
cascade_min_out_epochs=50
cascade_max_cand_epochs=150
cascade_min_cand_epochs=50
cascade_num_candidate_groups=2
bit_fail_limit=1.00000000000000005551e-01
cascade_candidate_limit=1.00000000000000000000e+03
cascade_weight_multiplier=4.00000000000000022204e-01
cascade_activation_functions_count=10
cascade_activation_functions=3 5 7 8 10 11 14 15 16 17 
cascade_activation_steepnesses_count=4
cascade_activation_steepnesses=2.50000000000000000000e-01 5.00000000000000000000e-01 7.50000000000000000000e-01 1.00000000000000000000e+00 
layer_sizes=13 4 2 
scale_included=0
neurons (num_inputs, activation_function, activation_steepness)=(0, 0, 0.00000000000000000000e+00) (0, 0, 0.00000000000000000000e+00) (0, 0, 0.00000000000000000000e+00) (0, 0, 0.00000000000000000000e+00) (0, 0, 0.00000000000000000000e+00) (0, 0, 0.00000000000000000000e+00) (0, 0, 0.00000000000000000000e+00) (0, 0, 0.00000000000000000000e+00) (0, 0, 0.00000000000000000000e+00) (0, 0, 0.00000000000000000000e+00) (0, 0, 0.00000000000000000000e+00) (0, 0, 0.00000000000000000000e+00) (0, 0, 0.00000000000000000000e+00) (13, 6, 5.00000000000000000000e-01) (13, 6, 5.00000000000000000000e-01) (13, 6, 5.00000000000000000000e-01) (0, 6, 0.00000000000000000000e+00) (4, 4, 5.00000000000000000000e-01) (0, 4, 0.00000000000000000000e+00) 
connections (connected_to_neuron, weight)=(0, 2.90859926801413981590e-01) (1, -7.83663152364968418340e-01) (2, 5.25979410512042222514e-01) (3, -9.32345529376453624470e-02) (4, -5.72536161267998111590e-01) (5, -2.00279658599957244292e+00) (6, -1.53766490898115809616e-01) (7, 1.13304965897321197055e-01) (8, -5.68130088469541993934e-02) (9, 2.58929513619082229958e-01) (10, 2.45060292792562872677e+00) (11, -1.29984616648282247375e+00) (12, 2.92900947878122763779e-01) (0, 4.50396072428912719321e-01) (1, -6.86109146682500004033e-01) (2, 4.36161368740391741650e-01) (3, -9.08563499628490672810e-02) (4, -6.61044156277420191792e-01) (5, -2.14964793934687348198e+00) (6, -1.04828097305281364715e-01) (7, 1.45209018840312481524e-01) (8, -2.46041193507187727629e-01) (9, 2.11735859737532172709e-01) (10, 4.88850971915258991629e+00) (11, -1.13993542801465230774e+00) (12, 2.95497143665314154770e-01) (0, -2.72993487532246303928e+00) (1, 4.17265024947683560441e+00) (2, -1.74594584988761969413e+00) (3, 1.51070032087169403567e+00) (4, 2.20775567612160728004e+00) (5, 3.20264671326512972982e+00) (6, 2.61177172931853052162e+00) (7, -1.45243475767864582693e+00) (8, 1.27338804600524113653e+00) (9, 1.17028369213889704703e+00) (10, -3.37266907084367151270e+00) (11, 1.01477126286225671770e+00) (12, -2.49245037473746178236e+00) (13, -2.14683894025861909949e-01) (14, -1.33962518275986375293e+00) (15, 1.99151655591345573271e+01) (16, -1.39335788888182254830e+00) 
