FANN_FLO_2.1
num_layers=3
learning_rate=0.700000
connection_rate=1.000000
network_type=0
learning_momentum=0.000000
training_algorithm=2
train_error_function=1
train_stop_function=1
cascade_output_change_fraction=0.010000
quickprop_decay=-0.000100
quickprop_mu=1.750000
rprop_increase_factor=1.200000
rprop_decrease_factor=0.500000
rprop_delta_min=0.000000
rprop_delta_max=50.000000
rprop_delta_zero=0.100000
cascade_output_stagnation_epochs=12
cascade_candidate_change_fraction=0.010000
cascade_candidate_stagnation_epochs=12
cascade_max_out_epochs=150
cascade_min_out_epochs=50
cascade_max_cand_epochs=150
cascade_min_cand_epochs=50
cascade_num_candidate_groups=2
bit_fail_limit=1.00000000000000005551e-01
cascade_candidate_limit=1.00000000000000000000e+03
cascade_weight_multiplier=4.00000000000000022204e-01
cascade_activation_functions_count=10
cascade_activation_functions=3 5 7 8 10 11 14 15 16 17 
cascade_activation_steepnesses_count=4
cascade_activation_steepnesses=2.50000000000000000000e-01 5.00000000000000000000e-01 7.50000000000000000000e-01 1.00000000000000000000e+00 
layer_sizes=6 4 2 
scale_included=0
neurons (num_inputs, activation_function, activation_steepness)=(0, 0, 0.00000000000000000000e+00) (0, 0, 0.00000000000000000000e+00) (0, 0, 0.00000000000000000000e+00) (0, 0, 0.00000000000000000000e+00) (0, 0, 0.00000000000000000000e+00) (0, 0, 0.00000000000000000000e+00) (6, 6, 5.00000000000000000000e-01) (6, 6, 5.00000000000000000000e-01) (6, 6, 5.00000000000000000000e-01) (0, 6, 0.00000000000000000000e+00) (4, 4, 5.00000000000000000000e-01) (0, 4, 0.00000000000000000000e+00) 
connections (connected_to_neuron, weight)=(0, -1.30655046908728555977e+00) (1, -4.55338049740476158433e+00) (2, 2.98476243556807974144e+00) (3, 3.06053763083098484543e+00) (4, 1.38883234396430021995e+00) (5, 8.47085553412829761477e-01) (0, -2.30711212016530664570e+00) (1, -1.47955559416820801033e+01) (2, -5.33187107274908700383e-01) (3, -9.38092959603568310456e-01) (4, -2.03635432960283413450e+00) (5, 2.24508176044008056493e+00) (0, -3.79978399394067034578e+00) (1, -1.51649275671723948733e+01) (2, -6.35336024829151746474e-01) (3, -8.03124634042956309088e-01) (4, -2.29743137835044564099e+00) (5, 2.37574542950248890349e+00) (6, 1.16072779509043240154e+01) (7, -5.94874146700818773326e+00) (8, -7.67220518033685472403e+00) (9, -6.74521286914131845691e+00) 
