FANN_FLO_2.1
num_layers=3
learning_rate=0.700000
connection_rate=1.000000
network_type=0
learning_momentum=0.000000
training_algorithm=2
train_error_function=1
train_stop_function=1
cascade_output_change_fraction=0.010000
quickprop_decay=-0.000100
quickprop_mu=1.750000
rprop_increase_factor=1.200000
rprop_decrease_factor=0.500000
rprop_delta_min=0.000000
rprop_delta_max=50.000000
rprop_delta_zero=0.100000
cascade_output_stagnation_epochs=12
cascade_candidate_change_fraction=0.010000
cascade_candidate_stagnation_epochs=12
cascade_max_out_epochs=150
cascade_min_out_epochs=50
cascade_max_cand_epochs=150
cascade_min_cand_epochs=50
cascade_num_candidate_groups=2
bit_fail_limit=1.00000000000000005551e-01
cascade_candidate_limit=1.00000000000000000000e+03
cascade_weight_multiplier=4.00000000000000022204e-01
cascade_activation_functions_count=10
cascade_activation_functions=3 5 7 8 10 11 14 15 16 17 
cascade_activation_steepnesses_count=4
cascade_activation_steepnesses=2.50000000000000000000e-01 5.00000000000000000000e-01 7.50000000000000000000e-01 1.00000000000000000000e+00 
layer_sizes=9 4 2 
scale_included=0
neurons (num_inputs, activation_function, activation_steepness)=(0, 0, 0.00000000000000000000e+00) (0, 0, 0.00000000000000000000e+00) (0, 0, 0.00000000000000000000e+00) (0, 0, 0.00000000000000000000e+00) (0, 0, 0.00000000000000000000e+00) (0, 0, 0.00000000000000000000e+00) (0, 0, 0.00000000000000000000e+00) (0, 0, 0.00000000000000000000e+00) (0, 0, 0.00000000000000000000e+00) (9, 6, 5.00000000000000000000e-01) (9, 6, 5.00000000000000000000e-01) (9, 6, 5.00000000000000000000e-01) (0, 6, 0.00000000000000000000e+00) (4, 4, 5.00000000000000000000e-01) (0, 4, 0.00000000000000000000e+00) 
connections (connected_to_neuron, weight)=(0, 9.61700036347777786894e-01) (1, 1.61815729993619639160e+00) (2, -1.27903270412740184270e+01) (3, 1.09339384046059651112e+00) (4, 7.34506943449616533925e-01) (5, 1.01950591859084149782e+00) (6, 8.52863360077590337838e-01) (7, 1.16716285106402439808e+00) (8, 8.67595884174973908110e-01) (0, -2.16669652101015897117e+00) (1, 3.79830511358151046153e+00) (2, 1.78226211495732278500e+00) (3, -9.19292693077092382126e-01) (4, -8.96994319795136774154e-01) (5, -8.43148035048013055892e-01) (6, -1.68223655392298332423e+00) (7, 2.22570721829130652170e-01) (8, -2.16019802030539320725e+00) (0, -9.67734708137854421350e-02) (1, 2.49705258903653160019e+00) (2, -4.47233623095520879676e-02) (3, -5.15698976457431457199e-01) (4, 2.85684600452418974159e-02) (5, 1.21780088541888861786e-01) (6, 2.08718210423440748980e-02) (7, -3.03333453854088136437e-02) (8, 4.75232762619407205634e-03) (9, -3.83044193444502845125e+00) (10, 5.32097028328968058020e+00) (11, 4.12917655458199028828e-01) (12, -3.17106547492179879910e+00) 
