FANN_FLO_2.1
num_layers=3
learning_rate=0.700000
connection_rate=1.000000
network_type=0
learning_momentum=0.000000
training_algorithm=2
train_error_function=1
train_stop_function=1
cascade_output_change_fraction=0.010000
quickprop_decay=-0.000100
quickprop_mu=1.750000
rprop_increase_factor=1.200000
rprop_decrease_factor=0.500000
rprop_delta_min=0.000000
rprop_delta_max=50.000000
rprop_delta_zero=0.100000
cascade_output_stagnation_epochs=12
cascade_candidate_change_fraction=0.010000
cascade_candidate_stagnation_epochs=12
cascade_max_out_epochs=150
cascade_min_out_epochs=50
cascade_max_cand_epochs=150
cascade_min_cand_epochs=50
cascade_num_candidate_groups=2
bit_fail_limit=1.00000000000000005551e-01
cascade_candidate_limit=1.00000000000000000000e+03
cascade_weight_multiplier=4.00000000000000022204e-01
cascade_activation_functions_count=10
cascade_activation_functions=3 5 7 8 10 11 14 15 16 17 
cascade_activation_steepnesses_count=4
cascade_activation_steepnesses=2.50000000000000000000e-01 5.00000000000000000000e-01 7.50000000000000000000e-01 1.00000000000000000000e+00 
layer_sizes=12 4 2 
scale_included=0
neurons (num_inputs, activation_function, activation_steepness)=(0, 0, 0.00000000000000000000e+00) (0, 0, 0.00000000000000000000e+00) (0, 0, 0.00000000000000000000e+00) (0, 0, 0.00000000000000000000e+00) (0, 0, 0.00000000000000000000e+00) (0, 0, 0.00000000000000000000e+00) (0, 0, 0.00000000000000000000e+00) (0, 0, 0.00000000000000000000e+00) (0, 0, 0.00000000000000000000e+00) (0, 0, 0.00000000000000000000e+00) (0, 0, 0.00000000000000000000e+00) (0, 0, 0.00000000000000000000e+00) (12, 6, 5.00000000000000000000e-01) (12, 6, 5.00000000000000000000e-01) (12, 6, 5.00000000000000000000e-01) (0, 6, 0.00000000000000000000e+00) (4, 4, 5.00000000000000000000e-01) (0, 4, 0.00000000000000000000e+00) 
connections (connected_to_neuron, weight)=(0, -5.01975368562822765739e+00) (1, 3.78338283995017254924e+00) (2, 1.28546055843206685765e+00) (3, 2.12176541124873097033e+00) (4, 1.26483149524868143665e+00) (5, -2.11858493773866474186e+00) (6, -1.44398539173295525906e+00) (7, 8.04600274638222257018e-01) (8, 4.36617972939585152758e-01) (9, 3.58367926066951936193e+00) (10, 3.93355390065421239854e+00) (11, -2.36108237253699115854e+00) (0, 3.66930947300515875042e+00) (1, -2.51069862667371834775e+00) (2, -1.69718658999251359454e+00) (3, -3.97517942859218020857e+00) (4, -1.52817355996991621758e+00) (5, 2.21753259658369605845e+00) (6, -2.13584008002822678396e-01) (7, -2.10667094517035602408e+00) (8, -2.93973329520550663574e+00) (9, -2.42509443039332817094e+00) (10, 4.77926245596851817510e-01) (11, 3.35467515467832733123e+00) (0, -7.49528355450969852036e-01) (1, 6.43195790967492464496e-01) (2, 3.66572126367323281038e-01) (3, 9.97408729300721108579e-01) (4, 8.06166146671695393877e-01) (5, -1.99489024860148689289e-01) (6, -4.18556245535995463669e-01) (7, 2.16305789681209087449e-01) (8, 3.70265850206322966187e-01) (9, 1.67738930050449264186e+00) (10, 1.31818631807375630238e+00) (11, 5.72891438782653569795e-02) (12, 7.53731835853476095366e+00) (13, -7.62794866133908477934e+00) (14, 8.89990006963000457318e-01) (15, -1.28723137100823881163e+00) 
