FANN_FLO_2.1
num_layers=3
learning_rate=0.700000
connection_rate=1.000000
network_type=0
learning_momentum=0.000000
training_algorithm=2
train_error_function=1
train_stop_function=1
cascade_output_change_fraction=0.010000
quickprop_decay=-0.000100
quickprop_mu=1.750000
rprop_increase_factor=1.200000
rprop_decrease_factor=0.500000
rprop_delta_min=0.000000
rprop_delta_max=50.000000
rprop_delta_zero=0.100000
cascade_output_stagnation_epochs=12
cascade_candidate_change_fraction=0.010000
cascade_candidate_stagnation_epochs=12
cascade_max_out_epochs=150
cascade_min_out_epochs=50
cascade_max_cand_epochs=150
cascade_min_cand_epochs=50
cascade_num_candidate_groups=2
bit_fail_limit=1.00000000000000005551e-01
cascade_candidate_limit=1.00000000000000000000e+03
cascade_weight_multiplier=4.00000000000000022204e-01
cascade_activation_functions_count=10
cascade_activation_functions=3 5 7 8 10 11 14 15 16 17 
cascade_activation_steepnesses_count=4
cascade_activation_steepnesses=2.50000000000000000000e-01 5.00000000000000000000e-01 7.50000000000000000000e-01 1.00000000000000000000e+00 
layer_sizes=8 4 2 
scale_included=0
neurons (num_inputs, activation_function, activation_steepness)=(0, 0, 0.00000000000000000000e+00) (0, 0, 0.00000000000000000000e+00) (0, 0, 0.00000000000000000000e+00) (0, 0, 0.00000000000000000000e+00) (0, 0, 0.00000000000000000000e+00) (0, 0, 0.00000000000000000000e+00) (0, 0, 0.00000000000000000000e+00) (0, 0, 0.00000000000000000000e+00) (8, 6, 5.00000000000000000000e-01) (8, 6, 5.00000000000000000000e-01) (8, 6, 5.00000000000000000000e-01) (0, 6, 0.00000000000000000000e+00) (4, 4, 5.00000000000000000000e-01) (0, 4, 0.00000000000000000000e+00) 
connections (connected_to_neuron, weight)=(0, -9.25204913113017619886e-03) (1, 3.92253063103542620738e+00) (2, 7.75760222160656875978e-01) (3, -6.85790527208370970236e-01) (4, 8.55413069036106525622e-03) (5, 3.90891748151169116099e+00) (6, 3.96982704332456881602e+00) (7, -1.87350419042867222252e+00) (0, 1.25642190458160801780e-01) (1, 3.96170611909017855723e+00) (2, 7.27468997174342102419e-01) (3, -6.87710467322392271505e-01) (4, 5.20556046536217106868e-02) (5, 3.97527352204904849131e+00) (6, 4.00002721181497822300e+00) (7, -1.95990786580604114953e+00) (0, -4.39865873993569134193e-01) (1, -2.56174423709115961501e+00) (2, -3.34046962845222283889e-01) (3, 4.66465315659795987102e-01) (4, -4.08018739508506783631e-02) (5, -2.58694118424854258009e+00) (6, -2.52261265530786493727e+00) (7, 2.34848724959868127016e+00) (8, 4.55780831995605506535e+00) (9, 4.50035520169137992497e+00) (10, -4.18511194769089822643e+00) (11, -1.30759605897608088831e+00) 
