FANN_FLO_2.1
num_layers=3
learning_rate=0.700000
connection_rate=1.000000
network_type=0
learning_momentum=0.000000
training_algorithm=2
train_error_function=1
train_stop_function=1
cascade_output_change_fraction=0.010000
quickprop_decay=-0.000100
quickprop_mu=1.750000
rprop_increase_factor=1.200000
rprop_decrease_factor=0.500000
rprop_delta_min=0.000000
rprop_delta_max=50.000000
rprop_delta_zero=0.100000
cascade_output_stagnation_epochs=12
cascade_candidate_change_fraction=0.010000
cascade_candidate_stagnation_epochs=12
cascade_max_out_epochs=150
cascade_min_out_epochs=50
cascade_max_cand_epochs=150
cascade_min_cand_epochs=50
cascade_num_candidate_groups=2
bit_fail_limit=1.00000000000000005551e-01
cascade_candidate_limit=1.00000000000000000000e+03
cascade_weight_multiplier=4.00000000000000022204e-01
cascade_activation_functions_count=10
cascade_activation_functions=3 5 7 8 10 11 14 15 16 17 
cascade_activation_steepnesses_count=4
cascade_activation_steepnesses=2.50000000000000000000e-01 5.00000000000000000000e-01 7.50000000000000000000e-01 1.00000000000000000000e+00 
layer_sizes=9 4 2 
scale_included=0
neurons (num_inputs, activation_function, activation_steepness)=(0, 0, 0.00000000000000000000e+00) (0, 0, 0.00000000000000000000e+00) (0, 0, 0.00000000000000000000e+00) (0, 0, 0.00000000000000000000e+00) (0, 0, 0.00000000000000000000e+00) (0, 0, 0.00000000000000000000e+00) (0, 0, 0.00000000000000000000e+00) (0, 0, 0.00000000000000000000e+00) (0, 0, 0.00000000000000000000e+00) (9, 6, 5.00000000000000000000e-01) (9, 6, 5.00000000000000000000e-01) (9, 6, 5.00000000000000000000e-01) (0, 6, 0.00000000000000000000e+00) (4, 4, 5.00000000000000000000e-01) (0, 4, 0.00000000000000000000e+00) 
connections (connected_to_neuron, weight)=(0, -2.09472128205600727213e+00) (1, 1.81640391582160809492e+00) (2, 1.80453246581833859352e+00) (3, -1.91688062338591369560e-01) (4, 1.07889831895181642629e+00) (5, 4.90625590872189876190e-01) (6, -6.14785483515933983689e-01) (7, 9.65851277403399932631e-01) (8, -2.16958239876333225382e+00) (0, 2.10514089617016919576e+00) (1, -2.20874523804408662286e+00) (2, -2.30552076881098777505e+00) (3, 2.25937121831241993775e+00) (4, -8.08910336268231722201e-01) (5, -1.47438901244607856178e+00) (6, 1.71355837322156956404e+00) (7, -1.32651986508575370216e+00) (8, 1.96934446490103742811e+00) (0, 1.91152560136014959546e+00) (1, -2.40453507478021233368e+00) (2, -2.75511504220790959252e+00) (3, 1.30902234143076023898e+00) (4, -1.44838777234017146434e+00) (5, 8.62931407547551265758e-01) (6, 1.62985654209100738754e+00) (7, -1.46046969993916442299e+00) (8, 2.28870171633114383170e+00) (9, 6.86801559378890402741e+00) (10, -5.42550868972240518673e+00) (11, -2.72149177976255973732e+00) (12, -1.34351685163024514580e+00) 
