FANN_FLO_2.1
num_layers=3
learning_rate=0.700000
connection_rate=1.000000
network_type=0
learning_momentum=0.000000
training_algorithm=2
train_error_function=1
train_stop_function=1
cascade_output_change_fraction=0.010000
quickprop_decay=-0.000100
quickprop_mu=1.750000
rprop_increase_factor=1.200000
rprop_decrease_factor=0.500000
rprop_delta_min=0.000000
rprop_delta_max=50.000000
rprop_delta_zero=0.100000
cascade_output_stagnation_epochs=12
cascade_candidate_change_fraction=0.010000
cascade_candidate_stagnation_epochs=12
cascade_max_out_epochs=150
cascade_min_out_epochs=50
cascade_max_cand_epochs=150
cascade_min_cand_epochs=50
cascade_num_candidate_groups=2
bit_fail_limit=1.00000000000000005551e-01
cascade_candidate_limit=1.00000000000000000000e+03
cascade_weight_multiplier=4.00000000000000022204e-01
cascade_activation_functions_count=10
cascade_activation_functions=3 5 7 8 10 11 14 15 16 17 
cascade_activation_steepnesses_count=4
cascade_activation_steepnesses=2.50000000000000000000e-01 5.00000000000000000000e-01 7.50000000000000000000e-01 1.00000000000000000000e+00 
layer_sizes=7 4 2 
scale_included=0
neurons (num_inputs, activation_function, activation_steepness)=(0, 0, 0.00000000000000000000e+00) (0, 0, 0.00000000000000000000e+00) (0, 0, 0.00000000000000000000e+00) (0, 0, 0.00000000000000000000e+00) (0, 0, 0.00000000000000000000e+00) (0, 0, 0.00000000000000000000e+00) (0, 0, 0.00000000000000000000e+00) (7, 6, 5.00000000000000000000e-01) (7, 6, 5.00000000000000000000e-01) (7, 6, 5.00000000000000000000e-01) (0, 6, 0.00000000000000000000e+00) (4, 4, 5.00000000000000000000e-01) (0, 4, 0.00000000000000000000e+00) 
connections (connected_to_neuron, weight)=(0, -5.75390261468114072585e+00) (1, -9.09780713411892261178e-01) (2, -1.70543900421361893649e+00) (3, -1.64573973853705379788e+00) (4, 2.23032347380758366739e+00) (5, 3.69347606739897482697e+00) (6, 3.53103101391375773233e+00) (0, 7.68683469054615042815e-01) (1, -2.74463934339186921285e-01) (2, 9.79243079412219663560e-01) (3, 5.54427153412028195234e-01) (4, 4.60789061317952963748e+00) (5, -1.73739162848573980291e+00) (6, -6.14601389411537191165e-01) (0, 8.03408561896277961800e-01) (1, 1.79113943183154167293e+00) (2, 2.23046335859242006450e+00) (3, 1.50948211228177009424e+00) (4, 1.59928713002019784462e+00) (5, 9.93928645120732090490e-01) (6, -1.90069288816041392920e+00) (7, -8.87246224554260898287e+00) (8, 1.67363197127829166355e+00) (9, 4.31398362861658384304e+01) (10, -1.31570235782047517681e+00) 
