FANN_FLO_2.1
num_layers=3
learning_rate=0.700000
connection_rate=1.000000
network_type=0
learning_momentum=0.000000
training_algorithm=2
train_error_function=1
train_stop_function=1
cascade_output_change_fraction=0.010000
quickprop_decay=-0.000100
quickprop_mu=1.750000
rprop_increase_factor=1.200000
rprop_decrease_factor=0.500000
rprop_delta_min=0.000000
rprop_delta_max=50.000000
rprop_delta_zero=0.100000
cascade_output_stagnation_epochs=12
cascade_candidate_change_fraction=0.010000
cascade_candidate_stagnation_epochs=12
cascade_max_out_epochs=150
cascade_min_out_epochs=50
cascade_max_cand_epochs=150
cascade_min_cand_epochs=50
cascade_num_candidate_groups=2
bit_fail_limit=1.00000000000000005551e-01
cascade_candidate_limit=1.00000000000000000000e+03
cascade_weight_multiplier=4.00000000000000022204e-01
cascade_activation_functions_count=10
cascade_activation_functions=3 5 7 8 10 11 14 15 16 17 
cascade_activation_steepnesses_count=4
cascade_activation_steepnesses=2.50000000000000000000e-01 5.00000000000000000000e-01 7.50000000000000000000e-01 1.00000000000000000000e+00 
layer_sizes=11 4 2 
scale_included=0
neurons (num_inputs, activation_function, activation_steepness)=(0, 0, 0.00000000000000000000e+00) (0, 0, 0.00000000000000000000e+00) (0, 0, 0.00000000000000000000e+00) (0, 0, 0.00000000000000000000e+00) (0, 0, 0.00000000000000000000e+00) (0, 0, 0.00000000000000000000e+00) (0, 0, 0.00000000000000000000e+00) (0, 0, 0.00000000000000000000e+00) (0, 0, 0.00000000000000000000e+00) (0, 0, 0.00000000000000000000e+00) (0, 0, 0.00000000000000000000e+00) (11, 6, 5.00000000000000000000e-01) (11, 6, 5.00000000000000000000e-01) (11, 6, 5.00000000000000000000e-01) (0, 6, 0.00000000000000000000e+00) (4, 4, 5.00000000000000000000e-01) (0, 4, 0.00000000000000000000e+00) 
connections (connected_to_neuron, weight)=(0, -3.28452526130454947051e-01) (1, 1.55749659663350925598e+00) (2, 1.46847376359962633607e+00) (3, -1.82224633098922095265e+00) (4, 1.30275969137219171934e+00) (5, 1.17453165939638992654e+01) (6, -3.28972147771989842369e+00) (7, -1.52712372561924247805e+00) (8, 6.06748994746978742576e-01) (9, 1.69558536455381370089e+00) (10, 3.00419266598234990795e+00) (0, 1.79883346381891351395e-01) (1, 1.12022777833653686130e+00) (2, 8.78704266074922024643e-01) (3, 1.38915481670905038847e+00) (4, 7.65578924579995101496e-01) (5, -1.35530519439377705737e+00) (6, 1.01084573185344805957e+00) (7, 1.38609833872100751684e+00) (8, -6.77318016866234273721e-01) (9, -7.00523031070171442458e-01) (10, -3.18418929760316216093e-01) (0, -1.57214826941754148848e-01) (1, 1.74777968406070893792e+00) (2, 1.13360477146313165520e+00) (3, 2.59812580745748222810e+00) (4, 1.64239912966770124081e-01) (5, -3.35719576396855101663e+00) (6, 1.27777660120040437164e+00) (7, 2.64865970260417782356e+00) (8, -2.05598811303606376910e+00) (9, -1.88636912744530982344e+00) (10, -1.60806616160147419770e+00) (11, -4.93976347533110526911e+00) (12, 1.32476711478477238160e+00) (13, 2.44442430725328030405e+01) (14, -1.60429483416550389130e+00) 
