FANN_FLO_2.1
num_layers=3
learning_rate=0.700000
connection_rate=1.000000
network_type=0
learning_momentum=0.000000
training_algorithm=2
train_error_function=1
train_stop_function=1
cascade_output_change_fraction=0.010000
quickprop_decay=-0.000100
quickprop_mu=1.750000
rprop_increase_factor=1.200000
rprop_decrease_factor=0.500000
rprop_delta_min=0.000000
rprop_delta_max=50.000000
rprop_delta_zero=0.100000
cascade_output_stagnation_epochs=12
cascade_candidate_change_fraction=0.010000
cascade_candidate_stagnation_epochs=12
cascade_max_out_epochs=150
cascade_min_out_epochs=50
cascade_max_cand_epochs=150
cascade_min_cand_epochs=50
cascade_num_candidate_groups=2
bit_fail_limit=1.00000000000000005551e-01
cascade_candidate_limit=1.00000000000000000000e+03
cascade_weight_multiplier=4.00000000000000022204e-01
cascade_activation_functions_count=10
cascade_activation_functions=3 5 7 8 10 11 14 15 16 17 
cascade_activation_steepnesses_count=4
cascade_activation_steepnesses=2.50000000000000000000e-01 5.00000000000000000000e-01 7.50000000000000000000e-01 1.00000000000000000000e+00 
layer_sizes=15 4 2 
scale_included=0
neurons (num_inputs, activation_function, activation_steepness)=(0, 0, 0.00000000000000000000e+00) (0, 0, 0.00000000000000000000e+00) (0, 0, 0.00000000000000000000e+00) (0, 0, 0.00000000000000000000e+00) (0, 0, 0.00000000000000000000e+00) (0, 0, 0.00000000000000000000e+00) (0, 0, 0.00000000000000000000e+00) (0, 0, 0.00000000000000000000e+00) (0, 0, 0.00000000000000000000e+00) (0, 0, 0.00000000000000000000e+00) (0, 0, 0.00000000000000000000e+00) (0, 0, 0.00000000000000000000e+00) (0, 0, 0.00000000000000000000e+00) (0, 0, 0.00000000000000000000e+00) (0, 0, 0.00000000000000000000e+00) (15, 6, 5.00000000000000000000e-01) (15, 6, 5.00000000000000000000e-01) (15, 6, 5.00000000000000000000e-01) (0, 6, 0.00000000000000000000e+00) (4, 4, 5.00000000000000000000e-01) (0, 4, 0.00000000000000000000e+00) 
connections (connected_to_neuron, weight)=(0, -9.50346797374128193781e+00) (1, 2.15842692179706585609e-01) (2, -2.32103012367656069692e-01) (3, -3.44357660108257523923e-01) (4, -2.92248860026535051126e-01) (5, 3.63978460150095550762e-01) (6, -5.51482314263122275211e-02) (7, 2.50963267582824223201e-01) (8, -2.96290898598952689991e-01) (9, -1.30222726949188194467e+00) (10, 1.94068590439277421922e+00) (11, 3.05598169976666611536e-01) (12, -1.41177093850395496410e+00) (13, -2.83494665954312441425e-01) (14, 6.84679653428458157016e-01) (0, -1.73291987563635068170e+01) (1, 4.44159953482846758810e-01) (2, 2.02380229495455665756e+00) (3, 2.30338427814033064323e+00) (4, 1.35283595839326178378e+01) (5, 1.61623028934934548362e-01) (6, -6.14999706066350682043e-01) (7, -1.92249490005254730640e+00) (8, 1.30345536970253661480e+01) (9, 4.80572777043107635109e+00) (10, 1.51493807007058789438e+00) (11, 6.53951354970209619566e-01) (12, 2.62314825479673308095e+00) (13, 1.05252477593425499691e+01) (14, 7.66113331291721100236e-01) (0, 1.46876036413341957143e+01) (1, -1.97008518861077641660e+00) (2, 1.76539383109226483137e-01) (3, 6.23253333361594163975e-02) (4, 4.17465511901535413219e-01) (5, 1.68870639681220104100e-02) (6, -2.97607735134998474535e+00) (7, -1.53256726754165519822e+01) (8, 3.87177893398579220374e-01) (9, 5.31447274308746742122e+00) (10, -2.66791645043000347215e+00) (11, -5.56882204215056075824e-01) (12, -7.31839483757501430006e+00) (13, 4.58259505707494574356e-01) (14, 5.27444445413991380711e-01) (15, 4.61552061282653411922e+01) (16, 1.32242164450369958928e+01) (17, -3.39445266686656887956e+00) (18, -1.03080263593175930348e-01) 
