FANN_FLO_2.1
num_layers=3
learning_rate=0.700000
connection_rate=1.000000
network_type=0
learning_momentum=0.000000
training_algorithm=2
train_error_function=1
train_stop_function=1
cascade_output_change_fraction=0.010000
quickprop_decay=-0.000100
quickprop_mu=1.750000
rprop_increase_factor=1.200000
rprop_decrease_factor=0.500000
rprop_delta_min=0.000000
rprop_delta_max=50.000000
rprop_delta_zero=0.100000
cascade_output_stagnation_epochs=12
cascade_candidate_change_fraction=0.010000
cascade_candidate_stagnation_epochs=12
cascade_max_out_epochs=150
cascade_min_out_epochs=50
cascade_max_cand_epochs=150
cascade_min_cand_epochs=50
cascade_num_candidate_groups=2
bit_fail_limit=1.00000000000000005551e-01
cascade_candidate_limit=1.00000000000000000000e+03
cascade_weight_multiplier=4.00000000000000022204e-01
cascade_activation_functions_count=10
cascade_activation_functions=3 5 7 8 10 11 14 15 16 17 
cascade_activation_steepnesses_count=4
cascade_activation_steepnesses=2.50000000000000000000e-01 5.00000000000000000000e-01 7.50000000000000000000e-01 1.00000000000000000000e+00 
layer_sizes=13 4 2 
scale_included=0
neurons (num_inputs, activation_function, activation_steepness)=(0, 0, 0.00000000000000000000e+00) (0, 0, 0.00000000000000000000e+00) (0, 0, 0.00000000000000000000e+00) (0, 0, 0.00000000000000000000e+00) (0, 0, 0.00000000000000000000e+00) (0, 0, 0.00000000000000000000e+00) (0, 0, 0.00000000000000000000e+00) (0, 0, 0.00000000000000000000e+00) (0, 0, 0.00000000000000000000e+00) (0, 0, 0.00000000000000000000e+00) (0, 0, 0.00000000000000000000e+00) (0, 0, 0.00000000000000000000e+00) (0, 0, 0.00000000000000000000e+00) (13, 6, 5.00000000000000000000e-01) (13, 6, 5.00000000000000000000e-01) (13, 6, 5.00000000000000000000e-01) (0, 6, 0.00000000000000000000e+00) (4, 4, 5.00000000000000000000e-01) (0, 4, 0.00000000000000000000e+00) 
connections (connected_to_neuron, weight)=(0, -1.27747702801693496788e+00) (1, 1.75693368545911976497e+00) (2, 2.61960925580446390981e+00) (3, 6.05487855121590201612e-01) (4, -1.86837574552296259434e+00) (5, -8.94776251972338038110e-03) (6, 3.12163584543531491544e-01) (7, -7.24654090228736613710e-01) (8, -6.28876355114639018495e-01) (9, -1.97132118165346148508e-01) (10, -1.07320967686881685310e+00) (11, -6.82536088302354015944e-01) (12, -1.58249332655374019829e+00) (0, 2.34248273932770451067e-01) (1, -1.40211545854959318547e+00) (2, 9.47790127237754104206e-03) (3, 5.56455986431370064338e-02) (4, 4.15218311270786510914e-01) (5, 4.01666978214626838040e-02) (6, 1.14573741547775664884e-01) (7, 1.57826566718246935617e-01) (8, 3.19950905236925764452e-01) (9, 1.74864853475982462427e-01) (10, 2.35531703156384997211e-01) (11, 1.84967442520282993046e-01) (12, 1.20925496448629460344e-01) (0, 2.64082137586389809059e+00) (1, -3.83199174181601609490e+00) (2, -3.61304228797689219732e+00) (3, -1.72860445732922185513e+00) (4, 3.35147680446705553692e+00) (5, -1.08313738790754543473e+00) (6, -1.38125607320668897238e+00) (7, 1.26470054546064347711e+00) (8, -4.05394166093650087923e-01) (9, 1.32151972741393519684e+00) (10, 2.44362891341573895687e+00) (11, 2.06108676849985528179e+00) (12, 4.25708026252014182234e+00) (13, 4.76460374115070095513e+00) (14, -2.85854782976053112264e+00) (15, -6.77172521362783186305e+00) (16, -2.24057313954684955704e+00) 
