FANN_FLO_2.1
num_layers=3
learning_rate=0.700000
connection_rate=1.000000
network_type=0
learning_momentum=0.000000
training_algorithm=2
train_error_function=1
train_stop_function=1
cascade_output_change_fraction=0.010000
quickprop_decay=-0.000100
quickprop_mu=1.750000
rprop_increase_factor=1.200000
rprop_decrease_factor=0.500000
rprop_delta_min=0.000000
rprop_delta_max=50.000000
rprop_delta_zero=0.100000
cascade_output_stagnation_epochs=12
cascade_candidate_change_fraction=0.010000
cascade_candidate_stagnation_epochs=12
cascade_max_out_epochs=150
cascade_min_out_epochs=50
cascade_max_cand_epochs=150
cascade_min_cand_epochs=50
cascade_num_candidate_groups=2
bit_fail_limit=1.00000000000000005551e-01
cascade_candidate_limit=1.00000000000000000000e+03
cascade_weight_multiplier=4.00000000000000022204e-01
cascade_activation_functions_count=10
cascade_activation_functions=3 5 7 8 10 11 14 15 16 17 
cascade_activation_steepnesses_count=4
cascade_activation_steepnesses=2.50000000000000000000e-01 5.00000000000000000000e-01 7.50000000000000000000e-01 1.00000000000000000000e+00 
layer_sizes=16 4 2 
scale_included=0
neurons (num_inputs, activation_function, activation_steepness)=(0, 0, 0.00000000000000000000e+00) (0, 0, 0.00000000000000000000e+00) (0, 0, 0.00000000000000000000e+00) (0, 0, 0.00000000000000000000e+00) (0, 0, 0.00000000000000000000e+00) (0, 0, 0.00000000000000000000e+00) (0, 0, 0.00000000000000000000e+00) (0, 0, 0.00000000000000000000e+00) (0, 0, 0.00000000000000000000e+00) (0, 0, 0.00000000000000000000e+00) (0, 0, 0.00000000000000000000e+00) (0, 0, 0.00000000000000000000e+00) (0, 0, 0.00000000000000000000e+00) (0, 0, 0.00000000000000000000e+00) (0, 0, 0.00000000000000000000e+00) (0, 0, 0.00000000000000000000e+00) (16, 6, 5.00000000000000000000e-01) (16, 6, 5.00000000000000000000e-01) (16, 6, 5.00000000000000000000e-01) (0, 6, 0.00000000000000000000e+00) (4, 4, 5.00000000000000000000e-01) (0, 4, 0.00000000000000000000e+00) 
connections (connected_to_neuron, weight)=(0, -4.22309031222506514602e-01) (1, 6.36116761664693219913e-01) (2, 2.02772310145270806547e-01) (3, 5.38814457425847881389e-01) (4, 6.44759617154370023862e-01) (5, -5.09026844452866236712e-02) (6, 4.04415787413714922227e-01) (7, 2.86365029105890511740e-01) (8, 2.13981533120837036366e-01) (9, 3.14864908758505479547e-01) (10, 2.74006611860611315468e-01) (11, 9.23579519969323636808e-01) (12, 2.08858590412267008940e-01) (13, 4.46374881176650584180e-01) (14, 3.90208276504416251562e-02) (15, -5.54320263951730857893e-03) (0, -3.75183824560218504018e+00) (1, 2.10376483578437412092e+00) (2, 1.67538746469128829730e+00) (3, 4.75714238023901836439e-01) (4, 2.62874350790750221929e-01) (5, -1.89782165531756463750e+00) (6, 1.23386379648408461840e+00) (7, 1.92166131439842358120e+00) (8, 1.81520404219864261997e+00) (9, 1.21114339191852504740e+00) (10, 1.79287879103728786667e+00) (11, 4.38688978475431867743e-01) (12, 4.26964570551223387973e-01) (13, 1.98933348910696095047e+00) (14, 4.08326421647376647250e-01) (15, -1.69635709103727538860e+00) (0, -3.59338463953309705801e+00) (1, 2.10372763503545368025e+00) (2, 1.81369617690986451031e+00) (3, -1.79001988053375027388e-01) (4, 2.55514905695687966070e-01) (5, -1.88008778710605684026e+00) (6, 1.20698346142134238512e+00) (7, 2.04277305755056559633e+00) (8, 1.76232622117041004550e+00) (9, 1.31311506290374691019e+00) (10, 1.79738081553884998520e+00) (11, 3.55694323700766035223e-01) (12, 2.51433809070892022586e-01) (13, 1.95477475704438274917e+00) (14, 2.90214729278392480349e-01) (15, -1.71359386023664672649e+00) (16, 1.29897725411681791430e-01) (17, 2.53214755216273310623e+01) (18, 2.53237317213448527298e+01) (19, -1.10747284683745128575e+00) 
