FANN_FLO_2.1
num_layers=3
learning_rate=0.700000
connection_rate=1.000000
network_type=0
learning_momentum=0.000000
training_algorithm=2
train_error_function=1
train_stop_function=1
cascade_output_change_fraction=0.010000
quickprop_decay=-0.000100
quickprop_mu=1.750000
rprop_increase_factor=1.200000
rprop_decrease_factor=0.500000
rprop_delta_min=0.000000
rprop_delta_max=50.000000
rprop_delta_zero=0.100000
cascade_output_stagnation_epochs=12
cascade_candidate_change_fraction=0.010000
cascade_candidate_stagnation_epochs=12
cascade_max_out_epochs=150
cascade_min_out_epochs=50
cascade_max_cand_epochs=150
cascade_min_cand_epochs=50
cascade_num_candidate_groups=2
bit_fail_limit=1.00000000000000005551e-01
cascade_candidate_limit=1.00000000000000000000e+03
cascade_weight_multiplier=4.00000000000000022204e-01
cascade_activation_functions_count=10
cascade_activation_functions=3 5 7 8 10 11 14 15 16 17 
cascade_activation_steepnesses_count=4
cascade_activation_steepnesses=2.50000000000000000000e-01 5.00000000000000000000e-01 7.50000000000000000000e-01 1.00000000000000000000e+00 
layer_sizes=9 4 2 
scale_included=0
neurons (num_inputs, activation_function, activation_steepness)=(0, 0, 0.00000000000000000000e+00) (0, 0, 0.00000000000000000000e+00) (0, 0, 0.00000000000000000000e+00) (0, 0, 0.00000000000000000000e+00) (0, 0, 0.00000000000000000000e+00) (0, 0, 0.00000000000000000000e+00) (0, 0, 0.00000000000000000000e+00) (0, 0, 0.00000000000000000000e+00) (0, 0, 0.00000000000000000000e+00) (9, 6, 5.00000000000000000000e-01) (9, 6, 5.00000000000000000000e-01) (9, 6, 5.00000000000000000000e-01) (0, 6, 0.00000000000000000000e+00) (4, 4, 5.00000000000000000000e-01) (0, 4, 0.00000000000000000000e+00) 
connections (connected_to_neuron, weight)=(0, -1.76972079079485000719e+00) (1, 1.91129046839667382507e+00) (2, 2.06485051702191357847e+00) (3, -1.19328020223532593747e+00) (4, 5.68448124173042579343e-01) (5, -3.03782849431180945743e-01) (6, -1.17103478964167240228e+00) (7, 1.18855440444636784036e+00) (8, -1.75306598520792866758e+00) (0, -5.87026591727578983537e-01) (1, 8.16632821816440701568e-01) (2, 7.82166979929855399334e-01) (3, -2.26503031342898564215e-01) (4, 3.70550630681787451781e-01) (5, 1.65671874711625366494e-01) (6, -6.63364805724813433319e-02) (7, 8.21342592581320141143e-01) (8, -9.67766723528421746181e-01) (0, -1.80141315784192146410e+00) (1, 1.85963276189757409362e+00) (2, 1.99329409043719318895e+00) (3, -1.13938062348519242306e+00) (4, 5.47684466185924812009e-01) (5, -1.61469838440561591630e-01) (6, -1.28792641591029743964e+00) (7, 1.21518106214094601114e+00) (8, -1.67926337993658925107e+00) (9, 1.04050083954530183661e+01) (10, 3.95371743998328240011e+00) (11, 1.03865662936764202584e+01) (12, -1.63269304906440404501e+00) 
