FANN_FLO_2.1
num_layers=3
learning_rate=0.700000
connection_rate=1.000000
network_type=0
learning_momentum=0.000000
training_algorithm=2
train_error_function=1
train_stop_function=1
cascade_output_change_fraction=0.010000
quickprop_decay=-0.000100
quickprop_mu=1.750000
rprop_increase_factor=1.200000
rprop_decrease_factor=0.500000
rprop_delta_min=0.000000
rprop_delta_max=50.000000
rprop_delta_zero=0.100000
cascade_output_stagnation_epochs=12
cascade_candidate_change_fraction=0.010000
cascade_candidate_stagnation_epochs=12
cascade_max_out_epochs=150
cascade_min_out_epochs=50
cascade_max_cand_epochs=150
cascade_min_cand_epochs=50
cascade_num_candidate_groups=2
bit_fail_limit=1.00000000000000005551e-01
cascade_candidate_limit=1.00000000000000000000e+03
cascade_weight_multiplier=4.00000000000000022204e-01
cascade_activation_functions_count=10
cascade_activation_functions=3 5 7 8 10 11 14 15 16 17 
cascade_activation_steepnesses_count=4
cascade_activation_steepnesses=2.50000000000000000000e-01 5.00000000000000000000e-01 7.50000000000000000000e-01 1.00000000000000000000e+00 
layer_sizes=10 4 2 
scale_included=0
neurons (num_inputs, activation_function, activation_steepness)=(0, 0, 0.00000000000000000000e+00) (0, 0, 0.00000000000000000000e+00) (0, 0, 0.00000000000000000000e+00) (0, 0, 0.00000000000000000000e+00) (0, 0, 0.00000000000000000000e+00) (0, 0, 0.00000000000000000000e+00) (0, 0, 0.00000000000000000000e+00) (0, 0, 0.00000000000000000000e+00) (0, 0, 0.00000000000000000000e+00) (0, 0, 0.00000000000000000000e+00) (10, 6, 5.00000000000000000000e-01) (10, 6, 5.00000000000000000000e-01) (10, 6, 5.00000000000000000000e-01) (0, 6, 0.00000000000000000000e+00) (4, 4, 5.00000000000000000000e-01) (0, 4, 0.00000000000000000000e+00) 
connections (connected_to_neuron, weight)=(0, -7.11740900610518245628e+00) (1, 4.52230184944373103662e+00) (2, 3.89008792611041176457e+00) (3, 4.63744485929036631688e+00) (4, 4.44614236618521641020e+00) (5, -1.09814760905150382575e-01) (6, 3.35467955824445729363e+00) (7, -1.12673725971924723610e-01) (8, -1.33545093277441878632e-01) (9, -5.48016076697485310376e+00) (0, 2.90526053413444440565e+00) (1, -4.13467888122048954358e+00) (2, 1.07789720867943805693e-01) (3, -7.20984132573864666682e+00) (4, -2.92744634807015557953e+00) (5, 6.50257059962029981826e-01) (6, 8.57283480714687184943e-01) (7, 1.69882540834556969855e+01) (8, 2.31103945701564938986e+01) (9, 6.21150667032205205942e+00) (0, -5.71829358155516720430e-01) (1, 1.76266617335592279403e+00) (2, 6.05426099011172169639e-01) (3, 1.29208553783259083581e+00) (4, 1.11248247951561562985e+00) (5, -2.41190398020309348937e+00) (6, 3.22776882180056512439e+00) (7, -9.23484598180285498614e-01) (8, -3.15042726756230129226e+00) (9, -1.41064400971905024029e+00) (10, 1.51245565123003000707e+01) (11, -1.04920029541361703451e+00) (12, 1.71327442015129483011e+00) (13, -9.88352580870274000091e-01) 
