FANN_FLO_2.1
num_layers=3
learning_rate=0.700000
connection_rate=1.000000
network_type=0
learning_momentum=0.000000
training_algorithm=2
train_error_function=1
train_stop_function=1
cascade_output_change_fraction=0.010000
quickprop_decay=-0.000100
quickprop_mu=1.750000
rprop_increase_factor=1.200000
rprop_decrease_factor=0.500000
rprop_delta_min=0.000000
rprop_delta_max=50.000000
rprop_delta_zero=0.100000
cascade_output_stagnation_epochs=12
cascade_candidate_change_fraction=0.010000
cascade_candidate_stagnation_epochs=12
cascade_max_out_epochs=150
cascade_min_out_epochs=50
cascade_max_cand_epochs=150
cascade_min_cand_epochs=50
cascade_num_candidate_groups=2
bit_fail_limit=1.00000000000000005551e-01
cascade_candidate_limit=1.00000000000000000000e+03
cascade_weight_multiplier=4.00000000000000022204e-01
cascade_activation_functions_count=10
cascade_activation_functions=3 5 7 8 10 11 14 15 16 17 
cascade_activation_steepnesses_count=4
cascade_activation_steepnesses=2.50000000000000000000e-01 5.00000000000000000000e-01 7.50000000000000000000e-01 1.00000000000000000000e+00 
layer_sizes=9 4 2 
scale_included=0
neurons (num_inputs, activation_function, activation_steepness)=(0, 0, 0.00000000000000000000e+00) (0, 0, 0.00000000000000000000e+00) (0, 0, 0.00000000000000000000e+00) (0, 0, 0.00000000000000000000e+00) (0, 0, 0.00000000000000000000e+00) (0, 0, 0.00000000000000000000e+00) (0, 0, 0.00000000000000000000e+00) (0, 0, 0.00000000000000000000e+00) (0, 0, 0.00000000000000000000e+00) (9, 6, 5.00000000000000000000e-01) (9, 6, 5.00000000000000000000e-01) (9, 6, 5.00000000000000000000e-01) (0, 6, 0.00000000000000000000e+00) (4, 4, 5.00000000000000000000e-01) (0, 4, 0.00000000000000000000e+00) 
connections (connected_to_neuron, weight)=(0, -2.04207420340784828738e+00) (1, 2.10759574151711559509e+00) (2, 2.69227916225778907133e+00) (3, -1.78992774666294596209e+00) (4, 1.00195801919219906750e+00) (5, 3.88634128420150437577e-01) (6, 1.02817995762346203747e+00) (7, -1.60396046164472472206e+00) (8, -2.02960371962794106082e+00) (0, 5.96356434987813432969e-01) (1, -5.92370365561668776877e-01) (2, -8.38520463158366702316e-01) (3, 4.50442231775527668347e-01) (4, -2.41631702621591726299e-01) (5, 1.07578781700763778661e-01) (6, 2.32131537819848590698e-02) (7, 5.88784277818406032168e-01) (8, 5.67715460606865618409e-01) (0, 6.24462073909074266709e-01) (1, -5.87852855028335952170e-01) (2, -8.38211778153655551193e-01) (3, 4.45044181824927997937e-01) (4, -2.32829080064905324932e-01) (5, 1.45395291305217833067e-01) (6, 1.05536436739061920131e-01) (7, 4.41747855774367315096e-01) (8, 5.43727236040882688783e-01) (9, 1.32934139467500482823e+01) (10, -4.47740308052932878269e+00) (11, -4.45267160839473863376e+00) (12, -2.28674416222161269729e+00) 
