FANN_FLO_2.1
num_layers=3
learning_rate=0.700000
connection_rate=1.000000
network_type=0
learning_momentum=0.000000
training_algorithm=2
train_error_function=1
train_stop_function=1
cascade_output_change_fraction=0.010000
quickprop_decay=-0.000100
quickprop_mu=1.750000
rprop_increase_factor=1.200000
rprop_decrease_factor=0.500000
rprop_delta_min=0.000000
rprop_delta_max=50.000000
rprop_delta_zero=0.100000
cascade_output_stagnation_epochs=12
cascade_candidate_change_fraction=0.010000
cascade_candidate_stagnation_epochs=12
cascade_max_out_epochs=150
cascade_min_out_epochs=50
cascade_max_cand_epochs=150
cascade_min_cand_epochs=50
cascade_num_candidate_groups=2
bit_fail_limit=1.00000000000000005551e-01
cascade_candidate_limit=1.00000000000000000000e+03
cascade_weight_multiplier=4.00000000000000022204e-01
cascade_activation_functions_count=10
cascade_activation_functions=3 5 7 8 10 11 14 15 16 17 
cascade_activation_steepnesses_count=4
cascade_activation_steepnesses=2.50000000000000000000e-01 5.00000000000000000000e-01 7.50000000000000000000e-01 1.00000000000000000000e+00 
layer_sizes=12 4 2 
scale_included=0
neurons (num_inputs, activation_function, activation_steepness)=(0, 0, 0.00000000000000000000e+00) (0, 0, 0.00000000000000000000e+00) (0, 0, 0.00000000000000000000e+00) (0, 0, 0.00000000000000000000e+00) (0, 0, 0.00000000000000000000e+00) (0, 0, 0.00000000000000000000e+00) (0, 0, 0.00000000000000000000e+00) (0, 0, 0.00000000000000000000e+00) (0, 0, 0.00000000000000000000e+00) (0, 0, 0.00000000000000000000e+00) (0, 0, 0.00000000000000000000e+00) (0, 0, 0.00000000000000000000e+00) (12, 6, 5.00000000000000000000e-01) (12, 6, 5.00000000000000000000e-01) (12, 6, 5.00000000000000000000e-01) (0, 6, 0.00000000000000000000e+00) (4, 4, 5.00000000000000000000e-01) (0, 4, 0.00000000000000000000e+00) 
connections (connected_to_neuron, weight)=(0, -4.20827960084261398777e+00) (1, 2.21757345092307067702e+00) (2, 1.46258137801789445120e+00) (3, 1.51916600932890805131e-01) (4, 4.23897545908157868944e-01) (5, 1.28098706715116072985e+00) (6, 1.70032827655018858870e+00) (7, 4.55792198889262945016e+00) (8, 1.56319049921734687381e+00) (9, 4.67002710840238854928e+00) (10, -4.42340679682059312317e-01) (11, -3.31991292317660668942e+00) (0, -1.97795637653583411542e+00) (1, 9.08755804993188309737e-01) (2, 3.42980456515736442658e-01) (3, 3.24653540715165056518e-01) (4, 1.35615549406661345389e-01) (5, 4.88658903061619465102e-01) (6, 6.82254405203233993404e-01) (7, 3.02877461787704493901e+00) (8, 6.96241037305838861293e-01) (9, 2.21172537367605270830e+00) (10, -6.49764993331388152065e-01) (11, -8.08496117474571507344e-01) (0, -5.23403654943489193840e+00) (1, 2.18320846003304458449e+00) (2, 1.56272583136462372977e+00) (3, 7.12942892513816622868e-02) (4, 3.30117408309643589615e-01) (5, 1.40594289265880201256e+00) (6, 1.69022142613472037276e+00) (7, 4.60313847475059301217e+00) (8, 1.53646071803672668032e+00) (9, 4.62755394122137353463e+00) (10, -4.04937647498412156555e-01) (11, -2.97279422554177319427e+00) (12, 9.46880076097551182102e+00) (13, 1.27623380856370371994e+00) (14, 2.08032266539087160595e+01) (15, -1.92929323895459070570e+00) 
