FANN_FLO_2.1
num_layers=3
learning_rate=0.700000
connection_rate=1.000000
network_type=0
learning_momentum=0.000000
training_algorithm=2
train_error_function=1
train_stop_function=1
cascade_output_change_fraction=0.010000
quickprop_decay=-0.000100
quickprop_mu=1.750000
rprop_increase_factor=1.200000
rprop_decrease_factor=0.500000
rprop_delta_min=0.000000
rprop_delta_max=50.000000
rprop_delta_zero=0.100000
cascade_output_stagnation_epochs=12
cascade_candidate_change_fraction=0.010000
cascade_candidate_stagnation_epochs=12
cascade_max_out_epochs=150
cascade_min_out_epochs=50
cascade_max_cand_epochs=150
cascade_min_cand_epochs=50
cascade_num_candidate_groups=2
bit_fail_limit=1.00000000000000005551e-01
cascade_candidate_limit=1.00000000000000000000e+03
cascade_weight_multiplier=4.00000000000000022204e-01
cascade_activation_functions_count=10
cascade_activation_functions=3 5 7 8 10 11 14 15 16 17 
cascade_activation_steepnesses_count=4
cascade_activation_steepnesses=2.50000000000000000000e-01 5.00000000000000000000e-01 7.50000000000000000000e-01 1.00000000000000000000e+00 
layer_sizes=12 4 2 
scale_included=0
neurons (num_inputs, activation_function, activation_steepness)=(0, 0, 0.00000000000000000000e+00) (0, 0, 0.00000000000000000000e+00) (0, 0, 0.00000000000000000000e+00) (0, 0, 0.00000000000000000000e+00) (0, 0, 0.00000000000000000000e+00) (0, 0, 0.00000000000000000000e+00) (0, 0, 0.00000000000000000000e+00) (0, 0, 0.00000000000000000000e+00) (0, 0, 0.00000000000000000000e+00) (0, 0, 0.00000000000000000000e+00) (0, 0, 0.00000000000000000000e+00) (0, 0, 0.00000000000000000000e+00) (12, 6, 5.00000000000000000000e-01) (12, 6, 5.00000000000000000000e-01) (12, 6, 5.00000000000000000000e-01) (0, 6, 0.00000000000000000000e+00) (4, 4, 5.00000000000000000000e-01) (0, 4, 0.00000000000000000000e+00) 
connections (connected_to_neuron, weight)=(0, -1.18369405976700114991e+00) (1, 1.83619942755448395388e+00) (2, -1.45642952455537988410e-01) (3, -1.83633120192545129523e-01) (4, 1.78314296395527893679e+00) (5, 1.84682862312988249620e+00) (6, 1.86287078500735336917e+00) (7, 1.84647710860716873782e+00) (8, 1.80308958886940562394e+00) (9, -1.11349637705713289115e+00) (10, -4.01163833243184164701e-01) (11, -8.97566832330350838909e-01) (0, -4.05440980728289601664e-01) (1, 4.39752335706721453334e-01) (2, -1.61756978985973437490e-01) (3, -3.51098158034763851987e-02) (4, 2.65352386096488257472e-01) (5, 5.22404663617354714233e-01) (6, 3.33058047154914049770e-01) (7, 3.00274468073617240016e-01) (8, 2.51746525871608672897e-01) (9, 3.44193070059091374424e-02) (10, 6.75623890692679668346e-02) (11, -7.01389722914483142169e-03) (0, -1.24808506927656437391e+00) (1, 1.79715997220027023928e+00) (2, -3.24412225022489425497e-02) (3, -8.32406817212278382634e-02) (4, 1.91236062587248856204e+00) (5, 1.85766360761121718248e+00) (6, 1.76264135406362587588e+00) (7, 1.85175915301787430423e+00) (8, 1.79137483238060557511e+00) (9, -1.02087675679355660563e+00) (10, -3.76864509684376791654e-01) (11, -9.67229075458173714885e-01) (12, 1.86077232660832372346e+01) (13, 6.46429924804471256472e-01) (14, 1.86221337022366490999e+01) (15, -8.84371176090364419231e-01) 
