FANN_FLO_2.1
num_layers=3
learning_rate=0.700000
connection_rate=1.000000
network_type=0
learning_momentum=0.000000
training_algorithm=2
train_error_function=1
train_stop_function=1
cascade_output_change_fraction=0.010000
quickprop_decay=-0.000100
quickprop_mu=1.750000
rprop_increase_factor=1.200000
rprop_decrease_factor=0.500000
rprop_delta_min=0.000000
rprop_delta_max=50.000000
rprop_delta_zero=0.100000
cascade_output_stagnation_epochs=12
cascade_candidate_change_fraction=0.010000
cascade_candidate_stagnation_epochs=12
cascade_max_out_epochs=150
cascade_min_out_epochs=50
cascade_max_cand_epochs=150
cascade_min_cand_epochs=50
cascade_num_candidate_groups=2
bit_fail_limit=1.00000000000000005551e-01
cascade_candidate_limit=1.00000000000000000000e+03
cascade_weight_multiplier=4.00000000000000022204e-01
cascade_activation_functions_count=10
cascade_activation_functions=3 5 7 8 10 11 14 15 16 17 
cascade_activation_steepnesses_count=4
cascade_activation_steepnesses=2.50000000000000000000e-01 5.00000000000000000000e-01 7.50000000000000000000e-01 1.00000000000000000000e+00 
layer_sizes=15 4 2 
scale_included=0
neurons (num_inputs, activation_function, activation_steepness)=(0, 0, 0.00000000000000000000e+00) (0, 0, 0.00000000000000000000e+00) (0, 0, 0.00000000000000000000e+00) (0, 0, 0.00000000000000000000e+00) (0, 0, 0.00000000000000000000e+00) (0, 0, 0.00000000000000000000e+00) (0, 0, 0.00000000000000000000e+00) (0, 0, 0.00000000000000000000e+00) (0, 0, 0.00000000000000000000e+00) (0, 0, 0.00000000000000000000e+00) (0, 0, 0.00000000000000000000e+00) (0, 0, 0.00000000000000000000e+00) (0, 0, 0.00000000000000000000e+00) (0, 0, 0.00000000000000000000e+00) (0, 0, 0.00000000000000000000e+00) (15, 6, 5.00000000000000000000e-01) (15, 6, 5.00000000000000000000e-01) (15, 6, 5.00000000000000000000e-01) (0, 6, 0.00000000000000000000e+00) (4, 4, 5.00000000000000000000e-01) (0, 4, 0.00000000000000000000e+00) 
connections (connected_to_neuron, weight)=(0, 7.93459286605940783410e-01) (1, -1.11317787769083409444e+00) (2, -1.12830336333627656575e-01) (3, -1.48451222605096333496e+00) (4, -6.72471888325004152343e-02) (5, -1.69918318219123315460e-01) (6, -5.37482520353168707894e-02) (7, -2.86602230854088868561e-01) (8, 1.96161100923020526032e-01) (9, -7.38949813446820980012e-01) (10, -8.05455381997448593978e-01) (11, 1.74306653558260443715e-01) (12, 5.20660271075320424394e-01) (13, 3.68286148256698142589e-01) (14, 9.24922663684160206721e-01) (0, -1.58513726845981617330e+00) (1, 1.45587716571714631542e+00) (2, 1.04245638131920070890e+00) (3, 1.79829011544150962898e+00) (4, 5.94158305607218939492e-01) (5, 1.15116459308725760380e+00) (6, 8.81003991271077313563e-01) (7, 3.46347816329002977653e+00) (8, -2.60736638552202637520e-01) (9, 2.05294394705039007221e+00) (10, 2.21380526832771762358e+00) (11, 4.57958611074686605669e-01) (12, -5.23989313860745764551e-01) (13, 1.09653354554903076368e-01) (14, -2.01881859688438725087e+00) (0, 1.62460238226731945588e+00) (1, -1.71248003372752144458e+00) (2, -1.93928912548308796104e-01) (3, -1.49590378244734489854e+00) (4, 4.15189462916095014533e-02) (5, -7.01662344124842407567e-01) (6, 6.14073052838619293237e-02) (7, -1.62308973753626895054e+00) (8, 8.22248578706400778948e-01) (9, -1.86291290696306521824e+00) (10, -2.68647767009725724208e+00) (11, -2.04575424263886904153e-02) (12, 1.21305852900208033240e+00) (13, -1.90155611765990495421e-01) (14, 1.59692147859414745881e+00) (15, -1.65719956637309095981e+01) (16, 8.78217223157087190089e+00) (17, -9.53825394811613236357e+00) (18, -1.35745933163923337972e+00) 
