FANN_FLO_2.1
num_layers=3
learning_rate=0.700000
connection_rate=1.000000
network_type=0
learning_momentum=0.000000
training_algorithm=2
train_error_function=1
train_stop_function=1
cascade_output_change_fraction=0.010000
quickprop_decay=-0.000100
quickprop_mu=1.750000
rprop_increase_factor=1.200000
rprop_decrease_factor=0.500000
rprop_delta_min=0.000000
rprop_delta_max=50.000000
rprop_delta_zero=0.100000
cascade_output_stagnation_epochs=12
cascade_candidate_change_fraction=0.010000
cascade_candidate_stagnation_epochs=12
cascade_max_out_epochs=150
cascade_min_out_epochs=50
cascade_max_cand_epochs=150
cascade_min_cand_epochs=50
cascade_num_candidate_groups=2
bit_fail_limit=1.00000000000000005551e-01
cascade_candidate_limit=1.00000000000000000000e+03
cascade_weight_multiplier=4.00000000000000022204e-01
cascade_activation_functions_count=10
cascade_activation_functions=3 5 7 8 10 11 14 15 16 17 
cascade_activation_steepnesses_count=4
cascade_activation_steepnesses=2.50000000000000000000e-01 5.00000000000000000000e-01 7.50000000000000000000e-01 1.00000000000000000000e+00 
layer_sizes=10 4 2 
scale_included=0
neurons (num_inputs, activation_function, activation_steepness)=(0, 0, 0.00000000000000000000e+00) (0, 0, 0.00000000000000000000e+00) (0, 0, 0.00000000000000000000e+00) (0, 0, 0.00000000000000000000e+00) (0, 0, 0.00000000000000000000e+00) (0, 0, 0.00000000000000000000e+00) (0, 0, 0.00000000000000000000e+00) (0, 0, 0.00000000000000000000e+00) (0, 0, 0.00000000000000000000e+00) (0, 0, 0.00000000000000000000e+00) (10, 6, 5.00000000000000000000e-01) (10, 6, 5.00000000000000000000e-01) (10, 6, 5.00000000000000000000e-01) (0, 6, 0.00000000000000000000e+00) (4, 4, 5.00000000000000000000e-01) (0, 4, 0.00000000000000000000e+00) 
connections (connected_to_neuron, weight)=(0, -6.29357952361790262685e-01) (1, 2.86978847148670590528e+00) (2, 1.88602847779910598458e-01) (3, -3.83449840559884291835e-01) (4, -2.23572928214047905726e+00) (5, 8.63190812705472509947e+00) (6, -1.40913526981125407644e+01) (7, -4.25356262862108813749e+00) (8, -1.89903194565938848726e+00) (9, -6.16684194391457163320e-01) (0, 2.53558227971365290898e+00) (1, -1.93243217060956880005e+01) (2, 7.88124465179489308575e-01) (3, 2.41078176155855494756e+00) (4, -3.39226676915835134718e-01) (5, 1.74943415196884588525e+00) (6, 5.63092848018482250438e+00) (7, -1.53066531519984962983e+01) (8, -3.61854272890525241468e-01) (9, 2.43381266847421962041e+00) (0, -5.08120129103197260001e-01) (1, 6.16647715704525589686e-01) (2, 2.93082537510424634419e+00) (3, 6.43763578747285764026e-02) (4, -1.32914758716527220406e-01) (5, 3.72320882283709231331e+00) (6, -6.07844665015700513777e+00) (7, -3.31603462884119970511e+00) (8, -1.35951530753648164307e+00) (9, -4.96124312302426595522e-01) (10, 1.37056076071234222979e+00) (11, -5.43935831419472304304e+00) (12, 3.26456468990544790287e+00) (13, -4.20163135679254917676e+00) 
