FANN_FLO_2.1
num_layers=3
learning_rate=0.700000
connection_rate=1.000000
network_type=0
learning_momentum=0.000000
training_algorithm=2
train_error_function=1
train_stop_function=1
cascade_output_change_fraction=0.010000
quickprop_decay=-0.000100
quickprop_mu=1.750000
rprop_increase_factor=1.200000
rprop_decrease_factor=0.500000
rprop_delta_min=0.000000
rprop_delta_max=50.000000
rprop_delta_zero=0.100000
cascade_output_stagnation_epochs=12
cascade_candidate_change_fraction=0.010000
cascade_candidate_stagnation_epochs=12
cascade_max_out_epochs=150
cascade_min_out_epochs=50
cascade_max_cand_epochs=150
cascade_min_cand_epochs=50
cascade_num_candidate_groups=2
bit_fail_limit=1.00000000000000005551e-01
cascade_candidate_limit=1.00000000000000000000e+03
cascade_weight_multiplier=4.00000000000000022204e-01
cascade_activation_functions_count=10
cascade_activation_functions=3 5 7 8 10 11 14 15 16 17 
cascade_activation_steepnesses_count=4
cascade_activation_steepnesses=2.50000000000000000000e-01 5.00000000000000000000e-01 7.50000000000000000000e-01 1.00000000000000000000e+00 
layer_sizes=10 4 2 
scale_included=0
neurons (num_inputs, activation_function, activation_steepness)=(0, 0, 0.00000000000000000000e+00) (0, 0, 0.00000000000000000000e+00) (0, 0, 0.00000000000000000000e+00) (0, 0, 0.00000000000000000000e+00) (0, 0, 0.00000000000000000000e+00) (0, 0, 0.00000000000000000000e+00) (0, 0, 0.00000000000000000000e+00) (0, 0, 0.00000000000000000000e+00) (0, 0, 0.00000000000000000000e+00) (0, 0, 0.00000000000000000000e+00) (10, 6, 5.00000000000000000000e-01) (10, 6, 5.00000000000000000000e-01) (10, 6, 5.00000000000000000000e-01) (0, 6, 0.00000000000000000000e+00) (4, 4, 5.00000000000000000000e-01) (0, 4, 0.00000000000000000000e+00) 
connections (connected_to_neuron, weight)=(0, 8.08318929320742007860e+00) (1, -5.69442745185362664273e+00) (2, -4.08830742557126836090e+00) (3, -2.56166397706557003033e+00) (4, 3.45932586923459028938e+00) (5, 1.18748649421119467640e+00) (6, -4.09245503999005444395e-01) (7, -4.90803644864876442711e+00) (8, 5.62082190669914716352e-01) (9, 4.43992046372473669891e+00) (0, -2.53153585122072199987e-01) (1, 1.10555110053635829992e+00) (2, 6.77065300699924876859e-01) (3, 5.64605247913631605461e-03) (4, 1.55082880808325718203e-01) (5, 3.29158797627932403485e-02) (6, -3.55783432641937458207e-01) (7, 1.26946308273697794355e-01) (8, 8.95372450119501367416e-02) (9, -1.05980723128601392324e-01) (0, -3.37406044143869277008e+00) (1, -6.93092021456589213457e-01) (2, 1.57527522518576610366e+01) (3, -9.49421890238719035082e-01) (4, -1.64185078370506576384e+00) (5, 8.75674028342436627792e-02) (6, 1.29910111428156671565e-01) (7, 1.95248254415465609668e+01) (8, -1.09116008388641350102e+00) (9, -3.24231207433773871429e+00) (10, -6.09073354179920389839e+00) (11, 1.18236173750855533271e+00) (12, 1.99941887400787821072e+00) (13, -2.05047695003979768558e+00) 
