FANN_FLO_2.1
num_layers=3
learning_rate=0.700000
connection_rate=1.000000
network_type=0
learning_momentum=0.000000
training_algorithm=2
train_error_function=1
train_stop_function=1
cascade_output_change_fraction=0.010000
quickprop_decay=-0.000100
quickprop_mu=1.750000
rprop_increase_factor=1.200000
rprop_decrease_factor=0.500000
rprop_delta_min=0.000000
rprop_delta_max=50.000000
rprop_delta_zero=0.100000
cascade_output_stagnation_epochs=12
cascade_candidate_change_fraction=0.010000
cascade_candidate_stagnation_epochs=12
cascade_max_out_epochs=150
cascade_min_out_epochs=50
cascade_max_cand_epochs=150
cascade_min_cand_epochs=50
cascade_num_candidate_groups=2
bit_fail_limit=1.00000000000000005551e-01
cascade_candidate_limit=1.00000000000000000000e+03
cascade_weight_multiplier=4.00000000000000022204e-01
cascade_activation_functions_count=10
cascade_activation_functions=3 5 7 8 10 11 14 15 16 17 
cascade_activation_steepnesses_count=4
cascade_activation_steepnesses=2.50000000000000000000e-01 5.00000000000000000000e-01 7.50000000000000000000e-01 1.00000000000000000000e+00 
layer_sizes=9 4 2 
scale_included=0
neurons (num_inputs, activation_function, activation_steepness)=(0, 0, 0.00000000000000000000e+00) (0, 0, 0.00000000000000000000e+00) (0, 0, 0.00000000000000000000e+00) (0, 0, 0.00000000000000000000e+00) (0, 0, 0.00000000000000000000e+00) (0, 0, 0.00000000000000000000e+00) (0, 0, 0.00000000000000000000e+00) (0, 0, 0.00000000000000000000e+00) (0, 0, 0.00000000000000000000e+00) (9, 6, 5.00000000000000000000e-01) (9, 6, 5.00000000000000000000e-01) (9, 6, 5.00000000000000000000e-01) (0, 6, 0.00000000000000000000e+00) (4, 4, 5.00000000000000000000e-01) (0, 4, 0.00000000000000000000e+00) 
connections (connected_to_neuron, weight)=(0, 5.86825414728879835025e-01) (1, -4.65436296051342845992e-01) (2, -9.53538199762668092774e+00) (3, -5.42637567886985805465e-01) (4, -1.13454447174273748145e-01) (5, 2.49096894953404790485e+00) (6, -1.65847179486030360529e+00) (7, 2.45625431953255153605e-02) (8, 5.76847777541377060295e-01) (0, -9.00832303435649794920e-01) (1, -1.02447821133996930243e+00) (2, 1.30019257110657626697e+01) (3, 9.33202700025247966487e-01) (4, 5.28490221241993185508e-01) (5, -1.72115428931830849457e+00) (6, 1.59682672105560019560e+01) (7, 4.99760670495892400655e-01) (8, -1.74032695372809564915e+00) (0, 5.33326319404495752252e+00) (1, -3.01713692059606053419e+00) (2, -1.33601924399858273951e+00) (3, -1.45897586274001245243e+00) (4, -1.07054415063189495294e-01) (5, 1.65781782775725528012e+00) (6, -3.01413774875281692545e+00) (7, 2.77197775196469153869e-01) (8, 2.56748878708029515394e+00) (9, -1.88871292249700717392e+00) (10, 1.61579003054484759971e+00) (11, -9.94791693122131803761e+00) (12, -1.99825401455608875345e+00) 
