FANN_FLO_2.1
num_layers=3
learning_rate=0.700000
connection_rate=1.000000
network_type=0
learning_momentum=0.000000
training_algorithm=2
train_error_function=1
train_stop_function=1
cascade_output_change_fraction=0.010000
quickprop_decay=-0.000100
quickprop_mu=1.750000
rprop_increase_factor=1.200000
rprop_decrease_factor=0.500000
rprop_delta_min=0.000000
rprop_delta_max=50.000000
rprop_delta_zero=0.100000
cascade_output_stagnation_epochs=12
cascade_candidate_change_fraction=0.010000
cascade_candidate_stagnation_epochs=12
cascade_max_out_epochs=150
cascade_min_out_epochs=50
cascade_max_cand_epochs=150
cascade_min_cand_epochs=50
cascade_num_candidate_groups=2
bit_fail_limit=1.00000000000000005551e-01
cascade_candidate_limit=1.00000000000000000000e+03
cascade_weight_multiplier=4.00000000000000022204e-01
cascade_activation_functions_count=10
cascade_activation_functions=3 5 7 8 10 11 14 15 16 17 
cascade_activation_steepnesses_count=4
cascade_activation_steepnesses=2.50000000000000000000e-01 5.00000000000000000000e-01 7.50000000000000000000e-01 1.00000000000000000000e+00 
layer_sizes=6 4 2 
scale_included=0
neurons (num_inputs, activation_function, activation_steepness)=(0, 0, 0.00000000000000000000e+00) (0, 0, 0.00000000000000000000e+00) (0, 0, 0.00000000000000000000e+00) (0, 0, 0.00000000000000000000e+00) (0, 0, 0.00000000000000000000e+00) (0, 0, 0.00000000000000000000e+00) (6, 6, 5.00000000000000000000e-01) (6, 6, 5.00000000000000000000e-01) (6, 6, 5.00000000000000000000e-01) (0, 6, 0.00000000000000000000e+00) (4, 4, 5.00000000000000000000e-01) (0, 4, 0.00000000000000000000e+00) 
connections (connected_to_neuron, weight)=(0, -2.51551634703391213677e+00) (1, -6.95290367394529873479e-01) (2, 5.40595887215146952975e-01) (3, 8.34823959666257664480e-01) (4, 1.54795519009549487066e+00) (5, 4.57440174472582339327e-01) (0, 1.94130679360037872172e+00) (1, 3.11389643781807556877e+00) (2, -1.82148079706437049374e+00) (3, -1.12874837657171700478e+00) (4, 2.73671844053572632660e+00) (5, -4.24160483555537315414e-01) (0, 5.09828064940988578968e+00) (1, 3.55380099830930440419e+00) (2, -1.69844236281643379272e+00) (3, -1.26003178353006628498e+00) (4, 1.84689827641308368378e+00) (5, -3.38657605951494611318e+00) (6, -1.28660039056265285140e+00) (7, 7.57494573159136486140e-01) (8, 6.17385842261412207677e+01) (9, -1.74685910132771304859e+00) 
