FANN_FLO_2.1
num_layers=3
learning_rate=0.700000
connection_rate=1.000000
network_type=0
learning_momentum=0.000000
training_algorithm=2
train_error_function=1
train_stop_function=1
cascade_output_change_fraction=0.010000
quickprop_decay=-0.000100
quickprop_mu=1.750000
rprop_increase_factor=1.200000
rprop_decrease_factor=0.500000
rprop_delta_min=0.000000
rprop_delta_max=50.000000
rprop_delta_zero=0.100000
cascade_output_stagnation_epochs=12
cascade_candidate_change_fraction=0.010000
cascade_candidate_stagnation_epochs=12
cascade_max_out_epochs=150
cascade_min_out_epochs=50
cascade_max_cand_epochs=150
cascade_min_cand_epochs=50
cascade_num_candidate_groups=2
bit_fail_limit=1.00000000000000005551e-01
cascade_candidate_limit=1.00000000000000000000e+03
cascade_weight_multiplier=4.00000000000000022204e-01
cascade_activation_functions_count=10
cascade_activation_functions=3 5 7 8 10 11 14 15 16 17 
cascade_activation_steepnesses_count=4
cascade_activation_steepnesses=2.50000000000000000000e-01 5.00000000000000000000e-01 7.50000000000000000000e-01 1.00000000000000000000e+00 
layer_sizes=12 4 2 
scale_included=0
neurons (num_inputs, activation_function, activation_steepness)=(0, 0, 0.00000000000000000000e+00) (0, 0, 0.00000000000000000000e+00) (0, 0, 0.00000000000000000000e+00) (0, 0, 0.00000000000000000000e+00) (0, 0, 0.00000000000000000000e+00) (0, 0, 0.00000000000000000000e+00) (0, 0, 0.00000000000000000000e+00) (0, 0, 0.00000000000000000000e+00) (0, 0, 0.00000000000000000000e+00) (0, 0, 0.00000000000000000000e+00) (0, 0, 0.00000000000000000000e+00) (0, 0, 0.00000000000000000000e+00) (12, 6, 5.00000000000000000000e-01) (12, 6, 5.00000000000000000000e-01) (12, 6, 5.00000000000000000000e-01) (0, 6, 0.00000000000000000000e+00) (4, 4, 5.00000000000000000000e-01) (0, 4, 0.00000000000000000000e+00) 
connections (connected_to_neuron, weight)=(0, -1.04560769127409991519e+00) (1, 9.68474355772211858984e-01) (2, 2.05838180714937646343e+00) (3, -5.60512329934302222512e-01) (4, 3.04392074738327256256e+00) (5, -8.20574191101972383322e-01) (6, -1.21498702219732401808e+00) (7, 2.15240282990141817976e+00) (8, 2.62515479606938884061e-01) (9, 6.30764126294248994586e-03) (10, -5.93562323866207650069e-02) (11, -9.69370921717100708648e-01) (0, 2.16610124080618637876e+00) (1, -2.13783872229696214617e+00) (2, -2.17722067968659782622e+00) (3, -3.39164255810856296591e-01) (4, -1.96390072715761876410e+00) (5, -6.74368429929500301512e-01) (6, 3.71688480603893700582e-01) (7, -1.38580547449741642296e+00) (8, -1.32758280618776258741e+00) (9, -4.34033920748640000831e-01) (10, 1.25671458805587360485e-01) (11, 2.18769959478815811948e+00) (0, -7.53586536864940370606e-01) (1, 1.52936487679290400443e+00) (2, 1.60981824113492133499e+00) (3, -1.16363245356156733146e-02) (4, 1.64442375357421588511e+00) (5, -4.98979249006226421859e-01) (6, -3.05240759655040827525e-01) (7, 8.88085871328026188465e-01) (8, 6.16949427237419190106e-01) (9, 5.18885615078020001611e-01) (10, -5.85312554406437479670e-02) (11, -8.45326971898592516297e-01) (12, 1.38206155110421247123e+00) (13, -1.47712395405152783212e+01) (14, 1.52386465685397731740e+00) (15, -1.72897115173301663127e+00) 
