FANN_FLO_2.1
num_layers=3
learning_rate=0.700000
connection_rate=1.000000
network_type=0
learning_momentum=0.000000
training_algorithm=2
train_error_function=1
train_stop_function=1
cascade_output_change_fraction=0.010000
quickprop_decay=-0.000100
quickprop_mu=1.750000
rprop_increase_factor=1.200000
rprop_decrease_factor=0.500000
rprop_delta_min=0.000000
rprop_delta_max=50.000000
rprop_delta_zero=0.100000
cascade_output_stagnation_epochs=12
cascade_candidate_change_fraction=0.010000
cascade_candidate_stagnation_epochs=12
cascade_max_out_epochs=150
cascade_min_out_epochs=50
cascade_max_cand_epochs=150
cascade_min_cand_epochs=50
cascade_num_candidate_groups=2
bit_fail_limit=1.00000000000000005551e-01
cascade_candidate_limit=1.00000000000000000000e+03
cascade_weight_multiplier=4.00000000000000022204e-01
cascade_activation_functions_count=10
cascade_activation_functions=3 5 7 8 10 11 14 15 16 17 
cascade_activation_steepnesses_count=4
cascade_activation_steepnesses=2.50000000000000000000e-01 5.00000000000000000000e-01 7.50000000000000000000e-01 1.00000000000000000000e+00 
layer_sizes=13 4 2 
scale_included=0
neurons (num_inputs, activation_function, activation_steepness)=(0, 0, 0.00000000000000000000e+00) (0, 0, 0.00000000000000000000e+00) (0, 0, 0.00000000000000000000e+00) (0, 0, 0.00000000000000000000e+00) (0, 0, 0.00000000000000000000e+00) (0, 0, 0.00000000000000000000e+00) (0, 0, 0.00000000000000000000e+00) (0, 0, 0.00000000000000000000e+00) (0, 0, 0.00000000000000000000e+00) (0, 0, 0.00000000000000000000e+00) (0, 0, 0.00000000000000000000e+00) (0, 0, 0.00000000000000000000e+00) (0, 0, 0.00000000000000000000e+00) (13, 6, 5.00000000000000000000e-01) (13, 6, 5.00000000000000000000e-01) (13, 6, 5.00000000000000000000e-01) (0, 6, 0.00000000000000000000e+00) (4, 4, 5.00000000000000000000e-01) (0, 4, 0.00000000000000000000e+00) 
connections (connected_to_neuron, weight)=(0, -1.24892841552409201711e+01) (1, -2.42570456868279205054e+00) (2, 4.54578497781482016027e-01) (3, -2.55364387710439189050e+00) (4, -1.58416441523853279705e+00) (5, 7.47931349727447791764e-01) (6, 1.01773751640745224734e+00) (7, -1.20984851833180560021e+01) (8, 2.13144523604139912720e+01) (9, 4.34570049652094281267e-01) (10, 5.44139125440318283111e-01) (11, 5.47968571936831905234e-01) (12, 5.92647296262042821979e+00) (0, -1.15696496389951741790e+00) (1, 4.96258870385846506679e+00) (2, -7.81052956867566081200e+02) (3, 6.95292474214464206739e+00) (4, -1.83352006421052955432e+01) (5, -6.65396729536022135676e-01) (6, -1.47223426638322463234e+00) (7, -3.72102592281469357616e+00) (8, 6.15507965887524388648e+00) (9, 6.96864517370945346642e-01) (10, 1.04017467828155074638e-01) (11, 1.31308461685503558014e-01) (12, 1.43920128648055672960e-01) (0, 6.15869094229915603478e+00) (1, -4.84158486923652553457e+00) (2, -1.98582295253274843105e+00) (3, -4.63350353510913581800e+00) (4, -1.48028533469460810146e+00) (5, 4.06794851310545766410e+01) (6, 7.98431679719265900985e+01) (7, 1.47881758176344710876e+01) (8, -1.27828428805705680560e+01) (9, 3.54134570882345940390e+01) (10, 3.64202092271760520248e+01) (11, 3.61373995099802343134e+01) (12, -6.17624221904169257158e+00) (13, -2.59436424193223693635e+01) (14, -6.90958418623518966228e+00) (15, 8.37119171929190031278e+00) (16, -6.08058733653809135866e-01) 
