FANN_FLO_2.1
num_layers=3
learning_rate=0.700000
connection_rate=1.000000
network_type=0
learning_momentum=0.000000
training_algorithm=2
train_error_function=1
train_stop_function=1
cascade_output_change_fraction=0.010000
quickprop_decay=-0.000100
quickprop_mu=1.750000
rprop_increase_factor=1.200000
rprop_decrease_factor=0.500000
rprop_delta_min=0.000000
rprop_delta_max=50.000000
rprop_delta_zero=0.100000
cascade_output_stagnation_epochs=12
cascade_candidate_change_fraction=0.010000
cascade_candidate_stagnation_epochs=12
cascade_max_out_epochs=150
cascade_min_out_epochs=50
cascade_max_cand_epochs=150
cascade_min_cand_epochs=50
cascade_num_candidate_groups=2
bit_fail_limit=1.00000000000000005551e-01
cascade_candidate_limit=1.00000000000000000000e+03
cascade_weight_multiplier=4.00000000000000022204e-01
cascade_activation_functions_count=10
cascade_activation_functions=3 5 7 8 10 11 14 15 16 17 
cascade_activation_steepnesses_count=4
cascade_activation_steepnesses=2.50000000000000000000e-01 5.00000000000000000000e-01 7.50000000000000000000e-01 1.00000000000000000000e+00 
layer_sizes=11 4 2 
scale_included=0
neurons (num_inputs, activation_function, activation_steepness)=(0, 0, 0.00000000000000000000e+00) (0, 0, 0.00000000000000000000e+00) (0, 0, 0.00000000000000000000e+00) (0, 0, 0.00000000000000000000e+00) (0, 0, 0.00000000000000000000e+00) (0, 0, 0.00000000000000000000e+00) (0, 0, 0.00000000000000000000e+00) (0, 0, 0.00000000000000000000e+00) (0, 0, 0.00000000000000000000e+00) (0, 0, 0.00000000000000000000e+00) (0, 0, 0.00000000000000000000e+00) (11, 6, 5.00000000000000000000e-01) (11, 6, 5.00000000000000000000e-01) (11, 6, 5.00000000000000000000e-01) (0, 6, 0.00000000000000000000e+00) (4, 4, 5.00000000000000000000e-01) (0, 4, 0.00000000000000000000e+00) 
connections (connected_to_neuron, weight)=(0, -5.74189336046571607852e+00) (1, 4.01427089197076902849e+00) (2, 7.55008440159210980624e+00) (3, 3.71954008118610213174e+00) (4, 3.45129827006839517978e+00) (5, 8.46452217951640939475e-01) (6, 1.56839553665030950746e+00) (7, 5.86958884825979776423e+00) (8, -2.06329232222074621106e+00) (9, 2.45774983698696658507e+00) (10, -5.02578413714755534158e+00) (0, 1.07004923853977746973e+01) (1, -5.36616710290544496331e+00) (2, 1.28745798038148713260e+01) (3, -4.73117535673501787841e+00) (4, -7.66847522418657678855e+00) (5, -1.44495870916060031863e-01) (6, 2.46514104837940140058e+00) (7, 5.05449744563216007975e-01) (8, 4.87721689888743625829e+00) (9, 1.70758420200906946285e+00) (10, 9.18413309731322691221e+00) (0, -2.51242313762742142114e-01) (1, 1.27052512929941707753e+00) (2, 8.58612294638825090942e+00) (3, 1.60708583378114444606e+00) (4, 1.72544308123389589227e+00) (5, 1.38773785124995246987e-02) (6, -1.67925008846645434923e-01) (7, 1.79574439590852730220e+00) (8, -9.04323439105890414247e-01) (9, 1.53499726292167193442e+00) (10, -1.06247268892978774524e+00) (11, 1.20181774914752779182e+01) (12, -1.14171464308949821564e+00) (13, 8.27092350978912649317e-01) (14, -1.16807066313319141138e+00) 
