FANN_FLO_2.1
num_layers=3
learning_rate=0.700000
connection_rate=1.000000
network_type=0
learning_momentum=0.000000
training_algorithm=2
train_error_function=1
train_stop_function=1
cascade_output_change_fraction=0.010000
quickprop_decay=-0.000100
quickprop_mu=1.750000
rprop_increase_factor=1.200000
rprop_decrease_factor=0.500000
rprop_delta_min=0.000000
rprop_delta_max=50.000000
rprop_delta_zero=0.100000
cascade_output_stagnation_epochs=12
cascade_candidate_change_fraction=0.010000
cascade_candidate_stagnation_epochs=12
cascade_max_out_epochs=150
cascade_min_out_epochs=50
cascade_max_cand_epochs=150
cascade_min_cand_epochs=50
cascade_num_candidate_groups=2
bit_fail_limit=1.00000000000000005551e-01
cascade_candidate_limit=1.00000000000000000000e+03
cascade_weight_multiplier=4.00000000000000022204e-01
cascade_activation_functions_count=10
cascade_activation_functions=3 5 7 8 10 11 14 15 16 17 
cascade_activation_steepnesses_count=4
cascade_activation_steepnesses=2.50000000000000000000e-01 5.00000000000000000000e-01 7.50000000000000000000e-01 1.00000000000000000000e+00 
layer_sizes=9 4 2 
scale_included=0
neurons (num_inputs, activation_function, activation_steepness)=(0, 0, 0.00000000000000000000e+00) (0, 0, 0.00000000000000000000e+00) (0, 0, 0.00000000000000000000e+00) (0, 0, 0.00000000000000000000e+00) (0, 0, 0.00000000000000000000e+00) (0, 0, 0.00000000000000000000e+00) (0, 0, 0.00000000000000000000e+00) (0, 0, 0.00000000000000000000e+00) (0, 0, 0.00000000000000000000e+00) (9, 6, 5.00000000000000000000e-01) (9, 6, 5.00000000000000000000e-01) (9, 6, 5.00000000000000000000e-01) (0, 6, 0.00000000000000000000e+00) (4, 4, 5.00000000000000000000e-01) (0, 4, 0.00000000000000000000e+00) 
connections (connected_to_neuron, weight)=(0, -2.78651942988136180901e+00) (1, -3.39071835709397984004e+00) (2, 4.27503727037622116569e+00) (3, 8.02051706252507834449e+00) (4, 4.75886308664904777999e+00) (5, 5.22532941494685676531e+00) (6, 5.17456357274753120379e+00) (7, 4.59885807780686839408e+00) (8, -1.51968284026281552634e+00) (0, -5.50172975817599851922e+00) (1, 3.54207664695197044225e+00) (2, 1.95674369606659359633e+00) (3, 1.67937803217473158313e+00) (4, -1.07686804940603852998e+00) (5, 8.79310476622545023062e-01) (6, -3.38578743008532634384e-01) (7, -1.97324351335242464955e+00) (8, -3.01243480587533607462e+00) (0, 1.31009356066142568231e+00) (1, -4.46934976854494847576e-01) (2, -3.90042688729903275213e-01) (3, -1.89246069782703196793e+00) (4, -2.20207728739017172259e-01) (5, -5.14860747506354576863e-01) (6, -9.64544653595764689413e-01) (7, -6.11475649087526940129e-01) (8, 5.35189494720834102459e-01) (9, 1.10019914910920002526e+00) (10, 6.16275333112042211781e+00) (11, -3.45472208103163236359e+00) (12, -2.29656828047686945027e+00) 
