FANN_FLO_2.1
num_layers=3
learning_rate=0.700000
connection_rate=1.000000
network_type=0
learning_momentum=0.000000
training_algorithm=2
train_error_function=1
train_stop_function=1
cascade_output_change_fraction=0.010000
quickprop_decay=-0.000100
quickprop_mu=1.750000
rprop_increase_factor=1.200000
rprop_decrease_factor=0.500000
rprop_delta_min=0.000000
rprop_delta_max=50.000000
rprop_delta_zero=0.100000
cascade_output_stagnation_epochs=12
cascade_candidate_change_fraction=0.010000
cascade_candidate_stagnation_epochs=12
cascade_max_out_epochs=150
cascade_min_out_epochs=50
cascade_max_cand_epochs=150
cascade_min_cand_epochs=50
cascade_num_candidate_groups=2
bit_fail_limit=1.00000000000000005551e-01
cascade_candidate_limit=1.00000000000000000000e+03
cascade_weight_multiplier=4.00000000000000022204e-01
cascade_activation_functions_count=10
cascade_activation_functions=3 5 7 8 10 11 14 15 16 17 
cascade_activation_steepnesses_count=4
cascade_activation_steepnesses=2.50000000000000000000e-01 5.00000000000000000000e-01 7.50000000000000000000e-01 1.00000000000000000000e+00 
layer_sizes=15 4 2 
scale_included=0
neurons (num_inputs, activation_function, activation_steepness)=(0, 0, 0.00000000000000000000e+00) (0, 0, 0.00000000000000000000e+00) (0, 0, 0.00000000000000000000e+00) (0, 0, 0.00000000000000000000e+00) (0, 0, 0.00000000000000000000e+00) (0, 0, 0.00000000000000000000e+00) (0, 0, 0.00000000000000000000e+00) (0, 0, 0.00000000000000000000e+00) (0, 0, 0.00000000000000000000e+00) (0, 0, 0.00000000000000000000e+00) (0, 0, 0.00000000000000000000e+00) (0, 0, 0.00000000000000000000e+00) (0, 0, 0.00000000000000000000e+00) (0, 0, 0.00000000000000000000e+00) (0, 0, 0.00000000000000000000e+00) (15, 6, 5.00000000000000000000e-01) (15, 6, 5.00000000000000000000e-01) (15, 6, 5.00000000000000000000e-01) (0, 6, 0.00000000000000000000e+00) (4, 4, 5.00000000000000000000e-01) (0, 4, 0.00000000000000000000e+00) 
connections (connected_to_neuron, weight)=(0, -1.63151799340804859462e+00) (1, 5.68424592376997495080e-01) (2, 9.44771987070822127919e+00) (3, 6.98077185392750876325e-03) (4, -1.12847988770004376002e-01) (5, -1.56936606963237568202e+00) (6, -7.60308654386213422782e-01) (7, -1.38489595726046843538e+00) (8, 1.29368890637499123208e+00) (9, -3.71029750429351490304e-01) (10, 6.76625764646432159566e+00) (11, 8.05347983310603865448e-01) (12, 1.40571606721349562363e+00) (13, 1.31999248828359450059e+00) (14, -1.71942795266469761195e+00) (0, -2.67312671182933059288e-01) (1, 1.35875183519701492330e+00) (2, -2.20744917338111257266e+00) (3, -7.68144345474727430201e-01) (4, -6.18701439106701833737e-01) (5, -2.83238428769889027947e-01) (6, -7.21484548044688978052e-01) (7, -2.04482782148829450586e-01) (8, -2.30645660177661804280e-01) (9, -4.16571100771707947263e-01) (10, -6.01733166273037300975e-01) (11, -2.98551774065975508710e-02) (12, -7.68185412924770466558e-02) (13, -1.95550328534130415936e-02) (14, -4.46343096578218911930e-02) (0, 3.35416528270776970189e+00) (1, -4.01683158072943502503e+00) (2, -3.61330178150223169098e+00) (3, 2.07538733310252343500e+00) (4, 2.03055081825918382066e+00) (5, 2.42898516763716321165e+00) (6, -3.58731738970737579209e+00) (7, 2.20484333283556299676e+00) (8, -2.50026635725559476242e+00) (9, 2.70959802041290576113e+00) (10, -2.58794847249650539212e+00) (11, 8.22204523944371379329e-01) (12, 2.69747244283475628990e-01) (13, -7.14870672053113054289e-01) (14, 3.49194594160850746434e+00) (15, 3.00124377508259154723e+00) (16, 1.53600589918290120206e-01) (17, -6.06175805320036964474e+00) (18, -1.90911400075404569243e+00) 
