FANN_FLO_2.1
num_layers=3
learning_rate=0.700000
connection_rate=1.000000
network_type=0
learning_momentum=0.000000
training_algorithm=2
train_error_function=1
train_stop_function=1
cascade_output_change_fraction=0.010000
quickprop_decay=-0.000100
quickprop_mu=1.750000
rprop_increase_factor=1.200000
rprop_decrease_factor=0.500000
rprop_delta_min=0.000000
rprop_delta_max=50.000000
rprop_delta_zero=0.100000
cascade_output_stagnation_epochs=12
cascade_candidate_change_fraction=0.010000
cascade_candidate_stagnation_epochs=12
cascade_max_out_epochs=150
cascade_min_out_epochs=50
cascade_max_cand_epochs=150
cascade_min_cand_epochs=50
cascade_num_candidate_groups=2
bit_fail_limit=1.00000000000000005551e-01
cascade_candidate_limit=1.00000000000000000000e+03
cascade_weight_multiplier=4.00000000000000022204e-01
cascade_activation_functions_count=10
cascade_activation_functions=3 5 7 8 10 11 14 15 16 17 
cascade_activation_steepnesses_count=4
cascade_activation_steepnesses=2.50000000000000000000e-01 5.00000000000000000000e-01 7.50000000000000000000e-01 1.00000000000000000000e+00 
layer_sizes=18 4 2 
scale_included=0
neurons (num_inputs, activation_function, activation_steepness)=(0, 0, 0.00000000000000000000e+00) (0, 0, 0.00000000000000000000e+00) (0, 0, 0.00000000000000000000e+00) (0, 0, 0.00000000000000000000e+00) (0, 0, 0.00000000000000000000e+00) (0, 0, 0.00000000000000000000e+00) (0, 0, 0.00000000000000000000e+00) (0, 0, 0.00000000000000000000e+00) (0, 0, 0.00000000000000000000e+00) (0, 0, 0.00000000000000000000e+00) (0, 0, 0.00000000000000000000e+00) (0, 0, 0.00000000000000000000e+00) (0, 0, 0.00000000000000000000e+00) (0, 0, 0.00000000000000000000e+00) (0, 0, 0.00000000000000000000e+00) (0, 0, 0.00000000000000000000e+00) (0, 0, 0.00000000000000000000e+00) (0, 0, 0.00000000000000000000e+00) (18, 6, 5.00000000000000000000e-01) (18, 6, 5.00000000000000000000e-01) (18, 6, 5.00000000000000000000e-01) (0, 6, 0.00000000000000000000e+00) (4, 4, 5.00000000000000000000e-01) (0, 4, 0.00000000000000000000e+00) 
connections (connected_to_neuron, weight)=(0, -1.47866403819743141845e+00) (1, 1.66678593367634575451e+00) (2, 2.64248040434318198777e+00) (3, 1.53313947713907516857e+00) (4, -1.37956679152818861844e+00) (5, 4.85522913778068554436e-01) (6, 2.00044429176762239564e+00) (7, 9.71141431838848490088e-01) (8, 2.40283580382892036909e+00) (9, 2.45789293696064037320e+00) (10, -1.84975214417814015633e+00) (11, 1.77149600396980932970e+00) (12, -4.28229426192858930733e+00) (13, 3.08190029316176117291e+00) (14, 8.10498849858276859681e-02) (15, 1.97820426299767126999e+00) (16, 6.73070635543233319886e-01) (17, -2.12605368758072987845e+00) (0, 3.00404161558904858609e+00) (1, -3.48800497330208436608e+00) (2, -2.84101694727124876039e+00) (3, -1.34461746551187277809e+00) (4, 3.78219757756791974401e+00) (5, -4.38190409100726652181e-01) (6, -2.12696990165511357063e+00) (7, -7.22202132947151076436e-01) (8, -2.93482881778112592031e+00) (9, -1.78568685945053107211e+00) (10, 3.38556907675255791546e+00) (11, -6.58937425548469457581e-01) (12, 5.22562875433426121674e+00) (13, -6.14586051422562729130e-01) (14, 1.79043469825180490140e+00) (15, -4.85278972302834343822e-01) (16, -1.84985921160839061894e-01) (17, 3.16497013316908049063e+00) (0, 5.88537963714163114837e-01) (1, -1.17281915934302749527e+00) (2, -4.88110048046485833773e-01) (3, -4.78684585551952479499e-01) (4, 1.34186725515421056976e+00) (5, 2.72122902270392104385e-02) (6, -1.98118390349065931488e+00) (7, 6.64304476728411863462e-01) (8, -3.15545282288383410751e-01) (9, 6.05852656599578986985e-01) (10, 4.93417753073592146862e-01) (11, 1.72968963615095477904e-01) (12, 8.26479017273342386751e-01) (13, 7.88166250413887825577e-02) (14, 5.86627571899341893058e-01) (15, -1.21525504422426308682e-01) (16, 4.08553474970903995889e-01) (17, 4.64122342552701960816e-01) (18, 7.16180138599107873887e+00) (19, -7.15811977897610418609e+00) (20, -4.35951143895934123407e+00) (21, -2.00615453047090408489e+00) 
