FANN_FLO_2.1
num_layers=3
learning_rate=0.700000
connection_rate=1.000000
network_type=0
learning_momentum=0.000000
training_algorithm=2
train_error_function=1
train_stop_function=1
cascade_output_change_fraction=0.010000
quickprop_decay=-0.000100
quickprop_mu=1.750000
rprop_increase_factor=1.200000
rprop_decrease_factor=0.500000
rprop_delta_min=0.000000
rprop_delta_max=50.000000
rprop_delta_zero=0.100000
cascade_output_stagnation_epochs=12
cascade_candidate_change_fraction=0.010000
cascade_candidate_stagnation_epochs=12
cascade_max_out_epochs=150
cascade_min_out_epochs=50
cascade_max_cand_epochs=150
cascade_min_cand_epochs=50
cascade_num_candidate_groups=2
bit_fail_limit=1.00000000000000005551e-01
cascade_candidate_limit=1.00000000000000000000e+03
cascade_weight_multiplier=4.00000000000000022204e-01
cascade_activation_functions_count=10
cascade_activation_functions=3 5 7 8 10 11 14 15 16 17 
cascade_activation_steepnesses_count=4
cascade_activation_steepnesses=2.50000000000000000000e-01 5.00000000000000000000e-01 7.50000000000000000000e-01 1.00000000000000000000e+00 
layer_sizes=12 4 2 
scale_included=0
neurons (num_inputs, activation_function, activation_steepness)=(0, 0, 0.00000000000000000000e+00) (0, 0, 0.00000000000000000000e+00) (0, 0, 0.00000000000000000000e+00) (0, 0, 0.00000000000000000000e+00) (0, 0, 0.00000000000000000000e+00) (0, 0, 0.00000000000000000000e+00) (0, 0, 0.00000000000000000000e+00) (0, 0, 0.00000000000000000000e+00) (0, 0, 0.00000000000000000000e+00) (0, 0, 0.00000000000000000000e+00) (0, 0, 0.00000000000000000000e+00) (0, 0, 0.00000000000000000000e+00) (12, 6, 5.00000000000000000000e-01) (12, 6, 5.00000000000000000000e-01) (12, 6, 5.00000000000000000000e-01) (0, 6, 0.00000000000000000000e+00) (4, 4, 5.00000000000000000000e-01) (0, 4, 0.00000000000000000000e+00) 
connections (connected_to_neuron, weight)=(0, -2.76844749664965439351e+00) (1, 1.98738495363492333468e+01) (2, 6.99398728752704634815e+00) (3, -3.36612716322598704011e-01) (4, -3.54813193246432376782e+01) (5, 6.75254356181934856096e+00) (6, 2.03247109355821153898e+00) (7, 2.82457283720462104526e+00) (8, -2.44281503431066093768e+00) (9, -2.59878830118684653883e+01) (10, 4.01341038445586804073e+01) (11, 2.72370107576741871114e+00) (0, 2.86229826488984961941e+00) (1, 1.50000000000000000000e+03) (2, 1.93064695069850222886e+00) (3, 3.02521217866804281726e+00) (4, 1.50000000000000000000e+03) (5, 1.69261627659214508590e+00) (6, 4.32398724999828787396e-01) (7, 1.72302105594179932879e+00) (8, 1.16370442602893131578e+00) (9, -3.92423318132486209642e-01) (10, 2.61512090495369298182e+00) (11, -2.14732658430501377467e+00) (0, -3.54073032250857355763e+00) (1, 1.98061493365663849886e+01) (2, 6.94598156506391539722e+00) (3, -4.43589419131932727325e-01) (4, -3.53844852387615276257e+01) (5, 6.77289457685068629900e+00) (6, 2.05054346027268907804e+00) (7, 2.74100539669482312632e+00) (8, -2.11547415297859808803e+00) (9, -2.56531276275466133541e+01) (10, 4.02175870546259801586e+01) (11, 2.57590447424686352917e+00) (12, -4.11084076628403316533e+00) (13, 1.67482367264980887001e+01) (14, -5.59572505821356624978e+00) (15, -4.30128219681677848030e+00) 
