FANN_FLO_2.1
num_layers=3
learning_rate=0.700000
connection_rate=1.000000
network_type=0
learning_momentum=0.000000
training_algorithm=2
train_error_function=1
train_stop_function=1
cascade_output_change_fraction=0.010000
quickprop_decay=-0.000100
quickprop_mu=1.750000
rprop_increase_factor=1.200000
rprop_decrease_factor=0.500000
rprop_delta_min=0.000000
rprop_delta_max=50.000000
rprop_delta_zero=0.100000
cascade_output_stagnation_epochs=12
cascade_candidate_change_fraction=0.010000
cascade_candidate_stagnation_epochs=12
cascade_max_out_epochs=150
cascade_min_out_epochs=50
cascade_max_cand_epochs=150
cascade_min_cand_epochs=50
cascade_num_candidate_groups=2
bit_fail_limit=1.00000000000000005551e-01
cascade_candidate_limit=1.00000000000000000000e+03
cascade_weight_multiplier=4.00000000000000022204e-01
cascade_activation_functions_count=10
cascade_activation_functions=3 5 7 8 10 11 14 15 16 17 
cascade_activation_steepnesses_count=4
cascade_activation_steepnesses=2.50000000000000000000e-01 5.00000000000000000000e-01 7.50000000000000000000e-01 1.00000000000000000000e+00 
layer_sizes=8 4 2 
scale_included=0
neurons (num_inputs, activation_function, activation_steepness)=(0, 0, 0.00000000000000000000e+00) (0, 0, 0.00000000000000000000e+00) (0, 0, 0.00000000000000000000e+00) (0, 0, 0.00000000000000000000e+00) (0, 0, 0.00000000000000000000e+00) (0, 0, 0.00000000000000000000e+00) (0, 0, 0.00000000000000000000e+00) (0, 0, 0.00000000000000000000e+00) (8, 6, 5.00000000000000000000e-01) (8, 6, 5.00000000000000000000e-01) (8, 6, 5.00000000000000000000e-01) (0, 6, 0.00000000000000000000e+00) (4, 4, 5.00000000000000000000e-01) (0, 4, 0.00000000000000000000e+00) 
connections (connected_to_neuron, weight)=(0, 3.65084715891002664634e-01) (1, -8.10402345516876287945e-01) (2, -4.21690492988750942338e-01) (3, 1.64518425820350172595e-01) (4, -1.12562610831719138449e-02) (5, 1.69316112579120298109e-01) (6, 6.85013559736207255924e-02) (7, 7.17633252598936843825e-01) (0, -7.43165312961539648029e-01) (1, 2.67563141651798463982e+00) (2, -4.69166523971468463206e-02) (3, -3.04396071745918317397e-01) (4, -8.41126499142667682918e-01) (5, 1.02415721487313579607e-02) (6, -5.07829778826820232851e-01) (7, -7.32037259892424962970e-01) (0, -2.15816752045711801600e+00) (1, 2.98106233153906785560e+00) (2, 2.36489585905547361477e+00) (3, 2.67104280007119498919e-01) (4, 1.41045841964121443368e+00) (5, 1.58956095182835654978e-01) (6, -1.99229238465186697660e-01) (7, -2.90680182043193013897e+00) (8, -3.89851162924162641943e+00) (9, 6.66914565751839383267e-01) (10, 1.14673367194337068042e+01) (11, -1.63152745526759956896e+00) 
