FANN_FLO_2.1
num_layers=3
learning_rate=0.700000
connection_rate=1.000000
network_type=0
learning_momentum=0.000000
training_algorithm=2
train_error_function=1
train_stop_function=1
cascade_output_change_fraction=0.010000
quickprop_decay=-0.000100
quickprop_mu=1.750000
rprop_increase_factor=1.200000
rprop_decrease_factor=0.500000
rprop_delta_min=0.000000
rprop_delta_max=50.000000
rprop_delta_zero=0.100000
cascade_output_stagnation_epochs=12
cascade_candidate_change_fraction=0.010000
cascade_candidate_stagnation_epochs=12
cascade_max_out_epochs=150
cascade_min_out_epochs=50
cascade_max_cand_epochs=150
cascade_min_cand_epochs=50
cascade_num_candidate_groups=2
bit_fail_limit=1.00000000000000005551e-01
cascade_candidate_limit=1.00000000000000000000e+03
cascade_weight_multiplier=4.00000000000000022204e-01
cascade_activation_functions_count=10
cascade_activation_functions=3 5 7 8 10 11 14 15 16 17 
cascade_activation_steepnesses_count=4
cascade_activation_steepnesses=2.50000000000000000000e-01 5.00000000000000000000e-01 7.50000000000000000000e-01 1.00000000000000000000e+00 
layer_sizes=15 4 2 
scale_included=0
neurons (num_inputs, activation_function, activation_steepness)=(0, 0, 0.00000000000000000000e+00) (0, 0, 0.00000000000000000000e+00) (0, 0, 0.00000000000000000000e+00) (0, 0, 0.00000000000000000000e+00) (0, 0, 0.00000000000000000000e+00) (0, 0, 0.00000000000000000000e+00) (0, 0, 0.00000000000000000000e+00) (0, 0, 0.00000000000000000000e+00) (0, 0, 0.00000000000000000000e+00) (0, 0, 0.00000000000000000000e+00) (0, 0, 0.00000000000000000000e+00) (0, 0, 0.00000000000000000000e+00) (0, 0, 0.00000000000000000000e+00) (0, 0, 0.00000000000000000000e+00) (0, 0, 0.00000000000000000000e+00) (15, 6, 5.00000000000000000000e-01) (15, 6, 5.00000000000000000000e-01) (15, 6, 5.00000000000000000000e-01) (0, 6, 0.00000000000000000000e+00) (4, 4, 5.00000000000000000000e-01) (0, 4, 0.00000000000000000000e+00) 
connections (connected_to_neuron, weight)=(0, -7.66130860104015654066e-01) (1, 4.83087182818083249458e+00) (2, 6.20528603822686763980e-02) (3, -1.40972998576578884000e-01) (4, 2.50635234510803073249e+00) (5, -7.68238598281405837831e-01) (6, 5.31362557872686114280e+00) (7, -2.27940936088636941781e-01) (8, -5.59764533574704015173e-01) (9, 2.73804139420775483060e+00) (10, -5.49728330258702380107e-01) (11, -1.08818801792546304696e+00) (12, -1.80152815567226021187e+00) (13, -2.38372990763227976529e+00) (14, -1.73807108176926794485e+00) (0, -2.44566164639749533682e-01) (1, 1.16906922710917582364e+00) (2, 2.62487363981786681055e-01) (3, 4.47452642172068204562e-01) (4, 6.33666904498904837162e-01) (5, 1.22857320066656450219e-01) (6, 1.06675802140378150895e+00) (7, 1.19761136167735274261e-01) (8, -4.75682167701802049997e-01) (9, 6.36104745915784364207e-01) (10, -8.61549323376994635737e-01) (11, -4.86713381968809810640e-01) (12, -3.00788804240833984593e-01) (13, -1.54627909357608589458e-01) (14, 3.19296896645981931329e-02) (0, -1.52592986551084414115e-01) (1, 1.03357663405917299393e+00) (2, 1.04977075922075266390e-01) (3, 5.35085722952574394107e-01) (4, 4.90010956158012433992e-01) (5, 3.31734535274017083850e-01) (6, 1.02718050002001937138e+00) (7, 5.16262644023095349129e-04) (8, -3.88126647465309893015e-01) (9, 6.26023991158856873973e-01) (10, -9.07802840647082831538e-01) (11, -4.41074254475905147554e-01) (12, -4.73261296101223694066e-01) (13, -3.15463451142372064417e-01) (14, 3.82498302984653759662e-02) (15, 3.92336003511830426760e+01) (16, 1.47489236232653170289e-01) (17, 1.89674179213108778930e-01) (18, -1.20278249763629130342e+00) 
