FANN_FLO_2.1
num_layers=3
learning_rate=0.700000
connection_rate=1.000000
network_type=0
learning_momentum=0.000000
training_algorithm=2
train_error_function=1
train_stop_function=1
cascade_output_change_fraction=0.010000
quickprop_decay=-0.000100
quickprop_mu=1.750000
rprop_increase_factor=1.200000
rprop_decrease_factor=0.500000
rprop_delta_min=0.000000
rprop_delta_max=50.000000
rprop_delta_zero=0.100000
cascade_output_stagnation_epochs=12
cascade_candidate_change_fraction=0.010000
cascade_candidate_stagnation_epochs=12
cascade_max_out_epochs=150
cascade_min_out_epochs=50
cascade_max_cand_epochs=150
cascade_min_cand_epochs=50
cascade_num_candidate_groups=2
bit_fail_limit=1.00000000000000005551e-01
cascade_candidate_limit=1.00000000000000000000e+03
cascade_weight_multiplier=4.00000000000000022204e-01
cascade_activation_functions_count=10
cascade_activation_functions=3 5 7 8 10 11 14 15 16 17 
cascade_activation_steepnesses_count=4
cascade_activation_steepnesses=2.50000000000000000000e-01 5.00000000000000000000e-01 7.50000000000000000000e-01 1.00000000000000000000e+00 
layer_sizes=15 4 2 
scale_included=0
neurons (num_inputs, activation_function, activation_steepness)=(0, 0, 0.00000000000000000000e+00) (0, 0, 0.00000000000000000000e+00) (0, 0, 0.00000000000000000000e+00) (0, 0, 0.00000000000000000000e+00) (0, 0, 0.00000000000000000000e+00) (0, 0, 0.00000000000000000000e+00) (0, 0, 0.00000000000000000000e+00) (0, 0, 0.00000000000000000000e+00) (0, 0, 0.00000000000000000000e+00) (0, 0, 0.00000000000000000000e+00) (0, 0, 0.00000000000000000000e+00) (0, 0, 0.00000000000000000000e+00) (0, 0, 0.00000000000000000000e+00) (0, 0, 0.00000000000000000000e+00) (0, 0, 0.00000000000000000000e+00) (15, 6, 5.00000000000000000000e-01) (15, 6, 5.00000000000000000000e-01) (15, 6, 5.00000000000000000000e-01) (0, 6, 0.00000000000000000000e+00) (4, 4, 5.00000000000000000000e-01) (0, 4, 0.00000000000000000000e+00) 
connections (connected_to_neuron, weight)=(0, 7.19684453959569370163e-01) (1, -2.87464171535220941678e+02) (2, 3.16834307350805914893e+01) (3, -2.87404598708149990216e+02) (4, 5.04233183930595387778e+01) (5, -2.24742167521210035375e+02) (6, -5.36175232626005460190e+00) (7, -3.32587206499172260976e+00) (8, -1.70528526711896799561e+00) (9, -1.62946101293101297536e+00) (10, -5.98877426670058099489e+00) (11, 6.64560481250725088032e-01) (12, 6.50783178115585503321e+00) (13, -6.27607557159601103791e+00) (14, 4.45474454695197152887e+00) (0, 8.38521034510458562750e-01) (1, -2.87383004273173412457e+02) (2, 3.17038942352524912849e+01) (3, -2.87448001655635437146e+02) (4, 1.46026755988208492454e+02) (5, -2.24634563643427213719e+02) (6, -3.19257922492854984142e+00) (7, -1.54022508761302767688e+00) (8, -1.52383294751935083333e+00) (9, -1.36296603361896906392e+00) (10, -4.42169426653842112529e+00) (11, 9.70929047638090514383e-01) (12, 7.03388367016400639642e+00) (13, -4.22340442472309973709e+00) (14, 1.92396583352298122804e+00) (0, 9.28323251493429202341e-01) (1, -7.64536335986856556701e+01) (2, 6.06471697794588493480e+01) (3, -7.64765569266680813598e+01) (4, 3.79154329188494472191e+01) (5, 1.14916672699767445920e+01) (6, -3.08769004141861858059e+00) (7, -1.61684484035955344794e+00) (8, -1.81864088833609560680e+00) (9, 4.30876139524192375285e-02) (10, -4.77743748610724860981e+00) (11, 9.07762689963511615332e-01) (12, 6.46476400572061926653e+00) (13, -4.72230342484113663204e+00) (14, 1.88107298695706393055e+00) (15, -5.64855400300097620914e+00) (16, -7.15335110205449176135e+00) (17, -5.84070067662812775211e+00) (18, -6.19962994512925469337e-01) 
