FANN_FLO_2.1
num_layers=3
learning_rate=0.700000
connection_rate=1.000000
network_type=0
learning_momentum=0.000000
training_algorithm=2
train_error_function=1
train_stop_function=1
cascade_output_change_fraction=0.010000
quickprop_decay=-0.000100
quickprop_mu=1.750000
rprop_increase_factor=1.200000
rprop_decrease_factor=0.500000
rprop_delta_min=0.000000
rprop_delta_max=50.000000
rprop_delta_zero=0.100000
cascade_output_stagnation_epochs=12
cascade_candidate_change_fraction=0.010000
cascade_candidate_stagnation_epochs=12
cascade_max_out_epochs=150
cascade_min_out_epochs=50
cascade_max_cand_epochs=150
cascade_min_cand_epochs=50
cascade_num_candidate_groups=2
bit_fail_limit=1.00000000000000005551e-01
cascade_candidate_limit=1.00000000000000000000e+03
cascade_weight_multiplier=4.00000000000000022204e-01
cascade_activation_functions_count=10
cascade_activation_functions=3 5 7 8 10 11 14 15 16 17 
cascade_activation_steepnesses_count=4
cascade_activation_steepnesses=2.50000000000000000000e-01 5.00000000000000000000e-01 7.50000000000000000000e-01 1.00000000000000000000e+00 
layer_sizes=11 4 2 
scale_included=0
neurons (num_inputs, activation_function, activation_steepness)=(0, 0, 0.00000000000000000000e+00) (0, 0, 0.00000000000000000000e+00) (0, 0, 0.00000000000000000000e+00) (0, 0, 0.00000000000000000000e+00) (0, 0, 0.00000000000000000000e+00) (0, 0, 0.00000000000000000000e+00) (0, 0, 0.00000000000000000000e+00) (0, 0, 0.00000000000000000000e+00) (0, 0, 0.00000000000000000000e+00) (0, 0, 0.00000000000000000000e+00) (0, 0, 0.00000000000000000000e+00) (11, 6, 5.00000000000000000000e-01) (11, 6, 5.00000000000000000000e-01) (11, 6, 5.00000000000000000000e-01) (0, 6, 0.00000000000000000000e+00) (4, 4, 5.00000000000000000000e-01) (0, 4, 0.00000000000000000000e+00) 
connections (connected_to_neuron, weight)=(0, -1.55510985546340130270e+00) (1, 4.53207076029876976264e-01) (2, 1.22265278223428675020e+00) (3, 7.18926525412009187477e-01) (4, 3.99594892820346658802e-01) (5, -8.16867030094473728363e-02) (6, 4.23555803798860819320e-01) (7, 4.90693883710587552827e+00) (8, 4.71756435964055942378e+00) (9, 4.29863702517548351700e-01) (10, -1.04245196358613054222e-01) (0, -1.85703979314574785242e+00) (1, 2.57701758983803275171e+00) (2, 2.82101555438090123573e-01) (3, 3.48350743297960585565e+00) (4, -2.08035953491103015045e-01) (5, -3.58026936280449237238e-01) (6, 4.79705026318333338509e-02) (7, 8.46311286640803128734e-01) (8, 1.07701915941577786029e+00) (9, -5.26450112849397022785e-01) (10, -1.79535104216346330652e+00) (0, 9.11759383784376176152e+00) (1, -5.59578524255612563820e+00) (2, -1.06462239177805106927e+00) (3, -6.23223706302571400784e+00) (4, -1.39052100537005052239e+00) (5, 3.06655798554676417567e+00) (6, -1.64279126759845728323e+00) (7, -5.73385681574596706156e+00) (8, -6.24458414224751656718e+00) (9, 3.95819253190066744352e+00) (10, 5.61437728728778928655e+00) (11, 1.59970156080005154742e+00) (12, 6.18002943054101416820e-01) (13, -7.60574898290165002379e+00) (14, -1.63793218067878343369e+00) 
