FANN_FLO_2.1
num_layers=3
learning_rate=0.700000
connection_rate=1.000000
network_type=0
learning_momentum=0.000000
training_algorithm=2
train_error_function=1
train_stop_function=1
cascade_output_change_fraction=0.010000
quickprop_decay=-0.000100
quickprop_mu=1.750000
rprop_increase_factor=1.200000
rprop_decrease_factor=0.500000
rprop_delta_min=0.000000
rprop_delta_max=50.000000
rprop_delta_zero=0.100000
cascade_output_stagnation_epochs=12
cascade_candidate_change_fraction=0.010000
cascade_candidate_stagnation_epochs=12
cascade_max_out_epochs=150
cascade_min_out_epochs=50
cascade_max_cand_epochs=150
cascade_min_cand_epochs=50
cascade_num_candidate_groups=2
bit_fail_limit=1.00000000000000005551e-01
cascade_candidate_limit=1.00000000000000000000e+03
cascade_weight_multiplier=4.00000000000000022204e-01
cascade_activation_functions_count=10
cascade_activation_functions=3 5 7 8 10 11 14 15 16 17 
cascade_activation_steepnesses_count=4
cascade_activation_steepnesses=2.50000000000000000000e-01 5.00000000000000000000e-01 7.50000000000000000000e-01 1.00000000000000000000e+00 
layer_sizes=13 4 2 
scale_included=0
neurons (num_inputs, activation_function, activation_steepness)=(0, 0, 0.00000000000000000000e+00) (0, 0, 0.00000000000000000000e+00) (0, 0, 0.00000000000000000000e+00) (0, 0, 0.00000000000000000000e+00) (0, 0, 0.00000000000000000000e+00) (0, 0, 0.00000000000000000000e+00) (0, 0, 0.00000000000000000000e+00) (0, 0, 0.00000000000000000000e+00) (0, 0, 0.00000000000000000000e+00) (0, 0, 0.00000000000000000000e+00) (0, 0, 0.00000000000000000000e+00) (0, 0, 0.00000000000000000000e+00) (0, 0, 0.00000000000000000000e+00) (13, 6, 5.00000000000000000000e-01) (13, 6, 5.00000000000000000000e-01) (13, 6, 5.00000000000000000000e-01) (0, 6, 0.00000000000000000000e+00) (4, 4, 5.00000000000000000000e-01) (0, 4, 0.00000000000000000000e+00) 
connections (connected_to_neuron, weight)=(0, -6.82309960576476726146e+00) (1, 1.50000000000000000000e+03) (2, 3.07418773872963069227e-01) (3, 3.84030856657239627605e-01) (4, 2.38760797203362713503e+01) (5, 5.49078380922827236077e-01) (6, 1.35712939731004267330e+00) (7, 9.10049878844282761348e-02) (8, 7.95144692700786803741e-01) (9, 5.61664647134903272097e-01) (10, 3.56932218331235229236e-01) (11, -2.31341167745212850093e+00) (12, -2.17457516415597462700e-01) (0, -5.42685673976366889093e+00) (1, 1.50000000000000000000e+03) (2, 6.09202171528764324648e-01) (3, 1.11738110370438931129e-01) (4, 2.41670017370907963539e+01) (5, 6.14906518039046501301e-01) (6, 7.15813315833416230483e-01) (7, 7.10302076224012868266e-01) (8, 1.67108433245576382120e+00) (9, 2.06064934832851287538e+00) (10, 6.04928231526951409869e-01) (11, -2.08231789820871915353e+00) (12, -9.15280877247643398498e-01) (0, -2.83236850385204474989e+00) (1, 1.50000000000000000000e+03) (2, 8.77037145066624335144e-01) (3, 3.92079959535500066625e-01) (4, 2.40848714073708158878e+01) (5, 2.22960509851660715341e+00) (6, 2.14782760211070833378e+00) (7, 1.62448117038801842504e+00) (8, -1.59791486231353446756e-01) (9, 2.78737002651152732113e+00) (10, -3.30872485707602304039e-01) (11, -4.27254605737388981623e+00) (12, -2.44006299584535435443e+00) (13, 1.54115868892955187874e+00) (14, 6.20397934241721582538e+00) (15, 8.72853950563294134213e+00) (16, -1.71018114772117169053e+00) 
