FANN_FLO_2.1
num_layers=3
learning_rate=0.700000
connection_rate=1.000000
network_type=0
learning_momentum=0.000000
training_algorithm=2
train_error_function=1
train_stop_function=1
cascade_output_change_fraction=0.010000
quickprop_decay=-0.000100
quickprop_mu=1.750000
rprop_increase_factor=1.200000
rprop_decrease_factor=0.500000
rprop_delta_min=0.000000
rprop_delta_max=50.000000
rprop_delta_zero=0.100000
cascade_output_stagnation_epochs=12
cascade_candidate_change_fraction=0.010000
cascade_candidate_stagnation_epochs=12
cascade_max_out_epochs=150
cascade_min_out_epochs=50
cascade_max_cand_epochs=150
cascade_min_cand_epochs=50
cascade_num_candidate_groups=2
bit_fail_limit=1.00000000000000005551e-01
cascade_candidate_limit=1.00000000000000000000e+03
cascade_weight_multiplier=4.00000000000000022204e-01
cascade_activation_functions_count=10
cascade_activation_functions=3 5 7 8 10 11 14 15 16 17 
cascade_activation_steepnesses_count=4
cascade_activation_steepnesses=2.50000000000000000000e-01 5.00000000000000000000e-01 7.50000000000000000000e-01 1.00000000000000000000e+00 
layer_sizes=11 4 2 
scale_included=0
neurons (num_inputs, activation_function, activation_steepness)=(0, 0, 0.00000000000000000000e+00) (0, 0, 0.00000000000000000000e+00) (0, 0, 0.00000000000000000000e+00) (0, 0, 0.00000000000000000000e+00) (0, 0, 0.00000000000000000000e+00) (0, 0, 0.00000000000000000000e+00) (0, 0, 0.00000000000000000000e+00) (0, 0, 0.00000000000000000000e+00) (0, 0, 0.00000000000000000000e+00) (0, 0, 0.00000000000000000000e+00) (0, 0, 0.00000000000000000000e+00) (11, 6, 5.00000000000000000000e-01) (11, 6, 5.00000000000000000000e-01) (11, 6, 5.00000000000000000000e-01) (0, 6, 0.00000000000000000000e+00) (4, 4, 5.00000000000000000000e-01) (0, 4, 0.00000000000000000000e+00) 
connections (connected_to_neuron, weight)=(0, -1.59243966907728484728e+00) (1, 1.68554901710149440675e+00) (2, 8.82330774714272014769e-01) (3, 1.95659932383139545387e+00) (4, -4.42268116746335343548e-02) (5, -5.56133972518315228273e-02) (6, 7.35428556155637846992e-01) (7, 2.74218522416515986251e+00) (8, 2.59020138099353314232e+00) (9, -9.78897799481964481227e-02) (10, -1.61709600955713561632e+00) (0, -2.58744230575534395200e+00) (1, 1.94637729963657113430e+00) (2, 1.11274374155385125107e+00) (3, 2.38301200666268320205e+00) (4, 3.13950141712818542317e-01) (5, -9.98634178060072263960e-01) (6, 3.76452714365531238006e-01) (7, 3.01453214155598336887e+00) (8, 2.90911032184522166943e+00) (9, -3.92120098939753525258e-01) (10, -2.27172077746825529232e+00) (0, -7.62543403511443607101e+00) (1, 6.30718507996386623660e+00) (2, 1.87208371021899155906e+00) (3, 8.40860235927814336776e+00) (4, -5.35990001488156342369e-01) (5, -3.32957290342369027769e+00) (6, -7.62183829244717087059e-02) (7, 7.68786170565726756365e+00) (8, 6.55798000339495246180e+00) (9, -9.20003225486517028919e-01) (10, -6.38973920435452225064e+00) (11, 1.72213617163672827459e+00) (12, 4.60948723789458103539e+00) (13, 5.11666779901499690908e+00) (14, -1.46520743219597915363e+00) 
