FANN_FLO_2.1
num_layers=3
learning_rate=0.700000
connection_rate=1.000000
network_type=0
learning_momentum=0.000000
training_algorithm=2
train_error_function=1
train_stop_function=1
cascade_output_change_fraction=0.010000
quickprop_decay=-0.000100
quickprop_mu=1.750000
rprop_increase_factor=1.200000
rprop_decrease_factor=0.500000
rprop_delta_min=0.000000
rprop_delta_max=50.000000
rprop_delta_zero=0.100000
cascade_output_stagnation_epochs=12
cascade_candidate_change_fraction=0.010000
cascade_candidate_stagnation_epochs=12
cascade_max_out_epochs=150
cascade_min_out_epochs=50
cascade_max_cand_epochs=150
cascade_min_cand_epochs=50
cascade_num_candidate_groups=2
bit_fail_limit=1.00000000000000005551e-01
cascade_candidate_limit=1.00000000000000000000e+03
cascade_weight_multiplier=4.00000000000000022204e-01
cascade_activation_functions_count=10
cascade_activation_functions=3 5 7 8 10 11 14 15 16 17 
cascade_activation_steepnesses_count=4
cascade_activation_steepnesses=2.50000000000000000000e-01 5.00000000000000000000e-01 7.50000000000000000000e-01 1.00000000000000000000e+00 
layer_sizes=10 4 2 
scale_included=0
neurons (num_inputs, activation_function, activation_steepness)=(0, 0, 0.00000000000000000000e+00) (0, 0, 0.00000000000000000000e+00) (0, 0, 0.00000000000000000000e+00) (0, 0, 0.00000000000000000000e+00) (0, 0, 0.00000000000000000000e+00) (0, 0, 0.00000000000000000000e+00) (0, 0, 0.00000000000000000000e+00) (0, 0, 0.00000000000000000000e+00) (0, 0, 0.00000000000000000000e+00) (0, 0, 0.00000000000000000000e+00) (10, 6, 5.00000000000000000000e-01) (10, 6, 5.00000000000000000000e-01) (10, 6, 5.00000000000000000000e-01) (0, 6, 0.00000000000000000000e+00) (4, 4, 5.00000000000000000000e-01) (0, 4, 0.00000000000000000000e+00) 
connections (connected_to_neuron, weight)=(0, 4.44306776557175209241e-01) (1, -9.32510270763680870765e-01) (2, -2.32882234590477479874e-02) (3, 8.94690845081834856822e-02) (4, -3.49439093444453008352e-01) (5, -3.57711250722001328217e-01) (6, -3.68043006930456884085e-01) (7, -2.39331418249712712942e-01) (8, -1.76581689689264909049e-01) (9, 4.08276841674057533460e-01) (0, -2.53092821731573769384e+00) (1, 2.19135932124020316181e+00) (2, 6.64544373125911969069e-01) (3, 1.42161635955361487227e+00) (4, 2.07082216806053365232e+00) (5, 1.57786877521050539208e+00) (6, 2.06955658263801778318e+00) (7, 2.16477482385277042454e+00) (8, 2.16316797203659305637e+00) (9, -2.57247937887317368322e+00) (0, -3.43711107578839580867e+00) (1, 1.89025659707961923850e+00) (2, 1.59821916439307298852e+00) (3, 8.25681012149964144164e-01) (4, 2.80543450266944693894e+00) (5, 2.23137280794144254870e+00) (6, 2.72971703112947228220e+00) (7, 2.72824649513589623240e+00) (8, 2.66228652746307137278e+00) (9, -3.44160153698887150142e+00) (10, -2.64396038430798885344e+00) (11, 9.52566751177635673287e+00) (12, 2.68003277841043985319e+00) (13, -1.12708489993587868128e+00) 
