FANN_FLO_2.1
num_layers=3
learning_rate=0.700000
connection_rate=1.000000
network_type=0
learning_momentum=0.000000
training_algorithm=2
train_error_function=1
train_stop_function=1
cascade_output_change_fraction=0.010000
quickprop_decay=-0.000100
quickprop_mu=1.750000
rprop_increase_factor=1.200000
rprop_decrease_factor=0.500000
rprop_delta_min=0.000000
rprop_delta_max=50.000000
rprop_delta_zero=0.100000
cascade_output_stagnation_epochs=12
cascade_candidate_change_fraction=0.010000
cascade_candidate_stagnation_epochs=12
cascade_max_out_epochs=150
cascade_min_out_epochs=50
cascade_max_cand_epochs=150
cascade_min_cand_epochs=50
cascade_num_candidate_groups=2
bit_fail_limit=1.00000000000000005551e-01
cascade_candidate_limit=1.00000000000000000000e+03
cascade_weight_multiplier=4.00000000000000022204e-01
cascade_activation_functions_count=10
cascade_activation_functions=3 5 7 8 10 11 14 15 16 17 
cascade_activation_steepnesses_count=4
cascade_activation_steepnesses=2.50000000000000000000e-01 5.00000000000000000000e-01 7.50000000000000000000e-01 1.00000000000000000000e+00 
layer_sizes=12 4 2 
scale_included=0
neurons (num_inputs, activation_function, activation_steepness)=(0, 0, 0.00000000000000000000e+00) (0, 0, 0.00000000000000000000e+00) (0, 0, 0.00000000000000000000e+00) (0, 0, 0.00000000000000000000e+00) (0, 0, 0.00000000000000000000e+00) (0, 0, 0.00000000000000000000e+00) (0, 0, 0.00000000000000000000e+00) (0, 0, 0.00000000000000000000e+00) (0, 0, 0.00000000000000000000e+00) (0, 0, 0.00000000000000000000e+00) (0, 0, 0.00000000000000000000e+00) (0, 0, 0.00000000000000000000e+00) (12, 6, 5.00000000000000000000e-01) (12, 6, 5.00000000000000000000e-01) (12, 6, 5.00000000000000000000e-01) (0, 6, 0.00000000000000000000e+00) (4, 4, 5.00000000000000000000e-01) (0, 4, 0.00000000000000000000e+00) 
connections (connected_to_neuron, weight)=(0, -1.09894625909554233267e+00) (1, 9.02949686609243462598e-01) (2, -7.84549261521361174232e-03) (3, 1.82035788854741409359e+00) (4, 5.41906684684405615116e+00) (5, 9.12914920114015759900e-01) (6, -1.35255851075903055225e+00) (7, -2.95294799117499273677e+00) (8, 1.64304531729208775914e+01) (9, 2.43368945200893715963e+00) (10, -3.95987626048853513794e+00) (11, -5.05665675831618366409e-01) (0, -5.03218859269629881226e+00) (1, 4.97320063870025741437e+00) (2, 4.27938692922645469441e-01) (3, 2.75049305776461272544e+00) (4, 4.36344497566429101454e+00) (5, 4.92668562467766868451e+00) (6, 4.89892430204153350726e-01) (7, 7.47813034577347601761e-01) (8, 3.84591470245627142788e+00) (9, 1.95947596319803163389e+00) (10, 5.89918417849641496531e-01) (11, -5.06593470112798716087e+00) (0, -3.07805355931798474423e-01) (1, -1.43450450101539783709e+00) (2, -1.58765441368028947799e+00) (3, 2.11686728485207442674e+00) (4, 2.66834409758233093157e+01) (5, -1.46161904135391407245e+00) (6, -2.16612311960178960391e+00) (7, -2.52095478822905638694e+00) (8, 2.36324873086536442202e+01) (9, -1.33841704046719089938e+00) (10, -1.16078391595539565095e+00) (11, -3.67456089998761670223e-01) (12, 6.16360557986660229091e-01) (13, 9.11039267900414095891e+00) (14, 2.34211227054126425173e+00) (15, -1.38708290385330035299e+00) 
