FANN_FLO_2.1
num_layers=3
learning_rate=0.700000
connection_rate=1.000000
network_type=0
learning_momentum=0.000000
training_algorithm=2
train_error_function=1
train_stop_function=1
cascade_output_change_fraction=0.010000
quickprop_decay=-0.000100
quickprop_mu=1.750000
rprop_increase_factor=1.200000
rprop_decrease_factor=0.500000
rprop_delta_min=0.000000
rprop_delta_max=50.000000
rprop_delta_zero=0.100000
cascade_output_stagnation_epochs=12
cascade_candidate_change_fraction=0.010000
cascade_candidate_stagnation_epochs=12
cascade_max_out_epochs=150
cascade_min_out_epochs=50
cascade_max_cand_epochs=150
cascade_min_cand_epochs=50
cascade_num_candidate_groups=2
bit_fail_limit=1.00000000000000005551e-01
cascade_candidate_limit=1.00000000000000000000e+03
cascade_weight_multiplier=4.00000000000000022204e-01
cascade_activation_functions_count=10
cascade_activation_functions=3 5 7 8 10 11 14 15 16 17 
cascade_activation_steepnesses_count=4
cascade_activation_steepnesses=2.50000000000000000000e-01 5.00000000000000000000e-01 7.50000000000000000000e-01 1.00000000000000000000e+00 
layer_sizes=13 4 2 
scale_included=0
neurons (num_inputs, activation_function, activation_steepness)=(0, 0, 0.00000000000000000000e+00) (0, 0, 0.00000000000000000000e+00) (0, 0, 0.00000000000000000000e+00) (0, 0, 0.00000000000000000000e+00) (0, 0, 0.00000000000000000000e+00) (0, 0, 0.00000000000000000000e+00) (0, 0, 0.00000000000000000000e+00) (0, 0, 0.00000000000000000000e+00) (0, 0, 0.00000000000000000000e+00) (0, 0, 0.00000000000000000000e+00) (0, 0, 0.00000000000000000000e+00) (0, 0, 0.00000000000000000000e+00) (0, 0, 0.00000000000000000000e+00) (13, 6, 5.00000000000000000000e-01) (13, 6, 5.00000000000000000000e-01) (13, 6, 5.00000000000000000000e-01) (0, 6, 0.00000000000000000000e+00) (4, 4, 5.00000000000000000000e-01) (0, 4, 0.00000000000000000000e+00) 
connections (connected_to_neuron, weight)=(0, 6.52770281494676196665e-02) (1, 1.00539197944046132527e+00) (2, 9.68023036673595765889e-02) (3, 5.88170294492561529509e-01) (4, 1.39590269054465532239e-01) (5, 6.89634711206971728892e-02) (6, 4.54978578040675651906e-02) (7, 1.64436908538632631238e-01) (8, 9.61067827268849650402e-01) (9, 3.26070351746594183640e-02) (10, 5.07525585839824211476e-02) (11, 1.27527716085680808966e-01) (12, -8.38374092518271163410e-02) (0, -1.01401425938831790674e+00) (1, 5.80799078186478290320e+00) (2, -1.89965936328170603709e-01) (3, 3.86489224704510303532e-01) (4, -2.66793417717216319041e-01) (5, -1.08447827439533694971e+00) (6, -9.66103859653344221314e-01) (7, -5.14252600494627065686e-01) (8, 5.89823831608023319006e+00) (9, -2.46456655646560496287e-01) (10, -1.03276323567854388941e+00) (11, 2.41535216534188856841e-02) (12, -1.10322326462494357813e+00) (0, 1.61690068842294754070e+00) (1, -5.89017689963307056189e+00) (2, 7.31026783958966697163e-01) (3, -2.61310572101609461804e-01) (4, 5.69273636118466819234e-01) (5, 1.57771261633756698650e+00) (6, 1.48133822755339683575e+00) (7, 9.67834817213121478829e-01) (8, -5.75671355416502628088e+00) (9, 6.61938280240590537495e-01) (10, 1.42422299684408248943e+00) (11, 1.84260037339482873886e-01) (12, 1.60091499091508926433e+00) (13, 4.36674190650899962662e-01) (14, 3.17111241224615625356e+00) (15, -2.83788883104545286429e+00) (16, -1.31235207174769930027e+00) 
