FANN_FLO_2.1
num_layers=3
learning_rate=0.700000
connection_rate=1.000000
network_type=0
learning_momentum=0.000000
training_algorithm=2
train_error_function=1
train_stop_function=1
cascade_output_change_fraction=0.010000
quickprop_decay=-0.000100
quickprop_mu=1.750000
rprop_increase_factor=1.200000
rprop_decrease_factor=0.500000
rprop_delta_min=0.000000
rprop_delta_max=50.000000
rprop_delta_zero=0.100000
cascade_output_stagnation_epochs=12
cascade_candidate_change_fraction=0.010000
cascade_candidate_stagnation_epochs=12
cascade_max_out_epochs=150
cascade_min_out_epochs=50
cascade_max_cand_epochs=150
cascade_min_cand_epochs=50
cascade_num_candidate_groups=2
bit_fail_limit=1.00000000000000005551e-01
cascade_candidate_limit=1.00000000000000000000e+03
cascade_weight_multiplier=4.00000000000000022204e-01
cascade_activation_functions_count=10
cascade_activation_functions=3 5 7 8 10 11 14 15 16 17 
cascade_activation_steepnesses_count=4
cascade_activation_steepnesses=2.50000000000000000000e-01 5.00000000000000000000e-01 7.50000000000000000000e-01 1.00000000000000000000e+00 
layer_sizes=13 4 2 
scale_included=0
neurons (num_inputs, activation_function, activation_steepness)=(0, 0, 0.00000000000000000000e+00) (0, 0, 0.00000000000000000000e+00) (0, 0, 0.00000000000000000000e+00) (0, 0, 0.00000000000000000000e+00) (0, 0, 0.00000000000000000000e+00) (0, 0, 0.00000000000000000000e+00) (0, 0, 0.00000000000000000000e+00) (0, 0, 0.00000000000000000000e+00) (0, 0, 0.00000000000000000000e+00) (0, 0, 0.00000000000000000000e+00) (0, 0, 0.00000000000000000000e+00) (0, 0, 0.00000000000000000000e+00) (0, 0, 0.00000000000000000000e+00) (13, 6, 5.00000000000000000000e-01) (13, 6, 5.00000000000000000000e-01) (13, 6, 5.00000000000000000000e-01) (0, 6, 0.00000000000000000000e+00) (4, 4, 5.00000000000000000000e-01) (0, 4, 0.00000000000000000000e+00) 
connections (connected_to_neuron, weight)=(0, 1.61523152142772441486e+00) (1, -1.42012628419733766272e+00) (2, -1.49716109671362551659e+00) (3, -3.49268520076584543244e-01) (4, -4.11553988762392575218e-01) (5, -2.84835825317547586266e-01) (6, -5.37254343338503415062e-01) (7, -1.62238484563041596154e+00) (8, -3.24392676103206101246e-01) (9, 2.69557232285635128832e+00) (10, -1.31840223685283053356e+00) (11, -5.09048244217752521301e-01) (12, 1.79078130126173129533e+00) (0, -9.79525298743827543824e-01) (1, 2.32478894213974385252e+00) (2, 3.72008358479637257776e-01) (3, 2.76191976980399489516e-01) (4, 3.51494240170370508825e-01) (5, 7.32150683505734534151e-02) (6, 4.59561775034319275335e-01) (7, 1.85127134112672475652e+00) (8, 1.19500350197992155632e-01) (9, -1.63992646135595476764e+00) (10, 2.24590728117026827704e+00) (11, 5.97165785084162403784e-01) (12, -1.08308843237100393964e+00) (0, -2.63334652007491731851e-01) (1, 1.05617187005130541699e+00) (2, 3.12625576220213974299e-01) (3, 5.45305886740438450211e-01) (4, 6.36427584708148863513e-01) (5, 3.10255591740032976578e-01) (6, 6.12911659896785643298e-01) (7, 1.09030559619057232368e+00) (8, 2.22557992742066640401e-01) (9, -4.29389633230831735400e-01) (10, 1.02801829471180306008e+00) (11, 1.08642782258106029847e-01) (12, -3.81546158323144979363e-01) (13, -2.70233685823604794507e+01) (14, 4.52644050090937000164e+00) (15, 9.59958421407620887678e-01) (16, -9.89534974961860380738e-01) 
