FANN_FLO_2.1
num_layers=3
learning_rate=0.700000
connection_rate=1.000000
network_type=0
learning_momentum=0.000000
training_algorithm=2
train_error_function=1
train_stop_function=1
cascade_output_change_fraction=0.010000
quickprop_decay=-0.000100
quickprop_mu=1.750000
rprop_increase_factor=1.200000
rprop_decrease_factor=0.500000
rprop_delta_min=0.000000
rprop_delta_max=50.000000
rprop_delta_zero=0.100000
cascade_output_stagnation_epochs=12
cascade_candidate_change_fraction=0.010000
cascade_candidate_stagnation_epochs=12
cascade_max_out_epochs=150
cascade_min_out_epochs=50
cascade_max_cand_epochs=150
cascade_min_cand_epochs=50
cascade_num_candidate_groups=2
bit_fail_limit=1.00000000000000005551e-01
cascade_candidate_limit=1.00000000000000000000e+03
cascade_weight_multiplier=4.00000000000000022204e-01
cascade_activation_functions_count=10
cascade_activation_functions=3 5 7 8 10 11 14 15 16 17 
cascade_activation_steepnesses_count=4
cascade_activation_steepnesses=2.50000000000000000000e-01 5.00000000000000000000e-01 7.50000000000000000000e-01 1.00000000000000000000e+00 
layer_sizes=10 4 2 
scale_included=0
neurons (num_inputs, activation_function, activation_steepness)=(0, 0, 0.00000000000000000000e+00) (0, 0, 0.00000000000000000000e+00) (0, 0, 0.00000000000000000000e+00) (0, 0, 0.00000000000000000000e+00) (0, 0, 0.00000000000000000000e+00) (0, 0, 0.00000000000000000000e+00) (0, 0, 0.00000000000000000000e+00) (0, 0, 0.00000000000000000000e+00) (0, 0, 0.00000000000000000000e+00) (0, 0, 0.00000000000000000000e+00) (10, 6, 5.00000000000000000000e-01) (10, 6, 5.00000000000000000000e-01) (10, 6, 5.00000000000000000000e-01) (0, 6, 0.00000000000000000000e+00) (4, 4, 5.00000000000000000000e-01) (0, 4, 0.00000000000000000000e+00) 
connections (connected_to_neuron, weight)=(0, -1.21865422906170142170e+01) (1, 1.52500576286367151013e+00) (2, 1.17755110730284195952e+00) (3, 2.08225118798576502854e+00) (4, 1.16980961228480513370e+01) (5, -1.78582298456761030536e+01) (6, 2.62076308235374844102e+00) (7, 3.38369499428930042839e+00) (8, -1.68644589828770357087e+01) (9, -6.48398610512014972329e-01) (0, -4.27851866431818272929e+00) (1, 1.63670653404580535017e+00) (2, 1.10013083427370661482e+00) (3, 2.64305069833483619046e-01) (4, 2.13092804823184067686e+00) (5, 2.86542411526256834975e+01) (6, 4.34931504639107302523e+00) (7, 5.55005299879121594131e+00) (8, -2.90945296747015458294e+00) (9, -3.28609343031114864431e+00) (0, 6.55353321168255842366e-01) (1, -1.67518855552963041866e+00) (2, -2.55094425339895414240e+00) (3, -1.21562146381264923889e+00) (4, 2.15765372027030188917e+00) (5, 2.55807283736721613465e+00) (6, 4.25271606768039156510e-01) (7, 4.28902432478383388581e-01) (8, 2.12658128041320404478e+00) (9, -5.27580604031994471192e-01) (10, 3.31256873926120505303e+01) (11, 4.01690205084221858556e+01) (12, -6.50384470723669352310e+01) (13, -1.02907783712408473775e+00) 
