FANN_FLO_2.1
num_layers=3
learning_rate=0.700000
connection_rate=1.000000
network_type=0
learning_momentum=0.000000
training_algorithm=2
train_error_function=1
train_stop_function=1
cascade_output_change_fraction=0.010000
quickprop_decay=-0.000100
quickprop_mu=1.750000
rprop_increase_factor=1.200000
rprop_decrease_factor=0.500000
rprop_delta_min=0.000000
rprop_delta_max=50.000000
rprop_delta_zero=0.100000
cascade_output_stagnation_epochs=12
cascade_candidate_change_fraction=0.010000
cascade_candidate_stagnation_epochs=12
cascade_max_out_epochs=150
cascade_min_out_epochs=50
cascade_max_cand_epochs=150
cascade_min_cand_epochs=50
cascade_num_candidate_groups=2
bit_fail_limit=1.00000000000000005551e-01
cascade_candidate_limit=1.00000000000000000000e+03
cascade_weight_multiplier=4.00000000000000022204e-01
cascade_activation_functions_count=10
cascade_activation_functions=3 5 7 8 10 11 14 15 16 17 
cascade_activation_steepnesses_count=4
cascade_activation_steepnesses=2.50000000000000000000e-01 5.00000000000000000000e-01 7.50000000000000000000e-01 1.00000000000000000000e+00 
layer_sizes=7 4 2 
scale_included=0
neurons (num_inputs, activation_function, activation_steepness)=(0, 0, 0.00000000000000000000e+00) (0, 0, 0.00000000000000000000e+00) (0, 0, 0.00000000000000000000e+00) (0, 0, 0.00000000000000000000e+00) (0, 0, 0.00000000000000000000e+00) (0, 0, 0.00000000000000000000e+00) (0, 0, 0.00000000000000000000e+00) (7, 6, 5.00000000000000000000e-01) (7, 6, 5.00000000000000000000e-01) (7, 6, 5.00000000000000000000e-01) (0, 6, 0.00000000000000000000e+00) (4, 4, 5.00000000000000000000e-01) (0, 4, 0.00000000000000000000e+00) 
connections (connected_to_neuron, weight)=(0, -2.06198101208205564205e+00) (1, 2.17196664538054751148e+00) (2, 1.66953356152610066232e+00) (3, 1.34161480529773124992e+00) (4, -6.76998359435092900149e-01) (5, 1.77060059959789994899e+00) (6, -2.25874112359341250311e+00) (0, -2.01528542206283001192e+00) (1, 2.07710315794378264087e+00) (2, 1.61744895911053898629e+00) (3, 1.45442505499041185857e+00) (4, -9.54647576446727819111e-01) (5, 2.21057035050250183517e+00) (6, -2.27616030535753832709e+00) (0, -1.33365679782121882013e+00) (1, 1.33984066166113269247e+00) (2, 1.96831953923718860899e+00) (3, 7.47237803111749920859e-01) (4, 1.81980259896896257032e-01) (5, 1.69389510656496766750e+00) (6, -1.99884413554194617646e+00) (7, 6.62656607749629245063e+00) (8, 2.89825336581757753152e+00) (9, 2.41263117939624933683e+01) (10, -1.60829239221790754044e+00) 
