FANN_FLO_2.1
num_layers=3
learning_rate=0.700000
connection_rate=1.000000
network_type=0
learning_momentum=0.000000
training_algorithm=2
train_error_function=1
train_stop_function=1
cascade_output_change_fraction=0.010000
quickprop_decay=-0.000100
quickprop_mu=1.750000
rprop_increase_factor=1.200000
rprop_decrease_factor=0.500000
rprop_delta_min=0.000000
rprop_delta_max=50.000000
rprop_delta_zero=0.100000
cascade_output_stagnation_epochs=12
cascade_candidate_change_fraction=0.010000
cascade_candidate_stagnation_epochs=12
cascade_max_out_epochs=150
cascade_min_out_epochs=50
cascade_max_cand_epochs=150
cascade_min_cand_epochs=50
cascade_num_candidate_groups=2
bit_fail_limit=1.00000000000000005551e-01
cascade_candidate_limit=1.00000000000000000000e+03
cascade_weight_multiplier=4.00000000000000022204e-01
cascade_activation_functions_count=10
cascade_activation_functions=3 5 7 8 10 11 14 15 16 17 
cascade_activation_steepnesses_count=4
cascade_activation_steepnesses=2.50000000000000000000e-01 5.00000000000000000000e-01 7.50000000000000000000e-01 1.00000000000000000000e+00 
layer_sizes=11 4 2 
scale_included=0
neurons (num_inputs, activation_function, activation_steepness)=(0, 0, 0.00000000000000000000e+00) (0, 0, 0.00000000000000000000e+00) (0, 0, 0.00000000000000000000e+00) (0, 0, 0.00000000000000000000e+00) (0, 0, 0.00000000000000000000e+00) (0, 0, 0.00000000000000000000e+00) (0, 0, 0.00000000000000000000e+00) (0, 0, 0.00000000000000000000e+00) (0, 0, 0.00000000000000000000e+00) (0, 0, 0.00000000000000000000e+00) (0, 0, 0.00000000000000000000e+00) (11, 6, 5.00000000000000000000e-01) (11, 6, 5.00000000000000000000e-01) (11, 6, 5.00000000000000000000e-01) (0, 6, 0.00000000000000000000e+00) (4, 4, 5.00000000000000000000e-01) (0, 4, 0.00000000000000000000e+00) 
connections (connected_to_neuron, weight)=(0, -1.59218857064085401731e+01) (1, 6.18829616293291540075e+00) (2, 1.21913419240763164453e+03) (3, 3.64465188239310435847e+01) (4, 1.95939965510090878809e+01) (5, 4.66463279154621435207e-01) (6, -1.08244830141287646796e+01) (7, 2.26146269125732395366e+01) (8, 4.10980985686135795731e+01) (9, 8.55373326077579918092e+02) (10, -6.21636037848997258237e+00) (0, -8.60835780621333590545e+00) (1, 4.61769579374382233006e-01) (2, 1.01212617425090897760e-01) (3, -3.94247839194739357893e+00) (4, 1.16918278492970373339e-02) (5, -7.86112075559519229984e-01) (6, -4.71522697440139915148e-01) (7, -4.63556635227150987122e-02) (8, -4.04798863586438883999e+00) (9, 1.01404440885191682309e-01) (10, 7.64047233375852008486e-01) (0, 6.80523710854629726441e+00) (1, -1.75955895306539993328e+01) (2, 1.22492753916838363892e+01) (3, 6.10814394663685433784e+00) (4, 6.28915591231038462183e+00) (5, -1.44100548628834146392e+00) (6, 3.65931851305964284116e-01) (7, 1.17371324542731940710e+01) (8, 1.20448283816227763587e+00) (9, 1.23629140213215613642e+01) (10, -7.95101393898125241577e+00) (11, 3.36808587593603547816e+01) (12, 9.77618281686170575995e+01) (13, -2.04349735722638143898e+01) (14, -8.03878318998429652886e-01) 
