FANN_FLO_2.1
num_layers=3
learning_rate=0.700000
connection_rate=1.000000
network_type=0
learning_momentum=0.000000
training_algorithm=2
train_error_function=1
train_stop_function=1
cascade_output_change_fraction=0.010000
quickprop_decay=-0.000100
quickprop_mu=1.750000
rprop_increase_factor=1.200000
rprop_decrease_factor=0.500000
rprop_delta_min=0.000000
rprop_delta_max=50.000000
rprop_delta_zero=0.100000
cascade_output_stagnation_epochs=12
cascade_candidate_change_fraction=0.010000
cascade_candidate_stagnation_epochs=12
cascade_max_out_epochs=150
cascade_min_out_epochs=50
cascade_max_cand_epochs=150
cascade_min_cand_epochs=50
cascade_num_candidate_groups=2
bit_fail_limit=1.00000000000000005551e-01
cascade_candidate_limit=1.00000000000000000000e+03
cascade_weight_multiplier=4.00000000000000022204e-01
cascade_activation_functions_count=10
cascade_activation_functions=3 5 7 8 10 11 14 15 16 17 
cascade_activation_steepnesses_count=4
cascade_activation_steepnesses=2.50000000000000000000e-01 5.00000000000000000000e-01 7.50000000000000000000e-01 1.00000000000000000000e+00 
layer_sizes=8 4 2 
scale_included=0
neurons (num_inputs, activation_function, activation_steepness)=(0, 0, 0.00000000000000000000e+00) (0, 0, 0.00000000000000000000e+00) (0, 0, 0.00000000000000000000e+00) (0, 0, 0.00000000000000000000e+00) (0, 0, 0.00000000000000000000e+00) (0, 0, 0.00000000000000000000e+00) (0, 0, 0.00000000000000000000e+00) (0, 0, 0.00000000000000000000e+00) (8, 6, 5.00000000000000000000e-01) (8, 6, 5.00000000000000000000e-01) (8, 6, 5.00000000000000000000e-01) (0, 6, 0.00000000000000000000e+00) (4, 4, 5.00000000000000000000e-01) (0, 4, 0.00000000000000000000e+00) 
connections (connected_to_neuron, weight)=(0, -1.53735300035979305378e+00) (1, 4.36903860740676108776e+00) (2, -2.45911531108432823700e+00) (3, 4.39016697655790189003e+00) (4, -3.67965906719448232476e-01) (5, -8.06449765662973994118e-01) (6, 4.54389520735160790110e+00) (7, -2.99632190429780342900e-01) (0, 4.67185295823534740833e+00) (1, -2.63225415830473652434e+00) (2, 3.17404621714114476561e+00) (3, -2.76209390131410881253e+00) (4, 2.74713820067372793687e+00) (5, -7.14516450656675683462e-01) (6, 1.86657105843455739524e-01) (7, -1.59525655957903600424e+00) (0, -3.86448813834491167185e+00) (1, 7.94691544218900070007e+00) (2, -2.48449548719679746966e+00) (3, 7.94073911720896763455e+00) (4, 6.97091801608692773762e-01) (5, -2.83324454861910268733e+00) (6, -3.24319673560880072927e+00) (7, -2.72808842554616726161e+00) (8, 9.44410891624931103649e+00) (9, 1.67382269639710337117e+01) (10, 1.09372133444022487936e+01) (11, -1.75448838578432497748e+00) 
