FANN_FLO_2.1
num_layers=3
learning_rate=0.700000
connection_rate=1.000000
network_type=0
learning_momentum=0.000000
training_algorithm=2
train_error_function=1
train_stop_function=1
cascade_output_change_fraction=0.010000
quickprop_decay=-0.000100
quickprop_mu=1.750000
rprop_increase_factor=1.200000
rprop_decrease_factor=0.500000
rprop_delta_min=0.000000
rprop_delta_max=50.000000
rprop_delta_zero=0.100000
cascade_output_stagnation_epochs=12
cascade_candidate_change_fraction=0.010000
cascade_candidate_stagnation_epochs=12
cascade_max_out_epochs=150
cascade_min_out_epochs=50
cascade_max_cand_epochs=150
cascade_min_cand_epochs=50
cascade_num_candidate_groups=2
bit_fail_limit=1.00000000000000005551e-01
cascade_candidate_limit=1.00000000000000000000e+03
cascade_weight_multiplier=4.00000000000000022204e-01
cascade_activation_functions_count=10
cascade_activation_functions=3 5 7 8 10 11 14 15 16 17 
cascade_activation_steepnesses_count=4
cascade_activation_steepnesses=2.50000000000000000000e-01 5.00000000000000000000e-01 7.50000000000000000000e-01 1.00000000000000000000e+00 
layer_sizes=13 4 2 
scale_included=0
neurons (num_inputs, activation_function, activation_steepness)=(0, 0, 0.00000000000000000000e+00) (0, 0, 0.00000000000000000000e+00) (0, 0, 0.00000000000000000000e+00) (0, 0, 0.00000000000000000000e+00) (0, 0, 0.00000000000000000000e+00) (0, 0, 0.00000000000000000000e+00) (0, 0, 0.00000000000000000000e+00) (0, 0, 0.00000000000000000000e+00) (0, 0, 0.00000000000000000000e+00) (0, 0, 0.00000000000000000000e+00) (0, 0, 0.00000000000000000000e+00) (0, 0, 0.00000000000000000000e+00) (0, 0, 0.00000000000000000000e+00) (13, 6, 5.00000000000000000000e-01) (13, 6, 5.00000000000000000000e-01) (13, 6, 5.00000000000000000000e-01) (0, 6, 0.00000000000000000000e+00) (4, 4, 5.00000000000000000000e-01) (0, 4, 0.00000000000000000000e+00) 
connections (connected_to_neuron, weight)=(0, -9.72370754619536814545e-01) (1, 2.52569466899540051585e+00) (2, -5.64900746754842114639e-02) (3, -6.15866597767691148491e-01) (4, 6.16438879624134905555e-01) (5, 1.22173570687965393766e+00) (6, 2.90445681882217643377e-03) (7, -1.62582689283268549962e-01) (8, -4.00876677921891799716e-01) (9, -8.42551658142599357859e-01) (10, 3.55115584743436629722e-01) (11, -5.47858812167684172678e-01) (12, -9.33176714619098124359e-01) (0, -2.25498394124031120711e+00) (1, 1.74277455614462328803e+00) (2, 5.24689023920244590471e+00) (3, -1.32478319972569624774e+00) (4, 5.99189413810453097575e-01) (5, -1.36302904134891988974e+00) (6, -1.59699440534013681336e+00) (7, 2.89329115297037475774e-01) (8, 2.73132608221834205509e+00) (9, -2.38521737625518248649e+00) (10, 1.44234851706386879577e+00) (11, -1.65221797925343749647e+00) (12, -2.54432259632883495115e+00) (0, 7.60015341005152667009e-01) (1, -6.54116110304787001795e-01) (2, 6.21494373923964643636e-02) (3, 2.05885158487916636316e-01) (4, -2.98724924738207719965e-01) (5, -4.34333324219376093467e-01) (6, 2.78899938521204704411e-01) (7, 3.83845531727745215012e-01) (8, 3.07186945551332191151e-01) (9, 8.77681582459260756224e-01) (10, 1.76787975868781921385e-01) (11, 3.11166277915647715435e-01) (12, 4.61151646593499331406e-01) (13, 3.52926121175969953470e+00) (14, 9.15682099226420120885e+00) (15, -1.39004538321818067459e+01) (16, -2.86002569509983217699e+00) 
