FANN_FLO_2.1
num_layers=3
learning_rate=0.700000
connection_rate=1.000000
network_type=0
learning_momentum=0.000000
training_algorithm=2
train_error_function=1
train_stop_function=1
cascade_output_change_fraction=0.010000
quickprop_decay=-0.000100
quickprop_mu=1.750000
rprop_increase_factor=1.200000
rprop_decrease_factor=0.500000
rprop_delta_min=0.000000
rprop_delta_max=50.000000
rprop_delta_zero=0.100000
cascade_output_stagnation_epochs=12
cascade_candidate_change_fraction=0.010000
cascade_candidate_stagnation_epochs=12
cascade_max_out_epochs=150
cascade_min_out_epochs=50
cascade_max_cand_epochs=150
cascade_min_cand_epochs=50
cascade_num_candidate_groups=2
bit_fail_limit=1.00000000000000005551e-01
cascade_candidate_limit=1.00000000000000000000e+03
cascade_weight_multiplier=4.00000000000000022204e-01
cascade_activation_functions_count=10
cascade_activation_functions=3 5 7 8 10 11 14 15 16 17 
cascade_activation_steepnesses_count=4
cascade_activation_steepnesses=2.50000000000000000000e-01 5.00000000000000000000e-01 7.50000000000000000000e-01 1.00000000000000000000e+00 
layer_sizes=11 4 2 
scale_included=0
neurons (num_inputs, activation_function, activation_steepness)=(0, 0, 0.00000000000000000000e+00) (0, 0, 0.00000000000000000000e+00) (0, 0, 0.00000000000000000000e+00) (0, 0, 0.00000000000000000000e+00) (0, 0, 0.00000000000000000000e+00) (0, 0, 0.00000000000000000000e+00) (0, 0, 0.00000000000000000000e+00) (0, 0, 0.00000000000000000000e+00) (0, 0, 0.00000000000000000000e+00) (0, 0, 0.00000000000000000000e+00) (0, 0, 0.00000000000000000000e+00) (11, 6, 5.00000000000000000000e-01) (11, 6, 5.00000000000000000000e-01) (11, 6, 5.00000000000000000000e-01) (0, 6, 0.00000000000000000000e+00) (4, 4, 5.00000000000000000000e-01) (0, 4, 0.00000000000000000000e+00) 
connections (connected_to_neuron, weight)=(0, -8.20062919406145285350e-01) (1, 9.26387529021492572845e-01) (2, 7.28868789851967568971e-01) (3, 1.36942274577924433254e-01) (4, 1.01682542393588115637e+00) (5, 4.89479915580868940594e+00) (6, -2.07613649739275096806e+00) (7, -1.09334709145811692643e+00) (8, -1.16129551304506772880e+00) (9, -4.88270036583571931388e-01) (10, -2.05484449795065360345e-01) (0, -1.91267360299206212737e+00) (1, 1.28048636796622261613e+00) (2, 1.16869202540707739502e+00) (3, 9.86715227569353106607e-03) (4, 1.11959573911023291259e+00) (5, -3.98262537371821823129e-01) (6, 1.19989540103079921352e+01) (7, 1.04465379301603888962e+00) (8, 6.55436580700602955396e-01) (9, -4.21322100191514725687e-01) (10, -1.29499396062947402797e+00) (0, -3.21304859135535281212e+00) (1, 3.46427562267214783631e+00) (2, 1.76048862715946485835e+00) (3, 3.74498687971800026109e-01) (4, 3.64987091548925990381e+00) (5, -1.16623319971797956285e+00) (6, 3.18962951622779322669e-01) (7, -9.43727438613138347456e-01) (8, -1.75902011576672978599e+00) (9, -5.58371587089292731321e+00) (10, -3.54082719520771638244e+00) (11, 3.75929159518506628146e+00) (12, 5.92838552614909630734e+00) (13, 3.60290973564555594422e+00) (14, -2.31871634665016213006e+00) 
