FANN_FLO_2.1
num_layers=3
learning_rate=0.700000
connection_rate=1.000000
network_type=0
learning_momentum=0.000000
training_algorithm=2
train_error_function=1
train_stop_function=1
cascade_output_change_fraction=0.010000
quickprop_decay=-0.000100
quickprop_mu=1.750000
rprop_increase_factor=1.200000
rprop_decrease_factor=0.500000
rprop_delta_min=0.000000
rprop_delta_max=50.000000
rprop_delta_zero=0.100000
cascade_output_stagnation_epochs=12
cascade_candidate_change_fraction=0.010000
cascade_candidate_stagnation_epochs=12
cascade_max_out_epochs=150
cascade_min_out_epochs=50
cascade_max_cand_epochs=150
cascade_min_cand_epochs=50
cascade_num_candidate_groups=2
bit_fail_limit=1.00000000000000005551e-01
cascade_candidate_limit=1.00000000000000000000e+03
cascade_weight_multiplier=4.00000000000000022204e-01
cascade_activation_functions_count=10
cascade_activation_functions=3 5 7 8 10 11 14 15 16 17 
cascade_activation_steepnesses_count=4
cascade_activation_steepnesses=2.50000000000000000000e-01 5.00000000000000000000e-01 7.50000000000000000000e-01 1.00000000000000000000e+00 
layer_sizes=12 4 2 
scale_included=0
neurons (num_inputs, activation_function, activation_steepness)=(0, 0, 0.00000000000000000000e+00) (0, 0, 0.00000000000000000000e+00) (0, 0, 0.00000000000000000000e+00) (0, 0, 0.00000000000000000000e+00) (0, 0, 0.00000000000000000000e+00) (0, 0, 0.00000000000000000000e+00) (0, 0, 0.00000000000000000000e+00) (0, 0, 0.00000000000000000000e+00) (0, 0, 0.00000000000000000000e+00) (0, 0, 0.00000000000000000000e+00) (0, 0, 0.00000000000000000000e+00) (0, 0, 0.00000000000000000000e+00) (12, 6, 5.00000000000000000000e-01) (12, 6, 5.00000000000000000000e-01) (12, 6, 5.00000000000000000000e-01) (0, 6, 0.00000000000000000000e+00) (4, 4, 5.00000000000000000000e-01) (0, 4, 0.00000000000000000000e+00) 
connections (connected_to_neuron, weight)=(0, 4.96537085286214541213e+00) (1, -4.33637627777661638362e+00) (2, -4.40734432859653058046e+00) (3, 1.85335119088554400868e+00) (4, 1.23997457225774865286e+00) (5, 1.28768576189034611446e+00) (6, -2.41280061191672601240e+00) (7, 1.03798769325803252883e+00) (8, 1.14577816734159942946e+00) (9, -4.69734881002850279685e+00) (10, 1.53459894478533853679e+00) (11, 3.38451920676136897015e+00) (0, 4.16396297343379817590e+00) (1, -4.21894535160595296475e+00) (2, -4.33411141706937375062e+00) (3, 1.78710351124218536079e+00) (4, 1.10885196824525933401e+00) (5, 8.33885558519015468448e-01) (6, -2.37208446163804298479e+00) (7, 9.66921430745337207036e-01) (8, 6.87430411807005481428e-01) (9, -5.27954785232334700140e+00) (10, 1.47776719818314616894e+00) (11, 3.46013938861990855145e+00) (0, -1.63451503278708543121e+00) (1, 8.46770637631391154265e-01) (2, 1.64532652353075761198e+01) (3, -8.09880710726864960769e-01) (4, 8.70214712003252066630e-01) (5, 3.98261016762152031401e-01) (6, 1.49086287652230868872e+01) (7, -4.24362288619092919983e-01) (8, 5.10794007191900045761e-01) (9, 3.01510583865084313970e+00) (10, -1.13024724832170209154e+00) (11, -4.29992042257903772651e+00) (12, -2.90213274620147831939e+00) (13, -2.88912444971176274322e+00) (14, 2.81835705749124310060e+00) (15, -2.86072468049498684906e+00) 
