FANN_FLO_2.1
num_layers=3
learning_rate=0.700000
connection_rate=1.000000
network_type=0
learning_momentum=0.000000
training_algorithm=2
train_error_function=1
train_stop_function=1
cascade_output_change_fraction=0.010000
quickprop_decay=-0.000100
quickprop_mu=1.750000
rprop_increase_factor=1.200000
rprop_decrease_factor=0.500000
rprop_delta_min=0.000000
rprop_delta_max=50.000000
rprop_delta_zero=0.100000
cascade_output_stagnation_epochs=12
cascade_candidate_change_fraction=0.010000
cascade_candidate_stagnation_epochs=12
cascade_max_out_epochs=150
cascade_min_out_epochs=50
cascade_max_cand_epochs=150
cascade_min_cand_epochs=50
cascade_num_candidate_groups=2
bit_fail_limit=1.00000000000000005551e-01
cascade_candidate_limit=1.00000000000000000000e+03
cascade_weight_multiplier=4.00000000000000022204e-01
cascade_activation_functions_count=10
cascade_activation_functions=3 5 7 8 10 11 14 15 16 17 
cascade_activation_steepnesses_count=4
cascade_activation_steepnesses=2.50000000000000000000e-01 5.00000000000000000000e-01 7.50000000000000000000e-01 1.00000000000000000000e+00 
layer_sizes=14 4 2 
scale_included=0
neurons (num_inputs, activation_function, activation_steepness)=(0, 0, 0.00000000000000000000e+00) (0, 0, 0.00000000000000000000e+00) (0, 0, 0.00000000000000000000e+00) (0, 0, 0.00000000000000000000e+00) (0, 0, 0.00000000000000000000e+00) (0, 0, 0.00000000000000000000e+00) (0, 0, 0.00000000000000000000e+00) (0, 0, 0.00000000000000000000e+00) (0, 0, 0.00000000000000000000e+00) (0, 0, 0.00000000000000000000e+00) (0, 0, 0.00000000000000000000e+00) (0, 0, 0.00000000000000000000e+00) (0, 0, 0.00000000000000000000e+00) (0, 0, 0.00000000000000000000e+00) (14, 6, 5.00000000000000000000e-01) (14, 6, 5.00000000000000000000e-01) (14, 6, 5.00000000000000000000e-01) (0, 6, 0.00000000000000000000e+00) (4, 4, 5.00000000000000000000e-01) (0, 4, 0.00000000000000000000e+00) 
connections (connected_to_neuron, weight)=(0, 1.33740586531995969688e-01) (1, 1.95175231949134730947e+00) (2, 2.43536269067505051211e+00) (3, -5.49476955368175312699e-01) (4, -8.80837692491670321004e-01) (5, -1.71238097421157453581e+00) (6, 2.09013509189399826482e+00) (7, -2.26678458118624925888e+00) (8, 1.81254160571075328967e+00) (9, 2.59741497757058148466e+00) (10, -2.10952677071926197883e+00) (11, -2.04921101252887893907e+00) (12, 1.83855484783487255207e+00) (13, -2.15719775539838032330e+00) (0, 1.38530095411180692588e-01) (1, 1.97038964883132861061e+00) (2, 2.46934282927492310122e+00) (3, -7.00853426291598857745e-01) (4, -8.95476757161279390829e-01) (5, -1.67356497294533346221e+00) (6, 2.02470798229488480047e+00) (7, -2.25045323634333849228e+00) (8, 1.84882116484619030139e+00) (9, 2.76715496154646878324e+00) (10, -2.18883370905040930410e+00) (11, -2.19049638728950624156e+00) (12, 1.80359685033397609821e+00) (13, -2.11834923234783367718e+00) (0, 6.05017661451116781079e-02) (1, 1.11768465442546127697e+00) (2, 1.03490633141470471656e+01) (3, -1.67868312206631675743e-01) (4, -6.17921085622678334381e-01) (5, -7.41900572755703979766e-01) (6, 6.56812664312285132695e-01) (7, -2.95197517253130814474e-01) (8, 6.34566605299605512869e-01) (9, 2.41910123219113248894e+00) (10, -8.43812203271192828868e-02) (11, -9.19225170794887413983e-01) (12, 6.66943669491532276083e-01) (13, -1.22709937296706872445e+00) (14, 9.40169237460773565829e+00) (15, 9.34980462398212530672e+00) (16, 3.41263632925889082159e+00) (17, -2.16278205496274189557e+00) 
