FANN_FLO_2.1
num_layers=3
learning_rate=0.700000
connection_rate=1.000000
network_type=0
learning_momentum=0.000000
training_algorithm=2
train_error_function=1
train_stop_function=1
cascade_output_change_fraction=0.010000
quickprop_decay=-0.000100
quickprop_mu=1.750000
rprop_increase_factor=1.200000
rprop_decrease_factor=0.500000
rprop_delta_min=0.000000
rprop_delta_max=50.000000
rprop_delta_zero=0.100000
cascade_output_stagnation_epochs=12
cascade_candidate_change_fraction=0.010000
cascade_candidate_stagnation_epochs=12
cascade_max_out_epochs=150
cascade_min_out_epochs=50
cascade_max_cand_epochs=150
cascade_min_cand_epochs=50
cascade_num_candidate_groups=2
bit_fail_limit=1.00000000000000005551e-01
cascade_candidate_limit=1.00000000000000000000e+03
cascade_weight_multiplier=4.00000000000000022204e-01
cascade_activation_functions_count=10
cascade_activation_functions=3 5 7 8 10 11 14 15 16 17 
cascade_activation_steepnesses_count=4
cascade_activation_steepnesses=2.50000000000000000000e-01 5.00000000000000000000e-01 7.50000000000000000000e-01 1.00000000000000000000e+00 
layer_sizes=13 4 2 
scale_included=0
neurons (num_inputs, activation_function, activation_steepness)=(0, 0, 0.00000000000000000000e+00) (0, 0, 0.00000000000000000000e+00) (0, 0, 0.00000000000000000000e+00) (0, 0, 0.00000000000000000000e+00) (0, 0, 0.00000000000000000000e+00) (0, 0, 0.00000000000000000000e+00) (0, 0, 0.00000000000000000000e+00) (0, 0, 0.00000000000000000000e+00) (0, 0, 0.00000000000000000000e+00) (0, 0, 0.00000000000000000000e+00) (0, 0, 0.00000000000000000000e+00) (0, 0, 0.00000000000000000000e+00) (0, 0, 0.00000000000000000000e+00) (13, 6, 5.00000000000000000000e-01) (13, 6, 5.00000000000000000000e-01) (13, 6, 5.00000000000000000000e-01) (0, 6, 0.00000000000000000000e+00) (4, 4, 5.00000000000000000000e-01) (0, 4, 0.00000000000000000000e+00) 
connections (connected_to_neuron, weight)=(0, -2.30838611040969787780e+00) (1, 1.99704265823311688521e+00) (2, 2.09342762887196576216e+00) (3, -1.22086310698619485149e-01) (4, 8.16212984022374188342e-01) (5, -7.29428578662091986473e-01) (6, -1.33966332178684877086e+00) (7, -9.87052116288389735921e-01) (8, -2.09256171099043974948e+00) (9, 1.07607206371922470289e+00) (10, -4.97988920787855338101e-01) (11, 1.16870104562199617071e+00) (12, -1.60955169012996823774e+00) (0, 6.96721124605919150952e+00) (1, -2.72875882343854714307e+00) (2, -2.54045629796265381994e-02) (3, 1.80900476874114723991e+00) (4, 2.05088519760287102400e+00) (5, 1.74776657415717373567e+00) (6, 2.27536503109448107196e+00) (7, 2.42233600853431108035e+00) (8, 2.50465063081906658127e+00) (9, 1.39797534370801490589e+00) (10, 1.58191205719459881962e+00) (11, 1.10286296657244098363e+00) (12, 7.03831562356735496166e+00) (0, -2.14173815752048879446e+00) (1, 1.87541891965774709661e+00) (2, 2.41042118432243368531e+00) (3, -1.07570276631595129757e-01) (4, 4.47716466099098431286e-01) (5, -1.15313399020243262383e-01) (6, -1.06344571108224417166e+00) (7, 2.85917272307698366873e-01) (8, -1.06368794347552753088e+00) (9, 1.35206855364937572617e+00) (10, -4.86037630716844748502e-01) (11, 8.93220277210681312674e-01) (12, -2.09462593848486378079e+00) (13, 9.54994177639256491830e+00) (14, -1.30584310141490811397e+00) (15, 6.44848714506221920573e+00) (16, -1.45117410425121762252e+00) 
