FANN_FLO_2.1
num_layers=3
learning_rate=0.700000
connection_rate=1.000000
network_type=0
learning_momentum=0.000000
training_algorithm=2
train_error_function=1
train_stop_function=1
cascade_output_change_fraction=0.010000
quickprop_decay=-0.000100
quickprop_mu=1.750000
rprop_increase_factor=1.200000
rprop_decrease_factor=0.500000
rprop_delta_min=0.000000
rprop_delta_max=50.000000
rprop_delta_zero=0.100000
cascade_output_stagnation_epochs=12
cascade_candidate_change_fraction=0.010000
cascade_candidate_stagnation_epochs=12
cascade_max_out_epochs=150
cascade_min_out_epochs=50
cascade_max_cand_epochs=150
cascade_min_cand_epochs=50
cascade_num_candidate_groups=2
bit_fail_limit=1.00000000000000005551e-01
cascade_candidate_limit=1.00000000000000000000e+03
cascade_weight_multiplier=4.00000000000000022204e-01
cascade_activation_functions_count=10
cascade_activation_functions=3 5 7 8 10 11 14 15 16 17 
cascade_activation_steepnesses_count=4
cascade_activation_steepnesses=2.50000000000000000000e-01 5.00000000000000000000e-01 7.50000000000000000000e-01 1.00000000000000000000e+00 
layer_sizes=18 4 2 
scale_included=0
neurons (num_inputs, activation_function, activation_steepness)=(0, 0, 0.00000000000000000000e+00) (0, 0, 0.00000000000000000000e+00) (0, 0, 0.00000000000000000000e+00) (0, 0, 0.00000000000000000000e+00) (0, 0, 0.00000000000000000000e+00) (0, 0, 0.00000000000000000000e+00) (0, 0, 0.00000000000000000000e+00) (0, 0, 0.00000000000000000000e+00) (0, 0, 0.00000000000000000000e+00) (0, 0, 0.00000000000000000000e+00) (0, 0, 0.00000000000000000000e+00) (0, 0, 0.00000000000000000000e+00) (0, 0, 0.00000000000000000000e+00) (0, 0, 0.00000000000000000000e+00) (0, 0, 0.00000000000000000000e+00) (0, 0, 0.00000000000000000000e+00) (0, 0, 0.00000000000000000000e+00) (0, 0, 0.00000000000000000000e+00) (18, 6, 5.00000000000000000000e-01) (18, 6, 5.00000000000000000000e-01) (18, 6, 5.00000000000000000000e-01) (0, 6, 0.00000000000000000000e+00) (4, 4, 5.00000000000000000000e-01) (0, 4, 0.00000000000000000000e+00) 
connections (connected_to_neuron, weight)=(0, -1.32633919129273536441e+00) (1, 1.38679530674899509357e+00) (2, 1.47440269106010402034e+00) (3, 8.53663299426037136541e-01) (4, 1.35583207444528119900e-01) (5, 5.98926583792689259944e-01) (6, -4.95413477519070555299e-01) (7, -2.12118618534548319943e+00) (8, 1.32900729051154287141e+00) (9, 9.73489068095162002336e-01) (10, 3.61343400889865884462e-01) (11, 1.30546691454192909099e+00) (12, -5.21544637677864741931e-01) (13, 1.11513847072508798242e+00) (14, -1.70000710685681744039e+00) (15, -1.06861857054660669419e+00) (16, 4.17814610914125250662e-01) (17, -1.28201906119667019546e+00) (0, -1.25563405314585851968e+00) (1, 1.74031053188213480354e+00) (2, 1.46841617935279811213e+00) (3, 8.06003932103115383612e-01) (4, -3.20314082728842430825e-01) (5, 6.62504074431918610344e-01) (6, -6.60774680772339695345e-01) (7, -3.49947947857449426223e+00) (8, 1.74680361904174463739e+00) (9, 9.59230810050442306292e-01) (10, 2.21659240253424955069e-01) (11, 1.54348523950394445059e+00) (12, -8.59780032466046506556e-01) (13, 6.65471578865135082737e-01) (14, -2.10829096671834470555e+00) (15, -1.67063975536169695424e+00) (16, 2.99735765677464405243e-01) (17, -1.35225452964387860000e+00) (0, 2.22110021796821532902e+00) (1, -1.03871570464525309063e+00) (2, -6.37126229052307424539e-01) (3, -9.32458325010544486489e-01) (4, 5.89733967312559892449e-01) (5, 1.79704187564392353638e-01) (6, 5.72072842266838854641e-01) (7, 4.61129956633685811340e+00) (8, -7.15349832672907637310e-01) (9, -8.93062329122414344518e-01) (10, 1.15865603510538262011e-01) (11, -2.67086495337039142584e+00) (12, 1.07604444799999643401e+00) (13, -1.66854268207308836791e-01) (14, 6.66015978197711744357e-01) (15, 1.96116233510861759370e+00) (16, -1.43599163586509870338e-01) (17, 2.03097876875798943885e+00) (18, 1.17130208754823676998e+01) (19, 7.25954606140759839406e+00) (20, -2.46065442005142420712e+00) (21, -1.35740665083013500869e+00) 
