FANN_FLO_2.1
num_layers=3
learning_rate=0.700000
connection_rate=1.000000
network_type=0
learning_momentum=0.000000
training_algorithm=2
train_error_function=1
train_stop_function=1
cascade_output_change_fraction=0.010000
quickprop_decay=-0.000100
quickprop_mu=1.750000
rprop_increase_factor=1.200000
rprop_decrease_factor=0.500000
rprop_delta_min=0.000000
rprop_delta_max=50.000000
rprop_delta_zero=0.100000
cascade_output_stagnation_epochs=12
cascade_candidate_change_fraction=0.010000
cascade_candidate_stagnation_epochs=12
cascade_max_out_epochs=150
cascade_min_out_epochs=50
cascade_max_cand_epochs=150
cascade_min_cand_epochs=50
cascade_num_candidate_groups=2
bit_fail_limit=1.00000000000000005551e-01
cascade_candidate_limit=1.00000000000000000000e+03
cascade_weight_multiplier=4.00000000000000022204e-01
cascade_activation_functions_count=10
cascade_activation_functions=3 5 7 8 10 11 14 15 16 17 
cascade_activation_steepnesses_count=4
cascade_activation_steepnesses=2.50000000000000000000e-01 5.00000000000000000000e-01 7.50000000000000000000e-01 1.00000000000000000000e+00 
layer_sizes=17 4 2 
scale_included=0
neurons (num_inputs, activation_function, activation_steepness)=(0, 0, 0.00000000000000000000e+00) (0, 0, 0.00000000000000000000e+00) (0, 0, 0.00000000000000000000e+00) (0, 0, 0.00000000000000000000e+00) (0, 0, 0.00000000000000000000e+00) (0, 0, 0.00000000000000000000e+00) (0, 0, 0.00000000000000000000e+00) (0, 0, 0.00000000000000000000e+00) (0, 0, 0.00000000000000000000e+00) (0, 0, 0.00000000000000000000e+00) (0, 0, 0.00000000000000000000e+00) (0, 0, 0.00000000000000000000e+00) (0, 0, 0.00000000000000000000e+00) (0, 0, 0.00000000000000000000e+00) (0, 0, 0.00000000000000000000e+00) (0, 0, 0.00000000000000000000e+00) (0, 0, 0.00000000000000000000e+00) (17, 6, 5.00000000000000000000e-01) (17, 6, 5.00000000000000000000e-01) (17, 6, 5.00000000000000000000e-01) (0, 6, 0.00000000000000000000e+00) (4, 4, 5.00000000000000000000e-01) (0, 4, 0.00000000000000000000e+00) 
connections (connected_to_neuron, weight)=(0, 3.27280590682678385051e+00) (1, -2.71165308109881806331e+01) (2, -8.87162721120947073139e-01) (3, 5.96620053559684215827e+00) (4, -6.31838596551060338591e-01) (5, 5.20402347243239482566e+00) (6, 3.39819008643959108440e+00) (7, 9.24102417980298085354e+00) (8, 2.45670452263880623178e+00) (9, 1.57480374458626304346e+00) (10, -2.05119766943252512803e+00) (11, -4.94790174880362199072e-01) (12, 1.35662460242349891537e+00) (13, 2.24557348500994714835e-02) (14, -1.03649917284915504823e+00) (15, -1.11270257432994390534e+00) (16, 1.67879168867556161082e+00) (0, -1.37789814696957968465e+00) (1, 2.45457333035482719197e+02) (2, 5.56773282201926900115e-01) (3, -3.85730493265964979877e-01) (4, -1.58910199518307510003e-01) (5, 2.20239492989064622464e+00) (6, -2.83670654859563997618e+00) (7, -7.94242407373158165740e+00) (8, -5.43901792778658577099e-01) (9, 1.99249333154146335279e-01) (10, 1.78943937235440597711e+00) (11, 8.50472299946491316902e-01) (12, -7.28110360448151139323e-01) (13, 5.66015942405262428849e-01) (14, 2.36362369046076636891e+00) (15, 2.33825075494224998707e+00) (16, -1.55951054917027853719e+00) (0, -3.07642664015111666487e+00) (1, 4.26922774635483150973e+01) (2, 2.11354174834334465061e+01) (3, 2.63273038681902438185e-01) (4, -1.72749794110117621537e-02) (5, 7.74362858128814002256e-01) (6, -3.00544457418267463300e-01) (7, -1.38009267407678448691e+00) (8, -5.44799432738473157767e-03) (9, 1.27916445001524936576e-01) (10, -2.90346280776610232710e-01) (11, 4.13081040566896540156e+00) (12, -3.99762550094932944678e-01) (13, 2.69422488703146312261e+00) (14, -9.38522383917492430960e-01) (15, -2.12443540712090067624e-01) (16, -3.13900458812532168196e+00) (17, -3.69667251668674534670e+00) (18, 7.36807823018410790183e+00) (19, 2.61246842161575587582e+00) (20, -1.12691631491590649183e+00) 
