FANN_FLO_2.1
num_layers=3
learning_rate=0.700000
connection_rate=1.000000
network_type=0
learning_momentum=0.000000
training_algorithm=2
train_error_function=1
train_stop_function=1
cascade_output_change_fraction=0.010000
quickprop_decay=-0.000100
quickprop_mu=1.750000
rprop_increase_factor=1.200000
rprop_decrease_factor=0.500000
rprop_delta_min=0.000000
rprop_delta_max=50.000000
rprop_delta_zero=0.100000
cascade_output_stagnation_epochs=12
cascade_candidate_change_fraction=0.010000
cascade_candidate_stagnation_epochs=12
cascade_max_out_epochs=150
cascade_min_out_epochs=50
cascade_max_cand_epochs=150
cascade_min_cand_epochs=50
cascade_num_candidate_groups=2
bit_fail_limit=1.00000000000000005551e-01
cascade_candidate_limit=1.00000000000000000000e+03
cascade_weight_multiplier=4.00000000000000022204e-01
cascade_activation_functions_count=10
cascade_activation_functions=3 5 7 8 10 11 14 15 16 17 
cascade_activation_steepnesses_count=4
cascade_activation_steepnesses=2.50000000000000000000e-01 5.00000000000000000000e-01 7.50000000000000000000e-01 1.00000000000000000000e+00 
layer_sizes=17 4 2 
scale_included=0
neurons (num_inputs, activation_function, activation_steepness)=(0, 0, 0.00000000000000000000e+00) (0, 0, 0.00000000000000000000e+00) (0, 0, 0.00000000000000000000e+00) (0, 0, 0.00000000000000000000e+00) (0, 0, 0.00000000000000000000e+00) (0, 0, 0.00000000000000000000e+00) (0, 0, 0.00000000000000000000e+00) (0, 0, 0.00000000000000000000e+00) (0, 0, 0.00000000000000000000e+00) (0, 0, 0.00000000000000000000e+00) (0, 0, 0.00000000000000000000e+00) (0, 0, 0.00000000000000000000e+00) (0, 0, 0.00000000000000000000e+00) (0, 0, 0.00000000000000000000e+00) (0, 0, 0.00000000000000000000e+00) (0, 0, 0.00000000000000000000e+00) (0, 0, 0.00000000000000000000e+00) (17, 6, 5.00000000000000000000e-01) (17, 6, 5.00000000000000000000e-01) (17, 6, 5.00000000000000000000e-01) (0, 6, 0.00000000000000000000e+00) (4, 4, 5.00000000000000000000e-01) (0, 4, 0.00000000000000000000e+00) 
connections (connected_to_neuron, weight)=(0, 3.80634607107561917516e-01) (1, -7.79744782506996525484e-01) (2, 1.09674761004924958829e-01) (3, -7.25862293024185506463e-02) (4, -4.41198141331358151263e-01) (5, -3.16833882361382435100e-01) (6, -3.35994075194911090421e+00) (7, -2.56236018175342084024e-01) (8, 4.37648332127783035173e-01) (9, -1.28934276394094077256e-01) (10, 2.64720892061034232534e-02) (11, 1.16934837796008467281e-01) (12, -2.47093200627944376002e-01) (13, 5.72686318427596888214e-02) (14, 1.08758159851801802787e-01) (15, -1.09748721979031640950e-01) (16, 5.57756353714650293663e-02) (0, 5.01863303572532881702e+00) (1, -2.73999773432057791567e+00) (2, -1.20987880046224893782e+00) (3, -3.19839874443186200637e+00) (4, -1.03137726853229616530e+00) (5, -2.60124303744155049856e+00) (6, -1.30431371912106941480e+00) (7, -5.66003890927907438169e+00) (8, 5.57540411692694348744e+00) (9, -7.62021523781828302724e-01) (10, 1.11418486532738048034e+00) (11, 1.65134846944183144579e+00) (12, -2.95867142051455278562e+00) (13, -3.16064623416442946890e+00) (14, 2.70973848611554157806e-01) (15, -2.06807602573367665943e-01) (16, 2.76899644807694800264e+00) (0, 6.09898653183741923378e-01) (1, -1.03510695843267372385e-02) (2, -5.86180456293671103829e-01) (3, -1.45326069834977933404e+00) (4, -4.00519662548538879498e-01) (5, 5.00190974560271589544e-02) (6, -2.36095885131399585433e+00) (7, -1.80078761974213747976e+01) (8, -3.50923263817138286758e-01) (9, 4.69094285370281888214e-02) (10, 6.22634480638631707117e-04) (11, 4.79546985294107441788e-01) (12, -6.44929992641506855122e-01) (13, -6.20343554120982743072e-01) (14, 3.64470799948982793204e-01) (15, 3.61351181408085669888e-02) (16, 4.30092519905840298122e-01) (17, -3.00180332442737674015e-01) (18, -1.54500011569665200994e+01) (19, -4.14887156294124181954e+00) (20, -1.53490387320767074364e+00) 
