FANN_FLO_2.1
num_layers=3
learning_rate=0.700000
connection_rate=1.000000
network_type=0
learning_momentum=0.000000
training_algorithm=2
train_error_function=1
train_stop_function=1
cascade_output_change_fraction=0.010000
quickprop_decay=-0.000100
quickprop_mu=1.750000
rprop_increase_factor=1.200000
rprop_decrease_factor=0.500000
rprop_delta_min=0.000000
rprop_delta_max=50.000000
rprop_delta_zero=0.100000
cascade_output_stagnation_epochs=12
cascade_candidate_change_fraction=0.010000
cascade_candidate_stagnation_epochs=12
cascade_max_out_epochs=150
cascade_min_out_epochs=50
cascade_max_cand_epochs=150
cascade_min_cand_epochs=50
cascade_num_candidate_groups=2
bit_fail_limit=1.00000000000000005551e-01
cascade_candidate_limit=1.00000000000000000000e+03
cascade_weight_multiplier=4.00000000000000022204e-01
cascade_activation_functions_count=10
cascade_activation_functions=3 5 7 8 10 11 14 15 16 17 
cascade_activation_steepnesses_count=4
cascade_activation_steepnesses=2.50000000000000000000e-01 5.00000000000000000000e-01 7.50000000000000000000e-01 1.00000000000000000000e+00 
layer_sizes=11 4 2 
scale_included=0
neurons (num_inputs, activation_function, activation_steepness)=(0, 0, 0.00000000000000000000e+00) (0, 0, 0.00000000000000000000e+00) (0, 0, 0.00000000000000000000e+00) (0, 0, 0.00000000000000000000e+00) (0, 0, 0.00000000000000000000e+00) (0, 0, 0.00000000000000000000e+00) (0, 0, 0.00000000000000000000e+00) (0, 0, 0.00000000000000000000e+00) (0, 0, 0.00000000000000000000e+00) (0, 0, 0.00000000000000000000e+00) (0, 0, 0.00000000000000000000e+00) (11, 6, 5.00000000000000000000e-01) (11, 6, 5.00000000000000000000e-01) (11, 6, 5.00000000000000000000e-01) (0, 6, 0.00000000000000000000e+00) (4, 4, 5.00000000000000000000e-01) (0, 4, 0.00000000000000000000e+00) 
connections (connected_to_neuron, weight)=(0, 1.88288160096244681085e+01) (1, 5.08656811160514532588e-01) (2, -3.71607593215999498781e+00) (3, -3.70922329240015757890e+00) (4, -1.04615057793899595140e+01) (5, -2.74874260249402802003e+01) (6, 5.98784153753659396102e+01) (7, -1.01934232912487976463e+00) (8, 2.85421541833135705701e+00) (9, 6.97020910580478947338e+00) (10, 5.51155912165040673401e-01) (0, -2.54630608362704347059e+00) (1, -1.06974475265143823322e+02) (2, 1.59225074952221632429e+01) (3, 1.60383099511812048377e+01) (4, 1.48079780883216045595e+01) (5, -7.61114917446889305275e-01) (6, 1.21381210068460756446e+01) (7, -9.32153666273804759612e+00) (8, -3.47918164480519287451e+00) (9, 1.52021709895110368471e+00) (10, -1.75525438723566518107e+00) (0, 2.83404286468165711455e+00) (1, -8.57678370090867669973e-01) (2, 1.13485910531512954047e-01) (3, 1.14236892653037519496e-01) (4, -4.65133553002726574110e-01) (5, -1.67416509595784535058e+00) (6, -4.96475001533114690400e-01) (7, 6.83726119805484700009e+00) (8, 9.47327818976297586495e-01) (9, 1.73567750948998372751e-01) (10, 1.09211605742215805970e-01) (11, 2.51960915673040837248e+01) (12, 1.90948346419736019186e+01) (13, -7.80346351718575448331e+01) (14, -1.62931346457324366384e+00) 
