FANN_FLO_2.1
num_layers=3
learning_rate=0.700000
connection_rate=1.000000
network_type=0
learning_momentum=0.000000
training_algorithm=2
train_error_function=1
train_stop_function=1
cascade_output_change_fraction=0.010000
quickprop_decay=-0.000100
quickprop_mu=1.750000
rprop_increase_factor=1.200000
rprop_decrease_factor=0.500000
rprop_delta_min=0.000000
rprop_delta_max=50.000000
rprop_delta_zero=0.100000
cascade_output_stagnation_epochs=12
cascade_candidate_change_fraction=0.010000
cascade_candidate_stagnation_epochs=12
cascade_max_out_epochs=150
cascade_min_out_epochs=50
cascade_max_cand_epochs=150
cascade_min_cand_epochs=50
cascade_num_candidate_groups=2
bit_fail_limit=1.00000000000000005551e-01
cascade_candidate_limit=1.00000000000000000000e+03
cascade_weight_multiplier=4.00000000000000022204e-01
cascade_activation_functions_count=10
cascade_activation_functions=3 5 7 8 10 11 14 15 16 17 
cascade_activation_steepnesses_count=4
cascade_activation_steepnesses=2.50000000000000000000e-01 5.00000000000000000000e-01 7.50000000000000000000e-01 1.00000000000000000000e+00 
layer_sizes=14 4 2 
scale_included=0
neurons (num_inputs, activation_function, activation_steepness)=(0, 0, 0.00000000000000000000e+00) (0, 0, 0.00000000000000000000e+00) (0, 0, 0.00000000000000000000e+00) (0, 0, 0.00000000000000000000e+00) (0, 0, 0.00000000000000000000e+00) (0, 0, 0.00000000000000000000e+00) (0, 0, 0.00000000000000000000e+00) (0, 0, 0.00000000000000000000e+00) (0, 0, 0.00000000000000000000e+00) (0, 0, 0.00000000000000000000e+00) (0, 0, 0.00000000000000000000e+00) (0, 0, 0.00000000000000000000e+00) (0, 0, 0.00000000000000000000e+00) (0, 0, 0.00000000000000000000e+00) (14, 6, 5.00000000000000000000e-01) (14, 6, 5.00000000000000000000e-01) (14, 6, 5.00000000000000000000e-01) (0, 6, 0.00000000000000000000e+00) (4, 4, 5.00000000000000000000e-01) (0, 4, 0.00000000000000000000e+00) 
connections (connected_to_neuron, weight)=(0, -2.30596222542303025405e-01) (1, 1.71631245060179438156e+00) (2, 2.94389285944277045992e-01) (3, -1.48254417244566893963e-01) (4, -4.92420778600662148450e-02) (5, -1.55381285015715575604e-01) (6, -3.96360758582486802371e-02) (7, 1.93080254696184394625e-01) (8, -1.72914897073822154683e-01) (9, 6.82806932531456259317e-03) (10, -3.67007241575210488294e-02) (11, -1.84743952564971919417e-01) (12, 3.59877472278214316503e-01) (13, -2.80462339501048180113e-02) (0, -2.94370977487315110821e+00) (1, 8.11837424222138359653e+00) (2, -9.96761171051646632790e-02) (3, -5.08049809154322629112e-01) (4, -1.84763795660774970964e-01) (5, -1.87055565585179639498e+00) (6, -1.48801793240359669923e+00) (7, 1.75888514570207099563e-01) (8, -1.61303103983408990807e+00) (9, 3.24298982517754241783e-01) (10, -1.54438513295691276506e-01) (11, -2.01427681451813445079e+00) (12, -1.76018021034043098405e-01) (13, -2.92658807244051866192e+00) (0, 2.05972777634157866444e+00) (1, 9.12434545949994291192e-01) (2, -1.46019752244534100072e+01) (3, 4.91258923759397336806e-01) (4, 2.25320044509087658025e-01) (5, 1.13881626659797086099e+00) (6, 1.47943541717922322221e+00) (7, -1.50219477860396573021e+01) (8, 1.58562053351607823437e+00) (9, 1.02901796800299494272e+00) (10, 5.28520884581057615037e-01) (11, 1.30084245863056358061e+00) (12, -2.56703759579606338725e-01) (13, 2.04877191736592978444e+00) (14, 8.20229059204927057891e-01) (15, 3.01686149440930773125e+00) (16, -4.15929912083121600119e+00) (17, -3.92462568490258112419e+00) 
