FANN_FLO_2.1
num_layers=3
learning_rate=0.700000
connection_rate=1.000000
network_type=0
learning_momentum=0.000000
training_algorithm=2
train_error_function=1
train_stop_function=1
cascade_output_change_fraction=0.010000
quickprop_decay=-0.000100
quickprop_mu=1.750000
rprop_increase_factor=1.200000
rprop_decrease_factor=0.500000
rprop_delta_min=0.000000
rprop_delta_max=50.000000
rprop_delta_zero=0.100000
cascade_output_stagnation_epochs=12
cascade_candidate_change_fraction=0.010000
cascade_candidate_stagnation_epochs=12
cascade_max_out_epochs=150
cascade_min_out_epochs=50
cascade_max_cand_epochs=150
cascade_min_cand_epochs=50
cascade_num_candidate_groups=2
bit_fail_limit=1.00000000000000005551e-01
cascade_candidate_limit=1.00000000000000000000e+03
cascade_weight_multiplier=4.00000000000000022204e-01
cascade_activation_functions_count=10
cascade_activation_functions=3 5 7 8 10 11 14 15 16 17 
cascade_activation_steepnesses_count=4
cascade_activation_steepnesses=2.50000000000000000000e-01 5.00000000000000000000e-01 7.50000000000000000000e-01 1.00000000000000000000e+00 
layer_sizes=12 4 2 
scale_included=0
neurons (num_inputs, activation_function, activation_steepness)=(0, 0, 0.00000000000000000000e+00) (0, 0, 0.00000000000000000000e+00) (0, 0, 0.00000000000000000000e+00) (0, 0, 0.00000000000000000000e+00) (0, 0, 0.00000000000000000000e+00) (0, 0, 0.00000000000000000000e+00) (0, 0, 0.00000000000000000000e+00) (0, 0, 0.00000000000000000000e+00) (0, 0, 0.00000000000000000000e+00) (0, 0, 0.00000000000000000000e+00) (0, 0, 0.00000000000000000000e+00) (0, 0, 0.00000000000000000000e+00) (12, 6, 5.00000000000000000000e-01) (12, 6, 5.00000000000000000000e-01) (12, 6, 5.00000000000000000000e-01) (0, 6, 0.00000000000000000000e+00) (4, 4, 5.00000000000000000000e-01) (0, 4, 0.00000000000000000000e+00) 
connections (connected_to_neuron, weight)=(0, -1.98121362554247526511e+00) (1, 1.93395183092911748801e+00) (2, 4.16321195271926747239e+00) (3, -1.44475259483813389672e+00) (4, -1.19831430794065640910e+00) (5, -5.58654626548049870749e-01) (6, 2.27269479032077148517e+00) (7, -1.31550772980706076609e+00) (8, 3.89284564841179459016e-01) (9, 2.70197277557614112808e+00) (10, -2.67484454481107913892e-01) (11, -2.07904508339579230380e+00) (0, 7.82624945922843462398e+00) (1, 2.08402619205981043393e+00) (2, 2.30196612392370036915e+00) (3, 3.28060894579626438627e+00) (4, 2.71264808797947409857e+00) (5, 4.29383922707784382311e+00) (6, 7.65258770690949230442e+00) (7, 3.32569473173843643821e+00) (8, 3.58867862160587058895e+00) (9, 1.08085400180817092775e+00) (10, 3.67284415051371624372e+01) (11, 8.55254010323585767139e+00) (0, 3.32465614492882477471e-01) (1, -1.18246945031394035119e+00) (2, 6.89448208554947039595e-01) (3, 2.05565227381586862476e-01) (4, -3.36119074676413776004e-01) (5, -1.89347474257096692885e-01) (6, -3.56421845390962943600e-01) (7, 1.58884931616656593922e-01) (8, 5.55806551300464746213e-01) (9, -3.80794555199602535733e-01) (10, 2.48598687134251106201e+00) (11, 3.29982034452305117433e-01) (12, 1.67673014045028558883e+01) (13, -1.63983170111749099185e+00) (14, -5.98736214207644934504e+00) (15, -1.69467321206901000430e+00) 
