FANN_FLO_2.1
num_layers=3
learning_rate=0.700000
connection_rate=1.000000
network_type=0
learning_momentum=0.000000
training_algorithm=2
train_error_function=1
train_stop_function=1
cascade_output_change_fraction=0.010000
quickprop_decay=-0.000100
quickprop_mu=1.750000
rprop_increase_factor=1.200000
rprop_decrease_factor=0.500000
rprop_delta_min=0.000000
rprop_delta_max=50.000000
rprop_delta_zero=0.100000
cascade_output_stagnation_epochs=12
cascade_candidate_change_fraction=0.010000
cascade_candidate_stagnation_epochs=12
cascade_max_out_epochs=150
cascade_min_out_epochs=50
cascade_max_cand_epochs=150
cascade_min_cand_epochs=50
cascade_num_candidate_groups=2
bit_fail_limit=1.00000000000000005551e-01
cascade_candidate_limit=1.00000000000000000000e+03
cascade_weight_multiplier=4.00000000000000022204e-01
cascade_activation_functions_count=10
cascade_activation_functions=3 5 7 8 10 11 14 15 16 17 
cascade_activation_steepnesses_count=4
cascade_activation_steepnesses=2.50000000000000000000e-01 5.00000000000000000000e-01 7.50000000000000000000e-01 1.00000000000000000000e+00 
layer_sizes=6 4 2 
scale_included=0
neurons (num_inputs, activation_function, activation_steepness)=(0, 0, 0.00000000000000000000e+00) (0, 0, 0.00000000000000000000e+00) (0, 0, 0.00000000000000000000e+00) (0, 0, 0.00000000000000000000e+00) (0, 0, 0.00000000000000000000e+00) (0, 0, 0.00000000000000000000e+00) (6, 6, 5.00000000000000000000e-01) (6, 6, 5.00000000000000000000e-01) (6, 6, 5.00000000000000000000e-01) (0, 6, 0.00000000000000000000e+00) (4, 4, 5.00000000000000000000e-01) (0, 4, 0.00000000000000000000e+00) 
connections (connected_to_neuron, weight)=(0, 4.50323252015518971092e+00) (1, -3.11244396616768881358e+00) (2, -2.40131833155384111222e+00) (3, -2.33695827175607728776e+00) (4, -4.29629045646335683273e+00) (5, 4.58882527806567974693e+00) (0, 4.84676759555692088233e-02) (1, 5.99145637026477717590e-01) (2, 1.32795095648936434252e+00) (3, 1.64604692443694067272e+00) (4, 7.57035100061224208723e-01) (5, 4.67389177396649729834e-02) (0, 9.04685147717347454277e-02) (1, 6.39762374034572256498e-01) (2, 1.44332477774790857161e+00) (3, 1.61218936025585057870e+00) (4, 7.41985338229463331494e-01) (5, 3.19978930666795502447e-02) (6, -1.32076231346902126518e+01) (7, 2.56711284990841392961e-01) (8, 6.69920165162731895414e-01) (9, -1.94615656187550301048e+00) 
