FANN_FLO_2.1
num_layers=3
learning_rate=0.700000
connection_rate=1.000000
network_type=0
learning_momentum=0.000000
training_algorithm=2
train_error_function=1
train_stop_function=1
cascade_output_change_fraction=0.010000
quickprop_decay=-0.000100
quickprop_mu=1.750000
rprop_increase_factor=1.200000
rprop_decrease_factor=0.500000
rprop_delta_min=0.000000
rprop_delta_max=50.000000
rprop_delta_zero=0.100000
cascade_output_stagnation_epochs=12
cascade_candidate_change_fraction=0.010000
cascade_candidate_stagnation_epochs=12
cascade_max_out_epochs=150
cascade_min_out_epochs=50
cascade_max_cand_epochs=150
cascade_min_cand_epochs=50
cascade_num_candidate_groups=2
bit_fail_limit=1.00000000000000005551e-01
cascade_candidate_limit=1.00000000000000000000e+03
cascade_weight_multiplier=4.00000000000000022204e-01
cascade_activation_functions_count=10
cascade_activation_functions=3 5 7 8 10 11 14 15 16 17 
cascade_activation_steepnesses_count=4
cascade_activation_steepnesses=2.50000000000000000000e-01 5.00000000000000000000e-01 7.50000000000000000000e-01 1.00000000000000000000e+00 
layer_sizes=12 4 2 
scale_included=0
neurons (num_inputs, activation_function, activation_steepness)=(0, 0, 0.00000000000000000000e+00) (0, 0, 0.00000000000000000000e+00) (0, 0, 0.00000000000000000000e+00) (0, 0, 0.00000000000000000000e+00) (0, 0, 0.00000000000000000000e+00) (0, 0, 0.00000000000000000000e+00) (0, 0, 0.00000000000000000000e+00) (0, 0, 0.00000000000000000000e+00) (0, 0, 0.00000000000000000000e+00) (0, 0, 0.00000000000000000000e+00) (0, 0, 0.00000000000000000000e+00) (0, 0, 0.00000000000000000000e+00) (12, 6, 5.00000000000000000000e-01) (12, 6, 5.00000000000000000000e-01) (12, 6, 5.00000000000000000000e-01) (0, 6, 0.00000000000000000000e+00) (4, 4, 5.00000000000000000000e-01) (0, 4, 0.00000000000000000000e+00) 
connections (connected_to_neuron, weight)=(0, -1.34799813948363378380e-01) (1, 5.08360010036835396896e-01) (2, 1.46314569296047747304e-01) (3, 6.81303530552529457154e-02) (4, 2.40095647948083378009e-02) (5, -3.65381148678961542586e-02) (6, 1.00180581915906910528e-01) (7, 7.30842616539509326579e-02) (8, -5.93367871863547113875e-02) (9, -9.94905141217413691024e-02) (10, 4.20208814518746864852e-02) (11, -2.89969128591719312038e-02) (0, -1.16416680434299557589e+00) (1, 3.09876012143974355340e+00) (2, -4.88937602218656952591e-01) (3, -6.77203879458570523475e-01) (4, -8.54875341756010098671e-01) (5, -1.20648823299957363986e+00) (6, -3.02989427006639777673e-01) (7, -2.17874493456281959070e-01) (8, -1.12398759642196766073e+00) (9, -1.29374534258199780368e+00) (10, -1.15582275012088864230e+00) (11, -1.29114506015134899997e+00) (0, 2.93638655915150093012e-01) (1, -2.40195069955409290507e-01) (2, -2.83261761687579986801e-02) (3, 1.85174917072806061169e-01) (4, 2.84657979383358517023e-01) (5, 2.04153714700827076944e-01) (6, 9.03735058524020480608e-03) (7, 2.15719937279950035869e-01) (8, 1.73080182567368401347e-01) (9, 1.68227242305168556147e-01) (10, 2.50792199745068000727e-01) (11, 2.26413438095936225825e-01) (12, 1.82007491096567247668e-01) (13, 1.86531752498927083650e+01) (14, -8.14153063772263596576e-01) (15, -1.28368690976453869723e+00) 
