FANN_FLO_2.1
num_layers=3
learning_rate=0.700000
connection_rate=1.000000
network_type=0
learning_momentum=0.000000
training_algorithm=2
train_error_function=1
train_stop_function=1
cascade_output_change_fraction=0.010000
quickprop_decay=-0.000100
quickprop_mu=1.750000
rprop_increase_factor=1.200000
rprop_decrease_factor=0.500000
rprop_delta_min=0.000000
rprop_delta_max=50.000000
rprop_delta_zero=0.100000
cascade_output_stagnation_epochs=12
cascade_candidate_change_fraction=0.010000
cascade_candidate_stagnation_epochs=12
cascade_max_out_epochs=150
cascade_min_out_epochs=50
cascade_max_cand_epochs=150
cascade_min_cand_epochs=50
cascade_num_candidate_groups=2
bit_fail_limit=1.00000000000000005551e-01
cascade_candidate_limit=1.00000000000000000000e+03
cascade_weight_multiplier=4.00000000000000022204e-01
cascade_activation_functions_count=10
cascade_activation_functions=3 5 7 8 10 11 14 15 16 17 
cascade_activation_steepnesses_count=4
cascade_activation_steepnesses=2.50000000000000000000e-01 5.00000000000000000000e-01 7.50000000000000000000e-01 1.00000000000000000000e+00 
layer_sizes=7 4 2 
scale_included=0
neurons (num_inputs, activation_function, activation_steepness)=(0, 0, 0.00000000000000000000e+00) (0, 0, 0.00000000000000000000e+00) (0, 0, 0.00000000000000000000e+00) (0, 0, 0.00000000000000000000e+00) (0, 0, 0.00000000000000000000e+00) (0, 0, 0.00000000000000000000e+00) (0, 0, 0.00000000000000000000e+00) (7, 6, 5.00000000000000000000e-01) (7, 6, 5.00000000000000000000e-01) (7, 6, 5.00000000000000000000e-01) (0, 6, 0.00000000000000000000e+00) (4, 4, 5.00000000000000000000e-01) (0, 4, 0.00000000000000000000e+00) 
connections (connected_to_neuron, weight)=(0, 2.95528615020199181274e+00) (1, -3.43763981335575952158e+00) (2, 8.43898119075474295592e-01) (3, 2.46347775986122652370e+00) (4, -3.34855286524906459178e+00) (5, -3.45790190749237558165e-01) (6, 2.04456446365192912040e+00) (0, -4.89801473581156887604e-01) (1, 7.82831789219478824116e-01) (2, -4.19739051165415599787e-02) (3, -7.36268508206315952513e-01) (4, 3.75181080049008630617e-01) (5, 4.27694302273280690940e+00) (6, -2.54271942239655268647e-01) (0, -5.73202016705508410332e-01) (1, 1.14747370003675541739e+00) (2, 1.98947774815308925378e-01) (3, -2.94624843599749719480e-01) (4, 1.08231764309921318912e-01) (5, 8.90178151483727031490e-01) (6, -3.69027375523868217400e-02) (7, -2.06940944845865892887e+01) (8, 4.86959342364146330340e+00) (9, 2.06125979758531974184e+00) (10, -1.68803732114880800097e+00) 
