FANN_FLO_2.1
num_layers=3
learning_rate=0.700000
connection_rate=1.000000
network_type=0
learning_momentum=0.000000
training_algorithm=2
train_error_function=1
train_stop_function=1
cascade_output_change_fraction=0.010000
quickprop_decay=-0.000100
quickprop_mu=1.750000
rprop_increase_factor=1.200000
rprop_decrease_factor=0.500000
rprop_delta_min=0.000000
rprop_delta_max=50.000000
rprop_delta_zero=0.100000
cascade_output_stagnation_epochs=12
cascade_candidate_change_fraction=0.010000
cascade_candidate_stagnation_epochs=12
cascade_max_out_epochs=150
cascade_min_out_epochs=50
cascade_max_cand_epochs=150
cascade_min_cand_epochs=50
cascade_num_candidate_groups=2
bit_fail_limit=1.00000000000000005551e-01
cascade_candidate_limit=1.00000000000000000000e+03
cascade_weight_multiplier=4.00000000000000022204e-01
cascade_activation_functions_count=10
cascade_activation_functions=3 5 7 8 10 11 14 15 16 17 
cascade_activation_steepnesses_count=4
cascade_activation_steepnesses=2.50000000000000000000e-01 5.00000000000000000000e-01 7.50000000000000000000e-01 1.00000000000000000000e+00 
layer_sizes=12 4 2 
scale_included=0
neurons (num_inputs, activation_function, activation_steepness)=(0, 0, 0.00000000000000000000e+00) (0, 0, 0.00000000000000000000e+00) (0, 0, 0.00000000000000000000e+00) (0, 0, 0.00000000000000000000e+00) (0, 0, 0.00000000000000000000e+00) (0, 0, 0.00000000000000000000e+00) (0, 0, 0.00000000000000000000e+00) (0, 0, 0.00000000000000000000e+00) (0, 0, 0.00000000000000000000e+00) (0, 0, 0.00000000000000000000e+00) (0, 0, 0.00000000000000000000e+00) (0, 0, 0.00000000000000000000e+00) (12, 6, 5.00000000000000000000e-01) (12, 6, 5.00000000000000000000e-01) (12, 6, 5.00000000000000000000e-01) (0, 6, 0.00000000000000000000e+00) (4, 4, 5.00000000000000000000e-01) (0, 4, 0.00000000000000000000e+00) 
connections (connected_to_neuron, weight)=(0, 9.11281960126979373449e-01) (1, -1.75012422030671377371e+00) (2, -2.50895640948460396658e-01) (3, -1.05535135658410272885e-02) (4, 2.48784787774457422094e-01) (5, 1.74727544010056856649e-01) (6, 1.37053929090871245977e-01) (7, 1.22348919332398789472e-01) (8, -9.72475574872142645155e-01) (9, 3.26811739468996886870e-01) (10, 4.91157575321604422669e-01) (11, 7.32453791461001757490e-01) (0, 3.58723073080894172548e+00) (1, -2.81361880386659501951e+00) (2, -2.08725919321872899204e+00) (3, -5.91317016649231308456e-01) (4, -3.03083748199245572863e+00) (5, -6.58503283609154221878e-01) (6, -3.06276738099953771410e+00) (7, -2.98142776094576955614e+00) (8, -4.28512807361880287971e+00) (9, 1.42928164050845829536e+00) (10, 8.65998346636863813863e-01) (11, 3.53816229478236854433e+00) (0, -8.55342799600254832804e-01) (1, 2.50575308377090655299e+00) (2, 8.89410053054773941383e-01) (3, 3.03678831724521036683e-01) (4, 2.54450651337604805136e-01) (5, 1.50465248604517237707e-01) (6, 1.25574918915729777380e-01) (7, 2.66448246767025276327e-01) (8, 7.96500089045234171969e-01) (9, -7.97101295963274780743e-02) (10, -6.10675379428526010628e-01) (11, -1.22828402673533698675e+00) (12, -2.58784587243151964486e+00) (13, -7.95274897369605682229e+00) (14, 2.36878673003639494965e+00) (15, -1.51600424565356739492e+00) 
