FANN_FLO_2.1
num_layers=3
learning_rate=0.700000
connection_rate=1.000000
network_type=0
learning_momentum=0.000000
training_algorithm=2
train_error_function=1
train_stop_function=1
cascade_output_change_fraction=0.010000
quickprop_decay=-0.000100
quickprop_mu=1.750000
rprop_increase_factor=1.200000
rprop_decrease_factor=0.500000
rprop_delta_min=0.000000
rprop_delta_max=50.000000
rprop_delta_zero=0.100000
cascade_output_stagnation_epochs=12
cascade_candidate_change_fraction=0.010000
cascade_candidate_stagnation_epochs=12
cascade_max_out_epochs=150
cascade_min_out_epochs=50
cascade_max_cand_epochs=150
cascade_min_cand_epochs=50
cascade_num_candidate_groups=2
bit_fail_limit=1.00000000000000005551e-01
cascade_candidate_limit=1.00000000000000000000e+03
cascade_weight_multiplier=4.00000000000000022204e-01
cascade_activation_functions_count=10
cascade_activation_functions=3 5 7 8 10 11 14 15 16 17 
cascade_activation_steepnesses_count=4
cascade_activation_steepnesses=2.50000000000000000000e-01 5.00000000000000000000e-01 7.50000000000000000000e-01 1.00000000000000000000e+00 
layer_sizes=18 4 2 
scale_included=0
neurons (num_inputs, activation_function, activation_steepness)=(0, 0, 0.00000000000000000000e+00) (0, 0, 0.00000000000000000000e+00) (0, 0, 0.00000000000000000000e+00) (0, 0, 0.00000000000000000000e+00) (0, 0, 0.00000000000000000000e+00) (0, 0, 0.00000000000000000000e+00) (0, 0, 0.00000000000000000000e+00) (0, 0, 0.00000000000000000000e+00) (0, 0, 0.00000000000000000000e+00) (0, 0, 0.00000000000000000000e+00) (0, 0, 0.00000000000000000000e+00) (0, 0, 0.00000000000000000000e+00) (0, 0, 0.00000000000000000000e+00) (0, 0, 0.00000000000000000000e+00) (0, 0, 0.00000000000000000000e+00) (0, 0, 0.00000000000000000000e+00) (0, 0, 0.00000000000000000000e+00) (0, 0, 0.00000000000000000000e+00) (18, 6, 5.00000000000000000000e-01) (18, 6, 5.00000000000000000000e-01) (18, 6, 5.00000000000000000000e-01) (0, 6, 0.00000000000000000000e+00) (4, 4, 5.00000000000000000000e-01) (0, 4, 0.00000000000000000000e+00) 
connections (connected_to_neuron, weight)=(0, 1.83049080683718612406e+00) (1, -1.61155893592927856872e+00) (2, 2.51805533092777589221e-01) (3, -5.02048543830708404734e-01) (4, 9.11853887865537893198e-01) (5, 1.21850139289766734585e+00) (6, 2.29012542969172638863e+00) (7, -3.72795942946298919374e-01) (8, -4.64014867413726772583e-01) (9, -5.48712363155994586883e-01) (10, -1.91818337566722563192e-01) (11, 1.32055387731785667249e+00) (12, -5.75221735955560031783e-01) (13, 1.80626280193745131220e-01) (14, -8.94096703861114505685e-01) (15, 6.82803092105720876859e-01) (16, -1.08764406698168425436e+00) (17, 1.63740134203375387045e+00) (0, -6.19890722167538577025e+00) (1, 1.09071791208168411558e+00) (2, -1.09263318932232622593e-01) (3, 6.84763997980413874345e-01) (4, 6.17584632459105109525e-01) (5, 5.50742512611666845679e-01) (6, -6.41217307348480813900e-01) (7, 4.01080878261988882372e+00) (8, 6.67909439439351770851e-01) (9, 3.06279068305432389252e-01) (10, 9.01200920933781568500e-01) (11, 2.14528346352241339190e+00) (12, 3.73407546296370240757e-01) (13, 2.04503186192141805932e-01) (14, 4.17286436866317944627e-01) (15, -5.33597671167824083582e-01) (16, 4.19205732193324576151e-01) (17, -1.60232444117539363226e+00) (0, -3.44953874830378515171e+00) (1, 1.53008743862379348322e+00) (2, 5.51956250564719530516e-01) (3, 1.48919266821826257186e+00) (4, -1.96091181640258016561e-03) (5, 4.24404480615891366302e-01) (6, -2.82384994011622703081e-01) (7, 1.33876902856839663514e+00) (8, 1.49804907904880879599e+00) (9, 1.08893304182142158787e+00) (10, 1.23568904678593938229e+00) (11, 2.73636267899371787848e-01) (12, 2.35466758286339228334e+00) (13, 1.05905777810364720715e+00) (14, 1.03308762612339100073e+00) (15, 7.24850095866160892832e-01) (16, 9.96199472367662930417e-01) (17, -1.24427552000349228578e+00) (18, -2.66132892507854190711e+00) (19, 7.46874281975177467530e-01) (20, 4.14955383551133678566e+01) (21, -8.33486623336485155100e-01) 
