FANN_FLO_2.1
num_layers=3
learning_rate=0.700000
connection_rate=1.000000
network_type=0
learning_momentum=0.000000
training_algorithm=2
train_error_function=1
train_stop_function=1
cascade_output_change_fraction=0.010000
quickprop_decay=-0.000100
quickprop_mu=1.750000
rprop_increase_factor=1.200000
rprop_decrease_factor=0.500000
rprop_delta_min=0.000000
rprop_delta_max=50.000000
rprop_delta_zero=0.100000
cascade_output_stagnation_epochs=12
cascade_candidate_change_fraction=0.010000
cascade_candidate_stagnation_epochs=12
cascade_max_out_epochs=150
cascade_min_out_epochs=50
cascade_max_cand_epochs=150
cascade_min_cand_epochs=50
cascade_num_candidate_groups=2
bit_fail_limit=1.00000000000000005551e-01
cascade_candidate_limit=1.00000000000000000000e+03
cascade_weight_multiplier=4.00000000000000022204e-01
cascade_activation_functions_count=10
cascade_activation_functions=3 5 7 8 10 11 14 15 16 17 
cascade_activation_steepnesses_count=4
cascade_activation_steepnesses=2.50000000000000000000e-01 5.00000000000000000000e-01 7.50000000000000000000e-01 1.00000000000000000000e+00 
layer_sizes=12 4 2 
scale_included=0
neurons (num_inputs, activation_function, activation_steepness)=(0, 0, 0.00000000000000000000e+00) (0, 0, 0.00000000000000000000e+00) (0, 0, 0.00000000000000000000e+00) (0, 0, 0.00000000000000000000e+00) (0, 0, 0.00000000000000000000e+00) (0, 0, 0.00000000000000000000e+00) (0, 0, 0.00000000000000000000e+00) (0, 0, 0.00000000000000000000e+00) (0, 0, 0.00000000000000000000e+00) (0, 0, 0.00000000000000000000e+00) (0, 0, 0.00000000000000000000e+00) (0, 0, 0.00000000000000000000e+00) (12, 6, 5.00000000000000000000e-01) (12, 6, 5.00000000000000000000e-01) (12, 6, 5.00000000000000000000e-01) (0, 6, 0.00000000000000000000e+00) (4, 4, 5.00000000000000000000e-01) (0, 4, 0.00000000000000000000e+00) 
connections (connected_to_neuron, weight)=(0, -2.58127250938485819365e-01) (1, 7.48450097031922889634e-01) (2, 3.61260481575487124584e-01) (3, 5.27767649186208309686e+00) (4, 1.87614783356049669161e-01) (5, 4.93697566541968446696e-01) (6, 2.02465063875056500153e-01) (7, 3.14975478100074091081e-01) (8, 1.11244062801022902676e+00) (9, 7.99222267106245709556e+00) (10, 1.35577805789353611488e+00) (11, -5.80329476736216709476e-01) (0, -1.25479592021383323797e+00) (1, 3.41621959020552834474e+00) (2, 4.35015537145834407795e-01) (3, 5.71525287698695039218e-01) (4, -1.49818030533065998933e-01) (5, 4.21881644553038670509e-01) (6, 1.74048089920728427105e-01) (7, -1.25767982665916489005e+00) (8, 2.89881978838781595442e+00) (9, 6.64971464787159738385e-01) (10, 5.76446816291814712052e-01) (11, -1.95152632001436843190e+00) (0, 1.83196387155864215401e+00) (1, -2.52466571821401908338e+00) (2, -2.43696832284210379571e-01) (3, -2.59545817708481685315e+00) (4, 3.73346009222412567041e-01) (5, -5.99298935105995633776e-01) (6, 6.62886941384380062869e-02) (7, -9.44578474598599393541e-03) (8, -3.01801502887926664798e+00) (9, -2.46341437140810626261e+00) (10, -3.43178044952438332515e+00) (11, 2.67935433417684309987e+00) (12, 7.45426693916921401240e-01) (13, 2.07082057447286826957e+00) (14, -1.76662051407708489137e+01) (15, -1.29484433181375946376e+00) 
