FANN_FLO_2.1
num_layers=3
learning_rate=0.700000
connection_rate=1.000000
network_type=0
learning_momentum=0.000000
training_algorithm=2
train_error_function=1
train_stop_function=1
cascade_output_change_fraction=0.010000
quickprop_decay=-0.000100
quickprop_mu=1.750000
rprop_increase_factor=1.200000
rprop_decrease_factor=0.500000
rprop_delta_min=0.000000
rprop_delta_max=50.000000
rprop_delta_zero=0.100000
cascade_output_stagnation_epochs=12
cascade_candidate_change_fraction=0.010000
cascade_candidate_stagnation_epochs=12
cascade_max_out_epochs=150
cascade_min_out_epochs=50
cascade_max_cand_epochs=150
cascade_min_cand_epochs=50
cascade_num_candidate_groups=2
bit_fail_limit=1.00000000000000005551e-01
cascade_candidate_limit=1.00000000000000000000e+03
cascade_weight_multiplier=4.00000000000000022204e-01
cascade_activation_functions_count=10
cascade_activation_functions=3 5 7 8 10 11 14 15 16 17 
cascade_activation_steepnesses_count=4
cascade_activation_steepnesses=2.50000000000000000000e-01 5.00000000000000000000e-01 7.50000000000000000000e-01 1.00000000000000000000e+00 
layer_sizes=9 4 2 
scale_included=0
neurons (num_inputs, activation_function, activation_steepness)=(0, 0, 0.00000000000000000000e+00) (0, 0, 0.00000000000000000000e+00) (0, 0, 0.00000000000000000000e+00) (0, 0, 0.00000000000000000000e+00) (0, 0, 0.00000000000000000000e+00) (0, 0, 0.00000000000000000000e+00) (0, 0, 0.00000000000000000000e+00) (0, 0, 0.00000000000000000000e+00) (0, 0, 0.00000000000000000000e+00) (9, 6, 5.00000000000000000000e-01) (9, 6, 5.00000000000000000000e-01) (9, 6, 5.00000000000000000000e-01) (0, 6, 0.00000000000000000000e+00) (4, 4, 5.00000000000000000000e-01) (0, 4, 0.00000000000000000000e+00) 
connections (connected_to_neuron, weight)=(0, 1.40326895307785060041e+00) (1, -4.71074308671677055571e+00) (2, 1.18146572998061999415e-01) (3, 4.70827052655713895746e-01) (4, 8.01582700512907475598e-01) (5, 7.39122106633684605725e-01) (6, 1.07925152825167769421e+00) (7, 1.09234444098523253430e+00) (8, 1.24977636383822554578e+00) (0, -1.08333675813508123476e+00) (1, 4.76237667568647804472e+00) (2, 1.25440086451160087710e-01) (3, -8.77325120061776264624e-02) (4, -3.98994793028252470179e-01) (5, -3.82386390895264494105e-01) (6, -7.45934180089854348417e-01) (7, -6.78448087641619790311e-01) (8, -7.97871395120047677274e-01) (0, -9.71166650472403580885e-01) (1, 4.74593539752685966704e+00) (2, 2.09549206522094272342e-01) (3, -1.00094612190141402097e-01) (4, -4.34605185717957365199e-01) (5, -3.54268965155499326869e-01) (6, -8.04102144309901345487e-01) (7, -7.38241232106112588163e-01) (8, -8.33031020233058083768e-01) (9, -2.34577074008943897709e+00) (10, 2.57043746091845370927e+00) (11, 2.53617669620039798417e+00) (12, -1.04485021781754583436e+00) 
