FANN_FLO_2.1
num_layers=3
learning_rate=0.700000
connection_rate=1.000000
network_type=0
learning_momentum=0.000000
training_algorithm=2
train_error_function=1
train_stop_function=1
cascade_output_change_fraction=0.010000
quickprop_decay=-0.000100
quickprop_mu=1.750000
rprop_increase_factor=1.200000
rprop_decrease_factor=0.500000
rprop_delta_min=0.000000
rprop_delta_max=50.000000
rprop_delta_zero=0.100000
cascade_output_stagnation_epochs=12
cascade_candidate_change_fraction=0.010000
cascade_candidate_stagnation_epochs=12
cascade_max_out_epochs=150
cascade_min_out_epochs=50
cascade_max_cand_epochs=150
cascade_min_cand_epochs=50
cascade_num_candidate_groups=2
bit_fail_limit=1.00000000000000005551e-01
cascade_candidate_limit=1.00000000000000000000e+03
cascade_weight_multiplier=4.00000000000000022204e-01
cascade_activation_functions_count=10
cascade_activation_functions=3 5 7 8 10 11 14 15 16 17 
cascade_activation_steepnesses_count=4
cascade_activation_steepnesses=2.50000000000000000000e-01 5.00000000000000000000e-01 7.50000000000000000000e-01 1.00000000000000000000e+00 
layer_sizes=15 4 2 
scale_included=0
neurons (num_inputs, activation_function, activation_steepness)=(0, 0, 0.00000000000000000000e+00) (0, 0, 0.00000000000000000000e+00) (0, 0, 0.00000000000000000000e+00) (0, 0, 0.00000000000000000000e+00) (0, 0, 0.00000000000000000000e+00) (0, 0, 0.00000000000000000000e+00) (0, 0, 0.00000000000000000000e+00) (0, 0, 0.00000000000000000000e+00) (0, 0, 0.00000000000000000000e+00) (0, 0, 0.00000000000000000000e+00) (0, 0, 0.00000000000000000000e+00) (0, 0, 0.00000000000000000000e+00) (0, 0, 0.00000000000000000000e+00) (0, 0, 0.00000000000000000000e+00) (0, 0, 0.00000000000000000000e+00) (15, 6, 5.00000000000000000000e-01) (15, 6, 5.00000000000000000000e-01) (15, 6, 5.00000000000000000000e-01) (0, 6, 0.00000000000000000000e+00) (4, 4, 5.00000000000000000000e-01) (0, 4, 0.00000000000000000000e+00) 
connections (connected_to_neuron, weight)=(0, 2.98113557044750532299e+00) (1, -2.58996059314661541961e+00) (2, -1.68238618168047993073e+00) (3, -1.02642572610277982292e+00) (4, -5.43719861130383730341e-01) (5, -1.79954961345786124127e+00) (6, -9.93331511434182190534e-01) (7, -3.98941021024402209250e-01) (8, -2.14524189254208863531e+00) (9, -3.09211490553722034846e+00) (10, 1.40444102921573654719e+00) (11, -2.38377148724790721701e+00) (12, -2.92605035067642038626e+00) (13, -3.77323891968672775477e+00) (14, 3.42259770792009021534e+00) (0, 3.03886813763862928539e+00) (1, -2.54084372014720116795e+00) (2, -1.89543551217172390189e+00) (3, -9.91796694086979346849e-01) (4, -1.07978685210585650944e-01) (5, -1.33657044906518462923e+00) (6, -1.01787464779244340995e+00) (7, -5.13806078194793292013e-01) (8, -2.69550558850455423965e+00) (9, -1.09578779406274806618e+00) (10, 4.82192604264294555350e-01) (11, -2.51077537696389363475e+00) (12, -5.10712495847961855944e-01) (13, -3.87303806097453184876e+00) (14, 3.03776706103569349438e+00) (0, -1.15158332673961050219e+00) (1, 1.92774429748548170593e+00) (2, 5.55610247709946047934e-01) (3, 3.16270545250954548955e-01) (4, 2.05459393878270529799e-01) (5, 8.99638791172843732546e-01) (6, 1.20210067544989440691e+00) (7, 4.02137995586104801671e-01) (8, 1.38575955114464388629e+00) (9, 8.71145279442235055678e-03) (10, -5.68022570360437351056e-01) (11, 3.52059056963683492114e+00) (12, 4.47956668951912717613e-01) (13, 7.15394190637829607837e-01) (14, -1.22240804670506841845e+00) (15, -1.51905317560910120278e+01) (16, -8.61220909290298131111e+00) (17, 2.25190130866300108892e+00) (18, -1.18156691870000596367e+00) 
