FANN_FLO_2.1
num_layers=3
learning_rate=0.700000
connection_rate=1.000000
network_type=0
learning_momentum=0.000000
training_algorithm=2
train_error_function=1
train_stop_function=1
cascade_output_change_fraction=0.010000
quickprop_decay=-0.000100
quickprop_mu=1.750000
rprop_increase_factor=1.200000
rprop_decrease_factor=0.500000
rprop_delta_min=0.000000
rprop_delta_max=50.000000
rprop_delta_zero=0.100000
cascade_output_stagnation_epochs=12
cascade_candidate_change_fraction=0.010000
cascade_candidate_stagnation_epochs=12
cascade_max_out_epochs=150
cascade_min_out_epochs=50
cascade_max_cand_epochs=150
cascade_min_cand_epochs=50
cascade_num_candidate_groups=2
bit_fail_limit=1.00000000000000005551e-01
cascade_candidate_limit=1.00000000000000000000e+03
cascade_weight_multiplier=4.00000000000000022204e-01
cascade_activation_functions_count=10
cascade_activation_functions=3 5 7 8 10 11 14 15 16 17 
cascade_activation_steepnesses_count=4
cascade_activation_steepnesses=2.50000000000000000000e-01 5.00000000000000000000e-01 7.50000000000000000000e-01 1.00000000000000000000e+00 
layer_sizes=9 4 2 
scale_included=0
neurons (num_inputs, activation_function, activation_steepness)=(0, 0, 0.00000000000000000000e+00) (0, 0, 0.00000000000000000000e+00) (0, 0, 0.00000000000000000000e+00) (0, 0, 0.00000000000000000000e+00) (0, 0, 0.00000000000000000000e+00) (0, 0, 0.00000000000000000000e+00) (0, 0, 0.00000000000000000000e+00) (0, 0, 0.00000000000000000000e+00) (0, 0, 0.00000000000000000000e+00) (9, 6, 5.00000000000000000000e-01) (9, 6, 5.00000000000000000000e-01) (9, 6, 5.00000000000000000000e-01) (0, 6, 0.00000000000000000000e+00) (4, 4, 5.00000000000000000000e-01) (0, 4, 0.00000000000000000000e+00) 
connections (connected_to_neuron, weight)=(0, -6.10438333582072267802e+00) (1, 2.37248492078061667954e+00) (2, 1.79001923892969783125e+00) (3, -2.18620248768481584278e+00) (4, -4.80523037858670454270e-01) (5, 2.28566250414926885881e+00) (6, -1.61014512170135293267e+00) (7, -5.34623864241307145129e-01) (8, -1.50805115774554376884e+00) (0, -1.63846263120668389490e+00) (1, 2.07989591382010496901e+00) (2, 6.83730460920751959009e-01) (3, -5.95871195936141351268e-01) (4, -5.98786569552378411530e-01) (5, 2.95544496909129428275e-01) (6, -2.82484400466989171719e+00) (7, -4.17125783119978388314e-01) (8, -8.53195223262048663138e-01) (0, 5.83952241726800647115e+00) (1, -2.95492726200354116628e+00) (2, -2.29901207787762817958e+00) (3, 1.24677373495806076420e+00) (4, 1.09689019333533299694e+00) (5, -1.24943382441645240988e+01) (6, 1.50745012764074282074e+00) (7, 1.20101183679807999027e+00) (8, 2.81638958107649939322e+00) (9, 8.57015109216637327449e+00) (10, 7.19155066007748478007e-01) (11, -4.29359054588214661408e+00) (12, -1.10276451211861803436e+00) 
