FANN_FLO_2.1
num_layers=3
learning_rate=0.700000
connection_rate=1.000000
network_type=0
learning_momentum=0.000000
training_algorithm=2
train_error_function=1
train_stop_function=1
cascade_output_change_fraction=0.010000
quickprop_decay=-0.000100
quickprop_mu=1.750000
rprop_increase_factor=1.200000
rprop_decrease_factor=0.500000
rprop_delta_min=0.000000
rprop_delta_max=50.000000
rprop_delta_zero=0.100000
cascade_output_stagnation_epochs=12
cascade_candidate_change_fraction=0.010000
cascade_candidate_stagnation_epochs=12
cascade_max_out_epochs=150
cascade_min_out_epochs=50
cascade_max_cand_epochs=150
cascade_min_cand_epochs=50
cascade_num_candidate_groups=2
bit_fail_limit=1.00000000000000005551e-01
cascade_candidate_limit=1.00000000000000000000e+03
cascade_weight_multiplier=4.00000000000000022204e-01
cascade_activation_functions_count=10
cascade_activation_functions=3 5 7 8 10 11 14 15 16 17 
cascade_activation_steepnesses_count=4
cascade_activation_steepnesses=2.50000000000000000000e-01 5.00000000000000000000e-01 7.50000000000000000000e-01 1.00000000000000000000e+00 
layer_sizes=6 4 2 
scale_included=0
neurons (num_inputs, activation_function, activation_steepness)=(0, 0, 0.00000000000000000000e+00) (0, 0, 0.00000000000000000000e+00) (0, 0, 0.00000000000000000000e+00) (0, 0, 0.00000000000000000000e+00) (0, 0, 0.00000000000000000000e+00) (0, 0, 0.00000000000000000000e+00) (6, 6, 5.00000000000000000000e-01) (6, 6, 5.00000000000000000000e-01) (6, 6, 5.00000000000000000000e-01) (0, 6, 0.00000000000000000000e+00) (4, 4, 5.00000000000000000000e-01) (0, 4, 0.00000000000000000000e+00) 
connections (connected_to_neuron, weight)=(0, -1.57815323472372548430e+00) (1, 6.91705116632311267644e-01) (2, -4.20324388852754901591e-02) (3, -2.98361630840819555543e-02) (4, 1.87976133045659254961e+00) (5, -7.93965387139147632523e-02) (0, 2.35011084437603967601e+00) (1, -8.44987088881501202664e-01) (2, -2.51201037490404975594e-02) (3, 6.15368422638152418047e-02) (4, -1.38806238404635529093e+00) (5, 2.37120134499207185774e-01) (0, 8.35233273514828056250e+00) (1, -3.01272300057996922362e+00) (2, 7.42373493786763649638e-01) (3, -9.79159390480314528737e-01) (4, -5.00351779571119248402e+00) (5, 1.93308402533754231101e+00) (6, 2.08970332612825115959e+00) (7, -2.39375047632185289359e+00) (8, -1.32391417577055143795e+01) (9, -1.36348138375163641101e+00) 
