FANN_FLO_2.1
num_layers=3
learning_rate=0.700000
connection_rate=1.000000
network_type=0
learning_momentum=0.000000
training_algorithm=2
train_error_function=1
train_stop_function=1
cascade_output_change_fraction=0.010000
quickprop_decay=-0.000100
quickprop_mu=1.750000
rprop_increase_factor=1.200000
rprop_decrease_factor=0.500000
rprop_delta_min=0.000000
rprop_delta_max=50.000000
rprop_delta_zero=0.100000
cascade_output_stagnation_epochs=12
cascade_candidate_change_fraction=0.010000
cascade_candidate_stagnation_epochs=12
cascade_max_out_epochs=150
cascade_min_out_epochs=50
cascade_max_cand_epochs=150
cascade_min_cand_epochs=50
cascade_num_candidate_groups=2
bit_fail_limit=1.00000000000000005551e-01
cascade_candidate_limit=1.00000000000000000000e+03
cascade_weight_multiplier=4.00000000000000022204e-01
cascade_activation_functions_count=10
cascade_activation_functions=3 5 7 8 10 11 14 15 16 17 
cascade_activation_steepnesses_count=4
cascade_activation_steepnesses=2.50000000000000000000e-01 5.00000000000000000000e-01 7.50000000000000000000e-01 1.00000000000000000000e+00 
layer_sizes=7 4 2 
scale_included=0
neurons (num_inputs, activation_function, activation_steepness)=(0, 0, 0.00000000000000000000e+00) (0, 0, 0.00000000000000000000e+00) (0, 0, 0.00000000000000000000e+00) (0, 0, 0.00000000000000000000e+00) (0, 0, 0.00000000000000000000e+00) (0, 0, 0.00000000000000000000e+00) (0, 0, 0.00000000000000000000e+00) (7, 6, 5.00000000000000000000e-01) (7, 6, 5.00000000000000000000e-01) (7, 6, 5.00000000000000000000e-01) (0, 6, 0.00000000000000000000e+00) (4, 4, 5.00000000000000000000e-01) (0, 4, 0.00000000000000000000e+00) 
connections (connected_to_neuron, weight)=(0, -4.50989130484236666607e-01) (1, 1.40259436852133512197e+00) (2, 8.73592698517066668096e-01) (3, 7.65736871994804474406e-02) (4, 1.60503310897236439736e+00) (5, 2.28334908773265325976e+01) (6, -9.81352680792600184922e-01) (0, 2.61511578032483216205e+00) (1, -2.28157343902716469586e+00) (2, -1.05736293150038207500e+00) (3, 5.84658114868091494110e-01) (4, -2.12259830386310843764e+00) (5, -1.69939495057586809068e+00) (6, 2.14060598406758151313e+00) (0, 9.77883810307401263318e-02) (1, 7.62276361774178679021e-01) (2, 3.40541002919660718007e-01) (3, 2.19783448466607106431e-01) (4, 7.27980333624174469342e-01) (5, 3.27320474643725063402e+01) (6, -5.97426783847041578679e-02) (7, 2.32272953219096223165e+00) (8, -2.26672584238807814927e+01) (9, 9.79296155155238268186e-01) (10, -3.91908467898085000058e+00) 
