FANN_FLO_2.1
num_layers=3
learning_rate=0.700000
connection_rate=1.000000
network_type=0
learning_momentum=0.000000
training_algorithm=2
train_error_function=1
train_stop_function=1
cascade_output_change_fraction=0.010000
quickprop_decay=-0.000100
quickprop_mu=1.750000
rprop_increase_factor=1.200000
rprop_decrease_factor=0.500000
rprop_delta_min=0.000000
rprop_delta_max=50.000000
rprop_delta_zero=0.100000
cascade_output_stagnation_epochs=12
cascade_candidate_change_fraction=0.010000
cascade_candidate_stagnation_epochs=12
cascade_max_out_epochs=150
cascade_min_out_epochs=50
cascade_max_cand_epochs=150
cascade_min_cand_epochs=50
cascade_num_candidate_groups=2
bit_fail_limit=1.00000000000000005551e-01
cascade_candidate_limit=1.00000000000000000000e+03
cascade_weight_multiplier=4.00000000000000022204e-01
cascade_activation_functions_count=10
cascade_activation_functions=3 5 7 8 10 11 14 15 16 17 
cascade_activation_steepnesses_count=4
cascade_activation_steepnesses=2.50000000000000000000e-01 5.00000000000000000000e-01 7.50000000000000000000e-01 1.00000000000000000000e+00 
layer_sizes=13 4 2 
scale_included=0
neurons (num_inputs, activation_function, activation_steepness)=(0, 0, 0.00000000000000000000e+00) (0, 0, 0.00000000000000000000e+00) (0, 0, 0.00000000000000000000e+00) (0, 0, 0.00000000000000000000e+00) (0, 0, 0.00000000000000000000e+00) (0, 0, 0.00000000000000000000e+00) (0, 0, 0.00000000000000000000e+00) (0, 0, 0.00000000000000000000e+00) (0, 0, 0.00000000000000000000e+00) (0, 0, 0.00000000000000000000e+00) (0, 0, 0.00000000000000000000e+00) (0, 0, 0.00000000000000000000e+00) (0, 0, 0.00000000000000000000e+00) (13, 6, 5.00000000000000000000e-01) (13, 6, 5.00000000000000000000e-01) (13, 6, 5.00000000000000000000e-01) (0, 6, 0.00000000000000000000e+00) (4, 4, 5.00000000000000000000e-01) (0, 4, 0.00000000000000000000e+00) 
connections (connected_to_neuron, weight)=(0, -4.13911206240994644645e+00) (1, 1.82073572589513617004e+01) (2, -3.57500104090424830616e+00) (3, 3.59458328982295238774e+00) (4, -1.60613336480491541991e+00) (5, -2.02330454832396888776e+00) (6, 8.76880499520626410792e-01) (7, 2.67489729593796854434e-01) (8, -3.69507440859450930759e+00) (9, 1.59602907123067594419e+00) (10, 1.90480902920163472913e+01) (11, -5.29847552002352673028e-01) (12, -2.99383555100406706373e+00) (0, 3.73598019512650658669e+00) (1, -3.60636291450439339101e+00) (2, -1.42357056888355781865e+00) (3, 1.33054975517695517340e+00) (4, -1.81099159349949800912e-01) (5, 4.64567048389175063505e+00) (6, -4.86843530906057164742e+00) (7, -2.04233586484561202568e+00) (8, 5.08943972217276385805e+00) (9, -4.81548929455188123860e-01) (10, -4.42877183213375325010e+00) (11, 1.19178006293008564853e+00) (12, 3.19620280746923057791e+00) (0, 5.58044236287022421550e+00) (1, 5.34567437942025769360e-01) (2, -7.58763533920805688382e+00) (3, -2.34538298773302233968e+00) (4, -1.04532816554320318048e+00) (5, 1.01569441773349433689e+00) (6, -1.09850697475906966538e+00) (7, 1.62786251335565901321e-01) (8, 2.75720719018293225488e+00) (9, 3.71266951191748906247e-01) (10, 2.78995206580682497677e-01) (11, 7.99012296459694737472e-01) (12, 6.62855275823907574839e-01) (13, 5.15598067371288149019e+00) (14, -4.40828528259754914842e+00) (15, -6.51524024672701429495e+00) (16, -1.23496308953156463950e+00) 
