FANN_FLO_2.1
num_layers=3
learning_rate=0.700000
connection_rate=1.000000
network_type=0
learning_momentum=0.000000
training_algorithm=2
train_error_function=1
train_stop_function=1
cascade_output_change_fraction=0.010000
quickprop_decay=-0.000100
quickprop_mu=1.750000
rprop_increase_factor=1.200000
rprop_decrease_factor=0.500000
rprop_delta_min=0.000000
rprop_delta_max=50.000000
rprop_delta_zero=0.100000
cascade_output_stagnation_epochs=12
cascade_candidate_change_fraction=0.010000
cascade_candidate_stagnation_epochs=12
cascade_max_out_epochs=150
cascade_min_out_epochs=50
cascade_max_cand_epochs=150
cascade_min_cand_epochs=50
cascade_num_candidate_groups=2
bit_fail_limit=1.00000000000000005551e-01
cascade_candidate_limit=1.00000000000000000000e+03
cascade_weight_multiplier=4.00000000000000022204e-01
cascade_activation_functions_count=10
cascade_activation_functions=3 5 7 8 10 11 14 15 16 17 
cascade_activation_steepnesses_count=4
cascade_activation_steepnesses=2.50000000000000000000e-01 5.00000000000000000000e-01 7.50000000000000000000e-01 1.00000000000000000000e+00 
layer_sizes=6 4 2 
scale_included=0
neurons (num_inputs, activation_function, activation_steepness)=(0, 0, 0.00000000000000000000e+00) (0, 0, 0.00000000000000000000e+00) (0, 0, 0.00000000000000000000e+00) (0, 0, 0.00000000000000000000e+00) (0, 0, 0.00000000000000000000e+00) (0, 0, 0.00000000000000000000e+00) (6, 6, 5.00000000000000000000e-01) (6, 6, 5.00000000000000000000e-01) (6, 6, 5.00000000000000000000e-01) (0, 6, 0.00000000000000000000e+00) (4, 4, 5.00000000000000000000e-01) (0, 4, 0.00000000000000000000e+00) 
connections (connected_to_neuron, weight)=(0, 8.66897868804116122909e-01) (1, 3.93992620783023506092e+00) (2, 2.30300822418298167804e+00) (3, 1.99719091792813863151e+00) (4, 1.65350436878890794112e+00) (5, -2.97056461945186534024e+00) (0, 2.31615029288231244475e-01) (1, 8.63247589214690247417e-01) (2, 2.82160955757896625418e-01) (3, 4.94069465577240019005e-01) (4, 8.85964053210899926682e+00) (5, -2.03582570167660015237e-01) (0, 1.14948923063441665882e+00) (1, 1.33089565125628839226e+00) (2, 2.96976094454292627312e-01) (3, 1.13606994010742523571e+00) (4, 8.80270651707600926272e+00) (5, -2.45836111428265113865e-01) (6, 1.60195829154755777779e+01) (7, 1.43666181697293771080e+00) (8, 6.18066675914533902869e-01) (9, -1.96440220962641931557e+00) 
