FANN_FLO_2.1
num_layers=3
learning_rate=0.700000
connection_rate=1.000000
network_type=0
learning_momentum=0.000000
training_algorithm=2
train_error_function=1
train_stop_function=1
cascade_output_change_fraction=0.010000
quickprop_decay=-0.000100
quickprop_mu=1.750000
rprop_increase_factor=1.200000
rprop_decrease_factor=0.500000
rprop_delta_min=0.000000
rprop_delta_max=50.000000
rprop_delta_zero=0.100000
cascade_output_stagnation_epochs=12
cascade_candidate_change_fraction=0.010000
cascade_candidate_stagnation_epochs=12
cascade_max_out_epochs=150
cascade_min_out_epochs=50
cascade_max_cand_epochs=150
cascade_min_cand_epochs=50
cascade_num_candidate_groups=2
bit_fail_limit=1.00000000000000005551e-01
cascade_candidate_limit=1.00000000000000000000e+03
cascade_weight_multiplier=4.00000000000000022204e-01
cascade_activation_functions_count=10
cascade_activation_functions=3 5 7 8 10 11 14 15 16 17 
cascade_activation_steepnesses_count=4
cascade_activation_steepnesses=2.50000000000000000000e-01 5.00000000000000000000e-01 7.50000000000000000000e-01 1.00000000000000000000e+00 
layer_sizes=12 4 2 
scale_included=0
neurons (num_inputs, activation_function, activation_steepness)=(0, 0, 0.00000000000000000000e+00) (0, 0, 0.00000000000000000000e+00) (0, 0, 0.00000000000000000000e+00) (0, 0, 0.00000000000000000000e+00) (0, 0, 0.00000000000000000000e+00) (0, 0, 0.00000000000000000000e+00) (0, 0, 0.00000000000000000000e+00) (0, 0, 0.00000000000000000000e+00) (0, 0, 0.00000000000000000000e+00) (0, 0, 0.00000000000000000000e+00) (0, 0, 0.00000000000000000000e+00) (0, 0, 0.00000000000000000000e+00) (12, 6, 5.00000000000000000000e-01) (12, 6, 5.00000000000000000000e-01) (12, 6, 5.00000000000000000000e-01) (0, 6, 0.00000000000000000000e+00) (4, 4, 5.00000000000000000000e-01) (0, 4, 0.00000000000000000000e+00) 
connections (connected_to_neuron, weight)=(0, 2.91892866799111905252e+00) (1, -3.77336782282488192308e+00) (2, -4.21415313171666650049e+00) (3, 1.35230593923546282831e+00) (4, 8.55505213845604628453e-01) (5, -9.89779135201557358492e-01) (6, -3.18352525729481250494e+00) (7, -3.19984853688422710150e+00) (8, -3.24848905253950626104e+00) (9, -2.10966282994913889581e+00) (10, -1.53178548059372454659e+00) (11, 4.20614924119089739207e+00) (0, -4.76184925159407690387e-01) (1, 5.05104117000084062994e-01) (2, 7.10351377368381831090e-01) (3, -7.62441709790372956768e-02) (4, 1.18935673224998386677e-01) (5, 4.72571488646862825078e-01) (6, 9.54025815291340117952e-01) (7, 7.84597797917021000380e-01) (8, 9.54520809514457946321e-01) (9, 7.36529672005515445576e-01) (10, 2.35331007632268635055e-01) (11, -1.74008783214522455562e-01) (0, -1.66160440259844244260e+00) (1, 2.53680412991795956046e+00) (2, 1.20984050807026832786e+00) (3, -1.33310029714863026440e-02) (4, -6.87558026321920978674e-01) (5, -3.22327568869525904471e-01) (6, 1.39797678578420048190e+00) (7, 1.48488882917685871554e+00) (8, 2.61906272230657055644e+00) (9, 1.20995473340721071409e+00) (10, 4.26478299445836095405e-01) (11, -1.14022511478347787772e+00) (12, -9.33037696597260257647e+00) (13, 1.82141639590737791643e+00) (14, 2.17628686639754187482e+00) (15, -1.60669964904648598925e+00) 
