FANN_FLO_2.1
num_layers=3
learning_rate=0.700000
connection_rate=1.000000
network_type=0
learning_momentum=0.000000
training_algorithm=2
train_error_function=1
train_stop_function=1
cascade_output_change_fraction=0.010000
quickprop_decay=-0.000100
quickprop_mu=1.750000
rprop_increase_factor=1.200000
rprop_decrease_factor=0.500000
rprop_delta_min=0.000000
rprop_delta_max=50.000000
rprop_delta_zero=0.100000
cascade_output_stagnation_epochs=12
cascade_candidate_change_fraction=0.010000
cascade_candidate_stagnation_epochs=12
cascade_max_out_epochs=150
cascade_min_out_epochs=50
cascade_max_cand_epochs=150
cascade_min_cand_epochs=50
cascade_num_candidate_groups=2
bit_fail_limit=1.00000000000000005551e-01
cascade_candidate_limit=1.00000000000000000000e+03
cascade_weight_multiplier=4.00000000000000022204e-01
cascade_activation_functions_count=10
cascade_activation_functions=3 5 7 8 10 11 14 15 16 17 
cascade_activation_steepnesses_count=4
cascade_activation_steepnesses=2.50000000000000000000e-01 5.00000000000000000000e-01 7.50000000000000000000e-01 1.00000000000000000000e+00 
layer_sizes=10 4 2 
scale_included=0
neurons (num_inputs, activation_function, activation_steepness)=(0, 0, 0.00000000000000000000e+00) (0, 0, 0.00000000000000000000e+00) (0, 0, 0.00000000000000000000e+00) (0, 0, 0.00000000000000000000e+00) (0, 0, 0.00000000000000000000e+00) (0, 0, 0.00000000000000000000e+00) (0, 0, 0.00000000000000000000e+00) (0, 0, 0.00000000000000000000e+00) (0, 0, 0.00000000000000000000e+00) (0, 0, 0.00000000000000000000e+00) (10, 6, 5.00000000000000000000e-01) (10, 6, 5.00000000000000000000e-01) (10, 6, 5.00000000000000000000e-01) (0, 6, 0.00000000000000000000e+00) (4, 4, 5.00000000000000000000e-01) (0, 4, 0.00000000000000000000e+00) 
connections (connected_to_neuron, weight)=(0, -9.49601422588210453135e-01) (1, 1.81988095886902190301e+00) (2, 4.59234058799604827339e-01) (3, 6.67507570816140871628e-01) (4, -3.46065737872717105184e-01) (5, -6.10148350143478457319e-01) (6, -2.52585024483698850073e-01) (7, -2.74878188797849143388e-01) (8, -9.41175512562375415904e-01) (9, -3.65727246649760251440e-01) (0, 4.37759294213868876966e+00) (1, -2.32648755799698614410e+00) (2, -2.34615939725831745832e+00) (3, -7.12135841960627624658e-01) (4, 7.54809244134761581080e-01) (5, 8.36935272970535049097e-01) (6, 1.35312015989170375541e+00) (7, 1.15015103703209176089e+00) (8, 1.46281972392754000545e+00) (9, 1.36288377323494258597e+00) (0, 4.33912069203473826917e+00) (1, -2.22674483995604299835e+00) (2, -2.29387608413294552534e+00) (3, -7.77846960241515228418e-01) (4, 7.61384090938903579371e-01) (5, 7.63646713056899795191e-01) (6, 1.59975921972946566463e+00) (7, 1.12647455220886483218e+00) (8, 1.64971665903286379695e+00) (9, 1.32609137573585833536e+00) (10, 1.43921283904508801044e+00) (11, -7.21226891631110778036e+00) (12, -7.16397295648082366171e+00) (13, -1.22704969574971167745e+00) 
