FANN_FLO_2.1
num_layers=3
learning_rate=0.700000
connection_rate=1.000000
network_type=0
learning_momentum=0.000000
training_algorithm=2
train_error_function=1
train_stop_function=1
cascade_output_change_fraction=0.010000
quickprop_decay=-0.000100
quickprop_mu=1.750000
rprop_increase_factor=1.200000
rprop_decrease_factor=0.500000
rprop_delta_min=0.000000
rprop_delta_max=50.000000
rprop_delta_zero=0.100000
cascade_output_stagnation_epochs=12
cascade_candidate_change_fraction=0.010000
cascade_candidate_stagnation_epochs=12
cascade_max_out_epochs=150
cascade_min_out_epochs=50
cascade_max_cand_epochs=150
cascade_min_cand_epochs=50
cascade_num_candidate_groups=2
bit_fail_limit=1.00000000000000005551e-01
cascade_candidate_limit=1.00000000000000000000e+03
cascade_weight_multiplier=4.00000000000000022204e-01
cascade_activation_functions_count=10
cascade_activation_functions=3 5 7 8 10 11 14 15 16 17 
cascade_activation_steepnesses_count=4
cascade_activation_steepnesses=2.50000000000000000000e-01 5.00000000000000000000e-01 7.50000000000000000000e-01 1.00000000000000000000e+00 
layer_sizes=10 4 2 
scale_included=0
neurons (num_inputs, activation_function, activation_steepness)=(0, 0, 0.00000000000000000000e+00) (0, 0, 0.00000000000000000000e+00) (0, 0, 0.00000000000000000000e+00) (0, 0, 0.00000000000000000000e+00) (0, 0, 0.00000000000000000000e+00) (0, 0, 0.00000000000000000000e+00) (0, 0, 0.00000000000000000000e+00) (0, 0, 0.00000000000000000000e+00) (0, 0, 0.00000000000000000000e+00) (0, 0, 0.00000000000000000000e+00) (10, 6, 5.00000000000000000000e-01) (10, 6, 5.00000000000000000000e-01) (10, 6, 5.00000000000000000000e-01) (0, 6, 0.00000000000000000000e+00) (4, 4, 5.00000000000000000000e-01) (0, 4, 0.00000000000000000000e+00) 
connections (connected_to_neuron, weight)=(0, 1.47723044325994496972e+01) (1, -6.69522369951798079768e+00) (2, 7.08305650966268629531e-01) (3, 9.55151861780251021372e-01) (4, 2.24745273795618283330e+00) (5, 1.81522819388145251196e+00) (6, 1.61537600724869179203e+00) (7, 7.59268282649710979371e+00) (8, 3.80711957421190261286e+00) (9, 1.26167746704803054314e+01) (0, 7.25984962601180283670e-01) (1, -5.99659860573999337063e-01) (2, -6.46274838249597527451e-01) (3, -2.87261716271332623318e-01) (4, 1.49493711383396288284e-01) (5, 1.24703983687961761362e-01) (6, 8.36559803048370770329e-02) (7, 6.39004486676411742607e-01) (8, 5.50500060024275539305e-01) (9, 5.55283099223235487862e-01) (0, 7.11308585423941819315e-01) (1, -4.88389801673881240873e-01) (2, -6.05027168642196633286e-01) (3, -2.88711204374722363308e-01) (4, 1.34633632690960070022e-01) (5, 6.58960741992837689684e-02) (6, 5.11356894524729252427e-03) (7, 4.40933022909342053897e-01) (8, 5.98477507534041386350e-01) (9, 5.13048011619904875680e-01) (10, -1.15723971230191891024e+00) (11, -6.33758875106421228907e+01) (12, -1.21078679657211889520e+01) (13, -1.75198203385003381527e+00) 
