FANN_FLO_2.1
num_layers=3
learning_rate=0.700000
connection_rate=1.000000
network_type=0
learning_momentum=0.000000
training_algorithm=2
train_error_function=1
train_stop_function=1
cascade_output_change_fraction=0.010000
quickprop_decay=-0.000100
quickprop_mu=1.750000
rprop_increase_factor=1.200000
rprop_decrease_factor=0.500000
rprop_delta_min=0.000000
rprop_delta_max=50.000000
rprop_delta_zero=0.100000
cascade_output_stagnation_epochs=12
cascade_candidate_change_fraction=0.010000
cascade_candidate_stagnation_epochs=12
cascade_max_out_epochs=150
cascade_min_out_epochs=50
cascade_max_cand_epochs=150
cascade_min_cand_epochs=50
cascade_num_candidate_groups=2
bit_fail_limit=1.00000000000000005551e-01
cascade_candidate_limit=1.00000000000000000000e+03
cascade_weight_multiplier=4.00000000000000022204e-01
cascade_activation_functions_count=10
cascade_activation_functions=3 5 7 8 10 11 14 15 16 17 
cascade_activation_steepnesses_count=4
cascade_activation_steepnesses=2.50000000000000000000e-01 5.00000000000000000000e-01 7.50000000000000000000e-01 1.00000000000000000000e+00 
layer_sizes=10 4 2 
scale_included=0
neurons (num_inputs, activation_function, activation_steepness)=(0, 0, 0.00000000000000000000e+00) (0, 0, 0.00000000000000000000e+00) (0, 0, 0.00000000000000000000e+00) (0, 0, 0.00000000000000000000e+00) (0, 0, 0.00000000000000000000e+00) (0, 0, 0.00000000000000000000e+00) (0, 0, 0.00000000000000000000e+00) (0, 0, 0.00000000000000000000e+00) (0, 0, 0.00000000000000000000e+00) (0, 0, 0.00000000000000000000e+00) (10, 6, 5.00000000000000000000e-01) (10, 6, 5.00000000000000000000e-01) (10, 6, 5.00000000000000000000e-01) (0, 6, 0.00000000000000000000e+00) (4, 4, 5.00000000000000000000e-01) (0, 4, 0.00000000000000000000e+00) 
connections (connected_to_neuron, weight)=(0, 1.82554200087351192749e+00) (1, -1.77121621940241191773e+00) (2, -6.81509449175331183390e-01) (3, -8.95066441375994004126e-02) (4, -1.04194358668395437029e+00) (5, -1.67899907495461264695e+00) (6, 3.83956438530542870646e-02) (7, -4.81957271489803079634e-02) (8, 5.27937343944170495158e-02) (9, 1.81317677144569744385e+00) (0, -1.92837508883945885074e+00) (1, -2.31864570832163580105e-01) (2, 1.51166417186140318307e+01) (3, 5.66568537044707110084e-01) (4, 4.45395632076445446845e-01) (5, -5.45086434068940750564e-01) (6, 6.03156922745886725501e-01) (7, 3.82449209267282264069e-01) (8, 5.00780357408705634192e-01) (9, -1.93373807635776939762e+00) (0, -1.90494725628878724955e+00) (1, 1.50550436984892632708e+00) (2, 7.21719790569158914373e-01) (3, -1.45361305120879635844e-01) (4, 1.54421818052370533880e-02) (5, 1.25285218229275696622e+00) (6, -3.84505498613278706710e-02) (7, -2.30327256950678613268e-02) (8, -4.03347917827906396471e-02) (9, -5.04530393377033758995e-01) (10, -8.02316561582905940497e+00) (11, 2.60727057476400725378e+00) (12, 4.27223276931635087550e+00) (13, -1.44698674314946251762e+00) 
