FANN_FLO_2.1
num_layers=3
learning_rate=0.700000
connection_rate=1.000000
network_type=0
learning_momentum=0.000000
training_algorithm=2
train_error_function=1
train_stop_function=1
cascade_output_change_fraction=0.010000
quickprop_decay=-0.000100
quickprop_mu=1.750000
rprop_increase_factor=1.200000
rprop_decrease_factor=0.500000
rprop_delta_min=0.000000
rprop_delta_max=50.000000
rprop_delta_zero=0.100000
cascade_output_stagnation_epochs=12
cascade_candidate_change_fraction=0.010000
cascade_candidate_stagnation_epochs=12
cascade_max_out_epochs=150
cascade_min_out_epochs=50
cascade_max_cand_epochs=150
cascade_min_cand_epochs=50
cascade_num_candidate_groups=2
bit_fail_limit=1.00000000000000005551e-01
cascade_candidate_limit=1.00000000000000000000e+03
cascade_weight_multiplier=4.00000000000000022204e-01
cascade_activation_functions_count=10
cascade_activation_functions=3 5 7 8 10 11 14 15 16 17 
cascade_activation_steepnesses_count=4
cascade_activation_steepnesses=2.50000000000000000000e-01 5.00000000000000000000e-01 7.50000000000000000000e-01 1.00000000000000000000e+00 
layer_sizes=12 4 2 
scale_included=0
neurons (num_inputs, activation_function, activation_steepness)=(0, 0, 0.00000000000000000000e+00) (0, 0, 0.00000000000000000000e+00) (0, 0, 0.00000000000000000000e+00) (0, 0, 0.00000000000000000000e+00) (0, 0, 0.00000000000000000000e+00) (0, 0, 0.00000000000000000000e+00) (0, 0, 0.00000000000000000000e+00) (0, 0, 0.00000000000000000000e+00) (0, 0, 0.00000000000000000000e+00) (0, 0, 0.00000000000000000000e+00) (0, 0, 0.00000000000000000000e+00) (0, 0, 0.00000000000000000000e+00) (12, 6, 5.00000000000000000000e-01) (12, 6, 5.00000000000000000000e-01) (12, 6, 5.00000000000000000000e-01) (0, 6, 0.00000000000000000000e+00) (4, 4, 5.00000000000000000000e-01) (0, 4, 0.00000000000000000000e+00) 
connections (connected_to_neuron, weight)=(0, 4.57411593976100938619e+00) (1, -7.27689561751192481864e+00) (2, -5.59670277432823826125e-01) (3, 5.29454688896025538192e-01) (4, 1.71572106248011202467e+00) (5, 1.56494905835883812983e+00) (6, 1.64226644402613253249e+00) (7, 3.40276844776349451926e-01) (8, 4.33540932810979273704e-01) (9, 1.73507701521982760084e+00) (10, 1.56602610564102739943e+00) (11, 4.54037045719703691304e+00) (0, 1.06257784956700213064e-01) (1, -2.26811824819230878347e+00) (2, -3.50667111021312205565e-01) (3, -1.01355798169740718428e-01) (4, 2.82548553675328495416e-01) (5, 2.70861347348341809094e-02) (6, 8.21848285526881328078e-02) (7, -2.22848720837642483295e-01) (8, 6.61865644737011371568e-02) (9, -1.90221595435490740955e-02) (10, 1.13053504222638018240e-01) (11, 2.87376723617230656060e-01) (0, 2.68643285133411557908e+00) (1, -9.97833408441974256675e+00) (2, -7.44787345722771720880e-01) (3, 1.09892033251723031384e+00) (4, 1.76227545115965789080e+00) (5, 1.33141906615585137175e+00) (6, 1.44468302330321840543e+00) (7, -2.91413438061809693114e-02) (8, 9.97414472302435295425e-03) (9, 1.52310643768257669706e+00) (10, 1.40053134089655451078e+00) (11, 5.68817369535641148559e+00) (12, -2.24905509736131348220e+00) (13, -2.94919818347825479776e+00) (14, -2.26026720788072266188e+00) (15, -1.29963653633340125992e+00) 
