FANN_FLO_2.1
num_layers=3
learning_rate=0.700000
connection_rate=1.000000
network_type=0
learning_momentum=0.000000
training_algorithm=2
train_error_function=1
train_stop_function=1
cascade_output_change_fraction=0.010000
quickprop_decay=-0.000100
quickprop_mu=1.750000
rprop_increase_factor=1.200000
rprop_decrease_factor=0.500000
rprop_delta_min=0.000000
rprop_delta_max=50.000000
rprop_delta_zero=0.100000
cascade_output_stagnation_epochs=12
cascade_candidate_change_fraction=0.010000
cascade_candidate_stagnation_epochs=12
cascade_max_out_epochs=150
cascade_min_out_epochs=50
cascade_max_cand_epochs=150
cascade_min_cand_epochs=50
cascade_num_candidate_groups=2
bit_fail_limit=1.00000000000000005551e-01
cascade_candidate_limit=1.00000000000000000000e+03
cascade_weight_multiplier=4.00000000000000022204e-01
cascade_activation_functions_count=10
cascade_activation_functions=3 5 7 8 10 11 14 15 16 17 
cascade_activation_steepnesses_count=4
cascade_activation_steepnesses=2.50000000000000000000e-01 5.00000000000000000000e-01 7.50000000000000000000e-01 1.00000000000000000000e+00 
layer_sizes=9 4 2 
scale_included=0
neurons (num_inputs, activation_function, activation_steepness)=(0, 0, 0.00000000000000000000e+00) (0, 0, 0.00000000000000000000e+00) (0, 0, 0.00000000000000000000e+00) (0, 0, 0.00000000000000000000e+00) (0, 0, 0.00000000000000000000e+00) (0, 0, 0.00000000000000000000e+00) (0, 0, 0.00000000000000000000e+00) (0, 0, 0.00000000000000000000e+00) (0, 0, 0.00000000000000000000e+00) (9, 6, 5.00000000000000000000e-01) (9, 6, 5.00000000000000000000e-01) (9, 6, 5.00000000000000000000e-01) (0, 6, 0.00000000000000000000e+00) (4, 4, 5.00000000000000000000e-01) (0, 4, 0.00000000000000000000e+00) 
connections (connected_to_neuron, weight)=(0, -1.26591623357486149359e+01) (1, 1.31216342659542850591e+00) (2, 1.09431306689900100793e+01) (3, 1.52692097981875241075e+00) (4, -2.84677831638128764347e-01) (5, 6.78164455370550367519e-01) (6, 3.62682747250774262238e-01) (7, -3.74493021910960732779e-01) (8, -1.67196224747142885292e+00) (0, -2.83720912733405157269e+01) (1, 1.40418904434404900883e+00) (2, 6.32294617074389453393e+00) (3, 9.66800356386850445745e+00) (4, 3.84318992450159269136e-01) (5, 1.56731746092937118675e+00) (6, 1.46467336634609002211e+00) (7, 7.04391256027605966450e-02) (8, -1.08207082157437439740e+00) (0, -1.61778394429381435771e+01) (1, 1.77404050297603987474e+02) (2, -6.96321322927786354740e+01) (3, -7.09116951606963965560e+01) (4, -1.41174546529965567743e+01) (5, -1.36199218878593946158e+01) (6, -1.38683215146560687714e+01) (7, -5.79234855220351452232e+00) (8, -2.68018866494681562429e+00) (9, 3.32188385541619979335e+00) (10, 1.06489426096295414226e+00) (11, 3.05628004215577497860e+00) (12, -4.28277449021257350381e+00) 
