FANN_FLO_2.1
num_layers=3
learning_rate=0.700000
connection_rate=1.000000
network_type=0
learning_momentum=0.000000
training_algorithm=2
train_error_function=1
train_stop_function=1
cascade_output_change_fraction=0.010000
quickprop_decay=-0.000100
quickprop_mu=1.750000
rprop_increase_factor=1.200000
rprop_decrease_factor=0.500000
rprop_delta_min=0.000000
rprop_delta_max=50.000000
rprop_delta_zero=0.100000
cascade_output_stagnation_epochs=12
cascade_candidate_change_fraction=0.010000
cascade_candidate_stagnation_epochs=12
cascade_max_out_epochs=150
cascade_min_out_epochs=50
cascade_max_cand_epochs=150
cascade_min_cand_epochs=50
cascade_num_candidate_groups=2
bit_fail_limit=1.00000000000000005551e-01
cascade_candidate_limit=1.00000000000000000000e+03
cascade_weight_multiplier=4.00000000000000022204e-01
cascade_activation_functions_count=10
cascade_activation_functions=3 5 7 8 10 11 14 15 16 17 
cascade_activation_steepnesses_count=4
cascade_activation_steepnesses=2.50000000000000000000e-01 5.00000000000000000000e-01 7.50000000000000000000e-01 1.00000000000000000000e+00 
layer_sizes=9 4 2 
scale_included=0
neurons (num_inputs, activation_function, activation_steepness)=(0, 0, 0.00000000000000000000e+00) (0, 0, 0.00000000000000000000e+00) (0, 0, 0.00000000000000000000e+00) (0, 0, 0.00000000000000000000e+00) (0, 0, 0.00000000000000000000e+00) (0, 0, 0.00000000000000000000e+00) (0, 0, 0.00000000000000000000e+00) (0, 0, 0.00000000000000000000e+00) (0, 0, 0.00000000000000000000e+00) (9, 6, 5.00000000000000000000e-01) (9, 6, 5.00000000000000000000e-01) (9, 6, 5.00000000000000000000e-01) (0, 6, 0.00000000000000000000e+00) (4, 4, 5.00000000000000000000e-01) (0, 4, 0.00000000000000000000e+00) 
connections (connected_to_neuron, weight)=(0, -1.13049543072351941220e+01) (1, 1.79424485185207682747e+00) (2, 1.39503084201948479581e+00) (3, 2.49349926529404755660e-02) (4, 3.24275342580310654839e+00) (5, -4.57462905145046949684e-01) (6, -3.46707827129356049856e-01) (7, 3.36311759171442892224e+00) (8, -9.98697345287926308011e-01) (0, 7.57547855593980123956e+00) (1, -2.87856393259326059919e+00) (2, -2.78785999084373470325e+00) (3, -1.09748247651543962000e+00) (4, -4.43851062150964814634e+00) (5, 8.88146950562462733636e-01) (6, 3.61736698288459834760e-01) (7, -4.12897599856684127673e+00) (8, 4.08180422484932936555e+00) (0, 3.87645181504697191599e+01) (1, -5.81120261052928022139e+00) (2, -3.28760406073277255956e+00) (3, 1.24967514708561444614e+00) (4, -5.36490242024528551923e+00) (5, 5.62466849706819704835e+00) (6, 1.95281636212079345860e+00) (7, -5.06609254671859066121e+00) (8, 2.42995505399902214094e+01) (9, 7.66283699914425575628e+00) (10, -1.50120990964663789669e+01) (11, -1.15326718851369425245e+00) (12, -9.75355452442584369699e-01) 
