FANN_FLO_2.1
num_layers=3
learning_rate=0.700000
connection_rate=1.000000
network_type=0
learning_momentum=0.000000
training_algorithm=2
train_error_function=1
train_stop_function=1
cascade_output_change_fraction=0.010000
quickprop_decay=-0.000100
quickprop_mu=1.750000
rprop_increase_factor=1.200000
rprop_decrease_factor=0.500000
rprop_delta_min=0.000000
rprop_delta_max=50.000000
rprop_delta_zero=0.100000
cascade_output_stagnation_epochs=12
cascade_candidate_change_fraction=0.010000
cascade_candidate_stagnation_epochs=12
cascade_max_out_epochs=150
cascade_min_out_epochs=50
cascade_max_cand_epochs=150
cascade_min_cand_epochs=50
cascade_num_candidate_groups=2
bit_fail_limit=1.00000000000000005551e-01
cascade_candidate_limit=1.00000000000000000000e+03
cascade_weight_multiplier=4.00000000000000022204e-01
cascade_activation_functions_count=10
cascade_activation_functions=3 5 7 8 10 11 14 15 16 17 
cascade_activation_steepnesses_count=4
cascade_activation_steepnesses=2.50000000000000000000e-01 5.00000000000000000000e-01 7.50000000000000000000e-01 1.00000000000000000000e+00 
layer_sizes=15 4 2 
scale_included=0
neurons (num_inputs, activation_function, activation_steepness)=(0, 0, 0.00000000000000000000e+00) (0, 0, 0.00000000000000000000e+00) (0, 0, 0.00000000000000000000e+00) (0, 0, 0.00000000000000000000e+00) (0, 0, 0.00000000000000000000e+00) (0, 0, 0.00000000000000000000e+00) (0, 0, 0.00000000000000000000e+00) (0, 0, 0.00000000000000000000e+00) (0, 0, 0.00000000000000000000e+00) (0, 0, 0.00000000000000000000e+00) (0, 0, 0.00000000000000000000e+00) (0, 0, 0.00000000000000000000e+00) (0, 0, 0.00000000000000000000e+00) (0, 0, 0.00000000000000000000e+00) (0, 0, 0.00000000000000000000e+00) (15, 6, 5.00000000000000000000e-01) (15, 6, 5.00000000000000000000e-01) (15, 6, 5.00000000000000000000e-01) (0, 6, 0.00000000000000000000e+00) (4, 4, 5.00000000000000000000e-01) (0, 4, 0.00000000000000000000e+00) 
connections (connected_to_neuron, weight)=(0, 1.76377413581458641900e+00) (1, 6.04091837749117788192e-01) (2, 9.61943932308466309600e-01) (3, 1.49973407100344235943e+00) (4, -5.65736033082613554157e-01) (5, 8.33203336033063513000e-01) (6, 5.70723255320025657511e-01) (7, 5.02559029652310473857e-01) (8, 2.79202654479471545912e+00) (9, 8.76921163680987936218e-01) (10, 5.81396793170405601359e-01) (11, 4.99296859993172748027e-01) (12, -2.17948419167300455612e+00) (13, 1.16383321527335992229e-01) (14, 1.30863632022591724891e+00) (0, -4.54686629589951252228e+00) (1, 1.05155425540373297366e+01) (2, -8.21946196335892054208e-01) (3, 3.74627413021549449113e-01) (4, 1.35453571390157034848e+00) (5, -2.52319022670359049965e-01) (6, -5.45793610152373043221e-03) (7, 4.66329620546423531668e-02) (8, 1.05211844763920279178e+01) (9, -4.13870878174871892341e-01) (10, -1.23595616095630050912e-01) (11, -6.17203621798432938705e-02) (12, 1.82759540015033472571e+00) (13, 1.05771288595364065799e+01) (14, -8.58800975590624293687e-01) (0, -1.71739913576395597516e+00) (1, 1.83675487815888027754e+00) (2, -1.36475997488795866563e-02) (3, 1.44666671701162874442e-01) (4, 3.02587994217147271403e-01) (5, 2.71155039071311665388e-01) (6, 2.98619887453947463474e-01) (7, 3.51255583239231561343e-01) (8, 1.80532717063577274885e+00) (9, -8.42633985143634439696e-02) (10, 4.49678710324201980075e-01) (11, 4.78877207858000197849e-01) (12, 6.31675633806317082808e-01) (13, 1.77211021363289455977e+00) (14, 8.25014728296191157675e-02) (15, -3.42492849066802529379e+00) (16, 1.05049345812962027225e+01) (17, 4.08623090607557748477e-01) (18, -7.60712875038065394762e-01) 
