FANN_FLO_2.1
num_layers=3
learning_rate=0.700000
connection_rate=1.000000
network_type=0
learning_momentum=0.000000
training_algorithm=2
train_error_function=1
train_stop_function=1
cascade_output_change_fraction=0.010000
quickprop_decay=-0.000100
quickprop_mu=1.750000
rprop_increase_factor=1.200000
rprop_decrease_factor=0.500000
rprop_delta_min=0.000000
rprop_delta_max=50.000000
rprop_delta_zero=0.100000
cascade_output_stagnation_epochs=12
cascade_candidate_change_fraction=0.010000
cascade_candidate_stagnation_epochs=12
cascade_max_out_epochs=150
cascade_min_out_epochs=50
cascade_max_cand_epochs=150
cascade_min_cand_epochs=50
cascade_num_candidate_groups=2
bit_fail_limit=1.00000000000000005551e-01
cascade_candidate_limit=1.00000000000000000000e+03
cascade_weight_multiplier=4.00000000000000022204e-01
cascade_activation_functions_count=10
cascade_activation_functions=3 5 7 8 10 11 14 15 16 17 
cascade_activation_steepnesses_count=4
cascade_activation_steepnesses=2.50000000000000000000e-01 5.00000000000000000000e-01 7.50000000000000000000e-01 1.00000000000000000000e+00 
layer_sizes=12 4 2 
scale_included=0
neurons (num_inputs, activation_function, activation_steepness)=(0, 0, 0.00000000000000000000e+00) (0, 0, 0.00000000000000000000e+00) (0, 0, 0.00000000000000000000e+00) (0, 0, 0.00000000000000000000e+00) (0, 0, 0.00000000000000000000e+00) (0, 0, 0.00000000000000000000e+00) (0, 0, 0.00000000000000000000e+00) (0, 0, 0.00000000000000000000e+00) (0, 0, 0.00000000000000000000e+00) (0, 0, 0.00000000000000000000e+00) (0, 0, 0.00000000000000000000e+00) (0, 0, 0.00000000000000000000e+00) (12, 6, 5.00000000000000000000e-01) (12, 6, 5.00000000000000000000e-01) (12, 6, 5.00000000000000000000e-01) (0, 6, 0.00000000000000000000e+00) (4, 4, 5.00000000000000000000e-01) (0, 4, 0.00000000000000000000e+00) 
connections (connected_to_neuron, weight)=(0, -2.24479811277203067377e+00) (1, -1.66305874344870252557e+00) (2, 1.92884583129822502201e+01) (3, -1.49237385283542511871e+00) (4, 1.24337255322456541329e+00) (5, -2.12186304187210916794e+00) (6, -3.53424963705152883620e+00) (7, 1.94092748455046866241e+01) (8, -5.28636223981409880679e+00) (9, -2.46975534071204483322e-01) (10, -3.50933175909082462063e-01) (11, -3.20868402895607296443e+00) (0, 3.61247034186853235860e-02) (1, 5.87435560606444973075e+00) (2, 1.79084283227376173109e+00) (3, -3.79717832274877320486e+00) (4, -9.42604267030705433861e-01) (5, -7.42025410285839548408e+00) (6, -7.36021166196712961494e+00) (7, 1.78069254869870374769e+00) (8, -6.10200939480480997190e+00) (9, 3.28380194788822166174e+00) (10, -6.02317041316042001142e+00) (11, -1.32189629190776658518e+00) (0, -1.06151552344486477253e-01) (1, -3.22012691918541715808e+00) (2, 2.12490119068112592871e+00) (3, -9.93431265807553365299e-01) (4, -2.20950955177401686669e+00) (5, -7.35888053328931679431e+00) (6, -7.40602694303930153552e+00) (7, 2.07895621685471754247e+00) (8, -5.07390165051824770792e-01) (9, 7.11575203384781218574e+00) (10, -1.04409311197395329174e+01) (11, -8.98969244982622539553e-01) (12, 5.18331324840828244760e+00) (13, 6.12900959389259369914e+00) (14, 7.93903217660293036850e-01) (15, -3.08021068145923049286e+00) 
