FANN_FLO_2.1
num_layers=3
learning_rate=0.700000
connection_rate=1.000000
network_type=0
learning_momentum=0.000000
training_algorithm=2
train_error_function=1
train_stop_function=1
cascade_output_change_fraction=0.010000
quickprop_decay=-0.000100
quickprop_mu=1.750000
rprop_increase_factor=1.200000
rprop_decrease_factor=0.500000
rprop_delta_min=0.000000
rprop_delta_max=50.000000
rprop_delta_zero=0.100000
cascade_output_stagnation_epochs=12
cascade_candidate_change_fraction=0.010000
cascade_candidate_stagnation_epochs=12
cascade_max_out_epochs=150
cascade_min_out_epochs=50
cascade_max_cand_epochs=150
cascade_min_cand_epochs=50
cascade_num_candidate_groups=2
bit_fail_limit=1.00000000000000005551e-01
cascade_candidate_limit=1.00000000000000000000e+03
cascade_weight_multiplier=4.00000000000000022204e-01
cascade_activation_functions_count=10
cascade_activation_functions=3 5 7 8 10 11 14 15 16 17 
cascade_activation_steepnesses_count=4
cascade_activation_steepnesses=2.50000000000000000000e-01 5.00000000000000000000e-01 7.50000000000000000000e-01 1.00000000000000000000e+00 
layer_sizes=7 4 2 
scale_included=0
neurons (num_inputs, activation_function, activation_steepness)=(0, 0, 0.00000000000000000000e+00) (0, 0, 0.00000000000000000000e+00) (0, 0, 0.00000000000000000000e+00) (0, 0, 0.00000000000000000000e+00) (0, 0, 0.00000000000000000000e+00) (0, 0, 0.00000000000000000000e+00) (0, 0, 0.00000000000000000000e+00) (7, 6, 5.00000000000000000000e-01) (7, 6, 5.00000000000000000000e-01) (7, 6, 5.00000000000000000000e-01) (0, 6, 0.00000000000000000000e+00) (4, 4, 5.00000000000000000000e-01) (0, 4, 0.00000000000000000000e+00) 
connections (connected_to_neuron, weight)=(0, 1.86983359558795436683e+00) (1, -1.59244726494641852810e+00) (2, -1.14504636845969365311e+00) (3, -1.32913107365798599524e+00) (4, 1.44916158453943300088e+00) (5, 1.43633406148674058755e+00) (6, 1.07696415071394202556e+00) (0, -3.35407075918191521779e-01) (1, 3.83619213355247623554e-01) (2, 3.75209503237722152846e+00) (3, 2.47707996728603663250e-01) (4, -1.38301827803205323875e-01) (5, -1.06052824154447403182e-01) (6, 1.12262434810888166864e-02) (0, -1.33205790916634958521e+00) (1, 1.96029413781608763401e+00) (2, 2.03807486143510496746e+00) (3, 3.33849520735877980382e-01) (4, -1.00022072147217122584e+00) (5, -9.50279479730990805919e-01) (6, -9.89208442974952029125e-01) (7, -1.40307418114660897857e+01) (8, 1.93410047836167553470e-01) (9, 4.99707568510380983895e+00) (10, -1.31196842882458009072e+00) 
