FANN_FLO_2.1
num_layers=3
learning_rate=0.700000
connection_rate=1.000000
network_type=0
learning_momentum=0.000000
training_algorithm=2
train_error_function=1
train_stop_function=1
cascade_output_change_fraction=0.010000
quickprop_decay=-0.000100
quickprop_mu=1.750000
rprop_increase_factor=1.200000
rprop_decrease_factor=0.500000
rprop_delta_min=0.000000
rprop_delta_max=50.000000
rprop_delta_zero=0.100000
cascade_output_stagnation_epochs=12
cascade_candidate_change_fraction=0.010000
cascade_candidate_stagnation_epochs=12
cascade_max_out_epochs=150
cascade_min_out_epochs=50
cascade_max_cand_epochs=150
cascade_min_cand_epochs=50
cascade_num_candidate_groups=2
bit_fail_limit=1.00000000000000005551e-01
cascade_candidate_limit=1.00000000000000000000e+03
cascade_weight_multiplier=4.00000000000000022204e-01
cascade_activation_functions_count=10
cascade_activation_functions=3 5 7 8 10 11 14 15 16 17 
cascade_activation_steepnesses_count=4
cascade_activation_steepnesses=2.50000000000000000000e-01 5.00000000000000000000e-01 7.50000000000000000000e-01 1.00000000000000000000e+00 
layer_sizes=14 4 2 
scale_included=0
neurons (num_inputs, activation_function, activation_steepness)=(0, 0, 0.00000000000000000000e+00) (0, 0, 0.00000000000000000000e+00) (0, 0, 0.00000000000000000000e+00) (0, 0, 0.00000000000000000000e+00) (0, 0, 0.00000000000000000000e+00) (0, 0, 0.00000000000000000000e+00) (0, 0, 0.00000000000000000000e+00) (0, 0, 0.00000000000000000000e+00) (0, 0, 0.00000000000000000000e+00) (0, 0, 0.00000000000000000000e+00) (0, 0, 0.00000000000000000000e+00) (0, 0, 0.00000000000000000000e+00) (0, 0, 0.00000000000000000000e+00) (0, 0, 0.00000000000000000000e+00) (14, 6, 5.00000000000000000000e-01) (14, 6, 5.00000000000000000000e-01) (14, 6, 5.00000000000000000000e-01) (0, 6, 0.00000000000000000000e+00) (4, 4, 5.00000000000000000000e-01) (0, 4, 0.00000000000000000000e+00) 
connections (connected_to_neuron, weight)=(0, -2.30104641405561594070e+00) (1, 1.55989513312878980145e+00) (2, 2.66015962693603835731e+00) (3, -2.35040673464654092939e+00) (4, -3.72164752919821109622e-02) (5, -2.36633332297323351057e+00) (6, 1.27917844342158559812e+00) (7, -2.00276694492949075554e-01) (8, -3.72477577399475845432e-01) (9, -8.77481195259354196381e-01) (10, 1.46869635078850024890e+00) (11, 6.11711105820745282280e-01) (12, 7.74689745879627911229e-01) (13, -1.02718947979544505955e+00) (0, -2.25198397947171358169e+00) (1, 1.60721754049363507733e+00) (2, 2.43219002803234962684e+00) (3, -2.38734769299743776472e+00) (4, -9.28661046816387988900e-03) (5, -2.61729757221404613077e+00) (6, 1.19995724694894079221e+00) (7, -2.29753188089979715203e-01) (8, -2.37649971019489952839e-01) (9, -6.17958336404181851620e-01) (10, 1.47168991956653827380e+00) (11, 5.38001647708028607475e-01) (12, 8.88980545825220680456e-01) (13, -1.06924011710022837107e+00) (0, 3.00847470788319393264e+00) (1, -6.81873057461491072218e-01) (2, -1.65228858510122633696e+00) (3, 3.33995755863125776131e+00) (4, 1.01439343931281977795e+00) (5, 3.26553811234171842415e+00) (6, -8.41873423263262199434e-01) (7, 5.84627121997261522957e-01) (8, 1.43249338027120609595e+00) (9, 1.88638823121417376072e+00) (10, -8.61505207024844676944e-01) (11, 4.46134001700539128965e-01) (12, -3.64625443626340195458e-01) (13, 1.90173484898221034634e+00) (14, 1.23744775490260696671e+01) (15, 1.72555862298084079498e+01) (16, -2.92285601353355817267e+00) (17, -1.02753444912766322972e+00) 
