FANN_FLO_2.1
num_layers=3
learning_rate=0.700000
connection_rate=1.000000
network_type=0
learning_momentum=0.000000
training_algorithm=2
train_error_function=1
train_stop_function=1
cascade_output_change_fraction=0.010000
quickprop_decay=-0.000100
quickprop_mu=1.750000
rprop_increase_factor=1.200000
rprop_decrease_factor=0.500000
rprop_delta_min=0.000000
rprop_delta_max=50.000000
rprop_delta_zero=0.100000
cascade_output_stagnation_epochs=12
cascade_candidate_change_fraction=0.010000
cascade_candidate_stagnation_epochs=12
cascade_max_out_epochs=150
cascade_min_out_epochs=50
cascade_max_cand_epochs=150
cascade_min_cand_epochs=50
cascade_num_candidate_groups=2
bit_fail_limit=1.00000000000000005551e-01
cascade_candidate_limit=1.00000000000000000000e+03
cascade_weight_multiplier=4.00000000000000022204e-01
cascade_activation_functions_count=10
cascade_activation_functions=3 5 7 8 10 11 14 15 16 17 
cascade_activation_steepnesses_count=4
cascade_activation_steepnesses=2.50000000000000000000e-01 5.00000000000000000000e-01 7.50000000000000000000e-01 1.00000000000000000000e+00 
layer_sizes=15 4 2 
scale_included=0
neurons (num_inputs, activation_function, activation_steepness)=(0, 0, 0.00000000000000000000e+00) (0, 0, 0.00000000000000000000e+00) (0, 0, 0.00000000000000000000e+00) (0, 0, 0.00000000000000000000e+00) (0, 0, 0.00000000000000000000e+00) (0, 0, 0.00000000000000000000e+00) (0, 0, 0.00000000000000000000e+00) (0, 0, 0.00000000000000000000e+00) (0, 0, 0.00000000000000000000e+00) (0, 0, 0.00000000000000000000e+00) (0, 0, 0.00000000000000000000e+00) (0, 0, 0.00000000000000000000e+00) (0, 0, 0.00000000000000000000e+00) (0, 0, 0.00000000000000000000e+00) (0, 0, 0.00000000000000000000e+00) (15, 6, 5.00000000000000000000e-01) (15, 6, 5.00000000000000000000e-01) (15, 6, 5.00000000000000000000e-01) (0, 6, 0.00000000000000000000e+00) (4, 4, 5.00000000000000000000e-01) (0, 4, 0.00000000000000000000e+00) 
connections (connected_to_neuron, weight)=(0, 2.34408108760287037242e+00) (1, -5.88210969408478412390e+00) (2, 1.02158634140134618740e+00) (3, 2.52069834817339633037e-01) (4, -7.12098380499441296898e-02) (5, 9.23326196748131988734e-01) (6, 2.45151940975953763768e+00) (7, 2.48796161506940549657e+00) (8, -5.88815379878010425330e+00) (9, 1.74674531536618848904e+00) (10, 2.39479767773915996898e+00) (11, 2.42902763430644696996e+00) (12, -5.91011890014137897253e+00) (13, -5.91634280969824466467e+00) (14, -1.40533770682980951872e-01) (0, -7.91679581519375452636e-01) (1, 9.25455840154897013683e-01) (2, -8.92368162890683103150e-01) (3, -1.26726473711968545821e+00) (4, -5.56995043655179392084e-02) (5, -3.72616771214132058709e-01) (6, -8.68776215132485041259e-01) (7, -7.16470470544109949707e-01) (8, 9.86897209509621897716e-01) (9, -7.82068652924309382080e-01) (10, -8.45760187026272425292e-01) (11, -8.20129929002533564208e-01) (12, 1.04121850602270238362e+00) (13, 1.07639281623006932698e+00) (14, -9.30483171502123784791e-01) (0, -7.75323256071815736234e-01) (1, 9.59641243990669856601e-01) (2, -4.47928797706847320326e-02) (3, 2.27390385713693909953e-01) (4, 1.97195470639895975573e+00) (5, -9.11326239969740159452e-01) (6, -7.63321711834678895414e-01) (7, -9.23968202587375886381e-01) (8, 9.63228445228348384433e-01) (9, -9.31880942698726899565e-01) (10, -8.02850946005592591703e-01) (11, -8.41432242807159669340e-01) (12, 1.08373976844192543290e+00) (13, 1.09965045350433388016e+00) (14, 5.10755340170745641970e-01) (15, -5.83357053985323581458e+00) (16, 8.76083717086324487155e-01) (17, 3.50888735822186992319e-01) (18, 3.86449404705580673580e-02) 
