FANN_FLO_2.1
num_layers=3
learning_rate=0.700000
connection_rate=1.000000
network_type=0
learning_momentum=0.000000
training_algorithm=2
train_error_function=1
train_stop_function=1
cascade_output_change_fraction=0.010000
quickprop_decay=-0.000100
quickprop_mu=1.750000
rprop_increase_factor=1.200000
rprop_decrease_factor=0.500000
rprop_delta_min=0.000000
rprop_delta_max=50.000000
rprop_delta_zero=0.100000
cascade_output_stagnation_epochs=12
cascade_candidate_change_fraction=0.010000
cascade_candidate_stagnation_epochs=12
cascade_max_out_epochs=150
cascade_min_out_epochs=50
cascade_max_cand_epochs=150
cascade_min_cand_epochs=50
cascade_num_candidate_groups=2
bit_fail_limit=1.00000000000000005551e-01
cascade_candidate_limit=1.00000000000000000000e+03
cascade_weight_multiplier=4.00000000000000022204e-01
cascade_activation_functions_count=10
cascade_activation_functions=3 5 7 8 10 11 14 15 16 17 
cascade_activation_steepnesses_count=4
cascade_activation_steepnesses=2.50000000000000000000e-01 5.00000000000000000000e-01 7.50000000000000000000e-01 1.00000000000000000000e+00 
layer_sizes=7 4 2 
scale_included=0
neurons (num_inputs, activation_function, activation_steepness)=(0, 0, 0.00000000000000000000e+00) (0, 0, 0.00000000000000000000e+00) (0, 0, 0.00000000000000000000e+00) (0, 0, 0.00000000000000000000e+00) (0, 0, 0.00000000000000000000e+00) (0, 0, 0.00000000000000000000e+00) (0, 0, 0.00000000000000000000e+00) (7, 6, 5.00000000000000000000e-01) (7, 6, 5.00000000000000000000e-01) (7, 6, 5.00000000000000000000e-01) (0, 6, 0.00000000000000000000e+00) (4, 4, 5.00000000000000000000e-01) (0, 4, 0.00000000000000000000e+00) 
connections (connected_to_neuron, weight)=(0, 2.22765829262667924837e+00) (1, -2.27110305872316153852e+00) (2, -1.68334624092631024439e+00) (3, -3.68532490464037632005e-01) (4, 1.46635626217955317152e+00) (5, 1.29745756796234812391e+00) (6, 1.39650800785654749525e+00) (0, -6.90756942916950555933e-01) (1, 9.33166037676264048528e-01) (2, 1.28596319069155784476e+00) (3, -2.78800350623497408820e-02) (4, -6.53262132817896246095e-01) (5, -5.69911005014570481997e-01) (6, -6.39643291050585149904e-01) (0, -2.88945131092228102432e+00) (1, 1.83936084573595159952e+00) (2, 2.90755204002615430525e+00) (3, -2.23090417946724239862e-01) (4, -1.32198971896888517463e+00) (5, -1.27774619698049329841e+00) (6, -1.30598076819898389900e+00) (7, -7.20808549726232161703e+00) (8, 2.06115962704001898231e+00) (9, 5.23735184218009841572e+00) (10, -1.62426668507555449494e+00) 
