FANN_FLO_2.1
num_layers=3
learning_rate=0.700000
connection_rate=1.000000
network_type=0
learning_momentum=0.000000
training_algorithm=2
train_error_function=1
train_stop_function=1
cascade_output_change_fraction=0.010000
quickprop_decay=-0.000100
quickprop_mu=1.750000
rprop_increase_factor=1.200000
rprop_decrease_factor=0.500000
rprop_delta_min=0.000000
rprop_delta_max=50.000000
rprop_delta_zero=0.100000
cascade_output_stagnation_epochs=12
cascade_candidate_change_fraction=0.010000
cascade_candidate_stagnation_epochs=12
cascade_max_out_epochs=150
cascade_min_out_epochs=50
cascade_max_cand_epochs=150
cascade_min_cand_epochs=50
cascade_num_candidate_groups=2
bit_fail_limit=1.00000000000000005551e-01
cascade_candidate_limit=1.00000000000000000000e+03
cascade_weight_multiplier=4.00000000000000022204e-01
cascade_activation_functions_count=10
cascade_activation_functions=3 5 7 8 10 11 14 15 16 17 
cascade_activation_steepnesses_count=4
cascade_activation_steepnesses=2.50000000000000000000e-01 5.00000000000000000000e-01 7.50000000000000000000e-01 1.00000000000000000000e+00 
layer_sizes=8 4 2 
scale_included=0
neurons (num_inputs, activation_function, activation_steepness)=(0, 0, 0.00000000000000000000e+00) (0, 0, 0.00000000000000000000e+00) (0, 0, 0.00000000000000000000e+00) (0, 0, 0.00000000000000000000e+00) (0, 0, 0.00000000000000000000e+00) (0, 0, 0.00000000000000000000e+00) (0, 0, 0.00000000000000000000e+00) (0, 0, 0.00000000000000000000e+00) (8, 6, 5.00000000000000000000e-01) (8, 6, 5.00000000000000000000e-01) (8, 6, 5.00000000000000000000e-01) (0, 6, 0.00000000000000000000e+00) (4, 4, 5.00000000000000000000e-01) (0, 4, 0.00000000000000000000e+00) 
connections (connected_to_neuron, weight)=(0, -1.82334392198211547864e+00) (1, 7.00353670619135293407e+00) (2, 3.35340033982310492533e-01) (3, -1.15213629890895896679e+00) (4, -3.18796932603811478124e-01) (5, -3.49214374925588821874e-01) (6, -7.83341686320862873316e-01) (7, -1.31799246658302338098e+00) (0, 4.10091247166408767733e-01) (1, -9.84789597853331311050e-01) (2, -5.90333567933796904414e-02) (3, 2.67635885382904281649e-01) (4, -3.85315916614294567966e-02) (5, 9.15894286359594661517e-02) (6, 1.50320597144489115360e-01) (7, 2.28532368832952442750e-01) (0, -1.46695020258009650727e-01) (1, 1.14196417898765245624e+00) (2, 2.64703041402247096769e-01) (3, -1.63651818990290381928e-01) (4, 3.17257969675662887532e-01) (5, -5.73892440662211039681e-03) (6, 1.22661561144845956961e-02) (7, -8.46985184870717444650e-02) (8, 7.11414365969305428905e+00) (9, -7.86322398830836433170e-01) (10, 2.29163198767307063619e-01) (11, -1.29360574909176206937e+00) 
