FANN_FLO_2.1
num_layers=3
learning_rate=0.700000
connection_rate=1.000000
network_type=0
learning_momentum=0.000000
training_algorithm=2
train_error_function=1
train_stop_function=1
cascade_output_change_fraction=0.010000
quickprop_decay=-0.000100
quickprop_mu=1.750000
rprop_increase_factor=1.200000
rprop_decrease_factor=0.500000
rprop_delta_min=0.000000
rprop_delta_max=50.000000
rprop_delta_zero=0.100000
cascade_output_stagnation_epochs=12
cascade_candidate_change_fraction=0.010000
cascade_candidate_stagnation_epochs=12
cascade_max_out_epochs=150
cascade_min_out_epochs=50
cascade_max_cand_epochs=150
cascade_min_cand_epochs=50
cascade_num_candidate_groups=2
bit_fail_limit=1.00000000000000005551e-01
cascade_candidate_limit=1.00000000000000000000e+03
cascade_weight_multiplier=4.00000000000000022204e-01
cascade_activation_functions_count=10
cascade_activation_functions=3 5 7 8 10 11 14 15 16 17 
cascade_activation_steepnesses_count=4
cascade_activation_steepnesses=2.50000000000000000000e-01 5.00000000000000000000e-01 7.50000000000000000000e-01 1.00000000000000000000e+00 
layer_sizes=9 4 2 
scale_included=0
neurons (num_inputs, activation_function, activation_steepness)=(0, 0, 0.00000000000000000000e+00) (0, 0, 0.00000000000000000000e+00) (0, 0, 0.00000000000000000000e+00) (0, 0, 0.00000000000000000000e+00) (0, 0, 0.00000000000000000000e+00) (0, 0, 0.00000000000000000000e+00) (0, 0, 0.00000000000000000000e+00) (0, 0, 0.00000000000000000000e+00) (0, 0, 0.00000000000000000000e+00) (9, 6, 5.00000000000000000000e-01) (9, 6, 5.00000000000000000000e-01) (9, 6, 5.00000000000000000000e-01) (0, 6, 0.00000000000000000000e+00) (4, 4, 5.00000000000000000000e-01) (0, 4, 0.00000000000000000000e+00) 
connections (connected_to_neuron, weight)=(0, 1.27838548932435891459e+00) (1, -1.10042670197522496345e+00) (2, -5.35011482831531437476e-01) (3, -2.65716538585712092058e-01) (4, -1.37050760891922651652e+00) (5, 1.37934461117990658785e+00) (6, 6.83195733258000537091e-01) (7, -2.52436692813589980133e+00) (8, 1.37304453535298254252e+00) (0, -1.71386252324633159283e+00) (1, 2.29276565909556229172e+00) (2, 8.33028676012825375352e-01) (3, 5.03933117407628028417e-01) (4, 2.68993032365877438039e+00) (5, -8.81589638244473450257e-01) (6, -4.90716021421509496214e-01) (7, 1.87163847231764379764e+00) (8, -8.30601895701790438054e-01) (0, 1.24975277397992989847e+00) (1, -1.21525075860059095234e+00) (2, -6.52938520011001499732e-01) (3, -3.18020586761961043809e-01) (4, -1.41860681381710707072e+00) (5, 1.43857593716390774752e+00) (6, 7.01920196812671814968e-01) (7, -9.77146116457630387053e-01) (8, 1.39673538489560034037e+00) (9, -1.63628480431430283204e+01) (10, 3.05177422879085957774e+00) (11, -4.74363853946155984431e+01) (12, -6.22704216868041449118e-01) 
