FANN_FLO_2.1
num_layers=3
learning_rate=0.700000
connection_rate=1.000000
network_type=0
learning_momentum=0.000000
training_algorithm=2
train_error_function=1
train_stop_function=1
cascade_output_change_fraction=0.010000
quickprop_decay=-0.000100
quickprop_mu=1.750000
rprop_increase_factor=1.200000
rprop_decrease_factor=0.500000
rprop_delta_min=0.000000
rprop_delta_max=50.000000
rprop_delta_zero=0.100000
cascade_output_stagnation_epochs=12
cascade_candidate_change_fraction=0.010000
cascade_candidate_stagnation_epochs=12
cascade_max_out_epochs=150
cascade_min_out_epochs=50
cascade_max_cand_epochs=150
cascade_min_cand_epochs=50
cascade_num_candidate_groups=2
bit_fail_limit=1.00000000000000005551e-01
cascade_candidate_limit=1.00000000000000000000e+03
cascade_weight_multiplier=4.00000000000000022204e-01
cascade_activation_functions_count=10
cascade_activation_functions=3 5 7 8 10 11 14 15 16 17 
cascade_activation_steepnesses_count=4
cascade_activation_steepnesses=2.50000000000000000000e-01 5.00000000000000000000e-01 7.50000000000000000000e-01 1.00000000000000000000e+00 
layer_sizes=8 4 2 
scale_included=0
neurons (num_inputs, activation_function, activation_steepness)=(0, 0, 0.00000000000000000000e+00) (0, 0, 0.00000000000000000000e+00) (0, 0, 0.00000000000000000000e+00) (0, 0, 0.00000000000000000000e+00) (0, 0, 0.00000000000000000000e+00) (0, 0, 0.00000000000000000000e+00) (0, 0, 0.00000000000000000000e+00) (0, 0, 0.00000000000000000000e+00) (8, 6, 5.00000000000000000000e-01) (8, 6, 5.00000000000000000000e-01) (8, 6, 5.00000000000000000000e-01) (0, 6, 0.00000000000000000000e+00) (4, 4, 5.00000000000000000000e-01) (0, 4, 0.00000000000000000000e+00) 
connections (connected_to_neuron, weight)=(0, -7.39124937404403103969e-01) (1, 1.83522360736158907102e+00) (2, 2.18373685507341069867e-01) (3, -8.18840307751753093690e-02) (4, 5.46862347316531938191e-01) (5, 6.29414356781638151261e-01) (6, 2.19698520453058065982e+00) (7, -8.13754499749562293376e-02) (0, -6.31451605309256924770e-01) (1, 1.93934273684052005393e+00) (2, 2.25360188960569307604e-01) (3, -2.84163006287082298140e-02) (4, 5.75739471506862443562e-01) (5, 6.64697400762236600968e-01) (6, 2.31122168601833122281e+00) (7, -8.24638158873936683024e-02) (0, -2.78765831250743900682e+00) (1, 2.61235785228559791449e+00) (2, -4.91910882448094499697e-01) (3, -4.92448099111455095400e-01) (4, 1.51564175116785770925e+00) (5, 2.62942956399619509611e+00) (6, 1.76809611908279173953e+00) (7, -1.55295928834572416477e+00) (8, 1.27910442933101009544e+00) (9, 1.28700301333922695335e+00) (10, 3.92455402891942668475e+01) (11, -2.08695030576666873401e+00) 
