FANN_FLO_2.1
num_layers=3
learning_rate=0.700000
connection_rate=1.000000
network_type=0
learning_momentum=0.000000
training_algorithm=2
train_error_function=1
train_stop_function=1
cascade_output_change_fraction=0.010000
quickprop_decay=-0.000100
quickprop_mu=1.750000
rprop_increase_factor=1.200000
rprop_decrease_factor=0.500000
rprop_delta_min=0.000000
rprop_delta_max=50.000000
rprop_delta_zero=0.100000
cascade_output_stagnation_epochs=12
cascade_candidate_change_fraction=0.010000
cascade_candidate_stagnation_epochs=12
cascade_max_out_epochs=150
cascade_min_out_epochs=50
cascade_max_cand_epochs=150
cascade_min_cand_epochs=50
cascade_num_candidate_groups=2
bit_fail_limit=1.00000000000000005551e-01
cascade_candidate_limit=1.00000000000000000000e+03
cascade_weight_multiplier=4.00000000000000022204e-01
cascade_activation_functions_count=10
cascade_activation_functions=3 5 7 8 10 11 14 15 16 17 
cascade_activation_steepnesses_count=4
cascade_activation_steepnesses=2.50000000000000000000e-01 5.00000000000000000000e-01 7.50000000000000000000e-01 1.00000000000000000000e+00 
layer_sizes=12 4 2 
scale_included=0
neurons (num_inputs, activation_function, activation_steepness)=(0, 0, 0.00000000000000000000e+00) (0, 0, 0.00000000000000000000e+00) (0, 0, 0.00000000000000000000e+00) (0, 0, 0.00000000000000000000e+00) (0, 0, 0.00000000000000000000e+00) (0, 0, 0.00000000000000000000e+00) (0, 0, 0.00000000000000000000e+00) (0, 0, 0.00000000000000000000e+00) (0, 0, 0.00000000000000000000e+00) (0, 0, 0.00000000000000000000e+00) (0, 0, 0.00000000000000000000e+00) (0, 0, 0.00000000000000000000e+00) (12, 6, 5.00000000000000000000e-01) (12, 6, 5.00000000000000000000e-01) (12, 6, 5.00000000000000000000e-01) (0, 6, 0.00000000000000000000e+00) (4, 4, 5.00000000000000000000e-01) (0, 4, 0.00000000000000000000e+00) 
connections (connected_to_neuron, weight)=(0, -1.28736054414459316630e-01) (1, 5.52805870461248072267e-01) (2, 2.03341724498795617393e-01) (3, 2.01769044275959541501e-02) (4, 9.82440629567980061587e-01) (5, -1.10408502175644507304e+00) (6, 3.73513114880624019776e+00) (7, 6.94263738847433198309e-01) (8, -1.20298030330971350566e+00) (9, 3.73659667800965511475e+00) (10, 3.59239041488471233521e+00) (11, 5.26591438225528923889e-02) (0, -4.70715048420820070252e-01) (1, 1.35665452020257903953e+00) (2, 4.22475726911258731011e-01) (3, -6.47714217381893664349e-03) (4, 1.20300687828290442383e+00) (5, -2.87367304194813355522e+00) (6, 8.70581779707980452088e+00) (7, 1.79862898608058063843e+00) (8, -2.75665889460688218193e+00) (9, 8.54780495990824995545e+00) (10, 8.72715882290911970642e+00) (11, -1.48756072926739230100e-01) (0, 7.88025760015745646569e-01) (1, -6.50301682856324170245e-01) (2, -1.15782277029425451076e-01) (3, 3.03552050322623445666e-01) (4, -1.38173808940275577584e+00) (5, 3.97097022574361924185e+00) (6, 2.40822534354773853948e+00) (7, -1.12139979124794941789e+00) (8, 3.98671125363525513663e+00) (9, 2.36650576161590908697e+00) (10, 2.34568157138673161199e+00) (11, 4.96391158758949235796e-01) (12, 2.35202137991456350363e+00) (13, 8.73914135326457319763e+00) (14, -5.49155941842381878359e+00) (15, -1.35867730784634127561e-01) 
