FANN_FLO_2.1
num_layers=3
learning_rate=0.700000
connection_rate=1.000000
network_type=0
learning_momentum=0.000000
training_algorithm=2
train_error_function=1
train_stop_function=1
cascade_output_change_fraction=0.010000
quickprop_decay=-0.000100
quickprop_mu=1.750000
rprop_increase_factor=1.200000
rprop_decrease_factor=0.500000
rprop_delta_min=0.000000
rprop_delta_max=50.000000
rprop_delta_zero=0.100000
cascade_output_stagnation_epochs=12
cascade_candidate_change_fraction=0.010000
cascade_candidate_stagnation_epochs=12
cascade_max_out_epochs=150
cascade_min_out_epochs=50
cascade_max_cand_epochs=150
cascade_min_cand_epochs=50
cascade_num_candidate_groups=2
bit_fail_limit=1.00000000000000005551e-01
cascade_candidate_limit=1.00000000000000000000e+03
cascade_weight_multiplier=4.00000000000000022204e-01
cascade_activation_functions_count=10
cascade_activation_functions=3 5 7 8 10 11 14 15 16 17 
cascade_activation_steepnesses_count=4
cascade_activation_steepnesses=2.50000000000000000000e-01 5.00000000000000000000e-01 7.50000000000000000000e-01 1.00000000000000000000e+00 
layer_sizes=7 4 2 
scale_included=0
neurons (num_inputs, activation_function, activation_steepness)=(0, 0, 0.00000000000000000000e+00) (0, 0, 0.00000000000000000000e+00) (0, 0, 0.00000000000000000000e+00) (0, 0, 0.00000000000000000000e+00) (0, 0, 0.00000000000000000000e+00) (0, 0, 0.00000000000000000000e+00) (0, 0, 0.00000000000000000000e+00) (7, 6, 5.00000000000000000000e-01) (7, 6, 5.00000000000000000000e-01) (7, 6, 5.00000000000000000000e-01) (0, 6, 0.00000000000000000000e+00) (4, 4, 5.00000000000000000000e-01) (0, 4, 0.00000000000000000000e+00) 
connections (connected_to_neuron, weight)=(0, -4.19823303624542543133e+00) (1, 1.39236909401959874089e+00) (2, 1.52162606147474721574e+00) (3, -1.13259267546376871105e-01) (4, -9.34929569720478914618e-01) (5, -4.25555883790326217042e-01) (6, -5.73584769356852097744e-01) (0, 3.86073666600749287880e+00) (1, -2.63871509752390931425e+00) (2, -3.01812622694372478804e+00) (3, -4.40645228622234874649e-01) (4, 1.83096163702167635812e+00) (5, 1.68387385266473055268e+00) (6, 1.71028084703584104531e+00) (0, -4.09103132962735482892e+00) (1, 1.35886580375380017216e+00) (2, 1.45667973784155324601e+00) (3, -2.23599225767097120610e-01) (4, -9.98893590181322954535e-01) (5, -4.74902971531224238344e-01) (6, -5.56112278688555283779e-01) (7, 2.23491150941431504506e+00) (8, -6.25697727494399380532e+00) (9, 3.76765309808370485456e+00) (10, -1.22388721971751679440e+00) 
