FANN_FLO_2.1
num_layers=3
learning_rate=0.700000
connection_rate=1.000000
network_type=0
learning_momentum=0.000000
training_algorithm=2
train_error_function=1
train_stop_function=1
cascade_output_change_fraction=0.010000
quickprop_decay=-0.000100
quickprop_mu=1.750000
rprop_increase_factor=1.200000
rprop_decrease_factor=0.500000
rprop_delta_min=0.000000
rprop_delta_max=50.000000
rprop_delta_zero=0.100000
cascade_output_stagnation_epochs=12
cascade_candidate_change_fraction=0.010000
cascade_candidate_stagnation_epochs=12
cascade_max_out_epochs=150
cascade_min_out_epochs=50
cascade_max_cand_epochs=150
cascade_min_cand_epochs=50
cascade_num_candidate_groups=2
bit_fail_limit=1.00000000000000005551e-01
cascade_candidate_limit=1.00000000000000000000e+03
cascade_weight_multiplier=4.00000000000000022204e-01
cascade_activation_functions_count=10
cascade_activation_functions=3 5 7 8 10 11 14 15 16 17 
cascade_activation_steepnesses_count=4
cascade_activation_steepnesses=2.50000000000000000000e-01 5.00000000000000000000e-01 7.50000000000000000000e-01 1.00000000000000000000e+00 
layer_sizes=13 4 2 
scale_included=0
neurons (num_inputs, activation_function, activation_steepness)=(0, 0, 0.00000000000000000000e+00) (0, 0, 0.00000000000000000000e+00) (0, 0, 0.00000000000000000000e+00) (0, 0, 0.00000000000000000000e+00) (0, 0, 0.00000000000000000000e+00) (0, 0, 0.00000000000000000000e+00) (0, 0, 0.00000000000000000000e+00) (0, 0, 0.00000000000000000000e+00) (0, 0, 0.00000000000000000000e+00) (0, 0, 0.00000000000000000000e+00) (0, 0, 0.00000000000000000000e+00) (0, 0, 0.00000000000000000000e+00) (0, 0, 0.00000000000000000000e+00) (13, 6, 5.00000000000000000000e-01) (13, 6, 5.00000000000000000000e-01) (13, 6, 5.00000000000000000000e-01) (0, 6, 0.00000000000000000000e+00) (4, 4, 5.00000000000000000000e-01) (0, 4, 0.00000000000000000000e+00) 
connections (connected_to_neuron, weight)=(0, -5.62038200746067495572e+00) (1, 1.96857398360340773991e+00) (2, 1.10954099203991374267e+00) (3, 3.49088357549487970921e-01) (4, 1.05901165437138589098e+00) (5, 3.55224968213911140857e-01) (6, 2.65136100633329763188e-01) (7, 9.54308032103123426992e-01) (8, -1.16189516279137716737e+00) (9, 2.57627255397580523510e-01) (10, 1.34933787073825639524e+00) (11, 5.15400688817465368885e-01) (12, -1.45906289715834613929e+00) (0, 4.37941347848022921596e+00) (1, -1.98155066660277379142e+00) (2, -1.57798794468673642122e+00) (3, -2.68372386502626003590e+00) (4, -3.30700684724215365762e+00) (5, -4.58455990303967553245e+00) (6, -3.74212856744889288407e+00) (7, 6.98642435938606976009e+00) (8, 9.48645486937513204850e+00) (9, 4.99180816967709972687e+00) (10, 6.61489723603324697443e-01) (11, 1.18421229103423062412e+01) (12, 1.12426544092100755279e+00) (0, -4.74217004066455682931e+00) (1, 1.20822197975305822837e+00) (2, 9.59506327702912331645e-01) (3, 5.58433381048020094362e-01) (4, 1.09221545681077780721e+00) (5, 7.00355116852301895491e-01) (6, 8.88572607736691000291e-01) (7, 1.14399501356011046305e+00) (8, -8.14099581850422970852e-01) (9, 1.19101648996614417619e+00) (10, 1.46388095851873201170e+00) (11, 2.22250709278594404950e+00) (12, -9.82848287852491009353e-01) (13, 1.32781259833522540248e+01) (14, -4.46723893187078591183e+00) (15, 6.02746937791908621307e+00) (16, -1.15408362337519143637e+00) 
