FANN_FLO_2.1
num_layers=3
learning_rate=0.700000
connection_rate=1.000000
network_type=0
learning_momentum=0.000000
training_algorithm=2
train_error_function=1
train_stop_function=1
cascade_output_change_fraction=0.010000
quickprop_decay=-0.000100
quickprop_mu=1.750000
rprop_increase_factor=1.200000
rprop_decrease_factor=0.500000
rprop_delta_min=0.000000
rprop_delta_max=50.000000
rprop_delta_zero=0.100000
cascade_output_stagnation_epochs=12
cascade_candidate_change_fraction=0.010000
cascade_candidate_stagnation_epochs=12
cascade_max_out_epochs=150
cascade_min_out_epochs=50
cascade_max_cand_epochs=150
cascade_min_cand_epochs=50
cascade_num_candidate_groups=2
bit_fail_limit=1.00000000000000005551e-01
cascade_candidate_limit=1.00000000000000000000e+03
cascade_weight_multiplier=4.00000000000000022204e-01
cascade_activation_functions_count=10
cascade_activation_functions=3 5 7 8 10 11 14 15 16 17 
cascade_activation_steepnesses_count=4
cascade_activation_steepnesses=2.50000000000000000000e-01 5.00000000000000000000e-01 7.50000000000000000000e-01 1.00000000000000000000e+00 
layer_sizes=8 4 2 
scale_included=0
neurons (num_inputs, activation_function, activation_steepness)=(0, 0, 0.00000000000000000000e+00) (0, 0, 0.00000000000000000000e+00) (0, 0, 0.00000000000000000000e+00) (0, 0, 0.00000000000000000000e+00) (0, 0, 0.00000000000000000000e+00) (0, 0, 0.00000000000000000000e+00) (0, 0, 0.00000000000000000000e+00) (0, 0, 0.00000000000000000000e+00) (8, 6, 5.00000000000000000000e-01) (8, 6, 5.00000000000000000000e-01) (8, 6, 5.00000000000000000000e-01) (0, 6, 0.00000000000000000000e+00) (4, 4, 5.00000000000000000000e-01) (0, 4, 0.00000000000000000000e+00) 
connections (connected_to_neuron, weight)=(0, -3.47268130114123774188e-01) (1, 1.53161358600017027953e+00) (2, 8.94442722764816622316e-02) (3, 5.45349334972340504812e-01) (4, 1.75044783754669985854e+00) (5, 8.54483459129863787140e-01) (6, 2.11941762590453341986e+00) (7, -9.63608381735681085445e-02) (0, 4.13990562665067329817e+00) (1, -3.25928095317105848139e+00) (2, 8.99485680433449785731e-01) (3, 2.78815277581241749427e-01) (4, -2.05034752738517411785e+00) (5, -2.46204348155596397518e+00) (6, -3.10067138736039860092e+00) (7, 2.06595917767817827126e+00) (0, -7.84455283632330274690e-02) (1, 1.53841738343593048555e+00) (2, 4.05171698486179843179e-01) (3, 3.81278055633874235486e-01) (4, 7.37927350521751068690e-01) (5, 5.26942089652082401585e+00) (6, 2.01813655097529576210e+00) (7, 9.79169935831971510742e-02) (8, 1.77334231751763349294e+00) (9, -2.87686461792949437211e+01) (10, 1.50059323494986252001e+00) (11, -1.50205761787767011484e+00) 
