FANN_FLO_2.1
num_layers=3
learning_rate=0.700000
connection_rate=1.000000
network_type=0
learning_momentum=0.000000
training_algorithm=2
train_error_function=1
train_stop_function=1
cascade_output_change_fraction=0.010000
quickprop_decay=-0.000100
quickprop_mu=1.750000
rprop_increase_factor=1.200000
rprop_decrease_factor=0.500000
rprop_delta_min=0.000000
rprop_delta_max=50.000000
rprop_delta_zero=0.100000
cascade_output_stagnation_epochs=12
cascade_candidate_change_fraction=0.010000
cascade_candidate_stagnation_epochs=12
cascade_max_out_epochs=150
cascade_min_out_epochs=50
cascade_max_cand_epochs=150
cascade_min_cand_epochs=50
cascade_num_candidate_groups=2
bit_fail_limit=1.00000000000000005551e-01
cascade_candidate_limit=1.00000000000000000000e+03
cascade_weight_multiplier=4.00000000000000022204e-01
cascade_activation_functions_count=10
cascade_activation_functions=3 5 7 8 10 11 14 15 16 17 
cascade_activation_steepnesses_count=4
cascade_activation_steepnesses=2.50000000000000000000e-01 5.00000000000000000000e-01 7.50000000000000000000e-01 1.00000000000000000000e+00 
layer_sizes=7 4 2 
scale_included=0
neurons (num_inputs, activation_function, activation_steepness)=(0, 0, 0.00000000000000000000e+00) (0, 0, 0.00000000000000000000e+00) (0, 0, 0.00000000000000000000e+00) (0, 0, 0.00000000000000000000e+00) (0, 0, 0.00000000000000000000e+00) (0, 0, 0.00000000000000000000e+00) (0, 0, 0.00000000000000000000e+00) (7, 6, 5.00000000000000000000e-01) (7, 6, 5.00000000000000000000e-01) (7, 6, 5.00000000000000000000e-01) (0, 6, 0.00000000000000000000e+00) (4, 4, 5.00000000000000000000e-01) (0, 4, 0.00000000000000000000e+00) 
connections (connected_to_neuron, weight)=(0, 5.59845006464355976483e-01) (1, -4.61973083395328276701e-01) (2, -8.79326818488908368288e-01) (3, 5.30241313057532859254e-01) (4, 6.20981855688923611858e-01) (5, 5.23620044079767699152e-01) (6, 4.48482473579393636776e-01) (0, -2.22120750378729381325e+00) (1, 1.98473312194574647016e+00) (2, 2.50216704794365885078e+00) (3, -3.68023078257657898504e-01) (4, -1.94399391170343460722e+00) (5, -1.13692200543071941787e+00) (6, -1.21989817158963398391e+00) (0, -1.28357876125928616062e+00) (1, 1.93822425404764242529e+00) (2, 2.12198571487850617956e+00) (3, -3.28365898325527094670e-01) (4, -5.03635228220605468685e-01) (5, -3.94054733757161601559e-01) (6, -3.76598485354566081540e-01) (7, -1.14134909155511365952e+00) (8, 1.32690911697852698126e+01) (9, 3.26796097799525453453e-01) (10, -1.89132574628790917082e+00) 
