FANN_FLO_2.1
num_layers=3
learning_rate=0.700000
connection_rate=1.000000
network_type=0
learning_momentum=0.000000
training_algorithm=2
train_error_function=1
train_stop_function=1
cascade_output_change_fraction=0.010000
quickprop_decay=-0.000100
quickprop_mu=1.750000
rprop_increase_factor=1.200000
rprop_decrease_factor=0.500000
rprop_delta_min=0.000000
rprop_delta_max=50.000000
rprop_delta_zero=0.100000
cascade_output_stagnation_epochs=12
cascade_candidate_change_fraction=0.010000
cascade_candidate_stagnation_epochs=12
cascade_max_out_epochs=150
cascade_min_out_epochs=50
cascade_max_cand_epochs=150
cascade_min_cand_epochs=50
cascade_num_candidate_groups=2
bit_fail_limit=1.00000000000000005551e-01
cascade_candidate_limit=1.00000000000000000000e+03
cascade_weight_multiplier=4.00000000000000022204e-01
cascade_activation_functions_count=10
cascade_activation_functions=3 5 7 8 10 11 14 15 16 17 
cascade_activation_steepnesses_count=4
cascade_activation_steepnesses=2.50000000000000000000e-01 5.00000000000000000000e-01 7.50000000000000000000e-01 1.00000000000000000000e+00 
layer_sizes=11 4 2 
scale_included=0
neurons (num_inputs, activation_function, activation_steepness)=(0, 0, 0.00000000000000000000e+00) (0, 0, 0.00000000000000000000e+00) (0, 0, 0.00000000000000000000e+00) (0, 0, 0.00000000000000000000e+00) (0, 0, 0.00000000000000000000e+00) (0, 0, 0.00000000000000000000e+00) (0, 0, 0.00000000000000000000e+00) (0, 0, 0.00000000000000000000e+00) (0, 0, 0.00000000000000000000e+00) (0, 0, 0.00000000000000000000e+00) (0, 0, 0.00000000000000000000e+00) (11, 6, 5.00000000000000000000e-01) (11, 6, 5.00000000000000000000e-01) (11, 6, 5.00000000000000000000e-01) (0, 6, 0.00000000000000000000e+00) (4, 4, 5.00000000000000000000e-01) (0, 4, 0.00000000000000000000e+00) 
connections (connected_to_neuron, weight)=(0, -6.94947093132871757115e-02) (1, 7.23393656359391123978e-01) (2, 5.72359693813488834557e-01) (3, 3.92267470102077964178e-01) (4, 5.59117004570565193089e-02) (5, 6.48387194778199060785e-01) (6, 5.93013859068071247371e-01) (7, 5.13450304209280561363e-02) (8, -3.72367241871335574732e-02) (9, 1.11233825439124273116e-01) (10, -1.41142496487013519024e-01) (0, 1.56040477814062250594e+00) (1, -1.80351883350117048188e+00) (2, -1.98703598412868154277e+00) (3, 2.48930348978925880532e-01) (4, -7.06296616093006313086e-01) (5, -1.90319540577351542510e+00) (6, -1.17931887156425174723e+00) (7, 1.81449915301882369612e+00) (8, 1.34616077358728336577e+00) (9, 1.81920916047774894331e+00) (10, 2.06430579563216998196e+00) (0, -9.19901998969629541847e-01) (1, 2.71864502347071246291e+00) (2, 1.14712242972377453931e+00) (3, -6.52592252084261525980e-01) (4, -8.55198879248172505463e-01) (5, 9.81076591945937770411e-01) (6, 3.46289532583033188295e-01) (7, -7.49744089657425338835e-01) (8, -1.95394491060989361486e+00) (9, -7.26351434702038223357e-01) (10, -9.42360390586636231802e-01) (11, 1.63178122903411337852e+00) (12, -2.50290226955956356392e+01) (13, 3.35928195713044486226e+00) (14, -1.53330598340882540143e+00) 
