FANN_FLO_2.1
num_layers=3
learning_rate=0.700000
connection_rate=1.000000
network_type=0
learning_momentum=0.000000
training_algorithm=2
train_error_function=1
train_stop_function=1
cascade_output_change_fraction=0.010000
quickprop_decay=-0.000100
quickprop_mu=1.750000
rprop_increase_factor=1.200000
rprop_decrease_factor=0.500000
rprop_delta_min=0.000000
rprop_delta_max=50.000000
rprop_delta_zero=0.100000
cascade_output_stagnation_epochs=12
cascade_candidate_change_fraction=0.010000
cascade_candidate_stagnation_epochs=12
cascade_max_out_epochs=150
cascade_min_out_epochs=50
cascade_max_cand_epochs=150
cascade_min_cand_epochs=50
cascade_num_candidate_groups=2
bit_fail_limit=1.00000000000000005551e-01
cascade_candidate_limit=1.00000000000000000000e+03
cascade_weight_multiplier=4.00000000000000022204e-01
cascade_activation_functions_count=10
cascade_activation_functions=3 5 7 8 10 11 14 15 16 17 
cascade_activation_steepnesses_count=4
cascade_activation_steepnesses=2.50000000000000000000e-01 5.00000000000000000000e-01 7.50000000000000000000e-01 1.00000000000000000000e+00 
layer_sizes=8 4 2 
scale_included=0
neurons (num_inputs, activation_function, activation_steepness)=(0, 0, 0.00000000000000000000e+00) (0, 0, 0.00000000000000000000e+00) (0, 0, 0.00000000000000000000e+00) (0, 0, 0.00000000000000000000e+00) (0, 0, 0.00000000000000000000e+00) (0, 0, 0.00000000000000000000e+00) (0, 0, 0.00000000000000000000e+00) (0, 0, 0.00000000000000000000e+00) (8, 6, 5.00000000000000000000e-01) (8, 6, 5.00000000000000000000e-01) (8, 6, 5.00000000000000000000e-01) (0, 6, 0.00000000000000000000e+00) (4, 4, 5.00000000000000000000e-01) (0, 4, 0.00000000000000000000e+00) 
connections (connected_to_neuron, weight)=(0, 2.70142234304683759305e+00) (1, -1.68507495101139004312e+00) (2, -2.20102142231129427330e+00) (3, 9.30985592294863328888e-01) (4, 9.90634236564378545253e-01) (5, 1.11575307332489970236e+00) (6, 7.22760167759708971325e-01) (7, 1.11984938763592722921e+00) (0, -9.62962279149216393570e-01) (1, 9.28662452062552379317e-01) (2, 1.82199080274216473896e+00) (3, 1.78520924233859124008e-01) (4, -8.67793867417496311845e-01) (5, -2.30951600461418521393e-01) (6, -1.49868697043676862846e-01) (7, -2.90557280867512091049e-01) (0, 2.70866591671245648953e+00) (1, -1.67932726021453793130e+00) (2, -2.24612535969876070396e+00) (3, 8.62793043245009050324e-01) (4, 1.10634087406609538107e+00) (5, 9.63841203679780766933e-01) (6, 7.15327215236477464977e-01) (7, 1.05714551739905338046e+00) (8, -9.74241238152456645594e+00) (9, 9.23376273686912552030e-01) (10, -9.77065206384134654627e+00) (11, -7.98939941998512370702e-01) 
