FANN_FLO_2.1
num_layers=3
learning_rate=0.700000
connection_rate=1.000000
network_type=0
learning_momentum=0.000000
training_algorithm=2
train_error_function=1
train_stop_function=1
cascade_output_change_fraction=0.010000
quickprop_decay=-0.000100
quickprop_mu=1.750000
rprop_increase_factor=1.200000
rprop_decrease_factor=0.500000
rprop_delta_min=0.000000
rprop_delta_max=50.000000
rprop_delta_zero=0.100000
cascade_output_stagnation_epochs=12
cascade_candidate_change_fraction=0.010000
cascade_candidate_stagnation_epochs=12
cascade_max_out_epochs=150
cascade_min_out_epochs=50
cascade_max_cand_epochs=150
cascade_min_cand_epochs=50
cascade_num_candidate_groups=2
bit_fail_limit=1.00000000000000005551e-01
cascade_candidate_limit=1.00000000000000000000e+03
cascade_weight_multiplier=4.00000000000000022204e-01
cascade_activation_functions_count=10
cascade_activation_functions=3 5 7 8 10 11 14 15 16 17 
cascade_activation_steepnesses_count=4
cascade_activation_steepnesses=2.50000000000000000000e-01 5.00000000000000000000e-01 7.50000000000000000000e-01 1.00000000000000000000e+00 
layer_sizes=11 4 2 
scale_included=0
neurons (num_inputs, activation_function, activation_steepness)=(0, 0, 0.00000000000000000000e+00) (0, 0, 0.00000000000000000000e+00) (0, 0, 0.00000000000000000000e+00) (0, 0, 0.00000000000000000000e+00) (0, 0, 0.00000000000000000000e+00) (0, 0, 0.00000000000000000000e+00) (0, 0, 0.00000000000000000000e+00) (0, 0, 0.00000000000000000000e+00) (0, 0, 0.00000000000000000000e+00) (0, 0, 0.00000000000000000000e+00) (0, 0, 0.00000000000000000000e+00) (11, 6, 5.00000000000000000000e-01) (11, 6, 5.00000000000000000000e-01) (11, 6, 5.00000000000000000000e-01) (0, 6, 0.00000000000000000000e+00) (4, 4, 5.00000000000000000000e-01) (0, 4, 0.00000000000000000000e+00) 
connections (connected_to_neuron, weight)=(0, 6.85189486593795749059e-01) (1, -3.88602377449039693147e+00) (2, 3.96329570192884395041e-01) (3, 4.70036265032255151652e-01) (4, 1.07589349686105784087e+00) (5, 4.00877971211024919374e-01) (6, 8.30628954917980166783e-01) (7, 7.90427529365612113743e-01) (8, 7.40225666315151298313e-01) (9, 7.39329577536178672581e-01) (10, 8.49922918827129336705e-01) (0, -4.17040088600710512345e-01) (1, 1.46355388690348631187e+00) (2, 1.43645269149962478972e-01) (3, 1.26186253195056191645e-01) (4, -1.25509279419299124569e+00) (5, 9.59791631152718122122e-02) (6, -1.35182779389342311305e-03) (7, -1.31847811688300131649e+00) (8, -1.32260726590271948666e+00) (9, -1.36119809572216032834e+00) (10, 1.98446114603911261121e-02) (0, 7.43543469459606254368e-01) (1, -3.90013618741993184358e+00) (2, 4.67105868835042903342e-01) (3, 4.55906246380769708537e-01) (4, 1.07642162381609018951e+00) (5, 4.15150303402492204530e-01) (6, 7.30031901151729556432e-01) (7, 7.52669603676391685276e-01) (8, 1.03658361523349817901e+00) (9, 7.57190176398349845677e-01) (10, 8.24697294385028922825e-01) (11, -3.89592070852283711702e+00) (12, 6.24270885474280001759e-01) (13, -3.90184315268759007722e+00) (14, -5.44285082950184295747e-01) 
