FANN_FLO_2.1
num_layers=3
learning_rate=0.700000
connection_rate=1.000000
network_type=0
learning_momentum=0.000000
training_algorithm=2
train_error_function=1
train_stop_function=1
cascade_output_change_fraction=0.010000
quickprop_decay=-0.000100
quickprop_mu=1.750000
rprop_increase_factor=1.200000
rprop_decrease_factor=0.500000
rprop_delta_min=0.000000
rprop_delta_max=50.000000
rprop_delta_zero=0.100000
cascade_output_stagnation_epochs=12
cascade_candidate_change_fraction=0.010000
cascade_candidate_stagnation_epochs=12
cascade_max_out_epochs=150
cascade_min_out_epochs=50
cascade_max_cand_epochs=150
cascade_min_cand_epochs=50
cascade_num_candidate_groups=2
bit_fail_limit=1.00000000000000005551e-01
cascade_candidate_limit=1.00000000000000000000e+03
cascade_weight_multiplier=4.00000000000000022204e-01
cascade_activation_functions_count=10
cascade_activation_functions=3 5 7 8 10 11 14 15 16 17 
cascade_activation_steepnesses_count=4
cascade_activation_steepnesses=2.50000000000000000000e-01 5.00000000000000000000e-01 7.50000000000000000000e-01 1.00000000000000000000e+00 
layer_sizes=13 4 2 
scale_included=0
neurons (num_inputs, activation_function, activation_steepness)=(0, 0, 0.00000000000000000000e+00) (0, 0, 0.00000000000000000000e+00) (0, 0, 0.00000000000000000000e+00) (0, 0, 0.00000000000000000000e+00) (0, 0, 0.00000000000000000000e+00) (0, 0, 0.00000000000000000000e+00) (0, 0, 0.00000000000000000000e+00) (0, 0, 0.00000000000000000000e+00) (0, 0, 0.00000000000000000000e+00) (0, 0, 0.00000000000000000000e+00) (0, 0, 0.00000000000000000000e+00) (0, 0, 0.00000000000000000000e+00) (0, 0, 0.00000000000000000000e+00) (13, 6, 5.00000000000000000000e-01) (13, 6, 5.00000000000000000000e-01) (13, 6, 5.00000000000000000000e-01) (0, 6, 0.00000000000000000000e+00) (4, 4, 5.00000000000000000000e-01) (0, 4, 0.00000000000000000000e+00) 
connections (connected_to_neuron, weight)=(0, -1.57236471701629998421e+00) (1, 3.08143053198854977026e+00) (2, -1.05472099021902065985e+00) (3, -3.50551621359491738517e+00) (4, 5.38953160917329809898e-01) (5, 6.16323781299698891800e-01) (6, 1.60868943763583160944e+00) (7, -1.34050306243803829531e+00) (8, -1.13711052104957377473e+00) (9, -1.22639312312133563765e+00) (10, -1.54212946323433253148e+00) (11, -1.53288607550540301183e+00) (12, -8.51593702518263939716e-01) (0, -1.55645469878085496163e+00) (1, 3.11798402662079388037e+00) (2, -8.71582463242912885981e-01) (3, -3.64437509816790017325e+00) (4, 6.71190587853956244224e-01) (5, 4.33093358862507993301e-01) (6, 1.60494505149929977961e+00) (7, -1.40618159187939495425e+00) (8, -1.16265473976857935945e+00) (9, -1.24349061861760867842e+00) (10, -1.50727464882412287572e+00) (11, -1.55269629386940333227e+00) (12, -8.13753976904669884540e-01) (0, -2.70310358966084240961e-01) (1, 5.21750082717650109920e-01) (2, 3.55418530109833374908e-02) (3, -4.33279413510556155043e-01) (4, 1.55909951722227724247e+00) (5, 3.20738249601652036791e-01) (6, 4.73201204333231206789e-01) (7, -1.58958452957803586525e-01) (8, -6.27038008911322691796e-02) (9, -2.57554518431786338972e-01) (10, -7.38003240453395048526e-01) (11, -5.97568178104552205632e-01) (12, -5.63614395855489697107e-02) (13, 8.21304927948081342493e+00) (14, 8.26420174720847455774e+00) (15, 1.89448671133791296528e-01) (16, -1.16825714952745629560e+00) 
