FANN_FLO_2.1
num_layers=3
learning_rate=0.700000
connection_rate=1.000000
network_type=0
learning_momentum=0.000000
training_algorithm=2
train_error_function=1
train_stop_function=1
cascade_output_change_fraction=0.010000
quickprop_decay=-0.000100
quickprop_mu=1.750000
rprop_increase_factor=1.200000
rprop_decrease_factor=0.500000
rprop_delta_min=0.000000
rprop_delta_max=50.000000
rprop_delta_zero=0.100000
cascade_output_stagnation_epochs=12
cascade_candidate_change_fraction=0.010000
cascade_candidate_stagnation_epochs=12
cascade_max_out_epochs=150
cascade_min_out_epochs=50
cascade_max_cand_epochs=150
cascade_min_cand_epochs=50
cascade_num_candidate_groups=2
bit_fail_limit=1.00000000000000005551e-01
cascade_candidate_limit=1.00000000000000000000e+03
cascade_weight_multiplier=4.00000000000000022204e-01
cascade_activation_functions_count=10
cascade_activation_functions=3 5 7 8 10 11 14 15 16 17 
cascade_activation_steepnesses_count=4
cascade_activation_steepnesses=2.50000000000000000000e-01 5.00000000000000000000e-01 7.50000000000000000000e-01 1.00000000000000000000e+00 
layer_sizes=11 4 2 
scale_included=0
neurons (num_inputs, activation_function, activation_steepness)=(0, 0, 0.00000000000000000000e+00) (0, 0, 0.00000000000000000000e+00) (0, 0, 0.00000000000000000000e+00) (0, 0, 0.00000000000000000000e+00) (0, 0, 0.00000000000000000000e+00) (0, 0, 0.00000000000000000000e+00) (0, 0, 0.00000000000000000000e+00) (0, 0, 0.00000000000000000000e+00) (0, 0, 0.00000000000000000000e+00) (0, 0, 0.00000000000000000000e+00) (0, 0, 0.00000000000000000000e+00) (11, 6, 5.00000000000000000000e-01) (11, 6, 5.00000000000000000000e-01) (11, 6, 5.00000000000000000000e-01) (0, 6, 0.00000000000000000000e+00) (4, 4, 5.00000000000000000000e-01) (0, 4, 0.00000000000000000000e+00) 
connections (connected_to_neuron, weight)=(0, -1.18075047394157173208e+00) (1, 3.00883319409031102509e+00) (2, 2.92064498785849557816e-01) (3, -2.62685058721386033298e-01) (4, 3.29633723620291640977e-01) (5, 6.60934086398873160695e-02) (6, -3.47259804811024364035e-01) (7, -3.55783686038149304931e-01) (8, 1.50990919486981134412e+00) (9, -5.87186368917550716162e+00) (10, -6.06434336533171247652e-01) (0, 1.46494312045933017252e+00) (1, -3.23928368134999100647e+00) (2, -3.21416629233400169552e-02) (3, 6.82902892521626392330e-01) (4, -6.69204814114610496700e-02) (5, 4.38630635232942100998e-01) (6, 7.24216652932909932261e-01) (7, 9.77907720893393950234e-01) (8, -1.32991378534775228637e+00) (9, 5.91563822319235477210e+00) (10, 6.47507201672580467999e-01) (0, -7.77036025341758973539e-01) (1, 6.14641400412874960857e-01) (2, 6.26270391563294115400e-01) (3, 9.41790648777361127930e-02) (4, 7.96763986865399065351e-01) (5, 5.16988677950363406666e-01) (6, 2.51043462105500214676e-01) (7, 2.88401436760500479162e-02) (8, 1.02267668872715078443e+00) (9, -7.67106129940757996977e-01) (10, 1.32415132786943723353e-01) (11, 5.83532603820290241003e+00) (12, -5.90540691455330524207e+00) (13, 3.44059649495550234910e-01) (14, -5.93473739468842409472e-01) 
