FANN_FLO_2.1
num_layers=3
learning_rate=0.700000
connection_rate=1.000000
network_type=0
learning_momentum=0.000000
training_algorithm=2
train_error_function=1
train_stop_function=1
cascade_output_change_fraction=0.010000
quickprop_decay=-0.000100
quickprop_mu=1.750000
rprop_increase_factor=1.200000
rprop_decrease_factor=0.500000
rprop_delta_min=0.000000
rprop_delta_max=50.000000
rprop_delta_zero=0.100000
cascade_output_stagnation_epochs=12
cascade_candidate_change_fraction=0.010000
cascade_candidate_stagnation_epochs=12
cascade_max_out_epochs=150
cascade_min_out_epochs=50
cascade_max_cand_epochs=150
cascade_min_cand_epochs=50
cascade_num_candidate_groups=2
bit_fail_limit=1.00000000000000005551e-01
cascade_candidate_limit=1.00000000000000000000e+03
cascade_weight_multiplier=4.00000000000000022204e-01
cascade_activation_functions_count=10
cascade_activation_functions=3 5 7 8 10 11 14 15 16 17 
cascade_activation_steepnesses_count=4
cascade_activation_steepnesses=2.50000000000000000000e-01 5.00000000000000000000e-01 7.50000000000000000000e-01 1.00000000000000000000e+00 
layer_sizes=11 4 2 
scale_included=0
neurons (num_inputs, activation_function, activation_steepness)=(0, 0, 0.00000000000000000000e+00) (0, 0, 0.00000000000000000000e+00) (0, 0, 0.00000000000000000000e+00) (0, 0, 0.00000000000000000000e+00) (0, 0, 0.00000000000000000000e+00) (0, 0, 0.00000000000000000000e+00) (0, 0, 0.00000000000000000000e+00) (0, 0, 0.00000000000000000000e+00) (0, 0, 0.00000000000000000000e+00) (0, 0, 0.00000000000000000000e+00) (0, 0, 0.00000000000000000000e+00) (11, 6, 5.00000000000000000000e-01) (11, 6, 5.00000000000000000000e-01) (11, 6, 5.00000000000000000000e-01) (0, 6, 0.00000000000000000000e+00) (4, 4, 5.00000000000000000000e-01) (0, 4, 0.00000000000000000000e+00) 
connections (connected_to_neuron, weight)=(0, 5.49697581519651978788e-01) (1, -4.57946791521489759980e-01) (2, -2.54260886988714983337e-02) (3, -1.02406663169656797496e-01) (4, 1.62628435518249014891e+00) (5, -9.92013693218340014690e-02) (6, -5.32786891497798675843e-01) (7, -8.92750945594561751140e-02) (8, -3.28760136235720368258e-01) (9, -1.94099816682055892336e-01) (10, 3.28672051247450636158e-01) (0, -2.71570051774545273560e+00) (1, 2.12485377490238258602e+00) (2, 2.19537302917846011141e-02) (3, 1.85347910208606636573e+00) (4, -2.22423459644633814136e+00) (5, -9.63198381371695777631e-01) (6, 3.64993737345437274655e-01) (7, -2.79815706306416500659e-01) (8, 1.54059783084208512527e+00) (9, 3.13811909228717844655e+00) (10, -9.85704455376896215846e-01) (0, -3.72089776006613304205e+00) (1, 2.66756186250387239411e+00) (2, 2.39742631731382616067e+00) (3, 6.28020945770668803654e-01) (4, -1.54067994079712922151e+00) (5, 2.27883740038817661500e+00) (6, 2.31972128199024041351e+00) (7, -3.93049429039193987112e-01) (8, -1.34844049611573535419e-01) (9, 6.29184067063334073744e-01) (10, -3.98196880767690908343e+00) (11, -8.47822360917451889328e-01) (12, 7.85097715167455523222e-01) (13, 1.89590832644368788351e+02) (14, -1.91299203095306236122e+00) 
