FANN_FLO_2.1
num_layers=3
learning_rate=0.700000
connection_rate=1.000000
network_type=0
learning_momentum=0.000000
training_algorithm=2
train_error_function=1
train_stop_function=1
cascade_output_change_fraction=0.010000
quickprop_decay=-0.000100
quickprop_mu=1.750000
rprop_increase_factor=1.200000
rprop_decrease_factor=0.500000
rprop_delta_min=0.000000
rprop_delta_max=50.000000
rprop_delta_zero=0.100000
cascade_output_stagnation_epochs=12
cascade_candidate_change_fraction=0.010000
cascade_candidate_stagnation_epochs=12
cascade_max_out_epochs=150
cascade_min_out_epochs=50
cascade_max_cand_epochs=150
cascade_min_cand_epochs=50
cascade_num_candidate_groups=2
bit_fail_limit=1.00000000000000005551e-01
cascade_candidate_limit=1.00000000000000000000e+03
cascade_weight_multiplier=4.00000000000000022204e-01
cascade_activation_functions_count=10
cascade_activation_functions=3 5 7 8 10 11 14 15 16 17 
cascade_activation_steepnesses_count=4
cascade_activation_steepnesses=2.50000000000000000000e-01 5.00000000000000000000e-01 7.50000000000000000000e-01 1.00000000000000000000e+00 
layer_sizes=10 4 2 
scale_included=0
neurons (num_inputs, activation_function, activation_steepness)=(0, 0, 0.00000000000000000000e+00) (0, 0, 0.00000000000000000000e+00) (0, 0, 0.00000000000000000000e+00) (0, 0, 0.00000000000000000000e+00) (0, 0, 0.00000000000000000000e+00) (0, 0, 0.00000000000000000000e+00) (0, 0, 0.00000000000000000000e+00) (0, 0, 0.00000000000000000000e+00) (0, 0, 0.00000000000000000000e+00) (0, 0, 0.00000000000000000000e+00) (10, 6, 5.00000000000000000000e-01) (10, 6, 5.00000000000000000000e-01) (10, 6, 5.00000000000000000000e-01) (0, 6, 0.00000000000000000000e+00) (4, 4, 5.00000000000000000000e-01) (0, 4, 0.00000000000000000000e+00) 
connections (connected_to_neuron, weight)=(0, -2.82204116306410712767e+00) (1, 2.64801155956861800078e+00) (2, 2.74503992814874919759e+00) (3, 2.35254223398799400258e+00) (4, 2.61093842453610536225e+00) (5, 2.38424161333210848923e+00) (6, 1.67233574783321992108e+00) (7, 4.05711010396092364161e-01) (8, 6.04711133472344954498e+02) (9, -2.69148695930843029345e+00) (0, -9.71839707120907947413e-01) (1, 2.60115474770706134322e+00) (2, -7.52685969710257918308e-01) (3, 1.10968587043953270665e+00) (4, 5.88555048958076323928e-02) (5, 1.07982998304126676103e+00) (6, 1.71212953792330524472e+00) (7, 4.83333239500502942487e-01) (8, 3.64559225430023445824e+02) (9, -2.25479689562739282760e-01) (0, 3.64886276810508336510e+00) (1, 1.36852146624145838416e+01) (2, -1.04048650568295397711e+00) (3, -1.97229188354482531942e+00) (4, -1.35470430840358457836e+00) (5, -1.94078592629899837618e+00) (6, -5.01162697284926839103e+00) (7, -6.20675298151795895585e-01) (8, 2.69504635225301797163e+02) (9, 3.60073143122482086653e+00) (10, 1.51235301775719026551e+01) (11, 1.42413381226618440678e+00) (12, -4.03552226907780564602e+00) (13, -1.40601333534622519039e+00) 
