FANN_FLO_2.1
num_layers=3
learning_rate=0.700000
connection_rate=1.000000
network_type=0
learning_momentum=0.000000
training_algorithm=2
train_error_function=1
train_stop_function=1
cascade_output_change_fraction=0.010000
quickprop_decay=-0.000100
quickprop_mu=1.750000
rprop_increase_factor=1.200000
rprop_decrease_factor=0.500000
rprop_delta_min=0.000000
rprop_delta_max=50.000000
rprop_delta_zero=0.100000
cascade_output_stagnation_epochs=12
cascade_candidate_change_fraction=0.010000
cascade_candidate_stagnation_epochs=12
cascade_max_out_epochs=150
cascade_min_out_epochs=50
cascade_max_cand_epochs=150
cascade_min_cand_epochs=50
cascade_num_candidate_groups=2
bit_fail_limit=1.00000000000000005551e-01
cascade_candidate_limit=1.00000000000000000000e+03
cascade_weight_multiplier=4.00000000000000022204e-01
cascade_activation_functions_count=10
cascade_activation_functions=3 5 7 8 10 11 14 15 16 17 
cascade_activation_steepnesses_count=4
cascade_activation_steepnesses=2.50000000000000000000e-01 5.00000000000000000000e-01 7.50000000000000000000e-01 1.00000000000000000000e+00 
layer_sizes=11 4 2 
scale_included=0
neurons (num_inputs, activation_function, activation_steepness)=(0, 0, 0.00000000000000000000e+00) (0, 0, 0.00000000000000000000e+00) (0, 0, 0.00000000000000000000e+00) (0, 0, 0.00000000000000000000e+00) (0, 0, 0.00000000000000000000e+00) (0, 0, 0.00000000000000000000e+00) (0, 0, 0.00000000000000000000e+00) (0, 0, 0.00000000000000000000e+00) (0, 0, 0.00000000000000000000e+00) (0, 0, 0.00000000000000000000e+00) (0, 0, 0.00000000000000000000e+00) (11, 6, 5.00000000000000000000e-01) (11, 6, 5.00000000000000000000e-01) (11, 6, 5.00000000000000000000e-01) (0, 6, 0.00000000000000000000e+00) (4, 4, 5.00000000000000000000e-01) (0, 4, 0.00000000000000000000e+00) 
connections (connected_to_neuron, weight)=(0, 1.22863904659333265101e+01) (1, -5.64610060165155491774e+00) (2, -3.77590137920929524995e+00) (3, 1.46642183236899259491e+00) (4, 1.14723276517785199857e+00) (5, -3.57636739937420378155e+00) (6, -4.25870706040165458717e+00) (7, 1.99063272624411591316e+00) (8, -1.28245168212814797393e+00) (9, -8.88090413444025394973e-01) (10, 6.24121838171453635624e+00) (0, -1.17644608916294419743e+01) (1, 3.31423987026558286573e+00) (2, 2.69653612253338215154e+00) (3, 5.05069886594552119874e+00) (4, -6.31277945718499600147e-01) (5, 6.58397478064340280213e+00) (6, 3.80193544687801088244e+00) (7, 5.87480707975598193116e+00) (8, 5.88536757406577071272e-01) (9, 4.20299668320156882828e+00) (10, -7.54902694843891275411e+00) (0, 5.24078977745133234301e-01) (1, -4.73265636349082641221e-01) (2, -4.51924092088873186057e-01) (3, 1.98399626432438108692e-01) (4, 8.27570001963525148092e-02) (5, -7.80049670888913415645e-01) (6, -4.50082705249640127598e-02) (7, -1.30357187824029385759e-01) (8, -1.17312563672450775876e+00) (9, -2.33143095699993724290e-02) (10, 1.53990062832669116766e+00) (11, -1.38627253742633058664e+01) (12, 4.09859867501925521083e+01) (13, -4.96264240009366996986e+00) (14, -1.78942097914491426991e+00) 
