FANN_FLO_2.1
num_layers=3
learning_rate=0.700000
connection_rate=1.000000
network_type=0
learning_momentum=0.000000
training_algorithm=2
train_error_function=1
train_stop_function=1
cascade_output_change_fraction=0.010000
quickprop_decay=-0.000100
quickprop_mu=1.750000
rprop_increase_factor=1.200000
rprop_decrease_factor=0.500000
rprop_delta_min=0.000000
rprop_delta_max=50.000000
rprop_delta_zero=0.100000
cascade_output_stagnation_epochs=12
cascade_candidate_change_fraction=0.010000
cascade_candidate_stagnation_epochs=12
cascade_max_out_epochs=150
cascade_min_out_epochs=50
cascade_max_cand_epochs=150
cascade_min_cand_epochs=50
cascade_num_candidate_groups=2
bit_fail_limit=1.00000000000000005551e-01
cascade_candidate_limit=1.00000000000000000000e+03
cascade_weight_multiplier=4.00000000000000022204e-01
cascade_activation_functions_count=10
cascade_activation_functions=3 5 7 8 10 11 14 15 16 17 
cascade_activation_steepnesses_count=4
cascade_activation_steepnesses=2.50000000000000000000e-01 5.00000000000000000000e-01 7.50000000000000000000e-01 1.00000000000000000000e+00 
layer_sizes=9 4 2 
scale_included=0
neurons (num_inputs, activation_function, activation_steepness)=(0, 0, 0.00000000000000000000e+00) (0, 0, 0.00000000000000000000e+00) (0, 0, 0.00000000000000000000e+00) (0, 0, 0.00000000000000000000e+00) (0, 0, 0.00000000000000000000e+00) (0, 0, 0.00000000000000000000e+00) (0, 0, 0.00000000000000000000e+00) (0, 0, 0.00000000000000000000e+00) (0, 0, 0.00000000000000000000e+00) (9, 6, 5.00000000000000000000e-01) (9, 6, 5.00000000000000000000e-01) (9, 6, 5.00000000000000000000e-01) (0, 6, 0.00000000000000000000e+00) (4, 4, 5.00000000000000000000e-01) (0, 4, 0.00000000000000000000e+00) 
connections (connected_to_neuron, weight)=(0, -3.31099898728725605679e+00) (1, 2.35413338178564490732e+00) (2, 9.61640515442264698365e-01) (3, 1.84205784812747475065e+00) (4, -8.74348747357563516047e-01) (5, 7.39974753375273408551e-01) (6, -4.75104833639267906675e-02) (7, -6.68039707194364451581e-01) (8, -2.00297219063656983806e+00) (0, -1.48701204789593410815e+00) (1, 3.75819393129413814592e-01) (2, 4.20268882647504948835e+00) (3, 4.02993731842985258851e+00) (4, 2.23761722479284808074e+00) (5, 1.83538952853494974349e+00) (6, 1.58404478293538852895e+00) (7, 9.57885991113409773767e-01) (8, -1.72036388715625276902e+00) (0, -3.33410790802221868034e+00) (1, 2.61950228425884734662e+00) (2, 2.18864648462056754497e+00) (3, 2.25232356350710150039e+00) (4, -8.14069660634131775367e-01) (5, 8.73391345488164660971e-01) (6, -1.72638262905935369051e-01) (7, -1.23500640132705163943e+00) (8, -3.37134392799120474749e+00) (9, 5.12099727317468822463e+00) (10, 2.04503980247040573204e+00) (11, 4.79968078186081914538e+00) (12, -1.71313432560080114442e+00) 
