FANN_FLO_2.1
num_layers=3
learning_rate=0.700000
connection_rate=1.000000
network_type=0
learning_momentum=0.000000
training_algorithm=2
train_error_function=1
train_stop_function=1
cascade_output_change_fraction=0.010000
quickprop_decay=-0.000100
quickprop_mu=1.750000
rprop_increase_factor=1.200000
rprop_decrease_factor=0.500000
rprop_delta_min=0.000000
rprop_delta_max=50.000000
rprop_delta_zero=0.100000
cascade_output_stagnation_epochs=12
cascade_candidate_change_fraction=0.010000
cascade_candidate_stagnation_epochs=12
cascade_max_out_epochs=150
cascade_min_out_epochs=50
cascade_max_cand_epochs=150
cascade_min_cand_epochs=50
cascade_num_candidate_groups=2
bit_fail_limit=1.00000000000000005551e-01
cascade_candidate_limit=1.00000000000000000000e+03
cascade_weight_multiplier=4.00000000000000022204e-01
cascade_activation_functions_count=10
cascade_activation_functions=3 5 7 8 10 11 14 15 16 17 
cascade_activation_steepnesses_count=4
cascade_activation_steepnesses=2.50000000000000000000e-01 5.00000000000000000000e-01 7.50000000000000000000e-01 1.00000000000000000000e+00 
layer_sizes=6 4 2 
scale_included=0
neurons (num_inputs, activation_function, activation_steepness)=(0, 0, 0.00000000000000000000e+00) (0, 0, 0.00000000000000000000e+00) (0, 0, 0.00000000000000000000e+00) (0, 0, 0.00000000000000000000e+00) (0, 0, 0.00000000000000000000e+00) (0, 0, 0.00000000000000000000e+00) (6, 6, 5.00000000000000000000e-01) (6, 6, 5.00000000000000000000e-01) (6, 6, 5.00000000000000000000e-01) (0, 6, 0.00000000000000000000e+00) (4, 4, 5.00000000000000000000e-01) (0, 4, 0.00000000000000000000e+00) 
connections (connected_to_neuron, weight)=(0, 4.95995928490266546618e+00) (1, -7.61282810259572961797e+00) (2, -6.67201187444893850653e+00) (3, -2.44209619166912000887e-01) (4, -2.02679007716685261054e-01) (5, 4.98295834611798216240e-01) (0, -9.32868476045740635527e+00) (1, -3.01125840839173353203e+00) (2, -4.19899381675154703686e+00) (3, -2.16639913058822664027e+00) (4, -8.74991261563683592195e-02) (5, 8.01478498026797048226e+00) (0, -6.08859874143200663354e+00) (1, 7.08175846316108081879e+00) (2, 6.59682652284473824977e+00) (3, 5.29304788866486464194e-01) (4, -6.43100953483479287343e-01) (5, 4.35795639565037251639e-01) (6, -7.23298480742577520886e+00) (7, -1.62281134349959685892e+01) (8, 1.36799190332591558139e+00) (9, -2.98873148126539378566e+00) 
