FANN_FLO_2.1
num_layers=3
learning_rate=0.700000
connection_rate=1.000000
network_type=0
learning_momentum=0.000000
training_algorithm=2
train_error_function=1
train_stop_function=1
cascade_output_change_fraction=0.010000
quickprop_decay=-0.000100
quickprop_mu=1.750000
rprop_increase_factor=1.200000
rprop_decrease_factor=0.500000
rprop_delta_min=0.000000
rprop_delta_max=50.000000
rprop_delta_zero=0.100000
cascade_output_stagnation_epochs=12
cascade_candidate_change_fraction=0.010000
cascade_candidate_stagnation_epochs=12
cascade_max_out_epochs=150
cascade_min_out_epochs=50
cascade_max_cand_epochs=150
cascade_min_cand_epochs=50
cascade_num_candidate_groups=2
bit_fail_limit=1.00000000000000005551e-01
cascade_candidate_limit=1.00000000000000000000e+03
cascade_weight_multiplier=4.00000000000000022204e-01
cascade_activation_functions_count=10
cascade_activation_functions=3 5 7 8 10 11 14 15 16 17 
cascade_activation_steepnesses_count=4
cascade_activation_steepnesses=2.50000000000000000000e-01 5.00000000000000000000e-01 7.50000000000000000000e-01 1.00000000000000000000e+00 
layer_sizes=18 4 2 
scale_included=0
neurons (num_inputs, activation_function, activation_steepness)=(0, 0, 0.00000000000000000000e+00) (0, 0, 0.00000000000000000000e+00) (0, 0, 0.00000000000000000000e+00) (0, 0, 0.00000000000000000000e+00) (0, 0, 0.00000000000000000000e+00) (0, 0, 0.00000000000000000000e+00) (0, 0, 0.00000000000000000000e+00) (0, 0, 0.00000000000000000000e+00) (0, 0, 0.00000000000000000000e+00) (0, 0, 0.00000000000000000000e+00) (0, 0, 0.00000000000000000000e+00) (0, 0, 0.00000000000000000000e+00) (0, 0, 0.00000000000000000000e+00) (0, 0, 0.00000000000000000000e+00) (0, 0, 0.00000000000000000000e+00) (0, 0, 0.00000000000000000000e+00) (0, 0, 0.00000000000000000000e+00) (0, 0, 0.00000000000000000000e+00) (18, 6, 5.00000000000000000000e-01) (18, 6, 5.00000000000000000000e-01) (18, 6, 5.00000000000000000000e-01) (0, 6, 0.00000000000000000000e+00) (4, 4, 5.00000000000000000000e-01) (0, 4, 0.00000000000000000000e+00) 
connections (connected_to_neuron, weight)=(0, 3.39247133545587553627e-01) (1, 5.72862964601523083630e-01) (2, 9.34563761852553398057e+02) (3, 8.80294908453981062024e-01) (4, -5.98541073598575223969e+00) (5, -3.96530260848182170008e+00) (6, -4.91924938242363651852e+00) (7, 9.34627617105713397905e+02) (8, 1.93908795827713760218e+01) (9, 1.65092135993890121171e+00) (10, 7.10293911105913333692e-01) (11, 6.19029512434224327144e-01) (12, 5.76296511841410064036e-01) (13, 6.14919400267122662207e-01) (14, 6.42553068296186413733e-01) (15, 5.08910588795943752416e-01) (16, 1.40842182514752822797e+00) (17, -9.34538169276039942801e-01) (0, 6.06336273765816446968e-01) (1, 3.72770020324211870388e+00) (2, 1.50000000000000000000e+03) (3, 3.51639133171273421397e+00) (4, -1.31713087675989348746e+00) (5, 1.33173923578703923276e+00) (6, 2.66300871968259356137e+00) (7, 1.50000000000000000000e+03) (8, 7.68134164986674861098e-01) (9, 3.62965399044604941636e+00) (10, 7.02805622287339892829e-01) (11, 7.35527174665796756869e+00) (12, -3.16642125644396976725e+00) (13, 5.96811385755161905031e-01) (14, -3.20579120941916384524e+00) (15, 6.37937560540015091703e+00) (16, 5.80432523619338169851e+00) (17, -3.62148676206575359515e+00) (0, -6.05847625372438192137e-02) (1, -1.90674055032678491095e+00) (2, 4.74397146150339210635e+01) (3, 3.61603929616781560874e-01) (4, 6.33837724850884143279e+00) (5, -2.45346126779299780196e+01) (6, 8.03498682430518407216e+00) (7, 4.75334463238585556155e+01) (8, -2.35927895825390550044e+01) (9, -1.60733350798270291371e+00) (10, -8.03985872615906815852e-01) (11, -5.52045480070622152091e-01) (12, -1.69775464962563771287e+00) (13, -8.51496759335043984507e-01) (14, -1.84365867104632408235e+00) (15, -2.18233112061687206662e+00) (16, -2.99260657666899154705e+00) (17, 9.85413244232402174561e-01) (18, 1.15115441289082864884e+00) (19, 1.53277227960341502211e+01) (20, -9.76622344865624469890e+00) (21, -1.83862799388327613492e+00) 
