FANN_FLO_2.1
num_layers=3
learning_rate=0.700000
connection_rate=1.000000
network_type=0
learning_momentum=0.000000
training_algorithm=2
train_error_function=1
train_stop_function=1
cascade_output_change_fraction=0.010000
quickprop_decay=-0.000100
quickprop_mu=1.750000
rprop_increase_factor=1.200000
rprop_decrease_factor=0.500000
rprop_delta_min=0.000000
rprop_delta_max=50.000000
rprop_delta_zero=0.100000
cascade_output_stagnation_epochs=12
cascade_candidate_change_fraction=0.010000
cascade_candidate_stagnation_epochs=12
cascade_max_out_epochs=150
cascade_min_out_epochs=50
cascade_max_cand_epochs=150
cascade_min_cand_epochs=50
cascade_num_candidate_groups=2
bit_fail_limit=1.00000000000000005551e-01
cascade_candidate_limit=1.00000000000000000000e+03
cascade_weight_multiplier=4.00000000000000022204e-01
cascade_activation_functions_count=10
cascade_activation_functions=3 5 7 8 10 11 14 15 16 17 
cascade_activation_steepnesses_count=4
cascade_activation_steepnesses=2.50000000000000000000e-01 5.00000000000000000000e-01 7.50000000000000000000e-01 1.00000000000000000000e+00 
layer_sizes=9 4 2 
scale_included=0
neurons (num_inputs, activation_function, activation_steepness)=(0, 0, 0.00000000000000000000e+00) (0, 0, 0.00000000000000000000e+00) (0, 0, 0.00000000000000000000e+00) (0, 0, 0.00000000000000000000e+00) (0, 0, 0.00000000000000000000e+00) (0, 0, 0.00000000000000000000e+00) (0, 0, 0.00000000000000000000e+00) (0, 0, 0.00000000000000000000e+00) (0, 0, 0.00000000000000000000e+00) (9, 6, 5.00000000000000000000e-01) (9, 6, 5.00000000000000000000e-01) (9, 6, 5.00000000000000000000e-01) (0, 6, 0.00000000000000000000e+00) (4, 4, 5.00000000000000000000e-01) (0, 4, 0.00000000000000000000e+00) 
connections (connected_to_neuron, weight)=(0, -7.40335615538254376844e+00) (1, 2.56328964363427669326e+00) (2, 2.48657058413882348091e+00) (3, 1.62166172196524849269e+00) (4, -1.12624766697902556345e+00) (5, -1.65586085030723317857e+00) (6, -1.70491616853696514866e+00) (7, -2.11128425782165773938e+00) (8, -1.41607421671552957676e+00) (0, -9.02643799650400646684e-01) (1, 4.70581549155579259569e-01) (2, 6.16873130341337505556e-01) (3, 2.23809805359377889111e-01) (4, -4.93870186963984297845e-02) (5, -5.17402290523664154520e-01) (6, -9.72952425348490024248e-01) (7, -3.26325458026924031252e-01) (8, -1.08862402281409559324e-01) (0, -7.42103643156781789259e+00) (1, 3.79622015453091288251e+00) (2, 2.47201342370171639473e+00) (3, 1.58036402566554201599e+00) (4, -1.25539887159568153141e-01) (5, -1.63082521567035421128e+00) (6, -1.83658640512448956272e+00) (7, -1.24387117510242761753e+00) (8, -1.80775277840854786682e+00) (9, 8.71751589987045605312e+00) (10, 1.95055770803979267036e+00) (11, 2.09599051441227235415e+00) (12, -1.50725643153646204908e+00) 
