FANN_FLO_2.1
num_layers=3
learning_rate=0.700000
connection_rate=1.000000
network_type=0
learning_momentum=0.000000
training_algorithm=2
train_error_function=1
train_stop_function=1
cascade_output_change_fraction=0.010000
quickprop_decay=-0.000100
quickprop_mu=1.750000
rprop_increase_factor=1.200000
rprop_decrease_factor=0.500000
rprop_delta_min=0.000000
rprop_delta_max=50.000000
rprop_delta_zero=0.100000
cascade_output_stagnation_epochs=12
cascade_candidate_change_fraction=0.010000
cascade_candidate_stagnation_epochs=12
cascade_max_out_epochs=150
cascade_min_out_epochs=50
cascade_max_cand_epochs=150
cascade_min_cand_epochs=50
cascade_num_candidate_groups=2
bit_fail_limit=1.00000000000000005551e-01
cascade_candidate_limit=1.00000000000000000000e+03
cascade_weight_multiplier=4.00000000000000022204e-01
cascade_activation_functions_count=10
cascade_activation_functions=3 5 7 8 10 11 14 15 16 17 
cascade_activation_steepnesses_count=4
cascade_activation_steepnesses=2.50000000000000000000e-01 5.00000000000000000000e-01 7.50000000000000000000e-01 1.00000000000000000000e+00 
layer_sizes=9 4 2 
scale_included=0
neurons (num_inputs, activation_function, activation_steepness)=(0, 0, 0.00000000000000000000e+00) (0, 0, 0.00000000000000000000e+00) (0, 0, 0.00000000000000000000e+00) (0, 0, 0.00000000000000000000e+00) (0, 0, 0.00000000000000000000e+00) (0, 0, 0.00000000000000000000e+00) (0, 0, 0.00000000000000000000e+00) (0, 0, 0.00000000000000000000e+00) (0, 0, 0.00000000000000000000e+00) (9, 6, 5.00000000000000000000e-01) (9, 6, 5.00000000000000000000e-01) (9, 6, 5.00000000000000000000e-01) (0, 6, 0.00000000000000000000e+00) (4, 4, 5.00000000000000000000e-01) (0, 4, 0.00000000000000000000e+00) 
connections (connected_to_neuron, weight)=(0, 2.33281482470738010804e+00) (1, -2.20773873724286051612e+00) (2, -2.07013848424287383310e+00) (3, -1.78087724976868977400e+00) (4, 1.25726845552623389679e+00) (5, 1.32955252816379188019e+00) (6, 1.76237360494526917876e+00) (7, 1.68892962592038209380e+00) (8, 1.79294409709366853178e+00) (0, -1.49976090956508190111e+00) (1, 2.29309392380494569963e+00) (2, 9.67580753620407962856e-01) (3, 1.28992035221065237671e+00) (4, -1.10332876389337042333e+00) (5, -1.03714400475335577489e+00) (6, -1.47474722806393176988e+00) (7, -1.36883685980021052586e+00) (8, -1.10756403898311117651e+00) (0, -5.43240830774758265420e-01) (1, 1.52026253822575008190e-01) (2, 1.00365136261880039115e+01) (3, 2.14477057664635983869e+00) (4, -8.07586195767401038292e-02) (5, -1.16000942727375599972e-01) (6, -2.13257312616158101193e-01) (7, -1.80851396014738652340e-01) (8, -6.01393802369123431362e-02) (9, -5.12679568433132626382e+00) (10, 6.16623250092353725194e+00) (11, 4.51102418481061084865e-01) (12, -1.48087133709370166734e+00) 
