FANN_FLO_2.1
num_layers=3
learning_rate=0.700000
connection_rate=1.000000
network_type=0
learning_momentum=0.000000
training_algorithm=2
train_error_function=1
train_stop_function=1
cascade_output_change_fraction=0.010000
quickprop_decay=-0.000100
quickprop_mu=1.750000
rprop_increase_factor=1.200000
rprop_decrease_factor=0.500000
rprop_delta_min=0.000000
rprop_delta_max=50.000000
rprop_delta_zero=0.100000
cascade_output_stagnation_epochs=12
cascade_candidate_change_fraction=0.010000
cascade_candidate_stagnation_epochs=12
cascade_max_out_epochs=150
cascade_min_out_epochs=50
cascade_max_cand_epochs=150
cascade_min_cand_epochs=50
cascade_num_candidate_groups=2
bit_fail_limit=1.00000000000000005551e-01
cascade_candidate_limit=1.00000000000000000000e+03
cascade_weight_multiplier=4.00000000000000022204e-01
cascade_activation_functions_count=10
cascade_activation_functions=3 5 7 8 10 11 14 15 16 17 
cascade_activation_steepnesses_count=4
cascade_activation_steepnesses=2.50000000000000000000e-01 5.00000000000000000000e-01 7.50000000000000000000e-01 1.00000000000000000000e+00 
layer_sizes=11 4 2 
scale_included=0
neurons (num_inputs, activation_function, activation_steepness)=(0, 0, 0.00000000000000000000e+00) (0, 0, 0.00000000000000000000e+00) (0, 0, 0.00000000000000000000e+00) (0, 0, 0.00000000000000000000e+00) (0, 0, 0.00000000000000000000e+00) (0, 0, 0.00000000000000000000e+00) (0, 0, 0.00000000000000000000e+00) (0, 0, 0.00000000000000000000e+00) (0, 0, 0.00000000000000000000e+00) (0, 0, 0.00000000000000000000e+00) (0, 0, 0.00000000000000000000e+00) (11, 6, 5.00000000000000000000e-01) (11, 6, 5.00000000000000000000e-01) (11, 6, 5.00000000000000000000e-01) (0, 6, 0.00000000000000000000e+00) (4, 4, 5.00000000000000000000e-01) (0, 4, 0.00000000000000000000e+00) 
connections (connected_to_neuron, weight)=(0, -4.93905774144583631369e+00) (1, 2.72794226462467426231e+00) (2, 2.25284212605265876661e+00) (3, 4.88852579043787094371e-01) (4, -1.73901482931976780755e+00) (5, 1.69140435919272036358e+00) (6, 1.86403143815525940141e+00) (7, -6.04701761160969741837e-01) (8, -3.30749901145969860128e-01) (9, 4.87160607768032938303e-01) (10, -3.53300182103875437534e+00) (0, -1.38412975956002792799e+00) (1, 2.11490460295918047962e+00) (2, -6.59128108419674951790e-01) (3, 1.18977907235779584161e-01) (4, -1.73906685619311307534e+00) (5, 4.25107562983946141166e-01) (6, 7.56495437742993104280e-01) (7, -4.70503562708821931881e-01) (8, 1.09044780645081140769e+00) (9, 2.89268008094933803953e-01) (10, -9.43603650798022663970e-01) (0, -1.29565532130195970595e+00) (1, -5.40127387500725753000e-01) (2, 3.47412672398500932402e-01) (3, 1.30108521023245948811e+00) (4, 3.30740945957386844878e-01) (5, 6.77068757897641537724e-01) (6, 9.72439267435009774276e-02) (7, 6.21912649430128028349e-01) (8, 6.08402066615804981708e-01) (9, 1.43285793887509105282e+00) (10, -2.29501838580492778519e-01) (11, 4.35319135413410322144e+02) (12, 9.64592967938871836964e-01) (13, 4.63355361722567582472e-01) (14, -1.89235758716802826562e+00) 
