FANN_FLO_2.1
num_layers=3
learning_rate=0.700000
connection_rate=1.000000
network_type=0
learning_momentum=0.000000
training_algorithm=2
train_error_function=1
train_stop_function=1
cascade_output_change_fraction=0.010000
quickprop_decay=-0.000100
quickprop_mu=1.750000
rprop_increase_factor=1.200000
rprop_decrease_factor=0.500000
rprop_delta_min=0.000000
rprop_delta_max=50.000000
rprop_delta_zero=0.100000
cascade_output_stagnation_epochs=12
cascade_candidate_change_fraction=0.010000
cascade_candidate_stagnation_epochs=12
cascade_max_out_epochs=150
cascade_min_out_epochs=50
cascade_max_cand_epochs=150
cascade_min_cand_epochs=50
cascade_num_candidate_groups=2
bit_fail_limit=1.00000000000000005551e-01
cascade_candidate_limit=1.00000000000000000000e+03
cascade_weight_multiplier=4.00000000000000022204e-01
cascade_activation_functions_count=10
cascade_activation_functions=3 5 7 8 10 11 14 15 16 17 
cascade_activation_steepnesses_count=4
cascade_activation_steepnesses=2.50000000000000000000e-01 5.00000000000000000000e-01 7.50000000000000000000e-01 1.00000000000000000000e+00 
layer_sizes=10 4 2 
scale_included=0
neurons (num_inputs, activation_function, activation_steepness)=(0, 0, 0.00000000000000000000e+00) (0, 0, 0.00000000000000000000e+00) (0, 0, 0.00000000000000000000e+00) (0, 0, 0.00000000000000000000e+00) (0, 0, 0.00000000000000000000e+00) (0, 0, 0.00000000000000000000e+00) (0, 0, 0.00000000000000000000e+00) (0, 0, 0.00000000000000000000e+00) (0, 0, 0.00000000000000000000e+00) (0, 0, 0.00000000000000000000e+00) (10, 6, 5.00000000000000000000e-01) (10, 6, 5.00000000000000000000e-01) (10, 6, 5.00000000000000000000e-01) (0, 6, 0.00000000000000000000e+00) (4, 4, 5.00000000000000000000e-01) (0, 4, 0.00000000000000000000e+00) 
connections (connected_to_neuron, weight)=(0, -2.57354435819553417630e+00) (1, 2.46652698789863222828e+00) (2, 2.48627322834954422870e-01) (3, 1.55051274273172801088e+00) (4, 2.32982558196666866834e+00) (5, 1.50117854978606812821e+00) (6, 2.17574773168447643812e+00) (7, 2.11336522836525064761e+00) (8, 2.27207095360639721449e+00) (9, -2.72247069078849746049e+00) (0, -2.77074827003644896806e+00) (1, 2.40951866557030314198e+00) (2, 3.51553603184447449603e-01) (3, 1.51309534582868998598e+00) (4, 2.21153164467099339063e+00) (5, 1.50166827644870393144e+00) (6, 2.55855738426362888660e+00) (7, 2.20519396204788220572e+00) (8, 2.46225431616222367737e+00) (9, -2.72987399000095321000e+00) (0, 2.04389881912277608933e+01) (1, 2.27720025914510015852e-01) (2, 4.25600011992086690871e-01) (3, 9.42609054779429245130e-01) (4, -9.08746137747396875994e-01) (5, -5.98232660648751912724e-01) (6, -6.95655469057489095341e-01) (7, -4.57318620330037728383e-01) (8, -6.09321791884828267705e-01) (9, 6.82897097818689502446e+00) (10, 8.28452261226071762223e+00) (11, 8.31489853994740890641e+00) (12, -1.14399338815934004110e+00) (13, -1.60680003300739060457e+00) 
