FANN_FLO_2.1
num_layers=3
learning_rate=0.700000
connection_rate=1.000000
network_type=0
learning_momentum=0.000000
training_algorithm=2
train_error_function=1
train_stop_function=1
cascade_output_change_fraction=0.010000
quickprop_decay=-0.000100
quickprop_mu=1.750000
rprop_increase_factor=1.200000
rprop_decrease_factor=0.500000
rprop_delta_min=0.000000
rprop_delta_max=50.000000
rprop_delta_zero=0.100000
cascade_output_stagnation_epochs=12
cascade_candidate_change_fraction=0.010000
cascade_candidate_stagnation_epochs=12
cascade_max_out_epochs=150
cascade_min_out_epochs=50
cascade_max_cand_epochs=150
cascade_min_cand_epochs=50
cascade_num_candidate_groups=2
bit_fail_limit=1.00000000000000005551e-01
cascade_candidate_limit=1.00000000000000000000e+03
cascade_weight_multiplier=4.00000000000000022204e-01
cascade_activation_functions_count=10
cascade_activation_functions=3 5 7 8 10 11 14 15 16 17 
cascade_activation_steepnesses_count=4
cascade_activation_steepnesses=2.50000000000000000000e-01 5.00000000000000000000e-01 7.50000000000000000000e-01 1.00000000000000000000e+00 
layer_sizes=17 4 2 
scale_included=0
neurons (num_inputs, activation_function, activation_steepness)=(0, 0, 0.00000000000000000000e+00) (0, 0, 0.00000000000000000000e+00) (0, 0, 0.00000000000000000000e+00) (0, 0, 0.00000000000000000000e+00) (0, 0, 0.00000000000000000000e+00) (0, 0, 0.00000000000000000000e+00) (0, 0, 0.00000000000000000000e+00) (0, 0, 0.00000000000000000000e+00) (0, 0, 0.00000000000000000000e+00) (0, 0, 0.00000000000000000000e+00) (0, 0, 0.00000000000000000000e+00) (0, 0, 0.00000000000000000000e+00) (0, 0, 0.00000000000000000000e+00) (0, 0, 0.00000000000000000000e+00) (0, 0, 0.00000000000000000000e+00) (0, 0, 0.00000000000000000000e+00) (0, 0, 0.00000000000000000000e+00) (17, 6, 5.00000000000000000000e-01) (17, 6, 5.00000000000000000000e-01) (17, 6, 5.00000000000000000000e-01) (0, 6, 0.00000000000000000000e+00) (4, 4, 5.00000000000000000000e-01) (0, 4, 0.00000000000000000000e+00) 
connections (connected_to_neuron, weight)=(0, -5.35423673987447124034e+00) (1, 1.38509955143173518755e-01) (2, -2.02991645233234274670e+00) (3, -5.57936021447032626241e+00) (4, 1.50000000000000000000e+03) (5, 1.04699999916553520052e+03) (6, 1.47787650274681353624e-01) (7, -2.99792923896595375766e+00) (8, -3.26565972288116368460e+00) (9, 2.92474266787926484579e-01) (10, 7.22338452779366058110e+00) (11, 7.18700641269431628189e+00) (12, 1.50000000000000000000e+03) (13, -5.30025509010702876367e+02) (14, 1.50000000000000000000e+03) (15, 1.50000000000000000000e+03) (16, 3.66714698734700439431e+00) (0, 1.57371603217763009752e+01) (1, 4.76135700209049872456e+00) (2, -7.07077177728271966117e+00) (3, 1.67090208209429853525e+01) (4, 1.50000000000000000000e+03) (5, -8.97015969409385327538e-01) (6, 4.82547728073688819705e+00) (7, 8.76392582209546233685e+00) (8, -1.92876438176745557129e+00) (9, 1.42777304993723603843e+01) (10, -1.47500000000000000000e+03) (11, -1.47500000000000000000e+03) (12, 1.50000000000000000000e+03) (13, -5.17577315554393067032e+02) (14, 1.50000000000000000000e+03) (15, 1.50000000000000000000e+03) (16, -4.33447788967434011198e+00) (0, -8.09056699508611565363e+00) (1, -5.53201784909491678377e-01) (2, 8.89002332946000706215e+00) (3, 1.56014413051071976213e+01) (4, 1.50000000000000000000e+03) (5, -4.18661937634931313745e-01) (6, -5.61614813928220990569e-01) (7, 4.40540125835203411953e+02) (8, 4.40823364605147549611e+00) (9, -1.19795523058679553863e+00) (10, -6.53909945259228834402e+02) (11, -6.53716900260906982112e+02) (12, 1.50000000000000000000e+03) (13, -5.18444408620478384364e+02) (14, 1.50000000000000000000e+03) (15, 1.50000000000000000000e+03) (16, -4.29859693953020371993e+00) (17, 1.17283050006055233894e+01) (18, 4.03870279464119796842e+00) (19, 7.10585941514314178846e+00) (20, -5.30472240160888119931e+00) 
