FANN_FLO_2.1
num_layers=3
learning_rate=0.700000
connection_rate=1.000000
network_type=0
learning_momentum=0.000000
training_algorithm=2
train_error_function=1
train_stop_function=1
cascade_output_change_fraction=0.010000
quickprop_decay=-0.000100
quickprop_mu=1.750000
rprop_increase_factor=1.200000
rprop_decrease_factor=0.500000
rprop_delta_min=0.000000
rprop_delta_max=50.000000
rprop_delta_zero=0.100000
cascade_output_stagnation_epochs=12
cascade_candidate_change_fraction=0.010000
cascade_candidate_stagnation_epochs=12
cascade_max_out_epochs=150
cascade_min_out_epochs=50
cascade_max_cand_epochs=150
cascade_min_cand_epochs=50
cascade_num_candidate_groups=2
bit_fail_limit=1.00000000000000005551e-01
cascade_candidate_limit=1.00000000000000000000e+03
cascade_weight_multiplier=4.00000000000000022204e-01
cascade_activation_functions_count=10
cascade_activation_functions=3 5 7 8 10 11 14 15 16 17 
cascade_activation_steepnesses_count=4
cascade_activation_steepnesses=2.50000000000000000000e-01 5.00000000000000000000e-01 7.50000000000000000000e-01 1.00000000000000000000e+00 
layer_sizes=13 4 2 
scale_included=0
neurons (num_inputs, activation_function, activation_steepness)=(0, 0, 0.00000000000000000000e+00) (0, 0, 0.00000000000000000000e+00) (0, 0, 0.00000000000000000000e+00) (0, 0, 0.00000000000000000000e+00) (0, 0, 0.00000000000000000000e+00) (0, 0, 0.00000000000000000000e+00) (0, 0, 0.00000000000000000000e+00) (0, 0, 0.00000000000000000000e+00) (0, 0, 0.00000000000000000000e+00) (0, 0, 0.00000000000000000000e+00) (0, 0, 0.00000000000000000000e+00) (0, 0, 0.00000000000000000000e+00) (0, 0, 0.00000000000000000000e+00) (13, 6, 5.00000000000000000000e-01) (13, 6, 5.00000000000000000000e-01) (13, 6, 5.00000000000000000000e-01) (0, 6, 0.00000000000000000000e+00) (4, 4, 5.00000000000000000000e-01) (0, 4, 0.00000000000000000000e+00) 
connections (connected_to_neuron, weight)=(0, -1.48456923459041068014e+00) (1, 6.77098778076770213552e-01) (2, 3.38165426592234585890e-02) (3, 1.73223839927523187709e-01) (4, 6.27430781345076127309e-01) (5, 3.54901140373106271930e-01) (6, 4.10180101309625011474e-01) (7, 2.45062009760397436775e-01) (8, 2.89286983607074055236e-01) (9, -9.75945637359771356323e-02) (10, -4.13057459898309303759e-02) (11, 2.24618484673758833647e-01) (12, -4.49756592588893777673e-01) (0, -1.02462243849045933075e+01) (1, 3.53298560247799908751e+00) (2, 8.49236975460629595069e-01) (3, 2.42506333490964776090e+00) (4, 1.35626973795133864975e+00) (5, 6.13450194286600236637e+00) (6, 3.74300394836459915382e+00) (7, 5.35233554645058173804e-01) (8, 4.07380026719349874753e+00) (9, -8.39470565867763363066e-01) (10, 5.87046622148624797077e-01) (11, 4.05697453162449850339e+00) (12, -3.47757278051734131097e+00) (0, -9.55369975690603823182e+00) (1, 1.09203055330909859499e+00) (2, 3.01150470678997084217e-01) (3, 1.05562885889091595537e+00) (4, 4.25028128913580527382e+00) (5, 2.19918233397157569797e+00) (6, 1.02821136737600582478e+00) (7, 2.63819618432330239843e-02) (8, 1.33551971858757956291e+00) (9, -5.20835713720705917318e-02) (10, 1.15367564592467775064e+00) (11, 1.43115688359755499626e+00) (12, -3.05303732490976309499e-01) (13, 7.58526684667912931559e+00) (14, 8.64682685879369117288e+00) (15, 1.54560981491220750250e+00) (16, -1.00458082199730602824e+00) 
