FANN_FLO_2.1
num_layers=3
learning_rate=0.700000
connection_rate=1.000000
network_type=0
learning_momentum=0.000000
training_algorithm=2
train_error_function=1
train_stop_function=1
cascade_output_change_fraction=0.010000
quickprop_decay=-0.000100
quickprop_mu=1.750000
rprop_increase_factor=1.200000
rprop_decrease_factor=0.500000
rprop_delta_min=0.000000
rprop_delta_max=50.000000
rprop_delta_zero=0.100000
cascade_output_stagnation_epochs=12
cascade_candidate_change_fraction=0.010000
cascade_candidate_stagnation_epochs=12
cascade_max_out_epochs=150
cascade_min_out_epochs=50
cascade_max_cand_epochs=150
cascade_min_cand_epochs=50
cascade_num_candidate_groups=2
bit_fail_limit=1.00000000000000005551e-01
cascade_candidate_limit=1.00000000000000000000e+03
cascade_weight_multiplier=4.00000000000000022204e-01
cascade_activation_functions_count=10
cascade_activation_functions=3 5 7 8 10 11 14 15 16 17 
cascade_activation_steepnesses_count=4
cascade_activation_steepnesses=2.50000000000000000000e-01 5.00000000000000000000e-01 7.50000000000000000000e-01 1.00000000000000000000e+00 
layer_sizes=9 4 2 
scale_included=0
neurons (num_inputs, activation_function, activation_steepness)=(0, 0, 0.00000000000000000000e+00) (0, 0, 0.00000000000000000000e+00) (0, 0, 0.00000000000000000000e+00) (0, 0, 0.00000000000000000000e+00) (0, 0, 0.00000000000000000000e+00) (0, 0, 0.00000000000000000000e+00) (0, 0, 0.00000000000000000000e+00) (0, 0, 0.00000000000000000000e+00) (0, 0, 0.00000000000000000000e+00) (9, 6, 5.00000000000000000000e-01) (9, 6, 5.00000000000000000000e-01) (9, 6, 5.00000000000000000000e-01) (0, 6, 0.00000000000000000000e+00) (4, 4, 5.00000000000000000000e-01) (0, 4, 0.00000000000000000000e+00) 
connections (connected_to_neuron, weight)=(0, -4.89976253566929909056e+00) (1, 3.03630303458466777045e+00) (2, 3.09588505497213883899e+00) (3, 1.33902654349472682860e+00) (4, -1.42632882014671014126e+00) (5, -1.51869747056826764897e+00) (6, -1.74251200273062445412e+00) (7, -1.92368183299328543434e+00) (8, -1.90005191429878927956e+00) (0, -2.24365976356417462512e+00) (1, 3.10269893572821864325e+00) (2, 2.60977454919928231192e+00) (3, 6.82315145244589693618e-01) (4, -1.48278748706737162344e+00) (5, -1.04230040029285575542e+00) (6, -1.92542340620781637917e+00) (7, -1.80378128602530218849e+00) (8, -1.78867834820772864113e+00) (0, -2.75335932171340502794e-01) (1, 1.23462309497252764601e+00) (2, 1.64847944004101232274e+00) (3, 3.27111768889713494524e-01) (4, -1.32681779997676552174e-01) (5, -1.13816209571689308522e-01) (6, -3.06371523088212527330e-01) (7, -1.28976887112851629213e-01) (8, -1.76297118908162575579e-01) (9, 5.98317997214856767130e+00) (10, 3.85460259367896940219e+00) (11, 7.41378352572683030353e-01) (12, -2.17451901264936253710e+00) 
