FANN_FLO_2.1
num_layers=3
learning_rate=0.700000
connection_rate=1.000000
network_type=0
learning_momentum=0.000000
training_algorithm=2
train_error_function=1
train_stop_function=1
cascade_output_change_fraction=0.010000
quickprop_decay=-0.000100
quickprop_mu=1.750000
rprop_increase_factor=1.200000
rprop_decrease_factor=0.500000
rprop_delta_min=0.000000
rprop_delta_max=50.000000
rprop_delta_zero=0.100000
cascade_output_stagnation_epochs=12
cascade_candidate_change_fraction=0.010000
cascade_candidate_stagnation_epochs=12
cascade_max_out_epochs=150
cascade_min_out_epochs=50
cascade_max_cand_epochs=150
cascade_min_cand_epochs=50
cascade_num_candidate_groups=2
bit_fail_limit=1.00000000000000005551e-01
cascade_candidate_limit=1.00000000000000000000e+03
cascade_weight_multiplier=4.00000000000000022204e-01
cascade_activation_functions_count=10
cascade_activation_functions=3 5 7 8 10 11 14 15 16 17 
cascade_activation_steepnesses_count=4
cascade_activation_steepnesses=2.50000000000000000000e-01 5.00000000000000000000e-01 7.50000000000000000000e-01 1.00000000000000000000e+00 
layer_sizes=6 4 2 
scale_included=0
neurons (num_inputs, activation_function, activation_steepness)=(0, 0, 0.00000000000000000000e+00) (0, 0, 0.00000000000000000000e+00) (0, 0, 0.00000000000000000000e+00) (0, 0, 0.00000000000000000000e+00) (0, 0, 0.00000000000000000000e+00) (0, 0, 0.00000000000000000000e+00) (6, 6, 5.00000000000000000000e-01) (6, 6, 5.00000000000000000000e-01) (6, 6, 5.00000000000000000000e-01) (0, 6, 0.00000000000000000000e+00) (4, 4, 5.00000000000000000000e-01) (0, 4, 0.00000000000000000000e+00) 
connections (connected_to_neuron, weight)=(0, 8.13884848972912355869e-01) (1, -9.77880406792142276018e-01) (2, -3.55893372204350466603e-01) (3, 7.77761152256433829777e-01) (4, -1.42197217151701993387e+00) (5, 1.14978167133774267228e+00) (0, 6.39903867861385866611e-01) (1, -9.83875456864812258928e-01) (2, -4.34756790438034501634e-01) (3, 8.24644549060766562931e-01) (4, -1.44627092138112134379e+00) (5, 1.15267831551279531510e+00) (0, -2.35351175733819051317e+00) (1, 1.37497926915480306320e+00) (2, 1.76460769395120720127e+00) (3, 3.99822623612682015448e+00) (4, 1.27170165081052743972e+00) (5, -2.68146603725355303638e+00) (6, -5.25735809172223600427e+00) (7, -8.25806676530961958349e+00) (8, 5.31512801208768195238e+01) (9, -2.55774670781908186612e+00) 
