FANN_FLO_2.1
num_layers=3
learning_rate=0.700000
connection_rate=1.000000
network_type=0
learning_momentum=0.000000
training_algorithm=2
train_error_function=1
train_stop_function=1
cascade_output_change_fraction=0.010000
quickprop_decay=-0.000100
quickprop_mu=1.750000
rprop_increase_factor=1.200000
rprop_decrease_factor=0.500000
rprop_delta_min=0.000000
rprop_delta_max=50.000000
rprop_delta_zero=0.100000
cascade_output_stagnation_epochs=12
cascade_candidate_change_fraction=0.010000
cascade_candidate_stagnation_epochs=12
cascade_max_out_epochs=150
cascade_min_out_epochs=50
cascade_max_cand_epochs=150
cascade_min_cand_epochs=50
cascade_num_candidate_groups=2
bit_fail_limit=1.00000000000000005551e-01
cascade_candidate_limit=1.00000000000000000000e+03
cascade_weight_multiplier=4.00000000000000022204e-01
cascade_activation_functions_count=10
cascade_activation_functions=3 5 7 8 10 11 14 15 16 17 
cascade_activation_steepnesses_count=4
cascade_activation_steepnesses=2.50000000000000000000e-01 5.00000000000000000000e-01 7.50000000000000000000e-01 1.00000000000000000000e+00 
layer_sizes=17 4 2 
scale_included=0
neurons (num_inputs, activation_function, activation_steepness)=(0, 0, 0.00000000000000000000e+00) (0, 0, 0.00000000000000000000e+00) (0, 0, 0.00000000000000000000e+00) (0, 0, 0.00000000000000000000e+00) (0, 0, 0.00000000000000000000e+00) (0, 0, 0.00000000000000000000e+00) (0, 0, 0.00000000000000000000e+00) (0, 0, 0.00000000000000000000e+00) (0, 0, 0.00000000000000000000e+00) (0, 0, 0.00000000000000000000e+00) (0, 0, 0.00000000000000000000e+00) (0, 0, 0.00000000000000000000e+00) (0, 0, 0.00000000000000000000e+00) (0, 0, 0.00000000000000000000e+00) (0, 0, 0.00000000000000000000e+00) (0, 0, 0.00000000000000000000e+00) (0, 0, 0.00000000000000000000e+00) (17, 6, 5.00000000000000000000e-01) (17, 6, 5.00000000000000000000e-01) (17, 6, 5.00000000000000000000e-01) (0, 6, 0.00000000000000000000e+00) (4, 4, 5.00000000000000000000e-01) (0, 4, 0.00000000000000000000e+00) 
connections (connected_to_neuron, weight)=(0, 4.68126758839919343558e+00) (1, 6.71838108064663486196e-01) (2, 2.17099623738796765338e+00) (3, -1.73552272279741370831e+00) (4, 1.39443718563235519170e+00) (5, -3.27436077590144813954e+00) (6, 9.87821790317456027708e+00) (7, 1.57242804109864087181e+00) (8, 1.32034061675020382154e+01) (9, -2.64311044503607073253e+00) (10, -2.48963283930256640275e+00) (11, -4.24586111803946941734e+00) (12, -4.14850866546330898643e+00) (13, -4.28355420132575481773e+00) (14, -6.02338305436563903328e+00) (15, -9.77020158166874708172e+00) (16, 2.70915515050375832473e+00) (0, -2.83225031941816185466e+00) (1, 1.26412004135451838671e+00) (2, 1.65737770795259464762e+00) (3, 2.81881715022412437932e+00) (4, 1.62350144120164885386e+00) (5, 2.79097570010118722905e+00) (6, 1.75924696245224754243e+00) (7, 3.40704067252561790258e-02) (8, 1.78557796385965095176e+00) (9, 1.31699834019078032554e+00) (10, 9.27362827482203000429e-01) (11, -6.28410247489767259665e-01) (12, -1.07890923075533406994e+00) (13, -6.27164897844152635642e-01) (14, -3.43696489923816461687e-01) (15, 2.00686646189805362184e+00) (16, -1.76069776439133174328e+00) (0, -8.67349388002927601526e-01) (1, 7.51264815366850768896e+00) (2, -2.94390399063361618559e+00) (3, 5.46101447339924606084e-01) (4, -1.85800025561884529779e+00) (5, 4.45868012252269518836e-01) (6, 2.58376682937811530394e+00) (7, 2.64643782460600662798e-01) (8, 1.36874352334764104455e+00) (9, 3.13908427916162402482e+00) (10, 4.53845160675043490794e-01) (11, 4.44699117850500869054e-01) (12, 2.98341438664609159837e-01) (13, 3.25382049688999863690e-01) (14, 4.25287419300865554561e-01) (15, 9.20829906013708665569e+00) (16, -8.04694903763253699402e-01) (17, -5.78546703809939977248e+00) (18, 3.17508896354544098983e+01) (19, 1.68406544278191727670e+00) (20, -1.14161327442156501633e+00) 
