FANN_FLO_2.1
num_layers=3
learning_rate=0.700000
connection_rate=1.000000
network_type=0
learning_momentum=0.000000
training_algorithm=2
train_error_function=1
train_stop_function=1
cascade_output_change_fraction=0.010000
quickprop_decay=-0.000100
quickprop_mu=1.750000
rprop_increase_factor=1.200000
rprop_decrease_factor=0.500000
rprop_delta_min=0.000000
rprop_delta_max=50.000000
rprop_delta_zero=0.100000
cascade_output_stagnation_epochs=12
cascade_candidate_change_fraction=0.010000
cascade_candidate_stagnation_epochs=12
cascade_max_out_epochs=150
cascade_min_out_epochs=50
cascade_max_cand_epochs=150
cascade_min_cand_epochs=50
cascade_num_candidate_groups=2
bit_fail_limit=1.00000000000000005551e-01
cascade_candidate_limit=1.00000000000000000000e+03
cascade_weight_multiplier=4.00000000000000022204e-01
cascade_activation_functions_count=10
cascade_activation_functions=3 5 7 8 10 11 14 15 16 17 
cascade_activation_steepnesses_count=4
cascade_activation_steepnesses=2.50000000000000000000e-01 5.00000000000000000000e-01 7.50000000000000000000e-01 1.00000000000000000000e+00 
layer_sizes=6 4 2 
scale_included=0
neurons (num_inputs, activation_function, activation_steepness)=(0, 0, 0.00000000000000000000e+00) (0, 0, 0.00000000000000000000e+00) (0, 0, 0.00000000000000000000e+00) (0, 0, 0.00000000000000000000e+00) (0, 0, 0.00000000000000000000e+00) (0, 0, 0.00000000000000000000e+00) (6, 6, 5.00000000000000000000e-01) (6, 6, 5.00000000000000000000e-01) (6, 6, 5.00000000000000000000e-01) (0, 6, 0.00000000000000000000e+00) (4, 4, 5.00000000000000000000e-01) (0, 4, 0.00000000000000000000e+00) 
connections (connected_to_neuron, weight)=(0, -1.32445954614664973548e+00) (1, 2.92107005721950752086e-01) (2, 8.41194121172068320913e-02) (3, 2.26454205184138140927e-01) (4, 6.14426879851814600197e-02) (5, 9.44234452184575939748e-02) (0, 8.08433169440352816792e-01) (1, 3.63258964287594787734e+00) (2, 2.87954376343951734540e+00) (3, 2.61118742411915416568e+00) (4, -4.53337079283079383285e-02) (5, -4.55652292133953551456e+00) (0, -2.33675599564079021775e+01) (1, -1.22423534844767445406e+00) (2, -5.24797167098916172989e+00) (3, -7.59463399394614935289e-01) (4, 3.46601175741558265031e+00) (5, 7.99656834541799721450e+00) (6, 1.02136057111387058144e-02) (7, 8.73189152080236219433e+00) (8, -7.65695184969894171445e+00) (9, -2.11996764730039100044e+00) 
