FANN_FLO_2.1
num_layers=3
learning_rate=0.700000
connection_rate=1.000000
network_type=0
learning_momentum=0.000000
training_algorithm=2
train_error_function=1
train_stop_function=1
cascade_output_change_fraction=0.010000
quickprop_decay=-0.000100
quickprop_mu=1.750000
rprop_increase_factor=1.200000
rprop_decrease_factor=0.500000
rprop_delta_min=0.000000
rprop_delta_max=50.000000
rprop_delta_zero=0.100000
cascade_output_stagnation_epochs=12
cascade_candidate_change_fraction=0.010000
cascade_candidate_stagnation_epochs=12
cascade_max_out_epochs=150
cascade_min_out_epochs=50
cascade_max_cand_epochs=150
cascade_min_cand_epochs=50
cascade_num_candidate_groups=2
bit_fail_limit=1.00000000000000005551e-01
cascade_candidate_limit=1.00000000000000000000e+03
cascade_weight_multiplier=4.00000000000000022204e-01
cascade_activation_functions_count=10
cascade_activation_functions=3 5 7 8 10 11 14 15 16 17 
cascade_activation_steepnesses_count=4
cascade_activation_steepnesses=2.50000000000000000000e-01 5.00000000000000000000e-01 7.50000000000000000000e-01 1.00000000000000000000e+00 
layer_sizes=12 4 2 
scale_included=0
neurons (num_inputs, activation_function, activation_steepness)=(0, 0, 0.00000000000000000000e+00) (0, 0, 0.00000000000000000000e+00) (0, 0, 0.00000000000000000000e+00) (0, 0, 0.00000000000000000000e+00) (0, 0, 0.00000000000000000000e+00) (0, 0, 0.00000000000000000000e+00) (0, 0, 0.00000000000000000000e+00) (0, 0, 0.00000000000000000000e+00) (0, 0, 0.00000000000000000000e+00) (0, 0, 0.00000000000000000000e+00) (0, 0, 0.00000000000000000000e+00) (0, 0, 0.00000000000000000000e+00) (12, 6, 5.00000000000000000000e-01) (12, 6, 5.00000000000000000000e-01) (12, 6, 5.00000000000000000000e-01) (0, 6, 0.00000000000000000000e+00) (4, 4, 5.00000000000000000000e-01) (0, 4, 0.00000000000000000000e+00) 
connections (connected_to_neuron, weight)=(0, -2.75518178807662472707e+00) (1, 1.41941170073027334020e+00) (2, -6.01791570529136787826e-01) (3, 1.07430650673417438234e+00) (4, 1.38239290608611464783e+00) (5, 1.54397742863990239393e+00) (6, -6.27745309953626651200e-01) (7, -3.33272361732447730542e-01) (8, 1.34528629909582764235e+00) (9, 1.70490849934423271961e+00) (10, -5.68309201413300102423e-01) (11, -9.29422735929298582391e-01) (0, -2.71511600034402356130e+00) (1, 1.49254811978811940953e+00) (2, -7.19604307391215725076e-01) (3, 1.26106752089766849245e+00) (4, 1.30980534149852156922e+00) (5, 1.52268943604327611219e+00) (6, -7.40081587915357608232e-01) (7, -3.66433979547942267896e-01) (8, 1.42622529398031860914e+00) (9, 1.24452759379286392871e+00) (10, -5.23308561155591989156e-01) (11, -9.07027624308872404413e-01) (0, 6.95019258926409744248e+00) (1, -3.12557441416916637067e+00) (2, 6.28405273631615357566e-01) (3, -1.30737612997745822341e+00) (4, -3.74942636245603821976e+00) (5, -2.66196174466709800654e+00) (6, 6.47097120523806412784e-01) (7, 4.27433882817210286653e-01) (8, -4.54650881328932776615e-01) (9, -7.36403594784465376222e+00) (10, 7.62686365991140036158e-01) (11, 2.39960276603723432487e+00) (12, 1.15468127055435036965e+01) (13, 1.14628800748257493325e+01) (14, -3.99613207255311220223e+00) (15, -1.55018717501779779155e+00) 
