FANN_FLO_2.1
num_layers=3
learning_rate=0.700000
connection_rate=1.000000
network_type=0
learning_momentum=0.000000
training_algorithm=2
train_error_function=1
train_stop_function=1
cascade_output_change_fraction=0.010000
quickprop_decay=-0.000100
quickprop_mu=1.750000
rprop_increase_factor=1.200000
rprop_decrease_factor=0.500000
rprop_delta_min=0.000000
rprop_delta_max=50.000000
rprop_delta_zero=0.100000
cascade_output_stagnation_epochs=12
cascade_candidate_change_fraction=0.010000
cascade_candidate_stagnation_epochs=12
cascade_max_out_epochs=150
cascade_min_out_epochs=50
cascade_max_cand_epochs=150
cascade_min_cand_epochs=50
cascade_num_candidate_groups=2
bit_fail_limit=1.00000000000000005551e-01
cascade_candidate_limit=1.00000000000000000000e+03
cascade_weight_multiplier=4.00000000000000022204e-01
cascade_activation_functions_count=10
cascade_activation_functions=3 5 7 8 10 11 14 15 16 17 
cascade_activation_steepnesses_count=4
cascade_activation_steepnesses=2.50000000000000000000e-01 5.00000000000000000000e-01 7.50000000000000000000e-01 1.00000000000000000000e+00 
layer_sizes=6 4 2 
scale_included=0
neurons (num_inputs, activation_function, activation_steepness)=(0, 0, 0.00000000000000000000e+00) (0, 0, 0.00000000000000000000e+00) (0, 0, 0.00000000000000000000e+00) (0, 0, 0.00000000000000000000e+00) (0, 0, 0.00000000000000000000e+00) (0, 0, 0.00000000000000000000e+00) (6, 6, 5.00000000000000000000e-01) (6, 6, 5.00000000000000000000e-01) (6, 6, 5.00000000000000000000e-01) (0, 6, 0.00000000000000000000e+00) (4, 4, 5.00000000000000000000e-01) (0, 4, 0.00000000000000000000e+00) 
connections (connected_to_neuron, weight)=(0, -1.16284779046571107308e+00) (1, 2.51857897469023672699e+00) (2, 2.66141272815534257745e+00) (3, 4.16757431702514224980e+00) (4, 2.56599238551940533881e+00) (5, -4.75565312110052040850e+00) (0, 2.09859698597217148031e-01) (1, -1.33178607187868336403e-01) (2, -1.81705006665791901632e+00) (3, -2.69020442265783088498e-01) (4, -8.09377569736270535694e-02) (5, 1.83470801642688113864e-01) (0, 2.41242661658549906178e-01) (1, -1.31204426847101429665e-01) (2, -1.86179909396502551999e+00) (3, -3.50344147879396217160e-01) (4, 8.34984119950502867713e-02) (5, 2.17235804727824527438e-01) (6, 5.68132610122138714814e+01) (7, -1.79755214363136328615e+00) (8, -1.90919600216312801422e+00) (9, -2.20697404062000845926e+00) 
