FANN_FLO_2.1
num_layers=3
learning_rate=0.700000
connection_rate=1.000000
network_type=0
learning_momentum=0.000000
training_algorithm=2
train_error_function=1
train_stop_function=1
cascade_output_change_fraction=0.010000
quickprop_decay=-0.000100
quickprop_mu=1.750000
rprop_increase_factor=1.200000
rprop_decrease_factor=0.500000
rprop_delta_min=0.000000
rprop_delta_max=50.000000
rprop_delta_zero=0.100000
cascade_output_stagnation_epochs=12
cascade_candidate_change_fraction=0.010000
cascade_candidate_stagnation_epochs=12
cascade_max_out_epochs=150
cascade_min_out_epochs=50
cascade_max_cand_epochs=150
cascade_min_cand_epochs=50
cascade_num_candidate_groups=2
bit_fail_limit=1.00000000000000005551e-01
cascade_candidate_limit=1.00000000000000000000e+03
cascade_weight_multiplier=4.00000000000000022204e-01
cascade_activation_functions_count=10
cascade_activation_functions=3 5 7 8 10 11 14 15 16 17 
cascade_activation_steepnesses_count=4
cascade_activation_steepnesses=2.50000000000000000000e-01 5.00000000000000000000e-01 7.50000000000000000000e-01 1.00000000000000000000e+00 
layer_sizes=11 4 2 
scale_included=0
neurons (num_inputs, activation_function, activation_steepness)=(0, 0, 0.00000000000000000000e+00) (0, 0, 0.00000000000000000000e+00) (0, 0, 0.00000000000000000000e+00) (0, 0, 0.00000000000000000000e+00) (0, 0, 0.00000000000000000000e+00) (0, 0, 0.00000000000000000000e+00) (0, 0, 0.00000000000000000000e+00) (0, 0, 0.00000000000000000000e+00) (0, 0, 0.00000000000000000000e+00) (0, 0, 0.00000000000000000000e+00) (0, 0, 0.00000000000000000000e+00) (11, 6, 5.00000000000000000000e-01) (11, 6, 5.00000000000000000000e-01) (11, 6, 5.00000000000000000000e-01) (0, 6, 0.00000000000000000000e+00) (4, 4, 5.00000000000000000000e-01) (0, 4, 0.00000000000000000000e+00) 
connections (connected_to_neuron, weight)=(0, -1.00264815928699158043e+00) (1, 2.43231272727888558904e+00) (2, 3.28471980395532936470e-01) (3, 6.34183729134340290479e-01) (4, -2.50228824204284827637e-01) (5, 1.35663888324968073817e+00) (6, 3.27091715636469215767e-01) (7, 3.59093668547262101498e-01) (8, 2.48906349014112038276e+00) (9, -2.42875494985065865094e+00) (10, -1.20143491250804990145e+00) (0, 1.56523123677129127884e+00) (1, -1.16219959422181595698e+00) (2, 9.44196943674368294186e-02) (3, 8.45610078904909523434e-02) (4, 6.76543561738713661313e-01) (5, -2.00677171242189400502e+00) (6, 1.61288997951535645337e-01) (7, -1.46528643983375866933e-01) (8, -2.72498188338208535697e+00) (9, 3.45562225044383408701e+00) (10, 2.10357349579944363782e+00) (0, -4.61723320595695874147e-01) (1, 1.18569226440395314448e+00) (2, 2.42444757405528510397e-01) (3, 2.79533623239409445560e-01) (4, 4.18642595810451156879e-02) (5, 5.41066407622681766476e-01) (6, 2.42872599545726264303e-01) (7, 1.53422512993794835090e-01) (8, 1.02663287063707087121e+00) (9, -9.98297288504535584863e-01) (10, -4.13109298819790971002e-01) (11, 6.74987788037066138713e+00) (12, -1.66969404590818037981e+00) (13, 5.66919686184500015713e+00) (14, -1.16311947477392285677e+00) 
