FANN_FLO_2.1
num_layers=3
learning_rate=0.700000
connection_rate=1.000000
network_type=0
learning_momentum=0.000000
training_algorithm=2
train_error_function=1
train_stop_function=1
cascade_output_change_fraction=0.010000
quickprop_decay=-0.000100
quickprop_mu=1.750000
rprop_increase_factor=1.200000
rprop_decrease_factor=0.500000
rprop_delta_min=0.000000
rprop_delta_max=50.000000
rprop_delta_zero=0.100000
cascade_output_stagnation_epochs=12
cascade_candidate_change_fraction=0.010000
cascade_candidate_stagnation_epochs=12
cascade_max_out_epochs=150
cascade_min_out_epochs=50
cascade_max_cand_epochs=150
cascade_min_cand_epochs=50
cascade_num_candidate_groups=2
bit_fail_limit=1.00000000000000005551e-01
cascade_candidate_limit=1.00000000000000000000e+03
cascade_weight_multiplier=4.00000000000000022204e-01
cascade_activation_functions_count=10
cascade_activation_functions=3 5 7 8 10 11 14 15 16 17 
cascade_activation_steepnesses_count=4
cascade_activation_steepnesses=2.50000000000000000000e-01 5.00000000000000000000e-01 7.50000000000000000000e-01 1.00000000000000000000e+00 
layer_sizes=10 4 2 
scale_included=0
neurons (num_inputs, activation_function, activation_steepness)=(0, 0, 0.00000000000000000000e+00) (0, 0, 0.00000000000000000000e+00) (0, 0, 0.00000000000000000000e+00) (0, 0, 0.00000000000000000000e+00) (0, 0, 0.00000000000000000000e+00) (0, 0, 0.00000000000000000000e+00) (0, 0, 0.00000000000000000000e+00) (0, 0, 0.00000000000000000000e+00) (0, 0, 0.00000000000000000000e+00) (0, 0, 0.00000000000000000000e+00) (10, 6, 5.00000000000000000000e-01) (10, 6, 5.00000000000000000000e-01) (10, 6, 5.00000000000000000000e-01) (0, 6, 0.00000000000000000000e+00) (4, 4, 5.00000000000000000000e-01) (0, 4, 0.00000000000000000000e+00) 
connections (connected_to_neuron, weight)=(0, -1.18766448300526072934e+00) (1, 1.71039680644907257090e+01) (2, 2.85090689232506244721e+00) (3, 8.94081359929068120174e-01) (4, -6.79059867009072393174e-01) (5, 1.70390338592268726359e+01) (6, -7.11878594476167858573e-01) (7, 2.81315500905670612397e+00) (8, 2.74900132553190879037e+00) (9, -5.14520199173602921228e-01) (0, -1.68101851581261318991e+00) (1, 1.70184140235223075877e+01) (2, 2.86018039157547443452e+00) (3, 1.05737729949377312622e+00) (4, -6.50260351791529522814e-01) (5, 1.70707165330685874949e+01) (6, -6.87330823856775463554e-01) (7, 2.88293922563948123994e+00) (8, 2.76162630455107382943e+00) (9, -5.35360713806995236475e-01) (0, -2.45046635035408444381e+00) (1, 1.71800993859805366526e+01) (2, 2.84700978418745487275e+00) (3, 9.43705940819008382014e-01) (4, -3.95349912044354656615e-01) (5, 1.70760436460413238535e+01) (6, -5.47673348802511172906e-01) (7, 2.87674987932600467744e+00) (8, 2.83045945452065161874e+00) (9, -6.69470671056568877866e-01) (10, 1.92794923143847141134e+00) (11, 3.85724661218604136792e+00) (12, 1.94654249740698155335e+01) (13, -1.92457940382916914412e-01) 
