FANN_FLO_2.1
num_layers=3
learning_rate=0.700000
connection_rate=1.000000
network_type=0
learning_momentum=0.000000
training_algorithm=2
train_error_function=1
train_stop_function=1
cascade_output_change_fraction=0.010000
quickprop_decay=-0.000100
quickprop_mu=1.750000
rprop_increase_factor=1.200000
rprop_decrease_factor=0.500000
rprop_delta_min=0.000000
rprop_delta_max=50.000000
rprop_delta_zero=0.100000
cascade_output_stagnation_epochs=12
cascade_candidate_change_fraction=0.010000
cascade_candidate_stagnation_epochs=12
cascade_max_out_epochs=150
cascade_min_out_epochs=50
cascade_max_cand_epochs=150
cascade_min_cand_epochs=50
cascade_num_candidate_groups=2
bit_fail_limit=1.00000000000000005551e-01
cascade_candidate_limit=1.00000000000000000000e+03
cascade_weight_multiplier=4.00000000000000022204e-01
cascade_activation_functions_count=10
cascade_activation_functions=3 5 7 8 10 11 14 15 16 17 
cascade_activation_steepnesses_count=4
cascade_activation_steepnesses=2.50000000000000000000e-01 5.00000000000000000000e-01 7.50000000000000000000e-01 1.00000000000000000000e+00 
layer_sizes=14 4 2 
scale_included=0
neurons (num_inputs, activation_function, activation_steepness)=(0, 0, 0.00000000000000000000e+00) (0, 0, 0.00000000000000000000e+00) (0, 0, 0.00000000000000000000e+00) (0, 0, 0.00000000000000000000e+00) (0, 0, 0.00000000000000000000e+00) (0, 0, 0.00000000000000000000e+00) (0, 0, 0.00000000000000000000e+00) (0, 0, 0.00000000000000000000e+00) (0, 0, 0.00000000000000000000e+00) (0, 0, 0.00000000000000000000e+00) (0, 0, 0.00000000000000000000e+00) (0, 0, 0.00000000000000000000e+00) (0, 0, 0.00000000000000000000e+00) (0, 0, 0.00000000000000000000e+00) (14, 6, 5.00000000000000000000e-01) (14, 6, 5.00000000000000000000e-01) (14, 6, 5.00000000000000000000e-01) (0, 6, 0.00000000000000000000e+00) (4, 4, 5.00000000000000000000e-01) (0, 4, 0.00000000000000000000e+00) 
connections (connected_to_neuron, weight)=(0, 3.73171867765043074883e+00) (1, -2.49713784281458650582e+00) (2, -9.31878059179296780457e-01) (3, 1.65422380362482690508e-02) (4, 1.30042043367478349358e-01) (5, 1.14023116270157792718e-01) (6, -3.73852428721343665874e-01) (7, -4.28026851939117103374e-01) (8, 2.04120844994516992266e-02) (9, -6.13205639218318832029e-01) (10, -1.06925399413267263604e+00) (11, 1.34843048194633707837e+00) (12, -4.36817732380782752788e-01) (13, 1.31699139983940805010e+00) (0, -7.32595874392120371965e-01) (1, 1.67918478995588560387e+00) (2, 1.08153361753609189577e+00) (3, 2.96044504371835270895e-01) (4, 3.07785986093236485495e-01) (5, 3.58177548376275578512e-01) (6, 4.00758718337003938537e-01) (7, 4.50880409414951444091e-01) (8, 6.28422898274069274827e-01) (9, 8.20564206117235572790e-01) (10, 7.11269058873335691118e-01) (11, -5.16227214608200868362e-02) (12, 7.60818449519283346305e-01) (13, -2.71273433309674849578e-01) (0, -3.99523124658191175484e-01) (1, 2.85609322712294111390e-01) (2, 6.47032803762001451631e-01) (3, 7.16863376758701487113e-01) (4, 8.57897696755535288382e-01) (5, 7.92810981832153371940e-01) (6, 3.26802458897590741849e-01) (7, 3.43265250668779664522e-01) (8, 7.58714517317421011100e-01) (9, 7.14177494529251055688e-01) (10, 9.24027405215538610861e-01) (11, 2.32602577771287788444e-01) (12, 5.35786839238662215834e-01) (13, 1.27001872974757262780e-01) (14, -9.55595076125222142593e+00) (15, 9.04312036574741573425e-01) (16, 2.52996433167921752627e-01) (17, -1.11453164244529134841e+00) 
