FANN_FLO_2.1
num_layers=3
learning_rate=0.700000
connection_rate=1.000000
network_type=0
learning_momentum=0.000000
training_algorithm=2
train_error_function=1
train_stop_function=1
cascade_output_change_fraction=0.010000
quickprop_decay=-0.000100
quickprop_mu=1.750000
rprop_increase_factor=1.200000
rprop_decrease_factor=0.500000
rprop_delta_min=0.000000
rprop_delta_max=50.000000
rprop_delta_zero=0.100000
cascade_output_stagnation_epochs=12
cascade_candidate_change_fraction=0.010000
cascade_candidate_stagnation_epochs=12
cascade_max_out_epochs=150
cascade_min_out_epochs=50
cascade_max_cand_epochs=150
cascade_min_cand_epochs=50
cascade_num_candidate_groups=2
bit_fail_limit=1.00000000000000005551e-01
cascade_candidate_limit=1.00000000000000000000e+03
cascade_weight_multiplier=4.00000000000000022204e-01
cascade_activation_functions_count=10
cascade_activation_functions=3 5 7 8 10 11 14 15 16 17 
cascade_activation_steepnesses_count=4
cascade_activation_steepnesses=2.50000000000000000000e-01 5.00000000000000000000e-01 7.50000000000000000000e-01 1.00000000000000000000e+00 
layer_sizes=12 4 2 
scale_included=0
neurons (num_inputs, activation_function, activation_steepness)=(0, 0, 0.00000000000000000000e+00) (0, 0, 0.00000000000000000000e+00) (0, 0, 0.00000000000000000000e+00) (0, 0, 0.00000000000000000000e+00) (0, 0, 0.00000000000000000000e+00) (0, 0, 0.00000000000000000000e+00) (0, 0, 0.00000000000000000000e+00) (0, 0, 0.00000000000000000000e+00) (0, 0, 0.00000000000000000000e+00) (0, 0, 0.00000000000000000000e+00) (0, 0, 0.00000000000000000000e+00) (0, 0, 0.00000000000000000000e+00) (12, 6, 5.00000000000000000000e-01) (12, 6, 5.00000000000000000000e-01) (12, 6, 5.00000000000000000000e-01) (0, 6, 0.00000000000000000000e+00) (4, 4, 5.00000000000000000000e-01) (0, 4, 0.00000000000000000000e+00) 
connections (connected_to_neuron, weight)=(0, -1.81224619081701465717e+00) (1, 9.40686617856686835282e-01) (2, 5.66649257454681198887e-01) (3, 6.67404806369860992277e-01) (4, 6.14721858207972648991e-01) (5, -1.24867373647037993578e+00) (6, 1.32429378482218473856e+00) (7, 7.52360252723124656171e+00) (8, 9.81228860820262394071e-01) (9, -1.39367658403668692735e+00) (10, 1.19752133173160801860e+00) (11, -2.80145223350496719306e+00) (0, 4.39655096753884606642e+01) (1, -5.82076273040101366263e+00) (2, -2.76693784933804420856e-01) (3, -5.63663144360088352869e-01) (4, -2.06462868791341375152e-01) (5, 2.90004382388728956244e+01) (6, -7.92549700251031463694e+00) (7, -9.17627896893372607678e+00) (8, -3.89819426909554378469e+00) (9, 4.24055871650312070642e+01) (10, -1.11351235872289446860e+01) (11, 1.03558598171732167970e+01) (0, -2.96147276375320789299e+00) (1, 2.37904609500051922311e+00) (2, 9.13941963804910995073e-01) (3, 1.67822717106680308063e+00) (4, 5.89590924331349408583e-01) (5, -2.59432537826952502868e+00) (6, 2.23873432678682338093e+00) (7, 3.32997665281251054026e+00) (8, 2.37215890726204969852e+00) (9, -2.53751488686516735171e+00) (10, 2.20089978170467137630e+00) (11, -3.31685170853827759885e+00) (12, 3.07105609321817283330e+01) (13, -1.66381225577510560854e+00) (14, 1.43920116241697400028e+02) (15, -1.64681368536270822389e+00) 
