FANN_FLO_2.1
num_layers=3
learning_rate=0.700000
connection_rate=1.000000
network_type=0
learning_momentum=0.000000
training_algorithm=2
train_error_function=1
train_stop_function=1
cascade_output_change_fraction=0.010000
quickprop_decay=-0.000100
quickprop_mu=1.750000
rprop_increase_factor=1.200000
rprop_decrease_factor=0.500000
rprop_delta_min=0.000000
rprop_delta_max=50.000000
rprop_delta_zero=0.100000
cascade_output_stagnation_epochs=12
cascade_candidate_change_fraction=0.010000
cascade_candidate_stagnation_epochs=12
cascade_max_out_epochs=150
cascade_min_out_epochs=50
cascade_max_cand_epochs=150
cascade_min_cand_epochs=50
cascade_num_candidate_groups=2
bit_fail_limit=1.00000000000000005551e-01
cascade_candidate_limit=1.00000000000000000000e+03
cascade_weight_multiplier=4.00000000000000022204e-01
cascade_activation_functions_count=10
cascade_activation_functions=3 5 7 8 10 11 14 15 16 17 
cascade_activation_steepnesses_count=4
cascade_activation_steepnesses=2.50000000000000000000e-01 5.00000000000000000000e-01 7.50000000000000000000e-01 1.00000000000000000000e+00 
layer_sizes=12 4 2 
scale_included=0
neurons (num_inputs, activation_function, activation_steepness)=(0, 0, 0.00000000000000000000e+00) (0, 0, 0.00000000000000000000e+00) (0, 0, 0.00000000000000000000e+00) (0, 0, 0.00000000000000000000e+00) (0, 0, 0.00000000000000000000e+00) (0, 0, 0.00000000000000000000e+00) (0, 0, 0.00000000000000000000e+00) (0, 0, 0.00000000000000000000e+00) (0, 0, 0.00000000000000000000e+00) (0, 0, 0.00000000000000000000e+00) (0, 0, 0.00000000000000000000e+00) (0, 0, 0.00000000000000000000e+00) (12, 6, 5.00000000000000000000e-01) (12, 6, 5.00000000000000000000e-01) (12, 6, 5.00000000000000000000e-01) (0, 6, 0.00000000000000000000e+00) (4, 4, 5.00000000000000000000e-01) (0, 4, 0.00000000000000000000e+00) 
connections (connected_to_neuron, weight)=(0, 4.25108501184729870026e-01) (1, -1.67852436743743893555e-01) (2, 1.93544610338751491008e-02) (3, -1.80612547179942656284e-01) (4, 3.18740965297684211710e-02) (5, 8.31993987683419394807e-02) (6, -4.53987526614949121750e-01) (7, -5.65911108302526666414e-01) (8, -1.21933235394822883646e-01) (9, 5.56850477870197840824e-02) (10, -1.03013326918905101515e+00) (11, 3.56141206291997691746e-01) (0, 1.37866519391728452604e+01) (1, -1.71792831404476181723e-01) (2, 1.21186852533623734551e+00) (3, 8.51608387956133694452e-01) (4, 2.16750736810267330412e+00) (5, 2.59153140813216253946e+00) (6, 1.88095591091230884828e+00) (7, 2.03630091976132243659e+00) (8, 4.98555590544500659700e-01) (9, 2.46661033280063302087e+00) (10, 2.01055857847596275434e+00) (11, 9.27030569995537589989e+00) (0, -2.88464888661776974743e+00) (1, 1.90029167753987460188e+00) (2, 2.08877287559745417056e+00) (3, 3.54211812813148507750e-01) (4, 7.70754511307720491242e-02) (5, -1.19350926340178808971e+00) (6, 2.28802153049042633626e+00) (7, 2.21208141625893617288e+00) (8, 1.97403489166093515372e+00) (9, -1.16062801396871506654e+00) (10, 1.26557038304152524866e+00) (11, -3.00315646447539252861e+00) (12, -2.36560950468330361218e+02) (13, -1.44019787003204080555e+00) (14, 1.47192915588089960011e+02) (15, -1.52442219350315233406e+00) 
