FANN_FLO_2.1
num_layers=3
learning_rate=0.700000
connection_rate=1.000000
network_type=0
learning_momentum=0.000000
training_algorithm=2
train_error_function=1
train_stop_function=1
cascade_output_change_fraction=0.010000
quickprop_decay=-0.000100
quickprop_mu=1.750000
rprop_increase_factor=1.200000
rprop_decrease_factor=0.500000
rprop_delta_min=0.000000
rprop_delta_max=50.000000
rprop_delta_zero=0.100000
cascade_output_stagnation_epochs=12
cascade_candidate_change_fraction=0.010000
cascade_candidate_stagnation_epochs=12
cascade_max_out_epochs=150
cascade_min_out_epochs=50
cascade_max_cand_epochs=150
cascade_min_cand_epochs=50
cascade_num_candidate_groups=2
bit_fail_limit=1.00000000000000005551e-01
cascade_candidate_limit=1.00000000000000000000e+03
cascade_weight_multiplier=4.00000000000000022204e-01
cascade_activation_functions_count=10
cascade_activation_functions=3 5 7 8 10 11 14 15 16 17 
cascade_activation_steepnesses_count=4
cascade_activation_steepnesses=2.50000000000000000000e-01 5.00000000000000000000e-01 7.50000000000000000000e-01 1.00000000000000000000e+00 
layer_sizes=11 4 2 
scale_included=0
neurons (num_inputs, activation_function, activation_steepness)=(0, 0, 0.00000000000000000000e+00) (0, 0, 0.00000000000000000000e+00) (0, 0, 0.00000000000000000000e+00) (0, 0, 0.00000000000000000000e+00) (0, 0, 0.00000000000000000000e+00) (0, 0, 0.00000000000000000000e+00) (0, 0, 0.00000000000000000000e+00) (0, 0, 0.00000000000000000000e+00) (0, 0, 0.00000000000000000000e+00) (0, 0, 0.00000000000000000000e+00) (0, 0, 0.00000000000000000000e+00) (11, 6, 5.00000000000000000000e-01) (11, 6, 5.00000000000000000000e-01) (11, 6, 5.00000000000000000000e-01) (0, 6, 0.00000000000000000000e+00) (4, 4, 5.00000000000000000000e-01) (0, 4, 0.00000000000000000000e+00) 
connections (connected_to_neuron, weight)=(0, -1.65890770076471461003e+00) (1, 7.14510643236046227855e+00) (2, -1.38027401328132542924e-01) (3, 2.98622297405752301636e-02) (4, -3.52415731592228054225e-01) (5, 2.37159327388258622804e+00) (6, -5.06153217909933061947e+00) (7, 7.01134779058103951854e+00) (8, -3.87937618835022091091e-01) (9, -1.65780645099773499274e-01) (10, -5.47070347125364619956e-01) (0, -2.02602262379063047248e+00) (1, 7.20033240072136315746e+00) (2, -2.36075887143657597855e-01) (3, -1.71581161857095598755e-02) (4, -3.93621502859642147243e-01) (5, 2.23246614978166268983e+00) (6, -4.88883677331806154598e+00) (7, 7.04130774117713365001e+00) (8, -3.96298243148376583278e-01) (9, 2.28792663429293857691e-01) (10, -1.06502362391468347047e-01) (0, -1.04818315227857183913e+00) (1, 1.33464488979211415298e+00) (2, 2.29131872987703183453e-01) (3, 2.40130330657914975445e-01) (4, -2.39726262741140089263e-01) (5, 1.24643974818493807888e+00) (6, -6.67179696183056503145e-01) (7, 1.20085646059146511355e+00) (8, -1.92584397845319471587e-01) (9, 3.75833278074178545047e-01) (10, -4.98429749122760834545e-01) (11, 7.13596167914276513500e+00) (12, 5.28188027973285212369e+00) (13, 3.49306825592999969921e-01) (14, -4.37745571489168483481e-01) 
