FANN_FLO_2.1
num_layers=3
learning_rate=0.700000
connection_rate=1.000000
network_type=0
learning_momentum=0.000000
training_algorithm=2
train_error_function=1
train_stop_function=1
cascade_output_change_fraction=0.010000
quickprop_decay=-0.000100
quickprop_mu=1.750000
rprop_increase_factor=1.200000
rprop_decrease_factor=0.500000
rprop_delta_min=0.000000
rprop_delta_max=50.000000
rprop_delta_zero=0.100000
cascade_output_stagnation_epochs=12
cascade_candidate_change_fraction=0.010000
cascade_candidate_stagnation_epochs=12
cascade_max_out_epochs=150
cascade_min_out_epochs=50
cascade_max_cand_epochs=150
cascade_min_cand_epochs=50
cascade_num_candidate_groups=2
bit_fail_limit=1.00000000000000005551e-01
cascade_candidate_limit=1.00000000000000000000e+03
cascade_weight_multiplier=4.00000000000000022204e-01
cascade_activation_functions_count=10
cascade_activation_functions=3 5 7 8 10 11 14 15 16 17 
cascade_activation_steepnesses_count=4
cascade_activation_steepnesses=2.50000000000000000000e-01 5.00000000000000000000e-01 7.50000000000000000000e-01 1.00000000000000000000e+00 
layer_sizes=8 4 2 
scale_included=0
neurons (num_inputs, activation_function, activation_steepness)=(0, 0, 0.00000000000000000000e+00) (0, 0, 0.00000000000000000000e+00) (0, 0, 0.00000000000000000000e+00) (0, 0, 0.00000000000000000000e+00) (0, 0, 0.00000000000000000000e+00) (0, 0, 0.00000000000000000000e+00) (0, 0, 0.00000000000000000000e+00) (0, 0, 0.00000000000000000000e+00) (8, 6, 5.00000000000000000000e-01) (8, 6, 5.00000000000000000000e-01) (8, 6, 5.00000000000000000000e-01) (0, 6, 0.00000000000000000000e+00) (4, 4, 5.00000000000000000000e-01) (0, 4, 0.00000000000000000000e+00) 
connections (connected_to_neuron, weight)=(0, 9.92803043612961344522e-01) (1, 1.69787194022578358243e+00) (2, 1.66256113367800995029e+00) (3, 2.70887854101583691602e+01) (4, 3.62784385742775439265e-01) (5, -3.73116500875161571926e-01) (6, 1.70756683276625964574e+00) (7, -1.21282387076674003090e+00) (0, -4.11074355907057653603e-01) (1, -2.81932261363030178813e-01) (2, -1.06270978697189755202e+00) (3, 1.54632783387402845676e+01) (4, 5.11888282795884119736e+00) (5, 4.34145852505348894823e+00) (6, -1.46471497091606672747e+00) (7, 2.23114827621800859703e+00) (0, 3.79831513156555999888e-01) (1, 9.30211558840757346545e-01) (2, 5.01444293828800957691e-01) (3, 4.68081415068364137255e+00) (4, 2.75550190372472969536e-01) (5, 3.72007955962544656359e-01) (6, 5.08925838521938067593e-01) (7, -2.92882740269870441019e-02) (8, 1.54174890140611218214e+01) (9, -2.60041219181750582479e+00) (10, 1.13500343529624680983e+00) (11, -1.29594449517089227442e+00) 
