FANN_FLO_2.1
num_layers=3
learning_rate=0.700000
connection_rate=1.000000
network_type=0
learning_momentum=0.000000
training_algorithm=2
train_error_function=1
train_stop_function=1
cascade_output_change_fraction=0.010000
quickprop_decay=-0.000100
quickprop_mu=1.750000
rprop_increase_factor=1.200000
rprop_decrease_factor=0.500000
rprop_delta_min=0.000000
rprop_delta_max=50.000000
rprop_delta_zero=0.100000
cascade_output_stagnation_epochs=12
cascade_candidate_change_fraction=0.010000
cascade_candidate_stagnation_epochs=12
cascade_max_out_epochs=150
cascade_min_out_epochs=50
cascade_max_cand_epochs=150
cascade_min_cand_epochs=50
cascade_num_candidate_groups=2
bit_fail_limit=1.00000000000000005551e-01
cascade_candidate_limit=1.00000000000000000000e+03
cascade_weight_multiplier=4.00000000000000022204e-01
cascade_activation_functions_count=10
cascade_activation_functions=3 5 7 8 10 11 14 15 16 17 
cascade_activation_steepnesses_count=4
cascade_activation_steepnesses=2.50000000000000000000e-01 5.00000000000000000000e-01 7.50000000000000000000e-01 1.00000000000000000000e+00 
layer_sizes=12 4 2 
scale_included=0
neurons (num_inputs, activation_function, activation_steepness)=(0, 0, 0.00000000000000000000e+00) (0, 0, 0.00000000000000000000e+00) (0, 0, 0.00000000000000000000e+00) (0, 0, 0.00000000000000000000e+00) (0, 0, 0.00000000000000000000e+00) (0, 0, 0.00000000000000000000e+00) (0, 0, 0.00000000000000000000e+00) (0, 0, 0.00000000000000000000e+00) (0, 0, 0.00000000000000000000e+00) (0, 0, 0.00000000000000000000e+00) (0, 0, 0.00000000000000000000e+00) (0, 0, 0.00000000000000000000e+00) (12, 6, 5.00000000000000000000e-01) (12, 6, 5.00000000000000000000e-01) (12, 6, 5.00000000000000000000e-01) (0, 6, 0.00000000000000000000e+00) (4, 4, 5.00000000000000000000e-01) (0, 4, 0.00000000000000000000e+00) 
connections (connected_to_neuron, weight)=(0, 5.48256945817009011535e+00) (1, 1.62040296255263904790e+00) (2, 5.27693455164148605974e+00) (3, 5.17629144339955549192e-01) (4, 1.56901040944084435580e+00) (5, 1.46362389937084858005e+00) (6, 1.97250838877756096146e+00) (7, -6.70040106978416316608e-01) (8, 5.46767061069708515397e-01) (9, 2.20112300920778025670e+00) (10, 4.21494539362663545035e+00) (11, -3.35417491549945978591e+00) (0, -7.32347118610143610340e+00) (1, 1.51811775312866248377e+00) (2, -1.57088142547132161297e+01) (3, 3.02017700823251331599e+01) (4, 1.04115339336738852438e+01) (5, -1.46945666418301046363e+00) (6, -1.56361394592420643868e+00) (7, -5.29336901702469120323e+00) (8, -1.58544514050102303138e+00) (9, -1.13093669666221940950e+00) (10, 8.78175413658264791827e-01) (11, 4.39702700224027420717e+00) (0, 1.03925038239292248932e+01) (1, -8.68967922058991426582e+00) (2, -6.33589553576558373038e+00) (3, 1.58298417467204410869e+00) (4, -7.08306836147385610047e+00) (5, 1.93369527846836568585e+01) (6, 5.65662233809574388488e+00) (7, 1.08006504957210047735e+01) (8, 5.38222771293361468281e+00) (9, 6.40273886251032475769e+00) (10, 1.37830583451305894727e+01) (11, 3.32186742551387403921e+00) (12, 2.27367631891238737296e+01) (13, -2.11837908914519132964e+01) (14, -9.57945390892778547709e+00) (15, -1.26997112278957313691e+00) 
