FANN_FLO_2.1
num_layers=3
learning_rate=0.700000
connection_rate=1.000000
network_type=0
learning_momentum=0.000000
training_algorithm=2
train_error_function=1
train_stop_function=1
cascade_output_change_fraction=0.010000
quickprop_decay=-0.000100
quickprop_mu=1.750000
rprop_increase_factor=1.200000
rprop_decrease_factor=0.500000
rprop_delta_min=0.000000
rprop_delta_max=50.000000
rprop_delta_zero=0.100000
cascade_output_stagnation_epochs=12
cascade_candidate_change_fraction=0.010000
cascade_candidate_stagnation_epochs=12
cascade_max_out_epochs=150
cascade_min_out_epochs=50
cascade_max_cand_epochs=150
cascade_min_cand_epochs=50
cascade_num_candidate_groups=2
bit_fail_limit=1.00000000000000005551e-01
cascade_candidate_limit=1.00000000000000000000e+03
cascade_weight_multiplier=4.00000000000000022204e-01
cascade_activation_functions_count=10
cascade_activation_functions=3 5 7 8 10 11 14 15 16 17 
cascade_activation_steepnesses_count=4
cascade_activation_steepnesses=2.50000000000000000000e-01 5.00000000000000000000e-01 7.50000000000000000000e-01 1.00000000000000000000e+00 
layer_sizes=10 4 2 
scale_included=0
neurons (num_inputs, activation_function, activation_steepness)=(0, 0, 0.00000000000000000000e+00) (0, 0, 0.00000000000000000000e+00) (0, 0, 0.00000000000000000000e+00) (0, 0, 0.00000000000000000000e+00) (0, 0, 0.00000000000000000000e+00) (0, 0, 0.00000000000000000000e+00) (0, 0, 0.00000000000000000000e+00) (0, 0, 0.00000000000000000000e+00) (0, 0, 0.00000000000000000000e+00) (0, 0, 0.00000000000000000000e+00) (10, 6, 5.00000000000000000000e-01) (10, 6, 5.00000000000000000000e-01) (10, 6, 5.00000000000000000000e-01) (0, 6, 0.00000000000000000000e+00) (4, 4, 5.00000000000000000000e-01) (0, 4, 0.00000000000000000000e+00) 
connections (connected_to_neuron, weight)=(0, 1.00370997325515489251e+02) (1, 2.99003602634518266257e+01) (2, -4.84728903092534491037e+00) (3, -4.41482509523096422477e-01) (4, 1.69529942894450424973e+00) (5, -4.30398245004409005787e+01) (6, 6.94613764679720731010e+01) (7, -2.11621633124292145567e+01) (8, -3.70175858470693057711e+01) (9, 1.32371640182416534515e+01) (0, -8.11374765404988806949e+00) (1, 1.13081227435597453379e+00) (2, 1.49252798965948074716e+00) (3, 3.76213688219786790423e-01) (4, -6.28406566600974575421e-02) (5, 3.49892107008347297281e+00) (6, -4.82653283805189659006e+00) (7, 1.83253233347819821653e+00) (8, 3.83158278255884399144e+00) (9, -4.85725857915622838412e-01) (0, 8.87909976667883853452e+01) (1, -5.45258208073342842681e+00) (2, -4.73698975740090855169e+00) (3, 1.02233755080418223238e-01) (4, 1.77099059162477368012e+00) (5, -1.39120476285384171433e+02) (6, 5.75438615666434998275e+01) (7, -2.28226092503099167175e+01) (8, -2.13419168419096507705e+01) (9, 1.25990739327475651521e+01) (10, -1.25223134519065792958e+00) (11, 3.62696869576028149140e+01) (12, -1.18145242666251313324e+01) (13, -1.30529436083155103709e+00) 
