FANN_FLO_2.1
num_layers=3
learning_rate=0.700000
connection_rate=1.000000
network_type=0
learning_momentum=0.000000
training_algorithm=2
train_error_function=1
train_stop_function=1
cascade_output_change_fraction=0.010000
quickprop_decay=-0.000100
quickprop_mu=1.750000
rprop_increase_factor=1.200000
rprop_decrease_factor=0.500000
rprop_delta_min=0.000000
rprop_delta_max=50.000000
rprop_delta_zero=0.100000
cascade_output_stagnation_epochs=12
cascade_candidate_change_fraction=0.010000
cascade_candidate_stagnation_epochs=12
cascade_max_out_epochs=150
cascade_min_out_epochs=50
cascade_max_cand_epochs=150
cascade_min_cand_epochs=50
cascade_num_candidate_groups=2
bit_fail_limit=1.00000000000000005551e-01
cascade_candidate_limit=1.00000000000000000000e+03
cascade_weight_multiplier=4.00000000000000022204e-01
cascade_activation_functions_count=10
cascade_activation_functions=3 5 7 8 10 11 14 15 16 17 
cascade_activation_steepnesses_count=4
cascade_activation_steepnesses=2.50000000000000000000e-01 5.00000000000000000000e-01 7.50000000000000000000e-01 1.00000000000000000000e+00 
layer_sizes=8 4 2 
scale_included=0
neurons (num_inputs, activation_function, activation_steepness)=(0, 0, 0.00000000000000000000e+00) (0, 0, 0.00000000000000000000e+00) (0, 0, 0.00000000000000000000e+00) (0, 0, 0.00000000000000000000e+00) (0, 0, 0.00000000000000000000e+00) (0, 0, 0.00000000000000000000e+00) (0, 0, 0.00000000000000000000e+00) (0, 0, 0.00000000000000000000e+00) (8, 6, 5.00000000000000000000e-01) (8, 6, 5.00000000000000000000e-01) (8, 6, 5.00000000000000000000e-01) (0, 6, 0.00000000000000000000e+00) (4, 4, 5.00000000000000000000e-01) (0, 4, 0.00000000000000000000e+00) 
connections (connected_to_neuron, weight)=(0, 3.86661854996202869472e-01) (1, -1.79662205692313481364e+00) (2, -1.12222137500760066331e+00) (3, 1.53866932555215196743e+00) (4, 2.51011349082985679715e+00) (5, 2.38526188404360617312e+00) (6, -1.84774349298260975871e+00) (7, 1.42456408283192947906e+00) (0, 8.15641545084812846778e-02) (1, 1.54204285822999564992e+00) (2, 1.20251407316222680421e+00) (3, 1.33848221471570596464e+01) (4, 2.53694964485637997065e-01) (5, 2.53394657658808086786e-01) (6, 1.49397648804080573903e+00) (7, -4.04981852032279598941e-01) (0, 8.72248411142647825378e-03) (1, 1.68606990329193440203e+00) (2, 2.25055757437119963171e+00) (3, 3.24449058495237068200e+01) (4, 2.64269066631165672199e-01) (5, 3.62219692795840431110e-01) (6, 1.66829894609021511798e+00) (7, -1.06203781431500487997e+00) (8, -8.57775184036209736860e+00) (9, 2.25208529855154093724e+00) (10, 1.41714601256178553967e+01) (11, -6.03448550286441953716e-01) 
