FANN_FLO_2.1
num_layers=3
learning_rate=0.700000
connection_rate=1.000000
network_type=0
learning_momentum=0.000000
training_algorithm=2
train_error_function=1
train_stop_function=1
cascade_output_change_fraction=0.010000
quickprop_decay=-0.000100
quickprop_mu=1.750000
rprop_increase_factor=1.200000
rprop_decrease_factor=0.500000
rprop_delta_min=0.000000
rprop_delta_max=50.000000
rprop_delta_zero=0.100000
cascade_output_stagnation_epochs=12
cascade_candidate_change_fraction=0.010000
cascade_candidate_stagnation_epochs=12
cascade_max_out_epochs=150
cascade_min_out_epochs=50
cascade_max_cand_epochs=150
cascade_min_cand_epochs=50
cascade_num_candidate_groups=2
bit_fail_limit=1.00000000000000005551e-01
cascade_candidate_limit=1.00000000000000000000e+03
cascade_weight_multiplier=4.00000000000000022204e-01
cascade_activation_functions_count=10
cascade_activation_functions=3 5 7 8 10 11 14 15 16 17 
cascade_activation_steepnesses_count=4
cascade_activation_steepnesses=2.50000000000000000000e-01 5.00000000000000000000e-01 7.50000000000000000000e-01 1.00000000000000000000e+00 
layer_sizes=11 4 2 
scale_included=0
neurons (num_inputs, activation_function, activation_steepness)=(0, 0, 0.00000000000000000000e+00) (0, 0, 0.00000000000000000000e+00) (0, 0, 0.00000000000000000000e+00) (0, 0, 0.00000000000000000000e+00) (0, 0, 0.00000000000000000000e+00) (0, 0, 0.00000000000000000000e+00) (0, 0, 0.00000000000000000000e+00) (0, 0, 0.00000000000000000000e+00) (0, 0, 0.00000000000000000000e+00) (0, 0, 0.00000000000000000000e+00) (0, 0, 0.00000000000000000000e+00) (11, 6, 5.00000000000000000000e-01) (11, 6, 5.00000000000000000000e-01) (11, 6, 5.00000000000000000000e-01) (0, 6, 0.00000000000000000000e+00) (4, 4, 5.00000000000000000000e-01) (0, 4, 0.00000000000000000000e+00) 
connections (connected_to_neuron, weight)=(0, 1.41515237585244119112e-01) (1, -6.69337786618107499770e-01) (2, 2.11588955768769099164e-01) (3, -1.05096959981585946764e+00) (4, 1.85674167620465596640e-01) (5, -3.54944604690312581763e-01) (6, -1.01585802216566012390e+00) (7, -6.70901878427563047591e-02) (8, -1.28446129887004723003e+00) (9, -1.82107973085766605692e+00) (10, 4.14765950342348199698e-01) (0, -1.48037324393416325208e-02) (1, -7.53792725387448014907e-01) (2, 2.58078745850747193202e-01) (3, -1.02922442096735422545e+00) (4, 4.51778928936559937002e-02) (5, -3.14326754334106783784e-01) (6, -1.46591272558266649817e+00) (7, -2.57786481331883365886e-02) (8, -1.73836300049122605138e+00) (9, -1.44274055333344097818e+00) (10, 4.41242735882928893698e-01) (0, -3.76586559622020411453e+00) (1, -3.03202980325921878091e+00) (2, -4.58480783094741328743e-01) (3, -3.15547169138237526553e+00) (4, 4.58710354801795716639e+00) (5, -2.39567475706769128507e+00) (6, -2.01012686848958477270e+00) (7, -2.38889403177068171402e+00) (8, -4.35346702758284465062e+00) (9, -1.41930970990573368518e+00) (10, 4.37180128287153113575e+00) (11, -3.47033809456675790273e+00) (12, -1.43002382262400651314e+00) (13, -1.68185268352979989004e+02) (14, -2.94520571992288360264e+00) 
