FANN_FLO_2.1
num_layers=3
learning_rate=0.700000
connection_rate=1.000000
network_type=0
learning_momentum=0.000000
training_algorithm=2
train_error_function=1
train_stop_function=1
cascade_output_change_fraction=0.010000
quickprop_decay=-0.000100
quickprop_mu=1.750000
rprop_increase_factor=1.200000
rprop_decrease_factor=0.500000
rprop_delta_min=0.000000
rprop_delta_max=50.000000
rprop_delta_zero=0.100000
cascade_output_stagnation_epochs=12
cascade_candidate_change_fraction=0.010000
cascade_candidate_stagnation_epochs=12
cascade_max_out_epochs=150
cascade_min_out_epochs=50
cascade_max_cand_epochs=150
cascade_min_cand_epochs=50
cascade_num_candidate_groups=2
bit_fail_limit=1.00000000000000005551e-01
cascade_candidate_limit=1.00000000000000000000e+03
cascade_weight_multiplier=4.00000000000000022204e-01
cascade_activation_functions_count=10
cascade_activation_functions=3 5 7 8 10 11 14 15 16 17 
cascade_activation_steepnesses_count=4
cascade_activation_steepnesses=2.50000000000000000000e-01 5.00000000000000000000e-01 7.50000000000000000000e-01 1.00000000000000000000e+00 
layer_sizes=12 4 2 
scale_included=0
neurons (num_inputs, activation_function, activation_steepness)=(0, 0, 0.00000000000000000000e+00) (0, 0, 0.00000000000000000000e+00) (0, 0, 0.00000000000000000000e+00) (0, 0, 0.00000000000000000000e+00) (0, 0, 0.00000000000000000000e+00) (0, 0, 0.00000000000000000000e+00) (0, 0, 0.00000000000000000000e+00) (0, 0, 0.00000000000000000000e+00) (0, 0, 0.00000000000000000000e+00) (0, 0, 0.00000000000000000000e+00) (0, 0, 0.00000000000000000000e+00) (0, 0, 0.00000000000000000000e+00) (12, 6, 5.00000000000000000000e-01) (12, 6, 5.00000000000000000000e-01) (12, 6, 5.00000000000000000000e-01) (0, 6, 0.00000000000000000000e+00) (4, 4, 5.00000000000000000000e-01) (0, 4, 0.00000000000000000000e+00) 
connections (connected_to_neuron, weight)=(0, 5.13999142105070649933e+00) (1, 2.08756377323482267272e+00) (2, 1.85104436039716380158e+00) (3, -5.78738064052276679483e-01) (4, -7.08498898450339975597e-01) (5, 7.81576536713892267016e+00) (6, -1.51086782076553305387e+01) (7, -1.42505132175533031358e+01) (8, 1.52426777103327015794e+00) (9, 1.11814603150528979469e+00) (10, 1.53436714065553103659e+00) (11, -3.08690644391982749184e+00) (0, 4.58375282326206257011e+00) (1, 5.40987142614797189566e-01) (2, 7.15567333307736364034e-01) (3, 3.63641933069686817959e+00) (4, 1.23368156857996499887e-01) (5, 1.03663152551644728305e+01) (6, 2.47364516155832747657e+00) (7, -2.02227634603454120565e+00) (8, 1.43347313905212714324e+00) (9, 1.55663418595011071588e+00) (10, 2.03746416504569127781e+00) (11, -3.15786290065116670434e+00) (0, -6.44988412092298513123e-01) (1, -7.25449266686278848582e-02) (2, -8.89809855854350462145e-02) (3, 1.48431902038896046392e+00) (4, -9.75531879774520382931e-01) (5, -1.24707170471603778772e+00) (6, 4.24843645696686200708e-01) (7, 1.10497963895753792407e+00) (8, 6.33471819854285363161e-03) (9, 4.82787334898359468682e-02) (10, 1.87428780855906640390e-01) (11, 2.90645964811617196766e-01) (12, 2.84514074487604666786e+01) (13, 2.22996993396751328476e+01) (14, -4.23653454055620244390e+01) (15, -1.51547532810832663586e+00) 
