FANN_FLO_2.1
num_layers=3
learning_rate=0.700000
connection_rate=1.000000
network_type=0
learning_momentum=0.000000
training_algorithm=2
train_error_function=1
train_stop_function=1
cascade_output_change_fraction=0.010000
quickprop_decay=-0.000100
quickprop_mu=1.750000
rprop_increase_factor=1.200000
rprop_decrease_factor=0.500000
rprop_delta_min=0.000000
rprop_delta_max=50.000000
rprop_delta_zero=0.100000
cascade_output_stagnation_epochs=12
cascade_candidate_change_fraction=0.010000
cascade_candidate_stagnation_epochs=12
cascade_max_out_epochs=150
cascade_min_out_epochs=50
cascade_max_cand_epochs=150
cascade_min_cand_epochs=50
cascade_num_candidate_groups=2
bit_fail_limit=1.00000000000000005551e-01
cascade_candidate_limit=1.00000000000000000000e+03
cascade_weight_multiplier=4.00000000000000022204e-01
cascade_activation_functions_count=10
cascade_activation_functions=3 5 7 8 10 11 14 15 16 17 
cascade_activation_steepnesses_count=4
cascade_activation_steepnesses=2.50000000000000000000e-01 5.00000000000000000000e-01 7.50000000000000000000e-01 1.00000000000000000000e+00 
layer_sizes=12 4 2 
scale_included=0
neurons (num_inputs, activation_function, activation_steepness)=(0, 0, 0.00000000000000000000e+00) (0, 0, 0.00000000000000000000e+00) (0, 0, 0.00000000000000000000e+00) (0, 0, 0.00000000000000000000e+00) (0, 0, 0.00000000000000000000e+00) (0, 0, 0.00000000000000000000e+00) (0, 0, 0.00000000000000000000e+00) (0, 0, 0.00000000000000000000e+00) (0, 0, 0.00000000000000000000e+00) (0, 0, 0.00000000000000000000e+00) (0, 0, 0.00000000000000000000e+00) (0, 0, 0.00000000000000000000e+00) (12, 6, 5.00000000000000000000e-01) (12, 6, 5.00000000000000000000e-01) (12, 6, 5.00000000000000000000e-01) (0, 6, 0.00000000000000000000e+00) (4, 4, 5.00000000000000000000e-01) (0, 4, 0.00000000000000000000e+00) 
connections (connected_to_neuron, weight)=(0, 9.83998728082472323697e-02) (1, 2.37346426017370903949e+00) (2, 1.49643145712601122188e-01) (3, 6.70625694765378810303e-02) (4, 1.50110893162476000118e-01) (5, 2.16302804859863667675e-01) (6, 3.18508636721976268191e-01) (7, 1.91585667794403224917e-01) (8, -1.21214701190359402938e-01) (9, 2.59801801178567548511e-01) (10, 2.56834684540958979593e-01) (11, -1.99932441223844570288e-02) (0, 4.83015473546393736548e-01) (1, -2.78572371666882689922e+00) (2, -7.49487036372187831468e-02) (3, 1.89088036674989717900e-01) (4, 1.47254697750784108862e-03) (5, -8.02094753987159514441e-02) (6, 5.91050216747495277270e-02) (7, 1.22022847078502638674e-01) (8, 9.87364025943807011032e-01) (9, -2.96691861586997895905e-01) (10, 2.09810013316333782152e-01) (11, 4.42084651054747923560e-01) (0, -2.16680848380118940000e+00) (1, 4.96774493784043436051e+00) (2, -9.34680030814720286259e-01) (3, -1.44011950988075065894e+00) (4, -1.18652001441729515463e+00) (5, -1.14083242834818809897e+00) (6, -8.26822460762573485660e-01) (7, -1.63205147185960752765e+00) (8, -1.66716949878476361491e+00) (9, -1.06660434606672294144e+00) (10, -1.52186768898406987738e+00) (11, -1.89937823738980116062e+00) (12, 2.11568475279326650984e-01) (13, -2.12747052951229065343e+00) (14, 8.84663550266988529813e+00) (15, -2.34249360051265309579e+00) 
