FANN_FLO_2.1
num_layers=3
learning_rate=0.700000
connection_rate=1.000000
network_type=0
learning_momentum=0.000000
training_algorithm=2
train_error_function=1
train_stop_function=1
cascade_output_change_fraction=0.010000
quickprop_decay=-0.000100
quickprop_mu=1.750000
rprop_increase_factor=1.200000
rprop_decrease_factor=0.500000
rprop_delta_min=0.000000
rprop_delta_max=50.000000
rprop_delta_zero=0.100000
cascade_output_stagnation_epochs=12
cascade_candidate_change_fraction=0.010000
cascade_candidate_stagnation_epochs=12
cascade_max_out_epochs=150
cascade_min_out_epochs=50
cascade_max_cand_epochs=150
cascade_min_cand_epochs=50
cascade_num_candidate_groups=2
bit_fail_limit=1.00000000000000005551e-01
cascade_candidate_limit=1.00000000000000000000e+03
cascade_weight_multiplier=4.00000000000000022204e-01
cascade_activation_functions_count=10
cascade_activation_functions=3 5 7 8 10 11 14 15 16 17 
cascade_activation_steepnesses_count=4
cascade_activation_steepnesses=2.50000000000000000000e-01 5.00000000000000000000e-01 7.50000000000000000000e-01 1.00000000000000000000e+00 
layer_sizes=17 4 2 
scale_included=0
neurons (num_inputs, activation_function, activation_steepness)=(0, 0, 0.00000000000000000000e+00) (0, 0, 0.00000000000000000000e+00) (0, 0, 0.00000000000000000000e+00) (0, 0, 0.00000000000000000000e+00) (0, 0, 0.00000000000000000000e+00) (0, 0, 0.00000000000000000000e+00) (0, 0, 0.00000000000000000000e+00) (0, 0, 0.00000000000000000000e+00) (0, 0, 0.00000000000000000000e+00) (0, 0, 0.00000000000000000000e+00) (0, 0, 0.00000000000000000000e+00) (0, 0, 0.00000000000000000000e+00) (0, 0, 0.00000000000000000000e+00) (0, 0, 0.00000000000000000000e+00) (0, 0, 0.00000000000000000000e+00) (0, 0, 0.00000000000000000000e+00) (0, 0, 0.00000000000000000000e+00) (17, 6, 5.00000000000000000000e-01) (17, 6, 5.00000000000000000000e-01) (17, 6, 5.00000000000000000000e-01) (0, 6, 0.00000000000000000000e+00) (4, 4, 5.00000000000000000000e-01) (0, 4, 0.00000000000000000000e+00) 
connections (connected_to_neuron, weight)=(0, 9.89351975020485063794e+00) (1, -1.07540839721708603172e+00) (2, 2.10831912857780556791e+00) (3, -2.58800885265584490469e+00) (4, -1.66139923886923823737e+00) (5, -5.73742699052448901220e-01) (6, 3.69072119579938906497e-01) (7, 1.26623688504132880794e+00) (8, -5.42246639760273319020e-01) (9, 5.57381657954780784792e-01) (10, -1.79215720991863558531e+00) (11, 3.65846512770623988331e+00) (12, 2.13978560898586822603e+00) (13, -1.15234236817027957400e+00) (14, -2.57733892903058370294e-01) (15, 8.65693239318054419407e-01) (16, -1.13724961214850206481e+00) (0, -1.05277499167523771462e+01) (1, -6.21744404918706639052e+00) (2, 1.73980016759499420687e+01) (3, -3.49433422840680574240e+00) (4, -5.33920921340091769736e+00) (5, 5.10209399704902533124e-01) (6, -1.93542802474357289455e-01) (7, 2.74319348193086455012e+02) (8, -7.77595152207282702683e-02) (9, -1.96562729322717166802e+00) (10, 3.74453848453405901964e+00) (11, 6.16275227939580449998e+00) (12, -7.05248678981581456071e+00) (13, -1.15641364098249432857e+00) (14, -6.19678586238186213109e+00) (15, 1.07253752439467628932e+01) (16, 5.89605722656545538918e-01) (0, 1.32598086243528889838e+01) (1, -7.64198757651440740979e-01) (2, -6.29763264874281247785e-01) (3, -9.18084102747536268119e-01) (4, 1.46426682093618709679e+00) (5, -1.90133092680702109334e+00) (6, -1.48613451324740936110e-01) (7, -2.57205712350888049400e+00) (8, -1.94703143974142478534e+00) (9, 1.44850091701134275901e+00) (10, 1.70408989997609694456e+00) (11, 6.90175223783532687527e-01) (12, -2.35422028986951570317e+00) (13, -1.41976184096468216467e+00) (14, 2.92453412042554872219e-01) (15, 3.41569022745253434437e+01) (16, 3.61964124528563691019e-01) (17, -7.09178971181868575968e+01) (18, 3.63743523250778650890e+01) (19, -5.03261730733023711082e+01) (20, -6.12192876583889544762e-01) 
