FANN_FLO_2.1
num_layers=3
learning_rate=0.700000
connection_rate=1.000000
network_type=0
learning_momentum=0.000000
training_algorithm=2
train_error_function=1
train_stop_function=1
cascade_output_change_fraction=0.010000
quickprop_decay=-0.000100
quickprop_mu=1.750000
rprop_increase_factor=1.200000
rprop_decrease_factor=0.500000
rprop_delta_min=0.000000
rprop_delta_max=50.000000
rprop_delta_zero=0.100000
cascade_output_stagnation_epochs=12
cascade_candidate_change_fraction=0.010000
cascade_candidate_stagnation_epochs=12
cascade_max_out_epochs=150
cascade_min_out_epochs=50
cascade_max_cand_epochs=150
cascade_min_cand_epochs=50
cascade_num_candidate_groups=2
bit_fail_limit=1.00000000000000005551e-01
cascade_candidate_limit=1.00000000000000000000e+03
cascade_weight_multiplier=4.00000000000000022204e-01
cascade_activation_functions_count=10
cascade_activation_functions=3 5 7 8 10 11 14 15 16 17 
cascade_activation_steepnesses_count=4
cascade_activation_steepnesses=2.50000000000000000000e-01 5.00000000000000000000e-01 7.50000000000000000000e-01 1.00000000000000000000e+00 
layer_sizes=10 4 2 
scale_included=0
neurons (num_inputs, activation_function, activation_steepness)=(0, 0, 0.00000000000000000000e+00) (0, 0, 0.00000000000000000000e+00) (0, 0, 0.00000000000000000000e+00) (0, 0, 0.00000000000000000000e+00) (0, 0, 0.00000000000000000000e+00) (0, 0, 0.00000000000000000000e+00) (0, 0, 0.00000000000000000000e+00) (0, 0, 0.00000000000000000000e+00) (0, 0, 0.00000000000000000000e+00) (0, 0, 0.00000000000000000000e+00) (10, 6, 5.00000000000000000000e-01) (10, 6, 5.00000000000000000000e-01) (10, 6, 5.00000000000000000000e-01) (0, 6, 0.00000000000000000000e+00) (4, 4, 5.00000000000000000000e-01) (0, 4, 0.00000000000000000000e+00) 
connections (connected_to_neuron, weight)=(0, -6.17624977189429724689e+00) (1, 3.74032262305900875532e+00) (2, -7.08773158595462415832e-01) (3, 3.37530259767017648542e+00) (4, 2.73122954798831951706e+00) (5, -3.34702423889729372419e-01) (6, -1.17528725997306726647e+00) (7, 3.13814704646441144931e+00) (8, 1.92903623494213993794e+00) (9, -3.39585662062081095058e+00) (0, -7.35834241882329487261e-01) (1, 9.66940120690511273338e-01) (2, 6.93636237092643215263e-01) (3, 2.64907837016223779436e-01) (4, 6.19412283181562273171e-01) (5, 1.85965770079102504786e-01) (6, -3.46615604554063649889e-01) (7, 3.42437292081666289079e-01) (8, 6.60798514589524543794e-01) (9, -6.50225047159235569616e-01) (0, 1.01488824186309241071e+01) (1, -3.44856494877891694983e+00) (2, -1.36580769353264863675e+00) (3, -2.97645183786149392091e+00) (4, -2.06313862435740924539e+00) (5, 9.42290602363269780284e-01) (6, -2.29396627457781887571e+00) (7, -2.95941050402125238605e+00) (8, -8.98832983931304396741e-01) (9, 4.15608804997446767970e+00) (10, 1.07110036581097531894e+01) (11, 7.28945931800036861503e-01) (12, -4.26545745370717632738e+00) (13, -9.74304018778720748450e-01) 
