FANN_FLO_2.1
num_layers=3
learning_rate=0.700000
connection_rate=1.000000
network_type=0
learning_momentum=0.000000
training_algorithm=2
train_error_function=1
train_stop_function=1
cascade_output_change_fraction=0.010000
quickprop_decay=-0.000100
quickprop_mu=1.750000
rprop_increase_factor=1.200000
rprop_decrease_factor=0.500000
rprop_delta_min=0.000000
rprop_delta_max=50.000000
rprop_delta_zero=0.100000
cascade_output_stagnation_epochs=12
cascade_candidate_change_fraction=0.010000
cascade_candidate_stagnation_epochs=12
cascade_max_out_epochs=150
cascade_min_out_epochs=50
cascade_max_cand_epochs=150
cascade_min_cand_epochs=50
cascade_num_candidate_groups=2
bit_fail_limit=1.00000000000000005551e-01
cascade_candidate_limit=1.00000000000000000000e+03
cascade_weight_multiplier=4.00000000000000022204e-01
cascade_activation_functions_count=10
cascade_activation_functions=3 5 7 8 10 11 14 15 16 17 
cascade_activation_steepnesses_count=4
cascade_activation_steepnesses=2.50000000000000000000e-01 5.00000000000000000000e-01 7.50000000000000000000e-01 1.00000000000000000000e+00 
layer_sizes=7 4 2 
scale_included=0
neurons (num_inputs, activation_function, activation_steepness)=(0, 0, 0.00000000000000000000e+00) (0, 0, 0.00000000000000000000e+00) (0, 0, 0.00000000000000000000e+00) (0, 0, 0.00000000000000000000e+00) (0, 0, 0.00000000000000000000e+00) (0, 0, 0.00000000000000000000e+00) (0, 0, 0.00000000000000000000e+00) (7, 6, 5.00000000000000000000e-01) (7, 6, 5.00000000000000000000e-01) (7, 6, 5.00000000000000000000e-01) (0, 6, 0.00000000000000000000e+00) (4, 4, 5.00000000000000000000e-01) (0, 4, 0.00000000000000000000e+00) 
connections (connected_to_neuron, weight)=(0, 1.23243292710032448234e+00) (1, -7.45093750505874008461e-01) (2, -6.52736190119588610692e-01) (3, -5.52599651047450457497e-01) (4, -1.09378673513692659114e+00) (5, 4.63617493583477702224e-01) (6, 4.65019809830970021203e-01) (0, 5.86951815606322657715e+00) (1, -3.35771722146186668567e+00) (2, -1.12682609139006095766e+00) (3, -1.93875736514566310298e+00) (4, -6.19663094531412728116e+00) (5, 2.36619984129892380054e+00) (6, 3.75984637335531157731e+00) (0, 1.64556837297514668705e+00) (1, -8.94992577249826615216e-01) (2, -1.52569551757212262810e-01) (3, -7.85386741039745817083e-01) (4, -5.71857356388021909055e+00) (5, 2.85444834114610912490e-01) (6, 2.70471627867823138924e-01) (7, -4.84914503192274448651e+00) (8, -6.51500702103816298205e+00) (9, -4.51799160516295761347e-01) (10, -2.02321195923499352887e+00) 
