FANN_FLO_2.1
num_layers=3
learning_rate=0.700000
connection_rate=1.000000
network_type=0
learning_momentum=0.000000
training_algorithm=2
train_error_function=1
train_stop_function=1
cascade_output_change_fraction=0.010000
quickprop_decay=-0.000100
quickprop_mu=1.750000
rprop_increase_factor=1.200000
rprop_decrease_factor=0.500000
rprop_delta_min=0.000000
rprop_delta_max=50.000000
rprop_delta_zero=0.100000
cascade_output_stagnation_epochs=12
cascade_candidate_change_fraction=0.010000
cascade_candidate_stagnation_epochs=12
cascade_max_out_epochs=150
cascade_min_out_epochs=50
cascade_max_cand_epochs=150
cascade_min_cand_epochs=50
cascade_num_candidate_groups=2
bit_fail_limit=1.00000000000000005551e-01
cascade_candidate_limit=1.00000000000000000000e+03
cascade_weight_multiplier=4.00000000000000022204e-01
cascade_activation_functions_count=10
cascade_activation_functions=3 5 7 8 10 11 14 15 16 17 
cascade_activation_steepnesses_count=4
cascade_activation_steepnesses=2.50000000000000000000e-01 5.00000000000000000000e-01 7.50000000000000000000e-01 1.00000000000000000000e+00 
layer_sizes=16 4 2 
scale_included=0
neurons (num_inputs, activation_function, activation_steepness)=(0, 0, 0.00000000000000000000e+00) (0, 0, 0.00000000000000000000e+00) (0, 0, 0.00000000000000000000e+00) (0, 0, 0.00000000000000000000e+00) (0, 0, 0.00000000000000000000e+00) (0, 0, 0.00000000000000000000e+00) (0, 0, 0.00000000000000000000e+00) (0, 0, 0.00000000000000000000e+00) (0, 0, 0.00000000000000000000e+00) (0, 0, 0.00000000000000000000e+00) (0, 0, 0.00000000000000000000e+00) (0, 0, 0.00000000000000000000e+00) (0, 0, 0.00000000000000000000e+00) (0, 0, 0.00000000000000000000e+00) (0, 0, 0.00000000000000000000e+00) (0, 0, 0.00000000000000000000e+00) (16, 6, 5.00000000000000000000e-01) (16, 6, 5.00000000000000000000e-01) (16, 6, 5.00000000000000000000e-01) (0, 6, 0.00000000000000000000e+00) (4, 4, 5.00000000000000000000e-01) (0, 4, 0.00000000000000000000e+00) 
connections (connected_to_neuron, weight)=(0, -2.94326909936973857285e-01) (1, 2.46097901097471520870e+01) (2, -7.61969712743477411987e-02) (3, 1.34701225444845995582e+00) (4, 1.78661826603338269592e+00) (5, 2.47071885026032731503e+01) (6, 1.41488058403305849708e+00) (7, 1.31899483353978275169e+00) (8, 8.69966583728087994309e-01) (9, 1.64128157604322089114e-01) (10, 2.35810232654549090103e-01) (11, 9.12737487478490039372e-01) (12, 6.30404812849746365444e-01) (13, -1.88761555024997140784e+00) (14, 5.06149334336423173397e-01) (15, -1.31138003589057222653e-01) (0, 3.10442945929438085528e+00) (1, 1.04725427042288288249e+02) (2, -4.36572824835680384226e-02) (3, -1.77967263797185681895e+00) (4, -1.51093450458905742551e+00) (5, 1.04601282644612297190e+02) (6, -1.82016768345496915416e+00) (7, -2.02657398562970403333e+00) (8, -6.73236426595878345580e-01) (9, -1.15520999012342784340e+00) (10, 2.72923629342672224851e-01) (11, -4.88007600944044384050e+00) (12, -4.90546817799844880881e+00) (13, 4.81700453342111778454e+00) (14, -1.13169215593717620294e+00) (15, 3.11638711961180181476e+00) (0, -2.98486221524836148333e+00) (1, 1.41775824651111349795e+02) (2, 4.36957224799964294437e-01) (3, 2.09606013480455066755e+00) (4, 1.06360640040946385909e+00) (5, 1.41745318640012726519e+02) (6, 2.05516450885564472273e+00) (7, 2.00225947490222777603e+00) (8, 1.70470902213057518004e+00) (9, -6.26472355685760207145e-01) (10, 1.25519815223189623588e+00) (11, 1.01587720054493102495e+00) (12, 2.74118052535650580381e+00) (13, -2.79619812068145368045e+00) (14, 9.99369140187170157397e-01) (15, -1.79467932373819771819e+00) (16, 1.14062657224593722027e+00) (17, -4.02580193753399306900e+00) (18, 1.80382721552962657086e+01) (19, -1.62703924865065041594e+00) 
