FANN_FLO_2.1
num_layers=3
learning_rate=0.700000
connection_rate=1.000000
network_type=0
learning_momentum=0.000000
training_algorithm=2
train_error_function=1
train_stop_function=1
cascade_output_change_fraction=0.010000
quickprop_decay=-0.000100
quickprop_mu=1.750000
rprop_increase_factor=1.200000
rprop_decrease_factor=0.500000
rprop_delta_min=0.000000
rprop_delta_max=50.000000
rprop_delta_zero=0.100000
cascade_output_stagnation_epochs=12
cascade_candidate_change_fraction=0.010000
cascade_candidate_stagnation_epochs=12
cascade_max_out_epochs=150
cascade_min_out_epochs=50
cascade_max_cand_epochs=150
cascade_min_cand_epochs=50
cascade_num_candidate_groups=2
bit_fail_limit=1.00000000000000005551e-01
cascade_candidate_limit=1.00000000000000000000e+03
cascade_weight_multiplier=4.00000000000000022204e-01
cascade_activation_functions_count=10
cascade_activation_functions=3 5 7 8 10 11 14 15 16 17 
cascade_activation_steepnesses_count=4
cascade_activation_steepnesses=2.50000000000000000000e-01 5.00000000000000000000e-01 7.50000000000000000000e-01 1.00000000000000000000e+00 
layer_sizes=7 4 2 
scale_included=0
neurons (num_inputs, activation_function, activation_steepness)=(0, 0, 0.00000000000000000000e+00) (0, 0, 0.00000000000000000000e+00) (0, 0, 0.00000000000000000000e+00) (0, 0, 0.00000000000000000000e+00) (0, 0, 0.00000000000000000000e+00) (0, 0, 0.00000000000000000000e+00) (0, 0, 0.00000000000000000000e+00) (7, 6, 5.00000000000000000000e-01) (7, 6, 5.00000000000000000000e-01) (7, 6, 5.00000000000000000000e-01) (0, 6, 0.00000000000000000000e+00) (4, 4, 5.00000000000000000000e-01) (0, 4, 0.00000000000000000000e+00) 
connections (connected_to_neuron, weight)=(0, -3.78830584751169929802e+00) (1, 3.10165430942463737907e+00) (2, 1.31773618496700151148e+00) (3, 3.01095021757526515316e+00) (4, 2.65993639109709434365e+00) (5, 2.79762050647882482002e-02) (6, -3.80404508726399193108e+00) (0, -4.54426133925224462473e-01) (1, 8.29285108831120720829e-01) (2, 2.76736594820549852702e-01) (3, 7.21684912128311539803e-01) (4, 7.96862726509536267727e-01) (5, 7.87520691279937734564e-01) (6, -3.33522796112346753272e-01) (0, 1.29867231438270214205e+00) (1, -7.67884077292431133088e-02) (2, -7.39361175248376190083e-01) (3, -1.31651566025221056222e+00) (4, -4.06497481251677506009e-01) (5, -4.20721253414928331171e-01) (6, 4.37068129015267425874e-01) (7, 8.35584488764405719508e+00) (8, 1.00040217824593669071e+00) (9, -4.27917619801447768335e-01) (10, -1.73909333022687806469e+00) 
