FANN_FLO_2.1
num_layers=3
learning_rate=0.700000
connection_rate=1.000000
network_type=0
learning_momentum=0.000000
training_algorithm=2
train_error_function=1
train_stop_function=1
cascade_output_change_fraction=0.010000
quickprop_decay=-0.000100
quickprop_mu=1.750000
rprop_increase_factor=1.200000
rprop_decrease_factor=0.500000
rprop_delta_min=0.000000
rprop_delta_max=50.000000
rprop_delta_zero=0.100000
cascade_output_stagnation_epochs=12
cascade_candidate_change_fraction=0.010000
cascade_candidate_stagnation_epochs=12
cascade_max_out_epochs=150
cascade_min_out_epochs=50
cascade_max_cand_epochs=150
cascade_min_cand_epochs=50
cascade_num_candidate_groups=2
bit_fail_limit=1.00000000000000005551e-01
cascade_candidate_limit=1.00000000000000000000e+03
cascade_weight_multiplier=4.00000000000000022204e-01
cascade_activation_functions_count=10
cascade_activation_functions=3 5 7 8 10 11 14 15 16 17 
cascade_activation_steepnesses_count=4
cascade_activation_steepnesses=2.50000000000000000000e-01 5.00000000000000000000e-01 7.50000000000000000000e-01 1.00000000000000000000e+00 
layer_sizes=15 4 2 
scale_included=0
neurons (num_inputs, activation_function, activation_steepness)=(0, 0, 0.00000000000000000000e+00) (0, 0, 0.00000000000000000000e+00) (0, 0, 0.00000000000000000000e+00) (0, 0, 0.00000000000000000000e+00) (0, 0, 0.00000000000000000000e+00) (0, 0, 0.00000000000000000000e+00) (0, 0, 0.00000000000000000000e+00) (0, 0, 0.00000000000000000000e+00) (0, 0, 0.00000000000000000000e+00) (0, 0, 0.00000000000000000000e+00) (0, 0, 0.00000000000000000000e+00) (0, 0, 0.00000000000000000000e+00) (0, 0, 0.00000000000000000000e+00) (0, 0, 0.00000000000000000000e+00) (0, 0, 0.00000000000000000000e+00) (15, 6, 5.00000000000000000000e-01) (15, 6, 5.00000000000000000000e-01) (15, 6, 5.00000000000000000000e-01) (0, 6, 0.00000000000000000000e+00) (4, 4, 5.00000000000000000000e-01) (0, 4, 0.00000000000000000000e+00) 
connections (connected_to_neuron, weight)=(0, -6.48629365831187865155e+00) (1, 4.02939390913573269870e+00) (2, -6.41145892267937056452e-01) (3, 3.76934605366187147624e+00) (4, -2.17099017096832880291e-01) (5, 3.41394566737804217027e+00) (6, 3.18222145122615573953e+00) (7, -2.09118206697646957792e+00) (8, 3.78720864067301032918e+00) (9, 2.53087280950795578960e-01) (10, 2.03378773512701238602e+00) (11, 2.54255280882145839882e+00) (12, 5.44275824542943986728e+00) (13, -5.13860996036259098929e+00) (14, -3.55277160341868425419e+00) (0, 2.24006735590514232115e+01) (1, -7.12954027249280208878e+00) (2, 1.32424360337382562847e+00) (3, -1.69447313233012764044e+00) (4, 2.23145002852395979431e+00) (5, -1.00962680462844289764e+00) (6, -1.39639071884387870881e+01) (7, -1.40679426505552314097e+01) (8, -1.84941879643792761456e+00) (9, 5.49612501469733238935e+00) (10, -7.30527620854259485128e-01) (11, -3.15470109675719623255e+00) (12, -4.89318732900289532495e+00) (13, 4.40576236218278651791e+01) (14, 7.48603540624705043882e+00) (0, -9.41107352540951680453e+00) (1, 2.12620012724815810046e+00) (2, 8.83033242872190982098e-02) (3, 1.60144513243697850235e+00) (4, -5.89607865905765402004e-02) (5, 1.79395026773876153925e+00) (6, 1.67034638559350678833e+00) (7, -8.19711622406568474197e-01) (8, 1.57768755176924435624e+00) (9, -6.32822591624163655055e-01) (10, 2.20408431566198936835e+00) (11, 5.78958361417703226692e+00) (12, 3.75980928696190108695e+00) (13, -7.77292557754459956243e+00) (14, -9.18914632571303013897e-01) (15, 9.03496394797588386893e+00) (16, -8.66632220348091175666e-01) (17, 5.67486241744459007919e+00) (18, -7.07075425876324659136e-01) 
