FANN_FLO_2.1
num_layers=3
learning_rate=0.700000
connection_rate=1.000000
network_type=0
learning_momentum=0.000000
training_algorithm=2
train_error_function=1
train_stop_function=1
cascade_output_change_fraction=0.010000
quickprop_decay=-0.000100
quickprop_mu=1.750000
rprop_increase_factor=1.200000
rprop_decrease_factor=0.500000
rprop_delta_min=0.000000
rprop_delta_max=50.000000
rprop_delta_zero=0.100000
cascade_output_stagnation_epochs=12
cascade_candidate_change_fraction=0.010000
cascade_candidate_stagnation_epochs=12
cascade_max_out_epochs=150
cascade_min_out_epochs=50
cascade_max_cand_epochs=150
cascade_min_cand_epochs=50
cascade_num_candidate_groups=2
bit_fail_limit=1.00000000000000005551e-01
cascade_candidate_limit=1.00000000000000000000e+03
cascade_weight_multiplier=4.00000000000000022204e-01
cascade_activation_functions_count=10
cascade_activation_functions=3 5 7 8 10 11 14 15 16 17 
cascade_activation_steepnesses_count=4
cascade_activation_steepnesses=2.50000000000000000000e-01 5.00000000000000000000e-01 7.50000000000000000000e-01 1.00000000000000000000e+00 
layer_sizes=7 4 2 
scale_included=0
neurons (num_inputs, activation_function, activation_steepness)=(0, 0, 0.00000000000000000000e+00) (0, 0, 0.00000000000000000000e+00) (0, 0, 0.00000000000000000000e+00) (0, 0, 0.00000000000000000000e+00) (0, 0, 0.00000000000000000000e+00) (0, 0, 0.00000000000000000000e+00) (0, 0, 0.00000000000000000000e+00) (7, 6, 5.00000000000000000000e-01) (7, 6, 5.00000000000000000000e-01) (7, 6, 5.00000000000000000000e-01) (0, 6, 0.00000000000000000000e+00) (4, 4, 5.00000000000000000000e-01) (0, 4, 0.00000000000000000000e+00) 
connections (connected_to_neuron, weight)=(0, 4.48733629846336334879e+00) (1, -3.88928865551620184249e+00) (2, -1.33347705772873692531e-01) (3, -3.22646536449366339028e+00) (4, -1.81831941774842187343e-01) (5, -3.44347233770779892481e+00) (6, 4.53585660917684130311e+00) (0, -4.46469453626558137466e-03) (1, -4.30272233142461157929e-01) (2, -2.60029618604870227383e-01) (3, -3.23528707807515913952e-01) (4, -7.20468278672245610039e-01) (5, -2.14442117588588221366e-01) (6, 6.76939033669613776656e-02) (0, -1.71324279463253070777e-01) (1, 1.21585860022817882076e+00) (2, 4.37566343831497894801e-01) (3, 1.48136959159274361753e+00) (4, 4.49507267721803771554e-01) (5, 2.66888679136845996531e-01) (6, -1.02302254153769603406e-01) (7, -2.50851281486579438251e+01) (8, -5.87632711674717533867e-01) (9, 1.11022405990873651582e+00) (10, -2.37614549627292293010e+00) 
