FANN_FLO_2.1
num_layers=3
learning_rate=0.700000
connection_rate=1.000000
network_type=0
learning_momentum=0.000000
training_algorithm=2
train_error_function=1
train_stop_function=1
cascade_output_change_fraction=0.010000
quickprop_decay=-0.000100
quickprop_mu=1.750000
rprop_increase_factor=1.200000
rprop_decrease_factor=0.500000
rprop_delta_min=0.000000
rprop_delta_max=50.000000
rprop_delta_zero=0.100000
cascade_output_stagnation_epochs=12
cascade_candidate_change_fraction=0.010000
cascade_candidate_stagnation_epochs=12
cascade_max_out_epochs=150
cascade_min_out_epochs=50
cascade_max_cand_epochs=150
cascade_min_cand_epochs=50
cascade_num_candidate_groups=2
bit_fail_limit=1.00000000000000005551e-01
cascade_candidate_limit=1.00000000000000000000e+03
cascade_weight_multiplier=4.00000000000000022204e-01
cascade_activation_functions_count=10
cascade_activation_functions=3 5 7 8 10 11 14 15 16 17 
cascade_activation_steepnesses_count=4
cascade_activation_steepnesses=2.50000000000000000000e-01 5.00000000000000000000e-01 7.50000000000000000000e-01 1.00000000000000000000e+00 
layer_sizes=7 4 2 
scale_included=0
neurons (num_inputs, activation_function, activation_steepness)=(0, 0, 0.00000000000000000000e+00) (0, 0, 0.00000000000000000000e+00) (0, 0, 0.00000000000000000000e+00) (0, 0, 0.00000000000000000000e+00) (0, 0, 0.00000000000000000000e+00) (0, 0, 0.00000000000000000000e+00) (0, 0, 0.00000000000000000000e+00) (7, 6, 5.00000000000000000000e-01) (7, 6, 5.00000000000000000000e-01) (7, 6, 5.00000000000000000000e-01) (0, 6, 0.00000000000000000000e+00) (4, 4, 5.00000000000000000000e-01) (0, 4, 0.00000000000000000000e+00) 
connections (connected_to_neuron, weight)=(0, -3.00356431711064741918e+00) (1, 4.32595533576859470060e+00) (2, 2.28023987314359510847e+00) (3, 6.34548386645287720853e+00) (4, 5.70753246598547558932e+00) (5, 6.14397232152268646388e+00) (6, -5.35516709858242645481e+00) (0, 3.38843698597811049389e-01) (1, -1.07920664180435510460e+00) (2, 5.06168307504674744313e-02) (3, -6.51815207497362103517e-01) (4, -2.99432018427237711666e-01) (5, -4.76006896573552829022e-01) (6, 3.82144223449910724888e-01) (0, 1.56290474862761569197e-01) (1, -4.43140352883179156063e-01) (2, -4.28302844734581189545e-01) (3, -1.79982249882537370667e+00) (4, -6.31753385967600111783e-01) (5, -1.90135825869161156909e+00) (6, 2.51278747041903283144e-01) (7, 9.05474926855273665183e+00) (8, -2.80669155602483788581e-01) (9, -1.16784191627420730342e+00) (10, -1.39107966831586216117e+00) 
