FANN_FLO_2.1
num_layers=3
learning_rate=0.700000
connection_rate=1.000000
network_type=0
learning_momentum=0.000000
training_algorithm=2
train_error_function=1
train_stop_function=1
cascade_output_change_fraction=0.010000
quickprop_decay=-0.000100
quickprop_mu=1.750000
rprop_increase_factor=1.200000
rprop_decrease_factor=0.500000
rprop_delta_min=0.000000
rprop_delta_max=50.000000
rprop_delta_zero=0.100000
cascade_output_stagnation_epochs=12
cascade_candidate_change_fraction=0.010000
cascade_candidate_stagnation_epochs=12
cascade_max_out_epochs=150
cascade_min_out_epochs=50
cascade_max_cand_epochs=150
cascade_min_cand_epochs=50
cascade_num_candidate_groups=2
bit_fail_limit=1.00000000000000005551e-01
cascade_candidate_limit=1.00000000000000000000e+03
cascade_weight_multiplier=4.00000000000000022204e-01
cascade_activation_functions_count=10
cascade_activation_functions=3 5 7 8 10 11 14 15 16 17 
cascade_activation_steepnesses_count=4
cascade_activation_steepnesses=2.50000000000000000000e-01 5.00000000000000000000e-01 7.50000000000000000000e-01 1.00000000000000000000e+00 
layer_sizes=11 4 2 
scale_included=0
neurons (num_inputs, activation_function, activation_steepness)=(0, 0, 0.00000000000000000000e+00) (0, 0, 0.00000000000000000000e+00) (0, 0, 0.00000000000000000000e+00) (0, 0, 0.00000000000000000000e+00) (0, 0, 0.00000000000000000000e+00) (0, 0, 0.00000000000000000000e+00) (0, 0, 0.00000000000000000000e+00) (0, 0, 0.00000000000000000000e+00) (0, 0, 0.00000000000000000000e+00) (0, 0, 0.00000000000000000000e+00) (0, 0, 0.00000000000000000000e+00) (11, 6, 5.00000000000000000000e-01) (11, 6, 5.00000000000000000000e-01) (11, 6, 5.00000000000000000000e-01) (0, 6, 0.00000000000000000000e+00) (4, 4, 5.00000000000000000000e-01) (0, 4, 0.00000000000000000000e+00) 
connections (connected_to_neuron, weight)=(0, -1.22214464884228557473e+00) (1, 1.62868209763203419804e+00) (2, 1.27616526459803281135e+00) (3, -9.29657487235307611328e-01) (4, 9.71818323143075923909e-01) (5, -4.87232332882311991451e-01) (6, -2.00744602400681371179e-01) (7, 7.37535715078724729565e-01) (8, -2.21377313193514835277e-01) (9, 1.65795790381028790295e-02) (10, -8.56239202589812897770e-01) (0, -1.52152699052459094986e-01) (1, 9.05821078225937936779e-01) (2, 1.40209212660822291063e+00) (3, -3.09013782245294507667e-02) (4, 8.01727342684505517312e-01) (5, 6.63779438225335916002e-02) (6, 1.09565989207276892614e-01) (7, 4.97007711660108264518e-01) (8, 6.29885207490749471360e-02) (9, 1.91616176137120175493e-01) (10, -2.67651611795117649883e-01) (0, 1.87733256918701085780e+00) (1, -1.28311140893720909695e+00) (2, -1.64030646463845553029e+00) (3, 9.15106102318092085035e-01) (4, -2.47087808590578494883e-01) (5, 4.81940416034455365590e-01) (6, -2.48834647011726833865e-01) (7, 1.40927679780156134282e-01) (8, -3.56962631490592818828e-01) (9, -1.50420170167868294531e-01) (10, 1.52371947899878001920e+00) (11, 9.56023456906073043626e+00) (12, 9.84121339242525983160e-01) (13, -2.40728799433857183487e+01) (14, -1.18066937533851490372e+00) 
