FANN_FLO_2.1
num_layers=3
learning_rate=0.700000
connection_rate=1.000000
network_type=0
learning_momentum=0.000000
training_algorithm=2
train_error_function=1
train_stop_function=1
cascade_output_change_fraction=0.010000
quickprop_decay=-0.000100
quickprop_mu=1.750000
rprop_increase_factor=1.200000
rprop_decrease_factor=0.500000
rprop_delta_min=0.000000
rprop_delta_max=50.000000
rprop_delta_zero=0.100000
cascade_output_stagnation_epochs=12
cascade_candidate_change_fraction=0.010000
cascade_candidate_stagnation_epochs=12
cascade_max_out_epochs=150
cascade_min_out_epochs=50
cascade_max_cand_epochs=150
cascade_min_cand_epochs=50
cascade_num_candidate_groups=2
bit_fail_limit=1.00000000000000005551e-01
cascade_candidate_limit=1.00000000000000000000e+03
cascade_weight_multiplier=4.00000000000000022204e-01
cascade_activation_functions_count=10
cascade_activation_functions=3 5 7 8 10 11 14 15 16 17 
cascade_activation_steepnesses_count=4
cascade_activation_steepnesses=2.50000000000000000000e-01 5.00000000000000000000e-01 7.50000000000000000000e-01 1.00000000000000000000e+00 
layer_sizes=12 4 2 
scale_included=0
neurons (num_inputs, activation_function, activation_steepness)=(0, 0, 0.00000000000000000000e+00) (0, 0, 0.00000000000000000000e+00) (0, 0, 0.00000000000000000000e+00) (0, 0, 0.00000000000000000000e+00) (0, 0, 0.00000000000000000000e+00) (0, 0, 0.00000000000000000000e+00) (0, 0, 0.00000000000000000000e+00) (0, 0, 0.00000000000000000000e+00) (0, 0, 0.00000000000000000000e+00) (0, 0, 0.00000000000000000000e+00) (0, 0, 0.00000000000000000000e+00) (0, 0, 0.00000000000000000000e+00) (12, 6, 5.00000000000000000000e-01) (12, 6, 5.00000000000000000000e-01) (12, 6, 5.00000000000000000000e-01) (0, 6, 0.00000000000000000000e+00) (4, 4, 5.00000000000000000000e-01) (0, 4, 0.00000000000000000000e+00) 
connections (connected_to_neuron, weight)=(0, -1.68521983974636158088e+00) (1, 7.74125862669031605812e-01) (2, 3.51906749697833642898e-01) (3, 4.26191756017231249132e-01) (4, 1.98528377013544643503e-01) (5, 4.16562918119609770784e-01) (6, -1.34461768594398511922e-01) (7, 8.82180031191389546485e-01) (8, 6.71255434131678568876e-02) (9, 7.85327101326045023955e-02) (10, -3.51973452357666860557e-01) (11, -1.57897444531141045720e-01) (0, -4.64851022443314931820e+00) (1, 3.49434682631035409273e+00) (2, 3.72981689051185760775e+00) (3, 1.08888783924444343398e+00) (4, -9.82070364118920791086e-01) (5, 3.60905248188749094851e+00) (6, -1.63700035546993816205e+00) (7, 3.28394729495908821448e+00) (8, 2.99466097952608922839e-01) (9, 1.23439840026786340488e+00) (10, -3.45844454314339255774e+00) (11, -3.46246008087808609943e+00) (0, -3.51102740576563077113e+00) (1, 1.81094527320630072076e+00) (2, 2.06967494981749133842e+00) (3, 7.81744786507684641386e-01) (4, 6.93678185946273617724e-01) (5, 1.67566596016256053048e+00) (6, -1.43586825963535169581e-01) (7, 1.61447571145726631592e+00) (8, 4.43170763110633303405e-01) (9, 3.49357008492465426208e-01) (10, -1.46684839626268948010e+00) (11, -2.03784451103982444664e+00) (12, 2.57244180132980948539e-01) (13, 8.92376460789749614833e+00) (14, 1.77999814172402803791e+00) (15, -1.53052644534691806300e+00) 
