FANN_FLO_2.1
num_layers=3
learning_rate=0.700000
connection_rate=1.000000
network_type=0
learning_momentum=0.000000
training_algorithm=2
train_error_function=1
train_stop_function=1
cascade_output_change_fraction=0.010000
quickprop_decay=-0.000100
quickprop_mu=1.750000
rprop_increase_factor=1.200000
rprop_decrease_factor=0.500000
rprop_delta_min=0.000000
rprop_delta_max=50.000000
rprop_delta_zero=0.100000
cascade_output_stagnation_epochs=12
cascade_candidate_change_fraction=0.010000
cascade_candidate_stagnation_epochs=12
cascade_max_out_epochs=150
cascade_min_out_epochs=50
cascade_max_cand_epochs=150
cascade_min_cand_epochs=50
cascade_num_candidate_groups=2
bit_fail_limit=1.00000000000000005551e-01
cascade_candidate_limit=1.00000000000000000000e+03
cascade_weight_multiplier=4.00000000000000022204e-01
cascade_activation_functions_count=10
cascade_activation_functions=3 5 7 8 10 11 14 15 16 17 
cascade_activation_steepnesses_count=4
cascade_activation_steepnesses=2.50000000000000000000e-01 5.00000000000000000000e-01 7.50000000000000000000e-01 1.00000000000000000000e+00 
layer_sizes=14 4 2 
scale_included=0
neurons (num_inputs, activation_function, activation_steepness)=(0, 0, 0.00000000000000000000e+00) (0, 0, 0.00000000000000000000e+00) (0, 0, 0.00000000000000000000e+00) (0, 0, 0.00000000000000000000e+00) (0, 0, 0.00000000000000000000e+00) (0, 0, 0.00000000000000000000e+00) (0, 0, 0.00000000000000000000e+00) (0, 0, 0.00000000000000000000e+00) (0, 0, 0.00000000000000000000e+00) (0, 0, 0.00000000000000000000e+00) (0, 0, 0.00000000000000000000e+00) (0, 0, 0.00000000000000000000e+00) (0, 0, 0.00000000000000000000e+00) (0, 0, 0.00000000000000000000e+00) (14, 6, 5.00000000000000000000e-01) (14, 6, 5.00000000000000000000e-01) (14, 6, 5.00000000000000000000e-01) (0, 6, 0.00000000000000000000e+00) (4, 4, 5.00000000000000000000e-01) (0, 4, 0.00000000000000000000e+00) 
connections (connected_to_neuron, weight)=(0, -8.06737674981066810176e+00) (1, 1.64032924767027821211e+00) (2, 1.67286033808141909596e+00) (3, -6.51349913841491101607e-01) (4, 1.09703978922815537089e+00) (5, 1.61980504705168293356e+00) (6, -3.53973575121429850920e-01) (7, 1.25660086371445905984e-01) (8, 1.19411822164629533027e+00) (9, 5.02331677380142505029e-01) (10, 9.45274492828582335591e-01) (11, 1.00822369578335124807e+00) (12, 7.02276149177736508378e-01) (13, -8.84376225951299499428e-01) (0, -8.04164605050990211055e+00) (1, 1.77561601843129168721e+00) (2, 1.61432358502298556324e+00) (3, -7.77244668966536877974e-01) (4, 1.15438982871027207011e+00) (5, 1.58598864986158893942e+00) (6, -3.06865804082420756682e-01) (7, 1.83341758646512281716e-01) (8, 1.10091779137228562568e+00) (9, -1.12868623833348474816e-01) (10, 9.58309507100318480610e-01) (11, 9.62158156661723662495e-01) (12, 9.83011109857295339864e-01) (13, -9.47712114039049202674e-01) (0, -1.23477569460354530406e+00) (1, 2.58718760024167515610e+00) (2, -1.16050145888913824876e-01) (3, -2.43146355586188661624e-01) (4, -1.34246488070233430806e-02) (5, 5.46022640693244243337e-01) (6, -1.76707911809193457531e-01) (7, -8.63912677703692288844e-01) (8, 5.09025044195482792575e-02) (9, -3.55825487333670364976e-01) (10, -3.44205323416128861069e-01) (11, -3.66410124856367813706e-01) (12, -2.86283216608948398729e-01) (13, -4.83200064127672690439e-01) (14, 4.77449368165494192340e+00) (15, 6.76438094584784543883e+00) (16, 2.71187411177329318335e+00) (17, -2.49989047500611238917e+00) 
