FANN_FLO_2.1
num_layers=3
learning_rate=0.700000
connection_rate=1.000000
network_type=0
learning_momentum=0.000000
training_algorithm=2
train_error_function=1
train_stop_function=1
cascade_output_change_fraction=0.010000
quickprop_decay=-0.000100
quickprop_mu=1.750000
rprop_increase_factor=1.200000
rprop_decrease_factor=0.500000
rprop_delta_min=0.000000
rprop_delta_max=50.000000
rprop_delta_zero=0.100000
cascade_output_stagnation_epochs=12
cascade_candidate_change_fraction=0.010000
cascade_candidate_stagnation_epochs=12
cascade_max_out_epochs=150
cascade_min_out_epochs=50
cascade_max_cand_epochs=150
cascade_min_cand_epochs=50
cascade_num_candidate_groups=2
bit_fail_limit=1.00000000000000005551e-01
cascade_candidate_limit=1.00000000000000000000e+03
cascade_weight_multiplier=4.00000000000000022204e-01
cascade_activation_functions_count=10
cascade_activation_functions=3 5 7 8 10 11 14 15 16 17 
cascade_activation_steepnesses_count=4
cascade_activation_steepnesses=2.50000000000000000000e-01 5.00000000000000000000e-01 7.50000000000000000000e-01 1.00000000000000000000e+00 
layer_sizes=9 4 2 
scale_included=0
neurons (num_inputs, activation_function, activation_steepness)=(0, 0, 0.00000000000000000000e+00) (0, 0, 0.00000000000000000000e+00) (0, 0, 0.00000000000000000000e+00) (0, 0, 0.00000000000000000000e+00) (0, 0, 0.00000000000000000000e+00) (0, 0, 0.00000000000000000000e+00) (0, 0, 0.00000000000000000000e+00) (0, 0, 0.00000000000000000000e+00) (0, 0, 0.00000000000000000000e+00) (9, 6, 5.00000000000000000000e-01) (9, 6, 5.00000000000000000000e-01) (9, 6, 5.00000000000000000000e-01) (0, 6, 0.00000000000000000000e+00) (4, 4, 5.00000000000000000000e-01) (0, 4, 0.00000000000000000000e+00) 
connections (connected_to_neuron, weight)=(0, 6.02066585663054709698e-01) (1, 1.07357456084964297816e+00) (2, 1.40953575337082370744e+00) (3, 7.12978228427302185288e-01) (4, 1.55428629182863597968e+00) (5, -6.00572183135765325090e-01) (6, -8.93978927754978669462e-01) (7, 1.54541886504256842372e+00) (8, -1.33292802359657014399e+00) (0, 3.29391934469498381954e-01) (1, 5.78426234533239269631e-01) (2, 3.61949724160997909905e-01) (3, 6.65346412326178082708e-01) (4, 1.25876850910173310183e+00) (5, -2.73210277022681469195e-01) (6, -1.70437281677262492119e-01) (7, 4.03303238176720202368e-01) (8, -4.02229738840072958972e-01) (0, -1.36882872845370096027e-01) (1, 1.60032809532163344812e+00) (2, 6.50502473296320937735e-01) (3, -3.37709440450082665208e-01) (4, 4.42526777708647289789e-01) (5, -6.22019216063238844505e-01) (6, -4.76983273306821442539e-01) (7, 6.24541419463687907943e-01) (8, -4.65409080610662495570e-01) (9, 1.38793597218696106665e+02) (10, 1.06094953270708414195e+00) (11, 2.88393289008576569898e+00) (12, -1.00989282887594677973e+00) 
