FANN_FLO_2.1
num_layers=3
learning_rate=0.700000
connection_rate=1.000000
network_type=0
learning_momentum=0.000000
training_algorithm=2
train_error_function=1
train_stop_function=1
cascade_output_change_fraction=0.010000
quickprop_decay=-0.000100
quickprop_mu=1.750000
rprop_increase_factor=1.200000
rprop_decrease_factor=0.500000
rprop_delta_min=0.000000
rprop_delta_max=50.000000
rprop_delta_zero=0.100000
cascade_output_stagnation_epochs=12
cascade_candidate_change_fraction=0.010000
cascade_candidate_stagnation_epochs=12
cascade_max_out_epochs=150
cascade_min_out_epochs=50
cascade_max_cand_epochs=150
cascade_min_cand_epochs=50
cascade_num_candidate_groups=2
bit_fail_limit=1.00000000000000005551e-01
cascade_candidate_limit=1.00000000000000000000e+03
cascade_weight_multiplier=4.00000000000000022204e-01
cascade_activation_functions_count=10
cascade_activation_functions=3 5 7 8 10 11 14 15 16 17 
cascade_activation_steepnesses_count=4
cascade_activation_steepnesses=2.50000000000000000000e-01 5.00000000000000000000e-01 7.50000000000000000000e-01 1.00000000000000000000e+00 
layer_sizes=14 4 2 
scale_included=0
neurons (num_inputs, activation_function, activation_steepness)=(0, 0, 0.00000000000000000000e+00) (0, 0, 0.00000000000000000000e+00) (0, 0, 0.00000000000000000000e+00) (0, 0, 0.00000000000000000000e+00) (0, 0, 0.00000000000000000000e+00) (0, 0, 0.00000000000000000000e+00) (0, 0, 0.00000000000000000000e+00) (0, 0, 0.00000000000000000000e+00) (0, 0, 0.00000000000000000000e+00) (0, 0, 0.00000000000000000000e+00) (0, 0, 0.00000000000000000000e+00) (0, 0, 0.00000000000000000000e+00) (0, 0, 0.00000000000000000000e+00) (0, 0, 0.00000000000000000000e+00) (14, 6, 5.00000000000000000000e-01) (14, 6, 5.00000000000000000000e-01) (14, 6, 5.00000000000000000000e-01) (0, 6, 0.00000000000000000000e+00) (4, 4, 5.00000000000000000000e-01) (0, 4, 0.00000000000000000000e+00) 
connections (connected_to_neuron, weight)=(0, 5.56708630053204256427e+00) (1, -3.67031932041219333129e+00) (2, -9.64055669976472628946e+00) (3, -3.51859375413254493736e+00) (4, 7.56097047095269925165e-01) (5, 4.15813351923222285222e+00) (6, -1.52744926080747278618e+00) (7, -1.12394659856780454454e+00) (8, 4.85263564519465084857e+00) (9, -2.79670957715864698656e+00) (10, -1.35866074340874032345e+00) (11, 1.63967172583207485559e+01) (12, -4.34654882570676193154e+00) (13, 4.28764480112082679852e+00) (0, -1.33264353953412850728e+00) (1, 4.93472530255396168997e-01) (2, 9.77520102092879761280e-01) (3, 5.77789118190621953097e-02) (4, 1.81771656587469659927e-01) (5, -3.98216519394060242121e+00) (6, 1.50470110250353634740e+01) (7, 7.22255940074447377874e-01) (8, 7.08019574215363600711e-02) (9, 3.81700932727290553892e-01) (10, 1.15184088754086544348e+00) (11, -2.77831227675693037682e+00) (12, -1.02912694764248935364e+00) (13, -5.47720911254689690750e-01) (0, -2.04567744271002238676e+00) (1, 1.99842599817523836059e+00) (2, 2.42503419076571535840e+00) (3, -1.14388713224098914623e+00) (4, -3.65727162385276638457e-01) (5, 2.16450391442110312568e+00) (6, 1.52335958068211163585e+00) (7, 1.73298543596382326193e+00) (8, -1.35012076728791030611e+00) (9, 1.35312036777981847813e+00) (10, 2.06003002194519924117e+00) (11, -8.48475472392442586766e-01) (12, 1.43335041271646779215e+00) (13, -2.06442175493679469511e+00) (14, -2.66100999986086117488e+00) (15, 1.27891657597143915126e+00) (16, 1.33217858943143987460e+01) (17, -1.41978544058160660590e+00) 
