FANN_FLO_2.1
num_layers=3
learning_rate=0.700000
connection_rate=1.000000
network_type=0
learning_momentum=0.000000
training_algorithm=2
train_error_function=1
train_stop_function=1
cascade_output_change_fraction=0.010000
quickprop_decay=-0.000100
quickprop_mu=1.750000
rprop_increase_factor=1.200000
rprop_decrease_factor=0.500000
rprop_delta_min=0.000000
rprop_delta_max=50.000000
rprop_delta_zero=0.100000
cascade_output_stagnation_epochs=12
cascade_candidate_change_fraction=0.010000
cascade_candidate_stagnation_epochs=12
cascade_max_out_epochs=150
cascade_min_out_epochs=50
cascade_max_cand_epochs=150
cascade_min_cand_epochs=50
cascade_num_candidate_groups=2
bit_fail_limit=1.00000000000000005551e-01
cascade_candidate_limit=1.00000000000000000000e+03
cascade_weight_multiplier=4.00000000000000022204e-01
cascade_activation_functions_count=10
cascade_activation_functions=3 5 7 8 10 11 14 15 16 17 
cascade_activation_steepnesses_count=4
cascade_activation_steepnesses=2.50000000000000000000e-01 5.00000000000000000000e-01 7.50000000000000000000e-01 1.00000000000000000000e+00 
layer_sizes=12 4 2 
scale_included=0
neurons (num_inputs, activation_function, activation_steepness)=(0, 0, 0.00000000000000000000e+00) (0, 0, 0.00000000000000000000e+00) (0, 0, 0.00000000000000000000e+00) (0, 0, 0.00000000000000000000e+00) (0, 0, 0.00000000000000000000e+00) (0, 0, 0.00000000000000000000e+00) (0, 0, 0.00000000000000000000e+00) (0, 0, 0.00000000000000000000e+00) (0, 0, 0.00000000000000000000e+00) (0, 0, 0.00000000000000000000e+00) (0, 0, 0.00000000000000000000e+00) (0, 0, 0.00000000000000000000e+00) (12, 6, 5.00000000000000000000e-01) (12, 6, 5.00000000000000000000e-01) (12, 6, 5.00000000000000000000e-01) (0, 6, 0.00000000000000000000e+00) (4, 4, 5.00000000000000000000e-01) (0, 4, 0.00000000000000000000e+00) 
connections (connected_to_neuron, weight)=(0, 8.24821899373865541349e+00) (1, -2.31869997092058666155e+00) (2, -1.09662815423049297969e+00) (3, 1.27263332875482060302e+01) (4, 1.13857299212421825274e+00) (5, 6.49968525802350960419e+00) (6, 1.08711748152872145212e+00) (7, 1.24656733453174584092e+00) (8, 2.97751316139879840250e+00) (9, 1.32099197502154486195e+00) (10, 6.39566417490909966403e+00) (11, 8.23222024281359132658e+00) (0, -2.55043227485419432554e+00) (1, 2.42993153098090708397e+00) (2, 2.92497141934128057628e+00) (3, -1.35800159647405505048e+00) (4, 1.87053440149648930735e+00) (5, -7.90680601087308088104e-01) (6, -3.85748561463116645953e-01) (7, 1.94485359323948225896e-01) (8, 4.48962705117278815248e-01) (9, 2.72963938846997211662e-01) (10, -1.90629455714490214646e+00) (11, -2.47238292804957549009e+00) (0, 4.39643093323109857007e-01) (1, -1.28572572456913980510e+00) (2, 1.17528863054741999905e-01) (3, 7.71997281202008500678e-01) (4, 2.84863781356707208847e-02) (5, 7.64488109239270463569e-01) (6, 3.39089684345531994225e-01) (7, 2.99698382624553269493e-02) (8, 2.22809316213123997930e-01) (9, 2.97576295900684115181e-02) (10, 6.19834229818607584939e-01) (11, 4.15143039947150460645e-01) (12, -1.12849064205837024133e+00) (13, 1.36075058595267179840e+01) (14, -1.64326409751488067279e+00) (15, -9.77917947220322658630e-01) 
