FANN_FLO_2.1
num_layers=3
learning_rate=0.700000
connection_rate=1.000000
network_type=0
learning_momentum=0.000000
training_algorithm=2
train_error_function=1
train_stop_function=1
cascade_output_change_fraction=0.010000
quickprop_decay=-0.000100
quickprop_mu=1.750000
rprop_increase_factor=1.200000
rprop_decrease_factor=0.500000
rprop_delta_min=0.000000
rprop_delta_max=50.000000
rprop_delta_zero=0.100000
cascade_output_stagnation_epochs=12
cascade_candidate_change_fraction=0.010000
cascade_candidate_stagnation_epochs=12
cascade_max_out_epochs=150
cascade_min_out_epochs=50
cascade_max_cand_epochs=150
cascade_min_cand_epochs=50
cascade_num_candidate_groups=2
bit_fail_limit=1.00000000000000005551e-01
cascade_candidate_limit=1.00000000000000000000e+03
cascade_weight_multiplier=4.00000000000000022204e-01
cascade_activation_functions_count=10
cascade_activation_functions=3 5 7 8 10 11 14 15 16 17 
cascade_activation_steepnesses_count=4
cascade_activation_steepnesses=2.50000000000000000000e-01 5.00000000000000000000e-01 7.50000000000000000000e-01 1.00000000000000000000e+00 
layer_sizes=12 4 2 
scale_included=0
neurons (num_inputs, activation_function, activation_steepness)=(0, 0, 0.00000000000000000000e+00) (0, 0, 0.00000000000000000000e+00) (0, 0, 0.00000000000000000000e+00) (0, 0, 0.00000000000000000000e+00) (0, 0, 0.00000000000000000000e+00) (0, 0, 0.00000000000000000000e+00) (0, 0, 0.00000000000000000000e+00) (0, 0, 0.00000000000000000000e+00) (0, 0, 0.00000000000000000000e+00) (0, 0, 0.00000000000000000000e+00) (0, 0, 0.00000000000000000000e+00) (0, 0, 0.00000000000000000000e+00) (12, 6, 5.00000000000000000000e-01) (12, 6, 5.00000000000000000000e-01) (12, 6, 5.00000000000000000000e-01) (0, 6, 0.00000000000000000000e+00) (4, 4, 5.00000000000000000000e-01) (0, 4, 0.00000000000000000000e+00) 
connections (connected_to_neuron, weight)=(0, -3.62489062348589552442e+00) (1, 2.70666378352609093838e+00) (2, 3.59240575714079390934e+00) (3, 2.61568298342557542524e-02) (4, 1.64181000162649382013e+00) (5, 1.26420982053698671699e+00) (6, -1.52423187166563134376e+00) (7, -7.84305996321362886015e-01) (8, 2.61481148855853273716e+00) (9, 1.15145511796893251777e+00) (10, 3.38225492133280969398e+00) (11, -3.72242690423712385694e+00) (0, 4.82304132782307970473e+00) (1, -3.85051491630282693990e+00) (2, -4.46056112424441586484e+00) (3, 9.86037608104484430971e-02) (4, -2.68267475832938917524e-01) (5, -4.56652582771422399510e-01) (6, 4.38917727362396181690e+00) (7, 2.73560836641136262415e+00) (8, -2.15194303917864626641e+00) (9, -1.21903968876584478664e+00) (10, -2.71735989086424023498e+00) (11, 3.86568609479911895477e+00) (0, 4.73808151536074984023e+00) (1, -3.94126538706031137593e+00) (2, -3.03989353751879054499e+00) (3, 1.59259772230342655508e-01) (4, -7.67066945573057767938e-01) (5, -1.23619748926146932888e+00) (6, 2.91050868211332414148e+00) (7, 2.79619176415744874475e+00) (8, -3.39521760670489936018e+00) (9, -2.91108348239898562237e-01) (10, -2.82712140463386596423e+00) (11, 3.91372709576137634002e+00) (12, 6.82939247720200270919e+00) (13, -2.76246590314043727332e+00) (14, -2.76199745533598628455e+00) (15, -6.78759286690710617052e-01) 
