FANN_FLO_2.1
num_layers=3
learning_rate=0.700000
connection_rate=1.000000
network_type=0
learning_momentum=0.000000
training_algorithm=2
train_error_function=1
train_stop_function=1
cascade_output_change_fraction=0.010000
quickprop_decay=-0.000100
quickprop_mu=1.750000
rprop_increase_factor=1.200000
rprop_decrease_factor=0.500000
rprop_delta_min=0.000000
rprop_delta_max=50.000000
rprop_delta_zero=0.100000
cascade_output_stagnation_epochs=12
cascade_candidate_change_fraction=0.010000
cascade_candidate_stagnation_epochs=12
cascade_max_out_epochs=150
cascade_min_out_epochs=50
cascade_max_cand_epochs=150
cascade_min_cand_epochs=50
cascade_num_candidate_groups=2
bit_fail_limit=1.00000000000000005551e-01
cascade_candidate_limit=1.00000000000000000000e+03
cascade_weight_multiplier=4.00000000000000022204e-01
cascade_activation_functions_count=10
cascade_activation_functions=3 5 7 8 10 11 14 15 16 17 
cascade_activation_steepnesses_count=4
cascade_activation_steepnesses=2.50000000000000000000e-01 5.00000000000000000000e-01 7.50000000000000000000e-01 1.00000000000000000000e+00 
layer_sizes=17 4 2 
scale_included=0
neurons (num_inputs, activation_function, activation_steepness)=(0, 0, 0.00000000000000000000e+00) (0, 0, 0.00000000000000000000e+00) (0, 0, 0.00000000000000000000e+00) (0, 0, 0.00000000000000000000e+00) (0, 0, 0.00000000000000000000e+00) (0, 0, 0.00000000000000000000e+00) (0, 0, 0.00000000000000000000e+00) (0, 0, 0.00000000000000000000e+00) (0, 0, 0.00000000000000000000e+00) (0, 0, 0.00000000000000000000e+00) (0, 0, 0.00000000000000000000e+00) (0, 0, 0.00000000000000000000e+00) (0, 0, 0.00000000000000000000e+00) (0, 0, 0.00000000000000000000e+00) (0, 0, 0.00000000000000000000e+00) (0, 0, 0.00000000000000000000e+00) (0, 0, 0.00000000000000000000e+00) (17, 6, 5.00000000000000000000e-01) (17, 6, 5.00000000000000000000e-01) (17, 6, 5.00000000000000000000e-01) (0, 6, 0.00000000000000000000e+00) (4, 4, 5.00000000000000000000e-01) (0, 4, 0.00000000000000000000e+00) 
connections (connected_to_neuron, weight)=(0, -3.53329995487126846676e-01) (1, -1.53456108149598291490e+00) (2, -1.98187281603355813786e+00) (3, 1.31419259548401279325e+00) (4, -3.43036495194550816734e-01) (5, -1.60169476176637659570e+00) (6, 1.22109647647054542219e+00) (7, 3.43740695109692495635e+00) (8, -1.64053895911487845893e+00) (9, -9.17859996640383313249e-01) (10, 5.79170989048710227465e-01) (11, -1.96044113899011973601e+00) (12, 3.24492931817165430886e+00) (13, -9.11629875405885581330e-01) (14, 3.26235542680734402765e+00) (15, -1.01774061176556207542e+00) (16, 2.00092790566988210088e+00) (0, 3.68006935843261162589e-01) (1, 1.07926984543502668679e+00) (2, 1.15548335588317829803e+00) (3, 6.47848794477673739500e-01) (4, 3.03552892095151127805e-01) (5, 9.71738795463576110478e-01) (6, 5.36846959558469061236e-02) (7, -2.55699993507989464803e+00) (8, 6.67203388839031408253e-01) (9, 9.74405407891443475776e-01) (10, -4.76968914803538035496e-01) (11, 1.22137756473165470794e+00) (12, -2.91942059316023971860e+00) (13, 1.64995849069251776520e+00) (14, -2.88249334152552849631e+00) (15, 1.65667137927873531211e+00) (16, 2.07493456102378730221e-02) (0, 1.08663456775965019951e-01) (1, 1.86588981186248670241e+00) (2, 1.35030626053534597020e+00) (3, 5.19969932339076179595e-01) (4, 1.39008517173599410732e-01) (5, 7.51513962122722145587e-01) (6, 1.70625995492096255157e-01) (7, -7.32270796129278256359e-01) (8, 5.55310557968869078493e-01) (9, 7.64507951643154215482e-01) (10, 4.98495131692898441056e-02) (11, 1.42953882659398168187e+00) (12, -4.95462483049359692089e-01) (13, 1.44698982888831584326e+00) (14, -2.34752412257137388352e-01) (15, 1.49541584347827560819e+00) (16, -2.19806922631170353899e-01) (17, -4.51883841386288054309e+01) (18, 2.64004203469828180317e+00) (19, 1.67126742866753552619e+00) (20, -1.03534305448902519409e+00) 
