FANN_FLO_2.1
num_layers=3
learning_rate=0.700000
connection_rate=1.000000
network_type=0
learning_momentum=0.000000
training_algorithm=2
train_error_function=1
train_stop_function=1
cascade_output_change_fraction=0.010000
quickprop_decay=-0.000100
quickprop_mu=1.750000
rprop_increase_factor=1.200000
rprop_decrease_factor=0.500000
rprop_delta_min=0.000000
rprop_delta_max=50.000000
rprop_delta_zero=0.100000
cascade_output_stagnation_epochs=12
cascade_candidate_change_fraction=0.010000
cascade_candidate_stagnation_epochs=12
cascade_max_out_epochs=150
cascade_min_out_epochs=50
cascade_max_cand_epochs=150
cascade_min_cand_epochs=50
cascade_num_candidate_groups=2
bit_fail_limit=1.00000000000000005551e-01
cascade_candidate_limit=1.00000000000000000000e+03
cascade_weight_multiplier=4.00000000000000022204e-01
cascade_activation_functions_count=10
cascade_activation_functions=3 5 7 8 10 11 14 15 16 17 
cascade_activation_steepnesses_count=4
cascade_activation_steepnesses=2.50000000000000000000e-01 5.00000000000000000000e-01 7.50000000000000000000e-01 1.00000000000000000000e+00 
layer_sizes=11 4 2 
scale_included=0
neurons (num_inputs, activation_function, activation_steepness)=(0, 0, 0.00000000000000000000e+00) (0, 0, 0.00000000000000000000e+00) (0, 0, 0.00000000000000000000e+00) (0, 0, 0.00000000000000000000e+00) (0, 0, 0.00000000000000000000e+00) (0, 0, 0.00000000000000000000e+00) (0, 0, 0.00000000000000000000e+00) (0, 0, 0.00000000000000000000e+00) (0, 0, 0.00000000000000000000e+00) (0, 0, 0.00000000000000000000e+00) (0, 0, 0.00000000000000000000e+00) (11, 6, 5.00000000000000000000e-01) (11, 6, 5.00000000000000000000e-01) (11, 6, 5.00000000000000000000e-01) (0, 6, 0.00000000000000000000e+00) (4, 4, 5.00000000000000000000e-01) (0, 4, 0.00000000000000000000e+00) 
connections (connected_to_neuron, weight)=(0, -1.97361743216663598766e+00) (1, 3.94715638104612025927e+02) (2, 6.94104244620299626334e-01) (3, 2.67606340405271803107e+00) (4, -5.98253661318996377005e-01) (5, -6.79502344835379967769e-01) (6, 1.65893904790997748222e+00) (7, 1.24987965542455214951e+00) (8, 1.71720264878049166946e+00) (9, 1.42006009060744142758e+00) (10, -1.73831538053812906242e+00) (0, -9.08828297092419190584e-01) (1, 1.76935172575660203620e+02) (2, 4.58806559339352271198e-01) (3, 1.17667632083539852594e+00) (4, -3.94264978178860248104e-01) (5, -3.44610938620629025930e-01) (6, 1.03242803587389331277e+00) (7, 1.79171183530423716590e+00) (8, 7.89838013101971436747e-01) (9, 2.10106462337667471152e-01) (10, -8.49235781862240579621e-01) (0, -2.38969394301290893878e+00) (1, 3.94637435678178462695e+02) (2, 7.88005334944224644644e-01) (3, 2.59586805161760603156e+00) (4, -5.24864257796981870108e-01) (5, -6.18985231179574380000e-01) (6, 1.71543701664328818168e+00) (7, 1.65417370866479918057e+00) (8, 1.66568927492871554641e+00) (9, 1.17933915889931162368e+00) (10, -1.81560728641810342765e+00) (11, 1.45513435394211363416e+01) (12, 1.52654991948228180298e+00) (13, 1.45803775281353544813e+01) (14, -1.67034326436581581632e+00) 
