FANN_FLO_2.1
num_layers=3
learning_rate=0.700000
connection_rate=1.000000
network_type=0
learning_momentum=0.000000
training_algorithm=2
train_error_function=1
train_stop_function=1
cascade_output_change_fraction=0.010000
quickprop_decay=-0.000100
quickprop_mu=1.750000
rprop_increase_factor=1.200000
rprop_decrease_factor=0.500000
rprop_delta_min=0.000000
rprop_delta_max=50.000000
rprop_delta_zero=0.100000
cascade_output_stagnation_epochs=12
cascade_candidate_change_fraction=0.010000
cascade_candidate_stagnation_epochs=12
cascade_max_out_epochs=150
cascade_min_out_epochs=50
cascade_max_cand_epochs=150
cascade_min_cand_epochs=50
cascade_num_candidate_groups=2
bit_fail_limit=1.00000000000000005551e-01
cascade_candidate_limit=1.00000000000000000000e+03
cascade_weight_multiplier=4.00000000000000022204e-01
cascade_activation_functions_count=10
cascade_activation_functions=3 5 7 8 10 11 14 15 16 17 
cascade_activation_steepnesses_count=4
cascade_activation_steepnesses=2.50000000000000000000e-01 5.00000000000000000000e-01 7.50000000000000000000e-01 1.00000000000000000000e+00 
layer_sizes=11 4 2 
scale_included=0
neurons (num_inputs, activation_function, activation_steepness)=(0, 0, 0.00000000000000000000e+00) (0, 0, 0.00000000000000000000e+00) (0, 0, 0.00000000000000000000e+00) (0, 0, 0.00000000000000000000e+00) (0, 0, 0.00000000000000000000e+00) (0, 0, 0.00000000000000000000e+00) (0, 0, 0.00000000000000000000e+00) (0, 0, 0.00000000000000000000e+00) (0, 0, 0.00000000000000000000e+00) (0, 0, 0.00000000000000000000e+00) (0, 0, 0.00000000000000000000e+00) (11, 6, 5.00000000000000000000e-01) (11, 6, 5.00000000000000000000e-01) (11, 6, 5.00000000000000000000e-01) (0, 6, 0.00000000000000000000e+00) (4, 4, 5.00000000000000000000e-01) (0, 4, 0.00000000000000000000e+00) 
connections (connected_to_neuron, weight)=(0, 8.55078815082746679366e+00) (1, -8.36009933195491883318e-01) (2, 7.05542233584530387169e-01) (3, 9.42017804162279204228e-01) (4, 7.14828800113271656258e-01) (5, 2.51930195831821628072e-02) (6, -1.54264284154340347577e-01) (7, -3.58747890179404738120e+00) (8, -1.13498716026381382682e-01) (9, 8.41176061507112327043e-02) (10, -9.40218626143033309184e-01) (0, -5.52659298391088960045e+00) (1, 6.32704368229128122358e-01) (2, -1.27416499874202826526e+00) (3, 4.69232974485904674733e-01) (4, 1.39060923413180104191e-01) (5, 3.44406337831643372116e-01) (6, 1.51261121950123533786e+00) (7, 2.61852767248368589748e+00) (8, 6.34506410318681768334e-02) (9, 4.24522290650666878076e-01) (10, 1.19887666860044577594e-02) (0, -2.48293540850150904475e+01) (1, 1.51699792042822689808e+00) (2, 1.14933090736275325128e+01) (3, 1.48673187583976673665e+00) (4, -6.10364438416937993281e-01) (5, 2.23749898616288883657e-01) (6, 9.97077463213108639017e-01) (7, 1.00535846798255801282e+00) (8, -2.03297920943328280785e+00) (9, 6.53869823500199509603e-01) (10, 5.29337236677878908431e-01) (11, -2.20324781211731597352e+01) (12, 1.82347528717167817192e+00) (13, 5.72223656472999753220e+00) (14, -5.73371270620332107448e-01) 
