FANN_FLO_2.1
num_layers=3
learning_rate=0.700000
connection_rate=1.000000
network_type=0
learning_momentum=0.000000
training_algorithm=2
train_error_function=1
train_stop_function=1
cascade_output_change_fraction=0.010000
quickprop_decay=-0.000100
quickprop_mu=1.750000
rprop_increase_factor=1.200000
rprop_decrease_factor=0.500000
rprop_delta_min=0.000000
rprop_delta_max=50.000000
rprop_delta_zero=0.100000
cascade_output_stagnation_epochs=12
cascade_candidate_change_fraction=0.010000
cascade_candidate_stagnation_epochs=12
cascade_max_out_epochs=150
cascade_min_out_epochs=50
cascade_max_cand_epochs=150
cascade_min_cand_epochs=50
cascade_num_candidate_groups=2
bit_fail_limit=1.00000000000000005551e-01
cascade_candidate_limit=1.00000000000000000000e+03
cascade_weight_multiplier=4.00000000000000022204e-01
cascade_activation_functions_count=10
cascade_activation_functions=3 5 7 8 10 11 14 15 16 17 
cascade_activation_steepnesses_count=4
cascade_activation_steepnesses=2.50000000000000000000e-01 5.00000000000000000000e-01 7.50000000000000000000e-01 1.00000000000000000000e+00 
layer_sizes=12 4 2 
scale_included=0
neurons (num_inputs, activation_function, activation_steepness)=(0, 0, 0.00000000000000000000e+00) (0, 0, 0.00000000000000000000e+00) (0, 0, 0.00000000000000000000e+00) (0, 0, 0.00000000000000000000e+00) (0, 0, 0.00000000000000000000e+00) (0, 0, 0.00000000000000000000e+00) (0, 0, 0.00000000000000000000e+00) (0, 0, 0.00000000000000000000e+00) (0, 0, 0.00000000000000000000e+00) (0, 0, 0.00000000000000000000e+00) (0, 0, 0.00000000000000000000e+00) (0, 0, 0.00000000000000000000e+00) (12, 6, 5.00000000000000000000e-01) (12, 6, 5.00000000000000000000e-01) (12, 6, 5.00000000000000000000e-01) (0, 6, 0.00000000000000000000e+00) (4, 4, 5.00000000000000000000e-01) (0, 4, 0.00000000000000000000e+00) 
connections (connected_to_neuron, weight)=(0, -1.85595688385467871839e+00) (1, -8.63628437393802239619e-01) (2, 1.70488767482777880957e+01) (3, 3.34572769121567054063e-02) (4, -4.88862318689148755979e-01) (5, -1.62850158495143615411e-02) (6, -4.26455198416068892442e+00) (7, -1.14852725804142763444e+00) (8, -1.39852589732105858644e+00) (9, -1.01428077828638762981e+00) (10, 1.84809401743949948127e+01) (11, -1.69538083768705494236e+00) (0, -6.07512343183240588473e+00) (1, 4.16234717957051980619e+00) (2, 3.26868714852084618627e+00) (3, 1.47812396046855432097e+00) (4, 1.97387180583874921602e+00) (5, 2.19566190108719849761e+00) (6, -7.30816805256612322950e+00) (7, -2.88380331620665275594e+00) (8, 4.84442276795501580722e+00) (9, 1.25961363360129374733e+00) (10, 2.65434828842711878494e+00) (11, -4.27383777357142147224e+00) (0, -5.82846734056373771971e-01) (1, 6.31852894381688345860e-01) (2, 3.00034693828179621633e+00) (3, 4.60873705259758514874e-01) (4, -6.87602271908420270563e-01) (5, 1.84315334374342915114e-01) (6, -1.39381926087028396033e+00) (7, -5.13112612818182656227e-01) (8, 3.85216214276704216335e-01) (9, 9.36124222001137457072e-02) (10, 1.53628354817663814735e+00) (11, -2.42141957936040791433e-02) (12, 1.28173098555775899499e+00) (13, 7.73794044489994270464e+00) (14, 7.07197886609592929474e-01) (15, -1.82751404369438197328e+00) 
