FANN_FLO_2.1
num_layers=3
learning_rate=0.700000
connection_rate=1.000000
network_type=0
learning_momentum=0.000000
training_algorithm=2
train_error_function=1
train_stop_function=1
cascade_output_change_fraction=0.010000
quickprop_decay=-0.000100
quickprop_mu=1.750000
rprop_increase_factor=1.200000
rprop_decrease_factor=0.500000
rprop_delta_min=0.000000
rprop_delta_max=50.000000
rprop_delta_zero=0.100000
cascade_output_stagnation_epochs=12
cascade_candidate_change_fraction=0.010000
cascade_candidate_stagnation_epochs=12
cascade_max_out_epochs=150
cascade_min_out_epochs=50
cascade_max_cand_epochs=150
cascade_min_cand_epochs=50
cascade_num_candidate_groups=2
bit_fail_limit=1.00000000000000005551e-01
cascade_candidate_limit=1.00000000000000000000e+03
cascade_weight_multiplier=4.00000000000000022204e-01
cascade_activation_functions_count=10
cascade_activation_functions=3 5 7 8 10 11 14 15 16 17 
cascade_activation_steepnesses_count=4
cascade_activation_steepnesses=2.50000000000000000000e-01 5.00000000000000000000e-01 7.50000000000000000000e-01 1.00000000000000000000e+00 
layer_sizes=7 4 2 
scale_included=0
neurons (num_inputs, activation_function, activation_steepness)=(0, 0, 0.00000000000000000000e+00) (0, 0, 0.00000000000000000000e+00) (0, 0, 0.00000000000000000000e+00) (0, 0, 0.00000000000000000000e+00) (0, 0, 0.00000000000000000000e+00) (0, 0, 0.00000000000000000000e+00) (0, 0, 0.00000000000000000000e+00) (7, 6, 5.00000000000000000000e-01) (7, 6, 5.00000000000000000000e-01) (7, 6, 5.00000000000000000000e-01) (0, 6, 0.00000000000000000000e+00) (4, 4, 5.00000000000000000000e-01) (0, 4, 0.00000000000000000000e+00) 
connections (connected_to_neuron, weight)=(0, -6.27319981067236831507e+00) (1, 3.72522330087505126883e-01) (2, 1.65592025526782506972e+01) (3, 3.22240951961100752232e-01) (4, 1.99164933103767233247e-01) (5, 6.30927851254808325088e-02) (6, -2.62281621636960826649e+00) (0, -5.40632714743174247474e+00) (1, 2.80180316932038087074e+00) (2, 2.41986156573765232025e+00) (3, 1.17415357511525098033e-01) (4, 8.53513921711202105946e-01) (5, -2.18139977762057207800e-01) (6, -2.52189896201499763606e+00) (0, 1.20807754549221897378e+01) (1, -5.31002112925260494336e+00) (2, -3.73072231435584189541e+00) (3, -1.28743545640750722825e+00) (4, -1.41412036423130760276e+00) (5, 8.69469767334448251361e-01) (6, 4.27508381820289695696e+00) (7, 1.86919080247589608490e+00) (8, 3.90093130706748958403e+00) (9, -2.44682179641734798281e+00) (10, -1.39368206336754218988e+00) 
