FANN_FLO_2.1
num_layers=3
learning_rate=0.700000
connection_rate=1.000000
network_type=0
learning_momentum=0.000000
training_algorithm=2
train_error_function=1
train_stop_function=1
cascade_output_change_fraction=0.010000
quickprop_decay=-0.000100
quickprop_mu=1.750000
rprop_increase_factor=1.200000
rprop_decrease_factor=0.500000
rprop_delta_min=0.000000
rprop_delta_max=50.000000
rprop_delta_zero=0.100000
cascade_output_stagnation_epochs=12
cascade_candidate_change_fraction=0.010000
cascade_candidate_stagnation_epochs=12
cascade_max_out_epochs=150
cascade_min_out_epochs=50
cascade_max_cand_epochs=150
cascade_min_cand_epochs=50
cascade_num_candidate_groups=2
bit_fail_limit=1.00000000000000005551e-01
cascade_candidate_limit=1.00000000000000000000e+03
cascade_weight_multiplier=4.00000000000000022204e-01
cascade_activation_functions_count=10
cascade_activation_functions=3 5 7 8 10 11 14 15 16 17 
cascade_activation_steepnesses_count=4
cascade_activation_steepnesses=2.50000000000000000000e-01 5.00000000000000000000e-01 7.50000000000000000000e-01 1.00000000000000000000e+00 
layer_sizes=12 4 2 
scale_included=0
neurons (num_inputs, activation_function, activation_steepness)=(0, 0, 0.00000000000000000000e+00) (0, 0, 0.00000000000000000000e+00) (0, 0, 0.00000000000000000000e+00) (0, 0, 0.00000000000000000000e+00) (0, 0, 0.00000000000000000000e+00) (0, 0, 0.00000000000000000000e+00) (0, 0, 0.00000000000000000000e+00) (0, 0, 0.00000000000000000000e+00) (0, 0, 0.00000000000000000000e+00) (0, 0, 0.00000000000000000000e+00) (0, 0, 0.00000000000000000000e+00) (0, 0, 0.00000000000000000000e+00) (12, 6, 5.00000000000000000000e-01) (12, 6, 5.00000000000000000000e-01) (12, 6, 5.00000000000000000000e-01) (0, 6, 0.00000000000000000000e+00) (4, 4, 5.00000000000000000000e-01) (0, 4, 0.00000000000000000000e+00) 
connections (connected_to_neuron, weight)=(0, 4.76090852492085214731e-01) (1, -2.08635125977195778901e+00) (2, 7.80683112665868761404e-01) (3, 5.25824936945247095599e-02) (4, -6.43587748374861656764e-01) (5, 8.01044357552422758850e-01) (6, 3.45396689579842486317e-01) (7, 2.80854112206550821096e-03) (8, -2.80590191142898826016e+00) (9, 8.35866166944806282535e-02) (10, 4.42814904397997477492e-01) (11, 5.19442871533861927347e-01) (0, 5.71864322148790904521e-01) (1, -1.99445631277956003657e+00) (2, 7.17599843963839023608e-01) (3, 2.06194421919088266559e-01) (4, -6.62319670286101280787e-01) (5, 9.73250595196467727099e-01) (6, 4.04827735827325008167e-01) (7, 1.23130754262075620131e-02) (8, -2.67475366251808477358e+00) (9, 7.25008382196728751179e-02) (10, 3.72188381052288630446e-01) (11, 4.24133912049761419016e-01) (0, -4.65852816376995271241e+00) (1, 4.22750568046716335147e+00) (2, 6.31551209348482167627e+00) (3, -4.12386790297670735583e+00) (4, 4.07513735626450124272e+00) (5, -1.20557842935645620486e+00) (6, -4.39206944008672439672e-01) (7, -4.63007682164514267065e-01) (8, 5.06970899525368512428e+00) (9, 1.44999570231789953745e+00) (10, -2.63802701996121058414e+00) (11, -4.60798275444816773927e+00) (12, -2.22996756074492541444e+00) (13, -8.88880274622313115707e-01) (14, 7.49342169898897036973e+00) (15, -2.09253564632726574146e+00) 
