FANN_FLO_2.1
num_layers=3
learning_rate=0.700000
connection_rate=1.000000
network_type=0
learning_momentum=0.000000
training_algorithm=2
train_error_function=1
train_stop_function=1
cascade_output_change_fraction=0.010000
quickprop_decay=-0.000100
quickprop_mu=1.750000
rprop_increase_factor=1.200000
rprop_decrease_factor=0.500000
rprop_delta_min=0.000000
rprop_delta_max=50.000000
rprop_delta_zero=0.100000
cascade_output_stagnation_epochs=12
cascade_candidate_change_fraction=0.010000
cascade_candidate_stagnation_epochs=12
cascade_max_out_epochs=150
cascade_min_out_epochs=50
cascade_max_cand_epochs=150
cascade_min_cand_epochs=50
cascade_num_candidate_groups=2
bit_fail_limit=1.00000000000000005551e-01
cascade_candidate_limit=1.00000000000000000000e+03
cascade_weight_multiplier=4.00000000000000022204e-01
cascade_activation_functions_count=10
cascade_activation_functions=3 5 7 8 10 11 14 15 16 17 
cascade_activation_steepnesses_count=4
cascade_activation_steepnesses=2.50000000000000000000e-01 5.00000000000000000000e-01 7.50000000000000000000e-01 1.00000000000000000000e+00 
layer_sizes=17 4 2 
scale_included=0
neurons (num_inputs, activation_function, activation_steepness)=(0, 0, 0.00000000000000000000e+00) (0, 0, 0.00000000000000000000e+00) (0, 0, 0.00000000000000000000e+00) (0, 0, 0.00000000000000000000e+00) (0, 0, 0.00000000000000000000e+00) (0, 0, 0.00000000000000000000e+00) (0, 0, 0.00000000000000000000e+00) (0, 0, 0.00000000000000000000e+00) (0, 0, 0.00000000000000000000e+00) (0, 0, 0.00000000000000000000e+00) (0, 0, 0.00000000000000000000e+00) (0, 0, 0.00000000000000000000e+00) (0, 0, 0.00000000000000000000e+00) (0, 0, 0.00000000000000000000e+00) (0, 0, 0.00000000000000000000e+00) (0, 0, 0.00000000000000000000e+00) (0, 0, 0.00000000000000000000e+00) (17, 6, 5.00000000000000000000e-01) (17, 6, 5.00000000000000000000e-01) (17, 6, 5.00000000000000000000e-01) (0, 6, 0.00000000000000000000e+00) (4, 4, 5.00000000000000000000e-01) (0, 4, 0.00000000000000000000e+00) 
connections (connected_to_neuron, weight)=(0, -4.32798248030108911877e+00) (1, 2.05028075757898298193e+00) (2, 1.69333949575301323520e+00) (3, 1.79718004447630352871e+00) (4, 5.46011870961189860196e-01) (5, 2.44425458689520125333e+00) (6, 2.29416875001734688055e+00) (7, 7.10880100321642616201e-01) (8, -1.26024033731399787150e+00) (9, -1.68015515017328725955e-01) (10, 1.36364978472878012328e-01) (11, 1.77781409246813670855e+00) (12, 1.09872905321499647613e+00) (13, 5.27920398778608732093e-02) (14, -1.15189082851264612550e+00) (15, 8.65240273225971634474e-01) (16, -2.07148198697459839934e+00) (0, -7.01546387629663570351e+00) (1, 2.12706732782997143261e+00) (2, 1.82590619360326300580e+00) (3, 1.47467018505151825636e+00) (4, 4.68211633111326352985e-01) (5, 2.46402438958475356046e+00) (6, 1.42323988918548205440e+00) (7, 8.51477570426336760612e-01) (8, -3.93408494219129933889e-01) (9, 4.07635788756382899667e-01) (10, -2.94557141282352330514e-01) (11, 1.81939068658244029741e+00) (12, 1.00624020554205717559e+00) (13, -5.29150815339604063681e-02) (14, -1.82690278809028910922e-01) (15, 1.07332143886295283686e+00) (16, -1.58236795148689601831e+00) (0, -4.92749597598144628563e+00) (1, -1.36616438190296651811e+00) (2, 2.80445297378709934577e+00) (3, 1.29322109392535633532e+00) (4, 1.09147134130496478027e-02) (5, 2.06662559927854125874e+01) (6, -9.64438831458990453172e-01) (7, 3.11951177338344487477e-01) (8, -5.17393340866988127313e-02) (9, 3.48014319663324078746e-01) (10, -6.91423723636769516077e-01) (11, -1.19527837516173196519e+00) (12, -2.87225205024589536063e-01) (13, 2.61985458972596019223e+00) (14, -2.64292600000782029745e-01) (15, 3.36342593938255052244e-01) (16, -1.92062308467897757680e+00) (17, 1.50482144300379356849e+01) (18, 1.50621697698273262489e+01) (19, 5.20274813633397115176e-01) (20, -1.15948033627372426579e+00) 
