FANN_FLO_2.1
num_layers=3
learning_rate=0.700000
connection_rate=1.000000
network_type=0
learning_momentum=0.000000
training_algorithm=2
train_error_function=1
train_stop_function=1
cascade_output_change_fraction=0.010000
quickprop_decay=-0.000100
quickprop_mu=1.750000
rprop_increase_factor=1.200000
rprop_decrease_factor=0.500000
rprop_delta_min=0.000000
rprop_delta_max=50.000000
rprop_delta_zero=0.100000
cascade_output_stagnation_epochs=12
cascade_candidate_change_fraction=0.010000
cascade_candidate_stagnation_epochs=12
cascade_max_out_epochs=150
cascade_min_out_epochs=50
cascade_max_cand_epochs=150
cascade_min_cand_epochs=50
cascade_num_candidate_groups=2
bit_fail_limit=1.00000000000000005551e-01
cascade_candidate_limit=1.00000000000000000000e+03
cascade_weight_multiplier=4.00000000000000022204e-01
cascade_activation_functions_count=10
cascade_activation_functions=3 5 7 8 10 11 14 15 16 17 
cascade_activation_steepnesses_count=4
cascade_activation_steepnesses=2.50000000000000000000e-01 5.00000000000000000000e-01 7.50000000000000000000e-01 1.00000000000000000000e+00 
layer_sizes=7 4 2 
scale_included=0
neurons (num_inputs, activation_function, activation_steepness)=(0, 0, 0.00000000000000000000e+00) (0, 0, 0.00000000000000000000e+00) (0, 0, 0.00000000000000000000e+00) (0, 0, 0.00000000000000000000e+00) (0, 0, 0.00000000000000000000e+00) (0, 0, 0.00000000000000000000e+00) (0, 0, 0.00000000000000000000e+00) (7, 6, 5.00000000000000000000e-01) (7, 6, 5.00000000000000000000e-01) (7, 6, 5.00000000000000000000e-01) (0, 6, 0.00000000000000000000e+00) (4, 4, 5.00000000000000000000e-01) (0, 4, 0.00000000000000000000e+00) 
connections (connected_to_neuron, weight)=(0, -4.67097996890693778482e+00) (1, 2.24031180051808442855e+00) (2, 4.92474169486263102513e-01) (3, 2.66257586316120375969e+00) (4, 2.29850348603736565067e+00) (5, 2.36555933445618604694e+00) (6, -2.38022690656159108258e+00) (0, -4.41377905060972342000e+00) (1, 2.19401106458895567286e+00) (2, -2.79198337475664137841e-01) (3, 7.30415689952274016505e-01) (4, 1.19985536606991100017e-01) (5, 2.25471953853045237182e+00) (6, -3.35110781748566288751e-01) (0, -5.04365128643303162193e+00) (1, 1.08848388882322888449e+00) (2, 5.91172371402750695957e-01) (3, 9.43653084024131394436e-01) (4, 8.48044044319330336812e-01) (5, 1.04924203234177682020e+00) (6, -3.52585542794875972383e-01) (7, 9.51953092550201596111e+00) (8, 4.20637296131950000344e-01) (9, 7.73055683964668993724e+00) (10, -8.27694151985476467281e-01) 
