FANN_FLO_2.1
num_layers=3
learning_rate=0.700000
connection_rate=1.000000
network_type=0
learning_momentum=0.000000
training_algorithm=2
train_error_function=1
train_stop_function=1
cascade_output_change_fraction=0.010000
quickprop_decay=-0.000100
quickprop_mu=1.750000
rprop_increase_factor=1.200000
rprop_decrease_factor=0.500000
rprop_delta_min=0.000000
rprop_delta_max=50.000000
rprop_delta_zero=0.100000
cascade_output_stagnation_epochs=12
cascade_candidate_change_fraction=0.010000
cascade_candidate_stagnation_epochs=12
cascade_max_out_epochs=150
cascade_min_out_epochs=50
cascade_max_cand_epochs=150
cascade_min_cand_epochs=50
cascade_num_candidate_groups=2
bit_fail_limit=1.00000000000000005551e-01
cascade_candidate_limit=1.00000000000000000000e+03
cascade_weight_multiplier=4.00000000000000022204e-01
cascade_activation_functions_count=10
cascade_activation_functions=3 5 7 8 10 11 14 15 16 17 
cascade_activation_steepnesses_count=4
cascade_activation_steepnesses=2.50000000000000000000e-01 5.00000000000000000000e-01 7.50000000000000000000e-01 1.00000000000000000000e+00 
layer_sizes=9 4 2 
scale_included=0
neurons (num_inputs, activation_function, activation_steepness)=(0, 0, 0.00000000000000000000e+00) (0, 0, 0.00000000000000000000e+00) (0, 0, 0.00000000000000000000e+00) (0, 0, 0.00000000000000000000e+00) (0, 0, 0.00000000000000000000e+00) (0, 0, 0.00000000000000000000e+00) (0, 0, 0.00000000000000000000e+00) (0, 0, 0.00000000000000000000e+00) (0, 0, 0.00000000000000000000e+00) (9, 6, 5.00000000000000000000e-01) (9, 6, 5.00000000000000000000e-01) (9, 6, 5.00000000000000000000e-01) (0, 6, 0.00000000000000000000e+00) (4, 4, 5.00000000000000000000e-01) (0, 4, 0.00000000000000000000e+00) 
connections (connected_to_neuron, weight)=(0, 3.39959967358065417997e+00) (1, -1.68285938930584078044e+00) (2, -1.95122625718590358979e+00) (3, -1.98102711972343770164e+00) (4, -9.28106767163122903241e-01) (5, -4.80153768989831253311e-01) (6, -2.70257849205673039705e+00) (7, 2.33466520072119720908e+00) (8, 2.57396218189654923947e+00) (0, 3.07112401833452963729e+00) (1, -3.34706822069409604126e+00) (2, -2.08965830231816340756e+00) (3, -1.74593966817857637608e+00) (4, -4.27638038998492231446e-01) (5, 3.27269556318247945015e-01) (6, 1.85629292275914931087e-01) (7, 2.22546283135647060547e+00) (8, 3.15024305174420993225e+00) (0, -6.16821307956975406483e+00) (1, 2.29888833372188550186e+00) (2, 2.58257666024757881473e+00) (3, 1.96664979903399572692e+00) (4, 1.53084526263176590177e+00) (5, 9.30673880044051493599e-01) (6, 2.39106712893258771535e-01) (7, -3.10475328508313663800e-01) (8, -2.76960317749339202109e+00) (9, -2.46896519115519375021e+00) (10, -6.22374715386168908537e+00) (11, 8.64294862952539322265e-01) (12, -1.45292117211120053177e+00) 
