FANN_FLO_2.1
num_layers=3
learning_rate=0.700000
connection_rate=1.000000
network_type=0
learning_momentum=0.000000
training_algorithm=2
train_error_function=1
train_stop_function=1
cascade_output_change_fraction=0.010000
quickprop_decay=-0.000100
quickprop_mu=1.750000
rprop_increase_factor=1.200000
rprop_decrease_factor=0.500000
rprop_delta_min=0.000000
rprop_delta_max=50.000000
rprop_delta_zero=0.100000
cascade_output_stagnation_epochs=12
cascade_candidate_change_fraction=0.010000
cascade_candidate_stagnation_epochs=12
cascade_max_out_epochs=150
cascade_min_out_epochs=50
cascade_max_cand_epochs=150
cascade_min_cand_epochs=50
cascade_num_candidate_groups=2
bit_fail_limit=1.00000000000000005551e-01
cascade_candidate_limit=1.00000000000000000000e+03
cascade_weight_multiplier=4.00000000000000022204e-01
cascade_activation_functions_count=10
cascade_activation_functions=3 5 7 8 10 11 14 15 16 17 
cascade_activation_steepnesses_count=4
cascade_activation_steepnesses=2.50000000000000000000e-01 5.00000000000000000000e-01 7.50000000000000000000e-01 1.00000000000000000000e+00 
layer_sizes=7 4 2 
scale_included=0
neurons (num_inputs, activation_function, activation_steepness)=(0, 0, 0.00000000000000000000e+00) (0, 0, 0.00000000000000000000e+00) (0, 0, 0.00000000000000000000e+00) (0, 0, 0.00000000000000000000e+00) (0, 0, 0.00000000000000000000e+00) (0, 0, 0.00000000000000000000e+00) (0, 0, 0.00000000000000000000e+00) (7, 6, 5.00000000000000000000e-01) (7, 6, 5.00000000000000000000e-01) (7, 6, 5.00000000000000000000e-01) (0, 6, 0.00000000000000000000e+00) (4, 4, 5.00000000000000000000e-01) (0, 4, 0.00000000000000000000e+00) 
connections (connected_to_neuron, weight)=(0, -2.29964854563384868413e+00) (1, 2.02989981600984270571e+00) (2, 5.95946011331960345814e-01) (3, 2.37917146862304562660e+00) (4, 2.66636509651253916786e+00) (5, 1.72443076759121627362e+00) (6, -2.32166117424875118047e+00) (0, -2.42745022470861293584e+00) (1, 2.04399854967340166567e+00) (2, 6.23690952745362903187e-01) (3, 1.14042641988631276995e+00) (4, 2.69851361418078639076e+00) (5, 2.62908089457586369164e+00) (6, -2.29415462161212779790e+00) (0, 1.75426939945362025952e+00) (1, -1.16420274127651346419e+00) (2, -3.22782594554810842169e-01) (3, -2.78020063438598363792e-01) (4, -8.33706628100324809161e-01) (5, -9.33665301057909902127e-01) (6, 7.91531324099528421634e-01) (7, 4.85664635430442270803e+00) (8, 7.42851522044068701689e+00) (9, -4.82082737104039527054e+00) (10, -2.51048463677475952593e+00) 
