FANN_FLO_2.1
num_layers=3
learning_rate=0.700000
connection_rate=1.000000
network_type=0
learning_momentum=0.000000
training_algorithm=2
train_error_function=1
train_stop_function=1
cascade_output_change_fraction=0.010000
quickprop_decay=-0.000100
quickprop_mu=1.750000
rprop_increase_factor=1.200000
rprop_decrease_factor=0.500000
rprop_delta_min=0.000000
rprop_delta_max=50.000000
rprop_delta_zero=0.100000
cascade_output_stagnation_epochs=12
cascade_candidate_change_fraction=0.010000
cascade_candidate_stagnation_epochs=12
cascade_max_out_epochs=150
cascade_min_out_epochs=50
cascade_max_cand_epochs=150
cascade_min_cand_epochs=50
cascade_num_candidate_groups=2
bit_fail_limit=1.00000000000000005551e-01
cascade_candidate_limit=1.00000000000000000000e+03
cascade_weight_multiplier=4.00000000000000022204e-01
cascade_activation_functions_count=10
cascade_activation_functions=3 5 7 8 10 11 14 15 16 17 
cascade_activation_steepnesses_count=4
cascade_activation_steepnesses=2.50000000000000000000e-01 5.00000000000000000000e-01 7.50000000000000000000e-01 1.00000000000000000000e+00 
layer_sizes=14 4 2 
scale_included=0
neurons (num_inputs, activation_function, activation_steepness)=(0, 0, 0.00000000000000000000e+00) (0, 0, 0.00000000000000000000e+00) (0, 0, 0.00000000000000000000e+00) (0, 0, 0.00000000000000000000e+00) (0, 0, 0.00000000000000000000e+00) (0, 0, 0.00000000000000000000e+00) (0, 0, 0.00000000000000000000e+00) (0, 0, 0.00000000000000000000e+00) (0, 0, 0.00000000000000000000e+00) (0, 0, 0.00000000000000000000e+00) (0, 0, 0.00000000000000000000e+00) (0, 0, 0.00000000000000000000e+00) (0, 0, 0.00000000000000000000e+00) (0, 0, 0.00000000000000000000e+00) (14, 6, 5.00000000000000000000e-01) (14, 6, 5.00000000000000000000e-01) (14, 6, 5.00000000000000000000e-01) (0, 6, 0.00000000000000000000e+00) (4, 4, 5.00000000000000000000e-01) (0, 4, 0.00000000000000000000e+00) 
connections (connected_to_neuron, weight)=(0, -4.22249834154402492459e+00) (1, 2.69999461348932001670e+00) (2, -2.77929535808378036510e-01) (3, 5.59045952881822239000e-01) (4, 1.72655120932565853131e+00) (5, -2.44222321554230903384e-01) (6, 1.79240338235578677839e+00) (7, 7.35425674694345832272e-01) (8, 2.35259700089682954882e+00) (9, 4.51187054338376414275e-01) (10, -3.32835893598696141993e+00) (11, 2.61523515644134230129e-01) (12, 3.62694080519191552892e-01) (13, -6.70586075264844261312e-01) (0, -3.61120344337233145637e+00) (1, 3.18869714358092970485e+00) (2, -6.17790026449880458337e-01) (3, 2.91928455990563884281e-01) (4, 3.46407477443315736654e-01) (5, -9.44363589580420659253e-01) (6, 3.43267875463392435620e+00) (7, 2.94152923559047818625e-01) (8, 2.65513026817588393413e+00) (9, 2.89023732639057062688e-01) (10, -3.12998066750666037450e+00) (11, -1.14518356125011849800e-01) (12, 5.95238292183845538186e-02) (13, -1.09859125169190496862e+00) (0, -9.38688135849632132590e+00) (1, 2.97062588625397117070e+00) (2, -1.29455486789647444823e+00) (3, 1.47189417025696989150e+00) (4, 4.19513339928116213429e+00) (5, -1.09669314895285405220e-01) (6, 2.99790627321601066413e+00) (7, 4.32962739473904978382e+00) (8, 2.93421809348060724787e+00) (9, 2.95672577515248313773e+00) (10, -8.35547062183117716927e+00) (11, 1.30171641265822768396e+00) (12, 9.97097695145140572315e-01) (13, -1.57653554980141352715e+00) (14, 1.06591983793121025670e+00) (15, 3.13870847927636509311e+00) (16, 1.20137687333335456685e+01) (17, -1.20704171395219317375e+00) 
