FANN_FLO_2.1
num_layers=3
learning_rate=0.700000
connection_rate=1.000000
network_type=0
learning_momentum=0.000000
training_algorithm=2
train_error_function=1
train_stop_function=1
cascade_output_change_fraction=0.010000
quickprop_decay=-0.000100
quickprop_mu=1.750000
rprop_increase_factor=1.200000
rprop_decrease_factor=0.500000
rprop_delta_min=0.000000
rprop_delta_max=50.000000
rprop_delta_zero=0.100000
cascade_output_stagnation_epochs=12
cascade_candidate_change_fraction=0.010000
cascade_candidate_stagnation_epochs=12
cascade_max_out_epochs=150
cascade_min_out_epochs=50
cascade_max_cand_epochs=150
cascade_min_cand_epochs=50
cascade_num_candidate_groups=2
bit_fail_limit=1.00000000000000005551e-01
cascade_candidate_limit=1.00000000000000000000e+03
cascade_weight_multiplier=4.00000000000000022204e-01
cascade_activation_functions_count=10
cascade_activation_functions=3 5 7 8 10 11 14 15 16 17 
cascade_activation_steepnesses_count=4
cascade_activation_steepnesses=2.50000000000000000000e-01 5.00000000000000000000e-01 7.50000000000000000000e-01 1.00000000000000000000e+00 
layer_sizes=16 4 2 
scale_included=0
neurons (num_inputs, activation_function, activation_steepness)=(0, 0, 0.00000000000000000000e+00) (0, 0, 0.00000000000000000000e+00) (0, 0, 0.00000000000000000000e+00) (0, 0, 0.00000000000000000000e+00) (0, 0, 0.00000000000000000000e+00) (0, 0, 0.00000000000000000000e+00) (0, 0, 0.00000000000000000000e+00) (0, 0, 0.00000000000000000000e+00) (0, 0, 0.00000000000000000000e+00) (0, 0, 0.00000000000000000000e+00) (0, 0, 0.00000000000000000000e+00) (0, 0, 0.00000000000000000000e+00) (0, 0, 0.00000000000000000000e+00) (0, 0, 0.00000000000000000000e+00) (0, 0, 0.00000000000000000000e+00) (0, 0, 0.00000000000000000000e+00) (16, 6, 5.00000000000000000000e-01) (16, 6, 5.00000000000000000000e-01) (16, 6, 5.00000000000000000000e-01) (0, 6, 0.00000000000000000000e+00) (4, 4, 5.00000000000000000000e-01) (0, 4, 0.00000000000000000000e+00) 
connections (connected_to_neuron, weight)=(0, 7.58428655403723617212e+00) (1, -1.02699543277315941125e+00) (2, -2.94707750322673267540e-01) (3, -1.07190076595387662195e+00) (4, -2.64353436568596444900e-01) (5, -6.21546828225412006930e+00) (6, -7.80673005733065639156e-01) (7, -2.21585881940244450172e-01) (8, -7.31358517533047813863e-01) (9, -6.59865122860177399922e-01) (10, -4.68254100488699531724e-01) (11, -2.70159353652813516433e-01) (12, -7.85066860463844329310e-01) (13, -6.16783086167848937365e-01) (14, -1.46790200481248023223e+00) (15, 1.22953639537633208079e+00) (0, -3.20884552643439624475e+00) (1, 3.86562543410227110741e-01) (2, 1.38621867958279065824e+00) (3, 1.65106576630251056237e+00) (4, 3.69286678005661395119e-01) (5, 4.00789087169337765459e+00) (6, -2.29785336302635867511e-02) (7, 3.03138146719418022368e-01) (8, 8.20340316478359921071e-01) (9, 1.04919101206960840855e+00) (10, 6.45383943768052414924e-01) (11, 4.65713462997879301675e-01) (12, 4.50199201713039176553e-01) (13, 7.90369464414636735405e-01) (14, -4.95295912084289913224e-01) (15, -1.15585415937634453099e-01) (0, -5.52430202550053284227e+00) (1, 1.58603822479748135521e+00) (2, 3.42666543743510076947e-01) (3, 1.11170134101797435378e+00) (4, 6.77079054057995954885e-01) (5, 9.67755633430830597419e-01) (6, 1.63456731453950632194e+00) (7, 1.95535488296346038339e-01) (8, 1.12679935886858251237e+00) (9, 1.03341302170751858647e+00) (10, 9.59674240413436296926e-01) (11, 6.58018516838948408498e-01) (12, 1.63095637813476135314e+00) (13, 1.11806338801980031938e+00) (14, 3.00904309996618768430e-01) (15, -9.46247100353489689617e-01) (16, -5.90152544346918261908e+00) (17, 2.49674798872373759906e-01) (18, 1.98235902624957915918e+01) (19, -9.67640660226593785076e-01) 
