FANN_FLO_2.1
num_layers=3
learning_rate=0.700000
connection_rate=1.000000
network_type=0
learning_momentum=0.000000
training_algorithm=2
train_error_function=1
train_stop_function=1
cascade_output_change_fraction=0.010000
quickprop_decay=-0.000100
quickprop_mu=1.750000
rprop_increase_factor=1.200000
rprop_decrease_factor=0.500000
rprop_delta_min=0.000000
rprop_delta_max=50.000000
rprop_delta_zero=0.100000
cascade_output_stagnation_epochs=12
cascade_candidate_change_fraction=0.010000
cascade_candidate_stagnation_epochs=12
cascade_max_out_epochs=150
cascade_min_out_epochs=50
cascade_max_cand_epochs=150
cascade_min_cand_epochs=50
cascade_num_candidate_groups=2
bit_fail_limit=1.00000000000000005551e-01
cascade_candidate_limit=1.00000000000000000000e+03
cascade_weight_multiplier=4.00000000000000022204e-01
cascade_activation_functions_count=10
cascade_activation_functions=3 5 7 8 10 11 14 15 16 17 
cascade_activation_steepnesses_count=4
cascade_activation_steepnesses=2.50000000000000000000e-01 5.00000000000000000000e-01 7.50000000000000000000e-01 1.00000000000000000000e+00 
layer_sizes=10 4 2 
scale_included=0
neurons (num_inputs, activation_function, activation_steepness)=(0, 0, 0.00000000000000000000e+00) (0, 0, 0.00000000000000000000e+00) (0, 0, 0.00000000000000000000e+00) (0, 0, 0.00000000000000000000e+00) (0, 0, 0.00000000000000000000e+00) (0, 0, 0.00000000000000000000e+00) (0, 0, 0.00000000000000000000e+00) (0, 0, 0.00000000000000000000e+00) (0, 0, 0.00000000000000000000e+00) (0, 0, 0.00000000000000000000e+00) (10, 6, 5.00000000000000000000e-01) (10, 6, 5.00000000000000000000e-01) (10, 6, 5.00000000000000000000e-01) (0, 6, 0.00000000000000000000e+00) (4, 4, 5.00000000000000000000e-01) (0, 4, 0.00000000000000000000e+00) 
connections (connected_to_neuron, weight)=(0, -4.04008720328099624197e+00) (1, 3.53734831104233116150e+00) (2, -1.56129673001135282906e-01) (3, 4.48255643200564257711e+00) (4, -6.31276675985809609948e-01) (5, -9.74823963007048210905e-01) (6, 3.52226729283287376404e+00) (7, -6.78519548402782723961e-01) (8, 3.63973392882150736938e+00) (9, -3.34052737181679448852e+00) (0, -2.65440158015163518712e-01) (1, 3.48527412363963839947e-01) (2, 5.12484075591614907097e-01) (3, 7.06388671394717615470e-01) (4, -1.28473124903094419735e-02) (5, -3.05710846885844489407e-01) (6, 4.69942058870273349225e-01) (7, -2.38715193670642027157e-02) (8, 5.14900220685351794891e-01) (9, -1.33498995758682265089e-01) (0, -6.87667564634824257652e-01) (1, 9.95079336867005004308e-01) (2, 3.95538137220757368695e-01) (3, 2.10454407957821265640e+00) (4, -6.05097460349899862742e-01) (5, -2.60667936998184135433e-01) (6, 9.59614141091972738806e-01) (7, -3.32207405892627982702e-01) (8, 1.12423633808083112129e+00) (9, -5.48524634127164345543e-01) (10, 1.38719931941581755552e+01) (11, 4.56940406545989330489e-01) (12, 1.32989683446459916460e+00) (13, -1.47065904118221202346e+00) 
