FANN_FLO_2.1
num_layers=3
learning_rate=0.700000
connection_rate=1.000000
network_type=0
learning_momentum=0.000000
training_algorithm=2
train_error_function=1
train_stop_function=1
cascade_output_change_fraction=0.010000
quickprop_decay=-0.000100
quickprop_mu=1.750000
rprop_increase_factor=1.200000
rprop_decrease_factor=0.500000
rprop_delta_min=0.000000
rprop_delta_max=50.000000
rprop_delta_zero=0.100000
cascade_output_stagnation_epochs=12
cascade_candidate_change_fraction=0.010000
cascade_candidate_stagnation_epochs=12
cascade_max_out_epochs=150
cascade_min_out_epochs=50
cascade_max_cand_epochs=150
cascade_min_cand_epochs=50
cascade_num_candidate_groups=2
bit_fail_limit=1.00000000000000005551e-01
cascade_candidate_limit=1.00000000000000000000e+03
cascade_weight_multiplier=4.00000000000000022204e-01
cascade_activation_functions_count=10
cascade_activation_functions=3 5 7 8 10 11 14 15 16 17 
cascade_activation_steepnesses_count=4
cascade_activation_steepnesses=2.50000000000000000000e-01 5.00000000000000000000e-01 7.50000000000000000000e-01 1.00000000000000000000e+00 
layer_sizes=10 4 2 
scale_included=0
neurons (num_inputs, activation_function, activation_steepness)=(0, 0, 0.00000000000000000000e+00) (0, 0, 0.00000000000000000000e+00) (0, 0, 0.00000000000000000000e+00) (0, 0, 0.00000000000000000000e+00) (0, 0, 0.00000000000000000000e+00) (0, 0, 0.00000000000000000000e+00) (0, 0, 0.00000000000000000000e+00) (0, 0, 0.00000000000000000000e+00) (0, 0, 0.00000000000000000000e+00) (0, 0, 0.00000000000000000000e+00) (10, 6, 5.00000000000000000000e-01) (10, 6, 5.00000000000000000000e-01) (10, 6, 5.00000000000000000000e-01) (0, 6, 0.00000000000000000000e+00) (4, 4, 5.00000000000000000000e-01) (0, 4, 0.00000000000000000000e+00) 
connections (connected_to_neuron, weight)=(0, -1.00342101425555263461e+00) (1, 3.14794900631506813227e+00) (2, 2.29866239597809024486e-01) (3, -8.47418552345304831874e-01) (4, -4.25191995680275769409e-02) (5, -9.82793545431165926907e-01) (6, -8.29366779035597190273e-01) (7, -3.94494692702693328101e-01) (8, -4.76993213315410002906e-01) (9, -9.27971808320551150295e-01) (0, -3.38379699650089293961e-02) (1, 5.47388008559987149226e-01) (2, 1.50274844921611284987e-02) (3, -2.40621078672687560562e-02) (4, 4.11643416266003203674e-02) (5, 3.88282422338815172425e-02) (6, -7.71508064126918136072e-02) (7, -4.55922882142369700897e-02) (8, 9.81265554286025326602e-02) (9, 9.68063091668819042379e-02) (0, 1.44531436683725589276e+00) (1, -3.28141257417756238013e+00) (2, -1.72650552268499124509e-01) (3, 1.63383914973587907049e+00) (4, 2.51778396458163133964e-01) (5, 1.00298671394614946628e+00) (6, 1.06378381669549715305e+00) (7, 2.60393696517481565422e-01) (8, 6.86349853386840624836e-01) (9, 1.64559429450205207957e+00) (10, 3.88332556958582486573e+00) (11, 1.59890718630285089130e-01) (12, -8.33709865607417022204e+00) (13, -1.35833370645340800742e+00) 
