FANN_FLO_2.1
num_layers=3
learning_rate=0.700000
connection_rate=1.000000
network_type=0
learning_momentum=0.000000
training_algorithm=2
train_error_function=1
train_stop_function=1
cascade_output_change_fraction=0.010000
quickprop_decay=-0.000100
quickprop_mu=1.750000
rprop_increase_factor=1.200000
rprop_decrease_factor=0.500000
rprop_delta_min=0.000000
rprop_delta_max=50.000000
rprop_delta_zero=0.100000
cascade_output_stagnation_epochs=12
cascade_candidate_change_fraction=0.010000
cascade_candidate_stagnation_epochs=12
cascade_max_out_epochs=150
cascade_min_out_epochs=50
cascade_max_cand_epochs=150
cascade_min_cand_epochs=50
cascade_num_candidate_groups=2
bit_fail_limit=1.00000000000000005551e-01
cascade_candidate_limit=1.00000000000000000000e+03
cascade_weight_multiplier=4.00000000000000022204e-01
cascade_activation_functions_count=10
cascade_activation_functions=3 5 7 8 10 11 14 15 16 17 
cascade_activation_steepnesses_count=4
cascade_activation_steepnesses=2.50000000000000000000e-01 5.00000000000000000000e-01 7.50000000000000000000e-01 1.00000000000000000000e+00 
layer_sizes=10 4 2 
scale_included=0
neurons (num_inputs, activation_function, activation_steepness)=(0, 0, 0.00000000000000000000e+00) (0, 0, 0.00000000000000000000e+00) (0, 0, 0.00000000000000000000e+00) (0, 0, 0.00000000000000000000e+00) (0, 0, 0.00000000000000000000e+00) (0, 0, 0.00000000000000000000e+00) (0, 0, 0.00000000000000000000e+00) (0, 0, 0.00000000000000000000e+00) (0, 0, 0.00000000000000000000e+00) (0, 0, 0.00000000000000000000e+00) (10, 6, 5.00000000000000000000e-01) (10, 6, 5.00000000000000000000e-01) (10, 6, 5.00000000000000000000e-01) (0, 6, 0.00000000000000000000e+00) (4, 4, 5.00000000000000000000e-01) (0, 4, 0.00000000000000000000e+00) 
connections (connected_to_neuron, weight)=(0, -1.37881734597331506720e+00) (1, 2.49981202341110275711e+00) (2, -1.69159874865907444708e-01) (3, -6.49075595691350204497e-01) (4, -2.04795018384355320684e-01) (5, -7.48089600142006538874e-01) (6, -1.52623117515939488165e-01) (7, -6.19938369627957119867e-01) (8, -7.35411111052994392878e-01) (9, -1.14102467262865459041e+00) (0, -2.27421582884701978244e+00) (1, 8.79119604792706899055e-01) (2, 2.82220708177641499415e-01) (3, -3.28904512268453574908e-01) (4, 5.43754369288211303335e-02) (5, -3.98970366991523855971e-02) (6, -2.32983675901841935652e-03) (7, 1.17325976758723294485e-02) (8, -4.75171180046562308119e-02) (9, -4.06082200747877097857e-01) (0, -8.95039588160666865768e-01) (1, 5.27136052027302848266e-01) (2, 1.25447366003472310370e-01) (3, -3.99415576345281964077e-02) (4, -4.62812564831197523207e-02) (5, -1.28774776210266242438e-02) (6, 1.30507863356548542422e-01) (7, -6.24696607999208897155e-03) (8, -1.91699946764137985067e-01) (9, -2.10158312208013897671e-02) (10, 1.54066773453899763524e+01) (11, 2.56097880286091417190e+00) (12, 1.40135656659085311437e-01) (13, -1.42936694252139528949e+00) 
