FANN_FLO_2.1
num_layers=3
learning_rate=0.700000
connection_rate=1.000000
network_type=0
learning_momentum=0.000000
training_algorithm=2
train_error_function=1
train_stop_function=1
cascade_output_change_fraction=0.010000
quickprop_decay=-0.000100
quickprop_mu=1.750000
rprop_increase_factor=1.200000
rprop_decrease_factor=0.500000
rprop_delta_min=0.000000
rprop_delta_max=50.000000
rprop_delta_zero=0.100000
cascade_output_stagnation_epochs=12
cascade_candidate_change_fraction=0.010000
cascade_candidate_stagnation_epochs=12
cascade_max_out_epochs=150
cascade_min_out_epochs=50
cascade_max_cand_epochs=150
cascade_min_cand_epochs=50
cascade_num_candidate_groups=2
bit_fail_limit=1.00000000000000005551e-01
cascade_candidate_limit=1.00000000000000000000e+03
cascade_weight_multiplier=4.00000000000000022204e-01
cascade_activation_functions_count=10
cascade_activation_functions=3 5 7 8 10 11 14 15 16 17 
cascade_activation_steepnesses_count=4
cascade_activation_steepnesses=2.50000000000000000000e-01 5.00000000000000000000e-01 7.50000000000000000000e-01 1.00000000000000000000e+00 
layer_sizes=9 4 2 
scale_included=0
neurons (num_inputs, activation_function, activation_steepness)=(0, 0, 0.00000000000000000000e+00) (0, 0, 0.00000000000000000000e+00) (0, 0, 0.00000000000000000000e+00) (0, 0, 0.00000000000000000000e+00) (0, 0, 0.00000000000000000000e+00) (0, 0, 0.00000000000000000000e+00) (0, 0, 0.00000000000000000000e+00) (0, 0, 0.00000000000000000000e+00) (0, 0, 0.00000000000000000000e+00) (9, 6, 5.00000000000000000000e-01) (9, 6, 5.00000000000000000000e-01) (9, 6, 5.00000000000000000000e-01) (0, 6, 0.00000000000000000000e+00) (4, 4, 5.00000000000000000000e-01) (0, 4, 0.00000000000000000000e+00) 
connections (connected_to_neuron, weight)=(0, -3.52340629075228939371e+00) (1, 2.03969678396522180464e+00) (2, 1.51026540987088009338e+00) (3, 2.00951669844673386223e-01) (4, 3.77044656563154528817e-03) (5, -5.54738670031461489351e-01) (6, -4.88972647260117576629e-01) (7, -1.48736156701626565102e+00) (8, -5.43685676715672139281e-01) (0, -6.04375714945438158310e+00) (1, 2.24617261697668890719e+00) (2, 1.86673944132894775727e+00) (3, 6.13565847099825090183e-01) (4, 1.26523357765552746379e+00) (5, -1.16865103432723826948e+00) (6, -2.32192103618739320581e-01) (7, -2.24137518970518589967e+00) (8, -1.44227432144067813091e+00) (0, -3.54103828345000515299e+00) (1, 2.02611002439796106245e+00) (2, 1.59825471781088612744e+00) (3, 2.40977157386825735497e-01) (4, 7.77459947137867646294e-02) (5, -4.77196566204461880556e-01) (6, -9.26509934013214131454e-01) (7, -1.45137757241310860756e+00) (8, -5.26240976713001851195e-01) (9, 6.40136283591209886978e-01) (10, 1.05770771825209362049e+01) (11, 6.68985632017075060318e-01) (12, -2.00426994209991304885e+00) 
