FANN_FLO_2.1
num_layers=3
learning_rate=0.700000
connection_rate=1.000000
network_type=0
learning_momentum=0.000000
training_algorithm=2
train_error_function=1
train_stop_function=1
cascade_output_change_fraction=0.010000
quickprop_decay=-0.000100
quickprop_mu=1.750000
rprop_increase_factor=1.200000
rprop_decrease_factor=0.500000
rprop_delta_min=0.000000
rprop_delta_max=50.000000
rprop_delta_zero=0.100000
cascade_output_stagnation_epochs=12
cascade_candidate_change_fraction=0.010000
cascade_candidate_stagnation_epochs=12
cascade_max_out_epochs=150
cascade_min_out_epochs=50
cascade_max_cand_epochs=150
cascade_min_cand_epochs=50
cascade_num_candidate_groups=2
bit_fail_limit=1.00000000000000005551e-01
cascade_candidate_limit=1.00000000000000000000e+03
cascade_weight_multiplier=4.00000000000000022204e-01
cascade_activation_functions_count=10
cascade_activation_functions=3 5 7 8 10 11 14 15 16 17 
cascade_activation_steepnesses_count=4
cascade_activation_steepnesses=2.50000000000000000000e-01 5.00000000000000000000e-01 7.50000000000000000000e-01 1.00000000000000000000e+00 
layer_sizes=11 4 2 
scale_included=0
neurons (num_inputs, activation_function, activation_steepness)=(0, 0, 0.00000000000000000000e+00) (0, 0, 0.00000000000000000000e+00) (0, 0, 0.00000000000000000000e+00) (0, 0, 0.00000000000000000000e+00) (0, 0, 0.00000000000000000000e+00) (0, 0, 0.00000000000000000000e+00) (0, 0, 0.00000000000000000000e+00) (0, 0, 0.00000000000000000000e+00) (0, 0, 0.00000000000000000000e+00) (0, 0, 0.00000000000000000000e+00) (0, 0, 0.00000000000000000000e+00) (11, 6, 5.00000000000000000000e-01) (11, 6, 5.00000000000000000000e-01) (11, 6, 5.00000000000000000000e-01) (0, 6, 0.00000000000000000000e+00) (4, 4, 5.00000000000000000000e-01) (0, 4, 0.00000000000000000000e+00) 
connections (connected_to_neuron, weight)=(0, -2.20443659343111830751e+00) (1, 9.54685882653194095582e-01) (2, -2.40232342783700175692e-01) (3, 9.47115237740176363346e-01) (4, -4.22180429156843339822e-01) (5, 3.07098907956804589858e+00) (6, 1.89737490410048104117e+00) (7, 1.95020440811354256461e+00) (8, 9.08835464145141269654e-01) (9, 1.03914489173356261453e+00) (10, -7.90844260501381124406e-01) (0, -3.69393372503280392749e+00) (1, 1.92268024909376000764e+00) (2, 1.08939414034476445003e+00) (3, 2.01905946417820159056e+00) (4, -2.64390025256977467816e-01) (5, 2.63805657893146650039e+00) (6, -2.23870298772425979639e-01) (7, -2.60286456852526992822e-01) (8, 1.86979463475822282881e+00) (9, 1.98538280991669724429e+00) (10, -2.35279225642540579244e+00) (0, -3.76367269423961303687e+00) (1, 1.90443055856107568147e+00) (2, 1.00868322263350651546e+00) (3, 2.03823705746900740721e+00) (4, -3.45872294126854329388e-01) (5, 2.55620662390913144790e+00) (6, -2.41108483582110733057e-01) (7, -9.46629112058595123536e-02) (8, 1.96033055114625809345e+00) (9, 2.04276430202480385745e+00) (10, -2.34727290357210760519e+00) (11, 6.68173472487144648468e-01) (12, 8.99680184666750015765e+00) (13, 9.01183483843442978412e+00) (14, -1.26927454514868709445e+00) 
