FANN_FLO_2.1
num_layers=3
learning_rate=0.700000
connection_rate=1.000000
network_type=0
learning_momentum=0.000000
training_algorithm=2
train_error_function=1
train_stop_function=1
cascade_output_change_fraction=0.010000
quickprop_decay=-0.000100
quickprop_mu=1.750000
rprop_increase_factor=1.200000
rprop_decrease_factor=0.500000
rprop_delta_min=0.000000
rprop_delta_max=50.000000
rprop_delta_zero=0.100000
cascade_output_stagnation_epochs=12
cascade_candidate_change_fraction=0.010000
cascade_candidate_stagnation_epochs=12
cascade_max_out_epochs=150
cascade_min_out_epochs=50
cascade_max_cand_epochs=150
cascade_min_cand_epochs=50
cascade_num_candidate_groups=2
bit_fail_limit=1.00000000000000005551e-01
cascade_candidate_limit=1.00000000000000000000e+03
cascade_weight_multiplier=4.00000000000000022204e-01
cascade_activation_functions_count=10
cascade_activation_functions=3 5 7 8 10 11 14 15 16 17 
cascade_activation_steepnesses_count=4
cascade_activation_steepnesses=2.50000000000000000000e-01 5.00000000000000000000e-01 7.50000000000000000000e-01 1.00000000000000000000e+00 
layer_sizes=9 4 2 
scale_included=0
neurons (num_inputs, activation_function, activation_steepness)=(0, 0, 0.00000000000000000000e+00) (0, 0, 0.00000000000000000000e+00) (0, 0, 0.00000000000000000000e+00) (0, 0, 0.00000000000000000000e+00) (0, 0, 0.00000000000000000000e+00) (0, 0, 0.00000000000000000000e+00) (0, 0, 0.00000000000000000000e+00) (0, 0, 0.00000000000000000000e+00) (0, 0, 0.00000000000000000000e+00) (9, 6, 5.00000000000000000000e-01) (9, 6, 5.00000000000000000000e-01) (9, 6, 5.00000000000000000000e-01) (0, 6, 0.00000000000000000000e+00) (4, 4, 5.00000000000000000000e-01) (0, 4, 0.00000000000000000000e+00) 
connections (connected_to_neuron, weight)=(0, -6.40831921218550593089e-01) (1, 1.82605414429074119909e+00) (2, 4.86062968221162988725e-02) (3, 4.21866206023711587392e+00) (4, 1.59516335473536940981e+00) (5, 4.29426182703111614103e+00) (6, -8.84875184070436415773e-01) (7, -1.13026105246928887382e+00) (8, -1.68125669463018501126e+00) (0, -8.84821241658727414281e-02) (1, 6.16257622905297064442e-01) (2, 9.48689997467303536283e-01) (3, 9.42723955474919161901e-01) (4, 9.36564449635387430426e-01) (5, 2.30247428165834788771e+00) (6, 2.28668810522887733239e-01) (7, 1.97022046492522001637e-01) (8, -2.02970401227329427796e-01) (0, 7.53946734756158054580e+00) (1, -7.06214463986754736879e+00) (2, -3.61552025407586752337e+00) (3, -4.13125775478546497510e+00) (4, -6.78027227278000399480e+00) (5, -8.97290155472496309130e+00) (6, 4.85101281508355786087e+00) (7, 4.82725256375073286108e+00) (8, 7.91832719388102468372e+00) (9, 2.35898881527650994272e+00) (10, 9.58570973575410101297e-01) (11, -6.12555321170070925518e+01) (12, -1.89227114089160619592e+00) 
