FANN_FLO_2.1
num_layers=3
learning_rate=0.700000
connection_rate=1.000000
network_type=0
learning_momentum=0.000000
training_algorithm=2
train_error_function=1
train_stop_function=1
cascade_output_change_fraction=0.010000
quickprop_decay=-0.000100
quickprop_mu=1.750000
rprop_increase_factor=1.200000
rprop_decrease_factor=0.500000
rprop_delta_min=0.000000
rprop_delta_max=50.000000
rprop_delta_zero=0.100000
cascade_output_stagnation_epochs=12
cascade_candidate_change_fraction=0.010000
cascade_candidate_stagnation_epochs=12
cascade_max_out_epochs=150
cascade_min_out_epochs=50
cascade_max_cand_epochs=150
cascade_min_cand_epochs=50
cascade_num_candidate_groups=2
bit_fail_limit=1.00000000000000005551e-01
cascade_candidate_limit=1.00000000000000000000e+03
cascade_weight_multiplier=4.00000000000000022204e-01
cascade_activation_functions_count=10
cascade_activation_functions=3 5 7 8 10 11 14 15 16 17 
cascade_activation_steepnesses_count=4
cascade_activation_steepnesses=2.50000000000000000000e-01 5.00000000000000000000e-01 7.50000000000000000000e-01 1.00000000000000000000e+00 
layer_sizes=12 4 2 
scale_included=0
neurons (num_inputs, activation_function, activation_steepness)=(0, 0, 0.00000000000000000000e+00) (0, 0, 0.00000000000000000000e+00) (0, 0, 0.00000000000000000000e+00) (0, 0, 0.00000000000000000000e+00) (0, 0, 0.00000000000000000000e+00) (0, 0, 0.00000000000000000000e+00) (0, 0, 0.00000000000000000000e+00) (0, 0, 0.00000000000000000000e+00) (0, 0, 0.00000000000000000000e+00) (0, 0, 0.00000000000000000000e+00) (0, 0, 0.00000000000000000000e+00) (0, 0, 0.00000000000000000000e+00) (12, 6, 5.00000000000000000000e-01) (12, 6, 5.00000000000000000000e-01) (12, 6, 5.00000000000000000000e-01) (0, 6, 0.00000000000000000000e+00) (4, 4, 5.00000000000000000000e-01) (0, 4, 0.00000000000000000000e+00) 
connections (connected_to_neuron, weight)=(0, -1.02869677168290980518e+01) (1, 2.97436179837974501439e+00) (2, -5.75221756175727905180e-01) (3, 3.24181876178914585296e+00) (4, 4.08374251998111503781e-01) (5, -1.07921447561509897817e+00) (6, 2.84169269258470347239e+00) (7, 1.14191804878596991912e+00) (8, 3.63605013317510383786e-01) (9, 3.40946349713918461788e+00) (10, 2.82091964686603358103e+00) (11, -1.13894124285705355959e+00) (0, -4.06727476840888968468e+00) (1, 2.08973566882551820001e+00) (2, -3.66704654232688054272e-01) (3, 1.56301857103287455963e+00) (4, -3.86695827129120039967e-01) (5, -5.96400465293164927516e-01) (6, 2.16450572126756801694e+00) (7, 5.79144019125470532749e-01) (8, -3.58417425588793747693e-01) (9, 9.92023756578279680696e-01) (10, 2.24280055725227489560e+00) (11, -6.19987505896325785670e-01) (0, -3.43579929343582435308e+00) (1, -8.44945604867909927371e-02) (2, -1.04623020659073495686e+00) (3, 8.97907911109768264168e+00) (4, -2.53573932161226700543e-01) (5, -2.48606339076759941253e-01) (6, 6.82610113133289786447e-01) (7, 1.14056370122421295576e+01) (8, -2.50729263236418198346e-01) (9, 2.31288596923457454579e+01) (10, 6.12339332203271524691e-01) (11, -4.55891634952785562707e-01) (12, 7.63644296889899276692e+00) (13, 3.80861769653934167934e+00) (14, 1.57776301948669073205e+00) (15, -1.88768482842054141635e+00) 
