FANN_FLO_2.1
num_layers=3
learning_rate=0.700000
connection_rate=1.000000
network_type=0
learning_momentum=0.000000
training_algorithm=2
train_error_function=1
train_stop_function=1
cascade_output_change_fraction=0.010000
quickprop_decay=-0.000100
quickprop_mu=1.750000
rprop_increase_factor=1.200000
rprop_decrease_factor=0.500000
rprop_delta_min=0.000000
rprop_delta_max=50.000000
rprop_delta_zero=0.100000
cascade_output_stagnation_epochs=12
cascade_candidate_change_fraction=0.010000
cascade_candidate_stagnation_epochs=12
cascade_max_out_epochs=150
cascade_min_out_epochs=50
cascade_max_cand_epochs=150
cascade_min_cand_epochs=50
cascade_num_candidate_groups=2
bit_fail_limit=1.00000000000000005551e-01
cascade_candidate_limit=1.00000000000000000000e+03
cascade_weight_multiplier=4.00000000000000022204e-01
cascade_activation_functions_count=10
cascade_activation_functions=3 5 7 8 10 11 14 15 16 17 
cascade_activation_steepnesses_count=4
cascade_activation_steepnesses=2.50000000000000000000e-01 5.00000000000000000000e-01 7.50000000000000000000e-01 1.00000000000000000000e+00 
layer_sizes=11 4 2 
scale_included=0
neurons (num_inputs, activation_function, activation_steepness)=(0, 0, 0.00000000000000000000e+00) (0, 0, 0.00000000000000000000e+00) (0, 0, 0.00000000000000000000e+00) (0, 0, 0.00000000000000000000e+00) (0, 0, 0.00000000000000000000e+00) (0, 0, 0.00000000000000000000e+00) (0, 0, 0.00000000000000000000e+00) (0, 0, 0.00000000000000000000e+00) (0, 0, 0.00000000000000000000e+00) (0, 0, 0.00000000000000000000e+00) (0, 0, 0.00000000000000000000e+00) (11, 6, 5.00000000000000000000e-01) (11, 6, 5.00000000000000000000e-01) (11, 6, 5.00000000000000000000e-01) (0, 6, 0.00000000000000000000e+00) (4, 4, 5.00000000000000000000e-01) (0, 4, 0.00000000000000000000e+00) 
connections (connected_to_neuron, weight)=(0, 1.14488957741442276550e+00) (1, -1.91489323816587964089e+00) (2, 1.51470915307398229510e-01) (3, 2.66625015439388823868e-01) (4, 7.73423659152413289775e-01) (5, -1.91490498028090039284e+00) (6, 2.30740888418552891892e-01) (7, 8.84201281353170887023e-01) (8, 4.20254690946934295059e-01) (9, -1.37087942315750166422e+00) (10, 1.13601529517355515075e+00) (0, -9.17491053378952980957e-01) (1, 1.93172621477775563470e+00) (2, 4.53828744909499481874e-01) (3, -8.04439148832765404951e-02) (4, -5.48492278709779679247e-01) (5, 1.88110850129656781426e+00) (6, -2.20114598163370034367e-01) (7, -4.94621138542897298418e-01) (8, -9.60743544401028576329e-02) (9, 2.27726039124604628938e+00) (10, -9.77079709208382496399e-01) (0, 1.16709243425312592102e+00) (1, -1.97734628460695782692e+00) (2, 1.31062344540949254901e-01) (3, 2.97640493513939452530e-01) (4, 7.17228161639595906962e-01) (5, -1.95719149551680127175e+00) (6, 4.24250616134998870255e-01) (7, 9.24694188519651905089e-01) (8, 2.50619067253468108536e-01) (9, -2.49272570725564923677e+00) (10, 1.15746424266281677795e+00) (11, -5.54771990587937757766e+00) (12, 1.27633216376888558585e+01) (13, -5.55699695160615370071e+00) (14, -4.99947767227894857012e-01) 
