FANN_FLO_2.1
num_layers=3
learning_rate=0.700000
connection_rate=1.000000
network_type=0
learning_momentum=0.000000
training_algorithm=2
train_error_function=1
train_stop_function=1
cascade_output_change_fraction=0.010000
quickprop_decay=-0.000100
quickprop_mu=1.750000
rprop_increase_factor=1.200000
rprop_decrease_factor=0.500000
rprop_delta_min=0.000000
rprop_delta_max=50.000000
rprop_delta_zero=0.100000
cascade_output_stagnation_epochs=12
cascade_candidate_change_fraction=0.010000
cascade_candidate_stagnation_epochs=12
cascade_max_out_epochs=150
cascade_min_out_epochs=50
cascade_max_cand_epochs=150
cascade_min_cand_epochs=50
cascade_num_candidate_groups=2
bit_fail_limit=1.00000000000000005551e-01
cascade_candidate_limit=1.00000000000000000000e+03
cascade_weight_multiplier=4.00000000000000022204e-01
cascade_activation_functions_count=10
cascade_activation_functions=3 5 7 8 10 11 14 15 16 17 
cascade_activation_steepnesses_count=4
cascade_activation_steepnesses=2.50000000000000000000e-01 5.00000000000000000000e-01 7.50000000000000000000e-01 1.00000000000000000000e+00 
layer_sizes=16 4 2 
scale_included=0
neurons (num_inputs, activation_function, activation_steepness)=(0, 0, 0.00000000000000000000e+00) (0, 0, 0.00000000000000000000e+00) (0, 0, 0.00000000000000000000e+00) (0, 0, 0.00000000000000000000e+00) (0, 0, 0.00000000000000000000e+00) (0, 0, 0.00000000000000000000e+00) (0, 0, 0.00000000000000000000e+00) (0, 0, 0.00000000000000000000e+00) (0, 0, 0.00000000000000000000e+00) (0, 0, 0.00000000000000000000e+00) (0, 0, 0.00000000000000000000e+00) (0, 0, 0.00000000000000000000e+00) (0, 0, 0.00000000000000000000e+00) (0, 0, 0.00000000000000000000e+00) (0, 0, 0.00000000000000000000e+00) (0, 0, 0.00000000000000000000e+00) (16, 6, 5.00000000000000000000e-01) (16, 6, 5.00000000000000000000e-01) (16, 6, 5.00000000000000000000e-01) (0, 6, 0.00000000000000000000e+00) (4, 4, 5.00000000000000000000e-01) (0, 4, 0.00000000000000000000e+00) 
connections (connected_to_neuron, weight)=(0, -2.59308879147034865298e+00) (1, 5.83194669326271686316e+00) (2, -1.04178345854760046052e+00) (3, -2.46486482093793135562e+00) (4, -1.39892917235157843159e+00) (5, -1.55350311209223623798e+00) (6, -1.00598523299575681733e+00) (7, -2.52074295351964217105e+00) (8, 5.86890713860716495276e+00) (9, -2.51151719013911467471e+00) (10, -3.34687727428362391535e-01) (11, -5.58648301848029493755e-01) (12, -1.19501844972109605436e+00) (13, -2.27836128318268560378e+00) (14, -9.56994474216448232085e-01) (15, 2.25656396448444596103e-01) (0, -7.82880125459442743896e-01) (1, 9.35540804489861765880e-01) (2, -1.51229775503565699868e-01) (3, -5.78292048699347360774e-01) (4, -2.21385612145354182534e-01) (5, -8.23359836959221547126e-02) (6, -9.45346644076604097906e-02) (7, -4.66307193291579713534e-01) (8, 9.74343249424706736583e-01) (9, -5.85027932352511270686e-01) (10, -6.63735628660927390321e-01) (11, -4.54210672778283586215e-01) (12, -4.51800223690663804721e-01) (13, -4.96919363987838258456e-01) (14, -4.96384822082911958407e-01) (15, 3.79298943671255370247e-02) (0, -8.25961149450550324858e-01) (1, 1.01181637841106475406e+00) (2, -6.74336869693485718713e-01) (3, -5.77751342631069642053e-01) (4, -7.13922359427222485984e-01) (5, -1.74919760408339425295e-01) (6, -6.18012205144175763571e-01) (7, -5.20015893084202929231e-01) (8, 9.43221356447945247226e-01) (9, -5.88498730636326294885e-01) (10, -6.39956658791310251111e-01) (11, -5.54108129394446535798e-01) (12, -4.14175079715643990053e-01) (13, -4.84349036169444191469e-01) (14, -3.83893133652602303041e-01) (15, 2.80214204695294122338e-01) (16, 5.84299239506449374915e+00) (17, 8.80089190193424020237e-01) (18, 2.26647942815285885487e+00) (19, -1.03169871160916443165e-01) 
