FANN_FLO_2.1
num_layers=3
learning_rate=0.700000
connection_rate=1.000000
network_type=0
learning_momentum=0.000000
training_algorithm=2
train_error_function=1
train_stop_function=1
cascade_output_change_fraction=0.010000
quickprop_decay=-0.000100
quickprop_mu=1.750000
rprop_increase_factor=1.200000
rprop_decrease_factor=0.500000
rprop_delta_min=0.000000
rprop_delta_max=50.000000
rprop_delta_zero=0.100000
cascade_output_stagnation_epochs=12
cascade_candidate_change_fraction=0.010000
cascade_candidate_stagnation_epochs=12
cascade_max_out_epochs=150
cascade_min_out_epochs=50
cascade_max_cand_epochs=150
cascade_min_cand_epochs=50
cascade_num_candidate_groups=2
bit_fail_limit=1.00000000000000005551e-01
cascade_candidate_limit=1.00000000000000000000e+03
cascade_weight_multiplier=4.00000000000000022204e-01
cascade_activation_functions_count=10
cascade_activation_functions=3 5 7 8 10 11 14 15 16 17 
cascade_activation_steepnesses_count=4
cascade_activation_steepnesses=2.50000000000000000000e-01 5.00000000000000000000e-01 7.50000000000000000000e-01 1.00000000000000000000e+00 
layer_sizes=7 4 2 
scale_included=0
neurons (num_inputs, activation_function, activation_steepness)=(0, 0, 0.00000000000000000000e+00) (0, 0, 0.00000000000000000000e+00) (0, 0, 0.00000000000000000000e+00) (0, 0, 0.00000000000000000000e+00) (0, 0, 0.00000000000000000000e+00) (0, 0, 0.00000000000000000000e+00) (0, 0, 0.00000000000000000000e+00) (7, 6, 5.00000000000000000000e-01) (7, 6, 5.00000000000000000000e-01) (7, 6, 5.00000000000000000000e-01) (0, 6, 0.00000000000000000000e+00) (4, 4, 5.00000000000000000000e-01) (0, 4, 0.00000000000000000000e+00) 
connections (connected_to_neuron, weight)=(0, 1.66038263688353238123e+00) (1, 1.81314946822874345500e+00) (2, 4.48220958006855418887e+00) (3, 2.95539798155031618876e+00) (4, 4.14998866723424253422e+00) (5, 2.08351428828436002760e+00) (6, -1.89065812890083462250e+00) (0, -1.44859042014835837087e+00) (1, -5.64802697271521325639e-01) (2, -4.53613525192759770022e-02) (3, -1.02115677626588685634e+00) (4, 1.52871207058799329914e+00) (5, -4.35975949486861968918e-01) (6, 1.56377379546703076940e+00) (0, -1.50451099868772986135e+00) (1, -6.35414345533068414262e-01) (2, -1.37040139542104588699e-01) (3, -1.01619276361325128200e+00) (4, 1.57972762272131506123e+00) (5, -3.86615473052631275497e-01) (6, 1.53278012131706109500e+00) (7, 1.73607857280927007082e+01) (8, -1.58329391661574465644e+01) (9, -1.07186432403128204527e+01) (10, -7.38903775810782481592e-01) 
