FANN_FLO_2.1
num_layers=3
learning_rate=0.700000
connection_rate=1.000000
network_type=0
learning_momentum=0.000000
training_algorithm=2
train_error_function=1
train_stop_function=1
cascade_output_change_fraction=0.010000
quickprop_decay=-0.000100
quickprop_mu=1.750000
rprop_increase_factor=1.200000
rprop_decrease_factor=0.500000
rprop_delta_min=0.000000
rprop_delta_max=50.000000
rprop_delta_zero=0.100000
cascade_output_stagnation_epochs=12
cascade_candidate_change_fraction=0.010000
cascade_candidate_stagnation_epochs=12
cascade_max_out_epochs=150
cascade_min_out_epochs=50
cascade_max_cand_epochs=150
cascade_min_cand_epochs=50
cascade_num_candidate_groups=2
bit_fail_limit=1.00000000000000005551e-01
cascade_candidate_limit=1.00000000000000000000e+03
cascade_weight_multiplier=4.00000000000000022204e-01
cascade_activation_functions_count=10
cascade_activation_functions=3 5 7 8 10 11 14 15 16 17 
cascade_activation_steepnesses_count=4
cascade_activation_steepnesses=2.50000000000000000000e-01 5.00000000000000000000e-01 7.50000000000000000000e-01 1.00000000000000000000e+00 
layer_sizes=15 4 2 
scale_included=0
neurons (num_inputs, activation_function, activation_steepness)=(0, 0, 0.00000000000000000000e+00) (0, 0, 0.00000000000000000000e+00) (0, 0, 0.00000000000000000000e+00) (0, 0, 0.00000000000000000000e+00) (0, 0, 0.00000000000000000000e+00) (0, 0, 0.00000000000000000000e+00) (0, 0, 0.00000000000000000000e+00) (0, 0, 0.00000000000000000000e+00) (0, 0, 0.00000000000000000000e+00) (0, 0, 0.00000000000000000000e+00) (0, 0, 0.00000000000000000000e+00) (0, 0, 0.00000000000000000000e+00) (0, 0, 0.00000000000000000000e+00) (0, 0, 0.00000000000000000000e+00) (0, 0, 0.00000000000000000000e+00) (15, 6, 5.00000000000000000000e-01) (15, 6, 5.00000000000000000000e-01) (15, 6, 5.00000000000000000000e-01) (0, 6, 0.00000000000000000000e+00) (4, 4, 5.00000000000000000000e-01) (0, 4, 0.00000000000000000000e+00) 
connections (connected_to_neuron, weight)=(0, 4.25359633848199880646e+00) (1, -3.99154905060766695968e+00) (2, -7.89397171297135602508e-01) (3, -8.23326327428413495824e-01) (4, -1.88502297729555134964e+00) (5, -3.99312364196491609292e+00) (6, -1.32742296671339576886e-01) (7, -2.16198933475274968075e+00) (8, -1.31310819806714274005e-01) (9, -4.11318210408470186223e+00) (10, -4.00707308679775842108e+00) (11, 1.27768114558561540761e+00) (12, 1.40947713475323421761e+00) (13, -2.19791413595477047593e+00) (14, 4.50751043440989729305e+00) (0, 4.40792539729852883568e+00) (1, -4.07737380097149237912e+00) (2, -4.43665037612613999407e-01) (3, -2.77037096192306586673e+00) (4, -1.93528188199106221390e+00) (5, -4.06471659129572504554e+00) (6, -5.54909293751236987191e-01) (7, -2.12848217391033145418e+00) (8, -2.10325523013479287471e+00) (9, -4.00842458278319391241e+00) (10, -3.21644619421656985381e+00) (11, 1.27569407574041582265e+00) (12, 1.40905148680902225777e+00) (13, -2.03402417650023359386e+00) (14, 4.48895949455193754574e+00) (0, -5.61734174169708846969e-02) (1, 8.07538902125543356370e-01) (2, 6.75817478204484789472e-01) (3, 3.77821330534460875228e+00) (4, 2.91532842432161221069e+00) (5, 1.23542182115541954168e+00) (6, 1.22073394576908383913e-01) (7, 1.40558299943134357157e+00) (8, 1.90337187530163043370e+00) (9, 9.75739782202784899923e-01) (10, 1.87907321134727283152e+01) (11, -1.19568535351343974149e+00) (12, -6.49314443203453173226e+00) (13, 8.70584010938063146412e-01) (14, -2.04280133567609628598e-01) (15, -1.39910247056889645023e+01) (16, -3.97186263193244641911e+01) (17, 1.38629378252699320129e+00) (18, -1.32131593766907395882e+00) 
