FANN_FLO_2.1
num_layers=3
learning_rate=0.700000
connection_rate=1.000000
network_type=0
learning_momentum=0.000000
training_algorithm=2
train_error_function=1
train_stop_function=1
cascade_output_change_fraction=0.010000
quickprop_decay=-0.000100
quickprop_mu=1.750000
rprop_increase_factor=1.200000
rprop_decrease_factor=0.500000
rprop_delta_min=0.000000
rprop_delta_max=50.000000
rprop_delta_zero=0.100000
cascade_output_stagnation_epochs=12
cascade_candidate_change_fraction=0.010000
cascade_candidate_stagnation_epochs=12
cascade_max_out_epochs=150
cascade_min_out_epochs=50
cascade_max_cand_epochs=150
cascade_min_cand_epochs=50
cascade_num_candidate_groups=2
bit_fail_limit=1.00000000000000005551e-01
cascade_candidate_limit=1.00000000000000000000e+03
cascade_weight_multiplier=4.00000000000000022204e-01
cascade_activation_functions_count=10
cascade_activation_functions=3 5 7 8 10 11 14 15 16 17 
cascade_activation_steepnesses_count=4
cascade_activation_steepnesses=2.50000000000000000000e-01 5.00000000000000000000e-01 7.50000000000000000000e-01 1.00000000000000000000e+00 
layer_sizes=12 4 2 
scale_included=0
neurons (num_inputs, activation_function, activation_steepness)=(0, 0, 0.00000000000000000000e+00) (0, 0, 0.00000000000000000000e+00) (0, 0, 0.00000000000000000000e+00) (0, 0, 0.00000000000000000000e+00) (0, 0, 0.00000000000000000000e+00) (0, 0, 0.00000000000000000000e+00) (0, 0, 0.00000000000000000000e+00) (0, 0, 0.00000000000000000000e+00) (0, 0, 0.00000000000000000000e+00) (0, 0, 0.00000000000000000000e+00) (0, 0, 0.00000000000000000000e+00) (0, 0, 0.00000000000000000000e+00) (12, 6, 5.00000000000000000000e-01) (12, 6, 5.00000000000000000000e-01) (12, 6, 5.00000000000000000000e-01) (0, 6, 0.00000000000000000000e+00) (4, 4, 5.00000000000000000000e-01) (0, 4, 0.00000000000000000000e+00) 
connections (connected_to_neuron, weight)=(0, -2.83094323965987282321e+00) (1, 3.00704588353416113478e+00) (2, 7.48032498319948779830e-01) (3, 4.53755373364488256982e+00) (4, -2.83046417518070358987e-01) (5, -2.18112822780266402134e+00) (6, 2.48240118870836967702e+00) (7, 3.26448554158689319138e+00) (8, 1.51409326108180875003e+00) (9, 2.58256651558441774341e+00) (10, 1.39228922063275573073e+00) (11, -3.27720010820271134833e+00) (0, -1.07866084824678210019e+00) (1, 2.45999547126135187369e+00) (2, 3.26684190767013327150e-01) (3, 1.32293488128949809912e+00) (4, -6.61617436520886004203e-01) (5, -1.21413917474388388662e+00) (6, 1.25840382541257023163e+00) (7, 1.36296174323791396965e+00) (8, 6.97341574741232372858e-01) (9, 2.33978749109445516297e+00) (10, 7.90977410992308893611e-01) (11, -8.86817670942600777551e-01) (0, -3.66893477803005574334e-01) (1, 2.13327025074703380270e+00) (2, 6.16906218692488267363e-02) (3, 2.07039588255355122559e-01) (4, -3.27030256955432807597e-01) (5, -3.07918377285732625115e-01) (6, 6.10952046196788112198e-01) (7, 6.76848249590281225707e-01) (8, 9.88876347204419969827e-01) (9, 9.89032441595414368862e+00) (10, 3.17251171852131308437e-01) (11, -3.65216054087414143670e-01) (12, 1.53141037995127771154e+01) (13, 1.51970584818339715660e+00) (14, 6.30322609643195530538e-01) (15, -2.32748650172606108555e+00) 
