FANN_FLO_2.1
num_layers=3
learning_rate=0.700000
connection_rate=1.000000
network_type=0
learning_momentum=0.000000
training_algorithm=2
train_error_function=1
train_stop_function=1
cascade_output_change_fraction=0.010000
quickprop_decay=-0.000100
quickprop_mu=1.750000
rprop_increase_factor=1.200000
rprop_decrease_factor=0.500000
rprop_delta_min=0.000000
rprop_delta_max=50.000000
rprop_delta_zero=0.100000
cascade_output_stagnation_epochs=12
cascade_candidate_change_fraction=0.010000
cascade_candidate_stagnation_epochs=12
cascade_max_out_epochs=150
cascade_min_out_epochs=50
cascade_max_cand_epochs=150
cascade_min_cand_epochs=50
cascade_num_candidate_groups=2
bit_fail_limit=1.00000000000000005551e-01
cascade_candidate_limit=1.00000000000000000000e+03
cascade_weight_multiplier=4.00000000000000022204e-01
cascade_activation_functions_count=10
cascade_activation_functions=3 5 7 8 10 11 14 15 16 17 
cascade_activation_steepnesses_count=4
cascade_activation_steepnesses=2.50000000000000000000e-01 5.00000000000000000000e-01 7.50000000000000000000e-01 1.00000000000000000000e+00 
layer_sizes=9 4 2 
scale_included=0
neurons (num_inputs, activation_function, activation_steepness)=(0, 0, 0.00000000000000000000e+00) (0, 0, 0.00000000000000000000e+00) (0, 0, 0.00000000000000000000e+00) (0, 0, 0.00000000000000000000e+00) (0, 0, 0.00000000000000000000e+00) (0, 0, 0.00000000000000000000e+00) (0, 0, 0.00000000000000000000e+00) (0, 0, 0.00000000000000000000e+00) (0, 0, 0.00000000000000000000e+00) (9, 6, 5.00000000000000000000e-01) (9, 6, 5.00000000000000000000e-01) (9, 6, 5.00000000000000000000e-01) (0, 6, 0.00000000000000000000e+00) (4, 4, 5.00000000000000000000e-01) (0, 4, 0.00000000000000000000e+00) 
connections (connected_to_neuron, weight)=(0, -5.97297855952951928238e-01) (1, 1.47544986311891457298e+00) (2, 4.73488368839349860195e-01) (3, 1.83107413757068560045e+00) (4, 1.36934843300462549820e+00) (5, 2.12646378902051269577e+00) (6, -9.74394793286172067326e-01) (7, -9.81904679707824246115e-01) (8, -1.98294703362871960195e+00) (0, 4.00040012805266531615e+00) (1, 7.25557344897148959184e-01) (2, 1.29906439356558212062e+00) (3, 1.99591008491323629315e+00) (4, 6.99677869959558274005e-01) (5, 7.65395248514633030901e-01) (6, -4.52679437467265466388e-01) (7, 2.61255445838000621706e+00) (8, 4.32332427982540767886e+00) (0, -6.99101594576809204362e-01) (1, 1.41979880188205620506e+00) (2, 4.02594909817304835720e-01) (3, 1.70032408493978537400e+00) (4, 1.40020060552836245193e+00) (5, 2.25457380292270093136e+00) (6, -9.53350662235366907993e-01) (7, -1.03874220865183963802e+00) (8, -1.80512096123001275494e+00) (9, 1.39447586187772316180e+02) (10, -1.22031728865596877931e+00) (11, 9.13715285359468154525e+00) (12, -1.19883780123684036134e+00) 
