FANN_FLO_2.1
num_layers=3
learning_rate=0.700000
connection_rate=1.000000
network_type=0
learning_momentum=0.000000
training_algorithm=2
train_error_function=1
train_stop_function=1
cascade_output_change_fraction=0.010000
quickprop_decay=-0.000100
quickprop_mu=1.750000
rprop_increase_factor=1.200000
rprop_decrease_factor=0.500000
rprop_delta_min=0.000000
rprop_delta_max=50.000000
rprop_delta_zero=0.100000
cascade_output_stagnation_epochs=12
cascade_candidate_change_fraction=0.010000
cascade_candidate_stagnation_epochs=12
cascade_max_out_epochs=150
cascade_min_out_epochs=50
cascade_max_cand_epochs=150
cascade_min_cand_epochs=50
cascade_num_candidate_groups=2
bit_fail_limit=1.00000000000000005551e-01
cascade_candidate_limit=1.00000000000000000000e+03
cascade_weight_multiplier=4.00000000000000022204e-01
cascade_activation_functions_count=10
cascade_activation_functions=3 5 7 8 10 11 14 15 16 17 
cascade_activation_steepnesses_count=4
cascade_activation_steepnesses=2.50000000000000000000e-01 5.00000000000000000000e-01 7.50000000000000000000e-01 1.00000000000000000000e+00 
layer_sizes=10 4 2 
scale_included=0
neurons (num_inputs, activation_function, activation_steepness)=(0, 0, 0.00000000000000000000e+00) (0, 0, 0.00000000000000000000e+00) (0, 0, 0.00000000000000000000e+00) (0, 0, 0.00000000000000000000e+00) (0, 0, 0.00000000000000000000e+00) (0, 0, 0.00000000000000000000e+00) (0, 0, 0.00000000000000000000e+00) (0, 0, 0.00000000000000000000e+00) (0, 0, 0.00000000000000000000e+00) (0, 0, 0.00000000000000000000e+00) (10, 6, 5.00000000000000000000e-01) (10, 6, 5.00000000000000000000e-01) (10, 6, 5.00000000000000000000e-01) (0, 6, 0.00000000000000000000e+00) (4, 4, 5.00000000000000000000e-01) (0, 4, 0.00000000000000000000e+00) 
connections (connected_to_neuron, weight)=(0, 1.31059143455599502737e+00) (1, -2.54527110664406963636e+00) (2, 4.22340988596690947166e-01) (3, 7.59002030836365082500e-01) (4, 6.93414093004486420391e-01) (5, 4.87545802673114592185e-01) (6, 2.17213934720567658498e-01) (7, 1.04692630141809184252e+00) (8, 6.25685520497381686411e-01) (9, 1.57639142416149269366e+00) (0, -1.07988947424721093427e+00) (1, 2.95595049347107741156e+00) (2, 4.42429148878865585726e-01) (3, -6.89523557769901929149e-01) (4, -8.83573079230316887900e-02) (5, 1.54061706027716627254e-01) (6, 2.62522251632027969759e-01) (7, -1.04599320683311791669e+00) (8, -7.10507104742176709422e-01) (9, -1.13905348423551888715e+00) (0, 1.29824996502970413381e+00) (1, -2.50667799322167628162e+00) (2, 3.43435089519037062278e-01) (3, 7.14763463484070160625e-01) (4, 7.61115611540100434063e-01) (5, 6.91101701008102753399e-01) (6, 2.89044162691644623830e-01) (7, 1.07548638105228144823e+00) (8, 7.32677690712034701548e-01) (9, 1.58069495402008186602e+00) (10, -3.62766149752219924096e+00) (11, 8.45659198405235734697e+00) (12, -3.63885900490363844995e+00) (13, -9.90553406809085656981e-01) 
