FANN_FLO_2.1
num_layers=3
learning_rate=0.700000
connection_rate=1.000000
network_type=0
learning_momentum=0.000000
training_algorithm=2
train_error_function=1
train_stop_function=1
cascade_output_change_fraction=0.010000
quickprop_decay=-0.000100
quickprop_mu=1.750000
rprop_increase_factor=1.200000
rprop_decrease_factor=0.500000
rprop_delta_min=0.000000
rprop_delta_max=50.000000
rprop_delta_zero=0.100000
cascade_output_stagnation_epochs=12
cascade_candidate_change_fraction=0.010000
cascade_candidate_stagnation_epochs=12
cascade_max_out_epochs=150
cascade_min_out_epochs=50
cascade_max_cand_epochs=150
cascade_min_cand_epochs=50
cascade_num_candidate_groups=2
bit_fail_limit=1.00000000000000005551e-01
cascade_candidate_limit=1.00000000000000000000e+03
cascade_weight_multiplier=4.00000000000000022204e-01
cascade_activation_functions_count=10
cascade_activation_functions=3 5 7 8 10 11 14 15 16 17 
cascade_activation_steepnesses_count=4
cascade_activation_steepnesses=2.50000000000000000000e-01 5.00000000000000000000e-01 7.50000000000000000000e-01 1.00000000000000000000e+00 
layer_sizes=10 4 2 
scale_included=0
neurons (num_inputs, activation_function, activation_steepness)=(0, 0, 0.00000000000000000000e+00) (0, 0, 0.00000000000000000000e+00) (0, 0, 0.00000000000000000000e+00) (0, 0, 0.00000000000000000000e+00) (0, 0, 0.00000000000000000000e+00) (0, 0, 0.00000000000000000000e+00) (0, 0, 0.00000000000000000000e+00) (0, 0, 0.00000000000000000000e+00) (0, 0, 0.00000000000000000000e+00) (0, 0, 0.00000000000000000000e+00) (10, 6, 5.00000000000000000000e-01) (10, 6, 5.00000000000000000000e-01) (10, 6, 5.00000000000000000000e-01) (0, 6, 0.00000000000000000000e+00) (4, 4, 5.00000000000000000000e-01) (0, 4, 0.00000000000000000000e+00) 
connections (connected_to_neuron, weight)=(0, 1.11295641786279055907e+01) (1, -5.79451232343735167518e+00) (2, -2.95662829127848958422e+00) (3, -2.50046994699061331247e+00) (4, -1.12118576893634935843e+00) (5, -1.35127638965463736653e+00) (6, -1.10124037841386956948e+00) (7, 4.27030831565951807249e+00) (8, 2.91123485862737840790e-01) (9, 4.90941041299629432615e+00) (0, -4.52927331031742053113e+00) (1, 4.00663218617024785573e+00) (2, 2.91526277860265414787e+00) (3, 2.70653558892112089396e+00) (4, 1.44588175138557284427e+00) (5, 1.09063305176673486230e+00) (6, 1.35088155886257021976e+00) (7, -9.20243984002481640871e-01) (8, 6.15272127871796414844e-01) (9, -4.50834199191513018690e+00) (0, -6.06017933929041907604e-01) (1, 1.22136192068643478770e+00) (2, 1.59478050127811599168e+00) (3, 7.24559171693143655446e-01) (4, 4.80019527308915616715e-01) (5, 2.03583113143098237696e-01) (6, 4.92832077982241101299e-01) (7, -1.36299799346624450624e-01) (8, 2.53167367765557649317e-01) (9, -9.42771418564736646273e-02) (10, -3.85504889613743984000e+00) (11, 2.99530284633022247931e+00) (12, 4.09778291184557608151e-01) (13, -1.49984837598337095166e+00) 
