FANN_FLO_2.1
num_layers=3
learning_rate=0.700000
connection_rate=1.000000
network_type=0
learning_momentum=0.000000
training_algorithm=2
train_error_function=1
train_stop_function=1
cascade_output_change_fraction=0.010000
quickprop_decay=-0.000100
quickprop_mu=1.750000
rprop_increase_factor=1.200000
rprop_decrease_factor=0.500000
rprop_delta_min=0.000000
rprop_delta_max=50.000000
rprop_delta_zero=0.100000
cascade_output_stagnation_epochs=12
cascade_candidate_change_fraction=0.010000
cascade_candidate_stagnation_epochs=12
cascade_max_out_epochs=150
cascade_min_out_epochs=50
cascade_max_cand_epochs=150
cascade_min_cand_epochs=50
cascade_num_candidate_groups=2
bit_fail_limit=1.00000000000000005551e-01
cascade_candidate_limit=1.00000000000000000000e+03
cascade_weight_multiplier=4.00000000000000022204e-01
cascade_activation_functions_count=10
cascade_activation_functions=3 5 7 8 10 11 14 15 16 17 
cascade_activation_steepnesses_count=4
cascade_activation_steepnesses=2.50000000000000000000e-01 5.00000000000000000000e-01 7.50000000000000000000e-01 1.00000000000000000000e+00 
layer_sizes=7 4 2 
scale_included=0
neurons (num_inputs, activation_function, activation_steepness)=(0, 0, 0.00000000000000000000e+00) (0, 0, 0.00000000000000000000e+00) (0, 0, 0.00000000000000000000e+00) (0, 0, 0.00000000000000000000e+00) (0, 0, 0.00000000000000000000e+00) (0, 0, 0.00000000000000000000e+00) (0, 0, 0.00000000000000000000e+00) (7, 6, 5.00000000000000000000e-01) (7, 6, 5.00000000000000000000e-01) (7, 6, 5.00000000000000000000e-01) (0, 6, 0.00000000000000000000e+00) (4, 4, 5.00000000000000000000e-01) (0, 4, 0.00000000000000000000e+00) 
connections (connected_to_neuron, weight)=(0, -2.36637368135429992932e+00) (1, 2.23120255412538881501e+00) (2, 2.63767294303231147889e-01) (3, 2.60826433090101872381e+00) (4, 1.81215673402600196962e-01) (5, 2.25959122673682921700e+00) (6, -2.34656640224434509534e+00) (0, -2.31779875316001549024e+00) (1, 2.31009870096954372798e+00) (2, 1.18532597268381545419e+00) (3, 3.16979241916877851892e+00) (4, 2.17803589717202095155e-01) (5, 2.40893355504684203439e+00) (6, -2.99200306006809446657e+00) (0, -1.97527672943700743913e-01) (1, 1.12140880271027754134e+00) (2, 5.07401187002697540152e-01) (3, 1.14999176859364293790e+00) (4, 4.25091131067977023861e-01) (5, 8.78782317532952994554e-01) (6, -3.54741508739207012102e-01) (7, 9.91122159856996987060e+00) (8, 4.63963380790878954230e+00) (9, 7.25312407214187215843e-01) (10, -1.16393071719336904657e+00) 
