FANN_FLO_2.1
num_layers=3
learning_rate=0.700000
connection_rate=1.000000
network_type=0
learning_momentum=0.000000
training_algorithm=2
train_error_function=1
train_stop_function=1
cascade_output_change_fraction=0.010000
quickprop_decay=-0.000100
quickprop_mu=1.750000
rprop_increase_factor=1.200000
rprop_decrease_factor=0.500000
rprop_delta_min=0.000000
rprop_delta_max=50.000000
rprop_delta_zero=0.100000
cascade_output_stagnation_epochs=12
cascade_candidate_change_fraction=0.010000
cascade_candidate_stagnation_epochs=12
cascade_max_out_epochs=150
cascade_min_out_epochs=50
cascade_max_cand_epochs=150
cascade_min_cand_epochs=50
cascade_num_candidate_groups=2
bit_fail_limit=1.00000000000000005551e-01
cascade_candidate_limit=1.00000000000000000000e+03
cascade_weight_multiplier=4.00000000000000022204e-01
cascade_activation_functions_count=10
cascade_activation_functions=3 5 7 8 10 11 14 15 16 17 
cascade_activation_steepnesses_count=4
cascade_activation_steepnesses=2.50000000000000000000e-01 5.00000000000000000000e-01 7.50000000000000000000e-01 1.00000000000000000000e+00 
layer_sizes=10 4 2 
scale_included=0
neurons (num_inputs, activation_function, activation_steepness)=(0, 0, 0.00000000000000000000e+00) (0, 0, 0.00000000000000000000e+00) (0, 0, 0.00000000000000000000e+00) (0, 0, 0.00000000000000000000e+00) (0, 0, 0.00000000000000000000e+00) (0, 0, 0.00000000000000000000e+00) (0, 0, 0.00000000000000000000e+00) (0, 0, 0.00000000000000000000e+00) (0, 0, 0.00000000000000000000e+00) (0, 0, 0.00000000000000000000e+00) (10, 6, 5.00000000000000000000e-01) (10, 6, 5.00000000000000000000e-01) (10, 6, 5.00000000000000000000e-01) (0, 6, 0.00000000000000000000e+00) (4, 4, 5.00000000000000000000e-01) (0, 4, 0.00000000000000000000e+00) 
connections (connected_to_neuron, weight)=(0, 1.39900859782765873973e+00) (1, -3.85621856363072668117e+00) (2, 1.85364120229717849186e-01) (3, 1.55549180845092305248e+00) (4, 5.92796569805388640084e-01) (5, 6.07612794380431364694e-01) (6, 8.68177586800933598354e-01) (7, 7.20933498929982374825e-01) (8, 5.92703109722380827584e-01) (9, 1.57723108271430501048e+00) (0, -1.17107909444823937717e-03) (1, 3.86027660532205607602e-01) (2, 2.34027167012121312117e-01) (3, -7.33278479087362544675e-02) (4, 8.60966291437152142496e-02) (5, 1.96734927237987827775e-01) (6, 3.86156234667607289879e-02) (7, 3.05949967513087575655e-02) (8, 1.55420891583919834611e-01) (9, -2.47127699348968082882e-01) (0, 1.55346344748805531566e+00) (1, -3.83222618909135137599e+00) (2, 2.84086309894558519673e-01) (3, 1.40335455874274717125e+00) (4, 5.78704731654172133126e-01) (5, 6.56506808589940260568e-01) (6, 1.00438185185897466134e+00) (7, 6.26013698171620558419e-01) (8, 5.63218908499722670236e-01) (9, 1.49565355817149647777e+00) (10, -6.84740488265454239070e+00) (11, 8.00375203516129785086e-01) (12, -6.85782379318773216426e+00) (13, -1.09200406572865960086e+00) 
