FANN_FLO_2.1
num_layers=3
learning_rate=0.700000
connection_rate=1.000000
network_type=0
learning_momentum=0.000000
training_algorithm=2
train_error_function=1
train_stop_function=1
cascade_output_change_fraction=0.010000
quickprop_decay=-0.000100
quickprop_mu=1.750000
rprop_increase_factor=1.200000
rprop_decrease_factor=0.500000
rprop_delta_min=0.000000
rprop_delta_max=50.000000
rprop_delta_zero=0.100000
cascade_output_stagnation_epochs=12
cascade_candidate_change_fraction=0.010000
cascade_candidate_stagnation_epochs=12
cascade_max_out_epochs=150
cascade_min_out_epochs=50
cascade_max_cand_epochs=150
cascade_min_cand_epochs=50
cascade_num_candidate_groups=2
bit_fail_limit=1.00000000000000005551e-01
cascade_candidate_limit=1.00000000000000000000e+03
cascade_weight_multiplier=4.00000000000000022204e-01
cascade_activation_functions_count=10
cascade_activation_functions=3 5 7 8 10 11 14 15 16 17 
cascade_activation_steepnesses_count=4
cascade_activation_steepnesses=2.50000000000000000000e-01 5.00000000000000000000e-01 7.50000000000000000000e-01 1.00000000000000000000e+00 
layer_sizes=12 4 2 
scale_included=0
neurons (num_inputs, activation_function, activation_steepness)=(0, 0, 0.00000000000000000000e+00) (0, 0, 0.00000000000000000000e+00) (0, 0, 0.00000000000000000000e+00) (0, 0, 0.00000000000000000000e+00) (0, 0, 0.00000000000000000000e+00) (0, 0, 0.00000000000000000000e+00) (0, 0, 0.00000000000000000000e+00) (0, 0, 0.00000000000000000000e+00) (0, 0, 0.00000000000000000000e+00) (0, 0, 0.00000000000000000000e+00) (0, 0, 0.00000000000000000000e+00) (0, 0, 0.00000000000000000000e+00) (12, 6, 5.00000000000000000000e-01) (12, 6, 5.00000000000000000000e-01) (12, 6, 5.00000000000000000000e-01) (0, 6, 0.00000000000000000000e+00) (4, 4, 5.00000000000000000000e-01) (0, 4, 0.00000000000000000000e+00) 
connections (connected_to_neuron, weight)=(0, -1.50814698584583029017e+00) (1, 2.86935081521732637810e+00) (2, -4.55064762060726990534e-01) (3, 6.11714773974163850134e-01) (4, -1.34927499987390264735e+00) (5, -1.51184862055089697108e+00) (6, 2.82084948758346865105e+00) (7, 8.78173024262897672365e-01) (8, -3.22117620339033461363e-01) (9, 1.00738817927621493453e+00) (10, -3.06023371516345843446e-01) (11, 1.47793566982871993343e-01) (0, -4.17849655717037293812e+00) (1, 7.15295719854240807933e+00) (2, -5.15799735079401910909e-01) (3, 2.13306884518580108789e+00) (4, -7.06688505164986047191e+00) (5, -4.20941030874274346729e+00) (6, 7.02659498654013070507e+00) (7, 2.62494950485984102073e+00) (8, -1.23119986576693674074e+00) (9, 1.89464873057130334111e-01) (10, -4.04144376331896926224e-01) (11, 3.46936121310125133999e-01) (0, -6.07178894825090353926e-01) (1, 1.24061240847936260501e+00) (2, -1.61353198545566373090e-01) (3, 3.49887224001135033191e-01) (4, -1.00164116342893194656e+00) (5, -1.06193286349406790237e+00) (6, 1.28374416973224270144e+00) (7, 3.94663889904676712383e-01) (8, -1.01418680317854573159e-01) (9, -7.31182010118944514243e-02) (10, -2.85969480382684770881e-01) (11, 1.20919166899741220567e-01) (12, 9.54315596254058928771e-01) (13, 7.16760933153038415355e+00) (14, 2.82656324843628237176e+00) (15, -1.64469729837583705789e-01) 
