FANN_FLO_2.1
num_layers=3
learning_rate=0.700000
connection_rate=1.000000
network_type=0
learning_momentum=0.000000
training_algorithm=2
train_error_function=1
train_stop_function=1
cascade_output_change_fraction=0.010000
quickprop_decay=-0.000100
quickprop_mu=1.750000
rprop_increase_factor=1.200000
rprop_decrease_factor=0.500000
rprop_delta_min=0.000000
rprop_delta_max=50.000000
rprop_delta_zero=0.100000
cascade_output_stagnation_epochs=12
cascade_candidate_change_fraction=0.010000
cascade_candidate_stagnation_epochs=12
cascade_max_out_epochs=150
cascade_min_out_epochs=50
cascade_max_cand_epochs=150
cascade_min_cand_epochs=50
cascade_num_candidate_groups=2
bit_fail_limit=1.00000000000000005551e-01
cascade_candidate_limit=1.00000000000000000000e+03
cascade_weight_multiplier=4.00000000000000022204e-01
cascade_activation_functions_count=10
cascade_activation_functions=3 5 7 8 10 11 14 15 16 17 
cascade_activation_steepnesses_count=4
cascade_activation_steepnesses=2.50000000000000000000e-01 5.00000000000000000000e-01 7.50000000000000000000e-01 1.00000000000000000000e+00 
layer_sizes=11 4 2 
scale_included=0
neurons (num_inputs, activation_function, activation_steepness)=(0, 0, 0.00000000000000000000e+00) (0, 0, 0.00000000000000000000e+00) (0, 0, 0.00000000000000000000e+00) (0, 0, 0.00000000000000000000e+00) (0, 0, 0.00000000000000000000e+00) (0, 0, 0.00000000000000000000e+00) (0, 0, 0.00000000000000000000e+00) (0, 0, 0.00000000000000000000e+00) (0, 0, 0.00000000000000000000e+00) (0, 0, 0.00000000000000000000e+00) (0, 0, 0.00000000000000000000e+00) (11, 6, 5.00000000000000000000e-01) (11, 6, 5.00000000000000000000e-01) (11, 6, 5.00000000000000000000e-01) (0, 6, 0.00000000000000000000e+00) (4, 4, 5.00000000000000000000e-01) (0, 4, 0.00000000000000000000e+00) 
connections (connected_to_neuron, weight)=(0, 1.78988633171298872071e-01) (1, -1.63207627658784937275e+00) (2, -3.11208994840220416755e-02) (3, 1.30216926555001919624e-02) (4, 1.43593817546280066999e+00) (5, -1.05739966655009665075e+00) (6, -2.18006051406266415649e-01) (7, -9.70210135203888435207e-01) (8, -3.06169501493075757459e-01) (9, 2.17483083658270015537e-01) (10, 8.83574162542098306972e-01) (0, -1.36036972675042200365e+00) (1, 3.73466824708801903299e+00) (2, 3.00155505877268691250e+00) (3, 4.77238548875646984015e-02) (4, 4.32634138336717932738e-01) (5, 3.79928760791734099200e+00) (6, 4.57213053264014757104e+00) (7, 4.02055195193270176190e+00) (8, 2.64277553391081188039e+00) (9, 2.94852317763806104356e-01) (10, -4.23101492535942824702e+00) (0, -1.33402504000382471361e+00) (1, 3.78682427076918282083e+00) (2, 3.10913485627902019814e+00) (3, 6.81769130707579051887e-02) (4, 4.92368758490621782897e-01) (5, 3.75479981864407896808e+00) (6, 4.53375245787494218774e+00) (7, 3.85764936577061368084e+00) (8, 2.74178500306230876760e+00) (9, -1.29413531834855016767e-01) (10, -4.23083208066099913935e+00) (11, -3.85320045511058584253e+00) (12, 9.24617039160612286253e+00) (13, 5.09639278233412618135e+00) (14, -1.27685757368532137868e+00) 
