FANN_FLO_2.1
num_layers=3
learning_rate=0.700000
connection_rate=1.000000
network_type=0
learning_momentum=0.000000
training_algorithm=2
train_error_function=1
train_stop_function=1
cascade_output_change_fraction=0.010000
quickprop_decay=-0.000100
quickprop_mu=1.750000
rprop_increase_factor=1.200000
rprop_decrease_factor=0.500000
rprop_delta_min=0.000000
rprop_delta_max=50.000000
rprop_delta_zero=0.100000
cascade_output_stagnation_epochs=12
cascade_candidate_change_fraction=0.010000
cascade_candidate_stagnation_epochs=12
cascade_max_out_epochs=150
cascade_min_out_epochs=50
cascade_max_cand_epochs=150
cascade_min_cand_epochs=50
cascade_num_candidate_groups=2
bit_fail_limit=1.00000000000000005551e-01
cascade_candidate_limit=1.00000000000000000000e+03
cascade_weight_multiplier=4.00000000000000022204e-01
cascade_activation_functions_count=10
cascade_activation_functions=3 5 7 8 10 11 14 15 16 17 
cascade_activation_steepnesses_count=4
cascade_activation_steepnesses=2.50000000000000000000e-01 5.00000000000000000000e-01 7.50000000000000000000e-01 1.00000000000000000000e+00 
layer_sizes=7 4 2 
scale_included=0
neurons (num_inputs, activation_function, activation_steepness)=(0, 0, 0.00000000000000000000e+00) (0, 0, 0.00000000000000000000e+00) (0, 0, 0.00000000000000000000e+00) (0, 0, 0.00000000000000000000e+00) (0, 0, 0.00000000000000000000e+00) (0, 0, 0.00000000000000000000e+00) (0, 0, 0.00000000000000000000e+00) (7, 6, 5.00000000000000000000e-01) (7, 6, 5.00000000000000000000e-01) (7, 6, 5.00000000000000000000e-01) (0, 6, 0.00000000000000000000e+00) (4, 4, 5.00000000000000000000e-01) (0, 4, 0.00000000000000000000e+00) 
connections (connected_to_neuron, weight)=(0, 1.15820348181189891612e+00) (1, 2.08881222898764606910e+00) (2, 1.30818193552421946357e+00) (3, 4.71854547523570588830e-01) (4, 1.59636971641596603355e+00) (5, 1.36735168860730826879e+00) (6, -1.64661234241441767345e+00) (0, 1.11676315509142276561e+00) (1, 2.09746110136313435035e+00) (2, 1.32049174008297343086e+00) (3, 3.57519070171428143823e-01) (4, 1.66939436931427764854e+00) (5, 1.33418055640039145970e+00) (6, -1.61099148910955469738e+00) (0, -2.45437953442211664878e+00) (1, -9.01467502346114724077e-01) (2, -4.19262051286269255002e-01) (3, -4.56285283903247573800e-01) (4, -2.29661745785368270889e-01) (5, -1.21592303259471257171e+00) (6, 2.27011586491934558296e+00) (7, 2.10807021136271224293e+01) (8, 1.26007825822522647741e+01) (9, -1.02992504857576196997e+01) (10, -1.58654299747661675646e+00) 
