FANN_FLO_2.1
num_layers=3
learning_rate=0.700000
connection_rate=1.000000
network_type=0
learning_momentum=0.000000
training_algorithm=2
train_error_function=1
train_stop_function=1
cascade_output_change_fraction=0.010000
quickprop_decay=-0.000100
quickprop_mu=1.750000
rprop_increase_factor=1.200000
rprop_decrease_factor=0.500000
rprop_delta_min=0.000000
rprop_delta_max=50.000000
rprop_delta_zero=0.100000
cascade_output_stagnation_epochs=12
cascade_candidate_change_fraction=0.010000
cascade_candidate_stagnation_epochs=12
cascade_max_out_epochs=150
cascade_min_out_epochs=50
cascade_max_cand_epochs=150
cascade_min_cand_epochs=50
cascade_num_candidate_groups=2
bit_fail_limit=1.00000000000000005551e-01
cascade_candidate_limit=1.00000000000000000000e+03
cascade_weight_multiplier=4.00000000000000022204e-01
cascade_activation_functions_count=10
cascade_activation_functions=3 5 7 8 10 11 14 15 16 17 
cascade_activation_steepnesses_count=4
cascade_activation_steepnesses=2.50000000000000000000e-01 5.00000000000000000000e-01 7.50000000000000000000e-01 1.00000000000000000000e+00 
layer_sizes=16 4 2 
scale_included=0
neurons (num_inputs, activation_function, activation_steepness)=(0, 0, 0.00000000000000000000e+00) (0, 0, 0.00000000000000000000e+00) (0, 0, 0.00000000000000000000e+00) (0, 0, 0.00000000000000000000e+00) (0, 0, 0.00000000000000000000e+00) (0, 0, 0.00000000000000000000e+00) (0, 0, 0.00000000000000000000e+00) (0, 0, 0.00000000000000000000e+00) (0, 0, 0.00000000000000000000e+00) (0, 0, 0.00000000000000000000e+00) (0, 0, 0.00000000000000000000e+00) (0, 0, 0.00000000000000000000e+00) (0, 0, 0.00000000000000000000e+00) (0, 0, 0.00000000000000000000e+00) (0, 0, 0.00000000000000000000e+00) (0, 0, 0.00000000000000000000e+00) (16, 6, 5.00000000000000000000e-01) (16, 6, 5.00000000000000000000e-01) (16, 6, 5.00000000000000000000e-01) (0, 6, 0.00000000000000000000e+00) (4, 4, 5.00000000000000000000e-01) (0, 4, 0.00000000000000000000e+00) 
connections (connected_to_neuron, weight)=(0, -8.21569089447172440366e-01) (1, 4.25559405098116538824e+00) (2, -5.68426749558359478698e-01) (3, -4.92650790960699469512e-01) (4, -4.86339374334722907012e-01) (5, -4.83970894367605597441e-01) (6, 4.19366827467835090459e+00) (7, -1.92601438450104867073e+00) (8, -5.82045777590185497985e-01) (9, 4.11740907142317436040e+00) (10, -1.36317215542601077871e+00) (11, -4.93412225396543890898e-01) (12, -5.28830378205687012816e-01) (13, -1.23367341290520160513e+00) (14, -1.81214656146652353108e+00) (15, -1.50080335697394123828e-02) (0, -3.78995374874031654144e+00) (1, 1.05918715915844412478e+01) (2, -1.56982312526990241963e+00) (3, -1.33965759030830922072e+00) (4, -1.23749042353880489564e+00) (5, -2.67467249365233161740e+00) (6, 1.04236085063979597720e+01) (7, -3.01429421033047439948e+00) (8, -1.24793514660847271180e+00) (9, 1.04832477144167395267e+01) (10, -1.70384838967690699363e+00) (11, -2.73089101345919349484e+00) (12, -1.54226964142609901387e+00) (13, -1.67364935367474743089e+00) (14, -2.89655924166821243659e+00) (15, -1.60678953082732522972e+00) (0, 3.95062419054663305218e+00) (1, -7.42504468126139549611e+00) (2, 1.79843091459817450151e+00) (3, 8.15728365107215136476e-01) (4, 1.70515454055614035234e+00) (5, 3.49703048720580689235e+00) (6, -7.43622601343235878346e+00) (7, 3.79496721562368044545e+00) (8, 2.37849972063954373525e+00) (9, -7.42067142886958031056e+00) (10, 2.81578049091672122373e+00) (11, 3.64431948020679108424e+00) (12, 2.35094159508402844594e+00) (13, 2.77808163343047365146e+00) (14, 3.81880256172639498402e+00) (15, 5.05255694562732116104e-01) (16, 1.82462753831894497480e+00) (17, 2.11435894308359761951e+00) (18, -4.55294080451882088312e+00) (19, 2.54674267034622758832e-01) 
