FANN_FLO_2.1
num_layers=3
learning_rate=0.700000
connection_rate=1.000000
network_type=0
learning_momentum=0.000000
training_algorithm=2
train_error_function=1
train_stop_function=1
cascade_output_change_fraction=0.010000
quickprop_decay=-0.000100
quickprop_mu=1.750000
rprop_increase_factor=1.200000
rprop_decrease_factor=0.500000
rprop_delta_min=0.000000
rprop_delta_max=50.000000
rprop_delta_zero=0.100000
cascade_output_stagnation_epochs=12
cascade_candidate_change_fraction=0.010000
cascade_candidate_stagnation_epochs=12
cascade_max_out_epochs=150
cascade_min_out_epochs=50
cascade_max_cand_epochs=150
cascade_min_cand_epochs=50
cascade_num_candidate_groups=2
bit_fail_limit=1.00000000000000005551e-01
cascade_candidate_limit=1.00000000000000000000e+03
cascade_weight_multiplier=4.00000000000000022204e-01
cascade_activation_functions_count=10
cascade_activation_functions=3 5 7 8 10 11 14 15 16 17 
cascade_activation_steepnesses_count=4
cascade_activation_steepnesses=2.50000000000000000000e-01 5.00000000000000000000e-01 7.50000000000000000000e-01 1.00000000000000000000e+00 
layer_sizes=12 4 2 
scale_included=0
neurons (num_inputs, activation_function, activation_steepness)=(0, 0, 0.00000000000000000000e+00) (0, 0, 0.00000000000000000000e+00) (0, 0, 0.00000000000000000000e+00) (0, 0, 0.00000000000000000000e+00) (0, 0, 0.00000000000000000000e+00) (0, 0, 0.00000000000000000000e+00) (0, 0, 0.00000000000000000000e+00) (0, 0, 0.00000000000000000000e+00) (0, 0, 0.00000000000000000000e+00) (0, 0, 0.00000000000000000000e+00) (0, 0, 0.00000000000000000000e+00) (0, 0, 0.00000000000000000000e+00) (12, 6, 5.00000000000000000000e-01) (12, 6, 5.00000000000000000000e-01) (12, 6, 5.00000000000000000000e-01) (0, 6, 0.00000000000000000000e+00) (4, 4, 5.00000000000000000000e-01) (0, 4, 0.00000000000000000000e+00) 
connections (connected_to_neuron, weight)=(0, -2.14274259790491150568e+00) (1, 3.59080229382815563355e+00) (2, -6.47817157555336253782e-02) (3, -3.01658116380693397396e-01) (4, -8.50831040668187044140e-01) (5, -2.14672289177488373468e+00) (6, -2.08008458599161194513e+00) (7, -4.51940728353283804886e-01) (8, -2.05088655039381073664e+00) (9, 3.60509223919215404663e+00) (10, -1.54591248629919242319e+00) (11, -1.50278477296901719074e-01) (0, -3.27062561159684128675e-01) (1, 7.04156559677675430997e-01) (2, -1.38518578951434129243e-01) (3, -4.16759523234918827228e-01) (4, 5.70906742771356140453e-02) (5, -4.04560170119359019392e-01) (6, -3.64530286734654429548e-01) (7, -4.77802565756457880974e-02) (8, -1.23884105204397243494e-01) (9, 6.72525238962724869474e-01) (10, -3.78067105060173991316e-01) (11, -5.29381378534474547615e-03) (0, -3.55584878723921971044e+00) (1, 3.67914969902339183960e+00) (2, -5.99018387842888272443e-02) (3, -2.62456253270627937191e-01) (4, -7.84180501031575105664e-01) (5, -2.13232990860652016352e+00) (6, -2.06844636931728409479e+00) (7, -6.06251960622094077102e-01) (8, -1.64147394545896929685e+00) (9, 3.71378663610520565186e+00) (10, -1.54608593581548880991e+00) (11, -4.58998738981018367111e-02) (12, 3.50592960487904736766e+00) (13, 1.32729260847202379381e+00) (14, 3.51800476085248181590e+00) (15, -4.61700784937269403940e-01) 
