FANN_FLO_2.1
num_layers=3
learning_rate=0.700000
connection_rate=1.000000
network_type=0
learning_momentum=0.000000
training_algorithm=2
train_error_function=1
train_stop_function=1
cascade_output_change_fraction=0.010000
quickprop_decay=-0.000100
quickprop_mu=1.750000
rprop_increase_factor=1.200000
rprop_decrease_factor=0.500000
rprop_delta_min=0.000000
rprop_delta_max=50.000000
rprop_delta_zero=0.100000
cascade_output_stagnation_epochs=12
cascade_candidate_change_fraction=0.010000
cascade_candidate_stagnation_epochs=12
cascade_max_out_epochs=150
cascade_min_out_epochs=50
cascade_max_cand_epochs=150
cascade_min_cand_epochs=50
cascade_num_candidate_groups=2
bit_fail_limit=1.00000000000000005551e-01
cascade_candidate_limit=1.00000000000000000000e+03
cascade_weight_multiplier=4.00000000000000022204e-01
cascade_activation_functions_count=10
cascade_activation_functions=3 5 7 8 10 11 14 15 16 17 
cascade_activation_steepnesses_count=4
cascade_activation_steepnesses=2.50000000000000000000e-01 5.00000000000000000000e-01 7.50000000000000000000e-01 1.00000000000000000000e+00 
layer_sizes=10 4 2 
scale_included=0
neurons (num_inputs, activation_function, activation_steepness)=(0, 0, 0.00000000000000000000e+00) (0, 0, 0.00000000000000000000e+00) (0, 0, 0.00000000000000000000e+00) (0, 0, 0.00000000000000000000e+00) (0, 0, 0.00000000000000000000e+00) (0, 0, 0.00000000000000000000e+00) (0, 0, 0.00000000000000000000e+00) (0, 0, 0.00000000000000000000e+00) (0, 0, 0.00000000000000000000e+00) (0, 0, 0.00000000000000000000e+00) (10, 6, 5.00000000000000000000e-01) (10, 6, 5.00000000000000000000e-01) (10, 6, 5.00000000000000000000e-01) (0, 6, 0.00000000000000000000e+00) (4, 4, 5.00000000000000000000e-01) (0, 4, 0.00000000000000000000e+00) 
connections (connected_to_neuron, weight)=(0, -1.09806740447221967694e-01) (1, 3.43998473334420462599e-01) (2, 9.83045641109573486993e-01) (3, -2.80108155046566387192e-01) (4, -2.28251077983320171949e-01) (5, -5.71530841326121363810e-02) (6, 1.23782671095426111130e+00) (7, -9.37844298815135174463e-02) (8, 3.96799093342435904574e-02) (9, -6.98872141575221095255e-02) (0, 1.76331614814180159811e+00) (1, -2.17396415840987655699e+00) (2, -1.61966427574757787511e+00) (3, 1.14084099203925526389e+00) (4, 1.15616805077176487693e+00) (5, 1.64919389895576262717e+00) (6, -1.95743718193457505450e+00) (7, 1.21086428698642190049e+00) (8, 1.61988258845585608725e+00) (9, 8.84512518688261528688e-01) (0, -1.82368380679973496328e+00) (1, 1.59312227695786678972e+00) (2, 2.81574368678709641145e+00) (3, -1.86113663866409195791e+00) (4, -1.84226618065723313222e+00) (5, -1.94346853449233902822e+00) (6, 2.92980956115504875825e+00) (7, -1.95644959910997284780e+00) (8, -1.97053551777490509878e+00) (9, -5.32966832741624152447e-01) (10, 1.49294554257262873653e-01) (11, -6.99997788459546743667e+00) (12, 7.46985287994087787666e+00) (13, -1.46462650505181413152e+00) 
