FANN_FLO_2.1
num_layers=3
learning_rate=0.700000
connection_rate=1.000000
network_type=0
learning_momentum=0.000000
training_algorithm=2
train_error_function=1
train_stop_function=1
cascade_output_change_fraction=0.010000
quickprop_decay=-0.000100
quickprop_mu=1.750000
rprop_increase_factor=1.200000
rprop_decrease_factor=0.500000
rprop_delta_min=0.000000
rprop_delta_max=50.000000
rprop_delta_zero=0.100000
cascade_output_stagnation_epochs=12
cascade_candidate_change_fraction=0.010000
cascade_candidate_stagnation_epochs=12
cascade_max_out_epochs=150
cascade_min_out_epochs=50
cascade_max_cand_epochs=150
cascade_min_cand_epochs=50
cascade_num_candidate_groups=2
bit_fail_limit=1.00000000000000005551e-01
cascade_candidate_limit=1.00000000000000000000e+03
cascade_weight_multiplier=4.00000000000000022204e-01
cascade_activation_functions_count=10
cascade_activation_functions=3 5 7 8 10 11 14 15 16 17 
cascade_activation_steepnesses_count=4
cascade_activation_steepnesses=2.50000000000000000000e-01 5.00000000000000000000e-01 7.50000000000000000000e-01 1.00000000000000000000e+00 
layer_sizes=10 4 2 
scale_included=0
neurons (num_inputs, activation_function, activation_steepness)=(0, 0, 0.00000000000000000000e+00) (0, 0, 0.00000000000000000000e+00) (0, 0, 0.00000000000000000000e+00) (0, 0, 0.00000000000000000000e+00) (0, 0, 0.00000000000000000000e+00) (0, 0, 0.00000000000000000000e+00) (0, 0, 0.00000000000000000000e+00) (0, 0, 0.00000000000000000000e+00) (0, 0, 0.00000000000000000000e+00) (0, 0, 0.00000000000000000000e+00) (10, 6, 5.00000000000000000000e-01) (10, 6, 5.00000000000000000000e-01) (10, 6, 5.00000000000000000000e-01) (0, 6, 0.00000000000000000000e+00) (4, 4, 5.00000000000000000000e-01) (0, 4, 0.00000000000000000000e+00) 
connections (connected_to_neuron, weight)=(0, -2.65282887365790420731e-01) (1, 3.77359700079554938323e-01) (2, 3.39967500858941873432e+00) (3, -2.48181100320924961922e-02) (4, -3.15314281132193618973e-01) (5, -2.62590381648512893875e-01) (6, 3.59956293653683090383e+00) (7, -1.86539123518477845121e-01) (8, -6.23690511417497803204e-02) (9, 1.72249684213453851944e-01) (0, -1.01703627887687497733e+00) (1, 9.00519525552189836759e-01) (2, 1.09426372863837340077e+00) (3, -6.14003311663883569183e-02) (4, -6.24941281818820693061e-01) (5, -5.82407531111214127328e-01) (6, 1.29937409899614175757e+00) (7, -1.37327618506552562305e-01) (8, -3.32076569971522794766e-01) (9, -1.15867917247492235866e-01) (0, 1.10047875191252786387e+00) (1, -1.54847871605195819278e+00) (2, -1.82136605809402629674e+00) (3, 9.84200163140707684484e-01) (4, 1.00392576431384505931e+00) (5, 1.05313324029725152720e+00) (6, -1.97362088598880003332e+00) (7, 9.27573068647591147950e-01) (8, 1.00304816509764727073e+00) (9, 1.13523095692675668467e+00) (10, 2.09687706408458379714e-01) (11, 2.32215513822988794956e+00) (12, -2.24875928797729933706e+01) (13, -4.52436756579890686503e-01) 
