FANN_FLO_2.1
num_layers=3
learning_rate=0.700000
connection_rate=1.000000
network_type=0
learning_momentum=0.000000
training_algorithm=2
train_error_function=1
train_stop_function=1
cascade_output_change_fraction=0.010000
quickprop_decay=-0.000100
quickprop_mu=1.750000
rprop_increase_factor=1.200000
rprop_decrease_factor=0.500000
rprop_delta_min=0.000000
rprop_delta_max=50.000000
rprop_delta_zero=0.100000
cascade_output_stagnation_epochs=12
cascade_candidate_change_fraction=0.010000
cascade_candidate_stagnation_epochs=12
cascade_max_out_epochs=150
cascade_min_out_epochs=50
cascade_max_cand_epochs=150
cascade_min_cand_epochs=50
cascade_num_candidate_groups=2
bit_fail_limit=1.00000000000000005551e-01
cascade_candidate_limit=1.00000000000000000000e+03
cascade_weight_multiplier=4.00000000000000022204e-01
cascade_activation_functions_count=10
cascade_activation_functions=3 5 7 8 10 11 14 15 16 17 
cascade_activation_steepnesses_count=4
cascade_activation_steepnesses=2.50000000000000000000e-01 5.00000000000000000000e-01 7.50000000000000000000e-01 1.00000000000000000000e+00 
layer_sizes=10 4 2 
scale_included=0
neurons (num_inputs, activation_function, activation_steepness)=(0, 0, 0.00000000000000000000e+00) (0, 0, 0.00000000000000000000e+00) (0, 0, 0.00000000000000000000e+00) (0, 0, 0.00000000000000000000e+00) (0, 0, 0.00000000000000000000e+00) (0, 0, 0.00000000000000000000e+00) (0, 0, 0.00000000000000000000e+00) (0, 0, 0.00000000000000000000e+00) (0, 0, 0.00000000000000000000e+00) (0, 0, 0.00000000000000000000e+00) (10, 6, 5.00000000000000000000e-01) (10, 6, 5.00000000000000000000e-01) (10, 6, 5.00000000000000000000e-01) (0, 6, 0.00000000000000000000e+00) (4, 4, 5.00000000000000000000e-01) (0, 4, 0.00000000000000000000e+00) 
connections (connected_to_neuron, weight)=(0, 3.17207780816853279759e+00) (1, -4.58771128833449370887e+00) (2, -5.83638955108188017817e+00) (3, -4.86249583526716655513e+00) (4, -4.25129577712036876846e+00) (5, 1.24216219694058205292e+00) (6, 2.23769237277010724085e+00) (7, 1.42931726038615778407e+01) (8, 1.79260868152382144558e+01) (9, 3.18024202027619118383e+00) (0, -5.97179693760827912108e-01) (1, 1.96731872431901178011e+00) (2, 1.09494094256738269677e-01) (3, 3.57405384577195972540e+00) (4, 2.53008019179720244907e+00) (5, -2.76617081433324640827e+00) (6, 4.73404234159511361213e+00) (7, -3.99229656749191419429e-01) (8, -1.18438569085069751452e+01) (9, -1.01746255572993571370e+00) (0, 5.14859815697221634423e+00) (1, -3.85834899231112826712e+00) (2, -2.38895765281002336877e+00) (3, -2.68155165563353747871e+00) (4, -3.54698972198615258833e+00) (5, 1.47002636354851667910e+00) (6, -3.10769978455190765132e+00) (7, -1.17528479163774335348e+00) (8, -1.26872890432604634725e+00) (9, 4.61519641768908162049e+00) (10, -3.01806734527474862517e+00) (11, 1.52413978916577397271e+00) (12, -1.50167083670287411223e+01) (13, -9.21513992189647135334e-01) 
