FANN_FLO_2.1
num_layers=3
learning_rate=0.700000
connection_rate=1.000000
network_type=0
learning_momentum=0.000000
training_algorithm=2
train_error_function=1
train_stop_function=1
cascade_output_change_fraction=0.010000
quickprop_decay=-0.000100
quickprop_mu=1.750000
rprop_increase_factor=1.200000
rprop_decrease_factor=0.500000
rprop_delta_min=0.000000
rprop_delta_max=50.000000
rprop_delta_zero=0.100000
cascade_output_stagnation_epochs=12
cascade_candidate_change_fraction=0.010000
cascade_candidate_stagnation_epochs=12
cascade_max_out_epochs=150
cascade_min_out_epochs=50
cascade_max_cand_epochs=150
cascade_min_cand_epochs=50
cascade_num_candidate_groups=2
bit_fail_limit=1.00000000000000005551e-01
cascade_candidate_limit=1.00000000000000000000e+03
cascade_weight_multiplier=4.00000000000000022204e-01
cascade_activation_functions_count=10
cascade_activation_functions=3 5 7 8 10 11 14 15 16 17 
cascade_activation_steepnesses_count=4
cascade_activation_steepnesses=2.50000000000000000000e-01 5.00000000000000000000e-01 7.50000000000000000000e-01 1.00000000000000000000e+00 
layer_sizes=8 4 2 
scale_included=0
neurons (num_inputs, activation_function, activation_steepness)=(0, 0, 0.00000000000000000000e+00) (0, 0, 0.00000000000000000000e+00) (0, 0, 0.00000000000000000000e+00) (0, 0, 0.00000000000000000000e+00) (0, 0, 0.00000000000000000000e+00) (0, 0, 0.00000000000000000000e+00) (0, 0, 0.00000000000000000000e+00) (0, 0, 0.00000000000000000000e+00) (8, 6, 5.00000000000000000000e-01) (8, 6, 5.00000000000000000000e-01) (8, 6, 5.00000000000000000000e-01) (0, 6, 0.00000000000000000000e+00) (4, 4, 5.00000000000000000000e-01) (0, 4, 0.00000000000000000000e+00) 
connections (connected_to_neuron, weight)=(0, 2.75312789184669837184e+00) (1, -3.35158455458868687060e+00) (2, 7.36715797469761866922e-03) (3, 1.39000193807133154422e+00) (4, -1.65929529543204989928e+00) (5, -3.33506608741495913506e+00) (6, 1.21074395400943224388e+00) (7, 2.06192865175513118103e+00) (0, -4.76528095839848231385e-03) (1, 9.31255131832228189026e-01) (2, 6.13915167147566886996e-01) (3, 5.84258921874800662977e-02) (4, 6.77115563601782044501e-01) (5, 3.13020425217122921779e-01) (6, 7.20882965448710888445e-02) (7, 6.65051751269141455669e-02) (0, -8.39509801979909098257e-02) (1, 2.58453754666141621854e+00) (2, 1.47707467130703395952e+00) (3, 2.92917151254133145688e-01) (4, -6.58425415103472300160e+00) (5, 3.36142330424273652056e+01) (6, 1.90128660455621295577e-01) (7, 1.78503891412368428937e-02) (8, -4.64406230759216498427e+01) (9, 5.39189219123175522697e-01) (10, 2.09042026794056301497e+00) (11, -1.24474198717872974740e+00) 
