FANN_FLO_2.1
num_layers=3
learning_rate=0.700000
connection_rate=1.000000
network_type=0
learning_momentum=0.000000
training_algorithm=2
train_error_function=1
train_stop_function=1
cascade_output_change_fraction=0.010000
quickprop_decay=-0.000100
quickprop_mu=1.750000
rprop_increase_factor=1.200000
rprop_decrease_factor=0.500000
rprop_delta_min=0.000000
rprop_delta_max=50.000000
rprop_delta_zero=0.100000
cascade_output_stagnation_epochs=12
cascade_candidate_change_fraction=0.010000
cascade_candidate_stagnation_epochs=12
cascade_max_out_epochs=150
cascade_min_out_epochs=50
cascade_max_cand_epochs=150
cascade_min_cand_epochs=50
cascade_num_candidate_groups=2
bit_fail_limit=1.00000000000000005551e-01
cascade_candidate_limit=1.00000000000000000000e+03
cascade_weight_multiplier=4.00000000000000022204e-01
cascade_activation_functions_count=10
cascade_activation_functions=3 5 7 8 10 11 14 15 16 17 
cascade_activation_steepnesses_count=4
cascade_activation_steepnesses=2.50000000000000000000e-01 5.00000000000000000000e-01 7.50000000000000000000e-01 1.00000000000000000000e+00 
layer_sizes=9 4 2 
scale_included=0
neurons (num_inputs, activation_function, activation_steepness)=(0, 0, 0.00000000000000000000e+00) (0, 0, 0.00000000000000000000e+00) (0, 0, 0.00000000000000000000e+00) (0, 0, 0.00000000000000000000e+00) (0, 0, 0.00000000000000000000e+00) (0, 0, 0.00000000000000000000e+00) (0, 0, 0.00000000000000000000e+00) (0, 0, 0.00000000000000000000e+00) (0, 0, 0.00000000000000000000e+00) (9, 6, 5.00000000000000000000e-01) (9, 6, 5.00000000000000000000e-01) (9, 6, 5.00000000000000000000e-01) (0, 6, 0.00000000000000000000e+00) (4, 4, 5.00000000000000000000e-01) (0, 4, 0.00000000000000000000e+00) 
connections (connected_to_neuron, weight)=(0, -5.16636773679482796950e+00) (1, 5.28660318914878235574e+00) (2, 4.90459638254907070998e-01) (3, 2.98659870302940166908e-01) (4, -1.95954641244243688014e+00) (5, -1.25624819888415339975e-01) (6, -1.55898994995894435434e-01) (7, -1.89878664209189418344e-01) (8, -7.14400875688943726161e-01) (0, -1.97310501538592664161e+00) (1, 2.29317170206386000686e+00) (2, 4.39774738377595841854e-01) (3, 6.15960782783295912601e-01) (4, -6.95390656842363119594e-01) (5, 3.68064986762051821190e-03) (6, -9.26538522333239938922e-02) (7, -2.10735146374414067383e-03) (8, -2.09726708355559676722e-01) (0, -2.11477439426261248911e+00) (1, 2.22313661127168016307e+00) (2, 6.37132450168398256629e-01) (3, 2.04654647903745989801e-01) (4, -6.57079519285333035761e-01) (5, 3.04959633532079638085e-02) (6, -1.66036940035310734420e-02) (7, 1.26080151229226306020e-03) (8, -1.05957439088645383185e-01) (9, 5.22586009953248353810e+00) (10, 2.06550207793790097099e+00) (11, 8.64429643128073577074e-01) (12, -1.47427276765993209295e+00) 
