FANN_FLO_2.1
num_layers=3
learning_rate=0.700000
connection_rate=1.000000
network_type=0
learning_momentum=0.000000
training_algorithm=2
train_error_function=1
train_stop_function=1
cascade_output_change_fraction=0.010000
quickprop_decay=-0.000100
quickprop_mu=1.750000
rprop_increase_factor=1.200000
rprop_decrease_factor=0.500000
rprop_delta_min=0.000000
rprop_delta_max=50.000000
rprop_delta_zero=0.100000
cascade_output_stagnation_epochs=12
cascade_candidate_change_fraction=0.010000
cascade_candidate_stagnation_epochs=12
cascade_max_out_epochs=150
cascade_min_out_epochs=50
cascade_max_cand_epochs=150
cascade_min_cand_epochs=50
cascade_num_candidate_groups=2
bit_fail_limit=1.00000000000000005551e-01
cascade_candidate_limit=1.00000000000000000000e+03
cascade_weight_multiplier=4.00000000000000022204e-01
cascade_activation_functions_count=10
cascade_activation_functions=3 5 7 8 10 11 14 15 16 17 
cascade_activation_steepnesses_count=4
cascade_activation_steepnesses=2.50000000000000000000e-01 5.00000000000000000000e-01 7.50000000000000000000e-01 1.00000000000000000000e+00 
layer_sizes=8 4 2 
scale_included=0
neurons (num_inputs, activation_function, activation_steepness)=(0, 0, 0.00000000000000000000e+00) (0, 0, 0.00000000000000000000e+00) (0, 0, 0.00000000000000000000e+00) (0, 0, 0.00000000000000000000e+00) (0, 0, 0.00000000000000000000e+00) (0, 0, 0.00000000000000000000e+00) (0, 0, 0.00000000000000000000e+00) (0, 0, 0.00000000000000000000e+00) (8, 6, 5.00000000000000000000e-01) (8, 6, 5.00000000000000000000e-01) (8, 6, 5.00000000000000000000e-01) (0, 6, 0.00000000000000000000e+00) (4, 4, 5.00000000000000000000e-01) (0, 4, 0.00000000000000000000e+00) 
connections (connected_to_neuron, weight)=(0, -1.18778136610200216183e-01) (1, 9.01902957865190368913e-01) (2, 4.59895512183588595079e-01) (3, 4.60591826000353449233e-02) (4, 1.42139860714927901419e-01) (5, 8.12703308715975042409e-02) (6, 1.96166568721786727103e-01) (7, -1.40183744072129551350e-01) (0, -1.42993470577052339543e+00) (1, 3.42704397414625949736e+00) (2, 4.32673217985646396677e-01) (3, -8.74387418565963581152e-01) (4, -3.51726735483754215927e-01) (5, -4.33447773110020695420e-01) (6, -3.52529431234944401474e-01) (7, -1.82893238512488132130e+00) (0, -1.59330423711946167487e-01) (1, 9.75777198728514205683e-01) (2, 3.93103823682943387396e-01) (3, -9.77792580444476061574e-02) (4, 2.34642969991222277715e-01) (5, 1.20867042417779804730e-01) (6, 7.20620998993071332217e-02) (7, -6.05271195761467456498e-02) (8, 4.69003546063755438755e-01) (9, 8.71073815169108733869e+00) (10, 4.79078492979534531493e-01) (11, -1.78624652249427562367e+00) 
