FANN_FLO_2.1
num_layers=3
learning_rate=0.700000
connection_rate=1.000000
network_type=0
learning_momentum=0.000000
training_algorithm=2
train_error_function=1
train_stop_function=1
cascade_output_change_fraction=0.010000
quickprop_decay=-0.000100
quickprop_mu=1.750000
rprop_increase_factor=1.200000
rprop_decrease_factor=0.500000
rprop_delta_min=0.000000
rprop_delta_max=50.000000
rprop_delta_zero=0.100000
cascade_output_stagnation_epochs=12
cascade_candidate_change_fraction=0.010000
cascade_candidate_stagnation_epochs=12
cascade_max_out_epochs=150
cascade_min_out_epochs=50
cascade_max_cand_epochs=150
cascade_min_cand_epochs=50
cascade_num_candidate_groups=2
bit_fail_limit=1.00000000000000005551e-01
cascade_candidate_limit=1.00000000000000000000e+03
cascade_weight_multiplier=4.00000000000000022204e-01
cascade_activation_functions_count=10
cascade_activation_functions=3 5 7 8 10 11 14 15 16 17 
cascade_activation_steepnesses_count=4
cascade_activation_steepnesses=2.50000000000000000000e-01 5.00000000000000000000e-01 7.50000000000000000000e-01 1.00000000000000000000e+00 
layer_sizes=6 4 2 
scale_included=0
neurons (num_inputs, activation_function, activation_steepness)=(0, 0, 0.00000000000000000000e+00) (0, 0, 0.00000000000000000000e+00) (0, 0, 0.00000000000000000000e+00) (0, 0, 0.00000000000000000000e+00) (0, 0, 0.00000000000000000000e+00) (0, 0, 0.00000000000000000000e+00) (6, 6, 5.00000000000000000000e-01) (6, 6, 5.00000000000000000000e-01) (6, 6, 5.00000000000000000000e-01) (0, 6, 0.00000000000000000000e+00) (4, 4, 5.00000000000000000000e-01) (0, 4, 0.00000000000000000000e+00) 
connections (connected_to_neuron, weight)=(0, -7.31343819548019302701e-01) (1, 6.29200040051463238555e-01) (2, -2.22757354465742762883e+00) (3, 6.86159564465871341099e-01) (4, 1.07706899788032983700e+00) (5, 2.07919647346535785282e-01) (0, -1.99069117992996513777e+00) (1, 2.01226332653065576039e+00) (2, -2.26676048784205086406e+00) (3, 1.96682953767296808678e+00) (4, 1.47828682777378528357e+00) (5, 1.54389047597523948463e-01) (0, 4.84263698123522523531e+00) (1, -3.00526594507493882702e+00) (2, -1.46082985076516074230e+01) (3, -3.01460296509408998133e+00) (4, -1.98729765553501946940e+00) (5, 1.59988484628317073621e+00) (6, 5.29436612459213939985e+00) (7, 1.36728557979880935846e+01) (8, -1.01177795292334149480e+01) (9, -1.71115295450246340803e-01) 
