FANN_FLO_2.1
num_layers=3
learning_rate=0.700000
connection_rate=1.000000
network_type=0
learning_momentum=0.000000
training_algorithm=2
train_error_function=1
train_stop_function=1
cascade_output_change_fraction=0.010000
quickprop_decay=-0.000100
quickprop_mu=1.750000
rprop_increase_factor=1.200000
rprop_decrease_factor=0.500000
rprop_delta_min=0.000000
rprop_delta_max=50.000000
rprop_delta_zero=0.100000
cascade_output_stagnation_epochs=12
cascade_candidate_change_fraction=0.010000
cascade_candidate_stagnation_epochs=12
cascade_max_out_epochs=150
cascade_min_out_epochs=50
cascade_max_cand_epochs=150
cascade_min_cand_epochs=50
cascade_num_candidate_groups=2
bit_fail_limit=1.00000000000000005551e-01
cascade_candidate_limit=1.00000000000000000000e+03
cascade_weight_multiplier=4.00000000000000022204e-01
cascade_activation_functions_count=10
cascade_activation_functions=3 5 7 8 10 11 14 15 16 17 
cascade_activation_steepnesses_count=4
cascade_activation_steepnesses=2.50000000000000000000e-01 5.00000000000000000000e-01 7.50000000000000000000e-01 1.00000000000000000000e+00 
layer_sizes=11 4 2 
scale_included=0
neurons (num_inputs, activation_function, activation_steepness)=(0, 0, 0.00000000000000000000e+00) (0, 0, 0.00000000000000000000e+00) (0, 0, 0.00000000000000000000e+00) (0, 0, 0.00000000000000000000e+00) (0, 0, 0.00000000000000000000e+00) (0, 0, 0.00000000000000000000e+00) (0, 0, 0.00000000000000000000e+00) (0, 0, 0.00000000000000000000e+00) (0, 0, 0.00000000000000000000e+00) (0, 0, 0.00000000000000000000e+00) (0, 0, 0.00000000000000000000e+00) (11, 6, 5.00000000000000000000e-01) (11, 6, 5.00000000000000000000e-01) (11, 6, 5.00000000000000000000e-01) (0, 6, 0.00000000000000000000e+00) (4, 4, 5.00000000000000000000e-01) (0, 4, 0.00000000000000000000e+00) 
connections (connected_to_neuron, weight)=(0, -2.78920485016563135527e-01) (1, 6.17104826955121477106e-01) (2, 2.61243664762369764976e-01) (3, 3.43783774162350785897e-01) (4, -8.82157768431970579215e-01) (5, 1.05772541167536671125e+00) (6, 5.00602607110640196453e-01) (7, 5.77198380518343379109e-01) (8, 1.46853315075326756878e-01) (9, 1.73724971013928877750e-02) (10, 1.69052994228296060708e-01) (0, -1.18194908693771139063e+00) (1, 1.53107220571047797364e+00) (2, 7.55361400788398355821e-03) (3, 1.84868817403213769879e+00) (4, -2.46044145979294581750e+00) (5, 8.09623208109529812759e-01) (6, 7.93451371815673711652e-01) (7, 1.41305141042548521035e+00) (8, 1.30776348058728952850e-01) (9, -3.40187013795525905469e-01) (10, -6.31098676265116620421e-02) (0, 1.29395554764745068788e+00) (1, -2.42016283595085068825e+00) (2, 5.91390200504405494364e-01) (3, -6.71918624988932400299e-01) (4, 2.02427418927836111351e+00) (5, -1.41409114446421924072e+00) (6, 1.07249841465677092645e-01) (7, -2.06024234225172309110e+00) (8, 1.32346102068011700625e-01) (9, 1.32474378542495574429e+00) (10, 1.25033218963620496034e+00) (11, 1.85323006647571647543e-01) (12, 5.31322148417311179713e+00) (13, -1.82590887481833519246e+01) (14, -3.49024846433899027520e-01) 
