FANN_FLO_2.1
num_layers=3
learning_rate=0.700000
connection_rate=1.000000
network_type=0
learning_momentum=0.000000
training_algorithm=2
train_error_function=1
train_stop_function=1
cascade_output_change_fraction=0.010000
quickprop_decay=-0.000100
quickprop_mu=1.750000
rprop_increase_factor=1.200000
rprop_decrease_factor=0.500000
rprop_delta_min=0.000000
rprop_delta_max=50.000000
rprop_delta_zero=0.100000
cascade_output_stagnation_epochs=12
cascade_candidate_change_fraction=0.010000
cascade_candidate_stagnation_epochs=12
cascade_max_out_epochs=150
cascade_min_out_epochs=50
cascade_max_cand_epochs=150
cascade_min_cand_epochs=50
cascade_num_candidate_groups=2
bit_fail_limit=1.00000000000000005551e-01
cascade_candidate_limit=1.00000000000000000000e+03
cascade_weight_multiplier=4.00000000000000022204e-01
cascade_activation_functions_count=10
cascade_activation_functions=3 5 7 8 10 11 14 15 16 17 
cascade_activation_steepnesses_count=4
cascade_activation_steepnesses=2.50000000000000000000e-01 5.00000000000000000000e-01 7.50000000000000000000e-01 1.00000000000000000000e+00 
layer_sizes=14 4 2 
scale_included=0
neurons (num_inputs, activation_function, activation_steepness)=(0, 0, 0.00000000000000000000e+00) (0, 0, 0.00000000000000000000e+00) (0, 0, 0.00000000000000000000e+00) (0, 0, 0.00000000000000000000e+00) (0, 0, 0.00000000000000000000e+00) (0, 0, 0.00000000000000000000e+00) (0, 0, 0.00000000000000000000e+00) (0, 0, 0.00000000000000000000e+00) (0, 0, 0.00000000000000000000e+00) (0, 0, 0.00000000000000000000e+00) (0, 0, 0.00000000000000000000e+00) (0, 0, 0.00000000000000000000e+00) (0, 0, 0.00000000000000000000e+00) (0, 0, 0.00000000000000000000e+00) (14, 6, 5.00000000000000000000e-01) (14, 6, 5.00000000000000000000e-01) (14, 6, 5.00000000000000000000e-01) (0, 6, 0.00000000000000000000e+00) (4, 4, 5.00000000000000000000e-01) (0, 4, 0.00000000000000000000e+00) 
connections (connected_to_neuron, weight)=(0, 9.84219233492968914589e-01) (1, -3.04919733473293330661e+00) (2, 1.36633078799067692044e-01) (3, 7.90238772885625717635e-01) (4, 7.49341418402021286482e-01) (5, 1.04089387784397446879e+00) (6, 1.02385147706090251507e-01) (7, 7.53330176131551620955e-01) (8, 8.78966662088988659463e-01) (9, 1.15417786590559634519e+00) (10, 6.82376196043317784223e-01) (11, 7.20461440639322159285e-01) (12, 1.10484322063429507566e+00) (13, 4.36619476196587863459e-01) (0, -6.33206844653242506560e-01) (1, 3.12541128316156413547e+00) (2, 1.41860676872247126745e-01) (3, -6.28935121323221602019e-01) (4, -6.54154315914266981657e-01) (5, -7.06063486959093378204e-01) (6, -1.13647289840330012467e-01) (7, -5.82992181505316064971e-01) (8, -6.15344703520887770232e-01) (9, -1.59353437294403010860e+00) (10, -4.67870222518931455635e-01) (11, -2.92038524637709684395e-01) (12, -1.61090493221918040767e+00) (13, -3.64185943249812349443e-01) (0, -6.45732231761568464812e-01) (1, 3.07912541547052409641e+00) (2, 1.17008997070306208776e-01) (3, -7.18869708801859186309e-01) (4, -6.95652574624174513396e-01) (5, -1.50967164357343608394e+00) (6, -3.59203222075594741369e-02) (7, -5.92160612668150232452e-01) (8, -5.81700638260000513213e-01) (9, -1.66045843829551653670e+00) (10, -4.48289437333832807564e-01) (11, -3.23700228820334501290e-01) (12, -1.54611411710420543208e+00) (13, -3.54393108729472383622e-01) (14, -3.17494081326953914157e+00) (15, 3.20395279296867396823e+00) (16, 3.21156032749645259372e+00) (17, -5.93104899253004358428e-01) 
