FANN_FLO_2.1
num_layers=3
learning_rate=0.700000
connection_rate=1.000000
network_type=0
learning_momentum=0.000000
training_algorithm=2
train_error_function=1
train_stop_function=1
cascade_output_change_fraction=0.010000
quickprop_decay=-0.000100
quickprop_mu=1.750000
rprop_increase_factor=1.200000
rprop_decrease_factor=0.500000
rprop_delta_min=0.000000
rprop_delta_max=50.000000
rprop_delta_zero=0.100000
cascade_output_stagnation_epochs=12
cascade_candidate_change_fraction=0.010000
cascade_candidate_stagnation_epochs=12
cascade_max_out_epochs=150
cascade_min_out_epochs=50
cascade_max_cand_epochs=150
cascade_min_cand_epochs=50
cascade_num_candidate_groups=2
bit_fail_limit=1.00000000000000005551e-01
cascade_candidate_limit=1.00000000000000000000e+03
cascade_weight_multiplier=4.00000000000000022204e-01
cascade_activation_functions_count=10
cascade_activation_functions=3 5 7 8 10 11 14 15 16 17 
cascade_activation_steepnesses_count=4
cascade_activation_steepnesses=2.50000000000000000000e-01 5.00000000000000000000e-01 7.50000000000000000000e-01 1.00000000000000000000e+00 
layer_sizes=9 4 2 
scale_included=0
neurons (num_inputs, activation_function, activation_steepness)=(0, 0, 0.00000000000000000000e+00) (0, 0, 0.00000000000000000000e+00) (0, 0, 0.00000000000000000000e+00) (0, 0, 0.00000000000000000000e+00) (0, 0, 0.00000000000000000000e+00) (0, 0, 0.00000000000000000000e+00) (0, 0, 0.00000000000000000000e+00) (0, 0, 0.00000000000000000000e+00) (0, 0, 0.00000000000000000000e+00) (9, 6, 5.00000000000000000000e-01) (9, 6, 5.00000000000000000000e-01) (9, 6, 5.00000000000000000000e-01) (0, 6, 0.00000000000000000000e+00) (4, 4, 5.00000000000000000000e-01) (0, 4, 0.00000000000000000000e+00) 
connections (connected_to_neuron, weight)=(0, -3.14938494184247996799e+00) (1, 3.21000025042526271335e+00) (2, -1.33155089137901194718e-01) (3, -2.40650921110263094072e-01) (4, -1.65003293772378856197e+00) (5, -6.77094336922520079192e-01) (6, -1.38540857708612263899e+00) (7, -5.79423696126097009795e-01) (8, -8.61161581759528338420e-02) (0, -1.16575791586795540766e+00) (1, 1.28848793436446884542e+00) (2, 6.31221662332315247568e-03) (3, -8.32471819681952496239e-02) (4, -1.30012507264176102595e+00) (5, -1.23333886165776940302e+00) (6, -1.29132959891715737299e+00) (7, -1.28609312598267289118e+00) (8, -1.26862550325204659352e-02) (0, -3.17706263804070498935e+00) (1, 3.01868512102596309177e+00) (2, -7.83985408822192031408e-02) (3, -4.25981647316565736894e-01) (4, -1.50646443684736186519e+00) (5, -5.32283917392843530791e-01) (6, -7.13162824834936426299e-01) (7, -6.59739189173334517058e-01) (8, -1.80889033484943312358e-01) (9, 3.12835865833990123264e+00) (10, 1.21818568278709138397e+00) (11, 3.13312217959396388522e+00) (12, -4.15019958261599763993e-01) 
