FANN_FLO_2.1
num_layers=3
learning_rate=0.700000
connection_rate=1.000000
network_type=0
learning_momentum=0.000000
training_algorithm=2
train_error_function=1
train_stop_function=1
cascade_output_change_fraction=0.010000
quickprop_decay=-0.000100
quickprop_mu=1.750000
rprop_increase_factor=1.200000
rprop_decrease_factor=0.500000
rprop_delta_min=0.000000
rprop_delta_max=50.000000
rprop_delta_zero=0.100000
cascade_output_stagnation_epochs=12
cascade_candidate_change_fraction=0.010000
cascade_candidate_stagnation_epochs=12
cascade_max_out_epochs=150
cascade_min_out_epochs=50
cascade_max_cand_epochs=150
cascade_min_cand_epochs=50
cascade_num_candidate_groups=2
bit_fail_limit=1.00000000000000005551e-01
cascade_candidate_limit=1.00000000000000000000e+03
cascade_weight_multiplier=4.00000000000000022204e-01
cascade_activation_functions_count=10
cascade_activation_functions=3 5 7 8 10 11 14 15 16 17 
cascade_activation_steepnesses_count=4
cascade_activation_steepnesses=2.50000000000000000000e-01 5.00000000000000000000e-01 7.50000000000000000000e-01 1.00000000000000000000e+00 
layer_sizes=13 4 2 
scale_included=0
neurons (num_inputs, activation_function, activation_steepness)=(0, 0, 0.00000000000000000000e+00) (0, 0, 0.00000000000000000000e+00) (0, 0, 0.00000000000000000000e+00) (0, 0, 0.00000000000000000000e+00) (0, 0, 0.00000000000000000000e+00) (0, 0, 0.00000000000000000000e+00) (0, 0, 0.00000000000000000000e+00) (0, 0, 0.00000000000000000000e+00) (0, 0, 0.00000000000000000000e+00) (0, 0, 0.00000000000000000000e+00) (0, 0, 0.00000000000000000000e+00) (0, 0, 0.00000000000000000000e+00) (0, 0, 0.00000000000000000000e+00) (13, 6, 5.00000000000000000000e-01) (13, 6, 5.00000000000000000000e-01) (13, 6, 5.00000000000000000000e-01) (0, 6, 0.00000000000000000000e+00) (4, 4, 5.00000000000000000000e-01) (0, 4, 0.00000000000000000000e+00) 
connections (connected_to_neuron, weight)=(0, -1.22242411987019328201e+00) (1, 4.38539673978841459956e+00) (2, -3.91440497124421471486e-02) (3, -1.08950752367858005876e+00) (4, 7.83802376846300052904e-01) (5, 4.44928133706009543147e+00) (6, -4.36525247658050208344e+00) (7, 1.73655057612653274113e+00) (8, -3.41535156405187445561e-02) (9, -3.05804886199709802241e+00) (10, -2.98747349806305795283e+00) (11, -3.55286195224054579533e-01) (12, 1.48407148348169648511e-01) (0, -2.98859033021360920301e+00) (1, 1.05271885565683813724e+01) (2, 7.63814777091132435238e-02) (3, -3.89678544492374379082e-01) (4, 2.13332469119717815786e-01) (5, 1.05811056665346594485e+01) (6, -4.51252817925369953400e+00) (7, 1.48327201685901144401e+00) (8, 6.86751646697338485881e-02) (9, -3.87246883498945670965e+00) (10, -3.73641885655441718939e+00) (11, -1.48889945435231318971e-01) (12, 5.08538146814770247728e-02) (0, -5.74989854081045081990e-01) (1, 1.89230635493548016157e+00) (2, 3.09874105561073920345e-01) (3, -5.09777038081060340780e-01) (4, 5.20963063780952251314e-01) (5, 1.77894812553675274458e+00) (6, -1.73790735804588880598e+00) (7, 5.35225888021840900954e-01) (8, 3.96724436523020695944e-01) (9, -1.22216507958919029520e+00) (10, -1.04193651097566108987e+00) (11, -4.43716996881434178057e-02) (12, 3.89691854405756155089e-01) (13, 2.90279690204238116635e+00) (14, 1.05679766110346289310e+01) (15, 1.77002925249932685503e+00) (16, -4.26927546659045809019e-02) 
