FANN_FLO_2.1
num_layers=3
learning_rate=0.700000
connection_rate=1.000000
network_type=0
learning_momentum=0.000000
training_algorithm=2
train_error_function=1
train_stop_function=1
cascade_output_change_fraction=0.010000
quickprop_decay=-0.000100
quickprop_mu=1.750000
rprop_increase_factor=1.200000
rprop_decrease_factor=0.500000
rprop_delta_min=0.000000
rprop_delta_max=50.000000
rprop_delta_zero=0.100000
cascade_output_stagnation_epochs=12
cascade_candidate_change_fraction=0.010000
cascade_candidate_stagnation_epochs=12
cascade_max_out_epochs=150
cascade_min_out_epochs=50
cascade_max_cand_epochs=150
cascade_min_cand_epochs=50
cascade_num_candidate_groups=2
bit_fail_limit=1.00000000000000005551e-01
cascade_candidate_limit=1.00000000000000000000e+03
cascade_weight_multiplier=4.00000000000000022204e-01
cascade_activation_functions_count=10
cascade_activation_functions=3 5 7 8 10 11 14 15 16 17 
cascade_activation_steepnesses_count=4
cascade_activation_steepnesses=2.50000000000000000000e-01 5.00000000000000000000e-01 7.50000000000000000000e-01 1.00000000000000000000e+00 
layer_sizes=10 4 2 
scale_included=0
neurons (num_inputs, activation_function, activation_steepness)=(0, 0, 0.00000000000000000000e+00) (0, 0, 0.00000000000000000000e+00) (0, 0, 0.00000000000000000000e+00) (0, 0, 0.00000000000000000000e+00) (0, 0, 0.00000000000000000000e+00) (0, 0, 0.00000000000000000000e+00) (0, 0, 0.00000000000000000000e+00) (0, 0, 0.00000000000000000000e+00) (0, 0, 0.00000000000000000000e+00) (0, 0, 0.00000000000000000000e+00) (10, 6, 5.00000000000000000000e-01) (10, 6, 5.00000000000000000000e-01) (10, 6, 5.00000000000000000000e-01) (0, 6, 0.00000000000000000000e+00) (4, 4, 5.00000000000000000000e-01) (0, 4, 0.00000000000000000000e+00) 
connections (connected_to_neuron, weight)=(0, -1.03140104024208284494e-01) (1, 4.15558041269578459787e-01) (2, 5.90563130315261280989e-02) (3, -2.80232130632199760711e-01) (4, -2.40779997990495653326e-02) (5, -9.47233321354753743382e-02) (6, -1.13509274170197960174e-01) (7, 1.34757663546924255638e-01) (8, -4.79865281379887598234e-04) (9, -2.66701776295172776621e-01) (0, -1.83705715822460291520e+00) (1, 2.05584931539775972453e+00) (2, 4.91955724839306662854e-02) (3, -3.95223972904479803336e-01) (4, -9.18375029811245080502e-01) (5, -1.88547629105331537858e+00) (6, -4.38161020684039836937e-01) (7, 1.06602668392064794944e-01) (8, -9.61157225672172099706e-01) (9, -1.41049992438226495794e-02) (0, 1.51695140194183375471e+00) (1, -4.83758037754023018095e+00) (2, 4.86612441304223874994e-01) (3, 8.16060132287046879895e-01) (4, 8.69360945127508610852e-01) (5, 1.44180471193080927961e+00) (6, 8.50803903244039982923e-01) (7, 1.88736981647576879118e-01) (8, 1.42826762538438822858e+00) (9, 7.85250983140966862805e-01) (10, 6.49389933246950490364e-01) (11, 1.89943526493789782705e+00) (12, -4.77182532318556251738e+00) (13, -3.68828934461491453334e-01) 
