FANN_FLO_2.1
num_layers=3
learning_rate=0.700000
connection_rate=1.000000
network_type=0
learning_momentum=0.000000
training_algorithm=2
train_error_function=1
train_stop_function=1
cascade_output_change_fraction=0.010000
quickprop_decay=-0.000100
quickprop_mu=1.750000
rprop_increase_factor=1.200000
rprop_decrease_factor=0.500000
rprop_delta_min=0.000000
rprop_delta_max=50.000000
rprop_delta_zero=0.100000
cascade_output_stagnation_epochs=12
cascade_candidate_change_fraction=0.010000
cascade_candidate_stagnation_epochs=12
cascade_max_out_epochs=150
cascade_min_out_epochs=50
cascade_max_cand_epochs=150
cascade_min_cand_epochs=50
cascade_num_candidate_groups=2
bit_fail_limit=1.00000000000000005551e-01
cascade_candidate_limit=1.00000000000000000000e+03
cascade_weight_multiplier=4.00000000000000022204e-01
cascade_activation_functions_count=10
cascade_activation_functions=3 5 7 8 10 11 14 15 16 17 
cascade_activation_steepnesses_count=4
cascade_activation_steepnesses=2.50000000000000000000e-01 5.00000000000000000000e-01 7.50000000000000000000e-01 1.00000000000000000000e+00 
layer_sizes=8 4 2 
scale_included=0
neurons (num_inputs, activation_function, activation_steepness)=(0, 0, 0.00000000000000000000e+00) (0, 0, 0.00000000000000000000e+00) (0, 0, 0.00000000000000000000e+00) (0, 0, 0.00000000000000000000e+00) (0, 0, 0.00000000000000000000e+00) (0, 0, 0.00000000000000000000e+00) (0, 0, 0.00000000000000000000e+00) (0, 0, 0.00000000000000000000e+00) (8, 6, 5.00000000000000000000e-01) (8, 6, 5.00000000000000000000e-01) (8, 6, 5.00000000000000000000e-01) (0, 6, 0.00000000000000000000e+00) (4, 4, 5.00000000000000000000e-01) (0, 4, 0.00000000000000000000e+00) 
connections (connected_to_neuron, weight)=(0, -6.41554437683206080223e-01) (1, 1.64052726721988473280e+00) (2, 3.98081880083885508714e-01) (3, -3.21763845990675478870e-02) (4, -2.31259158109539203485e-01) (5, -2.66806928669326925974e-01) (6, -3.33567897086256226480e-01) (7, -1.00390282775521519354e-01) (0, 2.03970830876370579077e+00) (1, -4.63168863739836389470e+00) (2, 3.82227757126616385364e-01) (3, 8.56081026312644488563e-01) (4, 1.49597087076949808448e+00) (5, 1.57084840110587808937e+00) (6, 1.51050336233424875587e+00) (7, 2.16790016262714635431e+00) (0, -1.71357742566894732938e+00) (1, 2.38550419415940684331e+00) (2, 2.09779545131529993052e-01) (3, -4.63232634086195305123e-01) (4, -5.20051871854845360055e-01) (5, -3.75390899796072319283e-01) (6, -4.07045213002744987740e-01) (7, -6.38289935261062257865e-01) (8, 4.55091890241072827283e-01) (9, -5.77355767949807940909e+00) (10, 5.21221392903554292531e+00) (11, -1.78095970421733484912e+00) 
