FANN_FLO_2.1
num_layers=3
learning_rate=0.700000
connection_rate=1.000000
network_type=0
learning_momentum=0.000000
training_algorithm=2
train_error_function=1
train_stop_function=1
cascade_output_change_fraction=0.010000
quickprop_decay=-0.000100
quickprop_mu=1.750000
rprop_increase_factor=1.200000
rprop_decrease_factor=0.500000
rprop_delta_min=0.000000
rprop_delta_max=50.000000
rprop_delta_zero=0.100000
cascade_output_stagnation_epochs=12
cascade_candidate_change_fraction=0.010000
cascade_candidate_stagnation_epochs=12
cascade_max_out_epochs=150
cascade_min_out_epochs=50
cascade_max_cand_epochs=150
cascade_min_cand_epochs=50
cascade_num_candidate_groups=2
bit_fail_limit=1.00000000000000005551e-01
cascade_candidate_limit=1.00000000000000000000e+03
cascade_weight_multiplier=4.00000000000000022204e-01
cascade_activation_functions_count=10
cascade_activation_functions=3 5 7 8 10 11 14 15 16 17 
cascade_activation_steepnesses_count=4
cascade_activation_steepnesses=2.50000000000000000000e-01 5.00000000000000000000e-01 7.50000000000000000000e-01 1.00000000000000000000e+00 
layer_sizes=10 4 2 
scale_included=0
neurons (num_inputs, activation_function, activation_steepness)=(0, 0, 0.00000000000000000000e+00) (0, 0, 0.00000000000000000000e+00) (0, 0, 0.00000000000000000000e+00) (0, 0, 0.00000000000000000000e+00) (0, 0, 0.00000000000000000000e+00) (0, 0, 0.00000000000000000000e+00) (0, 0, 0.00000000000000000000e+00) (0, 0, 0.00000000000000000000e+00) (0, 0, 0.00000000000000000000e+00) (0, 0, 0.00000000000000000000e+00) (10, 6, 5.00000000000000000000e-01) (10, 6, 5.00000000000000000000e-01) (10, 6, 5.00000000000000000000e-01) (0, 6, 0.00000000000000000000e+00) (4, 4, 5.00000000000000000000e-01) (0, 4, 0.00000000000000000000e+00) 
connections (connected_to_neuron, weight)=(0, -2.61047352758938921991e-01) (1, 1.21290849943630374419e+00) (2, 3.89165759210988237982e+00) (3, 2.63287480198154000277e+00) (4, 7.03040532891141878302e-01) (5, -4.29301461271066919778e+00) (6, 9.74782493833412821971e+00) (7, -3.51105212171529146303e+00) (8, -1.45250612281513955537e+01) (9, -4.11509681894472678643e-01) (0, -3.08205377206565467318e+00) (1, 2.78937879816304157288e+00) (2, 1.64408490792538031222e+00) (3, 4.87060274132672887948e-01) (4, 3.30740363067922071849e+00) (5, -1.31285925009173976008e+00) (6, 1.82586167060899073888e+00) (7, 3.28207823227092854168e+00) (8, -4.61463694049859984858e+00) (9, -2.77534298793372613545e+00) (0, -2.89631704431352243745e+00) (1, 2.81612034516691212005e+00) (2, 1.66487894938017233493e+00) (3, 5.91002135672751505169e-01) (4, 2.78881167650851224948e+00) (5, -1.44955969401521267415e+00) (6, 1.72770711217914074709e+00) (7, 3.38119705139778892189e+00) (8, -6.25567238218765986346e+00) (9, -2.92440643111632558870e+00) (10, 2.68536817031982266712e+00) (11, 3.17576672876525867295e+00) (12, 2.57266929853772836623e+01) (13, -1.05183558412258215675e+00) 
