FANN_FLO_2.1
num_layers=3
learning_rate=0.700000
connection_rate=1.000000
network_type=0
learning_momentum=0.000000
training_algorithm=2
train_error_function=1
train_stop_function=1
cascade_output_change_fraction=0.010000
quickprop_decay=-0.000100
quickprop_mu=1.750000
rprop_increase_factor=1.200000
rprop_decrease_factor=0.500000
rprop_delta_min=0.000000
rprop_delta_max=50.000000
rprop_delta_zero=0.100000
cascade_output_stagnation_epochs=12
cascade_candidate_change_fraction=0.010000
cascade_candidate_stagnation_epochs=12
cascade_max_out_epochs=150
cascade_min_out_epochs=50
cascade_max_cand_epochs=150
cascade_min_cand_epochs=50
cascade_num_candidate_groups=2
bit_fail_limit=1.00000000000000005551e-01
cascade_candidate_limit=1.00000000000000000000e+03
cascade_weight_multiplier=4.00000000000000022204e-01
cascade_activation_functions_count=10
cascade_activation_functions=3 5 7 8 10 11 14 15 16 17 
cascade_activation_steepnesses_count=4
cascade_activation_steepnesses=2.50000000000000000000e-01 5.00000000000000000000e-01 7.50000000000000000000e-01 1.00000000000000000000e+00 
layer_sizes=15 4 2 
scale_included=0
neurons (num_inputs, activation_function, activation_steepness)=(0, 0, 0.00000000000000000000e+00) (0, 0, 0.00000000000000000000e+00) (0, 0, 0.00000000000000000000e+00) (0, 0, 0.00000000000000000000e+00) (0, 0, 0.00000000000000000000e+00) (0, 0, 0.00000000000000000000e+00) (0, 0, 0.00000000000000000000e+00) (0, 0, 0.00000000000000000000e+00) (0, 0, 0.00000000000000000000e+00) (0, 0, 0.00000000000000000000e+00) (0, 0, 0.00000000000000000000e+00) (0, 0, 0.00000000000000000000e+00) (0, 0, 0.00000000000000000000e+00) (0, 0, 0.00000000000000000000e+00) (0, 0, 0.00000000000000000000e+00) (15, 6, 5.00000000000000000000e-01) (15, 6, 5.00000000000000000000e-01) (15, 6, 5.00000000000000000000e-01) (0, 6, 0.00000000000000000000e+00) (4, 4, 5.00000000000000000000e-01) (0, 4, 0.00000000000000000000e+00) 
connections (connected_to_neuron, weight)=(0, 8.50541990171599593396e+00) (1, -1.35094619544604355177e+00) (2, 1.93545293167595278128e+00) (3, -2.34726673125577989243e-01) (4, 6.50186296306276889645e-01) (5, -2.60593917594872603871e-01) (6, -1.04693017929775677999e+00) (7, -2.07675449874520801075e+00) (8, 3.48839129644261447538e+00) (9, -8.37993236960351439713e-01) (10, 2.56566794154815258633e-01) (11, 1.36656852238177584091e+00) (12, 6.62347052323924545547e-01) (13, 7.31193624867847224991e-01) (14, -2.30263787579827544638e-01) (0, -2.26363800510944273015e+01) (1, 8.34644588569314560544e-01) (2, -5.23199414006978535951e+00) (3, -1.46732039499464139709e+00) (4, 6.79789155137897616044e+00) (5, 4.49953731136871593055e-01) (6, 1.23108098756683909114e-01) (7, 9.60670378031888461123e+00) (8, 5.22009406198602743387e+00) (9, 5.84647334690616027331e+00) (10, 1.87665152056231909761e+00) (11, 3.87556549440539477303e+00) (12, 6.86090637283647719613e+00) (13, 7.42262738571887847883e+00) (14, 3.32801788084250260713e-01) (0, -1.51247465898997504041e+01) (1, -1.56862744131249176593e-01) (2, 1.21257527894209911068e+01) (3, -3.39795794845975729359e+00) (4, -4.98919483682809694614e-01) (5, 3.91330187070169976948e-01) (6, -3.96958570567803059603e+00) (7, -2.18380866941484508281e-01) (8, -2.25961643984860893752e+00) (9, 5.36286652023881926787e-01) (10, -1.36266966356540630834e+00) (11, 1.29946952332011700371e-01) (12, -4.66683435221256215364e-01) (13, -4.86661286198772913281e-01) (14, 1.63336964308039256366e+00) (15, -1.26198706671830258585e+01) (16, 1.66519615726175764792e+01) (17, 2.10023008348044655236e+01) (18, -2.46877365776905444150e-01) 
