FANN_FLO_2.1
num_layers=3
learning_rate=0.700000
connection_rate=1.000000
network_type=0
learning_momentum=0.000000
training_algorithm=2
train_error_function=1
train_stop_function=1
cascade_output_change_fraction=0.010000
quickprop_decay=-0.000100
quickprop_mu=1.750000
rprop_increase_factor=1.200000
rprop_decrease_factor=0.500000
rprop_delta_min=0.000000
rprop_delta_max=50.000000
rprop_delta_zero=0.100000
cascade_output_stagnation_epochs=12
cascade_candidate_change_fraction=0.010000
cascade_candidate_stagnation_epochs=12
cascade_max_out_epochs=150
cascade_min_out_epochs=50
cascade_max_cand_epochs=150
cascade_min_cand_epochs=50
cascade_num_candidate_groups=2
bit_fail_limit=1.00000000000000005551e-01
cascade_candidate_limit=1.00000000000000000000e+03
cascade_weight_multiplier=4.00000000000000022204e-01
cascade_activation_functions_count=10
cascade_activation_functions=3 5 7 8 10 11 14 15 16 17 
cascade_activation_steepnesses_count=4
cascade_activation_steepnesses=2.50000000000000000000e-01 5.00000000000000000000e-01 7.50000000000000000000e-01 1.00000000000000000000e+00 
layer_sizes=12 4 2 
scale_included=0
neurons (num_inputs, activation_function, activation_steepness)=(0, 0, 0.00000000000000000000e+00) (0, 0, 0.00000000000000000000e+00) (0, 0, 0.00000000000000000000e+00) (0, 0, 0.00000000000000000000e+00) (0, 0, 0.00000000000000000000e+00) (0, 0, 0.00000000000000000000e+00) (0, 0, 0.00000000000000000000e+00) (0, 0, 0.00000000000000000000e+00) (0, 0, 0.00000000000000000000e+00) (0, 0, 0.00000000000000000000e+00) (0, 0, 0.00000000000000000000e+00) (0, 0, 0.00000000000000000000e+00) (12, 6, 5.00000000000000000000e-01) (12, 6, 5.00000000000000000000e-01) (12, 6, 5.00000000000000000000e-01) (0, 6, 0.00000000000000000000e+00) (4, 4, 5.00000000000000000000e-01) (0, 4, 0.00000000000000000000e+00) 
connections (connected_to_neuron, weight)=(0, -7.35527390155672655681e+00) (1, 5.76606364005771609982e+00) (2, 3.73619267781549879714e+00) (3, 7.21461639317918557168e+00) (4, -1.72641244168590057839e+00) (5, 3.42368660425876658593e+00) (6, -9.25908821108479784812e+00) (7, 3.75820746229472968380e+00) (8, 4.72483884018858812937e+00) (9, 6.71510191833490299729e+00) (10, 1.24044115401148946631e+00) (11, -6.52024987297882852033e+00) (0, 7.46126204910242063484e-01) (1, -1.69843986497918830736e+00) (2, 9.74094276613885035054e-01) (3, -1.82810422442331854676e+00) (4, 1.94421514538486639445e+00) (5, 5.24658872789969255024e-01) (6, 1.76477492774374766782e+00) (7, -1.17995962475672316883e-01) (8, -2.66255601271385075601e-02) (9, -2.94338837529575736429e-01) (10, -7.07019375056606946828e-01) (11, 5.67458806387679648431e-01) (0, -6.81612581044286680587e-01) (1, 1.71362804699422199839e+00) (2, 6.04802416955112359664e-02) (3, 1.38331174064587480999e+00) (4, -1.25355402689309514130e+00) (5, 2.08502257427541720647e-01) (6, -1.46968942886445241847e+00) (7, 4.47424975206030195451e-01) (8, 6.54486049928094337780e-01) (9, 1.12585027121517944337e+00) (10, 3.66672815790149264625e-01) (11, -1.80952019555942728024e-01) (12, 1.46608800519080109126e+01) (13, -9.07353670407266665876e-01) (14, 1.21833409830995087475e+00) (15, -1.63474663771030592763e+00) 
