FANN_FLO_2.1
num_layers=3
learning_rate=0.700000
connection_rate=1.000000
network_type=0
learning_momentum=0.000000
training_algorithm=2
train_error_function=1
train_stop_function=1
cascade_output_change_fraction=0.010000
quickprop_decay=-0.000100
quickprop_mu=1.750000
rprop_increase_factor=1.200000
rprop_decrease_factor=0.500000
rprop_delta_min=0.000000
rprop_delta_max=50.000000
rprop_delta_zero=0.100000
cascade_output_stagnation_epochs=12
cascade_candidate_change_fraction=0.010000
cascade_candidate_stagnation_epochs=12
cascade_max_out_epochs=150
cascade_min_out_epochs=50
cascade_max_cand_epochs=150
cascade_min_cand_epochs=50
cascade_num_candidate_groups=2
bit_fail_limit=1.00000000000000005551e-01
cascade_candidate_limit=1.00000000000000000000e+03
cascade_weight_multiplier=4.00000000000000022204e-01
cascade_activation_functions_count=10
cascade_activation_functions=3 5 7 8 10 11 14 15 16 17 
cascade_activation_steepnesses_count=4
cascade_activation_steepnesses=2.50000000000000000000e-01 5.00000000000000000000e-01 7.50000000000000000000e-01 1.00000000000000000000e+00 
layer_sizes=11 4 2 
scale_included=0
neurons (num_inputs, activation_function, activation_steepness)=(0, 0, 0.00000000000000000000e+00) (0, 0, 0.00000000000000000000e+00) (0, 0, 0.00000000000000000000e+00) (0, 0, 0.00000000000000000000e+00) (0, 0, 0.00000000000000000000e+00) (0, 0, 0.00000000000000000000e+00) (0, 0, 0.00000000000000000000e+00) (0, 0, 0.00000000000000000000e+00) (0, 0, 0.00000000000000000000e+00) (0, 0, 0.00000000000000000000e+00) (0, 0, 0.00000000000000000000e+00) (11, 6, 5.00000000000000000000e-01) (11, 6, 5.00000000000000000000e-01) (11, 6, 5.00000000000000000000e-01) (0, 6, 0.00000000000000000000e+00) (4, 4, 5.00000000000000000000e-01) (0, 4, 0.00000000000000000000e+00) 
connections (connected_to_neuron, weight)=(0, 1.50851276250610011331e-01) (1, 1.74969050852318686040e+00) (2, 3.19549701010105713372e-01) (3, 1.86732532537143058882e-01) (4, 1.98645831751742801830e-01) (5, -2.46311534170467444360e-01) (6, 1.96623477060585427623e+00) (7, 4.09045105684614773711e-01) (8, -1.62723653023140601981e+00) (9, -1.25745683625614379508e+00) (10, -8.34786294844914067426e-01) (0, 3.27664593511164448092e-01) (1, -7.04245575823969627294e-01) (2, -7.31371104107598757338e-01) (3, -1.83614664356097123665e+00) (4, 3.58745582200733770240e-01) (5, 2.44576475332371989779e+00) (6, -8.33209901121928275813e-01) (7, -1.91466196574012825771e+00) (8, 1.78010437279930000543e+00) (9, 1.75752356121951391899e+00) (10, 1.00708296476261982555e+00) (0, 8.43177139464817010372e-02) (1, 1.63154181978422951893e+00) (2, 1.77299111271021381242e-01) (3, 1.16566928515688103540e-01) (4, 3.34317998440060298870e-02) (5, -1.60844276237454064660e-01) (6, 1.77497414614299753310e+00) (7, 1.21418702550755130964e+00) (8, -1.78197573187957614138e+00) (9, -1.87221704811979838823e+00) (10, -1.22786024298802409760e+00) (11, 1.48719473911396438126e+00) (12, -3.12757221956989951650e+02) (13, 1.52506069109501440906e+00) (14, -3.70342324498039365821e+00) 
