FANN_FLO_2.1
num_layers=3
learning_rate=0.700000
connection_rate=1.000000
network_type=0
learning_momentum=0.000000
training_algorithm=2
train_error_function=1
train_stop_function=1
cascade_output_change_fraction=0.010000
quickprop_decay=-0.000100
quickprop_mu=1.750000
rprop_increase_factor=1.200000
rprop_decrease_factor=0.500000
rprop_delta_min=0.000000
rprop_delta_max=50.000000
rprop_delta_zero=0.100000
cascade_output_stagnation_epochs=12
cascade_candidate_change_fraction=0.010000
cascade_candidate_stagnation_epochs=12
cascade_max_out_epochs=150
cascade_min_out_epochs=50
cascade_max_cand_epochs=150
cascade_min_cand_epochs=50
cascade_num_candidate_groups=2
bit_fail_limit=1.00000000000000005551e-01
cascade_candidate_limit=1.00000000000000000000e+03
cascade_weight_multiplier=4.00000000000000022204e-01
cascade_activation_functions_count=10
cascade_activation_functions=3 5 7 8 10 11 14 15 16 17 
cascade_activation_steepnesses_count=4
cascade_activation_steepnesses=2.50000000000000000000e-01 5.00000000000000000000e-01 7.50000000000000000000e-01 1.00000000000000000000e+00 
layer_sizes=15 4 2 
scale_included=0
neurons (num_inputs, activation_function, activation_steepness)=(0, 0, 0.00000000000000000000e+00) (0, 0, 0.00000000000000000000e+00) (0, 0, 0.00000000000000000000e+00) (0, 0, 0.00000000000000000000e+00) (0, 0, 0.00000000000000000000e+00) (0, 0, 0.00000000000000000000e+00) (0, 0, 0.00000000000000000000e+00) (0, 0, 0.00000000000000000000e+00) (0, 0, 0.00000000000000000000e+00) (0, 0, 0.00000000000000000000e+00) (0, 0, 0.00000000000000000000e+00) (0, 0, 0.00000000000000000000e+00) (0, 0, 0.00000000000000000000e+00) (0, 0, 0.00000000000000000000e+00) (0, 0, 0.00000000000000000000e+00) (15, 6, 5.00000000000000000000e-01) (15, 6, 5.00000000000000000000e-01) (15, 6, 5.00000000000000000000e-01) (0, 6, 0.00000000000000000000e+00) (4, 4, 5.00000000000000000000e-01) (0, 4, 0.00000000000000000000e+00) 
connections (connected_to_neuron, weight)=(0, 1.42231444618714686356e+01) (1, -1.27364565092396708756e+00) (2, 6.07623382872519601783e-01) (3, 6.11075752964002849588e-01) (4, 7.43133331258490903437e-01) (5, 4.24096120529639630803e-01) (6, 1.04615438982864433770e-01) (7, 8.53009680700435168887e+00) (8, 1.38359309116571294052e-01) (9, 6.11084648113992212615e-01) (10, -1.91883512639723675941e-02) (11, 3.25809997995517708347e+00) (12, 8.54354900538162764789e-01) (13, 1.14949336412957570097e+00) (14, -1.92365581948364505749e+00) (0, -1.09658169019435138836e+01) (1, 6.38403438957265700893e-01) (2, -6.81555878457331260067e-02) (3, -6.14200038248186697132e-01) (4, -3.22729587629125236337e-01) (5, 4.74060139710753114528e-01) (6, 1.17428940962771427570e-01) (7, 4.61853506510156286424e+00) (8, -2.59713321724445789229e+00) (9, 1.44989035955767242569e+00) (10, -9.91605105892289118152e-01) (11, -6.32531327916138086387e-01) (12, -2.27859409852427363674e-01) (13, 1.70649986387408941768e-01) (14, 5.88670491245475879794e-01) (0, -1.86947586352228078965e+01) (1, 1.94298659810640517165e+00) (2, 2.59761978000406790201e+00) (3, 8.16755019609611743192e+00) (4, 9.33249799871844842869e+00) (5, -1.89549521835898626687e-02) (6, 2.66915936821570420889e+00) (7, 2.31113796810313871788e+01) (8, -5.60312651282397933272e-01) (9, 2.96068498202702690136e+00) (10, 1.28119558621744769056e+01) (11, 1.63161414480671618232e-01) (12, 1.29173935204843619573e+01) (13, 2.05315014851528765405e+01) (14, -1.96799092282913723473e+00) (15, -1.95810335532161090555e+01) (16, 1.41111842864795598018e+01) (17, 1.05354234730195024383e+01) (18, -1.51518969672063436027e-01) 
