FANN_FLO_2.1
num_layers=3
learning_rate=0.700000
connection_rate=1.000000
network_type=0
learning_momentum=0.000000
training_algorithm=2
train_error_function=1
train_stop_function=1
cascade_output_change_fraction=0.010000
quickprop_decay=-0.000100
quickprop_mu=1.750000
rprop_increase_factor=1.200000
rprop_decrease_factor=0.500000
rprop_delta_min=0.000000
rprop_delta_max=50.000000
rprop_delta_zero=0.100000
cascade_output_stagnation_epochs=12
cascade_candidate_change_fraction=0.010000
cascade_candidate_stagnation_epochs=12
cascade_max_out_epochs=150
cascade_min_out_epochs=50
cascade_max_cand_epochs=150
cascade_min_cand_epochs=50
cascade_num_candidate_groups=2
bit_fail_limit=1.00000000000000005551e-01
cascade_candidate_limit=1.00000000000000000000e+03
cascade_weight_multiplier=4.00000000000000022204e-01
cascade_activation_functions_count=10
cascade_activation_functions=3 5 7 8 10 11 14 15 16 17 
cascade_activation_steepnesses_count=4
cascade_activation_steepnesses=2.50000000000000000000e-01 5.00000000000000000000e-01 7.50000000000000000000e-01 1.00000000000000000000e+00 
layer_sizes=8 4 2 
scale_included=0
neurons (num_inputs, activation_function, activation_steepness)=(0, 0, 0.00000000000000000000e+00) (0, 0, 0.00000000000000000000e+00) (0, 0, 0.00000000000000000000e+00) (0, 0, 0.00000000000000000000e+00) (0, 0, 0.00000000000000000000e+00) (0, 0, 0.00000000000000000000e+00) (0, 0, 0.00000000000000000000e+00) (0, 0, 0.00000000000000000000e+00) (8, 6, 5.00000000000000000000e-01) (8, 6, 5.00000000000000000000e-01) (8, 6, 5.00000000000000000000e-01) (0, 6, 0.00000000000000000000e+00) (4, 4, 5.00000000000000000000e-01) (0, 4, 0.00000000000000000000e+00) 
connections (connected_to_neuron, weight)=(0, 1.87887173296409665246e-01) (1, 2.43826737354969225180e+00) (2, 7.80258966213706828263e-01) (3, 3.61236703758923860530e-01) (4, 1.55885783072560540896e-01) (5, 2.44804401050781450522e+00) (6, 2.36966259132599077475e+00) (7, -8.66812087406306996940e-01) (0, 9.39668937220675237754e-01) (1, -4.22991322101565003777e+00) (2, 3.38694688992480008594e-01) (3, 6.69449703605272894436e-01) (4, 4.49491324630084176928e-01) (5, -4.10472533972473740960e+00) (6, -4.18313537658663392449e+00) (7, 2.67501840550814984354e+00) (0, 2.01232325436073361535e-01) (1, 2.39672194521402559531e+00) (2, 5.68146632778983251555e-01) (3, 3.15742739652280557383e-01) (4, 1.13103904809802313647e-01) (5, 3.05647990933293245419e+00) (6, 2.39635814826463899863e+00) (7, -8.87213870693832173941e-01) (8, 2.48174419534319490310e+00) (9, -6.34313282722174154316e+00) (10, 2.48411160987728685257e+00) (11, -2.02388835646838671778e+00) 
