FANN_FLO_2.1
num_layers=3
learning_rate=0.700000
connection_rate=1.000000
network_type=0
learning_momentum=0.000000
training_algorithm=2
train_error_function=1
train_stop_function=1
cascade_output_change_fraction=0.010000
quickprop_decay=-0.000100
quickprop_mu=1.750000
rprop_increase_factor=1.200000
rprop_decrease_factor=0.500000
rprop_delta_min=0.000000
rprop_delta_max=50.000000
rprop_delta_zero=0.100000
cascade_output_stagnation_epochs=12
cascade_candidate_change_fraction=0.010000
cascade_candidate_stagnation_epochs=12
cascade_max_out_epochs=150
cascade_min_out_epochs=50
cascade_max_cand_epochs=150
cascade_min_cand_epochs=50
cascade_num_candidate_groups=2
bit_fail_limit=1.00000000000000005551e-01
cascade_candidate_limit=1.00000000000000000000e+03
cascade_weight_multiplier=4.00000000000000022204e-01
cascade_activation_functions_count=10
cascade_activation_functions=3 5 7 8 10 11 14 15 16 17 
cascade_activation_steepnesses_count=4
cascade_activation_steepnesses=2.50000000000000000000e-01 5.00000000000000000000e-01 7.50000000000000000000e-01 1.00000000000000000000e+00 
layer_sizes=12 4 2 
scale_included=0
neurons (num_inputs, activation_function, activation_steepness)=(0, 0, 0.00000000000000000000e+00) (0, 0, 0.00000000000000000000e+00) (0, 0, 0.00000000000000000000e+00) (0, 0, 0.00000000000000000000e+00) (0, 0, 0.00000000000000000000e+00) (0, 0, 0.00000000000000000000e+00) (0, 0, 0.00000000000000000000e+00) (0, 0, 0.00000000000000000000e+00) (0, 0, 0.00000000000000000000e+00) (0, 0, 0.00000000000000000000e+00) (0, 0, 0.00000000000000000000e+00) (0, 0, 0.00000000000000000000e+00) (12, 6, 5.00000000000000000000e-01) (12, 6, 5.00000000000000000000e-01) (12, 6, 5.00000000000000000000e-01) (0, 6, 0.00000000000000000000e+00) (4, 4, 5.00000000000000000000e-01) (0, 4, 0.00000000000000000000e+00) 
connections (connected_to_neuron, weight)=(0, -6.57536886955850996550e-01) (1, 3.18606745072834041110e+00) (2, -5.59285513644293963420e-02) (3, -2.92107029799571260575e-01) (4, 3.16600199409954097263e+00) (5, -4.29690985921969637040e-01) (6, 1.19615396427625086950e-01) (7, -3.58696738372336454415e-01) (8, -3.13451350846521403781e+00) (9, -2.57641973773135024572e-02) (10, -4.25502835754504427079e-01) (11, -3.96468481961837038163e-01) (0, 9.58621378044246075234e-01) (1, -3.03483713039390590183e+00) (2, 2.23487380192099766019e-01) (3, 7.09503909906500584981e-01) (4, -3.05436110862724330417e+00) (5, 7.14004746040457494161e-01) (6, 1.10583144471465388836e-01) (7, 7.05707072315164607446e-01) (8, 3.11958252259723689548e+00) (9, 3.76550462809623065485e-01) (10, 5.51490201017016179463e-01) (11, 4.87158358809769931330e-01) (0, 9.90928675035594341836e-01) (1, -3.19215194502107646457e+00) (2, 4.75825235960305514826e-01) (3, 7.15295365413779027364e-01) (4, -3.07748681673042323581e+00) (5, 6.90962067207449792683e-01) (6, 2.33456197426139072659e-01) (7, 5.88743469712682987449e-01) (8, 3.14799286791317012302e+00) (9, 3.84465032109371829261e-01) (10, 6.74349924883002160847e-01) (11, 4.01438736138165774836e-01) (12, 3.14620079466335322849e+00) (13, -3.19948397943012263767e+00) (14, -3.20063996681205775729e+00) (15, -4.20133314077010378007e-01) 
