FANN_FLO_2.1
num_layers=3
learning_rate=0.700000
connection_rate=1.000000
network_type=0
learning_momentum=0.000000
training_algorithm=2
train_error_function=1
train_stop_function=1
cascade_output_change_fraction=0.010000
quickprop_decay=-0.000100
quickprop_mu=1.750000
rprop_increase_factor=1.200000
rprop_decrease_factor=0.500000
rprop_delta_min=0.000000
rprop_delta_max=50.000000
rprop_delta_zero=0.100000
cascade_output_stagnation_epochs=12
cascade_candidate_change_fraction=0.010000
cascade_candidate_stagnation_epochs=12
cascade_max_out_epochs=150
cascade_min_out_epochs=50
cascade_max_cand_epochs=150
cascade_min_cand_epochs=50
cascade_num_candidate_groups=2
bit_fail_limit=1.00000000000000005551e-01
cascade_candidate_limit=1.00000000000000000000e+03
cascade_weight_multiplier=4.00000000000000022204e-01
cascade_activation_functions_count=10
cascade_activation_functions=3 5 7 8 10 11 14 15 16 17 
cascade_activation_steepnesses_count=4
cascade_activation_steepnesses=2.50000000000000000000e-01 5.00000000000000000000e-01 7.50000000000000000000e-01 1.00000000000000000000e+00 
layer_sizes=11 4 2 
scale_included=0
neurons (num_inputs, activation_function, activation_steepness)=(0, 0, 0.00000000000000000000e+00) (0, 0, 0.00000000000000000000e+00) (0, 0, 0.00000000000000000000e+00) (0, 0, 0.00000000000000000000e+00) (0, 0, 0.00000000000000000000e+00) (0, 0, 0.00000000000000000000e+00) (0, 0, 0.00000000000000000000e+00) (0, 0, 0.00000000000000000000e+00) (0, 0, 0.00000000000000000000e+00) (0, 0, 0.00000000000000000000e+00) (0, 0, 0.00000000000000000000e+00) (11, 6, 5.00000000000000000000e-01) (11, 6, 5.00000000000000000000e-01) (11, 6, 5.00000000000000000000e-01) (0, 6, 0.00000000000000000000e+00) (4, 4, 5.00000000000000000000e-01) (0, 4, 0.00000000000000000000e+00) 
connections (connected_to_neuron, weight)=(0, 4.65685462924379067751e-01) (1, -4.65518645988470147756e-01) (2, 5.44941587038484054339e-01) (3, -1.17165240215763111209e+00) (4, 3.37646876867540512990e+00) (5, 3.37541248496301804494e+00) (6, -2.59465336925098277732e+00) (7, -1.05477664392070269450e+00) (8, 2.68539351830083417028e+00) (9, 3.44536004660941097555e+00) (10, 4.38500425192254739137e-01) (0, -1.82890096601614648986e-01) (1, 5.43925794873463974710e+00) (2, 2.97422109072982554512e-01) (3, 3.85575189249364291832e-01) (4, 5.64026879923581803133e-01) (5, 5.76709511535405838778e-01) (6, 5.29039814982640610452e+00) (7, 5.65390715026100609819e-01) (8, -3.39643518225038487657e+00) (9, -1.91297637887016858116e+00) (10, 1.69887319041126361174e-01) (0, -4.03776335684153248051e-02) (1, 5.31486664999353752847e+00) (2, 1.51033769729618350119e-01) (3, 3.07766581879703016167e-01) (4, 5.43411510842084610751e-01) (5, 5.89635792033910477450e-01) (6, 5.38448946837413178201e+00) (7, 6.49176174425323937456e-01) (8, -3.45354322687471348985e+00) (9, -1.91942878283278073326e+00) (10, 3.78770752080613559709e-02) (11, -1.27790684397804543693e+01) (12, 5.21755836460816713185e+00) (13, 5.20057743344533296437e+00) (14, 1.90779638275731522334e-01) 
