FANN_FLO_2.1
num_layers=3
learning_rate=0.700000
connection_rate=1.000000
network_type=0
learning_momentum=0.000000
training_algorithm=2
train_error_function=1
train_stop_function=1
cascade_output_change_fraction=0.010000
quickprop_decay=-0.000100
quickprop_mu=1.750000
rprop_increase_factor=1.200000
rprop_decrease_factor=0.500000
rprop_delta_min=0.000000
rprop_delta_max=50.000000
rprop_delta_zero=0.100000
cascade_output_stagnation_epochs=12
cascade_candidate_change_fraction=0.010000
cascade_candidate_stagnation_epochs=12
cascade_max_out_epochs=150
cascade_min_out_epochs=50
cascade_max_cand_epochs=150
cascade_min_cand_epochs=50
cascade_num_candidate_groups=2
bit_fail_limit=1.00000000000000005551e-01
cascade_candidate_limit=1.00000000000000000000e+03
cascade_weight_multiplier=4.00000000000000022204e-01
cascade_activation_functions_count=10
cascade_activation_functions=3 5 7 8 10 11 14 15 16 17 
cascade_activation_steepnesses_count=4
cascade_activation_steepnesses=2.50000000000000000000e-01 5.00000000000000000000e-01 7.50000000000000000000e-01 1.00000000000000000000e+00 
layer_sizes=10 4 2 
scale_included=0
neurons (num_inputs, activation_function, activation_steepness)=(0, 0, 0.00000000000000000000e+00) (0, 0, 0.00000000000000000000e+00) (0, 0, 0.00000000000000000000e+00) (0, 0, 0.00000000000000000000e+00) (0, 0, 0.00000000000000000000e+00) (0, 0, 0.00000000000000000000e+00) (0, 0, 0.00000000000000000000e+00) (0, 0, 0.00000000000000000000e+00) (0, 0, 0.00000000000000000000e+00) (0, 0, 0.00000000000000000000e+00) (10, 6, 5.00000000000000000000e-01) (10, 6, 5.00000000000000000000e-01) (10, 6, 5.00000000000000000000e-01) (0, 6, 0.00000000000000000000e+00) (4, 4, 5.00000000000000000000e-01) (0, 4, 0.00000000000000000000e+00) 
connections (connected_to_neuron, weight)=(0, -1.71877057366472824063e-01) (1, 1.65434622309756562686e+00) (2, 6.44603341113925698558e-01) (3, -4.81961715018432435009e-01) (4, -4.32884545034117551587e-01) (5, -2.12147013359171521252e-01) (6, 7.49859233792106727456e-01) (7, -2.36236291801259518097e-01) (8, -3.49808072599702979399e-01) (9, -3.21656825853390421210e-02) (0, 3.13725315224671330583e+00) (1, -1.68046403937896027259e+00) (2, -1.76244115971403370047e+00) (3, 1.37431685228613265082e+00) (4, 1.79540778071115836312e+00) (5, 1.43691888347347340726e+00) (6, -1.94452139806210722028e+00) (7, 1.50533541336133280808e+00) (8, 1.72597301779266487642e+00) (9, 4.01817924903413059567e-01) (0, -3.82133459392749730288e-01) (1, 9.06803814655068540773e-01) (2, 1.66460256937846784453e+00) (3, -5.01369729801514729672e-01) (4, -6.52106029831119204943e-01) (5, -2.62229917291366576571e-01) (6, 2.85478886072603277313e+00) (7, -3.13901435397194228383e-01) (8, -3.66694229533011506472e-01) (9, -2.06433731613261617355e-01) (10, 9.96592884193182704244e-01) (11, -1.67833148518396271243e+01) (12, 1.27269983473280068331e+00) (13, -1.12662549715393112137e+00) 
