FANN_FLO_2.1
num_layers=3
learning_rate=0.700000
connection_rate=1.000000
network_type=0
learning_momentum=0.000000
training_algorithm=2
train_error_function=1
train_stop_function=1
cascade_output_change_fraction=0.010000
quickprop_decay=-0.000100
quickprop_mu=1.750000
rprop_increase_factor=1.200000
rprop_decrease_factor=0.500000
rprop_delta_min=0.000000
rprop_delta_max=50.000000
rprop_delta_zero=0.100000
cascade_output_stagnation_epochs=12
cascade_candidate_change_fraction=0.010000
cascade_candidate_stagnation_epochs=12
cascade_max_out_epochs=150
cascade_min_out_epochs=50
cascade_max_cand_epochs=150
cascade_min_cand_epochs=50
cascade_num_candidate_groups=2
bit_fail_limit=1.00000000000000005551e-01
cascade_candidate_limit=1.00000000000000000000e+03
cascade_weight_multiplier=4.00000000000000022204e-01
cascade_activation_functions_count=10
cascade_activation_functions=3 5 7 8 10 11 14 15 16 17 
cascade_activation_steepnesses_count=4
cascade_activation_steepnesses=2.50000000000000000000e-01 5.00000000000000000000e-01 7.50000000000000000000e-01 1.00000000000000000000e+00 
layer_sizes=10 4 2 
scale_included=0
neurons (num_inputs, activation_function, activation_steepness)=(0, 0, 0.00000000000000000000e+00) (0, 0, 0.00000000000000000000e+00) (0, 0, 0.00000000000000000000e+00) (0, 0, 0.00000000000000000000e+00) (0, 0, 0.00000000000000000000e+00) (0, 0, 0.00000000000000000000e+00) (0, 0, 0.00000000000000000000e+00) (0, 0, 0.00000000000000000000e+00) (0, 0, 0.00000000000000000000e+00) (0, 0, 0.00000000000000000000e+00) (10, 6, 5.00000000000000000000e-01) (10, 6, 5.00000000000000000000e-01) (10, 6, 5.00000000000000000000e-01) (0, 6, 0.00000000000000000000e+00) (4, 4, 5.00000000000000000000e-01) (0, 4, 0.00000000000000000000e+00) 
connections (connected_to_neuron, weight)=(0, 1.23053192102602859670e+00) (1, -1.26330186683287548632e+00) (2, -1.85549984539233636660e+00) (3, 8.88649523855246536996e-01) (4, 1.25192447646927451643e+00) (5, 1.20561204605988403493e+00) (6, -1.78097311297560523258e+00) (7, 8.89349785998943653809e-01) (8, 1.17063476048101189342e+00) (9, 8.20201713413505340000e-01) (0, -1.20859318463565929003e-01) (1, 3.77364119923422780545e-01) (2, 1.85185089918207723692e+00) (3, -1.89850122718574598757e-01) (4, -1.34390817074539314913e-01) (5, -1.51998336002846980847e-02) (6, 1.70426473124352884092e+00) (7, -2.90436592123365200369e-01) (8, -1.13130442273121703534e-01) (9, 6.49483634442917096008e-02) (0, -8.13778928390791467251e-01) (1, 1.73625050624974552882e+00) (2, 1.16380295125817623259e+00) (3, -1.39916981694539765968e+00) (4, -9.62804849475787594137e-01) (5, -6.85339375308802178921e-01) (6, 1.28884581119266994342e+00) (7, -1.35625934576123019504e+00) (8, -1.00779436683032641575e+00) (9, -4.39187650216861957819e-01) (10, -1.57522688217962674173e+01) (11, 9.53712823223024086516e-01) (12, 5.62645860039394296592e+00) (13, -6.98386885726220540960e-01) 
