FANN_FLO_2.1
num_layers=3
learning_rate=0.700000
connection_rate=1.000000
network_type=0
learning_momentum=0.000000
training_algorithm=2
train_error_function=1
train_stop_function=1
cascade_output_change_fraction=0.010000
quickprop_decay=-0.000100
quickprop_mu=1.750000
rprop_increase_factor=1.200000
rprop_decrease_factor=0.500000
rprop_delta_min=0.000000
rprop_delta_max=50.000000
rprop_delta_zero=0.100000
cascade_output_stagnation_epochs=12
cascade_candidate_change_fraction=0.010000
cascade_candidate_stagnation_epochs=12
cascade_max_out_epochs=150
cascade_min_out_epochs=50
cascade_max_cand_epochs=150
cascade_min_cand_epochs=50
cascade_num_candidate_groups=2
bit_fail_limit=1.00000000000000005551e-01
cascade_candidate_limit=1.00000000000000000000e+03
cascade_weight_multiplier=4.00000000000000022204e-01
cascade_activation_functions_count=10
cascade_activation_functions=3 5 7 8 10 11 14 15 16 17 
cascade_activation_steepnesses_count=4
cascade_activation_steepnesses=2.50000000000000000000e-01 5.00000000000000000000e-01 7.50000000000000000000e-01 1.00000000000000000000e+00 
layer_sizes=14 4 2 
scale_included=0
neurons (num_inputs, activation_function, activation_steepness)=(0, 0, 0.00000000000000000000e+00) (0, 0, 0.00000000000000000000e+00) (0, 0, 0.00000000000000000000e+00) (0, 0, 0.00000000000000000000e+00) (0, 0, 0.00000000000000000000e+00) (0, 0, 0.00000000000000000000e+00) (0, 0, 0.00000000000000000000e+00) (0, 0, 0.00000000000000000000e+00) (0, 0, 0.00000000000000000000e+00) (0, 0, 0.00000000000000000000e+00) (0, 0, 0.00000000000000000000e+00) (0, 0, 0.00000000000000000000e+00) (0, 0, 0.00000000000000000000e+00) (0, 0, 0.00000000000000000000e+00) (14, 6, 5.00000000000000000000e-01) (14, 6, 5.00000000000000000000e-01) (14, 6, 5.00000000000000000000e-01) (0, 6, 0.00000000000000000000e+00) (4, 4, 5.00000000000000000000e-01) (0, 4, 0.00000000000000000000e+00) 
connections (connected_to_neuron, weight)=(0, -2.08693527337024065105e+00) (1, 2.66566592783590117222e+00) (2, 2.82101938622943171353e+00) (3, 8.02220454747558431308e-01) (4, -9.93371860500793513182e-01) (5, -9.21831538346033374509e-01) (6, 2.64957501257448324594e+00) (7, -9.18851787009292986230e-02) (8, 5.26911199472214097916e-01) (9, -1.53682585127474591324e+00) (10, 4.90635845229572264969e-01) (11, -2.98233575578897125435e-01) (12, -1.97860075523248218898e-01) (13, -2.61585759043672672064e+00) (0, -1.98633465450117441264e+00) (1, 2.70813812644143769859e+00) (2, 2.87737358483425387234e+00) (3, 5.50180620706345990811e-01) (4, -9.99458109405260142211e-01) (5, -1.15174311619559910369e+00) (6, 2.76149861777811178598e+00) (7, -5.52935654764035944275e-01) (8, 4.01085138700272292311e-01) (9, -1.15851211242040919025e+00) (10, 3.84887959227508569260e-01) (11, -7.40706762401852847333e-01) (12, -2.18188329030862465663e-01) (13, -2.60289478719213596136e+00) (0, -1.84582422611788615763e-01) (1, 3.08108846268964453596e-01) (2, 9.27113617727718164474e-01) (3, 1.83332513637321004030e-01) (4, -1.14982450812053521583e-02) (5, -8.16391775052407869806e-02) (6, 1.12178589405641950805e+01) (7, -6.80158810067400948496e-02) (8, 1.79886023720455506814e-01) (9, -1.16153327040387013835e-01) (10, 5.97385537024817322993e-02) (11, -3.65657033753990778902e-02) (12, 1.29453988648171675058e-01) (13, -8.40221827441298835248e-02) (14, 7.20621296011360890077e+00) (15, 7.24189228557499653505e+00) (16, 9.02861858095835967397e-01) (17, -1.76746188131284198697e+00) 
