FANN_FLO_2.1
num_layers=3
learning_rate=0.700000
connection_rate=1.000000
network_type=0
learning_momentum=0.000000
training_algorithm=2
train_error_function=1
train_stop_function=1
cascade_output_change_fraction=0.010000
quickprop_decay=-0.000100
quickprop_mu=1.750000
rprop_increase_factor=1.200000
rprop_decrease_factor=0.500000
rprop_delta_min=0.000000
rprop_delta_max=50.000000
rprop_delta_zero=0.100000
cascade_output_stagnation_epochs=12
cascade_candidate_change_fraction=0.010000
cascade_candidate_stagnation_epochs=12
cascade_max_out_epochs=150
cascade_min_out_epochs=50
cascade_max_cand_epochs=150
cascade_min_cand_epochs=50
cascade_num_candidate_groups=2
bit_fail_limit=1.00000000000000005551e-01
cascade_candidate_limit=1.00000000000000000000e+03
cascade_weight_multiplier=4.00000000000000022204e-01
cascade_activation_functions_count=10
cascade_activation_functions=3 5 7 8 10 11 14 15 16 17 
cascade_activation_steepnesses_count=4
cascade_activation_steepnesses=2.50000000000000000000e-01 5.00000000000000000000e-01 7.50000000000000000000e-01 1.00000000000000000000e+00 
layer_sizes=7 4 2 
scale_included=0
neurons (num_inputs, activation_function, activation_steepness)=(0, 0, 0.00000000000000000000e+00) (0, 0, 0.00000000000000000000e+00) (0, 0, 0.00000000000000000000e+00) (0, 0, 0.00000000000000000000e+00) (0, 0, 0.00000000000000000000e+00) (0, 0, 0.00000000000000000000e+00) (0, 0, 0.00000000000000000000e+00) (7, 6, 5.00000000000000000000e-01) (7, 6, 5.00000000000000000000e-01) (7, 6, 5.00000000000000000000e-01) (0, 6, 0.00000000000000000000e+00) (4, 4, 5.00000000000000000000e-01) (0, 4, 0.00000000000000000000e+00) 
connections (connected_to_neuron, weight)=(0, -1.60492646060072319258e+00) (1, -1.62165120319203848176e+00) (2, -1.03937124816296777574e+00) (3, -3.03557219834624469890e-01) (4, -1.26891187466311672338e+00) (5, -1.21213737346789374172e+00) (6, 1.80022782486461507823e+00) (0, 1.56343585802685036690e+00) (1, 1.34783176602268706112e+00) (2, -3.59808587451682404534e+00) (3, 2.29176822079863420356e+01) (4, 9.03975008141035485387e-01) (5, 1.13316517437880759367e+00) (6, -5.86625428229225143184e-01) (0, -1.13144965055847501745e+00) (1, -1.51546362019556268841e+00) (2, -1.05926674959777078477e+00) (3, -4.32085066021977604045e-01) (4, -1.23506985490219078905e+00) (5, -1.28836441629192366420e+00) (6, 1.77863149744056570078e+00) (7, -2.16996280664347516165e+01) (8, 2.50653785631026293501e+00) (9, -2.16932542586468564139e+01) (10, -7.92341264831873060004e-01) 
