FANN_FLO_2.1
num_layers=3
learning_rate=0.700000
connection_rate=1.000000
network_type=0
learning_momentum=0.000000
training_algorithm=2
train_error_function=1
train_stop_function=1
cascade_output_change_fraction=0.010000
quickprop_decay=-0.000100
quickprop_mu=1.750000
rprop_increase_factor=1.200000
rprop_decrease_factor=0.500000
rprop_delta_min=0.000000
rprop_delta_max=50.000000
rprop_delta_zero=0.100000
cascade_output_stagnation_epochs=12
cascade_candidate_change_fraction=0.010000
cascade_candidate_stagnation_epochs=12
cascade_max_out_epochs=150
cascade_min_out_epochs=50
cascade_max_cand_epochs=150
cascade_min_cand_epochs=50
cascade_num_candidate_groups=2
bit_fail_limit=1.00000000000000005551e-01
cascade_candidate_limit=1.00000000000000000000e+03
cascade_weight_multiplier=4.00000000000000022204e-01
cascade_activation_functions_count=10
cascade_activation_functions=3 5 7 8 10 11 14 15 16 17 
cascade_activation_steepnesses_count=4
cascade_activation_steepnesses=2.50000000000000000000e-01 5.00000000000000000000e-01 7.50000000000000000000e-01 1.00000000000000000000e+00 
layer_sizes=15 4 2 
scale_included=0
neurons (num_inputs, activation_function, activation_steepness)=(0, 0, 0.00000000000000000000e+00) (0, 0, 0.00000000000000000000e+00) (0, 0, 0.00000000000000000000e+00) (0, 0, 0.00000000000000000000e+00) (0, 0, 0.00000000000000000000e+00) (0, 0, 0.00000000000000000000e+00) (0, 0, 0.00000000000000000000e+00) (0, 0, 0.00000000000000000000e+00) (0, 0, 0.00000000000000000000e+00) (0, 0, 0.00000000000000000000e+00) (0, 0, 0.00000000000000000000e+00) (0, 0, 0.00000000000000000000e+00) (0, 0, 0.00000000000000000000e+00) (0, 0, 0.00000000000000000000e+00) (0, 0, 0.00000000000000000000e+00) (15, 6, 5.00000000000000000000e-01) (15, 6, 5.00000000000000000000e-01) (15, 6, 5.00000000000000000000e-01) (0, 6, 0.00000000000000000000e+00) (4, 4, 5.00000000000000000000e-01) (0, 4, 0.00000000000000000000e+00) 
connections (connected_to_neuron, weight)=(0, 8.68233687125953252917e+01) (1, -8.70775688335187680877e+00) (2, -2.98173771615425753367e+00) (3, 2.53936940768620389441e-03) (4, 7.98190995483620407969e-02) (5, 8.46600833035889621669e+00) (6, 4.69887177512138975999e+00) (7, -2.01180275690123711030e+00) (8, 2.19266758413436207986e-01) (9, -1.66966160542382766607e+01) (10, -7.97634590448968250342e+00) (11, -2.35182275119357564463e+00) (12, 1.52043097141193239707e+00) (13, 2.39626980682339185691e+00) (14, 1.60647082953206599143e+01) (0, 2.66180365539049867962e+00) (1, -1.12806297187995174802e+00) (2, 3.26334763666401295179e-02) (3, -1.83312769848784551385e+00) (4, 6.34289514858360770067e-02) (5, 3.29964166116530954742e-01) (6, 1.20331906313934561270e-01) (7, -9.84992350330345822762e-01) (8, -2.27556688089028646971e+00) (9, -8.39341534638873065788e-01) (10, -9.52011655964881353675e-01) (11, 1.81904979100390440383e-01) (12, 1.30384872148720132312e-01) (13, 2.90297481158786674360e-01) (14, 6.80724138442152848505e-01) (0, -6.41790985902898380999e+00) (1, 1.90210480368804590867e+00) (2, 5.70736833051200376232e-01) (3, 1.68654998659694799201e+00) (4, 2.18873938009097546153e-01) (5, -3.15539409843915485965e-01) (6, -2.76455777934914714855e-02) (7, 1.06145481104958472329e+00) (8, -7.73129281627448899927e-02) (9, 2.73474346595047501651e+00) (10, 2.49084758872100486826e+00) (11, 7.39555569748789443096e-01) (12, 9.68019646382787951611e-02) (13, -3.66951266948934207157e-01) (14, -1.14704061079131292011e+00) (15, -2.17744038564280995018e+00) (16, -2.17811638027987299893e+01) (17, 8.58913139806643144425e+00) (18, -2.11816831243352421410e+00) 
