FANN_FLO_2.1
num_layers=3
learning_rate=0.700000
connection_rate=1.000000
network_type=0
learning_momentum=0.000000
training_algorithm=2
train_error_function=1
train_stop_function=1
cascade_output_change_fraction=0.010000
quickprop_decay=-0.000100
quickprop_mu=1.750000
rprop_increase_factor=1.200000
rprop_decrease_factor=0.500000
rprop_delta_min=0.000000
rprop_delta_max=50.000000
rprop_delta_zero=0.100000
cascade_output_stagnation_epochs=12
cascade_candidate_change_fraction=0.010000
cascade_candidate_stagnation_epochs=12
cascade_max_out_epochs=150
cascade_min_out_epochs=50
cascade_max_cand_epochs=150
cascade_min_cand_epochs=50
cascade_num_candidate_groups=2
bit_fail_limit=1.00000000000000005551e-01
cascade_candidate_limit=1.00000000000000000000e+03
cascade_weight_multiplier=4.00000000000000022204e-01
cascade_activation_functions_count=10
cascade_activation_functions=3 5 7 8 10 11 14 15 16 17 
cascade_activation_steepnesses_count=4
cascade_activation_steepnesses=2.50000000000000000000e-01 5.00000000000000000000e-01 7.50000000000000000000e-01 1.00000000000000000000e+00 
layer_sizes=9 4 2 
scale_included=0
neurons (num_inputs, activation_function, activation_steepness)=(0, 0, 0.00000000000000000000e+00) (0, 0, 0.00000000000000000000e+00) (0, 0, 0.00000000000000000000e+00) (0, 0, 0.00000000000000000000e+00) (0, 0, 0.00000000000000000000e+00) (0, 0, 0.00000000000000000000e+00) (0, 0, 0.00000000000000000000e+00) (0, 0, 0.00000000000000000000e+00) (0, 0, 0.00000000000000000000e+00) (9, 6, 5.00000000000000000000e-01) (9, 6, 5.00000000000000000000e-01) (9, 6, 5.00000000000000000000e-01) (0, 6, 0.00000000000000000000e+00) (4, 4, 5.00000000000000000000e-01) (0, 4, 0.00000000000000000000e+00) 
connections (connected_to_neuron, weight)=(0, -7.53427898644700722031e-01) (1, 1.43455397668104200903e+00) (2, 1.52523335508714619202e+00) (3, -4.64237036526574872730e-02) (4, -1.02155452599129212277e-01) (5, 4.39336624540648867931e-01) (6, 2.09490965690248165387e-01) (7, 9.62332321874877077983e-02) (8, -5.32324495731888516770e-03) (0, 9.16624613195571491531e+00) (1, -9.30545296736673144267e+00) (2, -9.36801780391811966808e+00) (3, 4.04344093902435286481e+00) (4, -1.26601354810403421425e+00) (5, -2.66500279888839841647e+00) (6, 2.58248048221966286508e-01) (7, 9.92131199752642078948e-01) (8, 9.17706371933135578445e+00) (0, 8.71646305974561208529e+00) (1, -9.32102038927987841532e+00) (2, -9.89092798072075751747e+00) (3, 4.01544702155914290387e+00) (4, 4.29975391058650568965e-01) (5, -2.67681318635057197142e+00) (6, 3.54566539025207960734e-01) (7, 9.74545106356693890959e-01) (8, 9.15964180320415088943e+00) (9, 1.38462654968884857354e+00) (10, -2.80002206326368385803e+00) (11, -2.32361866530749550108e+00) (12, -1.68269272305870143391e+00) 
