FANN_FLO_2.1
num_layers=3
learning_rate=0.700000
connection_rate=1.000000
network_type=0
learning_momentum=0.000000
training_algorithm=2
train_error_function=1
train_stop_function=1
cascade_output_change_fraction=0.010000
quickprop_decay=-0.000100
quickprop_mu=1.750000
rprop_increase_factor=1.200000
rprop_decrease_factor=0.500000
rprop_delta_min=0.000000
rprop_delta_max=50.000000
rprop_delta_zero=0.100000
cascade_output_stagnation_epochs=12
cascade_candidate_change_fraction=0.010000
cascade_candidate_stagnation_epochs=12
cascade_max_out_epochs=150
cascade_min_out_epochs=50
cascade_max_cand_epochs=150
cascade_min_cand_epochs=50
cascade_num_candidate_groups=2
bit_fail_limit=1.00000000000000005551e-01
cascade_candidate_limit=1.00000000000000000000e+03
cascade_weight_multiplier=4.00000000000000022204e-01
cascade_activation_functions_count=10
cascade_activation_functions=3 5 7 8 10 11 14 15 16 17 
cascade_activation_steepnesses_count=4
cascade_activation_steepnesses=2.50000000000000000000e-01 5.00000000000000000000e-01 7.50000000000000000000e-01 1.00000000000000000000e+00 
layer_sizes=15 4 2 
scale_included=0
neurons (num_inputs, activation_function, activation_steepness)=(0, 0, 0.00000000000000000000e+00) (0, 0, 0.00000000000000000000e+00) (0, 0, 0.00000000000000000000e+00) (0, 0, 0.00000000000000000000e+00) (0, 0, 0.00000000000000000000e+00) (0, 0, 0.00000000000000000000e+00) (0, 0, 0.00000000000000000000e+00) (0, 0, 0.00000000000000000000e+00) (0, 0, 0.00000000000000000000e+00) (0, 0, 0.00000000000000000000e+00) (0, 0, 0.00000000000000000000e+00) (0, 0, 0.00000000000000000000e+00) (0, 0, 0.00000000000000000000e+00) (0, 0, 0.00000000000000000000e+00) (0, 0, 0.00000000000000000000e+00) (15, 6, 5.00000000000000000000e-01) (15, 6, 5.00000000000000000000e-01) (15, 6, 5.00000000000000000000e-01) (0, 6, 0.00000000000000000000e+00) (4, 4, 5.00000000000000000000e-01) (0, 4, 0.00000000000000000000e+00) 
connections (connected_to_neuron, weight)=(0, 1.65567717055194485454e+00) (1, -7.19077032558327111644e+00) (2, 1.66224675724618542461e+00) (3, -3.17709088759408175839e-01) (4, 1.68336514534968839651e-01) (5, 1.77822180191390621928e+00) (6, 1.82119540969245541362e+00) (7, 9.46809157031060721899e-01) (8, -2.72413425581441104306e-01) (9, -3.04880828099236667050e-01) (10, -7.07140330724125298900e+00) (11, 1.20793437642475276483e+00) (12, -7.16037664316301736278e+00) (13, 8.63650980452492667006e-01) (14, 1.78380270401351559428e+00) (0, -1.52376562906247259299e+00) (1, 7.19699071101551446361e+00) (2, -8.54143008497857625372e-01) (3, 2.07708719883475528833e-01) (4, -4.07793594170707041080e-01) (5, -1.20100486566043884729e+00) (6, -1.13317092050529533154e+00) (7, -7.35719151703023488409e-01) (8, 2.24864948306594120142e-01) (9, -2.36677590993537995123e-01) (10, 7.10417552046184930248e+00) (11, -7.22338907328748280889e-01) (12, 7.09193534902935418529e+00) (13, -4.78178267944949442203e-01) (14, -1.63337818709951498874e+00) (0, -5.50261266617422181713e-02) (1, 1.20819842488399187275e+00) (2, -4.13882695634948463703e-02) (3, 3.00505534550821795658e-01) (4, 2.02388447480440464288e-01) (5, -1.22443755724871622403e-01) (6, -1.07913812258685098966e-01) (7, 8.25659238105797693708e-02) (8, 2.28813205650722939488e-01) (9, 2.97661461672461047367e-01) (10, 1.23617713571420351215e+00) (11, 1.73651924014666114715e-01) (12, 1.26489327520957628437e+00) (13, 1.58847888589479957488e-01) (14, -9.53014955012445458271e-02) (15, -1.59128865403872588047e+00) (16, 3.66411598065704025018e+00) (17, 1.09453307372561003952e+00) (18, -1.53535743607026198276e+00) 
