FANN_FLO_2.1
num_layers=3
learning_rate=0.700000
connection_rate=1.000000
network_type=0
learning_momentum=0.000000
training_algorithm=2
train_error_function=1
train_stop_function=1
cascade_output_change_fraction=0.010000
quickprop_decay=-0.000100
quickprop_mu=1.750000
rprop_increase_factor=1.200000
rprop_decrease_factor=0.500000
rprop_delta_min=0.000000
rprop_delta_max=50.000000
rprop_delta_zero=0.100000
cascade_output_stagnation_epochs=12
cascade_candidate_change_fraction=0.010000
cascade_candidate_stagnation_epochs=12
cascade_max_out_epochs=150
cascade_min_out_epochs=50
cascade_max_cand_epochs=150
cascade_min_cand_epochs=50
cascade_num_candidate_groups=2
bit_fail_limit=1.00000000000000005551e-01
cascade_candidate_limit=1.00000000000000000000e+03
cascade_weight_multiplier=4.00000000000000022204e-01
cascade_activation_functions_count=10
cascade_activation_functions=3 5 7 8 10 11 14 15 16 17 
cascade_activation_steepnesses_count=4
cascade_activation_steepnesses=2.50000000000000000000e-01 5.00000000000000000000e-01 7.50000000000000000000e-01 1.00000000000000000000e+00 
layer_sizes=17 4 2 
scale_included=0
neurons (num_inputs, activation_function, activation_steepness)=(0, 0, 0.00000000000000000000e+00) (0, 0, 0.00000000000000000000e+00) (0, 0, 0.00000000000000000000e+00) (0, 0, 0.00000000000000000000e+00) (0, 0, 0.00000000000000000000e+00) (0, 0, 0.00000000000000000000e+00) (0, 0, 0.00000000000000000000e+00) (0, 0, 0.00000000000000000000e+00) (0, 0, 0.00000000000000000000e+00) (0, 0, 0.00000000000000000000e+00) (0, 0, 0.00000000000000000000e+00) (0, 0, 0.00000000000000000000e+00) (0, 0, 0.00000000000000000000e+00) (0, 0, 0.00000000000000000000e+00) (0, 0, 0.00000000000000000000e+00) (0, 0, 0.00000000000000000000e+00) (0, 0, 0.00000000000000000000e+00) (17, 6, 5.00000000000000000000e-01) (17, 6, 5.00000000000000000000e-01) (17, 6, 5.00000000000000000000e-01) (0, 6, 0.00000000000000000000e+00) (4, 4, 5.00000000000000000000e-01) (0, 4, 0.00000000000000000000e+00) 
connections (connected_to_neuron, weight)=(0, 4.32220952381575873602e+00) (1, -2.94333433904670682679e+00) (2, 1.50040070545437309590e+00) (3, -2.22526111779984780981e+00) (4, -2.36646103152104814171e+00) (5, 5.89932273050164157624e-01) (6, 1.25796353670639460276e+00) (7, -3.33933281735195786055e+00) (8, -1.45493412864137666718e-01) (9, 5.86143009792338909314e-01) (10, 2.01428640177362439090e+00) (11, -2.13823209793617463603e+00) (12, -3.00204557948619499275e-01) (13, 8.03109312547157783158e-01) (14, -2.62750145206889351712e+00) (15, -8.90008940768065137661e-01) (16, 2.35136075851154924266e+00) (0, -4.77654998583055712125e-01) (1, 3.92243075499577154019e-01) (2, 2.28229865145419930084e-01) (3, 4.28393843150161046651e-01) (4, 5.83988075740943468617e-01) (5, 1.04010599017832133795e-01) (6, 1.77367274201044672344e-01) (7, 3.12610990625306617297e-01) (8, 2.02008361509746825480e-01) (9, 1.40488436020868079357e-01) (10, 1.02986740062671652818e-01) (11, 9.32926096212058242330e-01) (12, 1.84065854781508830840e-01) (13, 1.87253829219732964573e-01) (14, 3.22102339305215090715e-01) (15, 1.80256334979696036802e-01) (16, 7.51177161034390084016e-02) (0, -6.07608967933779609005e-01) (1, 2.82921757958879815931e+00) (2, -3.40091960947251414904e-01) (3, 7.26904597037156374739e-01) (4, 1.37688077633439642788e+00) (5, -5.64867671366109519449e-02) (6, 1.68971963432023974949e-01) (7, 1.05121339670755098439e+00) (8, 3.30522139369791856378e-01) (9, 3.54222769920615521144e-01) (10, 3.34503775696573468768e-01) (11, 3.84583666440800220343e-01) (12, 4.39474060741908922889e-01) (13, 2.14767550183337291303e-01) (14, 2.12768256559616997237e+00) (15, 3.32989103961700949608e-01) (16, -6.84773059103613745968e-01) (17, -2.35519549232260843041e+01) (18, 1.58836142580225520016e-01) (19, 2.63899850980179984106e+00) (20, -1.65650344126159176916e+00) 
