FANN_FLO_2.1
num_layers=3
learning_rate=0.700000
connection_rate=1.000000
network_type=0
learning_momentum=0.000000
training_algorithm=2
train_error_function=1
train_stop_function=1
cascade_output_change_fraction=0.010000
quickprop_decay=-0.000100
quickprop_mu=1.750000
rprop_increase_factor=1.200000
rprop_decrease_factor=0.500000
rprop_delta_min=0.000000
rprop_delta_max=50.000000
rprop_delta_zero=0.100000
cascade_output_stagnation_epochs=12
cascade_candidate_change_fraction=0.010000
cascade_candidate_stagnation_epochs=12
cascade_max_out_epochs=150
cascade_min_out_epochs=50
cascade_max_cand_epochs=150
cascade_min_cand_epochs=50
cascade_num_candidate_groups=2
bit_fail_limit=1.00000000000000005551e-01
cascade_candidate_limit=1.00000000000000000000e+03
cascade_weight_multiplier=4.00000000000000022204e-01
cascade_activation_functions_count=10
cascade_activation_functions=3 5 7 8 10 11 14 15 16 17 
cascade_activation_steepnesses_count=4
cascade_activation_steepnesses=2.50000000000000000000e-01 5.00000000000000000000e-01 7.50000000000000000000e-01 1.00000000000000000000e+00 
layer_sizes=11 4 2 
scale_included=0
neurons (num_inputs, activation_function, activation_steepness)=(0, 0, 0.00000000000000000000e+00) (0, 0, 0.00000000000000000000e+00) (0, 0, 0.00000000000000000000e+00) (0, 0, 0.00000000000000000000e+00) (0, 0, 0.00000000000000000000e+00) (0, 0, 0.00000000000000000000e+00) (0, 0, 0.00000000000000000000e+00) (0, 0, 0.00000000000000000000e+00) (0, 0, 0.00000000000000000000e+00) (0, 0, 0.00000000000000000000e+00) (0, 0, 0.00000000000000000000e+00) (11, 6, 5.00000000000000000000e-01) (11, 6, 5.00000000000000000000e-01) (11, 6, 5.00000000000000000000e-01) (0, 6, 0.00000000000000000000e+00) (4, 4, 5.00000000000000000000e-01) (0, 4, 0.00000000000000000000e+00) 
connections (connected_to_neuron, weight)=(0, -1.36371599749626537523e+00) (1, 1.41301998830030628440e+00) (2, 1.85567442521271441791e+00) (3, 1.12633362377040038838e-01) (4, -3.84711987348321571289e-01) (5, -1.49357489115899655374e+00) (6, -3.37176355283646367322e-01) (7, 7.20901127660045437651e-01) (8, 1.46386075910567714509e+00) (9, 2.22567251207879523989e+00) (10, -1.28416825697721859179e+00) (0, 2.03953920574495750628e+00) (1, -3.51744590112620492128e-01) (2, -1.43933430122292893572e+00) (3, 1.98698613978538385361e-01) (4, 1.31103332419817131260e+00) (5, 1.73643668535110351492e+00) (6, 1.22510939700374432704e+00) (7, 9.36513487279508538563e+00) (8, 3.09696404116770018788e+00) (9, -1.53102457496845345553e+00) (10, 2.13930989699075224664e+00) (0, -1.29439912603201290331e+00) (1, 1.41626651174019047019e+00) (2, 1.94357201650557209760e+00) (3, 1.02056696975581298603e-01) (4, -3.00528130503419532715e-01) (5, -1.56506342060273739847e+00) (6, -3.96818990569500817944e-01) (7, 9.63938264193311633576e-01) (8, 1.45498460676907970246e+00) (9, 2.15796135994246984779e+00) (10, -1.34662033484281917772e+00) (11, 1.61080492527790788415e+01) (12, -1.34961431340279003344e+00) (13, 1.60969291569300416711e+01) (14, -1.34015332029165645800e+00) 
