FANN_FLO_2.1
num_layers=3
learning_rate=0.700000
connection_rate=1.000000
network_type=0
learning_momentum=0.000000
training_algorithm=2
train_error_function=1
train_stop_function=1
cascade_output_change_fraction=0.010000
quickprop_decay=-0.000100
quickprop_mu=1.750000
rprop_increase_factor=1.200000
rprop_decrease_factor=0.500000
rprop_delta_min=0.000000
rprop_delta_max=50.000000
rprop_delta_zero=0.100000
cascade_output_stagnation_epochs=12
cascade_candidate_change_fraction=0.010000
cascade_candidate_stagnation_epochs=12
cascade_max_out_epochs=150
cascade_min_out_epochs=50
cascade_max_cand_epochs=150
cascade_min_cand_epochs=50
cascade_num_candidate_groups=2
bit_fail_limit=1.00000000000000005551e-01
cascade_candidate_limit=1.00000000000000000000e+03
cascade_weight_multiplier=4.00000000000000022204e-01
cascade_activation_functions_count=10
cascade_activation_functions=3 5 7 8 10 11 14 15 16 17 
cascade_activation_steepnesses_count=4
cascade_activation_steepnesses=2.50000000000000000000e-01 5.00000000000000000000e-01 7.50000000000000000000e-01 1.00000000000000000000e+00 
layer_sizes=12 4 2 
scale_included=0
neurons (num_inputs, activation_function, activation_steepness)=(0, 0, 0.00000000000000000000e+00) (0, 0, 0.00000000000000000000e+00) (0, 0, 0.00000000000000000000e+00) (0, 0, 0.00000000000000000000e+00) (0, 0, 0.00000000000000000000e+00) (0, 0, 0.00000000000000000000e+00) (0, 0, 0.00000000000000000000e+00) (0, 0, 0.00000000000000000000e+00) (0, 0, 0.00000000000000000000e+00) (0, 0, 0.00000000000000000000e+00) (0, 0, 0.00000000000000000000e+00) (0, 0, 0.00000000000000000000e+00) (12, 6, 5.00000000000000000000e-01) (12, 6, 5.00000000000000000000e-01) (12, 6, 5.00000000000000000000e-01) (0, 6, 0.00000000000000000000e+00) (4, 4, 5.00000000000000000000e-01) (0, 4, 0.00000000000000000000e+00) 
connections (connected_to_neuron, weight)=(0, 1.28084363424534375397e+00) (1, -1.32213394375869053299e+00) (2, -2.48187283043322937104e+00) (3, 3.30877150478729609162e+00) (4, -1.55945921368748985358e+00) (5, -2.35303793687526097145e+00) (6, -2.79277263349831772477e-01) (7, -2.96855990541606495903e-01) (8, 1.45531860427484723702e-02) (9, 3.40260700544226324382e+00) (10, -5.44990907714749006630e-01) (11, 1.36574668073410565583e+00) (0, 1.25062045836205060212e+00) (1, -1.42948661776610630447e+00) (2, -2.28252170091382611261e+00) (3, 2.35333936833847667813e+00) (4, -6.26014644901115469011e-01) (5, -2.48857702899876942482e+00) (6, -4.01300331718266678482e-01) (7, -3.21699117077022145317e-01) (8, 5.58456455036263586800e-03) (9, 2.39608934063744882792e+00) (10, -6.10948841379070906044e-01) (11, 1.32864174628014164448e+00) (0, 1.18828276180977399079e+00) (1, -1.47922761025258320267e+00) (2, -2.36045060908309567438e+00) (3, 2.38971080803383495450e+00) (4, -6.82051228980381063494e-01) (5, -2.51355572629872670021e+00) (6, -4.15194010502636989823e-01) (7, -2.48564381850390980766e-01) (8, 5.33536342219934900388e-02) (9, 2.59454651523466450769e+00) (10, -5.74082034931564955116e-01) (11, 1.35759872579330975739e+00) (12, -2.09027154499686247391e+01) (13, -9.68570357003922488559e+00) (14, -9.63834446856493975986e+00) (15, -1.05655639574705806361e+00) 
