FANN_FLO_2.1
num_layers=3
learning_rate=0.700000
connection_rate=1.000000
network_type=0
learning_momentum=0.000000
training_algorithm=2
train_error_function=1
train_stop_function=1
cascade_output_change_fraction=0.010000
quickprop_decay=-0.000100
quickprop_mu=1.750000
rprop_increase_factor=1.200000
rprop_decrease_factor=0.500000
rprop_delta_min=0.000000
rprop_delta_max=50.000000
rprop_delta_zero=0.100000
cascade_output_stagnation_epochs=12
cascade_candidate_change_fraction=0.010000
cascade_candidate_stagnation_epochs=12
cascade_max_out_epochs=150
cascade_min_out_epochs=50
cascade_max_cand_epochs=150
cascade_min_cand_epochs=50
cascade_num_candidate_groups=2
bit_fail_limit=1.00000000000000005551e-01
cascade_candidate_limit=1.00000000000000000000e+03
cascade_weight_multiplier=4.00000000000000022204e-01
cascade_activation_functions_count=10
cascade_activation_functions=3 5 7 8 10 11 14 15 16 17 
cascade_activation_steepnesses_count=4
cascade_activation_steepnesses=2.50000000000000000000e-01 5.00000000000000000000e-01 7.50000000000000000000e-01 1.00000000000000000000e+00 
layer_sizes=12 4 2 
scale_included=0
neurons (num_inputs, activation_function, activation_steepness)=(0, 0, 0.00000000000000000000e+00) (0, 0, 0.00000000000000000000e+00) (0, 0, 0.00000000000000000000e+00) (0, 0, 0.00000000000000000000e+00) (0, 0, 0.00000000000000000000e+00) (0, 0, 0.00000000000000000000e+00) (0, 0, 0.00000000000000000000e+00) (0, 0, 0.00000000000000000000e+00) (0, 0, 0.00000000000000000000e+00) (0, 0, 0.00000000000000000000e+00) (0, 0, 0.00000000000000000000e+00) (0, 0, 0.00000000000000000000e+00) (12, 6, 5.00000000000000000000e-01) (12, 6, 5.00000000000000000000e-01) (12, 6, 5.00000000000000000000e-01) (0, 6, 0.00000000000000000000e+00) (4, 4, 5.00000000000000000000e-01) (0, 4, 0.00000000000000000000e+00) 
connections (connected_to_neuron, weight)=(0, 1.06962918440665921693e+00) (1, 9.14746368769888795747e-01) (2, -1.22779565068983469445e+01) (3, 8.82425021470580439598e-01) (4, 3.54487026457332543572e-01) (5, 8.44307411961014664392e-01) (6, -1.23294807362460527855e+01) (7, 1.22984824899789835229e+00) (8, 9.37599745146687424402e-01) (9, -3.07213976170360836271e-01) (10, 1.15251630273510929925e+00) (11, 9.72165658574959734572e-01) (0, 1.26058487158415886142e+01) (1, -1.33833280956162958830e+01) (2, -1.06655656366334383733e+01) (3, 2.67116327313532320176e+00) (4, 1.71626171881318478896e+00) (5, 1.76404899424343208914e+00) (6, -9.02601418054904414134e+00) (7, 2.17050808361727876061e+00) (8, 1.07139892539761660828e+00) (9, -2.67294246134999324838e+00) (10, 1.14148488033191775060e+01) (11, 1.15782332414799764564e+01) (0, 1.82355307239143478171e+01) (1, -1.74462213199993776414e+01) (2, -1.65269017008067820029e+01) (3, 2.39423798810280308302e+00) (4, -2.24881319720621544733e-02) (5, -1.24793644227877392749e-01) (6, -1.40941270577073858306e+01) (7, 2.42643142642190001723e+00) (8, -9.62006132131021485243e-01) (9, -4.72207231347513456399e+00) (10, 2.32292371596651285870e+01) (11, 1.83328376161901580588e+01) (12, -2.31620068343595608695e+00) (13, -1.88048918730441849689e+00) (14, -1.89671257323447983723e+00) (15, -1.56723670933516712189e+00) 
