FANN_FLO_2.1
num_layers=3
learning_rate=0.700000
connection_rate=1.000000
network_type=0
learning_momentum=0.000000
training_algorithm=2
train_error_function=1
train_stop_function=1
cascade_output_change_fraction=0.010000
quickprop_decay=-0.000100
quickprop_mu=1.750000
rprop_increase_factor=1.200000
rprop_decrease_factor=0.500000
rprop_delta_min=0.000000
rprop_delta_max=50.000000
rprop_delta_zero=0.100000
cascade_output_stagnation_epochs=12
cascade_candidate_change_fraction=0.010000
cascade_candidate_stagnation_epochs=12
cascade_max_out_epochs=150
cascade_min_out_epochs=50
cascade_max_cand_epochs=150
cascade_min_cand_epochs=50
cascade_num_candidate_groups=2
bit_fail_limit=1.00000000000000005551e-01
cascade_candidate_limit=1.00000000000000000000e+03
cascade_weight_multiplier=4.00000000000000022204e-01
cascade_activation_functions_count=10
cascade_activation_functions=3 5 7 8 10 11 14 15 16 17 
cascade_activation_steepnesses_count=4
cascade_activation_steepnesses=2.50000000000000000000e-01 5.00000000000000000000e-01 7.50000000000000000000e-01 1.00000000000000000000e+00 
layer_sizes=6 4 2 
scale_included=0
neurons (num_inputs, activation_function, activation_steepness)=(0, 0, 0.00000000000000000000e+00) (0, 0, 0.00000000000000000000e+00) (0, 0, 0.00000000000000000000e+00) (0, 0, 0.00000000000000000000e+00) (0, 0, 0.00000000000000000000e+00) (0, 0, 0.00000000000000000000e+00) (6, 6, 5.00000000000000000000e-01) (6, 6, 5.00000000000000000000e-01) (6, 6, 5.00000000000000000000e-01) (0, 6, 0.00000000000000000000e+00) (4, 4, 5.00000000000000000000e-01) (0, 4, 0.00000000000000000000e+00) 
connections (connected_to_neuron, weight)=(0, -8.67862122569275529216e-01) (1, 1.04100948774807422481e+00) (2, 1.57635592024407622525e+00) (3, 1.17255287783530226520e+00) (4, 4.18032237657537475428e+00) (5, -1.45964663483453827020e+00) (0, 1.30840237980755680347e+00) (1, -9.31421894809249750757e-01) (2, -2.53381752811176585993e-01) (3, -4.13505592566841606583e+00) (4, -3.77891178970625407629e-01) (5, 1.93081976056524040608e+00) (0, -2.34668082388615051315e+00) (1, 3.13283087239453550410e+00) (2, 2.46933187047665514413e+00) (3, 2.88845175567267009598e+00) (4, 3.18014500498934715722e+00) (5, -4.62023190152612261983e+00) (6, 1.13043857205512643382e+00) (7, -2.71943251215228976037e+01) (8, 3.99605511933955241943e+01) (9, -1.79342489440593033656e+00) 
