FANN_FLO_2.1
num_layers=3
learning_rate=0.700000
connection_rate=1.000000
network_type=0
learning_momentum=0.000000
training_algorithm=2
train_error_function=1
train_stop_function=1
cascade_output_change_fraction=0.010000
quickprop_decay=-0.000100
quickprop_mu=1.750000
rprop_increase_factor=1.200000
rprop_decrease_factor=0.500000
rprop_delta_min=0.000000
rprop_delta_max=50.000000
rprop_delta_zero=0.100000
cascade_output_stagnation_epochs=12
cascade_candidate_change_fraction=0.010000
cascade_candidate_stagnation_epochs=12
cascade_max_out_epochs=150
cascade_min_out_epochs=50
cascade_max_cand_epochs=150
cascade_min_cand_epochs=50
cascade_num_candidate_groups=2
bit_fail_limit=1.00000000000000005551e-01
cascade_candidate_limit=1.00000000000000000000e+03
cascade_weight_multiplier=4.00000000000000022204e-01
cascade_activation_functions_count=10
cascade_activation_functions=3 5 7 8 10 11 14 15 16 17 
cascade_activation_steepnesses_count=4
cascade_activation_steepnesses=2.50000000000000000000e-01 5.00000000000000000000e-01 7.50000000000000000000e-01 1.00000000000000000000e+00 
layer_sizes=12 4 2 
scale_included=0
neurons (num_inputs, activation_function, activation_steepness)=(0, 0, 0.00000000000000000000e+00) (0, 0, 0.00000000000000000000e+00) (0, 0, 0.00000000000000000000e+00) (0, 0, 0.00000000000000000000e+00) (0, 0, 0.00000000000000000000e+00) (0, 0, 0.00000000000000000000e+00) (0, 0, 0.00000000000000000000e+00) (0, 0, 0.00000000000000000000e+00) (0, 0, 0.00000000000000000000e+00) (0, 0, 0.00000000000000000000e+00) (0, 0, 0.00000000000000000000e+00) (0, 0, 0.00000000000000000000e+00) (12, 6, 5.00000000000000000000e-01) (12, 6, 5.00000000000000000000e-01) (12, 6, 5.00000000000000000000e-01) (0, 6, 0.00000000000000000000e+00) (4, 4, 5.00000000000000000000e-01) (0, 4, 0.00000000000000000000e+00) 
connections (connected_to_neuron, weight)=(0, 3.10549315308703288707e+00) (1, -3.17661309153109172598e+00) (2, -3.51155308464029314308e+00) (3, 2.58311905088732896019e+00) (4, -7.07829293234619294495e-01) (5, -3.94960314080293084515e-01) (6, -3.30007328493485463383e+00) (7, 1.20620190298777840709e+00) (8, 1.37817409346272290449e+00) (9, -8.36252846194776244815e-01) (10, 3.02818828421224628400e+00) (11, 3.09950997923983440074e+00) (0, -3.91600913609852552266e-01) (1, 2.01831605985468356956e-02) (2, 5.34669288060113423455e+00) (3, 2.28200497310786371008e-01) (4, 5.29864201747979657320e-01) (5, 7.25015551439138872247e-01) (6, 1.09902140748313748020e+01) (7, 2.84336399210427970274e-01) (8, 3.60434227115247307616e-01) (9, 9.47276013506061609348e-01) (10, -3.75950604210880334755e-01) (11, -3.87366244643571722150e-01) (0, -7.41131443513774579301e-01) (1, 3.54543055911587690066e-01) (2, 2.57011210230621234274e+00) (3, 5.09615117387167582130e-01) (4, 8.03106880208393159037e-01) (5, 8.85174556051650518462e-01) (6, 4.71470266167380813727e+00) (7, 1.55118575430662342107e+00) (8, 1.35799436039739496174e+00) (9, 9.33203016552253239446e-01) (10, -7.12291133185248503956e-01) (11, -7.96501237882518475786e-01) (12, -1.23143857157993252827e+01) (13, 1.12013659836467938113e+00) (14, 2.65411719530044809545e+00) (15, -2.03046387837682607014e+00) 
