FANN_FLO_2.1
num_layers=3
learning_rate=0.700000
connection_rate=1.000000
network_type=0
learning_momentum=0.000000
training_algorithm=2
train_error_function=1
train_stop_function=1
cascade_output_change_fraction=0.010000
quickprop_decay=-0.000100
quickprop_mu=1.750000
rprop_increase_factor=1.200000
rprop_decrease_factor=0.500000
rprop_delta_min=0.000000
rprop_delta_max=50.000000
rprop_delta_zero=0.100000
cascade_output_stagnation_epochs=12
cascade_candidate_change_fraction=0.010000
cascade_candidate_stagnation_epochs=12
cascade_max_out_epochs=150
cascade_min_out_epochs=50
cascade_max_cand_epochs=150
cascade_min_cand_epochs=50
cascade_num_candidate_groups=2
bit_fail_limit=1.00000000000000005551e-01
cascade_candidate_limit=1.00000000000000000000e+03
cascade_weight_multiplier=4.00000000000000022204e-01
cascade_activation_functions_count=10
cascade_activation_functions=3 5 7 8 10 11 14 15 16 17 
cascade_activation_steepnesses_count=4
cascade_activation_steepnesses=2.50000000000000000000e-01 5.00000000000000000000e-01 7.50000000000000000000e-01 1.00000000000000000000e+00 
layer_sizes=12 4 2 
scale_included=0
neurons (num_inputs, activation_function, activation_steepness)=(0, 0, 0.00000000000000000000e+00) (0, 0, 0.00000000000000000000e+00) (0, 0, 0.00000000000000000000e+00) (0, 0, 0.00000000000000000000e+00) (0, 0, 0.00000000000000000000e+00) (0, 0, 0.00000000000000000000e+00) (0, 0, 0.00000000000000000000e+00) (0, 0, 0.00000000000000000000e+00) (0, 0, 0.00000000000000000000e+00) (0, 0, 0.00000000000000000000e+00) (0, 0, 0.00000000000000000000e+00) (0, 0, 0.00000000000000000000e+00) (12, 6, 5.00000000000000000000e-01) (12, 6, 5.00000000000000000000e-01) (12, 6, 5.00000000000000000000e-01) (0, 6, 0.00000000000000000000e+00) (4, 4, 5.00000000000000000000e-01) (0, 4, 0.00000000000000000000e+00) 
connections (connected_to_neuron, weight)=(0, 2.89062261821761667946e+00) (1, -3.05210270573841846442e+00) (2, -4.52957109413882452742e+00) (3, 1.23645577500425973838e+00) (4, 3.21733640596705727788e+00) (5, -2.64016909963057244681e+00) (6, -1.51914053181183561492e+00) (7, 5.04955282362802559959e+00) (8, -2.34800889516703659154e+00) (9, -2.28447536562287201178e+00) (10, -2.23389964570042032221e+00) (11, 2.75433414623147543310e+00) (0, -1.29756918655438169274e+00) (1, -9.35282067088023194579e-01) (2, 2.42465737891348851463e+01) (3, 5.64980776168793052960e-01) (4, 1.70837719912012020451e-01) (5, 3.54212540334889525173e-01) (6, 3.54593119133560419343e+00) (7, 9.48289250718851284283e-01) (8, 3.73329316544063871675e-01) (9, -2.56276309754249354000e+00) (10, -4.77068504573654683654e-01) (11, -8.99516936033494141078e-01) (0, 2.56014003327936986998e-02) (1, 2.16565987084258582129e+00) (2, 2.26864515729775240160e+00) (3, -1.04931191414445276755e-01) (4, -9.00725263094100392358e-01) (5, 8.37698998971111996603e-01) (6, 6.31491944585519049404e-01) (7, -1.08748612152891555027e+00) (8, 3.47734584156799697574e-01) (9, 3.82661593727954163491e-01) (10, 5.69320290822642416373e+00) (11, 1.66385606277275575893e-03) (12, -1.80433332637056871306e+01) (13, 2.49626947484004224620e+00) (14, 1.52557878470682117822e+00) (15, -1.79827977040652120522e+00) 
