FANN_FLO_2.1
num_layers=3
learning_rate=0.700000
connection_rate=1.000000
network_type=0
learning_momentum=0.000000
training_algorithm=2
train_error_function=1
train_stop_function=1
cascade_output_change_fraction=0.010000
quickprop_decay=-0.000100
quickprop_mu=1.750000
rprop_increase_factor=1.200000
rprop_decrease_factor=0.500000
rprop_delta_min=0.000000
rprop_delta_max=50.000000
rprop_delta_zero=0.100000
cascade_output_stagnation_epochs=12
cascade_candidate_change_fraction=0.010000
cascade_candidate_stagnation_epochs=12
cascade_max_out_epochs=150
cascade_min_out_epochs=50
cascade_max_cand_epochs=150
cascade_min_cand_epochs=50
cascade_num_candidate_groups=2
bit_fail_limit=1.00000000000000005551e-01
cascade_candidate_limit=1.00000000000000000000e+03
cascade_weight_multiplier=4.00000000000000022204e-01
cascade_activation_functions_count=10
cascade_activation_functions=3 5 7 8 10 11 14 15 16 17 
cascade_activation_steepnesses_count=4
cascade_activation_steepnesses=2.50000000000000000000e-01 5.00000000000000000000e-01 7.50000000000000000000e-01 1.00000000000000000000e+00 
layer_sizes=8 4 2 
scale_included=0
neurons (num_inputs, activation_function, activation_steepness)=(0, 0, 0.00000000000000000000e+00) (0, 0, 0.00000000000000000000e+00) (0, 0, 0.00000000000000000000e+00) (0, 0, 0.00000000000000000000e+00) (0, 0, 0.00000000000000000000e+00) (0, 0, 0.00000000000000000000e+00) (0, 0, 0.00000000000000000000e+00) (0, 0, 0.00000000000000000000e+00) (8, 6, 5.00000000000000000000e-01) (8, 6, 5.00000000000000000000e-01) (8, 6, 5.00000000000000000000e-01) (0, 6, 0.00000000000000000000e+00) (4, 4, 5.00000000000000000000e-01) (0, 4, 0.00000000000000000000e+00) 
connections (connected_to_neuron, weight)=(0, -1.30289190689548223245e-01) (1, 9.38575425706066668319e-01) (2, 4.02456724848162028518e-01) (3, 1.04859516356018214744e-01) (4, -3.80758937859267052040e-02) (5, 7.71660063004762086791e-02) (6, 8.05424157119065814436e-02) (7, -1.45931821970659958421e-01) (0, -1.66390752857092083516e+00) (1, 3.95756776780901242674e+00) (2, 6.77588082444577910479e-02) (3, -1.21819323225345832462e+00) (4, -8.67324214427272255357e-01) (5, -1.26953291661040412741e+00) (6, -1.18150514877335655051e+00) (7, -1.70150546049240292135e+00) (0, -6.14988100066563680990e-01) (1, 2.39038133413915243608e+00) (2, 9.24234811443188364333e-02) (3, -2.95351103267195935764e-01) (4, -3.59800882956507916965e-01) (5, -1.93553299030783915180e-01) (6, -2.70590856990340467014e-01) (7, -7.75781844014217458749e-01) (8, 3.35718582323607184215e-01) (9, 6.13987158867058013811e+00) (10, 4.74946998547522269973e+00) (11, -1.79496253343816802861e+00) 
