FANN_FLO_2.1
num_layers=3
learning_rate=0.700000
connection_rate=1.000000
network_type=0
learning_momentum=0.000000
training_algorithm=2
train_error_function=1
train_stop_function=1
cascade_output_change_fraction=0.010000
quickprop_decay=-0.000100
quickprop_mu=1.750000
rprop_increase_factor=1.200000
rprop_decrease_factor=0.500000
rprop_delta_min=0.000000
rprop_delta_max=50.000000
rprop_delta_zero=0.100000
cascade_output_stagnation_epochs=12
cascade_candidate_change_fraction=0.010000
cascade_candidate_stagnation_epochs=12
cascade_max_out_epochs=150
cascade_min_out_epochs=50
cascade_max_cand_epochs=150
cascade_min_cand_epochs=50
cascade_num_candidate_groups=2
bit_fail_limit=1.00000000000000005551e-01
cascade_candidate_limit=1.00000000000000000000e+03
cascade_weight_multiplier=4.00000000000000022204e-01
cascade_activation_functions_count=10
cascade_activation_functions=3 5 7 8 10 11 14 15 16 17 
cascade_activation_steepnesses_count=4
cascade_activation_steepnesses=2.50000000000000000000e-01 5.00000000000000000000e-01 7.50000000000000000000e-01 1.00000000000000000000e+00 
layer_sizes=12 4 2 
scale_included=0
neurons (num_inputs, activation_function, activation_steepness)=(0, 0, 0.00000000000000000000e+00) (0, 0, 0.00000000000000000000e+00) (0, 0, 0.00000000000000000000e+00) (0, 0, 0.00000000000000000000e+00) (0, 0, 0.00000000000000000000e+00) (0, 0, 0.00000000000000000000e+00) (0, 0, 0.00000000000000000000e+00) (0, 0, 0.00000000000000000000e+00) (0, 0, 0.00000000000000000000e+00) (0, 0, 0.00000000000000000000e+00) (0, 0, 0.00000000000000000000e+00) (0, 0, 0.00000000000000000000e+00) (12, 6, 5.00000000000000000000e-01) (12, 6, 5.00000000000000000000e-01) (12, 6, 5.00000000000000000000e-01) (0, 6, 0.00000000000000000000e+00) (4, 4, 5.00000000000000000000e-01) (0, 4, 0.00000000000000000000e+00) 
connections (connected_to_neuron, weight)=(0, -1.72459641663993107352e-01) (1, 7.44545012469819966761e-01) (2, -1.17763643672169449061e+00) (3, -2.47906171889127469044e+00) (4, -6.25978454106862480799e-01) (5, 9.77394373616525440410e-04) (6, 2.62742927954134120050e-01) (7, 8.10920588315720114458e-01) (8, -1.15528094338331976942e+00) (9, 2.79387018368181361261e-01) (10, 9.01157097455591138413e-01) (11, 1.25980750921052098157e+00) (0, -3.14529676715428463396e+00) (1, -4.98948242706015676617e+01) (2, -6.84016806811688415912e-01) (3, -1.81586771927474255328e+00) (4, -1.18539379821412294014e+00) (5, 2.76211661925541973606e-01) (6, 1.34892253720416799290e+00) (7, -1.05684889571224559290e+02) (8, -8.44780282189462328191e-01) (9, 1.29607099437370121287e+00) (10, -5.46736391446271099426e+01) (11, -1.82331859059172846083e-01) (0, 1.59665545053803263897e+01) (1, 9.69244802226766566378e-01) (2, -3.20058589178272612230e+00) (3, -1.96971948026952077271e+01) (4, -1.37474008028022876005e+00) (5, -1.77584804385483896461e+00) (6, -1.30670909404885593474e+00) (7, 1.85534222823073413622e+00) (8, -3.05709121697150365549e+00) (9, -1.31012357592713657439e+00) (10, 1.90610277656842752592e+00) (11, 2.12733757146878943445e+00) (12, 1.18862992884171152497e+01) (13, 2.42357275827765583642e+00) (14, -8.32959700932710767063e+00) (15, -2.44581374761855574462e+00) 
