FANN_FLO_2.1
num_layers=3
learning_rate=0.700000
connection_rate=1.000000
network_type=0
learning_momentum=0.000000
training_algorithm=2
train_error_function=1
train_stop_function=1
cascade_output_change_fraction=0.010000
quickprop_decay=-0.000100
quickprop_mu=1.750000
rprop_increase_factor=1.200000
rprop_decrease_factor=0.500000
rprop_delta_min=0.000000
rprop_delta_max=50.000000
rprop_delta_zero=0.100000
cascade_output_stagnation_epochs=12
cascade_candidate_change_fraction=0.010000
cascade_candidate_stagnation_epochs=12
cascade_max_out_epochs=150
cascade_min_out_epochs=50
cascade_max_cand_epochs=150
cascade_min_cand_epochs=50
cascade_num_candidate_groups=2
bit_fail_limit=1.00000000000000005551e-01
cascade_candidate_limit=1.00000000000000000000e+03
cascade_weight_multiplier=4.00000000000000022204e-01
cascade_activation_functions_count=10
cascade_activation_functions=3 5 7 8 10 11 14 15 16 17 
cascade_activation_steepnesses_count=4
cascade_activation_steepnesses=2.50000000000000000000e-01 5.00000000000000000000e-01 7.50000000000000000000e-01 1.00000000000000000000e+00 
layer_sizes=8 4 2 
scale_included=0
neurons (num_inputs, activation_function, activation_steepness)=(0, 0, 0.00000000000000000000e+00) (0, 0, 0.00000000000000000000e+00) (0, 0, 0.00000000000000000000e+00) (0, 0, 0.00000000000000000000e+00) (0, 0, 0.00000000000000000000e+00) (0, 0, 0.00000000000000000000e+00) (0, 0, 0.00000000000000000000e+00) (0, 0, 0.00000000000000000000e+00) (8, 6, 5.00000000000000000000e-01) (8, 6, 5.00000000000000000000e-01) (8, 6, 5.00000000000000000000e-01) (0, 6, 0.00000000000000000000e+00) (4, 4, 5.00000000000000000000e-01) (0, 4, 0.00000000000000000000e+00) 
connections (connected_to_neuron, weight)=(0, 1.05754841589885195674e+00) (1, -1.18649575688862785050e+00) (2, -2.36487455866691975714e+00) (3, 3.31978709620791523349e+00) (4, 2.34913839772936672290e-01) (5, 3.12321983444767026228e+00) (6, -2.59990426787767514583e+00) (7, 1.61052212259222882196e+00) (0, 8.98774205168923034925e-01) (1, -2.28960957914462737151e+00) (2, -1.84557355636371300811e+00) (3, 1.38030468150488339063e+00) (4, 3.29600392655131135822e-01) (5, 2.43420483160141598589e+00) (6, -1.83136351602654423587e+00) (7, 1.54926204948799384198e+00) (0, -1.17266184707696408118e+00) (1, -1.06022097928690328672e+00) (2, 1.22960292467843999020e+01) (3, 2.21907692396845224181e+00) (4, 2.09431952830741385796e+00) (5, -5.45619942561642035095e-01) (6, 1.60522362994299001571e+01) (7, -1.70031128991526170324e+00) (8, -3.92907708972236058287e+00) (9, -7.63311738953255503048e+00) (10, 4.54223446785546247639e+00) (11, -8.09399235709980402476e-01) 
