FANN_FLO_2.1
num_layers=3
learning_rate=0.700000
connection_rate=1.000000
network_type=0
learning_momentum=0.000000
training_algorithm=2
train_error_function=1
train_stop_function=1
cascade_output_change_fraction=0.010000
quickprop_decay=-0.000100
quickprop_mu=1.750000
rprop_increase_factor=1.200000
rprop_decrease_factor=0.500000
rprop_delta_min=0.000000
rprop_delta_max=50.000000
rprop_delta_zero=0.100000
cascade_output_stagnation_epochs=12
cascade_candidate_change_fraction=0.010000
cascade_candidate_stagnation_epochs=12
cascade_max_out_epochs=150
cascade_min_out_epochs=50
cascade_max_cand_epochs=150
cascade_min_cand_epochs=50
cascade_num_candidate_groups=2
bit_fail_limit=1.00000000000000005551e-01
cascade_candidate_limit=1.00000000000000000000e+03
cascade_weight_multiplier=4.00000000000000022204e-01
cascade_activation_functions_count=10
cascade_activation_functions=3 5 7 8 10 11 14 15 16 17 
cascade_activation_steepnesses_count=4
cascade_activation_steepnesses=2.50000000000000000000e-01 5.00000000000000000000e-01 7.50000000000000000000e-01 1.00000000000000000000e+00 
layer_sizes=12 4 2 
scale_included=0
neurons (num_inputs, activation_function, activation_steepness)=(0, 0, 0.00000000000000000000e+00) (0, 0, 0.00000000000000000000e+00) (0, 0, 0.00000000000000000000e+00) (0, 0, 0.00000000000000000000e+00) (0, 0, 0.00000000000000000000e+00) (0, 0, 0.00000000000000000000e+00) (0, 0, 0.00000000000000000000e+00) (0, 0, 0.00000000000000000000e+00) (0, 0, 0.00000000000000000000e+00) (0, 0, 0.00000000000000000000e+00) (0, 0, 0.00000000000000000000e+00) (0, 0, 0.00000000000000000000e+00) (12, 6, 5.00000000000000000000e-01) (12, 6, 5.00000000000000000000e-01) (12, 6, 5.00000000000000000000e-01) (0, 6, 0.00000000000000000000e+00) (4, 4, 5.00000000000000000000e-01) (0, 4, 0.00000000000000000000e+00) 
connections (connected_to_neuron, weight)=(0, 1.02394629190429995447e+01) (1, -8.18568457607525878927e+00) (2, -9.39002480378395354421e+00) (3, -3.07217385781584839677e+00) (4, -3.23489247424183945512e+00) (5, 4.49226343341762834882e+00) (6, -1.07789342342508707162e+01) (7, 7.97321579267630475840e-01) (8, -6.05932603880384856865e+00) (9, -5.30393420936345094674e+00) (10, 1.71647209281348231968e+01) (11, 1.02081679026350329309e+01) (0, 5.51047951498128463221e-01) (1, 9.35715378924923402160e-02) (2, -8.54547131047220176470e+00) (3, -1.00769029992683736840e-01) (4, -3.04259737865089308073e-01) (5, 1.24029344208080608003e-01) (6, -1.73892111353972858012e+01) (7, 6.22391622817145551139e-01) (8, 8.08091542933883411060e-01) (9, 9.64625905080602419339e-01) (10, 2.68253230867759739908e+00) (11, 6.43583887923478203952e-01) (0, -6.10851387747460727873e-01) (1, 3.06443547057269638501e+00) (2, 1.00195445582904363313e+00) (3, 3.78293752611691957988e-01) (4, 3.56240612491221853020e-01) (5, 4.34721541627498098137e-01) (6, 7.66916878269426893766e-01) (7, -4.01907071717889016749e-02) (8, 5.73781914784327884416e-02) (9, 1.74157902994805180441e+00) (10, -8.07395882221697114289e-01) (11, -6.12298148938351993742e-01) (12, -7.35408515201370516223e+00) (13, -2.23946294934994627468e-01) (14, 1.75059255050862727643e+00) (15, -2.05862280089942872863e+00) 
