FANN_FLO_2.1
num_layers=3
learning_rate=0.700000
connection_rate=1.000000
network_type=0
learning_momentum=0.000000
training_algorithm=2
train_error_function=1
train_stop_function=1
cascade_output_change_fraction=0.010000
quickprop_decay=-0.000100
quickprop_mu=1.750000
rprop_increase_factor=1.200000
rprop_decrease_factor=0.500000
rprop_delta_min=0.000000
rprop_delta_max=50.000000
rprop_delta_zero=0.100000
cascade_output_stagnation_epochs=12
cascade_candidate_change_fraction=0.010000
cascade_candidate_stagnation_epochs=12
cascade_max_out_epochs=150
cascade_min_out_epochs=50
cascade_max_cand_epochs=150
cascade_min_cand_epochs=50
cascade_num_candidate_groups=2
bit_fail_limit=1.00000000000000005551e-01
cascade_candidate_limit=1.00000000000000000000e+03
cascade_weight_multiplier=4.00000000000000022204e-01
cascade_activation_functions_count=10
cascade_activation_functions=3 5 7 8 10 11 14 15 16 17 
cascade_activation_steepnesses_count=4
cascade_activation_steepnesses=2.50000000000000000000e-01 5.00000000000000000000e-01 7.50000000000000000000e-01 1.00000000000000000000e+00 
layer_sizes=11 4 2 
scale_included=0
neurons (num_inputs, activation_function, activation_steepness)=(0, 0, 0.00000000000000000000e+00) (0, 0, 0.00000000000000000000e+00) (0, 0, 0.00000000000000000000e+00) (0, 0, 0.00000000000000000000e+00) (0, 0, 0.00000000000000000000e+00) (0, 0, 0.00000000000000000000e+00) (0, 0, 0.00000000000000000000e+00) (0, 0, 0.00000000000000000000e+00) (0, 0, 0.00000000000000000000e+00) (0, 0, 0.00000000000000000000e+00) (0, 0, 0.00000000000000000000e+00) (11, 6, 5.00000000000000000000e-01) (11, 6, 5.00000000000000000000e-01) (11, 6, 5.00000000000000000000e-01) (0, 6, 0.00000000000000000000e+00) (4, 4, 5.00000000000000000000e-01) (0, 4, 0.00000000000000000000e+00) 
connections (connected_to_neuron, weight)=(0, 6.28884898920312540582e+00) (1, 1.55996821134850160995e+00) (2, 8.23194570067081077269e-01) (3, 2.00963993276205554750e+00) (4, 1.97012701269985979202e+00) (5, 4.96475863735438238677e+00) (6, 2.99386455364280434921e+00) (7, 2.23543989105785900762e+00) (8, 2.14449902261558955630e+00) (9, 1.30315227730376892445e+00) (10, 7.81830886170894512333e+00) (0, -2.24213258906336854182e+00) (1, 2.90351760782293633056e+00) (2, 1.25462572300727481789e+00) (3, 2.50837917407739974252e-01) (4, 1.62418564287985317529e-01) (5, -1.27657846987179390830e+00) (6, -1.03409183781305413774e+00) (7, 9.03504799722810392204e-01) (8, 1.77913768532530019995e-01) (9, -5.46936699086874367204e-01) (10, -2.27194040997954438410e+00) (0, -1.27375784634646516125e+00) (1, 1.45490833898691840353e+00) (2, 1.42132002847246692312e+01) (3, 1.27688820075178433022e+00) (4, 2.37425544221406659151e-01) (5, -9.99425448678350147880e-01) (6, -1.21925307862545823090e-01) (7, -3.15972625445526844601e-01) (8, 1.95330710072522839571e-01) (9, 3.37022195917339617566e-01) (10, -3.61404429598618115449e+00) (11, -1.62172635305528811678e+00) (12, 6.40109777187896877848e+00) (13, 3.85406827809849783506e+00) (14, -1.44485744494800782967e+00) 
