FANN_FLO_2.1
num_layers=3
learning_rate=0.700000
connection_rate=1.000000
network_type=0
learning_momentum=0.000000
training_algorithm=2
train_error_function=1
train_stop_function=1
cascade_output_change_fraction=0.010000
quickprop_decay=-0.000100
quickprop_mu=1.750000
rprop_increase_factor=1.200000
rprop_decrease_factor=0.500000
rprop_delta_min=0.000000
rprop_delta_max=50.000000
rprop_delta_zero=0.100000
cascade_output_stagnation_epochs=12
cascade_candidate_change_fraction=0.010000
cascade_candidate_stagnation_epochs=12
cascade_max_out_epochs=150
cascade_min_out_epochs=50
cascade_max_cand_epochs=150
cascade_min_cand_epochs=50
cascade_num_candidate_groups=2
bit_fail_limit=1.00000000000000005551e-01
cascade_candidate_limit=1.00000000000000000000e+03
cascade_weight_multiplier=4.00000000000000022204e-01
cascade_activation_functions_count=10
cascade_activation_functions=3 5 7 8 10 11 14 15 16 17 
cascade_activation_steepnesses_count=4
cascade_activation_steepnesses=2.50000000000000000000e-01 5.00000000000000000000e-01 7.50000000000000000000e-01 1.00000000000000000000e+00 
layer_sizes=10 4 2 
scale_included=0
neurons (num_inputs, activation_function, activation_steepness)=(0, 0, 0.00000000000000000000e+00) (0, 0, 0.00000000000000000000e+00) (0, 0, 0.00000000000000000000e+00) (0, 0, 0.00000000000000000000e+00) (0, 0, 0.00000000000000000000e+00) (0, 0, 0.00000000000000000000e+00) (0, 0, 0.00000000000000000000e+00) (0, 0, 0.00000000000000000000e+00) (0, 0, 0.00000000000000000000e+00) (0, 0, 0.00000000000000000000e+00) (10, 6, 5.00000000000000000000e-01) (10, 6, 5.00000000000000000000e-01) (10, 6, 5.00000000000000000000e-01) (0, 6, 0.00000000000000000000e+00) (4, 4, 5.00000000000000000000e-01) (0, 4, 0.00000000000000000000e+00) 
connections (connected_to_neuron, weight)=(0, 5.39124196514834230776e-01) (1, 6.44315201253301883533e-01) (2, 1.33323664574132827454e+00) (3, 4.49826857398283430634e-01) (4, 5.10981408828026006930e-01) (5, 3.17614887934491108012e-01) (6, 5.26331313144439011387e-02) (7, 2.35693029973832290924e-01) (8, 7.34367289776538867407e-01) (9, -3.48171449303863456137e-01) (0, 1.83723043228879667765e+00) (1, 1.51463506528444624699e+00) (2, 2.06463432763196852449e+00) (3, 1.50534734923721802424e+00) (4, 1.04085445133800669204e+00) (5, 1.43701863860655598693e+00) (6, -9.55551802339989153623e-01) (7, -1.19629125124814328363e-01) (8, 2.17060673760665112653e+00) (9, -2.61067610828262930411e+00) (0, -2.54054227567839729929e+00) (1, -2.32954444626284962183e+00) (2, -1.26375799402914323899e+00) (3, -1.22449857315808219305e+00) (4, -5.42904577871572868730e-01) (5, -2.39024257531889849915e+00) (6, 1.49435826284980444179e+00) (7, 6.94967865759144043381e-01) (8, -1.19227918008434796704e+00) (9, 2.40061189151513998397e+00) (10, 3.52363005046411381649e-01) (11, 2.78775835472045656616e+01) (12, -2.19751573393785335497e+01) (13, -1.66528495948501364943e+00) 
