FANN_FLO_2.1
num_layers=3
learning_rate=0.700000
connection_rate=1.000000
network_type=0
learning_momentum=0.000000
training_algorithm=2
train_error_function=1
train_stop_function=1
cascade_output_change_fraction=0.010000
quickprop_decay=-0.000100
quickprop_mu=1.750000
rprop_increase_factor=1.200000
rprop_decrease_factor=0.500000
rprop_delta_min=0.000000
rprop_delta_max=50.000000
rprop_delta_zero=0.100000
cascade_output_stagnation_epochs=12
cascade_candidate_change_fraction=0.010000
cascade_candidate_stagnation_epochs=12
cascade_max_out_epochs=150
cascade_min_out_epochs=50
cascade_max_cand_epochs=150
cascade_min_cand_epochs=50
cascade_num_candidate_groups=2
bit_fail_limit=1.00000000000000005551e-01
cascade_candidate_limit=1.00000000000000000000e+03
cascade_weight_multiplier=4.00000000000000022204e-01
cascade_activation_functions_count=10
cascade_activation_functions=3 5 7 8 10 11 14 15 16 17 
cascade_activation_steepnesses_count=4
cascade_activation_steepnesses=2.50000000000000000000e-01 5.00000000000000000000e-01 7.50000000000000000000e-01 1.00000000000000000000e+00 
layer_sizes=12 4 2 
scale_included=0
neurons (num_inputs, activation_function, activation_steepness)=(0, 0, 0.00000000000000000000e+00) (0, 0, 0.00000000000000000000e+00) (0, 0, 0.00000000000000000000e+00) (0, 0, 0.00000000000000000000e+00) (0, 0, 0.00000000000000000000e+00) (0, 0, 0.00000000000000000000e+00) (0, 0, 0.00000000000000000000e+00) (0, 0, 0.00000000000000000000e+00) (0, 0, 0.00000000000000000000e+00) (0, 0, 0.00000000000000000000e+00) (0, 0, 0.00000000000000000000e+00) (0, 0, 0.00000000000000000000e+00) (12, 6, 5.00000000000000000000e-01) (12, 6, 5.00000000000000000000e-01) (12, 6, 5.00000000000000000000e-01) (0, 6, 0.00000000000000000000e+00) (4, 4, 5.00000000000000000000e-01) (0, 4, 0.00000000000000000000e+00) 
connections (connected_to_neuron, weight)=(0, 1.41964573200888599658e+00) (1, -2.41087166731778745898e+00) (2, 1.61314588800413105663e-01) (3, -2.90490356039072694649e-01) (4, -1.35431631675755714816e+00) (5, -1.77222731144220352340e-01) (6, 3.58986532900718069428e+00) (7, -1.54610428605971339522e+00) (8, -5.30195556336173767775e-01) (9, 2.81922153489203530796e+00) (10, -6.59964403805462951347e-01) (11, 1.25938059446708128242e+00) (0, 1.49685850527234021179e+00) (1, -2.34150583808843260059e+00) (2, 2.04643425360662434276e-01) (3, -2.32845124553705845605e-01) (4, -1.41491922757422661228e+00) (5, -9.32565951655217606486e-02) (6, 3.48738029811766958588e+00) (7, -1.55325035397706034956e+00) (8, -4.89336885267028509627e-01) (9, 2.92803446309180337437e+00) (10, -6.85534595248429412528e-01) (11, 1.22159054187432691840e+00) (0, -8.80221298886280423268e-01) (1, 3.10452734665751650667e+00) (2, 1.82373574441782038136e+00) (3, 2.87885284254765982936e+00) (4, 4.27748152310746587723e-01) (5, 5.35355576890263029632e-01) (6, -9.90571327224446296356e-01) (7, 2.58277264112857718459e+00) (8, 1.52693861116046170068e+00) (9, -2.13952332090794250519e+00) (10, 2.08319648580068683685e+00) (11, -8.62613870752792721852e-01) (12, -2.50582878981775181160e+01) (13, -2.50038775635010139808e+01) (14, 4.11610870848553478396e+00) (15, -1.76273502992741293305e+00) 
