FANN_FLO_2.1
num_layers=3
learning_rate=0.700000
connection_rate=1.000000
network_type=0
learning_momentum=0.000000
training_algorithm=2
train_error_function=1
train_stop_function=1
cascade_output_change_fraction=0.010000
quickprop_decay=-0.000100
quickprop_mu=1.750000
rprop_increase_factor=1.200000
rprop_decrease_factor=0.500000
rprop_delta_min=0.000000
rprop_delta_max=50.000000
rprop_delta_zero=0.100000
cascade_output_stagnation_epochs=12
cascade_candidate_change_fraction=0.010000
cascade_candidate_stagnation_epochs=12
cascade_max_out_epochs=150
cascade_min_out_epochs=50
cascade_max_cand_epochs=150
cascade_min_cand_epochs=50
cascade_num_candidate_groups=2
bit_fail_limit=1.00000000000000005551e-01
cascade_candidate_limit=1.00000000000000000000e+03
cascade_weight_multiplier=4.00000000000000022204e-01
cascade_activation_functions_count=10
cascade_activation_functions=3 5 7 8 10 11 14 15 16 17 
cascade_activation_steepnesses_count=4
cascade_activation_steepnesses=2.50000000000000000000e-01 5.00000000000000000000e-01 7.50000000000000000000e-01 1.00000000000000000000e+00 
layer_sizes=12 4 2 
scale_included=0
neurons (num_inputs, activation_function, activation_steepness)=(0, 0, 0.00000000000000000000e+00) (0, 0, 0.00000000000000000000e+00) (0, 0, 0.00000000000000000000e+00) (0, 0, 0.00000000000000000000e+00) (0, 0, 0.00000000000000000000e+00) (0, 0, 0.00000000000000000000e+00) (0, 0, 0.00000000000000000000e+00) (0, 0, 0.00000000000000000000e+00) (0, 0, 0.00000000000000000000e+00) (0, 0, 0.00000000000000000000e+00) (0, 0, 0.00000000000000000000e+00) (0, 0, 0.00000000000000000000e+00) (12, 6, 5.00000000000000000000e-01) (12, 6, 5.00000000000000000000e-01) (12, 6, 5.00000000000000000000e-01) (0, 6, 0.00000000000000000000e+00) (4, 4, 5.00000000000000000000e-01) (0, 4, 0.00000000000000000000e+00) 
connections (connected_to_neuron, weight)=(0, -1.28688181055061567903e+00) (1, 8.29433438156880975534e-01) (2, 1.81922030189384487109e+00) (3, 7.32026670768563758607e-01) (4, 7.54283376068363486944e-01) (5, 5.93825347894762600731e-01) (6, 7.81564456774697102759e-01) (7, -1.11782580595298619563e+00) (8, 1.91303218730294122274e+00) (9, 4.43499581260837827390e-01) (10, 6.73619900711723285092e-01) (11, -1.26526917905381308671e+00) (0, -4.08802259851339311325e+00) (1, 5.24688042687917821638e+00) (2, 4.33893732152737054975e+00) (3, 6.82819921099658055930e-01) (4, 2.25512320076935690594e+00) (5, 9.49010145042414876571e-01) (6, 3.77685718798009784081e+00) (7, -4.15340305841705959011e+00) (8, 4.49177708711017764642e+00) (9, 1.05529027899521810063e+00) (10, 1.78138726778967404485e+00) (11, -6.47233410092707739381e+00) (0, -1.41724697363846052767e+00) (1, 8.47095136319436559091e-01) (2, 1.89313447960962322192e+00) (3, 7.01653812721078407044e-01) (4, 6.90300978750477134405e-01) (5, 8.35629373078703774347e-01) (6, 8.35969129009947575781e-01) (7, -1.05196940135045857723e+00) (8, 1.96509191222988977010e+00) (9, 4.26364810509838376706e-01) (10, 9.05433797191222522471e-01) (11, -1.35447571290008772493e+00) (12, 1.55171049062785559869e+00) (13, 8.32115632604030253106e+00) (14, 1.56477126900729590631e+00) (15, -1.28821016689765222019e+00) 
