FANN_FLO_2.1
num_layers=3
learning_rate=0.700000
connection_rate=1.000000
network_type=0
learning_momentum=0.000000
training_algorithm=2
train_error_function=1
train_stop_function=1
cascade_output_change_fraction=0.010000
quickprop_decay=-0.000100
quickprop_mu=1.750000
rprop_increase_factor=1.200000
rprop_decrease_factor=0.500000
rprop_delta_min=0.000000
rprop_delta_max=50.000000
rprop_delta_zero=0.100000
cascade_output_stagnation_epochs=12
cascade_candidate_change_fraction=0.010000
cascade_candidate_stagnation_epochs=12
cascade_max_out_epochs=150
cascade_min_out_epochs=50
cascade_max_cand_epochs=150
cascade_min_cand_epochs=50
cascade_num_candidate_groups=2
bit_fail_limit=1.00000000000000005551e-01
cascade_candidate_limit=1.00000000000000000000e+03
cascade_weight_multiplier=4.00000000000000022204e-01
cascade_activation_functions_count=10
cascade_activation_functions=3 5 7 8 10 11 14 15 16 17 
cascade_activation_steepnesses_count=4
cascade_activation_steepnesses=2.50000000000000000000e-01 5.00000000000000000000e-01 7.50000000000000000000e-01 1.00000000000000000000e+00 
layer_sizes=9 4 2 
scale_included=0
neurons (num_inputs, activation_function, activation_steepness)=(0, 0, 0.00000000000000000000e+00) (0, 0, 0.00000000000000000000e+00) (0, 0, 0.00000000000000000000e+00) (0, 0, 0.00000000000000000000e+00) (0, 0, 0.00000000000000000000e+00) (0, 0, 0.00000000000000000000e+00) (0, 0, 0.00000000000000000000e+00) (0, 0, 0.00000000000000000000e+00) (0, 0, 0.00000000000000000000e+00) (9, 6, 5.00000000000000000000e-01) (9, 6, 5.00000000000000000000e-01) (9, 6, 5.00000000000000000000e-01) (0, 6, 0.00000000000000000000e+00) (4, 4, 5.00000000000000000000e-01) (0, 4, 0.00000000000000000000e+00) 
connections (connected_to_neuron, weight)=(0, -5.94363431159799504577e-01) (1, 4.61043708144197927901e-01) (2, 1.12372733916964295808e+00) (3, 4.74418903598805452582e-01) (4, 1.56462838296170775321e-01) (5, 9.27179488265625129095e-01) (6, 7.35711219632736335150e-01) (7, 2.75552555593602643835e-01) (8, 5.73415760885959968629e-02) (0, -4.63177776748284308894e+00) (1, 1.97728635942611297160e+00) (2, 3.54229172603390873864e-01) (3, 8.50829845235009707416e-01) (4, 4.92135961138861099951e-01) (5, 3.74606404983656327001e-01) (6, 4.14544333302633682958e-01) (7, 5.56087155425207479986e-01) (8, -8.26980501422490466013e-01) (0, 3.27930112672842311028e+00) (1, -1.71972412777589234167e+00) (2, -8.87825542458134941981e-01) (3, -8.64933365353184990809e-01) (4, -5.61352913011147203193e-01) (5, -5.48004504967762651191e-01) (6, -5.68120387126042070136e-01) (7, -5.96814148802591981635e-01) (8, 1.37299551803097719116e+00) (9, 6.59053396538995528431e-01) (10, 8.64838008661580381897e+00) (11, -8.71934036989522276428e+00) (12, -7.41544701168145525827e-01) 
