FANN_FLO_2.1
num_layers=3
learning_rate=0.700000
connection_rate=1.000000
network_type=0
learning_momentum=0.000000
training_algorithm=2
train_error_function=1
train_stop_function=1
cascade_output_change_fraction=0.010000
quickprop_decay=-0.000100
quickprop_mu=1.750000
rprop_increase_factor=1.200000
rprop_decrease_factor=0.500000
rprop_delta_min=0.000000
rprop_delta_max=50.000000
rprop_delta_zero=0.100000
cascade_output_stagnation_epochs=12
cascade_candidate_change_fraction=0.010000
cascade_candidate_stagnation_epochs=12
cascade_max_out_epochs=150
cascade_min_out_epochs=50
cascade_max_cand_epochs=150
cascade_min_cand_epochs=50
cascade_num_candidate_groups=2
bit_fail_limit=1.00000000000000005551e-01
cascade_candidate_limit=1.00000000000000000000e+03
cascade_weight_multiplier=4.00000000000000022204e-01
cascade_activation_functions_count=10
cascade_activation_functions=3 5 7 8 10 11 14 15 16 17 
cascade_activation_steepnesses_count=4
cascade_activation_steepnesses=2.50000000000000000000e-01 5.00000000000000000000e-01 7.50000000000000000000e-01 1.00000000000000000000e+00 
layer_sizes=9 4 2 
scale_included=0
neurons (num_inputs, activation_function, activation_steepness)=(0, 0, 0.00000000000000000000e+00) (0, 0, 0.00000000000000000000e+00) (0, 0, 0.00000000000000000000e+00) (0, 0, 0.00000000000000000000e+00) (0, 0, 0.00000000000000000000e+00) (0, 0, 0.00000000000000000000e+00) (0, 0, 0.00000000000000000000e+00) (0, 0, 0.00000000000000000000e+00) (0, 0, 0.00000000000000000000e+00) (9, 6, 5.00000000000000000000e-01) (9, 6, 5.00000000000000000000e-01) (9, 6, 5.00000000000000000000e-01) (0, 6, 0.00000000000000000000e+00) (4, 4, 5.00000000000000000000e-01) (0, 4, 0.00000000000000000000e+00) 
connections (connected_to_neuron, weight)=(0, -3.77071348077933121701e+00) (1, 3.52382450321065343601e+00) (2, 2.84526631214812608661e+00) (3, 1.69952948768809619651e+00) (4, 1.43260550179353973732e+00) (5, -4.04620273032706034844e-01) (6, -8.44444962733120640941e-01) (7, 1.82100961251359794169e+00) (8, -3.78381660825888443966e+00) (0, 7.72443447775744695960e-01) (1, -1.20112484866696433983e+00) (2, -1.19811488821681999539e+00) (3, -5.89765983860230380564e-01) (4, -5.54517985747145725206e-01) (5, 5.11783454176398699964e-01) (6, -7.18675144480839661609e-03) (7, -9.16716210627942174050e-01) (8, 1.37427735005103146548e+00) (0, 7.56653193898104925452e-01) (1, -1.34712476456481011766e+00) (2, -1.15760962798770949966e+00) (3, -5.52220168750023776560e-01) (4, -5.68349303171919895128e-01) (5, 5.51498230155917590345e-01) (6, -6.92117264688200006795e-01) (7, -7.80061274850755048682e-01) (8, 1.54406413015306243075e+00) (9, 8.98160113200150611590e+00) (10, -2.17496166241587607360e+00) (11, -2.24643486601532904601e+00) (12, -1.88685483556701938390e+00) 
