FANN_FLO_2.1
num_layers=3
learning_rate=0.700000
connection_rate=1.000000
network_type=0
learning_momentum=0.000000
training_algorithm=2
train_error_function=1
train_stop_function=1
cascade_output_change_fraction=0.010000
quickprop_decay=-0.000100
quickprop_mu=1.750000
rprop_increase_factor=1.200000
rprop_decrease_factor=0.500000
rprop_delta_min=0.000000
rprop_delta_max=50.000000
rprop_delta_zero=0.100000
cascade_output_stagnation_epochs=12
cascade_candidate_change_fraction=0.010000
cascade_candidate_stagnation_epochs=12
cascade_max_out_epochs=150
cascade_min_out_epochs=50
cascade_max_cand_epochs=150
cascade_min_cand_epochs=50
cascade_num_candidate_groups=2
bit_fail_limit=1.00000000000000005551e-01
cascade_candidate_limit=1.00000000000000000000e+03
cascade_weight_multiplier=4.00000000000000022204e-01
cascade_activation_functions_count=10
cascade_activation_functions=3 5 7 8 10 11 14 15 16 17 
cascade_activation_steepnesses_count=4
cascade_activation_steepnesses=2.50000000000000000000e-01 5.00000000000000000000e-01 7.50000000000000000000e-01 1.00000000000000000000e+00 
layer_sizes=8 4 2 
scale_included=0
neurons (num_inputs, activation_function, activation_steepness)=(0, 0, 0.00000000000000000000e+00) (0, 0, 0.00000000000000000000e+00) (0, 0, 0.00000000000000000000e+00) (0, 0, 0.00000000000000000000e+00) (0, 0, 0.00000000000000000000e+00) (0, 0, 0.00000000000000000000e+00) (0, 0, 0.00000000000000000000e+00) (0, 0, 0.00000000000000000000e+00) (8, 6, 5.00000000000000000000e-01) (8, 6, 5.00000000000000000000e-01) (8, 6, 5.00000000000000000000e-01) (0, 6, 0.00000000000000000000e+00) (4, 4, 5.00000000000000000000e-01) (0, 4, 0.00000000000000000000e+00) 
connections (connected_to_neuron, weight)=(0, -2.06602942268037034768e-02) (1, 4.43746708331114181334e-02) (2, 3.42747032116224659148e+00) (3, -4.30509765385493547996e+00) (4, 1.16799526051374336078e+01) (5, -3.38323735898994892857e-01) (6, -5.50214514210465077682e-01) (7, -1.27423341150233038199e+00) (0, -8.70003837475840757776e-01) (1, 3.49844129119327540423e+00) (2, 1.80723574846657641935e+00) (3, 3.24560850147768897855e+00) (4, 3.84750501122786836561e+00) (5, -3.55877664770307333697e+00) (6, -1.51444269359713912237e+00) (7, -3.77518767132712973478e+00) (0, 2.86732591730433616917e+00) (1, 2.24782079800824829974e+00) (2, 2.08920766721530398735e-01) (3, 6.88648690641349703334e-01) (4, 3.07914270472004647505e-01) (5, 4.15028301227808604779e+00) (6, 3.75464693383320780029e+00) (7, 8.71886335690975045054e+00) (8, 1.18006416091900980803e+01) (9, 2.71170635206243773041e+01) (10, -1.78989639515753817811e+00) (11, -1.73918088535543557960e+00) 
