FANN_FLO_2.1
num_layers=3
learning_rate=0.700000
connection_rate=1.000000
network_type=0
learning_momentum=0.000000
training_algorithm=2
train_error_function=1
train_stop_function=1
cascade_output_change_fraction=0.010000
quickprop_decay=-0.000100
quickprop_mu=1.750000
rprop_increase_factor=1.200000
rprop_decrease_factor=0.500000
rprop_delta_min=0.000000
rprop_delta_max=50.000000
rprop_delta_zero=0.100000
cascade_output_stagnation_epochs=12
cascade_candidate_change_fraction=0.010000
cascade_candidate_stagnation_epochs=12
cascade_max_out_epochs=150
cascade_min_out_epochs=50
cascade_max_cand_epochs=150
cascade_min_cand_epochs=50
cascade_num_candidate_groups=2
bit_fail_limit=1.00000000000000005551e-01
cascade_candidate_limit=1.00000000000000000000e+03
cascade_weight_multiplier=4.00000000000000022204e-01
cascade_activation_functions_count=10
cascade_activation_functions=3 5 7 8 10 11 14 15 16 17 
cascade_activation_steepnesses_count=4
cascade_activation_steepnesses=2.50000000000000000000e-01 5.00000000000000000000e-01 7.50000000000000000000e-01 1.00000000000000000000e+00 
layer_sizes=15 4 2 
scale_included=0
neurons (num_inputs, activation_function, activation_steepness)=(0, 0, 0.00000000000000000000e+00) (0, 0, 0.00000000000000000000e+00) (0, 0, 0.00000000000000000000e+00) (0, 0, 0.00000000000000000000e+00) (0, 0, 0.00000000000000000000e+00) (0, 0, 0.00000000000000000000e+00) (0, 0, 0.00000000000000000000e+00) (0, 0, 0.00000000000000000000e+00) (0, 0, 0.00000000000000000000e+00) (0, 0, 0.00000000000000000000e+00) (0, 0, 0.00000000000000000000e+00) (0, 0, 0.00000000000000000000e+00) (0, 0, 0.00000000000000000000e+00) (0, 0, 0.00000000000000000000e+00) (0, 0, 0.00000000000000000000e+00) (15, 6, 5.00000000000000000000e-01) (15, 6, 5.00000000000000000000e-01) (15, 6, 5.00000000000000000000e-01) (0, 6, 0.00000000000000000000e+00) (4, 4, 5.00000000000000000000e-01) (0, 4, 0.00000000000000000000e+00) 
connections (connected_to_neuron, weight)=(0, 5.93047231576193301095e+00) (1, -3.10977254221530285960e+00) (2, -9.21522556553441951621e-01) (3, -3.16929569521847254165e-01) (4, -1.25559991200859499827e+00) (5, -8.30162819447798017158e-01) (6, -3.32520361858052448945e-01) (7, -3.53851342627707010635e-01) (8, -7.59190027249327381575e-01) (9, -4.48907555209036135402e-01) (10, 3.81769386171477598246e-01) (11, -1.75018214739846555972e+00) (12, -7.10050260658866116970e-01) (13, -9.33170919224445616358e-01) (14, 1.60990087654586244703e+00) (0, 7.71528819491866002522e+00) (1, -3.19833793649764386302e+00) (2, -1.17268694167280651541e+00) (3, -3.26115666011276728042e-01) (4, -1.40941136678154421702e+00) (5, -5.57862561649726695912e-01) (6, -5.78884672827171153919e-01) (7, -2.81495643833580500015e-01) (8, -6.94313116950264652694e-01) (9, -4.17403304146166109767e-01) (10, 4.06657678126471799906e-01) (11, -1.82822940058993665957e+00) (12, -9.77923453031418921100e-01) (13, -8.93278685316269194239e-01) (14, 1.63271236386294771314e+00) (0, -1.74883643611412020746e+00) (1, 8.34994165282704647879e-01) (2, 1.00318280785012525769e+00) (3, 4.85283212281172882108e-01) (4, 6.30454598912107977426e-01) (5, 4.27099158515669818925e-01) (6, 6.69456792403332667796e-01) (7, 1.33026078591282037600e+00) (8, 3.97928679557053577298e-01) (9, 5.28686252774171805413e-01) (10, 3.73224188472866535982e-01) (11, 1.39468792328769830569e+00) (12, 3.15050966514310948341e+00) (13, 3.16573005391321293800e+00) (14, -1.26329844437751248609e-01) (15, -2.45419231104911572672e+00) (16, -4.94679314623131016759e+00) (17, 3.83333038297092199009e-01) (18, -7.18914765181827286611e-01) 
