FANN_FLO_2.1
num_layers=3
learning_rate=0.700000
connection_rate=1.000000
network_type=0
learning_momentum=0.000000
training_algorithm=2
train_error_function=1
train_stop_function=1
cascade_output_change_fraction=0.010000
quickprop_decay=-0.000100
quickprop_mu=1.750000
rprop_increase_factor=1.200000
rprop_decrease_factor=0.500000
rprop_delta_min=0.000000
rprop_delta_max=50.000000
rprop_delta_zero=0.100000
cascade_output_stagnation_epochs=12
cascade_candidate_change_fraction=0.010000
cascade_candidate_stagnation_epochs=12
cascade_max_out_epochs=150
cascade_min_out_epochs=50
cascade_max_cand_epochs=150
cascade_min_cand_epochs=50
cascade_num_candidate_groups=2
bit_fail_limit=1.00000000000000005551e-01
cascade_candidate_limit=1.00000000000000000000e+03
cascade_weight_multiplier=4.00000000000000022204e-01
cascade_activation_functions_count=10
cascade_activation_functions=3 5 7 8 10 11 14 15 16 17 
cascade_activation_steepnesses_count=4
cascade_activation_steepnesses=2.50000000000000000000e-01 5.00000000000000000000e-01 7.50000000000000000000e-01 1.00000000000000000000e+00 
layer_sizes=13 4 2 
scale_included=0
neurons (num_inputs, activation_function, activation_steepness)=(0, 0, 0.00000000000000000000e+00) (0, 0, 0.00000000000000000000e+00) (0, 0, 0.00000000000000000000e+00) (0, 0, 0.00000000000000000000e+00) (0, 0, 0.00000000000000000000e+00) (0, 0, 0.00000000000000000000e+00) (0, 0, 0.00000000000000000000e+00) (0, 0, 0.00000000000000000000e+00) (0, 0, 0.00000000000000000000e+00) (0, 0, 0.00000000000000000000e+00) (0, 0, 0.00000000000000000000e+00) (0, 0, 0.00000000000000000000e+00) (0, 0, 0.00000000000000000000e+00) (13, 6, 5.00000000000000000000e-01) (13, 6, 5.00000000000000000000e-01) (13, 6, 5.00000000000000000000e-01) (0, 6, 0.00000000000000000000e+00) (4, 4, 5.00000000000000000000e-01) (0, 4, 0.00000000000000000000e+00) 
connections (connected_to_neuron, weight)=(0, -1.86078648522223244477e+00) (1, 1.14474207923912445040e+03) (2, -5.44521734233263110525e-02) (3, 4.18004740145980768773e-01) (4, 8.69088569815371303484e-01) (5, 2.32929735697324291621e+00) (6, 1.76980052764111150942e+00) (7, 1.98567584162917254442e-01) (8, 1.21387489634301681818e+00) (9, -7.83879238360076446845e-01) (10, 8.37839443251155446823e-01) (11, 2.99960931058905577729e+00) (12, -1.81057641908253441621e+00) (0, -1.82180413856829415131e+00) (1, 1.14464809695237318010e+03) (2, -1.20237275969541368426e-01) (3, 1.77031465786944575136e+00) (4, 8.89783940112419013957e-01) (5, 2.33968911014015690242e+00) (6, 1.76312218482189764224e+00) (7, 2.29017183190550976946e-01) (8, 1.16804487007405777277e+00) (9, -8.73317468159347076728e-01) (10, 1.25606272532917251361e+00) (11, 1.82819275516889656608e+00) (12, -1.87555504843319664765e+00) (0, 1.77567822744965853055e+00) (1, 8.20625167349416869911e+02) (2, 6.42523967066190770936e+00) (3, 1.32280622286714422131e+00) (4, -1.25654662931196070552e+00) (5, -2.28618964091841814223e+00) (6, -1.01336363454772260262e+00) (7, -4.71639632240920647632e-01) (8, 9.01833004040886843100e-01) (9, 2.77131013220392441454e+00) (10, -9.79334687675419424124e-02) (11, -3.74613473540797381478e-01) (12, 2.06398519594628870877e+00) (13, 1.07286828103408282686e+01) (14, 5.44158206382559050951e+00) (15, -2.74228265799610326781e+00) (16, -1.04415988348932198271e+00) 
