FANN_FLO_2.1
num_layers=3
learning_rate=0.700000
connection_rate=1.000000
network_type=0
learning_momentum=0.000000
training_algorithm=2
train_error_function=1
train_stop_function=1
cascade_output_change_fraction=0.010000
quickprop_decay=-0.000100
quickprop_mu=1.750000
rprop_increase_factor=1.200000
rprop_decrease_factor=0.500000
rprop_delta_min=0.000000
rprop_delta_max=50.000000
rprop_delta_zero=0.100000
cascade_output_stagnation_epochs=12
cascade_candidate_change_fraction=0.010000
cascade_candidate_stagnation_epochs=12
cascade_max_out_epochs=150
cascade_min_out_epochs=50
cascade_max_cand_epochs=150
cascade_min_cand_epochs=50
cascade_num_candidate_groups=2
bit_fail_limit=1.00000000000000005551e-01
cascade_candidate_limit=1.00000000000000000000e+03
cascade_weight_multiplier=4.00000000000000022204e-01
cascade_activation_functions_count=10
cascade_activation_functions=3 5 7 8 10 11 14 15 16 17 
cascade_activation_steepnesses_count=4
cascade_activation_steepnesses=2.50000000000000000000e-01 5.00000000000000000000e-01 7.50000000000000000000e-01 1.00000000000000000000e+00 
layer_sizes=9 4 2 
scale_included=0
neurons (num_inputs, activation_function, activation_steepness)=(0, 0, 0.00000000000000000000e+00) (0, 0, 0.00000000000000000000e+00) (0, 0, 0.00000000000000000000e+00) (0, 0, 0.00000000000000000000e+00) (0, 0, 0.00000000000000000000e+00) (0, 0, 0.00000000000000000000e+00) (0, 0, 0.00000000000000000000e+00) (0, 0, 0.00000000000000000000e+00) (0, 0, 0.00000000000000000000e+00) (9, 6, 5.00000000000000000000e-01) (9, 6, 5.00000000000000000000e-01) (9, 6, 5.00000000000000000000e-01) (0, 6, 0.00000000000000000000e+00) (4, 4, 5.00000000000000000000e-01) (0, 4, 0.00000000000000000000e+00) 
connections (connected_to_neuron, weight)=(0, -5.63854337783962322739e-01) (1, 2.12443892888595042834e+00) (2, 4.34997156671198426103e-01) (3, 5.08593472032286886275e-01) (4, 2.08981656171532792499e+00) (5, -1.09011346312651746793e+00) (6, 3.23586590996893408434e-01) (7, 2.10906820696326535725e+00) (8, -4.72347958119903377217e-01) (0, 2.30780069293354328508e+00) (1, -3.51306256914118808510e+00) (2, 1.18555877437494849858e-01) (3, -4.33837006855301909880e-01) (4, -2.80040578573036169630e+00) (5, 3.42845337139336781007e+00) (6, 4.33635824226366040079e-02) (7, -1.24679009845579824578e+00) (8, 2.19726903139865203940e+00) (0, 8.09215346309685723547e-02) (1, 5.62452310468549265821e-01) (2, 6.71897384386994644956e-02) (3, 2.90133883046316098930e-01) (4, 2.99752635001569345263e-01) (5, -8.39865071247346273164e-02) (6, 3.24231202763058876104e-02) (7, 1.18797200102643518704e+00) (8, 4.05808627323356180261e-02) (9, 1.10279591204521265624e+00) (10, -7.05937595131596751230e+00) (11, 3.11009769758575249643e-01) (12, -1.57117653975358351204e+00) 
