FANN_FLO_2.1
num_layers=3
learning_rate=0.700000
connection_rate=1.000000
network_type=0
learning_momentum=0.000000
training_algorithm=2
train_error_function=1
train_stop_function=1
cascade_output_change_fraction=0.010000
quickprop_decay=-0.000100
quickprop_mu=1.750000
rprop_increase_factor=1.200000
rprop_decrease_factor=0.500000
rprop_delta_min=0.000000
rprop_delta_max=50.000000
rprop_delta_zero=0.100000
cascade_output_stagnation_epochs=12
cascade_candidate_change_fraction=0.010000
cascade_candidate_stagnation_epochs=12
cascade_max_out_epochs=150
cascade_min_out_epochs=50
cascade_max_cand_epochs=150
cascade_min_cand_epochs=50
cascade_num_candidate_groups=2
bit_fail_limit=1.00000000000000005551e-01
cascade_candidate_limit=1.00000000000000000000e+03
cascade_weight_multiplier=4.00000000000000022204e-01
cascade_activation_functions_count=10
cascade_activation_functions=3 5 7 8 10 11 14 15 16 17 
cascade_activation_steepnesses_count=4
cascade_activation_steepnesses=2.50000000000000000000e-01 5.00000000000000000000e-01 7.50000000000000000000e-01 1.00000000000000000000e+00 
layer_sizes=15 4 2 
scale_included=0
neurons (num_inputs, activation_function, activation_steepness)=(0, 0, 0.00000000000000000000e+00) (0, 0, 0.00000000000000000000e+00) (0, 0, 0.00000000000000000000e+00) (0, 0, 0.00000000000000000000e+00) (0, 0, 0.00000000000000000000e+00) (0, 0, 0.00000000000000000000e+00) (0, 0, 0.00000000000000000000e+00) (0, 0, 0.00000000000000000000e+00) (0, 0, 0.00000000000000000000e+00) (0, 0, 0.00000000000000000000e+00) (0, 0, 0.00000000000000000000e+00) (0, 0, 0.00000000000000000000e+00) (0, 0, 0.00000000000000000000e+00) (0, 0, 0.00000000000000000000e+00) (0, 0, 0.00000000000000000000e+00) (15, 6, 5.00000000000000000000e-01) (15, 6, 5.00000000000000000000e-01) (15, 6, 5.00000000000000000000e-01) (0, 6, 0.00000000000000000000e+00) (4, 4, 5.00000000000000000000e-01) (0, 4, 0.00000000000000000000e+00) 
connections (connected_to_neuron, weight)=(0, -1.56832875882055911010e-01) (1, -8.01439454257500294432e+00) (2, -4.35628369551878336097e+01) (3, 2.51979314555156375111e-01) (4, -2.72166306759016318750e-01) (5, 1.58123994281100941350e+01) (6, 1.82390327139928615452e+02) (7, 7.68932151679419417789e-01) (8, 8.25554321591280948489e-01) (9, -2.49356872297560494545e+00) (10, 6.95753558503395264090e-01) (11, 6.37799343406329466433e+00) (12, 1.22309724055212315497e-01) (13, 4.10998093041647805101e-01) (14, -9.84789533946237694018e-01) (0, 2.80604427120525157235e+00) (1, -4.76986204908962729832e+00) (2, -3.76208982102554445603e+00) (3, 4.47219434895023193466e-01) (4, -2.02968640201899030995e-01) (5, -5.02373034937425444468e+00) (6, -3.75003516670956349444e+00) (7, 3.84023266716879974059e-01) (8, 4.24558704429763456023e-01) (9, 1.52182936421187575693e-01) (10, -3.00485381412143981450e-01) (11, -1.84341603874482701242e-01) (12, 2.92390869733399338948e-01) (13, 3.59017547273240866801e-01) (14, 5.72299795006967837452e+00) (0, 1.55946983890684442997e+00) (1, 5.34345921723099692713e-01) (2, -1.62900027461145704422e+01) (3, -2.85108829990370682417e-01) (4, 5.93252173219388168057e-01) (5, -2.75403922280695168112e+00) (6, -5.37581936939267146514e-01) (7, -1.23858175941351650318e-02) (8, -1.95983845897894082277e-02) (9, 3.81067007707487470647e-01) (10, 8.29819904667257635111e-01) (11, 2.22806661751667434146e+00) (12, 1.76141871252709109053e-01) (13, 1.61057693534290474746e-01) (14, 5.57370793390205587770e+00) (15, 1.18586306032505950370e+00) (16, -1.11161870141088012787e+01) (17, -8.06950540561097184877e+00) (18, -9.49837852500883150775e-01) 
