FANN_FLO_2.1
num_layers=3
learning_rate=0.700000
connection_rate=1.000000
network_type=0
learning_momentum=0.000000
training_algorithm=2
train_error_function=1
train_stop_function=1
cascade_output_change_fraction=0.010000
quickprop_decay=-0.000100
quickprop_mu=1.750000
rprop_increase_factor=1.200000
rprop_decrease_factor=0.500000
rprop_delta_min=0.000000
rprop_delta_max=50.000000
rprop_delta_zero=0.100000
cascade_output_stagnation_epochs=12
cascade_candidate_change_fraction=0.010000
cascade_candidate_stagnation_epochs=12
cascade_max_out_epochs=150
cascade_min_out_epochs=50
cascade_max_cand_epochs=150
cascade_min_cand_epochs=50
cascade_num_candidate_groups=2
bit_fail_limit=1.00000000000000005551e-01
cascade_candidate_limit=1.00000000000000000000e+03
cascade_weight_multiplier=4.00000000000000022204e-01
cascade_activation_functions_count=10
cascade_activation_functions=3 5 7 8 10 11 14 15 16 17 
cascade_activation_steepnesses_count=4
cascade_activation_steepnesses=2.50000000000000000000e-01 5.00000000000000000000e-01 7.50000000000000000000e-01 1.00000000000000000000e+00 
layer_sizes=15 4 2 
scale_included=0
neurons (num_inputs, activation_function, activation_steepness)=(0, 0, 0.00000000000000000000e+00) (0, 0, 0.00000000000000000000e+00) (0, 0, 0.00000000000000000000e+00) (0, 0, 0.00000000000000000000e+00) (0, 0, 0.00000000000000000000e+00) (0, 0, 0.00000000000000000000e+00) (0, 0, 0.00000000000000000000e+00) (0, 0, 0.00000000000000000000e+00) (0, 0, 0.00000000000000000000e+00) (0, 0, 0.00000000000000000000e+00) (0, 0, 0.00000000000000000000e+00) (0, 0, 0.00000000000000000000e+00) (0, 0, 0.00000000000000000000e+00) (0, 0, 0.00000000000000000000e+00) (0, 0, 0.00000000000000000000e+00) (15, 6, 5.00000000000000000000e-01) (15, 6, 5.00000000000000000000e-01) (15, 6, 5.00000000000000000000e-01) (0, 6, 0.00000000000000000000e+00) (4, 4, 5.00000000000000000000e-01) (0, 4, 0.00000000000000000000e+00) 
connections (connected_to_neuron, weight)=(0, -4.15185213077376324975e+00) (1, 1.82231471659228660975e+00) (2, -1.91391939965514651378e-01) (3, -2.31850804993930403874e-01) (4, 5.37096549977427173417e-01) (5, 1.86089909222961447099e+00) (6, 5.55005551442078399305e+02) (7, 6.99346144497907218351e-01) (8, 1.42528144136827794597e+00) (9, -7.11624803148297235822e-01) (10, 9.74026005202953015782e-01) (11, 7.23981460194088821680e-01) (12, 9.37125594503800063428e-01) (13, -2.40911893026038242960e-01) (14, -1.25272059964471016436e+00) (0, -5.76742710439010330958e+00) (1, 1.87722166599318840419e+00) (2, -1.06230041680364165058e-01) (3, -5.90292568663251943084e-02) (4, 6.88896452848138829417e-01) (5, 1.97591662553192159990e+00) (6, 5.55023641228250312452e+02) (7, 6.72103673965251502409e-01) (8, 1.38360533729952184245e+00) (9, -6.37535186611203119611e-01) (10, -1.56636991610508979900e-01) (11, 6.96683308451018890040e-01) (12, 8.43414153154126378098e-01) (13, -2.81533034467138620904e-01) (14, -9.66267532392999894952e-01) (0, 2.58912313278716643694e+00) (1, -2.68121069159992364561e+00) (2, 1.42499957790479481190e+00) (3, -3.33695479676284278980e+00) (4, -2.38197209462668046953e+00) (5, -4.37354932213666280916e+00) (6, 6.72758470081730166612e+01) (7, 2.76356528350911911929e+00) (8, 5.53978625714760530840e-01) (9, 1.91641385040019462949e+00) (10, 3.27192870221075748915e+00) (11, -1.93102548062702661369e+00) (12, -4.93255990941495259250e+00) (13, 1.45441075863188884476e+00) (14, 2.36888993393658831010e+00) (15, 6.13933750176406611843e+00) (16, 6.12348250234103907985e+00) (17, -3.35671803939246737869e+00) (18, -1.01973906019188076399e+00) 
