FANN_FLO_2.1
num_layers=3
learning_rate=0.700000
connection_rate=1.000000
network_type=0
learning_momentum=0.000000
training_algorithm=2
train_error_function=1
train_stop_function=1
cascade_output_change_fraction=0.010000
quickprop_decay=-0.000100
quickprop_mu=1.750000
rprop_increase_factor=1.200000
rprop_decrease_factor=0.500000
rprop_delta_min=0.000000
rprop_delta_max=50.000000
rprop_delta_zero=0.100000
cascade_output_stagnation_epochs=12
cascade_candidate_change_fraction=0.010000
cascade_candidate_stagnation_epochs=12
cascade_max_out_epochs=150
cascade_min_out_epochs=50
cascade_max_cand_epochs=150
cascade_min_cand_epochs=50
cascade_num_candidate_groups=2
bit_fail_limit=1.00000000000000005551e-01
cascade_candidate_limit=1.00000000000000000000e+03
cascade_weight_multiplier=4.00000000000000022204e-01
cascade_activation_functions_count=10
cascade_activation_functions=3 5 7 8 10 11 14 15 16 17 
cascade_activation_steepnesses_count=4
cascade_activation_steepnesses=2.50000000000000000000e-01 5.00000000000000000000e-01 7.50000000000000000000e-01 1.00000000000000000000e+00 
layer_sizes=9 4 2 
scale_included=0
neurons (num_inputs, activation_function, activation_steepness)=(0, 0, 0.00000000000000000000e+00) (0, 0, 0.00000000000000000000e+00) (0, 0, 0.00000000000000000000e+00) (0, 0, 0.00000000000000000000e+00) (0, 0, 0.00000000000000000000e+00) (0, 0, 0.00000000000000000000e+00) (0, 0, 0.00000000000000000000e+00) (0, 0, 0.00000000000000000000e+00) (0, 0, 0.00000000000000000000e+00) (9, 6, 5.00000000000000000000e-01) (9, 6, 5.00000000000000000000e-01) (9, 6, 5.00000000000000000000e-01) (0, 6, 0.00000000000000000000e+00) (4, 4, 5.00000000000000000000e-01) (0, 4, 0.00000000000000000000e+00) 
connections (connected_to_neuron, weight)=(0, -3.70370125652732884447e+00) (1, 2.36521472838423685303e+00) (2, 1.64768943642258758331e+00) (3, 1.80186907555629827193e+00) (4, 1.30821574958841058134e-01) (5, 6.68968555576030632359e-01) (6, 7.70539993469113504432e-01) (7, 1.45227116080800744413e-01) (8, -2.60284472141934664080e+00) (0, -3.68513806046428715746e+00) (1, 2.42012846153877214661e+00) (2, 1.57023794713827413716e+00) (3, 1.89333524163534261398e+00) (4, 8.52334317889610892927e-02) (5, 7.36096297449294945103e-01) (6, 8.81677420858735017006e-01) (7, 9.79266804781357691478e-02) (8, -2.70958188061190963225e+00) (0, 5.07441049345563488515e+00) (1, 3.64834847276516049952e-01) (2, 8.32493015793534074653e-01) (3, -1.39185039029015911183e+00) (4, 8.19486819296932234025e-01) (5, 1.91604048899075063428e-01) (6, 2.99812422088047481061e-01) (7, 1.42576210144553550130e+00) (8, 4.52232980447253396505e+00) (9, 7.39819652284519069241e+00) (10, 7.38584979320899837063e+00) (11, -1.21881181001860183777e+00) (12, -1.31230943656649778895e+00) 
