FANN_FLO_2.1
num_layers=3
learning_rate=0.700000
connection_rate=1.000000
network_type=0
learning_momentum=0.000000
training_algorithm=2
train_error_function=1
train_stop_function=1
cascade_output_change_fraction=0.010000
quickprop_decay=-0.000100
quickprop_mu=1.750000
rprop_increase_factor=1.200000
rprop_decrease_factor=0.500000
rprop_delta_min=0.000000
rprop_delta_max=50.000000
rprop_delta_zero=0.100000
cascade_output_stagnation_epochs=12
cascade_candidate_change_fraction=0.010000
cascade_candidate_stagnation_epochs=12
cascade_max_out_epochs=150
cascade_min_out_epochs=50
cascade_max_cand_epochs=150
cascade_min_cand_epochs=50
cascade_num_candidate_groups=2
bit_fail_limit=1.00000000000000005551e-01
cascade_candidate_limit=1.00000000000000000000e+03
cascade_weight_multiplier=4.00000000000000022204e-01
cascade_activation_functions_count=10
cascade_activation_functions=3 5 7 8 10 11 14 15 16 17 
cascade_activation_steepnesses_count=4
cascade_activation_steepnesses=2.50000000000000000000e-01 5.00000000000000000000e-01 7.50000000000000000000e-01 1.00000000000000000000e+00 
layer_sizes=11 4 2 
scale_included=0
neurons (num_inputs, activation_function, activation_steepness)=(0, 0, 0.00000000000000000000e+00) (0, 0, 0.00000000000000000000e+00) (0, 0, 0.00000000000000000000e+00) (0, 0, 0.00000000000000000000e+00) (0, 0, 0.00000000000000000000e+00) (0, 0, 0.00000000000000000000e+00) (0, 0, 0.00000000000000000000e+00) (0, 0, 0.00000000000000000000e+00) (0, 0, 0.00000000000000000000e+00) (0, 0, 0.00000000000000000000e+00) (0, 0, 0.00000000000000000000e+00) (11, 6, 5.00000000000000000000e-01) (11, 6, 5.00000000000000000000e-01) (11, 6, 5.00000000000000000000e-01) (0, 6, 0.00000000000000000000e+00) (4, 4, 5.00000000000000000000e-01) (0, 4, 0.00000000000000000000e+00) 
connections (connected_to_neuron, weight)=(0, 2.51334970867434659425e+00) (1, -1.04696955031917067203e+01) (2, 3.76449116410212947237e-01) (3, -3.86550252433555341369e-01) (4, 2.68677659010687897023e+00) (5, -4.04757400151031232483e-01) (6, -1.06294627815016931582e-01) (7, 1.45271610920341409656e-02) (8, 4.23346401096778346407e-01) (9, 1.44943572720691937761e+00) (10, 2.67236096834937164601e+00) (0, 2.50092400288382687989e+00) (1, -1.04129502794907065066e+01) (2, 3.49894170553880168306e-01) (3, -4.55586035843627668029e-01) (4, 2.62465034103194305715e+00) (5, -4.50825494821803784973e-01) (6, -1.36903978466519526958e-01) (7, -7.18712318236915531644e-02) (8, 4.66363609672980850007e-01) (9, 1.40272769471809644060e+00) (10, 2.65336547469893524465e+00) (0, 1.77713060885300061509e-01) (1, 8.18674745233613720963e-01) (2, 2.53867078119675348979e-01) (3, 6.59700269268110317533e-01) (4, 7.86682648059028322152e-02) (5, 7.07443268271289560367e-01) (6, 5.62918295385442468692e-01) (7, 3.56510358098797719428e-01) (8, 2.60892901116768549663e-01) (9, 1.00748585670818679993e-01) (10, 1.25115933030475967591e-01) (11, -2.56164325987153462805e+00) (12, -2.57453003366642407812e+00) (13, 6.62436884747136467411e-01) (14, -1.64875887885116423348e+00) 
