FANN_FLO_2.1
num_layers=3
learning_rate=0.700000
connection_rate=1.000000
network_type=0
learning_momentum=0.000000
training_algorithm=2
train_error_function=1
train_stop_function=1
cascade_output_change_fraction=0.010000
quickprop_decay=-0.000100
quickprop_mu=1.750000
rprop_increase_factor=1.200000
rprop_decrease_factor=0.500000
rprop_delta_min=0.000000
rprop_delta_max=50.000000
rprop_delta_zero=0.100000
cascade_output_stagnation_epochs=12
cascade_candidate_change_fraction=0.010000
cascade_candidate_stagnation_epochs=12
cascade_max_out_epochs=150
cascade_min_out_epochs=50
cascade_max_cand_epochs=150
cascade_min_cand_epochs=50
cascade_num_candidate_groups=2
bit_fail_limit=1.00000000000000005551e-01
cascade_candidate_limit=1.00000000000000000000e+03
cascade_weight_multiplier=4.00000000000000022204e-01
cascade_activation_functions_count=10
cascade_activation_functions=3 5 7 8 10 11 14 15 16 17 
cascade_activation_steepnesses_count=4
cascade_activation_steepnesses=2.50000000000000000000e-01 5.00000000000000000000e-01 7.50000000000000000000e-01 1.00000000000000000000e+00 
layer_sizes=12 4 2 
scale_included=0
neurons (num_inputs, activation_function, activation_steepness)=(0, 0, 0.00000000000000000000e+00) (0, 0, 0.00000000000000000000e+00) (0, 0, 0.00000000000000000000e+00) (0, 0, 0.00000000000000000000e+00) (0, 0, 0.00000000000000000000e+00) (0, 0, 0.00000000000000000000e+00) (0, 0, 0.00000000000000000000e+00) (0, 0, 0.00000000000000000000e+00) (0, 0, 0.00000000000000000000e+00) (0, 0, 0.00000000000000000000e+00) (0, 0, 0.00000000000000000000e+00) (0, 0, 0.00000000000000000000e+00) (12, 6, 5.00000000000000000000e-01) (12, 6, 5.00000000000000000000e-01) (12, 6, 5.00000000000000000000e-01) (0, 6, 0.00000000000000000000e+00) (4, 4, 5.00000000000000000000e-01) (0, 4, 0.00000000000000000000e+00) 
connections (connected_to_neuron, weight)=(0, -2.25957266417549673676e+00) (1, 2.19908906806055748362e+00) (2, 7.59987805252156589653e-01) (3, -7.59558233981030062054e-01) (4, 7.87745014985726244028e-01) (5, 1.83967279744031064759e+00) (6, 6.73501466622278832652e-01) (7, 3.12033409330703170870e-01) (8, 1.57306204673472560529e+00) (9, 5.37782468610488728622e-01) (10, 5.63581012898170308212e-01) (11, -2.20421973792122471991e+00) (0, -5.83329458926740063163e+00) (1, 4.20254868843910323051e+00) (2, 4.94966651697793924569e+00) (3, -3.04447257958576855685e+00) (4, 4.57319825584811834318e+00) (5, 5.66171594358866947516e+00) (6, 1.67549685876980114507e+00) (7, 1.69594088773701057171e+00) (8, 6.55723276825143219781e+00) (9, 3.13466760773946528928e+00) (10, 6.41635198606680279276e-01) (11, -5.76257120464864147635e+00) (0, 1.46691169579007030244e+00) (1, -1.61529035466380155306e+00) (2, -7.64947034033249151364e-01) (3, 5.89061352197938314923e-01) (4, -1.07595123176445952445e-02) (5, -1.53516447553627005673e-01) (6, -1.07332887483107111692e-01) (7, -3.46494287664803335414e-02) (8, -2.18290514715393624279e-01) (9, -1.03996057554078216723e-01) (10, -9.62108420368957412139e-02) (11, 1.44392487395979762788e+00) (12, 1.16986497768497645922e+01) (13, 3.98895577716385574263e+00) (14, -1.76278989511575168159e+00) (15, -9.20912706972020655982e-01) 
