FANN_FLO_2.1
num_layers=3
learning_rate=0.700000
connection_rate=1.000000
network_type=0
learning_momentum=0.000000
training_algorithm=2
train_error_function=1
train_stop_function=1
cascade_output_change_fraction=0.010000
quickprop_decay=-0.000100
quickprop_mu=1.750000
rprop_increase_factor=1.200000
rprop_decrease_factor=0.500000
rprop_delta_min=0.000000
rprop_delta_max=50.000000
rprop_delta_zero=0.100000
cascade_output_stagnation_epochs=12
cascade_candidate_change_fraction=0.010000
cascade_candidate_stagnation_epochs=12
cascade_max_out_epochs=150
cascade_min_out_epochs=50
cascade_max_cand_epochs=150
cascade_min_cand_epochs=50
cascade_num_candidate_groups=2
bit_fail_limit=1.00000000000000005551e-01
cascade_candidate_limit=1.00000000000000000000e+03
cascade_weight_multiplier=4.00000000000000022204e-01
cascade_activation_functions_count=10
cascade_activation_functions=3 5 7 8 10 11 14 15 16 17 
cascade_activation_steepnesses_count=4
cascade_activation_steepnesses=2.50000000000000000000e-01 5.00000000000000000000e-01 7.50000000000000000000e-01 1.00000000000000000000e+00 
layer_sizes=9 4 2 
scale_included=0
neurons (num_inputs, activation_function, activation_steepness)=(0, 0, 0.00000000000000000000e+00) (0, 0, 0.00000000000000000000e+00) (0, 0, 0.00000000000000000000e+00) (0, 0, 0.00000000000000000000e+00) (0, 0, 0.00000000000000000000e+00) (0, 0, 0.00000000000000000000e+00) (0, 0, 0.00000000000000000000e+00) (0, 0, 0.00000000000000000000e+00) (0, 0, 0.00000000000000000000e+00) (9, 6, 5.00000000000000000000e-01) (9, 6, 5.00000000000000000000e-01) (9, 6, 5.00000000000000000000e-01) (0, 6, 0.00000000000000000000e+00) (4, 4, 5.00000000000000000000e-01) (0, 4, 0.00000000000000000000e+00) 
connections (connected_to_neuron, weight)=(0, -1.36781646665231182425e+00) (1, 1.14102966461933141851e+00) (2, 2.35462089944356112170e+00) (3, 1.88405904067500751253e+00) (4, 1.02812337356367966557e+00) (5, 9.01153630043658337989e-01) (6, -1.12154524346669193235e+00) (7, -1.63957060949700583752e-01) (8, -1.20840452220336413980e+00) (0, 5.20305867796020304894e+00) (1, -4.72346055289856447956e+00) (2, -2.68954241454735587524e+00) (3, -2.06395804722536002629e+00) (4, -2.13286450145031869496e+00) (5, -2.11705079314495980825e+00) (6, 2.57002440558681488625e+00) (7, -1.83805725002164715987e-01) (8, 5.15474296664075648522e+00) (0, -4.74245129192424508258e-01) (1, 1.10715784386474824785e+00) (2, 1.21345836859550515463e+00) (3, 2.52641308627364780115e-01) (4, 2.83536952725568835998e-01) (5, 3.81522302321115558410e-01) (6, -1.40465775639121465135e-01) (7, -2.82118526098970173743e-02) (8, -3.04593963587833138629e-01) (9, 2.54983291657866262270e+00) (10, -6.15918097785780371822e+00) (11, 1.13025280942621875191e+00) (12, -2.10329452226366120371e+00) 
