FANN_FLO_2.1
num_layers=3
learning_rate=0.700000
connection_rate=1.000000
network_type=0
learning_momentum=0.000000
training_algorithm=2
train_error_function=1
train_stop_function=1
cascade_output_change_fraction=0.010000
quickprop_decay=-0.000100
quickprop_mu=1.750000
rprop_increase_factor=1.200000
rprop_decrease_factor=0.500000
rprop_delta_min=0.000000
rprop_delta_max=50.000000
rprop_delta_zero=0.100000
cascade_output_stagnation_epochs=12
cascade_candidate_change_fraction=0.010000
cascade_candidate_stagnation_epochs=12
cascade_max_out_epochs=150
cascade_min_out_epochs=50
cascade_max_cand_epochs=150
cascade_min_cand_epochs=50
cascade_num_candidate_groups=2
bit_fail_limit=1.00000000000000005551e-01
cascade_candidate_limit=1.00000000000000000000e+03
cascade_weight_multiplier=4.00000000000000022204e-01
cascade_activation_functions_count=10
cascade_activation_functions=3 5 7 8 10 11 14 15 16 17 
cascade_activation_steepnesses_count=4
cascade_activation_steepnesses=2.50000000000000000000e-01 5.00000000000000000000e-01 7.50000000000000000000e-01 1.00000000000000000000e+00 
layer_sizes=6 4 2 
scale_included=0
neurons (num_inputs, activation_function, activation_steepness)=(0, 0, 0.00000000000000000000e+00) (0, 0, 0.00000000000000000000e+00) (0, 0, 0.00000000000000000000e+00) (0, 0, 0.00000000000000000000e+00) (0, 0, 0.00000000000000000000e+00) (0, 0, 0.00000000000000000000e+00) (6, 6, 5.00000000000000000000e-01) (6, 6, 5.00000000000000000000e-01) (6, 6, 5.00000000000000000000e-01) (0, 6, 0.00000000000000000000e+00) (4, 4, 5.00000000000000000000e-01) (0, 4, 0.00000000000000000000e+00) 
connections (connected_to_neuron, weight)=(0, 1.94636900055700912127e+00) (1, -6.13368492839668100203e+00) (2, -6.39614443505146468283e+00) (3, -1.01011154033613816949e+01) (4, -6.56195530934399595679e+00) (5, 1.18464061031523879564e+01) (0, 2.14401289392134541956e+00) (1, -1.64832860072157916242e+00) (2, -2.75435826370868674928e+00) (3, -1.53772349184557928226e+01) (4, -5.54098061518009110671e-01) (5, 5.96646787157022995274e+00) (0, 1.94373838706517498842e+00) (1, -6.18238900868032281721e+00) (2, -6.69066676278948690992e+00) (3, -9.86273538670373461912e+00) (4, -6.58281023694342604102e+00) (5, 1.18588628704856571261e+01) (6, -6.76994733783580393549e+00) (7, -3.02656125621036276030e+00) (8, -6.77141355994321436640e+00) (9, -9.96120577627085501682e-01) 
