FANN_FLO_2.1
num_layers=3
learning_rate=0.700000
connection_rate=1.000000
network_type=0
learning_momentum=0.000000
training_algorithm=2
train_error_function=1
train_stop_function=1
cascade_output_change_fraction=0.010000
quickprop_decay=-0.000100
quickprop_mu=1.750000
rprop_increase_factor=1.200000
rprop_decrease_factor=0.500000
rprop_delta_min=0.000000
rprop_delta_max=50.000000
rprop_delta_zero=0.100000
cascade_output_stagnation_epochs=12
cascade_candidate_change_fraction=0.010000
cascade_candidate_stagnation_epochs=12
cascade_max_out_epochs=150
cascade_min_out_epochs=50
cascade_max_cand_epochs=150
cascade_min_cand_epochs=50
cascade_num_candidate_groups=2
bit_fail_limit=1.00000000000000005551e-01
cascade_candidate_limit=1.00000000000000000000e+03
cascade_weight_multiplier=4.00000000000000022204e-01
cascade_activation_functions_count=10
cascade_activation_functions=3 5 7 8 10 11 14 15 16 17 
cascade_activation_steepnesses_count=4
cascade_activation_steepnesses=2.50000000000000000000e-01 5.00000000000000000000e-01 7.50000000000000000000e-01 1.00000000000000000000e+00 
layer_sizes=8 4 2 
scale_included=0
neurons (num_inputs, activation_function, activation_steepness)=(0, 0, 0.00000000000000000000e+00) (0, 0, 0.00000000000000000000e+00) (0, 0, 0.00000000000000000000e+00) (0, 0, 0.00000000000000000000e+00) (0, 0, 0.00000000000000000000e+00) (0, 0, 0.00000000000000000000e+00) (0, 0, 0.00000000000000000000e+00) (0, 0, 0.00000000000000000000e+00) (8, 6, 5.00000000000000000000e-01) (8, 6, 5.00000000000000000000e-01) (8, 6, 5.00000000000000000000e-01) (0, 6, 0.00000000000000000000e+00) (4, 4, 5.00000000000000000000e-01) (0, 4, 0.00000000000000000000e+00) 
connections (connected_to_neuron, weight)=(0, -4.93262912157800936797e+00) (1, 4.10719533016926074964e+00) (2, 2.65886159744810779415e+00) (3, 4.68286463664773044968e+00) (4, 4.17668948813691365274e+00) (5, 2.34989208485648948255e+00) (6, -9.72802004457757663047e-01) (7, -4.54334658514311673372e+00) (0, -4.66006790340951857626e-03) (1, -1.08036562446052797348e+00) (2, -7.39568770233236638667e-01) (3, -6.34356424991926570733e-01) (4, -9.73866604765002641386e-01) (5, -1.50340601464568135448e+00) (6, 7.77738251685660686441e-02) (7, 8.99008476831222591574e-02) (0, 1.74276169145098425162e+00) (1, 3.72220595584547853107e+00) (2, -2.28372332121929644266e-01) (3, -3.11507850230196794428e+01) (4, 5.10543698854321048586e-01) (5, -5.04523281549398433521e-02) (6, 4.48535756540343832910e-01) (7, 5.43498158260629082861e-01) (8, 5.55833196805294083020e+00) (9, -2.07827517980755116511e+00) (10, -1.76972507200680606587e+00) (11, -2.61258642314283839880e+00) 
