FANN_FLO_2.1
num_layers=3
learning_rate=0.700000
connection_rate=1.000000
network_type=0
learning_momentum=0.000000
training_algorithm=2
train_error_function=1
train_stop_function=1
cascade_output_change_fraction=0.010000
quickprop_decay=-0.000100
quickprop_mu=1.750000
rprop_increase_factor=1.200000
rprop_decrease_factor=0.500000
rprop_delta_min=0.000000
rprop_delta_max=50.000000
rprop_delta_zero=0.100000
cascade_output_stagnation_epochs=12
cascade_candidate_change_fraction=0.010000
cascade_candidate_stagnation_epochs=12
cascade_max_out_epochs=150
cascade_min_out_epochs=50
cascade_max_cand_epochs=150
cascade_min_cand_epochs=50
cascade_num_candidate_groups=2
bit_fail_limit=1.00000000000000005551e-01
cascade_candidate_limit=1.00000000000000000000e+03
cascade_weight_multiplier=4.00000000000000022204e-01
cascade_activation_functions_count=10
cascade_activation_functions=3 5 7 8 10 11 14 15 16 17 
cascade_activation_steepnesses_count=4
cascade_activation_steepnesses=2.50000000000000000000e-01 5.00000000000000000000e-01 7.50000000000000000000e-01 1.00000000000000000000e+00 
layer_sizes=18 4 2 
scale_included=0
neurons (num_inputs, activation_function, activation_steepness)=(0, 0, 0.00000000000000000000e+00) (0, 0, 0.00000000000000000000e+00) (0, 0, 0.00000000000000000000e+00) (0, 0, 0.00000000000000000000e+00) (0, 0, 0.00000000000000000000e+00) (0, 0, 0.00000000000000000000e+00) (0, 0, 0.00000000000000000000e+00) (0, 0, 0.00000000000000000000e+00) (0, 0, 0.00000000000000000000e+00) (0, 0, 0.00000000000000000000e+00) (0, 0, 0.00000000000000000000e+00) (0, 0, 0.00000000000000000000e+00) (0, 0, 0.00000000000000000000e+00) (0, 0, 0.00000000000000000000e+00) (0, 0, 0.00000000000000000000e+00) (0, 0, 0.00000000000000000000e+00) (0, 0, 0.00000000000000000000e+00) (0, 0, 0.00000000000000000000e+00) (18, 6, 5.00000000000000000000e-01) (18, 6, 5.00000000000000000000e-01) (18, 6, 5.00000000000000000000e-01) (0, 6, 0.00000000000000000000e+00) (4, 4, 5.00000000000000000000e-01) (0, 4, 0.00000000000000000000e+00) 
connections (connected_to_neuron, weight)=(0, -1.28915959379889066838e+00) (1, 1.29725673287505882669e+00) (2, 1.90664773287732081108e+00) (3, 1.60180863873436996059e+00) (4, -6.75576793390440855092e-01) (5, -6.29739958713597447471e-01) (6, 1.47405243094828904304e+02) (7, -9.60915372203915429949e-02) (8, -3.16021898995117844766e-01) (9, 1.93779613203117495601e+00) (10, -2.37467215880674042960e-01) (11, -1.94809135135758343393e-01) (12, 1.90173824812198377643e+00) (13, -1.67469929549632856602e-01) (14, 1.24826709332417196130e+00) (15, -2.54924747261459916370e-01) (16, 1.90654727007175184283e+00) (17, -1.39538328319056259552e+00) (0, -1.36282904336716015337e+00) (1, 1.86543943796500633070e+00) (2, 6.56304097481404280501e-01) (3, 8.09296069168668252836e-01) (4, 7.38068591745048907526e-01) (5, 1.54114886190703614943e+00) (6, 6.14558742127378039299e+01) (7, 1.06937321851478439605e+00) (8, 1.07402506508065620494e+00) (9, 8.17972135381413667510e-01) (10, -1.06366505060941762828e+00) (11, -3.29323918839562523875e-01) (12, 7.77798075741730987609e-01) (13, -3.01938715322560002896e-01) (14, 3.60094493497406964444e-01) (15, -2.24406453958744006583e-01) (16, 8.91061621015587501660e-01) (17, -3.98144067410705571053e-01) (0, -1.61437594342305357209e+00) (1, 1.82335305952176396360e+00) (2, 2.22950559551746296805e+00) (3, 1.34467166439965279956e+00) (4, -1.11138823448634549429e+00) (5, 3.32321125036522113660e-01) (6, 1.47273590758410279022e+02) (7, -1.06639071768519666517e-01) (8, -7.44108320159107217151e-01) (9, 2.08420758878859357921e+00) (10, -1.36926925742449134837e+00) (11, -3.86459142333779814837e-01) (12, 2.13415519441390699740e+00) (13, -4.27192239557890485191e-01) (14, 1.47125850349526055005e+00) (15, -3.30300673288922708171e-01) (16, 2.07538790176535314913e+00) (17, -1.30066924899084779277e+00) (18, 1.85497793098192609307e+01) (19, 1.49045429022218667292e+00) (20, 3.59123070658635423769e+00) (21, -3.10297178160641751177e+00) 
