FANN_FLO_2.1
num_layers=3
learning_rate=0.700000
connection_rate=1.000000
network_type=0
learning_momentum=0.000000
training_algorithm=2
train_error_function=1
train_stop_function=1
cascade_output_change_fraction=0.010000
quickprop_decay=-0.000100
quickprop_mu=1.750000
rprop_increase_factor=1.200000
rprop_decrease_factor=0.500000
rprop_delta_min=0.000000
rprop_delta_max=50.000000
rprop_delta_zero=0.100000
cascade_output_stagnation_epochs=12
cascade_candidate_change_fraction=0.010000
cascade_candidate_stagnation_epochs=12
cascade_max_out_epochs=150
cascade_min_out_epochs=50
cascade_max_cand_epochs=150
cascade_min_cand_epochs=50
cascade_num_candidate_groups=2
bit_fail_limit=1.00000000000000005551e-01
cascade_candidate_limit=1.00000000000000000000e+03
cascade_weight_multiplier=4.00000000000000022204e-01
cascade_activation_functions_count=10
cascade_activation_functions=3 5 7 8 10 11 14 15 16 17 
cascade_activation_steepnesses_count=4
cascade_activation_steepnesses=2.50000000000000000000e-01 5.00000000000000000000e-01 7.50000000000000000000e-01 1.00000000000000000000e+00 
layer_sizes=11 4 2 
scale_included=0
neurons (num_inputs, activation_function, activation_steepness)=(0, 0, 0.00000000000000000000e+00) (0, 0, 0.00000000000000000000e+00) (0, 0, 0.00000000000000000000e+00) (0, 0, 0.00000000000000000000e+00) (0, 0, 0.00000000000000000000e+00) (0, 0, 0.00000000000000000000e+00) (0, 0, 0.00000000000000000000e+00) (0, 0, 0.00000000000000000000e+00) (0, 0, 0.00000000000000000000e+00) (0, 0, 0.00000000000000000000e+00) (0, 0, 0.00000000000000000000e+00) (11, 6, 5.00000000000000000000e-01) (11, 6, 5.00000000000000000000e-01) (11, 6, 5.00000000000000000000e-01) (0, 6, 0.00000000000000000000e+00) (4, 4, 5.00000000000000000000e-01) (0, 4, 0.00000000000000000000e+00) 
connections (connected_to_neuron, weight)=(0, 8.20810273054070477228e-02) (1, 1.05627363042001598537e+00) (2, 4.09737011327774625080e-01) (3, 4.80389550949214594322e-01) (4, 6.29818766983809341653e-01) (5, 6.87542065652670508769e-01) (6, 4.52541801502286289427e-01) (7, 8.93352155847100926067e-01) (8, -1.02019539765877582937e-02) (9, 4.95651976911843372697e-01) (10, 4.68548476242523492807e-02) (0, 5.07764056570952915237e-01) (1, -4.53963925972828030719e-01) (2, -1.14296905431244617546e+01) (3, -5.63144323884271935654e-01) (4, -3.48012533903201859431e-01) (5, -4.12030334343733706248e-01) (6, -2.63793478813646720127e+00) (7, -1.49171113407226285652e+00) (8, 6.23892255413848961787e-01) (9, -1.66549668143153928312e+00) (10, 1.18445256445155888692e+00) (0, -3.59836040079954111448e+00) (1, 4.39155201606394385294e+00) (2, 1.84734479370060267200e+00) (3, 2.43890828605110554506e+00) (4, 2.52583781351947722627e+00) (5, 2.09031688212217270362e+00) (6, 2.72772731010038738120e+00) (7, 3.87543798133816475016e+00) (8, -6.14715018495217258021e+00) (9, -1.70096072149459209832e-01) (10, -4.85336788790101802959e+00) (11, 4.72372828349947815330e-01) (12, -1.42713072642831462211e+00) (13, 5.88408131691971725274e+00) (14, -2.00720812346240240487e+00) 
