FANN_FLO_2.1
num_layers=3
learning_rate=0.700000
connection_rate=1.000000
network_type=0
learning_momentum=0.000000
training_algorithm=2
train_error_function=1
train_stop_function=1
cascade_output_change_fraction=0.010000
quickprop_decay=-0.000100
quickprop_mu=1.750000
rprop_increase_factor=1.200000
rprop_decrease_factor=0.500000
rprop_delta_min=0.000000
rprop_delta_max=50.000000
rprop_delta_zero=0.100000
cascade_output_stagnation_epochs=12
cascade_candidate_change_fraction=0.010000
cascade_candidate_stagnation_epochs=12
cascade_max_out_epochs=150
cascade_min_out_epochs=50
cascade_max_cand_epochs=150
cascade_min_cand_epochs=50
cascade_num_candidate_groups=2
bit_fail_limit=1.00000000000000005551e-01
cascade_candidate_limit=1.00000000000000000000e+03
cascade_weight_multiplier=4.00000000000000022204e-01
cascade_activation_functions_count=10
cascade_activation_functions=3 5 7 8 10 11 14 15 16 17 
cascade_activation_steepnesses_count=4
cascade_activation_steepnesses=2.50000000000000000000e-01 5.00000000000000000000e-01 7.50000000000000000000e-01 1.00000000000000000000e+00 
layer_sizes=18 4 2 
scale_included=0
neurons (num_inputs, activation_function, activation_steepness)=(0, 0, 0.00000000000000000000e+00) (0, 0, 0.00000000000000000000e+00) (0, 0, 0.00000000000000000000e+00) (0, 0, 0.00000000000000000000e+00) (0, 0, 0.00000000000000000000e+00) (0, 0, 0.00000000000000000000e+00) (0, 0, 0.00000000000000000000e+00) (0, 0, 0.00000000000000000000e+00) (0, 0, 0.00000000000000000000e+00) (0, 0, 0.00000000000000000000e+00) (0, 0, 0.00000000000000000000e+00) (0, 0, 0.00000000000000000000e+00) (0, 0, 0.00000000000000000000e+00) (0, 0, 0.00000000000000000000e+00) (0, 0, 0.00000000000000000000e+00) (0, 0, 0.00000000000000000000e+00) (0, 0, 0.00000000000000000000e+00) (0, 0, 0.00000000000000000000e+00) (18, 6, 5.00000000000000000000e-01) (18, 6, 5.00000000000000000000e-01) (18, 6, 5.00000000000000000000e-01) (0, 6, 0.00000000000000000000e+00) (4, 4, 5.00000000000000000000e-01) (0, 4, 0.00000000000000000000e+00) 
connections (connected_to_neuron, weight)=(0, -3.36844382191855529207e-01) (1, 1.55137919887124686724e+00) (2, 8.23860088996593575850e-01) (3, -3.69307859715952924162e+00) (4, -1.07952479106404219955e+00) (5, -1.42023316382010222902e+00) (6, 8.89052382743630631445e-01) (7, -4.35779474044471426541e-01) (8, 1.18933511526538526759e+00) (9, -1.84354548591619593623e+00) (10, -1.88562367174273548542e+00) (11, -1.07980893415680267999e+00) (12, -3.40904277072534678261e-01) (13, -2.51637501199892943404e+00) (14, -2.39759414863100817072e+00) (15, -2.84072968342989007340e+00) (16, 3.24314002039739202043e-01) (17, -3.81624876861776485271e-01) (0, 4.35817705648199826829e-01) (1, -2.93221295857450048317e+00) (2, -1.50455529920544128081e-02) (3, 2.75568947920119944328e+00) (4, 2.24646963195244220302e+00) (5, 8.02966005678511285382e-01) (6, -3.74424325760297183052e+00) (7, 8.61403589426629756609e-01) (8, -2.06729965798978065905e+00) (9, -6.69017038104706696089e+00) (10, -6.70058518258505753096e+00) (11, 8.60702285175278802853e-01) (12, 6.25400858400166459461e-01) (13, -7.86896154237643496998e+00) (14, 2.21726166242984223942e+00) (15, 2.76366424629959306358e+00) (16, -5.57422514319040995900e+00) (17, 1.01929277890298722320e-01) (0, -1.78895026083641273118e+00) (1, 5.00487600675454391563e-01) (2, 1.58226307656225895215e+01) (3, -2.57704390140667793929e+00) (4, 7.87292107230027626841e-02) (5, -9.64928811677499553845e-02) (6, 1.48299484424308986030e-01) (7, 1.22503086674599348527e+01) (8, -2.54557944463579666206e+00) (9, -2.03159460661825708172e+00) (10, -2.06028276918348796087e+00) (11, -6.80385939898312752661e+00) (12, 3.91420516208912072642e+00) (13, -2.15940957597597416040e+00) (14, 5.18339103409529045052e-01) (15, -2.17827062289415707141e+00) (16, 1.47309258956488609016e-01) (17, -3.33771912270170068027e+00) (18, 1.39274471854962667017e+00) (19, -5.20430826065351581633e+00) (20, 6.19552011458763018936e+00) (21, -4.03459710524983972135e+00) 
