FANN_FLO_2.1
num_layers=3
learning_rate=0.700000
connection_rate=1.000000
network_type=0
learning_momentum=0.000000
training_algorithm=2
train_error_function=1
train_stop_function=1
cascade_output_change_fraction=0.010000
quickprop_decay=-0.000100
quickprop_mu=1.750000
rprop_increase_factor=1.200000
rprop_decrease_factor=0.500000
rprop_delta_min=0.000000
rprop_delta_max=50.000000
rprop_delta_zero=0.100000
cascade_output_stagnation_epochs=12
cascade_candidate_change_fraction=0.010000
cascade_candidate_stagnation_epochs=12
cascade_max_out_epochs=150
cascade_min_out_epochs=50
cascade_max_cand_epochs=150
cascade_min_cand_epochs=50
cascade_num_candidate_groups=2
bit_fail_limit=1.00000000000000005551e-01
cascade_candidate_limit=1.00000000000000000000e+03
cascade_weight_multiplier=4.00000000000000022204e-01
cascade_activation_functions_count=10
cascade_activation_functions=3 5 7 8 10 11 14 15 16 17 
cascade_activation_steepnesses_count=4
cascade_activation_steepnesses=2.50000000000000000000e-01 5.00000000000000000000e-01 7.50000000000000000000e-01 1.00000000000000000000e+00 
layer_sizes=6 4 2 
scale_included=0
neurons (num_inputs, activation_function, activation_steepness)=(0, 0, 0.00000000000000000000e+00) (0, 0, 0.00000000000000000000e+00) (0, 0, 0.00000000000000000000e+00) (0, 0, 0.00000000000000000000e+00) (0, 0, 0.00000000000000000000e+00) (0, 0, 0.00000000000000000000e+00) (6, 6, 5.00000000000000000000e-01) (6, 6, 5.00000000000000000000e-01) (6, 6, 5.00000000000000000000e-01) (0, 6, 0.00000000000000000000e+00) (4, 4, 5.00000000000000000000e-01) (0, 4, 0.00000000000000000000e+00) 
connections (connected_to_neuron, weight)=(0, -4.28696139075526866380e-02) (1, -3.23993646720905115188e+00) (2, -2.80262830991930300684e+00) (3, -2.91791012362499024846e+00) (4, -2.96157302186746385075e+00) (5, 1.90452283996932036914e+00) (0, -5.24335585751919686093e-02) (1, -2.91106195227165009953e+00) (2, -3.26538505080234831013e+00) (3, -2.91400859580671411919e+00) (4, -2.84734540880953979070e+00) (5, 1.96806346256129272021e+00) (0, 2.64612755106581776232e-01) (1, 7.97871415641322245804e-01) (2, 3.31114629554510986331e-01) (3, 3.57243906730499549695e-01) (4, 4.49691597396221443006e-01) (5, -7.72970093591859863658e-01) (6, -6.03783392751645298091e+00) (7, -6.06961780631970615474e+00) (8, 8.40108261921082233314e-01) (9, -1.38431115660365389175e+00) 
