FANN_FLO_2.1
num_layers=3
learning_rate=0.700000
connection_rate=1.000000
network_type=0
learning_momentum=0.000000
training_algorithm=2
train_error_function=1
train_stop_function=1
cascade_output_change_fraction=0.010000
quickprop_decay=-0.000100
quickprop_mu=1.750000
rprop_increase_factor=1.200000
rprop_decrease_factor=0.500000
rprop_delta_min=0.000000
rprop_delta_max=50.000000
rprop_delta_zero=0.100000
cascade_output_stagnation_epochs=12
cascade_candidate_change_fraction=0.010000
cascade_candidate_stagnation_epochs=12
cascade_max_out_epochs=150
cascade_min_out_epochs=50
cascade_max_cand_epochs=150
cascade_min_cand_epochs=50
cascade_num_candidate_groups=2
bit_fail_limit=1.00000000000000005551e-01
cascade_candidate_limit=1.00000000000000000000e+03
cascade_weight_multiplier=4.00000000000000022204e-01
cascade_activation_functions_count=10
cascade_activation_functions=3 5 7 8 10 11 14 15 16 17 
cascade_activation_steepnesses_count=4
cascade_activation_steepnesses=2.50000000000000000000e-01 5.00000000000000000000e-01 7.50000000000000000000e-01 1.00000000000000000000e+00 
layer_sizes=12 4 2 
scale_included=0
neurons (num_inputs, activation_function, activation_steepness)=(0, 0, 0.00000000000000000000e+00) (0, 0, 0.00000000000000000000e+00) (0, 0, 0.00000000000000000000e+00) (0, 0, 0.00000000000000000000e+00) (0, 0, 0.00000000000000000000e+00) (0, 0, 0.00000000000000000000e+00) (0, 0, 0.00000000000000000000e+00) (0, 0, 0.00000000000000000000e+00) (0, 0, 0.00000000000000000000e+00) (0, 0, 0.00000000000000000000e+00) (0, 0, 0.00000000000000000000e+00) (0, 0, 0.00000000000000000000e+00) (12, 6, 5.00000000000000000000e-01) (12, 6, 5.00000000000000000000e-01) (12, 6, 5.00000000000000000000e-01) (0, 6, 0.00000000000000000000e+00) (4, 4, 5.00000000000000000000e-01) (0, 4, 0.00000000000000000000e+00) 
connections (connected_to_neuron, weight)=(0, 6.20677206762558331121e-01) (1, 2.21134805609039775121e+00) (2, 1.39396347893108196736e+00) (3, 1.81056015121944335888e+00) (4, 1.81825931380605210208e+00) (5, -1.04020750976378462127e+00) (6, 1.92220879019952128886e+00) (7, -1.14385362793330380704e+00) (8, 2.20548046940292996609e+00) (9, 2.22971008179213781020e+00) (10, 2.01830326945590332599e+00) (11, -2.25392290190346500367e+00) (0, 2.28828891642944204365e-01) (1, 3.40628295729206942433e-01) (2, 3.01345672195388214476e-01) (3, 1.84211312724420714915e+01) (4, 6.87800494243186566479e-01) (5, 5.34947954432942462955e-02) (6, 4.07791654311753959394e-01) (7, 5.20258170963746897214e-03) (8, 7.96836508616023286855e-01) (9, 9.61745510864542074714e-01) (10, 8.84056007745442573587e-01) (11, -5.69752108131982848427e-01) (0, 2.53091785360289867057e-01) (1, 7.65116376864100056210e-01) (2, 6.67332682360813000955e-01) (3, 1.02512589820741473190e+00) (4, 1.60363248086447973684e+00) (5, -7.61642680342998756871e-02) (6, 1.23943513859759457674e+00) (7, 2.37474514945287235035e-01) (8, 1.98054947230677180769e+00) (9, 1.90776436315878861194e+00) (10, 2.06294429601401185792e+00) (11, -1.67480547985305894265e+00) (12, 1.42100501047691750500e+02) (13, 4.21613059043216775734e-01) (14, 1.98879429664041196268e+00) (15, -1.66509755533186809551e+00) 
