FANN_FLO_2.1
num_layers=3
learning_rate=0.700000
connection_rate=1.000000
network_type=0
learning_momentum=0.000000
training_algorithm=2
train_error_function=1
train_stop_function=1
cascade_output_change_fraction=0.010000
quickprop_decay=-0.000100
quickprop_mu=1.750000
rprop_increase_factor=1.200000
rprop_decrease_factor=0.500000
rprop_delta_min=0.000000
rprop_delta_max=50.000000
rprop_delta_zero=0.100000
cascade_output_stagnation_epochs=12
cascade_candidate_change_fraction=0.010000
cascade_candidate_stagnation_epochs=12
cascade_max_out_epochs=150
cascade_min_out_epochs=50
cascade_max_cand_epochs=150
cascade_min_cand_epochs=50
cascade_num_candidate_groups=2
bit_fail_limit=1.00000000000000005551e-01
cascade_candidate_limit=1.00000000000000000000e+03
cascade_weight_multiplier=4.00000000000000022204e-01
cascade_activation_functions_count=10
cascade_activation_functions=3 5 7 8 10 11 14 15 16 17 
cascade_activation_steepnesses_count=4
cascade_activation_steepnesses=2.50000000000000000000e-01 5.00000000000000000000e-01 7.50000000000000000000e-01 1.00000000000000000000e+00 
layer_sizes=11 4 2 
scale_included=0
neurons (num_inputs, activation_function, activation_steepness)=(0, 0, 0.00000000000000000000e+00) (0, 0, 0.00000000000000000000e+00) (0, 0, 0.00000000000000000000e+00) (0, 0, 0.00000000000000000000e+00) (0, 0, 0.00000000000000000000e+00) (0, 0, 0.00000000000000000000e+00) (0, 0, 0.00000000000000000000e+00) (0, 0, 0.00000000000000000000e+00) (0, 0, 0.00000000000000000000e+00) (0, 0, 0.00000000000000000000e+00) (0, 0, 0.00000000000000000000e+00) (11, 6, 5.00000000000000000000e-01) (11, 6, 5.00000000000000000000e-01) (11, 6, 5.00000000000000000000e-01) (0, 6, 0.00000000000000000000e+00) (4, 4, 5.00000000000000000000e-01) (0, 4, 0.00000000000000000000e+00) 
connections (connected_to_neuron, weight)=(0, 1.59460317208490764962e+00) (1, 2.48449637499166753329e+00) (2, 1.26810445080176736887e+00) (3, 2.15309100164064348704e+00) (4, 2.62320166807682797483e+00) (5, -3.99161596556269426816e-01) (6, 2.15274897827867750522e+00) (7, 2.52917182292422415557e+00) (8, 9.66053627761867539370e-01) (9, 3.13140320619896472820e+00) (10, -4.29895000007064354008e+00) (0, 6.29342025166473817421e+00) (1, -1.10656441797593068088e+01) (2, 2.08274865333241869791e+01) (3, 8.40721497749275625821e-01) (4, 1.87794422142778749674e-01) (5, 2.46536992439217321760e+01) (6, 1.20376427878645020364e+00) (7, -6.90675097919281011372e+00) (8, -2.12104283190137979376e-02) (9, -1.53301033248340057291e+00) (10, -8.79398988479527798923e-01) (0, -5.45388810364924658813e+00) (1, 8.85074941753983068793e+00) (2, -1.02471202985747176228e+01) (3, -1.78864860067338824479e+01) (4, -1.98360478438285481317e+00) (5, -1.41560107820229372777e+01) (6, -1.22600388803865936183e+01) (7, 5.67405906532142356724e+00) (8, 1.61290910221081684739e+00) (9, 4.27690187507659302923e+00) (10, 8.67372856014609006081e-01) (11, 2.53521694282035277013e+01) (12, 2.39009132990747952263e+00) (13, -3.14502113195000676527e+00) (14, -3.95101983598562078726e+00) 
