FANN_FLO_2.1
num_layers=3
learning_rate=0.700000
connection_rate=1.000000
network_type=0
learning_momentum=0.000000
training_algorithm=2
train_error_function=1
train_stop_function=1
cascade_output_change_fraction=0.010000
quickprop_decay=-0.000100
quickprop_mu=1.750000
rprop_increase_factor=1.200000
rprop_decrease_factor=0.500000
rprop_delta_min=0.000000
rprop_delta_max=50.000000
rprop_delta_zero=0.100000
cascade_output_stagnation_epochs=12
cascade_candidate_change_fraction=0.010000
cascade_candidate_stagnation_epochs=12
cascade_max_out_epochs=150
cascade_min_out_epochs=50
cascade_max_cand_epochs=150
cascade_min_cand_epochs=50
cascade_num_candidate_groups=2
bit_fail_limit=1.00000000000000005551e-01
cascade_candidate_limit=1.00000000000000000000e+03
cascade_weight_multiplier=4.00000000000000022204e-01
cascade_activation_functions_count=10
cascade_activation_functions=3 5 7 8 10 11 14 15 16 17 
cascade_activation_steepnesses_count=4
cascade_activation_steepnesses=2.50000000000000000000e-01 5.00000000000000000000e-01 7.50000000000000000000e-01 1.00000000000000000000e+00 
layer_sizes=16 4 2 
scale_included=0
neurons (num_inputs, activation_function, activation_steepness)=(0, 0, 0.00000000000000000000e+00) (0, 0, 0.00000000000000000000e+00) (0, 0, 0.00000000000000000000e+00) (0, 0, 0.00000000000000000000e+00) (0, 0, 0.00000000000000000000e+00) (0, 0, 0.00000000000000000000e+00) (0, 0, 0.00000000000000000000e+00) (0, 0, 0.00000000000000000000e+00) (0, 0, 0.00000000000000000000e+00) (0, 0, 0.00000000000000000000e+00) (0, 0, 0.00000000000000000000e+00) (0, 0, 0.00000000000000000000e+00) (0, 0, 0.00000000000000000000e+00) (0, 0, 0.00000000000000000000e+00) (0, 0, 0.00000000000000000000e+00) (0, 0, 0.00000000000000000000e+00) (16, 6, 5.00000000000000000000e-01) (16, 6, 5.00000000000000000000e-01) (16, 6, 5.00000000000000000000e-01) (0, 6, 0.00000000000000000000e+00) (4, 4, 5.00000000000000000000e-01) (0, 4, 0.00000000000000000000e+00) 
connections (connected_to_neuron, weight)=(0, -5.61777448896279285595e-02) (1, 3.81253113327033510416e+00) (2, -9.10525217036869527476e+00) (3, -2.09886375627469146110e-01) (4, 7.00976808088814240527e-01) (5, 6.36321170665237412223e-01) (6, 2.79135761113076752427e-01) (7, 7.53439829538811611798e-01) (8, 5.69623911413358552380e-01) (9, 6.92917160503045415076e-01) (10, 5.08359183590112451157e-01) (11, 2.19269779617766058522e-01) (12, 2.32355103404368268372e-01) (13, -1.61600463492054458037e+00) (14, 2.80949370981645039080e+01) (15, 9.86068547726955818566e-02) (0, -6.03756683575506691852e+00) (1, -3.54885698277259598044e+00) (2, 1.87619262051252100321e+01) (3, 2.06018914434978439587e-01) (4, -7.13931586103964233025e-01) (5, -1.33319840414323631528e+00) (6, 4.54716118932711743650e-02) (7, 5.17161638412345525673e-01) (8, -2.11036202854644727722e+00) (9, -2.66783713474996131421e-01) (10, -9.60236794039935115386e-01) (11, 2.07839361086227247810e-01) (12, -4.75102389114609308107e-02) (13, 5.98240088224803456818e-01) (14, 8.35258670186061480400e-01) (15, -1.38743500314139511786e+00) (0, 2.86205357557520212453e+00) (1, -6.58394908268127210249e+00) (2, 1.27770838979809053804e+00) (3, 1.44689447618433247866e-01) (4, 6.49364926616566529027e-01) (5, -9.03810902033929664867e+02) (6, 1.78758239523882062061e-01) (7, -4.17867230977508719025e-01) (8, -9.03180966657452017898e+01) (9, 5.62356024221861261481e-01) (10, -4.15234229527206011312e+00) (11, -3.57474567317486435769e+00) (12, -1.61961777579260825632e+02) (13, 2.19668250568247565013e+01) (14, 6.39310442809279948051e+02) (15, 5.06505233772785601332e+00) (16, 9.81387239143037959366e+00) (17, 1.24528441099576081541e+01) (18, -5.41441464178957421183e+00) (19, -3.40656655157569643322e+00) 
