FANN_FLO_2.1
num_layers=3
learning_rate=0.700000
connection_rate=1.000000
network_type=0
learning_momentum=0.000000
training_algorithm=2
train_error_function=1
train_stop_function=1
cascade_output_change_fraction=0.010000
quickprop_decay=-0.000100
quickprop_mu=1.750000
rprop_increase_factor=1.200000
rprop_decrease_factor=0.500000
rprop_delta_min=0.000000
rprop_delta_max=50.000000
rprop_delta_zero=0.100000
cascade_output_stagnation_epochs=12
cascade_candidate_change_fraction=0.010000
cascade_candidate_stagnation_epochs=12
cascade_max_out_epochs=150
cascade_min_out_epochs=50
cascade_max_cand_epochs=150
cascade_min_cand_epochs=50
cascade_num_candidate_groups=2
bit_fail_limit=1.00000000000000005551e-01
cascade_candidate_limit=1.00000000000000000000e+03
cascade_weight_multiplier=4.00000000000000022204e-01
cascade_activation_functions_count=10
cascade_activation_functions=3 5 7 8 10 11 14 15 16 17 
cascade_activation_steepnesses_count=4
cascade_activation_steepnesses=2.50000000000000000000e-01 5.00000000000000000000e-01 7.50000000000000000000e-01 1.00000000000000000000e+00 
layer_sizes=11 4 2 
scale_included=0
neurons (num_inputs, activation_function, activation_steepness)=(0, 0, 0.00000000000000000000e+00) (0, 0, 0.00000000000000000000e+00) (0, 0, 0.00000000000000000000e+00) (0, 0, 0.00000000000000000000e+00) (0, 0, 0.00000000000000000000e+00) (0, 0, 0.00000000000000000000e+00) (0, 0, 0.00000000000000000000e+00) (0, 0, 0.00000000000000000000e+00) (0, 0, 0.00000000000000000000e+00) (0, 0, 0.00000000000000000000e+00) (0, 0, 0.00000000000000000000e+00) (11, 6, 5.00000000000000000000e-01) (11, 6, 5.00000000000000000000e-01) (11, 6, 5.00000000000000000000e-01) (0, 6, 0.00000000000000000000e+00) (4, 4, 5.00000000000000000000e-01) (0, 4, 0.00000000000000000000e+00) 
connections (connected_to_neuron, weight)=(0, -5.64424986073524426189e+00) (1, -2.84692385907381373400e+00) (2, -4.70816323419728566257e-01) (3, -1.61365376807960436700e+00) (4, 1.47313908920389535773e+00) (5, -7.50665949614192973272e-01) (6, -2.15986153015246440390e+00) (7, -2.01955103846560346526e+00) (8, -1.89113752464899009809e+00) (9, -1.44096101652787034197e+00) (10, 4.08644822402505702996e+00) (0, -9.17940875883031109916e-02) (1, 1.59514781623469148464e+00) (2, 1.76254556941778783852e+00) (3, 3.46723590956395666396e+00) (4, -1.04250382617697012755e+00) (5, 3.04927245418566039703e+00) (6, 2.58539518096306597528e+00) (7, 2.39044664894805425348e+00) (8, 1.62361251827210661958e+00) (9, 4.30299867514711031902e+00) (10, -3.24234582518344360835e+00) (0, -1.01792130573727002130e+00) (1, -2.66309722990230302031e+00) (2, -3.49348665304224537120e-01) (3, -2.00933590770145098503e+00) (4, 1.36906283141984719265e+00) (5, -8.10730481632926047730e-01) (6, -2.27888365798454239908e+00) (7, -2.22784568457865095326e+00) (8, -1.82458283399622800403e+00) (9, -1.25322933230778721381e+00) (10, 3.67779470615648929055e+00) (11, -7.70206206597835318917e+01) (12, 5.54849388711310176348e+00) (13, -8.00579910319942200658e+01) (14, -1.45204237546506376155e+00) 
