FANN_FLO_2.1
num_layers=3
learning_rate=0.700000
connection_rate=1.000000
network_type=0
learning_momentum=0.000000
training_algorithm=2
train_error_function=1
train_stop_function=1
cascade_output_change_fraction=0.010000
quickprop_decay=-0.000100
quickprop_mu=1.750000
rprop_increase_factor=1.200000
rprop_decrease_factor=0.500000
rprop_delta_min=0.000000
rprop_delta_max=50.000000
rprop_delta_zero=0.100000
cascade_output_stagnation_epochs=12
cascade_candidate_change_fraction=0.010000
cascade_candidate_stagnation_epochs=12
cascade_max_out_epochs=150
cascade_min_out_epochs=50
cascade_max_cand_epochs=150
cascade_min_cand_epochs=50
cascade_num_candidate_groups=2
bit_fail_limit=1.00000000000000005551e-01
cascade_candidate_limit=1.00000000000000000000e+03
cascade_weight_multiplier=4.00000000000000022204e-01
cascade_activation_functions_count=10
cascade_activation_functions=3 5 7 8 10 11 14 15 16 17 
cascade_activation_steepnesses_count=4
cascade_activation_steepnesses=2.50000000000000000000e-01 5.00000000000000000000e-01 7.50000000000000000000e-01 1.00000000000000000000e+00 
layer_sizes=12 4 2 
scale_included=0
neurons (num_inputs, activation_function, activation_steepness)=(0, 0, 0.00000000000000000000e+00) (0, 0, 0.00000000000000000000e+00) (0, 0, 0.00000000000000000000e+00) (0, 0, 0.00000000000000000000e+00) (0, 0, 0.00000000000000000000e+00) (0, 0, 0.00000000000000000000e+00) (0, 0, 0.00000000000000000000e+00) (0, 0, 0.00000000000000000000e+00) (0, 0, 0.00000000000000000000e+00) (0, 0, 0.00000000000000000000e+00) (0, 0, 0.00000000000000000000e+00) (0, 0, 0.00000000000000000000e+00) (12, 6, 5.00000000000000000000e-01) (12, 6, 5.00000000000000000000e-01) (12, 6, 5.00000000000000000000e-01) (0, 6, 0.00000000000000000000e+00) (4, 4, 5.00000000000000000000e-01) (0, 4, 0.00000000000000000000e+00) 
connections (connected_to_neuron, weight)=(0, -2.05529509897022322207e+00) (1, 3.41238988826646476582e+01) (2, 1.54157655695903272886e+01) (3, 6.26863710921556638311e+00) (4, 1.49817603223262608481e+02) (5, -3.94802999055019441244e+01) (6, -1.31282077134943158114e+01) (7, 9.03305006341281213622e+00) (8, 4.37903255614305209065e+00) (9, -6.76225374721325933614e-01) (10, 2.17804737108649817401e+01) (11, 7.61970600158976907323e+00) (0, 9.64851733566135294495e+00) (1, 3.26384777498410549867e+00) (2, 2.82913000054899033131e+00) (3, 9.70592182237456913008e-01) (4, 3.52062417341895717016e+00) (5, 2.83729516160562100779e+00) (6, 8.41134092731671678678e+00) (7, -2.09145210103767498211e+00) (8, -9.72220269759026423095e-01) (9, 2.57844263550249719330e+00) (10, 3.31095834686851819839e+00) (11, -7.29171604854545574170e+00) (0, -4.85436416278417492975e-01) (1, -3.41457979074375972406e-01) (2, -5.85258298125823195335e-01) (3, -4.73980499904459051663e+00) (4, 6.70670722774898697693e-01) (5, 5.47494414825073061337e+00) (6, 1.50000000000000000000e+03) (7, 1.50000000000000000000e+03) (8, 1.50000000000000000000e+03) (9, -2.12771716696502632971e+00) (10, -4.98665112402022880911e-01) (11, 2.17038335889694095071e-01) (12, -1.43968362718487021823e+01) (13, 4.19086195089978730266e+01) (14, -2.31069834992164118148e+01) (15, -1.75486953759517794182e+00) 
