FANN_FLO_2.1
num_layers=3
learning_rate=0.700000
connection_rate=1.000000
network_type=0
learning_momentum=0.000000
training_algorithm=2
train_error_function=1
train_stop_function=1
cascade_output_change_fraction=0.010000
quickprop_decay=-0.000100
quickprop_mu=1.750000
rprop_increase_factor=1.200000
rprop_decrease_factor=0.500000
rprop_delta_min=0.000000
rprop_delta_max=50.000000
rprop_delta_zero=0.100000
cascade_output_stagnation_epochs=12
cascade_candidate_change_fraction=0.010000
cascade_candidate_stagnation_epochs=12
cascade_max_out_epochs=150
cascade_min_out_epochs=50
cascade_max_cand_epochs=150
cascade_min_cand_epochs=50
cascade_num_candidate_groups=2
bit_fail_limit=1.00000000000000005551e-01
cascade_candidate_limit=1.00000000000000000000e+03
cascade_weight_multiplier=4.00000000000000022204e-01
cascade_activation_functions_count=10
cascade_activation_functions=3 5 7 8 10 11 14 15 16 17 
cascade_activation_steepnesses_count=4
cascade_activation_steepnesses=2.50000000000000000000e-01 5.00000000000000000000e-01 7.50000000000000000000e-01 1.00000000000000000000e+00 
layer_sizes=10 4 2 
scale_included=0
neurons (num_inputs, activation_function, activation_steepness)=(0, 0, 0.00000000000000000000e+00) (0, 0, 0.00000000000000000000e+00) (0, 0, 0.00000000000000000000e+00) (0, 0, 0.00000000000000000000e+00) (0, 0, 0.00000000000000000000e+00) (0, 0, 0.00000000000000000000e+00) (0, 0, 0.00000000000000000000e+00) (0, 0, 0.00000000000000000000e+00) (0, 0, 0.00000000000000000000e+00) (0, 0, 0.00000000000000000000e+00) (10, 6, 5.00000000000000000000e-01) (10, 6, 5.00000000000000000000e-01) (10, 6, 5.00000000000000000000e-01) (0, 6, 0.00000000000000000000e+00) (4, 4, 5.00000000000000000000e-01) (0, 4, 0.00000000000000000000e+00) 
connections (connected_to_neuron, weight)=(0, -8.95938942871628285491e-02) (1, 1.65196235538446356550e+00) (2, 3.51354881670778662617e-01) (3, 3.04390788812028301180e-01) (4, 6.78299269780386349105e-01) (5, 1.00087886987217284940e+01) (6, -1.82310591506462227329e+00) (7, 1.91840741591839991642e+00) (8, -5.94034664565382813928e-02) (9, -2.47976707940586099665e-01) (0, 3.37076025267132450836e+00) (1, -4.86482104609540488838e+00) (2, 2.41935456780434909874e+00) (3, 1.23431871446830640493e-01) (4, -3.04868534073220898151e+00) (5, -4.39943324332737706328e+00) (6, -2.51068609904101069930e+00) (7, -6.91261391003285474710e+00) (8, 3.39811409091151306328e+00) (9, 4.34897883951494623744e+00) (0, 6.69313030207027703788e-01) (1, -9.23991743576312973829e-01) (2, -3.51135576553675998746e-01) (3, -4.43169026114079822598e-01) (4, 2.56212190085197244471e-01) (5, -7.99628097177438990073e-01) (6, -5.29239306526166353173e-01) (7, -9.12906253435944448071e-01) (8, 5.03050971704083527136e-01) (9, 5.59517512323580268330e-01) (10, 1.67213288548312499771e+00) (11, -1.24509573557949110523e+02) (12, -9.46775735591229739008e-01) (13, -2.36246805345904098417e+00) 
