FANN_FLO_2.1
num_layers=3
learning_rate=0.700000
connection_rate=1.000000
network_type=0
learning_momentum=0.000000
training_algorithm=2
train_error_function=1
train_stop_function=1
cascade_output_change_fraction=0.010000
quickprop_decay=-0.000100
quickprop_mu=1.750000
rprop_increase_factor=1.200000
rprop_decrease_factor=0.500000
rprop_delta_min=0.000000
rprop_delta_max=50.000000
rprop_delta_zero=0.100000
cascade_output_stagnation_epochs=12
cascade_candidate_change_fraction=0.010000
cascade_candidate_stagnation_epochs=12
cascade_max_out_epochs=150
cascade_min_out_epochs=50
cascade_max_cand_epochs=150
cascade_min_cand_epochs=50
cascade_num_candidate_groups=2
bit_fail_limit=1.00000000000000005551e-01
cascade_candidate_limit=1.00000000000000000000e+03
cascade_weight_multiplier=4.00000000000000022204e-01
cascade_activation_functions_count=10
cascade_activation_functions=3 5 7 8 10 11 14 15 16 17 
cascade_activation_steepnesses_count=4
cascade_activation_steepnesses=2.50000000000000000000e-01 5.00000000000000000000e-01 7.50000000000000000000e-01 1.00000000000000000000e+00 
layer_sizes=11 4 2 
scale_included=0
neurons (num_inputs, activation_function, activation_steepness)=(0, 0, 0.00000000000000000000e+00) (0, 0, 0.00000000000000000000e+00) (0, 0, 0.00000000000000000000e+00) (0, 0, 0.00000000000000000000e+00) (0, 0, 0.00000000000000000000e+00) (0, 0, 0.00000000000000000000e+00) (0, 0, 0.00000000000000000000e+00) (0, 0, 0.00000000000000000000e+00) (0, 0, 0.00000000000000000000e+00) (0, 0, 0.00000000000000000000e+00) (0, 0, 0.00000000000000000000e+00) (11, 6, 5.00000000000000000000e-01) (11, 6, 5.00000000000000000000e-01) (11, 6, 5.00000000000000000000e-01) (0, 6, 0.00000000000000000000e+00) (4, 4, 5.00000000000000000000e-01) (0, 4, 0.00000000000000000000e+00) 
connections (connected_to_neuron, weight)=(0, 1.41850517283399724100e+00) (1, 2.67062101557143627417e+00) (2, 6.64049174465611069529e-01) (3, 1.38864958582248276819e+00) (4, 2.18868900184935766262e+00) (5, -1.39429649422206036746e+00) (6, 1.36645793213462685145e+00) (7, 2.56889845866171073752e+00) (8, 8.85119059316826772843e-01) (9, 3.36775719474888202143e+00) (10, -3.91169533204938657533e+00) (0, 4.35222534127481086585e+00) (1, -6.25814224534545893164e+00) (2, 1.50405594013733061587e+01) (3, 4.07364095700279005285e+00) (4, 1.49000891173800975587e+00) (5, 9.84987681180514229595e+00) (6, 5.33684265822006675961e+00) (7, -2.92015801976611699686e+00) (8, -6.83104914309484279045e-01) (9, -1.99777727094233331639e-01) (10, -2.35287881342183080591e+00) (0, 6.53754904255798297008e-01) (1, -7.46602449211077967561e+00) (2, -2.37244795083795700918e+01) (3, 2.53403950922890697228e-01) (4, 2.43136644272227853136e+00) (5, 6.86619602249356697499e-01) (6, 2.71248800138895795886e-01) (7, -1.70097110610546309317e+01) (8, 9.73848532229105168234e-02) (9, -1.27663692426060659812e+00) (10, -1.40093748234163428812e-01) (11, 2.05405051043205908456e+01) (12, 9.42378884137773376040e+00) (13, 3.78153814046259528769e-01) (14, -3.80479828049065904594e+00) 
