FANN_FLO_2.1
num_layers=3
learning_rate=0.700000
connection_rate=1.000000
network_type=0
learning_momentum=0.000000
training_algorithm=2
train_error_function=1
train_stop_function=1
cascade_output_change_fraction=0.010000
quickprop_decay=-0.000100
quickprop_mu=1.750000
rprop_increase_factor=1.200000
rprop_decrease_factor=0.500000
rprop_delta_min=0.000000
rprop_delta_max=50.000000
rprop_delta_zero=0.100000
cascade_output_stagnation_epochs=12
cascade_candidate_change_fraction=0.010000
cascade_candidate_stagnation_epochs=12
cascade_max_out_epochs=150
cascade_min_out_epochs=50
cascade_max_cand_epochs=150
cascade_min_cand_epochs=50
cascade_num_candidate_groups=2
bit_fail_limit=1.00000000000000005551e-01
cascade_candidate_limit=1.00000000000000000000e+03
cascade_weight_multiplier=4.00000000000000022204e-01
cascade_activation_functions_count=10
cascade_activation_functions=3 5 7 8 10 11 14 15 16 17 
cascade_activation_steepnesses_count=4
cascade_activation_steepnesses=2.50000000000000000000e-01 5.00000000000000000000e-01 7.50000000000000000000e-01 1.00000000000000000000e+00 
layer_sizes=10 4 2 
scale_included=0
neurons (num_inputs, activation_function, activation_steepness)=(0, 0, 0.00000000000000000000e+00) (0, 0, 0.00000000000000000000e+00) (0, 0, 0.00000000000000000000e+00) (0, 0, 0.00000000000000000000e+00) (0, 0, 0.00000000000000000000e+00) (0, 0, 0.00000000000000000000e+00) (0, 0, 0.00000000000000000000e+00) (0, 0, 0.00000000000000000000e+00) (0, 0, 0.00000000000000000000e+00) (0, 0, 0.00000000000000000000e+00) (10, 6, 5.00000000000000000000e-01) (10, 6, 5.00000000000000000000e-01) (10, 6, 5.00000000000000000000e-01) (0, 6, 0.00000000000000000000e+00) (4, 4, 5.00000000000000000000e-01) (0, 4, 0.00000000000000000000e+00) 
connections (connected_to_neuron, weight)=(0, -1.62598814304759864413e+00) (1, 1.83135718605254416147e+00) (2, 1.06601610236393806730e+00) (3, 5.25276896864471987136e-01) (4, 1.89039769479293884302e+00) (5, 4.10536748211170809952e-01) (6, 1.83174029701935214831e+00) (7, 2.66371653678864450665e-01) (8, 1.89256726504636452191e+00) (9, -1.96568382920370376965e+00) (0, 8.86880082432204008835e-02) (1, 5.38917051718465489607e-01) (2, 2.27805262230882654695e-01) (3, 3.61737667388900452359e-01) (4, 5.93385560891643182302e-01) (5, 3.42926868713412047462e-01) (6, 3.88779805163833203085e-01) (7, 1.82908250053654852785e-01) (8, 5.52226885019117430531e-01) (9, -4.88904255773900564552e-01) (0, -1.64742778476169471347e+00) (1, 1.81399435302947287241e+00) (2, 1.11509279735910293851e+00) (3, 4.82348216086922243484e-01) (4, 1.86524086156148971583e+00) (5, 3.92213606129671765732e-01) (6, 1.80146320873485965564e+00) (7, 2.51193062665909960796e-01) (8, 1.86892291457725212567e+00) (9, -1.95913560704932487866e+00) (10, 9.02601060137122424010e+00) (11, 7.08605368254957790342e-01) (12, 9.05718828603595049742e+00) (13, -1.22422579230023620411e+00) 
