FANN_FLO_2.1
num_layers=3
learning_rate=0.700000
connection_rate=1.000000
network_type=0
learning_momentum=0.000000
training_algorithm=2
train_error_function=1
train_stop_function=1
cascade_output_change_fraction=0.010000
quickprop_decay=-0.000100
quickprop_mu=1.750000
rprop_increase_factor=1.200000
rprop_decrease_factor=0.500000
rprop_delta_min=0.000000
rprop_delta_max=50.000000
rprop_delta_zero=0.100000
cascade_output_stagnation_epochs=12
cascade_candidate_change_fraction=0.010000
cascade_candidate_stagnation_epochs=12
cascade_max_out_epochs=150
cascade_min_out_epochs=50
cascade_max_cand_epochs=150
cascade_min_cand_epochs=50
cascade_num_candidate_groups=2
bit_fail_limit=1.00000000000000005551e-01
cascade_candidate_limit=1.00000000000000000000e+03
cascade_weight_multiplier=4.00000000000000022204e-01
cascade_activation_functions_count=10
cascade_activation_functions=3 5 7 8 10 11 14 15 16 17 
cascade_activation_steepnesses_count=4
cascade_activation_steepnesses=2.50000000000000000000e-01 5.00000000000000000000e-01 7.50000000000000000000e-01 1.00000000000000000000e+00 
layer_sizes=8 4 2 
scale_included=0
neurons (num_inputs, activation_function, activation_steepness)=(0, 0, 0.00000000000000000000e+00) (0, 0, 0.00000000000000000000e+00) (0, 0, 0.00000000000000000000e+00) (0, 0, 0.00000000000000000000e+00) (0, 0, 0.00000000000000000000e+00) (0, 0, 0.00000000000000000000e+00) (0, 0, 0.00000000000000000000e+00) (0, 0, 0.00000000000000000000e+00) (8, 6, 5.00000000000000000000e-01) (8, 6, 5.00000000000000000000e-01) (8, 6, 5.00000000000000000000e-01) (0, 6, 0.00000000000000000000e+00) (4, 4, 5.00000000000000000000e-01) (0, 4, 0.00000000000000000000e+00) 
connections (connected_to_neuron, weight)=(0, -4.32134716413601083218e+00) (1, -1.56355337503843383473e+00) (2, -2.60302107424079576248e+00) (3, -2.26810248715557793986e+00) (4, -1.31003558363163463696e+00) (5, -1.56090135935369334064e+00) (6, -2.05524777432636485131e+00) (7, 4.12597077466492834219e+00) (0, -4.58971204129026005836e-02) (1, 1.37153671542933786043e+00) (2, 1.10886785858839709284e+00) (3, 1.34746396006154323111e+00) (4, 4.12898975059603579041e+00) (5, 1.12240141684571437253e+00) (6, 2.88894743310799251290e+00) (7, -2.48050444833707202374e-02) (0, 3.52547985611536285333e+00) (1, 2.94029956759166033464e+00) (2, 2.74816744527893064287e+00) (3, 2.93319637598770599496e+00) (4, 3.03946436239443773530e+00) (5, 4.43357913156694483092e+00) (6, 2.60441808424206566741e+00) (7, -3.91999998613346267717e+00) (8, -9.08896430965765667054e+00) (9, 4.26980372420135589895e-01) (10, 1.62857048819485896729e+01) (11, -9.94661201287349361344e-01) 
