FANN_FLO_2.1
num_layers=3
learning_rate=0.700000
connection_rate=1.000000
network_type=0
learning_momentum=0.000000
training_algorithm=2
train_error_function=1
train_stop_function=1
cascade_output_change_fraction=0.010000
quickprop_decay=-0.000100
quickprop_mu=1.750000
rprop_increase_factor=1.200000
rprop_decrease_factor=0.500000
rprop_delta_min=0.000000
rprop_delta_max=50.000000
rprop_delta_zero=0.100000
cascade_output_stagnation_epochs=12
cascade_candidate_change_fraction=0.010000
cascade_candidate_stagnation_epochs=12
cascade_max_out_epochs=150
cascade_min_out_epochs=50
cascade_max_cand_epochs=150
cascade_min_cand_epochs=50
cascade_num_candidate_groups=2
bit_fail_limit=1.00000000000000005551e-01
cascade_candidate_limit=1.00000000000000000000e+03
cascade_weight_multiplier=4.00000000000000022204e-01
cascade_activation_functions_count=10
cascade_activation_functions=3 5 7 8 10 11 14 15 16 17 
cascade_activation_steepnesses_count=4
cascade_activation_steepnesses=2.50000000000000000000e-01 5.00000000000000000000e-01 7.50000000000000000000e-01 1.00000000000000000000e+00 
layer_sizes=11 4 2 
scale_included=0
neurons (num_inputs, activation_function, activation_steepness)=(0, 0, 0.00000000000000000000e+00) (0, 0, 0.00000000000000000000e+00) (0, 0, 0.00000000000000000000e+00) (0, 0, 0.00000000000000000000e+00) (0, 0, 0.00000000000000000000e+00) (0, 0, 0.00000000000000000000e+00) (0, 0, 0.00000000000000000000e+00) (0, 0, 0.00000000000000000000e+00) (0, 0, 0.00000000000000000000e+00) (0, 0, 0.00000000000000000000e+00) (0, 0, 0.00000000000000000000e+00) (11, 6, 5.00000000000000000000e-01) (11, 6, 5.00000000000000000000e-01) (11, 6, 5.00000000000000000000e-01) (0, 6, 0.00000000000000000000e+00) (4, 4, 5.00000000000000000000e-01) (0, 4, 0.00000000000000000000e+00) 
connections (connected_to_neuron, weight)=(0, -4.44741037433045716121e-01) (1, 1.36046388083956149018e+00) (2, 1.77805003931892713354e+00) (3, 3.16517152091404430081e+00) (4, 3.38185028800261999748e+00) (5, -3.67682267335984525047e+00) (6, -4.15149499365716412314e+00) (7, 1.34455646259417238575e+00) (8, 6.01673858412577033938e-01) (9, 3.76757957620004677035e-02) (10, -6.92021242158151195234e-01) (0, -3.69795558664434809160e-01) (1, 1.44606649370193962589e-01) (2, 6.85245054983386059355e-01) (3, 1.37012551180129316108e+00) (4, 3.63002080728850362590e+00) (5, -3.17996965503609363424e+00) (6, -3.32063200429686666837e+00) (7, 7.42808989696542409931e-01) (8, -1.91804366089302957832e-01) (9, -8.25095066259041859391e-02) (10, -2.80408667434472180791e-01) (0, -6.91674472797439765515e+00) (1, 1.85788774310914384102e+01) (2, 1.71112478519991006998e-01) (3, 1.75796690306842040563e+00) (4, 1.23350656858915685987e+00) (5, -1.34241837354866855314e+00) (6, -2.29573029509582671182e+00) (7, 4.42020541558157842310e-01) (8, 1.65832796763330136969e+01) (9, 4.12007376464889385481e-01) (10, -4.43719893819947053260e+00) (11, 3.62834417635640971156e+00) (12, 1.33645777913046792662e+00) (13, 4.33883045781052256729e+00) (14, -3.21650511902021563060e+00) 
