FANN_FLO_2.1
num_layers=3
learning_rate=0.700000
connection_rate=1.000000
network_type=0
learning_momentum=0.000000
training_algorithm=2
train_error_function=1
train_stop_function=1
cascade_output_change_fraction=0.010000
quickprop_decay=-0.000100
quickprop_mu=1.750000
rprop_increase_factor=1.200000
rprop_decrease_factor=0.500000
rprop_delta_min=0.000000
rprop_delta_max=50.000000
rprop_delta_zero=0.100000
cascade_output_stagnation_epochs=12
cascade_candidate_change_fraction=0.010000
cascade_candidate_stagnation_epochs=12
cascade_max_out_epochs=150
cascade_min_out_epochs=50
cascade_max_cand_epochs=150
cascade_min_cand_epochs=50
cascade_num_candidate_groups=2
bit_fail_limit=1.00000000000000005551e-01
cascade_candidate_limit=1.00000000000000000000e+03
cascade_weight_multiplier=4.00000000000000022204e-01
cascade_activation_functions_count=10
cascade_activation_functions=3 5 7 8 10 11 14 15 16 17 
cascade_activation_steepnesses_count=4
cascade_activation_steepnesses=2.50000000000000000000e-01 5.00000000000000000000e-01 7.50000000000000000000e-01 1.00000000000000000000e+00 
layer_sizes=18 4 2 
scale_included=0
neurons (num_inputs, activation_function, activation_steepness)=(0, 0, 0.00000000000000000000e+00) (0, 0, 0.00000000000000000000e+00) (0, 0, 0.00000000000000000000e+00) (0, 0, 0.00000000000000000000e+00) (0, 0, 0.00000000000000000000e+00) (0, 0, 0.00000000000000000000e+00) (0, 0, 0.00000000000000000000e+00) (0, 0, 0.00000000000000000000e+00) (0, 0, 0.00000000000000000000e+00) (0, 0, 0.00000000000000000000e+00) (0, 0, 0.00000000000000000000e+00) (0, 0, 0.00000000000000000000e+00) (0, 0, 0.00000000000000000000e+00) (0, 0, 0.00000000000000000000e+00) (0, 0, 0.00000000000000000000e+00) (0, 0, 0.00000000000000000000e+00) (0, 0, 0.00000000000000000000e+00) (0, 0, 0.00000000000000000000e+00) (18, 6, 5.00000000000000000000e-01) (18, 6, 5.00000000000000000000e-01) (18, 6, 5.00000000000000000000e-01) (0, 6, 0.00000000000000000000e+00) (4, 4, 5.00000000000000000000e-01) (0, 4, 0.00000000000000000000e+00) 
connections (connected_to_neuron, weight)=(0, 2.07206608334319836162e-01) (1, -5.45875763141900671727e-01) (2, 3.63204993695780131713e-02) (3, -5.88343178629668228652e-01) (4, -6.96499464809687496292e-01) (5, -1.96259692232183846627e+00) (6, 1.15296571328240199383e-01) (7, -5.39148246490747107273e-01) (8, 1.07854181521616881989e-01) (9, 2.03962991758185246960e-01) (10, -6.67163384854586483108e-01) (11, -1.96074864561728867685e+00) (12, 3.60278641761889617534e-01) (13, -5.02716448001420436464e-03) (14, 3.60624080480685393901e-01) (15, -6.95183803880006445652e-01) (16, -1.99212780888251694833e+00) (17, 2.75260699519651153011e-01) (0, 2.52026820033024012702e+00) (1, -1.04607894889280768069e+01) (2, 1.09556843999344644125e+00) (3, 1.01500814013610843323e-01) (4, -2.00879863564845967394e-01) (5, 5.42225725317137530190e-01) (6, 1.87662365217378468429e+00) (7, -1.04322500846550436648e+01) (8, 1.49731808416324962963e+00) (9, 2.04642979730537266647e+00) (10, -2.15822256271717000109e-01) (11, 6.47317818665640642983e-01) (12, 2.01577527568750580755e+00) (13, 4.60133561187413997473e-01) (14, 1.95278686777763588189e+00) (15, -1.05834565705821486148e+01) (16, 2.39973446999920042577e-01) (17, 2.03700044681003422653e+00) (0, 9.20527514808594238271e-02) (1, 7.51860300512867896217e-01) (2, 9.60061254218996684706e-01) (3, 7.70325916166858415401e-01) (4, 6.50279054697112779415e-01) (5, 2.42826303391549869204e-01) (6, 1.04405525604122390027e-01) (7, 8.48511713059502681311e-01) (8, 5.41278481668881594757e-01) (9, 1.90591604708951589675e-01) (10, 6.38125995452956895626e-01) (11, 1.40042149270326676813e+00) (12, 1.25348680006590440517e-01) (13, 9.05858690158308554885e-01) (14, 7.35839831701189106550e-02) (15, 6.75069662244873969215e-01) (16, 2.30708392686295143958e-01) (17, 8.24670617275654327383e-02) (18, -2.30414690923965714831e-01) (19, -4.93751931279510092310e+00) (20, 9.05871042320935848657e-01) (21, -1.23221679167561437573e+00) 
