FANN_FLO_2.1
num_layers=3
learning_rate=0.700000
connection_rate=1.000000
network_type=0
learning_momentum=0.000000
training_algorithm=2
train_error_function=1
train_stop_function=1
cascade_output_change_fraction=0.010000
quickprop_decay=-0.000100
quickprop_mu=1.750000
rprop_increase_factor=1.200000
rprop_decrease_factor=0.500000
rprop_delta_min=0.000000
rprop_delta_max=50.000000
rprop_delta_zero=0.100000
cascade_output_stagnation_epochs=12
cascade_candidate_change_fraction=0.010000
cascade_candidate_stagnation_epochs=12
cascade_max_out_epochs=150
cascade_min_out_epochs=50
cascade_max_cand_epochs=150
cascade_min_cand_epochs=50
cascade_num_candidate_groups=2
bit_fail_limit=1.00000000000000005551e-01
cascade_candidate_limit=1.00000000000000000000e+03
cascade_weight_multiplier=4.00000000000000022204e-01
cascade_activation_functions_count=10
cascade_activation_functions=3 5 7 8 10 11 14 15 16 17 
cascade_activation_steepnesses_count=4
cascade_activation_steepnesses=2.50000000000000000000e-01 5.00000000000000000000e-01 7.50000000000000000000e-01 1.00000000000000000000e+00 
layer_sizes=13 4 2 
scale_included=0
neurons (num_inputs, activation_function, activation_steepness)=(0, 0, 0.00000000000000000000e+00) (0, 0, 0.00000000000000000000e+00) (0, 0, 0.00000000000000000000e+00) (0, 0, 0.00000000000000000000e+00) (0, 0, 0.00000000000000000000e+00) (0, 0, 0.00000000000000000000e+00) (0, 0, 0.00000000000000000000e+00) (0, 0, 0.00000000000000000000e+00) (0, 0, 0.00000000000000000000e+00) (0, 0, 0.00000000000000000000e+00) (0, 0, 0.00000000000000000000e+00) (0, 0, 0.00000000000000000000e+00) (0, 0, 0.00000000000000000000e+00) (13, 6, 5.00000000000000000000e-01) (13, 6, 5.00000000000000000000e-01) (13, 6, 5.00000000000000000000e-01) (0, 6, 0.00000000000000000000e+00) (4, 4, 5.00000000000000000000e-01) (0, 4, 0.00000000000000000000e+00) 
connections (connected_to_neuron, weight)=(0, -1.22173067266493839966e+00) (1, 1.41624454653304443497e+00) (2, 3.80207147606540674101e-01) (3, 1.23248317414163999217e+00) (4, 9.02772242185716944363e-01) (5, 1.65533274402528962632e-01) (6, -2.72217392264195412466e+00) (7, -2.37408624175498919606e-02) (8, -1.48305588099753560272e+00) (9, 1.47448231896799430984e+00) (10, 1.57032448057133855457e+00) (11, 6.24386445298707570828e-01) (12, -1.16618490303307553724e+00) (0, 3.25059049864965032839e+00) (1, -2.93640963269431853888e+00) (2, -1.08987554277624787424e+00) (3, -2.60033117084939302543e+00) (4, -2.32879927068520409250e+00) (5, -1.76090779935822538960e+00) (6, 3.85795139062042391487e+00) (7, -1.98429565065287905057e+00) (8, 2.94878254119296512314e+00) (9, -2.89431767446954513190e+00) (10, -2.89372062219341064093e+00) (11, -2.22422665021418852760e+00) (12, 3.38809159313994001650e+00) (0, -3.06406997294514538144e-01) (1, 6.37827120504767752784e-01) (2, 2.28324639769253767696e-01) (3, 1.73896910980769248134e+00) (4, 1.27737498540133720404e+00) (5, 2.41004089983162972377e-01) (6, -9.49833328827425771301e-01) (7, 7.55117947002129225043e-02) (8, -2.53832814616496038607e-01) (9, 7.11675514766312300452e-01) (10, 6.85087411615735053516e-01) (11, 4.67031679868680382750e-01) (12, -4.44500602932065003170e-01) (13, 1.89724743262374850872e+00) (14, -1.40143945210817335578e+01) (15, 1.79174134184428468508e+00) (16, -1.38340571611283325026e+00) 
