FANN_FLO_2.1
num_layers=3
learning_rate=0.700000
connection_rate=1.000000
network_type=0
learning_momentum=0.000000
training_algorithm=2
train_error_function=1
train_stop_function=1
cascade_output_change_fraction=0.010000
quickprop_decay=-0.000100
quickprop_mu=1.750000
rprop_increase_factor=1.200000
rprop_decrease_factor=0.500000
rprop_delta_min=0.000000
rprop_delta_max=50.000000
rprop_delta_zero=0.100000
cascade_output_stagnation_epochs=12
cascade_candidate_change_fraction=0.010000
cascade_candidate_stagnation_epochs=12
cascade_max_out_epochs=150
cascade_min_out_epochs=50
cascade_max_cand_epochs=150
cascade_min_cand_epochs=50
cascade_num_candidate_groups=2
bit_fail_limit=1.00000000000000005551e-01
cascade_candidate_limit=1.00000000000000000000e+03
cascade_weight_multiplier=4.00000000000000022204e-01
cascade_activation_functions_count=10
cascade_activation_functions=3 5 7 8 10 11 14 15 16 17 
cascade_activation_steepnesses_count=4
cascade_activation_steepnesses=2.50000000000000000000e-01 5.00000000000000000000e-01 7.50000000000000000000e-01 1.00000000000000000000e+00 
layer_sizes=13 4 2 
scale_included=0
neurons (num_inputs, activation_function, activation_steepness)=(0, 0, 0.00000000000000000000e+00) (0, 0, 0.00000000000000000000e+00) (0, 0, 0.00000000000000000000e+00) (0, 0, 0.00000000000000000000e+00) (0, 0, 0.00000000000000000000e+00) (0, 0, 0.00000000000000000000e+00) (0, 0, 0.00000000000000000000e+00) (0, 0, 0.00000000000000000000e+00) (0, 0, 0.00000000000000000000e+00) (0, 0, 0.00000000000000000000e+00) (0, 0, 0.00000000000000000000e+00) (0, 0, 0.00000000000000000000e+00) (0, 0, 0.00000000000000000000e+00) (13, 6, 5.00000000000000000000e-01) (13, 6, 5.00000000000000000000e-01) (13, 6, 5.00000000000000000000e-01) (0, 6, 0.00000000000000000000e+00) (4, 4, 5.00000000000000000000e-01) (0, 4, 0.00000000000000000000e+00) 
connections (connected_to_neuron, weight)=(0, -1.47143358308349392338e+00) (1, 2.21156394996717109436e+00) (2, -3.50235954510937919082e+00) (3, 1.20978417277061023327e+00) (4, 4.76283374756439448205e-01) (5, -4.54448127681856550719e-01) (6, 9.57944292112903994507e-01) (7, 1.05677325476101042767e+01) (8, 2.96850189291066035580e+00) (9, 1.06148739596439316557e+01) (10, 3.80913926367097399606e+00) (11, 1.17169965825521416036e+01) (12, -1.42047013697699875401e+00) (0, 2.38245505646149702272e+01) (1, -2.17954409380358882231e+00) (2, -5.13273550462093819391e+00) (3, -9.25885127906957761112e-01) (4, -9.65631330821747368987e+00) (5, 5.80793313203964256530e+00) (6, -1.24089184646396311074e+00) (7, -9.44698903946361023820e-01) (8, -1.07490506969388843750e+00) (9, -9.45885691259834238132e-01) (10, -2.06067018691483916371e-01) (11, 7.54223087342029657520e+02) (12, 2.07776273724624482853e+00) (0, 2.31005368916653708311e+01) (1, 6.66975937959448383907e+00) (2, 3.59771825523834509752e+00) (3, -1.64557104789144115209e+00) (4, -5.65619761783814833933e+00) (5, -2.33123597372274993234e+00) (6, -2.08580641083337736674e+00) (7, -1.25612158347672870917e+01) (8, -3.83699149959244012464e+00) (9, -1.26087186319146926650e+01) (10, -4.06775009413385557622e+00) (11, -1.37216319792725105486e+01) (12, -4.32304580872379884404e-01) (13, 2.03966346342490503218e+01) (14, -1.36565947249708816713e+01) (15, 1.84247815086075696911e+01) (16, -8.41571244393698014719e-01) 
