FANN_FLO_2.1
num_layers=3
learning_rate=0.700000
connection_rate=1.000000
network_type=0
learning_momentum=0.000000
training_algorithm=2
train_error_function=1
train_stop_function=1
cascade_output_change_fraction=0.010000
quickprop_decay=-0.000100
quickprop_mu=1.750000
rprop_increase_factor=1.200000
rprop_decrease_factor=0.500000
rprop_delta_min=0.000000
rprop_delta_max=50.000000
rprop_delta_zero=0.100000
cascade_output_stagnation_epochs=12
cascade_candidate_change_fraction=0.010000
cascade_candidate_stagnation_epochs=12
cascade_max_out_epochs=150
cascade_min_out_epochs=50
cascade_max_cand_epochs=150
cascade_min_cand_epochs=50
cascade_num_candidate_groups=2
bit_fail_limit=1.00000000000000005551e-01
cascade_candidate_limit=1.00000000000000000000e+03
cascade_weight_multiplier=4.00000000000000022204e-01
cascade_activation_functions_count=10
cascade_activation_functions=3 5 7 8 10 11 14 15 16 17 
cascade_activation_steepnesses_count=4
cascade_activation_steepnesses=2.50000000000000000000e-01 5.00000000000000000000e-01 7.50000000000000000000e-01 1.00000000000000000000e+00 
layer_sizes=9 4 2 
scale_included=0
neurons (num_inputs, activation_function, activation_steepness)=(0, 0, 0.00000000000000000000e+00) (0, 0, 0.00000000000000000000e+00) (0, 0, 0.00000000000000000000e+00) (0, 0, 0.00000000000000000000e+00) (0, 0, 0.00000000000000000000e+00) (0, 0, 0.00000000000000000000e+00) (0, 0, 0.00000000000000000000e+00) (0, 0, 0.00000000000000000000e+00) (0, 0, 0.00000000000000000000e+00) (9, 6, 5.00000000000000000000e-01) (9, 6, 5.00000000000000000000e-01) (9, 6, 5.00000000000000000000e-01) (0, 6, 0.00000000000000000000e+00) (4, 4, 5.00000000000000000000e-01) (0, 4, 0.00000000000000000000e+00) 
connections (connected_to_neuron, weight)=(0, -1.12691152196313315592e+00) (1, 9.75501621585733391662e-01) (2, 1.71206720504051013165e+00) (3, 3.71796390574575530419e-02) (4, 6.54700650776263048947e-01) (5, 1.62005845218153332610e+00) (6, -1.08629700786528060608e-01) (7, -8.72469185396375968011e-01) (8, -1.30599804873856362164e+00) (0, -9.48509150258554867285e-01) (1, 1.01192754737699686096e+00) (2, 1.79154918673520846539e+00) (3, 6.97584352057577100625e-02) (4, 5.50452849770422969478e-01) (5, 1.64161243050546978850e+00) (6, 6.67253834539085488586e-02) (7, -8.03670986100378570427e-01) (8, -1.32713227997812088788e+00) (0, 2.70427129092460027948e+00) (1, -4.34109386605365177303e+00) (2, -1.45740202919881833843e+00) (3, 9.14137551309573304081e-01) (4, -2.55126262610572307477e-01) (5, -7.26627686992583621262e-01) (6, -4.27953172547320404018e-01) (7, -5.64715542484946486645e-01) (8, 2.75272145868147921632e+00) (9, 1.28783685911304424110e+01) (10, 8.06228212136596056325e+00) (11, -5.17294324233345026443e+00) (12, -2.97483366302657259439e+00) 
