FANN_FLO_2.1
num_layers=3
learning_rate=0.700000
connection_rate=1.000000
network_type=0
learning_momentum=0.000000
training_algorithm=2
train_error_function=1
train_stop_function=1
cascade_output_change_fraction=0.010000
quickprop_decay=-0.000100
quickprop_mu=1.750000
rprop_increase_factor=1.200000
rprop_decrease_factor=0.500000
rprop_delta_min=0.000000
rprop_delta_max=50.000000
rprop_delta_zero=0.100000
cascade_output_stagnation_epochs=12
cascade_candidate_change_fraction=0.010000
cascade_candidate_stagnation_epochs=12
cascade_max_out_epochs=150
cascade_min_out_epochs=50
cascade_max_cand_epochs=150
cascade_min_cand_epochs=50
cascade_num_candidate_groups=2
bit_fail_limit=1.00000000000000005551e-01
cascade_candidate_limit=1.00000000000000000000e+03
cascade_weight_multiplier=4.00000000000000022204e-01
cascade_activation_functions_count=10
cascade_activation_functions=3 5 7 8 10 11 14 15 16 17 
cascade_activation_steepnesses_count=4
cascade_activation_steepnesses=2.50000000000000000000e-01 5.00000000000000000000e-01 7.50000000000000000000e-01 1.00000000000000000000e+00 
layer_sizes=10 4 2 
scale_included=0
neurons (num_inputs, activation_function, activation_steepness)=(0, 0, 0.00000000000000000000e+00) (0, 0, 0.00000000000000000000e+00) (0, 0, 0.00000000000000000000e+00) (0, 0, 0.00000000000000000000e+00) (0, 0, 0.00000000000000000000e+00) (0, 0, 0.00000000000000000000e+00) (0, 0, 0.00000000000000000000e+00) (0, 0, 0.00000000000000000000e+00) (0, 0, 0.00000000000000000000e+00) (0, 0, 0.00000000000000000000e+00) (10, 6, 5.00000000000000000000e-01) (10, 6, 5.00000000000000000000e-01) (10, 6, 5.00000000000000000000e-01) (0, 6, 0.00000000000000000000e+00) (4, 4, 5.00000000000000000000e-01) (0, 4, 0.00000000000000000000e+00) 
connections (connected_to_neuron, weight)=(0, -2.37588898922179325712e-01) (1, 8.09423311133788958571e-01) (2, 1.69470052028411122258e+00) (3, 1.11617717507733207882e-01) (4, 9.83625626610224318425e-02) (5, 2.77944212488160424801e-01) (6, -6.08371341464010728650e-01) (7, 1.12507790551335662421e+00) (8, -2.23380047892599964410e-01) (9, -1.34128032608248709545e-01) (0, -1.72296418204360946014e+00) (1, -9.99922864602788674659e-01) (2, 1.97889062549035834593e+01) (3, -2.40537790529219597246e+00) (4, -1.89465754315464529611e+00) (5, -1.69939338860948252474e-01) (6, -9.09473587310100306524e-01) (7, 1.49226693771580887216e+01) (8, -4.67547381298782038783e-01) (9, -1.81140735120995932661e+00) (0, -2.56265873516600528603e+00) (1, 3.98355680046843207975e+00) (2, 1.78395283032668161560e+00) (3, -7.14460825471779803486e-01) (4, -4.26446262277678997399e-02) (5, -1.04486003116884762498e+00) (6, -4.60203519304360597619e-01) (7, 2.36359013710177334744e+00) (8, -1.02232949670997697034e+00) (9, -2.82435461365628670549e+00) (10, 1.94502196888787914908e+00) (11, 3.15876883602760027969e+00) (12, 5.34015749372778802950e+00) (13, -3.36211258396796708325e+00) 
