FANN_FLO_2.1
num_layers=3
learning_rate=0.700000
connection_rate=1.000000
network_type=0
learning_momentum=0.000000
training_algorithm=2
train_error_function=1
train_stop_function=1
cascade_output_change_fraction=0.010000
quickprop_decay=-0.000100
quickprop_mu=1.750000
rprop_increase_factor=1.200000
rprop_decrease_factor=0.500000
rprop_delta_min=0.000000
rprop_delta_max=50.000000
rprop_delta_zero=0.100000
cascade_output_stagnation_epochs=12
cascade_candidate_change_fraction=0.010000
cascade_candidate_stagnation_epochs=12
cascade_max_out_epochs=150
cascade_min_out_epochs=50
cascade_max_cand_epochs=150
cascade_min_cand_epochs=50
cascade_num_candidate_groups=2
bit_fail_limit=1.00000000000000005551e-01
cascade_candidate_limit=1.00000000000000000000e+03
cascade_weight_multiplier=4.00000000000000022204e-01
cascade_activation_functions_count=10
cascade_activation_functions=3 5 7 8 10 11 14 15 16 17 
cascade_activation_steepnesses_count=4
cascade_activation_steepnesses=2.50000000000000000000e-01 5.00000000000000000000e-01 7.50000000000000000000e-01 1.00000000000000000000e+00 
layer_sizes=17 4 2 
scale_included=0
neurons (num_inputs, activation_function, activation_steepness)=(0, 0, 0.00000000000000000000e+00) (0, 0, 0.00000000000000000000e+00) (0, 0, 0.00000000000000000000e+00) (0, 0, 0.00000000000000000000e+00) (0, 0, 0.00000000000000000000e+00) (0, 0, 0.00000000000000000000e+00) (0, 0, 0.00000000000000000000e+00) (0, 0, 0.00000000000000000000e+00) (0, 0, 0.00000000000000000000e+00) (0, 0, 0.00000000000000000000e+00) (0, 0, 0.00000000000000000000e+00) (0, 0, 0.00000000000000000000e+00) (0, 0, 0.00000000000000000000e+00) (0, 0, 0.00000000000000000000e+00) (0, 0, 0.00000000000000000000e+00) (0, 0, 0.00000000000000000000e+00) (0, 0, 0.00000000000000000000e+00) (17, 6, 5.00000000000000000000e-01) (17, 6, 5.00000000000000000000e-01) (17, 6, 5.00000000000000000000e-01) (0, 6, 0.00000000000000000000e+00) (4, 4, 5.00000000000000000000e-01) (0, 4, 0.00000000000000000000e+00) 
connections (connected_to_neuron, weight)=(0, -1.29076949534477614101e+00) (1, 9.30290258500854894130e-01) (2, 1.46821439651534846327e+00) (3, 5.90189736644755255646e-03) (4, 4.51479693312913654690e-02) (5, 1.65729619846618980716e+00) (6, 7.71634724961866136361e-01) (7, 1.89585441626225148504e+00) (8, 1.20747174649018162995e+00) (9, 2.82049353914675504651e-01) (10, 1.86751077590881320312e+00) (11, 1.06691168560744076288e+00) (12, 2.15525530072603377363e+00) (13, 9.09579641576628183941e-01) (14, 1.03514466613297861919e+00) (15, 7.71800735764710088560e-01) (16, -1.19299480253904310878e+00) (0, 2.79758052626096009874e+00) (1, -2.90023666751197906066e+00) (2, -1.18431972823860132138e+00) (3, 1.32175973644439559429e+00) (4, 1.61486984499534402815e+00) (5, -8.22576304630568744258e-01) (6, -1.63495429128197977686e-01) (7, -2.24658614346680396423e+00) (8, -3.02880017463251327570e+00) (9, 1.14025742260060991562e+00) (10, -2.93953094201412445940e+00) (11, -3.05326252538354614430e+00) (12, -3.17267892004648999205e+00) (13, -3.01865057474884990185e+00) (14, -1.01879224384792799185e+00) (15, -2.85566830820395223256e+00) (16, 2.18140319426849593754e+00) (0, -1.38451978662075503301e+00) (1, 1.56284253685578722326e+00) (2, 1.05461655934196607554e+00) (3, -1.21482171013903417212e+00) (4, -6.14560732016907640407e-01) (5, 9.52686102814147006690e-01) (6, 7.13321436463940306005e-01) (7, 1.70210749939023742172e+00) (8, 1.64796423312136042227e+00) (9, 2.22795593717498852104e-01) (10, 2.91408563223602756764e+00) (11, 1.25122285133943300650e+00) (12, 1.93011356031191150251e+00) (13, 1.76938570138880080229e+00) (14, 1.76213731827205588587e+00) (15, 1.44908693323017034871e+00) (16, -7.57713191166209276695e-01) (17, 8.89729252418884120068e-01) (18, -2.21572810946390248432e+01) (19, 7.49458467180178944389e-01) (20, -8.69632849683858788481e-01) 
