FANN_FLO_2.1
num_layers=3
learning_rate=0.700000
connection_rate=1.000000
network_type=0
learning_momentum=0.000000
training_algorithm=2
train_error_function=1
train_stop_function=1
cascade_output_change_fraction=0.010000
quickprop_decay=-0.000100
quickprop_mu=1.750000
rprop_increase_factor=1.200000
rprop_decrease_factor=0.500000
rprop_delta_min=0.000000
rprop_delta_max=50.000000
rprop_delta_zero=0.100000
cascade_output_stagnation_epochs=12
cascade_candidate_change_fraction=0.010000
cascade_candidate_stagnation_epochs=12
cascade_max_out_epochs=150
cascade_min_out_epochs=50
cascade_max_cand_epochs=150
cascade_min_cand_epochs=50
cascade_num_candidate_groups=2
bit_fail_limit=1.00000000000000005551e-01
cascade_candidate_limit=1.00000000000000000000e+03
cascade_weight_multiplier=4.00000000000000022204e-01
cascade_activation_functions_count=10
cascade_activation_functions=3 5 7 8 10 11 14 15 16 17 
cascade_activation_steepnesses_count=4
cascade_activation_steepnesses=2.50000000000000000000e-01 5.00000000000000000000e-01 7.50000000000000000000e-01 1.00000000000000000000e+00 
layer_sizes=13 4 2 
scale_included=0
neurons (num_inputs, activation_function, activation_steepness)=(0, 0, 0.00000000000000000000e+00) (0, 0, 0.00000000000000000000e+00) (0, 0, 0.00000000000000000000e+00) (0, 0, 0.00000000000000000000e+00) (0, 0, 0.00000000000000000000e+00) (0, 0, 0.00000000000000000000e+00) (0, 0, 0.00000000000000000000e+00) (0, 0, 0.00000000000000000000e+00) (0, 0, 0.00000000000000000000e+00) (0, 0, 0.00000000000000000000e+00) (0, 0, 0.00000000000000000000e+00) (0, 0, 0.00000000000000000000e+00) (0, 0, 0.00000000000000000000e+00) (13, 6, 5.00000000000000000000e-01) (13, 6, 5.00000000000000000000e-01) (13, 6, 5.00000000000000000000e-01) (0, 6, 0.00000000000000000000e+00) (4, 4, 5.00000000000000000000e-01) (0, 4, 0.00000000000000000000e+00) 
connections (connected_to_neuron, weight)=(0, -1.90157152037182730631e+00) (1, 2.27934176299037494218e+00) (2, 1.80244729825660487954e+00) (3, 9.84999488780152310241e-01) (4, -3.29264578997677248573e-01) (5, 1.76792444943375692823e+00) (6, 1.42311788441673248151e-01) (7, -6.48993041263361547522e-01) (8, -2.59795023469729768895e-01) (9, -5.04789479504274218868e-01) (10, 2.74312157353964414241e+00) (11, 6.02977353398415211183e-02) (12, -2.15848996920408087163e+00) (0, -1.77218565414706152872e+00) (1, 2.20237596157254822415e+00) (2, 2.07504319753057187015e+00) (3, 9.64775475152910289012e-01) (4, -3.62947104155605604348e-01) (5, 1.86947361289448843458e+00) (6, 6.58486441691073925986e-02) (7, -6.99703935430784684790e-01) (8, -2.32385514645381319188e-01) (9, -5.58319934139894558101e-01) (10, 2.67479471287336911800e+00) (11, 8.94040691916556246044e-02) (12, -2.17744083760203199773e+00) (0, -1.08915905731744477869e+00) (1, 2.25849480751218356644e+00) (2, 2.06185862775451456130e+00) (3, 7.99715621230409734466e-01) (4, -5.22141735562782871582e-01) (5, 2.92662450834755238915e+00) (6, 1.36773919576152536148e-01) (7, -8.10746407958985004782e-01) (8, 1.84170690952329574319e-01) (9, -1.79478554875990875539e-01) (10, 2.39459714262186551537e+00) (11, 3.68312525813194319158e-02) (12, -2.52345589122718738651e+00) (13, 5.49248887689735898476e+00) (14, 5.43037673922207364541e+00) (15, 5.41512455882456311684e+00) (16, -1.80590243707457465128e+00) 
