FANN_FLO_2.1
num_layers=3
learning_rate=0.700000
connection_rate=1.000000
network_type=0
learning_momentum=0.000000
training_algorithm=2
train_error_function=1
train_stop_function=1
cascade_output_change_fraction=0.010000
quickprop_decay=-0.000100
quickprop_mu=1.750000
rprop_increase_factor=1.200000
rprop_decrease_factor=0.500000
rprop_delta_min=0.000000
rprop_delta_max=50.000000
rprop_delta_zero=0.100000
cascade_output_stagnation_epochs=12
cascade_candidate_change_fraction=0.010000
cascade_candidate_stagnation_epochs=12
cascade_max_out_epochs=150
cascade_min_out_epochs=50
cascade_max_cand_epochs=150
cascade_min_cand_epochs=50
cascade_num_candidate_groups=2
bit_fail_limit=1.00000000000000005551e-01
cascade_candidate_limit=1.00000000000000000000e+03
cascade_weight_multiplier=4.00000000000000022204e-01
cascade_activation_functions_count=10
cascade_activation_functions=3 5 7 8 10 11 14 15 16 17 
cascade_activation_steepnesses_count=4
cascade_activation_steepnesses=2.50000000000000000000e-01 5.00000000000000000000e-01 7.50000000000000000000e-01 1.00000000000000000000e+00 
layer_sizes=9 4 2 
scale_included=0
neurons (num_inputs, activation_function, activation_steepness)=(0, 0, 0.00000000000000000000e+00) (0, 0, 0.00000000000000000000e+00) (0, 0, 0.00000000000000000000e+00) (0, 0, 0.00000000000000000000e+00) (0, 0, 0.00000000000000000000e+00) (0, 0, 0.00000000000000000000e+00) (0, 0, 0.00000000000000000000e+00) (0, 0, 0.00000000000000000000e+00) (0, 0, 0.00000000000000000000e+00) (9, 6, 5.00000000000000000000e-01) (9, 6, 5.00000000000000000000e-01) (9, 6, 5.00000000000000000000e-01) (0, 6, 0.00000000000000000000e+00) (4, 4, 5.00000000000000000000e-01) (0, 4, 0.00000000000000000000e+00) 
connections (connected_to_neuron, weight)=(0, -1.22736715599293533252e+00) (1, 1.41818334113795742724e+02) (2, 1.23158496275756301763e+00) (3, 1.26569912752778468423e+00) (4, 2.24143490689522051351e-01) (5, 2.18612113992428080955e-01) (6, 3.31244971686269262801e-01) (7, 1.41866335909802899096e+02) (8, -1.35674529112193931191e+00) (0, -1.52498774835001960071e-01) (1, 1.02608548651654221118e+01) (2, 6.02832836476616340526e-01) (3, 3.07572981847909820985e-01) (4, 3.70907379987080676464e-01) (5, 1.42751225484994775927e-01) (6, 3.23177286611257885696e-01) (7, 1.03397900487501122058e+01) (8, -1.96650781341921765399e-01) (0, -1.10920122339720550464e+00) (1, 1.41764927603293642733e+02) (2, 1.21478514030787887457e+00) (3, 1.14470617643268046670e+00) (4, 1.31652556854015501120e-01) (5, 2.49181022892450504402e-01) (6, 3.16222589546109655867e-01) (7, 1.41739768851537689898e+02) (8, -1.35760276354167808144e+00) (9, 1.41582493660247408229e+01) (10, 2.03032096642216719484e-01) (11, 1.41515306708610140163e+01) (12, -1.35021523720834601967e+00) 
