FANN_FLO_2.1
num_layers=3
learning_rate=0.700000
connection_rate=1.000000
network_type=0
learning_momentum=0.000000
training_algorithm=2
train_error_function=1
train_stop_function=1
cascade_output_change_fraction=0.010000
quickprop_decay=-0.000100
quickprop_mu=1.750000
rprop_increase_factor=1.200000
rprop_decrease_factor=0.500000
rprop_delta_min=0.000000
rprop_delta_max=50.000000
rprop_delta_zero=0.100000
cascade_output_stagnation_epochs=12
cascade_candidate_change_fraction=0.010000
cascade_candidate_stagnation_epochs=12
cascade_max_out_epochs=150
cascade_min_out_epochs=50
cascade_max_cand_epochs=150
cascade_min_cand_epochs=50
cascade_num_candidate_groups=2
bit_fail_limit=1.00000000000000005551e-01
cascade_candidate_limit=1.00000000000000000000e+03
cascade_weight_multiplier=4.00000000000000022204e-01
cascade_activation_functions_count=10
cascade_activation_functions=3 5 7 8 10 11 14 15 16 17 
cascade_activation_steepnesses_count=4
cascade_activation_steepnesses=2.50000000000000000000e-01 5.00000000000000000000e-01 7.50000000000000000000e-01 1.00000000000000000000e+00 
layer_sizes=13 4 2 
scale_included=0
neurons (num_inputs, activation_function, activation_steepness)=(0, 0, 0.00000000000000000000e+00) (0, 0, 0.00000000000000000000e+00) (0, 0, 0.00000000000000000000e+00) (0, 0, 0.00000000000000000000e+00) (0, 0, 0.00000000000000000000e+00) (0, 0, 0.00000000000000000000e+00) (0, 0, 0.00000000000000000000e+00) (0, 0, 0.00000000000000000000e+00) (0, 0, 0.00000000000000000000e+00) (0, 0, 0.00000000000000000000e+00) (0, 0, 0.00000000000000000000e+00) (0, 0, 0.00000000000000000000e+00) (0, 0, 0.00000000000000000000e+00) (13, 6, 5.00000000000000000000e-01) (13, 6, 5.00000000000000000000e-01) (13, 6, 5.00000000000000000000e-01) (0, 6, 0.00000000000000000000e+00) (4, 4, 5.00000000000000000000e-01) (0, 4, 0.00000000000000000000e+00) 
connections (connected_to_neuron, weight)=(0, 1.68235949608820192225e+01) (1, 1.29635568124648203892e+00) (2, 2.03225189403053985160e+00) (3, -6.95767062398321911587e+00) (4, -1.26961227873702120483e+00) (5, 3.08541801990895980801e-01) (6, -3.11433614534746482150e+02) (7, -7.72636276083060402620e-01) (8, -5.82484371600841266403e-02) (9, 1.63582378360140695550e-01) (10, 1.24986002568895471221e+00) (11, -2.98410099811622642196e-01) (12, 3.64461279319473197003e-01) (0, -1.17750828478021745127e+01) (1, 6.20243366982241806085e-01) (2, 6.17800781462828574320e-01) (3, -6.10202317864200871611e-01) (4, -2.79942292140616777463e-01) (5, -1.87870562186915623926e+00) (6, 1.07179669709932534616e+00) (7, -2.09043264735110101427e+00) (8, -1.29604644187939244127e+00) (9, 6.15736788678681201681e-01) (10, 6.80818088027093093473e-01) (11, 6.63061958237425530527e-01) (12, 4.87420374530347899622e+00) (0, 3.79938039949456241029e-01) (1, 7.55475809432902707385e+01) (2, 7.09442546880492983519e+01) (3, 4.17458895859623613234e+00) (4, 2.81036882448423819270e+00) (5, -3.76948622002898936501e+00) (6, -2.22298539647753123916e+00) (7, -1.86154530543742211535e+01) (8, -1.32862477857729732733e+00) (9, 3.55133243212853599857e+01) (10, 4.88975577204825739841e+01) (11, 6.61368165215347119101e+01) (12, -5.64526614976888208020e+00) (13, -1.36106298663100044877e+01) (14, -2.61641640170473799287e+01) (15, 1.44438375742195326268e+01) (16, -1.21076525213394914360e+00) 
