FANN_FLO_2.1
num_layers=3
learning_rate=0.700000
connection_rate=1.000000
network_type=0
learning_momentum=0.000000
training_algorithm=2
train_error_function=1
train_stop_function=1
cascade_output_change_fraction=0.010000
quickprop_decay=-0.000100
quickprop_mu=1.750000
rprop_increase_factor=1.200000
rprop_decrease_factor=0.500000
rprop_delta_min=0.000000
rprop_delta_max=50.000000
rprop_delta_zero=0.100000
cascade_output_stagnation_epochs=12
cascade_candidate_change_fraction=0.010000
cascade_candidate_stagnation_epochs=12
cascade_max_out_epochs=150
cascade_min_out_epochs=50
cascade_max_cand_epochs=150
cascade_min_cand_epochs=50
cascade_num_candidate_groups=2
bit_fail_limit=1.00000000000000005551e-01
cascade_candidate_limit=1.00000000000000000000e+03
cascade_weight_multiplier=4.00000000000000022204e-01
cascade_activation_functions_count=10
cascade_activation_functions=3 5 7 8 10 11 14 15 16 17 
cascade_activation_steepnesses_count=4
cascade_activation_steepnesses=2.50000000000000000000e-01 5.00000000000000000000e-01 7.50000000000000000000e-01 1.00000000000000000000e+00 
layer_sizes=9 4 2 
scale_included=0
neurons (num_inputs, activation_function, activation_steepness)=(0, 0, 0.00000000000000000000e+00) (0, 0, 0.00000000000000000000e+00) (0, 0, 0.00000000000000000000e+00) (0, 0, 0.00000000000000000000e+00) (0, 0, 0.00000000000000000000e+00) (0, 0, 0.00000000000000000000e+00) (0, 0, 0.00000000000000000000e+00) (0, 0, 0.00000000000000000000e+00) (0, 0, 0.00000000000000000000e+00) (9, 6, 5.00000000000000000000e-01) (9, 6, 5.00000000000000000000e-01) (9, 6, 5.00000000000000000000e-01) (0, 6, 0.00000000000000000000e+00) (4, 4, 5.00000000000000000000e-01) (0, 4, 0.00000000000000000000e+00) 
connections (connected_to_neuron, weight)=(0, -3.00951592033395254333e+00) (1, 2.53284949948421722610e+00) (2, 1.83745159984431238875e+00) (3, 2.84769671817048131146e+00) (4, 2.60053443595199684779e+00) (5, 6.19148223866737068555e-01) (6, 1.40436014217069953247e+01) (7, 1.02096676218459769814e+00) (8, -3.09020345772531213058e+00) (0, 4.23953189396078045093e+00) (1, -3.53032637503821167257e+00) (2, -2.78686675825683183305e+00) (3, -6.39070081670190237588e+00) (4, -3.35639034698256422118e+00) (5, 2.67873088617326782224e-01) (6, 1.13660115424677155005e+01) (7, 9.81789827925149971577e+00) (8, 5.24108874525416901236e+00) (0, 3.24648654993973273530e-01) (1, -5.83085013563820919735e-01) (2, -9.80476540099360138747e-01) (3, -1.04675073747554336911e+00) (4, -6.90039866981813188040e-01) (5, -1.33138786875412407085e+01) (6, 3.01167046110075098397e+00) (7, -6.16470453052616051970e-01) (8, 7.36596014768323925637e-01) (9, 6.17505757767999874375e+00) (10, -5.39040743945270239834e+00) (11, -4.35052711583644313720e+00) (12, -1.54204256835982134177e+00) 
