FANN_FLO_2.1
num_layers=3
learning_rate=0.700000
connection_rate=1.000000
network_type=0
learning_momentum=0.000000
training_algorithm=2
train_error_function=1
train_stop_function=1
cascade_output_change_fraction=0.010000
quickprop_decay=-0.000100
quickprop_mu=1.750000
rprop_increase_factor=1.200000
rprop_decrease_factor=0.500000
rprop_delta_min=0.000000
rprop_delta_max=50.000000
rprop_delta_zero=0.100000
cascade_output_stagnation_epochs=12
cascade_candidate_change_fraction=0.010000
cascade_candidate_stagnation_epochs=12
cascade_max_out_epochs=150
cascade_min_out_epochs=50
cascade_max_cand_epochs=150
cascade_min_cand_epochs=50
cascade_num_candidate_groups=2
bit_fail_limit=1.00000000000000005551e-01
cascade_candidate_limit=1.00000000000000000000e+03
cascade_weight_multiplier=4.00000000000000022204e-01
cascade_activation_functions_count=10
cascade_activation_functions=3 5 7 8 10 11 14 15 16 17 
cascade_activation_steepnesses_count=4
cascade_activation_steepnesses=2.50000000000000000000e-01 5.00000000000000000000e-01 7.50000000000000000000e-01 1.00000000000000000000e+00 
layer_sizes=12 4 2 
scale_included=0
neurons (num_inputs, activation_function, activation_steepness)=(0, 0, 0.00000000000000000000e+00) (0, 0, 0.00000000000000000000e+00) (0, 0, 0.00000000000000000000e+00) (0, 0, 0.00000000000000000000e+00) (0, 0, 0.00000000000000000000e+00) (0, 0, 0.00000000000000000000e+00) (0, 0, 0.00000000000000000000e+00) (0, 0, 0.00000000000000000000e+00) (0, 0, 0.00000000000000000000e+00) (0, 0, 0.00000000000000000000e+00) (0, 0, 0.00000000000000000000e+00) (0, 0, 0.00000000000000000000e+00) (12, 6, 5.00000000000000000000e-01) (12, 6, 5.00000000000000000000e-01) (12, 6, 5.00000000000000000000e-01) (0, 6, 0.00000000000000000000e+00) (4, 4, 5.00000000000000000000e-01) (0, 4, 0.00000000000000000000e+00) 
connections (connected_to_neuron, weight)=(0, -6.62762853219288489148e-02) (1, 5.03427067620701773620e-01) (2, 1.15671598210960269171e+00) (3, 1.38379135104832809433e-02) (4, 1.42481522753824668692e-01) (5, 4.81624254422093056593e-01) (6, 1.84646621036940350447e-01) (7, 3.83518864057398378709e-01) (8, 4.51900278916808895158e-01) (9, 8.47069381448884217711e-01) (10, 3.94114675111427947840e-01) (11, 2.28486930947626142030e-02) (0, -1.91937087167241515751e+00) (1, 1.95590700093497260603e+00) (2, 3.33737700629993749857e+00) (3, -1.15585674651621617137e+00) (4, -1.56754672493300573066e+00) (5, 1.37381963923295091767e+00) (6, 1.95830962402191821603e+00) (7, -1.92080106363355901378e-01) (8, 1.59146222073828641497e-01) (9, 2.05707709074197619969e+00) (10, 1.83541850398055839122e+00) (11, -1.92977648664452972049e+00) (0, 3.05084220556763252574e+00) (1, -2.85538261751507427277e+00) (2, -2.69306649749773363567e+00) (3, 4.12468865413708862810e-01) (4, 1.45738528656023458296e+00) (5, -3.20052615078377655777e+00) (6, -1.59484017426779933757e+00) (7, 6.12282746948394129838e-01) (8, -2.57522613780548192963e+00) (9, -1.14439979432329330677e+00) (10, -2.54452766040252420510e+00) (11, 3.07190138338354667980e+00) (12, 4.39002115275766602309e-01) (13, 4.61591239311990797489e+00) (14, -6.22648875810446345014e+00) (15, -1.58654168697093256313e+00) 
