FANN_FLO_2.1
num_layers=3
learning_rate=0.700000
connection_rate=1.000000
network_type=0
learning_momentum=0.000000
training_algorithm=2
train_error_function=1
train_stop_function=1
cascade_output_change_fraction=0.010000
quickprop_decay=-0.000100
quickprop_mu=1.750000
rprop_increase_factor=1.200000
rprop_decrease_factor=0.500000
rprop_delta_min=0.000000
rprop_delta_max=50.000000
rprop_delta_zero=0.100000
cascade_output_stagnation_epochs=12
cascade_candidate_change_fraction=0.010000
cascade_candidate_stagnation_epochs=12
cascade_max_out_epochs=150
cascade_min_out_epochs=50
cascade_max_cand_epochs=150
cascade_min_cand_epochs=50
cascade_num_candidate_groups=2
bit_fail_limit=1.00000000000000005551e-01
cascade_candidate_limit=1.00000000000000000000e+03
cascade_weight_multiplier=4.00000000000000022204e-01
cascade_activation_functions_count=10
cascade_activation_functions=3 5 7 8 10 11 14 15 16 17 
cascade_activation_steepnesses_count=4
cascade_activation_steepnesses=2.50000000000000000000e-01 5.00000000000000000000e-01 7.50000000000000000000e-01 1.00000000000000000000e+00 
layer_sizes=11 4 2 
scale_included=0
neurons (num_inputs, activation_function, activation_steepness)=(0, 0, 0.00000000000000000000e+00) (0, 0, 0.00000000000000000000e+00) (0, 0, 0.00000000000000000000e+00) (0, 0, 0.00000000000000000000e+00) (0, 0, 0.00000000000000000000e+00) (0, 0, 0.00000000000000000000e+00) (0, 0, 0.00000000000000000000e+00) (0, 0, 0.00000000000000000000e+00) (0, 0, 0.00000000000000000000e+00) (0, 0, 0.00000000000000000000e+00) (0, 0, 0.00000000000000000000e+00) (11, 6, 5.00000000000000000000e-01) (11, 6, 5.00000000000000000000e-01) (11, 6, 5.00000000000000000000e-01) (0, 6, 0.00000000000000000000e+00) (4, 4, 5.00000000000000000000e-01) (0, 4, 0.00000000000000000000e+00) 
connections (connected_to_neuron, weight)=(0, 9.34137169363593033999e-01) (1, -1.19573211870908330257e-01) (2, -8.84839985187744382245e+00) (3, 7.95894804027364677346e-01) (4, 1.28462701305671833651e+00) (5, -2.37943834007221577398e-01) (6, -9.90645933042822868231e+00) (7, 6.28722253600338953916e-02) (8, -2.96023062121985658379e+00) (9, -1.52607715960514367382e-01) (10, 8.22994705381487778872e-01) (0, 8.52818552496527382267e-01) (1, -1.60853146217584203059e-01) (2, -8.92822531278824094159e+00) (3, 7.57991502609536849100e-01) (4, 1.41299723103567265170e+00) (5, -3.62508258164364327580e-01) (6, -9.95910680185614616278e+00) (7, 1.52393056021092460073e-01) (8, -3.01113825541852220269e+00) (9, -1.52750156160366357128e-01) (10, 8.83706446828936287297e-01) (0, -2.22885279530301971818e+00) (1, 2.69950485646264404238e+00) (2, 7.43533408741212320514e-01) (3, -1.17533638954465580184e+00) (4, -1.05480112950574222985e+00) (5, 1.81489368102503645375e+00) (6, 6.06963037053711906843e-01) (7, -9.74379398629773407770e-01) (8, 1.67053962749956030898e+00) (9, -5.71777476883032598209e-01) (10, -2.24777016216531677628e+00) (11, -1.93411416962816629095e+00) (12, -4.70937947213514274125e+00) (13, 9.80792171542145396756e+00) (14, -2.61592571494180470282e+00) 
