FANN_FLO_2.1
num_layers=3
learning_rate=0.700000
connection_rate=1.000000
network_type=0
learning_momentum=0.000000
training_algorithm=2
train_error_function=1
train_stop_function=1
cascade_output_change_fraction=0.010000
quickprop_decay=-0.000100
quickprop_mu=1.750000
rprop_increase_factor=1.200000
rprop_decrease_factor=0.500000
rprop_delta_min=0.000000
rprop_delta_max=50.000000
rprop_delta_zero=0.100000
cascade_output_stagnation_epochs=12
cascade_candidate_change_fraction=0.010000
cascade_candidate_stagnation_epochs=12
cascade_max_out_epochs=150
cascade_min_out_epochs=50
cascade_max_cand_epochs=150
cascade_min_cand_epochs=50
cascade_num_candidate_groups=2
bit_fail_limit=1.00000000000000005551e-01
cascade_candidate_limit=1.00000000000000000000e+03
cascade_weight_multiplier=4.00000000000000022204e-01
cascade_activation_functions_count=10
cascade_activation_functions=3 5 7 8 10 11 14 15 16 17 
cascade_activation_steepnesses_count=4
cascade_activation_steepnesses=2.50000000000000000000e-01 5.00000000000000000000e-01 7.50000000000000000000e-01 1.00000000000000000000e+00 
layer_sizes=6 4 2 
scale_included=0
neurons (num_inputs, activation_function, activation_steepness)=(0, 0, 0.00000000000000000000e+00) (0, 0, 0.00000000000000000000e+00) (0, 0, 0.00000000000000000000e+00) (0, 0, 0.00000000000000000000e+00) (0, 0, 0.00000000000000000000e+00) (0, 0, 0.00000000000000000000e+00) (6, 6, 5.00000000000000000000e-01) (6, 6, 5.00000000000000000000e-01) (6, 6, 5.00000000000000000000e-01) (0, 6, 0.00000000000000000000e+00) (4, 4, 5.00000000000000000000e-01) (0, 4, 0.00000000000000000000e+00) 
connections (connected_to_neuron, weight)=(0, 3.58598593182371139232e-01) (1, -1.74406349287708284379e+00) (2, 4.36010026367022879290e-02) (3, 4.73321484716169527118e-01) (4, 5.84108530262917424736e-01) (5, 1.00954772267449532919e+00) (0, -5.18158561261260697250e-01) (1, 2.93090554110653700448e+00) (2, 4.19327434302349699724e-01) (3, -3.75323477649297299052e-01) (4, -2.96188938807579016377e-01) (5, -1.27359666661230530593e+00) (0, 1.10168105361221874139e-01) (1, 1.45970332154158422000e+00) (2, 2.69410257116293350155e-01) (3, 2.02895753717843907449e-01) (4, 1.41555400881487269960e-01) (5, -2.29671450539532362445e-01) (6, -1.72276229609171345203e+01) (7, 4.87265215799166639954e+00) (8, 1.14970872585854566594e+00) (9, -2.34031632370796716103e+00) 
