FANN_FLO_2.1
num_layers=3
learning_rate=0.700000
connection_rate=1.000000
network_type=0
learning_momentum=0.000000
training_algorithm=2
train_error_function=1
train_stop_function=1
cascade_output_change_fraction=0.010000
quickprop_decay=-0.000100
quickprop_mu=1.750000
rprop_increase_factor=1.200000
rprop_decrease_factor=0.500000
rprop_delta_min=0.000000
rprop_delta_max=50.000000
rprop_delta_zero=0.100000
cascade_output_stagnation_epochs=12
cascade_candidate_change_fraction=0.010000
cascade_candidate_stagnation_epochs=12
cascade_max_out_epochs=150
cascade_min_out_epochs=50
cascade_max_cand_epochs=150
cascade_min_cand_epochs=50
cascade_num_candidate_groups=2
bit_fail_limit=1.00000000000000005551e-01
cascade_candidate_limit=1.00000000000000000000e+03
cascade_weight_multiplier=4.00000000000000022204e-01
cascade_activation_functions_count=10
cascade_activation_functions=3 5 7 8 10 11 14 15 16 17 
cascade_activation_steepnesses_count=4
cascade_activation_steepnesses=2.50000000000000000000e-01 5.00000000000000000000e-01 7.50000000000000000000e-01 1.00000000000000000000e+00 
layer_sizes=13 4 2 
scale_included=0
neurons (num_inputs, activation_function, activation_steepness)=(0, 0, 0.00000000000000000000e+00) (0, 0, 0.00000000000000000000e+00) (0, 0, 0.00000000000000000000e+00) (0, 0, 0.00000000000000000000e+00) (0, 0, 0.00000000000000000000e+00) (0, 0, 0.00000000000000000000e+00) (0, 0, 0.00000000000000000000e+00) (0, 0, 0.00000000000000000000e+00) (0, 0, 0.00000000000000000000e+00) (0, 0, 0.00000000000000000000e+00) (0, 0, 0.00000000000000000000e+00) (0, 0, 0.00000000000000000000e+00) (0, 0, 0.00000000000000000000e+00) (13, 6, 5.00000000000000000000e-01) (13, 6, 5.00000000000000000000e-01) (13, 6, 5.00000000000000000000e-01) (0, 6, 0.00000000000000000000e+00) (4, 4, 5.00000000000000000000e-01) (0, 4, 0.00000000000000000000e+00) 
connections (connected_to_neuron, weight)=(0, 1.62894347385059390376e+00) (1, -1.19388009155648933124e+00) (2, -1.05376419547989219616e+00) (3, -1.19719982937063029738e+00) (4, -7.62897612199264996136e-01) (5, -1.43377560230243683570e+00) (6, 2.47310936367115707935e-01) (7, -8.52634838487397184181e-01) (8, 5.01693722768987993010e-03) (9, -1.22817201190485492113e+00) (10, -1.83480430991560683474e+00) (11, 3.35101453514716318693e-01) (12, 1.62245477666607818001e+00) (0, -1.34841993302337592731e+00) (1, 2.01867192754154212153e+00) (2, 2.13499903655234790634e+00) (3, 8.79233923694341390487e-01) (4, 1.13796383515345067572e+00) (5, 1.52472268975504343658e+00) (6, 1.67453024945088568831e-01) (7, 1.06692632560057831803e+00) (8, 3.69301793591341742662e-01) (9, 1.79773793244846635808e+00) (10, 6.19351952096061864061e-01) (11, 3.47129382975611910922e-01) (12, -1.26600447893373435626e+00) (0, 1.65187662914882693599e+00) (1, -1.77756293792523556441e+00) (2, -1.04083573941185325573e+00) (3, -1.24914450243200114699e+00) (4, -7.66326101169067852581e-01) (5, -1.52638834656408861612e+00) (6, 1.18321776306233167331e-01) (7, -5.43904865454609032227e-01) (8, 7.05008128003713069321e-02) (9, -1.24080904596342578294e+00) (10, -7.99961247194546754002e-01) (11, 5.08720828564905303004e-01) (12, 1.63815097441426238412e+00) (13, -1.07129054841057858027e+01) (14, 4.14448991585634463064e+00) (15, -1.49194107855163515808e+01) (16, -1.25033283862574795542e+00) 
