FANN_FLO_2.1
num_layers=3
learning_rate=0.700000
connection_rate=1.000000
network_type=0
learning_momentum=0.000000
training_algorithm=2
train_error_function=1
train_stop_function=1
cascade_output_change_fraction=0.010000
quickprop_decay=-0.000100
quickprop_mu=1.750000
rprop_increase_factor=1.200000
rprop_decrease_factor=0.500000
rprop_delta_min=0.000000
rprop_delta_max=50.000000
rprop_delta_zero=0.100000
cascade_output_stagnation_epochs=12
cascade_candidate_change_fraction=0.010000
cascade_candidate_stagnation_epochs=12
cascade_max_out_epochs=150
cascade_min_out_epochs=50
cascade_max_cand_epochs=150
cascade_min_cand_epochs=50
cascade_num_candidate_groups=2
bit_fail_limit=1.00000000000000005551e-01
cascade_candidate_limit=1.00000000000000000000e+03
cascade_weight_multiplier=4.00000000000000022204e-01
cascade_activation_functions_count=10
cascade_activation_functions=3 5 7 8 10 11 14 15 16 17 
cascade_activation_steepnesses_count=4
cascade_activation_steepnesses=2.50000000000000000000e-01 5.00000000000000000000e-01 7.50000000000000000000e-01 1.00000000000000000000e+00 
layer_sizes=15 4 2 
scale_included=0
neurons (num_inputs, activation_function, activation_steepness)=(0, 0, 0.00000000000000000000e+00) (0, 0, 0.00000000000000000000e+00) (0, 0, 0.00000000000000000000e+00) (0, 0, 0.00000000000000000000e+00) (0, 0, 0.00000000000000000000e+00) (0, 0, 0.00000000000000000000e+00) (0, 0, 0.00000000000000000000e+00) (0, 0, 0.00000000000000000000e+00) (0, 0, 0.00000000000000000000e+00) (0, 0, 0.00000000000000000000e+00) (0, 0, 0.00000000000000000000e+00) (0, 0, 0.00000000000000000000e+00) (0, 0, 0.00000000000000000000e+00) (0, 0, 0.00000000000000000000e+00) (0, 0, 0.00000000000000000000e+00) (15, 6, 5.00000000000000000000e-01) (15, 6, 5.00000000000000000000e-01) (15, 6, 5.00000000000000000000e-01) (0, 6, 0.00000000000000000000e+00) (4, 4, 5.00000000000000000000e-01) (0, 4, 0.00000000000000000000e+00) 
connections (connected_to_neuron, weight)=(0, -1.19087852262317248631e+01) (1, -1.59408481990273394047e+01) (2, 9.30786871793534942299e+00) (3, -5.82364311486043817467e+00) (4, -3.33730470536506462764e+00) (5, 1.28635995940787650760e+00) (6, -3.89650107260162403833e+00) (7, 8.90231223464550822655e+01) (8, -1.88921315315291193926e+00) (9, 9.53868570718458919089e+00) (10, -6.83751428608010414223e-01) (11, 2.00148639873367795161e+00) (12, 8.15126105969101111270e+00) (13, 5.06303052560631172696e+00) (14, -7.65738360441986465332e+00) (0, -6.71839598360774115093e+00) (1, 6.57033914324628831594e+00) (2, -1.81703549361821958819e+00) (3, 5.66121568859671597806e+01) (4, -9.69146549465979001425e-01) (5, -8.32073809686322052315e-01) (6, -2.84217006033351005101e+00) (7, 2.79691445062807675370e+00) (8, -2.86433426573242355673e+00) (9, 6.59302381384313118673e+00) (10, -7.15674119477746284446e-01) (11, -1.09994562477579688675e+03) (12, -6.89600825249737113154e+02) (13, 1.81078717328647655904e+01) (14, -4.69459791844230256430e+00) (0, 2.63952745796518728483e+00) (1, -8.71325883337668305462e-02) (2, 5.94205715005631240899e-01) (3, 2.80134562403106057715e+00) (4, 1.48454924541967514529e+00) (5, -7.55837717518896212709e+00) (6, 1.10171785928777499208e+00) (7, 1.42125906044079677315e+01) (8, -7.27851660516226228737e+00) (9, -5.52589330836759096144e+00) (10, -5.15136997395283824375e+00) (11, -9.31723168332879048137e+00) (12, 1.34577397908890468159e+01) (13, 1.50000000000000000000e+03) (14, -2.24780791025140125328e+00) (15, 1.44939407215231206294e+01) (16, 7.26297970221645705635e+00) (17, -1.31110082575181206010e+01) (18, -2.60247203298055040932e+00) 
