FANN_FLO_2.1
num_layers=3
learning_rate=0.700000
connection_rate=1.000000
network_type=0
learning_momentum=0.000000
training_algorithm=2
train_error_function=1
train_stop_function=1
cascade_output_change_fraction=0.010000
quickprop_decay=-0.000100
quickprop_mu=1.750000
rprop_increase_factor=1.200000
rprop_decrease_factor=0.500000
rprop_delta_min=0.000000
rprop_delta_max=50.000000
rprop_delta_zero=0.100000
cascade_output_stagnation_epochs=12
cascade_candidate_change_fraction=0.010000
cascade_candidate_stagnation_epochs=12
cascade_max_out_epochs=150
cascade_min_out_epochs=50
cascade_max_cand_epochs=150
cascade_min_cand_epochs=50
cascade_num_candidate_groups=2
bit_fail_limit=1.00000000000000005551e-01
cascade_candidate_limit=1.00000000000000000000e+03
cascade_weight_multiplier=4.00000000000000022204e-01
cascade_activation_functions_count=10
cascade_activation_functions=3 5 7 8 10 11 14 15 16 17 
cascade_activation_steepnesses_count=4
cascade_activation_steepnesses=2.50000000000000000000e-01 5.00000000000000000000e-01 7.50000000000000000000e-01 1.00000000000000000000e+00 
layer_sizes=10 4 2 
scale_included=0
neurons (num_inputs, activation_function, activation_steepness)=(0, 0, 0.00000000000000000000e+00) (0, 0, 0.00000000000000000000e+00) (0, 0, 0.00000000000000000000e+00) (0, 0, 0.00000000000000000000e+00) (0, 0, 0.00000000000000000000e+00) (0, 0, 0.00000000000000000000e+00) (0, 0, 0.00000000000000000000e+00) (0, 0, 0.00000000000000000000e+00) (0, 0, 0.00000000000000000000e+00) (0, 0, 0.00000000000000000000e+00) (10, 6, 5.00000000000000000000e-01) (10, 6, 5.00000000000000000000e-01) (10, 6, 5.00000000000000000000e-01) (0, 6, 0.00000000000000000000e+00) (4, 4, 5.00000000000000000000e-01) (0, 4, 0.00000000000000000000e+00) 
connections (connected_to_neuron, weight)=(0, -1.55886164159803386475e-01) (1, 9.29141620704509896278e-01) (2, 2.44459540328548285970e+00) (3, 7.21539761308007454588e-01) (4, 7.57915926841180725981e-02) (5, 8.80373076259002629307e-01) (6, 9.27154331959352817627e-02) (7, -2.90178665268422175672e-01) (8, 3.77514853595489058291e-02) (9, -2.98500503252295441847e-02) (0, -7.58400543046283959203e-02) (1, 9.73117473134376687049e-01) (2, 2.42590208283231589803e+00) (3, 8.02801075759701832091e-01) (4, 1.35309512701360490361e-01) (5, 8.58744033335552381381e-01) (6, 2.15116812244759675332e-01) (7, -2.14391955482960833157e-01) (8, 5.35804524539702925479e-02) (9, -9.82430199931410425007e-02) (0, 2.07895715728208996254e+00) (1, -1.81641097670612450266e+00) (2, -1.58889077682199730823e+00) (3, 1.35180354642428640632e-03) (4, -9.30847250745757026635e-01) (5, 4.68932874341134564578e-01) (6, -4.03328440973980661965e+00) (7, 2.24556990191404626245e+00) (8, 2.83281115053977128326e+00) (9, 1.85847177447370470738e+00) (10, 8.13021862811365791934e-01) (11, 7.98012936419764229434e-01) (12, -2.77413461994286727474e+01) (13, -2.29622558877761706597e+00) 
