FANN_FLO_2.1
num_layers=3
learning_rate=0.700000
connection_rate=1.000000
network_type=0
learning_momentum=0.000000
training_algorithm=2
train_error_function=1
train_stop_function=1
cascade_output_change_fraction=0.010000
quickprop_decay=-0.000100
quickprop_mu=1.750000
rprop_increase_factor=1.200000
rprop_decrease_factor=0.500000
rprop_delta_min=0.000000
rprop_delta_max=50.000000
rprop_delta_zero=0.100000
cascade_output_stagnation_epochs=12
cascade_candidate_change_fraction=0.010000
cascade_candidate_stagnation_epochs=12
cascade_max_out_epochs=150
cascade_min_out_epochs=50
cascade_max_cand_epochs=150
cascade_min_cand_epochs=50
cascade_num_candidate_groups=2
bit_fail_limit=1.00000000000000005551e-01
cascade_candidate_limit=1.00000000000000000000e+03
cascade_weight_multiplier=4.00000000000000022204e-01
cascade_activation_functions_count=10
cascade_activation_functions=3 5 7 8 10 11 14 15 16 17 
cascade_activation_steepnesses_count=4
cascade_activation_steepnesses=2.50000000000000000000e-01 5.00000000000000000000e-01 7.50000000000000000000e-01 1.00000000000000000000e+00 
layer_sizes=10 4 2 
scale_included=0
neurons (num_inputs, activation_function, activation_steepness)=(0, 0, 0.00000000000000000000e+00) (0, 0, 0.00000000000000000000e+00) (0, 0, 0.00000000000000000000e+00) (0, 0, 0.00000000000000000000e+00) (0, 0, 0.00000000000000000000e+00) (0, 0, 0.00000000000000000000e+00) (0, 0, 0.00000000000000000000e+00) (0, 0, 0.00000000000000000000e+00) (0, 0, 0.00000000000000000000e+00) (0, 0, 0.00000000000000000000e+00) (10, 6, 5.00000000000000000000e-01) (10, 6, 5.00000000000000000000e-01) (10, 6, 5.00000000000000000000e-01) (0, 6, 0.00000000000000000000e+00) (4, 4, 5.00000000000000000000e-01) (0, 4, 0.00000000000000000000e+00) 
connections (connected_to_neuron, weight)=(0, 1.07431566566275660257e+00) (1, -9.60419915986418515352e-03) (2, -5.88044729073967609168e+00) (3, -5.80704855914506712367e-02) (4, -5.05794835366712991487e-03) (5, -2.80304281791941972690e-02) (6, -5.85091122230019244910e+00) (7, 3.29395069879077184716e-01) (8, -1.44510033641822854822e-01) (9, 1.39102346656681308268e+00) (0, -7.31774999026064354446e-01) (1, 8.16306402687376753136e-01) (2, 5.84113882472242984534e+00) (3, 1.79610847140898782781e-01) (4, 4.21190340985137356977e-01) (5, 6.37670345615570233200e-01) (6, 5.85520061840738925696e+00) (7, 1.14457309973998444530e-02) (8, 2.64948515940981732530e-01) (9, -1.14613867139340164236e+00) (0, -1.43489671109606198307e-01) (1, 1.07831541098736258255e-01) (2, 2.29403801564437115346e+00) (3, 8.09745288460695517019e-02) (4, 1.30010118219623205249e+00) (5, 6.08227826390743575580e-01) (6, 2.22684324089747631703e+00) (7, 1.97965740400270651111e-01) (8, 6.51131965984183769258e-01) (9, -1.81012508629251944736e-01) (10, -5.90502248694624576331e+00) (11, 5.83995178332056674719e+00) (12, 2.38364652750075872722e-01) (13, -1.14140148794174911551e+00) 
