FANN_FLO_2.1
num_layers=3
learning_rate=0.700000
connection_rate=1.000000
network_type=0
learning_momentum=0.000000
training_algorithm=2
train_error_function=1
train_stop_function=1
cascade_output_change_fraction=0.010000
quickprop_decay=-0.000100
quickprop_mu=1.750000
rprop_increase_factor=1.200000
rprop_decrease_factor=0.500000
rprop_delta_min=0.000000
rprop_delta_max=50.000000
rprop_delta_zero=0.100000
cascade_output_stagnation_epochs=12
cascade_candidate_change_fraction=0.010000
cascade_candidate_stagnation_epochs=12
cascade_max_out_epochs=150
cascade_min_out_epochs=50
cascade_max_cand_epochs=150
cascade_min_cand_epochs=50
cascade_num_candidate_groups=2
bit_fail_limit=1.00000000000000005551e-01
cascade_candidate_limit=1.00000000000000000000e+03
cascade_weight_multiplier=4.00000000000000022204e-01
cascade_activation_functions_count=10
cascade_activation_functions=3 5 7 8 10 11 14 15 16 17 
cascade_activation_steepnesses_count=4
cascade_activation_steepnesses=2.50000000000000000000e-01 5.00000000000000000000e-01 7.50000000000000000000e-01 1.00000000000000000000e+00 
layer_sizes=12 4 2 
scale_included=0
neurons (num_inputs, activation_function, activation_steepness)=(0, 0, 0.00000000000000000000e+00) (0, 0, 0.00000000000000000000e+00) (0, 0, 0.00000000000000000000e+00) (0, 0, 0.00000000000000000000e+00) (0, 0, 0.00000000000000000000e+00) (0, 0, 0.00000000000000000000e+00) (0, 0, 0.00000000000000000000e+00) (0, 0, 0.00000000000000000000e+00) (0, 0, 0.00000000000000000000e+00) (0, 0, 0.00000000000000000000e+00) (0, 0, 0.00000000000000000000e+00) (0, 0, 0.00000000000000000000e+00) (12, 6, 5.00000000000000000000e-01) (12, 6, 5.00000000000000000000e-01) (12, 6, 5.00000000000000000000e-01) (0, 6, 0.00000000000000000000e+00) (4, 4, 5.00000000000000000000e-01) (0, 4, 0.00000000000000000000e+00) 
connections (connected_to_neuron, weight)=(0, -1.68133763722710383171e+00) (1, 2.28672355582325304013e+00) (2, 1.65598169468692146822e+00) (3, -3.85197477366908636043e+00) (4, 2.49146152251863250982e+00) (5, 2.00152013282592911025e+00) (6, 2.84865155027438943236e+00) (7, -7.93718666208755307956e-01) (8, 1.27411517514929650829e+00) (9, 2.26013321766904962118e+00) (10, 1.66854448409722055935e+00) (11, -2.21589563042722881292e+00) (0, 3.07100417983870510596e+00) (1, -7.38372782501444113734e+00) (2, -7.27164665416637578943e+00) (3, -5.54250594267938559434e-02) (4, -5.50531348747774540442e+00) (5, -3.31494546742393847438e+00) (6, 1.43936947444356055925e+00) (7, 2.55111860115743993571e-02) (8, -1.33044785822431399502e+00) (9, 1.55151181911483337927e+00) (10, 4.09890103096836977414e+00) (11, 5.24457736169725752262e+00) (0, 4.20726815613010085571e+00) (1, -7.00747099147954255471e+00) (2, -7.28885492730291861818e+00) (3, -2.95208037251502419807e+00) (4, -5.82362458939726934659e+00) (5, -5.67599109297300596921e+00) (6, 4.48638044347105177656e-02) (7, 1.76203349234189399208e-02) (8, -4.84101118460303947444e+00) (9, 1.64658123214653673294e+00) (10, 5.07271490973496863575e+00) (11, 5.56141676539985052585e+00) (12, 2.70944498627754590814e+01) (13, -9.95874578629663886886e+00) (14, -4.20782616161809386313e+00) (15, -1.00625000560352328982e+00) 
