FANN_FLO_2.1
num_layers=3
learning_rate=0.700000
connection_rate=1.000000
network_type=0
learning_momentum=0.000000
training_algorithm=2
train_error_function=1
train_stop_function=1
cascade_output_change_fraction=0.010000
quickprop_decay=-0.000100
quickprop_mu=1.750000
rprop_increase_factor=1.200000
rprop_decrease_factor=0.500000
rprop_delta_min=0.000000
rprop_delta_max=50.000000
rprop_delta_zero=0.100000
cascade_output_stagnation_epochs=12
cascade_candidate_change_fraction=0.010000
cascade_candidate_stagnation_epochs=12
cascade_max_out_epochs=150
cascade_min_out_epochs=50
cascade_max_cand_epochs=150
cascade_min_cand_epochs=50
cascade_num_candidate_groups=2
bit_fail_limit=1.00000000000000005551e-01
cascade_candidate_limit=1.00000000000000000000e+03
cascade_weight_multiplier=4.00000000000000022204e-01
cascade_activation_functions_count=10
cascade_activation_functions=3 5 7 8 10 11 14 15 16 17 
cascade_activation_steepnesses_count=4
cascade_activation_steepnesses=2.50000000000000000000e-01 5.00000000000000000000e-01 7.50000000000000000000e-01 1.00000000000000000000e+00 
layer_sizes=13 4 2 
scale_included=0
neurons (num_inputs, activation_function, activation_steepness)=(0, 0, 0.00000000000000000000e+00) (0, 0, 0.00000000000000000000e+00) (0, 0, 0.00000000000000000000e+00) (0, 0, 0.00000000000000000000e+00) (0, 0, 0.00000000000000000000e+00) (0, 0, 0.00000000000000000000e+00) (0, 0, 0.00000000000000000000e+00) (0, 0, 0.00000000000000000000e+00) (0, 0, 0.00000000000000000000e+00) (0, 0, 0.00000000000000000000e+00) (0, 0, 0.00000000000000000000e+00) (0, 0, 0.00000000000000000000e+00) (0, 0, 0.00000000000000000000e+00) (13, 6, 5.00000000000000000000e-01) (13, 6, 5.00000000000000000000e-01) (13, 6, 5.00000000000000000000e-01) (0, 6, 0.00000000000000000000e+00) (4, 4, 5.00000000000000000000e-01) (0, 4, 0.00000000000000000000e+00) 
connections (connected_to_neuron, weight)=(0, -5.33904389768930176530e-01) (1, 1.14043470156179749253e+00) (2, 1.27703394518459623086e+00) (3, 5.32795160651960197917e-01) (4, 4.00093651720960175044e-01) (5, 6.12272624180909996738e-01) (6, 5.58385532603856926670e-01) (7, -7.80373455406607408058e-01) (8, 4.26721087780588870242e-01) (9, 4.60778496802606463145e-01) (10, -1.60675944390402181128e+00) (11, 4.68735272993974216860e-01) (12, -5.31243876844735840592e-01) (0, -1.24352911454800185709e+00) (1, 2.39108415990871714385e+00) (2, 1.51903960949966521099e+00) (3, 1.15456244175409317165e+00) (4, 7.80163434057127069821e-01) (5, 1.24379541991579456450e+00) (6, 1.64985257862969914022e+00) (7, -1.76152212687296105820e+00) (8, 1.27234097004232826755e+00) (9, 8.19166144821627417727e-01) (10, -2.20462272363577715950e+00) (11, 1.85605354215297690956e+00) (12, -2.29147987365159577777e+00) (0, 4.32765722071119007808e+00) (1, -3.47152892112801536584e+00) (2, -2.81071845440468992550e+00) (3, -1.54431353261816362021e+00) (4, -1.98852763491710526900e+00) (5, -5.40860619546237320066e-01) (6, -6.03852237924089330079e+00) (7, 4.17859914230581175332e+00) (8, -5.50868616001862143605e+00) (9, -1.50731478383886674521e+00) (10, 2.38408696405248810013e-01) (11, -6.00369528444948930002e+00) (12, 4.26786207204051670772e+00) (13, 8.66880650968763544206e-01) (14, 8.53804153358406736629e+00) (15, -3.29725555055372510083e+00) (16, -1.22459029575975142379e+00) 
