FANN_FLO_2.1
num_layers=3
learning_rate=0.700000
connection_rate=1.000000
network_type=0
learning_momentum=0.000000
training_algorithm=2
train_error_function=1
train_stop_function=1
cascade_output_change_fraction=0.010000
quickprop_decay=-0.000100
quickprop_mu=1.750000
rprop_increase_factor=1.200000
rprop_decrease_factor=0.500000
rprop_delta_min=0.000000
rprop_delta_max=50.000000
rprop_delta_zero=0.100000
cascade_output_stagnation_epochs=12
cascade_candidate_change_fraction=0.010000
cascade_candidate_stagnation_epochs=12
cascade_max_out_epochs=150
cascade_min_out_epochs=50
cascade_max_cand_epochs=150
cascade_min_cand_epochs=50
cascade_num_candidate_groups=2
bit_fail_limit=1.00000000000000005551e-01
cascade_candidate_limit=1.00000000000000000000e+03
cascade_weight_multiplier=4.00000000000000022204e-01
cascade_activation_functions_count=10
cascade_activation_functions=3 5 7 8 10 11 14 15 16 17 
cascade_activation_steepnesses_count=4
cascade_activation_steepnesses=2.50000000000000000000e-01 5.00000000000000000000e-01 7.50000000000000000000e-01 1.00000000000000000000e+00 
layer_sizes=15 4 2 
scale_included=0
neurons (num_inputs, activation_function, activation_steepness)=(0, 0, 0.00000000000000000000e+00) (0, 0, 0.00000000000000000000e+00) (0, 0, 0.00000000000000000000e+00) (0, 0, 0.00000000000000000000e+00) (0, 0, 0.00000000000000000000e+00) (0, 0, 0.00000000000000000000e+00) (0, 0, 0.00000000000000000000e+00) (0, 0, 0.00000000000000000000e+00) (0, 0, 0.00000000000000000000e+00) (0, 0, 0.00000000000000000000e+00) (0, 0, 0.00000000000000000000e+00) (0, 0, 0.00000000000000000000e+00) (0, 0, 0.00000000000000000000e+00) (0, 0, 0.00000000000000000000e+00) (0, 0, 0.00000000000000000000e+00) (15, 6, 5.00000000000000000000e-01) (15, 6, 5.00000000000000000000e-01) (15, 6, 5.00000000000000000000e-01) (0, 6, 0.00000000000000000000e+00) (4, 4, 5.00000000000000000000e-01) (0, 4, 0.00000000000000000000e+00) 
connections (connected_to_neuron, weight)=(0, 1.87177577320694110696e+00) (1, -2.55625764843303571183e+00) (2, -1.48925239604104087121e+00) (3, -2.44323995082063483153e+00) (4, 9.71858759270746941361e-01) (5, -2.78366783892740876638e+00) (6, -1.21672004971847380617e+00) (7, 1.75218091065202496992e+00) (8, -4.79216392388359135879e+00) (9, -1.94403723502519687472e+00) (10, -1.50228465928768240012e+00) (11, -2.11017089663867762894e+00) (12, 4.42901711620364735289e-01) (13, 2.93428471051710904050e+00) (14, 2.99091467492283191731e+00) (0, 1.82481788374777176287e+00) (1, -3.10122350913163380426e+00) (2, -1.34227850299466178186e+00) (3, -2.48062949745340155516e+00) (4, 2.45176210805524874559e+00) (5, -2.81915481274952561819e+00) (6, -1.24778160590872611024e+00) (7, 1.69814371440395905921e+00) (8, 7.06596081756335170354e+00) (9, -2.02970196115832424155e+00) (10, -1.33339006155128991793e+00) (11, -2.02261342435006907792e+00) (12, 1.27619468875806796326e+00) (13, 2.77712848081347596363e+00) (14, 3.04090129906476924759e+00) (0, -5.45737524822044517414e-01) (1, 4.22444683488986838515e-01) (2, 7.35201993822260257971e-01) (3, 9.33946856397588676124e-01) (4, 3.67389085842081186684e+00) (5, 8.92848273863258157235e-01) (6, 1.30260401416526172547e+00) (7, 1.25959539873568254764e-01) (8, -1.46818384244296773478e-01) (9, 1.68247890454552226913e+01) (10, -1.28309961737297340001e+00) (11, -4.14835786644794168865e+00) (12, -5.21902005992592155081e+00) (13, -1.22144409266949729442e+01) (14, -1.41144789717197993717e+00) (15, -8.14074093703790069299e+00) (16, -5.57181048057589567435e+00) (17, 4.93129959666563788545e+00) (18, -9.66066458477708001062e-01) 
