FANN_FLO_2.1
num_layers=3
learning_rate=0.700000
connection_rate=1.000000
network_type=0
learning_momentum=0.000000
training_algorithm=2
train_error_function=1
train_stop_function=1
cascade_output_change_fraction=0.010000
quickprop_decay=-0.000100
quickprop_mu=1.750000
rprop_increase_factor=1.200000
rprop_decrease_factor=0.500000
rprop_delta_min=0.000000
rprop_delta_max=50.000000
rprop_delta_zero=0.100000
cascade_output_stagnation_epochs=12
cascade_candidate_change_fraction=0.010000
cascade_candidate_stagnation_epochs=12
cascade_max_out_epochs=150
cascade_min_out_epochs=50
cascade_max_cand_epochs=150
cascade_min_cand_epochs=50
cascade_num_candidate_groups=2
bit_fail_limit=1.00000000000000005551e-01
cascade_candidate_limit=1.00000000000000000000e+03
cascade_weight_multiplier=4.00000000000000022204e-01
cascade_activation_functions_count=10
cascade_activation_functions=3 5 7 8 10 11 14 15 16 17 
cascade_activation_steepnesses_count=4
cascade_activation_steepnesses=2.50000000000000000000e-01 5.00000000000000000000e-01 7.50000000000000000000e-01 1.00000000000000000000e+00 
layer_sizes=8 4 2 
scale_included=0
neurons (num_inputs, activation_function, activation_steepness)=(0, 0, 0.00000000000000000000e+00) (0, 0, 0.00000000000000000000e+00) (0, 0, 0.00000000000000000000e+00) (0, 0, 0.00000000000000000000e+00) (0, 0, 0.00000000000000000000e+00) (0, 0, 0.00000000000000000000e+00) (0, 0, 0.00000000000000000000e+00) (0, 0, 0.00000000000000000000e+00) (8, 6, 5.00000000000000000000e-01) (8, 6, 5.00000000000000000000e-01) (8, 6, 5.00000000000000000000e-01) (0, 6, 0.00000000000000000000e+00) (4, 4, 5.00000000000000000000e-01) (0, 4, 0.00000000000000000000e+00) 
connections (connected_to_neuron, weight)=(0, 1.71515682715654693702e+00) (1, 3.70830102519397755145e+01) (2, 4.18514012129779011673e+00) (3, 2.88894683116474748630e+00) (4, 2.76947130380214119327e+01) (5, 1.61377245308300274473e+02) (6, 4.68481873572095430802e+00) (7, -2.84178933932965893661e+00) (0, -2.35316623392039803164e+00) (1, -4.50094364243600275621e-01) (2, -6.14379684605109166462e-01) (3, -8.89305497875349404424e-01) (4, -9.23797077606364425151e-01) (5, -4.53170413346717704250e-01) (6, -5.48361230133696642142e-01) (7, 2.06978144264322949653e+00) (0, -2.27164652934031563447e+00) (1, -1.22106054160509125417e+00) (2, -9.42277929397555946700e-01) (3, -8.30163719234234154243e-01) (4, 1.17091183361786499439e+00) (5, -4.53030070692844399893e-01) (6, -1.06465652283770570441e-01) (7, 2.07924787108240671785e+00) (8, 1.29709030294908949088e+01) (9, -3.47886389816065246805e+01) (10, -4.92810824381331347155e+00) (11, -1.12515845857879104308e+00) 
