FANN_FLO_2.1
num_layers=3
learning_rate=0.700000
connection_rate=1.000000
network_type=0
learning_momentum=0.000000
training_algorithm=2
train_error_function=1
train_stop_function=1
cascade_output_change_fraction=0.010000
quickprop_decay=-0.000100
quickprop_mu=1.750000
rprop_increase_factor=1.200000
rprop_decrease_factor=0.500000
rprop_delta_min=0.000000
rprop_delta_max=50.000000
rprop_delta_zero=0.100000
cascade_output_stagnation_epochs=12
cascade_candidate_change_fraction=0.010000
cascade_candidate_stagnation_epochs=12
cascade_max_out_epochs=150
cascade_min_out_epochs=50
cascade_max_cand_epochs=150
cascade_min_cand_epochs=50
cascade_num_candidate_groups=2
bit_fail_limit=1.00000000000000005551e-01
cascade_candidate_limit=1.00000000000000000000e+03
cascade_weight_multiplier=4.00000000000000022204e-01
cascade_activation_functions_count=10
cascade_activation_functions=3 5 7 8 10 11 14 15 16 17 
cascade_activation_steepnesses_count=4
cascade_activation_steepnesses=2.50000000000000000000e-01 5.00000000000000000000e-01 7.50000000000000000000e-01 1.00000000000000000000e+00 
layer_sizes=10 4 2 
scale_included=0
neurons (num_inputs, activation_function, activation_steepness)=(0, 0, 0.00000000000000000000e+00) (0, 0, 0.00000000000000000000e+00) (0, 0, 0.00000000000000000000e+00) (0, 0, 0.00000000000000000000e+00) (0, 0, 0.00000000000000000000e+00) (0, 0, 0.00000000000000000000e+00) (0, 0, 0.00000000000000000000e+00) (0, 0, 0.00000000000000000000e+00) (0, 0, 0.00000000000000000000e+00) (0, 0, 0.00000000000000000000e+00) (10, 6, 5.00000000000000000000e-01) (10, 6, 5.00000000000000000000e-01) (10, 6, 5.00000000000000000000e-01) (0, 6, 0.00000000000000000000e+00) (4, 4, 5.00000000000000000000e-01) (0, 4, 0.00000000000000000000e+00) 
connections (connected_to_neuron, weight)=(0, -1.08605375408951552174e+01) (1, 5.04754396647898051498e+00) (2, 3.09517769264826769771e+00) (3, 3.08681054669512056066e+00) (4, 9.54848333991046960278e-01) (5, 8.99266760594125580397e-01) (6, 8.63984115219589288159e-01) (7, -4.22199618262650133715e+00) (8, -5.85584028404698653247e+00) (9, -4.73352796167313627507e+00) (0, 7.34890253090683209791e+00) (1, -5.40813085447223396152e-01) (2, -8.53831821499924759067e-01) (3, -1.27046271543726096986e+00) (4, -6.02720175404772989802e-02) (5, -2.21500270441962826551e-01) (6, -2.87496306375457366666e-01) (7, 1.02828204709309578568e+00) (8, 1.96849304287338378039e+00) (9, 6.52739314919874691334e-01) (0, -3.25637741229106181251e+00) (1, 1.03196655812345627901e+00) (2, 2.17285324078151198535e+00) (3, 1.34474802448268904165e+00) (4, 9.41140774259998202922e-01) (5, 9.85088798771335483195e-01) (6, 8.91768049071265833661e-01) (7, -1.52087390713503478601e+00) (8, -1.53511640783887082229e+00) (9, -9.98508078990916980722e-01) (10, 6.74815291559036367630e+00) (11, -1.00301726598953422354e+00) (12, 2.15678338557791438035e+00) (13, -1.43489755413198438738e+00) 
