FANN_FLO_2.1
num_layers=3
learning_rate=0.700000
connection_rate=1.000000
network_type=0
learning_momentum=0.000000
training_algorithm=2
train_error_function=1
train_stop_function=1
cascade_output_change_fraction=0.010000
quickprop_decay=-0.000100
quickprop_mu=1.750000
rprop_increase_factor=1.200000
rprop_decrease_factor=0.500000
rprop_delta_min=0.000000
rprop_delta_max=50.000000
rprop_delta_zero=0.100000
cascade_output_stagnation_epochs=12
cascade_candidate_change_fraction=0.010000
cascade_candidate_stagnation_epochs=12
cascade_max_out_epochs=150
cascade_min_out_epochs=50
cascade_max_cand_epochs=150
cascade_min_cand_epochs=50
cascade_num_candidate_groups=2
bit_fail_limit=1.00000000000000005551e-01
cascade_candidate_limit=1.00000000000000000000e+03
cascade_weight_multiplier=4.00000000000000022204e-01
cascade_activation_functions_count=10
cascade_activation_functions=3 5 7 8 10 11 14 15 16 17 
cascade_activation_steepnesses_count=4
cascade_activation_steepnesses=2.50000000000000000000e-01 5.00000000000000000000e-01 7.50000000000000000000e-01 1.00000000000000000000e+00 
layer_sizes=18 4 2 
scale_included=0
neurons (num_inputs, activation_function, activation_steepness)=(0, 0, 0.00000000000000000000e+00) (0, 0, 0.00000000000000000000e+00) (0, 0, 0.00000000000000000000e+00) (0, 0, 0.00000000000000000000e+00) (0, 0, 0.00000000000000000000e+00) (0, 0, 0.00000000000000000000e+00) (0, 0, 0.00000000000000000000e+00) (0, 0, 0.00000000000000000000e+00) (0, 0, 0.00000000000000000000e+00) (0, 0, 0.00000000000000000000e+00) (0, 0, 0.00000000000000000000e+00) (0, 0, 0.00000000000000000000e+00) (0, 0, 0.00000000000000000000e+00) (0, 0, 0.00000000000000000000e+00) (0, 0, 0.00000000000000000000e+00) (0, 0, 0.00000000000000000000e+00) (0, 0, 0.00000000000000000000e+00) (0, 0, 0.00000000000000000000e+00) (18, 6, 5.00000000000000000000e-01) (18, 6, 5.00000000000000000000e-01) (18, 6, 5.00000000000000000000e-01) (0, 6, 0.00000000000000000000e+00) (4, 4, 5.00000000000000000000e-01) (0, 4, 0.00000000000000000000e+00) 
connections (connected_to_neuron, weight)=(0, -1.39459278036826717084e+01) (1, 2.53408589095538383518e+00) (2, 5.52197259087263581101e-01) (3, 6.18270927039892836952e-01) (4, 2.08071632201873912837e-01) (5, -1.57882315800568107100e-01) (6, 4.06828065049683940124e-01) (7, 2.04446226482989516171e+02) (8, 5.14354102086793218973e-01) (9, 1.36641235953656159374e+00) (10, 4.84590944581155480542e-01) (11, 1.30611909306237472528e+00) (12, 7.16612544769831383284e-01) (13, 1.51300959533295831250e+00) (14, 1.83400541296430263927e+00) (15, 1.11903051248172502596e+00) (16, 1.27449717498013748163e+00) (17, -1.20164476047034382566e-01) (0, -9.49586364975694863233e+00) (1, 1.26514146081053868720e+00) (2, 1.18147752744791487145e-01) (3, 1.60314195812432003230e+00) (4, 1.72836221963850689143e+00) (5, 8.80469264083269309573e-01) (6, 1.09734645899123545165e-01) (7, 8.50363413126924285734e+01) (8, 7.98818589740160178714e-01) (9, 3.74785267294052415465e+00) (10, 1.68620263249365520686e+00) (11, 2.03608407732234564236e+00) (12, 2.45739294613060599293e-01) (13, 1.77674204159056481345e+00) (14, 2.38881045000144176527e+00) (15, 6.07463632186119525946e-02) (16, 2.09452560451016989163e+00) (17, -4.84013513589203192566e-01) (0, -3.90048917515963244895e+00) (1, 5.42888779668224019659e-01) (2, 1.66594137479937276503e+00) (3, 1.65756179735031783373e+00) (4, 2.10247311036452799726e+00) (5, 3.19739872387045154234e-01) (6, 8.12093111709707105028e-01) (7, 3.54999932951974770390e+01) (8, 2.58158817202797452595e+00) (9, 1.62307013168898284228e+00) (10, 1.61840909317103087695e+00) (11, 1.98449809517130404402e+00) (12, 2.12681971001688374656e+00) (13, 5.46332610642844773707e+00) (14, 3.69017799886640140983e+00) (15, 8.25631487206571423876e-01) (16, 2.10063085000381022382e+00) (17, -1.29741633729620886584e+00) (18, 1.11315063618638312448e+01) (19, 1.49784263216294766252e+00) (20, 1.50954202637179157875e+00) (21, -2.84048295183275067988e-01) 
