FANN_FLO_2.1
num_layers=3
learning_rate=0.700000
connection_rate=1.000000
network_type=0
learning_momentum=0.000000
training_algorithm=2
train_error_function=1
train_stop_function=1
cascade_output_change_fraction=0.010000
quickprop_decay=-0.000100
quickprop_mu=1.750000
rprop_increase_factor=1.200000
rprop_decrease_factor=0.500000
rprop_delta_min=0.000000
rprop_delta_max=50.000000
rprop_delta_zero=0.100000
cascade_output_stagnation_epochs=12
cascade_candidate_change_fraction=0.010000
cascade_candidate_stagnation_epochs=12
cascade_max_out_epochs=150
cascade_min_out_epochs=50
cascade_max_cand_epochs=150
cascade_min_cand_epochs=50
cascade_num_candidate_groups=2
bit_fail_limit=1.00000000000000005551e-01
cascade_candidate_limit=1.00000000000000000000e+03
cascade_weight_multiplier=4.00000000000000022204e-01
cascade_activation_functions_count=10
cascade_activation_functions=3 5 7 8 10 11 14 15 16 17 
cascade_activation_steepnesses_count=4
cascade_activation_steepnesses=2.50000000000000000000e-01 5.00000000000000000000e-01 7.50000000000000000000e-01 1.00000000000000000000e+00 
layer_sizes=13 4 2 
scale_included=0
neurons (num_inputs, activation_function, activation_steepness)=(0, 0, 0.00000000000000000000e+00) (0, 0, 0.00000000000000000000e+00) (0, 0, 0.00000000000000000000e+00) (0, 0, 0.00000000000000000000e+00) (0, 0, 0.00000000000000000000e+00) (0, 0, 0.00000000000000000000e+00) (0, 0, 0.00000000000000000000e+00) (0, 0, 0.00000000000000000000e+00) (0, 0, 0.00000000000000000000e+00) (0, 0, 0.00000000000000000000e+00) (0, 0, 0.00000000000000000000e+00) (0, 0, 0.00000000000000000000e+00) (0, 0, 0.00000000000000000000e+00) (13, 6, 5.00000000000000000000e-01) (13, 6, 5.00000000000000000000e-01) (13, 6, 5.00000000000000000000e-01) (0, 6, 0.00000000000000000000e+00) (4, 4, 5.00000000000000000000e-01) (0, 4, 0.00000000000000000000e+00) 
connections (connected_to_neuron, weight)=(0, -4.37537314399584786884e+00) (1, 1.76073623140877089099e+00) (2, 1.25869726920339308762e+00) (3, 3.44829497003595886184e+00) (4, 3.09061068730530053017e+00) (5, -5.77799203232478753023e+00) (6, 7.67397515640380833979e-01) (7, 1.26081123032151287688e+00) (8, 1.40788581963955983234e+00) (9, 3.82644594835779949804e+00) (10, -1.01085858584025056750e+00) (11, 1.07598424107400791883e+00) (12, -2.01994400774483295891e+00) (0, 1.41628926350595940598e+00) (1, -3.83323192221375963484e+00) (2, -1.17744198889314866108e+00) (3, -2.34479799170408753639e+00) (4, 1.20630732824545727766e+00) (5, 2.93534430766867693308e+00) (6, 2.63004541643933498207e-01) (7, 2.59479103195370264245e+00) (8, -4.40477286293959036101e+00) (9, -2.25472669127083014118e+00) (10, -7.43600790013183132743e-01) (11, -2.15863369914606106903e+00) (12, 2.95803550536202486398e+00) (0, 1.41400315715792168625e+00) (1, -3.72659880292865297591e+00) (2, -1.28474594727933144611e+00) (3, -2.34008357393074684083e+00) (4, 1.17330861737471447981e+00) (5, 3.06626730317639406564e+00) (6, 1.97809368618802272621e-01) (7, 2.58140531885326929284e+00) (8, -4.42859170973157301177e+00) (9, -2.20999431433773230182e+00) (10, -7.38802169073928372001e-01) (11, -2.10035069051101697113e+00) (12, 2.99850521142052706125e+00) (13, 1.07874710194768717031e+01) (14, -2.66236617383406137805e+00) (15, -1.80760218100285996456e+00) (16, -7.75442667523105200189e-01) 
