FANN_FLO_2.1
num_layers=3
learning_rate=0.700000
connection_rate=1.000000
network_type=0
learning_momentum=0.000000
training_algorithm=2
train_error_function=1
train_stop_function=1
cascade_output_change_fraction=0.010000
quickprop_decay=-0.000100
quickprop_mu=1.750000
rprop_increase_factor=1.200000
rprop_decrease_factor=0.500000
rprop_delta_min=0.000000
rprop_delta_max=50.000000
rprop_delta_zero=0.100000
cascade_output_stagnation_epochs=12
cascade_candidate_change_fraction=0.010000
cascade_candidate_stagnation_epochs=12
cascade_max_out_epochs=150
cascade_min_out_epochs=50
cascade_max_cand_epochs=150
cascade_min_cand_epochs=50
cascade_num_candidate_groups=2
bit_fail_limit=1.00000000000000005551e-01
cascade_candidate_limit=1.00000000000000000000e+03
cascade_weight_multiplier=4.00000000000000022204e-01
cascade_activation_functions_count=10
cascade_activation_functions=3 5 7 8 10 11 14 15 16 17 
cascade_activation_steepnesses_count=4
cascade_activation_steepnesses=2.50000000000000000000e-01 5.00000000000000000000e-01 7.50000000000000000000e-01 1.00000000000000000000e+00 
layer_sizes=10 4 2 
scale_included=0
neurons (num_inputs, activation_function, activation_steepness)=(0, 0, 0.00000000000000000000e+00) (0, 0, 0.00000000000000000000e+00) (0, 0, 0.00000000000000000000e+00) (0, 0, 0.00000000000000000000e+00) (0, 0, 0.00000000000000000000e+00) (0, 0, 0.00000000000000000000e+00) (0, 0, 0.00000000000000000000e+00) (0, 0, 0.00000000000000000000e+00) (0, 0, 0.00000000000000000000e+00) (0, 0, 0.00000000000000000000e+00) (10, 6, 5.00000000000000000000e-01) (10, 6, 5.00000000000000000000e-01) (10, 6, 5.00000000000000000000e-01) (0, 6, 0.00000000000000000000e+00) (4, 4, 5.00000000000000000000e-01) (0, 4, 0.00000000000000000000e+00) 
connections (connected_to_neuron, weight)=(0, -3.33991332784028394087e+00) (1, 2.71026787760183545117e+01) (2, 1.04612949245178143975e+00) (3, 2.34100690270895694933e-01) (4, 3.28969500521414881522e-01) (5, 6.10281857631899682382e-02) (6, 9.13026114780484454592e-01) (7, 3.22537979270453245562e-01) (8, 2.06747460641691860328e-01) (9, -6.13164470964175700729e-01) (0, -3.38652354538174016341e+00) (1, 2.69204911815449925427e+01) (2, 1.15103714667760748114e+00) (3, 2.65011226917738651476e-01) (4, 3.96902492429251407824e-01) (5, 2.20590013542006191383e-01) (6, 9.61263505596696488098e-01) (7, 2.89841262783045505724e-01) (8, 1.60967554428408321510e-01) (9, -6.43092220150929927414e-01) (0, -3.41973176285357816084e+00) (1, 2.70300229790136548047e+01) (2, 6.18397232620147674353e-01) (3, 2.55519611920351719103e-01) (4, 3.63160684267275990500e-01) (5, 2.28380802550146755348e-01) (6, 9.27006943006097094973e-01) (7, 2.21476195539469455920e-01) (8, 1.33187714495489772926e-01) (9, -5.49588908874494075363e-01) (10, 1.21864415073044174420e+01) (11, 1.22416053229219787823e+01) (12, 1.21723337733394973981e+01) (13, -1.39820318007907751223e+00) 
