FANN_FLO_2.1
num_layers=3
learning_rate=0.700000
connection_rate=1.000000
network_type=0
learning_momentum=0.000000
training_algorithm=2
train_error_function=1
train_stop_function=1
cascade_output_change_fraction=0.010000
quickprop_decay=-0.000100
quickprop_mu=1.750000
rprop_increase_factor=1.200000
rprop_decrease_factor=0.500000
rprop_delta_min=0.000000
rprop_delta_max=50.000000
rprop_delta_zero=0.100000
cascade_output_stagnation_epochs=12
cascade_candidate_change_fraction=0.010000
cascade_candidate_stagnation_epochs=12
cascade_max_out_epochs=150
cascade_min_out_epochs=50
cascade_max_cand_epochs=150
cascade_min_cand_epochs=50
cascade_num_candidate_groups=2
bit_fail_limit=1.00000000000000005551e-01
cascade_candidate_limit=1.00000000000000000000e+03
cascade_weight_multiplier=4.00000000000000022204e-01
cascade_activation_functions_count=10
cascade_activation_functions=3 5 7 8 10 11 14 15 16 17 
cascade_activation_steepnesses_count=4
cascade_activation_steepnesses=2.50000000000000000000e-01 5.00000000000000000000e-01 7.50000000000000000000e-01 1.00000000000000000000e+00 
layer_sizes=13 4 2 
scale_included=0
neurons (num_inputs, activation_function, activation_steepness)=(0, 0, 0.00000000000000000000e+00) (0, 0, 0.00000000000000000000e+00) (0, 0, 0.00000000000000000000e+00) (0, 0, 0.00000000000000000000e+00) (0, 0, 0.00000000000000000000e+00) (0, 0, 0.00000000000000000000e+00) (0, 0, 0.00000000000000000000e+00) (0, 0, 0.00000000000000000000e+00) (0, 0, 0.00000000000000000000e+00) (0, 0, 0.00000000000000000000e+00) (0, 0, 0.00000000000000000000e+00) (0, 0, 0.00000000000000000000e+00) (0, 0, 0.00000000000000000000e+00) (13, 6, 5.00000000000000000000e-01) (13, 6, 5.00000000000000000000e-01) (13, 6, 5.00000000000000000000e-01) (0, 6, 0.00000000000000000000e+00) (4, 4, 5.00000000000000000000e-01) (0, 4, 0.00000000000000000000e+00) 
connections (connected_to_neuron, weight)=(0, -1.22372078405938999879e+00) (1, 5.26311984018608014502e-01) (2, 6.46010183788922609516e-01) (3, 7.01820494868775957009e-01) (4, 3.47083201375076366713e-01) (5, 1.21514348462429769282e-01) (6, 9.22343141863331772434e-01) (7, 5.48859024136015727358e-01) (8, 2.79096534627898296144e-01) (9, 2.37371044497696054298e-01) (10, 1.08857097368446564811e-01) (11, 6.42871762525901724317e-02) (12, -2.14873527271446013165e-01) (0, -7.36767588569393083731e+00) (1, 2.71847619757510017280e+00) (2, 1.07258282437858643021e+00) (3, 2.44940391115396538524e+00) (4, 9.50686023118218037631e-01) (5, 7.79134987500820219708e-02) (6, 2.07210936117298594183e+00) (7, 2.52175409176317266713e+00) (8, -3.83254600615188456558e-01) (9, -3.33451799887465150096e-01) (10, 5.07746374392378685414e-01) (11, -7.60053764287195732230e-02) (12, -1.78148247032023854253e+00) (0, -8.61645280434354954302e-01) (1, 6.08928231255336460670e-01) (2, 7.38390960790303418904e-01) (3, 7.95880938210507982156e-01) (4, 2.44102040048906482328e-01) (5, 2.18317767754402869418e-01) (6, 8.19085227992929487684e-01) (7, 4.82706697373339432833e-01) (8, 1.13595364767535428330e-01) (9, 2.91089775305000575401e-01) (10, 2.40565048794952579536e-01) (11, 1.92371277035461363258e-01) (12, -2.54605298025306514553e-01) (13, 7.09900656645359617869e-01) (14, 1.91994112746863905272e+01) (15, 1.00399859476913033696e+00) (16, -2.57854508897512069154e+00) 
