FANN_FLO_2.1
num_layers=3
learning_rate=0.700000
connection_rate=1.000000
network_type=0
learning_momentum=0.000000
training_algorithm=2
train_error_function=1
train_stop_function=1
cascade_output_change_fraction=0.010000
quickprop_decay=-0.000100
quickprop_mu=1.750000
rprop_increase_factor=1.200000
rprop_decrease_factor=0.500000
rprop_delta_min=0.000000
rprop_delta_max=50.000000
rprop_delta_zero=0.100000
cascade_output_stagnation_epochs=12
cascade_candidate_change_fraction=0.010000
cascade_candidate_stagnation_epochs=12
cascade_max_out_epochs=150
cascade_min_out_epochs=50
cascade_max_cand_epochs=150
cascade_min_cand_epochs=50
cascade_num_candidate_groups=2
bit_fail_limit=1.00000000000000005551e-01
cascade_candidate_limit=1.00000000000000000000e+03
cascade_weight_multiplier=4.00000000000000022204e-01
cascade_activation_functions_count=10
cascade_activation_functions=3 5 7 8 10 11 14 15 16 17 
cascade_activation_steepnesses_count=4
cascade_activation_steepnesses=2.50000000000000000000e-01 5.00000000000000000000e-01 7.50000000000000000000e-01 1.00000000000000000000e+00 
layer_sizes=7 4 2 
scale_included=0
neurons (num_inputs, activation_function, activation_steepness)=(0, 0, 0.00000000000000000000e+00) (0, 0, 0.00000000000000000000e+00) (0, 0, 0.00000000000000000000e+00) (0, 0, 0.00000000000000000000e+00) (0, 0, 0.00000000000000000000e+00) (0, 0, 0.00000000000000000000e+00) (0, 0, 0.00000000000000000000e+00) (7, 6, 5.00000000000000000000e-01) (7, 6, 5.00000000000000000000e-01) (7, 6, 5.00000000000000000000e-01) (0, 6, 0.00000000000000000000e+00) (4, 4, 5.00000000000000000000e-01) (0, 4, 0.00000000000000000000e+00) 
connections (connected_to_neuron, weight)=(0, -6.92091290636984357576e+00) (1, 3.02715103652899308884e+00) (2, 1.39978005212627798493e+00) (3, 4.23723974009051151945e-01) (4, 8.28075399166507297721e-01) (5, 9.58065968939886491995e-01) (6, -8.07026053801578546754e-01) (0, 4.59286597766427018286e+00) (1, -2.21966615510998543925e+00) (2, -1.21156807106264530205e+00) (3, -9.29795438325481060637e-01) (4, -5.41275449404784558816e-01) (5, -2.53220959570068560041e+00) (6, 1.24332377763342849519e+00) (0, -2.27375853125113192021e+00) (1, 1.02981150594679560228e+00) (2, 2.93977451236412967717e+00) (3, 1.05868287811786299102e+00) (4, 2.65330713010560215181e-01) (5, 2.43198220162176426129e+00) (6, -2.32211048549038512334e-01) (7, 3.17125188747546804535e+00) (8, -7.06679150254018484389e+00) (9, 3.46607524304437697449e-01) (10, -2.01164559129360798195e+00) 
