FANN_FLO_2.1
num_layers=3
learning_rate=0.700000
connection_rate=1.000000
network_type=0
learning_momentum=0.000000
training_algorithm=2
train_error_function=1
train_stop_function=1
cascade_output_change_fraction=0.010000
quickprop_decay=-0.000100
quickprop_mu=1.750000
rprop_increase_factor=1.200000
rprop_decrease_factor=0.500000
rprop_delta_min=0.000000
rprop_delta_max=50.000000
rprop_delta_zero=0.100000
cascade_output_stagnation_epochs=12
cascade_candidate_change_fraction=0.010000
cascade_candidate_stagnation_epochs=12
cascade_max_out_epochs=150
cascade_min_out_epochs=50
cascade_max_cand_epochs=150
cascade_min_cand_epochs=50
cascade_num_candidate_groups=2
bit_fail_limit=1.00000000000000005551e-01
cascade_candidate_limit=1.00000000000000000000e+03
cascade_weight_multiplier=4.00000000000000022204e-01
cascade_activation_functions_count=10
cascade_activation_functions=3 5 7 8 10 11 14 15 16 17 
cascade_activation_steepnesses_count=4
cascade_activation_steepnesses=2.50000000000000000000e-01 5.00000000000000000000e-01 7.50000000000000000000e-01 1.00000000000000000000e+00 
layer_sizes=15 4 2 
scale_included=0
neurons (num_inputs, activation_function, activation_steepness)=(0, 0, 0.00000000000000000000e+00) (0, 0, 0.00000000000000000000e+00) (0, 0, 0.00000000000000000000e+00) (0, 0, 0.00000000000000000000e+00) (0, 0, 0.00000000000000000000e+00) (0, 0, 0.00000000000000000000e+00) (0, 0, 0.00000000000000000000e+00) (0, 0, 0.00000000000000000000e+00) (0, 0, 0.00000000000000000000e+00) (0, 0, 0.00000000000000000000e+00) (0, 0, 0.00000000000000000000e+00) (0, 0, 0.00000000000000000000e+00) (0, 0, 0.00000000000000000000e+00) (0, 0, 0.00000000000000000000e+00) (0, 0, 0.00000000000000000000e+00) (15, 6, 5.00000000000000000000e-01) (15, 6, 5.00000000000000000000e-01) (15, 6, 5.00000000000000000000e-01) (0, 6, 0.00000000000000000000e+00) (4, 4, 5.00000000000000000000e-01) (0, 4, 0.00000000000000000000e+00) 
connections (connected_to_neuron, weight)=(0, -5.25152053414946973220e-01) (1, 1.70317249213177834832e+00) (2, 9.00451668861460441384e-01) (3, 4.27094079278389826548e-01) (4, -4.68123188777044840769e-01) (5, 3.51407447860799422579e-03) (6, 6.36627157030563828322e-01) (7, 9.25272181051232545101e-01) (8, 3.51070472175479730836e+00) (9, -1.84685797633775994342e+00) (10, 2.92655875438248058718e-01) (11, -9.50664372092125398161e-02) (12, 9.00681170046803009077e-02) (13, 3.42293471049897546354e-01) (14, -7.23465548806701108653e-01) (0, 8.98915102803823029554e-01) (1, -1.30721421450696762001e+00) (2, -6.22882967161792699962e-01) (3, -8.35692185193328551662e-02) (4, 4.23160996753748797072e-01) (5, -1.40977419558993843918e-02) (6, -2.16789744144223778255e-01) (7, -1.52060161683751887685e-01) (8, -1.82292285210781179750e+00) (9, -8.56912349940742723575e-02) (10, -9.79633473263119697316e-02) (11, 3.63168222086296454965e-01) (12, -7.56001914487484938387e-02) (13, -4.71491589180295378458e-01) (14, 1.08465148229089392018e+00) (0, 5.73212769862528936926e+00) (1, -4.45482488688424549395e+00) (2, -2.76413972930425222430e+00) (3, -2.72544141142193607763e+00) (4, -2.24893721008740006539e-02) (5, -3.33471242477328910780e+00) (6, -3.10577912336093886481e+00) (7, 1.19220502806251377192e-01) (8, -4.16733262414466221202e+00) (9, -5.15681989214953429013e+00) (10, -4.07458805527859091455e+00) (11, 1.01888237564647887723e+00) (12, -8.22064207293146687050e+00) (13, -4.48889968357356838879e+00) (14, 5.68219231304045813147e+00) (15, 1.43400870497552745952e+00) (16, -3.79292576390926727825e+00) (17, -1.37359025316546627948e+01) (18, -2.03154343191846997740e+00) 
