FANN_FLO_2.1
num_layers=3
learning_rate=0.700000
connection_rate=1.000000
network_type=0
learning_momentum=0.000000
training_algorithm=2
train_error_function=1
train_stop_function=1
cascade_output_change_fraction=0.010000
quickprop_decay=-0.000100
quickprop_mu=1.750000
rprop_increase_factor=1.200000
rprop_decrease_factor=0.500000
rprop_delta_min=0.000000
rprop_delta_max=50.000000
rprop_delta_zero=0.100000
cascade_output_stagnation_epochs=12
cascade_candidate_change_fraction=0.010000
cascade_candidate_stagnation_epochs=12
cascade_max_out_epochs=150
cascade_min_out_epochs=50
cascade_max_cand_epochs=150
cascade_min_cand_epochs=50
cascade_num_candidate_groups=2
bit_fail_limit=1.00000000000000005551e-01
cascade_candidate_limit=1.00000000000000000000e+03
cascade_weight_multiplier=4.00000000000000022204e-01
cascade_activation_functions_count=10
cascade_activation_functions=3 5 7 8 10 11 14 15 16 17 
cascade_activation_steepnesses_count=4
cascade_activation_steepnesses=2.50000000000000000000e-01 5.00000000000000000000e-01 7.50000000000000000000e-01 1.00000000000000000000e+00 
layer_sizes=12 4 2 
scale_included=0
neurons (num_inputs, activation_function, activation_steepness)=(0, 0, 0.00000000000000000000e+00) (0, 0, 0.00000000000000000000e+00) (0, 0, 0.00000000000000000000e+00) (0, 0, 0.00000000000000000000e+00) (0, 0, 0.00000000000000000000e+00) (0, 0, 0.00000000000000000000e+00) (0, 0, 0.00000000000000000000e+00) (0, 0, 0.00000000000000000000e+00) (0, 0, 0.00000000000000000000e+00) (0, 0, 0.00000000000000000000e+00) (0, 0, 0.00000000000000000000e+00) (0, 0, 0.00000000000000000000e+00) (12, 6, 5.00000000000000000000e-01) (12, 6, 5.00000000000000000000e-01) (12, 6, 5.00000000000000000000e-01) (0, 6, 0.00000000000000000000e+00) (4, 4, 5.00000000000000000000e-01) (0, 4, 0.00000000000000000000e+00) 
connections (connected_to_neuron, weight)=(0, -6.99157366624738929595e-01) (1, 1.36515656459466927508e+00) (2, 7.06405935299339260425e-01) (3, 1.67328160233412071012e-01) (4, -8.20909945389892925505e-01) (5, -8.74956043532755356473e-01) (6, 7.14412907025719468024e-01) (7, 3.47386941424505657494e-02) (8, -1.32323705057668189466e-01) (9, -6.85425588956739662017e-01) (10, -8.03119005731012691740e-01) (11, -8.09701370170976986174e-01) (0, 2.35682235011744722897e+00) (1, -4.72696561372134915757e+00) (2, -6.87162138623572671392e-01) (3, -6.19327515465594391486e-01) (4, 9.58983336201950420374e-01) (5, 1.09978860137685918730e+00) (6, 1.43459073145656923476e-01) (7, 1.13222754438190784110e-01) (8, 9.82832896389809418380e-01) (9, 1.01789785442575553276e+00) (10, 9.92324891366807015913e-01) (11, 2.46336794743228182369e+00) (0, -1.41965990954610132846e+00) (1, 2.37539229682260089049e+00) (2, 6.25268182737493627421e-01) (3, -3.46964081121160672350e-01) (4, -5.12616118294327072213e-01) (5, -5.99056085449783615182e-01) (6, 4.96188717240501397931e-01) (7, -8.74856103070289353729e-02) (8, -6.76171040040581039499e-01) (9, -6.51531429839460662912e-01) (10, -6.51855060708849243234e-01) (11, -1.36148623818131708774e+00) (12, 5.50586458617170926289e+00) (13, -2.85107898670745329994e+00) (14, 6.26888305068163109723e+00) (15, -6.66525026421096344897e-01) 
