FANN_FLO_2.1
num_layers=3
learning_rate=0.700000
connection_rate=1.000000
network_type=0
learning_momentum=0.000000
training_algorithm=2
train_error_function=1
train_stop_function=1
cascade_output_change_fraction=0.010000
quickprop_decay=-0.000100
quickprop_mu=1.750000
rprop_increase_factor=1.200000
rprop_decrease_factor=0.500000
rprop_delta_min=0.000000
rprop_delta_max=50.000000
rprop_delta_zero=0.100000
cascade_output_stagnation_epochs=12
cascade_candidate_change_fraction=0.010000
cascade_candidate_stagnation_epochs=12
cascade_max_out_epochs=150
cascade_min_out_epochs=50
cascade_max_cand_epochs=150
cascade_min_cand_epochs=50
cascade_num_candidate_groups=2
bit_fail_limit=1.00000000000000005551e-01
cascade_candidate_limit=1.00000000000000000000e+03
cascade_weight_multiplier=4.00000000000000022204e-01
cascade_activation_functions_count=10
cascade_activation_functions=3 5 7 8 10 11 14 15 16 17 
cascade_activation_steepnesses_count=4
cascade_activation_steepnesses=2.50000000000000000000e-01 5.00000000000000000000e-01 7.50000000000000000000e-01 1.00000000000000000000e+00 
layer_sizes=12 4 2 
scale_included=0
neurons (num_inputs, activation_function, activation_steepness)=(0, 0, 0.00000000000000000000e+00) (0, 0, 0.00000000000000000000e+00) (0, 0, 0.00000000000000000000e+00) (0, 0, 0.00000000000000000000e+00) (0, 0, 0.00000000000000000000e+00) (0, 0, 0.00000000000000000000e+00) (0, 0, 0.00000000000000000000e+00) (0, 0, 0.00000000000000000000e+00) (0, 0, 0.00000000000000000000e+00) (0, 0, 0.00000000000000000000e+00) (0, 0, 0.00000000000000000000e+00) (0, 0, 0.00000000000000000000e+00) (12, 6, 5.00000000000000000000e-01) (12, 6, 5.00000000000000000000e-01) (12, 6, 5.00000000000000000000e-01) (0, 6, 0.00000000000000000000e+00) (4, 4, 5.00000000000000000000e-01) (0, 4, 0.00000000000000000000e+00) 
connections (connected_to_neuron, weight)=(0, -8.44101533161527139981e-01) (1, 2.71771551538929223568e+00) (2, 3.33083887170420589463e-01) (3, -4.17275869956264533478e-01) (4, -4.26363035838658366306e-01) (5, -3.48897008065945091193e-01) (6, -1.84201104407078181113e-01) (7, 2.12471921926704443440e-01) (8, -3.41708322827583732550e-01) (9, 1.63695324146182000224e-02) (10, -6.66209723866551251081e-02) (11, -8.02406363057023730434e-01) (0, -1.90427818461424025465e+00) (1, 2.06814396182521864631e+00) (2, 1.92145112993460842610e+00) (3, -3.37723755614074305775e-01) (4, -9.42678136078793471597e-01) (5, 3.13679586186035141981e-01) (6, 4.09741732313258999465e-01) (7, 1.93460494691558770874e+00) (8, 3.72841822355201440997e-03) (9, 2.91991136895853153899e-01) (10, 2.31997880174739795622e-01) (11, -1.95862907483345183302e+00) (0, 3.34446964597245433026e+00) (1, -2.69889315667209661598e+00) (2, -6.62572963049915664158e+00) (3, 7.69169520089587721579e-01) (4, -1.47233997717251652304e-01) (5, 1.10501205287647308317e+00) (6, 9.05853311992105059147e-01) (7, -3.31799006172678456750e+00) (8, 7.39606730703432746488e-01) (9, 6.42495671627536624193e-01) (10, 2.42600180688903183102e-01) (11, 3.37268562054177500897e+00) (12, 1.33103776665865480844e+00) (13, 1.47572814183952392142e+01) (14, -3.18784151622704214901e+00) (15, -1.34556465025043814343e+00) 
