FANN_FLO_2.1
num_layers=3
learning_rate=0.700000
connection_rate=1.000000
network_type=0
learning_momentum=0.000000
training_algorithm=2
train_error_function=1
train_stop_function=1
cascade_output_change_fraction=0.010000
quickprop_decay=-0.000100
quickprop_mu=1.750000
rprop_increase_factor=1.200000
rprop_decrease_factor=0.500000
rprop_delta_min=0.000000
rprop_delta_max=50.000000
rprop_delta_zero=0.100000
cascade_output_stagnation_epochs=12
cascade_candidate_change_fraction=0.010000
cascade_candidate_stagnation_epochs=12
cascade_max_out_epochs=150
cascade_min_out_epochs=50
cascade_max_cand_epochs=150
cascade_min_cand_epochs=50
cascade_num_candidate_groups=2
bit_fail_limit=1.00000000000000005551e-01
cascade_candidate_limit=1.00000000000000000000e+03
cascade_weight_multiplier=4.00000000000000022204e-01
cascade_activation_functions_count=10
cascade_activation_functions=3 5 7 8 10 11 14 15 16 17 
cascade_activation_steepnesses_count=4
cascade_activation_steepnesses=2.50000000000000000000e-01 5.00000000000000000000e-01 7.50000000000000000000e-01 1.00000000000000000000e+00 
layer_sizes=12 4 2 
scale_included=0
neurons (num_inputs, activation_function, activation_steepness)=(0, 0, 0.00000000000000000000e+00) (0, 0, 0.00000000000000000000e+00) (0, 0, 0.00000000000000000000e+00) (0, 0, 0.00000000000000000000e+00) (0, 0, 0.00000000000000000000e+00) (0, 0, 0.00000000000000000000e+00) (0, 0, 0.00000000000000000000e+00) (0, 0, 0.00000000000000000000e+00) (0, 0, 0.00000000000000000000e+00) (0, 0, 0.00000000000000000000e+00) (0, 0, 0.00000000000000000000e+00) (0, 0, 0.00000000000000000000e+00) (12, 6, 5.00000000000000000000e-01) (12, 6, 5.00000000000000000000e-01) (12, 6, 5.00000000000000000000e-01) (0, 6, 0.00000000000000000000e+00) (4, 4, 5.00000000000000000000e-01) (0, 4, 0.00000000000000000000e+00) 
connections (connected_to_neuron, weight)=(0, -1.14323684966901351068e+00) (1, 2.29621382289534547994e+00) (2, 2.11325541278018347313e+00) (3, -2.65847750112404690448e-01) (4, -7.00906231169828863869e-01) (5, -3.78115756725590668186e-01) (6, 1.27875760192961829276e+00) (7, 7.47301155687198570554e-01) (8, -3.87042006766121826633e-01) (9, -3.86666944538872681125e-01) (10, 4.38349812125319149292e-01) (11, -6.27191119376280470377e-01) (0, -6.86918873854066136531e-01) (1, 2.32323035062803873174e+00) (2, 1.89948116712925857419e-01) (3, -4.26835402876792835425e-01) (4, -2.78977036506591780096e-01) (5, -6.31927257940615993981e-02) (6, 5.09187505607886059522e-01) (7, 3.28746857275322018621e-02) (8, -2.83079113438948593018e-01) (9, -8.71178104147757870201e-02) (10, 5.88779874963456413550e-03) (11, -7.28674810893918278865e-01) (0, 3.28959464618290509108e+00) (1, -3.60046061937870476299e+00) (2, -3.83239860600934090229e+00) (3, 1.46904814871343858407e+00) (4, 1.21352572122651225506e+00) (5, -3.94959497866123276921e+00) (6, -2.22997425698125351090e+00) (7, -8.97589572608315622304e-01) (8, -7.58947942147964793591e-01) (9, -3.97198257264583665105e+00) (10, -4.71531726615777024847e+00) (11, 4.12851828807827292422e+00) (12, 1.74985357231484361940e+00) (13, 1.53808053634568953072e+00) (14, -9.40272822923246920368e+00) (15, -1.58431714966644698883e+00) 
