FANN_FLO_2.1
num_layers=3
learning_rate=0.700000
connection_rate=1.000000
network_type=0
learning_momentum=0.000000
training_algorithm=2
train_error_function=1
train_stop_function=1
cascade_output_change_fraction=0.010000
quickprop_decay=-0.000100
quickprop_mu=1.750000
rprop_increase_factor=1.200000
rprop_decrease_factor=0.500000
rprop_delta_min=0.000000
rprop_delta_max=50.000000
rprop_delta_zero=0.100000
cascade_output_stagnation_epochs=12
cascade_candidate_change_fraction=0.010000
cascade_candidate_stagnation_epochs=12
cascade_max_out_epochs=150
cascade_min_out_epochs=50
cascade_max_cand_epochs=150
cascade_min_cand_epochs=50
cascade_num_candidate_groups=2
bit_fail_limit=1.00000000000000005551e-01
cascade_candidate_limit=1.00000000000000000000e+03
cascade_weight_multiplier=4.00000000000000022204e-01
cascade_activation_functions_count=10
cascade_activation_functions=3 5 7 8 10 11 14 15 16 17 
cascade_activation_steepnesses_count=4
cascade_activation_steepnesses=2.50000000000000000000e-01 5.00000000000000000000e-01 7.50000000000000000000e-01 1.00000000000000000000e+00 
layer_sizes=6 4 2 
scale_included=0
neurons (num_inputs, activation_function, activation_steepness)=(0, 0, 0.00000000000000000000e+00) (0, 0, 0.00000000000000000000e+00) (0, 0, 0.00000000000000000000e+00) (0, 0, 0.00000000000000000000e+00) (0, 0, 0.00000000000000000000e+00) (0, 0, 0.00000000000000000000e+00) (6, 6, 5.00000000000000000000e-01) (6, 6, 5.00000000000000000000e-01) (6, 6, 5.00000000000000000000e-01) (0, 6, 0.00000000000000000000e+00) (4, 4, 5.00000000000000000000e-01) (0, 4, 0.00000000000000000000e+00) 
connections (connected_to_neuron, weight)=(0, -5.14044664936393491672e+00) (1, 3.43840821092234572021e+00) (2, 2.13943439028530768553e+00) (3, 2.29822905551469736096e+00) (4, 4.99491105772642818295e+00) (5, -4.60995916415931006327e+00) (0, -5.79378461615564344100e+00) (1, 1.57122571569003688374e+00) (2, 5.04492536161814331130e-01) (3, 1.00537159541004283980e+00) (4, 1.85608676451262843976e+00) (5, -4.06560783155030414093e-01) (0, 2.13140759906295151893e+01) (1, 8.29299178764708377898e-01) (2, -5.89753558615566331191e-01) (3, 6.20984324397795717232e-01) (4, 2.02527997065597320514e-01) (5, 7.87228009768714453998e+00) (6, 9.94632588159948838324e+00) (7, 2.01543401580021441788e+00) (8, -9.43829045615897643806e-01) (9, -1.15753043051317772161e+00) 
