FANN_FLO_2.1
num_layers=3
learning_rate=0.700000
connection_rate=1.000000
network_type=0
learning_momentum=0.000000
training_algorithm=2
train_error_function=1
train_stop_function=1
cascade_output_change_fraction=0.010000
quickprop_decay=-0.000100
quickprop_mu=1.750000
rprop_increase_factor=1.200000
rprop_decrease_factor=0.500000
rprop_delta_min=0.000000
rprop_delta_max=50.000000
rprop_delta_zero=0.100000
cascade_output_stagnation_epochs=12
cascade_candidate_change_fraction=0.010000
cascade_candidate_stagnation_epochs=12
cascade_max_out_epochs=150
cascade_min_out_epochs=50
cascade_max_cand_epochs=150
cascade_min_cand_epochs=50
cascade_num_candidate_groups=2
bit_fail_limit=1.00000000000000005551e-01
cascade_candidate_limit=1.00000000000000000000e+03
cascade_weight_multiplier=4.00000000000000022204e-01
cascade_activation_functions_count=10
cascade_activation_functions=3 5 7 8 10 11 14 15 16 17 
cascade_activation_steepnesses_count=4
cascade_activation_steepnesses=2.50000000000000000000e-01 5.00000000000000000000e-01 7.50000000000000000000e-01 1.00000000000000000000e+00 
layer_sizes=9 4 2 
scale_included=0
neurons (num_inputs, activation_function, activation_steepness)=(0, 0, 0.00000000000000000000e+00) (0, 0, 0.00000000000000000000e+00) (0, 0, 0.00000000000000000000e+00) (0, 0, 0.00000000000000000000e+00) (0, 0, 0.00000000000000000000e+00) (0, 0, 0.00000000000000000000e+00) (0, 0, 0.00000000000000000000e+00) (0, 0, 0.00000000000000000000e+00) (0, 0, 0.00000000000000000000e+00) (9, 6, 5.00000000000000000000e-01) (9, 6, 5.00000000000000000000e-01) (9, 6, 5.00000000000000000000e-01) (0, 6, 0.00000000000000000000e+00) (4, 4, 5.00000000000000000000e-01) (0, 4, 0.00000000000000000000e+00) 
connections (connected_to_neuron, weight)=(0, 1.98186145358608545308e+00) (1, -3.20469600708628732377e+00) (2, 1.93656980821198754228e-01) (3, -4.50648516218740760597e-02) (4, 3.23459021373450672510e-01) (5, 9.22472840130509064149e-02) (6, 3.01765693421651090556e-02) (7, 3.10746288627664402071e-01) (8, 2.02534005799220340194e+00) (0, 1.69586611281796639794e+00) (1, 1.99651528791306009936e+00) (2, -5.02967503033903007292e+00) (3, 7.66784499354250248526e-02) (4, -4.41060303929777797194e-01) (5, -8.05424238200218489681e+00) (6, -1.59415711821991923358e+00) (7, -1.27490369536554259966e+00) (8, 8.27558663215767542631e-01) (0, 2.57530858409850900159e+01) (1, -1.62039406759187776252e+00) (2, -9.96355240119787843867e+00) (3, -4.40951795343839325625e+00) (4, -2.79412655342165194838e+00) (5, -1.50297472543934986788e+01) (6, -4.74502020872707497290e+00) (7, -3.28209748668821843509e+00) (8, 5.10198545345639153936e+00) (9, -6.40649781688522956813e+00) (10, -1.38375306729298253039e+00) (11, -2.93431609796982861837e+00) (12, -2.16086679945205739628e+00) 
