FANN_FLO_2.1
num_layers=3
learning_rate=0.700000
connection_rate=1.000000
network_type=0
learning_momentum=0.000000
training_algorithm=2
train_error_function=1
train_stop_function=1
cascade_output_change_fraction=0.010000
quickprop_decay=-0.000100
quickprop_mu=1.750000
rprop_increase_factor=1.200000
rprop_decrease_factor=0.500000
rprop_delta_min=0.000000
rprop_delta_max=50.000000
rprop_delta_zero=0.100000
cascade_output_stagnation_epochs=12
cascade_candidate_change_fraction=0.010000
cascade_candidate_stagnation_epochs=12
cascade_max_out_epochs=150
cascade_min_out_epochs=50
cascade_max_cand_epochs=150
cascade_min_cand_epochs=50
cascade_num_candidate_groups=2
bit_fail_limit=1.00000000000000005551e-01
cascade_candidate_limit=1.00000000000000000000e+03
cascade_weight_multiplier=4.00000000000000022204e-01
cascade_activation_functions_count=10
cascade_activation_functions=3 5 7 8 10 11 14 15 16 17 
cascade_activation_steepnesses_count=4
cascade_activation_steepnesses=2.50000000000000000000e-01 5.00000000000000000000e-01 7.50000000000000000000e-01 1.00000000000000000000e+00 
layer_sizes=9 4 2 
scale_included=0
neurons (num_inputs, activation_function, activation_steepness)=(0, 0, 0.00000000000000000000e+00) (0, 0, 0.00000000000000000000e+00) (0, 0, 0.00000000000000000000e+00) (0, 0, 0.00000000000000000000e+00) (0, 0, 0.00000000000000000000e+00) (0, 0, 0.00000000000000000000e+00) (0, 0, 0.00000000000000000000e+00) (0, 0, 0.00000000000000000000e+00) (0, 0, 0.00000000000000000000e+00) (9, 6, 5.00000000000000000000e-01) (9, 6, 5.00000000000000000000e-01) (9, 6, 5.00000000000000000000e-01) (0, 6, 0.00000000000000000000e+00) (4, 4, 5.00000000000000000000e-01) (0, 4, 0.00000000000000000000e+00) 
connections (connected_to_neuron, weight)=(0, 4.94144918306409053343e+00) (1, -1.60952291268242841937e+00) (2, -1.48058715028040732697e+00) (3, -1.62563581691313618904e+00) (4, 7.45997033973570755627e-01) (5, 7.28548541625376633313e-01) (6, 1.69873752429055469015e+00) (7, -7.73117811673985633192e-02) (8, 1.72752308084534900168e+00) (0, -3.62533385048232403847e+00) (1, 9.60932269202778521766e-01) (2, 1.35655526455810870878e+00) (3, 1.13814121698472492383e+00) (4, -3.10575537445860749841e-01) (5, -3.28373760047274476648e-01) (6, -1.83790194708202880847e+00) (7, 2.39195130603612443609e-01) (8, -7.68410335530225641065e-01) (0, -4.62235255368163766576e+00) (1, 2.21591672074412837645e+00) (2, 1.09498449244410878123e+00) (3, 9.83936931995657904082e-01) (4, -7.30133652138726385594e-01) (5, -6.53898618567006262303e-01) (6, -1.33354634952378359181e+00) (7, 2.40038442657773909428e-01) (8, -1.16895985391489332095e+00) (9, -1.30784834531161653359e+00) (10, 7.46663244098366352119e+00) (11, 7.45097297459782215157e+00) (12, -8.67026342975811936675e-01) 
