FANN_FLO_2.1
num_layers=3
learning_rate=0.700000
connection_rate=1.000000
network_type=0
learning_momentum=0.000000
training_algorithm=2
train_error_function=1
train_stop_function=1
cascade_output_change_fraction=0.010000
quickprop_decay=-0.000100
quickprop_mu=1.750000
rprop_increase_factor=1.200000
rprop_decrease_factor=0.500000
rprop_delta_min=0.000000
rprop_delta_max=50.000000
rprop_delta_zero=0.100000
cascade_output_stagnation_epochs=12
cascade_candidate_change_fraction=0.010000
cascade_candidate_stagnation_epochs=12
cascade_max_out_epochs=150
cascade_min_out_epochs=50
cascade_max_cand_epochs=150
cascade_min_cand_epochs=50
cascade_num_candidate_groups=2
bit_fail_limit=1.00000000000000005551e-01
cascade_candidate_limit=1.00000000000000000000e+03
cascade_weight_multiplier=4.00000000000000022204e-01
cascade_activation_functions_count=10
cascade_activation_functions=3 5 7 8 10 11 14 15 16 17 
cascade_activation_steepnesses_count=4
cascade_activation_steepnesses=2.50000000000000000000e-01 5.00000000000000000000e-01 7.50000000000000000000e-01 1.00000000000000000000e+00 
layer_sizes=12 4 2 
scale_included=0
neurons (num_inputs, activation_function, activation_steepness)=(0, 0, 0.00000000000000000000e+00) (0, 0, 0.00000000000000000000e+00) (0, 0, 0.00000000000000000000e+00) (0, 0, 0.00000000000000000000e+00) (0, 0, 0.00000000000000000000e+00) (0, 0, 0.00000000000000000000e+00) (0, 0, 0.00000000000000000000e+00) (0, 0, 0.00000000000000000000e+00) (0, 0, 0.00000000000000000000e+00) (0, 0, 0.00000000000000000000e+00) (0, 0, 0.00000000000000000000e+00) (0, 0, 0.00000000000000000000e+00) (12, 6, 5.00000000000000000000e-01) (12, 6, 5.00000000000000000000e-01) (12, 6, 5.00000000000000000000e-01) (0, 6, 0.00000000000000000000e+00) (4, 4, 5.00000000000000000000e-01) (0, 4, 0.00000000000000000000e+00) 
connections (connected_to_neuron, weight)=(0, -2.46180203300465638705e+00) (1, 6.34661482356336392741e+00) (2, 1.33066097530380705871e-01) (3, -5.01968789147242411275e-01) (4, -2.45730565976847703524e+00) (5, -9.34052259695225650660e-01) (6, -2.40580305200566346713e+00) (7, 4.32720645515842272655e-01) (8, -1.61559400370706329753e+00) (9, -2.47772249322880799838e+00) (10, -2.39347868901242311068e+00) (11, -2.50728700053443009921e+00) (0, 1.10988092626472550917e-01) (1, -9.62491547820687354253e-01) (2, -1.70433815011270778372e-01) (3, -1.47055517565081589337e-01) (4, 1.48274944950131260663e-02) (5, -1.62321407628447655913e-02) (6, -5.80868898104640041247e-02) (7, -1.84386740812547939017e-01) (8, -1.60355016272137634870e-01) (9, -2.04143581499778743737e-03) (10, 8.17672209669140642729e-02) (11, 3.10421617234548141706e-01) (0, -2.90375034137660692490e-01) (1, 2.12985546656182567204e+00) (2, -3.50323267494135059952e-01) (3, -3.62942613874368824600e-01) (4, -3.63853032513553331651e-01) (5, -3.19953451677257250108e-01) (6, -4.30039661749297807969e-01) (7, -3.64454351578645863174e-01) (8, -2.39535667215280634323e-01) (9, -4.26790932937556932725e-01) (10, -3.28872452302867601670e-01) (11, -4.11896644904309938706e-01) (12, 6.73214786560398170678e+00) (13, -4.72977342288915247881e-01) (14, 3.21816989619132609590e+00) (15, -2.42678962449252288991e+00) 
