FANN_FLO_2.1
num_layers=3
learning_rate=0.700000
connection_rate=1.000000
network_type=0
learning_momentum=0.000000
training_algorithm=2
train_error_function=1
train_stop_function=1
cascade_output_change_fraction=0.010000
quickprop_decay=-0.000100
quickprop_mu=1.750000
rprop_increase_factor=1.200000
rprop_decrease_factor=0.500000
rprop_delta_min=0.000000
rprop_delta_max=50.000000
rprop_delta_zero=0.100000
cascade_output_stagnation_epochs=12
cascade_candidate_change_fraction=0.010000
cascade_candidate_stagnation_epochs=12
cascade_max_out_epochs=150
cascade_min_out_epochs=50
cascade_max_cand_epochs=150
cascade_min_cand_epochs=50
cascade_num_candidate_groups=2
bit_fail_limit=1.00000000000000005551e-01
cascade_candidate_limit=1.00000000000000000000e+03
cascade_weight_multiplier=4.00000000000000022204e-01
cascade_activation_functions_count=10
cascade_activation_functions=3 5 7 8 10 11 14 15 16 17 
cascade_activation_steepnesses_count=4
cascade_activation_steepnesses=2.50000000000000000000e-01 5.00000000000000000000e-01 7.50000000000000000000e-01 1.00000000000000000000e+00 
layer_sizes=6 4 2 
scale_included=0
neurons (num_inputs, activation_function, activation_steepness)=(0, 0, 0.00000000000000000000e+00) (0, 0, 0.00000000000000000000e+00) (0, 0, 0.00000000000000000000e+00) (0, 0, 0.00000000000000000000e+00) (0, 0, 0.00000000000000000000e+00) (0, 0, 0.00000000000000000000e+00) (6, 6, 5.00000000000000000000e-01) (6, 6, 5.00000000000000000000e-01) (6, 6, 5.00000000000000000000e-01) (0, 6, 0.00000000000000000000e+00) (4, 4, 5.00000000000000000000e-01) (0, 4, 0.00000000000000000000e+00) 
connections (connected_to_neuron, weight)=(0, 2.26942953834672944691e-01) (1, -1.42769900317875242379e+00) (2, -1.49216232511404456318e+00) (3, -6.98495686116227365581e-01) (4, -1.15237773820390310142e+00) (5, 1.51828943367853663737e+00) (0, 6.36528464219968781457e-01) (1, 5.04154690108042125019e+00) (2, 2.71542487610211624727e+00) (3, 2.79827930197852259298e+00) (4, 2.60586962971999458460e+00) (5, -3.47692550978498227110e+00) (0, 2.46844631800790803577e-01) (1, -1.35158104057995220870e+00) (2, -1.39801313045624175935e+00) (3, -5.56235514643201089946e-01) (4, -1.20933417096366535581e+00) (5, 1.52522234793558619792e+00) (6, -2.56638362063117630996e+00) (7, 1.21736050007738345613e+01) (8, -1.03993701256641291053e+00) (9, -1.72832767134286946487e+00) 
