FANN_FLO_2.1
num_layers=3
learning_rate=0.700000
connection_rate=1.000000
network_type=0
learning_momentum=0.000000
training_algorithm=2
train_error_function=1
train_stop_function=1
cascade_output_change_fraction=0.010000
quickprop_decay=-0.000100
quickprop_mu=1.750000
rprop_increase_factor=1.200000
rprop_decrease_factor=0.500000
rprop_delta_min=0.000000
rprop_delta_max=50.000000
rprop_delta_zero=0.100000
cascade_output_stagnation_epochs=12
cascade_candidate_change_fraction=0.010000
cascade_candidate_stagnation_epochs=12
cascade_max_out_epochs=150
cascade_min_out_epochs=50
cascade_max_cand_epochs=150
cascade_min_cand_epochs=50
cascade_num_candidate_groups=2
bit_fail_limit=1.00000000000000005551e-01
cascade_candidate_limit=1.00000000000000000000e+03
cascade_weight_multiplier=4.00000000000000022204e-01
cascade_activation_functions_count=10
cascade_activation_functions=3 5 7 8 10 11 14 15 16 17 
cascade_activation_steepnesses_count=4
cascade_activation_steepnesses=2.50000000000000000000e-01 5.00000000000000000000e-01 7.50000000000000000000e-01 1.00000000000000000000e+00 
layer_sizes=9 4 2 
scale_included=0
neurons (num_inputs, activation_function, activation_steepness)=(0, 0, 0.00000000000000000000e+00) (0, 0, 0.00000000000000000000e+00) (0, 0, 0.00000000000000000000e+00) (0, 0, 0.00000000000000000000e+00) (0, 0, 0.00000000000000000000e+00) (0, 0, 0.00000000000000000000e+00) (0, 0, 0.00000000000000000000e+00) (0, 0, 0.00000000000000000000e+00) (0, 0, 0.00000000000000000000e+00) (9, 6, 5.00000000000000000000e-01) (9, 6, 5.00000000000000000000e-01) (9, 6, 5.00000000000000000000e-01) (0, 6, 0.00000000000000000000e+00) (4, 4, 5.00000000000000000000e-01) (0, 4, 0.00000000000000000000e+00) 
connections (connected_to_neuron, weight)=(0, -4.79982728802854696770e-01) (1, 6.73444695171464657868e-01) (2, 8.50061942257978375714e-01) (3, 8.14301591880716602034e-01) (4, 1.15763393964748328990e+00) (5, 1.17445708986501640148e+00) (6, 1.18787173356990760631e+00) (7, 6.40554276997384763881e-01) (8, -1.51421753337325853961e-01) (0, -1.29411253265981573968e+00) (1, 1.20042985769663657081e+00) (2, 9.50023941721119591364e-01) (3, 3.89425668270773828183e+00) (4, 2.02090534035532815027e-01) (5, 2.13140788142054421472e-01) (6, 2.14956033412113702019e-03) (7, -1.28624380721218539714e-01) (8, -4.44604484313393888417e-01) (0, 2.21856681684160399470e+01) (1, -9.04281675466442003142e+00) (2, -6.49141021556766517620e+00) (3, -5.71633108612448381791e+00) (4, -2.61626986887533696802e+00) (5, -2.65116830643494161279e+00) (6, -2.47892603006441625269e+00) (7, 5.26362330181581961064e-01) (8, 1.06084508789043052701e+01) (9, 1.11770019855480140514e+00) (10, 1.38950262588018902399e+00) (11, -3.86641058081152699799e+00) (12, -2.17915263771293954420e+00) 
