FANN_FLO_2.1
num_layers=3
learning_rate=0.700000
connection_rate=1.000000
network_type=0
learning_momentum=0.000000
training_algorithm=2
train_error_function=1
train_stop_function=1
cascade_output_change_fraction=0.010000
quickprop_decay=-0.000100
quickprop_mu=1.750000
rprop_increase_factor=1.200000
rprop_decrease_factor=0.500000
rprop_delta_min=0.000000
rprop_delta_max=50.000000
rprop_delta_zero=0.100000
cascade_output_stagnation_epochs=12
cascade_candidate_change_fraction=0.010000
cascade_candidate_stagnation_epochs=12
cascade_max_out_epochs=150
cascade_min_out_epochs=50
cascade_max_cand_epochs=150
cascade_min_cand_epochs=50
cascade_num_candidate_groups=2
bit_fail_limit=1.00000000000000005551e-01
cascade_candidate_limit=1.00000000000000000000e+03
cascade_weight_multiplier=4.00000000000000022204e-01
cascade_activation_functions_count=10
cascade_activation_functions=3 5 7 8 10 11 14 15 16 17 
cascade_activation_steepnesses_count=4
cascade_activation_steepnesses=2.50000000000000000000e-01 5.00000000000000000000e-01 7.50000000000000000000e-01 1.00000000000000000000e+00 
layer_sizes=8 4 2 
scale_included=0
neurons (num_inputs, activation_function, activation_steepness)=(0, 0, 0.00000000000000000000e+00) (0, 0, 0.00000000000000000000e+00) (0, 0, 0.00000000000000000000e+00) (0, 0, 0.00000000000000000000e+00) (0, 0, 0.00000000000000000000e+00) (0, 0, 0.00000000000000000000e+00) (0, 0, 0.00000000000000000000e+00) (0, 0, 0.00000000000000000000e+00) (8, 6, 5.00000000000000000000e-01) (8, 6, 5.00000000000000000000e-01) (8, 6, 5.00000000000000000000e-01) (0, 6, 0.00000000000000000000e+00) (4, 4, 5.00000000000000000000e-01) (0, 4, 0.00000000000000000000e+00) 
connections (connected_to_neuron, weight)=(0, -1.82729440521369190797e+00) (1, 2.09753595776266221762e+00) (2, 5.55943709466573121603e-01) (3, 2.62135508308559472823e+00) (4, 1.71892034774289093058e+00) (5, -4.23277868757413244793e-01) (6, -4.91834304163621283124e-01) (7, -1.31270802179205348104e+00) (0, -6.02910579583016553729e-02) (1, 3.33899888245284659494e-01) (2, 9.90828908744313952006e-01) (3, 5.89169099669331952640e-01) (4, 2.29453401863441541764e+00) (5, 1.66861520190085710347e-01) (6, 2.90519679842702771566e-01) (7, -3.90096079225386513367e-02) (0, -1.16745567454990498146e-01) (1, 3.81388283369958502877e-01) (2, 8.70160560785955605745e-01) (3, 6.66962057094449445316e-01) (4, 2.17210230454669073197e+00) (5, 1.41118564113547860506e-03) (6, 1.49997669218294049642e-01) (7, 5.63316452995405846788e-04) (8, 5.66639449111635613576e+01) (9, 4.19994706474120182982e-01) (10, 3.81355049274737345488e-01) (11, -1.28451885441172075630e+00) 
