FANN_FLO_2.1
num_layers=3
learning_rate=0.700000
connection_rate=1.000000
network_type=0
learning_momentum=0.000000
training_algorithm=2
train_error_function=1
train_stop_function=1
cascade_output_change_fraction=0.010000
quickprop_decay=-0.000100
quickprop_mu=1.750000
rprop_increase_factor=1.200000
rprop_decrease_factor=0.500000
rprop_delta_min=0.000000
rprop_delta_max=50.000000
rprop_delta_zero=0.100000
cascade_output_stagnation_epochs=12
cascade_candidate_change_fraction=0.010000
cascade_candidate_stagnation_epochs=12
cascade_max_out_epochs=150
cascade_min_out_epochs=50
cascade_max_cand_epochs=150
cascade_min_cand_epochs=50
cascade_num_candidate_groups=2
bit_fail_limit=1.00000000000000005551e-01
cascade_candidate_limit=1.00000000000000000000e+03
cascade_weight_multiplier=4.00000000000000022204e-01
cascade_activation_functions_count=10
cascade_activation_functions=3 5 7 8 10 11 14 15 16 17 
cascade_activation_steepnesses_count=4
cascade_activation_steepnesses=2.50000000000000000000e-01 5.00000000000000000000e-01 7.50000000000000000000e-01 1.00000000000000000000e+00 
layer_sizes=12 4 2 
scale_included=0
neurons (num_inputs, activation_function, activation_steepness)=(0, 0, 0.00000000000000000000e+00) (0, 0, 0.00000000000000000000e+00) (0, 0, 0.00000000000000000000e+00) (0, 0, 0.00000000000000000000e+00) (0, 0, 0.00000000000000000000e+00) (0, 0, 0.00000000000000000000e+00) (0, 0, 0.00000000000000000000e+00) (0, 0, 0.00000000000000000000e+00) (0, 0, 0.00000000000000000000e+00) (0, 0, 0.00000000000000000000e+00) (0, 0, 0.00000000000000000000e+00) (0, 0, 0.00000000000000000000e+00) (12, 6, 5.00000000000000000000e-01) (12, 6, 5.00000000000000000000e-01) (12, 6, 5.00000000000000000000e-01) (0, 6, 0.00000000000000000000e+00) (4, 4, 5.00000000000000000000e-01) (0, 4, 0.00000000000000000000e+00) 
connections (connected_to_neuron, weight)=(0, 2.09463370702332105089e-02) (1, 1.20787888105894247737e+00) (2, 4.49886445381276423028e-01) (3, 2.94362318078181306458e-01) (4, -3.19465786833845577508e-01) (5, -3.46210404613826183695e-01) (6, 2.98014034086074675045e+00) (7, -4.65958349800575932775e-01) (8, 6.16381312875514453253e-01) (9, -1.63135391439937893487e+00) (10, 1.22703698368875638303e-01) (11, -7.14749854040594156945e-02) (0, -9.94643604174558437769e-01) (1, 2.27446378844639252037e+00) (2, 2.59834471180998338724e+00) (3, -5.53042335558093234305e-01) (4, -1.57248520305389649643e+00) (5, -1.58796245804065949692e+00) (6, 1.21922477131269113571e+00) (7, -9.95200130545744632293e-01) (8, 3.04823944102915644905e+00) (9, -1.49843689329007090372e+00) (10, -1.03137470798006103401e+00) (11, -1.72502755752428327263e+00) (0, 1.14864581250591490935e+00) (1, -1.72509553267617965489e+00) (2, -3.08446438726009031228e+00) (3, 3.65385020322513853763e-01) (4, 1.21056289778473624708e+00) (5, 1.64982502268180231120e+00) (6, -2.11874204887978478951e+00) (7, 2.24706062219755509091e+00) (8, -2.95488378397617257320e+00) (9, 2.07909681420699232746e+00) (10, 6.21620819572151983579e-01) (11, 1.97346584624723719870e+00) (12, 1.83232257180456686863e-01) (13, 6.54954614795294975949e+00) (14, -1.87360660723464285127e+01) (15, -1.36286759917182531687e+00) 
