FANN_FLO_2.1
num_layers=3
learning_rate=0.700000
connection_rate=1.000000
network_type=0
learning_momentum=0.000000
training_algorithm=2
train_error_function=1
train_stop_function=1
cascade_output_change_fraction=0.010000
quickprop_decay=-0.000100
quickprop_mu=1.750000
rprop_increase_factor=1.200000
rprop_decrease_factor=0.500000
rprop_delta_min=0.000000
rprop_delta_max=50.000000
rprop_delta_zero=0.100000
cascade_output_stagnation_epochs=12
cascade_candidate_change_fraction=0.010000
cascade_candidate_stagnation_epochs=12
cascade_max_out_epochs=150
cascade_min_out_epochs=50
cascade_max_cand_epochs=150
cascade_min_cand_epochs=50
cascade_num_candidate_groups=2
bit_fail_limit=1.00000000000000005551e-01
cascade_candidate_limit=1.00000000000000000000e+03
cascade_weight_multiplier=4.00000000000000022204e-01
cascade_activation_functions_count=10
cascade_activation_functions=3 5 7 8 10 11 14 15 16 17 
cascade_activation_steepnesses_count=4
cascade_activation_steepnesses=2.50000000000000000000e-01 5.00000000000000000000e-01 7.50000000000000000000e-01 1.00000000000000000000e+00 
layer_sizes=15 4 2 
scale_included=0
neurons (num_inputs, activation_function, activation_steepness)=(0, 0, 0.00000000000000000000e+00) (0, 0, 0.00000000000000000000e+00) (0, 0, 0.00000000000000000000e+00) (0, 0, 0.00000000000000000000e+00) (0, 0, 0.00000000000000000000e+00) (0, 0, 0.00000000000000000000e+00) (0, 0, 0.00000000000000000000e+00) (0, 0, 0.00000000000000000000e+00) (0, 0, 0.00000000000000000000e+00) (0, 0, 0.00000000000000000000e+00) (0, 0, 0.00000000000000000000e+00) (0, 0, 0.00000000000000000000e+00) (0, 0, 0.00000000000000000000e+00) (0, 0, 0.00000000000000000000e+00) (0, 0, 0.00000000000000000000e+00) (15, 6, 5.00000000000000000000e-01) (15, 6, 5.00000000000000000000e-01) (15, 6, 5.00000000000000000000e-01) (0, 6, 0.00000000000000000000e+00) (4, 4, 5.00000000000000000000e-01) (0, 4, 0.00000000000000000000e+00) 
connections (connected_to_neuron, weight)=(0, -5.08087372703219397607e+00) (1, 1.05742788932487936648e+01) (2, -2.92445145783179372145e-01) (3, 1.59282323640907685913e+00) (4, -5.79316628514347509160e-01) (5, 7.26556649590014563822e-02) (6, 4.70108112478732215189e-02) (7, 1.05496675393745871219e+01) (8, -6.28577383713037840529e-01) (9, 3.94385552192210303568e-02) (10, 7.78988471413134681010e-02) (11, -1.34697518636580060303e+00) (12, 1.04497701025769682559e+01) (13, 2.88171266175524642961e+00) (14, -1.00545614213384659763e+00) (0, -5.86414052464145241217e-01) (1, 1.83367130462677652147e+00) (2, 9.39601628880577521841e-02) (3, 6.77826055725646581251e-01) (4, -3.27353472484375296325e-01) (5, 3.06004568387636066706e-01) (6, 4.07589525039359634739e-01) (7, 1.74339691851885492113e+00) (8, 3.18383180582216707144e-01) (9, 4.60005909259482925755e-01) (10, 3.49971331109174665919e-01) (11, 4.23200843157683137541e-01) (12, 1.80682401661427194384e+00) (13, 8.03878894329990933976e-01) (14, -7.13503349918995999346e-01) (0, -7.86439016081469710606e-01) (1, 1.82294584542067150679e+00) (2, 2.16616256676203988718e-01) (3, 6.32686728073964643748e-01) (4, 7.32577360919429987351e-03) (5, 7.48264239725255353441e-01) (6, 1.35661280339455569965e+00) (7, 1.85441804408581356611e+00) (8, 1.91604281859472841409e-01) (9, 1.38986410384869540913e+00) (10, 5.55622594055318330675e-01) (11, -8.78201373691229747465e-02) (12, 1.80658270522506336775e+00) (13, 8.19780636710847776527e-01) (14, 6.95926351228735445842e-02) (15, 7.79469383056779996366e+00) (16, 1.68147012010962981776e+00) (17, 2.36349462736101578741e+00) (18, -1.52329129318772493740e+00) 
