FANN_FLO_2.1
num_layers=3
learning_rate=0.700000
connection_rate=1.000000
network_type=0
learning_momentum=0.000000
training_algorithm=2
train_error_function=1
train_stop_function=1
cascade_output_change_fraction=0.010000
quickprop_decay=-0.000100
quickprop_mu=1.750000
rprop_increase_factor=1.200000
rprop_decrease_factor=0.500000
rprop_delta_min=0.000000
rprop_delta_max=50.000000
rprop_delta_zero=0.100000
cascade_output_stagnation_epochs=12
cascade_candidate_change_fraction=0.010000
cascade_candidate_stagnation_epochs=12
cascade_max_out_epochs=150
cascade_min_out_epochs=50
cascade_max_cand_epochs=150
cascade_min_cand_epochs=50
cascade_num_candidate_groups=2
bit_fail_limit=1.00000000000000005551e-01
cascade_candidate_limit=1.00000000000000000000e+03
cascade_weight_multiplier=4.00000000000000022204e-01
cascade_activation_functions_count=10
cascade_activation_functions=3 5 7 8 10 11 14 15 16 17 
cascade_activation_steepnesses_count=4
cascade_activation_steepnesses=2.50000000000000000000e-01 5.00000000000000000000e-01 7.50000000000000000000e-01 1.00000000000000000000e+00 
layer_sizes=8 4 2 
scale_included=0
neurons (num_inputs, activation_function, activation_steepness)=(0, 0, 0.00000000000000000000e+00) (0, 0, 0.00000000000000000000e+00) (0, 0, 0.00000000000000000000e+00) (0, 0, 0.00000000000000000000e+00) (0, 0, 0.00000000000000000000e+00) (0, 0, 0.00000000000000000000e+00) (0, 0, 0.00000000000000000000e+00) (0, 0, 0.00000000000000000000e+00) (8, 6, 5.00000000000000000000e-01) (8, 6, 5.00000000000000000000e-01) (8, 6, 5.00000000000000000000e-01) (0, 6, 0.00000000000000000000e+00) (4, 4, 5.00000000000000000000e-01) (0, 4, 0.00000000000000000000e+00) 
connections (connected_to_neuron, weight)=(0, 8.97077620037989742485e-01) (1, -1.37080090378448637978e+00) (2, -1.37635472353476884244e+00) (3, 9.04951613404946453301e-01) (4, 5.91814941209741984807e-01) (5, 6.31706698280760203801e-01) (6, 9.94187754444880944504e-01) (7, 1.00191304833550942632e+00) (0, -2.00787638696270698269e-01) (1, 1.08951753229737446915e+00) (2, 7.95120913590050659714e-01) (3, -1.81991462560151029404e-01) (4, -3.63186544721385215495e-02) (5, -1.39011389558574074976e-02) (6, 8.69142710884421715312e-02) (7, -4.87435775338833435222e-02) (0, 1.02589891106744279803e+00) (1, -1.40137517710253867165e+00) (2, -1.41575001116771104215e+00) (3, 1.00428905338902962896e+00) (4, 6.56063108188101207219e-01) (5, 6.50409548026510631047e-01) (6, 8.97540231101317864670e-01) (7, 1.01630546898503792974e+00) (8, -9.69739625359964563245e+00) (9, 8.74599317618609761738e-01) (10, -2.24093651735194647756e+01) (11, -3.65402428416023161706e-01) 
