FANN_FLO_2.1
num_layers=3
learning_rate=0.700000
connection_rate=1.000000
network_type=0
learning_momentum=0.000000
training_algorithm=2
train_error_function=1
train_stop_function=1
cascade_output_change_fraction=0.010000
quickprop_decay=-0.000100
quickprop_mu=1.750000
rprop_increase_factor=1.200000
rprop_decrease_factor=0.500000
rprop_delta_min=0.000000
rprop_delta_max=50.000000
rprop_delta_zero=0.100000
cascade_output_stagnation_epochs=12
cascade_candidate_change_fraction=0.010000
cascade_candidate_stagnation_epochs=12
cascade_max_out_epochs=150
cascade_min_out_epochs=50
cascade_max_cand_epochs=150
cascade_min_cand_epochs=50
cascade_num_candidate_groups=2
bit_fail_limit=1.00000000000000005551e-01
cascade_candidate_limit=1.00000000000000000000e+03
cascade_weight_multiplier=4.00000000000000022204e-01
cascade_activation_functions_count=10
cascade_activation_functions=3 5 7 8 10 11 14 15 16 17 
cascade_activation_steepnesses_count=4
cascade_activation_steepnesses=2.50000000000000000000e-01 5.00000000000000000000e-01 7.50000000000000000000e-01 1.00000000000000000000e+00 
layer_sizes=8 4 2 
scale_included=0
neurons (num_inputs, activation_function, activation_steepness)=(0, 0, 0.00000000000000000000e+00) (0, 0, 0.00000000000000000000e+00) (0, 0, 0.00000000000000000000e+00) (0, 0, 0.00000000000000000000e+00) (0, 0, 0.00000000000000000000e+00) (0, 0, 0.00000000000000000000e+00) (0, 0, 0.00000000000000000000e+00) (0, 0, 0.00000000000000000000e+00) (8, 6, 5.00000000000000000000e-01) (8, 6, 5.00000000000000000000e-01) (8, 6, 5.00000000000000000000e-01) (0, 6, 0.00000000000000000000e+00) (4, 4, 5.00000000000000000000e-01) (0, 4, 0.00000000000000000000e+00) 
connections (connected_to_neuron, weight)=(0, -3.32898375564978188379e+00) (1, 2.59148412069616274067e+00) (2, 1.88193602883746824439e+00) (3, 2.55290998823114234639e+00) (4, 1.69729845508059029591e+00) (5, -4.67932862840503394075e-01) (6, -7.83894635678148099522e-01) (7, -1.44486527745721038407e+00) (0, -8.10278082528610443802e-01) (1, 5.54815848842046821510e-01) (2, 5.12807469458291809161e-01) (3, 6.95664743458689338595e-01) (4, 2.22566866123398510169e+00) (5, 1.25039139507918090066e-01) (6, 6.23081388865976207314e-02) (7, -1.46447635065356351891e-01) (0, -2.67920138010070196799e+00) (1, 1.29553377459254925874e+00) (2, 7.88884131367792895695e-01) (3, 1.71876002036178232579e+00) (4, 1.12032430856861098256e+00) (5, 2.32804041670754136018e-02) (6, -2.31545678140555211133e-01) (7, -6.75203113852270164763e-01) (8, 2.77671344356246940777e+01) (9, 2.24676476412733761023e+00) (10, 2.31476668515740113818e+00) (11, -2.20197380659761998700e+00) 
