FANN_FLO_2.1
num_layers=3
learning_rate=0.700000
connection_rate=1.000000
network_type=0
learning_momentum=0.000000
training_algorithm=2
train_error_function=1
train_stop_function=1
cascade_output_change_fraction=0.010000
quickprop_decay=-0.000100
quickprop_mu=1.750000
rprop_increase_factor=1.200000
rprop_decrease_factor=0.500000
rprop_delta_min=0.000000
rprop_delta_max=50.000000
rprop_delta_zero=0.100000
cascade_output_stagnation_epochs=12
cascade_candidate_change_fraction=0.010000
cascade_candidate_stagnation_epochs=12
cascade_max_out_epochs=150
cascade_min_out_epochs=50
cascade_max_cand_epochs=150
cascade_min_cand_epochs=50
cascade_num_candidate_groups=2
bit_fail_limit=1.00000000000000005551e-01
cascade_candidate_limit=1.00000000000000000000e+03
cascade_weight_multiplier=4.00000000000000022204e-01
cascade_activation_functions_count=10
cascade_activation_functions=3 5 7 8 10 11 14 15 16 17 
cascade_activation_steepnesses_count=4
cascade_activation_steepnesses=2.50000000000000000000e-01 5.00000000000000000000e-01 7.50000000000000000000e-01 1.00000000000000000000e+00 
layer_sizes=8 4 2 
scale_included=0
neurons (num_inputs, activation_function, activation_steepness)=(0, 0, 0.00000000000000000000e+00) (0, 0, 0.00000000000000000000e+00) (0, 0, 0.00000000000000000000e+00) (0, 0, 0.00000000000000000000e+00) (0, 0, 0.00000000000000000000e+00) (0, 0, 0.00000000000000000000e+00) (0, 0, 0.00000000000000000000e+00) (0, 0, 0.00000000000000000000e+00) (8, 6, 5.00000000000000000000e-01) (8, 6, 5.00000000000000000000e-01) (8, 6, 5.00000000000000000000e-01) (0, 6, 0.00000000000000000000e+00) (4, 4, 5.00000000000000000000e-01) (0, 4, 0.00000000000000000000e+00) 
connections (connected_to_neuron, weight)=(0, 1.39533790709912786099e+00) (1, -4.81930293359482231352e+00) (2, 6.67650427886460617888e-02) (3, 5.39748183872367781611e-01) (4, 4.06819566573764723749e-01) (5, 9.13978205077324412642e-01) (6, 1.42318124833047399136e+00) (7, 9.19361875407372020064e-01) (0, -1.01530070810116029856e-01) (1, 3.46274526054658415841e-01) (2, -6.78754318104373699505e-02) (3, 1.65337673549625918668e-02) (4, -1.98383168156173114727e-02) (5, 1.86977911616748371237e-01) (6, 1.05146139512869551957e-01) (7, 2.96526927377170124167e-01) (0, -9.47348871528489566707e-01) (1, 1.98537986146690492717e+00) (2, 8.28932971014436636992e-02) (3, -1.73391622171219061954e-01) (4, -8.41052165780622473790e-02) (5, -1.75222427264269065006e-01) (6, -5.20101561754214514188e-01) (7, -2.35200492476044964452e-01) (8, -4.77631822445118370268e+00) (9, 1.96176368619388141745e-01) (10, 1.88651177095653643789e+00) (11, -7.38786622405490422949e-01) 
