FANN_FLO_2.1
num_layers=3
learning_rate=0.700000
connection_rate=1.000000
network_type=0
learning_momentum=0.000000
training_algorithm=2
train_error_function=1
train_stop_function=1
cascade_output_change_fraction=0.010000
quickprop_decay=-0.000100
quickprop_mu=1.750000
rprop_increase_factor=1.200000
rprop_decrease_factor=0.500000
rprop_delta_min=0.000000
rprop_delta_max=50.000000
rprop_delta_zero=0.100000
cascade_output_stagnation_epochs=12
cascade_candidate_change_fraction=0.010000
cascade_candidate_stagnation_epochs=12
cascade_max_out_epochs=150
cascade_min_out_epochs=50
cascade_max_cand_epochs=150
cascade_min_cand_epochs=50
cascade_num_candidate_groups=2
bit_fail_limit=1.00000000000000005551e-01
cascade_candidate_limit=1.00000000000000000000e+03
cascade_weight_multiplier=4.00000000000000022204e-01
cascade_activation_functions_count=10
cascade_activation_functions=3 5 7 8 10 11 14 15 16 17 
cascade_activation_steepnesses_count=4
cascade_activation_steepnesses=2.50000000000000000000e-01 5.00000000000000000000e-01 7.50000000000000000000e-01 1.00000000000000000000e+00 
layer_sizes=7 4 2 
scale_included=0
neurons (num_inputs, activation_function, activation_steepness)=(0, 0, 0.00000000000000000000e+00) (0, 0, 0.00000000000000000000e+00) (0, 0, 0.00000000000000000000e+00) (0, 0, 0.00000000000000000000e+00) (0, 0, 0.00000000000000000000e+00) (0, 0, 0.00000000000000000000e+00) (0, 0, 0.00000000000000000000e+00) (7, 6, 5.00000000000000000000e-01) (7, 6, 5.00000000000000000000e-01) (7, 6, 5.00000000000000000000e-01) (0, 6, 0.00000000000000000000e+00) (4, 4, 5.00000000000000000000e-01) (0, 4, 0.00000000000000000000e+00) 
connections (connected_to_neuron, weight)=(0, -5.59178301404017918941e+00) (1, 1.82771960262269295150e+00) (2, 2.05773111811166931062e+00) (3, -2.26271402757796363803e-01) (4, -1.05440089714337048576e+00) (5, -1.08024377238560376213e+00) (6, -1.04613279041457829521e+00) (0, -5.85460563988789872703e-01) (1, 1.08814551311356511043e+00) (2, 1.26784348140489044887e+00) (3, -2.15475123872590546004e-01) (4, -1.93979599001881247711e-01) (5, -3.18480197761139227630e-01) (6, -5.79263953359231309470e-01) (0, -1.02255811032663374016e-01) (1, 1.16084902938283190954e-01) (2, 3.63643387164260811772e-01) (3, 5.86170923527240678164e-02) (4, 8.41391099609180709296e-02) (5, 8.15734086569708249925e-02) (6, -2.08055761691938456703e-01) (7, 8.80437796987714804686e+00) (8, 9.02029369200591979450e+00) (9, 2.90955903551734884616e+00) (10, -1.84473565354558788343e+00) 
