FANN_FLO_2.1
num_layers=3
learning_rate=0.700000
connection_rate=1.000000
network_type=0
learning_momentum=0.000000
training_algorithm=2
train_error_function=1
train_stop_function=1
cascade_output_change_fraction=0.010000
quickprop_decay=-0.000100
quickprop_mu=1.750000
rprop_increase_factor=1.200000
rprop_decrease_factor=0.500000
rprop_delta_min=0.000000
rprop_delta_max=50.000000
rprop_delta_zero=0.100000
cascade_output_stagnation_epochs=12
cascade_candidate_change_fraction=0.010000
cascade_candidate_stagnation_epochs=12
cascade_max_out_epochs=150
cascade_min_out_epochs=50
cascade_max_cand_epochs=150
cascade_min_cand_epochs=50
cascade_num_candidate_groups=2
bit_fail_limit=1.00000000000000005551e-01
cascade_candidate_limit=1.00000000000000000000e+03
cascade_weight_multiplier=4.00000000000000022204e-01
cascade_activation_functions_count=10
cascade_activation_functions=3 5 7 8 10 11 14 15 16 17 
cascade_activation_steepnesses_count=4
cascade_activation_steepnesses=2.50000000000000000000e-01 5.00000000000000000000e-01 7.50000000000000000000e-01 1.00000000000000000000e+00 
layer_sizes=11 4 2 
scale_included=0
neurons (num_inputs, activation_function, activation_steepness)=(0, 0, 0.00000000000000000000e+00) (0, 0, 0.00000000000000000000e+00) (0, 0, 0.00000000000000000000e+00) (0, 0, 0.00000000000000000000e+00) (0, 0, 0.00000000000000000000e+00) (0, 0, 0.00000000000000000000e+00) (0, 0, 0.00000000000000000000e+00) (0, 0, 0.00000000000000000000e+00) (0, 0, 0.00000000000000000000e+00) (0, 0, 0.00000000000000000000e+00) (0, 0, 0.00000000000000000000e+00) (11, 6, 5.00000000000000000000e-01) (11, 6, 5.00000000000000000000e-01) (11, 6, 5.00000000000000000000e-01) (0, 6, 0.00000000000000000000e+00) (4, 4, 5.00000000000000000000e-01) (0, 4, 0.00000000000000000000e+00) 
connections (connected_to_neuron, weight)=(0, -1.04810954078852458515e+00) (1, 2.37127197603263262238e+00) (2, 1.77726142445477464094e+00) (3, 1.05820768987430247066e+00) (4, -7.91683251958307576679e-01) (5, 1.95918046823908964527e+00) (6, -9.18081735762093065212e-01) (7, 3.44614656044598954843e-01) (8, 4.16124844326135057138e-01) (9, -9.20695876272652147243e-01) (10, -2.52276770954639095734e+00) (0, -9.48852630404823482735e-01) (1, 1.34180006164803877766e+00) (2, 1.75802389033092509862e+00) (3, 7.21782106394297851004e-01) (4, -9.69124647777494740986e-01) (5, 1.46559152867214770311e+00) (6, -8.85888842435810452969e-01) (7, -6.91589418195253380350e-02) (8, 2.87283473981973069833e-01) (9, -1.07781714970845254875e+00) (10, -1.11037522804822419431e+00) (0, -5.71129263226075045701e-01) (1, 2.06270669605388112799e+00) (2, 7.08001970249341083807e-01) (3, 2.97143626984950115499e-01) (4, -4.81941157079078363878e-01) (5, 6.42271617125096727641e-01) (6, -1.22721604410917062289e+00) (7, -1.30111856644317042120e-01) (8, -3.26771611415840712578e-01) (9, -1.10753852930448593028e+00) (10, -5.05638499591631762620e-01) (11, 1.77177598678370813445e+01) (12, 5.22219528772583441167e+00) (13, 7.06631199902409634639e-01) (14, -1.99683908693098066678e+00) 
