FANN_FLO_2.1
num_layers=3
learning_rate=0.700000
connection_rate=1.000000
network_type=0
learning_momentum=0.000000
training_algorithm=2
train_error_function=1
train_stop_function=1
cascade_output_change_fraction=0.010000
quickprop_decay=-0.000100
quickprop_mu=1.750000
rprop_increase_factor=1.200000
rprop_decrease_factor=0.500000
rprop_delta_min=0.000000
rprop_delta_max=50.000000
rprop_delta_zero=0.100000
cascade_output_stagnation_epochs=12
cascade_candidate_change_fraction=0.010000
cascade_candidate_stagnation_epochs=12
cascade_max_out_epochs=150
cascade_min_out_epochs=50
cascade_max_cand_epochs=150
cascade_min_cand_epochs=50
cascade_num_candidate_groups=2
bit_fail_limit=1.00000000000000005551e-01
cascade_candidate_limit=1.00000000000000000000e+03
cascade_weight_multiplier=4.00000000000000022204e-01
cascade_activation_functions_count=10
cascade_activation_functions=3 5 7 8 10 11 14 15 16 17 
cascade_activation_steepnesses_count=4
cascade_activation_steepnesses=2.50000000000000000000e-01 5.00000000000000000000e-01 7.50000000000000000000e-01 1.00000000000000000000e+00 
layer_sizes=9 4 2 
scale_included=0
neurons (num_inputs, activation_function, activation_steepness)=(0, 0, 0.00000000000000000000e+00) (0, 0, 0.00000000000000000000e+00) (0, 0, 0.00000000000000000000e+00) (0, 0, 0.00000000000000000000e+00) (0, 0, 0.00000000000000000000e+00) (0, 0, 0.00000000000000000000e+00) (0, 0, 0.00000000000000000000e+00) (0, 0, 0.00000000000000000000e+00) (0, 0, 0.00000000000000000000e+00) (9, 6, 5.00000000000000000000e-01) (9, 6, 5.00000000000000000000e-01) (9, 6, 5.00000000000000000000e-01) (0, 6, 0.00000000000000000000e+00) (4, 4, 5.00000000000000000000e-01) (0, 4, 0.00000000000000000000e+00) 
connections (connected_to_neuron, weight)=(0, 1.24625131992682511850e+01) (1, -4.08003064328232500912e+00) (2, -4.29824867756122586115e+00) (3, -9.97132440656132851275e-02) (4, -6.02667516432069927390e+00) (5, 3.39541709309078365564e+00) (6, -1.79945324858024702230e+00) (7, -6.12017888537906795676e+00) (8, 5.35166592151164621782e+00) (0, -8.16857096675104088490e+00) (1, 2.07313737202570358420e+00) (2, 2.89158564590035083164e-01) (3, 4.47080835774745569133e-02) (4, 3.09636334568262139300e+00) (5, -1.63488303942822432724e-01) (6, 4.04293083303048306210e-01) (7, 1.86824232478782392697e+00) (8, -1.25723358159237991183e-01) (0, -8.12081082412904642354e+00) (1, 1.49842706760543853406e+00) (2, 1.31279189427319353811e+00) (3, 4.70504337079019271939e-02) (4, 1.77610088372632390907e+00) (5, -9.55265553985529258796e-01) (6, 1.88826410964366836476e-01) (7, 1.76968663418694860390e+00) (8, -4.19059506281296567654e-01) (9, -1.66345149278460162634e+01) (10, 1.86914011344691566308e+00) (11, 2.70009665801195675172e+00) (12, -1.70398221493739798760e+00) 
