FANN_FLO_2.1
num_layers=3
learning_rate=0.700000
connection_rate=1.000000
network_type=0
learning_momentum=0.000000
training_algorithm=2
train_error_function=1
train_stop_function=1
cascade_output_change_fraction=0.010000
quickprop_decay=-0.000100
quickprop_mu=1.750000
rprop_increase_factor=1.200000
rprop_decrease_factor=0.500000
rprop_delta_min=0.000000
rprop_delta_max=50.000000
rprop_delta_zero=0.100000
cascade_output_stagnation_epochs=12
cascade_candidate_change_fraction=0.010000
cascade_candidate_stagnation_epochs=12
cascade_max_out_epochs=150
cascade_min_out_epochs=50
cascade_max_cand_epochs=150
cascade_min_cand_epochs=50
cascade_num_candidate_groups=2
bit_fail_limit=1.00000000000000005551e-01
cascade_candidate_limit=1.00000000000000000000e+03
cascade_weight_multiplier=4.00000000000000022204e-01
cascade_activation_functions_count=10
cascade_activation_functions=3 5 7 8 10 11 14 15 16 17 
cascade_activation_steepnesses_count=4
cascade_activation_steepnesses=2.50000000000000000000e-01 5.00000000000000000000e-01 7.50000000000000000000e-01 1.00000000000000000000e+00 
layer_sizes=7 4 2 
scale_included=0
neurons (num_inputs, activation_function, activation_steepness)=(0, 0, 0.00000000000000000000e+00) (0, 0, 0.00000000000000000000e+00) (0, 0, 0.00000000000000000000e+00) (0, 0, 0.00000000000000000000e+00) (0, 0, 0.00000000000000000000e+00) (0, 0, 0.00000000000000000000e+00) (0, 0, 0.00000000000000000000e+00) (7, 6, 5.00000000000000000000e-01) (7, 6, 5.00000000000000000000e-01) (7, 6, 5.00000000000000000000e-01) (0, 6, 0.00000000000000000000e+00) (4, 4, 5.00000000000000000000e-01) (0, 4, 0.00000000000000000000e+00) 
connections (connected_to_neuron, weight)=(0, -3.93942359774627703928e+00) (1, 1.95694769893691011831e+00) (2, 2.59214146729420935600e+00) (3, -2.52712491465020727688e-01) (4, -4.18061110770214350296e-01) (5, -4.19708381986130030228e-01) (6, -1.49762708620641959989e+00) (0, 4.77837501167606704122e-01) (1, -6.77877921178192233143e-01) (2, -2.76141863871461445967e-01) (3, 2.78211590284481002922e-01) (4, 3.76030054776136490879e-01) (5, 3.20479606179658982335e-01) (6, 4.12903068661045424825e-01) (0, -2.04137565837759854537e-01) (1, 7.82118476499711001715e-01) (2, 4.09878265104115069306e+00) (3, -1.49830247340264677280e-01) (4, -2.66970192451412069445e-01) (5, -2.34201567517180325728e-01) (6, -3.22391892121691503448e-01) (7, 1.09463990881325159421e+01) (8, -1.03946622094505034539e+01) (9, 4.80536372618091400799e-01) (10, -1.79815319852605637330e+00) 
