FANN_FLO_2.1
num_layers=3
learning_rate=0.700000
connection_rate=1.000000
network_type=0
learning_momentum=0.000000
training_algorithm=2
train_error_function=1
train_stop_function=1
cascade_output_change_fraction=0.010000
quickprop_decay=-0.000100
quickprop_mu=1.750000
rprop_increase_factor=1.200000
rprop_decrease_factor=0.500000
rprop_delta_min=0.000000
rprop_delta_max=50.000000
rprop_delta_zero=0.100000
cascade_output_stagnation_epochs=12
cascade_candidate_change_fraction=0.010000
cascade_candidate_stagnation_epochs=12
cascade_max_out_epochs=150
cascade_min_out_epochs=50
cascade_max_cand_epochs=150
cascade_min_cand_epochs=50
cascade_num_candidate_groups=2
bit_fail_limit=1.00000000000000005551e-01
cascade_candidate_limit=1.00000000000000000000e+03
cascade_weight_multiplier=4.00000000000000022204e-01
cascade_activation_functions_count=10
cascade_activation_functions=3 5 7 8 10 11 14 15 16 17 
cascade_activation_steepnesses_count=4
cascade_activation_steepnesses=2.50000000000000000000e-01 5.00000000000000000000e-01 7.50000000000000000000e-01 1.00000000000000000000e+00 
layer_sizes=7 4 2 
scale_included=0
neurons (num_inputs, activation_function, activation_steepness)=(0, 0, 0.00000000000000000000e+00) (0, 0, 0.00000000000000000000e+00) (0, 0, 0.00000000000000000000e+00) (0, 0, 0.00000000000000000000e+00) (0, 0, 0.00000000000000000000e+00) (0, 0, 0.00000000000000000000e+00) (0, 0, 0.00000000000000000000e+00) (7, 6, 5.00000000000000000000e-01) (7, 6, 5.00000000000000000000e-01) (7, 6, 5.00000000000000000000e-01) (0, 6, 0.00000000000000000000e+00) (4, 4, 5.00000000000000000000e-01) (0, 4, 0.00000000000000000000e+00) 
connections (connected_to_neuron, weight)=(0, -1.13346664821673392964e+00) (1, 4.81167838194096031401e+00) (2, 2.52178720520172983122e-01) (3, -8.71644082934102448768e-01) (4, -3.55605531765793347887e-01) (5, -3.75126350952957654528e-01) (6, -8.36046739936313065833e-01) (0, -5.99041637904028978490e-01) (1, 7.75556185180526491685e-01) (2, 2.01477046283958571848e-01) (3, -4.13424380374215888478e-03) (4, 1.00601404135201022427e-02) (5, 6.95366799061272050642e-02) (6, -5.44836931292100729030e-02) (0, -1.86680796729805109635e+00) (1, 1.96595559435369615642e+00) (2, 1.61469928337520662875e-01) (3, -2.04594744180260967870e-01) (4, -2.91892899011193585057e-01) (5, -2.80095672045766186375e-01) (6, -2.88994861577569317479e-01) (7, 4.78771145858490410063e+00) (8, 6.77364032167772633919e-01) (9, 1.89211921202423205557e+00) (10, -1.09031751966048262581e+00) 
