FANN_FLO_2.1
num_layers=3
learning_rate=0.700000
connection_rate=1.000000
network_type=0
learning_momentum=0.000000
training_algorithm=2
train_error_function=1
train_stop_function=1
cascade_output_change_fraction=0.010000
quickprop_decay=-0.000100
quickprop_mu=1.750000
rprop_increase_factor=1.200000
rprop_decrease_factor=0.500000
rprop_delta_min=0.000000
rprop_delta_max=50.000000
rprop_delta_zero=0.100000
cascade_output_stagnation_epochs=12
cascade_candidate_change_fraction=0.010000
cascade_candidate_stagnation_epochs=12
cascade_max_out_epochs=150
cascade_min_out_epochs=50
cascade_max_cand_epochs=150
cascade_min_cand_epochs=50
cascade_num_candidate_groups=2
bit_fail_limit=1.00000000000000005551e-01
cascade_candidate_limit=1.00000000000000000000e+03
cascade_weight_multiplier=4.00000000000000022204e-01
cascade_activation_functions_count=10
cascade_activation_functions=3 5 7 8 10 11 14 15 16 17 
cascade_activation_steepnesses_count=4
cascade_activation_steepnesses=2.50000000000000000000e-01 5.00000000000000000000e-01 7.50000000000000000000e-01 1.00000000000000000000e+00 
layer_sizes=7 4 2 
scale_included=0
neurons (num_inputs, activation_function, activation_steepness)=(0, 0, 0.00000000000000000000e+00) (0, 0, 0.00000000000000000000e+00) (0, 0, 0.00000000000000000000e+00) (0, 0, 0.00000000000000000000e+00) (0, 0, 0.00000000000000000000e+00) (0, 0, 0.00000000000000000000e+00) (0, 0, 0.00000000000000000000e+00) (7, 6, 5.00000000000000000000e-01) (7, 6, 5.00000000000000000000e-01) (7, 6, 5.00000000000000000000e-01) (0, 6, 0.00000000000000000000e+00) (4, 4, 5.00000000000000000000e-01) (0, 4, 0.00000000000000000000e+00) 
connections (connected_to_neuron, weight)=(0, -3.26980315387430975349e+00) (1, 1.45644990954619935053e+00) (2, 1.96737725805400476276e+00) (3, -5.18180302063543596347e-01) (4, -6.01022771278936662753e-01) (5, -5.35519695560056963046e-01) (6, -4.95026736239511655491e-01) (0, -3.27879771083775350959e+00) (1, 8.20825312770727233413e-01) (2, 2.67623193545940551985e+00) (3, -4.94689387463365659592e-01) (4, -5.68686241934616365512e-01) (5, -5.77574970851261415561e-01) (6, -4.74786861518938285709e-01) (0, 4.52950047243959819099e+00) (1, -2.37999723864659884498e+00) (2, -2.28284943070149992650e+00) (3, -2.88852921615044944126e-01) (4, 8.48866245033630728578e-01) (5, 7.02383479359039775147e-01) (6, 1.81661939489142110205e+00) (7, 7.91897906423043473900e-01) (8, 8.64419298757878151740e-01) (9, -1.17492999712929950817e+01) (10, -1.33322561479744394752e+00) 
