FANN_FLO_2.1
num_layers=3
learning_rate=0.700000
connection_rate=1.000000
network_type=0
learning_momentum=0.000000
training_algorithm=2
train_error_function=1
train_stop_function=1
cascade_output_change_fraction=0.010000
quickprop_decay=-0.000100
quickprop_mu=1.750000
rprop_increase_factor=1.200000
rprop_decrease_factor=0.500000
rprop_delta_min=0.000000
rprop_delta_max=50.000000
rprop_delta_zero=0.100000
cascade_output_stagnation_epochs=12
cascade_candidate_change_fraction=0.010000
cascade_candidate_stagnation_epochs=12
cascade_max_out_epochs=150
cascade_min_out_epochs=50
cascade_max_cand_epochs=150
cascade_min_cand_epochs=50
cascade_num_candidate_groups=2
bit_fail_limit=1.00000000000000005551e-01
cascade_candidate_limit=1.00000000000000000000e+03
cascade_weight_multiplier=4.00000000000000022204e-01
cascade_activation_functions_count=10
cascade_activation_functions=3 5 7 8 10 11 14 15 16 17 
cascade_activation_steepnesses_count=4
cascade_activation_steepnesses=2.50000000000000000000e-01 5.00000000000000000000e-01 7.50000000000000000000e-01 1.00000000000000000000e+00 
layer_sizes=13 4 2 
scale_included=0
neurons (num_inputs, activation_function, activation_steepness)=(0, 0, 0.00000000000000000000e+00) (0, 0, 0.00000000000000000000e+00) (0, 0, 0.00000000000000000000e+00) (0, 0, 0.00000000000000000000e+00) (0, 0, 0.00000000000000000000e+00) (0, 0, 0.00000000000000000000e+00) (0, 0, 0.00000000000000000000e+00) (0, 0, 0.00000000000000000000e+00) (0, 0, 0.00000000000000000000e+00) (0, 0, 0.00000000000000000000e+00) (0, 0, 0.00000000000000000000e+00) (0, 0, 0.00000000000000000000e+00) (0, 0, 0.00000000000000000000e+00) (13, 6, 5.00000000000000000000e-01) (13, 6, 5.00000000000000000000e-01) (13, 6, 5.00000000000000000000e-01) (0, 6, 0.00000000000000000000e+00) (4, 4, 5.00000000000000000000e-01) (0, 4, 0.00000000000000000000e+00) 
connections (connected_to_neuron, weight)=(0, 1.68001340442727586932e+00) (1, -3.04714006388468927611e+00) (2, 5.84160116661216033407e-01) (3, 1.19300315227844277999e+00) (4, 6.72373983264934804716e-01) (5, 1.02186605918558592876e+00) (6, 2.54108190925686372452e+00) (7, -7.93796285940651324964e-01) (8, -7.14491571028833316603e-01) (9, -1.75668884497945376744e+00) (10, 5.00870545341687567475e-02) (11, 5.04176908740618046068e-01) (12, 1.63379849191966131094e+00) (0, -2.45180255054342821630e-01) (1, 2.01642265347984883661e+00) (2, 7.49221705568596657576e-02) (3, -1.75461852113112881657e-01) (4, -1.64613543851692065156e-04) (5, -4.12738797527247458508e-01) (6, -1.23810523738874822541e+00) (7, 8.14865781200164618348e-01) (8, 2.14228540362134872721e-01) (9, 4.57022954383374757636e-01) (10, -3.01957596444532572200e-01) (11, -5.55652382581263815098e-01) (12, -1.84582813222717523338e-01) (0, -3.17174887536871452642e-01) (1, 2.03616495237385253247e+00) (2, -7.11254365073874933456e-02) (3, -9.42469398773759792221e-02) (4, -2.93671269405916257611e-02) (5, -4.67848715644770651867e-01) (6, -1.18797722449316411897e+00) (7, 8.04366825354331793640e-01) (8, 3.52478880138412442591e-01) (9, 5.18821750441075923987e-01) (10, -4.58712678753778746454e-01) (11, -5.12303526310950552158e-01) (12, -1.54926939447235345604e-01) (13, -1.65979557179535994749e+01) (14, 1.39877313888992627078e+00) (15, 1.38789798832859356814e+00) (16, -5.58603519583213081745e-01) 
