FANN_FLO_2.1
num_layers=3
learning_rate=0.700000
connection_rate=1.000000
network_type=0
learning_momentum=0.000000
training_algorithm=2
train_error_function=1
train_stop_function=1
cascade_output_change_fraction=0.010000
quickprop_decay=-0.000100
quickprop_mu=1.750000
rprop_increase_factor=1.200000
rprop_decrease_factor=0.500000
rprop_delta_min=0.000000
rprop_delta_max=50.000000
rprop_delta_zero=0.100000
cascade_output_stagnation_epochs=12
cascade_candidate_change_fraction=0.010000
cascade_candidate_stagnation_epochs=12
cascade_max_out_epochs=150
cascade_min_out_epochs=50
cascade_max_cand_epochs=150
cascade_min_cand_epochs=50
cascade_num_candidate_groups=2
bit_fail_limit=1.00000000000000005551e-01
cascade_candidate_limit=1.00000000000000000000e+03
cascade_weight_multiplier=4.00000000000000022204e-01
cascade_activation_functions_count=10
cascade_activation_functions=3 5 7 8 10 11 14 15 16 17 
cascade_activation_steepnesses_count=4
cascade_activation_steepnesses=2.50000000000000000000e-01 5.00000000000000000000e-01 7.50000000000000000000e-01 1.00000000000000000000e+00 
layer_sizes=13 4 2 
scale_included=0
neurons (num_inputs, activation_function, activation_steepness)=(0, 0, 0.00000000000000000000e+00) (0, 0, 0.00000000000000000000e+00) (0, 0, 0.00000000000000000000e+00) (0, 0, 0.00000000000000000000e+00) (0, 0, 0.00000000000000000000e+00) (0, 0, 0.00000000000000000000e+00) (0, 0, 0.00000000000000000000e+00) (0, 0, 0.00000000000000000000e+00) (0, 0, 0.00000000000000000000e+00) (0, 0, 0.00000000000000000000e+00) (0, 0, 0.00000000000000000000e+00) (0, 0, 0.00000000000000000000e+00) (0, 0, 0.00000000000000000000e+00) (13, 6, 5.00000000000000000000e-01) (13, 6, 5.00000000000000000000e-01) (13, 6, 5.00000000000000000000e-01) (0, 6, 0.00000000000000000000e+00) (4, 4, 5.00000000000000000000e-01) (0, 4, 0.00000000000000000000e+00) 
connections (connected_to_neuron, weight)=(0, -1.25617674240041621303e+00) (1, 1.06596258725484527297e+00) (2, 1.15630444998284809266e+00) (3, 2.56635816525566162749e-01) (4, 6.41607494808167033717e-01) (5, 5.98207286988139963491e-01) (6, 2.38597054989996104624e+00) (7, 5.36203588678810683099e-01) (8, -2.59649189172686556404e+00) (9, 7.48852362906310298207e-01) (10, 1.29915523602480798004e+00) (11, 1.29910705110517898930e+00) (12, -2.80650927528559912538e-01) (0, 1.58994251390521390555e+00) (1, -5.62947647194345313082e-01) (2, -2.11130420489566816844e-01) (3, 1.44865089343803044031e-01) (4, -1.06792816371228993511e+00) (5, 8.91181040596306206503e-01) (6, 5.05377101027769626285e+00) (7, -2.16811004004584049198e+01) (8, 1.69531753728393907998e+00) (9, 5.57745765631403989104e-01) (10, -5.57656203690526097727e-02) (11, 2.38688322960283000329e-01) (12, 5.06031056583326033227e-01) (0, -5.36020189117515144517e+00) (1, 2.34355443106043637158e+00) (2, 1.39357724443338670817e+00) (3, -6.89626739548694460413e-05) (4, 1.20126555241744825686e+00) (5, -5.22674495720921283848e-01) (6, -7.05571073961913985961e-01) (7, 1.24240943584031149349e+00) (8, 2.12729230958758153136e+00) (9, -5.85562048008668067922e-01) (10, -2.70203109123141294035e+00) (11, 1.50362825275451617024e+00) (12, -1.71870831628099529631e+00) (13, 2.83852398229871738522e+00) (14, -4.61742851770350792862e+00) (15, 1.38632053733914784033e+01) (16, -2.18543170556789334569e+00) 
