FANN_FLO_2.1
num_layers=3
learning_rate=0.700000
connection_rate=1.000000
network_type=0
learning_momentum=0.000000
training_algorithm=2
train_error_function=1
train_stop_function=1
cascade_output_change_fraction=0.010000
quickprop_decay=-0.000100
quickprop_mu=1.750000
rprop_increase_factor=1.200000
rprop_decrease_factor=0.500000
rprop_delta_min=0.000000
rprop_delta_max=50.000000
rprop_delta_zero=0.100000
cascade_output_stagnation_epochs=12
cascade_candidate_change_fraction=0.010000
cascade_candidate_stagnation_epochs=12
cascade_max_out_epochs=150
cascade_min_out_epochs=50
cascade_max_cand_epochs=150
cascade_min_cand_epochs=50
cascade_num_candidate_groups=2
bit_fail_limit=1.00000000000000005551e-01
cascade_candidate_limit=1.00000000000000000000e+03
cascade_weight_multiplier=4.00000000000000022204e-01
cascade_activation_functions_count=10
cascade_activation_functions=3 5 7 8 10 11 14 15 16 17 
cascade_activation_steepnesses_count=4
cascade_activation_steepnesses=2.50000000000000000000e-01 5.00000000000000000000e-01 7.50000000000000000000e-01 1.00000000000000000000e+00 
layer_sizes=14 4 2 
scale_included=0
neurons (num_inputs, activation_function, activation_steepness)=(0, 0, 0.00000000000000000000e+00) (0, 0, 0.00000000000000000000e+00) (0, 0, 0.00000000000000000000e+00) (0, 0, 0.00000000000000000000e+00) (0, 0, 0.00000000000000000000e+00) (0, 0, 0.00000000000000000000e+00) (0, 0, 0.00000000000000000000e+00) (0, 0, 0.00000000000000000000e+00) (0, 0, 0.00000000000000000000e+00) (0, 0, 0.00000000000000000000e+00) (0, 0, 0.00000000000000000000e+00) (0, 0, 0.00000000000000000000e+00) (0, 0, 0.00000000000000000000e+00) (0, 0, 0.00000000000000000000e+00) (14, 6, 5.00000000000000000000e-01) (14, 6, 5.00000000000000000000e-01) (14, 6, 5.00000000000000000000e-01) (0, 6, 0.00000000000000000000e+00) (4, 4, 5.00000000000000000000e-01) (0, 4, 0.00000000000000000000e+00) 
connections (connected_to_neuron, weight)=(0, -6.36735048389119651091e-01) (1, 6.28424545945322154950e-01) (2, 5.85187935680790860538e-01) (3, -9.68778548918597159911e-01) (4, -2.25880774532029211799e-02) (5, -8.80761692456833777953e-01) (6, 2.27458678754734383576e-01) (7, -1.26940042344176856615e-01) (8, 3.28537369325771544393e-01) (9, 2.07138256660666347786e-01) (10, 3.55125650527805813983e-01) (11, 1.65221984698784907231e-01) (12, 3.32486323109511316964e-01) (13, -6.79757417336066677160e-03) (0, -3.72106389314533370083e+00) (1, 1.75985355941191867757e+00) (2, 3.22731407444627294012e+00) (3, -2.94401242272536745048e+00) (4, -1.07197821460792708237e+00) (5, -3.41300451390752002112e+00) (6, -1.28524192147129490138e+00) (7, -1.19306692950600101710e+00) (8, 1.94983622205502271640e+00) (9, 2.55517281859431510949e-01) (10, 1.29796488591010361624e+00) (11, -3.08855817357186257510e-01) (12, 1.16101830613686773930e+00) (13, -1.02356973258325845144e+00) (0, -1.03069059858325193235e-01) (1, 5.37931927144721266920e-01) (2, 3.25983222881387924019e-01) (3, -1.67904553729826822028e-01) (4, -9.17401481183785089124e-02) (5, -1.91391309518153140967e-01) (6, 3.23246074420378948222e-01) (7, -4.90396737292855544599e-01) (8, 9.89914574585524231765e-02) (9, 8.84754531693112411528e-02) (10, 1.22762020421812478865e+00) (11, -1.43215678039782190467e-01) (12, 1.10067591258633301621e+00) (13, 9.74129623030153823926e-02) (14, 2.01919545728030835896e-01) (15, 3.95477276818132352787e+01) (16, 5.47570078366533374847e-01) (17, -1.47505498783329103141e+00) 
