FANN_FLO_2.1
num_layers=3
learning_rate=0.700000
connection_rate=1.000000
network_type=0
learning_momentum=0.000000
training_algorithm=2
train_error_function=1
train_stop_function=1
cascade_output_change_fraction=0.010000
quickprop_decay=-0.000100
quickprop_mu=1.750000
rprop_increase_factor=1.200000
rprop_decrease_factor=0.500000
rprop_delta_min=0.000000
rprop_delta_max=50.000000
rprop_delta_zero=0.100000
cascade_output_stagnation_epochs=12
cascade_candidate_change_fraction=0.010000
cascade_candidate_stagnation_epochs=12
cascade_max_out_epochs=150
cascade_min_out_epochs=50
cascade_max_cand_epochs=150
cascade_min_cand_epochs=50
cascade_num_candidate_groups=2
bit_fail_limit=1.00000000000000005551e-01
cascade_candidate_limit=1.00000000000000000000e+03
cascade_weight_multiplier=4.00000000000000022204e-01
cascade_activation_functions_count=10
cascade_activation_functions=3 5 7 8 10 11 14 15 16 17 
cascade_activation_steepnesses_count=4
cascade_activation_steepnesses=2.50000000000000000000e-01 5.00000000000000000000e-01 7.50000000000000000000e-01 1.00000000000000000000e+00 
layer_sizes=11 4 2 
scale_included=0
neurons (num_inputs, activation_function, activation_steepness)=(0, 0, 0.00000000000000000000e+00) (0, 0, 0.00000000000000000000e+00) (0, 0, 0.00000000000000000000e+00) (0, 0, 0.00000000000000000000e+00) (0, 0, 0.00000000000000000000e+00) (0, 0, 0.00000000000000000000e+00) (0, 0, 0.00000000000000000000e+00) (0, 0, 0.00000000000000000000e+00) (0, 0, 0.00000000000000000000e+00) (0, 0, 0.00000000000000000000e+00) (0, 0, 0.00000000000000000000e+00) (11, 6, 5.00000000000000000000e-01) (11, 6, 5.00000000000000000000e-01) (11, 6, 5.00000000000000000000e-01) (0, 6, 0.00000000000000000000e+00) (4, 4, 5.00000000000000000000e-01) (0, 4, 0.00000000000000000000e+00) 
connections (connected_to_neuron, weight)=(0, 6.44165097138041375935e-01) (1, -3.16457380720607783786e+00) (2, 3.96189906486622500648e-01) (3, 6.77258825263136743366e-01) (4, 5.46132928094023473164e-01) (5, 3.04755338319889768073e-01) (6, 7.21220901569479710957e-01) (7, 5.85710361228355846919e-01) (8, 9.71625092426894543252e-01) (9, 5.31557148656004674336e-01) (10, 6.64025983175391076863e-01) (0, 5.55851569732779271504e-01) (1, -3.11568796255819346896e+00) (2, 2.95089387187115415045e-01) (3, 6.43523699006193994343e-01) (4, 5.60226066371554143331e-01) (5, 4.15503376015774417152e-01) (6, 5.81379993220919377706e-01) (7, 4.59029093013176570093e-01) (8, 1.04597836265957200297e+00) (9, 5.99227724930399663350e-01) (10, 7.06361702045553929707e-01) (0, 6.10720662733668206990e-01) (1, -3.03101666637889888278e+00) (2, 3.48035939821354556312e-01) (3, 6.82761391958350061238e-01) (4, 6.11894717773550866902e-01) (5, 4.53453370222202944984e-01) (6, 5.29370976945513493916e-01) (7, 5.59482544289002126092e-01) (8, 1.01475929747021043070e+00) (9, 6.44499427041167138874e-01) (10, 7.24911919197195775411e-01) (11, -3.11688688018552806369e+00) (12, -3.15135779597990062229e+00) (13, -1.46696289117494349519e+00) (14, -2.84345983509173616532e-01) 
