FANN_FLO_2.1
num_layers=3
learning_rate=0.700000
connection_rate=1.000000
network_type=0
learning_momentum=0.000000
training_algorithm=2
train_error_function=1
train_stop_function=1
cascade_output_change_fraction=0.010000
quickprop_decay=-0.000100
quickprop_mu=1.750000
rprop_increase_factor=1.200000
rprop_decrease_factor=0.500000
rprop_delta_min=0.000000
rprop_delta_max=50.000000
rprop_delta_zero=0.100000
cascade_output_stagnation_epochs=12
cascade_candidate_change_fraction=0.010000
cascade_candidate_stagnation_epochs=12
cascade_max_out_epochs=150
cascade_min_out_epochs=50
cascade_max_cand_epochs=150
cascade_min_cand_epochs=50
cascade_num_candidate_groups=2
bit_fail_limit=1.00000000000000005551e-01
cascade_candidate_limit=1.00000000000000000000e+03
cascade_weight_multiplier=4.00000000000000022204e-01
cascade_activation_functions_count=10
cascade_activation_functions=3 5 7 8 10 11 14 15 16 17 
cascade_activation_steepnesses_count=4
cascade_activation_steepnesses=2.50000000000000000000e-01 5.00000000000000000000e-01 7.50000000000000000000e-01 1.00000000000000000000e+00 
layer_sizes=5 4 2 
scale_included=0
neurons (num_inputs, activation_function, activation_steepness)=(0, 0, 0.00000000000000000000e+00) (0, 0, 0.00000000000000000000e+00) (0, 0, 0.00000000000000000000e+00) (0, 0, 0.00000000000000000000e+00) (0, 0, 0.00000000000000000000e+00) (5, 6, 5.00000000000000000000e-01) (5, 6, 5.00000000000000000000e-01) (5, 6, 5.00000000000000000000e-01) (0, 6, 0.00000000000000000000e+00) (4, 4, 5.00000000000000000000e-01) (0, 4, 0.00000000000000000000e+00) 
connections (connected_to_neuron, weight)=(0, 5.06191901896033802366e-01) (1, -8.35569234471028265965e-01) (2, -3.66650250118518150622e-02) (3, -2.31970103266627702965e+00) (4, 1.09833727659697621970e-01) (0, 5.09190182346759834253e-01) (1, -1.57882817641635120332e+00) (2, -9.56326184658181199794e-01) (3, -1.28656240156125506457e-01) (4, 1.53117838871723499494e+00) (0, -7.63435059310470065519e-01) (1, 1.15692191409483036146e+00) (2, 2.49381529164534532228e+00) (3, -8.15664881936569718945e-02) (4, -1.01339139788755261407e+00) (5, -2.42352851829298332476e+00) (6, -2.19010540572638312540e+01) (7, 3.76038717236981767655e+00) (8, -4.78158155313063470970e+00) 
