FANN_FLO_2.1
num_layers=3
learning_rate=0.700000
connection_rate=1.000000
network_type=0
learning_momentum=0.000000
training_algorithm=2
train_error_function=1
train_stop_function=1
cascade_output_change_fraction=0.010000
quickprop_decay=-0.000100
quickprop_mu=1.750000
rprop_increase_factor=1.200000
rprop_decrease_factor=0.500000
rprop_delta_min=0.000000
rprop_delta_max=50.000000
rprop_delta_zero=0.100000
cascade_output_stagnation_epochs=12
cascade_candidate_change_fraction=0.010000
cascade_candidate_stagnation_epochs=12
cascade_max_out_epochs=150
cascade_min_out_epochs=50
cascade_max_cand_epochs=150
cascade_min_cand_epochs=50
cascade_num_candidate_groups=2
bit_fail_limit=1.00000000000000005551e-01
cascade_candidate_limit=1.00000000000000000000e+03
cascade_weight_multiplier=4.00000000000000022204e-01
cascade_activation_functions_count=10
cascade_activation_functions=3 5 7 8 10 11 14 15 16 17 
cascade_activation_steepnesses_count=4
cascade_activation_steepnesses=2.50000000000000000000e-01 5.00000000000000000000e-01 7.50000000000000000000e-01 1.00000000000000000000e+00 
layer_sizes=10 4 2 
scale_included=0
neurons (num_inputs, activation_function, activation_steepness)=(0, 0, 0.00000000000000000000e+00) (0, 0, 0.00000000000000000000e+00) (0, 0, 0.00000000000000000000e+00) (0, 0, 0.00000000000000000000e+00) (0, 0, 0.00000000000000000000e+00) (0, 0, 0.00000000000000000000e+00) (0, 0, 0.00000000000000000000e+00) (0, 0, 0.00000000000000000000e+00) (0, 0, 0.00000000000000000000e+00) (0, 0, 0.00000000000000000000e+00) (10, 6, 5.00000000000000000000e-01) (10, 6, 5.00000000000000000000e-01) (10, 6, 5.00000000000000000000e-01) (0, 6, 0.00000000000000000000e+00) (4, 4, 5.00000000000000000000e-01) (0, 4, 0.00000000000000000000e+00) 
connections (connected_to_neuron, weight)=(0, -9.15209965578904771633e-01) (1, 2.24581274418130982795e+00) (2, 2.39465604207907079015e+00) (3, 4.29434835624270191956e-03) (4, -4.46122057272777094994e-01) (5, -2.99821822935630255547e-01) (6, 2.00163997560868178738e+00) (7, -1.18264481651230241033e-01) (8, -1.95771433638973618718e-01) (9, -1.08115770545035405625e+00) (0, -9.74574807878272886263e-02) (1, 5.84128143304866620511e-01) (2, 5.54494012799910507283e-01) (3, 1.57163261218686539644e-01) (4, 1.00981642013408964842e-01) (5, 2.60653842036702408647e-02) (6, 4.83795080080308359527e-01) (7, 1.43153790597415786490e-01) (8, 1.31146434907413345083e-01) (9, 4.26480945352775558943e-02) (0, -9.96998886281548313271e-01) (1, 2.32818885175481860017e+00) (2, 2.40393074459824918065e+00) (3, -1.36325216047150005183e-01) (4, -5.02657427920684352074e-01) (5, -4.37291699493218832817e-01) (6, 2.62034888091745754579e+00) (7, -5.01415534901932136158e-01) (8, -2.34407678472443009587e-01) (9, -1.05417760711341923496e+00) (10, 1.05131986982390852603e+01) (11, 4.45160347456020510926e-01) (12, 1.05109736866519423160e+01) (13, -9.53350583726464084755e-01) 
