FANN_FLO_2.1
num_layers=3
learning_rate=0.700000
connection_rate=1.000000
network_type=0
learning_momentum=0.000000
training_algorithm=2
train_error_function=1
train_stop_function=1
cascade_output_change_fraction=0.010000
quickprop_decay=-0.000100
quickprop_mu=1.750000
rprop_increase_factor=1.200000
rprop_decrease_factor=0.500000
rprop_delta_min=0.000000
rprop_delta_max=50.000000
rprop_delta_zero=0.100000
cascade_output_stagnation_epochs=12
cascade_candidate_change_fraction=0.010000
cascade_candidate_stagnation_epochs=12
cascade_max_out_epochs=150
cascade_min_out_epochs=50
cascade_max_cand_epochs=150
cascade_min_cand_epochs=50
cascade_num_candidate_groups=2
bit_fail_limit=1.00000000000000005551e-01
cascade_candidate_limit=1.00000000000000000000e+03
cascade_weight_multiplier=4.00000000000000022204e-01
cascade_activation_functions_count=10
cascade_activation_functions=3 5 7 8 10 11 14 15 16 17 
cascade_activation_steepnesses_count=4
cascade_activation_steepnesses=2.50000000000000000000e-01 5.00000000000000000000e-01 7.50000000000000000000e-01 1.00000000000000000000e+00 
layer_sizes=17 4 2 
scale_included=0
neurons (num_inputs, activation_function, activation_steepness)=(0, 0, 0.00000000000000000000e+00) (0, 0, 0.00000000000000000000e+00) (0, 0, 0.00000000000000000000e+00) (0, 0, 0.00000000000000000000e+00) (0, 0, 0.00000000000000000000e+00) (0, 0, 0.00000000000000000000e+00) (0, 0, 0.00000000000000000000e+00) (0, 0, 0.00000000000000000000e+00) (0, 0, 0.00000000000000000000e+00) (0, 0, 0.00000000000000000000e+00) (0, 0, 0.00000000000000000000e+00) (0, 0, 0.00000000000000000000e+00) (0, 0, 0.00000000000000000000e+00) (0, 0, 0.00000000000000000000e+00) (0, 0, 0.00000000000000000000e+00) (0, 0, 0.00000000000000000000e+00) (0, 0, 0.00000000000000000000e+00) (17, 6, 5.00000000000000000000e-01) (17, 6, 5.00000000000000000000e-01) (17, 6, 5.00000000000000000000e-01) (0, 6, 0.00000000000000000000e+00) (4, 4, 5.00000000000000000000e-01) (0, 4, 0.00000000000000000000e+00) 
connections (connected_to_neuron, weight)=(0, -7.45489327670079582333e+00) (1, -1.01805269926773189759e-01) (2, 4.97401377010900758169e-01) (3, 1.02242520604462661105e+00) (4, 5.40932634873295820066e-02) (5, 4.69614376032839397901e-01) (6, 2.96873998833583729873e-01) (7, 4.42846019757675124495e-01) (8, 6.67672652194679194793e-01) (9, 6.35394963830573145103e-01) (10, 1.34039121809341992275e+01) (11, 9.17783027275626217545e-01) (12, 4.77244703694526817284e-01) (13, 2.09534261903655982806e-01) (14, 3.46386832284550871819e+00) (15, -7.50464564421790436555e-01) (16, -1.12216510102851867864e-02) (0, 2.57327562238537677075e+00) (1, -1.24799343866751621945e+00) (2, -1.52011416784727693141e+00) (3, 3.53985985060355778931e-01) (4, 1.23942728026569515265e+00) (5, 2.19029251758451837251e-01) (6, 7.42947271869808356648e-01) (7, 8.10957847939163589679e-01) (8, -3.78478329811403835237e-01) (9, 2.57583123333274655042e-01) (10, -1.57409763364386523499e+00) (11, -1.44322012481863626299e+00) (12, 4.66686054431319385927e-01) (13, -1.24385141265756810069e-01) (14, -5.45314020624486972544e-01) (15, -8.77341001426596545087e-01) (16, 9.38660489164556799402e-01) (0, -1.55140896660021709863e+01) (1, 2.06990008386436707966e+00) (2, 1.88413271999070763840e+00) (3, 6.22592326699142259439e-02) (4, -4.94731360710103706957e-01) (5, 4.99496404172578623015e-01) (6, 3.86765789883932675775e-01) (7, 2.73646619814238101220e-01) (8, 1.35479436746145975867e+00) (9, 2.24395271369027149433e-01) (10, 2.17859833016314397014e+00) (11, 9.98373247542937769516e-01) (12, 1.41874444355692741482e-01) (13, -1.23920188664494820840e-01) (14, 6.42953478143957424251e-01) (15, 2.28658993328073645301e+00) (16, -4.01235921004967410752e-01) (17, 5.49076888885327352163e-01) (18, -4.65407955833388484734e+01) (19, 6.25868593939318973440e+00) (20, -6.61183118923956425483e-01) 
