FANN_FLO_2.1
num_layers=3
learning_rate=0.700000
connection_rate=1.000000
network_type=0
learning_momentum=0.000000
training_algorithm=2
train_error_function=1
train_stop_function=1
cascade_output_change_fraction=0.010000
quickprop_decay=-0.000100
quickprop_mu=1.750000
rprop_increase_factor=1.200000
rprop_decrease_factor=0.500000
rprop_delta_min=0.000000
rprop_delta_max=50.000000
rprop_delta_zero=0.100000
cascade_output_stagnation_epochs=12
cascade_candidate_change_fraction=0.010000
cascade_candidate_stagnation_epochs=12
cascade_max_out_epochs=150
cascade_min_out_epochs=50
cascade_max_cand_epochs=150
cascade_min_cand_epochs=50
cascade_num_candidate_groups=2
bit_fail_limit=1.00000000000000005551e-01
cascade_candidate_limit=1.00000000000000000000e+03
cascade_weight_multiplier=4.00000000000000022204e-01
cascade_activation_functions_count=10
cascade_activation_functions=3 5 7 8 10 11 14 15 16 17 
cascade_activation_steepnesses_count=4
cascade_activation_steepnesses=2.50000000000000000000e-01 5.00000000000000000000e-01 7.50000000000000000000e-01 1.00000000000000000000e+00 
layer_sizes=10 4 2 
scale_included=0
neurons (num_inputs, activation_function, activation_steepness)=(0, 0, 0.00000000000000000000e+00) (0, 0, 0.00000000000000000000e+00) (0, 0, 0.00000000000000000000e+00) (0, 0, 0.00000000000000000000e+00) (0, 0, 0.00000000000000000000e+00) (0, 0, 0.00000000000000000000e+00) (0, 0, 0.00000000000000000000e+00) (0, 0, 0.00000000000000000000e+00) (0, 0, 0.00000000000000000000e+00) (0, 0, 0.00000000000000000000e+00) (10, 6, 5.00000000000000000000e-01) (10, 6, 5.00000000000000000000e-01) (10, 6, 5.00000000000000000000e-01) (0, 6, 0.00000000000000000000e+00) (4, 4, 5.00000000000000000000e-01) (0, 4, 0.00000000000000000000e+00) 
connections (connected_to_neuron, weight)=(0, -4.80227055838400218590e+00) (1, 3.54085948321999133270e+00) (2, 1.40736275098680363449e+00) (3, -2.50617542556917927143e+00) (4, 1.58443179437055259307e+00) (5, 3.33184608232274470652e+00) (6, 2.30782639064477290702e+00) (7, 1.90520416314199225738e+00) (8, 1.01158968446416075437e+00) (9, -2.34715755664507153000e+00) (0, 5.06365562235601540664e+00) (1, -2.44363678500670067351e+00) (2, -4.28136634286049400089e+00) (3, 2.90987802338235557187e+00) (4, -4.83283399838143168381e-01) (5, -5.90312866367753752428e+00) (6, -1.69020875482117682864e+00) (7, -1.62099040655256287913e+00) (8, -1.41229455930431746502e+00) (9, 3.81616224414273474963e+00) (0, 5.00841779267080422500e+00) (1, -1.96703179267626082627e+00) (2, -4.28510294314030204532e+00) (3, 2.74810628634326681308e+00) (4, -1.49363485239767751489e-01) (5, -5.89724455274995573717e+00) (6, -1.66981390057360679080e+00) (7, -1.87379694347905334517e+00) (8, -1.22978051019152090362e+00) (9, 3.88164126938744757922e+00) (10, 9.11261118226599364789e+00) (11, -1.23941449703206476585e+01) (12, -1.23973736347188410178e+01) (13, -7.24326504758977085530e-01) 
