FANN_FLO_2.1
num_layers=3
learning_rate=0.700000
connection_rate=1.000000
network_type=0
learning_momentum=0.000000
training_algorithm=2
train_error_function=1
train_stop_function=1
cascade_output_change_fraction=0.010000
quickprop_decay=-0.000100
quickprop_mu=1.750000
rprop_increase_factor=1.200000
rprop_decrease_factor=0.500000
rprop_delta_min=0.000000
rprop_delta_max=50.000000
rprop_delta_zero=0.100000
cascade_output_stagnation_epochs=12
cascade_candidate_change_fraction=0.010000
cascade_candidate_stagnation_epochs=12
cascade_max_out_epochs=150
cascade_min_out_epochs=50
cascade_max_cand_epochs=150
cascade_min_cand_epochs=50
cascade_num_candidate_groups=2
bit_fail_limit=1.00000000000000005551e-01
cascade_candidate_limit=1.00000000000000000000e+03
cascade_weight_multiplier=4.00000000000000022204e-01
cascade_activation_functions_count=10
cascade_activation_functions=3 5 7 8 10 11 14 15 16 17 
cascade_activation_steepnesses_count=4
cascade_activation_steepnesses=2.50000000000000000000e-01 5.00000000000000000000e-01 7.50000000000000000000e-01 1.00000000000000000000e+00 
layer_sizes=13 4 2 
scale_included=0
neurons (num_inputs, activation_function, activation_steepness)=(0, 0, 0.00000000000000000000e+00) (0, 0, 0.00000000000000000000e+00) (0, 0, 0.00000000000000000000e+00) (0, 0, 0.00000000000000000000e+00) (0, 0, 0.00000000000000000000e+00) (0, 0, 0.00000000000000000000e+00) (0, 0, 0.00000000000000000000e+00) (0, 0, 0.00000000000000000000e+00) (0, 0, 0.00000000000000000000e+00) (0, 0, 0.00000000000000000000e+00) (0, 0, 0.00000000000000000000e+00) (0, 0, 0.00000000000000000000e+00) (0, 0, 0.00000000000000000000e+00) (13, 6, 5.00000000000000000000e-01) (13, 6, 5.00000000000000000000e-01) (13, 6, 5.00000000000000000000e-01) (0, 6, 0.00000000000000000000e+00) (4, 4, 5.00000000000000000000e-01) (0, 4, 0.00000000000000000000e+00) 
connections (connected_to_neuron, weight)=(0, -7.85961708529087044184e+00) (1, 4.49754169773703971202e-01) (2, -4.74969055597182637785e-02) (3, 2.19879966065153595878e+01) (4, 8.01655841041059913366e-01) (5, -2.38986223456631785567e+00) (6, 1.00972714936209984060e+00) (7, 3.35925156079999176484e+00) (8, 3.48060488074418972193e-01) (9, 4.72681319817963574437e-01) (10, -1.06644600443184231486e-01) (11, 2.95846903727637888792e-01) (12, -4.27875930080337751882e-01) (0, -5.91605607251397547230e+00) (1, 1.40678078701473197043e+00) (2, 7.83797240661603056289e-01) (3, 2.45973750083281395007e+00) (4, 2.10676923612771860306e+00) (5, -5.79739665160037898062e+00) (6, 5.13732382566166156934e-01) (7, 1.47897892601001323953e+00) (8, 1.04508974774356189208e+00) (9, 2.33973845378802014494e+00) (10, -6.50225911066710904329e-01) (11, -4.61264882350389093801e-01) (12, -5.84969463433734016000e-01) (0, -7.20622031736304125005e-01) (1, 4.07741944372778886141e-01) (2, 1.79634095903299061125e-02) (3, 1.62908688776830157252e+00) (4, 1.79412365040650279013e+00) (5, -2.93151377662012879721e-01) (6, 3.45574862450043429618e-01) (7, 2.01797945505523657062e+00) (8, 1.16667639226164923660e-01) (9, 4.11949556935440441841e-01) (10, -5.35630830457044238013e-02) (11, -1.45932845555701767859e-01) (12, -2.39271813058779314609e-01) (13, 2.44962873232261735268e+00) (14, 2.98387079597185120861e+01) (15, 1.95965753331380199143e+00) (16, -2.00301057301950624634e+00) 
