FANN_FLO_2.1
num_layers=3
learning_rate=0.700000
connection_rate=1.000000
network_type=0
learning_momentum=0.000000
training_algorithm=2
train_error_function=1
train_stop_function=1
cascade_output_change_fraction=0.010000
quickprop_decay=-0.000100
quickprop_mu=1.750000
rprop_increase_factor=1.200000
rprop_decrease_factor=0.500000
rprop_delta_min=0.000000
rprop_delta_max=50.000000
rprop_delta_zero=0.100000
cascade_output_stagnation_epochs=12
cascade_candidate_change_fraction=0.010000
cascade_candidate_stagnation_epochs=12
cascade_max_out_epochs=150
cascade_min_out_epochs=50
cascade_max_cand_epochs=150
cascade_min_cand_epochs=50
cascade_num_candidate_groups=2
bit_fail_limit=1.00000000000000005551e-01
cascade_candidate_limit=1.00000000000000000000e+03
cascade_weight_multiplier=4.00000000000000022204e-01
cascade_activation_functions_count=10
cascade_activation_functions=3 5 7 8 10 11 14 15 16 17 
cascade_activation_steepnesses_count=4
cascade_activation_steepnesses=2.50000000000000000000e-01 5.00000000000000000000e-01 7.50000000000000000000e-01 1.00000000000000000000e+00 
layer_sizes=7 4 2 
scale_included=0
neurons (num_inputs, activation_function, activation_steepness)=(0, 0, 0.00000000000000000000e+00) (0, 0, 0.00000000000000000000e+00) (0, 0, 0.00000000000000000000e+00) (0, 0, 0.00000000000000000000e+00) (0, 0, 0.00000000000000000000e+00) (0, 0, 0.00000000000000000000e+00) (0, 0, 0.00000000000000000000e+00) (7, 6, 5.00000000000000000000e-01) (7, 6, 5.00000000000000000000e-01) (7, 6, 5.00000000000000000000e-01) (0, 6, 0.00000000000000000000e+00) (4, 4, 5.00000000000000000000e-01) (0, 4, 0.00000000000000000000e+00) 
connections (connected_to_neuron, weight)=(0, 1.59058449569541004998e+00) (1, 4.81007598134987390814e-01) (2, -1.30591926168041236878e+01) (3, -1.46796449605392398396e-01) (4, -8.59873507505293788178e-02) (5, -2.14922234995377603450e-01) (6, 1.67984929833012586187e+00) (0, -4.90618748250138914102e+00) (1, 6.25113385065884585856e+00) (2, -1.97372454818190462555e-01) (3, -1.66010367871442632293e+00) (4, -5.67293866183899875288e-01) (5, 1.87297637017884799349e+00) (6, -1.73273082664118760476e+00) (0, -1.40880997342770286629e+00) (1, -8.05599802748965254651e-01) (2, 6.48981394581635129271e+00) (3, 7.99206115422422258554e-01) (4, 8.19902099785978166757e-01) (5, 2.35869715899919496493e+00) (6, -1.32297085089390442647e+00) (7, -3.83189800083391185481e+00) (8, 3.38092385140523843390e+00) (9, 3.95975219234788622380e-01) (10, -4.30061179483823430303e+00) 
