FANN_FLO_2.1
num_layers=3
learning_rate=0.700000
connection_rate=1.000000
network_type=0
learning_momentum=0.000000
training_algorithm=2
train_error_function=1
train_stop_function=1
cascade_output_change_fraction=0.010000
quickprop_decay=-0.000100
quickprop_mu=1.750000
rprop_increase_factor=1.200000
rprop_decrease_factor=0.500000
rprop_delta_min=0.000000
rprop_delta_max=50.000000
rprop_delta_zero=0.100000
cascade_output_stagnation_epochs=12
cascade_candidate_change_fraction=0.010000
cascade_candidate_stagnation_epochs=12
cascade_max_out_epochs=150
cascade_min_out_epochs=50
cascade_max_cand_epochs=150
cascade_min_cand_epochs=50
cascade_num_candidate_groups=2
bit_fail_limit=1.00000000000000005551e-01
cascade_candidate_limit=1.00000000000000000000e+03
cascade_weight_multiplier=4.00000000000000022204e-01
cascade_activation_functions_count=10
cascade_activation_functions=3 5 7 8 10 11 14 15 16 17 
cascade_activation_steepnesses_count=4
cascade_activation_steepnesses=2.50000000000000000000e-01 5.00000000000000000000e-01 7.50000000000000000000e-01 1.00000000000000000000e+00 
layer_sizes=6 4 2 
scale_included=0
neurons (num_inputs, activation_function, activation_steepness)=(0, 0, 0.00000000000000000000e+00) (0, 0, 0.00000000000000000000e+00) (0, 0, 0.00000000000000000000e+00) (0, 0, 0.00000000000000000000e+00) (0, 0, 0.00000000000000000000e+00) (0, 0, 0.00000000000000000000e+00) (6, 6, 5.00000000000000000000e-01) (6, 6, 5.00000000000000000000e-01) (6, 6, 5.00000000000000000000e-01) (0, 6, 0.00000000000000000000e+00) (4, 4, 5.00000000000000000000e-01) (0, 4, 0.00000000000000000000e+00) 
connections (connected_to_neuron, weight)=(0, 2.38569745756338891240e+00) (1, 1.94606644395059835695e+00) (2, -1.02220174933907159698e+00) (3, -3.86726331620929286714e-01) (4, 1.50000000000000000000e+03) (5, -1.79268618033120308297e+00) (0, 1.01165305091970481044e+00) (1, 1.32084538952316821181e+00) (2, -1.19416620320402552813e-01) (3, -2.24760541139345682016e-01) (4, 1.50000000000000000000e+03) (5, -6.88017508491330920251e-02) (0, -6.35143726226500149323e+00) (1, -7.31004744107447868018e-01) (2, 5.62324061059849444888e+00) (3, 2.17249294975156104215e+00) (4, 1.50000000000000000000e+03) (5, 2.06490654930695960445e+00) (6, 1.31231590281837725342e+02) (7, 3.69994082780353394924e-01) (8, -1.59134209266675363814e+00) (9, -1.33383476295837599679e+00) 
