FANN_FLO_2.1
num_layers=3
learning_rate=0.700000
connection_rate=1.000000
network_type=0
learning_momentum=0.000000
training_algorithm=2
train_error_function=1
train_stop_function=1
cascade_output_change_fraction=0.010000
quickprop_decay=-0.000100
quickprop_mu=1.750000
rprop_increase_factor=1.200000
rprop_decrease_factor=0.500000
rprop_delta_min=0.000000
rprop_delta_max=50.000000
rprop_delta_zero=0.100000
cascade_output_stagnation_epochs=12
cascade_candidate_change_fraction=0.010000
cascade_candidate_stagnation_epochs=12
cascade_max_out_epochs=150
cascade_min_out_epochs=50
cascade_max_cand_epochs=150
cascade_min_cand_epochs=50
cascade_num_candidate_groups=2
bit_fail_limit=1.00000000000000005551e-01
cascade_candidate_limit=1.00000000000000000000e+03
cascade_weight_multiplier=4.00000000000000022204e-01
cascade_activation_functions_count=10
cascade_activation_functions=3 5 7 8 10 11 14 15 16 17 
cascade_activation_steepnesses_count=4
cascade_activation_steepnesses=2.50000000000000000000e-01 5.00000000000000000000e-01 7.50000000000000000000e-01 1.00000000000000000000e+00 
layer_sizes=9 4 2 
scale_included=0
neurons (num_inputs, activation_function, activation_steepness)=(0, 0, 0.00000000000000000000e+00) (0, 0, 0.00000000000000000000e+00) (0, 0, 0.00000000000000000000e+00) (0, 0, 0.00000000000000000000e+00) (0, 0, 0.00000000000000000000e+00) (0, 0, 0.00000000000000000000e+00) (0, 0, 0.00000000000000000000e+00) (0, 0, 0.00000000000000000000e+00) (0, 0, 0.00000000000000000000e+00) (9, 6, 5.00000000000000000000e-01) (9, 6, 5.00000000000000000000e-01) (9, 6, 5.00000000000000000000e-01) (0, 6, 0.00000000000000000000e+00) (4, 4, 5.00000000000000000000e-01) (0, 4, 0.00000000000000000000e+00) 
connections (connected_to_neuron, weight)=(0, 4.26697583502181743143e+00) (1, -3.13239165323248913708e+00) (2, -1.64978614893287089949e+00) (3, -2.61496581119200177667e+00) (4, 1.73161094362525913581e+00) (5, -1.24975669013324064416e+00) (6, -1.40474109697162230503e+00) (7, 8.22088057311582631748e-01) (8, 2.92135514643026672488e+00) (0, -1.53169247767081628808e+00) (1, -6.97942548418826635981e-01) (2, 1.31167530608496676336e+01) (3, 1.27274734196453320756e+00) (4, 3.50241319638586387497e-02) (5, -6.42894937278100320199e-01) (6, -1.53996093755133944825e+00) (7, -1.35301899710713025016e+00) (8, -6.61911886414826344804e-01) (0, 3.75669171185459704887e+00) (1, -2.32613604365498316540e+00) (2, -1.74325830933183101301e+00) (3, -2.92636599861378599030e+00) (4, 1.81665617347390573322e+00) (5, -2.08278417119952985459e+00) (6, -1.44080762319289945594e+00) (7, 8.13052088756041624329e-01) (8, 2.90360729720426880007e+00) (9, -4.99954282592427023957e+00) (10, 1.27874593363923749756e+00) (11, -5.01117920975577035847e+00) (12, -2.23390386596205470227e+00) 
