FANN_FLO_2.1
num_layers=3
learning_rate=0.700000
connection_rate=1.000000
network_type=0
learning_momentum=0.000000
training_algorithm=2
train_error_function=1
train_stop_function=1
cascade_output_change_fraction=0.010000
quickprop_decay=-0.000100
quickprop_mu=1.750000
rprop_increase_factor=1.200000
rprop_decrease_factor=0.500000
rprop_delta_min=0.000000
rprop_delta_max=50.000000
rprop_delta_zero=0.100000
cascade_output_stagnation_epochs=12
cascade_candidate_change_fraction=0.010000
cascade_candidate_stagnation_epochs=12
cascade_max_out_epochs=150
cascade_min_out_epochs=50
cascade_max_cand_epochs=150
cascade_min_cand_epochs=50
cascade_num_candidate_groups=2
bit_fail_limit=1.00000000000000005551e-01
cascade_candidate_limit=1.00000000000000000000e+03
cascade_weight_multiplier=4.00000000000000022204e-01
cascade_activation_functions_count=10
cascade_activation_functions=3 5 7 8 10 11 14 15 16 17 
cascade_activation_steepnesses_count=4
cascade_activation_steepnesses=2.50000000000000000000e-01 5.00000000000000000000e-01 7.50000000000000000000e-01 1.00000000000000000000e+00 
layer_sizes=9 4 2 
scale_included=0
neurons (num_inputs, activation_function, activation_steepness)=(0, 0, 0.00000000000000000000e+00) (0, 0, 0.00000000000000000000e+00) (0, 0, 0.00000000000000000000e+00) (0, 0, 0.00000000000000000000e+00) (0, 0, 0.00000000000000000000e+00) (0, 0, 0.00000000000000000000e+00) (0, 0, 0.00000000000000000000e+00) (0, 0, 0.00000000000000000000e+00) (0, 0, 0.00000000000000000000e+00) (9, 6, 5.00000000000000000000e-01) (9, 6, 5.00000000000000000000e-01) (9, 6, 5.00000000000000000000e-01) (0, 6, 0.00000000000000000000e+00) (4, 4, 5.00000000000000000000e-01) (0, 4, 0.00000000000000000000e+00) 
connections (connected_to_neuron, weight)=(0, -1.87552559472320790057e+00) (1, 1.13127438691729520492e+00) (2, 2.20695948860773416556e+00) (3, 1.21678769217267679359e+00) (4, 1.02428605319725951617e+00) (5, 7.31566850593881157216e-01) (6, -6.95426789426985547671e-02) (7, -6.80210337517802576812e-01) (8, -1.60563909769784918247e+00) (0, 2.59553953713911322865e+00) (1, -2.62105638150951625320e+00) (2, -1.58130559697742456571e+00) (3, -7.80328060871839479518e-01) (4, -4.25273508711237646640e-01) (5, -1.08045484730303925636e-01) (6, 1.47638885849922329996e+00) (7, -5.52046963591346084854e-02) (8, 2.68110442615288047108e+00) (0, 2.60685150033968238148e+00) (1, -2.67370826368114711258e+00) (2, -1.61628487333650583402e+00) (3, -7.26736660486936525416e-01) (4, -3.31925042851347662509e-01) (5, 6.23272369360825528872e-02) (6, 9.29144071775282576198e-01) (7, 6.55236899664312505420e-03) (8, 2.73066196299331931385e+00) (9, 5.02129037340294281933e+00) (10, -4.22004561906144992633e+00) (11, -4.19703820010111705585e+00) (12, -1.53230062541425682276e+00) 
