FANN_FLO_2.1
num_layers=3
learning_rate=0.700000
connection_rate=1.000000
network_type=0
learning_momentum=0.000000
training_algorithm=2
train_error_function=1
train_stop_function=1
cascade_output_change_fraction=0.010000
quickprop_decay=-0.000100
quickprop_mu=1.750000
rprop_increase_factor=1.200000
rprop_decrease_factor=0.500000
rprop_delta_min=0.000000
rprop_delta_max=50.000000
rprop_delta_zero=0.100000
cascade_output_stagnation_epochs=12
cascade_candidate_change_fraction=0.010000
cascade_candidate_stagnation_epochs=12
cascade_max_out_epochs=150
cascade_min_out_epochs=50
cascade_max_cand_epochs=150
cascade_min_cand_epochs=50
cascade_num_candidate_groups=2
bit_fail_limit=1.00000000000000005551e-01
cascade_candidate_limit=1.00000000000000000000e+03
cascade_weight_multiplier=4.00000000000000022204e-01
cascade_activation_functions_count=10
cascade_activation_functions=3 5 7 8 10 11 14 15 16 17 
cascade_activation_steepnesses_count=4
cascade_activation_steepnesses=2.50000000000000000000e-01 5.00000000000000000000e-01 7.50000000000000000000e-01 1.00000000000000000000e+00 
layer_sizes=9 4 2 
scale_included=0
neurons (num_inputs, activation_function, activation_steepness)=(0, 0, 0.00000000000000000000e+00) (0, 0, 0.00000000000000000000e+00) (0, 0, 0.00000000000000000000e+00) (0, 0, 0.00000000000000000000e+00) (0, 0, 0.00000000000000000000e+00) (0, 0, 0.00000000000000000000e+00) (0, 0, 0.00000000000000000000e+00) (0, 0, 0.00000000000000000000e+00) (0, 0, 0.00000000000000000000e+00) (9, 6, 5.00000000000000000000e-01) (9, 6, 5.00000000000000000000e-01) (9, 6, 5.00000000000000000000e-01) (0, 6, 0.00000000000000000000e+00) (4, 4, 5.00000000000000000000e-01) (0, 4, 0.00000000000000000000e+00) 
connections (connected_to_neuron, weight)=(0, -1.30377775915495042192e+00) (1, 1.60464693768850463762e+00) (2, 2.26582010700969060935e+00) (3, 2.63420505700243889891e-01) (4, 1.09136776931417600611e-01) (5, -1.28536763200940901131e-01) (6, -6.21794608276441729267e-01) (7, -4.79627710621908398547e-01) (8, -1.74576478210128560598e-01) (0, -1.33521412617267631884e-01) (1, 3.44866354326310686762e-01) (2, 6.62926728026138611938e-01) (3, 6.66559509147856138478e-02) (4, 2.13497916929519249152e-02) (5, -9.08329695090048933048e-02) (6, -3.55176218194512116622e-01) (7, -4.56403002483395325850e-01) (8, 5.30145258084542270183e-02) (0, 2.31221413149148702360e+00) (1, -8.57133033205581007508e+00) (2, -5.26104911653776374791e-01) (3, -2.07587613562121992006e-01) (4, 2.27308518009417481753e-01) (5, 1.11069085822586610668e+00) (6, 2.00704297140146215028e+00) (7, 1.98721797481084783144e+00) (8, 2.28878114654332875944e+00) (9, 5.87676393197134050439e-01) (10, 4.92291023965432339438e-01) (11, -4.24497539849039196014e+00) (12, -1.16530118066997134818e+00) 
