FANN_FLO_2.1
num_layers=3
learning_rate=0.700000
connection_rate=1.000000
network_type=0
learning_momentum=0.000000
training_algorithm=2
train_error_function=1
train_stop_function=1
cascade_output_change_fraction=0.010000
quickprop_decay=-0.000100
quickprop_mu=1.750000
rprop_increase_factor=1.200000
rprop_decrease_factor=0.500000
rprop_delta_min=0.000000
rprop_delta_max=50.000000
rprop_delta_zero=0.100000
cascade_output_stagnation_epochs=12
cascade_candidate_change_fraction=0.010000
cascade_candidate_stagnation_epochs=12
cascade_max_out_epochs=150
cascade_min_out_epochs=50
cascade_max_cand_epochs=150
cascade_min_cand_epochs=50
cascade_num_candidate_groups=2
bit_fail_limit=1.00000000000000005551e-01
cascade_candidate_limit=1.00000000000000000000e+03
cascade_weight_multiplier=4.00000000000000022204e-01
cascade_activation_functions_count=10
cascade_activation_functions=3 5 7 8 10 11 14 15 16 17 
cascade_activation_steepnesses_count=4
cascade_activation_steepnesses=2.50000000000000000000e-01 5.00000000000000000000e-01 7.50000000000000000000e-01 1.00000000000000000000e+00 
layer_sizes=11 4 2 
scale_included=0
neurons (num_inputs, activation_function, activation_steepness)=(0, 0, 0.00000000000000000000e+00) (0, 0, 0.00000000000000000000e+00) (0, 0, 0.00000000000000000000e+00) (0, 0, 0.00000000000000000000e+00) (0, 0, 0.00000000000000000000e+00) (0, 0, 0.00000000000000000000e+00) (0, 0, 0.00000000000000000000e+00) (0, 0, 0.00000000000000000000e+00) (0, 0, 0.00000000000000000000e+00) (0, 0, 0.00000000000000000000e+00) (0, 0, 0.00000000000000000000e+00) (11, 6, 5.00000000000000000000e-01) (11, 6, 5.00000000000000000000e-01) (11, 6, 5.00000000000000000000e-01) (0, 6, 0.00000000000000000000e+00) (4, 4, 5.00000000000000000000e-01) (0, 4, 0.00000000000000000000e+00) 
connections (connected_to_neuron, weight)=(0, 1.35484560160298150855e+00) (1, -2.53648179895035763565e+00) (2, 2.08519822566811618980e-01) (3, 3.38011076023133794077e-01) (4, 6.40331925758874875854e-01) (5, 4.68159678594433414922e-01) (6, 6.66552942884399285406e-02) (7, -2.18059232929212631902e+00) (8, -3.46707803529406444198e-01) (9, 5.66421062351172110994e+00) (10, 3.79114170839341679820e-01) (0, -6.76102637918395643624e-01) (1, 8.75315521830939191616e-01) (2, 2.58643763343149091227e-01) (3, -1.46763071704769446080e-02) (4, -2.51565641921047911111e-01) (5, 7.88240909289455171649e-02) (6, 2.01920841236660209006e-01) (7, 1.80197681351912164516e-01) (8, 2.35127585991633109019e-01) (9, -5.68348817201060896309e-01) (10, -1.20965604302847223872e-01) (0, 1.49437656952400010901e+00) (1, -2.68087116009346981826e+00) (2, 1.12146763711278019127e-01) (3, 2.85726827849896947153e-01) (4, 6.62185931512868863891e-01) (5, 3.37888795153462040410e-01) (6, 3.96635544193221917242e-02) (7, -8.07809766339833812410e-01) (8, -3.35127671581412212021e-01) (9, 5.74721921832268378694e+00) (10, 3.97584115435632268198e-01) (11, -3.21194210794432066791e+00) (12, 1.08598673251500632553e+00) (13, -7.11756883315449151439e+00) (14, -2.58782835009058909126e-01) 
