FANN_FLO_2.1
num_layers=3
learning_rate=0.700000
connection_rate=1.000000
network_type=0
learning_momentum=0.000000
training_algorithm=2
train_error_function=1
train_stop_function=1
cascade_output_change_fraction=0.010000
quickprop_decay=-0.000100
quickprop_mu=1.750000
rprop_increase_factor=1.200000
rprop_decrease_factor=0.500000
rprop_delta_min=0.000000
rprop_delta_max=50.000000
rprop_delta_zero=0.100000
cascade_output_stagnation_epochs=12
cascade_candidate_change_fraction=0.010000
cascade_candidate_stagnation_epochs=12
cascade_max_out_epochs=150
cascade_min_out_epochs=50
cascade_max_cand_epochs=150
cascade_min_cand_epochs=50
cascade_num_candidate_groups=2
bit_fail_limit=1.00000000000000005551e-01
cascade_candidate_limit=1.00000000000000000000e+03
cascade_weight_multiplier=4.00000000000000022204e-01
cascade_activation_functions_count=10
cascade_activation_functions=3 5 7 8 10 11 14 15 16 17 
cascade_activation_steepnesses_count=4
cascade_activation_steepnesses=2.50000000000000000000e-01 5.00000000000000000000e-01 7.50000000000000000000e-01 1.00000000000000000000e+00 
layer_sizes=6 4 2 
scale_included=0
neurons (num_inputs, activation_function, activation_steepness)=(0, 0, 0.00000000000000000000e+00) (0, 0, 0.00000000000000000000e+00) (0, 0, 0.00000000000000000000e+00) (0, 0, 0.00000000000000000000e+00) (0, 0, 0.00000000000000000000e+00) (0, 0, 0.00000000000000000000e+00) (6, 6, 5.00000000000000000000e-01) (6, 6, 5.00000000000000000000e-01) (6, 6, 5.00000000000000000000e-01) (0, 6, 0.00000000000000000000e+00) (4, 4, 5.00000000000000000000e-01) (0, 4, 0.00000000000000000000e+00) 
connections (connected_to_neuron, weight)=(0, -1.20579393087192254796e+00) (1, 1.11895500327158750054e+01) (2, -1.91819124643709204570e-01) (3, -2.34149018893044180700e-01) (4, -9.82108986838044195622e+00) (5, -4.76165133197437207002e+00) (0, 3.30100561212437204617e+00) (1, 2.94115009409305150356e+00) (2, -2.72809369746537744295e-01) (3, -1.06251837308404173399e+00) (4, 1.82338711885961934911e+00) (5, -3.25149069369621912529e+00) (0, -5.38420457416375453086e-01) (1, 5.43418661109268841258e-01) (2, 1.62343065935698738222e+00) (3, 2.64430630529047139277e+00) (4, 5.68146009491992454166e-01) (5, 8.96777796217934941581e+00) (6, 3.55770146413351895376e+00) (7, 7.36500337624192553676e+01) (8, -6.52901105297086115087e-01) (9, -6.77420258236405503638e-01) 
