FANN_FLO_2.1
num_layers=3
learning_rate=0.700000
connection_rate=1.000000
network_type=0
learning_momentum=0.000000
training_algorithm=2
train_error_function=1
train_stop_function=1
cascade_output_change_fraction=0.010000
quickprop_decay=-0.000100
quickprop_mu=1.750000
rprop_increase_factor=1.200000
rprop_decrease_factor=0.500000
rprop_delta_min=0.000000
rprop_delta_max=50.000000
rprop_delta_zero=0.100000
cascade_output_stagnation_epochs=12
cascade_candidate_change_fraction=0.010000
cascade_candidate_stagnation_epochs=12
cascade_max_out_epochs=150
cascade_min_out_epochs=50
cascade_max_cand_epochs=150
cascade_min_cand_epochs=50
cascade_num_candidate_groups=2
bit_fail_limit=1.00000000000000005551e-01
cascade_candidate_limit=1.00000000000000000000e+03
cascade_weight_multiplier=4.00000000000000022204e-01
cascade_activation_functions_count=10
cascade_activation_functions=3 5 7 8 10 11 14 15 16 17 
cascade_activation_steepnesses_count=4
cascade_activation_steepnesses=2.50000000000000000000e-01 5.00000000000000000000e-01 7.50000000000000000000e-01 1.00000000000000000000e+00 
layer_sizes=9 4 2 
scale_included=0
neurons (num_inputs, activation_function, activation_steepness)=(0, 0, 0.00000000000000000000e+00) (0, 0, 0.00000000000000000000e+00) (0, 0, 0.00000000000000000000e+00) (0, 0, 0.00000000000000000000e+00) (0, 0, 0.00000000000000000000e+00) (0, 0, 0.00000000000000000000e+00) (0, 0, 0.00000000000000000000e+00) (0, 0, 0.00000000000000000000e+00) (0, 0, 0.00000000000000000000e+00) (9, 6, 5.00000000000000000000e-01) (9, 6, 5.00000000000000000000e-01) (9, 6, 5.00000000000000000000e-01) (0, 6, 0.00000000000000000000e+00) (4, 4, 5.00000000000000000000e-01) (0, 4, 0.00000000000000000000e+00) 
connections (connected_to_neuron, weight)=(0, 4.91425507512224335471e+00) (1, -3.32217607744128073932e+00) (2, -1.54715569666293450979e+00) (3, -1.67509719418660840695e+00) (4, 2.28305108432791947770e-01) (5, 1.40945028860353493982e+00) (6, 1.36218771685146355921e+00) (7, 1.42732071478151345545e+00) (8, 1.96419970958275236228e+00) (0, -4.25867092022670057361e+00) (1, 1.34216317015777963917e+00) (2, 1.16412377436036296174e+00) (3, 2.63193137544318123133e+00) (4, 5.39799736520294115572e-01) (5, -1.57400888230619351305e+00) (6, -1.60943673204598347581e+00) (7, -1.65219786789235989488e+00) (8, -9.63786468542583540930e-01) (0, -4.17505515525115278308e+00) (1, 1.40604442584406275074e+00) (2, 1.26172953922623820588e+00) (3, 2.58487303155585212977e+00) (4, 1.25411806206780551687e-01) (5, -1.51733569826898495592e+00) (6, -1.52243728961763302721e+00) (7, -1.52374593939599911607e+00) (8, -1.04433743718958660374e+00) (9, -4.73006729274831183574e+00) (10, 3.13915243861257620139e+00) (11, 3.07063864287912435813e+00) (12, -1.02520864520169063816e+00) 
