FANN_FLO_2.1
num_layers=3
learning_rate=0.700000
connection_rate=1.000000
network_type=0
learning_momentum=0.000000
training_algorithm=2
train_error_function=1
train_stop_function=1
cascade_output_change_fraction=0.010000
quickprop_decay=-0.000100
quickprop_mu=1.750000
rprop_increase_factor=1.200000
rprop_decrease_factor=0.500000
rprop_delta_min=0.000000
rprop_delta_max=50.000000
rprop_delta_zero=0.100000
cascade_output_stagnation_epochs=12
cascade_candidate_change_fraction=0.010000
cascade_candidate_stagnation_epochs=12
cascade_max_out_epochs=150
cascade_min_out_epochs=50
cascade_max_cand_epochs=150
cascade_min_cand_epochs=50
cascade_num_candidate_groups=2
bit_fail_limit=1.00000000000000005551e-01
cascade_candidate_limit=1.00000000000000000000e+03
cascade_weight_multiplier=4.00000000000000022204e-01
cascade_activation_functions_count=10
cascade_activation_functions=3 5 7 8 10 11 14 15 16 17 
cascade_activation_steepnesses_count=4
cascade_activation_steepnesses=2.50000000000000000000e-01 5.00000000000000000000e-01 7.50000000000000000000e-01 1.00000000000000000000e+00 
layer_sizes=11 4 2 
scale_included=0
neurons (num_inputs, activation_function, activation_steepness)=(0, 0, 0.00000000000000000000e+00) (0, 0, 0.00000000000000000000e+00) (0, 0, 0.00000000000000000000e+00) (0, 0, 0.00000000000000000000e+00) (0, 0, 0.00000000000000000000e+00) (0, 0, 0.00000000000000000000e+00) (0, 0, 0.00000000000000000000e+00) (0, 0, 0.00000000000000000000e+00) (0, 0, 0.00000000000000000000e+00) (0, 0, 0.00000000000000000000e+00) (0, 0, 0.00000000000000000000e+00) (11, 6, 5.00000000000000000000e-01) (11, 6, 5.00000000000000000000e-01) (11, 6, 5.00000000000000000000e-01) (0, 6, 0.00000000000000000000e+00) (4, 4, 5.00000000000000000000e-01) (0, 4, 0.00000000000000000000e+00) 
connections (connected_to_neuron, weight)=(0, -2.87222575261016910275e+00) (1, 8.18843823838454056840e+01) (2, 8.18840165752392579179e+01) (3, 1.40771426481277273091e+00) (4, 5.74796738347684410542e-01) (5, 1.21016905853745182498e+00) (6, 8.18018325659852791887e+01) (7, 8.18451199996691514116e+01) (8, 1.00563761531986162190e+00) (9, 8.17490640896778870683e+01) (10, -8.45350122809613857555e-01) (0, 3.31176756783743542201e+00) (1, 1.78001688719714650233e+01) (2, 1.78936828077758320887e+01) (3, -7.41435991980267994350e-01) (4, -1.29847121245797159084e+00) (5, -7.06408766318506464721e-01) (6, 1.77996533141458996852e+01) (7, 1.78289018870318898280e+01) (8, -1.95077973964493001091e-01) (9, 1.77591182739461430629e+01) (10, 4.11771188706670898672e-01) (0, -4.88210895206380446343e-01) (1, 2.47120681875651548864e+00) (2, 2.31943970644181440832e+00) (3, 3.61987093710485985376e-01) (4, 8.85902076576361094395e-03) (5, -8.89818495934892594867e-02) (6, 2.38869477534001539709e+00) (7, 2.31116886907523344519e+00) (8, -1.28240403156245741378e-01) (9, 2.39879224174922178747e+00) (10, 2.40164482529715783699e-01) (11, 1.65302476203789652232e+01) (12, -6.27292616556122517579e+00) (13, -1.03076734661724622732e-01) (14, -5.76273394434128172215e-01) 
