FANN_FLO_2.1
num_layers=3
learning_rate=0.700000
connection_rate=1.000000
network_type=0
learning_momentum=0.000000
training_algorithm=2
train_error_function=1
train_stop_function=1
cascade_output_change_fraction=0.010000
quickprop_decay=-0.000100
quickprop_mu=1.750000
rprop_increase_factor=1.200000
rprop_decrease_factor=0.500000
rprop_delta_min=0.000000
rprop_delta_max=50.000000
rprop_delta_zero=0.100000
cascade_output_stagnation_epochs=12
cascade_candidate_change_fraction=0.010000
cascade_candidate_stagnation_epochs=12
cascade_max_out_epochs=150
cascade_min_out_epochs=50
cascade_max_cand_epochs=150
cascade_min_cand_epochs=50
cascade_num_candidate_groups=2
bit_fail_limit=1.00000000000000005551e-01
cascade_candidate_limit=1.00000000000000000000e+03
cascade_weight_multiplier=4.00000000000000022204e-01
cascade_activation_functions_count=10
cascade_activation_functions=3 5 7 8 10 11 14 15 16 17 
cascade_activation_steepnesses_count=4
cascade_activation_steepnesses=2.50000000000000000000e-01 5.00000000000000000000e-01 7.50000000000000000000e-01 1.00000000000000000000e+00 
layer_sizes=11 4 2 
scale_included=0
neurons (num_inputs, activation_function, activation_steepness)=(0, 0, 0.00000000000000000000e+00) (0, 0, 0.00000000000000000000e+00) (0, 0, 0.00000000000000000000e+00) (0, 0, 0.00000000000000000000e+00) (0, 0, 0.00000000000000000000e+00) (0, 0, 0.00000000000000000000e+00) (0, 0, 0.00000000000000000000e+00) (0, 0, 0.00000000000000000000e+00) (0, 0, 0.00000000000000000000e+00) (0, 0, 0.00000000000000000000e+00) (0, 0, 0.00000000000000000000e+00) (11, 6, 5.00000000000000000000e-01) (11, 6, 5.00000000000000000000e-01) (11, 6, 5.00000000000000000000e-01) (0, 6, 0.00000000000000000000e+00) (4, 4, 5.00000000000000000000e-01) (0, 4, 0.00000000000000000000e+00) 
connections (connected_to_neuron, weight)=(0, 7.91121066948935691698e+00) (1, -4.41955314183068992406e+00) (2, -1.28653898742518801868e+00) (3, -2.38485290840453245664e+00) (4, 4.54495289286801629203e+00) (5, -3.07773086443541066259e+00) (6, -3.85308323741199343360e+00) (7, -4.87287556998554138854e-01) (8, -3.99156016949396841298e+00) (9, -2.39354371068764804065e+00) (10, 5.52399470429164196617e+00) (0, 7.62822380087122464687e+00) (1, -1.14008944803127021395e+00) (2, -4.59682273963292087338e-01) (3, 2.49593128095738220340e-01) (4, 5.52771767934604807415e-01) (5, -2.24153199051034501821e+00) (6, -8.37804202222720739712e+00) (7, 1.15189887814049457537e-01) (8, -1.45940339113322847808e+00) (9, 6.72355442560315236245e-02) (10, 7.95336249136223361056e-01) (0, 1.28264046235368622817e+00) (1, -4.60192884491780695999e-01) (2, -8.70860879448126623537e-01) (3, -9.13483078933913505981e-02) (4, 4.03922430216512029499e-02) (5, -2.42083189928104847155e+00) (6, -1.06072272090717190096e+00) (7, -4.75230441116889001929e-01) (8, -1.30014720102686887060e+00) (9, -1.69142468126975475951e-01) (10, 2.91614459193722364017e-01) (11, -1.11024180715460815350e+02) (12, -4.32499628714954731379e-01) (13, -4.61529876200451383284e-01) (14, -2.83825148594506782018e+00) 
