FANN_FLO_2.1
num_layers=3
learning_rate=0.700000
connection_rate=1.000000
network_type=0
learning_momentum=0.000000
training_algorithm=2
train_error_function=1
train_stop_function=1
cascade_output_change_fraction=0.010000
quickprop_decay=-0.000100
quickprop_mu=1.750000
rprop_increase_factor=1.200000
rprop_decrease_factor=0.500000
rprop_delta_min=0.000000
rprop_delta_max=50.000000
rprop_delta_zero=0.100000
cascade_output_stagnation_epochs=12
cascade_candidate_change_fraction=0.010000
cascade_candidate_stagnation_epochs=12
cascade_max_out_epochs=150
cascade_min_out_epochs=50
cascade_max_cand_epochs=150
cascade_min_cand_epochs=50
cascade_num_candidate_groups=2
bit_fail_limit=1.00000000000000005551e-01
cascade_candidate_limit=1.00000000000000000000e+03
cascade_weight_multiplier=4.00000000000000022204e-01
cascade_activation_functions_count=10
cascade_activation_functions=3 5 7 8 10 11 14 15 16 17 
cascade_activation_steepnesses_count=4
cascade_activation_steepnesses=2.50000000000000000000e-01 5.00000000000000000000e-01 7.50000000000000000000e-01 1.00000000000000000000e+00 
layer_sizes=18 4 2 
scale_included=0
neurons (num_inputs, activation_function, activation_steepness)=(0, 0, 0.00000000000000000000e+00) (0, 0, 0.00000000000000000000e+00) (0, 0, 0.00000000000000000000e+00) (0, 0, 0.00000000000000000000e+00) (0, 0, 0.00000000000000000000e+00) (0, 0, 0.00000000000000000000e+00) (0, 0, 0.00000000000000000000e+00) (0, 0, 0.00000000000000000000e+00) (0, 0, 0.00000000000000000000e+00) (0, 0, 0.00000000000000000000e+00) (0, 0, 0.00000000000000000000e+00) (0, 0, 0.00000000000000000000e+00) (0, 0, 0.00000000000000000000e+00) (0, 0, 0.00000000000000000000e+00) (0, 0, 0.00000000000000000000e+00) (0, 0, 0.00000000000000000000e+00) (0, 0, 0.00000000000000000000e+00) (0, 0, 0.00000000000000000000e+00) (18, 6, 5.00000000000000000000e-01) (18, 6, 5.00000000000000000000e-01) (18, 6, 5.00000000000000000000e-01) (0, 6, 0.00000000000000000000e+00) (4, 4, 5.00000000000000000000e-01) (0, 4, 0.00000000000000000000e+00) 
connections (connected_to_neuron, weight)=(0, -1.06220533861182042656e+00) (1, 5.88024856140341434241e+00) (2, 5.80854118605580005408e+00) (3, -8.64034138813235985666e-01) (4, -8.70165137251096787452e-01) (5, -8.32411959960677849679e-01) (6, -2.37187206279278833820e-01) (7, -1.99691271325305885753e+00) (8, 5.82130865742888126135e+00) (9, -8.45298709024864258765e-01) (10, 1.48800689933658847330e+00) (11, -1.97492048055152524810e-01) (12, -3.60829115357122631735e+00) (13, -3.75884923782072277731e+00) (14, -3.73501741211734028525e+00) (15, -3.08505631517411171849e-01) (16, -2.74265169631482175205e-01) (17, -1.02354086313333758618e-01) (0, -2.61413229703577210117e+00) (1, 2.24483018670541012440e+00) (2, 2.24159332666856014882e+00) (3, -9.57274244626241888056e-01) (4, -1.50599214841203338233e-01) (5, -1.06699447845407124902e+00) (6, 2.50523666446718529244e-01) (7, -5.57872768948032060621e-01) (8, 2.32660967413645947133e+00) (9, -3.37612926140737679148e-01) (10, 9.69561376131784724564e-01) (11, -6.14849507965709030088e-01) (12, -1.31835324198506365079e+00) (13, -1.18126728266976366299e+00) (14, -1.16083108515046129483e+00) (15, 1.66691037421736021340e-01) (16, 1.34786265497717161477e-01) (17, 2.96180428603577738933e-01) (0, -1.14659813208840222210e+00) (1, 5.79341123988356265784e+00) (2, 5.89826576401915225745e+00) (3, -8.16884011223533379464e-01) (4, -5.43482009430604318112e-01) (5, -8.44208866551139580636e-01) (6, -3.87263893615246712621e-01) (7, -2.09471580674604362926e+00) (8, 5.88025583317007694006e+00) (9, -5.69801014025884011716e-01) (10, 1.33178608326078662394e+00) (11, -1.56726062208633054595e-01) (12, -3.73848265107593746848e+00) (13, -3.71054705675564022727e+00) (14, -3.77423921670637341208e+00) (15, -3.01085784565449654515e-01) (16, -3.92842925619126259740e-01) (17, 2.57653078851324046639e-01) (18, 5.90495300283159885169e+00) (19, 6.39807070406144262620e-01) (20, 5.90120841552939090491e+00) (21, 1.73679238357459880815e-01) 
