FANN_FLO_2.1
num_layers=3
learning_rate=0.700000
connection_rate=1.000000
network_type=0
learning_momentum=0.000000
training_algorithm=2
train_error_function=1
train_stop_function=1
cascade_output_change_fraction=0.010000
quickprop_decay=-0.000100
quickprop_mu=1.750000
rprop_increase_factor=1.200000
rprop_decrease_factor=0.500000
rprop_delta_min=0.000000
rprop_delta_max=50.000000
rprop_delta_zero=0.100000
cascade_output_stagnation_epochs=12
cascade_candidate_change_fraction=0.010000
cascade_candidate_stagnation_epochs=12
cascade_max_out_epochs=150
cascade_min_out_epochs=50
cascade_max_cand_epochs=150
cascade_min_cand_epochs=50
cascade_num_candidate_groups=2
bit_fail_limit=1.00000000000000005551e-01
cascade_candidate_limit=1.00000000000000000000e+03
cascade_weight_multiplier=4.00000000000000022204e-01
cascade_activation_functions_count=10
cascade_activation_functions=3 5 7 8 10 11 14 15 16 17 
cascade_activation_steepnesses_count=4
cascade_activation_steepnesses=2.50000000000000000000e-01 5.00000000000000000000e-01 7.50000000000000000000e-01 1.00000000000000000000e+00 
layer_sizes=11 4 2 
scale_included=0
neurons (num_inputs, activation_function, activation_steepness)=(0, 0, 0.00000000000000000000e+00) (0, 0, 0.00000000000000000000e+00) (0, 0, 0.00000000000000000000e+00) (0, 0, 0.00000000000000000000e+00) (0, 0, 0.00000000000000000000e+00) (0, 0, 0.00000000000000000000e+00) (0, 0, 0.00000000000000000000e+00) (0, 0, 0.00000000000000000000e+00) (0, 0, 0.00000000000000000000e+00) (0, 0, 0.00000000000000000000e+00) (0, 0, 0.00000000000000000000e+00) (11, 6, 5.00000000000000000000e-01) (11, 6, 5.00000000000000000000e-01) (11, 6, 5.00000000000000000000e-01) (0, 6, 0.00000000000000000000e+00) (4, 4, 5.00000000000000000000e-01) (0, 4, 0.00000000000000000000e+00) 
connections (connected_to_neuron, weight)=(0, 1.17387416199272420769e+00) (1, -6.53278515235030776687e-01) (2, 1.02614223495369416561e+00) (3, 5.93797972452530964382e-01) (4, 5.62440809150472120770e-01) (5, -1.00416215696432387094e-01) (6, -8.38270776497488512291e+00) (7, 1.83152529824475940323e-01) (8, -8.93153853429728084024e-01) (9, 4.96160989176383515620e-01) (10, 7.02702274231555956696e-01) (0, 1.15825971594793242225e+00) (1, -7.01964140430534011550e-01) (2, -1.41524563552638177333e-01) (3, 6.07464766156563862332e-01) (4, 5.01344625194802273604e-01) (5, -8.39995319033644827211e-02) (6, -7.84326597621864074483e+00) (7, 3.70300219844033495775e-01) (8, -1.93564050433272377694e-01) (9, 5.97818300715863060191e-01) (10, 8.15296590071609816874e-01) (0, 5.80899699041762573870e+00) (1, -4.16497410338267659569e+00) (2, -2.74508163791917336738e+00) (3, -2.11409567013812926817e+00) (4, 3.03775058864254265956e+00) (5, -3.99690348625949409822e+00) (6, -1.81594403566035222930e+00) (7, 8.36901945838776306630e-01) (8, -2.08367779334217217979e+00) (9, -2.11042113592903834984e+00) (10, 5.99080328584098609213e+00) (11, -1.32704945053699474578e+00) (12, -2.57132001097411455603e+00) (13, -1.12267328111525642953e+02) (14, -2.61564588319721735843e+00) 
