FANN_FLO_2.1
num_layers=3
learning_rate=0.700000
connection_rate=1.000000
network_type=0
learning_momentum=0.000000
training_algorithm=2
train_error_function=1
train_stop_function=1
cascade_output_change_fraction=0.010000
quickprop_decay=-0.000100
quickprop_mu=1.750000
rprop_increase_factor=1.200000
rprop_decrease_factor=0.500000
rprop_delta_min=0.000000
rprop_delta_max=50.000000
rprop_delta_zero=0.100000
cascade_output_stagnation_epochs=12
cascade_candidate_change_fraction=0.010000
cascade_candidate_stagnation_epochs=12
cascade_max_out_epochs=150
cascade_min_out_epochs=50
cascade_max_cand_epochs=150
cascade_min_cand_epochs=50
cascade_num_candidate_groups=2
bit_fail_limit=1.00000000000000005551e-01
cascade_candidate_limit=1.00000000000000000000e+03
cascade_weight_multiplier=4.00000000000000022204e-01
cascade_activation_functions_count=10
cascade_activation_functions=3 5 7 8 10 11 14 15 16 17 
cascade_activation_steepnesses_count=4
cascade_activation_steepnesses=2.50000000000000000000e-01 5.00000000000000000000e-01 7.50000000000000000000e-01 1.00000000000000000000e+00 
layer_sizes=9 4 2 
scale_included=0
neurons (num_inputs, activation_function, activation_steepness)=(0, 0, 0.00000000000000000000e+00) (0, 0, 0.00000000000000000000e+00) (0, 0, 0.00000000000000000000e+00) (0, 0, 0.00000000000000000000e+00) (0, 0, 0.00000000000000000000e+00) (0, 0, 0.00000000000000000000e+00) (0, 0, 0.00000000000000000000e+00) (0, 0, 0.00000000000000000000e+00) (0, 0, 0.00000000000000000000e+00) (9, 6, 5.00000000000000000000e-01) (9, 6, 5.00000000000000000000e-01) (9, 6, 5.00000000000000000000e-01) (0, 6, 0.00000000000000000000e+00) (4, 4, 5.00000000000000000000e-01) (0, 4, 0.00000000000000000000e+00) 
connections (connected_to_neuron, weight)=(0, -3.00958784758583330898e+00) (1, 2.29310612915984535221e+00) (2, 8.63963842851782182208e-01) (3, 2.73701967435863569023e+00) (4, 1.82456483930712032304e+00) (5, 2.49755243881490152091e+00) (6, 2.32256356417170906070e+00) (7, -8.04755696544606657916e-01) (8, -2.99180633663669848232e+00) (0, -2.00256161303056723355e+00) (1, 2.30592763959399604801e+00) (2, 8.99050899309778550617e-01) (3, 1.78548521492588840864e+00) (4, 1.83250630140667247758e+00) (5, 1.99402678857850257366e+00) (6, 2.43490186258103769035e+00) (7, -7.58501538524587126666e-01) (8, -2.92987241684929156094e+00) (0, -1.14120281277972829281e-01) (1, 4.85567646005015340904e-01) (2, 2.87849480482521014046e-02) (3, 3.26902634098224287307e-01) (4, 8.32892899173136691537e-01) (5, 1.13901310875878639117e-01) (6, 2.89464426678238795354e-01) (7, -1.61294875529015474536e-01) (8, 8.63812006263032783338e-02) (9, 1.09929866858874039082e+01) (10, 1.09872386225615219502e+01) (11, 1.12237423566017749388e-01) (12, -8.12824506041346928065e-01) 
