FANN_FLO_2.1
num_layers=3
learning_rate=0.700000
connection_rate=1.000000
network_type=0
learning_momentum=0.000000
training_algorithm=2
train_error_function=1
train_stop_function=1
cascade_output_change_fraction=0.010000
quickprop_decay=-0.000100
quickprop_mu=1.750000
rprop_increase_factor=1.200000
rprop_decrease_factor=0.500000
rprop_delta_min=0.000000
rprop_delta_max=50.000000
rprop_delta_zero=0.100000
cascade_output_stagnation_epochs=12
cascade_candidate_change_fraction=0.010000
cascade_candidate_stagnation_epochs=12
cascade_max_out_epochs=150
cascade_min_out_epochs=50
cascade_max_cand_epochs=150
cascade_min_cand_epochs=50
cascade_num_candidate_groups=2
bit_fail_limit=1.00000000000000005551e-01
cascade_candidate_limit=1.00000000000000000000e+03
cascade_weight_multiplier=4.00000000000000022204e-01
cascade_activation_functions_count=10
cascade_activation_functions=3 5 7 8 10 11 14 15 16 17 
cascade_activation_steepnesses_count=4
cascade_activation_steepnesses=2.50000000000000000000e-01 5.00000000000000000000e-01 7.50000000000000000000e-01 1.00000000000000000000e+00 
layer_sizes=9 4 2 
scale_included=0
neurons (num_inputs, activation_function, activation_steepness)=(0, 0, 0.00000000000000000000e+00) (0, 0, 0.00000000000000000000e+00) (0, 0, 0.00000000000000000000e+00) (0, 0, 0.00000000000000000000e+00) (0, 0, 0.00000000000000000000e+00) (0, 0, 0.00000000000000000000e+00) (0, 0, 0.00000000000000000000e+00) (0, 0, 0.00000000000000000000e+00) (0, 0, 0.00000000000000000000e+00) (9, 6, 5.00000000000000000000e-01) (9, 6, 5.00000000000000000000e-01) (9, 6, 5.00000000000000000000e-01) (0, 6, 0.00000000000000000000e+00) (4, 4, 5.00000000000000000000e-01) (0, 4, 0.00000000000000000000e+00) 
connections (connected_to_neuron, weight)=(0, 1.21621518047865229128e+00) (1, -1.12663577628277433718e+00) (2, -6.29648211032818538868e-01) (3, -3.76560567647041821715e+00) (4, -4.32718323680151228938e-01) (5, -5.99884021019047142254e-01) (6, -3.43519620369659495207e-01) (7, -3.42964865757528547530e-01) (8, 7.03616494397485969792e-01) (0, 8.49182127744530212965e+00) (1, -1.30470539369259319606e+00) (2, 3.21676063725254079984e+00) (3, -1.16731467244332964839e+00) (4, 3.17640824420034828535e-01) (5, 8.13957547149434912370e-01) (6, 2.96764204094832440006e+00) (7, 1.90864213889353040443e+00) (8, 5.19901647072688888329e+00) (0, -4.74301370073460670795e+00) (1, 3.95422959266871032469e+00) (2, 3.51286911189190220739e+00) (3, 1.39774414914064148974e+00) (4, 1.06296255159920383093e+00) (5, 1.09821076688274943400e+00) (6, -1.37510828436201348879e+00) (7, -1.17200987528887079492e+00) (8, -4.07561845179581627718e+00) (9, -1.49300496344844191299e+00) (10, -1.30391634633843311875e+00) (11, 9.62040618220068921573e+00) (12, -1.44970727755972195183e+00) 
