FANN_FLO_2.1
num_layers=3
learning_rate=0.700000
connection_rate=1.000000
network_type=0
learning_momentum=0.000000
training_algorithm=2
train_error_function=1
train_stop_function=1
cascade_output_change_fraction=0.010000
quickprop_decay=-0.000100
quickprop_mu=1.750000
rprop_increase_factor=1.200000
rprop_decrease_factor=0.500000
rprop_delta_min=0.000000
rprop_delta_max=50.000000
rprop_delta_zero=0.100000
cascade_output_stagnation_epochs=12
cascade_candidate_change_fraction=0.010000
cascade_candidate_stagnation_epochs=12
cascade_max_out_epochs=150
cascade_min_out_epochs=50
cascade_max_cand_epochs=150
cascade_min_cand_epochs=50
cascade_num_candidate_groups=2
bit_fail_limit=1.00000000000000005551e-01
cascade_candidate_limit=1.00000000000000000000e+03
cascade_weight_multiplier=4.00000000000000022204e-01
cascade_activation_functions_count=10
cascade_activation_functions=3 5 7 8 10 11 14 15 16 17 
cascade_activation_steepnesses_count=4
cascade_activation_steepnesses=2.50000000000000000000e-01 5.00000000000000000000e-01 7.50000000000000000000e-01 1.00000000000000000000e+00 
layer_sizes=18 4 2 
scale_included=0
neurons (num_inputs, activation_function, activation_steepness)=(0, 0, 0.00000000000000000000e+00) (0, 0, 0.00000000000000000000e+00) (0, 0, 0.00000000000000000000e+00) (0, 0, 0.00000000000000000000e+00) (0, 0, 0.00000000000000000000e+00) (0, 0, 0.00000000000000000000e+00) (0, 0, 0.00000000000000000000e+00) (0, 0, 0.00000000000000000000e+00) (0, 0, 0.00000000000000000000e+00) (0, 0, 0.00000000000000000000e+00) (0, 0, 0.00000000000000000000e+00) (0, 0, 0.00000000000000000000e+00) (0, 0, 0.00000000000000000000e+00) (0, 0, 0.00000000000000000000e+00) (0, 0, 0.00000000000000000000e+00) (0, 0, 0.00000000000000000000e+00) (0, 0, 0.00000000000000000000e+00) (0, 0, 0.00000000000000000000e+00) (18, 6, 5.00000000000000000000e-01) (18, 6, 5.00000000000000000000e-01) (18, 6, 5.00000000000000000000e-01) (0, 6, 0.00000000000000000000e+00) (4, 4, 5.00000000000000000000e-01) (0, 4, 0.00000000000000000000e+00) 
connections (connected_to_neuron, weight)=(0, 2.16644218653762976601e+00) (1, -3.13163321508669678650e+00) (2, -2.16675822078032709328e-01) (3, -1.17375586358706085477e+00) (4, -4.78848237247633701230e-01) (5, -2.61665008506320795334e+00) (6, -1.91968795616430099038e+00) (7, 7.13085026844022862313e-01) (8, 1.52314600985065273786e-01) (9, -9.82690608533866027940e-01) (10, 3.71445459570608349509e+00) (11, 7.59385126388689157828e-01) (12, -1.40481388313539679036e-01) (13, 3.69990529563150616355e+00) (14, -1.59560648033696961257e-02) (15, 3.74403866078577252097e+00) (16, -4.61709332892972779128e-02) (17, 9.84973270269916434394e-01) (0, 3.61326688273382012895e+00) (1, -3.16568766577744309387e+00) (2, -2.41927300034804559914e-01) (3, -1.21477500898639290128e+00) (4, -3.50487574768484577703e-01) (5, -2.60297514042400202072e+00) (6, -1.92946331162256057290e+00) (7, 7.50342698200224034188e-01) (8, 1.31925342123523525739e-01) (9, -8.11425073477274994005e-01) (10, 3.66719359602651806540e+00) (11, 8.95839932120462423271e-01) (12, -1.26927090925939733967e-01) (13, 3.72991569783411236472e+00) (14, -7.27071521112996888014e-02) (15, 3.76024212386331768698e+00) (16, -1.37936404092081243977e-01) (17, 6.30354390572848588548e-01) (0, -2.81899997621427411687e+00) (1, 2.07281056564234189565e+00) (2, 5.82033361546920202656e-01) (3, 1.15799748793529611035e+00) (4, 8.09174136373164487601e-01) (5, 5.90309230973448428870e+00) (6, 5.91142530729498538733e+00) (7, -3.25351056037090746731e-01) (8, 3.63036141442516113731e-01) (9, 1.41089757007968907843e+00) (10, -1.92636101652187163857e+00) (11, -2.77322389573370298166e-01) (12, 9.13626109118970686218e-01) (13, -1.83379557688039596108e+00) (14, 9.82595343943151289245e-01) (15, -1.84168870706361587075e+00) (16, 1.07456572061351174341e+00) (17, -6.10989144320612798111e-01) (18, -4.40165600648864163702e+00) (19, -4.36042688510163678473e+00) (20, 5.87280732383455905676e+00) (21, -2.42794790831279361232e-01) 
