FANN_FLO_2.1
num_layers=3
learning_rate=0.700000
connection_rate=1.000000
network_type=0
learning_momentum=0.000000
training_algorithm=2
train_error_function=1
train_stop_function=1
cascade_output_change_fraction=0.010000
quickprop_decay=-0.000100
quickprop_mu=1.750000
rprop_increase_factor=1.200000
rprop_decrease_factor=0.500000
rprop_delta_min=0.000000
rprop_delta_max=50.000000
rprop_delta_zero=0.100000
cascade_output_stagnation_epochs=12
cascade_candidate_change_fraction=0.010000
cascade_candidate_stagnation_epochs=12
cascade_max_out_epochs=150
cascade_min_out_epochs=50
cascade_max_cand_epochs=150
cascade_min_cand_epochs=50
cascade_num_candidate_groups=2
bit_fail_limit=1.00000000000000005551e-01
cascade_candidate_limit=1.00000000000000000000e+03
cascade_weight_multiplier=4.00000000000000022204e-01
cascade_activation_functions_count=10
cascade_activation_functions=3 5 7 8 10 11 14 15 16 17 
cascade_activation_steepnesses_count=4
cascade_activation_steepnesses=2.50000000000000000000e-01 5.00000000000000000000e-01 7.50000000000000000000e-01 1.00000000000000000000e+00 
layer_sizes=11 4 2 
scale_included=0
neurons (num_inputs, activation_function, activation_steepness)=(0, 0, 0.00000000000000000000e+00) (0, 0, 0.00000000000000000000e+00) (0, 0, 0.00000000000000000000e+00) (0, 0, 0.00000000000000000000e+00) (0, 0, 0.00000000000000000000e+00) (0, 0, 0.00000000000000000000e+00) (0, 0, 0.00000000000000000000e+00) (0, 0, 0.00000000000000000000e+00) (0, 0, 0.00000000000000000000e+00) (0, 0, 0.00000000000000000000e+00) (0, 0, 0.00000000000000000000e+00) (11, 6, 5.00000000000000000000e-01) (11, 6, 5.00000000000000000000e-01) (11, 6, 5.00000000000000000000e-01) (0, 6, 0.00000000000000000000e+00) (4, 4, 5.00000000000000000000e-01) (0, 4, 0.00000000000000000000e+00) 
connections (connected_to_neuron, weight)=(0, -4.58744476698396042025e+00) (1, 1.31148385877287143586e+00) (2, 7.86860822583890895388e-01) (3, 8.09382673319033796311e-01) (4, -7.22434843348123356677e-01) (5, 8.74884423181491954757e-01) (6, 1.53641140673428910901e+00) (7, -4.43619691242938207765e-01) (8, -1.99906066798921006056e-01) (9, 8.76927261405034408348e-01) (10, -1.70100779636206289602e+00) (0, -4.55236382797235883402e+00) (1, 1.27667295063411945222e+00) (2, 7.17679931666112769229e-01) (3, 8.62452730452220373003e-01) (4, -6.27658764289476422960e-01) (5, 1.96996593597197056091e+00) (6, 1.64551061231762307813e+00) (7, -5.84539711882834933654e-01) (8, -2.67697999161758348752e-01) (9, 8.41213056050582164147e-01) (10, -1.76410712851586004568e+00) (0, -2.66618675543534733308e+00) (1, 1.42978029573833698151e+00) (2, 6.85236050631261695010e-01) (3, 8.05190702492368792775e-01) (4, -1.43364401328225210541e+00) (5, 1.36667902102517135887e+00) (6, 1.26396760051833423333e+00) (7, -4.71293135037103072538e-01) (8, -2.21487978381195216304e-01) (9, 9.22039468936963424461e-01) (10, -1.84571273328447627016e+00) (11, 8.24392906642602696365e+01) (12, 3.54335088669765809755e+02) (13, 5.54238960350892018170e+00) (14, -1.54808427942539084121e+00) 
