FANN_FLO_2.1
num_layers=3
learning_rate=0.700000
connection_rate=1.000000
network_type=0
learning_momentum=0.000000
training_algorithm=2
train_error_function=1
train_stop_function=1
cascade_output_change_fraction=0.010000
quickprop_decay=-0.000100
quickprop_mu=1.750000
rprop_increase_factor=1.200000
rprop_decrease_factor=0.500000
rprop_delta_min=0.000000
rprop_delta_max=50.000000
rprop_delta_zero=0.100000
cascade_output_stagnation_epochs=12
cascade_candidate_change_fraction=0.010000
cascade_candidate_stagnation_epochs=12
cascade_max_out_epochs=150
cascade_min_out_epochs=50
cascade_max_cand_epochs=150
cascade_min_cand_epochs=50
cascade_num_candidate_groups=2
bit_fail_limit=1.00000000000000005551e-01
cascade_candidate_limit=1.00000000000000000000e+03
cascade_weight_multiplier=4.00000000000000022204e-01
cascade_activation_functions_count=10
cascade_activation_functions=3 5 7 8 10 11 14 15 16 17 
cascade_activation_steepnesses_count=4
cascade_activation_steepnesses=2.50000000000000000000e-01 5.00000000000000000000e-01 7.50000000000000000000e-01 1.00000000000000000000e+00 
layer_sizes=9 4 2 
scale_included=0
neurons (num_inputs, activation_function, activation_steepness)=(0, 0, 0.00000000000000000000e+00) (0, 0, 0.00000000000000000000e+00) (0, 0, 0.00000000000000000000e+00) (0, 0, 0.00000000000000000000e+00) (0, 0, 0.00000000000000000000e+00) (0, 0, 0.00000000000000000000e+00) (0, 0, 0.00000000000000000000e+00) (0, 0, 0.00000000000000000000e+00) (0, 0, 0.00000000000000000000e+00) (9, 6, 5.00000000000000000000e-01) (9, 6, 5.00000000000000000000e-01) (9, 6, 5.00000000000000000000e-01) (0, 6, 0.00000000000000000000e+00) (4, 4, 5.00000000000000000000e-01) (0, 4, 0.00000000000000000000e+00) 
connections (connected_to_neuron, weight)=(0, -5.18908263833264449261e+00) (1, 4.05970892659812498948e+00) (2, 1.77188250503323496687e+00) (3, 1.04088119903585418768e+00) (4, -1.84480768211515822053e-01) (5, 6.14749152769066942170e-01) (6, 1.00935398681586452341e+00) (7, -2.96995569534929726441e-01) (8, -3.60830778813178953968e+00) (0, -4.03708480693580444576e-03) (1, 4.19537368263328713791e-01) (2, 4.04897623773516901480e-01) (3, 8.21780288648938928020e-01) (4, 2.41552005657371032799e-01) (5, 6.09560964649213943289e-01) (6, 6.00875987541261036284e-01) (7, 2.67873357966646796768e-01) (8, -6.75157385050776798208e-02) (0, -5.69990776887922745431e+00) (1, -7.93724683860761559551e-01) (2, 1.43293765904206544803e+01) (3, 1.23351753887905002394e+00) (4, 2.56237375678782852706e-01) (5, 3.60118864043386777141e-01) (6, 4.63580330773027737834e-01) (7, 1.37918941756589696901e-01) (8, -2.35709457256446519580e+00) (9, 5.61718084852456112088e+00) (10, 8.21221430939716556807e-01) (11, 2.18311829071147256442e+00) (12, -2.14243700659241209650e+00) 
