FANN_FLO_2.1
num_layers=3
learning_rate=0.700000
connection_rate=1.000000
network_type=0
learning_momentum=0.000000
training_algorithm=2
train_error_function=1
train_stop_function=1
cascade_output_change_fraction=0.010000
quickprop_decay=-0.000100
quickprop_mu=1.750000
rprop_increase_factor=1.200000
rprop_decrease_factor=0.500000
rprop_delta_min=0.000000
rprop_delta_max=50.000000
rprop_delta_zero=0.100000
cascade_output_stagnation_epochs=12
cascade_candidate_change_fraction=0.010000
cascade_candidate_stagnation_epochs=12
cascade_max_out_epochs=150
cascade_min_out_epochs=50
cascade_max_cand_epochs=150
cascade_min_cand_epochs=50
cascade_num_candidate_groups=2
bit_fail_limit=1.00000000000000005551e-01
cascade_candidate_limit=1.00000000000000000000e+03
cascade_weight_multiplier=4.00000000000000022204e-01
cascade_activation_functions_count=10
cascade_activation_functions=3 5 7 8 10 11 14 15 16 17 
cascade_activation_steepnesses_count=4
cascade_activation_steepnesses=2.50000000000000000000e-01 5.00000000000000000000e-01 7.50000000000000000000e-01 1.00000000000000000000e+00 
layer_sizes=11 4 2 
scale_included=0
neurons (num_inputs, activation_function, activation_steepness)=(0, 0, 0.00000000000000000000e+00) (0, 0, 0.00000000000000000000e+00) (0, 0, 0.00000000000000000000e+00) (0, 0, 0.00000000000000000000e+00) (0, 0, 0.00000000000000000000e+00) (0, 0, 0.00000000000000000000e+00) (0, 0, 0.00000000000000000000e+00) (0, 0, 0.00000000000000000000e+00) (0, 0, 0.00000000000000000000e+00) (0, 0, 0.00000000000000000000e+00) (0, 0, 0.00000000000000000000e+00) (11, 6, 5.00000000000000000000e-01) (11, 6, 5.00000000000000000000e-01) (11, 6, 5.00000000000000000000e-01) (0, 6, 0.00000000000000000000e+00) (4, 4, 5.00000000000000000000e-01) (0, 4, 0.00000000000000000000e+00) 
connections (connected_to_neuron, weight)=(0, 5.22852169612127992693e-01) (1, 2.26504534364969124793e-02) (2, -7.68032440194117843602e-02) (3, -2.17672923675490438689e-02) (4, 2.91953196386455615663e-01) (5, -1.57937006682758673826e+00) (6, 7.33370690078554918201e-03) (7, -2.37312656119828685464e-01) (8, -1.10067598488543638702e+00) (9, 7.94585380149508524461e-01) (10, 4.97472071138544968960e-01) (0, -3.83291654843168094757e+00) (1, 3.92800405857541878873e+00) (2, 1.02758483995008287337e+00) (3, 1.28674918886227751536e+00) (4, 3.47010326939827973280e-01) (5, 2.29822361631929439341e+00) (6, 1.04751468111085710433e+00) (7, 4.64679139479320213457e-01) (8, 2.78500535621764244709e+00) (9, -3.25851280147700972378e+00) (10, -1.87025856629366771244e+00) (0, 1.62466719573493185991e-02) (1, 2.68742876997787816240e-01) (2, 1.22350831147822081135e-01) (3, 6.11021753010030033160e-01) (4, 2.00887269941809665230e-01) (5, 1.85937831052858881797e+00) (6, 5.23360037154897872469e-01) (7, 3.84060970323258477066e-01) (8, 3.38942924122091426842e-01) (9, -2.09586216186738061307e-01) (10, 9.97761233499870892061e-02) (11, -1.18126778866448933769e+00) (12, 9.66957599535676060043e+00) (13, 2.36968899332390847690e-01) (14, -1.99161950237678464504e+00) 
