FANN_FLO_2.1
num_layers=3
learning_rate=0.700000
connection_rate=1.000000
network_type=0
learning_momentum=0.000000
training_algorithm=2
train_error_function=1
train_stop_function=1
cascade_output_change_fraction=0.010000
quickprop_decay=-0.000100
quickprop_mu=1.750000
rprop_increase_factor=1.200000
rprop_decrease_factor=0.500000
rprop_delta_min=0.000000
rprop_delta_max=50.000000
rprop_delta_zero=0.100000
cascade_output_stagnation_epochs=12
cascade_candidate_change_fraction=0.010000
cascade_candidate_stagnation_epochs=12
cascade_max_out_epochs=150
cascade_min_out_epochs=50
cascade_max_cand_epochs=150
cascade_min_cand_epochs=50
cascade_num_candidate_groups=2
bit_fail_limit=1.00000000000000005551e-01
cascade_candidate_limit=1.00000000000000000000e+03
cascade_weight_multiplier=4.00000000000000022204e-01
cascade_activation_functions_count=10
cascade_activation_functions=3 5 7 8 10 11 14 15 16 17 
cascade_activation_steepnesses_count=4
cascade_activation_steepnesses=2.50000000000000000000e-01 5.00000000000000000000e-01 7.50000000000000000000e-01 1.00000000000000000000e+00 
layer_sizes=6 4 2 
scale_included=0
neurons (num_inputs, activation_function, activation_steepness)=(0, 0, 0.00000000000000000000e+00) (0, 0, 0.00000000000000000000e+00) (0, 0, 0.00000000000000000000e+00) (0, 0, 0.00000000000000000000e+00) (0, 0, 0.00000000000000000000e+00) (0, 0, 0.00000000000000000000e+00) (6, 6, 5.00000000000000000000e-01) (6, 6, 5.00000000000000000000e-01) (6, 6, 5.00000000000000000000e-01) (0, 6, 0.00000000000000000000e+00) (4, 4, 5.00000000000000000000e-01) (0, 4, 0.00000000000000000000e+00) 
connections (connected_to_neuron, weight)=(0, 5.01424810088074579539e+00) (1, 2.96630376255074779124e+00) (2, 1.75839713720566437338e+00) (3, -2.37311732228306704329e+00) (4, 1.78047344046880939850e+00) (5, -4.37151462701938875455e+00) (0, -5.50137570455018320992e-01) (1, 2.29483952133087099057e+00) (2, 3.72687396879311017006e-01) (3, -4.64176509657378932872e+00) (4, 9.82210172483959809142e-01) (5, -3.39949187473841507590e-01) (0, -3.39894861810368453803e+00) (1, 2.23623487375280616263e+00) (2, 2.70881845165017587362e+00) (3, 5.81398705291183492960e+00) (4, 7.59966656987328192940e+00) (5, -1.10980044094610508232e+00) (6, 3.02992837793108584776e+01) (7, 5.87743672755567825305e+00) (8, 6.42631243255262418757e+00) (9, -3.07426713493709247160e+00) 
