FANN_FLO_2.1
num_layers=3
learning_rate=0.700000
connection_rate=1.000000
network_type=0
learning_momentum=0.000000
training_algorithm=2
train_error_function=1
train_stop_function=1
cascade_output_change_fraction=0.010000
quickprop_decay=-0.000100
quickprop_mu=1.750000
rprop_increase_factor=1.200000
rprop_decrease_factor=0.500000
rprop_delta_min=0.000000
rprop_delta_max=50.000000
rprop_delta_zero=0.100000
cascade_output_stagnation_epochs=12
cascade_candidate_change_fraction=0.010000
cascade_candidate_stagnation_epochs=12
cascade_max_out_epochs=150
cascade_min_out_epochs=50
cascade_max_cand_epochs=150
cascade_min_cand_epochs=50
cascade_num_candidate_groups=2
bit_fail_limit=1.00000000000000005551e-01
cascade_candidate_limit=1.00000000000000000000e+03
cascade_weight_multiplier=4.00000000000000022204e-01
cascade_activation_functions_count=10
cascade_activation_functions=3 5 7 8 10 11 14 15 16 17 
cascade_activation_steepnesses_count=4
cascade_activation_steepnesses=2.50000000000000000000e-01 5.00000000000000000000e-01 7.50000000000000000000e-01 1.00000000000000000000e+00 
layer_sizes=6 4 2 
scale_included=0
neurons (num_inputs, activation_function, activation_steepness)=(0, 0, 0.00000000000000000000e+00) (0, 0, 0.00000000000000000000e+00) (0, 0, 0.00000000000000000000e+00) (0, 0, 0.00000000000000000000e+00) (0, 0, 0.00000000000000000000e+00) (0, 0, 0.00000000000000000000e+00) (6, 6, 5.00000000000000000000e-01) (6, 6, 5.00000000000000000000e-01) (6, 6, 5.00000000000000000000e-01) (0, 6, 0.00000000000000000000e+00) (4, 4, 5.00000000000000000000e-01) (0, 4, 0.00000000000000000000e+00) 
connections (connected_to_neuron, weight)=(0, 2.23993027299826952259e-01) (1, -1.70247034142101050236e+00) (2, -5.02311398082890825378e+00) (3, 6.74554384732269696201e-01) (4, -4.01744189481931979202e+00) (5, 5.32096092440389778488e+00) (0, 3.55286015714118219577e+00) (1, -1.06039520239143030267e+01) (2, -2.44668395352995071690e+00) (3, 1.38879045845095361322e+00) (4, 2.75399049584168809091e+00) (5, 5.77571734953664783774e+00) (0, 1.44448652740497174296e-01) (1, 8.81683174360182314588e-02) (2, -5.24579713150424886692e+00) (3, -1.21115335345909835851e+00) (4, -5.80813281928194494186e-02) (5, 9.12417268843665363320e-01) (6, -1.00531163255029660775e+01) (7, -5.51747131275689461916e+00) (8, -6.37700463839364850571e+00) (9, -7.80898573669395412722e-01) 
