FANN_FLO_2.1
num_layers=3
learning_rate=0.700000
connection_rate=1.000000
network_type=0
learning_momentum=0.000000
training_algorithm=2
train_error_function=1
train_stop_function=1
cascade_output_change_fraction=0.010000
quickprop_decay=-0.000100
quickprop_mu=1.750000
rprop_increase_factor=1.200000
rprop_decrease_factor=0.500000
rprop_delta_min=0.000000
rprop_delta_max=50.000000
rprop_delta_zero=0.100000
cascade_output_stagnation_epochs=12
cascade_candidate_change_fraction=0.010000
cascade_candidate_stagnation_epochs=12
cascade_max_out_epochs=150
cascade_min_out_epochs=50
cascade_max_cand_epochs=150
cascade_min_cand_epochs=50
cascade_num_candidate_groups=2
bit_fail_limit=1.00000000000000005551e-01
cascade_candidate_limit=1.00000000000000000000e+03
cascade_weight_multiplier=4.00000000000000022204e-01
cascade_activation_functions_count=10
cascade_activation_functions=3 5 7 8 10 11 14 15 16 17 
cascade_activation_steepnesses_count=4
cascade_activation_steepnesses=2.50000000000000000000e-01 5.00000000000000000000e-01 7.50000000000000000000e-01 1.00000000000000000000e+00 
layer_sizes=9 4 2 
scale_included=0
neurons (num_inputs, activation_function, activation_steepness)=(0, 0, 0.00000000000000000000e+00) (0, 0, 0.00000000000000000000e+00) (0, 0, 0.00000000000000000000e+00) (0, 0, 0.00000000000000000000e+00) (0, 0, 0.00000000000000000000e+00) (0, 0, 0.00000000000000000000e+00) (0, 0, 0.00000000000000000000e+00) (0, 0, 0.00000000000000000000e+00) (0, 0, 0.00000000000000000000e+00) (9, 6, 5.00000000000000000000e-01) (9, 6, 5.00000000000000000000e-01) (9, 6, 5.00000000000000000000e-01) (0, 6, 0.00000000000000000000e+00) (4, 4, 5.00000000000000000000e-01) (0, 4, 0.00000000000000000000e+00) 
connections (connected_to_neuron, weight)=(0, -2.48472532423795688938e-01) (1, 7.69642824224144317391e-01) (2, 8.51172552037154028781e-01) (3, 2.12649081185948218842e-01) (4, 1.11606994139614931760e-02) (5, -1.00805780987519175151e-01) (6, -6.81495360539139810596e-02) (7, -1.85328276162482263878e-01) (8, -2.09950795563520364873e-01) (0, -6.66249798572674123420e+00) (1, 3.97991311954600446299e+00) (2, 2.12747771383773187637e+00) (3, 1.83992087719450680972e+00) (4, -2.07987843734425847941e+00) (5, -2.12667147350711172038e+00) (6, -2.15879439098042791301e+00) (7, -2.13684971166056936198e+00) (8, -2.03940787446898763591e+00) (0, -3.34574464213910849342e-01) (1, 2.13696487039133486974e+00) (2, 1.12222334432688208850e+00) (3, 3.93057459927999619520e-01) (4, -2.66873887344935278865e-01) (5, -3.91389913362327368507e-01) (6, -2.01507910591426697700e-01) (7, -1.23575019255020943088e-01) (8, -3.70592899125877173194e-01) (9, 4.56600832498673170345e-01) (10, 8.93263325707836131073e+00) (11, 1.76746436621948443957e+00) (12, -2.14427742265019283252e+00) 
