FANN_FLO_2.1
num_layers=3
learning_rate=0.700000
connection_rate=1.000000
network_type=0
learning_momentum=0.000000
training_algorithm=2
train_error_function=1
train_stop_function=1
cascade_output_change_fraction=0.010000
quickprop_decay=-0.000100
quickprop_mu=1.750000
rprop_increase_factor=1.200000
rprop_decrease_factor=0.500000
rprop_delta_min=0.000000
rprop_delta_max=50.000000
rprop_delta_zero=0.100000
cascade_output_stagnation_epochs=12
cascade_candidate_change_fraction=0.010000
cascade_candidate_stagnation_epochs=12
cascade_max_out_epochs=150
cascade_min_out_epochs=50
cascade_max_cand_epochs=150
cascade_min_cand_epochs=50
cascade_num_candidate_groups=2
bit_fail_limit=1.00000000000000005551e-01
cascade_candidate_limit=1.00000000000000000000e+03
cascade_weight_multiplier=4.00000000000000022204e-01
cascade_activation_functions_count=10
cascade_activation_functions=3 5 7 8 10 11 14 15 16 17 
cascade_activation_steepnesses_count=4
cascade_activation_steepnesses=2.50000000000000000000e-01 5.00000000000000000000e-01 7.50000000000000000000e-01 1.00000000000000000000e+00 
layer_sizes=17 4 2 
scale_included=0
neurons (num_inputs, activation_function, activation_steepness)=(0, 0, 0.00000000000000000000e+00) (0, 0, 0.00000000000000000000e+00) (0, 0, 0.00000000000000000000e+00) (0, 0, 0.00000000000000000000e+00) (0, 0, 0.00000000000000000000e+00) (0, 0, 0.00000000000000000000e+00) (0, 0, 0.00000000000000000000e+00) (0, 0, 0.00000000000000000000e+00) (0, 0, 0.00000000000000000000e+00) (0, 0, 0.00000000000000000000e+00) (0, 0, 0.00000000000000000000e+00) (0, 0, 0.00000000000000000000e+00) (0, 0, 0.00000000000000000000e+00) (0, 0, 0.00000000000000000000e+00) (0, 0, 0.00000000000000000000e+00) (0, 0, 0.00000000000000000000e+00) (0, 0, 0.00000000000000000000e+00) (17, 6, 5.00000000000000000000e-01) (17, 6, 5.00000000000000000000e-01) (17, 6, 5.00000000000000000000e-01) (0, 6, 0.00000000000000000000e+00) (4, 4, 5.00000000000000000000e-01) (0, 4, 0.00000000000000000000e+00) 
connections (connected_to_neuron, weight)=(0, -3.28591004359501415166e+00) (1, 1.56499962279141313637e+00) (2, -2.87669909819650682081e-01) (3, 4.11309855577772276458e-01) (4, 8.71561635953308155855e-01) (5, 9.77144129182833665048e-01) (6, 8.30282412077922082894e-01) (7, 1.46808664422404966388e+00) (8, 1.53858201833317175672e-02) (9, 9.48406034210476645008e-01) (10, 9.06209691967505670540e-01) (11, 7.32297223503798888622e-01) (12, 7.27178927196256097432e-01) (13, 6.66454475058309014912e-01) (14, 1.25025142732390626144e+00) (15, 2.03355008384789703868e+00) (16, -1.28069138036320295804e+00) (0, -3.23568466651218944463e+00) (1, 1.52643602143624090850e+00) (2, -2.96275896653223180799e-01) (3, 3.35798705515688022949e-01) (4, 9.44886279028774089817e-01) (5, 9.41780159378453052277e-01) (6, 9.51797388102549768440e-01) (7, 1.43909835737121305499e+00) (8, 5.59308764893271595509e-02) (9, 9.88063448169979818836e-01) (10, 8.88931668903369165413e-01) (11, 8.37564062769622474924e-01) (12, 5.53660291863671716328e-01) (13, 5.54876479936829980488e-01) (14, 1.25009639564284547042e+00) (15, 2.06037835797871826671e+00) (16, -1.24934842319438543790e+00) (0, -9.19199792487459088619e-01) (1, -4.24532417506490178383e-01) (2, 2.67300578236956298817e-01) (3, 4.60007923043924293882e-01) (4, 5.94429847820567758276e+00) (5, 9.68580321655939613379e+00) (6, 9.45269603135908020874e+00) (7, 2.27325074822453454537e-01) (8, 2.42805887715471069299e-01) (9, 1.64229664114169722211e+01) (10, 9.30047207924449637062e+00) (11, 4.12889802969285124590e+00) (12, 1.96101827855302279779e-01) (13, 4.32955019640637261968e-01) (14, 2.53981205539478915867e+00) (15, 2.16913320500283397507e+01) (16, -4.78254584956000705631e-01) (17, 2.52343442422081167820e+01) (18, 1.09135491862771019100e+01) (19, 1.55900920231614437128e+00) (20, -1.18307160840580549710e+00) 
