FANN_FLO_2.1
num_layers=3
learning_rate=0.700000
connection_rate=1.000000
network_type=0
learning_momentum=0.000000
training_algorithm=2
train_error_function=1
train_stop_function=1
cascade_output_change_fraction=0.010000
quickprop_decay=-0.000100
quickprop_mu=1.750000
rprop_increase_factor=1.200000
rprop_decrease_factor=0.500000
rprop_delta_min=0.000000
rprop_delta_max=50.000000
rprop_delta_zero=0.100000
cascade_output_stagnation_epochs=12
cascade_candidate_change_fraction=0.010000
cascade_candidate_stagnation_epochs=12
cascade_max_out_epochs=150
cascade_min_out_epochs=50
cascade_max_cand_epochs=150
cascade_min_cand_epochs=50
cascade_num_candidate_groups=2
bit_fail_limit=1.00000000000000005551e-01
cascade_candidate_limit=1.00000000000000000000e+03
cascade_weight_multiplier=4.00000000000000022204e-01
cascade_activation_functions_count=10
cascade_activation_functions=3 5 7 8 10 11 14 15 16 17 
cascade_activation_steepnesses_count=4
cascade_activation_steepnesses=2.50000000000000000000e-01 5.00000000000000000000e-01 7.50000000000000000000e-01 1.00000000000000000000e+00 
layer_sizes=18 4 2 
scale_included=0
neurons (num_inputs, activation_function, activation_steepness)=(0, 0, 0.00000000000000000000e+00) (0, 0, 0.00000000000000000000e+00) (0, 0, 0.00000000000000000000e+00) (0, 0, 0.00000000000000000000e+00) (0, 0, 0.00000000000000000000e+00) (0, 0, 0.00000000000000000000e+00) (0, 0, 0.00000000000000000000e+00) (0, 0, 0.00000000000000000000e+00) (0, 0, 0.00000000000000000000e+00) (0, 0, 0.00000000000000000000e+00) (0, 0, 0.00000000000000000000e+00) (0, 0, 0.00000000000000000000e+00) (0, 0, 0.00000000000000000000e+00) (0, 0, 0.00000000000000000000e+00) (0, 0, 0.00000000000000000000e+00) (0, 0, 0.00000000000000000000e+00) (0, 0, 0.00000000000000000000e+00) (0, 0, 0.00000000000000000000e+00) (18, 6, 5.00000000000000000000e-01) (18, 6, 5.00000000000000000000e-01) (18, 6, 5.00000000000000000000e-01) (0, 6, 0.00000000000000000000e+00) (4, 4, 5.00000000000000000000e-01) (0, 4, 0.00000000000000000000e+00) 
connections (connected_to_neuron, weight)=(0, 1.85936136710661642502e-01) (1, 7.31069125671588881943e-01) (2, 2.57221508803249534481e+01) (3, -3.96332191948580506158e-02) (4, 1.38120228856307647458e-01) (5, 3.03202149744344826021e-02) (6, 9.72028206293905516766e-01) (7, -1.35896360782005870549e-01) (8, 9.99377354887459712351e-01) (9, -2.16179195639425794639e-02) (10, 6.09102942966696980776e-01) (11, 3.60902565742858172371e-01) (12, -1.08264968370976055745e+00) (13, -6.44061889922054486846e-01) (14, -6.23525013026285712670e-01) (15, 1.03360673076574172136e+00) (16, 9.11046557860226258185e-01) (17, -4.80891920646908110903e-02) (0, -1.68140137703491854282e+00) (1, 1.46214750523744818622e+00) (2, 1.47418793242243111763e+02) (3, -8.73853237718493103259e-01) (4, -3.67080094483108132497e-01) (5, -9.94236284285933358262e-01) (6, 2.18194270579356741635e+00) (7, -7.41599305619639936893e-01) (8, 1.15439507998016499535e+00) (9, -1.09160716164074589329e+00) (10, 2.62498420290895806417e+00) (11, 1.55130793312172166054e+00) (12, -1.17258518487439222788e+00) (13, -1.09514676540557065465e+00) (14, -1.09118891672878626231e+00) (15, 2.20343687388165632157e+00) (16, 2.11404720415729219241e+00) (17, -1.58853167558255536917e+00) (0, -2.18700852546103718943e-01) (1, 1.69740745967804285144e+00) (2, 6.14635649106462054192e+01) (3, -6.94317084533124573298e-01) (4, 5.99671030214801725755e-02) (5, 7.71332096241259534963e-01) (6, 9.48445104842511210741e-01) (7, -1.20977326392657791310e+00) (8, 6.53344654134338176377e-01) (9, -2.27105357759238679627e-01) (10, 1.13417451423209691974e+00) (11, 5.99900994450529800872e-01) (12, -9.20091410285197142116e-01) (13, -1.05670704210781996046e+00) (14, -4.75435050540666648278e-01) (15, 1.00246200526420659038e+00) (16, 2.29801226820357351599e+00) (17, -7.05269153722306585408e-01) (18, 1.36736327610200114613e+00) (19, 3.08828851701718036793e+01) (20, 2.46461931059152039580e+00) (21, -1.78604864872316215774e+00) 
