FANN_FLO_2.1
num_layers=3
learning_rate=0.700000
connection_rate=1.000000
network_type=0
learning_momentum=0.000000
training_algorithm=2
train_error_function=1
train_stop_function=1
cascade_output_change_fraction=0.010000
quickprop_decay=-0.000100
quickprop_mu=1.750000
rprop_increase_factor=1.200000
rprop_decrease_factor=0.500000
rprop_delta_min=0.000000
rprop_delta_max=50.000000
rprop_delta_zero=0.100000
cascade_output_stagnation_epochs=12
cascade_candidate_change_fraction=0.010000
cascade_candidate_stagnation_epochs=12
cascade_max_out_epochs=150
cascade_min_out_epochs=50
cascade_max_cand_epochs=150
cascade_min_cand_epochs=50
cascade_num_candidate_groups=2
bit_fail_limit=1.00000000000000005551e-01
cascade_candidate_limit=1.00000000000000000000e+03
cascade_weight_multiplier=4.00000000000000022204e-01
cascade_activation_functions_count=10
cascade_activation_functions=3 5 7 8 10 11 14 15 16 17 
cascade_activation_steepnesses_count=4
cascade_activation_steepnesses=2.50000000000000000000e-01 5.00000000000000000000e-01 7.50000000000000000000e-01 1.00000000000000000000e+00 
layer_sizes=6 4 2 
scale_included=0
neurons (num_inputs, activation_function, activation_steepness)=(0, 0, 0.00000000000000000000e+00) (0, 0, 0.00000000000000000000e+00) (0, 0, 0.00000000000000000000e+00) (0, 0, 0.00000000000000000000e+00) (0, 0, 0.00000000000000000000e+00) (0, 0, 0.00000000000000000000e+00) (6, 6, 5.00000000000000000000e-01) (6, 6, 5.00000000000000000000e-01) (6, 6, 5.00000000000000000000e-01) (0, 6, 0.00000000000000000000e+00) (4, 4, 5.00000000000000000000e-01) (0, 4, 0.00000000000000000000e+00) 
connections (connected_to_neuron, weight)=(0, 1.36626436680726470740e+00) (1, 3.08788236209981414859e-01) (2, 6.60035326612776612754e-02) (3, -4.50909171935030439471e-01) (4, 2.38772648502824452743e-01) (5, 1.14136459854223923371e-01) (0, -9.93393301638814896215e-01) (1, -7.37704145953370526989e-01) (2, 7.68334750803465471591e-01) (3, 1.02548147720719851073e+00) (4, -2.98315096735160156793e-01) (5, 2.07787598556306157827e-01) (0, 4.76238871059353296999e+00) (1, 4.03573443356721028863e+00) (2, 2.57128057879332794222e-01) (3, -1.40645036077432861177e+00) (4, 2.49904468408830071624e+00) (5, -4.80374183012223543443e+00) (6, 3.64619702878297646809e-01) (7, -8.98946897029952229907e-01) (8, 1.60212016542852808243e+02) (9, -1.80317057148477344342e+00) 
