FANN_FLO_2.1
num_layers=3
learning_rate=0.700000
connection_rate=1.000000
network_type=0
learning_momentum=0.000000
training_algorithm=2
train_error_function=1
train_stop_function=1
cascade_output_change_fraction=0.010000
quickprop_decay=-0.000100
quickprop_mu=1.750000
rprop_increase_factor=1.200000
rprop_decrease_factor=0.500000
rprop_delta_min=0.000000
rprop_delta_max=50.000000
rprop_delta_zero=0.100000
cascade_output_stagnation_epochs=12
cascade_candidate_change_fraction=0.010000
cascade_candidate_stagnation_epochs=12
cascade_max_out_epochs=150
cascade_min_out_epochs=50
cascade_max_cand_epochs=150
cascade_min_cand_epochs=50
cascade_num_candidate_groups=2
bit_fail_limit=1.00000000000000005551e-01
cascade_candidate_limit=1.00000000000000000000e+03
cascade_weight_multiplier=4.00000000000000022204e-01
cascade_activation_functions_count=10
cascade_activation_functions=3 5 7 8 10 11 14 15 16 17 
cascade_activation_steepnesses_count=4
cascade_activation_steepnesses=2.50000000000000000000e-01 5.00000000000000000000e-01 7.50000000000000000000e-01 1.00000000000000000000e+00 
layer_sizes=11 4 2 
scale_included=0
neurons (num_inputs, activation_function, activation_steepness)=(0, 0, 0.00000000000000000000e+00) (0, 0, 0.00000000000000000000e+00) (0, 0, 0.00000000000000000000e+00) (0, 0, 0.00000000000000000000e+00) (0, 0, 0.00000000000000000000e+00) (0, 0, 0.00000000000000000000e+00) (0, 0, 0.00000000000000000000e+00) (0, 0, 0.00000000000000000000e+00) (0, 0, 0.00000000000000000000e+00) (0, 0, 0.00000000000000000000e+00) (0, 0, 0.00000000000000000000e+00) (11, 6, 5.00000000000000000000e-01) (11, 6, 5.00000000000000000000e-01) (11, 6, 5.00000000000000000000e-01) (0, 6, 0.00000000000000000000e+00) (4, 4, 5.00000000000000000000e-01) (0, 4, 0.00000000000000000000e+00) 
connections (connected_to_neuron, weight)=(0, 5.96112250207843086258e+00) (1, -3.83378288576138137600e+00) (2, -3.44266838587389090165e+00) (3, -5.43547728846607736131e-01) (4, 2.18685552506036673392e+00) (5, -2.99184516243615616915e+00) (6, -4.55024832557489045115e+00) (7, 1.44165754643038823701e+00) (8, -7.21733927217319881642e-01) (9, -1.09710711770390023645e+00) (10, 5.76052722590331889307e+00) (0, 9.28866662130564346711e-01) (1, 2.13280492113335640170e+00) (2, -4.47590729422559618911e+00) (3, -3.49279405626494510173e-01) (4, 4.13222170289036405677e-01) (5, -2.72657776933651652129e+00) (6, -1.61284207148622438233e+00) (7, 3.50827117675592603518e-01) (8, -1.29169258823666543989e+00) (9, 2.65721434533812139733e-01) (10, 1.04320221071154750625e+00) (0, 5.85280823619440848660e+00) (1, -3.84524847993385909817e+00) (2, -3.01520078413965197939e+00) (3, -1.66565071663975183824e+00) (4, 2.23728622113855468712e+00) (5, -3.22707231676589501035e+00) (6, -3.66451068947499081219e+00) (7, 1.52419859463180640269e+00) (8, -1.57960835227660667535e+00) (9, -1.05124046438072671350e+00) (10, 5.73010279493694163477e+00) (11, -6.25758135503642165531e+01) (12, -2.84516294904153366208e-01) (13, -5.98066623005772228794e+01) (14, -1.85818498543027366132e+00) 
