FANN_FLO_2.1
num_layers=3
learning_rate=0.700000
connection_rate=1.000000
network_type=0
learning_momentum=0.000000
training_algorithm=2
train_error_function=1
train_stop_function=1
cascade_output_change_fraction=0.010000
quickprop_decay=-0.000100
quickprop_mu=1.750000
rprop_increase_factor=1.200000
rprop_decrease_factor=0.500000
rprop_delta_min=0.000000
rprop_delta_max=50.000000
rprop_delta_zero=0.100000
cascade_output_stagnation_epochs=12
cascade_candidate_change_fraction=0.010000
cascade_candidate_stagnation_epochs=12
cascade_max_out_epochs=150
cascade_min_out_epochs=50
cascade_max_cand_epochs=150
cascade_min_cand_epochs=50
cascade_num_candidate_groups=2
bit_fail_limit=1.00000000000000005551e-01
cascade_candidate_limit=1.00000000000000000000e+03
cascade_weight_multiplier=4.00000000000000022204e-01
cascade_activation_functions_count=10
cascade_activation_functions=3 5 7 8 10 11 14 15 16 17 
cascade_activation_steepnesses_count=4
cascade_activation_steepnesses=2.50000000000000000000e-01 5.00000000000000000000e-01 7.50000000000000000000e-01 1.00000000000000000000e+00 
layer_sizes=11 4 2 
scale_included=0
neurons (num_inputs, activation_function, activation_steepness)=(0, 0, 0.00000000000000000000e+00) (0, 0, 0.00000000000000000000e+00) (0, 0, 0.00000000000000000000e+00) (0, 0, 0.00000000000000000000e+00) (0, 0, 0.00000000000000000000e+00) (0, 0, 0.00000000000000000000e+00) (0, 0, 0.00000000000000000000e+00) (0, 0, 0.00000000000000000000e+00) (0, 0, 0.00000000000000000000e+00) (0, 0, 0.00000000000000000000e+00) (0, 0, 0.00000000000000000000e+00) (11, 6, 5.00000000000000000000e-01) (11, 6, 5.00000000000000000000e-01) (11, 6, 5.00000000000000000000e-01) (0, 6, 0.00000000000000000000e+00) (4, 4, 5.00000000000000000000e-01) (0, 4, 0.00000000000000000000e+00) 
connections (connected_to_neuron, weight)=(0, 4.22724784752181026448e+00) (1, 2.20992848253512041978e+00) (2, 2.97777361655002970053e+00) (3, 2.43116942246089040580e+00) (4, -1.21927170977437637767e+00) (5, 9.41801856139961812708e-01) (6, 3.87611667258748537890e+00) (7, 4.62051971819621098980e-01) (8, 8.32207305954346776566e-01) (9, -7.64560131912801921317e-01) (10, -4.31510742340977770937e+00) (0, -1.84165360340499040248e+00) (1, -6.96887913345870080306e-01) (2, 2.16864470366441386417e+00) (3, -8.86914873678066872920e-01) (4, 1.80278870510757027734e-01) (5, -7.72620697044855808677e-01) (6, 6.52854630698654059273e+00) (7, 8.17292450786500784821e-02) (8, 1.23894780525454386577e+01) (9, -6.11985324399760983738e+01) (10, 9.51692154018055624931e-01) (0, -2.22588681426612522429e+00) (1, -2.63593046248394635711e+00) (2, 4.64116951809303088794e+01) (3, -2.88455512054304108460e+00) (4, 2.81021004949071251389e+00) (5, -2.60514654489435093510e+00) (6, 4.46110508767521096729e+00) (7, 2.25439657735532028582e+00) (8, 2.23070906553750880619e+00) (9, 1.77410785205099119644e+00) (10, 3.28921167106758138843e+00) (11, 9.78817068915722643396e+01) (12, -2.59466824793884995870e+01) (13, -1.87758096224888895165e+01) (14, -2.85409317821433683449e+00) 
