FANN_FLO_2.1
num_layers=3
learning_rate=0.700000
connection_rate=1.000000
network_type=0
learning_momentum=0.000000
training_algorithm=2
train_error_function=1
train_stop_function=1
cascade_output_change_fraction=0.010000
quickprop_decay=-0.000100
quickprop_mu=1.750000
rprop_increase_factor=1.200000
rprop_decrease_factor=0.500000
rprop_delta_min=0.000000
rprop_delta_max=50.000000
rprop_delta_zero=0.100000
cascade_output_stagnation_epochs=12
cascade_candidate_change_fraction=0.010000
cascade_candidate_stagnation_epochs=12
cascade_max_out_epochs=150
cascade_min_out_epochs=50
cascade_max_cand_epochs=150
cascade_min_cand_epochs=50
cascade_num_candidate_groups=2
bit_fail_limit=1.00000000000000005551e-01
cascade_candidate_limit=1.00000000000000000000e+03
cascade_weight_multiplier=4.00000000000000022204e-01
cascade_activation_functions_count=10
cascade_activation_functions=3 5 7 8 10 11 14 15 16 17 
cascade_activation_steepnesses_count=4
cascade_activation_steepnesses=2.50000000000000000000e-01 5.00000000000000000000e-01 7.50000000000000000000e-01 1.00000000000000000000e+00 
layer_sizes=12 4 2 
scale_included=0
neurons (num_inputs, activation_function, activation_steepness)=(0, 0, 0.00000000000000000000e+00) (0, 0, 0.00000000000000000000e+00) (0, 0, 0.00000000000000000000e+00) (0, 0, 0.00000000000000000000e+00) (0, 0, 0.00000000000000000000e+00) (0, 0, 0.00000000000000000000e+00) (0, 0, 0.00000000000000000000e+00) (0, 0, 0.00000000000000000000e+00) (0, 0, 0.00000000000000000000e+00) (0, 0, 0.00000000000000000000e+00) (0, 0, 0.00000000000000000000e+00) (0, 0, 0.00000000000000000000e+00) (12, 6, 5.00000000000000000000e-01) (12, 6, 5.00000000000000000000e-01) (12, 6, 5.00000000000000000000e-01) (0, 6, 0.00000000000000000000e+00) (4, 4, 5.00000000000000000000e-01) (0, 4, 0.00000000000000000000e+00) 
connections (connected_to_neuron, weight)=(0, -1.88303067761128956059e-01) (1, 1.22030906039354225534e+00) (2, -1.08467962464063312211e+01) (3, -6.27112488486822439171e-01) (4, -3.91329400166817609197e-01) (5, -9.33579459771728292772e-01) (6, -5.31619955602032678854e-01) (7, 5.45304943914765249957e-01) (8, -7.14558160178425327835e-01) (9, 4.25662431791411766113e+00) (10, -4.70432244531733712023e-01) (11, 2.29847015800357779014e+00) (0, -6.77231946357089853450e+00) (1, -2.91878744963209202368e+00) (2, -3.42244559820856464327e+00) (3, 5.19331924079901785518e+00) (4, 9.53692716979461674320e-01) (5, -1.32596234564458992367e+00) (6, 2.98575563285841205641e+00) (7, 6.56196341807437133475e-01) (8, -2.11484351887293586802e-01) (9, -2.88256016418913896260e+00) (10, -1.56469711650244391876e+00) (11, 8.68035640259186891399e-01) (0, -7.37008507035242921290e+00) (1, -5.41032427757850875594e-01) (2, 6.62836173439078546465e+00) (3, -1.28799054164809523293e+00) (4, -2.14142865775044510812e+00) (5, -2.95247731459400775123e+00) (6, -5.21566469558340184420e+00) (7, -2.77748274753444190921e+00) (8, -3.16058361292491873940e+00) (9, -2.12480816707916853048e+00) (10, -2.78620807191218222698e+00) (11, 7.23355767451433706583e+00) (12, -1.10449091649386907932e+01) (13, -2.07132619631778425173e+01) (14, -1.66226078915150026205e+01) (15, -2.85327350428755011080e+00) 
