FANN_FLO_2.1
num_layers=3
learning_rate=0.700000
connection_rate=1.000000
network_type=0
learning_momentum=0.000000
training_algorithm=2
train_error_function=1
train_stop_function=1
cascade_output_change_fraction=0.010000
quickprop_decay=-0.000100
quickprop_mu=1.750000
rprop_increase_factor=1.200000
rprop_decrease_factor=0.500000
rprop_delta_min=0.000000
rprop_delta_max=50.000000
rprop_delta_zero=0.100000
cascade_output_stagnation_epochs=12
cascade_candidate_change_fraction=0.010000
cascade_candidate_stagnation_epochs=12
cascade_max_out_epochs=150
cascade_min_out_epochs=50
cascade_max_cand_epochs=150
cascade_min_cand_epochs=50
cascade_num_candidate_groups=2
bit_fail_limit=1.00000000000000005551e-01
cascade_candidate_limit=1.00000000000000000000e+03
cascade_weight_multiplier=4.00000000000000022204e-01
cascade_activation_functions_count=10
cascade_activation_functions=3 5 7 8 10 11 14 15 16 17 
cascade_activation_steepnesses_count=4
cascade_activation_steepnesses=2.50000000000000000000e-01 5.00000000000000000000e-01 7.50000000000000000000e-01 1.00000000000000000000e+00 
layer_sizes=18 4 2 
scale_included=0
neurons (num_inputs, activation_function, activation_steepness)=(0, 0, 0.00000000000000000000e+00) (0, 0, 0.00000000000000000000e+00) (0, 0, 0.00000000000000000000e+00) (0, 0, 0.00000000000000000000e+00) (0, 0, 0.00000000000000000000e+00) (0, 0, 0.00000000000000000000e+00) (0, 0, 0.00000000000000000000e+00) (0, 0, 0.00000000000000000000e+00) (0, 0, 0.00000000000000000000e+00) (0, 0, 0.00000000000000000000e+00) (0, 0, 0.00000000000000000000e+00) (0, 0, 0.00000000000000000000e+00) (0, 0, 0.00000000000000000000e+00) (0, 0, 0.00000000000000000000e+00) (0, 0, 0.00000000000000000000e+00) (0, 0, 0.00000000000000000000e+00) (0, 0, 0.00000000000000000000e+00) (0, 0, 0.00000000000000000000e+00) (18, 6, 5.00000000000000000000e-01) (18, 6, 5.00000000000000000000e-01) (18, 6, 5.00000000000000000000e-01) (0, 6, 0.00000000000000000000e+00) (4, 4, 5.00000000000000000000e-01) (0, 4, 0.00000000000000000000e+00) 
connections (connected_to_neuron, weight)=(0, -2.17321634262941432159e-01) (1, -5.77453314375216408827e-02) (2, 3.46392224994524600135e-01) (3, 1.06819677978612914693e-01) (4, 7.87951514394605312397e-03) (5, 7.79160971528868762093e-01) (6, 3.03493068915230423954e-01) (7, -3.25212778627672283172e-01) (8, -5.83502611345629418338e-01) (9, -6.09706124491076195682e-01) (10, 9.26572221106867766061e-01) (11, -6.77774055275169595713e-02) (12, -2.23509176048484956012e-02) (13, 7.71758260552860564374e-02) (14, -1.12131166306420920753e-01) (15, -6.70048898286204064334e-01) (16, -3.69275448947944673339e-01) (17, -2.41408129844600444214e-01) (0, -2.16336586116730655860e+00) (1, 4.93932587523734201174e-01) (2, 1.50276012288939342376e+00) (3, -1.97975423824519769500e-01) (4, -6.83949539984897936229e-01) (5, 4.83244915523254814360e+00) (6, 1.87534091592181528796e+00) (7, -2.75781522986217231264e+00) (8, -4.73651544966423454497e+00) (9, -4.78028471239530983183e+00) (10, 4.77362395294630470488e+00) (11, -5.57822743977741675181e-01) (12, -6.52030395890907610301e-01) (13, -4.76542581154678845934e-01) (14, -6.69474231626228655223e-01) (15, -4.78776495002829971526e+00) (16, -2.79404714253469199647e+00) (17, 2.34546506204672905449e-01) (0, -2.19338501780211414527e+00) (1, 4.24040911217009652834e-01) (2, 1.48844649212967738983e+00) (3, -5.97211308802591267497e-02) (4, -6.21342564548687303905e-01) (5, 4.71394862451279106352e+00) (6, 1.87129864812243784655e+00) (7, -2.77599858787580222597e+00) (8, -4.82490191080295982573e+00) (9, -4.83095147677385750029e+00) (10, 4.77235526808226051543e+00) (11, -6.40050979878143633250e-01) (12, -6.50706964160637224559e-01) (13, -4.64409675731037641100e-01) (14, -6.41413221682743395213e-01) (15, -4.68643695332729759429e+00) (16, -2.65832053419872016420e+00) (17, 3.95899516894388514565e-01) (18, 7.66876703828390016149e-01) (19, 4.76367360570156517241e+00) (20, 4.78075044073784294341e+00) (21, 2.83624881305762355233e-01) 
