FANN_FLO_2.1
num_layers=3
learning_rate=0.700000
connection_rate=1.000000
network_type=0
learning_momentum=0.000000
training_algorithm=2
train_error_function=1
train_stop_function=1
cascade_output_change_fraction=0.010000
quickprop_decay=-0.000100
quickprop_mu=1.750000
rprop_increase_factor=1.200000
rprop_decrease_factor=0.500000
rprop_delta_min=0.000000
rprop_delta_max=50.000000
rprop_delta_zero=0.100000
cascade_output_stagnation_epochs=12
cascade_candidate_change_fraction=0.010000
cascade_candidate_stagnation_epochs=12
cascade_max_out_epochs=150
cascade_min_out_epochs=50
cascade_max_cand_epochs=150
cascade_min_cand_epochs=50
cascade_num_candidate_groups=2
bit_fail_limit=1.00000000000000005551e-01
cascade_candidate_limit=1.00000000000000000000e+03
cascade_weight_multiplier=4.00000000000000022204e-01
cascade_activation_functions_count=10
cascade_activation_functions=3 5 7 8 10 11 14 15 16 17 
cascade_activation_steepnesses_count=4
cascade_activation_steepnesses=2.50000000000000000000e-01 5.00000000000000000000e-01 7.50000000000000000000e-01 1.00000000000000000000e+00 
layer_sizes=5 4 2 
scale_included=0
neurons (num_inputs, activation_function, activation_steepness)=(0, 0, 0.00000000000000000000e+00) (0, 0, 0.00000000000000000000e+00) (0, 0, 0.00000000000000000000e+00) (0, 0, 0.00000000000000000000e+00) (0, 0, 0.00000000000000000000e+00) (5, 6, 5.00000000000000000000e-01) (5, 6, 5.00000000000000000000e-01) (5, 6, 5.00000000000000000000e-01) (0, 6, 0.00000000000000000000e+00) (4, 4, 5.00000000000000000000e-01) (0, 4, 0.00000000000000000000e+00) 
connections (connected_to_neuron, weight)=(0, -3.18948342220995550989e-01) (1, 1.62603989471318244320e+00) (2, 1.99954707946531828888e+00) (3, 1.51573430822207955160e+00) (4, -1.28416504217428073531e+00) (0, -8.51280473889803185328e-03) (1, 1.36421190860567476122e+00) (2, 8.44882649973071719884e-01) (3, 1.69924685267522379561e+00) (4, -5.69673745545128618062e-01) (0, -8.55363779586741923566e-02) (1, 1.41303448292313005297e+00) (2, 8.52044826045669223546e-01) (3, 1.63966704068496271773e+00) (4, -6.23938663514832181356e-01) (5, 1.44618596902097937829e+01) (6, 6.69569738655234658609e+00) (7, 3.69599453331368144049e+00) (8, -1.31140978885930881148e+00) 
