FANN_FLO_2.1
num_layers=3
learning_rate=0.700000
connection_rate=1.000000
network_type=0
learning_momentum=0.000000
training_algorithm=2
train_error_function=1
train_stop_function=1
cascade_output_change_fraction=0.010000
quickprop_decay=-0.000100
quickprop_mu=1.750000
rprop_increase_factor=1.200000
rprop_decrease_factor=0.500000
rprop_delta_min=0.000000
rprop_delta_max=50.000000
rprop_delta_zero=0.100000
cascade_output_stagnation_epochs=12
cascade_candidate_change_fraction=0.010000
cascade_candidate_stagnation_epochs=12
cascade_max_out_epochs=150
cascade_min_out_epochs=50
cascade_max_cand_epochs=150
cascade_min_cand_epochs=50
cascade_num_candidate_groups=2
bit_fail_limit=1.00000000000000005551e-01
cascade_candidate_limit=1.00000000000000000000e+03
cascade_weight_multiplier=4.00000000000000022204e-01
cascade_activation_functions_count=10
cascade_activation_functions=3 5 7 8 10 11 14 15 16 17 
cascade_activation_steepnesses_count=4
cascade_activation_steepnesses=2.50000000000000000000e-01 5.00000000000000000000e-01 7.50000000000000000000e-01 1.00000000000000000000e+00 
layer_sizes=12 4 2 
scale_included=0
neurons (num_inputs, activation_function, activation_steepness)=(0, 0, 0.00000000000000000000e+00) (0, 0, 0.00000000000000000000e+00) (0, 0, 0.00000000000000000000e+00) (0, 0, 0.00000000000000000000e+00) (0, 0, 0.00000000000000000000e+00) (0, 0, 0.00000000000000000000e+00) (0, 0, 0.00000000000000000000e+00) (0, 0, 0.00000000000000000000e+00) (0, 0, 0.00000000000000000000e+00) (0, 0, 0.00000000000000000000e+00) (0, 0, 0.00000000000000000000e+00) (0, 0, 0.00000000000000000000e+00) (12, 6, 5.00000000000000000000e-01) (12, 6, 5.00000000000000000000e-01) (12, 6, 5.00000000000000000000e-01) (0, 6, 0.00000000000000000000e+00) (4, 4, 5.00000000000000000000e-01) (0, 4, 0.00000000000000000000e+00) 
connections (connected_to_neuron, weight)=(0, 9.67327267255883915809e-01) (1, 3.12542152401533135375e+00) (2, 5.77477992873623002801e-01) (3, -1.12522518061181006632e-01) (4, 2.63960992810673644726e+00) (5, 3.42216985426287712002e+00) (6, 2.32998116620573636482e+00) (7, 1.21106918007874697629e+00) (8, 1.02931493280649255517e+00) (9, 1.60402050516227978605e+00) (10, 1.54048175794342068201e+00) (11, -4.23983171211943066226e+00) (0, 3.40073270196513810504e+00) (1, 9.15254551771240598690e-01) (2, 4.28173547708069612838e+00) (3, -4.49162711420212978908e+00) (4, 1.25843916252429366409e+00) (5, 9.20129823038114857958e-01) (6, 1.46560422931840572680e+00) (7, -1.63887804673388792764e+01) (8, 4.01851254300637350525e+01) (9, 1.45939152004375460869e+00) (10, 1.63464141283262764937e+00) (11, -3.60094026951543932924e+00) (0, -4.41040671345757573363e+00) (1, 1.30572177670787159531e-02) (2, -3.45449475404505268461e-01) (3, 1.65847423631627105545e-01) (4, 6.10306856467087377460e-01) (5, 3.21815172714376374064e-01) (6, 1.96899355627015726355e+00) (7, 4.80521391131818187414e-01) (8, 4.16993896662141871889e-01) (9, -8.06249011524870773382e-02) (10, 2.53288579047597550709e-01) (11, 4.13385821400531205949e-01) (12, 6.39449041937031239513e+01) (13, 1.04419669289446268579e+01) (14, -6.16159660685219634502e+01) (15, -3.76924007703386498846e+00) 
