FANN_FLO_2.1
num_layers=3
learning_rate=0.700000
connection_rate=1.000000
network_type=0
learning_momentum=0.000000
training_algorithm=2
train_error_function=1
train_stop_function=1
cascade_output_change_fraction=0.010000
quickprop_decay=-0.000100
quickprop_mu=1.750000
rprop_increase_factor=1.200000
rprop_decrease_factor=0.500000
rprop_delta_min=0.000000
rprop_delta_max=50.000000
rprop_delta_zero=0.100000
cascade_output_stagnation_epochs=12
cascade_candidate_change_fraction=0.010000
cascade_candidate_stagnation_epochs=12
cascade_max_out_epochs=150
cascade_min_out_epochs=50
cascade_max_cand_epochs=150
cascade_min_cand_epochs=50
cascade_num_candidate_groups=2
bit_fail_limit=1.00000000000000005551e-01
cascade_candidate_limit=1.00000000000000000000e+03
cascade_weight_multiplier=4.00000000000000022204e-01
cascade_activation_functions_count=10
cascade_activation_functions=3 5 7 8 10 11 14 15 16 17 
cascade_activation_steepnesses_count=4
cascade_activation_steepnesses=2.50000000000000000000e-01 5.00000000000000000000e-01 7.50000000000000000000e-01 1.00000000000000000000e+00 
layer_sizes=12 4 2 
scale_included=0
neurons (num_inputs, activation_function, activation_steepness)=(0, 0, 0.00000000000000000000e+00) (0, 0, 0.00000000000000000000e+00) (0, 0, 0.00000000000000000000e+00) (0, 0, 0.00000000000000000000e+00) (0, 0, 0.00000000000000000000e+00) (0, 0, 0.00000000000000000000e+00) (0, 0, 0.00000000000000000000e+00) (0, 0, 0.00000000000000000000e+00) (0, 0, 0.00000000000000000000e+00) (0, 0, 0.00000000000000000000e+00) (0, 0, 0.00000000000000000000e+00) (0, 0, 0.00000000000000000000e+00) (12, 6, 5.00000000000000000000e-01) (12, 6, 5.00000000000000000000e-01) (12, 6, 5.00000000000000000000e-01) (0, 6, 0.00000000000000000000e+00) (4, 4, 5.00000000000000000000e-01) (0, 4, 0.00000000000000000000e+00) 
connections (connected_to_neuron, weight)=(0, 7.49830593317718463453e+00) (1, -4.22466149954221936724e+00) (2, -2.50520290258566991071e+00) (3, -2.88120209836541762982e+00) (4, 1.29238467572966664321e+00) (5, 6.37198448371156356274e+00) (6, -4.11994764235879795677e+00) (7, -6.64458782270055881014e+00) (8, -4.24623262568868486966e+00) (9, 6.47643198685177434726e+00) (10, -4.31418412394540595756e+00) (11, 5.49404183401097423456e+00) (0, 2.52038608133494612673e+00) (1, -3.34429033116656448943e-01) (2, -5.35291958082934060670e-01) (3, -5.12523151416798272706e-01) (4, -4.29051950056572817260e-01) (5, 1.02132311905056205603e+00) (6, -9.32693494348307949871e-01) (7, -1.00187549404587650237e+00) (8, -3.99521492394952104643e-01) (9, 1.11009959008170633332e+00) (10, -2.99958235541953832648e-01) (11, 1.93991281139078375340e-01) (0, 7.53781244043555176404e+00) (1, -4.37999684391639920733e+00) (2, -2.73121302380968744572e+00) (3, -2.74580149018346508782e+00) (4, 1.35156991242209478798e+00) (5, 6.31632150899633071361e+00) (6, -4.16515261706973927147e+00) (7, -6.63776691302162280550e+00) (8, -4.21798456123569387444e+00) (9, 6.56289798633583654208e+00) (10, -4.15740496135967063651e+00) (11, 5.44312483443249828241e+00) (12, -1.33708126875442616210e+02) (13, -7.39604771700791308042e-01) (14, -1.71129495238280604497e+01) (15, -1.31815014666500229801e+00) 
