FANN_FLO_2.1
num_layers=3
learning_rate=0.700000
connection_rate=1.000000
network_type=0
learning_momentum=0.000000
training_algorithm=2
train_error_function=1
train_stop_function=1
cascade_output_change_fraction=0.010000
quickprop_decay=-0.000100
quickprop_mu=1.750000
rprop_increase_factor=1.200000
rprop_decrease_factor=0.500000
rprop_delta_min=0.000000
rprop_delta_max=50.000000
rprop_delta_zero=0.100000
cascade_output_stagnation_epochs=12
cascade_candidate_change_fraction=0.010000
cascade_candidate_stagnation_epochs=12
cascade_max_out_epochs=150
cascade_min_out_epochs=50
cascade_max_cand_epochs=150
cascade_min_cand_epochs=50
cascade_num_candidate_groups=2
bit_fail_limit=1.00000000000000005551e-01
cascade_candidate_limit=1.00000000000000000000e+03
cascade_weight_multiplier=4.00000000000000022204e-01
cascade_activation_functions_count=10
cascade_activation_functions=3 5 7 8 10 11 14 15 16 17 
cascade_activation_steepnesses_count=4
cascade_activation_steepnesses=2.50000000000000000000e-01 5.00000000000000000000e-01 7.50000000000000000000e-01 1.00000000000000000000e+00 
layer_sizes=12 4 2 
scale_included=0
neurons (num_inputs, activation_function, activation_steepness)=(0, 0, 0.00000000000000000000e+00) (0, 0, 0.00000000000000000000e+00) (0, 0, 0.00000000000000000000e+00) (0, 0, 0.00000000000000000000e+00) (0, 0, 0.00000000000000000000e+00) (0, 0, 0.00000000000000000000e+00) (0, 0, 0.00000000000000000000e+00) (0, 0, 0.00000000000000000000e+00) (0, 0, 0.00000000000000000000e+00) (0, 0, 0.00000000000000000000e+00) (0, 0, 0.00000000000000000000e+00) (0, 0, 0.00000000000000000000e+00) (12, 6, 5.00000000000000000000e-01) (12, 6, 5.00000000000000000000e-01) (12, 6, 5.00000000000000000000e-01) (0, 6, 0.00000000000000000000e+00) (4, 4, 5.00000000000000000000e-01) (0, 4, 0.00000000000000000000e+00) 
connections (connected_to_neuron, weight)=(0, 1.15402875326813134649e+01) (1, 1.15269316808941835184e+00) (2, 1.57361325307520925065e+01) (3, -1.09399700677392992532e+01) (4, -3.00067569108465681538e+00) (5, 2.85038265187515182930e+00) (6, 7.57918851674228477577e+00) (7, 4.55720209275470278243e+00) (8, 2.91903567217680903756e-01) (9, -3.52033156356896026473e-01) (10, 2.05314673725721696940e+00) (11, -6.37960684920342835369e+00) (0, -1.39103615448702235824e+01) (1, -5.16641803426212842254e+00) (2, -1.25420876690210514326e+00) (3, 8.52605327339089136274e+00) (4, -2.17998127327104924689e+01) (5, -3.06379385837585949126e-01) (6, 3.21470266278031058249e+00) (7, 2.77518477658380069428e+00) (8, -7.29094550420758302778e+00) (9, 2.92168539923821191095e-01) (10, -1.71104695311911947364e+00) (11, 7.62972567708389437513e+00) (0, 1.94234906713742567774e+01) (1, 1.53225161538026610764e+00) (2, 7.57447586809713691025e+00) (3, -1.21231580600433908046e+01) (4, -6.38649792435958740811e+00) (5, 6.69222584712389956252e+00) (6, -8.09182262869492774371e+00) (7, -6.78816016165295010865e+00) (8, 2.43494286547122851250e-01) (9, 1.30957379245092102593e+01) (10, 6.73740525054185379616e+00) (11, -3.99066919027631561434e+00) (12, 1.49706411148898119734e+01) (13, -1.05298229748153655549e+01) (14, 9.58157501607224837414e+00) (15, -5.14796291926401217154e+00) 
