FANN_FLO_2.1
num_layers=3
learning_rate=0.700000
connection_rate=1.000000
network_type=0
learning_momentum=0.000000
training_algorithm=2
train_error_function=1
train_stop_function=1
cascade_output_change_fraction=0.010000
quickprop_decay=-0.000100
quickprop_mu=1.750000
rprop_increase_factor=1.200000
rprop_decrease_factor=0.500000
rprop_delta_min=0.000000
rprop_delta_max=50.000000
rprop_delta_zero=0.100000
cascade_output_stagnation_epochs=12
cascade_candidate_change_fraction=0.010000
cascade_candidate_stagnation_epochs=12
cascade_max_out_epochs=150
cascade_min_out_epochs=50
cascade_max_cand_epochs=150
cascade_min_cand_epochs=50
cascade_num_candidate_groups=2
bit_fail_limit=1.00000000000000005551e-01
cascade_candidate_limit=1.00000000000000000000e+03
cascade_weight_multiplier=4.00000000000000022204e-01
cascade_activation_functions_count=10
cascade_activation_functions=3 5 7 8 10 11 14 15 16 17 
cascade_activation_steepnesses_count=4
cascade_activation_steepnesses=2.50000000000000000000e-01 5.00000000000000000000e-01 7.50000000000000000000e-01 1.00000000000000000000e+00 
layer_sizes=18 4 2 
scale_included=0
neurons (num_inputs, activation_function, activation_steepness)=(0, 0, 0.00000000000000000000e+00) (0, 0, 0.00000000000000000000e+00) (0, 0, 0.00000000000000000000e+00) (0, 0, 0.00000000000000000000e+00) (0, 0, 0.00000000000000000000e+00) (0, 0, 0.00000000000000000000e+00) (0, 0, 0.00000000000000000000e+00) (0, 0, 0.00000000000000000000e+00) (0, 0, 0.00000000000000000000e+00) (0, 0, 0.00000000000000000000e+00) (0, 0, 0.00000000000000000000e+00) (0, 0, 0.00000000000000000000e+00) (0, 0, 0.00000000000000000000e+00) (0, 0, 0.00000000000000000000e+00) (0, 0, 0.00000000000000000000e+00) (0, 0, 0.00000000000000000000e+00) (0, 0, 0.00000000000000000000e+00) (0, 0, 0.00000000000000000000e+00) (18, 6, 5.00000000000000000000e-01) (18, 6, 5.00000000000000000000e-01) (18, 6, 5.00000000000000000000e-01) (0, 6, 0.00000000000000000000e+00) (4, 4, 5.00000000000000000000e-01) (0, 4, 0.00000000000000000000e+00) 
connections (connected_to_neuron, weight)=(0, -1.10836860048932561718e+00) (1, 1.97466955831882562400e-01) (2, 7.89600220010241882207e-01) (3, 8.85722734709468051406e-01) (4, 3.44149274137736504997e+00) (5, 2.74211785751477155060e+00) (6, 1.54793560821329445609e+00) (7, -4.40253597173358190986e+00) (8, 2.88750599187140521984e-01) (9, 7.58044284446115601561e-01) (10, 2.47791076149523137317e+00) (11, 3.54640251190354938160e+00) (12, 5.00245906693828956691e+00) (13, -5.20294791494072872418e-01) (14, 5.07258121205462053638e+00) (15, 5.14846620456023029710e-01) (16, -5.27600946229645284546e+00) (17, -1.12876457898063264906e+00) (0, 1.10193606743909683354e-01) (1, -6.36269548984488841903e-01) (2, -1.80743014893760989281e+00) (3, 1.21685039936026928586e+01) (4, 2.24421888509325171412e+01) (5, 2.97445372383909045766e+00) (6, 6.16880592010332184927e-01) (7, -2.03209326925183564327e+00) (8, -1.44870383803117674937e+00) (9, -1.41683100522394167520e+00) (10, 6.34642473980389354438e+00) (11, 1.83641408220390758288e+01) (12, 2.74187014518144689390e+00) (13, 7.55369317499066550425e-01) (14, 1.95937117185950993026e+00) (15, -1.69227290554982268134e+00) (16, -1.95311137950717461642e+00) (17, 1.85559254506143939123e-01) (0, -2.81243262787013215132e+00) (1, 6.61253275231340342799e+00) (2, 1.20675625426946169227e+01) (3, -2.46141878281367382231e-01) (4, 7.41092714194696355889e-01) (5, -4.38687994225982064167e-02) (6, 1.73990578891722407207e+01) (7, -8.33793929574947156880e+00) (8, 1.37356748599789235676e+00) (9, 1.85165378622019627386e+00) (10, 1.18497313165866272056e-02) (11, 8.18019992689601238567e-01) (12, 1.84924622037237362804e-01) (13, -8.17552737282846564426e+00) (14, 1.00722734787290768566e-01) (15, 1.17215053390144352541e+00) (16, -4.43999582423510119611e+00) (17, -2.93714181680827302046e+00) (18, 2.68678252439119313877e+00) (19, 3.40408504137431400238e+00) (20, 5.35850819130010602720e+00) (21, -4.96262408695320456076e+00) 
