FANN_FLO_2.1
num_layers=3
learning_rate=0.700000
connection_rate=1.000000
network_type=0
learning_momentum=0.000000
training_algorithm=2
train_error_function=1
train_stop_function=1
cascade_output_change_fraction=0.010000
quickprop_decay=-0.000100
quickprop_mu=1.750000
rprop_increase_factor=1.200000
rprop_decrease_factor=0.500000
rprop_delta_min=0.000000
rprop_delta_max=50.000000
rprop_delta_zero=0.100000
cascade_output_stagnation_epochs=12
cascade_candidate_change_fraction=0.010000
cascade_candidate_stagnation_epochs=12
cascade_max_out_epochs=150
cascade_min_out_epochs=50
cascade_max_cand_epochs=150
cascade_min_cand_epochs=50
cascade_num_candidate_groups=2
bit_fail_limit=1.00000000000000005551e-01
cascade_candidate_limit=1.00000000000000000000e+03
cascade_weight_multiplier=4.00000000000000022204e-01
cascade_activation_functions_count=10
cascade_activation_functions=3 5 7 8 10 11 14 15 16 17 
cascade_activation_steepnesses_count=4
cascade_activation_steepnesses=2.50000000000000000000e-01 5.00000000000000000000e-01 7.50000000000000000000e-01 1.00000000000000000000e+00 
layer_sizes=12 4 2 
scale_included=0
neurons (num_inputs, activation_function, activation_steepness)=(0, 0, 0.00000000000000000000e+00) (0, 0, 0.00000000000000000000e+00) (0, 0, 0.00000000000000000000e+00) (0, 0, 0.00000000000000000000e+00) (0, 0, 0.00000000000000000000e+00) (0, 0, 0.00000000000000000000e+00) (0, 0, 0.00000000000000000000e+00) (0, 0, 0.00000000000000000000e+00) (0, 0, 0.00000000000000000000e+00) (0, 0, 0.00000000000000000000e+00) (0, 0, 0.00000000000000000000e+00) (0, 0, 0.00000000000000000000e+00) (12, 6, 5.00000000000000000000e-01) (12, 6, 5.00000000000000000000e-01) (12, 6, 5.00000000000000000000e-01) (0, 6, 0.00000000000000000000e+00) (4, 4, 5.00000000000000000000e-01) (0, 4, 0.00000000000000000000e+00) 
connections (connected_to_neuron, weight)=(0, -2.97050763649448201775e+00) (1, 1.77640216682326412823e+00) (2, 2.25264014755408759072e+00) (3, 2.90271177628854404329e-01) (4, 8.16162287766904609443e-02) (5, -1.01720121864369184017e+00) (6, 1.62012174162564837054e+00) (7, 3.33531738286320633691e+00) (8, 1.82737036293426746703e+00) (9, -1.03643962315338522551e+00) (10, 2.29117848970283066734e+00) (11, -3.03776336719375050777e+00) (0, -2.84372990971591432796e+00) (1, 1.90826548148166774688e+00) (2, 2.12294813664546389020e+00) (3, 1.76112112129728465293e-01) (4, -8.06078321092132732417e-01) (5, -9.20051128500475545735e-01) (6, 1.73206273259794540920e+00) (7, 3.15751932030026383202e+00) (8, 1.91007186695927821951e+00) (9, -1.37223753015457061721e+00) (10, 2.29881644867647683128e+00) (11, -2.98927752265868207360e+00) (0, 3.99469474488314935101e-01) (1, 5.62859712266299716532e-01) (2, -9.23249012542995073360e-01) (3, -6.05272784179915340763e-02) (4, -1.18170641832196873788e-01) (5, -7.56310556913384335331e-02) (6, -4.26278903741276679606e-02) (7, -5.43677642263589833149e-01) (8, 1.37021548452749297731e+00) (9, 2.38185698346156035643e-02) (10, -5.55098947210433957267e-01) (11, 4.58131873990693661014e-01) (12, 5.54703618180604607346e+00) (13, 2.84515696932415153242e+02) (14, -3.14521152156613692519e-01) (15, -1.58592855714137748180e+00) 
