FANN_FLO_2.1
num_layers=3
learning_rate=0.700000
connection_rate=1.000000
network_type=0
learning_momentum=0.000000
training_algorithm=2
train_error_function=1
train_stop_function=1
cascade_output_change_fraction=0.010000
quickprop_decay=-0.000100
quickprop_mu=1.750000
rprop_increase_factor=1.200000
rprop_decrease_factor=0.500000
rprop_delta_min=0.000000
rprop_delta_max=50.000000
rprop_delta_zero=0.100000
cascade_output_stagnation_epochs=12
cascade_candidate_change_fraction=0.010000
cascade_candidate_stagnation_epochs=12
cascade_max_out_epochs=150
cascade_min_out_epochs=50
cascade_max_cand_epochs=150
cascade_min_cand_epochs=50
cascade_num_candidate_groups=2
bit_fail_limit=1.00000000000000005551e-01
cascade_candidate_limit=1.00000000000000000000e+03
cascade_weight_multiplier=4.00000000000000022204e-01
cascade_activation_functions_count=10
cascade_activation_functions=3 5 7 8 10 11 14 15 16 17 
cascade_activation_steepnesses_count=4
cascade_activation_steepnesses=2.50000000000000000000e-01 5.00000000000000000000e-01 7.50000000000000000000e-01 1.00000000000000000000e+00 
layer_sizes=10 4 2 
scale_included=0
neurons (num_inputs, activation_function, activation_steepness)=(0, 0, 0.00000000000000000000e+00) (0, 0, 0.00000000000000000000e+00) (0, 0, 0.00000000000000000000e+00) (0, 0, 0.00000000000000000000e+00) (0, 0, 0.00000000000000000000e+00) (0, 0, 0.00000000000000000000e+00) (0, 0, 0.00000000000000000000e+00) (0, 0, 0.00000000000000000000e+00) (0, 0, 0.00000000000000000000e+00) (0, 0, 0.00000000000000000000e+00) (10, 6, 5.00000000000000000000e-01) (10, 6, 5.00000000000000000000e-01) (10, 6, 5.00000000000000000000e-01) (0, 6, 0.00000000000000000000e+00) (4, 4, 5.00000000000000000000e-01) (0, 4, 0.00000000000000000000e+00) 
connections (connected_to_neuron, weight)=(0, -3.04228704271418814997e+00) (1, 2.04150380847979828758e+00) (2, 4.01738402700107855026e+00) (3, -1.22606080634394265516e+00) (4, -1.07628670728542941148e+00) (5, 4.70274115157990646452e+00) (6, -3.73602343554339988430e+00) (7, 2.46199562753671408188e+00) (8, 4.80167730952121019072e+00) (9, -3.15564944103131006514e+00) (0, -1.02105704635881089359e+00) (1, 3.91276922155331163822e+00) (2, -1.19817675985258786930e+00) (3, -6.82466913253255147431e-01) (4, -3.69033121760998561456e-01) (5, 9.04118689147891729796e-01) (6, 2.64818888868884438903e-01) (7, 2.09118325320619817376e+02) (8, 2.95332534254886418523e+01) (9, -1.36958343653359637671e+00) (0, 3.45380073770816098389e+00) (1, -2.17811566108512266737e+00) (2, -1.07815964046152612532e+00) (3, 2.35871253444588813153e+00) (4, 2.26823858497876562623e+00) (5, -1.74373167702298488280e+01) (6, 2.91219851634647053373e+00) (7, 2.98331448660968812092e+00) (8, -4.69116103377315507572e+00) (9, 3.76810143150038934223e+00) (10, 6.70222485403885173127e+01) (11, 4.46437957097200965872e-01) (12, -2.47665326489667805276e+01) (13, -1.65255706113420131054e+00) 
