FANN_FLO_2.1
num_layers=3
learning_rate=0.700000
connection_rate=1.000000
network_type=0
learning_momentum=0.000000
training_algorithm=2
train_error_function=1
train_stop_function=1
cascade_output_change_fraction=0.010000
quickprop_decay=-0.000100
quickprop_mu=1.750000
rprop_increase_factor=1.200000
rprop_decrease_factor=0.500000
rprop_delta_min=0.000000
rprop_delta_max=50.000000
rprop_delta_zero=0.100000
cascade_output_stagnation_epochs=12
cascade_candidate_change_fraction=0.010000
cascade_candidate_stagnation_epochs=12
cascade_max_out_epochs=150
cascade_min_out_epochs=50
cascade_max_cand_epochs=150
cascade_min_cand_epochs=50
cascade_num_candidate_groups=2
bit_fail_limit=1.00000000000000005551e-01
cascade_candidate_limit=1.00000000000000000000e+03
cascade_weight_multiplier=4.00000000000000022204e-01
cascade_activation_functions_count=10
cascade_activation_functions=3 5 7 8 10 11 14 15 16 17 
cascade_activation_steepnesses_count=4
cascade_activation_steepnesses=2.50000000000000000000e-01 5.00000000000000000000e-01 7.50000000000000000000e-01 1.00000000000000000000e+00 
layer_sizes=11 4 2 
scale_included=0
neurons (num_inputs, activation_function, activation_steepness)=(0, 0, 0.00000000000000000000e+00) (0, 0, 0.00000000000000000000e+00) (0, 0, 0.00000000000000000000e+00) (0, 0, 0.00000000000000000000e+00) (0, 0, 0.00000000000000000000e+00) (0, 0, 0.00000000000000000000e+00) (0, 0, 0.00000000000000000000e+00) (0, 0, 0.00000000000000000000e+00) (0, 0, 0.00000000000000000000e+00) (0, 0, 0.00000000000000000000e+00) (0, 0, 0.00000000000000000000e+00) (11, 6, 5.00000000000000000000e-01) (11, 6, 5.00000000000000000000e-01) (11, 6, 5.00000000000000000000e-01) (0, 6, 0.00000000000000000000e+00) (4, 4, 5.00000000000000000000e-01) (0, 4, 0.00000000000000000000e+00) 
connections (connected_to_neuron, weight)=(0, -4.03749668763930547044e+00) (1, 1.60546907727339349670e+00) (2, 2.87927038653540590118e+00) (3, 1.31892117642546002898e+00) (4, 6.22015548406400942127e-01) (5, 4.47381371047275822050e-01) (6, 9.33081356593140065492e-01) (7, 1.58529301905247410609e+00) (8, 1.51444030038387494885e-01) (9, 4.22094689097183561888e-01) (10, -1.42812382009841054575e+00) (0, -4.04213313924128758714e+00) (1, 1.52449203972437463683e+00) (2, 2.95581775589632966827e+00) (3, 1.40063200675630827874e+00) (4, 5.90232176242628359120e-01) (5, 4.55319900828159929151e-01) (6, 9.16161669202812611879e-01) (7, 1.64858932965609272792e+00) (8, 9.17047718980618098428e-02) (9, 4.80669067587631504423e-01) (10, -1.38676452961779683726e+00) (0, 3.43441900297456070845e+00) (1, -4.45940026239465581170e+00) (2, -2.70115941854722318993e+00) (3, 3.67910882061357913386e+00) (4, -6.05296717710942733248e+00) (5, -1.46332309882662521261e+01) (6, -2.20235156236399243213e+00) (7, 9.30259845387302108932e-01) (8, -1.64413046324341993731e+00) (9, -1.45839410315773712057e+01) (10, 2.02081672925919120232e+00) (11, 1.06259376911212779504e+01) (12, 7.17254973794522232566e+00) (13, -3.36630528904727688300e+00) (14, -1.95564146488464118967e+00) 
