FANN_FLO_2.1
num_layers=3
learning_rate=0.700000
connection_rate=1.000000
network_type=0
learning_momentum=0.000000
training_algorithm=2
train_error_function=1
train_stop_function=1
cascade_output_change_fraction=0.010000
quickprop_decay=-0.000100
quickprop_mu=1.750000
rprop_increase_factor=1.200000
rprop_decrease_factor=0.500000
rprop_delta_min=0.000000
rprop_delta_max=50.000000
rprop_delta_zero=0.100000
cascade_output_stagnation_epochs=12
cascade_candidate_change_fraction=0.010000
cascade_candidate_stagnation_epochs=12
cascade_max_out_epochs=150
cascade_min_out_epochs=50
cascade_max_cand_epochs=150
cascade_min_cand_epochs=50
cascade_num_candidate_groups=2
bit_fail_limit=1.00000000000000005551e-01
cascade_candidate_limit=1.00000000000000000000e+03
cascade_weight_multiplier=4.00000000000000022204e-01
cascade_activation_functions_count=10
cascade_activation_functions=3 5 7 8 10 11 14 15 16 17 
cascade_activation_steepnesses_count=4
cascade_activation_steepnesses=2.50000000000000000000e-01 5.00000000000000000000e-01 7.50000000000000000000e-01 1.00000000000000000000e+00 
layer_sizes=14 4 2 
scale_included=0
neurons (num_inputs, activation_function, activation_steepness)=(0, 0, 0.00000000000000000000e+00) (0, 0, 0.00000000000000000000e+00) (0, 0, 0.00000000000000000000e+00) (0, 0, 0.00000000000000000000e+00) (0, 0, 0.00000000000000000000e+00) (0, 0, 0.00000000000000000000e+00) (0, 0, 0.00000000000000000000e+00) (0, 0, 0.00000000000000000000e+00) (0, 0, 0.00000000000000000000e+00) (0, 0, 0.00000000000000000000e+00) (0, 0, 0.00000000000000000000e+00) (0, 0, 0.00000000000000000000e+00) (0, 0, 0.00000000000000000000e+00) (0, 0, 0.00000000000000000000e+00) (14, 6, 5.00000000000000000000e-01) (14, 6, 5.00000000000000000000e-01) (14, 6, 5.00000000000000000000e-01) (0, 6, 0.00000000000000000000e+00) (4, 4, 5.00000000000000000000e-01) (0, 4, 0.00000000000000000000e+00) 
connections (connected_to_neuron, weight)=(0, -1.38295259470621462183e-01) (1, 3.74149856153332627251e-01) (2, -4.61643196763102253710e-02) (3, 5.13923395605822674881e-01) (4, -8.27812532328593697617e-02) (5, 2.98008470580794160298e-01) (6, 8.33031927842936281703e-02) (7, -6.95909270141433639045e-02) (8, 4.14955015908907376421e-01) (9, 1.45642259233405679808e-01) (10, -1.21530889071344616603e+00) (11, -7.82895938639797228653e-01) (12, -2.40634268881758561776e+00) (13, 7.37093120113327948673e-01) (0, 2.27162749815353848248e+00) (1, 7.60473569677221661323e+00) (2, 2.32021914881069879488e-01) (3, 7.52317256608740425605e+00) (4, 7.73543642528854835660e+00) (5, -6.34580928742813132892e-01) (6, 5.10606644665559450402e+00) (7, 6.52874789296512214598e-01) (8, 3.85193815290244589988e+00) (9, 4.63015585408415530910e-01) (10, 9.32843314794051914340e-01) (11, 2.14176976539309560366e+00) (12, 1.15476250294923588058e+00) (13, -2.42673981406653771487e+00) (0, 9.50693838452673301020e-01) (1, 2.93420259836383978680e+00) (2, 1.81131388824829153705e+00) (3, -1.79920008647896056964e+00) (4, 6.37794661750987978976e-01) (5, -8.56814288921849298575e-01) (6, 2.84445940986019296659e+00) (7, 2.21041368999060328093e+00) (8, 2.84444730512315979709e+00) (9, 2.26063762320897820857e+00) (10, 2.47270016762369637675e+00) (11, 1.29921687350458880950e+00) (12, -4.18008571089518943253e-01) (13, -2.65679405433458759589e+00) (14, -1.18442302858158265977e+00) (15, 1.01179920682484461025e+01) (16, 5.09334686213121798914e+01) (17, -2.63569816005749180121e+00) 
