FANN_FLO_2.1
num_layers=3
learning_rate=0.700000
connection_rate=1.000000
network_type=0
learning_momentum=0.000000
training_algorithm=2
train_error_function=1
train_stop_function=1
cascade_output_change_fraction=0.010000
quickprop_decay=-0.000100
quickprop_mu=1.750000
rprop_increase_factor=1.200000
rprop_decrease_factor=0.500000
rprop_delta_min=0.000000
rprop_delta_max=50.000000
rprop_delta_zero=0.100000
cascade_output_stagnation_epochs=12
cascade_candidate_change_fraction=0.010000
cascade_candidate_stagnation_epochs=12
cascade_max_out_epochs=150
cascade_min_out_epochs=50
cascade_max_cand_epochs=150
cascade_min_cand_epochs=50
cascade_num_candidate_groups=2
bit_fail_limit=1.00000000000000005551e-01
cascade_candidate_limit=1.00000000000000000000e+03
cascade_weight_multiplier=4.00000000000000022204e-01
cascade_activation_functions_count=10
cascade_activation_functions=3 5 7 8 10 11 14 15 16 17 
cascade_activation_steepnesses_count=4
cascade_activation_steepnesses=2.50000000000000000000e-01 5.00000000000000000000e-01 7.50000000000000000000e-01 1.00000000000000000000e+00 
layer_sizes=12 4 2 
scale_included=0
neurons (num_inputs, activation_function, activation_steepness)=(0, 0, 0.00000000000000000000e+00) (0, 0, 0.00000000000000000000e+00) (0, 0, 0.00000000000000000000e+00) (0, 0, 0.00000000000000000000e+00) (0, 0, 0.00000000000000000000e+00) (0, 0, 0.00000000000000000000e+00) (0, 0, 0.00000000000000000000e+00) (0, 0, 0.00000000000000000000e+00) (0, 0, 0.00000000000000000000e+00) (0, 0, 0.00000000000000000000e+00) (0, 0, 0.00000000000000000000e+00) (0, 0, 0.00000000000000000000e+00) (12, 6, 5.00000000000000000000e-01) (12, 6, 5.00000000000000000000e-01) (12, 6, 5.00000000000000000000e-01) (0, 6, 0.00000000000000000000e+00) (4, 4, 5.00000000000000000000e-01) (0, 4, 0.00000000000000000000e+00) 
connections (connected_to_neuron, weight)=(0, 1.38849601198192229567e+00) (1, 1.86341168315559380098e+00) (2, -2.26783680916717855780e-01) (3, -8.18962870849204382928e-01) (4, -1.22805068357918689692e+00) (5, 1.86515785904408404328e+00) (6, -1.66637573614237144426e+00) (7, -1.85790577093950831644e-01) (8, -2.52359416093772104261e+00) (9, -1.03507728108786678511e+00) (10, -1.40423812213091014911e+00) (11, -1.41318351739442915616e+00) (0, 3.34479823620381921945e-01) (1, 1.16533159411782394344e+00) (2, 2.02483660881051741320e-01) (3, -5.25717187508613348346e-02) (4, 3.74815848216979233265e-02) (5, 6.53922315947605969910e-01) (6, -1.48666545181017267785e-01) (7, 5.82081888173399883413e-02) (8, -6.54266852697850453957e-01) (9, -6.99793978013910685648e-03) (10, -9.05370571439802207525e-02) (11, -7.58447777930445043992e-01) (0, 1.44633615065570464431e+00) (1, 1.91338944019227952253e+00) (2, -3.39489779885343290200e-01) (3, -7.51847894992522691737e-01) (4, -1.11375143094990680659e+00) (5, 1.87666253896237322785e+00) (6, -1.72157724424717217815e+00) (7, -2.16522307257048213236e-01) (8, -2.61361671742146661757e+00) (9, -1.03667124339961147506e+00) (10, -1.28022127094415805182e+00) (11, -1.41772509330309004483e+00) (12, 2.87817469280361763140e+02) (13, 2.24020704485977467657e-01) (14, 1.83652675131740075187e+01) (15, -1.80714068192846166738e+00) 
