FANN_FLO_2.1
num_layers=3
learning_rate=0.700000
connection_rate=1.000000
network_type=0
learning_momentum=0.000000
training_algorithm=2
train_error_function=1
train_stop_function=1
cascade_output_change_fraction=0.010000
quickprop_decay=-0.000100
quickprop_mu=1.750000
rprop_increase_factor=1.200000
rprop_decrease_factor=0.500000
rprop_delta_min=0.000000
rprop_delta_max=50.000000
rprop_delta_zero=0.100000
cascade_output_stagnation_epochs=12
cascade_candidate_change_fraction=0.010000
cascade_candidate_stagnation_epochs=12
cascade_max_out_epochs=150
cascade_min_out_epochs=50
cascade_max_cand_epochs=150
cascade_min_cand_epochs=50
cascade_num_candidate_groups=2
bit_fail_limit=1.00000000000000005551e-01
cascade_candidate_limit=1.00000000000000000000e+03
cascade_weight_multiplier=4.00000000000000022204e-01
cascade_activation_functions_count=10
cascade_activation_functions=3 5 7 8 10 11 14 15 16 17 
cascade_activation_steepnesses_count=4
cascade_activation_steepnesses=2.50000000000000000000e-01 5.00000000000000000000e-01 7.50000000000000000000e-01 1.00000000000000000000e+00 
layer_sizes=11 4 2 
scale_included=0
neurons (num_inputs, activation_function, activation_steepness)=(0, 0, 0.00000000000000000000e+00) (0, 0, 0.00000000000000000000e+00) (0, 0, 0.00000000000000000000e+00) (0, 0, 0.00000000000000000000e+00) (0, 0, 0.00000000000000000000e+00) (0, 0, 0.00000000000000000000e+00) (0, 0, 0.00000000000000000000e+00) (0, 0, 0.00000000000000000000e+00) (0, 0, 0.00000000000000000000e+00) (0, 0, 0.00000000000000000000e+00) (0, 0, 0.00000000000000000000e+00) (11, 6, 5.00000000000000000000e-01) (11, 6, 5.00000000000000000000e-01) (11, 6, 5.00000000000000000000e-01) (0, 6, 0.00000000000000000000e+00) (4, 4, 5.00000000000000000000e-01) (0, 4, 0.00000000000000000000e+00) 
connections (connected_to_neuron, weight)=(0, 5.32954010444844250571e-01) (1, 2.26007159858035572286e-01) (2, 1.99186229473685583180e-01) (3, 1.65964996999815456169e-01) (4, 3.98432105320525517533e-02) (5, -2.12980909177018062906e-01) (6, 8.76745664620793618838e-01) (7, 9.61040339104459739872e-01) (8, -1.66362379024888928924e+00) (9, 1.55092925490858002391e+00) (10, -5.04355504166607571115e-01) (0, 2.31672723195693786025e+00) (1, 2.23175415937663013111e+00) (2, -2.94814988230057473118e-01) (3, 8.99558065537065965067e-01) (4, -1.01991657723731976581e+00) (5, -4.60885016146341530696e-01) (6, 1.52380257077789704745e+00) (7, 5.05552110159814938051e-01) (8, 1.82998024082104393528e+00) (9, 1.25780987235291047410e-01) (10, -2.61408076316577231424e+00) (0, 2.63373960805819962161e+00) (1, 2.16893118415833408008e+00) (2, -5.88054554900580450649e-01) (3, 9.95642751509295598211e-01) (4, -1.10438220540011089454e+00) (5, -3.74993747227184537341e-01) (6, 1.51950002044270138235e+00) (7, 6.35704988762751943554e-01) (8, 1.72636560505549141453e+00) (9, 1.14829917885998855631e+00) (10, -2.66327544928056036966e+00) (11, 1.39809158377509890059e+00) (12, 9.44551832226218124333e+01) (13, 1.27915896495979097836e+02) (14, -2.61357387765385729139e+00) 
