FANN_FLO_2.1
num_layers=3
learning_rate=0.700000
connection_rate=1.000000
network_type=0
learning_momentum=0.000000
training_algorithm=2
train_error_function=1
train_stop_function=1
cascade_output_change_fraction=0.010000
quickprop_decay=-0.000100
quickprop_mu=1.750000
rprop_increase_factor=1.200000
rprop_decrease_factor=0.500000
rprop_delta_min=0.000000
rprop_delta_max=50.000000
rprop_delta_zero=0.100000
cascade_output_stagnation_epochs=12
cascade_candidate_change_fraction=0.010000
cascade_candidate_stagnation_epochs=12
cascade_max_out_epochs=150
cascade_min_out_epochs=50
cascade_max_cand_epochs=150
cascade_min_cand_epochs=50
cascade_num_candidate_groups=2
bit_fail_limit=1.00000000000000005551e-01
cascade_candidate_limit=1.00000000000000000000e+03
cascade_weight_multiplier=4.00000000000000022204e-01
cascade_activation_functions_count=10
cascade_activation_functions=3 5 7 8 10 11 14 15 16 17 
cascade_activation_steepnesses_count=4
cascade_activation_steepnesses=2.50000000000000000000e-01 5.00000000000000000000e-01 7.50000000000000000000e-01 1.00000000000000000000e+00 
layer_sizes=14 4 2 
scale_included=0
neurons (num_inputs, activation_function, activation_steepness)=(0, 0, 0.00000000000000000000e+00) (0, 0, 0.00000000000000000000e+00) (0, 0, 0.00000000000000000000e+00) (0, 0, 0.00000000000000000000e+00) (0, 0, 0.00000000000000000000e+00) (0, 0, 0.00000000000000000000e+00) (0, 0, 0.00000000000000000000e+00) (0, 0, 0.00000000000000000000e+00) (0, 0, 0.00000000000000000000e+00) (0, 0, 0.00000000000000000000e+00) (0, 0, 0.00000000000000000000e+00) (0, 0, 0.00000000000000000000e+00) (0, 0, 0.00000000000000000000e+00) (0, 0, 0.00000000000000000000e+00) (14, 6, 5.00000000000000000000e-01) (14, 6, 5.00000000000000000000e-01) (14, 6, 5.00000000000000000000e-01) (0, 6, 0.00000000000000000000e+00) (4, 4, 5.00000000000000000000e-01) (0, 4, 0.00000000000000000000e+00) 
connections (connected_to_neuron, weight)=(0, -7.42103771661146049965e-01) (1, 1.19672082789745459763e+00) (2, 5.27114996973502503153e+00) (3, -2.23186756805462271913e+00) (4, -2.16770684481543929323e+00) (5, -2.18015581876916320070e+00) (6, 1.04545965150063002724e+00) (7, -1.29513146281107793811e+00) (8, 1.35199665382122136137e+00) (9, -1.39482917934521566394e+00) (10, 1.28898523106788731596e+00) (11, 2.17788539355866284097e-01) (12, -1.29688075482710729602e+00) (13, -1.32420851318863705415e-02) (0, -2.28666978231943596178e-01) (1, 5.54520511332647680902e-01) (2, 2.24734365193921403758e+00) (3, -6.69513246293818919952e-01) (4, -7.00274354096209972198e-01) (5, -7.07797175522601573761e-01) (6, 5.47394060794012426996e-01) (7, -3.79942336580088968478e-01) (8, 6.64463325102063406824e-01) (9, -4.71976743540099497043e-01) (10, 6.72242624018089651727e-01) (11, 1.09724482642889906159e-01) (12, -5.30038969120314895633e-01) (13, -2.57494722036087753114e-01) (0, -7.61403725837095146645e-01) (1, 1.03286356159057723936e+00) (2, 5.30838207069861756082e+00) (3, -2.10287488759440810426e+00) (4, -2.23522057891768843874e+00) (5, -2.22299198196215064272e+00) (6, 9.91392140389132148215e-01) (7, -1.33671099245413671497e+00) (8, 1.42427574202036000273e+00) (9, -1.41027427017554174427e+00) (10, 1.11124890722837577073e+00) (11, 2.26296923583618969644e-01) (12, -1.33239315748080144886e+00) (13, 5.30015037925215676262e-02) (14, 5.21657943282353731007e+00) (15, 5.14267696742045732350e+00) (16, 5.18841973994004579396e+00) (17, 8.93417011334321914395e-02) 
