FANN_FLO_2.1
num_layers=3
learning_rate=0.700000
connection_rate=1.000000
network_type=0
learning_momentum=0.000000
training_algorithm=2
train_error_function=1
train_stop_function=1
cascade_output_change_fraction=0.010000
quickprop_decay=-0.000100
quickprop_mu=1.750000
rprop_increase_factor=1.200000
rprop_decrease_factor=0.500000
rprop_delta_min=0.000000
rprop_delta_max=50.000000
rprop_delta_zero=0.100000
cascade_output_stagnation_epochs=12
cascade_candidate_change_fraction=0.010000
cascade_candidate_stagnation_epochs=12
cascade_max_out_epochs=150
cascade_min_out_epochs=50
cascade_max_cand_epochs=150
cascade_min_cand_epochs=50
cascade_num_candidate_groups=2
bit_fail_limit=1.00000000000000005551e-01
cascade_candidate_limit=1.00000000000000000000e+03
cascade_weight_multiplier=4.00000000000000022204e-01
cascade_activation_functions_count=10
cascade_activation_functions=3 5 7 8 10 11 14 15 16 17 
cascade_activation_steepnesses_count=4
cascade_activation_steepnesses=2.50000000000000000000e-01 5.00000000000000000000e-01 7.50000000000000000000e-01 1.00000000000000000000e+00 
layer_sizes=6 4 2 
scale_included=0
neurons (num_inputs, activation_function, activation_steepness)=(0, 0, 0.00000000000000000000e+00) (0, 0, 0.00000000000000000000e+00) (0, 0, 0.00000000000000000000e+00) (0, 0, 0.00000000000000000000e+00) (0, 0, 0.00000000000000000000e+00) (0, 0, 0.00000000000000000000e+00) (6, 6, 5.00000000000000000000e-01) (6, 6, 5.00000000000000000000e-01) (6, 6, 5.00000000000000000000e-01) (0, 6, 0.00000000000000000000e+00) (4, 4, 5.00000000000000000000e-01) (0, 4, 0.00000000000000000000e+00) 
connections (connected_to_neuron, weight)=(0, -4.43232169013917265410e-01) (1, -1.93870544451442805567e+00) (2, -1.86950685996764720542e+00) (3, -1.77514392677897081541e+00) (4, -1.78701150212639436887e+00) (5, 1.53139174187374060843e+00) (0, 4.56219412236054611132e-01) (1, 1.96684049545594197284e+00) (2, 2.09424810723773813237e+00) (3, 2.53863572121544223137e+00) (4, 2.17675627635232782353e+00) (5, -6.96966867980150617257e-01) (0, -5.43914576631486124114e-01) (1, -1.94416026043859568873e+00) (2, -1.82181510124558032615e+00) (3, -1.79864132199638948606e+00) (4, -1.87065624240988315208e+00) (5, 1.54767134243440573904e+00) (6, -7.22464367503150572958e+00) (7, 3.49315814440549488040e+00) (8, -7.17610088119133582296e+00) (9, -1.11961254165630563762e+00) 
