FANN_FLO_2.1
num_layers=3
learning_rate=0.700000
connection_rate=1.000000
network_type=0
learning_momentum=0.000000
training_algorithm=2
train_error_function=1
train_stop_function=1
cascade_output_change_fraction=0.010000
quickprop_decay=-0.000100
quickprop_mu=1.750000
rprop_increase_factor=1.200000
rprop_decrease_factor=0.500000
rprop_delta_min=0.000000
rprop_delta_max=50.000000
rprop_delta_zero=0.100000
cascade_output_stagnation_epochs=12
cascade_candidate_change_fraction=0.010000
cascade_candidate_stagnation_epochs=12
cascade_max_out_epochs=150
cascade_min_out_epochs=50
cascade_max_cand_epochs=150
cascade_min_cand_epochs=50
cascade_num_candidate_groups=2
bit_fail_limit=1.00000000000000005551e-01
cascade_candidate_limit=1.00000000000000000000e+03
cascade_weight_multiplier=4.00000000000000022204e-01
cascade_activation_functions_count=10
cascade_activation_functions=3 5 7 8 10 11 14 15 16 17 
cascade_activation_steepnesses_count=4
cascade_activation_steepnesses=2.50000000000000000000e-01 5.00000000000000000000e-01 7.50000000000000000000e-01 1.00000000000000000000e+00 
layer_sizes=8 4 2 
scale_included=0
neurons (num_inputs, activation_function, activation_steepness)=(0, 0, 0.00000000000000000000e+00) (0, 0, 0.00000000000000000000e+00) (0, 0, 0.00000000000000000000e+00) (0, 0, 0.00000000000000000000e+00) (0, 0, 0.00000000000000000000e+00) (0, 0, 0.00000000000000000000e+00) (0, 0, 0.00000000000000000000e+00) (0, 0, 0.00000000000000000000e+00) (8, 6, 5.00000000000000000000e-01) (8, 6, 5.00000000000000000000e-01) (8, 6, 5.00000000000000000000e-01) (0, 6, 0.00000000000000000000e+00) (4, 4, 5.00000000000000000000e-01) (0, 4, 0.00000000000000000000e+00) 
connections (connected_to_neuron, weight)=(0, 3.34006307136032465355e-01) (1, 1.33414903564416036374e+01) (2, -4.04348396172238833124e-01) (3, -6.94195982273982936661e-02) (4, 1.79171910715065840769e+00) (5, 1.69190255058088867557e+00) (6, 2.23710563358812253298e+00) (7, -1.15078173961179408558e+00) (0, 6.73288135703583034974e-01) (1, 2.45682568293082770339e+00) (2, 1.35119082736983503468e-01) (3, -4.04039646387470141597e-02) (4, 1.14198984558528393585e+00) (5, 5.04333379203085740983e-01) (6, 2.22913126267199901420e+00) (7, -9.41051643192716835706e-02) (0, -2.51482425979189738730e-01) (1, -1.22333405444565066489e+01) (2, 3.89804490418746185654e+00) (3, 4.28485236807010405613e+00) (4, -3.27314996644293421113e+00) (5, -3.31231748368905165592e+00) (6, -3.15486997790563350463e+00) (7, 2.26409341542940900638e+00) (8, 3.53229380119373725933e+00) (9, 7.58085171465919471778e-01) (10, -6.59835318588410757457e+00) (11, -2.23223172646623657656e+00) 
