FANN_FLO_2.1
num_layers=3
learning_rate=0.700000
connection_rate=1.000000
network_type=0
learning_momentum=0.000000
training_algorithm=2
train_error_function=1
train_stop_function=1
cascade_output_change_fraction=0.010000
quickprop_decay=-0.000100
quickprop_mu=1.750000
rprop_increase_factor=1.200000
rprop_decrease_factor=0.500000
rprop_delta_min=0.000000
rprop_delta_max=50.000000
rprop_delta_zero=0.100000
cascade_output_stagnation_epochs=12
cascade_candidate_change_fraction=0.010000
cascade_candidate_stagnation_epochs=12
cascade_max_out_epochs=150
cascade_min_out_epochs=50
cascade_max_cand_epochs=150
cascade_min_cand_epochs=50
cascade_num_candidate_groups=2
bit_fail_limit=1.00000000000000005551e-01
cascade_candidate_limit=1.00000000000000000000e+03
cascade_weight_multiplier=4.00000000000000022204e-01
cascade_activation_functions_count=10
cascade_activation_functions=3 5 7 8 10 11 14 15 16 17 
cascade_activation_steepnesses_count=4
cascade_activation_steepnesses=2.50000000000000000000e-01 5.00000000000000000000e-01 7.50000000000000000000e-01 1.00000000000000000000e+00 
layer_sizes=12 4 2 
scale_included=0
neurons (num_inputs, activation_function, activation_steepness)=(0, 0, 0.00000000000000000000e+00) (0, 0, 0.00000000000000000000e+00) (0, 0, 0.00000000000000000000e+00) (0, 0, 0.00000000000000000000e+00) (0, 0, 0.00000000000000000000e+00) (0, 0, 0.00000000000000000000e+00) (0, 0, 0.00000000000000000000e+00) (0, 0, 0.00000000000000000000e+00) (0, 0, 0.00000000000000000000e+00) (0, 0, 0.00000000000000000000e+00) (0, 0, 0.00000000000000000000e+00) (0, 0, 0.00000000000000000000e+00) (12, 6, 5.00000000000000000000e-01) (12, 6, 5.00000000000000000000e-01) (12, 6, 5.00000000000000000000e-01) (0, 6, 0.00000000000000000000e+00) (4, 4, 5.00000000000000000000e-01) (0, 4, 0.00000000000000000000e+00) 
connections (connected_to_neuron, weight)=(0, -3.78000870629939145218e+00) (1, 2.10161525481463762333e+00) (2, -3.02016399543878577560e+00) (3, 6.19644944475901793268e-01) (4, -7.40045865565584048973e-01) (5, 1.78117511484034807268e+00) (6, 1.67825890103415997778e+00) (7, -2.60759243244618299506e-01) (8, -1.43128266456011954411e+00) (9, 1.88777154102343791564e+00) (10, 2.18570559504750150381e+00) (11, 1.98764350929482108699e-01) (0, 1.84503935098526167247e-01) (1, 2.28447948050316895774e+00) (2, 4.63684220195258289809e-01) (3, 1.50123342818390770326e+00) (4, 1.33840558755738889829e+01) (5, -8.59046859166254783702e+00) (6, -2.90411847074325546458e+00) (7, 1.24179100346416793066e+00) (8, 8.23792248401102655819e-01) (9, 6.65122530146458168510e-01) (10, 2.48992414266197537032e+00) (11, -2.91885141665270708700e+00) (0, 7.29076197037665352241e+00) (1, 4.19000347150167140597e+00) (2, -2.57114778168436020067e+00) (3, 1.22656077757559156538e-01) (4, 7.54676282532265130243e+00) (5, -1.82882680603633609451e+01) (6, -1.44159664790604455931e+01) (7, 9.66074792542642390991e-01) (8, -1.22001933866703970999e+00) (9, 6.07368458152786949711e+00) (10, 4.05914491860976678339e+00) (11, -4.08791423883917026671e+00) (12, -3.19785849194991982358e+01) (13, 2.73956064085010488895e+01) (14, 2.26333317951311521199e+01) (15, -2.41855978653837633274e+00) 
