FANN_FLO_2.1
num_layers=3
learning_rate=0.700000
connection_rate=1.000000
network_type=0
learning_momentum=0.000000
training_algorithm=2
train_error_function=1
train_stop_function=1
cascade_output_change_fraction=0.010000
quickprop_decay=-0.000100
quickprop_mu=1.750000
rprop_increase_factor=1.200000
rprop_decrease_factor=0.500000
rprop_delta_min=0.000000
rprop_delta_max=50.000000
rprop_delta_zero=0.100000
cascade_output_stagnation_epochs=12
cascade_candidate_change_fraction=0.010000
cascade_candidate_stagnation_epochs=12
cascade_max_out_epochs=150
cascade_min_out_epochs=50
cascade_max_cand_epochs=150
cascade_min_cand_epochs=50
cascade_num_candidate_groups=2
bit_fail_limit=1.00000000000000005551e-01
cascade_candidate_limit=1.00000000000000000000e+03
cascade_weight_multiplier=4.00000000000000022204e-01
cascade_activation_functions_count=10
cascade_activation_functions=3 5 7 8 10 11 14 15 16 17 
cascade_activation_steepnesses_count=4
cascade_activation_steepnesses=2.50000000000000000000e-01 5.00000000000000000000e-01 7.50000000000000000000e-01 1.00000000000000000000e+00 
layer_sizes=11 4 2 
scale_included=0
neurons (num_inputs, activation_function, activation_steepness)=(0, 0, 0.00000000000000000000e+00) (0, 0, 0.00000000000000000000e+00) (0, 0, 0.00000000000000000000e+00) (0, 0, 0.00000000000000000000e+00) (0, 0, 0.00000000000000000000e+00) (0, 0, 0.00000000000000000000e+00) (0, 0, 0.00000000000000000000e+00) (0, 0, 0.00000000000000000000e+00) (0, 0, 0.00000000000000000000e+00) (0, 0, 0.00000000000000000000e+00) (0, 0, 0.00000000000000000000e+00) (11, 6, 5.00000000000000000000e-01) (11, 6, 5.00000000000000000000e-01) (11, 6, 5.00000000000000000000e-01) (0, 6, 0.00000000000000000000e+00) (4, 4, 5.00000000000000000000e-01) (0, 4, 0.00000000000000000000e+00) 
connections (connected_to_neuron, weight)=(0, 8.01505996298826683955e-01) (1, 7.58050464526698553058e-01) (2, 1.08489458790336557037e-01) (3, 4.66703187138081121432e-01) (4, -3.14023256903293801479e-01) (5, 2.04094149747167080688e-01) (6, 1.91062666049654805711e+00) (7, 1.14985171303307431856e+00) (8, 3.94979568899236022084e-01) (9, 4.80671677381140027840e-01) (10, -1.86791108296521191079e+00) (0, 1.89407614735978180320e+00) (1, 1.86152230777531291217e+00) (2, 6.84440933833993070401e-01) (3, 1.24811686496077145492e+00) (4, -7.91271962005384965622e-01) (5, 8.68499556284800133810e-01) (6, -3.77431352835783384680e-01) (7, 5.52982816085690220831e-01) (8, 1.54919329184386245224e+00) (9, -4.09844694841366374849e-01) (10, -2.36172671164713410263e+00) (0, 9.98542877520755034482e+00) (1, 1.50681206110892995653e+00) (2, -1.27054390026611718767e+00) (3, 7.07147524273365135628e-01) (4, -1.05985867386223064912e+00) (5, 1.16805244284751474915e-01) (6, -3.34860732779292069594e-01) (7, 4.10869385482962590217e-01) (8, 1.93884803136060379636e+00) (9, 1.57118574783025866104e+00) (10, -2.24107884573917237603e+00) (11, 6.89389085762906574928e+01) (12, 3.68144231186040400416e+01) (13, 3.71643488368691450319e+01) (14, -7.02954676922222687629e-01) 
