FANN_FLO_2.1
num_layers=3
learning_rate=0.700000
connection_rate=1.000000
network_type=0
learning_momentum=0.000000
training_algorithm=2
train_error_function=1
train_stop_function=1
cascade_output_change_fraction=0.010000
quickprop_decay=-0.000100
quickprop_mu=1.750000
rprop_increase_factor=1.200000
rprop_decrease_factor=0.500000
rprop_delta_min=0.000000
rprop_delta_max=50.000000
rprop_delta_zero=0.100000
cascade_output_stagnation_epochs=12
cascade_candidate_change_fraction=0.010000
cascade_candidate_stagnation_epochs=12
cascade_max_out_epochs=150
cascade_min_out_epochs=50
cascade_max_cand_epochs=150
cascade_min_cand_epochs=50
cascade_num_candidate_groups=2
bit_fail_limit=1.00000000000000005551e-01
cascade_candidate_limit=1.00000000000000000000e+03
cascade_weight_multiplier=4.00000000000000022204e-01
cascade_activation_functions_count=10
cascade_activation_functions=3 5 7 8 10 11 14 15 16 17 
cascade_activation_steepnesses_count=4
cascade_activation_steepnesses=2.50000000000000000000e-01 5.00000000000000000000e-01 7.50000000000000000000e-01 1.00000000000000000000e+00 
layer_sizes=6 4 2 
scale_included=0
neurons (num_inputs, activation_function, activation_steepness)=(0, 0, 0.00000000000000000000e+00) (0, 0, 0.00000000000000000000e+00) (0, 0, 0.00000000000000000000e+00) (0, 0, 0.00000000000000000000e+00) (0, 0, 0.00000000000000000000e+00) (0, 0, 0.00000000000000000000e+00) (6, 6, 5.00000000000000000000e-01) (6, 6, 5.00000000000000000000e-01) (6, 6, 5.00000000000000000000e-01) (0, 6, 0.00000000000000000000e+00) (4, 4, 5.00000000000000000000e-01) (0, 4, 0.00000000000000000000e+00) 
connections (connected_to_neuron, weight)=(0, 8.83836894005149886766e+00) (1, -1.82225247497451237066e+00) (2, -2.29752404613432492653e+00) (3, -4.17595820069534262586e+00) (4, -4.62458707170338101378e+00) (5, -3.74245704567947701236e+00) (0, 5.48391434783052389434e+00) (1, 2.53377522508870622886e+00) (2, 2.34485163780633687480e+00) (3, 2.18564203039405446916e+00) (4, 2.47091853458133048349e+00) (5, -5.32461523599450092803e+00) (0, -2.22578113735896823688e-02) (1, -3.99759911011487423238e+00) (2, -3.73934924300825466403e+00) (3, -6.08721727295602832442e+00) (4, -4.73481268290686330147e+00) (5, 8.43131509333661099959e+00) (6, 2.20218171679696039789e+00) (7, 2.85692842487487794756e+01) (8, -8.49510719045004636385e-01) (9, -3.43635690781986191666e-01) 
