FANN_FLO_2.1
num_layers=3
learning_rate=0.700000
connection_rate=1.000000
network_type=0
learning_momentum=0.000000
training_algorithm=2
train_error_function=1
train_stop_function=1
cascade_output_change_fraction=0.010000
quickprop_decay=-0.000100
quickprop_mu=1.750000
rprop_increase_factor=1.200000
rprop_decrease_factor=0.500000
rprop_delta_min=0.000000
rprop_delta_max=50.000000
rprop_delta_zero=0.100000
cascade_output_stagnation_epochs=12
cascade_candidate_change_fraction=0.010000
cascade_candidate_stagnation_epochs=12
cascade_max_out_epochs=150
cascade_min_out_epochs=50
cascade_max_cand_epochs=150
cascade_min_cand_epochs=50
cascade_num_candidate_groups=2
bit_fail_limit=1.00000000000000005551e-01
cascade_candidate_limit=1.00000000000000000000e+03
cascade_weight_multiplier=4.00000000000000022204e-01
cascade_activation_functions_count=10
cascade_activation_functions=3 5 7 8 10 11 14 15 16 17 
cascade_activation_steepnesses_count=4
cascade_activation_steepnesses=2.50000000000000000000e-01 5.00000000000000000000e-01 7.50000000000000000000e-01 1.00000000000000000000e+00 
layer_sizes=12 4 2 
scale_included=0
neurons (num_inputs, activation_function, activation_steepness)=(0, 0, 0.00000000000000000000e+00) (0, 0, 0.00000000000000000000e+00) (0, 0, 0.00000000000000000000e+00) (0, 0, 0.00000000000000000000e+00) (0, 0, 0.00000000000000000000e+00) (0, 0, 0.00000000000000000000e+00) (0, 0, 0.00000000000000000000e+00) (0, 0, 0.00000000000000000000e+00) (0, 0, 0.00000000000000000000e+00) (0, 0, 0.00000000000000000000e+00) (0, 0, 0.00000000000000000000e+00) (0, 0, 0.00000000000000000000e+00) (12, 6, 5.00000000000000000000e-01) (12, 6, 5.00000000000000000000e-01) (12, 6, 5.00000000000000000000e-01) (0, 6, 0.00000000000000000000e+00) (4, 4, 5.00000000000000000000e-01) (0, 4, 0.00000000000000000000e+00) 
connections (connected_to_neuron, weight)=(0, -9.09507664825699890798e+00) (1, -3.02955794947949685891e+00) (2, -7.18564639307449182226e-01) (3, -2.49746380911578436113e+00) (4, 6.71617612438854028056e+00) (5, 1.45321067309233118436e+01) (6, 6.92365357170361317429e+00) (7, 7.05826162510947874296e-01) (8, -3.50400975477139686731e+00) (9, -7.53845849258636846457e-01) (10, -3.02770280342845410360e+00) (11, 5.50650435151730111016e+00) (0, -1.76021748703187896901e+00) (1, -1.30363212015411256139e+00) (2, 6.86976851209231798023e-01) (3, 2.68602888877127865541e+00) (4, 2.00845540134667865928e+00) (5, 6.56485350252794308545e-01) (6, 2.58552952649588441147e+00) (7, 7.73070682228675504222e-02) (8, 7.63927022388272147779e-01) (9, 1.59277205597358428868e+00) (10, -1.25421199575553710126e+00) (11, 4.61457426600651365867e-01) (0, 3.90038429234748473817e+00) (1, 7.99578761638875090689e-01) (2, 8.14875794385691465394e-01) (3, 2.04855507412818160784e-01) (4, 1.17496813773814290371e+00) (5, 1.45157078958716123651e+00) (6, 2.17172526273509047812e+00) (7, 2.82792325708596803402e-01) (8, 2.45421137798548572029e-01) (9, -3.13951546300510475618e-01) (10, 8.29285870339819597419e-01) (11, -1.96983106019940112930e+00) (12, -2.16277539610442204321e+01) (13, -4.21680660894933367899e+01) (14, 6.69582452562975589672e+01) (15, -1.52722813540615387495e+00) 
