FANN_FLO_2.1
num_layers=3
learning_rate=0.700000
connection_rate=1.000000
network_type=0
learning_momentum=0.000000
training_algorithm=2
train_error_function=1
train_stop_function=1
cascade_output_change_fraction=0.010000
quickprop_decay=-0.000100
quickprop_mu=1.750000
rprop_increase_factor=1.200000
rprop_decrease_factor=0.500000
rprop_delta_min=0.000000
rprop_delta_max=50.000000
rprop_delta_zero=0.100000
cascade_output_stagnation_epochs=12
cascade_candidate_change_fraction=0.010000
cascade_candidate_stagnation_epochs=12
cascade_max_out_epochs=150
cascade_min_out_epochs=50
cascade_max_cand_epochs=150
cascade_min_cand_epochs=50
cascade_num_candidate_groups=2
bit_fail_limit=1.00000000000000005551e-01
cascade_candidate_limit=1.00000000000000000000e+03
cascade_weight_multiplier=4.00000000000000022204e-01
cascade_activation_functions_count=10
cascade_activation_functions=3 5 7 8 10 11 14 15 16 17 
cascade_activation_steepnesses_count=4
cascade_activation_steepnesses=2.50000000000000000000e-01 5.00000000000000000000e-01 7.50000000000000000000e-01 1.00000000000000000000e+00 
layer_sizes=18 4 2 
scale_included=0
neurons (num_inputs, activation_function, activation_steepness)=(0, 0, 0.00000000000000000000e+00) (0, 0, 0.00000000000000000000e+00) (0, 0, 0.00000000000000000000e+00) (0, 0, 0.00000000000000000000e+00) (0, 0, 0.00000000000000000000e+00) (0, 0, 0.00000000000000000000e+00) (0, 0, 0.00000000000000000000e+00) (0, 0, 0.00000000000000000000e+00) (0, 0, 0.00000000000000000000e+00) (0, 0, 0.00000000000000000000e+00) (0, 0, 0.00000000000000000000e+00) (0, 0, 0.00000000000000000000e+00) (0, 0, 0.00000000000000000000e+00) (0, 0, 0.00000000000000000000e+00) (0, 0, 0.00000000000000000000e+00) (0, 0, 0.00000000000000000000e+00) (0, 0, 0.00000000000000000000e+00) (0, 0, 0.00000000000000000000e+00) (18, 6, 5.00000000000000000000e-01) (18, 6, 5.00000000000000000000e-01) (18, 6, 5.00000000000000000000e-01) (0, 6, 0.00000000000000000000e+00) (4, 4, 5.00000000000000000000e-01) (0, 4, 0.00000000000000000000e+00) 
connections (connected_to_neuron, weight)=(0, -3.50521609110464593684e-01) (1, -6.52876732457814412669e-02) (2, 3.68755756101897391730e+00) (3, 2.38524399837312994777e+00) (4, 1.73588617470339734439e+00) (5, 2.38683689278805255540e+00) (6, -5.40300853870920860800e-02) (7, 1.96941497514836000304e-01) (8, 9.68685966521078078983e-01) (9, 3.17841468863342502260e+00) (10, 1.79305488942228086202e+00) (11, 3.93676094450099389732e+00) (12, -1.02678533536382432523e+00) (13, -1.05637447310768828324e+00) (14, -1.92557452989692423628e+00) (15, -9.52239018305634399297e-01) (16, -9.96858575042784633702e-01) (17, -7.09038949308476856848e-02) (0, -4.06997057338714984809e+00) (1, 1.21662403531005143265e+01) (2, -3.30546091049212309443e+00) (3, -2.02416723942711662687e+00) (4, 5.16119166364545023384e-01) (5, -2.97735242840003300202e+00) (6, 3.92074329025404599847e+00) (7, 1.38049352786987125086e+01) (8, -4.39775248883199054717e+00) (9, -2.70318434211240965492e-01) (10, -5.56961906701470610415e-01) (11, 4.69893312658875683674e-01) (12, -2.62431174863815674936e-01) (13, -4.01248013800133418449e-01) (14, -1.57535314116134128604e+00) (15, -8.33654080531976315882e-01) (16, 1.97315707575609300406e+00) (17, -2.31570874589125619281e+00) (0, -3.38086404901136283740e-01) (1, -4.07115199946857575508e-01) (2, 6.65051432165012168518e-01) (3, 1.60398550885658264242e+00) (4, 7.23484369637748336856e+00) (5, 1.63943080558009302017e+00) (6, -4.83085955336945926941e-01) (7, -4.77935085825764327527e-01) (8, 1.15222069919534431115e+00) (9, 5.30918089094471690181e-01) (10, 1.28908622053538302055e+01) (11, 5.49165549775288641676e-01) (12, -4.17083736646343572474e-01) (13, -2.55154684291092337389e+00) (14, -1.17992563050632903732e+00) (15, -1.06124788049742257989e+00) (16, -2.16100354917752168760e+00) (17, -1.79138913604778821087e-01) (18, 4.75584181304234832055e+00) (19, 5.14049175191959317743e+00) (20, 1.87516687558912642508e+00) (21, -4.32578001731934858043e+00) 
