FANN_FLO_2.1
num_layers=3
learning_rate=0.700000
connection_rate=1.000000
network_type=0
learning_momentum=0.000000
training_algorithm=2
train_error_function=1
train_stop_function=1
cascade_output_change_fraction=0.010000
quickprop_decay=-0.000100
quickprop_mu=1.750000
rprop_increase_factor=1.200000
rprop_decrease_factor=0.500000
rprop_delta_min=0.000000
rprop_delta_max=50.000000
rprop_delta_zero=0.100000
cascade_output_stagnation_epochs=12
cascade_candidate_change_fraction=0.010000
cascade_candidate_stagnation_epochs=12
cascade_max_out_epochs=150
cascade_min_out_epochs=50
cascade_max_cand_epochs=150
cascade_min_cand_epochs=50
cascade_num_candidate_groups=2
bit_fail_limit=1.00000000000000005551e-01
cascade_candidate_limit=1.00000000000000000000e+03
cascade_weight_multiplier=4.00000000000000022204e-01
cascade_activation_functions_count=10
cascade_activation_functions=3 5 7 8 10 11 14 15 16 17 
cascade_activation_steepnesses_count=4
cascade_activation_steepnesses=2.50000000000000000000e-01 5.00000000000000000000e-01 7.50000000000000000000e-01 1.00000000000000000000e+00 
layer_sizes=12 4 2 
scale_included=0
neurons (num_inputs, activation_function, activation_steepness)=(0, 0, 0.00000000000000000000e+00) (0, 0, 0.00000000000000000000e+00) (0, 0, 0.00000000000000000000e+00) (0, 0, 0.00000000000000000000e+00) (0, 0, 0.00000000000000000000e+00) (0, 0, 0.00000000000000000000e+00) (0, 0, 0.00000000000000000000e+00) (0, 0, 0.00000000000000000000e+00) (0, 0, 0.00000000000000000000e+00) (0, 0, 0.00000000000000000000e+00) (0, 0, 0.00000000000000000000e+00) (0, 0, 0.00000000000000000000e+00) (12, 6, 5.00000000000000000000e-01) (12, 6, 5.00000000000000000000e-01) (12, 6, 5.00000000000000000000e-01) (0, 6, 0.00000000000000000000e+00) (4, 4, 5.00000000000000000000e-01) (0, 4, 0.00000000000000000000e+00) 
connections (connected_to_neuron, weight)=(0, -5.14051162858545573897e+00) (1, -2.77867104914550733241e+00) (2, 1.21165573820272740591e+01) (3, -6.12530961528034278984e+00) (4, 2.60276452474842123763e+01) (5, 2.29702565307778954207e+01) (6, -1.59800607710453812516e+00) (7, -2.64789263731333823770e+00) (8, -3.96465103615404590442e+00) (9, -1.42002836094995643634e+00) (10, -2.02847753128778540699e+00) (11, 4.94557808449771840742e+00) (0, -1.03194893016167164035e+01) (1, -1.81761946777103466921e+00) (2, -6.32018178207349112796e+00) (3, -1.07441747806859630998e+01) (4, 1.21295216812300665765e+01) (5, 7.51449868518506924886e+00) (6, -5.66602006654635470539e+00) (7, 1.15464833659112309228e+00) (8, 7.67764303460650321398e+00) (9, 1.25418563253865955609e+00) (10, -3.96925245275906091180e+00) (11, 4.62240665424591856691e+00) (0, 2.91848102795921171548e+00) (1, 3.32724590722992263903e-01) (2, 1.54846688987504155222e+00) (3, 1.52433260133129131475e+01) (4, -7.61259506435482435904e+00) (5, -3.91357251656153559694e+00) (6, 7.82783118613857187285e-01) (7, 7.39332029004868607203e-01) (8, 4.40338784931994797756e-02) (9, 1.74114236683338230449e+00) (10, 9.62291477938298833728e-01) (11, -2.33760760333368899921e+00) (12, -3.65260261381931883307e+01) (13, -1.19419237016522288286e+01) (14, 4.06859159621847723542e+01) (15, -1.62341689713669334871e+00) 
