FANN_FLO_2.1
num_layers=3
learning_rate=0.700000
connection_rate=1.000000
network_type=0
learning_momentum=0.000000
training_algorithm=2
train_error_function=1
train_stop_function=1
cascade_output_change_fraction=0.010000
quickprop_decay=-0.000100
quickprop_mu=1.750000
rprop_increase_factor=1.200000
rprop_decrease_factor=0.500000
rprop_delta_min=0.000000
rprop_delta_max=50.000000
rprop_delta_zero=0.100000
cascade_output_stagnation_epochs=12
cascade_candidate_change_fraction=0.010000
cascade_candidate_stagnation_epochs=12
cascade_max_out_epochs=150
cascade_min_out_epochs=50
cascade_max_cand_epochs=150
cascade_min_cand_epochs=50
cascade_num_candidate_groups=2
bit_fail_limit=1.00000000000000005551e-01
cascade_candidate_limit=1.00000000000000000000e+03
cascade_weight_multiplier=4.00000000000000022204e-01
cascade_activation_functions_count=10
cascade_activation_functions=3 5 7 8 10 11 14 15 16 17 
cascade_activation_steepnesses_count=4
cascade_activation_steepnesses=2.50000000000000000000e-01 5.00000000000000000000e-01 7.50000000000000000000e-01 1.00000000000000000000e+00 
layer_sizes=12 4 2 
scale_included=0
neurons (num_inputs, activation_function, activation_steepness)=(0, 0, 0.00000000000000000000e+00) (0, 0, 0.00000000000000000000e+00) (0, 0, 0.00000000000000000000e+00) (0, 0, 0.00000000000000000000e+00) (0, 0, 0.00000000000000000000e+00) (0, 0, 0.00000000000000000000e+00) (0, 0, 0.00000000000000000000e+00) (0, 0, 0.00000000000000000000e+00) (0, 0, 0.00000000000000000000e+00) (0, 0, 0.00000000000000000000e+00) (0, 0, 0.00000000000000000000e+00) (0, 0, 0.00000000000000000000e+00) (12, 6, 5.00000000000000000000e-01) (12, 6, 5.00000000000000000000e-01) (12, 6, 5.00000000000000000000e-01) (0, 6, 0.00000000000000000000e+00) (4, 4, 5.00000000000000000000e-01) (0, 4, 0.00000000000000000000e+00) 
connections (connected_to_neuron, weight)=(0, 4.08227852380537825638e+00) (1, 1.50000000000000000000e+03) (2, -3.06496164762903644530e-01) (3, 2.18177536962028506551e+00) (4, 1.50000000000000000000e+03) (5, 2.69906436321221576691e-01) (6, -8.27152919976657408085e-01) (7, 2.74707368515582750490e-01) (8, 1.50000000000000000000e+03) (9, 2.40536928644408298794e+00) (10, -5.41282252565263521937e-01) (11, -2.09568723685222169095e+00) (0, 3.49917686312294318185e+00) (1, 1.50000000000000000000e+03) (2, 1.77242455445569824235e+00) (3, 1.53774431026068891804e+00) (4, 1.50000000000000000000e+03) (5, -2.33085207954246698137e-02) (6, 7.88431446953632342201e+00) (7, -3.11620604032613002232e+00) (8, 1.50000000000000000000e+03) (9, -4.68632619895593460768e+00) (10, 1.80272416801896895322e+01) (11, -1.23621958690745703535e+00) (0, 3.49395680754280402169e+00) (1, 1.50000000000000000000e+03) (2, 1.83139866404575180070e+00) (3, 1.89742288283877447164e+00) (4, 1.50000000000000000000e+03) (5, -9.72223855868180053541e-02) (6, 7.91477730824567782264e+00) (7, -2.94741723472214900426e+00) (8, 1.50000000000000000000e+03) (9, -4.76138534699592597121e+00) (10, 1.39284936436099169299e+01) (11, -1.20364174443347327070e+00) (12, 8.74875394965249419954e+00) (13, 3.29386782271508815612e+00) (14, 7.55111361713617368352e-01) (15, -5.98054307844556465312e+00) 
