FANN_FLO_2.1
num_layers=3
learning_rate=0.700000
connection_rate=1.000000
network_type=0
learning_momentum=0.000000
training_algorithm=2
train_error_function=1
train_stop_function=1
cascade_output_change_fraction=0.010000
quickprop_decay=-0.000100
quickprop_mu=1.750000
rprop_increase_factor=1.200000
rprop_decrease_factor=0.500000
rprop_delta_min=0.000000
rprop_delta_max=50.000000
rprop_delta_zero=0.100000
cascade_output_stagnation_epochs=12
cascade_candidate_change_fraction=0.010000
cascade_candidate_stagnation_epochs=12
cascade_max_out_epochs=150
cascade_min_out_epochs=50
cascade_max_cand_epochs=150
cascade_min_cand_epochs=50
cascade_num_candidate_groups=2
bit_fail_limit=1.00000000000000005551e-01
cascade_candidate_limit=1.00000000000000000000e+03
cascade_weight_multiplier=4.00000000000000022204e-01
cascade_activation_functions_count=10
cascade_activation_functions=3 5 7 8 10 11 14 15 16 17 
cascade_activation_steepnesses_count=4
cascade_activation_steepnesses=2.50000000000000000000e-01 5.00000000000000000000e-01 7.50000000000000000000e-01 1.00000000000000000000e+00 
layer_sizes=6 4 2 
scale_included=0
neurons (num_inputs, activation_function, activation_steepness)=(0, 0, 0.00000000000000000000e+00) (0, 0, 0.00000000000000000000e+00) (0, 0, 0.00000000000000000000e+00) (0, 0, 0.00000000000000000000e+00) (0, 0, 0.00000000000000000000e+00) (0, 0, 0.00000000000000000000e+00) (6, 6, 5.00000000000000000000e-01) (6, 6, 5.00000000000000000000e-01) (6, 6, 5.00000000000000000000e-01) (0, 6, 0.00000000000000000000e+00) (4, 4, 5.00000000000000000000e-01) (0, 4, 0.00000000000000000000e+00) 
connections (connected_to_neuron, weight)=(0, 3.28490659176347943315e+00) (1, 8.78843513076420723706e-01) (2, 2.64173578106418449618e-01) (3, 1.49238669602401702319e-01) (4, 1.50000000000000000000e+03) (5, -1.80825662008745235987e+00) (0, -3.08937135338946777807e+00) (1, -2.38598814638983069969e+00) (2, 1.70647434675867071263e+00) (3, 1.20555418240535550112e+00) (4, 5.22655722681280394681e+02) (5, 1.61532571174265071612e+00) (0, -3.06863625347777801977e+00) (1, -2.52436774256359397484e+00) (2, 1.83515889728242820311e+00) (3, 1.19957925635087780947e+00) (4, 5.22637545473721047529e+02) (5, 1.69519974361753678060e+00) (6, 8.38704563220386773992e+01) (7, -4.39621026158964767205e+00) (8, -4.43034024626648559320e+00) (9, -5.46958064644668007226e-01) 
