FANN_FLO_2.1
num_layers=3
learning_rate=0.700000
connection_rate=1.000000
network_type=0
learning_momentum=0.000000
training_algorithm=2
train_error_function=1
train_stop_function=1
cascade_output_change_fraction=0.010000
quickprop_decay=-0.000100
quickprop_mu=1.750000
rprop_increase_factor=1.200000
rprop_decrease_factor=0.500000
rprop_delta_min=0.000000
rprop_delta_max=50.000000
rprop_delta_zero=0.100000
cascade_output_stagnation_epochs=12
cascade_candidate_change_fraction=0.010000
cascade_candidate_stagnation_epochs=12
cascade_max_out_epochs=150
cascade_min_out_epochs=50
cascade_max_cand_epochs=150
cascade_min_cand_epochs=50
cascade_num_candidate_groups=2
bit_fail_limit=1.00000000000000005551e-01
cascade_candidate_limit=1.00000000000000000000e+03
cascade_weight_multiplier=4.00000000000000022204e-01
cascade_activation_functions_count=10
cascade_activation_functions=3 5 7 8 10 11 14 15 16 17 
cascade_activation_steepnesses_count=4
cascade_activation_steepnesses=2.50000000000000000000e-01 5.00000000000000000000e-01 7.50000000000000000000e-01 1.00000000000000000000e+00 
layer_sizes=12 4 2 
scale_included=0
neurons (num_inputs, activation_function, activation_steepness)=(0, 0, 0.00000000000000000000e+00) (0, 0, 0.00000000000000000000e+00) (0, 0, 0.00000000000000000000e+00) (0, 0, 0.00000000000000000000e+00) (0, 0, 0.00000000000000000000e+00) (0, 0, 0.00000000000000000000e+00) (0, 0, 0.00000000000000000000e+00) (0, 0, 0.00000000000000000000e+00) (0, 0, 0.00000000000000000000e+00) (0, 0, 0.00000000000000000000e+00) (0, 0, 0.00000000000000000000e+00) (0, 0, 0.00000000000000000000e+00) (12, 6, 5.00000000000000000000e-01) (12, 6, 5.00000000000000000000e-01) (12, 6, 5.00000000000000000000e-01) (0, 6, 0.00000000000000000000e+00) (4, 4, 5.00000000000000000000e-01) (0, 4, 0.00000000000000000000e+00) 
connections (connected_to_neuron, weight)=(0, -2.62290612504851594622e+00) (1, 4.29496326836766328938e+00) (2, 6.63140159167678183705e-02) (3, 4.85756667622987470256e-01) (4, 1.91612613778625262562e+00) (5, 9.79008666240646263645e+00) (6, 2.17137827929788596037e+00) (7, 7.88733548756248681322e-01) (8, -1.54009290771673557074e+00) (9, -1.64591621594618242597e+00) (10, 3.19699303250669641940e-01) (11, -2.53954535619389787371e+00) (0, -4.49360564987421806649e+00) (1, 2.18865379052190656139e+00) (2, 1.57926889590275409958e+00) (3, 3.12658539492238274349e+00) (4, 1.19871942464056657762e+00) (5, 2.57109193650643863549e+00) (6, 2.21161045858821170285e+00) (7, 1.26463969937372655572e+00) (8, -1.21099919320192861427e+00) (9, -3.52820951115797054598e+00) (10, 1.50961852096179494076e+00) (11, -1.68933298868770376266e+00) (0, -2.43569252869984459453e-01) (1, 3.96570462690044478471e-01) (2, 2.53978979271841986964e-01) (3, 5.30735779572189425579e-01) (4, 3.39505816804469839898e-01) (5, 2.09806355828881047065e-01) (6, 2.24757411399012563269e-01) (7, 3.39566625188639226174e-01) (8, -9.72834118522376486982e-03) (9, 3.38393560730247764529e-03) (10, 1.95918284170002426903e-01) (11, -2.41333486161830285122e-01) (12, 4.58687576989485723544e+00) (13, 1.29435626306851254697e+01) (14, 1.12379760333843975451e-01) (15, -1.85270013677840172939e+00) 
