FANN_FLO_2.1
num_layers=3
learning_rate=0.700000
connection_rate=1.000000
network_type=0
learning_momentum=0.000000
training_algorithm=2
train_error_function=1
train_stop_function=1
cascade_output_change_fraction=0.010000
quickprop_decay=-0.000100
quickprop_mu=1.750000
rprop_increase_factor=1.200000
rprop_decrease_factor=0.500000
rprop_delta_min=0.000000
rprop_delta_max=50.000000
rprop_delta_zero=0.100000
cascade_output_stagnation_epochs=12
cascade_candidate_change_fraction=0.010000
cascade_candidate_stagnation_epochs=12
cascade_max_out_epochs=150
cascade_min_out_epochs=50
cascade_max_cand_epochs=150
cascade_min_cand_epochs=50
cascade_num_candidate_groups=2
bit_fail_limit=1.00000000000000005551e-01
cascade_candidate_limit=1.00000000000000000000e+03
cascade_weight_multiplier=4.00000000000000022204e-01
cascade_activation_functions_count=10
cascade_activation_functions=3 5 7 8 10 11 14 15 16 17 
cascade_activation_steepnesses_count=4
cascade_activation_steepnesses=2.50000000000000000000e-01 5.00000000000000000000e-01 7.50000000000000000000e-01 1.00000000000000000000e+00 
layer_sizes=10 4 2 
scale_included=0
neurons (num_inputs, activation_function, activation_steepness)=(0, 0, 0.00000000000000000000e+00) (0, 0, 0.00000000000000000000e+00) (0, 0, 0.00000000000000000000e+00) (0, 0, 0.00000000000000000000e+00) (0, 0, 0.00000000000000000000e+00) (0, 0, 0.00000000000000000000e+00) (0, 0, 0.00000000000000000000e+00) (0, 0, 0.00000000000000000000e+00) (0, 0, 0.00000000000000000000e+00) (0, 0, 0.00000000000000000000e+00) (10, 6, 5.00000000000000000000e-01) (10, 6, 5.00000000000000000000e-01) (10, 6, 5.00000000000000000000e-01) (0, 6, 0.00000000000000000000e+00) (4, 4, 5.00000000000000000000e-01) (0, 4, 0.00000000000000000000e+00) 
connections (connected_to_neuron, weight)=(0, 6.92079408607865986802e-01) (1, -6.32640375248977981926e-01) (2, -1.36640196212740665516e+01) (3, 5.27404902755944537951e-01) (4, 6.19658741055336248493e-01) (5, 2.16789200807249671232e-01) (6, -1.12906001128006359124e+01) (7, 2.76116379877173634405e-01) (8, -2.68677040518387824641e-02) (9, 6.54845318339254078843e-01) (0, -1.24422141741264757897e-01) (1, 1.57787182645797519065e+00) (2, 5.32327177560687747615e+00) (3, 1.76177386516295601815e-02) (4, 8.42825431299547345176e-01) (5, 1.02635561037869238454e+00) (6, 1.92711922673302482600e+00) (7, -2.16511782144183512200e-02) (8, 1.04081589394799278736e+00) (9, -1.06118345092285570885e-01) (0, 4.56819540550951241897e+00) (1, -6.85746650712400462879e+00) (2, -7.34728017230251051473e+00) (3, 4.30913782821592938888e+00) (4, -1.78765890560963258693e+00) (5, -1.69206215254881486842e+00) (6, -6.83020942289838561834e+00) (7, 2.47554766268592096878e+00) (8, -1.61439106631313311624e+00) (9, 7.33388945242675482916e+00) (10, -7.59153184476659914637e-01) (11, 6.06055212769377571469e-01) (12, -5.85807548450468651424e+00) (13, -1.91170705183830502705e+00) 
