FANN_FLO_2.1
num_layers=3
learning_rate=0.700000
connection_rate=1.000000
network_type=0
learning_momentum=0.000000
training_algorithm=2
train_error_function=1
train_stop_function=1
cascade_output_change_fraction=0.010000
quickprop_decay=-0.000100
quickprop_mu=1.750000
rprop_increase_factor=1.200000
rprop_decrease_factor=0.500000
rprop_delta_min=0.000000
rprop_delta_max=50.000000
rprop_delta_zero=0.100000
cascade_output_stagnation_epochs=12
cascade_candidate_change_fraction=0.010000
cascade_candidate_stagnation_epochs=12
cascade_max_out_epochs=150
cascade_min_out_epochs=50
cascade_max_cand_epochs=150
cascade_min_cand_epochs=50
cascade_num_candidate_groups=2
bit_fail_limit=1.00000000000000005551e-01
cascade_candidate_limit=1.00000000000000000000e+03
cascade_weight_multiplier=4.00000000000000022204e-01
cascade_activation_functions_count=10
cascade_activation_functions=3 5 7 8 10 11 14 15 16 17 
cascade_activation_steepnesses_count=4
cascade_activation_steepnesses=2.50000000000000000000e-01 5.00000000000000000000e-01 7.50000000000000000000e-01 1.00000000000000000000e+00 
layer_sizes=11 4 2 
scale_included=0
neurons (num_inputs, activation_function, activation_steepness)=(0, 0, 0.00000000000000000000e+00) (0, 0, 0.00000000000000000000e+00) (0, 0, 0.00000000000000000000e+00) (0, 0, 0.00000000000000000000e+00) (0, 0, 0.00000000000000000000e+00) (0, 0, 0.00000000000000000000e+00) (0, 0, 0.00000000000000000000e+00) (0, 0, 0.00000000000000000000e+00) (0, 0, 0.00000000000000000000e+00) (0, 0, 0.00000000000000000000e+00) (0, 0, 0.00000000000000000000e+00) (11, 6, 5.00000000000000000000e-01) (11, 6, 5.00000000000000000000e-01) (11, 6, 5.00000000000000000000e-01) (0, 6, 0.00000000000000000000e+00) (4, 4, 5.00000000000000000000e-01) (0, 4, 0.00000000000000000000e+00) 
connections (connected_to_neuron, weight)=(0, 5.24858579110192499662e-02) (1, -1.82742162370585665976e-02) (2, -3.00184963808650984163e+00) (3, 2.13076237376087584963e+00) (4, -1.88012431952317204953e-01) (5, 1.14002624387773199288e+00) (6, -2.36937221178432522173e-01) (7, 2.69204285537009216367e-02) (8, 2.09525347744794282479e-01) (9, 3.22498172910802249902e+00) (10, 6.12999162761802218746e-01) (0, 2.09427972643790827334e+00) (1, 3.02346387827464369025e+00) (2, 3.90785229735756223235e+00) (3, -2.96256030060983555074e+00) (4, 4.08969555267117801378e+00) (5, -2.85739699952655978876e+00) (6, 2.62067558763669561372e+00) (7, 2.53278654436584504950e+00) (8, -9.33935143111275012373e-01) (9, -5.15683187377072815849e+00) (10, -4.06709658318789024634e+00) (0, 3.82822693463250041113e-01) (1, -1.28858741640037244292e-01) (2, 2.03564767923983058751e+00) (3, 2.02459790993258614833e+00) (4, 2.43184594581426551940e+01) (5, 1.89357242747172638264e-01) (6, 4.80611182003923942396e-01) (7, -2.47049175283380051393e-01) (8, 5.19600204151454483914e-02) (9, -2.73370388636268968341e+00) (10, -8.56749410403463418362e-01) (11, -4.84683916497291100711e+00) (12, 6.87197741895447649085e+01) (13, 1.59062494248954244824e+01) (14, -1.02920389601613271324e+00) 
