FANN_FLO_2.1
num_layers=3
learning_rate=0.700000
connection_rate=1.000000
network_type=0
learning_momentum=0.000000
training_algorithm=2
train_error_function=1
train_stop_function=1
cascade_output_change_fraction=0.010000
quickprop_decay=-0.000100
quickprop_mu=1.750000
rprop_increase_factor=1.200000
rprop_decrease_factor=0.500000
rprop_delta_min=0.000000
rprop_delta_max=50.000000
rprop_delta_zero=0.100000
cascade_output_stagnation_epochs=12
cascade_candidate_change_fraction=0.010000
cascade_candidate_stagnation_epochs=12
cascade_max_out_epochs=150
cascade_min_out_epochs=50
cascade_max_cand_epochs=150
cascade_min_cand_epochs=50
cascade_num_candidate_groups=2
bit_fail_limit=1.00000000000000005551e-01
cascade_candidate_limit=1.00000000000000000000e+03
cascade_weight_multiplier=4.00000000000000022204e-01
cascade_activation_functions_count=10
cascade_activation_functions=3 5 7 8 10 11 14 15 16 17 
cascade_activation_steepnesses_count=4
cascade_activation_steepnesses=2.50000000000000000000e-01 5.00000000000000000000e-01 7.50000000000000000000e-01 1.00000000000000000000e+00 
layer_sizes=12 4 2 
scale_included=0
neurons (num_inputs, activation_function, activation_steepness)=(0, 0, 0.00000000000000000000e+00) (0, 0, 0.00000000000000000000e+00) (0, 0, 0.00000000000000000000e+00) (0, 0, 0.00000000000000000000e+00) (0, 0, 0.00000000000000000000e+00) (0, 0, 0.00000000000000000000e+00) (0, 0, 0.00000000000000000000e+00) (0, 0, 0.00000000000000000000e+00) (0, 0, 0.00000000000000000000e+00) (0, 0, 0.00000000000000000000e+00) (0, 0, 0.00000000000000000000e+00) (0, 0, 0.00000000000000000000e+00) (12, 6, 5.00000000000000000000e-01) (12, 6, 5.00000000000000000000e-01) (12, 6, 5.00000000000000000000e-01) (0, 6, 0.00000000000000000000e+00) (4, 4, 5.00000000000000000000e-01) (0, 4, 0.00000000000000000000e+00) 
connections (connected_to_neuron, weight)=(0, -5.91184783505553701488e-01) (1, 3.18778768548004176608e+00) (2, -3.22248390857329591874e-01) (3, -3.35428341273417696122e-01) (4, -1.50861498764315427046e+00) (5, -2.72306277398219331864e-01) (6, 3.02870020636550929538e+00) (7, -3.32348844949355348710e-01) (8, -1.90804305354250747229e-02) (9, -1.48390905237356007795e+00) (10, -3.03712566563121821872e+00) (11, -3.51317434553256258134e-01) (0, 7.24436512550467259786e-01) (1, -3.16810111322633769504e+00) (2, 6.47552786728495477497e-01) (3, 6.86075112184637903034e-01) (4, 1.02127369771396958598e+00) (5, 6.27205623647326349079e-01) (6, -3.08118439086906459323e+00) (7, 6.41980348488444207966e-01) (8, 3.46934915372482943763e-01) (9, 9.71588368515132305703e-01) (10, 1.01812958250439011820e+00) (11, 6.97349420150870091817e-01) (0, -5.98996635305041769115e-01) (1, 3.16826053329937007419e+00) (2, -3.87061650846352800492e-01) (3, -3.44727075640311464433e-01) (4, -1.50859658470907986860e+00) (5, -2.50154837016215547685e-01) (6, 3.05936386429898288242e+00) (7, -3.36454867366900667314e-01) (8, -3.26098653355730849768e-02) (9, -5.71687326158636377471e-01) (10, -3.02328476675979640476e+00) (11, -4.19690429214587434892e-01) (12, 3.12845038988821055881e+00) (13, -3.20962731161348369113e+00) (14, 3.12664468207590129367e+00) (15, -3.50472821835627779130e-01) 
