FANN_FLO_2.1
num_layers=3
learning_rate=0.700000
connection_rate=1.000000
network_type=0
learning_momentum=0.000000
training_algorithm=2
train_error_function=1
train_stop_function=1
cascade_output_change_fraction=0.010000
quickprop_decay=-0.000100
quickprop_mu=1.750000
rprop_increase_factor=1.200000
rprop_decrease_factor=0.500000
rprop_delta_min=0.000000
rprop_delta_max=50.000000
rprop_delta_zero=0.100000
cascade_output_stagnation_epochs=12
cascade_candidate_change_fraction=0.010000
cascade_candidate_stagnation_epochs=12
cascade_max_out_epochs=150
cascade_min_out_epochs=50
cascade_max_cand_epochs=150
cascade_min_cand_epochs=50
cascade_num_candidate_groups=2
bit_fail_limit=1.00000000000000005551e-01
cascade_candidate_limit=1.00000000000000000000e+03
cascade_weight_multiplier=4.00000000000000022204e-01
cascade_activation_functions_count=10
cascade_activation_functions=3 5 7 8 10 11 14 15 16 17 
cascade_activation_steepnesses_count=4
cascade_activation_steepnesses=2.50000000000000000000e-01 5.00000000000000000000e-01 7.50000000000000000000e-01 1.00000000000000000000e+00 
layer_sizes=10 4 2 
scale_included=0
neurons (num_inputs, activation_function, activation_steepness)=(0, 0, 0.00000000000000000000e+00) (0, 0, 0.00000000000000000000e+00) (0, 0, 0.00000000000000000000e+00) (0, 0, 0.00000000000000000000e+00) (0, 0, 0.00000000000000000000e+00) (0, 0, 0.00000000000000000000e+00) (0, 0, 0.00000000000000000000e+00) (0, 0, 0.00000000000000000000e+00) (0, 0, 0.00000000000000000000e+00) (0, 0, 0.00000000000000000000e+00) (10, 6, 5.00000000000000000000e-01) (10, 6, 5.00000000000000000000e-01) (10, 6, 5.00000000000000000000e-01) (0, 6, 0.00000000000000000000e+00) (4, 4, 5.00000000000000000000e-01) (0, 4, 0.00000000000000000000e+00) 
connections (connected_to_neuron, weight)=(0, 2.47377688856788768845e+00) (1, -2.61939149695424733366e+00) (2, -3.46328645732830420201e+00) (3, 2.02082122476086833984e+00) (4, -9.35775673312617795041e-01) (5, -8.94352158827258603147e-01) (6, -3.36087400757949872343e+00) (7, 8.00188016265763302215e-01) (8, -1.62009723106341541055e+00) (9, 2.77801946982587200097e+00) (0, -7.78695342549951319278e-01) (1, 9.77114942010005038675e-01) (2, 1.13209125221826711893e+00) (3, -4.14824603524008794775e-01) (4, 4.55109662681065174628e-01) (5, 2.18943493573926839524e-01) (6, 1.11901530161012696674e+00) (7, -6.71055917647985333829e-01) (8, 3.66746576636098831070e-01) (9, -7.73458576284538401602e-01) (0, -2.57319786322760002406e+00) (1, 2.26284154358776667948e+00) (2, 2.70675298170967737477e+00) (3, -1.22540158589918468657e+00) (4, 5.57797883093153479273e-01) (5, -9.87127497503511808219e-01) (6, 2.42366104001060111983e+00) (7, -1.85333447743738077840e+00) (8, 4.77314818721324807260e-01) (9, -1.90505317473908242221e+00) (10, -5.30531529414708291625e+00) (11, 2.18899529272736659280e+00) (12, 7.35083236032143183536e+00) (13, -1.91073364634132603079e+00) 
