FANN_FLO_2.1
num_layers=3
learning_rate=0.700000
connection_rate=1.000000
network_type=0
learning_momentum=0.000000
training_algorithm=2
train_error_function=1
train_stop_function=1
cascade_output_change_fraction=0.010000
quickprop_decay=-0.000100
quickprop_mu=1.750000
rprop_increase_factor=1.200000
rprop_decrease_factor=0.500000
rprop_delta_min=0.000000
rprop_delta_max=50.000000
rprop_delta_zero=0.100000
cascade_output_stagnation_epochs=12
cascade_candidate_change_fraction=0.010000
cascade_candidate_stagnation_epochs=12
cascade_max_out_epochs=150
cascade_min_out_epochs=50
cascade_max_cand_epochs=150
cascade_min_cand_epochs=50
cascade_num_candidate_groups=2
bit_fail_limit=1.00000000000000005551e-01
cascade_candidate_limit=1.00000000000000000000e+03
cascade_weight_multiplier=4.00000000000000022204e-01
cascade_activation_functions_count=10
cascade_activation_functions=3 5 7 8 10 11 14 15 16 17 
cascade_activation_steepnesses_count=4
cascade_activation_steepnesses=2.50000000000000000000e-01 5.00000000000000000000e-01 7.50000000000000000000e-01 1.00000000000000000000e+00 
layer_sizes=9 4 2 
scale_included=0
neurons (num_inputs, activation_function, activation_steepness)=(0, 0, 0.00000000000000000000e+00) (0, 0, 0.00000000000000000000e+00) (0, 0, 0.00000000000000000000e+00) (0, 0, 0.00000000000000000000e+00) (0, 0, 0.00000000000000000000e+00) (0, 0, 0.00000000000000000000e+00) (0, 0, 0.00000000000000000000e+00) (0, 0, 0.00000000000000000000e+00) (0, 0, 0.00000000000000000000e+00) (9, 6, 5.00000000000000000000e-01) (9, 6, 5.00000000000000000000e-01) (9, 6, 5.00000000000000000000e-01) (0, 6, 0.00000000000000000000e+00) (4, 4, 5.00000000000000000000e-01) (0, 4, 0.00000000000000000000e+00) 
connections (connected_to_neuron, weight)=(0, -3.45228071327902327758e-02) (1, 2.32498160503391282372e-01) (2, 1.48088339053766698816e-02) (3, 3.21407215100916965334e-01) (4, 1.04044854271157366510e-01) (5, 2.32351866913231952516e-01) (6, 2.53616781336459151674e-01) (7, 1.55917636680348498102e-01) (8, 6.08162727234202449278e-02) (0, -8.99422760062662751679e-01) (1, 2.02419121071795382605e+00) (2, -3.02999987966399930706e-01) (3, -4.13244656986575864543e-01) (4, -7.93739008658377320771e-01) (5, -2.91248485214095853557e-01) (6, -7.27638523035494477753e-01) (7, -7.06162433081118257050e-01) (8, -8.77470801525561006073e-01) (0, -6.71952218174326265654e-01) (1, 7.58412400321407664805e-01) (2, 2.68549652201327315737e-01) (3, 5.42914721452372045496e-02) (4, 8.64128868773102326584e-02) (5, 6.44226971351282567957e-02) (6, -4.83279649422050372465e-02) (7, 3.93702413632988357239e-02) (8, -2.40074184045673266752e-02) (9, 1.78482541245612164049e-01) (10, 2.46887095953916890778e+01) (11, 3.18758695882607523409e-01) (12, -1.16280428855468476179e+00) 
