FANN_FLO_2.1
num_layers=3
learning_rate=0.700000
connection_rate=1.000000
network_type=0
learning_momentum=0.000000
training_algorithm=2
train_error_function=1
train_stop_function=1
cascade_output_change_fraction=0.010000
quickprop_decay=-0.000100
quickprop_mu=1.750000
rprop_increase_factor=1.200000
rprop_decrease_factor=0.500000
rprop_delta_min=0.000000
rprop_delta_max=50.000000
rprop_delta_zero=0.100000
cascade_output_stagnation_epochs=12
cascade_candidate_change_fraction=0.010000
cascade_candidate_stagnation_epochs=12
cascade_max_out_epochs=150
cascade_min_out_epochs=50
cascade_max_cand_epochs=150
cascade_min_cand_epochs=50
cascade_num_candidate_groups=2
bit_fail_limit=1.00000000000000005551e-01
cascade_candidate_limit=1.00000000000000000000e+03
cascade_weight_multiplier=4.00000000000000022204e-01
cascade_activation_functions_count=10
cascade_activation_functions=3 5 7 8 10 11 14 15 16 17 
cascade_activation_steepnesses_count=4
cascade_activation_steepnesses=2.50000000000000000000e-01 5.00000000000000000000e-01 7.50000000000000000000e-01 1.00000000000000000000e+00 
layer_sizes=9 4 2 
scale_included=0
neurons (num_inputs, activation_function, activation_steepness)=(0, 0, 0.00000000000000000000e+00) (0, 0, 0.00000000000000000000e+00) (0, 0, 0.00000000000000000000e+00) (0, 0, 0.00000000000000000000e+00) (0, 0, 0.00000000000000000000e+00) (0, 0, 0.00000000000000000000e+00) (0, 0, 0.00000000000000000000e+00) (0, 0, 0.00000000000000000000e+00) (0, 0, 0.00000000000000000000e+00) (9, 6, 5.00000000000000000000e-01) (9, 6, 5.00000000000000000000e-01) (9, 6, 5.00000000000000000000e-01) (0, 6, 0.00000000000000000000e+00) (4, 4, 5.00000000000000000000e-01) (0, 4, 0.00000000000000000000e+00) 
connections (connected_to_neuron, weight)=(0, -5.83712639460016835535e-01) (1, 1.51916554948476467679e+00) (2, 1.77405806418806204217e-02) (3, -5.35627454891205556642e-01) (4, -4.77247186377049215089e-01) (5, -5.10205805673599965822e-01) (6, -2.12878526862013361942e-01) (7, -2.57882470007288477909e-01) (8, -5.52632013508726704920e-01) (0, -1.19515010335994809054e+00) (1, 3.01811017928009084343e+00) (2, -8.10982142341995282386e-01) (3, -7.93109544319772763465e-01) (4, -8.47005338174963040565e-01) (5, -1.19289194413972943210e+00) (6, -2.92809929705061255945e-01) (7, -8.60143379075193448280e-01) (8, -1.26663632312370388888e+00) (0, -5.92881666669298756922e-01) (1, 1.48182949057010326932e+00) (2, -1.66540716386184117770e-01) (3, -4.07672524824143178712e-01) (4, -4.66015704348088033449e-01) (5, -3.49872678890228994142e-01) (6, -2.83330635841238520634e-01) (7, -2.96587606634247324955e-01) (8, -5.05263069817473153833e-01) (9, 7.62812628540141091094e+00) (10, 8.51922420950621095415e+00) (11, 7.63990179392439827666e+00) (12, -1.43968769791203654584e+00) 
