FANN_FLO_2.1
num_layers=3
learning_rate=0.700000
connection_rate=1.000000
network_type=0
learning_momentum=0.000000
training_algorithm=2
train_error_function=1
train_stop_function=1
cascade_output_change_fraction=0.010000
quickprop_decay=-0.000100
quickprop_mu=1.750000
rprop_increase_factor=1.200000
rprop_decrease_factor=0.500000
rprop_delta_min=0.000000
rprop_delta_max=50.000000
rprop_delta_zero=0.100000
cascade_output_stagnation_epochs=12
cascade_candidate_change_fraction=0.010000
cascade_candidate_stagnation_epochs=12
cascade_max_out_epochs=150
cascade_min_out_epochs=50
cascade_max_cand_epochs=150
cascade_min_cand_epochs=50
cascade_num_candidate_groups=2
bit_fail_limit=1.00000000000000005551e-01
cascade_candidate_limit=1.00000000000000000000e+03
cascade_weight_multiplier=4.00000000000000022204e-01
cascade_activation_functions_count=10
cascade_activation_functions=3 5 7 8 10 11 14 15 16 17 
cascade_activation_steepnesses_count=4
cascade_activation_steepnesses=2.50000000000000000000e-01 5.00000000000000000000e-01 7.50000000000000000000e-01 1.00000000000000000000e+00 
layer_sizes=9 4 2 
scale_included=0
neurons (num_inputs, activation_function, activation_steepness)=(0, 0, 0.00000000000000000000e+00) (0, 0, 0.00000000000000000000e+00) (0, 0, 0.00000000000000000000e+00) (0, 0, 0.00000000000000000000e+00) (0, 0, 0.00000000000000000000e+00) (0, 0, 0.00000000000000000000e+00) (0, 0, 0.00000000000000000000e+00) (0, 0, 0.00000000000000000000e+00) (0, 0, 0.00000000000000000000e+00) (9, 6, 5.00000000000000000000e-01) (9, 6, 5.00000000000000000000e-01) (9, 6, 5.00000000000000000000e-01) (0, 6, 0.00000000000000000000e+00) (4, 4, 5.00000000000000000000e-01) (0, 4, 0.00000000000000000000e+00) 
connections (connected_to_neuron, weight)=(0, -1.53292499840791274224e+00) (1, 1.70381725276845852335e+00) (2, 1.55155089691863312673e+00) (3, -2.51503772599411035138e-01) (4, 3.31796744787446307168e-01) (5, -7.48262888238659107376e-02) (6, 4.23610429250450004623e-01) (7, 4.51789325723169099547e-01) (8, -1.57852177680070449028e+00) (0, 5.31714761552917991594e+00) (1, -5.38315162960925075453e+00) (2, -6.30084801263039206987e+00) (3, 2.07595982233373232972e+00) (4, 6.54512395638988331292e-01) (5, 2.87526098016965159232e+00) (6, -3.84292979146192203999e+00) (7, 2.45343834055795406712e+00) (8, 5.32203213421213661150e+00) (0, 5.37139735666620765642e+00) (1, -5.42436767522730800550e+00) (2, -6.24414842373554801469e+00) (3, 2.07981117645589419496e+00) (4, 1.90326343307582446229e+00) (5, 2.67811997358071574027e+00) (6, -3.93197356517264973164e+00) (7, 2.39294978870286678685e+00) (8, 5.33063485769140754655e+00) (9, 1.28983964206625714155e+01) (10, -1.57982642010212481765e+00) (11, -1.53382196829081163258e+00) (12, -1.01420819058293276704e+00) 
