FANN_FLO_2.1
num_layers=3
learning_rate=0.700000
connection_rate=1.000000
network_type=0
learning_momentum=0.000000
training_algorithm=2
train_error_function=1
train_stop_function=1
cascade_output_change_fraction=0.010000
quickprop_decay=-0.000100
quickprop_mu=1.750000
rprop_increase_factor=1.200000
rprop_decrease_factor=0.500000
rprop_delta_min=0.000000
rprop_delta_max=50.000000
rprop_delta_zero=0.100000
cascade_output_stagnation_epochs=12
cascade_candidate_change_fraction=0.010000
cascade_candidate_stagnation_epochs=12
cascade_max_out_epochs=150
cascade_min_out_epochs=50
cascade_max_cand_epochs=150
cascade_min_cand_epochs=50
cascade_num_candidate_groups=2
bit_fail_limit=1.00000000000000005551e-01
cascade_candidate_limit=1.00000000000000000000e+03
cascade_weight_multiplier=4.00000000000000022204e-01
cascade_activation_functions_count=10
cascade_activation_functions=3 5 7 8 10 11 14 15 16 17 
cascade_activation_steepnesses_count=4
cascade_activation_steepnesses=2.50000000000000000000e-01 5.00000000000000000000e-01 7.50000000000000000000e-01 1.00000000000000000000e+00 
layer_sizes=15 4 2 
scale_included=0
neurons (num_inputs, activation_function, activation_steepness)=(0, 0, 0.00000000000000000000e+00) (0, 0, 0.00000000000000000000e+00) (0, 0, 0.00000000000000000000e+00) (0, 0, 0.00000000000000000000e+00) (0, 0, 0.00000000000000000000e+00) (0, 0, 0.00000000000000000000e+00) (0, 0, 0.00000000000000000000e+00) (0, 0, 0.00000000000000000000e+00) (0, 0, 0.00000000000000000000e+00) (0, 0, 0.00000000000000000000e+00) (0, 0, 0.00000000000000000000e+00) (0, 0, 0.00000000000000000000e+00) (0, 0, 0.00000000000000000000e+00) (0, 0, 0.00000000000000000000e+00) (0, 0, 0.00000000000000000000e+00) (15, 6, 5.00000000000000000000e-01) (15, 6, 5.00000000000000000000e-01) (15, 6, 5.00000000000000000000e-01) (0, 6, 0.00000000000000000000e+00) (4, 4, 5.00000000000000000000e-01) (0, 4, 0.00000000000000000000e+00) 
connections (connected_to_neuron, weight)=(0, 2.53218586563777936504e+00) (1, 2.70093629355052122776e+00) (2, 4.56285031865823698105e-01) (3, -2.10805231246893249875e+01) (4, 1.79675637382549702181e+00) (5, 5.74597054162139131428e-01) (6, 1.77421135669920015943e-01) (7, 1.02082610566780362937e+00) (8, -1.93941544399123166897e+01) (9, -1.81422791728597032623e+00) (10, 2.18060634905007511009e+00) (11, 9.82470609746733725132e-01) (12, 4.25419524733050447018e-01) (13, 4.99730055538353701294e-01) (14, 1.15443877568654218457e+00) (0, 2.42086697563242925213e+00) (1, 2.56705659473755964939e+00) (2, 5.07511581479225259983e-01) (3, -2.09536477539484344845e+01) (4, 1.82469068664593159212e+00) (5, 5.65127396025771333576e-01) (6, 3.19952210253450552990e-01) (7, 1.09348174331437131279e+00) (8, -1.93612385832231019833e+01) (9, -1.77071104669790613251e+00) (10, 2.17525017508772045005e+00) (11, 7.55295019645554122079e-01) (12, 4.43222791377528291257e-01) (13, 5.03046152499851961792e-01) (14, 1.18456017291359105847e+00) (0, -2.29829671402164370519e+00) (1, 3.50516632321204957279e+00) (2, -7.63156801022860209471e-01) (3, 1.09940567009858131131e-01) (4, -3.36649151222026876695e-01) (5, -9.83046491257058119295e-01) (6, 3.06965759521335201931e-01) (7, -7.88786700842194266059e-01) (8, -4.51575764149621972088e-01) (9, 5.07504284650474701834e-01) (10, 3.24128439135945489724e+00) (11, -5.32511825064934107843e-01) (12, -4.58600805963951474453e-01) (13, 2.74979516483855013220e+00) (14, -1.23136535619534082109e+00) (15, -2.48049173053054294869e+00) (16, -2.47310086633710346504e+00) (17, 6.91985802077070122351e+00) (18, -3.85433006284870982583e+00) 
