FANN_FLO_2.1
num_layers=3
learning_rate=0.700000
connection_rate=1.000000
network_type=0
learning_momentum=0.000000
training_algorithm=2
train_error_function=1
train_stop_function=1
cascade_output_change_fraction=0.010000
quickprop_decay=-0.000100
quickprop_mu=1.750000
rprop_increase_factor=1.200000
rprop_decrease_factor=0.500000
rprop_delta_min=0.000000
rprop_delta_max=50.000000
rprop_delta_zero=0.100000
cascade_output_stagnation_epochs=12
cascade_candidate_change_fraction=0.010000
cascade_candidate_stagnation_epochs=12
cascade_max_out_epochs=150
cascade_min_out_epochs=50
cascade_max_cand_epochs=150
cascade_min_cand_epochs=50
cascade_num_candidate_groups=2
bit_fail_limit=1.00000000000000005551e-01
cascade_candidate_limit=1.00000000000000000000e+03
cascade_weight_multiplier=4.00000000000000022204e-01
cascade_activation_functions_count=10
cascade_activation_functions=3 5 7 8 10 11 14 15 16 17 
cascade_activation_steepnesses_count=4
cascade_activation_steepnesses=2.50000000000000000000e-01 5.00000000000000000000e-01 7.50000000000000000000e-01 1.00000000000000000000e+00 
layer_sizes=11 4 2 
scale_included=0
neurons (num_inputs, activation_function, activation_steepness)=(0, 0, 0.00000000000000000000e+00) (0, 0, 0.00000000000000000000e+00) (0, 0, 0.00000000000000000000e+00) (0, 0, 0.00000000000000000000e+00) (0, 0, 0.00000000000000000000e+00) (0, 0, 0.00000000000000000000e+00) (0, 0, 0.00000000000000000000e+00) (0, 0, 0.00000000000000000000e+00) (0, 0, 0.00000000000000000000e+00) (0, 0, 0.00000000000000000000e+00) (0, 0, 0.00000000000000000000e+00) (11, 6, 5.00000000000000000000e-01) (11, 6, 5.00000000000000000000e-01) (11, 6, 5.00000000000000000000e-01) (0, 6, 0.00000000000000000000e+00) (4, 4, 5.00000000000000000000e-01) (0, 4, 0.00000000000000000000e+00) 
connections (connected_to_neuron, weight)=(0, -6.58264588620390722618e-01) (1, 1.45386040446320552455e+00) (2, 1.42414812979260463344e+00) (3, 3.87207568254315737111e-01) (4, 4.71675627496087435109e-01) (5, 5.18335596289479672016e-01) (6, 1.12461944502640354138e+00) (7, 8.48544717216346167099e-01) (8, 1.28952604022780481507e+00) (9, 5.07488385405385433735e-01) (10, -1.70530834055240654301e+00) (0, -1.63895857151689261499e+00) (1, 1.81001663068831941672e+00) (2, 1.01203270155714974976e+00) (3, 8.13567035824625750529e-01) (4, 1.68954252200359245073e+00) (5, 7.09857338101237078654e-01) (6, 1.86690011964397051258e+00) (7, 1.23605321309107241134e+00) (8, 1.89129591221512338706e+00) (9, 6.98765867382853289591e-01) (10, -2.14375483319232529311e+00) (0, 1.57639606290138090117e+00) (1, -1.11544240785171622221e+00) (2, -1.09035298747350806181e+00) (3, -7.57663028485248135624e-02) (4, -9.12093604302519178617e-01) (5, -8.90277477151820706425e-02) (6, -1.90505713745957705463e+00) (7, -8.40007095870938025328e-01) (8, -1.10173015815546149199e+00) (9, -7.42032976991603421268e-02) (10, 1.67868278913772428496e+00) (11, 4.63659292257285038374e+00) (12, 1.18018969203798107515e+01) (13, -2.76796331938480522084e+00) (14, -9.10156602293206162813e-01) 
