FANN_FLO_2.1
num_layers=3
learning_rate=0.700000
connection_rate=1.000000
network_type=0
learning_momentum=0.000000
training_algorithm=2
train_error_function=1
train_stop_function=1
cascade_output_change_fraction=0.010000
quickprop_decay=-0.000100
quickprop_mu=1.750000
rprop_increase_factor=1.200000
rprop_decrease_factor=0.500000
rprop_delta_min=0.000000
rprop_delta_max=50.000000
rprop_delta_zero=0.100000
cascade_output_stagnation_epochs=12
cascade_candidate_change_fraction=0.010000
cascade_candidate_stagnation_epochs=12
cascade_max_out_epochs=150
cascade_min_out_epochs=50
cascade_max_cand_epochs=150
cascade_min_cand_epochs=50
cascade_num_candidate_groups=2
bit_fail_limit=1.00000000000000005551e-01
cascade_candidate_limit=1.00000000000000000000e+03
cascade_weight_multiplier=4.00000000000000022204e-01
cascade_activation_functions_count=10
cascade_activation_functions=3 5 7 8 10 11 14 15 16 17 
cascade_activation_steepnesses_count=4
cascade_activation_steepnesses=2.50000000000000000000e-01 5.00000000000000000000e-01 7.50000000000000000000e-01 1.00000000000000000000e+00 
layer_sizes=15 4 2 
scale_included=0
neurons (num_inputs, activation_function, activation_steepness)=(0, 0, 0.00000000000000000000e+00) (0, 0, 0.00000000000000000000e+00) (0, 0, 0.00000000000000000000e+00) (0, 0, 0.00000000000000000000e+00) (0, 0, 0.00000000000000000000e+00) (0, 0, 0.00000000000000000000e+00) (0, 0, 0.00000000000000000000e+00) (0, 0, 0.00000000000000000000e+00) (0, 0, 0.00000000000000000000e+00) (0, 0, 0.00000000000000000000e+00) (0, 0, 0.00000000000000000000e+00) (0, 0, 0.00000000000000000000e+00) (0, 0, 0.00000000000000000000e+00) (0, 0, 0.00000000000000000000e+00) (0, 0, 0.00000000000000000000e+00) (15, 6, 5.00000000000000000000e-01) (15, 6, 5.00000000000000000000e-01) (15, 6, 5.00000000000000000000e-01) (0, 6, 0.00000000000000000000e+00) (4, 4, 5.00000000000000000000e-01) (0, 4, 0.00000000000000000000e+00) 
connections (connected_to_neuron, weight)=(0, 2.30966807138503460450e+00) (1, -1.42569802746748908184e+00) (2, -5.44237157199860654977e-01) (3, -5.74145207453665706865e-01) (4, -3.53416243026442089548e-01) (5, -8.38320402645553741650e-01) (6, -1.55058330290887891323e+00) (7, -1.78090962483511949799e+00) (8, 2.97867571989970070234e+00) (9, -2.09302846491486338465e+00) (10, -1.31846701962022816446e+00) (11, -1.84806107870662539305e-01) (12, -6.15410930416771639884e-01) (13, -2.09711485505253580897e+00) (14, 1.53086881044730160895e+00) (0, -1.59627987234245649617e+00) (1, 1.46883943290707175144e+00) (2, 6.85453419429265187190e-01) (3, 1.32201319914482828821e+00) (4, 1.36871183751124370076e+00) (5, 1.66263916075244155834e+00) (6, 1.29051108235522571377e+00) (7, 1.36542631028193461873e+00) (8, -3.24948048687279911206e+00) (9, 2.36245894969483938297e+00) (10, 1.66764750504940728604e+00) (11, 6.18797391308145039446e-01) (12, 1.48550482805270323006e+00) (13, 1.14483635230682945227e+00) (14, -1.58879989175449720662e+00) (0, -9.36628958991504889653e-01) (1, 1.98379547615406881533e-01) (2, 2.19447660940615268954e-01) (3, 2.50724305211984355157e-01) (4, 3.32023530785307385838e-01) (5, 1.74204615533142453954e-01) (6, 2.12995080179644968865e-01) (7, 4.81643649163059184293e-01) (8, 1.00631138915932727418e-01) (9, 5.33163286835921734763e-01) (10, 5.94801516389360407366e-01) (11, 4.18982789810672051622e-01) (12, 2.48100500140652158176e-01) (13, 4.97404404074920203360e-01) (14, -2.57246417145683914374e-01) (15, -1.38934489538978223067e+01) (16, 7.97891022664500404460e+00) (17, 2.18103104455326413103e+00) (18, -1.09944022469425162214e+00) 
