FANN_FLO_2.1
num_layers=3
learning_rate=0.700000
connection_rate=1.000000
network_type=0
learning_momentum=0.000000
training_algorithm=2
train_error_function=1
train_stop_function=1
cascade_output_change_fraction=0.010000
quickprop_decay=-0.000100
quickprop_mu=1.750000
rprop_increase_factor=1.200000
rprop_decrease_factor=0.500000
rprop_delta_min=0.000000
rprop_delta_max=50.000000
rprop_delta_zero=0.100000
cascade_output_stagnation_epochs=12
cascade_candidate_change_fraction=0.010000
cascade_candidate_stagnation_epochs=12
cascade_max_out_epochs=150
cascade_min_out_epochs=50
cascade_max_cand_epochs=150
cascade_min_cand_epochs=50
cascade_num_candidate_groups=2
bit_fail_limit=1.00000000000000005551e-01
cascade_candidate_limit=1.00000000000000000000e+03
cascade_weight_multiplier=4.00000000000000022204e-01
cascade_activation_functions_count=10
cascade_activation_functions=3 5 7 8 10 11 14 15 16 17 
cascade_activation_steepnesses_count=4
cascade_activation_steepnesses=2.50000000000000000000e-01 5.00000000000000000000e-01 7.50000000000000000000e-01 1.00000000000000000000e+00 
layer_sizes=9 4 2 
scale_included=0
neurons (num_inputs, activation_function, activation_steepness)=(0, 0, 0.00000000000000000000e+00) (0, 0, 0.00000000000000000000e+00) (0, 0, 0.00000000000000000000e+00) (0, 0, 0.00000000000000000000e+00) (0, 0, 0.00000000000000000000e+00) (0, 0, 0.00000000000000000000e+00) (0, 0, 0.00000000000000000000e+00) (0, 0, 0.00000000000000000000e+00) (0, 0, 0.00000000000000000000e+00) (9, 6, 5.00000000000000000000e-01) (9, 6, 5.00000000000000000000e-01) (9, 6, 5.00000000000000000000e-01) (0, 6, 0.00000000000000000000e+00) (4, 4, 5.00000000000000000000e-01) (0, 4, 0.00000000000000000000e+00) 
connections (connected_to_neuron, weight)=(0, 5.21543776854394280917e+00) (1, -5.41450328833422656061e+00) (2, -4.19111749621178653058e+00) (3, -7.96422529819106883586e-01) (4, -6.48587521019077239970e-01) (5, 1.12864374548565793432e+00) (6, 4.42136256835211238769e-01) (7, -3.63798293417001827876e+00) (8, 5.21669810875771844394e+00) (0, 3.90716957454494551172e+00) (1, -3.90071794237321967103e+00) (2, -3.72107095962072476070e+00) (3, 2.21625596786573841879e-01) (4, 6.03994253642922585001e-01) (5, 1.33700034300860415293e+00) (6, -3.39296101022074614306e+00) (7, -1.09253962153952399738e+00) (8, 3.87031553839258268823e+00) (0, 3.89333980306802285298e+00) (1, -5.20530960255773766931e+00) (2, -4.15039823295619036969e+00) (3, -8.14305793347453898967e-01) (4, -7.27661777141189514140e-01) (5, 1.05910166532170224585e+00) (6, 5.48805261841762925812e-01) (7, -3.68738987987543209712e+00) (8, 5.29634428266994383705e+00) (9, -4.71665418230992194992e+00) (10, -3.40055579072245572902e+00) (11, -4.62900151395302650315e+00) (12, -1.08225598403354594801e+00) 
