FANN_FLO_2.1
num_layers=3
learning_rate=0.700000
connection_rate=1.000000
network_type=0
learning_momentum=0.000000
training_algorithm=2
train_error_function=1
train_stop_function=1
cascade_output_change_fraction=0.010000
quickprop_decay=-0.000100
quickprop_mu=1.750000
rprop_increase_factor=1.200000
rprop_decrease_factor=0.500000
rprop_delta_min=0.000000
rprop_delta_max=50.000000
rprop_delta_zero=0.100000
cascade_output_stagnation_epochs=12
cascade_candidate_change_fraction=0.010000
cascade_candidate_stagnation_epochs=12
cascade_max_out_epochs=150
cascade_min_out_epochs=50
cascade_max_cand_epochs=150
cascade_min_cand_epochs=50
cascade_num_candidate_groups=2
bit_fail_limit=1.00000000000000005551e-01
cascade_candidate_limit=1.00000000000000000000e+03
cascade_weight_multiplier=4.00000000000000022204e-01
cascade_activation_functions_count=10
cascade_activation_functions=3 5 7 8 10 11 14 15 16 17 
cascade_activation_steepnesses_count=4
cascade_activation_steepnesses=2.50000000000000000000e-01 5.00000000000000000000e-01 7.50000000000000000000e-01 1.00000000000000000000e+00 
layer_sizes=11 4 2 
scale_included=0
neurons (num_inputs, activation_function, activation_steepness)=(0, 0, 0.00000000000000000000e+00) (0, 0, 0.00000000000000000000e+00) (0, 0, 0.00000000000000000000e+00) (0, 0, 0.00000000000000000000e+00) (0, 0, 0.00000000000000000000e+00) (0, 0, 0.00000000000000000000e+00) (0, 0, 0.00000000000000000000e+00) (0, 0, 0.00000000000000000000e+00) (0, 0, 0.00000000000000000000e+00) (0, 0, 0.00000000000000000000e+00) (0, 0, 0.00000000000000000000e+00) (11, 6, 5.00000000000000000000e-01) (11, 6, 5.00000000000000000000e-01) (11, 6, 5.00000000000000000000e-01) (0, 6, 0.00000000000000000000e+00) (4, 4, 5.00000000000000000000e-01) (0, 4, 0.00000000000000000000e+00) 
connections (connected_to_neuron, weight)=(0, 3.42701092367318216336e-02) (1, 2.43392358569669209345e+00) (2, 2.18801205223018185864e-01) (3, 3.09396132079789443203e-01) (4, 2.13642604895474885751e+00) (5, 1.71179777996971899112e-01) (6, 8.49236499765224417402e-01) (7, 2.37334362159187413355e-02) (8, -8.17017978536484779095e-02) (9, -2.42911128996451709805e-03) (10, -3.02332699293944712204e-02) (0, -2.83214957243001219656e-01) (1, 8.86495321478884257260e+00) (2, -1.63371658235834521511e-01) (3, -3.14267445541701440082e-01) (4, 7.05486872711879264841e+00) (5, 5.53221764346352173902e-01) (6, 4.05058763047099479326e-01) (7, 7.33463170240048811799e-01) (8, -1.08742094707071183801e-02) (9, 1.59685019923659549113e-01) (10, -3.20160803174769637014e-01) (0, 4.15468670169853382390e+00) (1, -5.20996362515374578095e+00) (2, -1.83491225435669624844e+00) (3, -4.09855871356395340399e+00) (4, -4.56723707456950478445e+00) (5, -3.39942255980536733873e-01) (6, -4.42058516839210469129e+00) (7, 1.47741598264395945783e+00) (8, 2.96280320318039702698e+00) (9, 1.48070351584876624962e+00) (10, 4.09112313131832294744e+00) (11, 1.61789528617930122856e+00) (12, 1.26260180054761983470e+00) (13, -1.12699867452038482440e+01) (14, -1.85046818804361845601e+00) 
