FANN_FLO_2.1
num_layers=3
learning_rate=0.700000
connection_rate=1.000000
network_type=0
learning_momentum=0.000000
training_algorithm=2
train_error_function=1
train_stop_function=1
cascade_output_change_fraction=0.010000
quickprop_decay=-0.000100
quickprop_mu=1.750000
rprop_increase_factor=1.200000
rprop_decrease_factor=0.500000
rprop_delta_min=0.000000
rprop_delta_max=50.000000
rprop_delta_zero=0.100000
cascade_output_stagnation_epochs=12
cascade_candidate_change_fraction=0.010000
cascade_candidate_stagnation_epochs=12
cascade_max_out_epochs=150
cascade_min_out_epochs=50
cascade_max_cand_epochs=150
cascade_min_cand_epochs=50
cascade_num_candidate_groups=2
bit_fail_limit=1.00000000000000005551e-01
cascade_candidate_limit=1.00000000000000000000e+03
cascade_weight_multiplier=4.00000000000000022204e-01
cascade_activation_functions_count=10
cascade_activation_functions=3 5 7 8 10 11 14 15 16 17 
cascade_activation_steepnesses_count=4
cascade_activation_steepnesses=2.50000000000000000000e-01 5.00000000000000000000e-01 7.50000000000000000000e-01 1.00000000000000000000e+00 
layer_sizes=9 4 2 
scale_included=0
neurons (num_inputs, activation_function, activation_steepness)=(0, 0, 0.00000000000000000000e+00) (0, 0, 0.00000000000000000000e+00) (0, 0, 0.00000000000000000000e+00) (0, 0, 0.00000000000000000000e+00) (0, 0, 0.00000000000000000000e+00) (0, 0, 0.00000000000000000000e+00) (0, 0, 0.00000000000000000000e+00) (0, 0, 0.00000000000000000000e+00) (0, 0, 0.00000000000000000000e+00) (9, 6, 5.00000000000000000000e-01) (9, 6, 5.00000000000000000000e-01) (9, 6, 5.00000000000000000000e-01) (0, 6, 0.00000000000000000000e+00) (4, 4, 5.00000000000000000000e-01) (0, 4, 0.00000000000000000000e+00) 
connections (connected_to_neuron, weight)=(0, -1.64747756189757670053e-02) (1, 6.95930464614144872471e-01) (2, 8.87139678438656820170e-01) (3, 5.21371535380941275584e-01) (4, 8.99082064222011534405e-02) (5, 4.64440964757984631195e-01) (6, 5.81633429238386234772e-01) (7, 2.21733553185252585394e+00) (8, -2.10818384732537278392e-01) (0, 3.31798186817781559643e-01) (1, 2.52096434797292531793e-02) (2, -5.67085479812533765909e-01) (3, 7.05377363092771908493e-02) (4, 2.21293099930324810298e-01) (5, 4.30069144444039652697e-02) (6, 6.74583512835096738014e-02) (7, 5.11937097769743720832e-01) (8, 4.22341544094665011233e-01) (0, -3.08002537966595202334e+00) (1, 3.13409388182461201566e+00) (2, 2.99039479774797278822e+00) (3, 1.81981530654944534398e+00) (4, -1.19944080262679997340e+00) (5, 1.29555694384537978259e+00) (6, 6.51612435479519302994e-01) (7, -1.31193026267070211865e+00) (8, -3.39480472824631540618e+00) (9, 6.04349544744352207282e-01) (10, -1.51018841437084372359e+00) (11, 1.32227032425647585967e+01) (12, -1.60841627935381303871e+00) 
