FANN_FLO_2.1
num_layers=3
learning_rate=0.700000
connection_rate=1.000000
network_type=0
learning_momentum=0.000000
training_algorithm=2
train_error_function=1
train_stop_function=1
cascade_output_change_fraction=0.010000
quickprop_decay=-0.000100
quickprop_mu=1.750000
rprop_increase_factor=1.200000
rprop_decrease_factor=0.500000
rprop_delta_min=0.000000
rprop_delta_max=50.000000
rprop_delta_zero=0.100000
cascade_output_stagnation_epochs=12
cascade_candidate_change_fraction=0.010000
cascade_candidate_stagnation_epochs=12
cascade_max_out_epochs=150
cascade_min_out_epochs=50
cascade_max_cand_epochs=150
cascade_min_cand_epochs=50
cascade_num_candidate_groups=2
bit_fail_limit=1.00000000000000005551e-01
cascade_candidate_limit=1.00000000000000000000e+03
cascade_weight_multiplier=4.00000000000000022204e-01
cascade_activation_functions_count=10
cascade_activation_functions=3 5 7 8 10 11 14 15 16 17 
cascade_activation_steepnesses_count=4
cascade_activation_steepnesses=2.50000000000000000000e-01 5.00000000000000000000e-01 7.50000000000000000000e-01 1.00000000000000000000e+00 
layer_sizes=6 4 2 
scale_included=0
neurons (num_inputs, activation_function, activation_steepness)=(0, 0, 0.00000000000000000000e+00) (0, 0, 0.00000000000000000000e+00) (0, 0, 0.00000000000000000000e+00) (0, 0, 0.00000000000000000000e+00) (0, 0, 0.00000000000000000000e+00) (0, 0, 0.00000000000000000000e+00) (6, 6, 5.00000000000000000000e-01) (6, 6, 5.00000000000000000000e-01) (6, 6, 5.00000000000000000000e-01) (0, 6, 0.00000000000000000000e+00) (4, 4, 5.00000000000000000000e-01) (0, 4, 0.00000000000000000000e+00) 
connections (connected_to_neuron, weight)=(0, -1.29577183021824526854e+00) (1, 1.03546229619533824007e+03) (2, -2.86768286021227392091e-01) (3, 4.36469233198272377194e+02) (4, 7.33073550513524878625e+02) (5, 1.88085345257725533585e+00) (0, 3.86495203590661029480e-01) (1, 1.79490518883116734195e+00) (2, 1.91191360085142170178e+00) (3, 5.76128547894143361319e-01) (4, -1.73822870235664145300e-01) (5, -2.68905522391421680783e-01) (0, 1.38893708681837835250e+00) (1, 3.16838473528845998572e+00) (2, 1.29441893752141279350e+00) (3, 3.13614803673959219310e+00) (4, -1.67483955271184559166e+00) (5, -1.45540967442359336914e+00) (6, -4.90795456293326104458e+00) (7, 8.37919903853083458678e-01) (8, 7.24494012956323842900e+01) (9, -1.01421767714091259904e+00) 
