FANN_FLO_2.1
num_layers=3
learning_rate=0.700000
connection_rate=1.000000
network_type=0
learning_momentum=0.000000
training_algorithm=2
train_error_function=1
train_stop_function=1
cascade_output_change_fraction=0.010000
quickprop_decay=-0.000100
quickprop_mu=1.750000
rprop_increase_factor=1.200000
rprop_decrease_factor=0.500000
rprop_delta_min=0.000000
rprop_delta_max=50.000000
rprop_delta_zero=0.100000
cascade_output_stagnation_epochs=12
cascade_candidate_change_fraction=0.010000
cascade_candidate_stagnation_epochs=12
cascade_max_out_epochs=150
cascade_min_out_epochs=50
cascade_max_cand_epochs=150
cascade_min_cand_epochs=50
cascade_num_candidate_groups=2
bit_fail_limit=1.00000000000000005551e-01
cascade_candidate_limit=1.00000000000000000000e+03
cascade_weight_multiplier=4.00000000000000022204e-01
cascade_activation_functions_count=10
cascade_activation_functions=3 5 7 8 10 11 14 15 16 17 
cascade_activation_steepnesses_count=4
cascade_activation_steepnesses=2.50000000000000000000e-01 5.00000000000000000000e-01 7.50000000000000000000e-01 1.00000000000000000000e+00 
layer_sizes=16 4 2 
scale_included=0
neurons (num_inputs, activation_function, activation_steepness)=(0, 0, 0.00000000000000000000e+00) (0, 0, 0.00000000000000000000e+00) (0, 0, 0.00000000000000000000e+00) (0, 0, 0.00000000000000000000e+00) (0, 0, 0.00000000000000000000e+00) (0, 0, 0.00000000000000000000e+00) (0, 0, 0.00000000000000000000e+00) (0, 0, 0.00000000000000000000e+00) (0, 0, 0.00000000000000000000e+00) (0, 0, 0.00000000000000000000e+00) (0, 0, 0.00000000000000000000e+00) (0, 0, 0.00000000000000000000e+00) (0, 0, 0.00000000000000000000e+00) (0, 0, 0.00000000000000000000e+00) (0, 0, 0.00000000000000000000e+00) (0, 0, 0.00000000000000000000e+00) (16, 6, 5.00000000000000000000e-01) (16, 6, 5.00000000000000000000e-01) (16, 6, 5.00000000000000000000e-01) (0, 6, 0.00000000000000000000e+00) (4, 4, 5.00000000000000000000e-01) (0, 4, 0.00000000000000000000e+00) 
connections (connected_to_neuron, weight)=(0, 1.48999320458656336896e+00) (1, -3.06471702934309053745e+00) (2, 1.17773313811317309474e-01) (3, 1.22225062595656508435e+00) (4, 4.29620081844823697992e-01) (5, 1.50957720469718958967e+00) (6, -1.24664966711506813857e-01) (7, 4.16107634368436674066e-01) (8, 1.08476594882062071790e+00) (9, 1.16075760172656172742e+00) (10, 2.07214508941665404018e-01) (11, 4.26255846682088712640e-01) (12, 4.07081539097326139398e-01) (13, 1.23868008004477614392e+00) (14, -1.20971453139290779921e-01) (15, 7.51517481110594243177e-01) (0, 1.46063563715702082746e+00) (1, -2.95216279209657717075e+00) (2, 8.41137662439497557632e-02) (3, 1.23326690541556471814e+00) (4, 4.73861756089227537103e-01) (5, 1.34638084959274317853e+00) (6, 3.91086444764281171427e-02) (7, 4.55775985780256132074e-01) (8, 1.23978854762366408337e+00) (9, 1.17376007931283110608e+00) (10, 1.01600018134609088039e-01) (11, 3.97909013840454017785e-01) (12, 3.63429846528070366052e-01) (13, 1.07009694026759261121e+00) (14, 4.46821307231434761142e-03) (15, 8.58121535680792302259e-01) (0, -1.16195121940760121015e-01) (1, 7.59184892064910021858e-01) (2, 3.87980961647617417221e-01) (3, 1.51642626365151994561e-02) (4, 4.41630267944919663314e-01) (5, -1.88426703557767055708e-01) (6, -4.28312825650117023901e-02) (7, 2.56583349254715042953e-01) (8, -1.38534987131628262169e-02) (9, 1.70690110166993730401e-02) (10, -7.73230419681730785086e-03) (11, 3.67924907651531296615e-01) (12, 1.09079035777586486056e-01) (13, -2.37383678898610228636e-01) (14, -5.18644923867198071044e-03) (15, 1.22950269862028671586e-01) (16, -4.82018383809053840849e+00) (17, -4.84909370013201179717e+00) (18, 8.64042928656068576210e-02) (19, -6.85990578600787270780e-01) 
