FANN_FLO_2.1
num_layers=3
learning_rate=0.700000
connection_rate=1.000000
network_type=0
learning_momentum=0.000000
training_algorithm=2
train_error_function=1
train_stop_function=1
cascade_output_change_fraction=0.010000
quickprop_decay=-0.000100
quickprop_mu=1.750000
rprop_increase_factor=1.200000
rprop_decrease_factor=0.500000
rprop_delta_min=0.000000
rprop_delta_max=50.000000
rprop_delta_zero=0.100000
cascade_output_stagnation_epochs=12
cascade_candidate_change_fraction=0.010000
cascade_candidate_stagnation_epochs=12
cascade_max_out_epochs=150
cascade_min_out_epochs=50
cascade_max_cand_epochs=150
cascade_min_cand_epochs=50
cascade_num_candidate_groups=2
bit_fail_limit=1.00000000000000005551e-01
cascade_candidate_limit=1.00000000000000000000e+03
cascade_weight_multiplier=4.00000000000000022204e-01
cascade_activation_functions_count=10
cascade_activation_functions=3 5 7 8 10 11 14 15 16 17 
cascade_activation_steepnesses_count=4
cascade_activation_steepnesses=2.50000000000000000000e-01 5.00000000000000000000e-01 7.50000000000000000000e-01 1.00000000000000000000e+00 
layer_sizes=7 4 2 
scale_included=0
neurons (num_inputs, activation_function, activation_steepness)=(0, 0, 0.00000000000000000000e+00) (0, 0, 0.00000000000000000000e+00) (0, 0, 0.00000000000000000000e+00) (0, 0, 0.00000000000000000000e+00) (0, 0, 0.00000000000000000000e+00) (0, 0, 0.00000000000000000000e+00) (0, 0, 0.00000000000000000000e+00) (7, 6, 5.00000000000000000000e-01) (7, 6, 5.00000000000000000000e-01) (7, 6, 5.00000000000000000000e-01) (0, 6, 0.00000000000000000000e+00) (4, 4, 5.00000000000000000000e-01) (0, 4, 0.00000000000000000000e+00) 
connections (connected_to_neuron, weight)=(0, -2.54689032055062369864e+00) (1, 2.87666743703869620674e+00) (2, 1.75483358463270167071e+00) (3, 9.22498582328011851317e-01) (4, 1.60965873002167181305e+00) (5, -5.74283923196204915129e-01) (6, -2.59359494812411384146e+00) (0, -2.97751707724697889379e-01) (1, 6.41927212642175559765e-01) (2, 1.40872705124682728872e+00) (3, 4.16942371420278790062e-01) (4, 1.14685326223220074304e+00) (5, 2.39988562189296789073e-01) (6, -3.09531105450756849340e-01) (0, -2.01603368921932446511e+00) (1, 1.34105597921806896089e+00) (2, 1.72214512338859537799e+00) (3, 9.24067931646754603392e-01) (4, 2.01856330253855631440e+00) (5, -5.65708300801307739647e-01) (6, -1.55292879441461484369e+00) (7, 6.21254689946314453408e+00) (8, 8.90098804545639721297e-01) (9, 1.50237343338809736792e+01) (10, -1.93336129440721715689e+00) 
