FANN_FLO_2.1
num_layers=3
learning_rate=0.700000
connection_rate=1.000000
network_type=0
learning_momentum=0.000000
training_algorithm=2
train_error_function=1
train_stop_function=1
cascade_output_change_fraction=0.010000
quickprop_decay=-0.000100
quickprop_mu=1.750000
rprop_increase_factor=1.200000
rprop_decrease_factor=0.500000
rprop_delta_min=0.000000
rprop_delta_max=50.000000
rprop_delta_zero=0.100000
cascade_output_stagnation_epochs=12
cascade_candidate_change_fraction=0.010000
cascade_candidate_stagnation_epochs=12
cascade_max_out_epochs=150
cascade_min_out_epochs=50
cascade_max_cand_epochs=150
cascade_min_cand_epochs=50
cascade_num_candidate_groups=2
bit_fail_limit=1.00000000000000005551e-01
cascade_candidate_limit=1.00000000000000000000e+03
cascade_weight_multiplier=4.00000000000000022204e-01
cascade_activation_functions_count=10
cascade_activation_functions=3 5 7 8 10 11 14 15 16 17 
cascade_activation_steepnesses_count=4
cascade_activation_steepnesses=2.50000000000000000000e-01 5.00000000000000000000e-01 7.50000000000000000000e-01 1.00000000000000000000e+00 
layer_sizes=6 4 2 
scale_included=0
neurons (num_inputs, activation_function, activation_steepness)=(0, 0, 0.00000000000000000000e+00) (0, 0, 0.00000000000000000000e+00) (0, 0, 0.00000000000000000000e+00) (0, 0, 0.00000000000000000000e+00) (0, 0, 0.00000000000000000000e+00) (0, 0, 0.00000000000000000000e+00) (6, 6, 5.00000000000000000000e-01) (6, 6, 5.00000000000000000000e-01) (6, 6, 5.00000000000000000000e-01) (0, 6, 0.00000000000000000000e+00) (4, 4, 5.00000000000000000000e-01) (0, 4, 0.00000000000000000000e+00) 
connections (connected_to_neuron, weight)=(0, -2.87461926014613800007e+00) (1, 1.87965632329467458028e+00) (2, -1.87671085519573122014e-01) (3, 1.98339286850531237860e+00) (4, 1.38777768302867610117e+00) (5, -1.56558612922973394710e+00) (0, 1.19217829296608734957e+00) (1, -3.00752023579876626158e-01) (2, -1.08046122384527751303e-01) (3, -4.58600970102071237022e-01) (4, -2.21558392898697859019e-01) (5, 8.62208850731199460959e-01) (0, -1.16742951302962172377e+00) (1, 1.04150766430162122766e+00) (2, 1.21851546251513620511e+00) (3, 1.21775026736216673839e+00) (4, 1.43677811666236321386e+00) (5, -1.66008214841432311104e+00) (6, 1.16804028675295192841e+01) (7, -7.85882000443910211374e+00) (8, 1.21487741076583120048e+01) (9, -1.73283667824780507338e+00) 
