FANN_FLO_2.1
num_layers=3
learning_rate=0.700000
connection_rate=1.000000
network_type=0
learning_momentum=0.000000
training_algorithm=2
train_error_function=1
train_stop_function=1
cascade_output_change_fraction=0.010000
quickprop_decay=-0.000100
quickprop_mu=1.750000
rprop_increase_factor=1.200000
rprop_decrease_factor=0.500000
rprop_delta_min=0.000000
rprop_delta_max=50.000000
rprop_delta_zero=0.100000
cascade_output_stagnation_epochs=12
cascade_candidate_change_fraction=0.010000
cascade_candidate_stagnation_epochs=12
cascade_max_out_epochs=150
cascade_min_out_epochs=50
cascade_max_cand_epochs=150
cascade_min_cand_epochs=50
cascade_num_candidate_groups=2
bit_fail_limit=1.00000000000000005551e-01
cascade_candidate_limit=1.00000000000000000000e+03
cascade_weight_multiplier=4.00000000000000022204e-01
cascade_activation_functions_count=10
cascade_activation_functions=3 5 7 8 10 11 14 15 16 17 
cascade_activation_steepnesses_count=4
cascade_activation_steepnesses=2.50000000000000000000e-01 5.00000000000000000000e-01 7.50000000000000000000e-01 1.00000000000000000000e+00 
layer_sizes=12 4 2 
scale_included=0
neurons (num_inputs, activation_function, activation_steepness)=(0, 0, 0.00000000000000000000e+00) (0, 0, 0.00000000000000000000e+00) (0, 0, 0.00000000000000000000e+00) (0, 0, 0.00000000000000000000e+00) (0, 0, 0.00000000000000000000e+00) (0, 0, 0.00000000000000000000e+00) (0, 0, 0.00000000000000000000e+00) (0, 0, 0.00000000000000000000e+00) (0, 0, 0.00000000000000000000e+00) (0, 0, 0.00000000000000000000e+00) (0, 0, 0.00000000000000000000e+00) (0, 0, 0.00000000000000000000e+00) (12, 6, 5.00000000000000000000e-01) (12, 6, 5.00000000000000000000e-01) (12, 6, 5.00000000000000000000e-01) (0, 6, 0.00000000000000000000e+00) (4, 4, 5.00000000000000000000e-01) (0, 4, 0.00000000000000000000e+00) 
connections (connected_to_neuron, weight)=(0, -3.56993781805029497534e-01) (1, 3.21164860468780566372e-01) (2, 2.44468224588974603062e-01) (3, 1.32683921024807549571e+00) (4, 7.75548785353030845080e-01) (5, 1.55807058676115195439e+00) (6, 7.66342736980819116965e-01) (7, -1.32306612767807130204e+00) (8, -4.45665912161424426774e-01) (9, -1.56867772995436832728e-01) (10, -4.73175727482000429980e-01) (11, -5.19745846045887305298e-02) (0, -2.67891275807373485662e+00) (1, 2.25520583072409408487e+00) (2, -3.70157914396050558015e-01) (3, 4.78916939043215028615e-01) (4, 2.67387369932341634193e-01) (5, 8.59868383486581144837e+00) (6, 2.14173684099421324234e+00) (7, -3.84980677437367813098e+00) (8, -1.68053559737315993949e+00) (9, -7.89779127213993348278e-01) (10, -5.58553466374574192344e+00) (11, -4.68834687603836675063e-01) (0, -1.26398329328129932492e+00) (1, 1.05586564122734438698e+00) (2, 1.23938593917761977203e-01) (3, 3.01174552386062832632e-01) (4, 2.49457499306808327955e-01) (5, 3.64408304970565044556e+00) (6, 1.62752377807485637540e+00) (7, -3.49423869203629688940e+00) (8, -1.58347178696027945932e+00) (9, -5.93077406544844532021e-01) (10, -1.31853504468705362562e+00) (11, -6.29211062574378421353e-01) (12, 6.84042430842246695910e-01) (13, 8.69865594138217268494e+00) (14, 3.52756086062493512401e+00) (15, -1.60435808461020834592e+00) 
