FANN_FLO_2.1
num_layers=3
learning_rate=0.700000
connection_rate=1.000000
network_type=0
learning_momentum=0.000000
training_algorithm=2
train_error_function=1
train_stop_function=1
cascade_output_change_fraction=0.010000
quickprop_decay=-0.000100
quickprop_mu=1.750000
rprop_increase_factor=1.200000
rprop_decrease_factor=0.500000
rprop_delta_min=0.000000
rprop_delta_max=50.000000
rprop_delta_zero=0.100000
cascade_output_stagnation_epochs=12
cascade_candidate_change_fraction=0.010000
cascade_candidate_stagnation_epochs=12
cascade_max_out_epochs=150
cascade_min_out_epochs=50
cascade_max_cand_epochs=150
cascade_min_cand_epochs=50
cascade_num_candidate_groups=2
bit_fail_limit=1.00000000000000005551e-01
cascade_candidate_limit=1.00000000000000000000e+03
cascade_weight_multiplier=4.00000000000000022204e-01
cascade_activation_functions_count=10
cascade_activation_functions=3 5 7 8 10 11 14 15 16 17 
cascade_activation_steepnesses_count=4
cascade_activation_steepnesses=2.50000000000000000000e-01 5.00000000000000000000e-01 7.50000000000000000000e-01 1.00000000000000000000e+00 
layer_sizes=8 4 2 
scale_included=0
neurons (num_inputs, activation_function, activation_steepness)=(0, 0, 0.00000000000000000000e+00) (0, 0, 0.00000000000000000000e+00) (0, 0, 0.00000000000000000000e+00) (0, 0, 0.00000000000000000000e+00) (0, 0, 0.00000000000000000000e+00) (0, 0, 0.00000000000000000000e+00) (0, 0, 0.00000000000000000000e+00) (0, 0, 0.00000000000000000000e+00) (8, 6, 5.00000000000000000000e-01) (8, 6, 5.00000000000000000000e-01) (8, 6, 5.00000000000000000000e-01) (0, 6, 0.00000000000000000000e+00) (4, 4, 5.00000000000000000000e-01) (0, 4, 0.00000000000000000000e+00) 
connections (connected_to_neuron, weight)=(0, -1.90356823949390729922e+00) (1, 6.49500502903280652056e-01) (2, 8.47199295577631544818e-02) (3, 3.02549929358796987344e-01) (4, 2.54247926571222038206e+00) (5, -8.28093481944440990006e-01) (6, -3.20690031659838981071e+00) (7, -3.68871861059010874850e-01) (0, -1.61060827008137441574e+00) (1, 5.17384493280838797524e-01) (2, 1.07866167783456012863e+00) (3, 5.61516152099851395540e-01) (4, 1.70104708347483168929e+00) (5, 2.90430697427081607742e-01) (6, -7.99548137901647248960e-01) (7, -8.83900072117676849359e-01) (0, -3.74485103233500682407e+00) (1, 8.17113081093261417465e-01) (2, 6.03257851845136805480e-01) (3, 7.49300921616894100019e-01) (4, 2.60459271070141840099e+00) (5, -1.83702272509976993753e+00) (6, -6.09378319788630551379e-01) (7, -6.49274088179666586385e-01) (8, 1.77781331522062568951e+00) (9, 1.58024166970821444700e+00) (10, 3.75726574365920953369e+01) (11, -3.83546045310571015463e+00) 
