FANN_FLO_2.1
num_layers=3
learning_rate=0.700000
connection_rate=1.000000
network_type=0
learning_momentum=0.000000
training_algorithm=2
train_error_function=1
train_stop_function=1
cascade_output_change_fraction=0.010000
quickprop_decay=-0.000100
quickprop_mu=1.750000
rprop_increase_factor=1.200000
rprop_decrease_factor=0.500000
rprop_delta_min=0.000000
rprop_delta_max=50.000000
rprop_delta_zero=0.100000
cascade_output_stagnation_epochs=12
cascade_candidate_change_fraction=0.010000
cascade_candidate_stagnation_epochs=12
cascade_max_out_epochs=150
cascade_min_out_epochs=50
cascade_max_cand_epochs=150
cascade_min_cand_epochs=50
cascade_num_candidate_groups=2
bit_fail_limit=1.00000000000000005551e-01
cascade_candidate_limit=1.00000000000000000000e+03
cascade_weight_multiplier=4.00000000000000022204e-01
cascade_activation_functions_count=10
cascade_activation_functions=3 5 7 8 10 11 14 15 16 17 
cascade_activation_steepnesses_count=4
cascade_activation_steepnesses=2.50000000000000000000e-01 5.00000000000000000000e-01 7.50000000000000000000e-01 1.00000000000000000000e+00 
layer_sizes=9 4 2 
scale_included=0
neurons (num_inputs, activation_function, activation_steepness)=(0, 0, 0.00000000000000000000e+00) (0, 0, 0.00000000000000000000e+00) (0, 0, 0.00000000000000000000e+00) (0, 0, 0.00000000000000000000e+00) (0, 0, 0.00000000000000000000e+00) (0, 0, 0.00000000000000000000e+00) (0, 0, 0.00000000000000000000e+00) (0, 0, 0.00000000000000000000e+00) (0, 0, 0.00000000000000000000e+00) (9, 6, 5.00000000000000000000e-01) (9, 6, 5.00000000000000000000e-01) (9, 6, 5.00000000000000000000e-01) (0, 6, 0.00000000000000000000e+00) (4, 4, 5.00000000000000000000e-01) (0, 4, 0.00000000000000000000e+00) 
connections (connected_to_neuron, weight)=(0, -1.52561767209883702989e+00) (1, 1.60842511047240277477e+00) (2, -6.44728952487058082355e-02) (3, -6.82172739346570411456e-02) (4, -7.13687638074950281286e-01) (5, -9.34611293395115061422e-02) (6, -2.11908563496644608559e-01) (7, -1.99327948959643952431e-01) (8, -1.79540967458066691442e-01) (0, -1.93220411171313499743e+00) (1, 3.80632828895811314851e+00) (2, 8.32847088351594821987e-02) (3, -2.24912289081540234248e-01) (4, -6.01966020544498769951e-01) (5, -5.04111391385525076103e-01) (6, -6.09380070944755880546e-01) (7, -5.10241483231514303398e-01) (8, -5.70830241670339910698e-01) (0, 2.17115895251390211840e+00) (1, -3.95250111047987218171e+00) (2, 3.59236171479481170010e-01) (3, 4.99635505981703365030e-01) (4, 8.19869313534760668638e-01) (5, 8.90213683393263899291e-01) (6, 7.84165203717017367246e-01) (7, 7.86896027770304873350e-01) (8, 8.72660681751036726439e-01) (9, 1.53502808143015867515e+00) (10, 3.95067780439619298249e+00) (11, -3.89799992342356915742e+00) (12, -5.35728831668823568535e-01) 
