FANN_FLO_2.1
num_layers=3
learning_rate=0.700000
connection_rate=1.000000
network_type=0
learning_momentum=0.000000
training_algorithm=2
train_error_function=1
train_stop_function=1
cascade_output_change_fraction=0.010000
quickprop_decay=-0.000100
quickprop_mu=1.750000
rprop_increase_factor=1.200000
rprop_decrease_factor=0.500000
rprop_delta_min=0.000000
rprop_delta_max=50.000000
rprop_delta_zero=0.100000
cascade_output_stagnation_epochs=12
cascade_candidate_change_fraction=0.010000
cascade_candidate_stagnation_epochs=12
cascade_max_out_epochs=150
cascade_min_out_epochs=50
cascade_max_cand_epochs=150
cascade_min_cand_epochs=50
cascade_num_candidate_groups=2
bit_fail_limit=1.00000000000000005551e-01
cascade_candidate_limit=1.00000000000000000000e+03
cascade_weight_multiplier=4.00000000000000022204e-01
cascade_activation_functions_count=10
cascade_activation_functions=3 5 7 8 10 11 14 15 16 17 
cascade_activation_steepnesses_count=4
cascade_activation_steepnesses=2.50000000000000000000e-01 5.00000000000000000000e-01 7.50000000000000000000e-01 1.00000000000000000000e+00 
layer_sizes=13 4 2 
scale_included=0
neurons (num_inputs, activation_function, activation_steepness)=(0, 0, 0.00000000000000000000e+00) (0, 0, 0.00000000000000000000e+00) (0, 0, 0.00000000000000000000e+00) (0, 0, 0.00000000000000000000e+00) (0, 0, 0.00000000000000000000e+00) (0, 0, 0.00000000000000000000e+00) (0, 0, 0.00000000000000000000e+00) (0, 0, 0.00000000000000000000e+00) (0, 0, 0.00000000000000000000e+00) (0, 0, 0.00000000000000000000e+00) (0, 0, 0.00000000000000000000e+00) (0, 0, 0.00000000000000000000e+00) (0, 0, 0.00000000000000000000e+00) (13, 6, 5.00000000000000000000e-01) (13, 6, 5.00000000000000000000e-01) (13, 6, 5.00000000000000000000e-01) (0, 6, 0.00000000000000000000e+00) (4, 4, 5.00000000000000000000e-01) (0, 4, 0.00000000000000000000e+00) 
connections (connected_to_neuron, weight)=(0, 1.98469043519795995678e+00) (1, -1.13945462834438315802e+00) (2, -2.22124469345528252617e+00) (3, 1.41997229044617645499e+00) (4, 1.02714570392602411175e+00) (5, 2.72984498718225232494e+00) (6, -5.87520961478466885453e-01) (7, 5.40208499266511488202e+00) (8, -1.92202673844025984096e+00) (9, 1.96288316669788498459e+00) (10, 1.38460255245000007918e+00) (11, 3.00946780714022521508e+00) (12, 2.34690395103170190705e-01) (0, 2.45812417755437540023e+00) (1, -1.62238486891588284955e+00) (2, -1.00823892201595910478e+00) (3, 8.66423531410367653294e-01) (4, 9.24263891279054172756e-01) (5, 1.06277352736288110968e+00) (6, 1.62572084844587544383e-01) (7, 3.32634629914693924491e+00) (8, -1.03041548904543489584e+00) (9, 1.02248868096247003123e+00) (10, 1.11338052909117291023e+00) (11, 1.08762062351446697761e+00) (12, 3.43278357245487109051e-01) (0, 1.43645699548031302584e+00) (1, -1.32614971060656383628e+00) (2, -2.20074378019291527764e+00) (3, 1.40615322922648422477e+00) (4, 1.03457540054553476239e+00) (5, 1.25149659385208278373e+00) (6, -6.11235354855770962601e-01) (7, 4.74430041604521512966e+00) (8, -2.04075304410384550380e+00) (9, 7.82802013760912851481e-01) (10, 4.95660665459917770814e-01) (11, 1.36354583829095754588e+00) (12, 6.86423447462547242637e-01) (13, -7.02854032606370626723e+00) (14, -7.68876871652359206166e+00) (15, -7.04169596151001631057e+00) (16, -1.22148236550741895456e+00) 
