FANN_FLO_2.1
num_layers=3
learning_rate=0.700000
connection_rate=1.000000
network_type=0
learning_momentum=0.000000
training_algorithm=2
train_error_function=1
train_stop_function=1
cascade_output_change_fraction=0.010000
quickprop_decay=-0.000100
quickprop_mu=1.750000
rprop_increase_factor=1.200000
rprop_decrease_factor=0.500000
rprop_delta_min=0.000000
rprop_delta_max=50.000000
rprop_delta_zero=0.100000
cascade_output_stagnation_epochs=12
cascade_candidate_change_fraction=0.010000
cascade_candidate_stagnation_epochs=12
cascade_max_out_epochs=150
cascade_min_out_epochs=50
cascade_max_cand_epochs=150
cascade_min_cand_epochs=50
cascade_num_candidate_groups=2
bit_fail_limit=1.00000000000000005551e-01
cascade_candidate_limit=1.00000000000000000000e+03
cascade_weight_multiplier=4.00000000000000022204e-01
cascade_activation_functions_count=10
cascade_activation_functions=3 5 7 8 10 11 14 15 16 17 
cascade_activation_steepnesses_count=4
cascade_activation_steepnesses=2.50000000000000000000e-01 5.00000000000000000000e-01 7.50000000000000000000e-01 1.00000000000000000000e+00 
layer_sizes=7 4 2 
scale_included=0
neurons (num_inputs, activation_function, activation_steepness)=(0, 0, 0.00000000000000000000e+00) (0, 0, 0.00000000000000000000e+00) (0, 0, 0.00000000000000000000e+00) (0, 0, 0.00000000000000000000e+00) (0, 0, 0.00000000000000000000e+00) (0, 0, 0.00000000000000000000e+00) (0, 0, 0.00000000000000000000e+00) (7, 6, 5.00000000000000000000e-01) (7, 6, 5.00000000000000000000e-01) (7, 6, 5.00000000000000000000e-01) (0, 6, 0.00000000000000000000e+00) (4, 4, 5.00000000000000000000e-01) (0, 4, 0.00000000000000000000e+00) 
connections (connected_to_neuron, weight)=(0, 4.81136917988878864971e-01) (1, -2.57984033035467519301e-01) (2, 7.94696276224260700349e-02) (3, -8.56348137330626979491e-01) (4, -1.52664528282831168937e-01) (5, 8.76060875687472428996e-02) (6, 8.37668389289526360564e-01) (0, -2.40341893632164094186e+00) (1, 2.69836812744380072360e+00) (2, 1.60950269965652159598e+00) (3, 3.37802955942498694952e+00) (4, 8.71943192546846712609e-01) (5, 3.00097106282776193709e+00) (6, -3.86036644149251451097e+00) (0, -2.47480785576543377280e-01) (1, 1.05418316409969103908e+00) (2, 3.28343446374339209548e-01) (3, 4.37310854533034948366e-02) (4, 3.15812041074509886052e-01) (5, -1.16326907891686828767e-02) (6, -6.78548100854788449610e-01) (7, -7.79545325507378983332e+00) (8, 8.66862610420204617867e+01) (9, 4.31135063680252728080e-01) (10, -1.56742896355199645697e+00) 
