FANN_FLO_2.1
num_layers=3
learning_rate=0.700000
connection_rate=1.000000
network_type=0
learning_momentum=0.000000
training_algorithm=2
train_error_function=1
train_stop_function=1
cascade_output_change_fraction=0.010000
quickprop_decay=-0.000100
quickprop_mu=1.750000
rprop_increase_factor=1.200000
rprop_decrease_factor=0.500000
rprop_delta_min=0.000000
rprop_delta_max=50.000000
rprop_delta_zero=0.100000
cascade_output_stagnation_epochs=12
cascade_candidate_change_fraction=0.010000
cascade_candidate_stagnation_epochs=12
cascade_max_out_epochs=150
cascade_min_out_epochs=50
cascade_max_cand_epochs=150
cascade_min_cand_epochs=50
cascade_num_candidate_groups=2
bit_fail_limit=1.00000000000000005551e-01
cascade_candidate_limit=1.00000000000000000000e+03
cascade_weight_multiplier=4.00000000000000022204e-01
cascade_activation_functions_count=10
cascade_activation_functions=3 5 7 8 10 11 14 15 16 17 
cascade_activation_steepnesses_count=4
cascade_activation_steepnesses=2.50000000000000000000e-01 5.00000000000000000000e-01 7.50000000000000000000e-01 1.00000000000000000000e+00 
layer_sizes=16 4 2 
scale_included=0
neurons (num_inputs, activation_function, activation_steepness)=(0, 0, 0.00000000000000000000e+00) (0, 0, 0.00000000000000000000e+00) (0, 0, 0.00000000000000000000e+00) (0, 0, 0.00000000000000000000e+00) (0, 0, 0.00000000000000000000e+00) (0, 0, 0.00000000000000000000e+00) (0, 0, 0.00000000000000000000e+00) (0, 0, 0.00000000000000000000e+00) (0, 0, 0.00000000000000000000e+00) (0, 0, 0.00000000000000000000e+00) (0, 0, 0.00000000000000000000e+00) (0, 0, 0.00000000000000000000e+00) (0, 0, 0.00000000000000000000e+00) (0, 0, 0.00000000000000000000e+00) (0, 0, 0.00000000000000000000e+00) (0, 0, 0.00000000000000000000e+00) (16, 6, 5.00000000000000000000e-01) (16, 6, 5.00000000000000000000e-01) (16, 6, 5.00000000000000000000e-01) (0, 6, 0.00000000000000000000e+00) (4, 4, 5.00000000000000000000e-01) (0, 4, 0.00000000000000000000e+00) 
connections (connected_to_neuron, weight)=(0, 3.52760015402404114582e+00) (1, -2.13060038565051756976e+00) (2, -8.20283849090900907264e-01) (3, 4.60184285051028207914e-02) (4, -6.09477038294639394955e-01) (5, -4.59630262998667604712e-01) (6, -1.75132224717988727036e-02) (7, 6.19898362785267331709e-01) (8, 9.96043750650088266507e-02) (9, -2.83159500491349580553e-01) (10, -3.06867157069769858069e-01) (11, -1.58237233237351226922e-01) (12, 3.96728225913692056359e-01) (13, -5.39708121208278379655e-01) (14, -7.69447271079388261938e-01) (15, 1.46031433205690208688e+00) (0, 2.80491112138414155908e+00) (1, -2.02497901050698958514e+00) (2, -7.61491049379673601294e-01) (3, 7.58987510210673288480e-02) (4, -4.71874984711971201534e-01) (5, -3.36871777621832846350e-01) (6, -4.14536962667359232260e-02) (7, 5.26830493241238095870e-01) (8, 2.65102417773408483015e-02) (9, -1.77793710064618748490e-01) (10, -1.21037192122067316369e-01) (11, -1.45687734026277437849e-01) (12, 4.54592929151702462853e-01) (13, -6.28230741707412443375e-01) (14, -7.65667144507732988501e-01) (15, 1.50884915005054298653e+00) (0, -2.97214962190122422570e+00) (1, 2.24513878419963219812e+00) (2, 8.44276905951597878008e-01) (3, 3.03832077545506284988e-01) (4, 1.05942933771957914502e+00) (5, 5.71785982189231489770e-01) (6, 8.84727335337299303220e-01) (7, 8.51034774814935224274e-02) (8, 2.53373717082125471389e-01) (9, 5.20419864878278515263e-01) (10, 8.41778585367876863721e-01) (11, 5.66803614574151626293e-01) (12, 1.80677409413942891003e-01) (13, 1.12360959444462027434e+00) (14, 8.13913856325930384905e-01) (15, -1.75969653242471957277e+00) (16, -3.24537273299191220133e+00) (17, -3.26238519501183255045e+00) (18, 6.58824146677351585311e+00) (19, -7.32772131236981150160e-01) 
