FANN_FLO_2.1
num_layers=3
learning_rate=0.700000
connection_rate=1.000000
network_type=0
learning_momentum=0.000000
training_algorithm=2
train_error_function=1
train_stop_function=1
cascade_output_change_fraction=0.010000
quickprop_decay=-0.000100
quickprop_mu=1.750000
rprop_increase_factor=1.200000
rprop_decrease_factor=0.500000
rprop_delta_min=0.000000
rprop_delta_max=50.000000
rprop_delta_zero=0.100000
cascade_output_stagnation_epochs=12
cascade_candidate_change_fraction=0.010000
cascade_candidate_stagnation_epochs=12
cascade_max_out_epochs=150
cascade_min_out_epochs=50
cascade_max_cand_epochs=150
cascade_min_cand_epochs=50
cascade_num_candidate_groups=2
bit_fail_limit=1.00000000000000005551e-01
cascade_candidate_limit=1.00000000000000000000e+03
cascade_weight_multiplier=4.00000000000000022204e-01
cascade_activation_functions_count=10
cascade_activation_functions=3 5 7 8 10 11 14 15 16 17 
cascade_activation_steepnesses_count=4
cascade_activation_steepnesses=2.50000000000000000000e-01 5.00000000000000000000e-01 7.50000000000000000000e-01 1.00000000000000000000e+00 
layer_sizes=10 4 2 
scale_included=0
neurons (num_inputs, activation_function, activation_steepness)=(0, 0, 0.00000000000000000000e+00) (0, 0, 0.00000000000000000000e+00) (0, 0, 0.00000000000000000000e+00) (0, 0, 0.00000000000000000000e+00) (0, 0, 0.00000000000000000000e+00) (0, 0, 0.00000000000000000000e+00) (0, 0, 0.00000000000000000000e+00) (0, 0, 0.00000000000000000000e+00) (0, 0, 0.00000000000000000000e+00) (0, 0, 0.00000000000000000000e+00) (10, 6, 5.00000000000000000000e-01) (10, 6, 5.00000000000000000000e-01) (10, 6, 5.00000000000000000000e-01) (0, 6, 0.00000000000000000000e+00) (4, 4, 5.00000000000000000000e-01) (0, 4, 0.00000000000000000000e+00) 
connections (connected_to_neuron, weight)=(0, 1.45487431977474712674e+00) (1, -2.29886721374347891000e+00) (2, 1.36246840858746581793e-01) (3, -1.49473297160422902152e-01) (4, 1.05693779132265097687e+00) (5, 6.25421631578660486284e-01) (6, 5.14907108709440120009e-01) (7, -2.17778598432364267623e+00) (8, -2.16122946803393167770e+00) (9, 1.05452391711643844729e+00) (0, 1.50434401426994823758e+00) (1, -1.92975331630579072240e+00) (2, 4.83718832759966188561e-03) (3, 2.13075552765963904811e-02) (4, 1.18567918977636366229e+00) (5, 6.67112852875447748247e-01) (6, 4.82044236824140437392e-01) (7, -2.21140788783254427230e+00) (8, -2.22898331944765848434e+00) (9, 9.88815563000952524320e-01) (0, -9.93939584378875085058e-03) (1, 6.14023845843857163374e-01) (2, 2.59880343865248941704e-01) (3, 1.11380579853250538669e+00) (4, 1.57701430937143755040e-01) (5, 2.25130418728682696328e-01) (6, -2.97919371398994749234e-02) (7, 6.96927903432244644222e-01) (8, 6.74106640953416214046e-01) (9, 5.54202689885194346719e-02) (10, -1.85692503975810971895e+01) (11, -9.27626515857437183854e+00) (12, 4.46903089335849823538e-01) (13, -3.63668626859280308405e-01) 
