FANN_FLO_2.1
num_layers=3
learning_rate=0.700000
connection_rate=1.000000
network_type=0
learning_momentum=0.000000
training_algorithm=2
train_error_function=1
train_stop_function=1
cascade_output_change_fraction=0.010000
quickprop_decay=-0.000100
quickprop_mu=1.750000
rprop_increase_factor=1.200000
rprop_decrease_factor=0.500000
rprop_delta_min=0.000000
rprop_delta_max=50.000000
rprop_delta_zero=0.100000
cascade_output_stagnation_epochs=12
cascade_candidate_change_fraction=0.010000
cascade_candidate_stagnation_epochs=12
cascade_max_out_epochs=150
cascade_min_out_epochs=50
cascade_max_cand_epochs=150
cascade_min_cand_epochs=50
cascade_num_candidate_groups=2
bit_fail_limit=1.00000000000000005551e-01
cascade_candidate_limit=1.00000000000000000000e+03
cascade_weight_multiplier=4.00000000000000022204e-01
cascade_activation_functions_count=10
cascade_activation_functions=3 5 7 8 10 11 14 15 16 17 
cascade_activation_steepnesses_count=4
cascade_activation_steepnesses=2.50000000000000000000e-01 5.00000000000000000000e-01 7.50000000000000000000e-01 1.00000000000000000000e+00 
layer_sizes=8 4 2 
scale_included=0
neurons (num_inputs, activation_function, activation_steepness)=(0, 0, 0.00000000000000000000e+00) (0, 0, 0.00000000000000000000e+00) (0, 0, 0.00000000000000000000e+00) (0, 0, 0.00000000000000000000e+00) (0, 0, 0.00000000000000000000e+00) (0, 0, 0.00000000000000000000e+00) (0, 0, 0.00000000000000000000e+00) (0, 0, 0.00000000000000000000e+00) (8, 6, 5.00000000000000000000e-01) (8, 6, 5.00000000000000000000e-01) (8, 6, 5.00000000000000000000e-01) (0, 6, 0.00000000000000000000e+00) (4, 4, 5.00000000000000000000e-01) (0, 4, 0.00000000000000000000e+00) 
connections (connected_to_neuron, weight)=(0, 1.30793809169651886748e+00) (1, -2.99127306371245937910e+00) (2, 2.43792643115902901707e-01) (3, 1.23924778425814530181e+00) (4, 1.25627319538714310454e+00) (5, 1.35442190641285797881e+00) (6, 1.33667240315796753691e+00) (7, 1.35314265662552735137e+00) (0, -9.41285411752827316789e-01) (1, 3.02774316663305409492e+00) (2, 8.07617719290052993308e-02) (3, -7.25120365011959755464e-01) (4, -6.76756247270375088654e-01) (5, -6.82707435775070869965e-01) (6, -5.91648801553517067475e-01) (7, -1.45550872260342334386e+00) (0, -1.48517716658623943893e+00) (1, 1.10325870369259249060e+00) (2, 1.74128825144387100465e-01) (3, 7.28678942080491220956e-02) (4, 2.56123930569641979071e-02) (5, 1.16634377872561756373e-01) (6, 1.81165054794304759833e-02) (7, -4.13601771345854907214e-01) (8, -4.65069505731499521772e+00) (9, 1.05923872909710379275e+01) (10, 1.53322710851065036053e+00) (11, -1.02738703314221635488e+00) 
