FANN_FLO_2.1
num_layers=3
learning_rate=0.700000
connection_rate=1.000000
network_type=0
learning_momentum=0.000000
training_algorithm=2
train_error_function=1
train_stop_function=1
cascade_output_change_fraction=0.010000
quickprop_decay=-0.000100
quickprop_mu=1.750000
rprop_increase_factor=1.200000
rprop_decrease_factor=0.500000
rprop_delta_min=0.000000
rprop_delta_max=50.000000
rprop_delta_zero=0.100000
cascade_output_stagnation_epochs=12
cascade_candidate_change_fraction=0.010000
cascade_candidate_stagnation_epochs=12
cascade_max_out_epochs=150
cascade_min_out_epochs=50
cascade_max_cand_epochs=150
cascade_min_cand_epochs=50
cascade_num_candidate_groups=2
bit_fail_limit=1.00000000000000005551e-01
cascade_candidate_limit=1.00000000000000000000e+03
cascade_weight_multiplier=4.00000000000000022204e-01
cascade_activation_functions_count=10
cascade_activation_functions=3 5 7 8 10 11 14 15 16 17 
cascade_activation_steepnesses_count=4
cascade_activation_steepnesses=2.50000000000000000000e-01 5.00000000000000000000e-01 7.50000000000000000000e-01 1.00000000000000000000e+00 
layer_sizes=8 4 2 
scale_included=0
neurons (num_inputs, activation_function, activation_steepness)=(0, 0, 0.00000000000000000000e+00) (0, 0, 0.00000000000000000000e+00) (0, 0, 0.00000000000000000000e+00) (0, 0, 0.00000000000000000000e+00) (0, 0, 0.00000000000000000000e+00) (0, 0, 0.00000000000000000000e+00) (0, 0, 0.00000000000000000000e+00) (0, 0, 0.00000000000000000000e+00) (8, 6, 5.00000000000000000000e-01) (8, 6, 5.00000000000000000000e-01) (8, 6, 5.00000000000000000000e-01) (0, 6, 0.00000000000000000000e+00) (4, 4, 5.00000000000000000000e-01) (0, 4, 0.00000000000000000000e+00) 
connections (connected_to_neuron, weight)=(0, -1.68471328283934673742e+00) (1, 1.67522522881902635739e+00) (2, 3.35741119825137523947e+00) (3, -2.49690954344842186430e+00) (4, -6.65472427909578834182e-01) (5, -1.20917537546487463551e+00) (6, 3.53072360695730358415e+00) (7, -1.60029790091577472921e+00) (0, -6.90442219457614081435e-01) (1, 9.67907612912892623136e-01) (2, 2.22399998227601658485e+00) (3, -7.91534348177633795274e-01) (4, 7.08443983315335867879e-01) (5, -2.39183289756980610452e-01) (6, 1.17100064867124231682e+00) (7, -7.17128835699545996718e-01) (0, -9.59827631643998424593e-01) (1, 7.17141216595614805485e-01) (2, 2.57759914105318843625e+00) (3, -8.24659420728240166731e-01) (4, 1.47008462642283532773e+00) (5, 4.06210448879751440110e-01) (6, 1.58400831615017678722e+00) (7, -5.51321915016692920553e-01) (8, 3.05496329960129813230e+01) (9, 1.32539337425734959908e+00) (10, 1.94344113966588927234e+00) (11, -1.62511544960800113913e+00) 
