FANN_FLO_2.1
num_layers=3
learning_rate=0.700000
connection_rate=1.000000
network_type=0
learning_momentum=0.000000
training_algorithm=2
train_error_function=1
train_stop_function=1
cascade_output_change_fraction=0.010000
quickprop_decay=-0.000100
quickprop_mu=1.750000
rprop_increase_factor=1.200000
rprop_decrease_factor=0.500000
rprop_delta_min=0.000000
rprop_delta_max=50.000000
rprop_delta_zero=0.100000
cascade_output_stagnation_epochs=12
cascade_candidate_change_fraction=0.010000
cascade_candidate_stagnation_epochs=12
cascade_max_out_epochs=150
cascade_min_out_epochs=50
cascade_max_cand_epochs=150
cascade_min_cand_epochs=50
cascade_num_candidate_groups=2
bit_fail_limit=1.00000000000000005551e-01
cascade_candidate_limit=1.00000000000000000000e+03
cascade_weight_multiplier=4.00000000000000022204e-01
cascade_activation_functions_count=10
cascade_activation_functions=3 5 7 8 10 11 14 15 16 17 
cascade_activation_steepnesses_count=4
cascade_activation_steepnesses=2.50000000000000000000e-01 5.00000000000000000000e-01 7.50000000000000000000e-01 1.00000000000000000000e+00 
layer_sizes=6 4 2 
scale_included=0
neurons (num_inputs, activation_function, activation_steepness)=(0, 0, 0.00000000000000000000e+00) (0, 0, 0.00000000000000000000e+00) (0, 0, 0.00000000000000000000e+00) (0, 0, 0.00000000000000000000e+00) (0, 0, 0.00000000000000000000e+00) (0, 0, 0.00000000000000000000e+00) (6, 6, 5.00000000000000000000e-01) (6, 6, 5.00000000000000000000e-01) (6, 6, 5.00000000000000000000e-01) (0, 6, 0.00000000000000000000e+00) (4, 4, 5.00000000000000000000e-01) (0, 4, 0.00000000000000000000e+00) 
connections (connected_to_neuron, weight)=(0, 4.78173148687632387777e+00) (1, -2.72188276261559058966e+00) (2, -1.25677929941552091186e+00) (3, -4.87954636382155815255e+00) (4, 5.14405124485429077197e-01) (5, 3.34146906482967187557e+00) (0, 3.58857160438145283976e+00) (1, -2.81506651103964378180e+00) (2, -1.22457797948258328979e+00) (3, -2.31820289108981780757e+00) (4, -1.90050550199287648923e+00) (5, 3.36001782166751672420e+00) (0, -2.31894301550242110110e+00) (1, 2.23726639195049648023e+00) (2, -1.02271177294429888027e-01) (3, 1.23947754329462589418e+00) (4, -2.03507054162732403668e-01) (5, -2.78430065966990269999e-01) (6, -6.91890851223347347343e+00) (7, -6.93845566177246730888e+00) (8, 9.61232688632858156552e-01) (9, -1.21680896133726834663e+00) 
