FANN_FLO_2.1
num_layers=3
learning_rate=0.700000
connection_rate=1.000000
network_type=0
learning_momentum=0.000000
training_algorithm=2
train_error_function=1
train_stop_function=1
cascade_output_change_fraction=0.010000
quickprop_decay=-0.000100
quickprop_mu=1.750000
rprop_increase_factor=1.200000
rprop_decrease_factor=0.500000
rprop_delta_min=0.000000
rprop_delta_max=50.000000
rprop_delta_zero=0.100000
cascade_output_stagnation_epochs=12
cascade_candidate_change_fraction=0.010000
cascade_candidate_stagnation_epochs=12
cascade_max_out_epochs=150
cascade_min_out_epochs=50
cascade_max_cand_epochs=150
cascade_min_cand_epochs=50
cascade_num_candidate_groups=2
bit_fail_limit=1.00000000000000005551e-01
cascade_candidate_limit=1.00000000000000000000e+03
cascade_weight_multiplier=4.00000000000000022204e-01
cascade_activation_functions_count=10
cascade_activation_functions=3 5 7 8 10 11 14 15 16 17 
cascade_activation_steepnesses_count=4
cascade_activation_steepnesses=2.50000000000000000000e-01 5.00000000000000000000e-01 7.50000000000000000000e-01 1.00000000000000000000e+00 
layer_sizes=8 4 2 
scale_included=0
neurons (num_inputs, activation_function, activation_steepness)=(0, 0, 0.00000000000000000000e+00) (0, 0, 0.00000000000000000000e+00) (0, 0, 0.00000000000000000000e+00) (0, 0, 0.00000000000000000000e+00) (0, 0, 0.00000000000000000000e+00) (0, 0, 0.00000000000000000000e+00) (0, 0, 0.00000000000000000000e+00) (0, 0, 0.00000000000000000000e+00) (8, 6, 5.00000000000000000000e-01) (8, 6, 5.00000000000000000000e-01) (8, 6, 5.00000000000000000000e-01) (0, 6, 0.00000000000000000000e+00) (4, 4, 5.00000000000000000000e-01) (0, 4, 0.00000000000000000000e+00) 
connections (connected_to_neuron, weight)=(0, -1.36889945494466158671e+00) (1, 2.90347175888036135305e+00) (2, 4.66168316645357294625e-01) (3, -6.61271477687008557567e-01) (4, -8.89830815083449078173e-01) (5, -8.90445681697790814013e-01) (6, -8.34575938469832134814e-01) (7, -1.40760173427396151347e+00) (0, 2.94924184353061655250e-02) (1, 8.33747831780546455605e-01) (2, 3.38126452310696379300e-01) (3, 4.24199881030731862364e-01) (4, 3.82234299755317252778e-01) (5, 2.71481605446559470796e-01) (6, 4.67281932211143113953e-01) (7, -1.06871882085516525795e-01) (0, 1.33484722247807185980e+00) (1, -3.09900211053440299835e+00) (2, -1.18470831605921075869e-01) (3, 5.09655184460165888716e-01) (4, 5.47751008880618006636e-01) (5, 4.69157620680811793257e-01) (6, 7.02729604184581413406e-01) (7, 1.48902894073487179760e+00) (8, 8.47296324165552583452e+00) (9, 4.71349152595481768468e-01) (10, -3.64817714803298720483e+00) (11, -1.46168267038421051396e+00) 
