FANN_FLO_2.1
num_layers=3
learning_rate=0.700000
connection_rate=1.000000
network_type=0
learning_momentum=0.000000
training_algorithm=2
train_error_function=1
train_stop_function=1
cascade_output_change_fraction=0.010000
quickprop_decay=-0.000100
quickprop_mu=1.750000
rprop_increase_factor=1.200000
rprop_decrease_factor=0.500000
rprop_delta_min=0.000000
rprop_delta_max=50.000000
rprop_delta_zero=0.100000
cascade_output_stagnation_epochs=12
cascade_candidate_change_fraction=0.010000
cascade_candidate_stagnation_epochs=12
cascade_max_out_epochs=150
cascade_min_out_epochs=50
cascade_max_cand_epochs=150
cascade_min_cand_epochs=50
cascade_num_candidate_groups=2
bit_fail_limit=1.00000000000000005551e-01
cascade_candidate_limit=1.00000000000000000000e+03
cascade_weight_multiplier=4.00000000000000022204e-01
cascade_activation_functions_count=10
cascade_activation_functions=3 5 7 8 10 11 14 15 16 17 
cascade_activation_steepnesses_count=4
cascade_activation_steepnesses=2.50000000000000000000e-01 5.00000000000000000000e-01 7.50000000000000000000e-01 1.00000000000000000000e+00 
layer_sizes=9 4 2 
scale_included=0
neurons (num_inputs, activation_function, activation_steepness)=(0, 0, 0.00000000000000000000e+00) (0, 0, 0.00000000000000000000e+00) (0, 0, 0.00000000000000000000e+00) (0, 0, 0.00000000000000000000e+00) (0, 0, 0.00000000000000000000e+00) (0, 0, 0.00000000000000000000e+00) (0, 0, 0.00000000000000000000e+00) (0, 0, 0.00000000000000000000e+00) (0, 0, 0.00000000000000000000e+00) (9, 6, 5.00000000000000000000e-01) (9, 6, 5.00000000000000000000e-01) (9, 6, 5.00000000000000000000e-01) (0, 6, 0.00000000000000000000e+00) (4, 4, 5.00000000000000000000e-01) (0, 4, 0.00000000000000000000e+00) 
connections (connected_to_neuron, weight)=(0, 4.71010484763109626982e+00) (1, -4.79742515303814354155e+00) (2, 2.40863653766479057783e-01) (3, 6.01706254921072658526e-01) (4, 9.02585186343310530432e-01) (5, 9.01211850624201948889e-01) (6, 9.43069882969973738440e-01) (7, 8.27148065250037367591e-01) (8, 8.99570010881541426428e-01) (0, -6.18298059529642785037e-01) (1, 8.11963996625523654060e-01) (2, 5.80475628247922870173e-01) (3, 1.57736577292678564755e-01) (4, -7.63088328964094841922e-01) (5, -3.21722417873642807518e-01) (6, -3.40822845501206284080e-01) (7, -2.91723146838448410545e-01) (8, 1.86101824244258612362e-01) (0, -1.66452224759853578684e-01) (1, 3.10440817112721922921e-01) (2, 6.50457101453586900019e-02) (3, -3.88976973816656246274e-01) (4, -1.12742613463199831125e-01) (5, -6.13370341551354933407e-02) (6, -2.21128289819275125616e-03) (7, -8.98772751212631448858e-03) (8, -4.95821667238973806668e-01) (9, -4.77939155914509239409e+00) (10, 1.82302794414045443716e+00) (11, 2.97503522968091349554e-01) (12, -3.96874221022761264344e-01) 
