FANN_FLO_2.1
num_layers=3
learning_rate=0.700000
connection_rate=1.000000
network_type=0
learning_momentum=0.000000
training_algorithm=2
train_error_function=1
train_stop_function=1
cascade_output_change_fraction=0.010000
quickprop_decay=-0.000100
quickprop_mu=1.750000
rprop_increase_factor=1.200000
rprop_decrease_factor=0.500000
rprop_delta_min=0.000000
rprop_delta_max=50.000000
rprop_delta_zero=0.100000
cascade_output_stagnation_epochs=12
cascade_candidate_change_fraction=0.010000
cascade_candidate_stagnation_epochs=12
cascade_max_out_epochs=150
cascade_min_out_epochs=50
cascade_max_cand_epochs=150
cascade_min_cand_epochs=50
cascade_num_candidate_groups=2
bit_fail_limit=1.00000000000000005551e-01
cascade_candidate_limit=1.00000000000000000000e+03
cascade_weight_multiplier=4.00000000000000022204e-01
cascade_activation_functions_count=10
cascade_activation_functions=3 5 7 8 10 11 14 15 16 17 
cascade_activation_steepnesses_count=4
cascade_activation_steepnesses=2.50000000000000000000e-01 5.00000000000000000000e-01 7.50000000000000000000e-01 1.00000000000000000000e+00 
layer_sizes=6 4 2 
scale_included=0
neurons (num_inputs, activation_function, activation_steepness)=(0, 0, 0.00000000000000000000e+00) (0, 0, 0.00000000000000000000e+00) (0, 0, 0.00000000000000000000e+00) (0, 0, 0.00000000000000000000e+00) (0, 0, 0.00000000000000000000e+00) (0, 0, 0.00000000000000000000e+00) (6, 6, 5.00000000000000000000e-01) (6, 6, 5.00000000000000000000e-01) (6, 6, 5.00000000000000000000e-01) (0, 6, 0.00000000000000000000e+00) (4, 4, 5.00000000000000000000e-01) (0, 4, 0.00000000000000000000e+00) 
connections (connected_to_neuron, weight)=(0, 1.75851103849787659961e+00) (1, -1.23550623975745232919e+00) (2, -9.17054259064956855951e-01) (3, 1.02249447451240382811e+00) (4, -6.88875120234145210674e-01) (5, 9.33464873088531432721e-01) (0, -1.01507473590435171040e+00) (1, 1.85903563571395102905e+00) (2, 2.24561547265963579179e+00) (3, -5.42645988020514336014e-01) (4, 1.75676911376777411533e+00) (5, -4.79840844350510997707e-01) (0, -7.94172719872609067515e-01) (1, 8.80079627883269877131e-01) (2, 1.63044887855456899217e+00) (3, -1.67378991729368542529e-01) (4, 7.52881725318188865792e-01) (5, -5.62369839642507599042e-02) (6, -9.90230648353410600748e+01) (7, 3.91674562126630121384e+00) (8, 1.29785080021186671750e+00) (9, -4.89964149373227519924e-01) 
