FANN_FLO_2.1
num_layers=3
learning_rate=0.700000
connection_rate=1.000000
network_type=0
learning_momentum=0.000000
training_algorithm=2
train_error_function=1
train_stop_function=1
cascade_output_change_fraction=0.010000
quickprop_decay=-0.000100
quickprop_mu=1.750000
rprop_increase_factor=1.200000
rprop_decrease_factor=0.500000
rprop_delta_min=0.000000
rprop_delta_max=50.000000
rprop_delta_zero=0.100000
cascade_output_stagnation_epochs=12
cascade_candidate_change_fraction=0.010000
cascade_candidate_stagnation_epochs=12
cascade_max_out_epochs=150
cascade_min_out_epochs=50
cascade_max_cand_epochs=150
cascade_min_cand_epochs=50
cascade_num_candidate_groups=2
bit_fail_limit=1.00000000000000005551e-01
cascade_candidate_limit=1.00000000000000000000e+03
cascade_weight_multiplier=4.00000000000000022204e-01
cascade_activation_functions_count=10
cascade_activation_functions=3 5 7 8 10 11 14 15 16 17 
cascade_activation_steepnesses_count=4
cascade_activation_steepnesses=2.50000000000000000000e-01 5.00000000000000000000e-01 7.50000000000000000000e-01 1.00000000000000000000e+00 
layer_sizes=9 4 2 
scale_included=0
neurons (num_inputs, activation_function, activation_steepness)=(0, 0, 0.00000000000000000000e+00) (0, 0, 0.00000000000000000000e+00) (0, 0, 0.00000000000000000000e+00) (0, 0, 0.00000000000000000000e+00) (0, 0, 0.00000000000000000000e+00) (0, 0, 0.00000000000000000000e+00) (0, 0, 0.00000000000000000000e+00) (0, 0, 0.00000000000000000000e+00) (0, 0, 0.00000000000000000000e+00) (9, 6, 5.00000000000000000000e-01) (9, 6, 5.00000000000000000000e-01) (9, 6, 5.00000000000000000000e-01) (0, 6, 0.00000000000000000000e+00) (4, 4, 5.00000000000000000000e-01) (0, 4, 0.00000000000000000000e+00) 
connections (connected_to_neuron, weight)=(0, 3.42214361393500698938e+00) (1, -3.52644650939198855966e+00) (2, -2.71493160840277392154e+00) (3, -1.09405676703037868513e+00) (4, 4.52139725273608961142e-02) (5, 2.75253035594122286156e-01) (6, 1.73533450240284636834e+00) (7, -4.65840624115706480879e-01) (8, 3.57604570237859986648e+00) (0, 3.34525832349110974206e+00) (1, -3.62310121509524662997e+00) (2, -2.62472241487507540469e+00) (3, -1.00635492484154354109e+00) (4, -1.45716244989872178994e-02) (5, 2.39636548329489079689e-01) (6, 1.63734289832018098387e+00) (7, -1.36044217779741383190e+00) (8, 3.65439641771778367385e+00) (0, -2.60196047460368728999e-01) (1, -7.89089770223471154154e-02) (2, 8.64505958913440508695e+00) (3, 2.09446387642559272990e+00) (4, 5.00852735846332497438e-01) (5, -2.87959528336960868256e-01) (6, -3.73685666430149221462e-01) (7, -2.41553697937934908069e-01) (8, -4.43170311575602215992e-01) (9, -5.40982423138107293425e+00) (10, -5.41649614434923165618e+00) (11, 2.46825004893606614331e+00) (12, -2.36511893130772588023e+00) 
