FANN_FLO_2.1
num_layers=3
learning_rate=0.700000
connection_rate=1.000000
network_type=0
learning_momentum=0.000000
training_algorithm=2
train_error_function=1
train_stop_function=1
cascade_output_change_fraction=0.010000
quickprop_decay=-0.000100
quickprop_mu=1.750000
rprop_increase_factor=1.200000
rprop_decrease_factor=0.500000
rprop_delta_min=0.000000
rprop_delta_max=50.000000
rprop_delta_zero=0.100000
cascade_output_stagnation_epochs=12
cascade_candidate_change_fraction=0.010000
cascade_candidate_stagnation_epochs=12
cascade_max_out_epochs=150
cascade_min_out_epochs=50
cascade_max_cand_epochs=150
cascade_min_cand_epochs=50
cascade_num_candidate_groups=2
bit_fail_limit=1.00000000000000005551e-01
cascade_candidate_limit=1.00000000000000000000e+03
cascade_weight_multiplier=4.00000000000000022204e-01
cascade_activation_functions_count=10
cascade_activation_functions=3 5 7 8 10 11 14 15 16 17 
cascade_activation_steepnesses_count=4
cascade_activation_steepnesses=2.50000000000000000000e-01 5.00000000000000000000e-01 7.50000000000000000000e-01 1.00000000000000000000e+00 
layer_sizes=13 4 2 
scale_included=0
neurons (num_inputs, activation_function, activation_steepness)=(0, 0, 0.00000000000000000000e+00) (0, 0, 0.00000000000000000000e+00) (0, 0, 0.00000000000000000000e+00) (0, 0, 0.00000000000000000000e+00) (0, 0, 0.00000000000000000000e+00) (0, 0, 0.00000000000000000000e+00) (0, 0, 0.00000000000000000000e+00) (0, 0, 0.00000000000000000000e+00) (0, 0, 0.00000000000000000000e+00) (0, 0, 0.00000000000000000000e+00) (0, 0, 0.00000000000000000000e+00) (0, 0, 0.00000000000000000000e+00) (0, 0, 0.00000000000000000000e+00) (13, 6, 5.00000000000000000000e-01) (13, 6, 5.00000000000000000000e-01) (13, 6, 5.00000000000000000000e-01) (0, 6, 0.00000000000000000000e+00) (4, 4, 5.00000000000000000000e-01) (0, 4, 0.00000000000000000000e+00) 
connections (connected_to_neuron, weight)=(0, 1.14253010421579648259e+00) (1, -1.53443794860876625563e+00) (2, -6.04874913034102457132e-01) (3, 4.47589340192058648960e-01) (4, 1.51187100190750589590e+00) (5, 9.29334811344853295445e-01) (6, -3.15164848547356779562e+00) (7, 3.55255974217376824242e+00) (8, -4.87128323738667101672e-01) (9, 2.04044471766862911544e-01) (10, 4.73150573701323629017e-01) (11, 5.41507483033660363958e-01) (12, 8.82126022606539494930e-01) (0, -3.34793129470446704232e-01) (1, 4.58854371278455186456e-01) (2, 1.56980020843975265343e+00) (3, 3.25762824468303124892e-01) (4, -7.69181951432357013942e-01) (5, 4.43263014337268446141e-02) (6, 8.98241846189398285283e-01) (7, -2.26567245912313852685e+00) (8, 1.18042830067388759829e+00) (9, 4.74373041221992919336e-01) (10, 5.20443047611936146501e-02) (11, 1.14760377402199437169e-01) (12, -5.98634555743589938381e-02) (0, -1.40544419683918198061e+00) (1, 2.45268220921975022009e+00) (2, 1.25609401326410430322e+00) (3, -8.91057314611174572372e-02) (4, -2.23366999869524729405e+00) (5, -6.56077752146799086930e-01) (6, 1.29171755310888114465e+00) (7, -6.26991039714942033356e+00) (8, 3.71297999363118969018e-01) (9, -2.17411375062194989205e-01) (10, -3.22102783636776079934e-01) (11, -6.42811393408050602005e-01) (12, -1.05823936049207301124e+00) (13, -4.79599309843312848756e+00) (14, 1.76632613717566377964e+00) (15, 6.54808683133485125438e+00) (16, -6.16524652975383835596e-01) 
