FANN_FLO_2.1
num_layers=3
learning_rate=0.700000
connection_rate=1.000000
network_type=0
learning_momentum=0.000000
training_algorithm=2
train_error_function=1
train_stop_function=1
cascade_output_change_fraction=0.010000
quickprop_decay=-0.000100
quickprop_mu=1.750000
rprop_increase_factor=1.200000
rprop_decrease_factor=0.500000
rprop_delta_min=0.000000
rprop_delta_max=50.000000
rprop_delta_zero=0.100000
cascade_output_stagnation_epochs=12
cascade_candidate_change_fraction=0.010000
cascade_candidate_stagnation_epochs=12
cascade_max_out_epochs=150
cascade_min_out_epochs=50
cascade_max_cand_epochs=150
cascade_min_cand_epochs=50
cascade_num_candidate_groups=2
bit_fail_limit=1.00000000000000005551e-01
cascade_candidate_limit=1.00000000000000000000e+03
cascade_weight_multiplier=4.00000000000000022204e-01
cascade_activation_functions_count=10
cascade_activation_functions=3 5 7 8 10 11 14 15 16 17 
cascade_activation_steepnesses_count=4
cascade_activation_steepnesses=2.50000000000000000000e-01 5.00000000000000000000e-01 7.50000000000000000000e-01 1.00000000000000000000e+00 
layer_sizes=13 4 2 
scale_included=0
neurons (num_inputs, activation_function, activation_steepness)=(0, 0, 0.00000000000000000000e+00) (0, 0, 0.00000000000000000000e+00) (0, 0, 0.00000000000000000000e+00) (0, 0, 0.00000000000000000000e+00) (0, 0, 0.00000000000000000000e+00) (0, 0, 0.00000000000000000000e+00) (0, 0, 0.00000000000000000000e+00) (0, 0, 0.00000000000000000000e+00) (0, 0, 0.00000000000000000000e+00) (0, 0, 0.00000000000000000000e+00) (0, 0, 0.00000000000000000000e+00) (0, 0, 0.00000000000000000000e+00) (0, 0, 0.00000000000000000000e+00) (13, 6, 5.00000000000000000000e-01) (13, 6, 5.00000000000000000000e-01) (13, 6, 5.00000000000000000000e-01) (0, 6, 0.00000000000000000000e+00) (4, 4, 5.00000000000000000000e-01) (0, 4, 0.00000000000000000000e+00) 
connections (connected_to_neuron, weight)=(0, 6.03366802106556399110e+00) (1, -2.58276424448685393287e+00) (2, -3.05728643198231164746e+00) (3, -1.00444005706617001117e+00) (4, 1.66512157709376906745e+00) (5, 6.01719783837851984742e+00) (6, 1.92122190327768938012e+00) (7, 1.45202049504133667845e+00) (8, -2.63783208273876468297e+00) (9, 1.18457411451713867656e+00) (10, 1.16863474501861164256e+00) (11, 1.21589828534616062328e+00) (12, 1.02727381517676641387e+00) (0, 3.60943937047830853970e+00) (1, -1.96490219112704433968e+00) (2, -3.12831629623392526440e+00) (3, -8.82571930971828622070e-01) (4, 1.71643193007485961310e+00) (5, 6.05941191534456713441e+00) (6, 1.27171648208139620451e+00) (7, 1.38137905935856308837e+00) (8, -2.60785750292766849157e+00) (9, 1.56229965983893670511e+00) (10, 1.58720881341960229349e+00) (11, 1.28453181936038562938e+00) (12, 1.01274103303937246245e+00) (0, -1.35826275295202103521e+00) (1, 1.68466194585285666818e+00) (2, 9.75188956910950976997e-01) (3, 4.47869270309241701566e-02) (4, -2.08478132875461408258e-01) (5, -1.14114812929666298302e+00) (6, -5.23321407202682498117e-01) (7, -1.90894969434183692236e+00) (8, 1.30290983380019209648e+00) (9, -9.02363389925331382813e-01) (10, -7.58194320098728669066e-01) (11, -1.36349713088493107449e+00) (12, -3.51276492264205375538e-01) (13, -5.89741876602862635792e+00) (14, -5.93935599059556285084e+00) (15, 2.91432981879644259493e+00) (16, -1.44940873939206493759e+00) 
