FANN_FLO_2.1
num_layers=3
learning_rate=0.700000
connection_rate=1.000000
network_type=0
learning_momentum=0.000000
training_algorithm=2
train_error_function=1
train_stop_function=1
cascade_output_change_fraction=0.010000
quickprop_decay=-0.000100
quickprop_mu=1.750000
rprop_increase_factor=1.200000
rprop_decrease_factor=0.500000
rprop_delta_min=0.000000
rprop_delta_max=50.000000
rprop_delta_zero=0.100000
cascade_output_stagnation_epochs=12
cascade_candidate_change_fraction=0.010000
cascade_candidate_stagnation_epochs=12
cascade_max_out_epochs=150
cascade_min_out_epochs=50
cascade_max_cand_epochs=150
cascade_min_cand_epochs=50
cascade_num_candidate_groups=2
bit_fail_limit=1.00000000000000005551e-01
cascade_candidate_limit=1.00000000000000000000e+03
cascade_weight_multiplier=4.00000000000000022204e-01
cascade_activation_functions_count=10
cascade_activation_functions=3 5 7 8 10 11 14 15 16 17 
cascade_activation_steepnesses_count=4
cascade_activation_steepnesses=2.50000000000000000000e-01 5.00000000000000000000e-01 7.50000000000000000000e-01 1.00000000000000000000e+00 
layer_sizes=12 4 2 
scale_included=0
neurons (num_inputs, activation_function, activation_steepness)=(0, 0, 0.00000000000000000000e+00) (0, 0, 0.00000000000000000000e+00) (0, 0, 0.00000000000000000000e+00) (0, 0, 0.00000000000000000000e+00) (0, 0, 0.00000000000000000000e+00) (0, 0, 0.00000000000000000000e+00) (0, 0, 0.00000000000000000000e+00) (0, 0, 0.00000000000000000000e+00) (0, 0, 0.00000000000000000000e+00) (0, 0, 0.00000000000000000000e+00) (0, 0, 0.00000000000000000000e+00) (0, 0, 0.00000000000000000000e+00) (12, 6, 5.00000000000000000000e-01) (12, 6, 5.00000000000000000000e-01) (12, 6, 5.00000000000000000000e-01) (0, 6, 0.00000000000000000000e+00) (4, 4, 5.00000000000000000000e-01) (0, 4, 0.00000000000000000000e+00) 
connections (connected_to_neuron, weight)=(0, 5.11097123229725558424e-01) (1, 8.94600600364140741139e-02) (2, -2.25621310064328017830e+00) (3, -1.84135763424699163693e+01) (4, 6.44946248354309137341e-01) (5, -6.25023183239186375104e-01) (6, 1.12417754240356071449e+00) (7, 1.44670401666913861494e-01) (8, 3.61114582304844278227e-01) (9, 6.10430097505305635508e-01) (10, -1.37630601048688294696e-01) (11, 4.99949247890932813032e-01) (0, -3.93268543941596959712e+00) (1, 5.71132869564079026503e+00) (2, 8.89824386205569917152e-01) (3, 1.68960742628145799138e+00) (4, 1.30975764060452632975e+01) (5, 1.29167301481182028589e+00) (6, -1.15823198620438416739e+00) (7, 5.72434321762477171802e+00) (8, -3.69751463892670773070e-01) (9, -1.60123628371912518631e+00) (10, -8.82327697553160983368e-01) (11, -1.73729797188664925045e+00) (0, -1.34890582357285793158e+00) (1, 1.66686017170517386532e+00) (2, 7.15095605907729137130e-01) (3, 1.40617766656505760459e+00) (4, 5.72400027553995771612e-01) (5, 1.28858686485468054705e+00) (6, -1.52167982115744004901e+00) (7, 8.16698240597455750456e-03) (8, -6.06985418702677859137e-01) (9, -9.21793667243395065114e-01) (10, 1.20616630464430407699e+00) (11, -9.68935073320587370027e-01) (12, -1.07874212145832726328e+00) (13, 5.09767810596044057547e+00) (14, 3.73550027845941059468e+01) (15, -2.52906797690045470617e+00) 
