FANN_FLO_2.1
num_layers=3
learning_rate=0.700000
connection_rate=1.000000
network_type=0
learning_momentum=0.000000
training_algorithm=2
train_error_function=1
train_stop_function=1
cascade_output_change_fraction=0.010000
quickprop_decay=-0.000100
quickprop_mu=1.750000
rprop_increase_factor=1.200000
rprop_decrease_factor=0.500000
rprop_delta_min=0.000000
rprop_delta_max=50.000000
rprop_delta_zero=0.100000
cascade_output_stagnation_epochs=12
cascade_candidate_change_fraction=0.010000
cascade_candidate_stagnation_epochs=12
cascade_max_out_epochs=150
cascade_min_out_epochs=50
cascade_max_cand_epochs=150
cascade_min_cand_epochs=50
cascade_num_candidate_groups=2
bit_fail_limit=1.00000000000000005551e-01
cascade_candidate_limit=1.00000000000000000000e+03
cascade_weight_multiplier=4.00000000000000022204e-01
cascade_activation_functions_count=10
cascade_activation_functions=3 5 7 8 10 11 14 15 16 17 
cascade_activation_steepnesses_count=4
cascade_activation_steepnesses=2.50000000000000000000e-01 5.00000000000000000000e-01 7.50000000000000000000e-01 1.00000000000000000000e+00 
layer_sizes=17 4 2 
scale_included=0
neurons (num_inputs, activation_function, activation_steepness)=(0, 0, 0.00000000000000000000e+00) (0, 0, 0.00000000000000000000e+00) (0, 0, 0.00000000000000000000e+00) (0, 0, 0.00000000000000000000e+00) (0, 0, 0.00000000000000000000e+00) (0, 0, 0.00000000000000000000e+00) (0, 0, 0.00000000000000000000e+00) (0, 0, 0.00000000000000000000e+00) (0, 0, 0.00000000000000000000e+00) (0, 0, 0.00000000000000000000e+00) (0, 0, 0.00000000000000000000e+00) (0, 0, 0.00000000000000000000e+00) (0, 0, 0.00000000000000000000e+00) (0, 0, 0.00000000000000000000e+00) (0, 0, 0.00000000000000000000e+00) (0, 0, 0.00000000000000000000e+00) (0, 0, 0.00000000000000000000e+00) (17, 6, 5.00000000000000000000e-01) (17, 6, 5.00000000000000000000e-01) (17, 6, 5.00000000000000000000e-01) (0, 6, 0.00000000000000000000e+00) (4, 4, 5.00000000000000000000e-01) (0, 4, 0.00000000000000000000e+00) 
connections (connected_to_neuron, weight)=(0, -2.42861399950476508636e+00) (1, 7.76308355887562395736e+00) (2, 9.21040685358676114447e-03) (3, -4.69886498784183384569e-02) (4, -1.99434059659136797560e-01) (5, 2.28556593078515057904e-01) (6, 3.68172803171877734141e-03) (7, 7.08324667433004803718e-03) (8, 6.48948044807363011444e-01) (9, 3.93073199058414715634e-02) (10, 7.03517553687739827240e-01) (11, 7.01998405665006686149e+00) (12, 2.53449087160966146648e-01) (13, -9.05619805807393457586e-02) (14, -3.05888026391116119029e-01) (15, 7.88461625983149172470e+00) (16, -1.47377515736134157009e+00) (0, -4.85191120576391110575e+00) (1, 1.02887132825834690664e+01) (2, 6.33400540224843133785e+00) (3, 7.41926849404468491400e+00) (4, 4.65610506907837162771e+00) (5, 1.47500405299723507113e+01) (6, 7.48390809217586472357e+00) (7, 2.76041227268062883127e+00) (8, 1.31622385158742840616e+01) (9, 7.39505819002284958685e+00) (10, 1.31381194516624386637e+01) (11, 1.02869461091740070913e+01) (12, 1.47818153190672756381e+01) (13, 7.17837589135032949628e+00) (14, 7.26992005010706243695e+00) (15, 1.07899281626687653102e+01) (16, -1.52169864233496756611e+01) (0, -8.68189690197214680722e+00) (1, 6.87943032165349066531e+00) (2, 1.82887449182990824426e-01) (3, 3.61048461147915000780e-01) (4, 1.04763350707432345565e+00) (5, 7.96787547873024504241e+00) (6, 3.58008557209144706590e-01) (7, 1.59764070756304188414e+00) (8, 1.62904860127147177451e+00) (9, 3.30392458686004752977e-01) (10, 9.98213659895445193371e-01) (11, 9.13844248188959973334e+00) (12, 7.98615314619307081756e+00) (13, -4.66697290904842104764e-02) (14, -2.55464222363811638283e-02) (15, 6.35565703481426602650e+00) (16, -3.00516628063914392754e+00) (17, 1.04186980665450446004e+00) (18, 4.86776536184534158735e+00) (19, 2.55256475480424338542e+00) (20, -1.94308390188855040215e+00) 
