FANN_FLO_2.1
num_layers=3
learning_rate=0.700000
connection_rate=1.000000
network_type=0
learning_momentum=0.000000
training_algorithm=2
train_error_function=1
train_stop_function=1
cascade_output_change_fraction=0.010000
quickprop_decay=-0.000100
quickprop_mu=1.750000
rprop_increase_factor=1.200000
rprop_decrease_factor=0.500000
rprop_delta_min=0.000000
rprop_delta_max=50.000000
rprop_delta_zero=0.100000
cascade_output_stagnation_epochs=12
cascade_candidate_change_fraction=0.010000
cascade_candidate_stagnation_epochs=12
cascade_max_out_epochs=150
cascade_min_out_epochs=50
cascade_max_cand_epochs=150
cascade_min_cand_epochs=50
cascade_num_candidate_groups=2
bit_fail_limit=1.00000000000000005551e-01
cascade_candidate_limit=1.00000000000000000000e+03
cascade_weight_multiplier=4.00000000000000022204e-01
cascade_activation_functions_count=10
cascade_activation_functions=3 5 7 8 10 11 14 15 16 17 
cascade_activation_steepnesses_count=4
cascade_activation_steepnesses=2.50000000000000000000e-01 5.00000000000000000000e-01 7.50000000000000000000e-01 1.00000000000000000000e+00 
layer_sizes=12 4 2 
scale_included=0
neurons (num_inputs, activation_function, activation_steepness)=(0, 0, 0.00000000000000000000e+00) (0, 0, 0.00000000000000000000e+00) (0, 0, 0.00000000000000000000e+00) (0, 0, 0.00000000000000000000e+00) (0, 0, 0.00000000000000000000e+00) (0, 0, 0.00000000000000000000e+00) (0, 0, 0.00000000000000000000e+00) (0, 0, 0.00000000000000000000e+00) (0, 0, 0.00000000000000000000e+00) (0, 0, 0.00000000000000000000e+00) (0, 0, 0.00000000000000000000e+00) (0, 0, 0.00000000000000000000e+00) (12, 6, 5.00000000000000000000e-01) (12, 6, 5.00000000000000000000e-01) (12, 6, 5.00000000000000000000e-01) (0, 6, 0.00000000000000000000e+00) (4, 4, 5.00000000000000000000e-01) (0, 4, 0.00000000000000000000e+00) 
connections (connected_to_neuron, weight)=(0, 4.21642092781092242548e-02) (1, 6.21076145814600244499e-01) (2, -2.09018158229758865829e+00) (3, -9.77624486224792810241e-01) (4, 4.01835332927188218499e-02) (5, 1.07979114006172091655e-01) (6, 9.22724881973795318935e-01) (7, 5.65780699463667380300e-01) (8, -2.24678486317111403281e+00) (9, 6.67291209720012545858e-01) (10, 1.14366331137307167265e-01) (11, 1.02755932542471861701e+00) (0, 9.21234094289875748984e+00) (1, 1.56960854215647604981e+00) (2, -1.13393977271138162166e+01) (3, -1.06207419444335449121e+00) (4, -2.29813487686019363165e-01) (5, 8.93621344258262007010e-01) (6, 6.56364400801902198035e-02) (7, 1.18563569133873025763e+00) (8, -1.25885823847368047979e+01) (9, 4.96969742453507501434e-01) (10, 1.43999081619394897480e+00) (11, 4.66505156797254127987e-01) (0, 9.54067963903592364261e+00) (1, 2.02062264455081186387e-01) (2, 1.87309824443903738533e+00) (3, 3.84604581804694645175e-01) (4, 1.61966500851349302914e-02) (5, 1.13711403416436068747e-01) (6, -2.33085732454116500989e+00) (7, 3.56989364554575305810e-01) (8, 1.69514786179337062499e+00) (9, -3.20091944715173726266e+00) (10, -5.67348095695865750621e-01) (11, -5.70089557947238589897e-01) (12, 1.04247414076552296081e+01) (13, -7.92414313442302642443e+00) (14, -5.63813314179764546452e+00) (15, -3.78067038580041758777e-01) 
