FANN_FLO_2.1
num_layers=3
learning_rate=0.700000
connection_rate=1.000000
network_type=0
learning_momentum=0.000000
training_algorithm=2
train_error_function=1
train_stop_function=1
cascade_output_change_fraction=0.010000
quickprop_decay=-0.000100
quickprop_mu=1.750000
rprop_increase_factor=1.200000
rprop_decrease_factor=0.500000
rprop_delta_min=0.000000
rprop_delta_max=50.000000
rprop_delta_zero=0.100000
cascade_output_stagnation_epochs=12
cascade_candidate_change_fraction=0.010000
cascade_candidate_stagnation_epochs=12
cascade_max_out_epochs=150
cascade_min_out_epochs=50
cascade_max_cand_epochs=150
cascade_min_cand_epochs=50
cascade_num_candidate_groups=2
bit_fail_limit=1.00000000000000005551e-01
cascade_candidate_limit=1.00000000000000000000e+03
cascade_weight_multiplier=4.00000000000000022204e-01
cascade_activation_functions_count=10
cascade_activation_functions=3 5 7 8 10 11 14 15 16 17 
cascade_activation_steepnesses_count=4
cascade_activation_steepnesses=2.50000000000000000000e-01 5.00000000000000000000e-01 7.50000000000000000000e-01 1.00000000000000000000e+00 
layer_sizes=12 4 2 
scale_included=0
neurons (num_inputs, activation_function, activation_steepness)=(0, 0, 0.00000000000000000000e+00) (0, 0, 0.00000000000000000000e+00) (0, 0, 0.00000000000000000000e+00) (0, 0, 0.00000000000000000000e+00) (0, 0, 0.00000000000000000000e+00) (0, 0, 0.00000000000000000000e+00) (0, 0, 0.00000000000000000000e+00) (0, 0, 0.00000000000000000000e+00) (0, 0, 0.00000000000000000000e+00) (0, 0, 0.00000000000000000000e+00) (0, 0, 0.00000000000000000000e+00) (0, 0, 0.00000000000000000000e+00) (12, 6, 5.00000000000000000000e-01) (12, 6, 5.00000000000000000000e-01) (12, 6, 5.00000000000000000000e-01) (0, 6, 0.00000000000000000000e+00) (4, 4, 5.00000000000000000000e-01) (0, 4, 0.00000000000000000000e+00) 
connections (connected_to_neuron, weight)=(0, -1.47593089844413372091e+00) (1, 1.87874903472294962903e+00) (2, 2.86247157674668839533e+00) (3, -1.60873220131468985805e+00) (4, 1.99955850294021963975e-01) (5, -4.22334844725283820033e-01) (6, -1.45284216718092085152e+00) (7, 2.41753608647550510824e+00) (8, 2.64810282781526296070e-01) (9, 1.06565688110015122092e+00) (10, 7.76986872626709179634e-01) (11, -1.52499643619485469870e+00) (0, -1.57915924023218678940e+00) (1, 1.68629535110681261223e+00) (2, 2.33321819111142980674e+00) (3, -1.22785551093745581852e+00) (4, -1.01979921188010233535e-01) (5, -4.78435384588393464167e-01) (6, -1.24033447402603203003e+00) (7, 2.44176463696922230184e+00) (8, 1.08157966330453630954e-01) (9, 2.10730521591498387579e+00) (10, 7.28615006281303601021e-01) (11, -1.57366610597200917709e+00) (0, 2.20187283195277228032e+00) (1, -1.75539432214620405581e+00) (2, -2.87460530443145811930e+00) (3, 1.74653808459971093825e+00) (4, 4.78572902814519751669e-01) (5, 9.09400145224551481604e-01) (6, 1.69309618194776967393e+00) (7, -3.15364521709221667933e+00) (8, -1.30347782571881509739e+00) (9, -1.71569933346930358908e+00) (10, -1.01188061370228754576e+00) (11, 1.86388746068460076089e+00) (12, 5.16621474764443622263e+00) (13, 5.12447227380372272165e+00) (14, -9.54563370749468553811e+00) (15, -1.46851207103322711767e+00) 
