FANN_FLO_2.1
num_layers=3
learning_rate=0.700000
connection_rate=1.000000
network_type=0
learning_momentum=0.000000
training_algorithm=2
train_error_function=1
train_stop_function=1
cascade_output_change_fraction=0.010000
quickprop_decay=-0.000100
quickprop_mu=1.750000
rprop_increase_factor=1.200000
rprop_decrease_factor=0.500000
rprop_delta_min=0.000000
rprop_delta_max=50.000000
rprop_delta_zero=0.100000
cascade_output_stagnation_epochs=12
cascade_candidate_change_fraction=0.010000
cascade_candidate_stagnation_epochs=12
cascade_max_out_epochs=150
cascade_min_out_epochs=50
cascade_max_cand_epochs=150
cascade_min_cand_epochs=50
cascade_num_candidate_groups=2
bit_fail_limit=1.00000000000000005551e-01
cascade_candidate_limit=1.00000000000000000000e+03
cascade_weight_multiplier=4.00000000000000022204e-01
cascade_activation_functions_count=10
cascade_activation_functions=3 5 7 8 10 11 14 15 16 17 
cascade_activation_steepnesses_count=4
cascade_activation_steepnesses=2.50000000000000000000e-01 5.00000000000000000000e-01 7.50000000000000000000e-01 1.00000000000000000000e+00 
layer_sizes=9 4 2 
scale_included=0
neurons (num_inputs, activation_function, activation_steepness)=(0, 0, 0.00000000000000000000e+00) (0, 0, 0.00000000000000000000e+00) (0, 0, 0.00000000000000000000e+00) (0, 0, 0.00000000000000000000e+00) (0, 0, 0.00000000000000000000e+00) (0, 0, 0.00000000000000000000e+00) (0, 0, 0.00000000000000000000e+00) (0, 0, 0.00000000000000000000e+00) (0, 0, 0.00000000000000000000e+00) (9, 6, 5.00000000000000000000e-01) (9, 6, 5.00000000000000000000e-01) (9, 6, 5.00000000000000000000e-01) (0, 6, 0.00000000000000000000e+00) (4, 4, 5.00000000000000000000e-01) (0, 4, 0.00000000000000000000e+00) 
connections (connected_to_neuron, weight)=(0, -2.38724689301777504014e+00) (1, 2.58752272473890254645e+00) (2, 1.40515731828224343936e+00) (3, 1.49137332938187272546e+00) (4, 1.27441907070545784597e-01) (5, 3.26361225204388316623e-01) (6, 1.86689334311657839649e+00) (7, 1.81183901679436543120e+00) (8, -2.54886096087027214097e+00) (0, 5.69921374587129964118e-02) (1, 4.91200589287007938211e-01) (2, 2.43462941934934651300e+00) (3, 1.93486572911234655514e+00) (4, 1.19087034759071279666e+01) (5, 4.19080668290419566802e+00) (6, 2.11193051395551911753e+00) (7, 2.00361546545718383072e+00) (8, -1.08004681499886991125e-02) (0, 7.84129902114606869290e-01) (1, -8.50088260623036551245e-01) (2, -3.72866423339814956339e-01) (3, -3.60350255440662292639e-01) (4, -3.62000584563736682586e-01) (5, -1.18717467283550570656e+00) (6, -8.82130906286071159172e-01) (7, -1.02745231690244267497e+01) (8, 5.44212121080705268916e-01) (9, 1.25018537347733857956e+01) (10, 1.77789858397298816683e+00) (11, -4.81223061571691035354e-01) (12, -2.47035272076559397902e+00) 
