FANN_FLO_2.1
num_layers=3
learning_rate=0.700000
connection_rate=1.000000
network_type=0
learning_momentum=0.000000
training_algorithm=2
train_error_function=1
train_stop_function=1
cascade_output_change_fraction=0.010000
quickprop_decay=-0.000100
quickprop_mu=1.750000
rprop_increase_factor=1.200000
rprop_decrease_factor=0.500000
rprop_delta_min=0.000000
rprop_delta_max=50.000000
rprop_delta_zero=0.100000
cascade_output_stagnation_epochs=12
cascade_candidate_change_fraction=0.010000
cascade_candidate_stagnation_epochs=12
cascade_max_out_epochs=150
cascade_min_out_epochs=50
cascade_max_cand_epochs=150
cascade_min_cand_epochs=50
cascade_num_candidate_groups=2
bit_fail_limit=1.00000000000000005551e-01
cascade_candidate_limit=1.00000000000000000000e+03
cascade_weight_multiplier=4.00000000000000022204e-01
cascade_activation_functions_count=10
cascade_activation_functions=3 5 7 8 10 11 14 15 16 17 
cascade_activation_steepnesses_count=4
cascade_activation_steepnesses=2.50000000000000000000e-01 5.00000000000000000000e-01 7.50000000000000000000e-01 1.00000000000000000000e+00 
layer_sizes=8 4 2 
scale_included=0
neurons (num_inputs, activation_function, activation_steepness)=(0, 0, 0.00000000000000000000e+00) (0, 0, 0.00000000000000000000e+00) (0, 0, 0.00000000000000000000e+00) (0, 0, 0.00000000000000000000e+00) (0, 0, 0.00000000000000000000e+00) (0, 0, 0.00000000000000000000e+00) (0, 0, 0.00000000000000000000e+00) (0, 0, 0.00000000000000000000e+00) (8, 6, 5.00000000000000000000e-01) (8, 6, 5.00000000000000000000e-01) (8, 6, 5.00000000000000000000e-01) (0, 6, 0.00000000000000000000e+00) (4, 4, 5.00000000000000000000e-01) (0, 4, 0.00000000000000000000e+00) 
connections (connected_to_neuron, weight)=(0, 1.67313474798424932644e+00) (1, -3.33653367496613451060e-01) (2, -7.19937554500704202098e+00) (3, -3.29924105614585849722e-01) (4, 1.75770588320334264498e-01) (5, -3.27878720499161668833e-01) (6, -3.34782837838096591909e-01) (7, 1.56392703587039205715e+00) (0, -5.16210094724965262714e-01) (1, 4.50382635065568637245e-01) (2, 3.01240494648678147627e+00) (3, 6.93819467233660835959e-01) (4, 3.15840379283668926114e-01) (5, 3.31039845197406146227e-01) (6, 6.92361478017810005881e-01) (7, -3.73179168139767813983e-01) (0, 1.59136074418051931545e+00) (1, -3.55766452289704271372e-01) (2, -7.04253630093937310619e+00) (3, -3.38390572875900241812e-01) (4, 1.31743937831957647067e-01) (5, -4.38786491192463823374e-01) (6, -3.24090301007194492300e-01) (7, 1.59338485831244680568e+00) (8, -3.40754098122937953974e+00) (9, 2.85603020529014894890e+00) (10, -3.45502002587540424372e+00) (11, -1.66345836026412108311e+00) 
