FANN_FLO_2.1
num_layers=3
learning_rate=0.700000
connection_rate=1.000000
network_type=0
learning_momentum=0.000000
training_algorithm=2
train_error_function=1
train_stop_function=1
cascade_output_change_fraction=0.010000
quickprop_decay=-0.000100
quickprop_mu=1.750000
rprop_increase_factor=1.200000
rprop_decrease_factor=0.500000
rprop_delta_min=0.000000
rprop_delta_max=50.000000
rprop_delta_zero=0.100000
cascade_output_stagnation_epochs=12
cascade_candidate_change_fraction=0.010000
cascade_candidate_stagnation_epochs=12
cascade_max_out_epochs=150
cascade_min_out_epochs=50
cascade_max_cand_epochs=150
cascade_min_cand_epochs=50
cascade_num_candidate_groups=2
bit_fail_limit=1.00000000000000005551e-01
cascade_candidate_limit=1.00000000000000000000e+03
cascade_weight_multiplier=4.00000000000000022204e-01
cascade_activation_functions_count=10
cascade_activation_functions=3 5 7 8 10 11 14 15 16 17 
cascade_activation_steepnesses_count=4
cascade_activation_steepnesses=2.50000000000000000000e-01 5.00000000000000000000e-01 7.50000000000000000000e-01 1.00000000000000000000e+00 
layer_sizes=9 4 2 
scale_included=0
neurons (num_inputs, activation_function, activation_steepness)=(0, 0, 0.00000000000000000000e+00) (0, 0, 0.00000000000000000000e+00) (0, 0, 0.00000000000000000000e+00) (0, 0, 0.00000000000000000000e+00) (0, 0, 0.00000000000000000000e+00) (0, 0, 0.00000000000000000000e+00) (0, 0, 0.00000000000000000000e+00) (0, 0, 0.00000000000000000000e+00) (0, 0, 0.00000000000000000000e+00) (9, 6, 5.00000000000000000000e-01) (9, 6, 5.00000000000000000000e-01) (9, 6, 5.00000000000000000000e-01) (0, 6, 0.00000000000000000000e+00) (4, 4, 5.00000000000000000000e-01) (0, 4, 0.00000000000000000000e+00) 
connections (connected_to_neuron, weight)=(0, 1.61491897333003131543e+00) (1, -4.72497575201713981841e+00) (2, -2.73818994802404569455e-01) (3, 9.76259131813819180934e-01) (4, 1.40237717553217317024e-01) (5, -2.28849587597061143729e-02) (6, 1.48861353847719279919e+00) (7, 9.51205943609053861110e-01) (8, 1.59915688264704791699e+00) (0, -6.00907078162664309851e-01) (1, 2.13488112556221132365e+00) (2, 4.20452301794105864907e-01) (3, -3.81033537894813034708e-01) (4, 2.32610297156386147677e-01) (5, 2.50107330037169228731e-01) (6, -2.85039940834371119394e-01) (7, -2.42072293520299464120e-01) (8, -2.47379967928258448495e-01) (0, 1.53791866082287875805e+00) (1, -4.75742063142979088042e+00) (2, -3.83077925932575391599e-01) (3, 1.04483643629627920291e+00) (4, 8.31475841246437086252e-02) (5, 6.61569672070335401681e-02) (6, 1.52339905131198016797e+00) (7, 1.00303131549930646393e+00) (8, 1.58439647782183734570e+00) (9, -2.59547052569325487070e+00) (10, 1.90119148599388232412e+00) (11, -2.53218690342839281016e+00) (12, -9.85316169418423148940e-01) 
