FANN_FLO_2.1
num_layers=3
learning_rate=0.700000
connection_rate=1.000000
network_type=0
learning_momentum=0.000000
training_algorithm=2
train_error_function=1
train_stop_function=1
cascade_output_change_fraction=0.010000
quickprop_decay=-0.000100
quickprop_mu=1.750000
rprop_increase_factor=1.200000
rprop_decrease_factor=0.500000
rprop_delta_min=0.000000
rprop_delta_max=50.000000
rprop_delta_zero=0.100000
cascade_output_stagnation_epochs=12
cascade_candidate_change_fraction=0.010000
cascade_candidate_stagnation_epochs=12
cascade_max_out_epochs=150
cascade_min_out_epochs=50
cascade_max_cand_epochs=150
cascade_min_cand_epochs=50
cascade_num_candidate_groups=2
bit_fail_limit=1.00000000000000005551e-01
cascade_candidate_limit=1.00000000000000000000e+03
cascade_weight_multiplier=4.00000000000000022204e-01
cascade_activation_functions_count=10
cascade_activation_functions=3 5 7 8 10 11 14 15 16 17 
cascade_activation_steepnesses_count=4
cascade_activation_steepnesses=2.50000000000000000000e-01 5.00000000000000000000e-01 7.50000000000000000000e-01 1.00000000000000000000e+00 
layer_sizes=14 4 2 
scale_included=0
neurons (num_inputs, activation_function, activation_steepness)=(0, 0, 0.00000000000000000000e+00) (0, 0, 0.00000000000000000000e+00) (0, 0, 0.00000000000000000000e+00) (0, 0, 0.00000000000000000000e+00) (0, 0, 0.00000000000000000000e+00) (0, 0, 0.00000000000000000000e+00) (0, 0, 0.00000000000000000000e+00) (0, 0, 0.00000000000000000000e+00) (0, 0, 0.00000000000000000000e+00) (0, 0, 0.00000000000000000000e+00) (0, 0, 0.00000000000000000000e+00) (0, 0, 0.00000000000000000000e+00) (0, 0, 0.00000000000000000000e+00) (0, 0, 0.00000000000000000000e+00) (14, 6, 5.00000000000000000000e-01) (14, 6, 5.00000000000000000000e-01) (14, 6, 5.00000000000000000000e-01) (0, 6, 0.00000000000000000000e+00) (4, 4, 5.00000000000000000000e-01) (0, 4, 0.00000000000000000000e+00) 
connections (connected_to_neuron, weight)=(0, 3.76793144629899634523e+00) (1, -1.30257193468785592572e+00) (2, -3.35095478762936382910e-01) (3, -1.31428914674038344046e+00) (4, -8.25648397250250520862e-01) (5, 5.68471399928286991177e-01) (6, -8.59981066728696674772e-01) (7, 4.91369236641453210890e-01) (8, 2.71504298339567795573e-01) (9, -3.43724470451020891471e-01) (10, 2.75142133171759661892e+00) (11, -2.85261805966043391347e-01) (12, 8.11169575010484977806e-02) (13, 6.23073894372447312229e-01) (0, 1.22861890762519987419e+01) (1, -3.85408065221429119163e-01) (2, -9.87386213275504243114e-01) (3, -1.98688816479507401880e+00) (4, -3.95475727945767685512e-01) (5, 3.76909040295813779764e+00) (6, -5.27639769467645614043e+00) (7, 9.85423278043314887498e+00) (8, 8.64179859750177192801e-01) (9, -9.46188768348162456689e-01) (10, 7.35431422173059878844e+00) (11, -9.43362919589941784082e-01) (12, -1.47535382250624191869e+01) (13, 8.49688306381482050256e+00) (0, -6.98520406981667285606e+00) (1, 2.92337316392636514806e+00) (2, 8.57525336338534560632e-01) (3, 2.32336611470986431627e+00) (4, 1.73370685435197025015e+00) (5, -6.73228056004783637079e-01) (6, 4.13974870364798253064e+00) (7, -4.06381414759166759154e+00) (8, -1.46848512791466467853e+00) (9, 2.77325015791313056468e+00) (10, -2.14166769489344455124e+00) (11, 2.79631091137598764007e+00) (12, 9.84771104800840180182e-01) (13, -2.85111053557941485082e+00) (14, -4.05120441898000116510e+00) (15, -9.52638341613334382885e-01) (16, 1.42430451537769133807e+01) (17, -1.03142081064752910713e+00) 
