FANN_FLO_2.1
num_layers=3
learning_rate=0.700000
connection_rate=1.000000
network_type=0
learning_momentum=0.000000
training_algorithm=2
train_error_function=1
train_stop_function=1
cascade_output_change_fraction=0.010000
quickprop_decay=-0.000100
quickprop_mu=1.750000
rprop_increase_factor=1.200000
rprop_decrease_factor=0.500000
rprop_delta_min=0.000000
rprop_delta_max=50.000000
rprop_delta_zero=0.100000
cascade_output_stagnation_epochs=12
cascade_candidate_change_fraction=0.010000
cascade_candidate_stagnation_epochs=12
cascade_max_out_epochs=150
cascade_min_out_epochs=50
cascade_max_cand_epochs=150
cascade_min_cand_epochs=50
cascade_num_candidate_groups=2
bit_fail_limit=1.00000000000000005551e-01
cascade_candidate_limit=1.00000000000000000000e+03
cascade_weight_multiplier=4.00000000000000022204e-01
cascade_activation_functions_count=10
cascade_activation_functions=3 5 7 8 10 11 14 15 16 17 
cascade_activation_steepnesses_count=4
cascade_activation_steepnesses=2.50000000000000000000e-01 5.00000000000000000000e-01 7.50000000000000000000e-01 1.00000000000000000000e+00 
layer_sizes=15 4 2 
scale_included=0
neurons (num_inputs, activation_function, activation_steepness)=(0, 0, 0.00000000000000000000e+00) (0, 0, 0.00000000000000000000e+00) (0, 0, 0.00000000000000000000e+00) (0, 0, 0.00000000000000000000e+00) (0, 0, 0.00000000000000000000e+00) (0, 0, 0.00000000000000000000e+00) (0, 0, 0.00000000000000000000e+00) (0, 0, 0.00000000000000000000e+00) (0, 0, 0.00000000000000000000e+00) (0, 0, 0.00000000000000000000e+00) (0, 0, 0.00000000000000000000e+00) (0, 0, 0.00000000000000000000e+00) (0, 0, 0.00000000000000000000e+00) (0, 0, 0.00000000000000000000e+00) (0, 0, 0.00000000000000000000e+00) (15, 6, 5.00000000000000000000e-01) (15, 6, 5.00000000000000000000e-01) (15, 6, 5.00000000000000000000e-01) (0, 6, 0.00000000000000000000e+00) (4, 4, 5.00000000000000000000e-01) (0, 4, 0.00000000000000000000e+00) 
connections (connected_to_neuron, weight)=(0, -4.48702690888156396909e+00) (1, 1.48357532289566540484e+00) (2, 3.20933681513266677587e-01) (3, 2.46734512709174502731e+00) (4, 2.19744354072485625906e+00) (5, 2.92080726381209787590e+00) (6, 1.99215651278919519962e-01) (7, 1.50000000000000000000e+03) (8, -9.74644074712763264223e-01) (9, -3.01023827973982194273e-01) (10, -8.01206479040573738004e-02) (11, -1.04330194989790903115e+00) (12, 7.91568315701901448200e-01) (13, 1.89735326672787085744e-01) (14, -1.74834023382844927497e+00) (0, -3.12665702813210666378e+00) (1, 5.60419527550144902506e-01) (2, -3.84861293210064969728e+00) (3, 6.13290807116903646801e+00) (4, 4.06528073310088977621e+00) (5, 5.08971999497582938687e+00) (6, 3.65936688682524602356e-01) (7, 1.50000000000000000000e+03) (8, 1.28885133119865997742e+01) (9, 5.57722594276306993244e-01) (10, 4.39724679918237382203e-01) (11, 1.28170577662631615112e+01) (12, -2.09048721355786959464e+00) (13, -2.22520236773775881289e+00) (14, -8.83028964142421157746e-01) (0, 4.40816897371504889946e+00) (1, -2.98971943958957986354e+00) (2, -3.45317879448578834989e-01) (3, -5.32682332214456266684e+00) (4, -1.77163494654935016470e+00) (5, -6.57420653879046223977e+00) (6, 8.82558336761754325117e-01) (7, 2.15201278712005148464e+01) (8, -1.63400338366795072620e-01) (9, 1.67293419958898070821e-01) (10, -5.30086820535264013898e+00) (11, -2.70080592350301740279e-01) (12, -3.62458871387303460665e+00) (13, 1.92230233307765630002e+00) (14, 1.99882313068805173017e+00) (15, 4.47581220312286376384e+00) (16, 5.05984457598551706781e+00) (17, -5.38082438515126160183e+00) (18, -1.36107974730349456927e+00) 
