FANN_FLO_2.1
num_layers=3
learning_rate=0.700000
connection_rate=1.000000
network_type=0
learning_momentum=0.000000
training_algorithm=2
train_error_function=1
train_stop_function=1
cascade_output_change_fraction=0.010000
quickprop_decay=-0.000100
quickprop_mu=1.750000
rprop_increase_factor=1.200000
rprop_decrease_factor=0.500000
rprop_delta_min=0.000000
rprop_delta_max=50.000000
rprop_delta_zero=0.100000
cascade_output_stagnation_epochs=12
cascade_candidate_change_fraction=0.010000
cascade_candidate_stagnation_epochs=12
cascade_max_out_epochs=150
cascade_min_out_epochs=50
cascade_max_cand_epochs=150
cascade_min_cand_epochs=50
cascade_num_candidate_groups=2
bit_fail_limit=1.00000000000000005551e-01
cascade_candidate_limit=1.00000000000000000000e+03
cascade_weight_multiplier=4.00000000000000022204e-01
cascade_activation_functions_count=10
cascade_activation_functions=3 5 7 8 10 11 14 15 16 17 
cascade_activation_steepnesses_count=4
cascade_activation_steepnesses=2.50000000000000000000e-01 5.00000000000000000000e-01 7.50000000000000000000e-01 1.00000000000000000000e+00 
layer_sizes=11 4 2 
scale_included=0
neurons (num_inputs, activation_function, activation_steepness)=(0, 0, 0.00000000000000000000e+00) (0, 0, 0.00000000000000000000e+00) (0, 0, 0.00000000000000000000e+00) (0, 0, 0.00000000000000000000e+00) (0, 0, 0.00000000000000000000e+00) (0, 0, 0.00000000000000000000e+00) (0, 0, 0.00000000000000000000e+00) (0, 0, 0.00000000000000000000e+00) (0, 0, 0.00000000000000000000e+00) (0, 0, 0.00000000000000000000e+00) (0, 0, 0.00000000000000000000e+00) (11, 6, 5.00000000000000000000e-01) (11, 6, 5.00000000000000000000e-01) (11, 6, 5.00000000000000000000e-01) (0, 6, 0.00000000000000000000e+00) (4, 4, 5.00000000000000000000e-01) (0, 4, 0.00000000000000000000e+00) 
connections (connected_to_neuron, weight)=(0, 1.97700896750096921650e+00) (1, -9.53333480467073002274e+00) (2, 4.45222133452584989399e-01) (3, 2.25369142495856406017e-01) (4, 6.65904759462322970442e-01) (5, 1.89974876052403174320e+00) (6, 5.98500958676781436019e-01) (7, 8.34115185254087565525e-01) (8, 1.82600624045991621891e+00) (9, 1.81446471369528494755e+00) (10, 1.58862764538137679615e+00) (0, 6.00043837444358518773e-01) (1, -3.78819928936721739277e+00) (2, -6.12625734326093907001e-01) (3, -5.84310959943979746356e-01) (4, -2.16702286284968237418e-01) (5, 4.22184865727930458412e-01) (6, -2.01859657071183029586e-01) (7, -2.59781293089017761844e-01) (8, 4.53566472783594520912e-01) (9, 2.94860128336817517436e-01) (10, 4.38821070934314216849e-01) (0, -9.28987013060143862475e-01) (1, 4.22183173477651774164e+00) (2, 2.21808587199749940311e+00) (3, 2.67851423911805985867e+00) (4, 3.68017020086769119924e-01) (5, -3.37857259114289820712e-01) (6, 4.08020240919278021074e-01) (7, 4.30279348537722206025e-01) (8, -4.36031451125646174471e-01) (9, -3.02650114198232123019e-01) (10, -3.46812298198247492831e-01) (11, -4.29136167837363302624e+00) (12, -2.49725297756887076872e+00) (13, 1.03628409077063676769e+00) (14, -2.62853268038819809505e+00) 
