FANN_FLO_2.1
num_layers=3
learning_rate=0.700000
connection_rate=1.000000
network_type=0
learning_momentum=0.000000
training_algorithm=2
train_error_function=1
train_stop_function=1
cascade_output_change_fraction=0.010000
quickprop_decay=-0.000100
quickprop_mu=1.750000
rprop_increase_factor=1.200000
rprop_decrease_factor=0.500000
rprop_delta_min=0.000000
rprop_delta_max=50.000000
rprop_delta_zero=0.100000
cascade_output_stagnation_epochs=12
cascade_candidate_change_fraction=0.010000
cascade_candidate_stagnation_epochs=12
cascade_max_out_epochs=150
cascade_min_out_epochs=50
cascade_max_cand_epochs=150
cascade_min_cand_epochs=50
cascade_num_candidate_groups=2
bit_fail_limit=1.00000000000000005551e-01
cascade_candidate_limit=1.00000000000000000000e+03
cascade_weight_multiplier=4.00000000000000022204e-01
cascade_activation_functions_count=10
cascade_activation_functions=3 5 7 8 10 11 14 15 16 17 
cascade_activation_steepnesses_count=4
cascade_activation_steepnesses=2.50000000000000000000e-01 5.00000000000000000000e-01 7.50000000000000000000e-01 1.00000000000000000000e+00 
layer_sizes=13 4 2 
scale_included=0
neurons (num_inputs, activation_function, activation_steepness)=(0, 0, 0.00000000000000000000e+00) (0, 0, 0.00000000000000000000e+00) (0, 0, 0.00000000000000000000e+00) (0, 0, 0.00000000000000000000e+00) (0, 0, 0.00000000000000000000e+00) (0, 0, 0.00000000000000000000e+00) (0, 0, 0.00000000000000000000e+00) (0, 0, 0.00000000000000000000e+00) (0, 0, 0.00000000000000000000e+00) (0, 0, 0.00000000000000000000e+00) (0, 0, 0.00000000000000000000e+00) (0, 0, 0.00000000000000000000e+00) (0, 0, 0.00000000000000000000e+00) (13, 6, 5.00000000000000000000e-01) (13, 6, 5.00000000000000000000e-01) (13, 6, 5.00000000000000000000e-01) (0, 6, 0.00000000000000000000e+00) (4, 4, 5.00000000000000000000e-01) (0, 4, 0.00000000000000000000e+00) 
connections (connected_to_neuron, weight)=(0, -1.15461919231782816908e+00) (1, 1.17287302654634895127e+00) (2, 1.71779238714028070767e+00) (3, 2.27718441806599303234e+00) (4, -3.18461156093320107985e+00) (5, -2.05759805454815564163e-01) (6, 1.33031477361320171759e+00) (7, 1.96553964442820916503e+00) (8, 1.39779562710297589057e+00) (9, 1.32773720145378892887e+00) (10, 1.90141364845917787418e-01) (11, -3.10998614862285815974e+00) (12, -1.28176285101543330214e+00) (0, 5.18117146378579285226e+00) (1, -3.66712405216183867651e+00) (2, -2.76768459736282501638e+00) (3, -3.53031535050610445481e+00) (4, 3.89677128320928867211e+00) (5, -1.23835934469167385785e+00) (6, -3.04102575116912410280e+00) (7, -3.09848760056444305633e+00) (8, -3.14898145389682637685e+00) (9, -2.66599656944068774678e+00) (10, 5.00811565860773688641e-02) (11, 2.10147873254248496178e-01) (12, 3.96977064753618069659e+00) (0, 5.21673605775656845651e+00) (1, -3.69807150643553939062e+00) (2, -2.74934931456024322927e+00) (3, -3.45480442396143816453e+00) (4, 3.84849650537964160790e+00) (5, -1.23548270532552395551e+00) (6, -3.20403068595687434694e+00) (7, -3.16021690505691665862e+00) (8, -2.83026273855412613401e+00) (9, -2.73571646516116961934e+00) (10, 8.48565403565432196942e-02) (11, -1.35627237945786083273e+00) (12, 3.99510907376851864825e+00) (13, 3.56621583195023550417e+00) (14, -4.83312625196904566138e+00) (15, -4.88737729323238756507e+00) (16, -1.11621503186243575811e+00) 
