FANN_FLO_2.1
num_layers=3
learning_rate=0.700000
connection_rate=1.000000
network_type=0
learning_momentum=0.000000
training_algorithm=2
train_error_function=1
train_stop_function=1
cascade_output_change_fraction=0.010000
quickprop_decay=-0.000100
quickprop_mu=1.750000
rprop_increase_factor=1.200000
rprop_decrease_factor=0.500000
rprop_delta_min=0.000000
rprop_delta_max=50.000000
rprop_delta_zero=0.100000
cascade_output_stagnation_epochs=12
cascade_candidate_change_fraction=0.010000
cascade_candidate_stagnation_epochs=12
cascade_max_out_epochs=150
cascade_min_out_epochs=50
cascade_max_cand_epochs=150
cascade_min_cand_epochs=50
cascade_num_candidate_groups=2
bit_fail_limit=1.00000000000000005551e-01
cascade_candidate_limit=1.00000000000000000000e+03
cascade_weight_multiplier=4.00000000000000022204e-01
cascade_activation_functions_count=10
cascade_activation_functions=3 5 7 8 10 11 14 15 16 17 
cascade_activation_steepnesses_count=4
cascade_activation_steepnesses=2.50000000000000000000e-01 5.00000000000000000000e-01 7.50000000000000000000e-01 1.00000000000000000000e+00 
layer_sizes=14 4 2 
scale_included=0
neurons (num_inputs, activation_function, activation_steepness)=(0, 0, 0.00000000000000000000e+00) (0, 0, 0.00000000000000000000e+00) (0, 0, 0.00000000000000000000e+00) (0, 0, 0.00000000000000000000e+00) (0, 0, 0.00000000000000000000e+00) (0, 0, 0.00000000000000000000e+00) (0, 0, 0.00000000000000000000e+00) (0, 0, 0.00000000000000000000e+00) (0, 0, 0.00000000000000000000e+00) (0, 0, 0.00000000000000000000e+00) (0, 0, 0.00000000000000000000e+00) (0, 0, 0.00000000000000000000e+00) (0, 0, 0.00000000000000000000e+00) (0, 0, 0.00000000000000000000e+00) (14, 6, 5.00000000000000000000e-01) (14, 6, 5.00000000000000000000e-01) (14, 6, 5.00000000000000000000e-01) (0, 6, 0.00000000000000000000e+00) (4, 4, 5.00000000000000000000e-01) (0, 4, 0.00000000000000000000e+00) 
connections (connected_to_neuron, weight)=(0, -2.48256768572323105460e+00) (1, 2.08618809238150992869e+00) (2, 5.07091804183427807828e-01) (3, 4.41477542239453180084e-01) (4, 4.91577161231549708553e-01) (5, -1.47799184131116279062e+00) (6, -1.73055276838790805805e+00) (7, 7.72147612511228209620e-01) (8, 5.40124900472422120323e-01) (9, 5.19581569507199914071e-01) (10, 1.01087730273042386564e+00) (11, 1.02368505194221204313e+00) (12, 1.03616241633330052885e+00) (13, -8.27439073445667139239e-01) (0, -3.40774755321463285185e+00) (1, 1.65913004128954466587e+00) (2, 3.27405334945636283805e+00) (3, -6.34869572465725229282e-02) (4, 1.07587890264134539153e-01) (5, -1.67508419363858340745e+00) (6, -2.13739982974150022343e+00) (7, 2.82516415890697381030e+00) (8, 5.15980795404465397702e-01) (9, 2.36915554205700029655e+00) (10, 6.05051834267185117966e-01) (11, 6.09607402366207029587e-01) (12, 6.35487664621875669724e-01) (13, -1.05248775773247316145e+00) (0, -8.38136388211167115969e+00) (1, 4.35221349704071513997e+00) (2, 6.66837830616528748351e+00) (3, 1.47494053681944209400e-01) (4, -6.53590229313735449068e-01) (5, -1.77807818528810179792e+00) (6, -4.31976986560565823225e+00) (7, 4.64168940415794217813e+00) (8, 3.11889375991495887419e+00) (9, 4.62326123023132140588e+00) (10, 3.22480001759429646402e-01) (11, 2.98721016657252980142e-01) (12, 1.51544999835866089910e+00) (13, -4.32673615996573790454e+00) (14, 1.44465523121267525042e+00) (15, 6.16750454883022825037e-01) (16, 1.25761125602732377615e+01) (17, -1.64549188620307162978e+00) 
