FANN_FLO_2.1
num_layers=3
learning_rate=0.700000
connection_rate=1.000000
network_type=0
learning_momentum=0.000000
training_algorithm=2
train_error_function=1
train_stop_function=1
cascade_output_change_fraction=0.010000
quickprop_decay=-0.000100
quickprop_mu=1.750000
rprop_increase_factor=1.200000
rprop_decrease_factor=0.500000
rprop_delta_min=0.000000
rprop_delta_max=50.000000
rprop_delta_zero=0.100000
cascade_output_stagnation_epochs=12
cascade_candidate_change_fraction=0.010000
cascade_candidate_stagnation_epochs=12
cascade_max_out_epochs=150
cascade_min_out_epochs=50
cascade_max_cand_epochs=150
cascade_min_cand_epochs=50
cascade_num_candidate_groups=2
bit_fail_limit=1.00000000000000005551e-01
cascade_candidate_limit=1.00000000000000000000e+03
cascade_weight_multiplier=4.00000000000000022204e-01
cascade_activation_functions_count=10
cascade_activation_functions=3 5 7 8 10 11 14 15 16 17 
cascade_activation_steepnesses_count=4
cascade_activation_steepnesses=2.50000000000000000000e-01 5.00000000000000000000e-01 7.50000000000000000000e-01 1.00000000000000000000e+00 
layer_sizes=14 4 2 
scale_included=0
neurons (num_inputs, activation_function, activation_steepness)=(0, 0, 0.00000000000000000000e+00) (0, 0, 0.00000000000000000000e+00) (0, 0, 0.00000000000000000000e+00) (0, 0, 0.00000000000000000000e+00) (0, 0, 0.00000000000000000000e+00) (0, 0, 0.00000000000000000000e+00) (0, 0, 0.00000000000000000000e+00) (0, 0, 0.00000000000000000000e+00) (0, 0, 0.00000000000000000000e+00) (0, 0, 0.00000000000000000000e+00) (0, 0, 0.00000000000000000000e+00) (0, 0, 0.00000000000000000000e+00) (0, 0, 0.00000000000000000000e+00) (0, 0, 0.00000000000000000000e+00) (14, 6, 5.00000000000000000000e-01) (14, 6, 5.00000000000000000000e-01) (14, 6, 5.00000000000000000000e-01) (0, 6, 0.00000000000000000000e+00) (4, 4, 5.00000000000000000000e-01) (0, 4, 0.00000000000000000000e+00) 
connections (connected_to_neuron, weight)=(0, -3.93804188442536995396e+00) (1, 2.63450202033379721200e+00) (2, 2.66939385288747610403e+00) (3, 5.20285208057418513405e-01) (4, 1.01193290972963301222e+00) (5, 3.41405220285340549324e+00) (6, 1.00342423378862743988e+00) (7, -1.89103100915664068538e+00) (8, -2.78479209345434508549e+00) (9, 1.52735666181906193373e+00) (10, 1.42655828147803909189e+00) (11, 9.51483877110536502286e-01) (12, 9.07704552370365069791e-01) (13, -2.65816183339340517122e+00) (0, -1.05648468064877640304e-01) (1, 3.62273884131245393903e-01) (2, 6.90269986293179149683e-01) (3, 1.90888711791165149867e-01) (4, 1.59614939503525926634e-01) (5, 9.44818012186523947804e-01) (6, 2.87934597576498529925e-01) (7, -3.70793644211903916652e-01) (8, -3.81821624204193521557e-01) (9, 7.33134320635010050538e-01) (10, 7.88086470297571922705e-02) (11, -3.31986657464538887502e-03) (12, 1.39131129552525295567e-01) (13, 7.45697584443410360633e-02) (0, -3.87087551129171059117e+00) (1, 2.73414801493743109262e+00) (2, 2.55226152443679632498e+00) (3, 3.89302727114215429971e-01) (4, 9.32235837223682195507e-01) (5, 3.36124689460083247994e+00) (6, 1.05297244432644188095e+00) (7, -1.76147168596499792415e+00) (8, -2.67405722838495574223e+00) (9, 1.55043566223247974989e+00) (10, 1.49161171465789443857e+00) (11, 8.67677682745511935636e-01) (12, 9.07836893308217929288e-01) (13, -2.75629854898435899813e+00) (14, 4.59920909635515773317e+00) (15, 7.23087442286206444342e-02) (16, 8.71815260882876508219e+00) (17, -8.51267139449599974377e-01) 
