FANN_FLO_2.1
num_layers=3
learning_rate=0.700000
connection_rate=1.000000
network_type=0
learning_momentum=0.000000
training_algorithm=2
train_error_function=1
train_stop_function=1
cascade_output_change_fraction=0.010000
quickprop_decay=-0.000100
quickprop_mu=1.750000
rprop_increase_factor=1.200000
rprop_decrease_factor=0.500000
rprop_delta_min=0.000000
rprop_delta_max=50.000000
rprop_delta_zero=0.100000
cascade_output_stagnation_epochs=12
cascade_candidate_change_fraction=0.010000
cascade_candidate_stagnation_epochs=12
cascade_max_out_epochs=150
cascade_min_out_epochs=50
cascade_max_cand_epochs=150
cascade_min_cand_epochs=50
cascade_num_candidate_groups=2
bit_fail_limit=1.00000000000000005551e-01
cascade_candidate_limit=1.00000000000000000000e+03
cascade_weight_multiplier=4.00000000000000022204e-01
cascade_activation_functions_count=10
cascade_activation_functions=3 5 7 8 10 11 14 15 16 17 
cascade_activation_steepnesses_count=4
cascade_activation_steepnesses=2.50000000000000000000e-01 5.00000000000000000000e-01 7.50000000000000000000e-01 1.00000000000000000000e+00 
layer_sizes=10 4 2 
scale_included=0
neurons (num_inputs, activation_function, activation_steepness)=(0, 0, 0.00000000000000000000e+00) (0, 0, 0.00000000000000000000e+00) (0, 0, 0.00000000000000000000e+00) (0, 0, 0.00000000000000000000e+00) (0, 0, 0.00000000000000000000e+00) (0, 0, 0.00000000000000000000e+00) (0, 0, 0.00000000000000000000e+00) (0, 0, 0.00000000000000000000e+00) (0, 0, 0.00000000000000000000e+00) (0, 0, 0.00000000000000000000e+00) (10, 6, 5.00000000000000000000e-01) (10, 6, 5.00000000000000000000e-01) (10, 6, 5.00000000000000000000e-01) (0, 6, 0.00000000000000000000e+00) (4, 4, 5.00000000000000000000e-01) (0, 4, 0.00000000000000000000e+00) 
connections (connected_to_neuron, weight)=(0, 5.74766451754866825041e+00) (1, -3.62125845965926185244e+00) (2, -5.93893876090475636431e+00) (3, 2.83287225092318672992e+00) (4, -3.50325372293481329677e+00) (5, -3.46390908143320652712e+00) (6, -4.90155017222114075537e+00) (7, -2.69791161448445837578e+00) (8, 2.05951361447022307516e-01) (9, 5.75743435249972090872e+00) (0, -1.40992065593487403419e+00) (1, -3.77525697562780404581e+00) (2, 1.79956281892377454312e+01) (3, 3.85736247688126709932e+00) (4, 8.20312546585423629786e-01) (5, 6.69876431454404386301e+00) (6, 1.06147425280996388075e+00) (7, 2.71964161370672874440e+00) (8, 3.67025374856382757827e+00) (9, -1.73081563299502860787e+00) (0, -1.66816891760791452537e-01) (1, 6.95469310440435140031e-01) (2, 5.07417427855658575986e-01) (3, 2.06410287307767448262e-01) (4, 1.11356475977492763718e+00) (5, 1.32127657792173724971e+00) (6, -6.27543244842867942168e-01) (7, 1.70011983989282255969e+00) (8, 4.72892285191322425675e+00) (9, -2.76551556115189778318e-01) (10, -1.56010004352048436971e+01) (11, 1.65662475293049071823e+00) (12, 1.09292458487752441876e+00) (13, -2.55035128446801540036e+00) 
