FANN_FLO_2.1
num_layers=3
learning_rate=0.700000
connection_rate=1.000000
network_type=0
learning_momentum=0.000000
training_algorithm=2
train_error_function=1
train_stop_function=1
cascade_output_change_fraction=0.010000
quickprop_decay=-0.000100
quickprop_mu=1.750000
rprop_increase_factor=1.200000
rprop_decrease_factor=0.500000
rprop_delta_min=0.000000
rprop_delta_max=50.000000
rprop_delta_zero=0.100000
cascade_output_stagnation_epochs=12
cascade_candidate_change_fraction=0.010000
cascade_candidate_stagnation_epochs=12
cascade_max_out_epochs=150
cascade_min_out_epochs=50
cascade_max_cand_epochs=150
cascade_min_cand_epochs=50
cascade_num_candidate_groups=2
bit_fail_limit=1.00000000000000005551e-01
cascade_candidate_limit=1.00000000000000000000e+03
cascade_weight_multiplier=4.00000000000000022204e-01
cascade_activation_functions_count=10
cascade_activation_functions=3 5 7 8 10 11 14 15 16 17 
cascade_activation_steepnesses_count=4
cascade_activation_steepnesses=2.50000000000000000000e-01 5.00000000000000000000e-01 7.50000000000000000000e-01 1.00000000000000000000e+00 
layer_sizes=14 4 2 
scale_included=0
neurons (num_inputs, activation_function, activation_steepness)=(0, 0, 0.00000000000000000000e+00) (0, 0, 0.00000000000000000000e+00) (0, 0, 0.00000000000000000000e+00) (0, 0, 0.00000000000000000000e+00) (0, 0, 0.00000000000000000000e+00) (0, 0, 0.00000000000000000000e+00) (0, 0, 0.00000000000000000000e+00) (0, 0, 0.00000000000000000000e+00) (0, 0, 0.00000000000000000000e+00) (0, 0, 0.00000000000000000000e+00) (0, 0, 0.00000000000000000000e+00) (0, 0, 0.00000000000000000000e+00) (0, 0, 0.00000000000000000000e+00) (0, 0, 0.00000000000000000000e+00) (14, 6, 5.00000000000000000000e-01) (14, 6, 5.00000000000000000000e-01) (14, 6, 5.00000000000000000000e-01) (0, 6, 0.00000000000000000000e+00) (4, 4, 5.00000000000000000000e-01) (0, 4, 0.00000000000000000000e+00) 
connections (connected_to_neuron, weight)=(0, -2.38327679191622099353e+00) (1, 1.65261484695754345964e+00) (2, 2.25972847687262445859e+00) (3, 1.47515396065349913002e-01) (4, 1.72935832916324722097e-01) (5, -7.32340381150027308621e-01) (6, -6.02494114470792263560e-01) (7, 1.10074572641365886483e+00) (8, -3.05488656762025745373e-02) (9, 3.02788183374015229532e+00) (10, -5.02498771652248543695e-01) (11, -2.88098280407585694007e+00) (12, -2.78750694073834015541e+00) (13, -7.19922891473939174922e-01) (0, -4.99451499997613268533e+00) (1, 4.46899561231109743176e+00) (2, 5.34818361766354488651e+00) (3, 3.20534533395838616698e+00) (4, -1.32217894245416056620e+00) (5, -3.45822213236792608271e+00) (6, -3.55898497645361944208e+00) (7, 4.85326283701229233003e+00) (8, 2.84737684920652567300e+00) (9, 3.85936730172997677357e+00) (10, -4.79968919586105824404e-01) (11, 1.90177631041546280066e+00) (12, 1.91991051694889480750e+00) (13, -4.95270564800678947392e+00) (0, 5.48334283224281349156e-01) (1, -5.83662363463493316651e-01) (2, -1.14176856973349960533e+00) (3, -1.20302621327892239611e-02) (4, 4.00777099116892687736e-01) (5, 4.02856906663335678775e-01) (6, 4.09144704948819992740e-01) (7, -1.00225358876686110321e+00) (8, 4.73428572562069382990e-01) (9, -2.14798655660960990943e+00) (10, 3.57867004808301580887e-01) (11, 1.74359700279342755280e+00) (12, 4.98311479280615976517e-01) (13, 3.22082459052428660140e-01) (14, 1.56375209127744740911e+00) (15, 7.87093335353198852999e+00) (16, -6.60564079033364115467e-01) (17, -1.38822639921075019487e+00) 
