FANN_FLO_2.1
num_layers=3
learning_rate=0.700000
connection_rate=1.000000
network_type=0
learning_momentum=0.000000
training_algorithm=2
train_error_function=1
train_stop_function=1
cascade_output_change_fraction=0.010000
quickprop_decay=-0.000100
quickprop_mu=1.750000
rprop_increase_factor=1.200000
rprop_decrease_factor=0.500000
rprop_delta_min=0.000000
rprop_delta_max=50.000000
rprop_delta_zero=0.100000
cascade_output_stagnation_epochs=12
cascade_candidate_change_fraction=0.010000
cascade_candidate_stagnation_epochs=12
cascade_max_out_epochs=150
cascade_min_out_epochs=50
cascade_max_cand_epochs=150
cascade_min_cand_epochs=50
cascade_num_candidate_groups=2
bit_fail_limit=1.00000000000000005551e-01
cascade_candidate_limit=1.00000000000000000000e+03
cascade_weight_multiplier=4.00000000000000022204e-01
cascade_activation_functions_count=10
cascade_activation_functions=3 5 7 8 10 11 14 15 16 17 
cascade_activation_steepnesses_count=4
cascade_activation_steepnesses=2.50000000000000000000e-01 5.00000000000000000000e-01 7.50000000000000000000e-01 1.00000000000000000000e+00 
layer_sizes=8 4 2 
scale_included=0
neurons (num_inputs, activation_function, activation_steepness)=(0, 0, 0.00000000000000000000e+00) (0, 0, 0.00000000000000000000e+00) (0, 0, 0.00000000000000000000e+00) (0, 0, 0.00000000000000000000e+00) (0, 0, 0.00000000000000000000e+00) (0, 0, 0.00000000000000000000e+00) (0, 0, 0.00000000000000000000e+00) (0, 0, 0.00000000000000000000e+00) (8, 6, 5.00000000000000000000e-01) (8, 6, 5.00000000000000000000e-01) (8, 6, 5.00000000000000000000e-01) (0, 6, 0.00000000000000000000e+00) (4, 4, 5.00000000000000000000e-01) (0, 4, 0.00000000000000000000e+00) 
connections (connected_to_neuron, weight)=(0, -3.91118399327221810680e+00) (1, 1.95815570443859177097e+00) (2, 2.17536426326702869716e+00) (3, 3.29677224660644840881e+00) (4, 2.00288655660435876982e+00) (5, 3.14747684059820898028e+00) (6, 1.59978754758568930683e+00) (7, -3.41229703193681199735e+00) (0, -3.79067587753358781200e+00) (1, 1.98920012801876144870e+00) (2, 2.22388385599921978297e+00) (3, 3.19773522730146542159e+00) (4, 1.93331942013785607060e+00) (5, 3.05310919491730459185e+00) (6, 1.53826605096193480549e+00) (7, -3.36938748797552545255e+00) (0, -1.44639335299582248717e-02) (1, -6.41161868852864191837e+00) (2, 2.69118060851526053057e+00) (3, 5.42565702917906804714e+01) (4, 1.29690587302817705861e+00) (5, 1.42572865075142996005e+00) (6, 7.27714108365098533149e-01) (7, -3.91879711482026549252e-01) (8, 1.29351862775494623747e+01) (9, 7.60033838398322991736e+00) (10, 5.57687161010317034027e+00) (11, -6.80189512321726086341e-01) 
