FANN_FLO_2.1
num_layers=3
learning_rate=0.700000
connection_rate=1.000000
network_type=0
learning_momentum=0.000000
training_algorithm=2
train_error_function=1
train_stop_function=1
cascade_output_change_fraction=0.010000
quickprop_decay=-0.000100
quickprop_mu=1.750000
rprop_increase_factor=1.200000
rprop_decrease_factor=0.500000
rprop_delta_min=0.000000
rprop_delta_max=50.000000
rprop_delta_zero=0.100000
cascade_output_stagnation_epochs=12
cascade_candidate_change_fraction=0.010000
cascade_candidate_stagnation_epochs=12
cascade_max_out_epochs=150
cascade_min_out_epochs=50
cascade_max_cand_epochs=150
cascade_min_cand_epochs=50
cascade_num_candidate_groups=2
bit_fail_limit=1.00000000000000005551e-01
cascade_candidate_limit=1.00000000000000000000e+03
cascade_weight_multiplier=4.00000000000000022204e-01
cascade_activation_functions_count=10
cascade_activation_functions=3 5 7 8 10 11 14 15 16 17 
cascade_activation_steepnesses_count=4
cascade_activation_steepnesses=2.50000000000000000000e-01 5.00000000000000000000e-01 7.50000000000000000000e-01 1.00000000000000000000e+00 
layer_sizes=16 4 2 
scale_included=0
neurons (num_inputs, activation_function, activation_steepness)=(0, 0, 0.00000000000000000000e+00) (0, 0, 0.00000000000000000000e+00) (0, 0, 0.00000000000000000000e+00) (0, 0, 0.00000000000000000000e+00) (0, 0, 0.00000000000000000000e+00) (0, 0, 0.00000000000000000000e+00) (0, 0, 0.00000000000000000000e+00) (0, 0, 0.00000000000000000000e+00) (0, 0, 0.00000000000000000000e+00) (0, 0, 0.00000000000000000000e+00) (0, 0, 0.00000000000000000000e+00) (0, 0, 0.00000000000000000000e+00) (0, 0, 0.00000000000000000000e+00) (0, 0, 0.00000000000000000000e+00) (0, 0, 0.00000000000000000000e+00) (0, 0, 0.00000000000000000000e+00) (16, 6, 5.00000000000000000000e-01) (16, 6, 5.00000000000000000000e-01) (16, 6, 5.00000000000000000000e-01) (0, 6, 0.00000000000000000000e+00) (4, 4, 5.00000000000000000000e-01) (0, 4, 0.00000000000000000000e+00) 
connections (connected_to_neuron, weight)=(0, -4.19614722774973447628e+00) (1, 1.26764524127828881461e+01) (2, 9.58234397303794449563e-01) (3, 8.83230750989650315042e-01) (4, -1.37869071592430003648e+00) (5, -1.56630174447635517332e+00) (6, 9.59773520969754989629e-01) (7, 8.43205863219235962625e-01) (8, 1.28018303360330865104e+01) (9, 1.24774784871280242093e+00) (10, 7.91225913779437073359e-01) (11, 9.16046714019511765237e-01) (12, 7.93955322222411163935e-01) (13, 1.27368298019754693229e+01) (14, 1.27645860310184762199e+01) (15, -4.45699927072828350205e-01) (0, -4.14547545658102567501e+00) (1, 1.27210935871588990409e+01) (2, 9.16876760852073258157e-01) (3, 8.53555401396487778420e-01) (4, -1.55579655249456272337e+00) (5, -1.51503104348520145628e+00) (6, 9.66410989903814132695e-01) (7, 8.17396496963237351174e-01) (8, 1.27741274084436700065e+01) (9, 1.27340033554375220426e+00) (10, 7.64266963915526398310e-01) (11, 8.01819381844733780618e-01) (12, 7.15156826989352234492e-01) (13, 1.26472735028254792411e+01) (14, 1.26640113178181454856e+01) (15, -3.96313164990251487474e-01) (0, -4.12304477588882978267e+00) (1, 1.26219798471319482047e+01) (2, 9.52638847362731522317e-01) (3, 5.00702511534419025807e-01) (4, -1.55599518497327671263e+00) (5, -1.48840470244029887681e+00) (6, 9.65179796361333663945e-01) (7, 8.07159831356738632913e-01) (8, 1.27422163929331109244e+01) (9, 1.25709322743952323087e+00) (10, 7.95700434462725647577e-01) (11, 8.51738655549024170632e-01) (12, 8.53743169324099548945e-01) (13, 1.26872608582961365897e+01) (14, 1.26831674199092194755e+01) (15, -4.07055054467027721543e-01) (16, 1.27966811503755852897e+01) (17, 1.27997783120262429435e+01) (18, 1.27236290346371934135e+01) (19, -3.59808218028461690441e-01) 
