FANN_FLO_2.1
num_layers=3
learning_rate=0.700000
connection_rate=1.000000
network_type=0
learning_momentum=0.000000
training_algorithm=2
train_error_function=1
train_stop_function=1
cascade_output_change_fraction=0.010000
quickprop_decay=-0.000100
quickprop_mu=1.750000
rprop_increase_factor=1.200000
rprop_decrease_factor=0.500000
rprop_delta_min=0.000000
rprop_delta_max=50.000000
rprop_delta_zero=0.100000
cascade_output_stagnation_epochs=12
cascade_candidate_change_fraction=0.010000
cascade_candidate_stagnation_epochs=12
cascade_max_out_epochs=150
cascade_min_out_epochs=50
cascade_max_cand_epochs=150
cascade_min_cand_epochs=50
cascade_num_candidate_groups=2
bit_fail_limit=1.00000000000000005551e-01
cascade_candidate_limit=1.00000000000000000000e+03
cascade_weight_multiplier=4.00000000000000022204e-01
cascade_activation_functions_count=10
cascade_activation_functions=3 5 7 8 10 11 14 15 16 17 
cascade_activation_steepnesses_count=4
cascade_activation_steepnesses=2.50000000000000000000e-01 5.00000000000000000000e-01 7.50000000000000000000e-01 1.00000000000000000000e+00 
layer_sizes=13 4 2 
scale_included=0
neurons (num_inputs, activation_function, activation_steepness)=(0, 0, 0.00000000000000000000e+00) (0, 0, 0.00000000000000000000e+00) (0, 0, 0.00000000000000000000e+00) (0, 0, 0.00000000000000000000e+00) (0, 0, 0.00000000000000000000e+00) (0, 0, 0.00000000000000000000e+00) (0, 0, 0.00000000000000000000e+00) (0, 0, 0.00000000000000000000e+00) (0, 0, 0.00000000000000000000e+00) (0, 0, 0.00000000000000000000e+00) (0, 0, 0.00000000000000000000e+00) (0, 0, 0.00000000000000000000e+00) (0, 0, 0.00000000000000000000e+00) (13, 6, 5.00000000000000000000e-01) (13, 6, 5.00000000000000000000e-01) (13, 6, 5.00000000000000000000e-01) (0, 6, 0.00000000000000000000e+00) (4, 4, 5.00000000000000000000e-01) (0, 4, 0.00000000000000000000e+00) 
connections (connected_to_neuron, weight)=(0, -1.80140823063456378961e+00) (1, 1.81277668738581865249e+00) (2, 1.51397457812600966243e+00) (3, 6.81326704926214721247e-01) (4, 5.64783102406118509009e-01) (5, 3.73564137327821010892e-01) (6, 3.84137182005740651647e-01) (7, 4.66913293231307313658e-01) (8, 2.22691909481154048933e+00) (9, -5.09282708825309904377e-01) (10, 2.96551246331725137928e-01) (11, 1.13722935388602142126e+00) (12, -1.42337834892899950390e+00) (0, -4.51971064884019835262e+00) (1, 4.29733410678456362319e+00) (2, 3.51167883198280383894e+00) (3, 9.85686784637179402857e-01) (4, 5.35349342690104923470e-01) (5, 3.10731483702414157388e-01) (6, 3.24938124124758365152e-01) (7, 7.97178273073977594620e-01) (8, 4.94462186397831704454e+00) (9, -2.53578215000894457987e+00) (10, 1.64268379670964259631e+00) (11, 2.05750400286445334075e+00) (12, -4.87099529735934400065e+00) (0, 9.70252652801827597528e-01) (1, -3.87552353153462203483e-01) (2, -9.61182647715604687733e-01) (3, 1.62998834178758850166e-01) (4, 1.15912120362049606004e-01) (5, 1.86063449350422266404e-01) (6, 5.59102071462836899829e-02) (7, -1.32687498213603094488e-01) (8, -8.96968633830477202196e-01) (9, 4.07277140642789470260e-01) (10, -4.42497446892978485433e-02) (11, -4.85865786431552704183e-02) (12, 3.51381525298862074091e-01) (13, 1.12615826869465074367e+00) (14, 7.56155454337775889684e+00) (15, -8.02278412077879465869e+00) (16, -1.84183315300391003966e+00) 
