FANN_FLO_2.1
num_layers=3
learning_rate=0.700000
connection_rate=1.000000
network_type=0
learning_momentum=0.000000
training_algorithm=2
train_error_function=1
train_stop_function=1
cascade_output_change_fraction=0.010000
quickprop_decay=-0.000100
quickprop_mu=1.750000
rprop_increase_factor=1.200000
rprop_decrease_factor=0.500000
rprop_delta_min=0.000000
rprop_delta_max=50.000000
rprop_delta_zero=0.100000
cascade_output_stagnation_epochs=12
cascade_candidate_change_fraction=0.010000
cascade_candidate_stagnation_epochs=12
cascade_max_out_epochs=150
cascade_min_out_epochs=50
cascade_max_cand_epochs=150
cascade_min_cand_epochs=50
cascade_num_candidate_groups=2
bit_fail_limit=1.00000000000000005551e-01
cascade_candidate_limit=1.00000000000000000000e+03
cascade_weight_multiplier=4.00000000000000022204e-01
cascade_activation_functions_count=10
cascade_activation_functions=3 5 7 8 10 11 14 15 16 17 
cascade_activation_steepnesses_count=4
cascade_activation_steepnesses=2.50000000000000000000e-01 5.00000000000000000000e-01 7.50000000000000000000e-01 1.00000000000000000000e+00 
layer_sizes=6 4 2 
scale_included=0
neurons (num_inputs, activation_function, activation_steepness)=(0, 0, 0.00000000000000000000e+00) (0, 0, 0.00000000000000000000e+00) (0, 0, 0.00000000000000000000e+00) (0, 0, 0.00000000000000000000e+00) (0, 0, 0.00000000000000000000e+00) (0, 0, 0.00000000000000000000e+00) (6, 6, 5.00000000000000000000e-01) (6, 6, 5.00000000000000000000e-01) (6, 6, 5.00000000000000000000e-01) (0, 6, 0.00000000000000000000e+00) (4, 4, 5.00000000000000000000e-01) (0, 4, 0.00000000000000000000e+00) 
connections (connected_to_neuron, weight)=(0, -3.40560002078807655401e-01) (1, 1.52888639921632174534e+00) (2, 1.21605820917342688503e+00) (3, -2.25369231688847371231e-01) (4, 1.83186699317932566444e+00) (5, -1.08144106785704097184e+00) (0, -3.13014072509628249463e+00) (1, -1.96368594868814905219e+00) (2, -1.26782239001649954524e+00) (3, -5.98167113786387427687e-01) (4, -1.95601102524734149490e+00) (5, 3.10791091573871813836e+00) (0, -1.58134594073220530186e-01) (1, 1.47211375737872529612e+00) (2, 1.23603230498950944494e+00) (3, -1.54938561755289805344e-01) (4, 1.65506072424262784537e+00) (5, -1.15391405742744801444e+00) (6, 2.55984233064525001922e+00) (7, -1.48829757318511553876e+02) (8, 2.89642023753549526788e+00) (9, -1.47734444534061037935e+00) 
