FANN_FLO_2.1
num_layers=3
learning_rate=0.700000
connection_rate=1.000000
network_type=0
learning_momentum=0.000000
training_algorithm=2
train_error_function=1
train_stop_function=1
cascade_output_change_fraction=0.010000
quickprop_decay=-0.000100
quickprop_mu=1.750000
rprop_increase_factor=1.200000
rprop_decrease_factor=0.500000
rprop_delta_min=0.000000
rprop_delta_max=50.000000
rprop_delta_zero=0.100000
cascade_output_stagnation_epochs=12
cascade_candidate_change_fraction=0.010000
cascade_candidate_stagnation_epochs=12
cascade_max_out_epochs=150
cascade_min_out_epochs=50
cascade_max_cand_epochs=150
cascade_min_cand_epochs=50
cascade_num_candidate_groups=2
bit_fail_limit=1.00000000000000005551e-01
cascade_candidate_limit=1.00000000000000000000e+03
cascade_weight_multiplier=4.00000000000000022204e-01
cascade_activation_functions_count=10
cascade_activation_functions=3 5 7 8 10 11 14 15 16 17 
cascade_activation_steepnesses_count=4
cascade_activation_steepnesses=2.50000000000000000000e-01 5.00000000000000000000e-01 7.50000000000000000000e-01 1.00000000000000000000e+00 
layer_sizes=14 4 2 
scale_included=0
neurons (num_inputs, activation_function, activation_steepness)=(0, 0, 0.00000000000000000000e+00) (0, 0, 0.00000000000000000000e+00) (0, 0, 0.00000000000000000000e+00) (0, 0, 0.00000000000000000000e+00) (0, 0, 0.00000000000000000000e+00) (0, 0, 0.00000000000000000000e+00) (0, 0, 0.00000000000000000000e+00) (0, 0, 0.00000000000000000000e+00) (0, 0, 0.00000000000000000000e+00) (0, 0, 0.00000000000000000000e+00) (0, 0, 0.00000000000000000000e+00) (0, 0, 0.00000000000000000000e+00) (0, 0, 0.00000000000000000000e+00) (0, 0, 0.00000000000000000000e+00) (14, 6, 5.00000000000000000000e-01) (14, 6, 5.00000000000000000000e-01) (14, 6, 5.00000000000000000000e-01) (0, 6, 0.00000000000000000000e+00) (4, 4, 5.00000000000000000000e-01) (0, 4, 0.00000000000000000000e+00) 
connections (connected_to_neuron, weight)=(0, -2.69383223345489186684e+00) (1, 2.09174654527877734722e+00) (2, 2.58515974180826901829e+00) (3, 1.24169083216450326645e+00) (4, 7.27285044006410613671e-02) (5, -4.43109167179356389088e-01) (6, -1.36894489539820707336e+00) (7, 2.26901331218511836951e+00) (8, 4.69052718974624638371e-01) (9, 5.50399560837031703864e-02) (10, 1.14126174559998391778e-01) (11, 3.01293415038482459423e+00) (12, 4.42212912136226488080e-01) (13, -2.47041315641390113456e+00) (0, 8.56434538190669236712e+00) (1, -1.04404132021797746432e+00) (2, -8.66804632266103047833e-01) (3, 9.89402163583439797634e-01) (4, 2.07983741315544667927e+00) (5, 5.68015611790844765494e+00) (6, 5.60640863948294487784e+00) (7, -2.11144499808798569163e+00) (8, 3.14469690864001283348e-01) (9, 1.60354567674352810336e+00) (10, 1.64732278493597195101e+00) (11, -1.27512767430985740624e+00) (12, 7.81538863160897601112e-01) (13, 5.87213671066743536642e+00) (0, -2.87103181323022615956e+00) (1, 2.95848606460382468342e+00) (2, 2.35897552154938860980e+00) (3, 8.62840818009900645258e-01) (4, 7.94079499057832732811e-02) (5, -4.17206834151442274017e-01) (6, -1.40326266235589258713e+00) (7, 2.35649549635679500525e+00) (8, 3.66780543722186991307e-01) (9, -1.88745010288475650873e-02) (10, 3.70610345510722499762e-02) (11, 2.28384621218962857725e+00) (12, 2.66564326844334287259e-01) (13, -2.78818061193437349843e+00) (14, 7.47896397355960118603e+00) (15, -6.73982649142593093217e-01) (16, 7.47363096717761266063e+00) (17, -1.19894637588038555087e+00) 
