FANN_FLO_2.1
num_layers=3
learning_rate=0.700000
connection_rate=1.000000
network_type=0
learning_momentum=0.000000
training_algorithm=2
train_error_function=1
train_stop_function=1
cascade_output_change_fraction=0.010000
quickprop_decay=-0.000100
quickprop_mu=1.750000
rprop_increase_factor=1.200000
rprop_decrease_factor=0.500000
rprop_delta_min=0.000000
rprop_delta_max=50.000000
rprop_delta_zero=0.100000
cascade_output_stagnation_epochs=12
cascade_candidate_change_fraction=0.010000
cascade_candidate_stagnation_epochs=12
cascade_max_out_epochs=150
cascade_min_out_epochs=50
cascade_max_cand_epochs=150
cascade_min_cand_epochs=50
cascade_num_candidate_groups=2
bit_fail_limit=1.00000000000000005551e-01
cascade_candidate_limit=1.00000000000000000000e+03
cascade_weight_multiplier=4.00000000000000022204e-01
cascade_activation_functions_count=10
cascade_activation_functions=3 5 7 8 10 11 14 15 16 17 
cascade_activation_steepnesses_count=4
cascade_activation_steepnesses=2.50000000000000000000e-01 5.00000000000000000000e-01 7.50000000000000000000e-01 1.00000000000000000000e+00 
layer_sizes=6 4 2 
scale_included=0
neurons (num_inputs, activation_function, activation_steepness)=(0, 0, 0.00000000000000000000e+00) (0, 0, 0.00000000000000000000e+00) (0, 0, 0.00000000000000000000e+00) (0, 0, 0.00000000000000000000e+00) (0, 0, 0.00000000000000000000e+00) (0, 0, 0.00000000000000000000e+00) (6, 6, 5.00000000000000000000e-01) (6, 6, 5.00000000000000000000e-01) (6, 6, 5.00000000000000000000e-01) (0, 6, 0.00000000000000000000e+00) (4, 4, 5.00000000000000000000e-01) (0, 4, 0.00000000000000000000e+00) 
connections (connected_to_neuron, weight)=(0, -1.27850085956549586186e+00) (1, 3.84243302549634124787e+00) (2, -8.79676411391558388253e-02) (3, -7.89182488181432106877e-01) (4, -1.28361582098102511296e+00) (5, -1.17743650165891611259e+00) (0, 3.55848954747303491963e-01) (1, -1.80875255768412923629e+00) (2, -5.99554211383229507248e-01) (3, 4.12957215438469471547e-01) (4, 4.28542280326469959828e-01) (5, 2.97046735475995582476e-01) (0, -9.91639133368209857444e-01) (1, 3.34934887691410043686e+00) (2, -1.91810577595359244008e-01) (3, -6.42123025216897458378e-01) (4, -1.04873352852888457321e+00) (5, -1.18435813573694193046e+00) (6, 5.19869394216921243412e+00) (7, -6.24150082049754084679e-01) (8, 5.18718602869894418461e+00) (9, -2.55840632562736836064e+00) 
