FANN_FLO_2.1
num_layers=3
learning_rate=0.700000
connection_rate=1.000000
network_type=0
learning_momentum=0.000000
training_algorithm=2
train_error_function=1
train_stop_function=1
cascade_output_change_fraction=0.010000
quickprop_decay=-0.000100
quickprop_mu=1.750000
rprop_increase_factor=1.200000
rprop_decrease_factor=0.500000
rprop_delta_min=0.000000
rprop_delta_max=50.000000
rprop_delta_zero=0.100000
cascade_output_stagnation_epochs=12
cascade_candidate_change_fraction=0.010000
cascade_candidate_stagnation_epochs=12
cascade_max_out_epochs=150
cascade_min_out_epochs=50
cascade_max_cand_epochs=150
cascade_min_cand_epochs=50
cascade_num_candidate_groups=2
bit_fail_limit=1.00000000000000005551e-01
cascade_candidate_limit=1.00000000000000000000e+03
cascade_weight_multiplier=4.00000000000000022204e-01
cascade_activation_functions_count=10
cascade_activation_functions=3 5 7 8 10 11 14 15 16 17 
cascade_activation_steepnesses_count=4
cascade_activation_steepnesses=2.50000000000000000000e-01 5.00000000000000000000e-01 7.50000000000000000000e-01 1.00000000000000000000e+00 
layer_sizes=12 4 2 
scale_included=0
neurons (num_inputs, activation_function, activation_steepness)=(0, 0, 0.00000000000000000000e+00) (0, 0, 0.00000000000000000000e+00) (0, 0, 0.00000000000000000000e+00) (0, 0, 0.00000000000000000000e+00) (0, 0, 0.00000000000000000000e+00) (0, 0, 0.00000000000000000000e+00) (0, 0, 0.00000000000000000000e+00) (0, 0, 0.00000000000000000000e+00) (0, 0, 0.00000000000000000000e+00) (0, 0, 0.00000000000000000000e+00) (0, 0, 0.00000000000000000000e+00) (0, 0, 0.00000000000000000000e+00) (12, 6, 5.00000000000000000000e-01) (12, 6, 5.00000000000000000000e-01) (12, 6, 5.00000000000000000000e-01) (0, 6, 0.00000000000000000000e+00) (4, 4, 5.00000000000000000000e-01) (0, 4, 0.00000000000000000000e+00) 
connections (connected_to_neuron, weight)=(0, -2.57469210076506638263e-01) (1, 1.51414443548187604982e+00) (2, 3.97979710186377289016e-01) (3, -5.02027696606789364253e-02) (4, -6.25322386718567824193e-02) (5, 6.54223137858237768771e-02) (6, 5.71833692225102274698e-01) (7, -1.91447331775925794206e-01) (8, -1.93846320736182214928e-01) (9, 6.12882101300086523654e-02) (10, 4.32930432222861510949e-02) (11, -1.13081190037902026835e-01) (0, -9.08165863324573829907e-01) (1, 3.20504776977978611541e+00) (2, 2.78669692120966039361e-01) (3, -3.63567331260654991176e-01) (4, -1.52157683598147380755e-01) (5, -2.21094283274622140090e-02) (6, 4.58919002255563868165e-01) (7, -1.94688388484822810787e-01) (8, -1.38033203643194313237e+00) (9, -4.65011241845102313297e-02) (10, -1.27144159655949634535e-01) (11, -4.18452095062425588612e-01) (0, 6.54630032227790881194e+00) (1, -4.29022638927707067324e+00) (2, -3.04530248745187304138e+00) (3, -2.47885663841212444680e+00) (4, -9.41398017164592482153e-01) (5, -5.05811070562238995763e+00) (6, -5.40182271150323600750e+00) (7, 1.34060184956699224301e+00) (8, 2.59748216793325603646e-01) (9, -5.02038934738273923131e+00) (10, -5.06610339791412656041e+00) (11, 5.23449057824614261136e+00) (12, 1.56862799507763450713e+00) (13, 1.99177414080344261649e+00) (14, -5.87930145531099945799e+00) (15, -1.87295853433927561582e+00) 
