FANN_FLO_2.1
num_layers=3
learning_rate=0.700000
connection_rate=1.000000
network_type=0
learning_momentum=0.000000
training_algorithm=2
train_error_function=1
train_stop_function=1
cascade_output_change_fraction=0.010000
quickprop_decay=-0.000100
quickprop_mu=1.750000
rprop_increase_factor=1.200000
rprop_decrease_factor=0.500000
rprop_delta_min=0.000000
rprop_delta_max=50.000000
rprop_delta_zero=0.100000
cascade_output_stagnation_epochs=12
cascade_candidate_change_fraction=0.010000
cascade_candidate_stagnation_epochs=12
cascade_max_out_epochs=150
cascade_min_out_epochs=50
cascade_max_cand_epochs=150
cascade_min_cand_epochs=50
cascade_num_candidate_groups=2
bit_fail_limit=1.00000000000000005551e-01
cascade_candidate_limit=1.00000000000000000000e+03
cascade_weight_multiplier=4.00000000000000022204e-01
cascade_activation_functions_count=10
cascade_activation_functions=3 5 7 8 10 11 14 15 16 17 
cascade_activation_steepnesses_count=4
cascade_activation_steepnesses=2.50000000000000000000e-01 5.00000000000000000000e-01 7.50000000000000000000e-01 1.00000000000000000000e+00 
layer_sizes=12 4 2 
scale_included=0
neurons (num_inputs, activation_function, activation_steepness)=(0, 0, 0.00000000000000000000e+00) (0, 0, 0.00000000000000000000e+00) (0, 0, 0.00000000000000000000e+00) (0, 0, 0.00000000000000000000e+00) (0, 0, 0.00000000000000000000e+00) (0, 0, 0.00000000000000000000e+00) (0, 0, 0.00000000000000000000e+00) (0, 0, 0.00000000000000000000e+00) (0, 0, 0.00000000000000000000e+00) (0, 0, 0.00000000000000000000e+00) (0, 0, 0.00000000000000000000e+00) (0, 0, 0.00000000000000000000e+00) (12, 6, 5.00000000000000000000e-01) (12, 6, 5.00000000000000000000e-01) (12, 6, 5.00000000000000000000e-01) (0, 6, 0.00000000000000000000e+00) (4, 4, 5.00000000000000000000e-01) (0, 4, 0.00000000000000000000e+00) 
connections (connected_to_neuron, weight)=(0, -1.74902063715979383396e-01) (1, 5.95477410165987763868e-01) (2, 4.87841903857536729472e-01) (3, 5.19348957066004590644e-01) (4, 1.62484483197817164424e-01) (5, 5.17403632590268780511e-01) (6, 5.67678123945499990555e-01) (7, 5.77556416244806691829e-01) (8, 1.09052979954815976171e+00) (9, 2.35523691398715623313e-01) (10, 6.12229521899422701736e-01) (11, -1.90236113718257493499e-01) (0, 4.36758854935850315826e+00) (1, -4.13572484151864294688e+00) (2, -3.51015899158859578932e+00) (3, -2.36692030203566483593e+00) (4, 1.90906982417526838169e+00) (5, 8.23872607865364980917e-01) (6, -9.44206826975327984108e-01) (7, -3.18715328458636726339e+00) (8, 1.36911903419676717064e+00) (9, 1.25579419074232245812e+00) (10, -2.99141735592986623971e+00) (11, 4.37623730252470188873e+00) (0, -2.04197378429203046935e+00) (1, 2.10584854289500622571e+00) (2, -1.00799814564428893982e-01) (3, 2.70722972305053888320e+00) (4, -6.92904019187848163597e-01) (5, 4.04781464741812313513e-01) (6, 2.95442779252853449101e-01) (7, 2.65788732130446714308e+00) (8, 2.20957093885915867304e+00) (9, -7.31576120055647649565e-01) (10, 2.99315646148040048757e+00) (11, -2.02579497374019723566e+00) (12, 1.31886213510730443410e+00) (13, -1.23679472141182023037e+00) (14, 2.14774986487003651803e+01) (15, -1.28328953158963510184e+00) 
