FANN_FLO_2.1
num_layers=3
learning_rate=0.700000
connection_rate=1.000000
network_type=0
learning_momentum=0.000000
training_algorithm=2
train_error_function=1
train_stop_function=1
cascade_output_change_fraction=0.010000
quickprop_decay=-0.000100
quickprop_mu=1.750000
rprop_increase_factor=1.200000
rprop_decrease_factor=0.500000
rprop_delta_min=0.000000
rprop_delta_max=50.000000
rprop_delta_zero=0.100000
cascade_output_stagnation_epochs=12
cascade_candidate_change_fraction=0.010000
cascade_candidate_stagnation_epochs=12
cascade_max_out_epochs=150
cascade_min_out_epochs=50
cascade_max_cand_epochs=150
cascade_min_cand_epochs=50
cascade_num_candidate_groups=2
bit_fail_limit=1.00000000000000005551e-01
cascade_candidate_limit=1.00000000000000000000e+03
cascade_weight_multiplier=4.00000000000000022204e-01
cascade_activation_functions_count=10
cascade_activation_functions=3 5 7 8 10 11 14 15 16 17 
cascade_activation_steepnesses_count=4
cascade_activation_steepnesses=2.50000000000000000000e-01 5.00000000000000000000e-01 7.50000000000000000000e-01 1.00000000000000000000e+00 
layer_sizes=7 4 2 
scale_included=0
neurons (num_inputs, activation_function, activation_steepness)=(0, 0, 0.00000000000000000000e+00) (0, 0, 0.00000000000000000000e+00) (0, 0, 0.00000000000000000000e+00) (0, 0, 0.00000000000000000000e+00) (0, 0, 0.00000000000000000000e+00) (0, 0, 0.00000000000000000000e+00) (0, 0, 0.00000000000000000000e+00) (7, 6, 5.00000000000000000000e-01) (7, 6, 5.00000000000000000000e-01) (7, 6, 5.00000000000000000000e-01) (0, 6, 0.00000000000000000000e+00) (4, 4, 5.00000000000000000000e-01) (0, 4, 0.00000000000000000000e+00) 
connections (connected_to_neuron, weight)=(0, -4.90802793135008241787e-01) (1, 2.89725743493942866635e+00) (2, -2.20964999736646933171e-01) (3, 7.40690441808548372116e-01) (4, -1.65760900121425386322e-01) (5, 1.11238123717161199733e-01) (6, -3.82798707415422712064e-01) (0, 4.76909309339139930728e+00) (1, -3.83906314463523878899e+00) (2, -2.18119897009867136362e+00) (3, -2.10981954131468985025e+00) (4, 1.66349465414564501309e+00) (5, -6.36390905261397232806e+00) (6, 3.04197787242883022074e+00) (0, -1.96307637614701979700e+00) (1, 1.98509768072513748116e+00) (2, 6.42870774704247804898e-01) (3, 2.85123231523156128731e+00) (4, -1.39744190113044441937e+00) (5, 2.30372681756188635305e+00) (6, -1.79723445067549492116e+00) (7, 4.60786877398331073952e-01) (8, -4.74917048491142868016e+00) (9, 2.10433228732718617948e+01) (10, -1.39441276566405991666e+00) 
