FANN_FLO_2.1
num_layers=3
learning_rate=0.700000
connection_rate=1.000000
network_type=0
learning_momentum=0.000000
training_algorithm=2
train_error_function=1
train_stop_function=1
cascade_output_change_fraction=0.010000
quickprop_decay=-0.000100
quickprop_mu=1.750000
rprop_increase_factor=1.200000
rprop_decrease_factor=0.500000
rprop_delta_min=0.000000
rprop_delta_max=50.000000
rprop_delta_zero=0.100000
cascade_output_stagnation_epochs=12
cascade_candidate_change_fraction=0.010000
cascade_candidate_stagnation_epochs=12
cascade_max_out_epochs=150
cascade_min_out_epochs=50
cascade_max_cand_epochs=150
cascade_min_cand_epochs=50
cascade_num_candidate_groups=2
bit_fail_limit=1.00000000000000005551e-01
cascade_candidate_limit=1.00000000000000000000e+03
cascade_weight_multiplier=4.00000000000000022204e-01
cascade_activation_functions_count=10
cascade_activation_functions=3 5 7 8 10 11 14 15 16 17 
cascade_activation_steepnesses_count=4
cascade_activation_steepnesses=2.50000000000000000000e-01 5.00000000000000000000e-01 7.50000000000000000000e-01 1.00000000000000000000e+00 
layer_sizes=9 4 2 
scale_included=0
neurons (num_inputs, activation_function, activation_steepness)=(0, 0, 0.00000000000000000000e+00) (0, 0, 0.00000000000000000000e+00) (0, 0, 0.00000000000000000000e+00) (0, 0, 0.00000000000000000000e+00) (0, 0, 0.00000000000000000000e+00) (0, 0, 0.00000000000000000000e+00) (0, 0, 0.00000000000000000000e+00) (0, 0, 0.00000000000000000000e+00) (0, 0, 0.00000000000000000000e+00) (9, 6, 5.00000000000000000000e-01) (9, 6, 5.00000000000000000000e-01) (9, 6, 5.00000000000000000000e-01) (0, 6, 0.00000000000000000000e+00) (4, 4, 5.00000000000000000000e-01) (0, 4, 0.00000000000000000000e+00) 
connections (connected_to_neuron, weight)=(0, 4.47642787523212817291e+01) (1, -1.84002764956067252911e+01) (2, -7.69319891461001148514e+00) (3, -4.26288976798487517783e+00) (4, 5.69812454451568317637e+00) (5, 2.25787948453111608771e+00) (6, 2.12596641489548687787e+00) (7, 3.35791515211267777019e+00) (8, 1.37452790206998241018e+01) (0, 2.56438564786818652408e+01) (1, -1.18925146798494161260e+01) (2, -6.24387907437363853802e+00) (3, -4.68608050849333146459e+00) (4, 2.62892079621080387852e+00) (5, 2.08318218428400792064e+00) (6, 1.95940630722550324094e+00) (7, 3.08578582100337772687e+00) (8, 9.22569199400018291612e+00) (0, -3.20183213969128033227e+00) (1, -4.26754489443690376849e-01) (2, 9.02033971157198699586e+00) (3, 1.24756834348759291231e+01) (4, -1.05275725786426321839e+00) (5, -2.56034223020040885288e+00) (6, -2.80456461482611230096e+00) (7, -1.10700537850001134998e+00) (8, -1.32522999621344084176e+00) (9, -1.52130952899901195075e+00) (10, -1.87942545366045332678e+00) (11, 2.58168559594439406268e+00) (12, -1.98825127821049529864e+00) 
