FANN_FLO_2.1
num_layers=3
learning_rate=0.700000
connection_rate=1.000000
network_type=0
learning_momentum=0.000000
training_algorithm=2
train_error_function=1
train_stop_function=1
cascade_output_change_fraction=0.010000
quickprop_decay=-0.000100
quickprop_mu=1.750000
rprop_increase_factor=1.200000
rprop_decrease_factor=0.500000
rprop_delta_min=0.000000
rprop_delta_max=50.000000
rprop_delta_zero=0.100000
cascade_output_stagnation_epochs=12
cascade_candidate_change_fraction=0.010000
cascade_candidate_stagnation_epochs=12
cascade_max_out_epochs=150
cascade_min_out_epochs=50
cascade_max_cand_epochs=150
cascade_min_cand_epochs=50
cascade_num_candidate_groups=2
bit_fail_limit=1.00000000000000005551e-01
cascade_candidate_limit=1.00000000000000000000e+03
cascade_weight_multiplier=4.00000000000000022204e-01
cascade_activation_functions_count=10
cascade_activation_functions=3 5 7 8 10 11 14 15 16 17 
cascade_activation_steepnesses_count=4
cascade_activation_steepnesses=2.50000000000000000000e-01 5.00000000000000000000e-01 7.50000000000000000000e-01 1.00000000000000000000e+00 
layer_sizes=10 4 2 
scale_included=0
neurons (num_inputs, activation_function, activation_steepness)=(0, 0, 0.00000000000000000000e+00) (0, 0, 0.00000000000000000000e+00) (0, 0, 0.00000000000000000000e+00) (0, 0, 0.00000000000000000000e+00) (0, 0, 0.00000000000000000000e+00) (0, 0, 0.00000000000000000000e+00) (0, 0, 0.00000000000000000000e+00) (0, 0, 0.00000000000000000000e+00) (0, 0, 0.00000000000000000000e+00) (0, 0, 0.00000000000000000000e+00) (10, 6, 5.00000000000000000000e-01) (10, 6, 5.00000000000000000000e-01) (10, 6, 5.00000000000000000000e-01) (0, 6, 0.00000000000000000000e+00) (4, 4, 5.00000000000000000000e-01) (0, 4, 0.00000000000000000000e+00) 
connections (connected_to_neuron, weight)=(0, -2.16782673142953807854e+00) (1, 1.59853764051314284345e+00) (2, 1.21176599563253972747e+00) (3, 1.08974593380138462528e+00) (4, 1.26568139491744779956e-02) (5, 9.02388183651835817933e-01) (6, 8.06983007369906801820e-01) (7, -9.71396405373672777728e-01) (8, -1.49645963004615900616e+00) (9, -1.01707809058294706972e+00) (0, -6.21776283611479227420e-02) (1, 4.92977439888925839107e-01) (2, 2.48584068587836742870e-01) (3, 1.57600420814761055244e-01) (4, 9.60683291017575546888e-02) (5, 1.96440093964346668143e-01) (6, 1.17242026184555217516e-01) (7, 1.40936951843714047827e-01) (8, -7.09615976771767187348e-03) (9, 7.20822036318925774001e-02) (0, -3.30765476356834398075e+00) (1, 3.11646690715613239320e+00) (2, 2.10353785080144417563e+00) (3, 2.04350013285317633205e+00) (4, -7.44596149719095601327e-01) (5, 1.39098590337467808986e+00) (6, 1.41820139908028264308e+00) (7, -2.19685556663147396605e+00) (8, -2.61992426866961736209e+00) (9, -3.23294256906599031254e+00) (10, 6.40251466584569328688e-01) (11, 1.80659321386690857603e-01) (12, 8.48128561423049909251e+00) (13, -2.09605115346980275248e+00) 
