FANN_FLO_2.1
num_layers=3
learning_rate=0.700000
connection_rate=1.000000
network_type=0
learning_momentum=0.000000
training_algorithm=2
train_error_function=1
train_stop_function=1
cascade_output_change_fraction=0.010000
quickprop_decay=-0.000100
quickprop_mu=1.750000
rprop_increase_factor=1.200000
rprop_decrease_factor=0.500000
rprop_delta_min=0.000000
rprop_delta_max=50.000000
rprop_delta_zero=0.100000
cascade_output_stagnation_epochs=12
cascade_candidate_change_fraction=0.010000
cascade_candidate_stagnation_epochs=12
cascade_max_out_epochs=150
cascade_min_out_epochs=50
cascade_max_cand_epochs=150
cascade_min_cand_epochs=50
cascade_num_candidate_groups=2
bit_fail_limit=1.00000000000000005551e-01
cascade_candidate_limit=1.00000000000000000000e+03
cascade_weight_multiplier=4.00000000000000022204e-01
cascade_activation_functions_count=10
cascade_activation_functions=3 5 7 8 10 11 14 15 16 17 
cascade_activation_steepnesses_count=4
cascade_activation_steepnesses=2.50000000000000000000e-01 5.00000000000000000000e-01 7.50000000000000000000e-01 1.00000000000000000000e+00 
layer_sizes=10 4 2 
scale_included=0
neurons (num_inputs, activation_function, activation_steepness)=(0, 0, 0.00000000000000000000e+00) (0, 0, 0.00000000000000000000e+00) (0, 0, 0.00000000000000000000e+00) (0, 0, 0.00000000000000000000e+00) (0, 0, 0.00000000000000000000e+00) (0, 0, 0.00000000000000000000e+00) (0, 0, 0.00000000000000000000e+00) (0, 0, 0.00000000000000000000e+00) (0, 0, 0.00000000000000000000e+00) (0, 0, 0.00000000000000000000e+00) (10, 6, 5.00000000000000000000e-01) (10, 6, 5.00000000000000000000e-01) (10, 6, 5.00000000000000000000e-01) (0, 6, 0.00000000000000000000e+00) (4, 4, 5.00000000000000000000e-01) (0, 4, 0.00000000000000000000e+00) 
connections (connected_to_neuron, weight)=(0, -7.42980722980890906371e-01) (1, 5.47051333695626751386e-01) (2, 4.81505984881051785074e-01) (3, 6.08563677086115140114e-01) (4, 8.33152315884331251539e-01) (5, 8.74432868629196669019e-01) (6, 4.43217402235027146951e-01) (7, 1.01751024679066759404e+00) (8, 6.80641538768509413160e-01) (9, -2.11170600689942478123e-01) (0, -2.66065851553473908808e+00) (1, 2.60054856349084451139e+00) (2, 2.17540606863527319348e+00) (3, 4.28575135801952056269e-01) (4, 1.00296818023373290885e+00) (5, 5.60143759502264360073e-01) (6, 4.84937854145686797480e-01) (7, 2.46894219619381694031e+00) (8, 5.68255497170778611782e-01) (9, -2.58950979962144334223e+00) (0, -2.16616959217710558505e+00) (1, 1.26714712125871065140e+00) (2, 8.23396781707101621528e-01) (3, 5.71469157840489683231e-01) (4, 7.26967765551307154581e-01) (5, 7.42614402037360621378e-01) (6, 3.53152019110674730840e-01) (7, 1.39881524452916639056e+00) (8, 7.92770883601405573771e-01) (9, -8.34411930353506470226e-01) (10, 2.45210685311089693350e-01) (11, 1.16464762970543045384e+01) (12, 1.30802088820580686424e+00) (13, -1.23578637045114159143e+00) 
