FANN_FLO_2.1
num_layers=3
learning_rate=0.700000
connection_rate=1.000000
network_type=0
learning_momentum=0.000000
training_algorithm=2
train_error_function=1
train_stop_function=1
cascade_output_change_fraction=0.010000
quickprop_decay=-0.000100
quickprop_mu=1.750000
rprop_increase_factor=1.200000
rprop_decrease_factor=0.500000
rprop_delta_min=0.000000
rprop_delta_max=50.000000
rprop_delta_zero=0.100000
cascade_output_stagnation_epochs=12
cascade_candidate_change_fraction=0.010000
cascade_candidate_stagnation_epochs=12
cascade_max_out_epochs=150
cascade_min_out_epochs=50
cascade_max_cand_epochs=150
cascade_min_cand_epochs=50
cascade_num_candidate_groups=2
bit_fail_limit=1.00000000000000005551e-01
cascade_candidate_limit=1.00000000000000000000e+03
cascade_weight_multiplier=4.00000000000000022204e-01
cascade_activation_functions_count=10
cascade_activation_functions=3 5 7 8 10 11 14 15 16 17 
cascade_activation_steepnesses_count=4
cascade_activation_steepnesses=2.50000000000000000000e-01 5.00000000000000000000e-01 7.50000000000000000000e-01 1.00000000000000000000e+00 
layer_sizes=9 4 2 
scale_included=0
neurons (num_inputs, activation_function, activation_steepness)=(0, 0, 0.00000000000000000000e+00) (0, 0, 0.00000000000000000000e+00) (0, 0, 0.00000000000000000000e+00) (0, 0, 0.00000000000000000000e+00) (0, 0, 0.00000000000000000000e+00) (0, 0, 0.00000000000000000000e+00) (0, 0, 0.00000000000000000000e+00) (0, 0, 0.00000000000000000000e+00) (0, 0, 0.00000000000000000000e+00) (9, 6, 5.00000000000000000000e-01) (9, 6, 5.00000000000000000000e-01) (9, 6, 5.00000000000000000000e-01) (0, 6, 0.00000000000000000000e+00) (4, 4, 5.00000000000000000000e-01) (0, 4, 0.00000000000000000000e+00) 
connections (connected_to_neuron, weight)=(0, 3.95103919230896849513e+00) (1, -2.15181181775168672843e+00) (2, -8.05259445020682473881e-01) (3, -2.07707575126327181891e+00) (4, 5.56116368024537233161e-01) (5, 4.56510323434064058112e-01) (6, 3.92835961752135176539e+00) (7, 3.16436007951338249544e-01) (8, 7.30519079928586334560e-01) (0, 1.24421769218853448535e+01) (1, -4.53982876001106916419e+00) (2, -4.85202183799509079165e+00) (3, -4.29055522775652598000e+00) (4, 6.86255060603129507513e+00) (5, 6.68580828328835607977e+00) (6, 1.24221900241783593799e+01) (7, 4.81710437854606987607e-01) (8, 7.85583704089003020954e+00) (0, 3.98125807665783781886e+00) (1, -1.17982060759683671236e+00) (2, -2.21166846569217323548e+00) (3, -2.24893889738954211310e+00) (4, 4.68588131814191011237e-01) (5, 8.23655263846108764980e-01) (6, 3.89405642174679655909e+00) (7, 3.08111518196015510274e-01) (8, 7.02453689043710083340e-01) (9, -1.33062703798376187336e+01) (10, -1.55313170684588341963e+00) (11, -3.81370506614657989175e+00) (12, -1.46531376971018700850e+00) 
