FANN_FLO_2.1
num_layers=3
learning_rate=0.700000
connection_rate=1.000000
network_type=0
learning_momentum=0.000000
training_algorithm=2
train_error_function=1
train_stop_function=1
cascade_output_change_fraction=0.010000
quickprop_decay=-0.000100
quickprop_mu=1.750000
rprop_increase_factor=1.200000
rprop_decrease_factor=0.500000
rprop_delta_min=0.000000
rprop_delta_max=50.000000
rprop_delta_zero=0.100000
cascade_output_stagnation_epochs=12
cascade_candidate_change_fraction=0.010000
cascade_candidate_stagnation_epochs=12
cascade_max_out_epochs=150
cascade_min_out_epochs=50
cascade_max_cand_epochs=150
cascade_min_cand_epochs=50
cascade_num_candidate_groups=2
bit_fail_limit=1.00000000000000005551e-01
cascade_candidate_limit=1.00000000000000000000e+03
cascade_weight_multiplier=4.00000000000000022204e-01
cascade_activation_functions_count=10
cascade_activation_functions=3 5 7 8 10 11 14 15 16 17 
cascade_activation_steepnesses_count=4
cascade_activation_steepnesses=2.50000000000000000000e-01 5.00000000000000000000e-01 7.50000000000000000000e-01 1.00000000000000000000e+00 
layer_sizes=6 4 2 
scale_included=0
neurons (num_inputs, activation_function, activation_steepness)=(0, 0, 0.00000000000000000000e+00) (0, 0, 0.00000000000000000000e+00) (0, 0, 0.00000000000000000000e+00) (0, 0, 0.00000000000000000000e+00) (0, 0, 0.00000000000000000000e+00) (0, 0, 0.00000000000000000000e+00) (6, 6, 5.00000000000000000000e-01) (6, 6, 5.00000000000000000000e-01) (6, 6, 5.00000000000000000000e-01) (0, 6, 0.00000000000000000000e+00) (4, 4, 5.00000000000000000000e-01) (0, 4, 0.00000000000000000000e+00) 
connections (connected_to_neuron, weight)=(0, -6.82283141689564609500e-01) (1, 7.50771454294952400588e-01) (2, 7.12012596511353823558e+00) (3, 1.71254411935524553101e+00) (4, 1.94048092672154104399e+00) (5, -6.16567448608844714819e-01) (0, -2.57573887108836163673e-01) (1, -2.25345142091279582175e+00) (2, -1.61490178932748906782e+00) (3, -1.60615553634358043666e+00) (4, -3.39333351357329915388e+00) (5, 2.59201694216189659770e+00) (0, -4.71147148925282255316e-01) (1, -1.84332341219297668466e+00) (2, -1.66842904021345250776e+00) (3, -3.03634125981044089571e+00) (4, -3.95431064554364253283e+00) (5, 2.68986827005286910364e+00) (6, 2.15346316294198647512e+00) (7, -9.22666819335954713210e+00) (8, -4.19721956625700798327e+00) (9, -1.58526483627667102994e+00) 
