FANN_FLO_2.1
num_layers=3
learning_rate=0.700000
connection_rate=1.000000
network_type=0
learning_momentum=0.000000
training_algorithm=2
train_error_function=1
train_stop_function=1
cascade_output_change_fraction=0.010000
quickprop_decay=-0.000100
quickprop_mu=1.750000
rprop_increase_factor=1.200000
rprop_decrease_factor=0.500000
rprop_delta_min=0.000000
rprop_delta_max=50.000000
rprop_delta_zero=0.100000
cascade_output_stagnation_epochs=12
cascade_candidate_change_fraction=0.010000
cascade_candidate_stagnation_epochs=12
cascade_max_out_epochs=150
cascade_min_out_epochs=50
cascade_max_cand_epochs=150
cascade_min_cand_epochs=50
cascade_num_candidate_groups=2
bit_fail_limit=1.00000000000000005551e-01
cascade_candidate_limit=1.00000000000000000000e+03
cascade_weight_multiplier=4.00000000000000022204e-01
cascade_activation_functions_count=10
cascade_activation_functions=3 5 7 8 10 11 14 15 16 17 
cascade_activation_steepnesses_count=4
cascade_activation_steepnesses=2.50000000000000000000e-01 5.00000000000000000000e-01 7.50000000000000000000e-01 1.00000000000000000000e+00 
layer_sizes=7 4 2 
scale_included=0
neurons (num_inputs, activation_function, activation_steepness)=(0, 0, 0.00000000000000000000e+00) (0, 0, 0.00000000000000000000e+00) (0, 0, 0.00000000000000000000e+00) (0, 0, 0.00000000000000000000e+00) (0, 0, 0.00000000000000000000e+00) (0, 0, 0.00000000000000000000e+00) (0, 0, 0.00000000000000000000e+00) (7, 6, 5.00000000000000000000e-01) (7, 6, 5.00000000000000000000e-01) (7, 6, 5.00000000000000000000e-01) (0, 6, 0.00000000000000000000e+00) (4, 4, 5.00000000000000000000e-01) (0, 4, 0.00000000000000000000e+00) 
connections (connected_to_neuron, weight)=(0, 1.74227645285761845173e+00) (1, -2.35177366094276951713e+00) (2, 4.15284845412501428530e-03) (3, -1.95258860956474045167e-01) (4, 3.44144728349261186384e-01) (5, -1.24727010809498772836e+00) (6, 1.92013764130200770275e+00) (0, 1.68515162207520496906e+00) (1, -2.38474747942373799248e+00) (2, 4.58489166300803177578e-02) (3, -3.08147487710757728152e-01) (4, 3.62932723330073259138e-01) (5, -1.15969749622660622812e+00) (6, 1.88698763521637347118e+00) (0, -1.64323829424783918185e+00) (1, 2.52149361700842344902e+00) (2, 3.38803212849626556036e+00) (3, 4.63929821906085759764e+00) (4, -3.61426341960960639810e+00) (5, 4.67273487754057814669e+00) (6, -3.01002512942737343593e+00) (7, -1.45984446497978144208e+01) (8, -3.26669881661727146138e+00) (9, 8.02634601359675592391e+00) (10, -2.18347127798541684740e+00) 
