FANN_FLO_2.1
num_layers=3
learning_rate=0.700000
connection_rate=1.000000
network_type=0
learning_momentum=0.000000
training_algorithm=2
train_error_function=1
train_stop_function=1
cascade_output_change_fraction=0.010000
quickprop_decay=-0.000100
quickprop_mu=1.750000
rprop_increase_factor=1.200000
rprop_decrease_factor=0.500000
rprop_delta_min=0.000000
rprop_delta_max=50.000000
rprop_delta_zero=0.100000
cascade_output_stagnation_epochs=12
cascade_candidate_change_fraction=0.010000
cascade_candidate_stagnation_epochs=12
cascade_max_out_epochs=150
cascade_min_out_epochs=50
cascade_max_cand_epochs=150
cascade_min_cand_epochs=50
cascade_num_candidate_groups=2
bit_fail_limit=1.00000000000000005551e-01
cascade_candidate_limit=1.00000000000000000000e+03
cascade_weight_multiplier=4.00000000000000022204e-01
cascade_activation_functions_count=10
cascade_activation_functions=3 5 7 8 10 11 14 15 16 17 
cascade_activation_steepnesses_count=4
cascade_activation_steepnesses=2.50000000000000000000e-01 5.00000000000000000000e-01 7.50000000000000000000e-01 1.00000000000000000000e+00 
layer_sizes=8 4 2 
scale_included=0
neurons (num_inputs, activation_function, activation_steepness)=(0, 0, 0.00000000000000000000e+00) (0, 0, 0.00000000000000000000e+00) (0, 0, 0.00000000000000000000e+00) (0, 0, 0.00000000000000000000e+00) (0, 0, 0.00000000000000000000e+00) (0, 0, 0.00000000000000000000e+00) (0, 0, 0.00000000000000000000e+00) (0, 0, 0.00000000000000000000e+00) (8, 6, 5.00000000000000000000e-01) (8, 6, 5.00000000000000000000e-01) (8, 6, 5.00000000000000000000e-01) (0, 6, 0.00000000000000000000e+00) (4, 4, 5.00000000000000000000e-01) (0, 4, 0.00000000000000000000e+00) 
connections (connected_to_neuron, weight)=(0, 7.49827204848390160841e-01) (1, 2.84143211371882420391e-01) (2, 2.54666812408919807087e-01) (3, 2.45609387446399346500e-01) (4, 3.40986796132511649216e-01) (5, 2.28337305987630051485e-01) (6, 4.69845127353583746910e-01) (7, 7.14775088964517468781e-01) (0, -2.11939184648009915080e+00) (1, 1.02533369230850035514e+00) (2, 1.60730962280404177100e+00) (3, 1.65187060658108753053e+00) (4, 8.56791965516954912019e-01) (5, 1.03522060823803974117e+00) (6, 1.38140178600486907001e+00) (7, -1.94566073022181940111e+00) (0, -5.33235243273086467752e+00) (1, 2.60053539676742095921e+00) (2, 1.78184071344499828093e+00) (3, 1.71664902729158685979e+00) (4, 2.20519408806777628129e+00) (5, 2.54966561151818771336e+00) (6, 1.71527539714037513541e+00) (7, -3.47392170470222572121e+00) (8, -4.41994343757713792353e-01) (9, 5.09344626960393398463e+00) (10, 1.33788223852046019857e+01) (11, -1.70609103188011657082e+00) 
