FANN_FLO_2.1
num_layers=3
learning_rate=0.700000
connection_rate=1.000000
network_type=0
learning_momentum=0.000000
training_algorithm=2
train_error_function=1
train_stop_function=1
cascade_output_change_fraction=0.010000
quickprop_decay=-0.000100
quickprop_mu=1.750000
rprop_increase_factor=1.200000
rprop_decrease_factor=0.500000
rprop_delta_min=0.000000
rprop_delta_max=50.000000
rprop_delta_zero=0.100000
cascade_output_stagnation_epochs=12
cascade_candidate_change_fraction=0.010000
cascade_candidate_stagnation_epochs=12
cascade_max_out_epochs=150
cascade_min_out_epochs=50
cascade_max_cand_epochs=150
cascade_min_cand_epochs=50
cascade_num_candidate_groups=2
bit_fail_limit=1.00000000000000005551e-01
cascade_candidate_limit=1.00000000000000000000e+03
cascade_weight_multiplier=4.00000000000000022204e-01
cascade_activation_functions_count=10
cascade_activation_functions=3 5 7 8 10 11 14 15 16 17 
cascade_activation_steepnesses_count=4
cascade_activation_steepnesses=2.50000000000000000000e-01 5.00000000000000000000e-01 7.50000000000000000000e-01 1.00000000000000000000e+00 
layer_sizes=12 4 2 
scale_included=0
neurons (num_inputs, activation_function, activation_steepness)=(0, 0, 0.00000000000000000000e+00) (0, 0, 0.00000000000000000000e+00) (0, 0, 0.00000000000000000000e+00) (0, 0, 0.00000000000000000000e+00) (0, 0, 0.00000000000000000000e+00) (0, 0, 0.00000000000000000000e+00) (0, 0, 0.00000000000000000000e+00) (0, 0, 0.00000000000000000000e+00) (0, 0, 0.00000000000000000000e+00) (0, 0, 0.00000000000000000000e+00) (0, 0, 0.00000000000000000000e+00) (0, 0, 0.00000000000000000000e+00) (12, 6, 5.00000000000000000000e-01) (12, 6, 5.00000000000000000000e-01) (12, 6, 5.00000000000000000000e-01) (0, 6, 0.00000000000000000000e+00) (4, 4, 5.00000000000000000000e-01) (0, 4, 0.00000000000000000000e+00) 
connections (connected_to_neuron, weight)=(0, 8.13885730613319324789e+00) (1, -2.21601461619345307952e+00) (2, -2.25849985602292724352e+00) (3, -3.08506624953866337435e+00) (4, -5.43353356913642482340e+00) (5, 2.94225286437417188345e-01) (6, 1.12682198215238268957e-01) (7, -7.23102701414440662830e-01) (8, -2.22487332911652968548e+00) (9, -3.21233935064770381729e+00) (10, -2.13670919209982779208e+00) (11, 3.84112832769166390179e+00) (0, -5.94427708845204527677e+00) (1, 2.05928276427462941811e+00) (2, 9.12454746629598356655e-01) (3, 1.84123807847437026552e+00) (4, -3.36707674127092904115e+00) (5, -5.82562123169774848108e-01) (6, 2.54030149003323102441e-02) (7, -5.07987988691515290895e-01) (8, 3.27708258838931704160e-03) (9, -7.77556031578360173917e-01) (10, 2.10207833842415858783e+00) (11, -1.10986456439270075869e+00) (0, 8.12698318172542499838e+00) (1, -2.25219029188362718230e+00) (2, -2.38597431304845519762e+00) (3, -2.96354098426223133700e+00) (4, -5.41326424972133235514e+00) (5, 5.67631049407253618355e-01) (6, -1.03026637069609572350e+00) (7, -7.88507392216537983387e-01) (8, -2.39343744756144927166e+00) (9, -7.01566868360382400738e-01) (10, -2.17718705654408362093e+00) (11, 3.82382429465066353558e+00) (12, -4.68972859390696594772e+00) (13, 1.32028687793297638819e+01) (14, -4.66541145228466103134e+00) (15, -1.03126078197918435997e+00) 
