FANN_FLO_2.1
num_layers=3
learning_rate=0.700000
connection_rate=1.000000
network_type=0
learning_momentum=0.000000
training_algorithm=2
train_error_function=1
train_stop_function=1
cascade_output_change_fraction=0.010000
quickprop_decay=-0.000100
quickprop_mu=1.750000
rprop_increase_factor=1.200000
rprop_decrease_factor=0.500000
rprop_delta_min=0.000000
rprop_delta_max=50.000000
rprop_delta_zero=0.100000
cascade_output_stagnation_epochs=12
cascade_candidate_change_fraction=0.010000
cascade_candidate_stagnation_epochs=12
cascade_max_out_epochs=150
cascade_min_out_epochs=50
cascade_max_cand_epochs=150
cascade_min_cand_epochs=50
cascade_num_candidate_groups=2
bit_fail_limit=1.00000000000000005551e-01
cascade_candidate_limit=1.00000000000000000000e+03
cascade_weight_multiplier=4.00000000000000022204e-01
cascade_activation_functions_count=10
cascade_activation_functions=3 5 7 8 10 11 14 15 16 17 
cascade_activation_steepnesses_count=4
cascade_activation_steepnesses=2.50000000000000000000e-01 5.00000000000000000000e-01 7.50000000000000000000e-01 1.00000000000000000000e+00 
layer_sizes=6 4 2 
scale_included=0
neurons (num_inputs, activation_function, activation_steepness)=(0, 0, 0.00000000000000000000e+00) (0, 0, 0.00000000000000000000e+00) (0, 0, 0.00000000000000000000e+00) (0, 0, 0.00000000000000000000e+00) (0, 0, 0.00000000000000000000e+00) (0, 0, 0.00000000000000000000e+00) (6, 6, 5.00000000000000000000e-01) (6, 6, 5.00000000000000000000e-01) (6, 6, 5.00000000000000000000e-01) (0, 6, 0.00000000000000000000e+00) (4, 4, 5.00000000000000000000e-01) (0, 4, 0.00000000000000000000e+00) 
connections (connected_to_neuron, weight)=(0, -4.05367927352082979553e+00) (1, 1.92059361209318391062e+00) (2, 1.39019422063398057077e+00) (3, 1.64066911052002306626e+00) (4, 3.59912015133654472621e+00) (5, -2.72463596155547005395e+00) (0, -2.31274059906100060147e-01) (1, 5.48563016932485991717e-01) (2, 1.82660119150089034212e-01) (3, 2.19793980439637687274e-01) (4, 5.40352439774514858861e-01) (5, 2.98876214641881736422e-02) (0, -4.24005362068933600028e+00) (1, 2.62128786491443177553e+00) (2, 9.34722442958729415885e-01) (3, 1.55346751225795376428e+00) (4, 2.45889084239570854251e+00) (5, -2.78841559877299172143e+00) (6, 1.18574944624137916804e+01) (7, 1.09227731806567543438e-01) (8, 1.18611975201797523738e+01) (9, -1.73367305199055143916e+00) 
