FANN_FLO_2.1
num_layers=3
learning_rate=0.700000
connection_rate=1.000000
network_type=0
learning_momentum=0.000000
training_algorithm=2
train_error_function=1
train_stop_function=1
cascade_output_change_fraction=0.010000
quickprop_decay=-0.000100
quickprop_mu=1.750000
rprop_increase_factor=1.200000
rprop_decrease_factor=0.500000
rprop_delta_min=0.000000
rprop_delta_max=50.000000
rprop_delta_zero=0.100000
cascade_output_stagnation_epochs=12
cascade_candidate_change_fraction=0.010000
cascade_candidate_stagnation_epochs=12
cascade_max_out_epochs=150
cascade_min_out_epochs=50
cascade_max_cand_epochs=150
cascade_min_cand_epochs=50
cascade_num_candidate_groups=2
bit_fail_limit=1.00000000000000005551e-01
cascade_candidate_limit=1.00000000000000000000e+03
cascade_weight_multiplier=4.00000000000000022204e-01
cascade_activation_functions_count=10
cascade_activation_functions=3 5 7 8 10 11 14 15 16 17 
cascade_activation_steepnesses_count=4
cascade_activation_steepnesses=2.50000000000000000000e-01 5.00000000000000000000e-01 7.50000000000000000000e-01 1.00000000000000000000e+00 
layer_sizes=18 4 2 
scale_included=0
neurons (num_inputs, activation_function, activation_steepness)=(0, 0, 0.00000000000000000000e+00) (0, 0, 0.00000000000000000000e+00) (0, 0, 0.00000000000000000000e+00) (0, 0, 0.00000000000000000000e+00) (0, 0, 0.00000000000000000000e+00) (0, 0, 0.00000000000000000000e+00) (0, 0, 0.00000000000000000000e+00) (0, 0, 0.00000000000000000000e+00) (0, 0, 0.00000000000000000000e+00) (0, 0, 0.00000000000000000000e+00) (0, 0, 0.00000000000000000000e+00) (0, 0, 0.00000000000000000000e+00) (0, 0, 0.00000000000000000000e+00) (0, 0, 0.00000000000000000000e+00) (0, 0, 0.00000000000000000000e+00) (0, 0, 0.00000000000000000000e+00) (0, 0, 0.00000000000000000000e+00) (0, 0, 0.00000000000000000000e+00) (18, 6, 5.00000000000000000000e-01) (18, 6, 5.00000000000000000000e-01) (18, 6, 5.00000000000000000000e-01) (0, 6, 0.00000000000000000000e+00) (4, 4, 5.00000000000000000000e-01) (0, 4, 0.00000000000000000000e+00) 
connections (connected_to_neuron, weight)=(0, -2.02282637935905418303e+00) (1, 4.70831441643606352088e-01) (2, 2.86097321277027916153e-01) (3, 2.75501080850199597805e+00) (4, 4.88860763466017617107e-02) (5, 2.70703861061825978851e-01) (6, 1.67048689121525484325e+00) (7, -4.08401917359831195808e-02) (8, 3.02283623759045827484e-01) (9, 4.32016953594200781019e-01) (10, 2.16389931725728484890e-01) (11, 8.89645346123663194327e-01) (12, 4.35702493577528396362e-02) (13, -6.06293273414498345986e-01) (14, -5.58157994011711233728e-02) (15, 1.65770052053398764258e+01) (16, 1.63293898592793311764e+01) (17, -6.51668926562839034844e-01) (0, -4.09938176702000944829e+00) (1, 1.72053964592722774540e+00) (2, 9.20389196656846930722e-01) (3, 1.42310910998130091265e+00) (4, 3.35088020837426947551e-01) (5, 1.22909458599191956374e+00) (6, 1.68492204888179730737e+00) (7, -1.72468886776760005342e-02) (8, 1.23415919265848450515e+00) (9, 2.05580277365241492760e+00) (10, 1.69135592038824267291e+00) (11, 1.11519762232346497655e+00) (12, 1.06176441065106375028e+00) (13, 4.20760098580016062009e-01) (14, -1.59387997732444192112e-01) (15, 3.19789744360329031281e+00) (16, 1.32567211956192565481e+00) (17, -1.79413225499817396980e+00) (0, -1.92386534643201767558e+00) (1, 4.86354234578977751013e-01) (2, 1.11833075228728517914e+00) (3, 2.63234879324273007839e+00) (4, 1.53197802459852840812e-02) (5, 1.56151959244504257018e-01) (6, 4.63698168142515521062e-01) (7, 4.07977158231086156626e-01) (8, 3.14762943927541005706e-01) (9, 2.88638685914572812319e-01) (10, 1.40377886109422395089e-01) (11, 9.01003905255285508780e-01) (12, 3.93767049699354568237e-02) (13, -2.39637398732328615880e-01) (14, -2.16925072193608514670e-01) (15, 1.05651202293951360645e+01) (16, 1.63229266743265952755e+01) (17, -5.92514228722624269885e-01) (18, 5.10745405266411101053e-01) (19, 3.30782947252995001008e+01) (20, 1.01340349836883281132e-01) (21, -1.81173397226163412910e+00) 
