FANN_FLO_2.1
num_layers=3
learning_rate=0.700000
connection_rate=1.000000
network_type=0
learning_momentum=0.000000
training_algorithm=2
train_error_function=1
train_stop_function=1
cascade_output_change_fraction=0.010000
quickprop_decay=-0.000100
quickprop_mu=1.750000
rprop_increase_factor=1.200000
rprop_decrease_factor=0.500000
rprop_delta_min=0.000000
rprop_delta_max=50.000000
rprop_delta_zero=0.100000
cascade_output_stagnation_epochs=12
cascade_candidate_change_fraction=0.010000
cascade_candidate_stagnation_epochs=12
cascade_max_out_epochs=150
cascade_min_out_epochs=50
cascade_max_cand_epochs=150
cascade_min_cand_epochs=50
cascade_num_candidate_groups=2
bit_fail_limit=1.00000000000000005551e-01
cascade_candidate_limit=1.00000000000000000000e+03
cascade_weight_multiplier=4.00000000000000022204e-01
cascade_activation_functions_count=10
cascade_activation_functions=3 5 7 8 10 11 14 15 16 17 
cascade_activation_steepnesses_count=4
cascade_activation_steepnesses=2.50000000000000000000e-01 5.00000000000000000000e-01 7.50000000000000000000e-01 1.00000000000000000000e+00 
layer_sizes=13 4 2 
scale_included=0
neurons (num_inputs, activation_function, activation_steepness)=(0, 0, 0.00000000000000000000e+00) (0, 0, 0.00000000000000000000e+00) (0, 0, 0.00000000000000000000e+00) (0, 0, 0.00000000000000000000e+00) (0, 0, 0.00000000000000000000e+00) (0, 0, 0.00000000000000000000e+00) (0, 0, 0.00000000000000000000e+00) (0, 0, 0.00000000000000000000e+00) (0, 0, 0.00000000000000000000e+00) (0, 0, 0.00000000000000000000e+00) (0, 0, 0.00000000000000000000e+00) (0, 0, 0.00000000000000000000e+00) (0, 0, 0.00000000000000000000e+00) (13, 6, 5.00000000000000000000e-01) (13, 6, 5.00000000000000000000e-01) (13, 6, 5.00000000000000000000e-01) (0, 6, 0.00000000000000000000e+00) (4, 4, 5.00000000000000000000e-01) (0, 4, 0.00000000000000000000e+00) 
connections (connected_to_neuron, weight)=(0, 1.56383812497151808429e+00) (1, -1.00415750205309128873e+00) (2, -1.22515676846941801159e+00) (3, 1.18827482747401624863e-01) (4, -1.04874069969339238639e+01) (5, 6.47942083330182327927e-01) (6, -2.94747396538276917877e-01) (7, -6.43018266416252176620e-02) (8, 5.08480279924569167349e+00) (9, -1.15343469761390693407e+01) (10, 2.36486308982519183308e-01) (11, -9.43751715291641701810e+00) (12, 1.47828728030217604328e+00) (0, -6.12301762416457728833e-01) (1, 1.34290471037441794255e-01) (2, 9.23659002623812730448e-01) (3, 2.89515626610686249709e-01) (4, -6.80370623161131726775e-01) (5, 1.14461762850587192020e+01) (6, 6.79974211457498256550e+00) (7, -1.99693835517338480479e+00) (8, -4.06855015752073878588e+00) (9, -6.11542117889363606720e-02) (10, -9.28114408255832468164e-01) (11, -4.24622171664777725564e-01) (12, -4.65182133618722903901e-01) (0, -2.32842461211939788512e+00) (1, 1.84433194455811055867e+00) (2, 3.05665255684639258771e-01) (3, -5.84901567182986914517e-01) (4, 1.56576455529617319939e+00) (5, 2.42632770996565172439e+00) (6, 1.60493229421086591735e+00) (7, 7.97216720496033537380e-01) (8, -2.96166751515290238572e+00) (9, 2.60502092163650100787e+00) (10, -1.71952945090057629507e+00) (11, 6.93377113008348144874e-01) (12, -1.29679567342027524113e+00) (13, -2.47824375609109326390e+00) (14, 1.79291884561084247096e+00) (15, 1.37082375854820153194e+01) (16, -4.06355893082606822730e+00) 
