FANN_FLO_2.1
num_layers=3
learning_rate=0.700000
connection_rate=1.000000
network_type=0
learning_momentum=0.000000
training_algorithm=2
train_error_function=1
train_stop_function=1
cascade_output_change_fraction=0.010000
quickprop_decay=-0.000100
quickprop_mu=1.750000
rprop_increase_factor=1.200000
rprop_decrease_factor=0.500000
rprop_delta_min=0.000000
rprop_delta_max=50.000000
rprop_delta_zero=0.100000
cascade_output_stagnation_epochs=12
cascade_candidate_change_fraction=0.010000
cascade_candidate_stagnation_epochs=12
cascade_max_out_epochs=150
cascade_min_out_epochs=50
cascade_max_cand_epochs=150
cascade_min_cand_epochs=50
cascade_num_candidate_groups=2
bit_fail_limit=1.00000000000000005551e-01
cascade_candidate_limit=1.00000000000000000000e+03
cascade_weight_multiplier=4.00000000000000022204e-01
cascade_activation_functions_count=10
cascade_activation_functions=3 5 7 8 10 11 14 15 16 17 
cascade_activation_steepnesses_count=4
cascade_activation_steepnesses=2.50000000000000000000e-01 5.00000000000000000000e-01 7.50000000000000000000e-01 1.00000000000000000000e+00 
layer_sizes=15 4 2 
scale_included=0
neurons (num_inputs, activation_function, activation_steepness)=(0, 0, 0.00000000000000000000e+00) (0, 0, 0.00000000000000000000e+00) (0, 0, 0.00000000000000000000e+00) (0, 0, 0.00000000000000000000e+00) (0, 0, 0.00000000000000000000e+00) (0, 0, 0.00000000000000000000e+00) (0, 0, 0.00000000000000000000e+00) (0, 0, 0.00000000000000000000e+00) (0, 0, 0.00000000000000000000e+00) (0, 0, 0.00000000000000000000e+00) (0, 0, 0.00000000000000000000e+00) (0, 0, 0.00000000000000000000e+00) (0, 0, 0.00000000000000000000e+00) (0, 0, 0.00000000000000000000e+00) (0, 0, 0.00000000000000000000e+00) (15, 6, 5.00000000000000000000e-01) (15, 6, 5.00000000000000000000e-01) (15, 6, 5.00000000000000000000e-01) (0, 6, 0.00000000000000000000e+00) (4, 4, 5.00000000000000000000e-01) (0, 4, 0.00000000000000000000e+00) 
connections (connected_to_neuron, weight)=(0, 9.13516120031863110285e-01) (1, -6.65026727368080550207e-01) (2, -1.27339709183732230358e+00) (3, -3.94871376081344815923e-01) (4, -5.46226026826244992485e-01) (5, 6.99877822081657940956e-01) (6, 2.51907220068390147460e+00) (7, -6.53165194441521101965e-01) (8, 4.26076221650449937783e+00) (9, 2.96329800191401870890e+00) (10, -1.21635068699077319998e+00) (11, -1.49422014512499568006e+00) (12, -1.22080028063217360668e+00) (13, -3.15095340821186464808e+00) (14, 8.70689262872314517772e-01) (0, -4.72784785701658050172e-01) (1, 1.86177801789822545686e+01) (2, 1.67321579853276158900e+00) (3, 8.38438980522941967877e-01) (4, 8.43487982079341280794e-01) (5, -3.20785508940034103098e-01) (6, -1.65190514201207827583e+00) (7, 1.85386405887188878694e+01) (8, -2.10556899147393306038e+00) (9, -3.27361147194116641757e+00) (10, 1.86877417200629891703e+00) (11, 1.35174813864604814739e+00) (12, 1.64508134476268086388e+00) (13, 1.85383353905858960786e+01) (14, -4.36129272008365043156e-01) (0, 8.13215055200408737379e-02) (1, 7.64280050191027626738e+00) (2, 5.56290836735058080720e-01) (3, 1.63323271577934581167e-01) (4, 3.79122704564282486661e-01) (5, 1.32004862808724393597e-01) (6, -2.06672495391501398476e-01) (7, 7.47842073383671746001e+00) (8, -3.97909719879629641959e-01) (9, -1.01430165655073434294e+00) (10, 7.09181308441253599462e-01) (11, 4.81286271077361549331e-01) (12, 5.23816877706337225007e-01) (13, 7.50087459328515038237e+00) (14, 1.18253465692359671646e-01) (15, -1.06938687760909978408e+01) (16, 1.05408693959671726503e+01) (17, 2.10402837802503656084e-01) (18, -2.90373803457078027979e-01) 
