FANN_FLO_2.1
num_layers=3
learning_rate=0.700000
connection_rate=1.000000
network_type=0
learning_momentum=0.000000
training_algorithm=2
train_error_function=1
train_stop_function=1
cascade_output_change_fraction=0.010000
quickprop_decay=-0.000100
quickprop_mu=1.750000
rprop_increase_factor=1.200000
rprop_decrease_factor=0.500000
rprop_delta_min=0.000000
rprop_delta_max=50.000000
rprop_delta_zero=0.100000
cascade_output_stagnation_epochs=12
cascade_candidate_change_fraction=0.010000
cascade_candidate_stagnation_epochs=12
cascade_max_out_epochs=150
cascade_min_out_epochs=50
cascade_max_cand_epochs=150
cascade_min_cand_epochs=50
cascade_num_candidate_groups=2
bit_fail_limit=1.00000000000000005551e-01
cascade_candidate_limit=1.00000000000000000000e+03
cascade_weight_multiplier=4.00000000000000022204e-01
cascade_activation_functions_count=10
cascade_activation_functions=3 5 7 8 10 11 14 15 16 17 
cascade_activation_steepnesses_count=4
cascade_activation_steepnesses=2.50000000000000000000e-01 5.00000000000000000000e-01 7.50000000000000000000e-01 1.00000000000000000000e+00 
layer_sizes=14 4 2 
scale_included=0
neurons (num_inputs, activation_function, activation_steepness)=(0, 0, 0.00000000000000000000e+00) (0, 0, 0.00000000000000000000e+00) (0, 0, 0.00000000000000000000e+00) (0, 0, 0.00000000000000000000e+00) (0, 0, 0.00000000000000000000e+00) (0, 0, 0.00000000000000000000e+00) (0, 0, 0.00000000000000000000e+00) (0, 0, 0.00000000000000000000e+00) (0, 0, 0.00000000000000000000e+00) (0, 0, 0.00000000000000000000e+00) (0, 0, 0.00000000000000000000e+00) (0, 0, 0.00000000000000000000e+00) (0, 0, 0.00000000000000000000e+00) (0, 0, 0.00000000000000000000e+00) (14, 6, 5.00000000000000000000e-01) (14, 6, 5.00000000000000000000e-01) (14, 6, 5.00000000000000000000e-01) (0, 6, 0.00000000000000000000e+00) (4, 4, 5.00000000000000000000e-01) (0, 4, 0.00000000000000000000e+00) 
connections (connected_to_neuron, weight)=(0, -3.01132593913242052608e+00) (1, 2.45517211598880358281e+00) (2, 1.52229903014360101743e+00) (3, 2.46614555334189899938e+00) (4, 4.68977641835447045526e-01) (5, 9.92104509191682359948e-01) (6, 1.87808560730302276376e+00) (7, 2.68085082127568608001e+00) (8, 2.31762024661615173571e+00) (9, -3.28753090157237692903e-01) (10, 3.82924357183438024421e+00) (11, 1.11025202035616810115e+00) (12, 5.97296223991746089155e-01) (13, -3.09199020130798052364e+00) (0, -3.07305417819186876827e+00) (1, 2.56562166003309366502e+00) (2, 1.45285701127706201596e+00) (3, 2.56470850174764075646e+00) (4, 7.01112452885954251514e-01) (5, 9.35144254284074549766e-01) (6, 1.36329382617614713880e+00) (7, 2.67586688949582462982e+00) (8, 2.35309374978854934923e+00) (9, -3.27457773192849799226e-01) (10, 4.25930692679015887592e+00) (11, 1.12244545802186901362e+00) (12, 6.11930080705517909223e-01) (13, -3.08623554421827028804e+00) (0, -3.37194117231093437592e-01) (1, 6.71319741766352673373e-01) (2, 2.58030460355672730532e-01) (3, 2.57205972498444390695e+00) (4, -7.33436380770815382624e-03) (5, -9.87635806765905545357e-03) (6, 8.95829461965846618465e-02) (7, 5.58901590613332666102e-01) (8, 1.05830506901930831987e+00) (9, -2.31144866449179142709e-01) (10, 1.27886029901353315275e+00) (11, 1.58570250865998918499e+00) (12, 1.64669624048207374756e+00) (13, -3.52389948887549431245e-01) (14, 1.38472182404352217588e+01) (15, 1.38867290567708998594e+01) (16, 9.35608874956177505311e-01) (17, -1.11010183634795978058e+00) 
