FANN_FLO_2.1
num_layers=3
learning_rate=0.700000
connection_rate=1.000000
network_type=0
learning_momentum=0.000000
training_algorithm=2
train_error_function=1
train_stop_function=1
cascade_output_change_fraction=0.010000
quickprop_decay=-0.000100
quickprop_mu=1.750000
rprop_increase_factor=1.200000
rprop_decrease_factor=0.500000
rprop_delta_min=0.000000
rprop_delta_max=50.000000
rprop_delta_zero=0.100000
cascade_output_stagnation_epochs=12
cascade_candidate_change_fraction=0.010000
cascade_candidate_stagnation_epochs=12
cascade_max_out_epochs=150
cascade_min_out_epochs=50
cascade_max_cand_epochs=150
cascade_min_cand_epochs=50
cascade_num_candidate_groups=2
bit_fail_limit=1.00000000000000005551e-01
cascade_candidate_limit=1.00000000000000000000e+03
cascade_weight_multiplier=4.00000000000000022204e-01
cascade_activation_functions_count=10
cascade_activation_functions=3 5 7 8 10 11 14 15 16 17 
cascade_activation_steepnesses_count=4
cascade_activation_steepnesses=2.50000000000000000000e-01 5.00000000000000000000e-01 7.50000000000000000000e-01 1.00000000000000000000e+00 
layer_sizes=10 4 2 
scale_included=0
neurons (num_inputs, activation_function, activation_steepness)=(0, 0, 0.00000000000000000000e+00) (0, 0, 0.00000000000000000000e+00) (0, 0, 0.00000000000000000000e+00) (0, 0, 0.00000000000000000000e+00) (0, 0, 0.00000000000000000000e+00) (0, 0, 0.00000000000000000000e+00) (0, 0, 0.00000000000000000000e+00) (0, 0, 0.00000000000000000000e+00) (0, 0, 0.00000000000000000000e+00) (0, 0, 0.00000000000000000000e+00) (10, 6, 5.00000000000000000000e-01) (10, 6, 5.00000000000000000000e-01) (10, 6, 5.00000000000000000000e-01) (0, 6, 0.00000000000000000000e+00) (4, 4, 5.00000000000000000000e-01) (0, 4, 0.00000000000000000000e+00) 
connections (connected_to_neuron, weight)=(0, -7.26954955272389558019e+00) (1, 2.36510152623300395902e+00) (2, 7.11010845340911634693e-01) (3, 3.75720457815349795361e-01) (4, -1.49718182058089760433e-01) (5, -6.00258658093282063128e-02) (6, -3.07285773567847764198e+00) (7, -3.48358436861978004728e+00) (8, -1.56742706245605756266e+00) (9, 5.68383460479907273721e-02) (0, -1.29358282444723626803e+00) (1, 1.05835542062419851739e+00) (2, 5.89798937096114861411e-01) (3, 6.28410811109258005125e-01) (4, -7.88181036255524714029e-02) (5, -1.84596860226570347319e-01) (6, -2.40299875255399841834e+00) (7, -3.98058892194326663372e-01) (8, -1.55067692841847987184e-01) (9, -1.59250945876261290612e-01) (0, 7.15807634242869639252e+00) (1, -4.85199318414357705365e+00) (2, -3.75167033900528634760e+00) (3, -3.42467421330627663778e+00) (4, -1.67730458624300027282e+00) (5, 1.36754682566125973509e+00) (6, 3.96620031027826813741e+00) (7, 5.74304959205507881137e+00) (8, 3.24835074208913310301e+00) (9, 3.70366710133735921318e+00) (10, 2.35281587540644787637e+00) (11, 2.31974309086341046182e+00) (12, -4.91299900324672211838e+00) (13, -1.32444088155962358400e+00) 
