FANN_FLO_2.1
num_layers=3
learning_rate=0.700000
connection_rate=1.000000
network_type=0
learning_momentum=0.000000
training_algorithm=2
train_error_function=1
train_stop_function=1
cascade_output_change_fraction=0.010000
quickprop_decay=-0.000100
quickprop_mu=1.750000
rprop_increase_factor=1.200000
rprop_decrease_factor=0.500000
rprop_delta_min=0.000000
rprop_delta_max=50.000000
rprop_delta_zero=0.100000
cascade_output_stagnation_epochs=12
cascade_candidate_change_fraction=0.010000
cascade_candidate_stagnation_epochs=12
cascade_max_out_epochs=150
cascade_min_out_epochs=50
cascade_max_cand_epochs=150
cascade_min_cand_epochs=50
cascade_num_candidate_groups=2
bit_fail_limit=1.00000000000000005551e-01
cascade_candidate_limit=1.00000000000000000000e+03
cascade_weight_multiplier=4.00000000000000022204e-01
cascade_activation_functions_count=10
cascade_activation_functions=3 5 7 8 10 11 14 15 16 17 
cascade_activation_steepnesses_count=4
cascade_activation_steepnesses=2.50000000000000000000e-01 5.00000000000000000000e-01 7.50000000000000000000e-01 1.00000000000000000000e+00 
layer_sizes=12 4 2 
scale_included=0
neurons (num_inputs, activation_function, activation_steepness)=(0, 0, 0.00000000000000000000e+00) (0, 0, 0.00000000000000000000e+00) (0, 0, 0.00000000000000000000e+00) (0, 0, 0.00000000000000000000e+00) (0, 0, 0.00000000000000000000e+00) (0, 0, 0.00000000000000000000e+00) (0, 0, 0.00000000000000000000e+00) (0, 0, 0.00000000000000000000e+00) (0, 0, 0.00000000000000000000e+00) (0, 0, 0.00000000000000000000e+00) (0, 0, 0.00000000000000000000e+00) (0, 0, 0.00000000000000000000e+00) (12, 6, 5.00000000000000000000e-01) (12, 6, 5.00000000000000000000e-01) (12, 6, 5.00000000000000000000e-01) (0, 6, 0.00000000000000000000e+00) (4, 4, 5.00000000000000000000e-01) (0, 4, 0.00000000000000000000e+00) 
connections (connected_to_neuron, weight)=(0, 4.12867836274708188693e-01) (1, -2.60933361649476758259e+00) (2, -3.80664718959926096087e-01) (3, 1.80659847647303251073e-01) (4, 1.48221046711742132640e-01) (5, -7.06908982309938593858e-01) (6, -2.16207468359951165970e-02) (7, 5.34906549541134035408e-01) (8, 1.03494566913186730739e-01) (9, 1.81928553666412085033e-01) (10, 5.25860069481510317146e-01) (11, 2.76532704223949543643e-01) (0, 2.30569939685371494420e+00) (1, -6.32772005979361296113e+00) (2, 1.10232762238070347571e+00) (3, 1.73108407393638819016e+00) (4, 1.79422058448736398972e+00) (5, 1.15632769083663800025e+00) (6, 1.66927385613863199509e+00) (7, 1.70514449015800684251e+00) (8, 1.62750502959434739658e+00) (9, 1.66658573508803575791e+00) (10, 1.64784797564689844407e+00) (11, 3.17425718830873115905e+00) (0, 5.42184064700004131332e-01) (1, -2.65594094693624249715e+00) (2, -4.16865525458453622942e-01) (3, 1.08929889589899700497e-01) (4, 1.12365302677690209743e-01) (5, -7.12249945912004633897e-01) (6, 8.00642779619212818787e-02) (7, 4.41987177518982143898e-01) (8, 1.94485681344825828143e-01) (9, 1.63776115562259350078e-01) (10, 5.21953044621128237068e-01) (11, 2.84420157064754597354e-01) (12, -3.00945428555273908344e+00) (13, -6.31131312412368039588e+00) (14, -3.00265688245558637348e+00) (15, -2.17269541416805367362e+00) 
