FANN_FLO_2.1
num_layers=3
learning_rate=0.700000
connection_rate=1.000000
network_type=0
learning_momentum=0.000000
training_algorithm=2
train_error_function=1
train_stop_function=1
cascade_output_change_fraction=0.010000
quickprop_decay=-0.000100
quickprop_mu=1.750000
rprop_increase_factor=1.200000
rprop_decrease_factor=0.500000
rprop_delta_min=0.000000
rprop_delta_max=50.000000
rprop_delta_zero=0.100000
cascade_output_stagnation_epochs=12
cascade_candidate_change_fraction=0.010000
cascade_candidate_stagnation_epochs=12
cascade_max_out_epochs=150
cascade_min_out_epochs=50
cascade_max_cand_epochs=150
cascade_min_cand_epochs=50
cascade_num_candidate_groups=2
bit_fail_limit=1.00000000000000005551e-01
cascade_candidate_limit=1.00000000000000000000e+03
cascade_weight_multiplier=4.00000000000000022204e-01
cascade_activation_functions_count=10
cascade_activation_functions=3 5 7 8 10 11 14 15 16 17 
cascade_activation_steepnesses_count=4
cascade_activation_steepnesses=2.50000000000000000000e-01 5.00000000000000000000e-01 7.50000000000000000000e-01 1.00000000000000000000e+00 
layer_sizes=7 4 2 
scale_included=0
neurons (num_inputs, activation_function, activation_steepness)=(0, 0, 0.00000000000000000000e+00) (0, 0, 0.00000000000000000000e+00) (0, 0, 0.00000000000000000000e+00) (0, 0, 0.00000000000000000000e+00) (0, 0, 0.00000000000000000000e+00) (0, 0, 0.00000000000000000000e+00) (0, 0, 0.00000000000000000000e+00) (7, 6, 5.00000000000000000000e-01) (7, 6, 5.00000000000000000000e-01) (7, 6, 5.00000000000000000000e-01) (0, 6, 0.00000000000000000000e+00) (4, 4, 5.00000000000000000000e-01) (0, 4, 0.00000000000000000000e+00) 
connections (connected_to_neuron, weight)=(0, -3.20346184122415333917e+00) (1, 2.12170626319355459799e+00) (2, 2.70748532155887566830e+00) (3, 3.20971720545953242976e-01) (4, -7.17808024930370658367e-01) (5, -9.30373709394370362880e-01) (6, -1.78501113260235677593e+00) (0, 3.65399591299909953790e+00) (1, -2.27763486960056926733e+00) (2, -3.43114786789395154187e+00) (3, 2.90707506331783327447e-01) (4, 9.73223942604611869100e-01) (5, 1.05411058225924825216e+00) (6, 2.09613476956232558379e+00) (0, -6.47342106570093189788e+00) (1, 2.42986350481218948971e+00) (2, 1.70417723964366096823e+00) (3, -3.15891330007980086769e-01) (4, -1.42165433526330975411e+00) (5, -9.94878943755065248133e-01) (6, -7.98164818429910716269e-01) (7, 4.98701969354676410973e+00) (8, -4.46292711247980022904e+00) (9, 5.27211061101941336204e+00) (10, -1.39018120816719847888e+00) 
