FANN_FLO_2.1
num_layers=3
learning_rate=0.700000
connection_rate=1.000000
network_type=0
learning_momentum=0.000000
training_algorithm=2
train_error_function=1
train_stop_function=1
cascade_output_change_fraction=0.010000
quickprop_decay=-0.000100
quickprop_mu=1.750000
rprop_increase_factor=1.200000
rprop_decrease_factor=0.500000
rprop_delta_min=0.000000
rprop_delta_max=50.000000
rprop_delta_zero=0.100000
cascade_output_stagnation_epochs=12
cascade_candidate_change_fraction=0.010000
cascade_candidate_stagnation_epochs=12
cascade_max_out_epochs=150
cascade_min_out_epochs=50
cascade_max_cand_epochs=150
cascade_min_cand_epochs=50
cascade_num_candidate_groups=2
bit_fail_limit=1.00000000000000005551e-01
cascade_candidate_limit=1.00000000000000000000e+03
cascade_weight_multiplier=4.00000000000000022204e-01
cascade_activation_functions_count=10
cascade_activation_functions=3 5 7 8 10 11 14 15 16 17 
cascade_activation_steepnesses_count=4
cascade_activation_steepnesses=2.50000000000000000000e-01 5.00000000000000000000e-01 7.50000000000000000000e-01 1.00000000000000000000e+00 
layer_sizes=8 4 2 
scale_included=0
neurons (num_inputs, activation_function, activation_steepness)=(0, 0, 0.00000000000000000000e+00) (0, 0, 0.00000000000000000000e+00) (0, 0, 0.00000000000000000000e+00) (0, 0, 0.00000000000000000000e+00) (0, 0, 0.00000000000000000000e+00) (0, 0, 0.00000000000000000000e+00) (0, 0, 0.00000000000000000000e+00) (0, 0, 0.00000000000000000000e+00) (8, 6, 5.00000000000000000000e-01) (8, 6, 5.00000000000000000000e-01) (8, 6, 5.00000000000000000000e-01) (0, 6, 0.00000000000000000000e+00) (4, 4, 5.00000000000000000000e-01) (0, 4, 0.00000000000000000000e+00) 
connections (connected_to_neuron, weight)=(0, -2.40569996799197466375e-01) (1, 3.66870055664294136832e+00) (2, 9.31307666054434268865e-01) (3, 6.35536401905180570182e-01) (4, 3.05407010623289121298e-01) (5, 4.81965097561990574171e-01) (6, 6.35487300244670039184e-01) (7, -1.35727296349163945033e-01) (0, 2.22588860220330664319e+00) (1, -1.38850580074848295453e+00) (2, -9.47363143932577145279e-01) (3, -2.27455132990813835292e+00) (4, 8.52812494145218535913e-01) (5, 3.62845639582667217615e-02) (6, -2.15604168762486914090e+00) (7, 1.46445335099246687349e+00) (0, 3.17240995166750572309e+00) (1, -1.44224575825990797284e+00) (2, -1.83468940464087704179e+00) (3, -2.16467248215610652551e+00) (4, 8.54487421916309997094e-01) (5, -1.20960717205014292586e-02) (6, -2.12124893282574156217e+00) (7, 1.13716603357695200671e+00) (8, 9.15694668523474364363e-01) (9, -1.09362408347227866301e+01) (10, -1.73678669180723339593e+01) (11, -6.19424247283121176544e-01) 
