FANN_FLO_2.1
num_layers=3
learning_rate=0.700000
connection_rate=1.000000
network_type=0
learning_momentum=0.000000
training_algorithm=2
train_error_function=1
train_stop_function=1
cascade_output_change_fraction=0.010000
quickprop_decay=-0.000100
quickprop_mu=1.750000
rprop_increase_factor=1.200000
rprop_decrease_factor=0.500000
rprop_delta_min=0.000000
rprop_delta_max=50.000000
rprop_delta_zero=0.100000
cascade_output_stagnation_epochs=12
cascade_candidate_change_fraction=0.010000
cascade_candidate_stagnation_epochs=12
cascade_max_out_epochs=150
cascade_min_out_epochs=50
cascade_max_cand_epochs=150
cascade_min_cand_epochs=50
cascade_num_candidate_groups=2
bit_fail_limit=1.00000000000000005551e-01
cascade_candidate_limit=1.00000000000000000000e+03
cascade_weight_multiplier=4.00000000000000022204e-01
cascade_activation_functions_count=10
cascade_activation_functions=3 5 7 8 10 11 14 15 16 17 
cascade_activation_steepnesses_count=4
cascade_activation_steepnesses=2.50000000000000000000e-01 5.00000000000000000000e-01 7.50000000000000000000e-01 1.00000000000000000000e+00 
layer_sizes=7 4 2 
scale_included=0
neurons (num_inputs, activation_function, activation_steepness)=(0, 0, 0.00000000000000000000e+00) (0, 0, 0.00000000000000000000e+00) (0, 0, 0.00000000000000000000e+00) (0, 0, 0.00000000000000000000e+00) (0, 0, 0.00000000000000000000e+00) (0, 0, 0.00000000000000000000e+00) (0, 0, 0.00000000000000000000e+00) (7, 6, 5.00000000000000000000e-01) (7, 6, 5.00000000000000000000e-01) (7, 6, 5.00000000000000000000e-01) (0, 6, 0.00000000000000000000e+00) (4, 4, 5.00000000000000000000e-01) (0, 4, 0.00000000000000000000e+00) 
connections (connected_to_neuron, weight)=(0, 3.29469837836552192911e+00) (1, -2.43832963108678457687e+00) (2, -2.53724208622832891891e+00) (3, 3.25206809212996855729e-02) (4, 3.76582260162403481552e-01) (5, 2.36093374819328682968e-01) (6, 2.14990470508566833274e+00) (0, 3.13616031401203032569e-01) (1, -2.96755565442257784881e-01) (2, -4.29242946591869567463e-01) (3, 4.07436430014293041180e-02) (4, -7.34392077787553165802e-02) (5, 1.52138689848352021139e-01) (6, 1.47431631248841820900e-03) (0, 3.29662431619692375406e+00) (1, -2.14163841333985649484e+00) (2, -2.47239314168353674361e+00) (3, 9.93257269730403319352e-02) (4, 3.35728104145100014755e-01) (5, 3.28710938722660439559e-01) (6, 2.15572660366526580589e+00) (7, -5.48346196197924395932e+00) (8, -5.04241945973851080076e-01) (9, -5.57162313246187945737e+00) (10, -9.77519811534255045338e-01) 
