FANN_FLO_2.1
num_layers=3
learning_rate=0.700000
connection_rate=1.000000
network_type=0
learning_momentum=0.000000
training_algorithm=2
train_error_function=1
train_stop_function=1
cascade_output_change_fraction=0.010000
quickprop_decay=-0.000100
quickprop_mu=1.750000
rprop_increase_factor=1.200000
rprop_decrease_factor=0.500000
rprop_delta_min=0.000000
rprop_delta_max=50.000000
rprop_delta_zero=0.100000
cascade_output_stagnation_epochs=12
cascade_candidate_change_fraction=0.010000
cascade_candidate_stagnation_epochs=12
cascade_max_out_epochs=150
cascade_min_out_epochs=50
cascade_max_cand_epochs=150
cascade_min_cand_epochs=50
cascade_num_candidate_groups=2
bit_fail_limit=1.00000000000000005551e-01
cascade_candidate_limit=1.00000000000000000000e+03
cascade_weight_multiplier=4.00000000000000022204e-01
cascade_activation_functions_count=10
cascade_activation_functions=3 5 7 8 10 11 14 15 16 17 
cascade_activation_steepnesses_count=4
cascade_activation_steepnesses=2.50000000000000000000e-01 5.00000000000000000000e-01 7.50000000000000000000e-01 1.00000000000000000000e+00 
layer_sizes=7 4 2 
scale_included=0
neurons (num_inputs, activation_function, activation_steepness)=(0, 0, 0.00000000000000000000e+00) (0, 0, 0.00000000000000000000e+00) (0, 0, 0.00000000000000000000e+00) (0, 0, 0.00000000000000000000e+00) (0, 0, 0.00000000000000000000e+00) (0, 0, 0.00000000000000000000e+00) (0, 0, 0.00000000000000000000e+00) (7, 6, 5.00000000000000000000e-01) (7, 6, 5.00000000000000000000e-01) (7, 6, 5.00000000000000000000e-01) (0, 6, 0.00000000000000000000e+00) (4, 4, 5.00000000000000000000e-01) (0, 4, 0.00000000000000000000e+00) 
connections (connected_to_neuron, weight)=(0, 3.31722042991933374623e+00) (1, -2.44871420762389879755e+00) (2, -2.53339398385157243965e+00) (3, -4.10454662311882101378e-01) (4, 9.07435742997543037802e-01) (5, -4.02323437649816595396e-01) (6, 2.55688904397007865654e+00) (0, -1.21602487417519511403e+00) (1, 8.53162137643266982323e-01) (2, 9.38356330470014876610e-01) (3, 5.28574026406286590074e-02) (4, -6.54829495174928388757e-02) (5, 9.59379410990564701622e-02) (6, -6.11874651668242869329e-02) (0, -4.85968211606491340415e-01) (1, 8.16925504709649530355e-01) (2, 7.44068015019033301982e-01) (3, 2.15657730232209077226e-01) (4, 7.11728377084715341239e-02) (5, 1.33764544298872828376e-01) (6, 6.69194295767269325959e-02) (7, -9.45894464735926376875e+00) (8, 2.77023372038073212309e+00) (9, 4.05153785080379913452e-01) (10, -1.10504821858151824898e+00) 
