FANN_FLO_2.1
num_layers=3
learning_rate=0.700000
connection_rate=1.000000
network_type=0
learning_momentum=0.000000
training_algorithm=2
train_error_function=1
train_stop_function=1
cascade_output_change_fraction=0.010000
quickprop_decay=-0.000100
quickprop_mu=1.750000
rprop_increase_factor=1.200000
rprop_decrease_factor=0.500000
rprop_delta_min=0.000000
rprop_delta_max=50.000000
rprop_delta_zero=0.100000
cascade_output_stagnation_epochs=12
cascade_candidate_change_fraction=0.010000
cascade_candidate_stagnation_epochs=12
cascade_max_out_epochs=150
cascade_min_out_epochs=50
cascade_max_cand_epochs=150
cascade_min_cand_epochs=50
cascade_num_candidate_groups=2
bit_fail_limit=1.00000000000000005551e-01
cascade_candidate_limit=1.00000000000000000000e+03
cascade_weight_multiplier=4.00000000000000022204e-01
cascade_activation_functions_count=10
cascade_activation_functions=3 5 7 8 10 11 14 15 16 17 
cascade_activation_steepnesses_count=4
cascade_activation_steepnesses=2.50000000000000000000e-01 5.00000000000000000000e-01 7.50000000000000000000e-01 1.00000000000000000000e+00 
layer_sizes=14 4 2 
scale_included=0
neurons (num_inputs, activation_function, activation_steepness)=(0, 0, 0.00000000000000000000e+00) (0, 0, 0.00000000000000000000e+00) (0, 0, 0.00000000000000000000e+00) (0, 0, 0.00000000000000000000e+00) (0, 0, 0.00000000000000000000e+00) (0, 0, 0.00000000000000000000e+00) (0, 0, 0.00000000000000000000e+00) (0, 0, 0.00000000000000000000e+00) (0, 0, 0.00000000000000000000e+00) (0, 0, 0.00000000000000000000e+00) (0, 0, 0.00000000000000000000e+00) (0, 0, 0.00000000000000000000e+00) (0, 0, 0.00000000000000000000e+00) (0, 0, 0.00000000000000000000e+00) (14, 6, 5.00000000000000000000e-01) (14, 6, 5.00000000000000000000e-01) (14, 6, 5.00000000000000000000e-01) (0, 6, 0.00000000000000000000e+00) (4, 4, 5.00000000000000000000e-01) (0, 4, 0.00000000000000000000e+00) 
connections (connected_to_neuron, weight)=(0, 3.34838644133647322931e+00) (1, -2.27274765980749826610e+00) (2, -2.08293930333719501391e+00) (3, 3.25760169725838599764e-01) (4, 2.16580560993875081977e+00) (5, 1.30957857070541350275e+00) (6, 2.18967832815373952826e+00) (7, -3.08658486371616636035e+00) (8, -9.29956099064602970117e-01) (9, -2.07273111397421283542e+00) (10, -2.28128445399564006024e+00) (11, 3.87843322069172713462e-01) (12, 6.33834818716049464005e-02) (13, 1.54990159720560893852e+00) (0, -4.10573960005757077063e-01) (1, 1.05480523142036686224e+00) (2, 6.58759989247610588947e-01) (3, 3.16783617619278645705e-01) (4, -3.93219168642679695047e-01) (5, -1.91241879097560352196e-01) (6, -7.06696105020051756895e-01) (7, 7.51071080695779436098e-01) (8, 5.42463964114813013140e-01) (9, 3.96304389028170556131e+00) (10, 7.72981091443986967349e-01) (11, 2.09202438669296358897e-01) (12, 6.35332921307349307583e-01) (13, -5.43883609855096220032e-02) (0, -3.58771429121014340247e-01) (1, 1.02161209019836674017e+00) (2, 7.41029985652258416096e-01) (3, 1.25911149564984087279e-01) (4, -6.84792518362897117967e-01) (5, -1.13721344701388782372e-01) (6, -6.46001127378946105040e-01) (7, 7.58694984149129503237e-01) (8, 4.08950938175348555070e-01) (9, 3.94381191520312368581e+00) (10, 7.26605801884622648501e-01) (11, 2.11879432277771090343e-01) (12, 6.69015081386828525112e-01) (13, 8.17831960237104804712e-02) (14, -2.25163691406508981174e+01) (15, 5.54645825255874691528e-01) (16, 5.83553928960327206177e-01) (17, -6.79865750570513016626e-01) 
