FANN_FLO_2.1
num_layers=3
learning_rate=0.700000
connection_rate=1.000000
network_type=0
learning_momentum=0.000000
training_algorithm=2
train_error_function=1
train_stop_function=1
cascade_output_change_fraction=0.010000
quickprop_decay=-0.000100
quickprop_mu=1.750000
rprop_increase_factor=1.200000
rprop_decrease_factor=0.500000
rprop_delta_min=0.000000
rprop_delta_max=50.000000
rprop_delta_zero=0.100000
cascade_output_stagnation_epochs=12
cascade_candidate_change_fraction=0.010000
cascade_candidate_stagnation_epochs=12
cascade_max_out_epochs=150
cascade_min_out_epochs=50
cascade_max_cand_epochs=150
cascade_min_cand_epochs=50
cascade_num_candidate_groups=2
bit_fail_limit=1.00000000000000005551e-01
cascade_candidate_limit=1.00000000000000000000e+03
cascade_weight_multiplier=4.00000000000000022204e-01
cascade_activation_functions_count=10
cascade_activation_functions=3 5 7 8 10 11 14 15 16 17 
cascade_activation_steepnesses_count=4
cascade_activation_steepnesses=2.50000000000000000000e-01 5.00000000000000000000e-01 7.50000000000000000000e-01 1.00000000000000000000e+00 
layer_sizes=7 4 2 
scale_included=0
neurons (num_inputs, activation_function, activation_steepness)=(0, 0, 0.00000000000000000000e+00) (0, 0, 0.00000000000000000000e+00) (0, 0, 0.00000000000000000000e+00) (0, 0, 0.00000000000000000000e+00) (0, 0, 0.00000000000000000000e+00) (0, 0, 0.00000000000000000000e+00) (0, 0, 0.00000000000000000000e+00) (7, 6, 5.00000000000000000000e-01) (7, 6, 5.00000000000000000000e-01) (7, 6, 5.00000000000000000000e-01) (0, 6, 0.00000000000000000000e+00) (4, 4, 5.00000000000000000000e-01) (0, 4, 0.00000000000000000000e+00) 
connections (connected_to_neuron, weight)=(0, -1.20960619922093970402e+00) (1, 2.03724676165877083278e+00) (2, 2.01093722675142982936e+00) (3, -8.67847045201559863514e-01) (4, -9.96474412519236185659e-01) (5, -5.24433461118817501045e-01) (6, -8.65444337267180285878e-01) (0, -7.40423661136392041726e+00) (1, 2.50242947985441199776e+00) (2, 3.00636646655813644102e+00) (3, 1.59703678584787289729e-01) (4, -1.36860638925027400248e+00) (5, -5.73457080661683105127e-01) (6, -1.46025791087340861552e+00) (0, -8.45679159120841905661e-01) (1, 1.59061014922569032848e+00) (2, 1.50881843539188142955e+00) (3, -4.35049902168998525731e-01) (4, -7.22176173168917356904e-01) (5, -6.54664935011168180878e-01) (6, -7.90593930918474852021e-01) (7, 1.92857580661108718445e+00) (8, 8.94964857180280581872e+00) (9, 1.62944626217134724833e+00) (10, -2.34420564865453284753e+00) 
