FANN_FLO_2.1
num_layers=3
learning_rate=0.700000
connection_rate=1.000000
network_type=0
learning_momentum=0.000000
training_algorithm=2
train_error_function=1
train_stop_function=1
cascade_output_change_fraction=0.010000
quickprop_decay=-0.000100
quickprop_mu=1.750000
rprop_increase_factor=1.200000
rprop_decrease_factor=0.500000
rprop_delta_min=0.000000
rprop_delta_max=50.000000
rprop_delta_zero=0.100000
cascade_output_stagnation_epochs=12
cascade_candidate_change_fraction=0.010000
cascade_candidate_stagnation_epochs=12
cascade_max_out_epochs=150
cascade_min_out_epochs=50
cascade_max_cand_epochs=150
cascade_min_cand_epochs=50
cascade_num_candidate_groups=2
bit_fail_limit=1.00000000000000005551e-01
cascade_candidate_limit=1.00000000000000000000e+03
cascade_weight_multiplier=4.00000000000000022204e-01
cascade_activation_functions_count=10
cascade_activation_functions=3 5 7 8 10 11 14 15 16 17 
cascade_activation_steepnesses_count=4
cascade_activation_steepnesses=2.50000000000000000000e-01 5.00000000000000000000e-01 7.50000000000000000000e-01 1.00000000000000000000e+00 
layer_sizes=8 4 2 
scale_included=0
neurons (num_inputs, activation_function, activation_steepness)=(0, 0, 0.00000000000000000000e+00) (0, 0, 0.00000000000000000000e+00) (0, 0, 0.00000000000000000000e+00) (0, 0, 0.00000000000000000000e+00) (0, 0, 0.00000000000000000000e+00) (0, 0, 0.00000000000000000000e+00) (0, 0, 0.00000000000000000000e+00) (0, 0, 0.00000000000000000000e+00) (8, 6, 5.00000000000000000000e-01) (8, 6, 5.00000000000000000000e-01) (8, 6, 5.00000000000000000000e-01) (0, 6, 0.00000000000000000000e+00) (4, 4, 5.00000000000000000000e-01) (0, 4, 0.00000000000000000000e+00) 
connections (connected_to_neuron, weight)=(0, 1.65265913023495247813e+00) (1, -4.78834575631344261382e+00) (2, 1.24189521021506626974e-01) (3, 9.09719035975609324751e-01) (4, 4.29337620224620741816e-01) (5, 7.84631364993725322066e-01) (6, 9.27307949416313670454e-01) (7, 9.47178573362503550825e-01) (0, -2.43819467484223478815e-01) (1, 1.74854851695181956472e+00) (2, 3.13470835997051444632e-01) (3, -2.49081484734284513971e-01) (4, 3.54392591740077533835e-01) (5, 6.64592899228972910919e-02) (6, 1.07091385110799713898e-01) (7, -1.48878673051415610917e-01) (0, 1.69786232425713112804e+00) (1, -4.66976358213150444243e+00) (2, 1.74934702760836918722e-01) (3, 7.98590243808899424849e-01) (4, 5.35974673416282576532e-01) (5, 8.76225211672459147749e-01) (6, 9.49940607897911570845e-01) (7, 9.09997896306190989790e-01) (8, -2.41779631418826657097e+00) (9, 7.19095836777071228951e-01) (10, -2.42948799622895794670e+00) (11, -8.24525914609870347327e-01) 
