FANN_FLO_2.1
num_layers=3
learning_rate=0.700000
connection_rate=1.000000
network_type=0
learning_momentum=0.000000
training_algorithm=2
train_error_function=1
train_stop_function=1
cascade_output_change_fraction=0.010000
quickprop_decay=-0.000100
quickprop_mu=1.750000
rprop_increase_factor=1.200000
rprop_decrease_factor=0.500000
rprop_delta_min=0.000000
rprop_delta_max=50.000000
rprop_delta_zero=0.100000
cascade_output_stagnation_epochs=12
cascade_candidate_change_fraction=0.010000
cascade_candidate_stagnation_epochs=12
cascade_max_out_epochs=150
cascade_min_out_epochs=50
cascade_max_cand_epochs=150
cascade_min_cand_epochs=50
cascade_num_candidate_groups=2
bit_fail_limit=1.00000000000000005551e-01
cascade_candidate_limit=1.00000000000000000000e+03
cascade_weight_multiplier=4.00000000000000022204e-01
cascade_activation_functions_count=10
cascade_activation_functions=3 5 7 8 10 11 14 15 16 17 
cascade_activation_steepnesses_count=4
cascade_activation_steepnesses=2.50000000000000000000e-01 5.00000000000000000000e-01 7.50000000000000000000e-01 1.00000000000000000000e+00 
layer_sizes=11 4 2 
scale_included=0
neurons (num_inputs, activation_function, activation_steepness)=(0, 0, 0.00000000000000000000e+00) (0, 0, 0.00000000000000000000e+00) (0, 0, 0.00000000000000000000e+00) (0, 0, 0.00000000000000000000e+00) (0, 0, 0.00000000000000000000e+00) (0, 0, 0.00000000000000000000e+00) (0, 0, 0.00000000000000000000e+00) (0, 0, 0.00000000000000000000e+00) (0, 0, 0.00000000000000000000e+00) (0, 0, 0.00000000000000000000e+00) (0, 0, 0.00000000000000000000e+00) (11, 6, 5.00000000000000000000e-01) (11, 6, 5.00000000000000000000e-01) (11, 6, 5.00000000000000000000e-01) (0, 6, 0.00000000000000000000e+00) (4, 4, 5.00000000000000000000e-01) (0, 4, 0.00000000000000000000e+00) 
connections (connected_to_neuron, weight)=(0, 6.19733481070155023396e-01) (1, -3.14695681997768428317e+00) (2, 3.73338901290051150550e-01) (3, 6.33895261546725152790e-01) (4, 5.91825282534712560079e-01) (5, 3.49849217423550296058e-01) (6, 6.32934777399653314411e-01) (7, 9.06895029346106884560e-01) (8, 6.67302733620756982624e-01) (9, 9.83939151267169354043e-01) (10, 6.71967497429007409870e-01) (0, -4.08636151794543489579e-01) (1, 3.08572794118158366672e+00) (2, -1.07548877863038905289e-01) (3, -3.33949505333056673173e-01) (4, -4.78122461365813711254e-01) (5, -1.77586235372175105240e-01) (6, -3.67614782396903261308e-01) (7, -6.00737724231833913890e-01) (8, -4.47972852515334585277e-01) (9, -1.51474611511984647017e+00) (10, -3.06535228137126192216e-01) (0, 6.92443212827795862019e-01) (1, -3.20516091206304576389e+00) (2, 3.81709002741924929847e-01) (3, 6.10960988661402581990e-01) (4, 6.65255358776205896199e-01) (5, 4.53201168068997073402e-01) (6, 7.10640630087012059590e-01) (7, 6.21790854593867181599e-01) (8, 6.50094276627653955281e-01) (9, 9.29657529095767376504e-01) (10, 6.89876785835379480183e-01) (11, -3.17608283081285502902e+00) (12, 3.19220219918720271579e+00) (13, -3.19141397991411235324e+00) (14, -2.98448069934001192216e-01) 
