FANN_FLO_2.1
num_layers=3
learning_rate=0.700000
connection_rate=1.000000
network_type=0
learning_momentum=0.000000
training_algorithm=2
train_error_function=1
train_stop_function=1
cascade_output_change_fraction=0.010000
quickprop_decay=-0.000100
quickprop_mu=1.750000
rprop_increase_factor=1.200000
rprop_decrease_factor=0.500000
rprop_delta_min=0.000000
rprop_delta_max=50.000000
rprop_delta_zero=0.100000
cascade_output_stagnation_epochs=12
cascade_candidate_change_fraction=0.010000
cascade_candidate_stagnation_epochs=12
cascade_max_out_epochs=150
cascade_min_out_epochs=50
cascade_max_cand_epochs=150
cascade_min_cand_epochs=50
cascade_num_candidate_groups=2
bit_fail_limit=1.00000000000000005551e-01
cascade_candidate_limit=1.00000000000000000000e+03
cascade_weight_multiplier=4.00000000000000022204e-01
cascade_activation_functions_count=10
cascade_activation_functions=3 5 7 8 10 11 14 15 16 17 
cascade_activation_steepnesses_count=4
cascade_activation_steepnesses=2.50000000000000000000e-01 5.00000000000000000000e-01 7.50000000000000000000e-01 1.00000000000000000000e+00 
layer_sizes=11 4 2 
scale_included=0
neurons (num_inputs, activation_function, activation_steepness)=(0, 0, 0.00000000000000000000e+00) (0, 0, 0.00000000000000000000e+00) (0, 0, 0.00000000000000000000e+00) (0, 0, 0.00000000000000000000e+00) (0, 0, 0.00000000000000000000e+00) (0, 0, 0.00000000000000000000e+00) (0, 0, 0.00000000000000000000e+00) (0, 0, 0.00000000000000000000e+00) (0, 0, 0.00000000000000000000e+00) (0, 0, 0.00000000000000000000e+00) (0, 0, 0.00000000000000000000e+00) (11, 6, 5.00000000000000000000e-01) (11, 6, 5.00000000000000000000e-01) (11, 6, 5.00000000000000000000e-01) (0, 6, 0.00000000000000000000e+00) (4, 4, 5.00000000000000000000e-01) (0, 4, 0.00000000000000000000e+00) 
connections (connected_to_neuron, weight)=(0, -5.81995187204850439322e-01) (1, 8.79674345474788954569e-01) (2, 1.27412430594985104371e+00) (3, 7.07168079673330618462e-01) (4, -5.42459793468305084829e-01) (5, 1.17742056784150506132e+00) (6, -2.85377744751494737130e-02) (7, 1.45580883252094922531e-01) (8, -5.60029245992490487538e-01) (9, -4.35048917711354621307e-01) (10, -6.69741431398107933681e-01) (0, -1.01205752059689513267e+00) (1, 2.14134147367325144984e+00) (2, 1.79709311178063413372e+00) (3, 1.03997296036558206644e+00) (4, -8.38343181627362099562e-01) (5, 1.79789930142037346350e+00) (6, 3.54563951502024299334e-01) (7, 3.03588081160961753557e-01) (8, -7.47327447848885384474e-01) (9, -6.57804080924409007025e-01) (10, -2.22922578122927372846e+00) (0, -4.78753761280373835163e-01) (1, 8.12481732925770860909e-01) (2, 2.87071869998311413053e-01) (3, 3.52543905094053644511e-01) (4, 9.50620244613389342447e-02) (5, 4.46438507553868824118e-01) (6, 3.82804929410782701638e-01) (7, 3.00278957183951034082e-01) (8, 4.45095855167607773462e-02) (9, 2.19114980878104298467e-01) (10, -7.55388774637264392986e-01) (11, 2.31217615660277697742e+00) (12, 2.54542343437257940764e+01) (13, 2.83020859472500818654e+00) (14, -1.73536243679672841367e+00) 
