FANN_FLO_2.1
num_layers=3
learning_rate=0.700000
connection_rate=1.000000
network_type=0
learning_momentum=0.000000
training_algorithm=2
train_error_function=1
train_stop_function=1
cascade_output_change_fraction=0.010000
quickprop_decay=-0.000100
quickprop_mu=1.750000
rprop_increase_factor=1.200000
rprop_decrease_factor=0.500000
rprop_delta_min=0.000000
rprop_delta_max=50.000000
rprop_delta_zero=0.100000
cascade_output_stagnation_epochs=12
cascade_candidate_change_fraction=0.010000
cascade_candidate_stagnation_epochs=12
cascade_max_out_epochs=150
cascade_min_out_epochs=50
cascade_max_cand_epochs=150
cascade_min_cand_epochs=50
cascade_num_candidate_groups=2
bit_fail_limit=1.00000000000000005551e-01
cascade_candidate_limit=1.00000000000000000000e+03
cascade_weight_multiplier=4.00000000000000022204e-01
cascade_activation_functions_count=10
cascade_activation_functions=3 5 7 8 10 11 14 15 16 17 
cascade_activation_steepnesses_count=4
cascade_activation_steepnesses=2.50000000000000000000e-01 5.00000000000000000000e-01 7.50000000000000000000e-01 1.00000000000000000000e+00 
layer_sizes=11 4 2 
scale_included=0
neurons (num_inputs, activation_function, activation_steepness)=(0, 0, 0.00000000000000000000e+00) (0, 0, 0.00000000000000000000e+00) (0, 0, 0.00000000000000000000e+00) (0, 0, 0.00000000000000000000e+00) (0, 0, 0.00000000000000000000e+00) (0, 0, 0.00000000000000000000e+00) (0, 0, 0.00000000000000000000e+00) (0, 0, 0.00000000000000000000e+00) (0, 0, 0.00000000000000000000e+00) (0, 0, 0.00000000000000000000e+00) (0, 0, 0.00000000000000000000e+00) (11, 6, 5.00000000000000000000e-01) (11, 6, 5.00000000000000000000e-01) (11, 6, 5.00000000000000000000e-01) (0, 6, 0.00000000000000000000e+00) (4, 4, 5.00000000000000000000e-01) (0, 4, 0.00000000000000000000e+00) 
connections (connected_to_neuron, weight)=(0, -6.02268029271025073790e-01) (1, 1.14411791170058796396e+00) (2, 2.85758760177635284805e+00) (3, 2.35425098372523844414e-01) (4, 1.34364492525090772901e+00) (5, -2.02579637604411377794e+00) (6, -1.90079390990193664024e+00) (7, 7.79392456184380022499e-01) (8, 1.31137634981127715328e+00) (9, 3.19850591172829146203e+00) (10, -2.05554332980318532620e+00) (0, 2.86516292618801626801e-01) (1, -2.51291929077677878013e+00) (2, -3.21689370675801500354e+00) (3, 2.99089868411812576099e+00) (4, 1.99986346332919756597e-02) (5, 2.06720258422821867583e+00) (6, 2.46741063796390758256e+00) (7, 8.57565840514101118686e-01) (8, -2.39168733791901111374e+00) (9, -3.14921373011218896920e+00) (10, 2.36635098043804781298e+00) (0, 1.35554694162207306496e-01) (1, -2.39383207898907812705e+00) (2, -2.61600754394052348317e+00) (3, 1.25665095983091079646e+00) (4, -1.55244088966818893915e+00) (5, 1.24482476050847568061e+00) (6, 1.23003079826825656440e+00) (7, 8.85896896751321882846e-01) (8, -2.33360895948006152878e+00) (9, -2.61666148484442429023e+00) (10, 2.82742762407055936436e+00) (11, 6.04576947916836981989e+00) (12, -1.52010674541016541639e+01) (13, -6.82519667364344151395e+00) (14, -8.91954170314798733266e-01) 
