FANN_FLO_2.1
num_layers=3
learning_rate=0.700000
connection_rate=1.000000
network_type=0
learning_momentum=0.000000
training_algorithm=2
train_error_function=1
train_stop_function=1
cascade_output_change_fraction=0.010000
quickprop_decay=-0.000100
quickprop_mu=1.750000
rprop_increase_factor=1.200000
rprop_decrease_factor=0.500000
rprop_delta_min=0.000000
rprop_delta_max=50.000000
rprop_delta_zero=0.100000
cascade_output_stagnation_epochs=12
cascade_candidate_change_fraction=0.010000
cascade_candidate_stagnation_epochs=12
cascade_max_out_epochs=150
cascade_min_out_epochs=50
cascade_max_cand_epochs=150
cascade_min_cand_epochs=50
cascade_num_candidate_groups=2
bit_fail_limit=1.00000000000000005551e-01
cascade_candidate_limit=1.00000000000000000000e+03
cascade_weight_multiplier=4.00000000000000022204e-01
cascade_activation_functions_count=10
cascade_activation_functions=3 5 7 8 10 11 14 15 16 17 
cascade_activation_steepnesses_count=4
cascade_activation_steepnesses=2.50000000000000000000e-01 5.00000000000000000000e-01 7.50000000000000000000e-01 1.00000000000000000000e+00 
layer_sizes=9 4 2 
scale_included=0
neurons (num_inputs, activation_function, activation_steepness)=(0, 0, 0.00000000000000000000e+00) (0, 0, 0.00000000000000000000e+00) (0, 0, 0.00000000000000000000e+00) (0, 0, 0.00000000000000000000e+00) (0, 0, 0.00000000000000000000e+00) (0, 0, 0.00000000000000000000e+00) (0, 0, 0.00000000000000000000e+00) (0, 0, 0.00000000000000000000e+00) (0, 0, 0.00000000000000000000e+00) (9, 6, 5.00000000000000000000e-01) (9, 6, 5.00000000000000000000e-01) (9, 6, 5.00000000000000000000e-01) (0, 6, 0.00000000000000000000e+00) (4, 4, 5.00000000000000000000e-01) (0, 4, 0.00000000000000000000e+00) 
connections (connected_to_neuron, weight)=(0, 4.28699450762320211084e+00) (1, -1.51769247422127939728e+00) (2, -1.38540594990783394458e+00) (3, 1.77143651533266055509e-01) (4, -1.86357552850241470210e+00) (5, 3.44818883612349746937e-01) (6, -3.35629606910564648459e-01) (7, -1.86225704395766067378e+00) (8, 2.06300580870839755931e+00) (0, -5.23626407754404610273e+00) (1, 1.68027926990431231147e+00) (2, 2.25714566516102088656e+00) (3, -2.55657142118548896814e-01) (4, 2.55927829293957831425e+00) (5, -9.37903271208919142587e-01) (6, -1.22817045758188658766e+00) (7, 2.71934692411175893412e+00) (8, -1.24657183485734712747e+00) (0, 3.36859548771600536554e+00) (1, -1.59072416046767450837e+00) (2, -1.52976852019363174229e+00) (3, 2.38544215777347662355e-01) (4, -1.93277809315914916866e+00) (5, 5.43711334548855562687e-01) (6, -1.14392377951973836514e-01) (7, -1.87267517590517806880e+00) (8, 1.97871736061307745835e+00) (9, -1.34692837946670600502e+01) (10, 1.73258952559897672074e+00) (11, -3.14154169797704305722e+01) (12, -6.56585470202969867515e-01) 
