FANN_FLO_2.1
num_layers=3
learning_rate=0.700000
connection_rate=1.000000
network_type=0
learning_momentum=0.000000
training_algorithm=2
train_error_function=1
train_stop_function=1
cascade_output_change_fraction=0.010000
quickprop_decay=-0.000100
quickprop_mu=1.750000
rprop_increase_factor=1.200000
rprop_decrease_factor=0.500000
rprop_delta_min=0.000000
rprop_delta_max=50.000000
rprop_delta_zero=0.100000
cascade_output_stagnation_epochs=12
cascade_candidate_change_fraction=0.010000
cascade_candidate_stagnation_epochs=12
cascade_max_out_epochs=150
cascade_min_out_epochs=50
cascade_max_cand_epochs=150
cascade_min_cand_epochs=50
cascade_num_candidate_groups=2
bit_fail_limit=1.00000000000000005551e-01
cascade_candidate_limit=1.00000000000000000000e+03
cascade_weight_multiplier=4.00000000000000022204e-01
cascade_activation_functions_count=10
cascade_activation_functions=3 5 7 8 10 11 14 15 16 17 
cascade_activation_steepnesses_count=4
cascade_activation_steepnesses=2.50000000000000000000e-01 5.00000000000000000000e-01 7.50000000000000000000e-01 1.00000000000000000000e+00 
layer_sizes=12 4 2 
scale_included=0
neurons (num_inputs, activation_function, activation_steepness)=(0, 0, 0.00000000000000000000e+00) (0, 0, 0.00000000000000000000e+00) (0, 0, 0.00000000000000000000e+00) (0, 0, 0.00000000000000000000e+00) (0, 0, 0.00000000000000000000e+00) (0, 0, 0.00000000000000000000e+00) (0, 0, 0.00000000000000000000e+00) (0, 0, 0.00000000000000000000e+00) (0, 0, 0.00000000000000000000e+00) (0, 0, 0.00000000000000000000e+00) (0, 0, 0.00000000000000000000e+00) (0, 0, 0.00000000000000000000e+00) (12, 6, 5.00000000000000000000e-01) (12, 6, 5.00000000000000000000e-01) (12, 6, 5.00000000000000000000e-01) (0, 6, 0.00000000000000000000e+00) (4, 4, 5.00000000000000000000e-01) (0, 4, 0.00000000000000000000e+00) 
connections (connected_to_neuron, weight)=(0, 8.96533637549148609835e-01) (1, -3.42913288262619464497e-01) (2, -5.68986803963908638337e+00) (3, -3.98914158166727927934e-01) (4, 3.36326436473816459127e+00) (5, 2.70492255200336842336e+02) (6, -4.15948376237883277184e+00) (7, -3.59525064834844343409e+00) (8, 2.08429042858871926835e-01) (9, 2.41494181069974835907e+01) (10, 2.72936000078551046499e+02) (11, 8.76513770508501210976e-01) (0, -2.81570773303827914802e+00) (1, 3.83475316464722715271e-01) (2, 1.16718197746479757093e+00) (3, 3.45250838467217158190e-01) (4, -5.27650397615817334795e-01) (5, 5.14391391235768651313e+02) (6, 5.09440459775848730750e-01) (7, 8.60615669000261429566e-01) (8, 4.23916318329066066362e-01) (9, -3.59028591813910447073e+00) (10, 5.14519464607715462989e+02) (11, -7.13360438546947334126e-02) (0, 1.23456612251668551572e+00) (1, 1.37351442592439254575e-01) (2, -5.67219253555068458894e+00) (3, -3.14814265639862700397e-01) (4, 2.54947630695535609746e+00) (5, 2.70387448196004299916e+02) (6, -4.08257989763750739343e+00) (7, -3.67747603067647688135e+00) (8, 2.39665263010057971726e-01) (9, 2.42841262582187589203e+01) (10, 2.73056248515478841909e+02) (11, 7.15114005424028920110e-01) (12, -2.54651822886843159921e+00) (13, 2.19757399863266691398e+01) (14, -1.26186823128243541525e+00) (15, -1.81412749486401986276e-01) 
