FANN_FLO_2.1
num_layers=3
learning_rate=0.700000
connection_rate=1.000000
network_type=0
learning_momentum=0.000000
training_algorithm=2
train_error_function=1
train_stop_function=1
cascade_output_change_fraction=0.010000
quickprop_decay=-0.000100
quickprop_mu=1.750000
rprop_increase_factor=1.200000
rprop_decrease_factor=0.500000
rprop_delta_min=0.000000
rprop_delta_max=50.000000
rprop_delta_zero=0.100000
cascade_output_stagnation_epochs=12
cascade_candidate_change_fraction=0.010000
cascade_candidate_stagnation_epochs=12
cascade_max_out_epochs=150
cascade_min_out_epochs=50
cascade_max_cand_epochs=150
cascade_min_cand_epochs=50
cascade_num_candidate_groups=2
bit_fail_limit=1.00000000000000005551e-01
cascade_candidate_limit=1.00000000000000000000e+03
cascade_weight_multiplier=4.00000000000000022204e-01
cascade_activation_functions_count=10
cascade_activation_functions=3 5 7 8 10 11 14 15 16 17 
cascade_activation_steepnesses_count=4
cascade_activation_steepnesses=2.50000000000000000000e-01 5.00000000000000000000e-01 7.50000000000000000000e-01 1.00000000000000000000e+00 
layer_sizes=13 4 2 
scale_included=0
neurons (num_inputs, activation_function, activation_steepness)=(0, 0, 0.00000000000000000000e+00) (0, 0, 0.00000000000000000000e+00) (0, 0, 0.00000000000000000000e+00) (0, 0, 0.00000000000000000000e+00) (0, 0, 0.00000000000000000000e+00) (0, 0, 0.00000000000000000000e+00) (0, 0, 0.00000000000000000000e+00) (0, 0, 0.00000000000000000000e+00) (0, 0, 0.00000000000000000000e+00) (0, 0, 0.00000000000000000000e+00) (0, 0, 0.00000000000000000000e+00) (0, 0, 0.00000000000000000000e+00) (0, 0, 0.00000000000000000000e+00) (13, 6, 5.00000000000000000000e-01) (13, 6, 5.00000000000000000000e-01) (13, 6, 5.00000000000000000000e-01) (0, 6, 0.00000000000000000000e+00) (4, 4, 5.00000000000000000000e-01) (0, 4, 0.00000000000000000000e+00) 
connections (connected_to_neuron, weight)=(0, -4.12404930882073905707e+00) (1, 1.69153008760167189450e+00) (2, 1.26007941443069948484e+00) (3, 1.02771980141598029412e+00) (4, 1.34160130255837661828e+00) (5, 1.06098129138508001645e+00) (6, 9.85602743368288125581e-01) (7, -1.48739240255760241105e-01) (8, -1.02542884094502850800e+00) (9, 8.67283323225363833586e-01) (10, 6.92684511846736961083e-01) (11, 7.75298212120457685970e-01) (12, -1.79813472209307545491e+00) (0, -2.58514730358561406476e+00) (1, 3.42156782490179489642e+00) (2, 4.36600979990644899598e-01) (3, 1.84149769078540241629e-02) (4, 3.34241915527077382286e-01) (5, 4.38005733838694233384e+00) (6, 3.21550937904647371468e+00) (7, 3.03023383469182761019e+00) (8, 4.01240044973551590601e+00) (9, -6.44247212791102352725e+00) (10, 3.16360161264258865632e-01) (11, -8.20773301469924443374e-01) (12, -1.38479415655493931503e-01) (0, -9.46125068923969747559e-02) (1, 2.35923182759513183626e+00) (2, 3.84039445879199026201e-01) (3, -6.71220574801182634506e-02) (4, 5.01596276949365482700e-01) (5, 2.33574993453334256444e+00) (6, 3.06850158600739009174e+00) (7, 2.64909527007897205308e+00) (8, 3.73825694320905732582e+00) (9, -7.00009610845983853977e+00) (10, 2.15181554818490594627e+00) (11, -2.12687790511569696505e+00) (12, -1.95924355413288009409e-01) (13, 3.43106153097575372612e+01) (14, 1.14027750432208008213e+00) (15, 2.90904650029844669135e+00) (16, -1.73847013367149227925e+00) 
