FANN_FLO_2.1
num_layers=3
learning_rate=0.700000
connection_rate=1.000000
network_type=0
learning_momentum=0.000000
training_algorithm=2
train_error_function=1
train_stop_function=1
cascade_output_change_fraction=0.010000
quickprop_decay=-0.000100
quickprop_mu=1.750000
rprop_increase_factor=1.200000
rprop_decrease_factor=0.500000
rprop_delta_min=0.000000
rprop_delta_max=50.000000
rprop_delta_zero=0.100000
cascade_output_stagnation_epochs=12
cascade_candidate_change_fraction=0.010000
cascade_candidate_stagnation_epochs=12
cascade_max_out_epochs=150
cascade_min_out_epochs=50
cascade_max_cand_epochs=150
cascade_min_cand_epochs=50
cascade_num_candidate_groups=2
bit_fail_limit=1.00000000000000005551e-01
cascade_candidate_limit=1.00000000000000000000e+03
cascade_weight_multiplier=4.00000000000000022204e-01
cascade_activation_functions_count=10
cascade_activation_functions=3 5 7 8 10 11 14 15 16 17 
cascade_activation_steepnesses_count=4
cascade_activation_steepnesses=2.50000000000000000000e-01 5.00000000000000000000e-01 7.50000000000000000000e-01 1.00000000000000000000e+00 
layer_sizes=8 4 2 
scale_included=0
neurons (num_inputs, activation_function, activation_steepness)=(0, 0, 0.00000000000000000000e+00) (0, 0, 0.00000000000000000000e+00) (0, 0, 0.00000000000000000000e+00) (0, 0, 0.00000000000000000000e+00) (0, 0, 0.00000000000000000000e+00) (0, 0, 0.00000000000000000000e+00) (0, 0, 0.00000000000000000000e+00) (0, 0, 0.00000000000000000000e+00) (8, 6, 5.00000000000000000000e-01) (8, 6, 5.00000000000000000000e-01) (8, 6, 5.00000000000000000000e-01) (0, 6, 0.00000000000000000000e+00) (4, 4, 5.00000000000000000000e-01) (0, 4, 0.00000000000000000000e+00) 
connections (connected_to_neuron, weight)=(0, -1.56141309988892001970e-01) (1, 1.99039301705763738148e+00) (2, 1.17460832363523270949e+00) (3, -2.68305285369035036169e-02) (4, -1.02128238820562877720e-01) (5, -9.44837196107011223489e-02) (6, -1.19843116273848382392e+00) (7, -1.16426335119734325474e-01) (0, -1.64057122402754007595e+00) (1, 6.76438009365227888026e+00) (2, -7.49462787281973463749e-01) (3, -6.10667069327476830232e-01) (4, -6.90988444443481619750e-01) (5, -5.74228339548843669249e-01) (6, -1.74870433495719690420e+00) (7, -6.84801370557087119018e-01) (0, 4.14755166876842995549e+00) (1, -2.67323084077295725081e+00) (2, -4.73582787806989635726e+00) (3, 1.24250588749656132315e+00) (4, 1.80464525472018588736e+00) (5, 2.65021837837264406801e+00) (6, 3.51493428521163775446e-01) (7, 2.44948270788543442933e+00) (8, 1.05904753740062873568e+00) (9, 2.47972384647623922405e+00) (10, -7.94180212108361338608e+00) (11, -2.03260391298338038979e+00) 
