FANN_FLO_2.1
num_layers=3
learning_rate=0.700000
connection_rate=1.000000
network_type=0
learning_momentum=0.000000
training_algorithm=2
train_error_function=1
train_stop_function=1
cascade_output_change_fraction=0.010000
quickprop_decay=-0.000100
quickprop_mu=1.750000
rprop_increase_factor=1.200000
rprop_decrease_factor=0.500000
rprop_delta_min=0.000000
rprop_delta_max=50.000000
rprop_delta_zero=0.100000
cascade_output_stagnation_epochs=12
cascade_candidate_change_fraction=0.010000
cascade_candidate_stagnation_epochs=12
cascade_max_out_epochs=150
cascade_min_out_epochs=50
cascade_max_cand_epochs=150
cascade_min_cand_epochs=50
cascade_num_candidate_groups=2
bit_fail_limit=1.00000000000000005551e-01
cascade_candidate_limit=1.00000000000000000000e+03
cascade_weight_multiplier=4.00000000000000022204e-01
cascade_activation_functions_count=10
cascade_activation_functions=3 5 7 8 10 11 14 15 16 17 
cascade_activation_steepnesses_count=4
cascade_activation_steepnesses=2.50000000000000000000e-01 5.00000000000000000000e-01 7.50000000000000000000e-01 1.00000000000000000000e+00 
layer_sizes=14 4 2 
scale_included=0
neurons (num_inputs, activation_function, activation_steepness)=(0, 0, 0.00000000000000000000e+00) (0, 0, 0.00000000000000000000e+00) (0, 0, 0.00000000000000000000e+00) (0, 0, 0.00000000000000000000e+00) (0, 0, 0.00000000000000000000e+00) (0, 0, 0.00000000000000000000e+00) (0, 0, 0.00000000000000000000e+00) (0, 0, 0.00000000000000000000e+00) (0, 0, 0.00000000000000000000e+00) (0, 0, 0.00000000000000000000e+00) (0, 0, 0.00000000000000000000e+00) (0, 0, 0.00000000000000000000e+00) (0, 0, 0.00000000000000000000e+00) (0, 0, 0.00000000000000000000e+00) (14, 6, 5.00000000000000000000e-01) (14, 6, 5.00000000000000000000e-01) (14, 6, 5.00000000000000000000e-01) (0, 6, 0.00000000000000000000e+00) (4, 4, 5.00000000000000000000e-01) (0, 4, 0.00000000000000000000e+00) 
connections (connected_to_neuron, weight)=(0, -3.34283426860361965183e+00) (1, 1.54484577873894117772e+01) (2, -1.26228463169746096817e+00) (3, 2.01623316812355746208e+00) (4, 1.03798591064529799333e+00) (5, -2.00632081191263245135e-01) (6, -3.05189062997901008889e-02) (7, 7.88796673372185730422e-02) (8, 1.54617110738703154027e+01) (9, 5.00806252315438155120e-02) (10, -1.02072342839673657622e+00) (11, -1.19403288523874329119e-01) (12, 1.53715652102776907384e+01) (13, -5.05798334421837969543e-01) (0, -3.12716892294674719821e+00) (1, 6.42323976540504926191e+00) (2, -4.22661820360147655329e-01) (3, 9.17947144460626973661e-01) (4, 5.25903977389614141202e-01) (5, -6.98340334828375375320e-02) (6, 3.27389095063487733928e-01) (7, 3.13734266991893495646e-01) (8, 6.38120817923485272871e+00) (9, 6.46157906000145165759e-02) (10, -3.16701135803478139863e-01) (11, -8.80765683327683346349e-02) (12, 6.42814647564231389509e+00) (13, -1.00496823423671582942e-01) (0, 2.43013230252712508772e+00) (1, 4.61355652304235253069e+00) (2, 2.16403277498453583405e+00) (3, -1.14366561663633659052e+00) (4, -1.82161428893163612752e-01) (5, 7.72798888961044094792e-01) (6, 3.62967239409626163393e-01) (7, 5.33146823850835338554e-01) (8, 4.51754006387534889910e+00) (9, 2.98156118216825749556e-01) (10, 4.98128528013238369709e-01) (11, 3.82608018100854263555e-01) (12, 4.56188236566129479144e+00) (13, 7.95437984744277515325e-01) (14, 6.18546940092032837555e+00) (15, 3.99652283814882114399e+00) (16, -3.64909323665306306594e+00) (17, -4.93351319970811053039e-01) 
