FANN_FLO_2.1
num_layers=3
learning_rate=0.700000
connection_rate=1.000000
network_type=0
learning_momentum=0.000000
training_algorithm=2
train_error_function=1
train_stop_function=1
cascade_output_change_fraction=0.010000
quickprop_decay=-0.000100
quickprop_mu=1.750000
rprop_increase_factor=1.200000
rprop_decrease_factor=0.500000
rprop_delta_min=0.000000
rprop_delta_max=50.000000
rprop_delta_zero=0.100000
cascade_output_stagnation_epochs=12
cascade_candidate_change_fraction=0.010000
cascade_candidate_stagnation_epochs=12
cascade_max_out_epochs=150
cascade_min_out_epochs=50
cascade_max_cand_epochs=150
cascade_min_cand_epochs=50
cascade_num_candidate_groups=2
bit_fail_limit=1.00000000000000005551e-01
cascade_candidate_limit=1.00000000000000000000e+03
cascade_weight_multiplier=4.00000000000000022204e-01
cascade_activation_functions_count=10
cascade_activation_functions=3 5 7 8 10 11 14 15 16 17 
cascade_activation_steepnesses_count=4
cascade_activation_steepnesses=2.50000000000000000000e-01 5.00000000000000000000e-01 7.50000000000000000000e-01 1.00000000000000000000e+00 
layer_sizes=9 4 2 
scale_included=0
neurons (num_inputs, activation_function, activation_steepness)=(0, 0, 0.00000000000000000000e+00) (0, 0, 0.00000000000000000000e+00) (0, 0, 0.00000000000000000000e+00) (0, 0, 0.00000000000000000000e+00) (0, 0, 0.00000000000000000000e+00) (0, 0, 0.00000000000000000000e+00) (0, 0, 0.00000000000000000000e+00) (0, 0, 0.00000000000000000000e+00) (0, 0, 0.00000000000000000000e+00) (9, 6, 5.00000000000000000000e-01) (9, 6, 5.00000000000000000000e-01) (9, 6, 5.00000000000000000000e-01) (0, 6, 0.00000000000000000000e+00) (4, 4, 5.00000000000000000000e-01) (0, 4, 0.00000000000000000000e+00) 
connections (connected_to_neuron, weight)=(0, 4.21570569426504260235e+00) (1, -2.36375322379610652845e+00) (2, -2.07330629909606178884e+00) (3, -2.61611776877870072511e+00) (4, 5.16042423289365448369e-01) (5, -4.07164916704040624751e+00) (6, -3.57663907822991822272e+00) (7, 1.49765610255315650967e+00) (8, 4.30842796862808352643e+00) (0, -4.10394355018322087858e+00) (1, 2.66557499753650128937e+00) (2, 1.47491943036655004384e+00) (3, 2.36991425548359435638e+00) (4, -5.01421485096466112985e-01) (5, 3.63580612091839716626e+00) (6, 2.09497362271252640653e+00) (7, -2.37826760251438423799e-01) (8, -3.30375241090847504566e+00) (0, 1.93200427452268619355e-01) (1, -2.11477585036258686202e-01) (2, -2.55504727977978907116e-01) (3, -2.98603896978223593006e-01) (4, -9.89749080808402931231e-02) (5, -2.81261548489819046548e-01) (6, -4.20804605096673667308e-01) (7, -4.12688751491716923625e-02) (8, 2.11600225312871592642e-01) (9, -5.94900447828343104106e+00) (10, 1.21710830108761900448e+01) (11, -3.06049719391748131780e-01) (12, -9.97874393304583384712e-01) 
