FANN_FLO_2.1
num_layers=3
learning_rate=0.700000
connection_rate=1.000000
network_type=0
learning_momentum=0.000000
training_algorithm=2
train_error_function=1
train_stop_function=1
cascade_output_change_fraction=0.010000
quickprop_decay=-0.000100
quickprop_mu=1.750000
rprop_increase_factor=1.200000
rprop_decrease_factor=0.500000
rprop_delta_min=0.000000
rprop_delta_max=50.000000
rprop_delta_zero=0.100000
cascade_output_stagnation_epochs=12
cascade_candidate_change_fraction=0.010000
cascade_candidate_stagnation_epochs=12
cascade_max_out_epochs=150
cascade_min_out_epochs=50
cascade_max_cand_epochs=150
cascade_min_cand_epochs=50
cascade_num_candidate_groups=2
bit_fail_limit=1.00000000000000005551e-01
cascade_candidate_limit=1.00000000000000000000e+03
cascade_weight_multiplier=4.00000000000000022204e-01
cascade_activation_functions_count=10
cascade_activation_functions=3 5 7 8 10 11 14 15 16 17 
cascade_activation_steepnesses_count=4
cascade_activation_steepnesses=2.50000000000000000000e-01 5.00000000000000000000e-01 7.50000000000000000000e-01 1.00000000000000000000e+00 
layer_sizes=7 4 2 
scale_included=0
neurons (num_inputs, activation_function, activation_steepness)=(0, 0, 0.00000000000000000000e+00) (0, 0, 0.00000000000000000000e+00) (0, 0, 0.00000000000000000000e+00) (0, 0, 0.00000000000000000000e+00) (0, 0, 0.00000000000000000000e+00) (0, 0, 0.00000000000000000000e+00) (0, 0, 0.00000000000000000000e+00) (7, 6, 5.00000000000000000000e-01) (7, 6, 5.00000000000000000000e-01) (7, 6, 5.00000000000000000000e-01) (0, 6, 0.00000000000000000000e+00) (4, 4, 5.00000000000000000000e-01) (0, 4, 0.00000000000000000000e+00) 
connections (connected_to_neuron, weight)=(0, -8.53424883425203395504e-01) (1, 1.09923523304825021540e+00) (2, 8.60879203053233843512e-01) (3, 1.68751108040888464501e+00) (4, 1.33029468237113301932e+00) (5, 1.65215455135185829150e+00) (6, -1.59480054485007016751e+00) (0, -9.16533484101263118404e-01) (1, 1.10211166379814340388e+00) (2, 8.75821010889528017707e-01) (3, 1.54495764663298240649e+00) (4, 1.43385218335937780765e+00) (5, 1.63251580437500587450e+00) (6, -1.58203417988820760343e+00) (0, -6.91945570264063336552e-01) (1, 3.38950930011980089418e+00) (2, 5.08070224695499561562e-01) (3, 3.11319094992288158963e+00) (4, 3.51416366257015422292e+00) (5, 3.26264295077928068167e+00) (6, -3.46319751234999140266e+00) (7, 9.59125377452397387401e+00) (8, 9.58779788231873553173e+00) (9, 4.19838378694470026886e+00) (10, -1.12306645677414840279e+00) 
