FANN_FLO_2.1
num_layers=3
learning_rate=0.700000
connection_rate=1.000000
network_type=0
learning_momentum=0.000000
training_algorithm=2
train_error_function=1
train_stop_function=1
cascade_output_change_fraction=0.010000
quickprop_decay=-0.000100
quickprop_mu=1.750000
rprop_increase_factor=1.200000
rprop_decrease_factor=0.500000
rprop_delta_min=0.000000
rprop_delta_max=50.000000
rprop_delta_zero=0.100000
cascade_output_stagnation_epochs=12
cascade_candidate_change_fraction=0.010000
cascade_candidate_stagnation_epochs=12
cascade_max_out_epochs=150
cascade_min_out_epochs=50
cascade_max_cand_epochs=150
cascade_min_cand_epochs=50
cascade_num_candidate_groups=2
bit_fail_limit=1.00000000000000005551e-01
cascade_candidate_limit=1.00000000000000000000e+03
cascade_weight_multiplier=4.00000000000000022204e-01
cascade_activation_functions_count=10
cascade_activation_functions=3 5 7 8 10 11 14 15 16 17 
cascade_activation_steepnesses_count=4
cascade_activation_steepnesses=2.50000000000000000000e-01 5.00000000000000000000e-01 7.50000000000000000000e-01 1.00000000000000000000e+00 
layer_sizes=7 4 2 
scale_included=0
neurons (num_inputs, activation_function, activation_steepness)=(0, 0, 0.00000000000000000000e+00) (0, 0, 0.00000000000000000000e+00) (0, 0, 0.00000000000000000000e+00) (0, 0, 0.00000000000000000000e+00) (0, 0, 0.00000000000000000000e+00) (0, 0, 0.00000000000000000000e+00) (0, 0, 0.00000000000000000000e+00) (7, 6, 5.00000000000000000000e-01) (7, 6, 5.00000000000000000000e-01) (7, 6, 5.00000000000000000000e-01) (0, 6, 0.00000000000000000000e+00) (4, 4, 5.00000000000000000000e-01) (0, 4, 0.00000000000000000000e+00) 
connections (connected_to_neuron, weight)=(0, 1.79036047122785539898e+01) (1, -9.73393026627504043269e-01) (2, 2.54456192114278056948e-01) (3, 6.80764677262222450693e-01) (4, 4.24918304063383989178e-01) (5, 1.60839091009852452885e+00) (6, 1.26526169965203241219e+01) (0, -3.16067146994555070449e+00) (1, 2.58512860617983664113e+00) (2, 7.28011109087854657584e-02) (3, 2.10469615016724942436e+00) (4, 2.03436112141056524294e+00) (5, 1.75618011588266687006e+00) (6, -2.80407209041661076299e+00) (0, -1.07186182401167262590e+00) (1, 1.53368521505992028153e+00) (2, 1.26236154387461230186e+00) (3, -4.07613513556453532782e-01) (4, 7.95449267826906281087e-01) (5, 5.83103919186697128296e-01) (6, -1.10456614009128917253e+00) (7, -1.08265812614544465475e+00) (8, 1.02850768964965162411e+01) (9, 3.28719075284951323113e+00) (10, -1.67874608012230597254e+00) 
