FANN_FLO_2.1
num_layers=3
learning_rate=0.700000
connection_rate=1.000000
network_type=0
learning_momentum=0.000000
training_algorithm=2
train_error_function=1
train_stop_function=1
cascade_output_change_fraction=0.010000
quickprop_decay=-0.000100
quickprop_mu=1.750000
rprop_increase_factor=1.200000
rprop_decrease_factor=0.500000
rprop_delta_min=0.000000
rprop_delta_max=50.000000
rprop_delta_zero=0.100000
cascade_output_stagnation_epochs=12
cascade_candidate_change_fraction=0.010000
cascade_candidate_stagnation_epochs=12
cascade_max_out_epochs=150
cascade_min_out_epochs=50
cascade_max_cand_epochs=150
cascade_min_cand_epochs=50
cascade_num_candidate_groups=2
bit_fail_limit=1.00000000000000005551e-01
cascade_candidate_limit=1.00000000000000000000e+03
cascade_weight_multiplier=4.00000000000000022204e-01
cascade_activation_functions_count=10
cascade_activation_functions=3 5 7 8 10 11 14 15 16 17 
cascade_activation_steepnesses_count=4
cascade_activation_steepnesses=2.50000000000000000000e-01 5.00000000000000000000e-01 7.50000000000000000000e-01 1.00000000000000000000e+00 
layer_sizes=14 4 2 
scale_included=0
neurons (num_inputs, activation_function, activation_steepness)=(0, 0, 0.00000000000000000000e+00) (0, 0, 0.00000000000000000000e+00) (0, 0, 0.00000000000000000000e+00) (0, 0, 0.00000000000000000000e+00) (0, 0, 0.00000000000000000000e+00) (0, 0, 0.00000000000000000000e+00) (0, 0, 0.00000000000000000000e+00) (0, 0, 0.00000000000000000000e+00) (0, 0, 0.00000000000000000000e+00) (0, 0, 0.00000000000000000000e+00) (0, 0, 0.00000000000000000000e+00) (0, 0, 0.00000000000000000000e+00) (0, 0, 0.00000000000000000000e+00) (0, 0, 0.00000000000000000000e+00) (14, 6, 5.00000000000000000000e-01) (14, 6, 5.00000000000000000000e-01) (14, 6, 5.00000000000000000000e-01) (0, 6, 0.00000000000000000000e+00) (4, 4, 5.00000000000000000000e-01) (0, 4, 0.00000000000000000000e+00) 
connections (connected_to_neuron, weight)=(0, -1.59467130625847808290e+00) (1, 4.67937809572393115243e-01) (2, 1.37641142398742810649e-01) (3, 5.14997094978363101347e-01) (4, 1.13562833406482122101e+00) (5, -6.60880538806146375364e-03) (6, 3.29862279931164459335e-01) (7, -2.80801037915297979630e-01) (8, 2.95542290572333055110e-01) (9, 4.52805377794787411450e-01) (10, 1.01111534044383027942e-01) (11, 9.83460129081235479021e-01) (12, 1.57048439736829636981e-01) (13, -1.64986655549038380153e-01) (0, -4.46046438080091522949e+00) (1, 1.59286512760768284025e+00) (2, -3.41428195735437367553e-01) (3, 5.39064365341707985024e-01) (4, 1.18329163235459855485e+00) (5, -6.51098833193154424848e-01) (6, 2.90004808262904922866e-01) (7, -2.77592010258082277918e-01) (8, 5.35793391217092573875e-01) (9, 3.44703369880007215453e-01) (10, -2.22005893207115001520e-01) (11, 1.58132524421964348882e+00) (12, 4.53829952120948454386e-01) (13, -6.71760782188032035123e-01) (0, -4.83093116824241430862e+00) (1, 2.44065269464435363744e+00) (2, -4.24943373290537385056e-01) (3, 1.25517784104883034502e+00) (4, 2.15594735046640062492e+00) (5, -2.08426184991304674909e+00) (6, 2.09054202824274337758e+00) (7, 1.68302288919823572755e-01) (8, 1.33773927033581463419e+00) (9, 1.57401814520998839519e+00) (10, -4.09023690443502452307e-01) (11, 2.03603334531327373469e+00) (12, 1.10958074106402726500e+00) (13, -1.60064487408327860152e+00) (14, 1.00972740862649601468e+00) (15, 9.00753279975413434499e+00) (16, 1.81284186617009908105e+01) (17, -1.98601547394447219830e+00) 
