FANN_FLO_2.1
num_layers=3
learning_rate=0.700000
connection_rate=1.000000
network_type=0
learning_momentum=0.000000
training_algorithm=2
train_error_function=1
train_stop_function=1
cascade_output_change_fraction=0.010000
quickprop_decay=-0.000100
quickprop_mu=1.750000
rprop_increase_factor=1.200000
rprop_decrease_factor=0.500000
rprop_delta_min=0.000000
rprop_delta_max=50.000000
rprop_delta_zero=0.100000
cascade_output_stagnation_epochs=12
cascade_candidate_change_fraction=0.010000
cascade_candidate_stagnation_epochs=12
cascade_max_out_epochs=150
cascade_min_out_epochs=50
cascade_max_cand_epochs=150
cascade_min_cand_epochs=50
cascade_num_candidate_groups=2
bit_fail_limit=1.00000000000000005551e-01
cascade_candidate_limit=1.00000000000000000000e+03
cascade_weight_multiplier=4.00000000000000022204e-01
cascade_activation_functions_count=10
cascade_activation_functions=3 5 7 8 10 11 14 15 16 17 
cascade_activation_steepnesses_count=4
cascade_activation_steepnesses=2.50000000000000000000e-01 5.00000000000000000000e-01 7.50000000000000000000e-01 1.00000000000000000000e+00 
layer_sizes=7 4 2 
scale_included=0
neurons (num_inputs, activation_function, activation_steepness)=(0, 0, 0.00000000000000000000e+00) (0, 0, 0.00000000000000000000e+00) (0, 0, 0.00000000000000000000e+00) (0, 0, 0.00000000000000000000e+00) (0, 0, 0.00000000000000000000e+00) (0, 0, 0.00000000000000000000e+00) (0, 0, 0.00000000000000000000e+00) (7, 6, 5.00000000000000000000e-01) (7, 6, 5.00000000000000000000e-01) (7, 6, 5.00000000000000000000e-01) (0, 6, 0.00000000000000000000e+00) (4, 4, 5.00000000000000000000e-01) (0, 4, 0.00000000000000000000e+00) 
connections (connected_to_neuron, weight)=(0, -4.62795324822637743623e-01) (1, -1.60754997290860490722e+00) (2, 4.59249335118233625863e-01) (3, 6.34588601240781713386e+00) (4, 1.60648762327539529338e+01) (5, 9.53681944647784274327e-03) (6, -4.90392312606546587617e-01) (0, -1.24447832326589447050e+00) (1, 9.91788014212342527998e-01) (2, 6.52147127285009453601e+00) (3, -2.36254617167322267246e-01) (4, 8.64453547001498012747e-01) (5, -3.57141222841280622791e-02) (6, -5.74416558441386726486e-01) (0, 5.64346366130696885932e+00) (1, -4.18998817770106768421e+00) (2, 5.23378036343505104178e-01) (3, -3.17079732216343757045e+00) (4, -3.62578701884021725732e+00) (5, 6.70650828322731373810e-01) (6, 3.93039847662349384194e+00) (7, 2.44685651142132698510e+00) (8, 2.82212354331255044215e+00) (9, -6.27774604931181912093e+00) (10, -3.41670130542531724771e+00) 
