FANN_FLO_2.1
num_layers=3
learning_rate=0.700000
connection_rate=1.000000
network_type=0
learning_momentum=0.000000
training_algorithm=2
train_error_function=1
train_stop_function=1
cascade_output_change_fraction=0.010000
quickprop_decay=-0.000100
quickprop_mu=1.750000
rprop_increase_factor=1.200000
rprop_decrease_factor=0.500000
rprop_delta_min=0.000000
rprop_delta_max=50.000000
rprop_delta_zero=0.100000
cascade_output_stagnation_epochs=12
cascade_candidate_change_fraction=0.010000
cascade_candidate_stagnation_epochs=12
cascade_max_out_epochs=150
cascade_min_out_epochs=50
cascade_max_cand_epochs=150
cascade_min_cand_epochs=50
cascade_num_candidate_groups=2
bit_fail_limit=1.00000000000000005551e-01
cascade_candidate_limit=1.00000000000000000000e+03
cascade_weight_multiplier=4.00000000000000022204e-01
cascade_activation_functions_count=10
cascade_activation_functions=3 5 7 8 10 11 14 15 16 17 
cascade_activation_steepnesses_count=4
cascade_activation_steepnesses=2.50000000000000000000e-01 5.00000000000000000000e-01 7.50000000000000000000e-01 1.00000000000000000000e+00 
layer_sizes=16 4 2 
scale_included=0
neurons (num_inputs, activation_function, activation_steepness)=(0, 0, 0.00000000000000000000e+00) (0, 0, 0.00000000000000000000e+00) (0, 0, 0.00000000000000000000e+00) (0, 0, 0.00000000000000000000e+00) (0, 0, 0.00000000000000000000e+00) (0, 0, 0.00000000000000000000e+00) (0, 0, 0.00000000000000000000e+00) (0, 0, 0.00000000000000000000e+00) (0, 0, 0.00000000000000000000e+00) (0, 0, 0.00000000000000000000e+00) (0, 0, 0.00000000000000000000e+00) (0, 0, 0.00000000000000000000e+00) (0, 0, 0.00000000000000000000e+00) (0, 0, 0.00000000000000000000e+00) (0, 0, 0.00000000000000000000e+00) (0, 0, 0.00000000000000000000e+00) (16, 6, 5.00000000000000000000e-01) (16, 6, 5.00000000000000000000e-01) (16, 6, 5.00000000000000000000e-01) (0, 6, 0.00000000000000000000e+00) (4, 4, 5.00000000000000000000e-01) (0, 4, 0.00000000000000000000e+00) 
connections (connected_to_neuron, weight)=(0, -1.77570305753610080401e+00) (1, 1.34647305579083509386e+00) (2, 9.22139370989479290053e-01) (3, 1.88272090659468060991e+00) (4, 9.71533603943512846790e-01) (5, 1.90056829557745343706e+00) (6, 2.22363626090783217393e+00) (7, -1.97880813155751278387e+00) (8, 9.73522984045937733733e-01) (9, 2.50147235000435985697e+00) (10, 9.82894903078297943466e+01) (11, 9.83896313339094490402e+01) (12, 9.13186631454522390605e-01) (13, 1.59429495481507688126e+00) (14, -6.54876835631454823350e-01) (15, -1.89554615307710117023e+00) (0, -3.76520910858243906816e-01) (1, 9.98837499232590464437e-01) (2, 7.35597689879040506078e-01) (3, 1.37297633119667805701e+00) (4, 8.51495788403379028075e-01) (5, 1.44243209638441838294e+00) (6, 1.44283340200265897124e+00) (7, -1.15817480848625953271e+00) (8, 1.71477495762782705668e-01) (9, 3.10942725211398485197e-01) (10, 1.70848712354935905466e+01) (11, 1.71281723409928581248e+01) (12, 3.06286774500056924175e-01) (13, 9.40453094597606953364e-01) (14, -3.28852253480494977761e-03) (15, -3.52577501534551585038e-01) (0, 2.62668195984590147063e+00) (1, -2.20239423578127491155e+00) (2, -1.37429213565717911472e-01) (3, -1.21670421976312015389e+00) (4, -6.24320445630385245650e-01) (5, -1.13145683724149082039e+00) (6, -1.89156655192026557089e+00) (7, 2.46628410914028162182e+00) (8, -5.48409424577731563488e-01) (9, -7.84647665582613784707e-01) (10, 4.53478821699517169463e+01) (11, 4.53247652684348025787e+01) (12, -4.96852072566283109456e-01) (13, -3.41409003207550965087e-01) (14, 1.44576890143180203374e+00) (15, 1.59308238115076949981e+00) (16, 1.79002002304361518270e+01) (17, 6.58955525736046210383e-01) (18, -5.46545187188609737916e+00) (19, -1.75827851880452623590e+00) 
