FANN_FLO_2.1
num_layers=3
learning_rate=0.700000
connection_rate=1.000000
network_type=0
learning_momentum=0.000000
training_algorithm=2
train_error_function=1
train_stop_function=1
cascade_output_change_fraction=0.010000
quickprop_decay=-0.000100
quickprop_mu=1.750000
rprop_increase_factor=1.200000
rprop_decrease_factor=0.500000
rprop_delta_min=0.000000
rprop_delta_max=50.000000
rprop_delta_zero=0.100000
cascade_output_stagnation_epochs=12
cascade_candidate_change_fraction=0.010000
cascade_candidate_stagnation_epochs=12
cascade_max_out_epochs=150
cascade_min_out_epochs=50
cascade_max_cand_epochs=150
cascade_min_cand_epochs=50
cascade_num_candidate_groups=2
bit_fail_limit=1.00000000000000005551e-01
cascade_candidate_limit=1.00000000000000000000e+03
cascade_weight_multiplier=4.00000000000000022204e-01
cascade_activation_functions_count=10
cascade_activation_functions=3 5 7 8 10 11 14 15 16 17 
cascade_activation_steepnesses_count=4
cascade_activation_steepnesses=2.50000000000000000000e-01 5.00000000000000000000e-01 7.50000000000000000000e-01 1.00000000000000000000e+00 
layer_sizes=15 4 2 
scale_included=0
neurons (num_inputs, activation_function, activation_steepness)=(0, 0, 0.00000000000000000000e+00) (0, 0, 0.00000000000000000000e+00) (0, 0, 0.00000000000000000000e+00) (0, 0, 0.00000000000000000000e+00) (0, 0, 0.00000000000000000000e+00) (0, 0, 0.00000000000000000000e+00) (0, 0, 0.00000000000000000000e+00) (0, 0, 0.00000000000000000000e+00) (0, 0, 0.00000000000000000000e+00) (0, 0, 0.00000000000000000000e+00) (0, 0, 0.00000000000000000000e+00) (0, 0, 0.00000000000000000000e+00) (0, 0, 0.00000000000000000000e+00) (0, 0, 0.00000000000000000000e+00) (0, 0, 0.00000000000000000000e+00) (15, 6, 5.00000000000000000000e-01) (15, 6, 5.00000000000000000000e-01) (15, 6, 5.00000000000000000000e-01) (0, 6, 0.00000000000000000000e+00) (4, 4, 5.00000000000000000000e-01) (0, 4, 0.00000000000000000000e+00) 
connections (connected_to_neuron, weight)=(0, -5.81056784543045257152e+00) (1, 3.08831293906864301491e+00) (2, 1.61781187231720924302e+00) (3, 1.24422106468192450457e+00) (4, 9.56354856548747456202e+00) (5, -1.09588972319952997481e+01) (6, 2.52153487744726678699e+00) (7, 1.64176593884039867532e+00) (8, 2.75502193641476678110e+00) (9, 6.40302390135864207821e-01) (10, 2.51377125344559537723e+00) (11, 1.11958409554299564981e+00) (12, 2.78765123845949247539e+00) (13, 3.66005250002850690549e+00) (14, -3.58974468082718489725e+00) (0, -4.05032560325822021952e+00) (1, 1.72666532620322121794e+00) (2, -1.39822986766740786635e+00) (3, 1.10914885440517227977e+01) (4, 2.50300900642061696644e+00) (5, -5.25078354937862545881e+00) (6, 3.77146170432888228063e-01) (7, 2.79726723082696138167e-01) (8, 1.16618483762744928889e+00) (9, -6.68177602198091608043e-02) (10, -6.49102837423150835772e-02) (11, -1.39079927302189154670e-01) (12, 1.16564385097030664973e+00) (13, 9.20850081745874349259e-01) (14, -1.28455696137478092567e+00) (0, -6.44559273426270062934e-01) (1, 4.92187178819746995462e-01) (2, -2.14889345380436469490e-01) (3, 3.49244452768653212971e+00) (4, 2.90836292046384459198e+00) (5, -5.53201832856556108275e-01) (6, 8.23682195518142812318e+00) (7, 1.20720335935402017791e-01) (8, 2.65729874719450975817e-01) (9, 9.43283110649272421577e-02) (10, 1.71363232501031996155e-03) (11, 1.49553866686445879886e-01) (12, 3.49839479078124016009e-01) (13, 5.01504767572192977632e-01) (14, -5.99408348162908805046e-02) (15, 8.47341918394756454802e+00) (16, 3.33179733892827600883e+00) (17, 4.89847112688913066680e-01) (18, -1.42940582216388478720e+00) 
