FANN_FLO_2.1
num_layers=3
learning_rate=0.700000
connection_rate=1.000000
network_type=0
learning_momentum=0.000000
training_algorithm=2
train_error_function=1
train_stop_function=1
cascade_output_change_fraction=0.010000
quickprop_decay=-0.000100
quickprop_mu=1.750000
rprop_increase_factor=1.200000
rprop_decrease_factor=0.500000
rprop_delta_min=0.000000
rprop_delta_max=50.000000
rprop_delta_zero=0.100000
cascade_output_stagnation_epochs=12
cascade_candidate_change_fraction=0.010000
cascade_candidate_stagnation_epochs=12
cascade_max_out_epochs=150
cascade_min_out_epochs=50
cascade_max_cand_epochs=150
cascade_min_cand_epochs=50
cascade_num_candidate_groups=2
bit_fail_limit=1.00000000000000005551e-01
cascade_candidate_limit=1.00000000000000000000e+03
cascade_weight_multiplier=4.00000000000000022204e-01
cascade_activation_functions_count=10
cascade_activation_functions=3 5 7 8 10 11 14 15 16 17 
cascade_activation_steepnesses_count=4
cascade_activation_steepnesses=2.50000000000000000000e-01 5.00000000000000000000e-01 7.50000000000000000000e-01 1.00000000000000000000e+00 
layer_sizes=11 4 2 
scale_included=0
neurons (num_inputs, activation_function, activation_steepness)=(0, 0, 0.00000000000000000000e+00) (0, 0, 0.00000000000000000000e+00) (0, 0, 0.00000000000000000000e+00) (0, 0, 0.00000000000000000000e+00) (0, 0, 0.00000000000000000000e+00) (0, 0, 0.00000000000000000000e+00) (0, 0, 0.00000000000000000000e+00) (0, 0, 0.00000000000000000000e+00) (0, 0, 0.00000000000000000000e+00) (0, 0, 0.00000000000000000000e+00) (0, 0, 0.00000000000000000000e+00) (11, 6, 5.00000000000000000000e-01) (11, 6, 5.00000000000000000000e-01) (11, 6, 5.00000000000000000000e-01) (0, 6, 0.00000000000000000000e+00) (4, 4, 5.00000000000000000000e-01) (0, 4, 0.00000000000000000000e+00) 
connections (connected_to_neuron, weight)=(0, -2.03949437149398526969e+01) (1, 2.15546921439963412581e+00) (2, 1.02422979391184068021e+01) (3, 4.77762582063620488970e-01) (4, -3.60913731829748257729e-02) (5, 1.14125057165478405174e+00) (6, 3.99466396240551857577e-01) (7, 3.14645505493271526731e-01) (8, 8.04508290619122989895e-01) (9, 1.01759950834090173721e+00) (10, 5.39827714050226462050e-02) (0, -3.66549071649724700350e+00) (1, 4.76654512742852087825e-01) (2, -1.10816664855043423010e+00) (3, 6.25916368658635674516e-02) (4, -3.03529751456758034589e-01) (5, 7.99694209119774734873e-01) (6, 1.18200006936759249854e+00) (7, 1.36506574649253753506e-01) (8, 8.41623597248659982561e-01) (9, 8.31413924001058846081e-01) (10, 7.39270800498983693405e-02) (0, -1.41757872038114154378e+01) (1, 2.01611284980662519573e+00) (2, 1.00666334436211784009e+01) (3, 4.67753431990265700069e-01) (4, -7.94203341919030997298e-02) (5, 9.01305396416585469233e-01) (6, 6.04227634031557325756e-01) (7, 1.94363200725937018687e-01) (8, 6.90041462485687651096e-01) (9, 8.19553739645073497933e-01) (10, -2.77925596000232616456e-02) (11, 5.76130865770629885247e+00) (12, 2.64519486614930201540e+01) (13, 5.68262372542581140067e+00) (14, -1.56890341193455196134e+00) 
