FANN_FLO_2.1
num_layers=3
learning_rate=0.700000
connection_rate=1.000000
network_type=0
learning_momentum=0.000000
training_algorithm=2
train_error_function=1
train_stop_function=1
cascade_output_change_fraction=0.010000
quickprop_decay=-0.000100
quickprop_mu=1.750000
rprop_increase_factor=1.200000
rprop_decrease_factor=0.500000
rprop_delta_min=0.000000
rprop_delta_max=50.000000
rprop_delta_zero=0.100000
cascade_output_stagnation_epochs=12
cascade_candidate_change_fraction=0.010000
cascade_candidate_stagnation_epochs=12
cascade_max_out_epochs=150
cascade_min_out_epochs=50
cascade_max_cand_epochs=150
cascade_min_cand_epochs=50
cascade_num_candidate_groups=2
bit_fail_limit=1.00000000000000005551e-01
cascade_candidate_limit=1.00000000000000000000e+03
cascade_weight_multiplier=4.00000000000000022204e-01
cascade_activation_functions_count=10
cascade_activation_functions=3 5 7 8 10 11 14 15 16 17 
cascade_activation_steepnesses_count=4
cascade_activation_steepnesses=2.50000000000000000000e-01 5.00000000000000000000e-01 7.50000000000000000000e-01 1.00000000000000000000e+00 
layer_sizes=14 4 2 
scale_included=0
neurons (num_inputs, activation_function, activation_steepness)=(0, 0, 0.00000000000000000000e+00) (0, 0, 0.00000000000000000000e+00) (0, 0, 0.00000000000000000000e+00) (0, 0, 0.00000000000000000000e+00) (0, 0, 0.00000000000000000000e+00) (0, 0, 0.00000000000000000000e+00) (0, 0, 0.00000000000000000000e+00) (0, 0, 0.00000000000000000000e+00) (0, 0, 0.00000000000000000000e+00) (0, 0, 0.00000000000000000000e+00) (0, 0, 0.00000000000000000000e+00) (0, 0, 0.00000000000000000000e+00) (0, 0, 0.00000000000000000000e+00) (0, 0, 0.00000000000000000000e+00) (14, 6, 5.00000000000000000000e-01) (14, 6, 5.00000000000000000000e-01) (14, 6, 5.00000000000000000000e-01) (0, 6, 0.00000000000000000000e+00) (4, 4, 5.00000000000000000000e-01) (0, 4, 0.00000000000000000000e+00) 
connections (connected_to_neuron, weight)=(0, 1.39724778322834559674e+01) (1, -6.73328023423476906828e+00) (2, -1.04033204598515638395e+01) (3, 1.68629266344437600544e+00) (4, -1.25350310157130451216e+00) (5, 8.91320072601875512674e-01) (6, 1.17649511245055702346e+01) (7, -1.13708285011247625107e+01) (8, 5.68298481217965800738e+00) (9, 1.29118318178233604243e+00) (10, 7.30321893105230102172e-01) (11, -7.06279517133807566154e+00) (12, 4.71626126838196157998e-01) (13, 6.62841479594213112136e+00) (0, -1.27985553773098414965e+00) (1, 9.50454280163839149154e-01) (2, 1.21818850680133894393e+00) (3, 4.74627098893983079275e-01) (4, 6.87166315580976405641e-01) (5, 4.74403478602618139393e-02) (6, -5.85400014140564861620e-01) (7, 9.46120433649368375306e-01) (8, -4.72313642698156052613e-02) (9, 3.24189985080091044867e-02) (10, 8.49302889795615911783e-02) (11, 9.34967512067925277108e-01) (12, 4.95709671661717903718e-03) (13, -1.96407510175899621685e-02) (0, 1.38163275285024234051e+01) (1, -6.80061507244630547575e+00) (2, -1.03682273982256063505e+01) (3, 1.67537054442296029499e+00) (4, -1.31172429273913593306e+00) (5, 7.45915428291401116923e-01) (6, 1.17328182754083183426e+01) (7, -1.12800628237322797531e+01) (8, 5.53950331173286159014e+00) (9, 1.40367690913853149226e+00) (10, 7.14121879646501311889e-01) (11, -6.95789277722215082633e+00) (12, 6.12695997280348181313e-01) (13, 6.71668089295131309768e+00) (14, -3.30330737341895463999e+00) (15, 1.66415404928832910691e+00) (16, -3.33482009206667306955e+00) (17, -1.06692606741015305616e+00) 
