FANN_FLO_2.1
num_layers=3
learning_rate=0.700000
connection_rate=1.000000
network_type=0
learning_momentum=0.000000
training_algorithm=2
train_error_function=1
train_stop_function=1
cascade_output_change_fraction=0.010000
quickprop_decay=-0.000100
quickprop_mu=1.750000
rprop_increase_factor=1.200000
rprop_decrease_factor=0.500000
rprop_delta_min=0.000000
rprop_delta_max=50.000000
rprop_delta_zero=0.100000
cascade_output_stagnation_epochs=12
cascade_candidate_change_fraction=0.010000
cascade_candidate_stagnation_epochs=12
cascade_max_out_epochs=150
cascade_min_out_epochs=50
cascade_max_cand_epochs=150
cascade_min_cand_epochs=50
cascade_num_candidate_groups=2
bit_fail_limit=1.00000000000000005551e-01
cascade_candidate_limit=1.00000000000000000000e+03
cascade_weight_multiplier=4.00000000000000022204e-01
cascade_activation_functions_count=10
cascade_activation_functions=3 5 7 8 10 11 14 15 16 17 
cascade_activation_steepnesses_count=4
cascade_activation_steepnesses=2.50000000000000000000e-01 5.00000000000000000000e-01 7.50000000000000000000e-01 1.00000000000000000000e+00 
layer_sizes=14 4 2 
scale_included=0
neurons (num_inputs, activation_function, activation_steepness)=(0, 0, 0.00000000000000000000e+00) (0, 0, 0.00000000000000000000e+00) (0, 0, 0.00000000000000000000e+00) (0, 0, 0.00000000000000000000e+00) (0, 0, 0.00000000000000000000e+00) (0, 0, 0.00000000000000000000e+00) (0, 0, 0.00000000000000000000e+00) (0, 0, 0.00000000000000000000e+00) (0, 0, 0.00000000000000000000e+00) (0, 0, 0.00000000000000000000e+00) (0, 0, 0.00000000000000000000e+00) (0, 0, 0.00000000000000000000e+00) (0, 0, 0.00000000000000000000e+00) (0, 0, 0.00000000000000000000e+00) (14, 6, 5.00000000000000000000e-01) (14, 6, 5.00000000000000000000e-01) (14, 6, 5.00000000000000000000e-01) (0, 6, 0.00000000000000000000e+00) (4, 4, 5.00000000000000000000e-01) (0, 4, 0.00000000000000000000e+00) 
connections (connected_to_neuron, weight)=(0, -7.96644833868545454436e+00) (1, 4.69061804407497984215e+00) (2, 4.44018016045961516625e+00) (3, 1.36453919433025649965e+00) (4, 1.34364435397056869448e+00) (5, 6.03895344724972726880e+00) (6, -3.37105509477098230775e+00) (7, -4.67823759511475589790e-01) (8, 3.85008848069751508092e+00) (9, 4.72514302762367854882e+00) (10, 1.66848433456370592864e+00) (11, 2.56904218891535496283e+00) (12, -6.26807464094909860819e+00) (13, -4.59170969322576549843e+00) (0, 1.21226223008216305033e+00) (1, -5.47326487920221538275e-01) (2, -8.15034534765610829687e-01) (3, 3.63955323810144337759e-01) (4, 2.41574106032415247824e-01) (5, -1.47480236460466018755e+00) (6, 3.94291659673879024695e-01) (7, 3.07785516461560604284e-01) (8, 2.62788503869420320136e-01) (9, -8.12620995436680870760e-01) (10, 1.70976071027960224713e-01) (11, 6.66142463366645315448e-02) (12, 4.74120650392395681649e+00) (13, 2.66798356276278847421e-01) (0, -6.88256302571317646333e-01) (1, 9.61059569268940316888e-01) (2, 9.76501597038961888231e-01) (3, 1.14995627194127911230e-01) (4, 8.90701175624942081965e-02) (5, 1.23755176195675620221e+00) (6, -2.07412751072492629323e-01) (7, -2.54233093613233651631e-01) (8, 5.97024908229874667898e-02) (9, 7.12635879334660771178e-01) (10, 2.94615866693483108296e-02) (11, 1.27660596564672962350e-01) (12, -6.67175458067575388732e-01) (13, -9.21957881402375306612e-02) (14, 6.70377891253144042594e+00) (15, -6.42794234285047672017e-01) (16, 1.07793488748946408862e+00) (17, -1.16970300627054824005e+00) 
