FANN_FLO_2.1
num_layers=3
learning_rate=0.700000
connection_rate=1.000000
network_type=0
learning_momentum=0.000000
training_algorithm=2
train_error_function=1
train_stop_function=1
cascade_output_change_fraction=0.010000
quickprop_decay=-0.000100
quickprop_mu=1.750000
rprop_increase_factor=1.200000
rprop_decrease_factor=0.500000
rprop_delta_min=0.000000
rprop_delta_max=50.000000
rprop_delta_zero=0.100000
cascade_output_stagnation_epochs=12
cascade_candidate_change_fraction=0.010000
cascade_candidate_stagnation_epochs=12
cascade_max_out_epochs=150
cascade_min_out_epochs=50
cascade_max_cand_epochs=150
cascade_min_cand_epochs=50
cascade_num_candidate_groups=2
bit_fail_limit=1.00000000000000005551e-01
cascade_candidate_limit=1.00000000000000000000e+03
cascade_weight_multiplier=4.00000000000000022204e-01
cascade_activation_functions_count=10
cascade_activation_functions=3 5 7 8 10 11 14 15 16 17 
cascade_activation_steepnesses_count=4
cascade_activation_steepnesses=2.50000000000000000000e-01 5.00000000000000000000e-01 7.50000000000000000000e-01 1.00000000000000000000e+00 
layer_sizes=17 4 2 
scale_included=0
neurons (num_inputs, activation_function, activation_steepness)=(0, 0, 0.00000000000000000000e+00) (0, 0, 0.00000000000000000000e+00) (0, 0, 0.00000000000000000000e+00) (0, 0, 0.00000000000000000000e+00) (0, 0, 0.00000000000000000000e+00) (0, 0, 0.00000000000000000000e+00) (0, 0, 0.00000000000000000000e+00) (0, 0, 0.00000000000000000000e+00) (0, 0, 0.00000000000000000000e+00) (0, 0, 0.00000000000000000000e+00) (0, 0, 0.00000000000000000000e+00) (0, 0, 0.00000000000000000000e+00) (0, 0, 0.00000000000000000000e+00) (0, 0, 0.00000000000000000000e+00) (0, 0, 0.00000000000000000000e+00) (0, 0, 0.00000000000000000000e+00) (0, 0, 0.00000000000000000000e+00) (17, 6, 5.00000000000000000000e-01) (17, 6, 5.00000000000000000000e-01) (17, 6, 5.00000000000000000000e-01) (0, 6, 0.00000000000000000000e+00) (4, 4, 5.00000000000000000000e-01) (0, 4, 0.00000000000000000000e+00) 
connections (connected_to_neuron, weight)=(0, -7.72613786073665309573e+00) (1, -6.91601310052304685261e-02) (2, 2.11220993289298704099e+01) (3, 1.69367731442602587055e-01) (4, -4.59867865366509143144e-01) (5, 4.99037050253646796705e+00) (6, 6.98104131615205680816e-01) (7, 7.00117408238420946276e-01) (8, 5.42251748019093260389e-01) (9, 4.28487428853940777174e+00) (10, -3.66067582028098081892e-01) (11, -5.90269973547763227018e-01) (12, 4.01072573765063666862e-01) (13, 6.85004209486661075346e+00) (14, -1.65586086081448535801e-01) (15, 8.25613048560963902478e-02) (16, -3.29340818214421560128e+00) (0, 9.53210981441593885322e-01) (1, -8.96697227607474944833e-01) (2, -4.32023635298503350111e-01) (3, -2.12069572620555535369e-01) (4, 1.46034815239448695356e-01) (5, -8.28692369421536734198e-02) (6, -8.51752597186541060559e-01) (7, -9.03238958740642083889e-01) (8, -2.45271972161792223277e-01) (9, -5.72761855722685453429e-01) (10, 4.97610738133859642485e-01) (11, -9.75968719266406131707e-02) (12, 4.31277306290883288842e-01) (13, -1.77918818541540368905e+00) (14, 2.32401725100013695213e-01) (15, -3.06657938111038926021e-02) (16, 6.49023309812040483102e-01) (0, -5.11912760877349271027e+00) (1, 1.99670769384056945306e+00) (2, 2.04796008722314715200e+00) (3, 1.19821530856086999606e+00) (4, -1.44048178024421358323e+00) (5, 1.64692277568286549183e+00) (6, 1.73960158747062720863e+00) (7, 1.17556457762487265306e+00) (8, 9.97825496416966606361e-01) (9, 2.43005039699214187010e+00) (10, 1.54485105491592511484e+00) (11, 3.24527761632901823319e+00) (12, 8.12305993337420151335e-01) (13, 5.87958604191858302812e-01) (14, 4.99152891459707981348e-01) (15, 1.72232718074660651197e+00) (16, -2.01059660215670987782e+00) (17, 1.23345016240179061739e+00) (18, -1.76511154421807425763e+01) (19, 9.59878256897709114526e+00) (20, -2.14876921612539106832e+00) 
