FANN_FLO_2.1
num_layers=3
learning_rate=0.700000
connection_rate=1.000000
network_type=0
learning_momentum=0.000000
training_algorithm=2
train_error_function=1
train_stop_function=1
cascade_output_change_fraction=0.010000
quickprop_decay=-0.000100
quickprop_mu=1.750000
rprop_increase_factor=1.200000
rprop_decrease_factor=0.500000
rprop_delta_min=0.000000
rprop_delta_max=50.000000
rprop_delta_zero=0.100000
cascade_output_stagnation_epochs=12
cascade_candidate_change_fraction=0.010000
cascade_candidate_stagnation_epochs=12
cascade_max_out_epochs=150
cascade_min_out_epochs=50
cascade_max_cand_epochs=150
cascade_min_cand_epochs=50
cascade_num_candidate_groups=2
bit_fail_limit=1.00000000000000005551e-01
cascade_candidate_limit=1.00000000000000000000e+03
cascade_weight_multiplier=4.00000000000000022204e-01
cascade_activation_functions_count=10
cascade_activation_functions=3 5 7 8 10 11 14 15 16 17 
cascade_activation_steepnesses_count=4
cascade_activation_steepnesses=2.50000000000000000000e-01 5.00000000000000000000e-01 7.50000000000000000000e-01 1.00000000000000000000e+00 
layer_sizes=7 4 2 
scale_included=0
neurons (num_inputs, activation_function, activation_steepness)=(0, 0, 0.00000000000000000000e+00) (0, 0, 0.00000000000000000000e+00) (0, 0, 0.00000000000000000000e+00) (0, 0, 0.00000000000000000000e+00) (0, 0, 0.00000000000000000000e+00) (0, 0, 0.00000000000000000000e+00) (0, 0, 0.00000000000000000000e+00) (7, 6, 5.00000000000000000000e-01) (7, 6, 5.00000000000000000000e-01) (7, 6, 5.00000000000000000000e-01) (0, 6, 0.00000000000000000000e+00) (4, 4, 5.00000000000000000000e-01) (0, 4, 0.00000000000000000000e+00) 
connections (connected_to_neuron, weight)=(0, 9.57762680196627158580e+00) (1, -5.49153675779857408656e+00) (2, -5.15122883309558066145e+00) (3, -1.56438181497438333345e+00) (4, -1.31751801745898577956e+00) (5, -1.59623493947370431734e+00) (6, 5.84748217204337450426e+00) (0, -5.36653107744078994301e+00) (1, 3.74650852015280166896e+00) (2, 4.33062783569103970649e+00) (3, -2.11770773556244268354e-01) (4, 5.91627767567135309790e-01) (5, 1.52177056102990393427e+00) (6, -3.96229819280742612264e+00) (0, -5.49456269368585381585e-01) (1, 9.67941542774770180557e-01) (2, 6.48666266764989618565e-01) (3, 3.06484064790044863358e-01) (4, 5.20302593062746621122e-01) (5, 6.48585499980772417494e-01) (6, 4.28711869478711413151e-02) (7, -4.05751077713482199982e+00) (8, 3.23167444767223477342e+00) (9, 4.48916913750292412288e-01) (10, -1.42498140686733698601e+00) 
