FANN_FLO_2.1
num_layers=3
learning_rate=0.700000
connection_rate=1.000000
network_type=0
learning_momentum=0.000000
training_algorithm=2
train_error_function=1
train_stop_function=1
cascade_output_change_fraction=0.010000
quickprop_decay=-0.000100
quickprop_mu=1.750000
rprop_increase_factor=1.200000
rprop_decrease_factor=0.500000
rprop_delta_min=0.000000
rprop_delta_max=50.000000
rprop_delta_zero=0.100000
cascade_output_stagnation_epochs=12
cascade_candidate_change_fraction=0.010000
cascade_candidate_stagnation_epochs=12
cascade_max_out_epochs=150
cascade_min_out_epochs=50
cascade_max_cand_epochs=150
cascade_min_cand_epochs=50
cascade_num_candidate_groups=2
bit_fail_limit=1.00000000000000005551e-01
cascade_candidate_limit=1.00000000000000000000e+03
cascade_weight_multiplier=4.00000000000000022204e-01
cascade_activation_functions_count=10
cascade_activation_functions=3 5 7 8 10 11 14 15 16 17 
cascade_activation_steepnesses_count=4
cascade_activation_steepnesses=2.50000000000000000000e-01 5.00000000000000000000e-01 7.50000000000000000000e-01 1.00000000000000000000e+00 
layer_sizes=12 4 2 
scale_included=0
neurons (num_inputs, activation_function, activation_steepness)=(0, 0, 0.00000000000000000000e+00) (0, 0, 0.00000000000000000000e+00) (0, 0, 0.00000000000000000000e+00) (0, 0, 0.00000000000000000000e+00) (0, 0, 0.00000000000000000000e+00) (0, 0, 0.00000000000000000000e+00) (0, 0, 0.00000000000000000000e+00) (0, 0, 0.00000000000000000000e+00) (0, 0, 0.00000000000000000000e+00) (0, 0, 0.00000000000000000000e+00) (0, 0, 0.00000000000000000000e+00) (0, 0, 0.00000000000000000000e+00) (12, 6, 5.00000000000000000000e-01) (12, 6, 5.00000000000000000000e-01) (12, 6, 5.00000000000000000000e-01) (0, 6, 0.00000000000000000000e+00) (4, 4, 5.00000000000000000000e-01) (0, 4, 0.00000000000000000000e+00) 
connections (connected_to_neuron, weight)=(0, 1.07166236213177534786e+00) (1, -1.16930766055727342057e+00) (2, -1.07894853571171256412e+00) (3, 2.15761371010630254030e-01) (4, -6.61380938184026101467e-01) (5, -5.00627665157322043754e-01) (6, -8.52034564314603115598e-01) (7, -1.64725408894525610082e-01) (8, -3.77499751608369682465e-01) (9, -5.38602175721640374917e-01) (10, 5.30570588366614970255e-01) (11, 1.13109604588478895870e+00) (0, 1.13194933107823225704e+00) (1, -1.23224673072243051664e+00) (2, -1.19251935997719260563e+00) (3, 3.63851435536234502077e-01) (4, -5.56303969514134744045e-01) (5, -4.62414676631693000175e-01) (6, -8.52062962202548290769e-01) (7, -1.70413733465181432836e-01) (8, -3.28648954491613243256e-01) (9, -5.29294668296093728799e-01) (10, 5.67527703301536234903e-01) (11, 1.15140692463845106808e+00) (0, 2.33485693682065065246e-01) (1, 1.40885930002671078132e-01) (2, 5.16770774117807807357e-01) (3, 2.38461098501481949530e-01) (4, 3.42967227900823345976e-01) (5, 2.55797524082759575315e-01) (6, 2.92610674659066760661e-01) (7, 3.85379495302491659192e-01) (8, 3.68103014508538717298e-01) (9, 2.51059824804120479413e-01) (10, 5.78344762105664322860e-01) (11, 1.88325470056694671550e-01) (12, -2.24311751686938727346e+01) (13, -2.24817214422830069509e+01) (14, 1.98988748457592651286e-01) (15, -2.92091028055486201520e-01) 
