FANN_FLO_2.1
num_layers=3
learning_rate=0.700000
connection_rate=1.000000
network_type=0
learning_momentum=0.000000
training_algorithm=2
train_error_function=1
train_stop_function=1
cascade_output_change_fraction=0.010000
quickprop_decay=-0.000100
quickprop_mu=1.750000
rprop_increase_factor=1.200000
rprop_decrease_factor=0.500000
rprop_delta_min=0.000000
rprop_delta_max=50.000000
rprop_delta_zero=0.100000
cascade_output_stagnation_epochs=12
cascade_candidate_change_fraction=0.010000
cascade_candidate_stagnation_epochs=12
cascade_max_out_epochs=150
cascade_min_out_epochs=50
cascade_max_cand_epochs=150
cascade_min_cand_epochs=50
cascade_num_candidate_groups=2
bit_fail_limit=1.00000000000000005551e-01
cascade_candidate_limit=1.00000000000000000000e+03
cascade_weight_multiplier=4.00000000000000022204e-01
cascade_activation_functions_count=10
cascade_activation_functions=3 5 7 8 10 11 14 15 16 17 
cascade_activation_steepnesses_count=4
cascade_activation_steepnesses=2.50000000000000000000e-01 5.00000000000000000000e-01 7.50000000000000000000e-01 1.00000000000000000000e+00 
layer_sizes=13 4 2 
scale_included=0
neurons (num_inputs, activation_function, activation_steepness)=(0, 0, 0.00000000000000000000e+00) (0, 0, 0.00000000000000000000e+00) (0, 0, 0.00000000000000000000e+00) (0, 0, 0.00000000000000000000e+00) (0, 0, 0.00000000000000000000e+00) (0, 0, 0.00000000000000000000e+00) (0, 0, 0.00000000000000000000e+00) (0, 0, 0.00000000000000000000e+00) (0, 0, 0.00000000000000000000e+00) (0, 0, 0.00000000000000000000e+00) (0, 0, 0.00000000000000000000e+00) (0, 0, 0.00000000000000000000e+00) (0, 0, 0.00000000000000000000e+00) (13, 6, 5.00000000000000000000e-01) (13, 6, 5.00000000000000000000e-01) (13, 6, 5.00000000000000000000e-01) (0, 6, 0.00000000000000000000e+00) (4, 4, 5.00000000000000000000e-01) (0, 4, 0.00000000000000000000e+00) 
connections (connected_to_neuron, weight)=(0, -5.26414862683317252845e+00) (1, 1.57172061065109769373e+00) (2, 1.51156301449709040696e+00) (3, 1.32732702971511101753e-01) (4, -2.98276561156354091953e-01) (5, 7.49397691344487471010e-02) (6, 1.11410527023134187097e+00) (7, -4.60356312960619129537e-01) (8, 8.23391084125381422787e-01) (9, -6.66947529173584685580e-01) (10, -6.68934218867292818000e-02) (11, 8.57596325650782920214e-01) (12, -5.61978676253247044770e-01) (0, -6.22327200259829638185e+00) (1, 1.46542001603628579964e+00) (2, 1.58188653763108355577e+00) (3, 1.95120356517116157191e-02) (4, -2.27794658693336482536e-01) (5, 1.18847060304186694091e-03) (6, 2.88841287191655249345e+00) (7, -8.03857867784139368261e-01) (8, 4.98719325994670892310e-01) (9, -8.00811111781396633980e-01) (10, -2.27890245898237572830e-02) (11, 9.27765901163192130419e-01) (12, -6.24422485912481173287e-01) (0, 1.79754177000834900468e+01) (1, -9.06978453649007221316e+00) (2, -8.39674033167334776806e+00) (3, 2.27207014357757852707e+00) (4, -3.20097520991684536540e+00) (5, -4.45990084843650791413e+00) (6, -1.42813664637746704500e+01) (7, 6.13064266766770504802e-01) (8, 2.93899999048664373191e-01) (9, 9.61816702622609298601e+00) (10, -2.39244015538552012856e+00) (11, -5.67539195163151699575e+00) (12, 9.58026874342803580475e+00) (13, 3.63678512942894860416e+00) (14, 3.33138380202780837180e+00) (15, -3.07808753504597465422e+00) (16, -1.51010334775174137611e+00) 
