FANN_FLO_2.1
num_layers=3
learning_rate=0.700000
connection_rate=1.000000
network_type=0
learning_momentum=0.000000
training_algorithm=2
train_error_function=1
train_stop_function=1
cascade_output_change_fraction=0.010000
quickprop_decay=-0.000100
quickprop_mu=1.750000
rprop_increase_factor=1.200000
rprop_decrease_factor=0.500000
rprop_delta_min=0.000000
rprop_delta_max=50.000000
rprop_delta_zero=0.100000
cascade_output_stagnation_epochs=12
cascade_candidate_change_fraction=0.010000
cascade_candidate_stagnation_epochs=12
cascade_max_out_epochs=150
cascade_min_out_epochs=50
cascade_max_cand_epochs=150
cascade_min_cand_epochs=50
cascade_num_candidate_groups=2
bit_fail_limit=1.00000000000000005551e-01
cascade_candidate_limit=1.00000000000000000000e+03
cascade_weight_multiplier=4.00000000000000022204e-01
cascade_activation_functions_count=10
cascade_activation_functions=3 5 7 8 10 11 14 15 16 17 
cascade_activation_steepnesses_count=4
cascade_activation_steepnesses=2.50000000000000000000e-01 5.00000000000000000000e-01 7.50000000000000000000e-01 1.00000000000000000000e+00 
layer_sizes=14 4 2 
scale_included=0
neurons (num_inputs, activation_function, activation_steepness)=(0, 0, 0.00000000000000000000e+00) (0, 0, 0.00000000000000000000e+00) (0, 0, 0.00000000000000000000e+00) (0, 0, 0.00000000000000000000e+00) (0, 0, 0.00000000000000000000e+00) (0, 0, 0.00000000000000000000e+00) (0, 0, 0.00000000000000000000e+00) (0, 0, 0.00000000000000000000e+00) (0, 0, 0.00000000000000000000e+00) (0, 0, 0.00000000000000000000e+00) (0, 0, 0.00000000000000000000e+00) (0, 0, 0.00000000000000000000e+00) (0, 0, 0.00000000000000000000e+00) (0, 0, 0.00000000000000000000e+00) (14, 6, 5.00000000000000000000e-01) (14, 6, 5.00000000000000000000e-01) (14, 6, 5.00000000000000000000e-01) (0, 6, 0.00000000000000000000e+00) (4, 4, 5.00000000000000000000e-01) (0, 4, 0.00000000000000000000e+00) 
connections (connected_to_neuron, weight)=(0, -7.79841265284915929890e-01) (1, -4.73409341339247544123e-02) (2, 1.16100010946999514516e+01) (3, -5.10465888992450989026e-02) (4, 1.90787664143082791313e-01) (5, 3.85845414592658364494e-01) (6, 6.89041367047802211232e+00) (7, 2.58067993174769083620e-01) (8, 2.85782495076815468149e-01) (9, 7.70062566925943059459e+00) (10, 1.53992452009732910811e-01) (11, 2.38145262917911437750e-01) (12, 4.09473879742083823885e-03) (13, -1.46640141428777209809e-01) (0, 1.19240400999460849363e+01) (1, -7.27950223086423342522e+00) (2, -8.65442011427084878505e+00) (3, 3.53586244190313658819e+00) (4, 6.36900543880583036582e-01) (5, 7.10610247862459409873e-01) (6, -7.68061524375213000582e+00) (7, -1.66297682312718880793e-01) (8, 2.31588058811546826377e+00) (9, -6.43964041630744254974e+00) (10, -7.03987799707034511698e-01) (11, -2.35572033736226094103e-01) (12, 6.91886491611292786530e+00) (13, 6.73282208946809834771e+00) (0, -4.11064315690760206934e+00) (1, 1.91903392732773436791e+00) (2, 3.40809029868932977791e+00) (3, -5.63754981943717425885e-01) (4, -4.51788967345558178934e-01) (5, 2.40654174825391531378e-01) (6, 2.48131122645823198880e+00) (7, -3.86494400121816725213e-02) (8, -2.88532923440718014341e-03) (9, 3.50836752883287594784e+00) (10, -3.47311647479139562478e-01) (11, 3.27527545813597192881e-02) (12, -1.43876975936876494444e+00) (13, -7.55273514918660460182e-01) (14, 1.87967522173617029857e+00) (15, -4.90058539124864811498e+00) (16, 2.19436726878856402934e+00) (17, -2.10373452454588072413e+00) 
