FANN_FLO_2.1
num_layers=3
learning_rate=0.700000
connection_rate=1.000000
network_type=0
learning_momentum=0.000000
training_algorithm=2
train_error_function=1
train_stop_function=1
cascade_output_change_fraction=0.010000
quickprop_decay=-0.000100
quickprop_mu=1.750000
rprop_increase_factor=1.200000
rprop_decrease_factor=0.500000
rprop_delta_min=0.000000
rprop_delta_max=50.000000
rprop_delta_zero=0.100000
cascade_output_stagnation_epochs=12
cascade_candidate_change_fraction=0.010000
cascade_candidate_stagnation_epochs=12
cascade_max_out_epochs=150
cascade_min_out_epochs=50
cascade_max_cand_epochs=150
cascade_min_cand_epochs=50
cascade_num_candidate_groups=2
bit_fail_limit=1.00000000000000005551e-01
cascade_candidate_limit=1.00000000000000000000e+03
cascade_weight_multiplier=4.00000000000000022204e-01
cascade_activation_functions_count=10
cascade_activation_functions=3 5 7 8 10 11 14 15 16 17 
cascade_activation_steepnesses_count=4
cascade_activation_steepnesses=2.50000000000000000000e-01 5.00000000000000000000e-01 7.50000000000000000000e-01 1.00000000000000000000e+00 
layer_sizes=14 4 2 
scale_included=0
neurons (num_inputs, activation_function, activation_steepness)=(0, 0, 0.00000000000000000000e+00) (0, 0, 0.00000000000000000000e+00) (0, 0, 0.00000000000000000000e+00) (0, 0, 0.00000000000000000000e+00) (0, 0, 0.00000000000000000000e+00) (0, 0, 0.00000000000000000000e+00) (0, 0, 0.00000000000000000000e+00) (0, 0, 0.00000000000000000000e+00) (0, 0, 0.00000000000000000000e+00) (0, 0, 0.00000000000000000000e+00) (0, 0, 0.00000000000000000000e+00) (0, 0, 0.00000000000000000000e+00) (0, 0, 0.00000000000000000000e+00) (0, 0, 0.00000000000000000000e+00) (14, 6, 5.00000000000000000000e-01) (14, 6, 5.00000000000000000000e-01) (14, 6, 5.00000000000000000000e-01) (0, 6, 0.00000000000000000000e+00) (4, 4, 5.00000000000000000000e-01) (0, 4, 0.00000000000000000000e+00) 
connections (connected_to_neuron, weight)=(0, -4.64583797997740788333e+00) (1, 1.46258297132739656377e+00) (2, 1.28832349710000682030e+00) (3, 1.06324233994652028734e+00) (4, -1.16250059347465262150e+00) (5, 1.72834759906705914823e+00) (6, 1.85799986736067412885e+00) (7, 3.82130740561921589116e-01) (8, -1.00401027181167346036e+00) (9, 4.23095125331024113358e-01) (10, 2.22312935040530978981e+00) (11, 8.71716686184888622790e-01) (12, 5.49667490231620647911e-01) (13, -1.47541877679722688299e+00) (0, 2.62928201990718024561e+00) (1, -1.81652755495467843616e+00) (2, -1.06474834727804501533e+00) (3, -1.50864220060288523051e+00) (4, 1.46637993736355021213e+00) (5, -2.73153673465004365184e+00) (6, -2.16127650905520907187e+00) (7, -6.31631223029316402062e-01) (8, 1.51082428110995259374e+00) (9, 2.48282006695811885422e+00) (10, -1.24630532737702881541e+00) (11, -3.11396424430285256868e-01) (12, -2.39967127010715897129e+00) (13, 1.86183759322901409838e+00) (0, -4.70915969706086201541e+00) (1, 1.34659006619678978112e+00) (2, 1.31896353296769786034e+00) (3, 1.11492612720299955065e+00) (4, -9.47812891407308066860e-01) (5, 1.70169936821636280655e+00) (6, 1.83761796222218154462e+00) (7, 3.94767290332753650883e-01) (8, -1.10651218571681697611e+00) (9, 5.20425881816486413101e-01) (10, 2.20231376855479776822e+00) (11, 7.41361328061109325915e-01) (12, 5.56519811558353283409e-01) (13, -1.39978573139234030442e+00) (14, 5.89792015585719298087e+00) (15, -2.06822667884765714064e+01) (16, 5.82666490409194182121e+00) (17, -1.70189766051958546456e+00) 
