FANN_FLO_2.1
num_layers=3
learning_rate=0.700000
connection_rate=1.000000
network_type=0
learning_momentum=0.000000
training_algorithm=2
train_error_function=1
train_stop_function=1
cascade_output_change_fraction=0.010000
quickprop_decay=-0.000100
quickprop_mu=1.750000
rprop_increase_factor=1.200000
rprop_decrease_factor=0.500000
rprop_delta_min=0.000000
rprop_delta_max=50.000000
rprop_delta_zero=0.100000
cascade_output_stagnation_epochs=12
cascade_candidate_change_fraction=0.010000
cascade_candidate_stagnation_epochs=12
cascade_max_out_epochs=150
cascade_min_out_epochs=50
cascade_max_cand_epochs=150
cascade_min_cand_epochs=50
cascade_num_candidate_groups=2
bit_fail_limit=1.00000000000000005551e-01
cascade_candidate_limit=1.00000000000000000000e+03
cascade_weight_multiplier=4.00000000000000022204e-01
cascade_activation_functions_count=10
cascade_activation_functions=3 5 7 8 10 11 14 15 16 17 
cascade_activation_steepnesses_count=4
cascade_activation_steepnesses=2.50000000000000000000e-01 5.00000000000000000000e-01 7.50000000000000000000e-01 1.00000000000000000000e+00 
layer_sizes=17 4 2 
scale_included=0
neurons (num_inputs, activation_function, activation_steepness)=(0, 0, 0.00000000000000000000e+00) (0, 0, 0.00000000000000000000e+00) (0, 0, 0.00000000000000000000e+00) (0, 0, 0.00000000000000000000e+00) (0, 0, 0.00000000000000000000e+00) (0, 0, 0.00000000000000000000e+00) (0, 0, 0.00000000000000000000e+00) (0, 0, 0.00000000000000000000e+00) (0, 0, 0.00000000000000000000e+00) (0, 0, 0.00000000000000000000e+00) (0, 0, 0.00000000000000000000e+00) (0, 0, 0.00000000000000000000e+00) (0, 0, 0.00000000000000000000e+00) (0, 0, 0.00000000000000000000e+00) (0, 0, 0.00000000000000000000e+00) (0, 0, 0.00000000000000000000e+00) (0, 0, 0.00000000000000000000e+00) (17, 6, 5.00000000000000000000e-01) (17, 6, 5.00000000000000000000e-01) (17, 6, 5.00000000000000000000e-01) (0, 6, 0.00000000000000000000e+00) (4, 4, 5.00000000000000000000e-01) (0, 4, 0.00000000000000000000e+00) 
connections (connected_to_neuron, weight)=(0, 5.93412394305398938066e-01) (1, -2.40451699188830615717e-02) (2, -7.43207868678208705138e-02) (3, -3.15968647289355430985e+00) (4, 3.98348460767523060433e-01) (5, -2.71588565119477109988e+00) (6, 1.35459668580111181058e+00) (7, 3.14317132605692606262e+00) (8, -1.38417322516777352437e-01) (9, 9.84357012705207368164e-01) (10, 3.69396521958943813146e+00) (11, 3.89856210425634541750e+00) (12, 2.73978092502611936254e+00) (13, 3.79894840884647377877e+00) (14, 3.68476597057026911131e+00) (15, 3.49639508085395789294e-01) (16, 1.60301869252106143904e+00) (0, 3.04611138987399499012e-01) (1, 1.05766284808647403892e+00) (2, 9.49302084078716523763e-01) (3, 1.27214096003367616028e+00) (4, 1.14648615553106236753e+00) (5, 9.41203127525285121457e-01) (6, 1.01261446197264115554e+00) (7, -2.11417273611988099091e+00) (8, 4.64518946247634512137e-01) (9, -1.31259812255538205195e-01) (10, 4.43014612046134959034e-01) (11, -1.35802224308111973983e+00) (12, -2.23411359406126042160e+00) (13, -2.04980723495892824815e+00) (14, -5.74951834356043800511e-01) (15, 8.79774892509901929039e-01) (16, -1.18601113090320375854e+00) (0, 5.38796671842006746900e-03) (1, 2.83966151194477767206e-01) (2, 2.98577653957846578248e-01) (3, 2.37795764403237019913e-01) (4, 1.91985930574385954550e-01) (5, 1.18023682067000534879e+00) (6, 2.94526588732379912550e-01) (7, -5.06709345563138513491e-01) (8, 3.68441364151025296803e-01) (9, 2.74872463021353541368e-01) (10, 2.67684407750946484761e-01) (11, 1.15070223499027318725e-01) (12, -7.62742331241342275128e-01) (13, -7.80209481871379062490e-01) (14, -2.64826154952166117895e-02) (15, 2.70904903327121193701e-01) (16, -4.91977566599314408702e-01) (17, -1.84535219880997747310e+00) (18, 4.53147620233954313562e+01) (19, 1.73942353496286088443e+01) (20, -9.78821254509157023804e-01) 
