FANN_FLO_2.1
num_layers=3
learning_rate=0.700000
connection_rate=1.000000
network_type=0
learning_momentum=0.000000
training_algorithm=2
train_error_function=1
train_stop_function=1
cascade_output_change_fraction=0.010000
quickprop_decay=-0.000100
quickprop_mu=1.750000
rprop_increase_factor=1.200000
rprop_decrease_factor=0.500000
rprop_delta_min=0.000000
rprop_delta_max=50.000000
rprop_delta_zero=0.100000
cascade_output_stagnation_epochs=12
cascade_candidate_change_fraction=0.010000
cascade_candidate_stagnation_epochs=12
cascade_max_out_epochs=150
cascade_min_out_epochs=50
cascade_max_cand_epochs=150
cascade_min_cand_epochs=50
cascade_num_candidate_groups=2
bit_fail_limit=1.00000000000000005551e-01
cascade_candidate_limit=1.00000000000000000000e+03
cascade_weight_multiplier=4.00000000000000022204e-01
cascade_activation_functions_count=10
cascade_activation_functions=3 5 7 8 10 11 14 15 16 17 
cascade_activation_steepnesses_count=4
cascade_activation_steepnesses=2.50000000000000000000e-01 5.00000000000000000000e-01 7.50000000000000000000e-01 1.00000000000000000000e+00 
layer_sizes=9 4 2 
scale_included=0
neurons (num_inputs, activation_function, activation_steepness)=(0, 0, 0.00000000000000000000e+00) (0, 0, 0.00000000000000000000e+00) (0, 0, 0.00000000000000000000e+00) (0, 0, 0.00000000000000000000e+00) (0, 0, 0.00000000000000000000e+00) (0, 0, 0.00000000000000000000e+00) (0, 0, 0.00000000000000000000e+00) (0, 0, 0.00000000000000000000e+00) (0, 0, 0.00000000000000000000e+00) (9, 6, 5.00000000000000000000e-01) (9, 6, 5.00000000000000000000e-01) (9, 6, 5.00000000000000000000e-01) (0, 6, 0.00000000000000000000e+00) (4, 4, 5.00000000000000000000e-01) (0, 4, 0.00000000000000000000e+00) 
connections (connected_to_neuron, weight)=(0, 5.04937999443850829562e-02) (1, 6.32665740098374507205e-01) (2, 3.89356141368971508943e-01) (3, 1.62914453823781057995e-01) (4, 9.95960808315021241255e-03) (5, -1.31760332966664006626e-01) (6, 7.33657688038920507978e-01) (7, 9.89654481182549838891e-01) (8, -1.29977589148905087191e-02) (0, 9.32046622537483937521e-01) (1, -2.22451240900525348820e+00) (2, 4.39802971485278915154e-01) (3, -1.99015770734624314331e-01) (4, 5.01488661417563874600e-01) (5, 6.42973421165545677702e-01) (6, -1.97073836203092889185e+00) (7, -2.44845794788369985895e+00) (8, 1.17195699909812200978e+00) (0, 1.02671288748871281093e+00) (1, -2.48906708410749288873e+00) (2, 2.13853014071777952632e-01) (3, -1.83822576583699631714e-01) (4, 5.89751957008441185515e-01) (5, 5.31058015325864274381e-01) (6, -2.43408067219767021427e+00) (7, -2.44008166990051122980e+00) (8, 1.54208993625959678297e+00) (9, 4.93703586439715125245e-01) (10, -1.05677135086820097598e+01) (11, -1.05290488473341437015e+01) (12, -5.63627569559837615643e-01) 
