FANN_FLO_2.1
num_layers=3
learning_rate=0.700000
connection_rate=1.000000
network_type=0
learning_momentum=0.000000
training_algorithm=2
train_error_function=1
train_stop_function=1
cascade_output_change_fraction=0.010000
quickprop_decay=-0.000100
quickprop_mu=1.750000
rprop_increase_factor=1.200000
rprop_decrease_factor=0.500000
rprop_delta_min=0.000000
rprop_delta_max=50.000000
rprop_delta_zero=0.100000
cascade_output_stagnation_epochs=12
cascade_candidate_change_fraction=0.010000
cascade_candidate_stagnation_epochs=12
cascade_max_out_epochs=150
cascade_min_out_epochs=50
cascade_max_cand_epochs=150
cascade_min_cand_epochs=50
cascade_num_candidate_groups=2
bit_fail_limit=1.00000000000000005551e-01
cascade_candidate_limit=1.00000000000000000000e+03
cascade_weight_multiplier=4.00000000000000022204e-01
cascade_activation_functions_count=10
cascade_activation_functions=3 5 7 8 10 11 14 15 16 17 
cascade_activation_steepnesses_count=4
cascade_activation_steepnesses=2.50000000000000000000e-01 5.00000000000000000000e-01 7.50000000000000000000e-01 1.00000000000000000000e+00 
layer_sizes=13 4 2 
scale_included=0
neurons (num_inputs, activation_function, activation_steepness)=(0, 0, 0.00000000000000000000e+00) (0, 0, 0.00000000000000000000e+00) (0, 0, 0.00000000000000000000e+00) (0, 0, 0.00000000000000000000e+00) (0, 0, 0.00000000000000000000e+00) (0, 0, 0.00000000000000000000e+00) (0, 0, 0.00000000000000000000e+00) (0, 0, 0.00000000000000000000e+00) (0, 0, 0.00000000000000000000e+00) (0, 0, 0.00000000000000000000e+00) (0, 0, 0.00000000000000000000e+00) (0, 0, 0.00000000000000000000e+00) (0, 0, 0.00000000000000000000e+00) (13, 6, 5.00000000000000000000e-01) (13, 6, 5.00000000000000000000e-01) (13, 6, 5.00000000000000000000e-01) (0, 6, 0.00000000000000000000e+00) (4, 4, 5.00000000000000000000e-01) (0, 4, 0.00000000000000000000e+00) 
connections (connected_to_neuron, weight)=(0, -1.21778574783033155526e+00) (1, 5.71030433175421126002e-01) (2, 1.49389888337962140064e+00) (3, -6.72419148635340635511e-02) (4, 8.04023327620507211044e-02) (5, 1.37933489690635315839e+01) (6, -1.00723452038048622015e+00) (7, -1.98616437290955394346e+00) (8, -5.15933337746982001448e+00) (9, 1.09488686988717121018e+00) (10, 9.65766982547102026402e-01) (11, 1.69416650742120394879e-01) (12, -9.61334935491074293878e-01) (0, -3.55006256530020936069e+00) (1, 3.33385587584140985484e+00) (2, 3.44434474565503956356e+00) (3, -1.47533982432706739507e-01) (4, 8.64203114174632247568e-01) (5, 3.49449509571501248928e+00) (6, 4.61572777596367056496e-01) (7, -9.05274736705319327257e-02) (8, -3.41827086001257163250e-01) (9, 2.23129807903936638880e+00) (10, 2.03633576995542542321e+00) (11, 1.01884111632499574362e+00) (12, -3.69593803787563546237e+00) (0, -3.68751596862409813937e+00) (1, 3.48485001277092187877e+00) (2, 3.64167197829006150656e+00) (3, -3.56467601308843695662e-01) (4, 7.58936170600680748421e-01) (5, 2.85013191202917992584e+00) (6, -4.59169355785750687993e-01) (7, 8.82009197926071131235e-01) (8, -2.49546749983260901518e-01) (9, 2.24321032700798106418e+00) (10, 1.95706866673043244909e+00) (11, 1.08970720191392778098e+00) (12, -3.72560517320368989047e+00) (13, 1.01945442018640330950e+00) (14, 5.21391229443562487234e+00) (15, 5.22964049987805346120e+00) (16, -1.03076517634540754109e+00) 
