FANN_FLO_2.1
num_layers=3
learning_rate=0.700000
connection_rate=1.000000
network_type=0
learning_momentum=0.000000
training_algorithm=2
train_error_function=1
train_stop_function=1
cascade_output_change_fraction=0.010000
quickprop_decay=-0.000100
quickprop_mu=1.750000
rprop_increase_factor=1.200000
rprop_decrease_factor=0.500000
rprop_delta_min=0.000000
rprop_delta_max=50.000000
rprop_delta_zero=0.100000
cascade_output_stagnation_epochs=12
cascade_candidate_change_fraction=0.010000
cascade_candidate_stagnation_epochs=12
cascade_max_out_epochs=150
cascade_min_out_epochs=50
cascade_max_cand_epochs=150
cascade_min_cand_epochs=50
cascade_num_candidate_groups=2
bit_fail_limit=1.00000000000000005551e-01
cascade_candidate_limit=1.00000000000000000000e+03
cascade_weight_multiplier=4.00000000000000022204e-01
cascade_activation_functions_count=10
cascade_activation_functions=3 5 7 8 10 11 14 15 16 17 
cascade_activation_steepnesses_count=4
cascade_activation_steepnesses=2.50000000000000000000e-01 5.00000000000000000000e-01 7.50000000000000000000e-01 1.00000000000000000000e+00 
layer_sizes=7 4 2 
scale_included=0
neurons (num_inputs, activation_function, activation_steepness)=(0, 0, 0.00000000000000000000e+00) (0, 0, 0.00000000000000000000e+00) (0, 0, 0.00000000000000000000e+00) (0, 0, 0.00000000000000000000e+00) (0, 0, 0.00000000000000000000e+00) (0, 0, 0.00000000000000000000e+00) (0, 0, 0.00000000000000000000e+00) (7, 6, 5.00000000000000000000e-01) (7, 6, 5.00000000000000000000e-01) (7, 6, 5.00000000000000000000e-01) (0, 6, 0.00000000000000000000e+00) (4, 4, 5.00000000000000000000e-01) (0, 4, 0.00000000000000000000e+00) 
connections (connected_to_neuron, weight)=(0, -1.14924319264082175351e+00) (1, 7.43057784169411594810e-01) (2, 7.99661133284652048125e-01) (3, 2.25526009424904083644e-01) (4, -1.54756689416619547250e-01) (5, 2.99099788499493812743e-01) (6, -2.39829263378059723277e-02) (0, -4.81061889824593258425e+00) (1, 3.04716874563389428232e+00) (2, 2.40614316430149211001e+00) (3, 1.74254622752407484221e+00) (4, 5.79109103647493239642e-01) (5, 3.16710388817250088067e+00) (6, -3.74457157058761103130e+00) (0, 4.12838296539859506140e+00) (1, -4.04474401729099142244e+00) (2, -2.08376654287902951523e+00) (3, -1.84515235862895110586e+00) (4, -1.31709318232441674468e+00) (5, -1.84190320513411620595e+00) (6, 4.26790979532150238640e+00) (7, 1.38318955243800800758e+00) (8, 3.35107467908714262705e+00) (9, -5.42499164475429740406e+00) (10, -1.37589664870901273730e+00) 
