FANN_FLO_2.1
num_layers=3
learning_rate=0.700000
connection_rate=1.000000
network_type=0
learning_momentum=0.000000
training_algorithm=2
train_error_function=1
train_stop_function=1
cascade_output_change_fraction=0.010000
quickprop_decay=-0.000100
quickprop_mu=1.750000
rprop_increase_factor=1.200000
rprop_decrease_factor=0.500000
rprop_delta_min=0.000000
rprop_delta_max=50.000000
rprop_delta_zero=0.100000
cascade_output_stagnation_epochs=12
cascade_candidate_change_fraction=0.010000
cascade_candidate_stagnation_epochs=12
cascade_max_out_epochs=150
cascade_min_out_epochs=50
cascade_max_cand_epochs=150
cascade_min_cand_epochs=50
cascade_num_candidate_groups=2
bit_fail_limit=1.00000000000000005551e-01
cascade_candidate_limit=1.00000000000000000000e+03
cascade_weight_multiplier=4.00000000000000022204e-01
cascade_activation_functions_count=10
cascade_activation_functions=3 5 7 8 10 11 14 15 16 17 
cascade_activation_steepnesses_count=4
cascade_activation_steepnesses=2.50000000000000000000e-01 5.00000000000000000000e-01 7.50000000000000000000e-01 1.00000000000000000000e+00 
layer_sizes=11 4 2 
scale_included=0
neurons (num_inputs, activation_function, activation_steepness)=(0, 0, 0.00000000000000000000e+00) (0, 0, 0.00000000000000000000e+00) (0, 0, 0.00000000000000000000e+00) (0, 0, 0.00000000000000000000e+00) (0, 0, 0.00000000000000000000e+00) (0, 0, 0.00000000000000000000e+00) (0, 0, 0.00000000000000000000e+00) (0, 0, 0.00000000000000000000e+00) (0, 0, 0.00000000000000000000e+00) (0, 0, 0.00000000000000000000e+00) (0, 0, 0.00000000000000000000e+00) (11, 6, 5.00000000000000000000e-01) (11, 6, 5.00000000000000000000e-01) (11, 6, 5.00000000000000000000e-01) (0, 6, 0.00000000000000000000e+00) (4, 4, 5.00000000000000000000e-01) (0, 4, 0.00000000000000000000e+00) 
connections (connected_to_neuron, weight)=(0, 3.29170791940084694893e-01) (1, -1.20361235726923099243e+00) (2, 1.79484977971662917895e+00) (3, 5.57917519333400793724e-02) (4, -6.26150491749458026902e-01) (5, -9.88330269362405200440e-01) (6, -1.26137209120680604535e+00) (7, -1.27703683530323530704e+00) (8, 1.80867749076044970202e+00) (9, -1.36084881238565036377e+00) (10, 1.13167167408253410699e+00) (0, 1.80534182975684576178e+00) (1, 4.07565620362001557186e-01) (2, 8.23336707409069923358e+00) (3, 1.30514127564841320162e-01) (4, 1.31831794363091003852e+00) (5, 1.48525180811523682678e+00) (6, 1.79527447241739168682e+00) (7, 3.67222184350770808337e-01) (8, 8.24709895641962731361e+00) (9, -1.62258770813562014368e+00) (10, -2.31335002118704879948e+00) (0, 6.88158896343226467174e-01) (1, 5.00669598759621137241e-01) (2, -5.08360666830992791176e+00) (3, 4.91065202224020558308e-01) (4, 1.25037451574103322116e+01) (5, -9.19082129679465964500e+00) (6, -5.91812143393928913326e+00) (7, -1.15000000000000000000e+03) (8, -5.11832883594896781432e+00) (9, -6.65855532368230473850e+00) (10, 2.87651567219352655158e+00) (11, -2.90934287032745437784e+01) (12, 2.58607038553426704652e+01) (13, 7.84547969758746965852e+00) (14, -1.26574224770611953872e+00) 
