FANN_FLO_2.1
num_layers=3
learning_rate=0.700000
connection_rate=1.000000
network_type=0
learning_momentum=0.000000
training_algorithm=2
train_error_function=1
train_stop_function=1
cascade_output_change_fraction=0.010000
quickprop_decay=-0.000100
quickprop_mu=1.750000
rprop_increase_factor=1.200000
rprop_decrease_factor=0.500000
rprop_delta_min=0.000000
rprop_delta_max=50.000000
rprop_delta_zero=0.100000
cascade_output_stagnation_epochs=12
cascade_candidate_change_fraction=0.010000
cascade_candidate_stagnation_epochs=12
cascade_max_out_epochs=150
cascade_min_out_epochs=50
cascade_max_cand_epochs=150
cascade_min_cand_epochs=50
cascade_num_candidate_groups=2
bit_fail_limit=1.00000000000000005551e-01
cascade_candidate_limit=1.00000000000000000000e+03
cascade_weight_multiplier=4.00000000000000022204e-01
cascade_activation_functions_count=10
cascade_activation_functions=3 5 7 8 10 11 14 15 16 17 
cascade_activation_steepnesses_count=4
cascade_activation_steepnesses=2.50000000000000000000e-01 5.00000000000000000000e-01 7.50000000000000000000e-01 1.00000000000000000000e+00 
layer_sizes=9 4 2 
scale_included=0
neurons (num_inputs, activation_function, activation_steepness)=(0, 0, 0.00000000000000000000e+00) (0, 0, 0.00000000000000000000e+00) (0, 0, 0.00000000000000000000e+00) (0, 0, 0.00000000000000000000e+00) (0, 0, 0.00000000000000000000e+00) (0, 0, 0.00000000000000000000e+00) (0, 0, 0.00000000000000000000e+00) (0, 0, 0.00000000000000000000e+00) (0, 0, 0.00000000000000000000e+00) (9, 6, 5.00000000000000000000e-01) (9, 6, 5.00000000000000000000e-01) (9, 6, 5.00000000000000000000e-01) (0, 6, 0.00000000000000000000e+00) (4, 4, 5.00000000000000000000e-01) (0, 4, 0.00000000000000000000e+00) 
connections (connected_to_neuron, weight)=(0, -9.40472474626653065499e-01) (1, -5.87086198917648349749e-01) (2, -7.17553839154716044391e-01) (3, -6.48502897141622680621e-01) (4, -7.00210587022373931454e-01) (5, -5.75818651361457045645e-01) (6, -1.90157113847625652836e-01) (7, -5.30949710259224882947e-01) (8, 9.12588171677539694571e-01) (0, 4.14583969402669616500e-01) (1, 2.41130570851016745593e+00) (2, 3.09513631199379091186e+00) (3, 1.07131283876098759578e+00) (4, 1.58252955321877730732e+00) (5, 1.77428843764435706376e+00) (6, 2.32236209059130693788e+00) (7, -1.27696033379627732485e-01) (8, -2.43130520688526186035e+00) (0, -1.00857945375835167390e+00) (1, -6.06118833712360416399e-01) (2, -8.45199197597976348284e-01) (3, -6.46632555542635101276e-01) (4, -6.37712680635521667050e-01) (5, -6.06995520187607939810e-01) (6, -1.97044668970001113362e-01) (7, -5.89608213255192636915e-01) (8, 9.26452718691776144766e-01) (9, -3.77332588370918387000e+01) (10, 9.81143666115978874132e+00) (11, -3.77292394798277967993e+01) (12, -3.23456119770024086435e+00) 
