FANN_FLO_2.1
num_layers=3
learning_rate=0.700000
connection_rate=1.000000
network_type=0
learning_momentum=0.000000
training_algorithm=2
train_error_function=1
train_stop_function=1
cascade_output_change_fraction=0.010000
quickprop_decay=-0.000100
quickprop_mu=1.750000
rprop_increase_factor=1.200000
rprop_decrease_factor=0.500000
rprop_delta_min=0.000000
rprop_delta_max=50.000000
rprop_delta_zero=0.100000
cascade_output_stagnation_epochs=12
cascade_candidate_change_fraction=0.010000
cascade_candidate_stagnation_epochs=12
cascade_max_out_epochs=150
cascade_min_out_epochs=50
cascade_max_cand_epochs=150
cascade_min_cand_epochs=50
cascade_num_candidate_groups=2
bit_fail_limit=1.00000000000000005551e-01
cascade_candidate_limit=1.00000000000000000000e+03
cascade_weight_multiplier=4.00000000000000022204e-01
cascade_activation_functions_count=10
cascade_activation_functions=3 5 7 8 10 11 14 15 16 17 
cascade_activation_steepnesses_count=4
cascade_activation_steepnesses=2.50000000000000000000e-01 5.00000000000000000000e-01 7.50000000000000000000e-01 1.00000000000000000000e+00 
layer_sizes=8 4 2 
scale_included=0
neurons (num_inputs, activation_function, activation_steepness)=(0, 0, 0.00000000000000000000e+00) (0, 0, 0.00000000000000000000e+00) (0, 0, 0.00000000000000000000e+00) (0, 0, 0.00000000000000000000e+00) (0, 0, 0.00000000000000000000e+00) (0, 0, 0.00000000000000000000e+00) (0, 0, 0.00000000000000000000e+00) (0, 0, 0.00000000000000000000e+00) (8, 6, 5.00000000000000000000e-01) (8, 6, 5.00000000000000000000e-01) (8, 6, 5.00000000000000000000e-01) (0, 6, 0.00000000000000000000e+00) (4, 4, 5.00000000000000000000e-01) (0, 4, 0.00000000000000000000e+00) 
connections (connected_to_neuron, weight)=(0, -8.12099327996305464517e-01) (1, -7.46158895223112406114e-01) (2, -6.39306737239469735634e-01) (3, -7.17679177713859361987e-01) (4, -8.09731115939562706707e-01) (5, -4.36440453650824178311e-01) (6, -1.08503991260982357581e+00) (7, 1.18216776922393629334e+00) (0, 8.69518357749870296480e-01) (1, 4.79501984872089725975e-01) (2, 6.83051331773452341523e-01) (3, 3.18432054547079790296e-01) (4, 1.99165786597469618435e+00) (5, 1.29196299344815201948e+00) (6, 1.38511788330927498869e+00) (7, -4.83235246808612683989e-01) (0, 7.28549127023815579207e-01) (1, 1.00332384219593406804e+00) (2, 1.18642559177518580604e+00) (3, 8.32474662259718889423e-01) (4, 1.68918065252402249676e+00) (5, 4.29308850954760767848e+00) (6, 1.94896233451678169146e+00) (7, -1.42129233382369912775e+00) (8, -9.12790117729235817023e+01) (9, 2.20806089557494322761e+00) (10, 1.37878634966542250595e+01) (11, -3.68024197205368874819e+00) 
