FANN_FLO_2.1
num_layers=3
learning_rate=0.700000
connection_rate=1.000000
network_type=0
learning_momentum=0.000000
training_algorithm=2
train_error_function=1
train_stop_function=1
cascade_output_change_fraction=0.010000
quickprop_decay=-0.000100
quickprop_mu=1.750000
rprop_increase_factor=1.200000
rprop_decrease_factor=0.500000
rprop_delta_min=0.000000
rprop_delta_max=50.000000
rprop_delta_zero=0.100000
cascade_output_stagnation_epochs=12
cascade_candidate_change_fraction=0.010000
cascade_candidate_stagnation_epochs=12
cascade_max_out_epochs=150
cascade_min_out_epochs=50
cascade_max_cand_epochs=150
cascade_min_cand_epochs=50
cascade_num_candidate_groups=2
bit_fail_limit=1.00000000000000005551e-01
cascade_candidate_limit=1.00000000000000000000e+03
cascade_weight_multiplier=4.00000000000000022204e-01
cascade_activation_functions_count=10
cascade_activation_functions=3 5 7 8 10 11 14 15 16 17 
cascade_activation_steepnesses_count=4
cascade_activation_steepnesses=2.50000000000000000000e-01 5.00000000000000000000e-01 7.50000000000000000000e-01 1.00000000000000000000e+00 
layer_sizes=9 4 2 
scale_included=0
neurons (num_inputs, activation_function, activation_steepness)=(0, 0, 0.00000000000000000000e+00) (0, 0, 0.00000000000000000000e+00) (0, 0, 0.00000000000000000000e+00) (0, 0, 0.00000000000000000000e+00) (0, 0, 0.00000000000000000000e+00) (0, 0, 0.00000000000000000000e+00) (0, 0, 0.00000000000000000000e+00) (0, 0, 0.00000000000000000000e+00) (0, 0, 0.00000000000000000000e+00) (9, 6, 5.00000000000000000000e-01) (9, 6, 5.00000000000000000000e-01) (9, 6, 5.00000000000000000000e-01) (0, 6, 0.00000000000000000000e+00) (4, 4, 5.00000000000000000000e-01) (0, 4, 0.00000000000000000000e+00) 
connections (connected_to_neuron, weight)=(0, -2.69161802329367760844e-01) (1, 1.21238796035342266677e+00) (2, 7.64330463444163332731e-01) (3, 2.28795252653711644886e-01) (4, 4.61697270737766785054e-01) (5, 1.12330456805393819053e+00) (6, 6.84721101967344814021e-01) (7, 3.58625771198874010448e-01) (8, 1.00555457400940927160e-02) (0, 2.40468012884965709475e+00) (1, -3.40584373776082927066e+00) (2, -1.42354483397905906550e+00) (3, -8.38863927346918614170e-01) (4, -2.44295776058810609754e+00) (5, -1.76478421588085510052e+00) (6, -1.39303106672364696017e+00) (7, -1.08611434858743116649e+00) (8, 3.74235673548582559178e+00) (0, 1.92621760296486886632e-02) (1, 1.04620829592042019485e+00) (2, 1.14068857839490389594e+00) (3, 1.19638976013138637056e-01) (4, 4.72905626164555115132e-01) (5, 1.07070190441773060996e+00) (6, 7.66887353274874672415e-01) (7, 5.05871729646330314800e-01) (8, 1.65534429478310617101e-02) (9, 1.50300889535915627171e+00) (10, -8.03520029616717756937e+00) (11, 1.51942917033207192112e+00) (12, -1.60357623040925778568e+00) 
