FANN_FLO_2.1
num_layers=3
learning_rate=0.700000
connection_rate=1.000000
network_type=0
learning_momentum=0.000000
training_algorithm=2
train_error_function=1
train_stop_function=1
cascade_output_change_fraction=0.010000
quickprop_decay=-0.000100
quickprop_mu=1.750000
rprop_increase_factor=1.200000
rprop_decrease_factor=0.500000
rprop_delta_min=0.000000
rprop_delta_max=50.000000
rprop_delta_zero=0.100000
cascade_output_stagnation_epochs=12
cascade_candidate_change_fraction=0.010000
cascade_candidate_stagnation_epochs=12
cascade_max_out_epochs=150
cascade_min_out_epochs=50
cascade_max_cand_epochs=150
cascade_min_cand_epochs=50
cascade_num_candidate_groups=2
bit_fail_limit=1.00000000000000005551e-01
cascade_candidate_limit=1.00000000000000000000e+03
cascade_weight_multiplier=4.00000000000000022204e-01
cascade_activation_functions_count=10
cascade_activation_functions=3 5 7 8 10 11 14 15 16 17 
cascade_activation_steepnesses_count=4
cascade_activation_steepnesses=2.50000000000000000000e-01 5.00000000000000000000e-01 7.50000000000000000000e-01 1.00000000000000000000e+00 
layer_sizes=16 4 2 
scale_included=0
neurons (num_inputs, activation_function, activation_steepness)=(0, 0, 0.00000000000000000000e+00) (0, 0, 0.00000000000000000000e+00) (0, 0, 0.00000000000000000000e+00) (0, 0, 0.00000000000000000000e+00) (0, 0, 0.00000000000000000000e+00) (0, 0, 0.00000000000000000000e+00) (0, 0, 0.00000000000000000000e+00) (0, 0, 0.00000000000000000000e+00) (0, 0, 0.00000000000000000000e+00) (0, 0, 0.00000000000000000000e+00) (0, 0, 0.00000000000000000000e+00) (0, 0, 0.00000000000000000000e+00) (0, 0, 0.00000000000000000000e+00) (0, 0, 0.00000000000000000000e+00) (0, 0, 0.00000000000000000000e+00) (0, 0, 0.00000000000000000000e+00) (16, 6, 5.00000000000000000000e-01) (16, 6, 5.00000000000000000000e-01) (16, 6, 5.00000000000000000000e-01) (0, 6, 0.00000000000000000000e+00) (4, 4, 5.00000000000000000000e-01) (0, 4, 0.00000000000000000000e+00) 
connections (connected_to_neuron, weight)=(0, -5.97821943311039549762e-01) (1, 3.67637148333426333480e+00) (2, 4.06873885731769568963e+00) (3, 2.17700814514404994426e+00) (4, 1.13167059917764833976e+00) (5, 4.89268833199388353261e-01) (6, -1.27522095064449919599e-01) (7, -5.12078909360553002905e-01) (8, 3.28422548160623495317e-01) (9, 1.80261279508814920014e+00) (10, -1.87625919252414730121e-01) (11, 9.24789889254368779881e-01) (12, 3.17862908107945107972e+00) (13, 2.53610504360604227525e-01) (14, 2.65830166874722761960e+00) (15, -1.89196480320708126932e+00) (0, 1.34174260004351308950e+00) (1, -3.32709448497995108340e+00) (2, -3.20270533022841341619e+00) (3, -2.73024487525157422141e+00) (4, -1.76743720768228151918e+00) (5, -1.27507792093805472078e+00) (6, 1.52129975479980805719e-01) (7, 4.91484914130288719214e-01) (8, -5.72031094855802613175e-01) (9, -1.16825177545751057728e+00) (10, 6.73724017016231746524e-01) (11, -9.88494703342380653943e-01) (12, -1.43197526417804188448e+00) (13, -1.85424223625787254477e+00) (14, -5.74820923321833321396e-01) (15, 2.73967248122111417530e+00) (0, 1.38158483310530355581e+00) (1, -3.28581043791278570865e+00) (2, -3.26917184052428133612e+00) (3, -2.73559650435976475791e+00) (4, -1.33612209361349587589e+00) (5, -1.76464738466008519424e+00) (6, 1.57769215625664094294e-01) (7, 4.53325327641088127173e-01) (8, -4.26611623889940450027e-01) (9, -1.15368513043130360707e+00) (10, -2.63728200035495477516e-02) (11, -5.43886591048838186069e-01) (12, -1.43495881937575764375e+00) (13, -1.93923151576646368710e+00) (14, -7.25120987756883272901e-01) (15, 2.70296484152690030811e+00) (16, 1.00035313215306018719e+01) (17, -1.07190398062384559807e+01) (18, -1.07011180008566810784e+01) (19, -1.46718861020646662574e+00) 
