FANN_FLO_2.1
num_layers=3
learning_rate=0.700000
connection_rate=1.000000
network_type=0
learning_momentum=0.000000
training_algorithm=2
train_error_function=1
train_stop_function=1
cascade_output_change_fraction=0.010000
quickprop_decay=-0.000100
quickprop_mu=1.750000
rprop_increase_factor=1.200000
rprop_decrease_factor=0.500000
rprop_delta_min=0.000000
rprop_delta_max=50.000000
rprop_delta_zero=0.100000
cascade_output_stagnation_epochs=12
cascade_candidate_change_fraction=0.010000
cascade_candidate_stagnation_epochs=12
cascade_max_out_epochs=150
cascade_min_out_epochs=50
cascade_max_cand_epochs=150
cascade_min_cand_epochs=50
cascade_num_candidate_groups=2
bit_fail_limit=1.00000000000000005551e-01
cascade_candidate_limit=1.00000000000000000000e+03
cascade_weight_multiplier=4.00000000000000022204e-01
cascade_activation_functions_count=10
cascade_activation_functions=3 5 7 8 10 11 14 15 16 17 
cascade_activation_steepnesses_count=4
cascade_activation_steepnesses=2.50000000000000000000e-01 5.00000000000000000000e-01 7.50000000000000000000e-01 1.00000000000000000000e+00 
layer_sizes=10 4 2 
scale_included=0
neurons (num_inputs, activation_function, activation_steepness)=(0, 0, 0.00000000000000000000e+00) (0, 0, 0.00000000000000000000e+00) (0, 0, 0.00000000000000000000e+00) (0, 0, 0.00000000000000000000e+00) (0, 0, 0.00000000000000000000e+00) (0, 0, 0.00000000000000000000e+00) (0, 0, 0.00000000000000000000e+00) (0, 0, 0.00000000000000000000e+00) (0, 0, 0.00000000000000000000e+00) (0, 0, 0.00000000000000000000e+00) (10, 6, 5.00000000000000000000e-01) (10, 6, 5.00000000000000000000e-01) (10, 6, 5.00000000000000000000e-01) (0, 6, 0.00000000000000000000e+00) (4, 4, 5.00000000000000000000e-01) (0, 4, 0.00000000000000000000e+00) 
connections (connected_to_neuron, weight)=(0, 7.36662511733101821321e-01) (1, 4.55540545429737320227e-01) (2, 5.35500033724564339366e+00) (3, 8.89556530655000399221e-01) (4, 3.77548930215289679779e-01) (5, 7.47894754870609745900e-01) (6, 8.46931326926324556936e-01) (7, 3.63552445173914273724e-01) (8, 3.56235414216986234770e-01) (9, -1.57497418329098204381e+00) (0, 2.10567747366672408660e+00) (1, -3.89846103123448362027e+00) (2, -3.01369647753988267880e+00) (3, -5.83218339223686843553e+00) (4, -4.54072799977672247884e-01) (5, -4.35328558988865221835e+00) (6, -5.79327822614733367601e+00) (7, -9.45591919943862602160e-01) (8, -5.54465896207684272312e-03) (9, 4.78071017819980603747e+00) (0, 3.18355631882085432505e-01) (1, 3.57172606769131761872e-01) (2, 9.36326628333967114770e+00) (3, 2.90103057944159203885e+00) (4, 4.61111580453534508628e-01) (5, 2.30526679442777959750e+00) (6, 1.83414373565462818227e+00) (7, 4.11058236784814012843e-01) (8, 2.01446413187478290396e+00) (9, -3.55982621844030200364e+00) (10, 4.83638665061313755000e-01) (11, -1.82234090924923535226e+01) (12, 5.40105135676535308420e+00) (13, -3.26296685823947663074e-01) 
