FANN_FLO_2.1
num_layers=3
learning_rate=0.700000
connection_rate=1.000000
network_type=0
learning_momentum=0.000000
training_algorithm=2
train_error_function=1
train_stop_function=1
cascade_output_change_fraction=0.010000
quickprop_decay=-0.000100
quickprop_mu=1.750000
rprop_increase_factor=1.200000
rprop_decrease_factor=0.500000
rprop_delta_min=0.000000
rprop_delta_max=50.000000
rprop_delta_zero=0.100000
cascade_output_stagnation_epochs=12
cascade_candidate_change_fraction=0.010000
cascade_candidate_stagnation_epochs=12
cascade_max_out_epochs=150
cascade_min_out_epochs=50
cascade_max_cand_epochs=150
cascade_min_cand_epochs=50
cascade_num_candidate_groups=2
bit_fail_limit=1.00000000000000005551e-01
cascade_candidate_limit=1.00000000000000000000e+03
cascade_weight_multiplier=4.00000000000000022204e-01
cascade_activation_functions_count=10
cascade_activation_functions=3 5 7 8 10 11 14 15 16 17 
cascade_activation_steepnesses_count=4
cascade_activation_steepnesses=2.50000000000000000000e-01 5.00000000000000000000e-01 7.50000000000000000000e-01 1.00000000000000000000e+00 
layer_sizes=7 4 2 
scale_included=0
neurons (num_inputs, activation_function, activation_steepness)=(0, 0, 0.00000000000000000000e+00) (0, 0, 0.00000000000000000000e+00) (0, 0, 0.00000000000000000000e+00) (0, 0, 0.00000000000000000000e+00) (0, 0, 0.00000000000000000000e+00) (0, 0, 0.00000000000000000000e+00) (0, 0, 0.00000000000000000000e+00) (7, 6, 5.00000000000000000000e-01) (7, 6, 5.00000000000000000000e-01) (7, 6, 5.00000000000000000000e-01) (0, 6, 0.00000000000000000000e+00) (4, 4, 5.00000000000000000000e-01) (0, 4, 0.00000000000000000000e+00) 
connections (connected_to_neuron, weight)=(0, 5.73358831450280437281e-01) (1, -1.01501502624233763683e+00) (2, -1.11206847219276516725e+00) (3, -3.87339467777946921956e-01) (4, 5.07275612934257269515e-01) (5, -2.67445430363727476575e-01) (6, 8.97784530256028445727e-01) (0, 6.49011348828610667994e-01) (1, -9.23501399964891223071e-01) (2, -1.00471630855011984096e+00) (3, -4.08842290415504905354e-01) (4, 4.73610022946025388535e-01) (5, -2.59592056478572807965e-01) (6, 8.24788726005788119799e-01) (0, 6.67662469193276653101e-01) (1, -9.55306945056520029347e-01) (2, -1.12128698243308155824e+00) (3, -4.65037765576580497395e-01) (4, 5.22213654502059698714e-01) (5, -9.44925623193511032838e-02) (6, 8.79771790538068310106e-01) (7, -1.79417081296121736500e+01) (8, -3.63544094569628173375e+00) (9, -1.79799612953936716053e+01) (10, -2.43149817846217120021e+00) 
