FANN_FLO_2.1
num_layers=3
learning_rate=0.700000
connection_rate=1.000000
network_type=0
learning_momentum=0.000000
training_algorithm=2
train_error_function=1
train_stop_function=1
cascade_output_change_fraction=0.010000
quickprop_decay=-0.000100
quickprop_mu=1.750000
rprop_increase_factor=1.200000
rprop_decrease_factor=0.500000
rprop_delta_min=0.000000
rprop_delta_max=50.000000
rprop_delta_zero=0.100000
cascade_output_stagnation_epochs=12
cascade_candidate_change_fraction=0.010000
cascade_candidate_stagnation_epochs=12
cascade_max_out_epochs=150
cascade_min_out_epochs=50
cascade_max_cand_epochs=150
cascade_min_cand_epochs=50
cascade_num_candidate_groups=2
bit_fail_limit=1.00000000000000005551e-01
cascade_candidate_limit=1.00000000000000000000e+03
cascade_weight_multiplier=4.00000000000000022204e-01
cascade_activation_functions_count=10
cascade_activation_functions=3 5 7 8 10 11 14 15 16 17 
cascade_activation_steepnesses_count=4
cascade_activation_steepnesses=2.50000000000000000000e-01 5.00000000000000000000e-01 7.50000000000000000000e-01 1.00000000000000000000e+00 
layer_sizes=9 4 2 
scale_included=0
neurons (num_inputs, activation_function, activation_steepness)=(0, 0, 0.00000000000000000000e+00) (0, 0, 0.00000000000000000000e+00) (0, 0, 0.00000000000000000000e+00) (0, 0, 0.00000000000000000000e+00) (0, 0, 0.00000000000000000000e+00) (0, 0, 0.00000000000000000000e+00) (0, 0, 0.00000000000000000000e+00) (0, 0, 0.00000000000000000000e+00) (0, 0, 0.00000000000000000000e+00) (9, 6, 5.00000000000000000000e-01) (9, 6, 5.00000000000000000000e-01) (9, 6, 5.00000000000000000000e-01) (0, 6, 0.00000000000000000000e+00) (4, 4, 5.00000000000000000000e-01) (0, 4, 0.00000000000000000000e+00) 
connections (connected_to_neuron, weight)=(0, -1.32400539197592692631e+00) (1, 3.58413800903611701187e+00) (2, 2.96792860297137384151e+00) (3, 1.37835650345123572613e+00) (4, -4.90172653832918636674e-01) (5, 1.66557907998725807097e+00) (6, 1.93741961533824258446e+00) (7, 3.02205466433795066905e+00) (8, -4.26446977496611623337e+00) (0, 4.61732857425372955618e-01) (1, -7.80711851783659316339e-01) (2, -1.52408525218609702812e+00) (3, 8.51975241035962532754e-02) (4, 2.52954862047451878304e-01) (5, 2.11457425360830536532e-01) (6, 4.21153126221743834279e-01) (7, -5.97778814933405344689e-01) (8, 4.11187940494545101089e-01) (0, -9.30760570026426536927e-01) (1, 1.54521604164479575694e+00) (2, 1.11787657035223886304e+00) (3, 1.84325630657619587982e-01) (4, -3.49151294237994291869e-01) (5, 5.37860187822497420873e-02) (6, -5.62543068926496303561e-01) (7, 1.19870266831471461444e+00) (8, -1.05637180075743741803e+00) (9, 9.43982965853387234745e+00) (10, -4.13449210323393656630e-01) (11, 1.97777606151577933780e+00) (12, -8.75989563252628222756e-01) 
