FANN_FLO_2.1
num_layers=3
learning_rate=0.700000
connection_rate=1.000000
network_type=0
learning_momentum=0.000000
training_algorithm=2
train_error_function=1
train_stop_function=1
cascade_output_change_fraction=0.010000
quickprop_decay=-0.000100
quickprop_mu=1.750000
rprop_increase_factor=1.200000
rprop_decrease_factor=0.500000
rprop_delta_min=0.000000
rprop_delta_max=50.000000
rprop_delta_zero=0.100000
cascade_output_stagnation_epochs=12
cascade_candidate_change_fraction=0.010000
cascade_candidate_stagnation_epochs=12
cascade_max_out_epochs=150
cascade_min_out_epochs=50
cascade_max_cand_epochs=150
cascade_min_cand_epochs=50
cascade_num_candidate_groups=2
bit_fail_limit=1.00000000000000005551e-01
cascade_candidate_limit=1.00000000000000000000e+03
cascade_weight_multiplier=4.00000000000000022204e-01
cascade_activation_functions_count=10
cascade_activation_functions=3 5 7 8 10 11 14 15 16 17 
cascade_activation_steepnesses_count=4
cascade_activation_steepnesses=2.50000000000000000000e-01 5.00000000000000000000e-01 7.50000000000000000000e-01 1.00000000000000000000e+00 
layer_sizes=8 4 2 
scale_included=0
neurons (num_inputs, activation_function, activation_steepness)=(0, 0, 0.00000000000000000000e+00) (0, 0, 0.00000000000000000000e+00) (0, 0, 0.00000000000000000000e+00) (0, 0, 0.00000000000000000000e+00) (0, 0, 0.00000000000000000000e+00) (0, 0, 0.00000000000000000000e+00) (0, 0, 0.00000000000000000000e+00) (0, 0, 0.00000000000000000000e+00) (8, 6, 5.00000000000000000000e-01) (8, 6, 5.00000000000000000000e-01) (8, 6, 5.00000000000000000000e-01) (0, 6, 0.00000000000000000000e+00) (4, 4, 5.00000000000000000000e-01) (0, 4, 0.00000000000000000000e+00) 
connections (connected_to_neuron, weight)=(0, 2.11302484342367824510e+00) (1, -4.81489140693233608204e+00) (2, -4.32510083051572280510e+00) (3, -3.32850416867138410026e+00) (4, -3.19879258610711314503e+00) (5, -2.99079128197671684219e+00) (6, -2.18348548589257562824e+00) (7, 4.51704388014049751376e+00) (0, -9.42512546884786694967e-02) (1, -8.40483416694971285921e-01) (2, -1.24034688089548483791e-01) (3, -1.27981549030118024746e+00) (4, 2.60943711797033195410e+00) (5, -8.62970865908975071079e+00) (6, -2.01095046681958899981e+00) (7, 1.49029837401074449765e+00) (0, -3.93382111925310098965e-02) (1, 3.32890864716621059927e+00) (2, 8.53271778498693622694e-01) (3, 1.65271181981822268270e+00) (4, 1.53209807278960963295e+00) (5, 5.83737690670422471051e-01) (6, 9.34944251454281838321e-01) (7, -1.40772867353679420610e+00) (8, -7.16690136290007551167e+00) (9, -1.35922596304785692212e+00) (10, 2.52721061336339722914e+01) (11, -1.69239099167159823267e+00) 
