FANN_FLO_2.1
num_layers=3
learning_rate=0.700000
connection_rate=1.000000
network_type=0
learning_momentum=0.000000
training_algorithm=2
train_error_function=1
train_stop_function=1
cascade_output_change_fraction=0.010000
quickprop_decay=-0.000100
quickprop_mu=1.750000
rprop_increase_factor=1.200000
rprop_decrease_factor=0.500000
rprop_delta_min=0.000000
rprop_delta_max=50.000000
rprop_delta_zero=0.100000
cascade_output_stagnation_epochs=12
cascade_candidate_change_fraction=0.010000
cascade_candidate_stagnation_epochs=12
cascade_max_out_epochs=150
cascade_min_out_epochs=50
cascade_max_cand_epochs=150
cascade_min_cand_epochs=50
cascade_num_candidate_groups=2
bit_fail_limit=1.00000000000000005551e-01
cascade_candidate_limit=1.00000000000000000000e+03
cascade_weight_multiplier=4.00000000000000022204e-01
cascade_activation_functions_count=10
cascade_activation_functions=3 5 7 8 10 11 14 15 16 17 
cascade_activation_steepnesses_count=4
cascade_activation_steepnesses=2.50000000000000000000e-01 5.00000000000000000000e-01 7.50000000000000000000e-01 1.00000000000000000000e+00 
layer_sizes=8 4 2 
scale_included=0
neurons (num_inputs, activation_function, activation_steepness)=(0, 0, 0.00000000000000000000e+00) (0, 0, 0.00000000000000000000e+00) (0, 0, 0.00000000000000000000e+00) (0, 0, 0.00000000000000000000e+00) (0, 0, 0.00000000000000000000e+00) (0, 0, 0.00000000000000000000e+00) (0, 0, 0.00000000000000000000e+00) (0, 0, 0.00000000000000000000e+00) (8, 6, 5.00000000000000000000e-01) (8, 6, 5.00000000000000000000e-01) (8, 6, 5.00000000000000000000e-01) (0, 6, 0.00000000000000000000e+00) (4, 4, 5.00000000000000000000e-01) (0, 4, 0.00000000000000000000e+00) 
connections (connected_to_neuron, weight)=(0, -2.61247026720066921612e+00) (1, -1.51680762570907923248e+00) (2, -1.41723157477391548120e+00) (3, -9.51752798587181675360e-02) (4, -1.52035343106835529881e+00) (5, -1.24082158266907605082e+00) (6, -1.08167062902744648412e+00) (7, 2.71968932819301612014e+00) (0, 1.60073057924753525683e+00) (1, 1.67402943077359989132e+00) (2, 9.43368143694439775793e-01) (3, 5.64707453898135258719e-01) (4, 1.69775044830200405599e+00) (5, 1.49414011765949439337e+00) (6, 8.62463129322664734389e+00) (7, -1.91788418639898861073e+00) (0, 7.82725400162042173058e-01) (1, 1.03487723262996778040e+00) (2, 6.99440870104794165663e-01) (3, 3.91643005254739273724e-01) (4, 1.21919644407584071288e+00) (5, 6.47479230640072844771e-01) (6, 1.87672420550503282755e+01) (7, -7.89354753380969054177e-01) (8, -2.04747196457462230512e+01) (9, 1.01803977938898277955e+01) (10, 6.46212748060979058629e-01) (11, -1.23428696307173813018e+00) 
