FANN_FLO_2.1
num_layers=3
learning_rate=0.700000
connection_rate=1.000000
network_type=0
learning_momentum=0.000000
training_algorithm=2
train_error_function=1
train_stop_function=1
cascade_output_change_fraction=0.010000
quickprop_decay=-0.000100
quickprop_mu=1.750000
rprop_increase_factor=1.200000
rprop_decrease_factor=0.500000
rprop_delta_min=0.000000
rprop_delta_max=50.000000
rprop_delta_zero=0.100000
cascade_output_stagnation_epochs=12
cascade_candidate_change_fraction=0.010000
cascade_candidate_stagnation_epochs=12
cascade_max_out_epochs=150
cascade_min_out_epochs=50
cascade_max_cand_epochs=150
cascade_min_cand_epochs=50
cascade_num_candidate_groups=2
bit_fail_limit=1.00000000000000005551e-01
cascade_candidate_limit=1.00000000000000000000e+03
cascade_weight_multiplier=4.00000000000000022204e-01
cascade_activation_functions_count=10
cascade_activation_functions=3 5 7 8 10 11 14 15 16 17 
cascade_activation_steepnesses_count=4
cascade_activation_steepnesses=2.50000000000000000000e-01 5.00000000000000000000e-01 7.50000000000000000000e-01 1.00000000000000000000e+00 
layer_sizes=11 4 2 
scale_included=0
neurons (num_inputs, activation_function, activation_steepness)=(0, 0, 0.00000000000000000000e+00) (0, 0, 0.00000000000000000000e+00) (0, 0, 0.00000000000000000000e+00) (0, 0, 0.00000000000000000000e+00) (0, 0, 0.00000000000000000000e+00) (0, 0, 0.00000000000000000000e+00) (0, 0, 0.00000000000000000000e+00) (0, 0, 0.00000000000000000000e+00) (0, 0, 0.00000000000000000000e+00) (0, 0, 0.00000000000000000000e+00) (0, 0, 0.00000000000000000000e+00) (11, 6, 5.00000000000000000000e-01) (11, 6, 5.00000000000000000000e-01) (11, 6, 5.00000000000000000000e-01) (0, 6, 0.00000000000000000000e+00) (4, 4, 5.00000000000000000000e-01) (0, 4, 0.00000000000000000000e+00) 
connections (connected_to_neuron, weight)=(0, 3.72075365677232872130e-01) (1, -1.30810867411088871393e+00) (2, -7.60063635391216685377e-01) (3, -1.20282566102287358234e+00) (4, 6.41546555579908805989e-01) (5, 1.47616453469229497175e-01) (6, -8.19314992633442762404e-01) (7, 4.34292702526535845386e-01) (8, -1.23300335642483616105e+00) (9, -1.39294739562531866284e+00) (10, 7.13898391432734369388e-01) (0, 2.25274750783796412490e-01) (1, -1.19015802604150700006e+00) (2, -7.38005699795704517285e-01) (3, -8.81504596758094116637e-01) (4, 5.55509143294103946431e-01) (5, 2.32961806992530745530e-01) (6, -9.11334476080517097429e-01) (7, 6.28698607161829792211e-01) (8, -1.26783400487687969438e+00) (9, -1.18842381934051499748e+00) (10, 7.44231869436474458013e-01) (0, 4.53765103971533023675e-01) (1, 9.16921389888178728356e-01) (2, 3.44711612774104614321e-01) (3, 4.62289344821551317910e-01) (4, 3.25310373286468307308e-02) (5, 5.14717292526876368797e-01) (6, 5.66247780015530111086e-01) (7, 1.25848952597536534181e-01) (8, 4.83197676320024249730e-01) (9, 5.29909927273823577742e-01) (10, -1.61721423447047096822e-02) (11, -2.20242833768790333693e+01) (12, -2.20312295419936745589e+01) (13, 8.96098518899625107181e-01) (14, -2.22004462300316296464e+00) 
