FANN_FLO_2.1
num_layers=3
learning_rate=0.700000
connection_rate=1.000000
network_type=0
learning_momentum=0.000000
training_algorithm=2
train_error_function=1
train_stop_function=1
cascade_output_change_fraction=0.010000
quickprop_decay=-0.000100
quickprop_mu=1.750000
rprop_increase_factor=1.200000
rprop_decrease_factor=0.500000
rprop_delta_min=0.000000
rprop_delta_max=50.000000
rprop_delta_zero=0.100000
cascade_output_stagnation_epochs=12
cascade_candidate_change_fraction=0.010000
cascade_candidate_stagnation_epochs=12
cascade_max_out_epochs=150
cascade_min_out_epochs=50
cascade_max_cand_epochs=150
cascade_min_cand_epochs=50
cascade_num_candidate_groups=2
bit_fail_limit=1.00000000000000005551e-01
cascade_candidate_limit=1.00000000000000000000e+03
cascade_weight_multiplier=4.00000000000000022204e-01
cascade_activation_functions_count=10
cascade_activation_functions=3 5 7 8 10 11 14 15 16 17 
cascade_activation_steepnesses_count=4
cascade_activation_steepnesses=2.50000000000000000000e-01 5.00000000000000000000e-01 7.50000000000000000000e-01 1.00000000000000000000e+00 
layer_sizes=16 4 2 
scale_included=0
neurons (num_inputs, activation_function, activation_steepness)=(0, 0, 0.00000000000000000000e+00) (0, 0, 0.00000000000000000000e+00) (0, 0, 0.00000000000000000000e+00) (0, 0, 0.00000000000000000000e+00) (0, 0, 0.00000000000000000000e+00) (0, 0, 0.00000000000000000000e+00) (0, 0, 0.00000000000000000000e+00) (0, 0, 0.00000000000000000000e+00) (0, 0, 0.00000000000000000000e+00) (0, 0, 0.00000000000000000000e+00) (0, 0, 0.00000000000000000000e+00) (0, 0, 0.00000000000000000000e+00) (0, 0, 0.00000000000000000000e+00) (0, 0, 0.00000000000000000000e+00) (0, 0, 0.00000000000000000000e+00) (0, 0, 0.00000000000000000000e+00) (16, 6, 5.00000000000000000000e-01) (16, 6, 5.00000000000000000000e-01) (16, 6, 5.00000000000000000000e-01) (0, 6, 0.00000000000000000000e+00) (4, 4, 5.00000000000000000000e-01) (0, 4, 0.00000000000000000000e+00) 
connections (connected_to_neuron, weight)=(0, -1.64663284946609089765e+00) (1, 1.44927609642522625677e+00) (2, 8.08913884487448608951e-01) (3, -6.56030808624497363546e-01) (4, 1.43803272701618789498e+00) (5, 2.52043515761284719900e+00) (6, -2.19325853232024936545e+00) (7, 4.29894891929559541666e+00) (8, 8.10174833176916853184e-01) (9, 1.45825046941492408870e+00) (10, 2.91019208418152541817e-01) (11, 1.23415020781768114411e+00) (12, 1.16189011024606303479e+00) (13, 4.15405524627304778562e+00) (14, -4.82575527134230575221e-01) (15, -1.76652019400525639448e+00) (0, -6.24387914773142510549e-02) (1, 5.01643670028319776932e-01) (2, 8.90372414576143356157e-01) (3, 6.07012528490187830421e-02) (4, 1.03163986996520140593e+00) (5, 3.60974721984202662206e-01) (6, -1.75778955137336351244e-01) (7, 2.90854522158076544969e+00) (8, 6.37324808890381566684e-01) (9, 1.10371393634634773484e+00) (10, 4.59967834052806501255e-01) (11, 9.83694688380065129785e-01) (12, 1.08186798918892024268e+00) (13, 9.53104255151488222175e-01) (14, 1.40332567384766793150e-01) (15, -1.73518912726274787683e-01) (0, -1.77821076590943882856e+00) (1, 1.51051170682089619390e+00) (2, 1.13317541123764220501e+00) (3, -1.10644960654022447843e-01) (4, 1.50309342078683494393e+00) (5, 1.29542727733801066314e+00) (6, -1.38401208536709896535e+00) (7, 4.18975166336632476316e+00) (8, 3.80921951630374899800e-01) (9, 1.44564416155073494075e+00) (10, -4.93028387988258612329e-02) (11, 1.25846517759574205719e+00) (12, 1.01906127743205932035e+00) (13, 4.17714937881565795408e+00) (14, -5.18909754904797515529e-01) (15, -1.71153871644664357099e+00) (16, 3.08386836185928387977e+01) (17, 1.47032470417106009286e+00) (18, 1.00354581838952956474e+01) (19, -2.13396305782252015959e+00) 
