FANN_FLO_2.1
num_layers=3
learning_rate=0.700000
connection_rate=1.000000
network_type=0
learning_momentum=0.000000
training_algorithm=2
train_error_function=1
train_stop_function=1
cascade_output_change_fraction=0.010000
quickprop_decay=-0.000100
quickprop_mu=1.750000
rprop_increase_factor=1.200000
rprop_decrease_factor=0.500000
rprop_delta_min=0.000000
rprop_delta_max=50.000000
rprop_delta_zero=0.100000
cascade_output_stagnation_epochs=12
cascade_candidate_change_fraction=0.010000
cascade_candidate_stagnation_epochs=12
cascade_max_out_epochs=150
cascade_min_out_epochs=50
cascade_max_cand_epochs=150
cascade_min_cand_epochs=50
cascade_num_candidate_groups=2
bit_fail_limit=1.00000000000000005551e-01
cascade_candidate_limit=1.00000000000000000000e+03
cascade_weight_multiplier=4.00000000000000022204e-01
cascade_activation_functions_count=10
cascade_activation_functions=3 5 7 8 10 11 14 15 16 17 
cascade_activation_steepnesses_count=4
cascade_activation_steepnesses=2.50000000000000000000e-01 5.00000000000000000000e-01 7.50000000000000000000e-01 1.00000000000000000000e+00 
layer_sizes=6 4 2 
scale_included=0
neurons (num_inputs, activation_function, activation_steepness)=(0, 0, 0.00000000000000000000e+00) (0, 0, 0.00000000000000000000e+00) (0, 0, 0.00000000000000000000e+00) (0, 0, 0.00000000000000000000e+00) (0, 0, 0.00000000000000000000e+00) (0, 0, 0.00000000000000000000e+00) (6, 6, 5.00000000000000000000e-01) (6, 6, 5.00000000000000000000e-01) (6, 6, 5.00000000000000000000e-01) (0, 6, 0.00000000000000000000e+00) (4, 4, 5.00000000000000000000e-01) (0, 4, 0.00000000000000000000e+00) 
connections (connected_to_neuron, weight)=(0, -1.67012695019262213947e+00) (1, 2.71884326119829200508e+00) (2, 2.72897751270835620119e+00) (3, 2.18316529366469236351e+00) (4, -7.22346569176927966183e-01) (5, -2.52085760772697842214e+00) (0, -4.01951066104165422033e-01) (1, 1.80887182527383671982e-01) (2, 1.50649211478585565160e+00) (3, 8.23085734210418351608e+00) (4, -3.71002143645067228306e-01) (5, -5.42943145207223754056e-01) (0, -1.35188776950578182223e-01) (1, 1.56106602717046394346e+00) (2, 1.22669054786963793724e+00) (3, 5.11893496962231187020e-01) (4, 6.12750090930998768390e-03) (5, -7.80421709292870718899e-02) (6, 1.30894324623118620821e+01) (7, 2.56115488079037989522e+00) (8, 3.24053428673091836743e+00) (9, -4.05004988973905444283e+00) 
