FANN_FLO_2.1
num_layers=3
learning_rate=0.700000
connection_rate=1.000000
network_type=0
learning_momentum=0.000000
training_algorithm=2
train_error_function=1
train_stop_function=1
cascade_output_change_fraction=0.010000
quickprop_decay=-0.000100
quickprop_mu=1.750000
rprop_increase_factor=1.200000
rprop_decrease_factor=0.500000
rprop_delta_min=0.000000
rprop_delta_max=50.000000
rprop_delta_zero=0.100000
cascade_output_stagnation_epochs=12
cascade_candidate_change_fraction=0.010000
cascade_candidate_stagnation_epochs=12
cascade_max_out_epochs=150
cascade_min_out_epochs=50
cascade_max_cand_epochs=150
cascade_min_cand_epochs=50
cascade_num_candidate_groups=2
bit_fail_limit=1.00000000000000005551e-01
cascade_candidate_limit=1.00000000000000000000e+03
cascade_weight_multiplier=4.00000000000000022204e-01
cascade_activation_functions_count=10
cascade_activation_functions=3 5 7 8 10 11 14 15 16 17 
cascade_activation_steepnesses_count=4
cascade_activation_steepnesses=2.50000000000000000000e-01 5.00000000000000000000e-01 7.50000000000000000000e-01 1.00000000000000000000e+00 
layer_sizes=8 4 2 
scale_included=0
neurons (num_inputs, activation_function, activation_steepness)=(0, 0, 0.00000000000000000000e+00) (0, 0, 0.00000000000000000000e+00) (0, 0, 0.00000000000000000000e+00) (0, 0, 0.00000000000000000000e+00) (0, 0, 0.00000000000000000000e+00) (0, 0, 0.00000000000000000000e+00) (0, 0, 0.00000000000000000000e+00) (0, 0, 0.00000000000000000000e+00) (8, 6, 5.00000000000000000000e-01) (8, 6, 5.00000000000000000000e-01) (8, 6, 5.00000000000000000000e-01) (0, 6, 0.00000000000000000000e+00) (4, 4, 5.00000000000000000000e-01) (0, 4, 0.00000000000000000000e+00) 
connections (connected_to_neuron, weight)=(0, 1.14946679351528064927e+01) (1, -6.49824262311074996035e+00) (2, -4.55424812611236262683e+00) (3, -1.08710961164311270544e+00) (4, 3.03850127632103372832e+00) (5, -6.62485966833022033029e+00) (6, 8.42542065852021737626e-01) (7, 5.61879129528096754598e+00) (0, 9.45872961240920950843e+00) (1, -4.57844325474788860220e+00) (2, -5.73214354387148627978e+00) (3, -6.63689331151242345452e-02) (4, 2.65192141738984643595e+00) (5, -2.04407410751379314817e+00) (6, 9.55095790418909795783e-01) (7, 4.82532743961628263207e+00) (0, -2.83362623887041964466e+00) (1, 2.31585898637807297007e+00) (2, 2.20691326568623802373e+00) (3, 9.42260062116710206404e-01) (4, -1.05512454865902127743e+00) (5, 1.42803354651231928507e+00) (6, 1.16195218629481766826e+00) (7, -2.81792021008113779956e+00) (8, -2.12193775503211279343e+00) (9, -2.17560503212981481980e+00) (10, 5.80902779654763712358e+00) (11, -8.94215663202450383729e-01) 
