FANN_FLO_2.1
num_layers=3
learning_rate=0.700000
connection_rate=1.000000
network_type=0
learning_momentum=0.000000
training_algorithm=2
train_error_function=1
train_stop_function=1
cascade_output_change_fraction=0.010000
quickprop_decay=-0.000100
quickprop_mu=1.750000
rprop_increase_factor=1.200000
rprop_decrease_factor=0.500000
rprop_delta_min=0.000000
rprop_delta_max=50.000000
rprop_delta_zero=0.100000
cascade_output_stagnation_epochs=12
cascade_candidate_change_fraction=0.010000
cascade_candidate_stagnation_epochs=12
cascade_max_out_epochs=150
cascade_min_out_epochs=50
cascade_max_cand_epochs=150
cascade_min_cand_epochs=50
cascade_num_candidate_groups=2
bit_fail_limit=1.00000000000000005551e-01
cascade_candidate_limit=1.00000000000000000000e+03
cascade_weight_multiplier=4.00000000000000022204e-01
cascade_activation_functions_count=10
cascade_activation_functions=3 5 7 8 10 11 14 15 16 17 
cascade_activation_steepnesses_count=4
cascade_activation_steepnesses=2.50000000000000000000e-01 5.00000000000000000000e-01 7.50000000000000000000e-01 1.00000000000000000000e+00 
layer_sizes=13 4 2 
scale_included=0
neurons (num_inputs, activation_function, activation_steepness)=(0, 0, 0.00000000000000000000e+00) (0, 0, 0.00000000000000000000e+00) (0, 0, 0.00000000000000000000e+00) (0, 0, 0.00000000000000000000e+00) (0, 0, 0.00000000000000000000e+00) (0, 0, 0.00000000000000000000e+00) (0, 0, 0.00000000000000000000e+00) (0, 0, 0.00000000000000000000e+00) (0, 0, 0.00000000000000000000e+00) (0, 0, 0.00000000000000000000e+00) (0, 0, 0.00000000000000000000e+00) (0, 0, 0.00000000000000000000e+00) (0, 0, 0.00000000000000000000e+00) (13, 6, 5.00000000000000000000e-01) (13, 6, 5.00000000000000000000e-01) (13, 6, 5.00000000000000000000e-01) (0, 6, 0.00000000000000000000e+00) (4, 4, 5.00000000000000000000e-01) (0, 4, 0.00000000000000000000e+00) 
connections (connected_to_neuron, weight)=(0, -7.37588662581499576731e+00) (1, 2.15319345326068756208e+00) (2, 7.06171764646604915860e-01) (3, -2.45828937365925523362e-03) (4, 6.42430379156931574691e-01) (5, 3.56816165735318047147e-01) (6, 8.67841395671004600665e-01) (7, 9.69885542744512663127e-01) (8, -1.60465678173217107805e+00) (9, 1.53003845894594064703e+02) (10, 2.06156104838524201206e-01) (11, -2.59005848798363247365e-01) (12, -1.10646678383144303481e+00) (0, -3.10939192029791122707e+00) (1, -9.46400133339278415434e-01) (2, -1.83620361327148073904e+00) (3, -2.66636869372985016446e-03) (4, 3.02108370887191846066e+01) (5, 6.44776244179653734712e-01) (6, 7.11300063594481724039e-01) (7, 7.61941937671004065891e+00) (8, 1.21790668380477182242e-01) (9, 2.67152371285627729947e+01) (10, 4.23831659143327821315e-01) (11, 8.34369465929069020760e-03) (12, -1.13895286454229172080e+00) (0, 1.69612773296906702569e+01) (1, -1.18961554006269953909e+00) (2, -5.82728411856245354095e-02) (3, 3.24343300330306716361e+00) (4, -5.73309663202292485451e-01) (5, 3.34494871198082049935e-02) (6, -4.49729579174666160846e-01) (7, -3.25194097587816699502e+00) (8, 8.36661615538050895680e+00) (9, 2.10392872053507858254e+02) (10, -2.01183049279621189998e-01) (11, 2.12700145453747495594e+01) (12, 9.79923549971392660041e+00) (13, 9.14632988151674908295e+00) (14, 3.30428085763479106873e+00) (15, -3.23405735816862938137e+00) (16, -4.96251119283396435744e-01) 
