FANN_FLO_2.1
num_layers=3
learning_rate=0.700000
connection_rate=1.000000
network_type=0
learning_momentum=0.000000
training_algorithm=2
train_error_function=1
train_stop_function=1
cascade_output_change_fraction=0.010000
quickprop_decay=-0.000100
quickprop_mu=1.750000
rprop_increase_factor=1.200000
rprop_decrease_factor=0.500000
rprop_delta_min=0.000000
rprop_delta_max=50.000000
rprop_delta_zero=0.100000
cascade_output_stagnation_epochs=12
cascade_candidate_change_fraction=0.010000
cascade_candidate_stagnation_epochs=12
cascade_max_out_epochs=150
cascade_min_out_epochs=50
cascade_max_cand_epochs=150
cascade_min_cand_epochs=50
cascade_num_candidate_groups=2
bit_fail_limit=1.00000000000000005551e-01
cascade_candidate_limit=1.00000000000000000000e+03
cascade_weight_multiplier=4.00000000000000022204e-01
cascade_activation_functions_count=10
cascade_activation_functions=3 5 7 8 10 11 14 15 16 17 
cascade_activation_steepnesses_count=4
cascade_activation_steepnesses=2.50000000000000000000e-01 5.00000000000000000000e-01 7.50000000000000000000e-01 1.00000000000000000000e+00 
layer_sizes=14 4 2 
scale_included=0
neurons (num_inputs, activation_function, activation_steepness)=(0, 0, 0.00000000000000000000e+00) (0, 0, 0.00000000000000000000e+00) (0, 0, 0.00000000000000000000e+00) (0, 0, 0.00000000000000000000e+00) (0, 0, 0.00000000000000000000e+00) (0, 0, 0.00000000000000000000e+00) (0, 0, 0.00000000000000000000e+00) (0, 0, 0.00000000000000000000e+00) (0, 0, 0.00000000000000000000e+00) (0, 0, 0.00000000000000000000e+00) (0, 0, 0.00000000000000000000e+00) (0, 0, 0.00000000000000000000e+00) (0, 0, 0.00000000000000000000e+00) (0, 0, 0.00000000000000000000e+00) (14, 6, 5.00000000000000000000e-01) (14, 6, 5.00000000000000000000e-01) (14, 6, 5.00000000000000000000e-01) (0, 6, 0.00000000000000000000e+00) (4, 4, 5.00000000000000000000e-01) (0, 4, 0.00000000000000000000e+00) 
connections (connected_to_neuron, weight)=(0, -2.76634667228413066997e-01) (1, 1.20069413122764778734e+00) (2, 4.35120647116642791929e-02) (3, 1.85592659669593179617e-01) (4, 1.24076646158468084646e-01) (5, 4.29040285321119041484e-01) (6, 1.60055023261062201456e+00) (7, 3.65000421557299226105e-01) (8, -1.07962915526380653919e-01) (9, 3.27604133168980626856e-01) (10, -1.25192863375462815068e-01) (11, 5.84102233034402631984e-02) (12, 8.51422292397525537488e-01) (13, -2.81944957363525594563e-01) (0, -2.10380459397318597681e+00) (1, -3.79681982073640927888e-02) (2, 1.26586775283531269981e-02) (3, 4.55506700079158846628e-02) (4, 8.15840028877575895727e-01) (5, 4.21901881593574756835e+00) (6, 2.73808248170362382723e+01) (7, 6.51276421562693608180e-01) (8, -1.83057240306815183217e+00) (9, -4.17093673751643800873e-01) (10, -8.66690588058287803008e-01) (11, 1.62813939989748274195e-01) (12, 1.69224227449698005898e+01) (13, -1.12139401128251692263e+00) (0, -2.62843490215873432092e+00) (1, 2.40133968673230580038e+00) (2, 1.31041753837260377402e+00) (3, -4.41732355325653192057e-01) (4, 9.99396097237489455800e-01) (5, 7.37780736263852876533e-01) (6, 2.03960767039344181839e+00) (7, 3.10386311880721077472e+00) (8, -4.33036057658116391167e+00) (9, 3.10929528595115112211e+00) (10, -1.33091290094624975504e-01) (11, 2.46252325050862225231e-01) (12, 2.20332235634387174628e+00) (13, -2.79474179270601030822e+00) (14, 3.99174045763804941078e-01) (15, 4.28108120438171724231e+00) (16, 1.55797760680511423459e+01) (17, -1.80799000319680192028e+00) 
