FANN_FLO_2.1
num_layers=3
learning_rate=0.700000
connection_rate=1.000000
network_type=0
learning_momentum=0.000000
training_algorithm=2
train_error_function=1
train_stop_function=1
cascade_output_change_fraction=0.010000
quickprop_decay=-0.000100
quickprop_mu=1.750000
rprop_increase_factor=1.200000
rprop_decrease_factor=0.500000
rprop_delta_min=0.000000
rprop_delta_max=50.000000
rprop_delta_zero=0.100000
cascade_output_stagnation_epochs=12
cascade_candidate_change_fraction=0.010000
cascade_candidate_stagnation_epochs=12
cascade_max_out_epochs=150
cascade_min_out_epochs=50
cascade_max_cand_epochs=150
cascade_min_cand_epochs=50
cascade_num_candidate_groups=2
bit_fail_limit=1.00000000000000005551e-01
cascade_candidate_limit=1.00000000000000000000e+03
cascade_weight_multiplier=4.00000000000000022204e-01
cascade_activation_functions_count=10
cascade_activation_functions=3 5 7 8 10 11 14 15 16 17 
cascade_activation_steepnesses_count=4
cascade_activation_steepnesses=2.50000000000000000000e-01 5.00000000000000000000e-01 7.50000000000000000000e-01 1.00000000000000000000e+00 
layer_sizes=11 4 2 
scale_included=0
neurons (num_inputs, activation_function, activation_steepness)=(0, 0, 0.00000000000000000000e+00) (0, 0, 0.00000000000000000000e+00) (0, 0, 0.00000000000000000000e+00) (0, 0, 0.00000000000000000000e+00) (0, 0, 0.00000000000000000000e+00) (0, 0, 0.00000000000000000000e+00) (0, 0, 0.00000000000000000000e+00) (0, 0, 0.00000000000000000000e+00) (0, 0, 0.00000000000000000000e+00) (0, 0, 0.00000000000000000000e+00) (0, 0, 0.00000000000000000000e+00) (11, 6, 5.00000000000000000000e-01) (11, 6, 5.00000000000000000000e-01) (11, 6, 5.00000000000000000000e-01) (0, 6, 0.00000000000000000000e+00) (4, 4, 5.00000000000000000000e-01) (0, 4, 0.00000000000000000000e+00) 
connections (connected_to_neuron, weight)=(0, 1.44707349244373517649e+00) (1, -3.21473105169444051121e-01) (2, -6.37572606284722342984e-01) (3, 1.08389275197182305410e-01) (4, 2.27815628118142876612e-01) (5, 4.02670149246793507292e-02) (6, -7.47490361133808511873e-01) (7, 6.85598381212599194967e-01) (8, 7.43016788065642697081e-02) (9, -1.72758817029704587753e+01) (10, 1.28565993473645656664e+00) (0, -5.46172085382438954326e+00) (1, 3.51498602920644431791e+00) (2, 4.00872984501840523563e+00) (3, 7.57159839533931067201e-01) (4, -8.55046157750595336999e-01) (5, 6.45564387702113440248e-01) (6, 3.68665833458856617710e+00) (7, -8.13070111201054934735e-02) (8, 6.58551683872920845531e-01) (9, 3.68738987647552507454e+00) (10, -3.84200188510764828465e+00) (0, -5.50071147434808072063e+00) (1, 3.55630514615647941312e+00) (2, 3.79152628100340871597e+00) (3, 7.19247999750739386293e-01) (4, -8.84295905007675075993e-01) (5, 7.98709760569697668764e-01) (6, 3.68500028983310734532e+00) (7, -2.49015266470695217915e-01) (8, 5.92067284733039933542e-01) (9, 3.67186245672960298592e+00) (10, -3.83812326186050167820e+00) (11, -1.59665953707786467675e+00) (12, 4.87392650158005302785e+00) (13, 5.05618795026734613174e+00) (14, -7.81847777974329360973e-01) 
