FANN_FLO_2.1
num_layers=3
learning_rate=0.700000
connection_rate=1.000000
network_type=0
learning_momentum=0.000000
training_algorithm=2
train_error_function=1
train_stop_function=1
cascade_output_change_fraction=0.010000
quickprop_decay=-0.000100
quickprop_mu=1.750000
rprop_increase_factor=1.200000
rprop_decrease_factor=0.500000
rprop_delta_min=0.000000
rprop_delta_max=50.000000
rprop_delta_zero=0.100000
cascade_output_stagnation_epochs=12
cascade_candidate_change_fraction=0.010000
cascade_candidate_stagnation_epochs=12
cascade_max_out_epochs=150
cascade_min_out_epochs=50
cascade_max_cand_epochs=150
cascade_min_cand_epochs=50
cascade_num_candidate_groups=2
bit_fail_limit=1.00000000000000005551e-01
cascade_candidate_limit=1.00000000000000000000e+03
cascade_weight_multiplier=4.00000000000000022204e-01
cascade_activation_functions_count=10
cascade_activation_functions=3 5 7 8 10 11 14 15 16 17 
cascade_activation_steepnesses_count=4
cascade_activation_steepnesses=2.50000000000000000000e-01 5.00000000000000000000e-01 7.50000000000000000000e-01 1.00000000000000000000e+00 
layer_sizes=13 4 2 
scale_included=0
neurons (num_inputs, activation_function, activation_steepness)=(0, 0, 0.00000000000000000000e+00) (0, 0, 0.00000000000000000000e+00) (0, 0, 0.00000000000000000000e+00) (0, 0, 0.00000000000000000000e+00) (0, 0, 0.00000000000000000000e+00) (0, 0, 0.00000000000000000000e+00) (0, 0, 0.00000000000000000000e+00) (0, 0, 0.00000000000000000000e+00) (0, 0, 0.00000000000000000000e+00) (0, 0, 0.00000000000000000000e+00) (0, 0, 0.00000000000000000000e+00) (0, 0, 0.00000000000000000000e+00) (0, 0, 0.00000000000000000000e+00) (13, 6, 5.00000000000000000000e-01) (13, 6, 5.00000000000000000000e-01) (13, 6, 5.00000000000000000000e-01) (0, 6, 0.00000000000000000000e+00) (4, 4, 5.00000000000000000000e-01) (0, 4, 0.00000000000000000000e+00) 
connections (connected_to_neuron, weight)=(0, -2.09680252054908117243e-01) (1, 4.24218463548356794490e+02) (2, 6.56993869102695970952e-01) (3, 5.91267560323102259190e+00) (4, 7.31579883315244927644e-01) (5, -4.06683143206071351372e-01) (6, -2.12640643115951233355e+00) (7, 2.35659526126559243364e-01) (8, -1.48613437721296481886e-01) (9, 2.38933163338917005092e+01) (10, 3.50366302226101122841e+00) (11, 4.24340496473843359126e+02) (12, -2.97652272506052029133e-01) (0, -2.24388096256789015825e+00) (1, 9.05032233431509780530e+02) (2, 3.42777420282326916734e+00) (3, 1.73258913248633628079e+00) (4, 1.37167376579194555397e+00) (5, 8.24891611966601989714e-01) (6, 5.68272978019337071665e-01) (7, -3.14182350712833668993e+00) (8, 1.61886977741646642670e+00) (9, 3.29212763047590861731e+00) (10, 1.48752291078423448667e+00) (11, 9.04955160572699355725e+02) (12, -1.93303769310752593391e+00) (0, -9.33685192862808432945e-02) (1, 1.97713273965170742485e+02) (2, -9.38455897986986586901e-01) (3, 1.09158715656191578347e+01) (4, 2.14111475303027676276e+00) (5, 2.26290668027349717306e+00) (6, 1.84569817579969847054e-01) (7, -2.16254239520468821700e-01) (8, -9.71907749105828555614e-01) (9, -1.01769263863422620986e+00) (10, 1.35014064209637774105e+00) (11, 1.97662999540915848229e+02) (12, -1.31024107649389664337e-02) (13, 5.57283888970316443334e-01) (14, 3.90939002669519908295e+01) (15, 1.07070134488264545602e+00) (16, -1.65508928622600581804e+00) 
