FANN_FLO_2.1
num_layers=3
learning_rate=0.700000
connection_rate=1.000000
network_type=0
learning_momentum=0.000000
training_algorithm=2
train_error_function=1
train_stop_function=1
cascade_output_change_fraction=0.010000
quickprop_decay=-0.000100
quickprop_mu=1.750000
rprop_increase_factor=1.200000
rprop_decrease_factor=0.500000
rprop_delta_min=0.000000
rprop_delta_max=50.000000
rprop_delta_zero=0.100000
cascade_output_stagnation_epochs=12
cascade_candidate_change_fraction=0.010000
cascade_candidate_stagnation_epochs=12
cascade_max_out_epochs=150
cascade_min_out_epochs=50
cascade_max_cand_epochs=150
cascade_min_cand_epochs=50
cascade_num_candidate_groups=2
bit_fail_limit=1.00000000000000005551e-01
cascade_candidate_limit=1.00000000000000000000e+03
cascade_weight_multiplier=4.00000000000000022204e-01
cascade_activation_functions_count=10
cascade_activation_functions=3 5 7 8 10 11 14 15 16 17 
cascade_activation_steepnesses_count=4
cascade_activation_steepnesses=2.50000000000000000000e-01 5.00000000000000000000e-01 7.50000000000000000000e-01 1.00000000000000000000e+00 
layer_sizes=8 4 2 
scale_included=0
neurons (num_inputs, activation_function, activation_steepness)=(0, 0, 0.00000000000000000000e+00) (0, 0, 0.00000000000000000000e+00) (0, 0, 0.00000000000000000000e+00) (0, 0, 0.00000000000000000000e+00) (0, 0, 0.00000000000000000000e+00) (0, 0, 0.00000000000000000000e+00) (0, 0, 0.00000000000000000000e+00) (0, 0, 0.00000000000000000000e+00) (8, 6, 5.00000000000000000000e-01) (8, 6, 5.00000000000000000000e-01) (8, 6, 5.00000000000000000000e-01) (0, 6, 0.00000000000000000000e+00) (4, 4, 5.00000000000000000000e-01) (0, 4, 0.00000000000000000000e+00) 
connections (connected_to_neuron, weight)=(0, -1.88582244894089617882e-01) (1, 2.49589804272580684241e+00) (2, 3.38568603049517502512e+00) (3, 2.85619976184135548891e+00) (4, 2.06725219903284518352e+00) (5, 8.63438869977649625653e-01) (6, -1.60867455263838565749e+00) (7, -3.99499811159526663218e+00) (0, -1.97514503015198045199e-01) (1, 2.16730090120001195331e+00) (2, 3.41619933943749298777e+00) (3, 1.40047381874842602478e+00) (4, 1.87995730794267301711e+00) (5, 9.66888594592269945416e-01) (6, -1.62845643271908557814e+00) (7, -3.15710060871721154285e+00) (0, -6.83939601301408739431e-02) (1, 2.18614056904096548672e-01) (2, 5.77003920231552891451e-01) (3, 8.65698608366320287999e-01) (4, 3.25839549119290805557e-01) (5, 2.11109489352596157996e-01) (6, -1.05091589672645126241e-03) (7, -2.95039137837552034593e-01) (8, 1.16678147524250324096e+01) (9, 6.36485260522452289678e+00) (10, 3.53413848746739645001e-01) (11, -8.86874781110996046607e-01) 
