FANN_FLO_2.1
num_layers=3
learning_rate=0.700000
connection_rate=1.000000
network_type=0
learning_momentum=0.000000
training_algorithm=2
train_error_function=1
train_stop_function=1
cascade_output_change_fraction=0.010000
quickprop_decay=-0.000100
quickprop_mu=1.750000
rprop_increase_factor=1.200000
rprop_decrease_factor=0.500000
rprop_delta_min=0.000000
rprop_delta_max=50.000000
rprop_delta_zero=0.100000
cascade_output_stagnation_epochs=12
cascade_candidate_change_fraction=0.010000
cascade_candidate_stagnation_epochs=12
cascade_max_out_epochs=150
cascade_min_out_epochs=50
cascade_max_cand_epochs=150
cascade_min_cand_epochs=50
cascade_num_candidate_groups=2
bit_fail_limit=1.00000000000000005551e-01
cascade_candidate_limit=1.00000000000000000000e+03
cascade_weight_multiplier=4.00000000000000022204e-01
cascade_activation_functions_count=10
cascade_activation_functions=3 5 7 8 10 11 14 15 16 17 
cascade_activation_steepnesses_count=4
cascade_activation_steepnesses=2.50000000000000000000e-01 5.00000000000000000000e-01 7.50000000000000000000e-01 1.00000000000000000000e+00 
layer_sizes=9 4 2 
scale_included=0
neurons (num_inputs, activation_function, activation_steepness)=(0, 0, 0.00000000000000000000e+00) (0, 0, 0.00000000000000000000e+00) (0, 0, 0.00000000000000000000e+00) (0, 0, 0.00000000000000000000e+00) (0, 0, 0.00000000000000000000e+00) (0, 0, 0.00000000000000000000e+00) (0, 0, 0.00000000000000000000e+00) (0, 0, 0.00000000000000000000e+00) (0, 0, 0.00000000000000000000e+00) (9, 6, 5.00000000000000000000e-01) (9, 6, 5.00000000000000000000e-01) (9, 6, 5.00000000000000000000e-01) (0, 6, 0.00000000000000000000e+00) (4, 4, 5.00000000000000000000e-01) (0, 4, 0.00000000000000000000e+00) 
connections (connected_to_neuron, weight)=(0, 1.07597594091235837510e+00) (1, 7.55669177519193047132e-01) (2, 8.13001892418234617388e-01) (3, 2.99835141135490146347e-01) (4, -7.97684687916861007162e-02) (5, 7.04066441403737197646e-01) (6, 8.65562284709324170073e-01) (7, 2.08046789144747235056e+00) (8, -8.84152642783507580759e-01) (0, 1.48001000089466017151e+00) (1, 3.57355680320645407999e-01) (2, 2.37088400304578089672e-01) (3, 4.56417106681623330200e-01) (4, 1.79515153408878191943e-01) (5, 2.10638593886280922618e-01) (6, 1.08866567483054876853e+00) (7, 8.14247093667161303543e-01) (8, -2.69657113739051268464e-01) (0, 2.35321203722825877946e+00) (1, 1.66378657676140928601e+00) (2, 1.92730893488807830671e+00) (3, 3.90745174915163473450e-01) (4, -5.82030590969338290641e-01) (5, 1.70101418502490187024e+00) (6, 1.51641138851597512271e+00) (7, 2.51669399814170091645e+00) (8, -2.49251900191948339014e+00) (9, 1.84889620040501401199e+00) (10, 6.65601437928423522727e-01) (11, 4.91272621758192897801e+01) (12, -1.54713216246868645598e+00) 
