FANN_FLO_2.1
num_layers=3
learning_rate=0.700000
connection_rate=1.000000
network_type=0
learning_momentum=0.000000
training_algorithm=2
train_error_function=1
train_stop_function=1
cascade_output_change_fraction=0.010000
quickprop_decay=-0.000100
quickprop_mu=1.750000
rprop_increase_factor=1.200000
rprop_decrease_factor=0.500000
rprop_delta_min=0.000000
rprop_delta_max=50.000000
rprop_delta_zero=0.100000
cascade_output_stagnation_epochs=12
cascade_candidate_change_fraction=0.010000
cascade_candidate_stagnation_epochs=12
cascade_max_out_epochs=150
cascade_min_out_epochs=50
cascade_max_cand_epochs=150
cascade_min_cand_epochs=50
cascade_num_candidate_groups=2
bit_fail_limit=1.00000000000000005551e-01
cascade_candidate_limit=1.00000000000000000000e+03
cascade_weight_multiplier=4.00000000000000022204e-01
cascade_activation_functions_count=10
cascade_activation_functions=3 5 7 8 10 11 14 15 16 17 
cascade_activation_steepnesses_count=4
cascade_activation_steepnesses=2.50000000000000000000e-01 5.00000000000000000000e-01 7.50000000000000000000e-01 1.00000000000000000000e+00 
layer_sizes=11 4 2 
scale_included=0
neurons (num_inputs, activation_function, activation_steepness)=(0, 0, 0.00000000000000000000e+00) (0, 0, 0.00000000000000000000e+00) (0, 0, 0.00000000000000000000e+00) (0, 0, 0.00000000000000000000e+00) (0, 0, 0.00000000000000000000e+00) (0, 0, 0.00000000000000000000e+00) (0, 0, 0.00000000000000000000e+00) (0, 0, 0.00000000000000000000e+00) (0, 0, 0.00000000000000000000e+00) (0, 0, 0.00000000000000000000e+00) (0, 0, 0.00000000000000000000e+00) (11, 6, 5.00000000000000000000e-01) (11, 6, 5.00000000000000000000e-01) (11, 6, 5.00000000000000000000e-01) (0, 6, 0.00000000000000000000e+00) (4, 4, 5.00000000000000000000e-01) (0, 4, 0.00000000000000000000e+00) 
connections (connected_to_neuron, weight)=(0, -4.04342321860438946857e+00) (1, 3.16473998583257154493e+00) (2, 2.95175470368115799857e+00) (3, 1.44334397024157601308e+00) (4, -4.33391513375314188505e-02) (5, 1.47890128872039872121e+00) (6, 2.36086789111215455961e+00) (7, 1.25965004514458467355e+00) (8, 2.13306498316845338792e-01) (9, 2.80783948666170912745e+00) (10, -3.60725339678952261480e+00) (0, -1.25661690324808739128e+00) (1, 1.14306870696704976353e+00) (2, 1.30186147078779579367e+00) (3, 5.42393453210939791020e-01) (4, -2.68055236916462047425e-01) (5, 9.28907797891309838789e-01) (6, 1.44528151233483326266e+00) (7, 2.15337678132021537181e-02) (8, 1.12662389920330907600e+00) (9, 1.05640216203616610358e+00) (10, -1.15721016168858192863e+00) (0, 4.31558857496613157423e+00) (1, -3.88785049026754903068e+00) (2, -3.57403597689685881278e+00) (3, 5.16924278107455559272e-01) (4, 2.57749580754825258211e+00) (5, -3.42378265438411011345e+00) (6, -2.87208877955499231049e+00) (7, 3.94999872748186708904e-01) (8, -1.87797303874014476222e+00) (9, -4.83882503719654089025e+00) (10, 4.28970549639099729688e+00) (11, 7.48247724331227814787e+00) (12, 1.12629217045747442860e+00) (13, -3.25817150442924940990e+00) (14, -1.14215740886133332310e+00) 
