FANN_FLO_2.1
num_layers=3
learning_rate=0.700000
connection_rate=1.000000
network_type=0
learning_momentum=0.000000
training_algorithm=2
train_error_function=1
train_stop_function=1
cascade_output_change_fraction=0.010000
quickprop_decay=-0.000100
quickprop_mu=1.750000
rprop_increase_factor=1.200000
rprop_decrease_factor=0.500000
rprop_delta_min=0.000000
rprop_delta_max=50.000000
rprop_delta_zero=0.100000
cascade_output_stagnation_epochs=12
cascade_candidate_change_fraction=0.010000
cascade_candidate_stagnation_epochs=12
cascade_max_out_epochs=150
cascade_min_out_epochs=50
cascade_max_cand_epochs=150
cascade_min_cand_epochs=50
cascade_num_candidate_groups=2
bit_fail_limit=1.00000000000000005551e-01
cascade_candidate_limit=1.00000000000000000000e+03
cascade_weight_multiplier=4.00000000000000022204e-01
cascade_activation_functions_count=10
cascade_activation_functions=3 5 7 8 10 11 14 15 16 17 
cascade_activation_steepnesses_count=4
cascade_activation_steepnesses=2.50000000000000000000e-01 5.00000000000000000000e-01 7.50000000000000000000e-01 1.00000000000000000000e+00 
layer_sizes=11 4 2 
scale_included=0
neurons (num_inputs, activation_function, activation_steepness)=(0, 0, 0.00000000000000000000e+00) (0, 0, 0.00000000000000000000e+00) (0, 0, 0.00000000000000000000e+00) (0, 0, 0.00000000000000000000e+00) (0, 0, 0.00000000000000000000e+00) (0, 0, 0.00000000000000000000e+00) (0, 0, 0.00000000000000000000e+00) (0, 0, 0.00000000000000000000e+00) (0, 0, 0.00000000000000000000e+00) (0, 0, 0.00000000000000000000e+00) (0, 0, 0.00000000000000000000e+00) (11, 6, 5.00000000000000000000e-01) (11, 6, 5.00000000000000000000e-01) (11, 6, 5.00000000000000000000e-01) (0, 6, 0.00000000000000000000e+00) (4, 4, 5.00000000000000000000e-01) (0, 4, 0.00000000000000000000e+00) 
connections (connected_to_neuron, weight)=(0, -7.67831938319863294140e+00) (1, 3.06850682672060814937e+00) (2, 4.11198575963516166354e-01) (3, 1.50081582120129164437e+00) (4, -2.24038757759081219589e-01) (5, -1.35427383232172404703e+00) (6, 5.67976810219635863675e-01) (7, 1.33952043786800101266e+00) (8, -3.42448077442762455203e-01) (9, 2.32909759351238365710e+00) (10, -1.55918990498799558964e+00) (0, -4.06680902414440392789e+00) (1, 2.24500944638860877589e+00) (2, 4.54240656699750056102e-02) (3, -4.26305132309897860665e-01) (4, -1.90653048246446743530e-01) (5, -1.13208035118621874737e-01) (6, -1.04631192631421565675e-01) (7, 8.39020402276807186759e-01) (8, 9.07264101744140183392e-02) (9, 6.88655018848583155844e-01) (10, -6.06949175721922112858e-02) (0, 1.41775224162404933637e+00) (1, 1.14853828897612020299e+00) (2, 7.99627476839262940622e-01) (3, -1.63312017805386595626e+01) (4, -2.91685297881470392833e-02) (5, 7.42406255675721715726e-01) (6, -7.00563810096056283072e-01) (7, -9.17699867826305748508e+00) (8, 2.56190010470373152884e-01) (9, -1.08023441567767175542e+01) (10, 4.33936891105936528579e-01) (11, 6.43930948522771817721e+00) (12, 1.75841073569339334526e+00) (13, -5.07185408766663403668e+00) (14, -4.31219196433954010672e+00) 
