FANN_FLO_2.1
num_layers=3
learning_rate=0.700000
connection_rate=1.000000
network_type=0
learning_momentum=0.000000
training_algorithm=2
train_error_function=1
train_stop_function=1
cascade_output_change_fraction=0.010000
quickprop_decay=-0.000100
quickprop_mu=1.750000
rprop_increase_factor=1.200000
rprop_decrease_factor=0.500000
rprop_delta_min=0.000000
rprop_delta_max=50.000000
rprop_delta_zero=0.100000
cascade_output_stagnation_epochs=12
cascade_candidate_change_fraction=0.010000
cascade_candidate_stagnation_epochs=12
cascade_max_out_epochs=150
cascade_min_out_epochs=50
cascade_max_cand_epochs=150
cascade_min_cand_epochs=50
cascade_num_candidate_groups=2
bit_fail_limit=1.00000000000000005551e-01
cascade_candidate_limit=1.00000000000000000000e+03
cascade_weight_multiplier=4.00000000000000022204e-01
cascade_activation_functions_count=10
cascade_activation_functions=3 5 7 8 10 11 14 15 16 17 
cascade_activation_steepnesses_count=4
cascade_activation_steepnesses=2.50000000000000000000e-01 5.00000000000000000000e-01 7.50000000000000000000e-01 1.00000000000000000000e+00 
layer_sizes=16 4 2 
scale_included=0
neurons (num_inputs, activation_function, activation_steepness)=(0, 0, 0.00000000000000000000e+00) (0, 0, 0.00000000000000000000e+00) (0, 0, 0.00000000000000000000e+00) (0, 0, 0.00000000000000000000e+00) (0, 0, 0.00000000000000000000e+00) (0, 0, 0.00000000000000000000e+00) (0, 0, 0.00000000000000000000e+00) (0, 0, 0.00000000000000000000e+00) (0, 0, 0.00000000000000000000e+00) (0, 0, 0.00000000000000000000e+00) (0, 0, 0.00000000000000000000e+00) (0, 0, 0.00000000000000000000e+00) (0, 0, 0.00000000000000000000e+00) (0, 0, 0.00000000000000000000e+00) (0, 0, 0.00000000000000000000e+00) (0, 0, 0.00000000000000000000e+00) (16, 6, 5.00000000000000000000e-01) (16, 6, 5.00000000000000000000e-01) (16, 6, 5.00000000000000000000e-01) (0, 6, 0.00000000000000000000e+00) (4, 4, 5.00000000000000000000e-01) (0, 4, 0.00000000000000000000e+00) 
connections (connected_to_neuron, weight)=(0, 3.15459642402843520870e+00) (1, -1.02329375915607787562e+01) (2, 3.85116494405028431114e-01) (3, 1.55586213172707776842e+00) (4, 1.80452225352991235674e+00) (5, 1.55444188715253095445e+00) (6, 1.57335789800915937242e+00) (7, 2.66681407989610208542e-01) (8, 8.35800737122546100188e-01) (9, 1.70235868432640535808e+00) (10, 1.40956811906132917223e+00) (11, 1.75991436834800851763e+00) (12, 1.51592419565761038491e+00) (13, 1.54755765498910169420e+00) (14, 1.73371469225156915606e+00) (15, 2.89766669420481814967e+00) (0, -1.12898499870675639301e+00) (1, 1.74555802135841292566e-01) (2, 4.43201561863776305472e+00) (3, 2.63500731683256539384e+00) (4, 6.35818610737018463652e+00) (5, 1.22022540287194303232e+01) (6, 1.45856885312876798366e+01) (7, 1.29833251672536964527e+00) (8, 1.02601776211229722691e+00) (9, 4.42118952975739620825e+00) (10, 1.46065077184519864772e+01) (11, 6.23528065929107544463e+00) (12, 2.05701000053354743358e+00) (13, 6.01715390600425070744e+00) (14, 6.33914641687564728301e+00) (15, -2.84288979048092693702e+00) (0, -1.28508399412361562497e+00) (1, 1.08609613659511050621e+00) (2, 3.75511270465518631756e-01) (3, -2.58687439329136903421e-02) (4, -5.99825483773024137335e-01) (5, -3.15728864474969339593e-01) (6, -4.27550336396446961640e-02) (7, 8.02303398255039712517e-01) (8, 1.38176253608491811375e-01) (9, -2.55572519107537809990e-01) (10, -7.83870851671448209963e-02) (11, -5.22219781790049353276e-01) (12, -9.55344014925179507713e-01) (13, -7.39866924912489370980e-02) (14, -5.65220524583132433172e-01) (15, -1.36238691941229284055e+00) (16, -4.60444231752425370274e+00) (17, 4.72163802159891865529e+00) (18, 3.94247128147412295718e+00) (19, -3.30487296720756607016e+00) 
