FANN_FLO_2.1
num_layers=3
learning_rate=0.700000
connection_rate=1.000000
network_type=0
learning_momentum=0.000000
training_algorithm=2
train_error_function=1
train_stop_function=1
cascade_output_change_fraction=0.010000
quickprop_decay=-0.000100
quickprop_mu=1.750000
rprop_increase_factor=1.200000
rprop_decrease_factor=0.500000
rprop_delta_min=0.000000
rprop_delta_max=50.000000
rprop_delta_zero=0.100000
cascade_output_stagnation_epochs=12
cascade_candidate_change_fraction=0.010000
cascade_candidate_stagnation_epochs=12
cascade_max_out_epochs=150
cascade_min_out_epochs=50
cascade_max_cand_epochs=150
cascade_min_cand_epochs=50
cascade_num_candidate_groups=2
bit_fail_limit=1.00000000000000005551e-01
cascade_candidate_limit=1.00000000000000000000e+03
cascade_weight_multiplier=4.00000000000000022204e-01
cascade_activation_functions_count=10
cascade_activation_functions=3 5 7 8 10 11 14 15 16 17 
cascade_activation_steepnesses_count=4
cascade_activation_steepnesses=2.50000000000000000000e-01 5.00000000000000000000e-01 7.50000000000000000000e-01 1.00000000000000000000e+00 
layer_sizes=10 4 2 
scale_included=0
neurons (num_inputs, activation_function, activation_steepness)=(0, 0, 0.00000000000000000000e+00) (0, 0, 0.00000000000000000000e+00) (0, 0, 0.00000000000000000000e+00) (0, 0, 0.00000000000000000000e+00) (0, 0, 0.00000000000000000000e+00) (0, 0, 0.00000000000000000000e+00) (0, 0, 0.00000000000000000000e+00) (0, 0, 0.00000000000000000000e+00) (0, 0, 0.00000000000000000000e+00) (0, 0, 0.00000000000000000000e+00) (10, 6, 5.00000000000000000000e-01) (10, 6, 5.00000000000000000000e-01) (10, 6, 5.00000000000000000000e-01) (0, 6, 0.00000000000000000000e+00) (4, 4, 5.00000000000000000000e-01) (0, 4, 0.00000000000000000000e+00) 
connections (connected_to_neuron, weight)=(0, -5.39613703264735899978e+00) (1, 3.16623196913520121853e+00) (2, 7.55082355150102801922e-01) (3, 3.16772016760396724067e+00) (4, 1.99610473514578079524e+00) (5, -7.85166963313576049543e-01) (6, 1.82450018377086764509e+00) (7, 3.08299176770196536879e+00) (8, -1.57933984225983081728e+00) (9, -3.59336815377933049831e+00) (0, -2.20449653667332379214e+00) (1, 9.04236667966523133266e-01) (2, -2.08787460931440904677e-01) (3, 8.84146449863865480090e-01) (4, -2.49145537924894272530e-02) (5, -2.41867731487314913119e-01) (6, 5.06629646630879060254e-01) (7, 1.07549909120841280519e+00) (8, -1.23506652659658100468e-01) (9, -7.90747729138673860483e-01) (0, 1.27283462935224056523e+00) (1, -1.44771724707516036279e-01) (2, 3.37434223538122191055e-01) (3, -1.48225759364723375100e-01) (4, 3.43733868671442122089e-01) (5, 4.87212780480894391832e-01) (6, 1.24967966184251641493e-01) (7, -7.55828861468703205873e-01) (8, 3.49987602695000565856e-01) (9, 3.52542534207938684787e-01) (10, 1.12490347499745446669e+01) (11, 9.50210947199553324083e+00) (12, -9.29059079295715073421e-01) (13, -1.04176208831603167582e+00) 
