FANN_FLO_2.1
num_layers=3
learning_rate=0.700000
connection_rate=1.000000
network_type=0
learning_momentum=0.000000
training_algorithm=2
train_error_function=1
train_stop_function=1
cascade_output_change_fraction=0.010000
quickprop_decay=-0.000100
quickprop_mu=1.750000
rprop_increase_factor=1.200000
rprop_decrease_factor=0.500000
rprop_delta_min=0.000000
rprop_delta_max=50.000000
rprop_delta_zero=0.100000
cascade_output_stagnation_epochs=12
cascade_candidate_change_fraction=0.010000
cascade_candidate_stagnation_epochs=12
cascade_max_out_epochs=150
cascade_min_out_epochs=50
cascade_max_cand_epochs=150
cascade_min_cand_epochs=50
cascade_num_candidate_groups=2
bit_fail_limit=1.00000000000000005551e-01
cascade_candidate_limit=1.00000000000000000000e+03
cascade_weight_multiplier=4.00000000000000022204e-01
cascade_activation_functions_count=10
cascade_activation_functions=3 5 7 8 10 11 14 15 16 17 
cascade_activation_steepnesses_count=4
cascade_activation_steepnesses=2.50000000000000000000e-01 5.00000000000000000000e-01 7.50000000000000000000e-01 1.00000000000000000000e+00 
layer_sizes=13 4 2 
scale_included=0
neurons (num_inputs, activation_function, activation_steepness)=(0, 0, 0.00000000000000000000e+00) (0, 0, 0.00000000000000000000e+00) (0, 0, 0.00000000000000000000e+00) (0, 0, 0.00000000000000000000e+00) (0, 0, 0.00000000000000000000e+00) (0, 0, 0.00000000000000000000e+00) (0, 0, 0.00000000000000000000e+00) (0, 0, 0.00000000000000000000e+00) (0, 0, 0.00000000000000000000e+00) (0, 0, 0.00000000000000000000e+00) (0, 0, 0.00000000000000000000e+00) (0, 0, 0.00000000000000000000e+00) (0, 0, 0.00000000000000000000e+00) (13, 6, 5.00000000000000000000e-01) (13, 6, 5.00000000000000000000e-01) (13, 6, 5.00000000000000000000e-01) (0, 6, 0.00000000000000000000e+00) (4, 4, 5.00000000000000000000e-01) (0, 4, 0.00000000000000000000e+00) 
connections (connected_to_neuron, weight)=(0, -2.14790133064054389322e+00) (1, 1.83810084262615647255e+00) (2, 1.58422283625392734674e-01) (3, -8.92288290083811719278e-01) (4, 2.13779780845347424645e+01) (5, 1.21643419292695287304e-01) (6, -6.81845034145087458555e-01) (7, -8.29047223241149655593e-01) (8, -1.75014945525882009703e-01) (9, -1.17321632865144229174e-01) (10, 5.13972584044935620895e-01) (11, -3.24923697026181734770e-01) (12, -2.24352945912387902183e+00) (0, 1.69020893888270706817e+00) (1, -2.03002378981296960347e+00) (2, -1.64582138112952103270e+00) (3, 1.13123645727021449048e+00) (4, -4.41679402045520941300e+00) (5, 2.70927838041161384020e-01) (6, 2.69757254773747900956e+00) (7, -1.20294093026660853241e+01) (8, 3.48344217734845473800e-01) (9, -6.82208739135959696398e-01) (10, -9.78138795835049312810e-02) (11, 3.70111458990100061772e-01) (12, 2.63143944157686293650e+00) (0, -1.67089257498532872681e+00) (1, 9.33310430608112540085e+00) (2, 3.70793127753108353595e-01) (3, 8.56261063060094085309e-01) (4, -1.15168388099245877498e+00) (5, -3.42044029051451969892e+00) (6, 9.30429564214052318150e-01) (7, -1.20211628613178209690e+01) (8, -3.03142036180493024133e+00) (9, 3.68735807558273620543e-01) (10, -6.66587807225038075920e-02) (11, -1.31027226378278238705e+00) (12, -1.74048712958842854981e+00) (13, 1.47571695103839273244e+00) (14, -7.35956062948359512887e+00) (15, 4.45721385008387915860e+00) (16, -4.50550761732767135470e+00) 
