FANN_FLO_2.1
num_layers=3
learning_rate=0.700000
connection_rate=1.000000
network_type=0
learning_momentum=0.000000
training_algorithm=2
train_error_function=1
train_stop_function=1
cascade_output_change_fraction=0.010000
quickprop_decay=-0.000100
quickprop_mu=1.750000
rprop_increase_factor=1.200000
rprop_decrease_factor=0.500000
rprop_delta_min=0.000000
rprop_delta_max=50.000000
rprop_delta_zero=0.100000
cascade_output_stagnation_epochs=12
cascade_candidate_change_fraction=0.010000
cascade_candidate_stagnation_epochs=12
cascade_max_out_epochs=150
cascade_min_out_epochs=50
cascade_max_cand_epochs=150
cascade_min_cand_epochs=50
cascade_num_candidate_groups=2
bit_fail_limit=1.00000000000000005551e-01
cascade_candidate_limit=1.00000000000000000000e+03
cascade_weight_multiplier=4.00000000000000022204e-01
cascade_activation_functions_count=10
cascade_activation_functions=3 5 7 8 10 11 14 15 16 17 
cascade_activation_steepnesses_count=4
cascade_activation_steepnesses=2.50000000000000000000e-01 5.00000000000000000000e-01 7.50000000000000000000e-01 1.00000000000000000000e+00 
layer_sizes=6 4 2 
scale_included=0
neurons (num_inputs, activation_function, activation_steepness)=(0, 0, 0.00000000000000000000e+00) (0, 0, 0.00000000000000000000e+00) (0, 0, 0.00000000000000000000e+00) (0, 0, 0.00000000000000000000e+00) (0, 0, 0.00000000000000000000e+00) (0, 0, 0.00000000000000000000e+00) (6, 6, 5.00000000000000000000e-01) (6, 6, 5.00000000000000000000e-01) (6, 6, 5.00000000000000000000e-01) (0, 6, 0.00000000000000000000e+00) (4, 4, 5.00000000000000000000e-01) (0, 4, 0.00000000000000000000e+00) 
connections (connected_to_neuron, weight)=(0, 3.48570049695406600221e-02) (1, 6.64673710130809669572e-01) (2, 6.03154312156795602284e-01) (3, 5.68924817525505166493e-01) (4, -4.97479326136674240844e-02) (5, 9.26238746337328389124e-02) (0, 1.96202007966949709683e+00) (1, -2.28515678445475156622e+00) (2, -2.77876219578344296757e-01) (3, 1.58577253829882358627e-01) (4, 1.09698167795815093584e+00) (5, 1.28737956650907414691e+00) (0, -3.27642452660407701437e-01) (1, 1.50177152552363835092e+00) (2, 7.41629483067153816300e-01) (3, 6.65322410439608824539e-01) (4, -1.57793167358221436691e-01) (5, -7.25888938959258905870e-02) (6, 2.52374466582192868991e-01) (7, -1.54735727036544226110e+01) (8, 5.44964993869422098527e-01) (9, -6.65768489400344498641e-01) 
