FANN_FLO_2.1
num_layers=3
learning_rate=0.700000
connection_rate=1.000000
network_type=0
learning_momentum=0.000000
training_algorithm=2
train_error_function=1
train_stop_function=1
cascade_output_change_fraction=0.010000
quickprop_decay=-0.000100
quickprop_mu=1.750000
rprop_increase_factor=1.200000
rprop_decrease_factor=0.500000
rprop_delta_min=0.000000
rprop_delta_max=50.000000
rprop_delta_zero=0.100000
cascade_output_stagnation_epochs=12
cascade_candidate_change_fraction=0.010000
cascade_candidate_stagnation_epochs=12
cascade_max_out_epochs=150
cascade_min_out_epochs=50
cascade_max_cand_epochs=150
cascade_min_cand_epochs=50
cascade_num_candidate_groups=2
bit_fail_limit=1.00000000000000005551e-01
cascade_candidate_limit=1.00000000000000000000e+03
cascade_weight_multiplier=4.00000000000000022204e-01
cascade_activation_functions_count=10
cascade_activation_functions=3 5 7 8 10 11 14 15 16 17 
cascade_activation_steepnesses_count=4
cascade_activation_steepnesses=2.50000000000000000000e-01 5.00000000000000000000e-01 7.50000000000000000000e-01 1.00000000000000000000e+00 
layer_sizes=13 4 2 
scale_included=0
neurons (num_inputs, activation_function, activation_steepness)=(0, 0, 0.00000000000000000000e+00) (0, 0, 0.00000000000000000000e+00) (0, 0, 0.00000000000000000000e+00) (0, 0, 0.00000000000000000000e+00) (0, 0, 0.00000000000000000000e+00) (0, 0, 0.00000000000000000000e+00) (0, 0, 0.00000000000000000000e+00) (0, 0, 0.00000000000000000000e+00) (0, 0, 0.00000000000000000000e+00) (0, 0, 0.00000000000000000000e+00) (0, 0, 0.00000000000000000000e+00) (0, 0, 0.00000000000000000000e+00) (0, 0, 0.00000000000000000000e+00) (13, 6, 5.00000000000000000000e-01) (13, 6, 5.00000000000000000000e-01) (13, 6, 5.00000000000000000000e-01) (0, 6, 0.00000000000000000000e+00) (4, 4, 5.00000000000000000000e-01) (0, 4, 0.00000000000000000000e+00) 
connections (connected_to_neuron, weight)=(0, -1.49842925081226185924e+00) (1, 5.24404088108264659240e+02) (2, 2.50638257535482225080e+01) (3, 7.04254629487566674584e-01) (4, 4.43932789483727774371e-01) (5, 2.56073884661531581131e-01) (6, -9.40625931365609291301e-02) (7, 1.95090694714287549161e+00) (8, -1.72323063151730015985e-02) (9, 4.42599798429889557116e-01) (10, 2.57882986115961099216e+00) (11, 1.36804961489099397021e+00) (12, -2.20402852635993462549e-01) (0, 1.28301874432799700720e+00) (1, 3.19413721669934261627e+02) (2, -7.26516525773406751654e-01) (3, 9.98044925629887842433e+01) (4, -8.23379198571524306693e-01) (5, -7.60436511097587919394e-01) (6, 5.51898981131164867442e-01) (7, 2.52390885980890933293e-01) (8, -3.22081202065680541335e-02) (9, -7.32351743178715985927e-01) (10, -6.48926818945506390934e-03) (11, -1.38656529334583766833e+00) (12, 9.42351230035033404775e-01) (0, -3.50948390417834010790e+00) (1, 7.64494105291795449375e+02) (2, -6.28534669053425698593e-01) (3, 1.27710244092411429051e+00) (4, 1.26439557131379198829e+00) (5, 6.02506459127678639653e-01) (6, -1.20287262421261864631e-01) (7, 1.37824060661103997560e+00) (8, 7.89156611400810142909e-02) (9, -4.06480119232114564531e-02) (10, 2.26471438613986275623e-01) (11, 4.01899528747746592749e-01) (12, -1.28653493500427296148e+00) (13, 5.38932965103073424729e+00) (14, -1.12934954402653904282e+01) (15, 1.33114604587160272331e+01) (16, -3.03514584347716454005e+00) 
