FANN_FLO_2.1
num_layers=3
learning_rate=0.700000
connection_rate=1.000000
network_type=0
learning_momentum=0.000000
training_algorithm=2
train_error_function=1
train_stop_function=1
cascade_output_change_fraction=0.010000
quickprop_decay=-0.000100
quickprop_mu=1.750000
rprop_increase_factor=1.200000
rprop_decrease_factor=0.500000
rprop_delta_min=0.000000
rprop_delta_max=50.000000
rprop_delta_zero=0.100000
cascade_output_stagnation_epochs=12
cascade_candidate_change_fraction=0.010000
cascade_candidate_stagnation_epochs=12
cascade_max_out_epochs=150
cascade_min_out_epochs=50
cascade_max_cand_epochs=150
cascade_min_cand_epochs=50
cascade_num_candidate_groups=2
bit_fail_limit=1.00000000000000005551e-01
cascade_candidate_limit=1.00000000000000000000e+03
cascade_weight_multiplier=4.00000000000000022204e-01
cascade_activation_functions_count=10
cascade_activation_functions=3 5 7 8 10 11 14 15 16 17 
cascade_activation_steepnesses_count=4
cascade_activation_steepnesses=2.50000000000000000000e-01 5.00000000000000000000e-01 7.50000000000000000000e-01 1.00000000000000000000e+00 
layer_sizes=11 4 2 
scale_included=0
neurons (num_inputs, activation_function, activation_steepness)=(0, 0, 0.00000000000000000000e+00) (0, 0, 0.00000000000000000000e+00) (0, 0, 0.00000000000000000000e+00) (0, 0, 0.00000000000000000000e+00) (0, 0, 0.00000000000000000000e+00) (0, 0, 0.00000000000000000000e+00) (0, 0, 0.00000000000000000000e+00) (0, 0, 0.00000000000000000000e+00) (0, 0, 0.00000000000000000000e+00) (0, 0, 0.00000000000000000000e+00) (0, 0, 0.00000000000000000000e+00) (11, 6, 5.00000000000000000000e-01) (11, 6, 5.00000000000000000000e-01) (11, 6, 5.00000000000000000000e-01) (0, 6, 0.00000000000000000000e+00) (4, 4, 5.00000000000000000000e-01) (0, 4, 0.00000000000000000000e+00) 
connections (connected_to_neuron, weight)=(0, 6.76017786514579777091e-01) (1, 4.37797396068044353257e-01) (2, -9.27113952895475179616e+00) (3, -1.49265930282356573677e-01) (4, 3.24796628010747490123e-01) (5, -1.54778063523056341744e-01) (6, 3.74546126457407313470e-01) (7, -1.34704361163017107827e+01) (8, 2.25558676751806463923e-01) (9, -9.23244867509079725210e+00) (10, 4.89199618131503199958e-01) (0, 2.69344275091299545366e+00) (1, 1.55672616647163097880e+00) (2, -1.55443821572567237865e+01) (3, -6.40275603389998559933e-01) (4, 2.05901706832846365103e+00) (5, -1.86673614891332495525e+00) (6, -8.62234767709937899305e-01) (7, -1.73372858369707998349e+01) (8, 9.71431009550538793196e-02) (9, -1.18123535543635256317e+01) (10, 1.34008538453939318735e+00) (0, 1.23782833554918170194e+00) (1, -6.51544063398974238055e+00) (2, 1.79709505952775239201e+00) (3, 4.90641752616141069154e-01) (4, 5.18677808778761906261e-01) (5, 8.32328074328103961754e-01) (6, 4.34899324909422679841e-01) (7, 1.80306506697594981503e+00) (8, 3.25842412546847148835e-01) (9, 1.77783343113839387151e+00) (10, 1.30790220090324282864e+00) (11, -7.42470888048602839504e-01) (12, -3.88713757271648319147e+00) (13, -3.31109774274873158717e+00) (14, -4.36924231732076062684e+00) 
