FANN_FLO_2.1
num_layers=3
learning_rate=0.700000
connection_rate=1.000000
network_type=0
learning_momentum=0.000000
training_algorithm=2
train_error_function=1
train_stop_function=1
cascade_output_change_fraction=0.010000
quickprop_decay=-0.000100
quickprop_mu=1.750000
rprop_increase_factor=1.200000
rprop_decrease_factor=0.500000
rprop_delta_min=0.000000
rprop_delta_max=50.000000
rprop_delta_zero=0.100000
cascade_output_stagnation_epochs=12
cascade_candidate_change_fraction=0.010000
cascade_candidate_stagnation_epochs=12
cascade_max_out_epochs=150
cascade_min_out_epochs=50
cascade_max_cand_epochs=150
cascade_min_cand_epochs=50
cascade_num_candidate_groups=2
bit_fail_limit=1.00000000000000005551e-01
cascade_candidate_limit=1.00000000000000000000e+03
cascade_weight_multiplier=4.00000000000000022204e-01
cascade_activation_functions_count=10
cascade_activation_functions=3 5 7 8 10 11 14 15 16 17 
cascade_activation_steepnesses_count=4
cascade_activation_steepnesses=2.50000000000000000000e-01 5.00000000000000000000e-01 7.50000000000000000000e-01 1.00000000000000000000e+00 
layer_sizes=16 4 2 
scale_included=0
neurons (num_inputs, activation_function, activation_steepness)=(0, 0, 0.00000000000000000000e+00) (0, 0, 0.00000000000000000000e+00) (0, 0, 0.00000000000000000000e+00) (0, 0, 0.00000000000000000000e+00) (0, 0, 0.00000000000000000000e+00) (0, 0, 0.00000000000000000000e+00) (0, 0, 0.00000000000000000000e+00) (0, 0, 0.00000000000000000000e+00) (0, 0, 0.00000000000000000000e+00) (0, 0, 0.00000000000000000000e+00) (0, 0, 0.00000000000000000000e+00) (0, 0, 0.00000000000000000000e+00) (0, 0, 0.00000000000000000000e+00) (0, 0, 0.00000000000000000000e+00) (0, 0, 0.00000000000000000000e+00) (0, 0, 0.00000000000000000000e+00) (16, 6, 5.00000000000000000000e-01) (16, 6, 5.00000000000000000000e-01) (16, 6, 5.00000000000000000000e-01) (0, 6, 0.00000000000000000000e+00) (4, 4, 5.00000000000000000000e-01) (0, 4, 0.00000000000000000000e+00) 
connections (connected_to_neuron, weight)=(0, -1.96438751325477367615e+00) (1, 1.57451683324302837974e+00) (2, 9.95376604728653968657e-01) (3, 1.36057918673910194229e+00) (4, 1.34065597600594887950e+00) (5, 1.70103095933886461211e+00) (6, -8.96901976549270396610e-01) (7, 1.15942135979491123265e+00) (8, 1.81223416612524967917e+00) (9, 6.53425980556187835369e-01) (10, 2.18576979087362177623e-01) (11, 7.84766383952884116759e-01) (12, 9.83402579754213661545e+01) (13, 1.39806092685617500138e+00) (14, 9.82382126703481048935e+01) (15, -1.99457997411955578748e+00) (0, -1.82344202280510669922e+00) (1, 1.56839284342254803306e+00) (2, 4.73481867979185788720e-01) (3, 1.28914578414119773697e+00) (4, 1.04321450271762827811e+00) (5, 1.48523070625396336197e+00) (6, -1.20313476488550330501e+00) (7, 8.27237601736357519577e-01) (8, 1.38487347555031581336e+00) (9, 5.86628992307362762126e-01) (10, 2.13406179295549280894e-01) (11, 8.12610321230678001037e-01) (12, 9.83734692811588615768e+01) (13, 1.24532455361045890641e+00) (14, 9.83009487121919960373e+01) (15, -1.30174675772792314277e+00) (0, -1.84288374662865406250e+00) (1, 1.41011730105235688626e+00) (2, 5.50209280265398503751e-01) (3, 1.29058060205139213394e+00) (4, 1.12591887542165691727e+00) (5, 1.66303707003684930754e+00) (6, -1.32227497265298987728e+00) (7, 8.22772960522940466355e-01) (8, 1.39846412432064814979e+00) (9, 6.37537997412858215007e-01) (10, 2.89154466436872370494e-01) (11, 6.01871524203000274333e-01) (12, 9.82972226172308296555e+01) (13, 1.22972109323896461319e+00) (14, 9.83103301554540962570e+01) (15, -1.23704792003041719184e+00) (16, 1.77199850582381586150e+01) (17, 3.74950458191390145757e+00) (18, 3.78205845587010491826e+00) (19, -1.99960983127821667615e+00) 
