FANN_FLO_2.1
num_layers=3
learning_rate=0.700000
connection_rate=1.000000
network_type=0
learning_momentum=0.000000
training_algorithm=2
train_error_function=1
train_stop_function=1
cascade_output_change_fraction=0.010000
quickprop_decay=-0.000100
quickprop_mu=1.750000
rprop_increase_factor=1.200000
rprop_decrease_factor=0.500000
rprop_delta_min=0.000000
rprop_delta_max=50.000000
rprop_delta_zero=0.100000
cascade_output_stagnation_epochs=12
cascade_candidate_change_fraction=0.010000
cascade_candidate_stagnation_epochs=12
cascade_max_out_epochs=150
cascade_min_out_epochs=50
cascade_max_cand_epochs=150
cascade_min_cand_epochs=50
cascade_num_candidate_groups=2
bit_fail_limit=1.00000000000000005551e-01
cascade_candidate_limit=1.00000000000000000000e+03
cascade_weight_multiplier=4.00000000000000022204e-01
cascade_activation_functions_count=10
cascade_activation_functions=3 5 7 8 10 11 14 15 16 17 
cascade_activation_steepnesses_count=4
cascade_activation_steepnesses=2.50000000000000000000e-01 5.00000000000000000000e-01 7.50000000000000000000e-01 1.00000000000000000000e+00 
layer_sizes=8 4 2 
scale_included=0
neurons (num_inputs, activation_function, activation_steepness)=(0, 0, 0.00000000000000000000e+00) (0, 0, 0.00000000000000000000e+00) (0, 0, 0.00000000000000000000e+00) (0, 0, 0.00000000000000000000e+00) (0, 0, 0.00000000000000000000e+00) (0, 0, 0.00000000000000000000e+00) (0, 0, 0.00000000000000000000e+00) (0, 0, 0.00000000000000000000e+00) (8, 6, 5.00000000000000000000e-01) (8, 6, 5.00000000000000000000e-01) (8, 6, 5.00000000000000000000e-01) (0, 6, 0.00000000000000000000e+00) (4, 4, 5.00000000000000000000e-01) (0, 4, 0.00000000000000000000e+00) 
connections (connected_to_neuron, weight)=(0, 8.48718405303194423084e+00) (1, 2.87038994018243220907e+00) (2, -5.34789125976884793801e+00) (3, -2.90152172967817234550e+00) (4, -4.79210746915042218319e+00) (5, -5.20738111949526061295e+00) (6, -5.32597623668164033006e+00) (7, -3.75730449881340744511e+00) (0, 1.08873828023884278160e+00) (1, 1.56641898373370325181e+00) (2, 1.69277987641753568937e+00) (3, 3.12477875019325390671e-01) (4, 1.30208075245192800296e+00) (5, 1.03322387861844444679e+00) (6, 7.49956851897265353024e-01) (7, -1.51104555910453397516e+00) (0, 1.18470237944010103881e+00) (1, 1.30058652563492738174e+00) (2, 7.82898983997988073824e-01) (3, 1.43626606640101228685e+00) (4, 1.05161339046841351141e+00) (5, 1.47468291820150754212e+00) (6, 1.92578320553131843162e+00) (7, -1.21929823244505564084e+00) (8, 7.78768081977576365205e+00) (9, 1.49489906835709476240e+01) (10, 1.13688367442429854037e+01) (11, -1.24207798455619888855e+00) 
