FANN_FLO_2.1
num_layers=3
learning_rate=0.700000
connection_rate=1.000000
network_type=0
learning_momentum=0.000000
training_algorithm=2
train_error_function=1
train_stop_function=1
cascade_output_change_fraction=0.010000
quickprop_decay=-0.000100
quickprop_mu=1.750000
rprop_increase_factor=1.200000
rprop_decrease_factor=0.500000
rprop_delta_min=0.000000
rprop_delta_max=50.000000
rprop_delta_zero=0.100000
cascade_output_stagnation_epochs=12
cascade_candidate_change_fraction=0.010000
cascade_candidate_stagnation_epochs=12
cascade_max_out_epochs=150
cascade_min_out_epochs=50
cascade_max_cand_epochs=150
cascade_min_cand_epochs=50
cascade_num_candidate_groups=2
bit_fail_limit=1.00000000000000005551e-01
cascade_candidate_limit=1.00000000000000000000e+03
cascade_weight_multiplier=4.00000000000000022204e-01
cascade_activation_functions_count=10
cascade_activation_functions=3 5 7 8 10 11 14 15 16 17 
cascade_activation_steepnesses_count=4
cascade_activation_steepnesses=2.50000000000000000000e-01 5.00000000000000000000e-01 7.50000000000000000000e-01 1.00000000000000000000e+00 
layer_sizes=14 4 2 
scale_included=0
neurons (num_inputs, activation_function, activation_steepness)=(0, 0, 0.00000000000000000000e+00) (0, 0, 0.00000000000000000000e+00) (0, 0, 0.00000000000000000000e+00) (0, 0, 0.00000000000000000000e+00) (0, 0, 0.00000000000000000000e+00) (0, 0, 0.00000000000000000000e+00) (0, 0, 0.00000000000000000000e+00) (0, 0, 0.00000000000000000000e+00) (0, 0, 0.00000000000000000000e+00) (0, 0, 0.00000000000000000000e+00) (0, 0, 0.00000000000000000000e+00) (0, 0, 0.00000000000000000000e+00) (0, 0, 0.00000000000000000000e+00) (0, 0, 0.00000000000000000000e+00) (14, 6, 5.00000000000000000000e-01) (14, 6, 5.00000000000000000000e-01) (14, 6, 5.00000000000000000000e-01) (0, 6, 0.00000000000000000000e+00) (4, 4, 5.00000000000000000000e-01) (0, 4, 0.00000000000000000000e+00) 
connections (connected_to_neuron, weight)=(0, -1.11366498081544023080e+01) (1, 2.29411920679960479319e+00) (2, 1.21517391366679165104e-02) (3, 3.29867141522899975925e-01) (4, 1.09489525579761548535e+00) (5, 2.07073132057340569823e-01) (6, 2.38717071346764964090e+00) (7, 2.88589802106349502253e+00) (8, 2.54774119432758583415e+00) (9, -8.70069770303508960296e-01) (10, 9.13206544031507694292e-01) (11, 7.52314414499672623471e-01) (12, 1.24279830119106460273e+00) (13, -8.91280000697986518610e-01) (0, 1.06212689105432254166e+01) (1, -1.76230184757923957761e+00) (2, 7.53329619759227908649e-02) (3, -2.04867430840810982318e+00) (4, -9.81068143836077211084e-01) (5, -1.13440750631917763869e+00) (6, -3.28167960346152520756e+00) (7, -1.88685076195027567891e+00) (8, -2.22322866059671087058e+00) (9, 9.98890490983901258026e-01) (10, -2.62315687086551785345e-01) (11, -6.08509088186934943288e-01) (12, -1.37367706421489743640e+00) (13, 1.32154744111344113477e+00) (0, 1.05534202892811528329e+01) (1, -1.82143919939017173704e+00) (2, -1.50257162755820621036e-02) (3, -2.05736273591598672894e+00) (4, -9.83630316546972638392e-01) (5, -8.89584223023470288538e-01) (6, -2.76377609897913467663e+00) (7, -1.98990927892949365230e+00) (8, -2.18164934702049029269e+00) (9, 9.10384142552790542879e-01) (10, -2.36601379063099026556e-01) (11, -5.80293575553611273854e-01) (12, -1.43524678472156552722e+00) (13, 1.34278171502396359571e+00) (14, 6.14923056351918351226e+00) (15, -5.25615010690541240024e+00) (16, -1.00025092589205382154e+01) (17, -8.34921269342005722969e-01) 
