FANN_FLO_2.1
num_layers=3
learning_rate=0.700000
connection_rate=1.000000
network_type=0
learning_momentum=0.000000
training_algorithm=2
train_error_function=1
train_stop_function=1
cascade_output_change_fraction=0.010000
quickprop_decay=-0.000100
quickprop_mu=1.750000
rprop_increase_factor=1.200000
rprop_decrease_factor=0.500000
rprop_delta_min=0.000000
rprop_delta_max=50.000000
rprop_delta_zero=0.100000
cascade_output_stagnation_epochs=12
cascade_candidate_change_fraction=0.010000
cascade_candidate_stagnation_epochs=12
cascade_max_out_epochs=150
cascade_min_out_epochs=50
cascade_max_cand_epochs=150
cascade_min_cand_epochs=50
cascade_num_candidate_groups=2
bit_fail_limit=1.00000000000000005551e-01
cascade_candidate_limit=1.00000000000000000000e+03
cascade_weight_multiplier=4.00000000000000022204e-01
cascade_activation_functions_count=10
cascade_activation_functions=3 5 7 8 10 11 14 15 16 17 
cascade_activation_steepnesses_count=4
cascade_activation_steepnesses=2.50000000000000000000e-01 5.00000000000000000000e-01 7.50000000000000000000e-01 1.00000000000000000000e+00 
layer_sizes=15 4 2 
scale_included=0
neurons (num_inputs, activation_function, activation_steepness)=(0, 0, 0.00000000000000000000e+00) (0, 0, 0.00000000000000000000e+00) (0, 0, 0.00000000000000000000e+00) (0, 0, 0.00000000000000000000e+00) (0, 0, 0.00000000000000000000e+00) (0, 0, 0.00000000000000000000e+00) (0, 0, 0.00000000000000000000e+00) (0, 0, 0.00000000000000000000e+00) (0, 0, 0.00000000000000000000e+00) (0, 0, 0.00000000000000000000e+00) (0, 0, 0.00000000000000000000e+00) (0, 0, 0.00000000000000000000e+00) (0, 0, 0.00000000000000000000e+00) (0, 0, 0.00000000000000000000e+00) (0, 0, 0.00000000000000000000e+00) (15, 6, 5.00000000000000000000e-01) (15, 6, 5.00000000000000000000e-01) (15, 6, 5.00000000000000000000e-01) (0, 6, 0.00000000000000000000e+00) (4, 4, 5.00000000000000000000e-01) (0, 4, 0.00000000000000000000e+00) 
connections (connected_to_neuron, weight)=(0, -1.68369384148987943917e+00) (1, 1.82252340222867981190e+00) (2, -8.83920209880032281546e-01) (3, 6.59720514466835883383e-01) (4, 5.26689478696311996764e-01) (5, 5.20400931428563806591e-01) (6, 1.53015755222810567737e+00) (7, 1.25765674205453859003e+00) (8, 6.28000400271864878121e-01) (9, 7.46155142095538126412e-01) (10, 1.67045950426532674449e+00) (11, 1.64248923866822171824e+00) (12, 6.23538016584368692818e-01) (13, 6.88455115239554271689e-01) (14, -7.24331879027544589533e-01) (0, 1.79659335121533070279e+00) (1, -1.12416054401366527493e+00) (2, 1.56673470786939716959e+00) (3, -1.67535163913467427532e-01) (4, 2.16412422679637339584e-01) (5, 1.58796810618327816078e-02) (6, -1.10998107345430718773e+00) (7, -1.72275627371354961292e-01) (8, 6.10088894669746473198e-01) (9, 1.37110675826984551584e-01) (10, 1.10893392487738462471e+00) (11, 1.04342768266175123237e+00) (12, 4.90662319080399589311e-01) (13, 1.08352249715260029461e+00) (14, 5.15318830954338502615e-01) (0, 1.82778334423920307827e+00) (1, -1.21186880115239414835e+00) (2, 1.55993979326616383219e+00) (3, -1.18344605420329998524e-01) (4, 5.72745070866034766688e-02) (5, 1.52895925294487311508e-01) (6, -1.09289970846502648705e+00) (7, -1.99624056335969718434e-01) (8, 7.32849026624893373771e-01) (9, 1.38338461074411778196e-02) (10, 9.74914758646229451244e-01) (11, 1.12939709349844785713e+00) (12, 4.11827785388993450333e-01) (13, 1.03608783406316629083e+00) (14, 5.02180603789593060782e-01) (15, 1.15974716161022346483e+01) (16, -1.22333285249685950191e+01) (17, -1.22490860484456725032e+01) (18, -4.53895277401448249410e-01) 
