FANN_FLO_2.1
num_layers=3
learning_rate=0.700000
connection_rate=1.000000
network_type=0
learning_momentum=0.000000
training_algorithm=2
train_error_function=1
train_stop_function=1
cascade_output_change_fraction=0.010000
quickprop_decay=-0.000100
quickprop_mu=1.750000
rprop_increase_factor=1.200000
rprop_decrease_factor=0.500000
rprop_delta_min=0.000000
rprop_delta_max=50.000000
rprop_delta_zero=0.100000
cascade_output_stagnation_epochs=12
cascade_candidate_change_fraction=0.010000
cascade_candidate_stagnation_epochs=12
cascade_max_out_epochs=150
cascade_min_out_epochs=50
cascade_max_cand_epochs=150
cascade_min_cand_epochs=50
cascade_num_candidate_groups=2
bit_fail_limit=1.00000000000000005551e-01
cascade_candidate_limit=1.00000000000000000000e+03
cascade_weight_multiplier=4.00000000000000022204e-01
cascade_activation_functions_count=10
cascade_activation_functions=3 5 7 8 10 11 14 15 16 17 
cascade_activation_steepnesses_count=4
cascade_activation_steepnesses=2.50000000000000000000e-01 5.00000000000000000000e-01 7.50000000000000000000e-01 1.00000000000000000000e+00 
layer_sizes=13 4 2 
scale_included=0
neurons (num_inputs, activation_function, activation_steepness)=(0, 0, 0.00000000000000000000e+00) (0, 0, 0.00000000000000000000e+00) (0, 0, 0.00000000000000000000e+00) (0, 0, 0.00000000000000000000e+00) (0, 0, 0.00000000000000000000e+00) (0, 0, 0.00000000000000000000e+00) (0, 0, 0.00000000000000000000e+00) (0, 0, 0.00000000000000000000e+00) (0, 0, 0.00000000000000000000e+00) (0, 0, 0.00000000000000000000e+00) (0, 0, 0.00000000000000000000e+00) (0, 0, 0.00000000000000000000e+00) (0, 0, 0.00000000000000000000e+00) (13, 6, 5.00000000000000000000e-01) (13, 6, 5.00000000000000000000e-01) (13, 6, 5.00000000000000000000e-01) (0, 6, 0.00000000000000000000e+00) (4, 4, 5.00000000000000000000e-01) (0, 4, 0.00000000000000000000e+00) 
connections (connected_to_neuron, weight)=(0, 2.50222900421268832361e+02) (1, -6.80892005600897363138e+01) (2, -8.82485314136514986672e+00) (3, 6.04368000516811818557e+01) (4, -9.64709177190031965665e+01) (5, -6.65297773148978706104e+01) (6, -1.73590681407241163470e+02) (7, -2.06739585340921488976e-01) (8, 2.86682288917547509755e+02) (9, -6.25794742003999715507e+01) (10, 2.91737087597120208216e+01) (11, -2.28464476388795478812e+00) (12, 4.06018684143701449329e+01) (0, 3.65637845943282471239e+01) (1, -7.07309219707896517093e+01) (2, -2.88656795750199268724e+00) (3, 6.44607291076370714222e+00) (4, -2.73952017659933382276e+01) (5, -2.29210381859719305453e+01) (6, -1.23516810481948269285e+02) (7, 3.68262223892959550398e+00) (8, 1.29542599864847318258e+02) (9, -2.01666433192032918953e+01) (10, 1.03003925558237838800e+01) (11, -2.16349544920122554004e+01) (12, 7.20985073783399599279e+01) (0, 1.89789601713389856741e+02) (1, -2.70133094677540981365e+01) (2, -3.25608898004980984453e+00) (3, 1.02886375162213417056e+00) (4, -2.17590866759610399583e+01) (5, -5.77944519933937215228e+01) (6, -8.83498644782520301533e+01) (7, 4.70026678801482322712e+00) (8, 1.62746878204692080772e+02) (9, -2.05026466714699076022e+01) (10, 2.14067482097226591264e+00) (11, -4.85331508781833420585e+01) (12, 8.38473844609659479943e+00) (13, -8.60915779365011069046e-01) (14, -5.33977472811587894341e+00) (15, -9.92508520968217622382e-01) (16, -3.29609018251752206030e-01) 
