FANN_FLO_2.1
num_layers=3
learning_rate=0.700000
connection_rate=1.000000
network_type=0
learning_momentum=0.000000
training_algorithm=2
train_error_function=1
train_stop_function=1
cascade_output_change_fraction=0.010000
quickprop_decay=-0.000100
quickprop_mu=1.750000
rprop_increase_factor=1.200000
rprop_decrease_factor=0.500000
rprop_delta_min=0.000000
rprop_delta_max=50.000000
rprop_delta_zero=0.100000
cascade_output_stagnation_epochs=12
cascade_candidate_change_fraction=0.010000
cascade_candidate_stagnation_epochs=12
cascade_max_out_epochs=150
cascade_min_out_epochs=50
cascade_max_cand_epochs=150
cascade_min_cand_epochs=50
cascade_num_candidate_groups=2
bit_fail_limit=1.00000000000000005551e-01
cascade_candidate_limit=1.00000000000000000000e+03
cascade_weight_multiplier=4.00000000000000022204e-01
cascade_activation_functions_count=10
cascade_activation_functions=3 5 7 8 10 11 14 15 16 17 
cascade_activation_steepnesses_count=4
cascade_activation_steepnesses=2.50000000000000000000e-01 5.00000000000000000000e-01 7.50000000000000000000e-01 1.00000000000000000000e+00 
layer_sizes=9 4 2 
scale_included=0
neurons (num_inputs, activation_function, activation_steepness)=(0, 0, 0.00000000000000000000e+00) (0, 0, 0.00000000000000000000e+00) (0, 0, 0.00000000000000000000e+00) (0, 0, 0.00000000000000000000e+00) (0, 0, 0.00000000000000000000e+00) (0, 0, 0.00000000000000000000e+00) (0, 0, 0.00000000000000000000e+00) (0, 0, 0.00000000000000000000e+00) (0, 0, 0.00000000000000000000e+00) (9, 6, 5.00000000000000000000e-01) (9, 6, 5.00000000000000000000e-01) (9, 6, 5.00000000000000000000e-01) (0, 6, 0.00000000000000000000e+00) (4, 4, 5.00000000000000000000e-01) (0, 4, 0.00000000000000000000e+00) 
connections (connected_to_neuron, weight)=(0, 2.07258262113955176176e+01) (1, -8.35633098068030122363e+00) (2, 1.04448626069251848669e+00) (3, -9.88990217566662943582e-01) (4, 1.18256275042158143229e+00) (5, -2.83528829614605548670e+01) (6, 4.64381256482291948640e-01) (7, -4.96688299096734175997e-02) (8, 6.94081593877459113173e+00) (0, -1.56984325338534862482e+01) (1, 5.31142005393511951183e+00) (2, 1.19957090943678168493e+00) (3, 2.44383885937891554008e+00) (4, 3.44424724380348323827e-01) (5, 1.04126419688381073314e+01) (6, 4.02127401252055205472e-01) (7, 3.60140966005480445133e+00) (8, -4.47392933725769648134e+00) (0, 2.04195855272408310910e+00) (1, -9.14158017128224864578e-01) (2, -4.36075587514343776530e-01) (3, -4.85872962928241669545e-01) (4, -2.90751439276638545817e-01) (5, -1.26783029881139230888e+00) (6, -6.36820591358396637105e-01) (7, 3.71562447798818418221e-01) (8, 1.68716936383120397203e+00) (9, -2.02216485403818690969e+00) (10, 5.24657037618542609891e+00) (11, -2.61464494459610197197e+00) (12, -9.83575848731298774119e-01) 
