FANN_FLO_2.1
num_layers=3
learning_rate=0.700000
connection_rate=1.000000
network_type=0
learning_momentum=0.000000
training_algorithm=2
train_error_function=1
train_stop_function=1
cascade_output_change_fraction=0.010000
quickprop_decay=-0.000100
quickprop_mu=1.750000
rprop_increase_factor=1.200000
rprop_decrease_factor=0.500000
rprop_delta_min=0.000000
rprop_delta_max=50.000000
rprop_delta_zero=0.100000
cascade_output_stagnation_epochs=12
cascade_candidate_change_fraction=0.010000
cascade_candidate_stagnation_epochs=12
cascade_max_out_epochs=150
cascade_min_out_epochs=50
cascade_max_cand_epochs=150
cascade_min_cand_epochs=50
cascade_num_candidate_groups=2
bit_fail_limit=1.00000000000000005551e-01
cascade_candidate_limit=1.00000000000000000000e+03
cascade_weight_multiplier=4.00000000000000022204e-01
cascade_activation_functions_count=10
cascade_activation_functions=3 5 7 8 10 11 14 15 16 17 
cascade_activation_steepnesses_count=4
cascade_activation_steepnesses=2.50000000000000000000e-01 5.00000000000000000000e-01 7.50000000000000000000e-01 1.00000000000000000000e+00 
layer_sizes=7 4 2 
scale_included=0
neurons (num_inputs, activation_function, activation_steepness)=(0, 0, 0.00000000000000000000e+00) (0, 0, 0.00000000000000000000e+00) (0, 0, 0.00000000000000000000e+00) (0, 0, 0.00000000000000000000e+00) (0, 0, 0.00000000000000000000e+00) (0, 0, 0.00000000000000000000e+00) (0, 0, 0.00000000000000000000e+00) (7, 6, 5.00000000000000000000e-01) (7, 6, 5.00000000000000000000e-01) (7, 6, 5.00000000000000000000e-01) (0, 6, 0.00000000000000000000e+00) (4, 4, 5.00000000000000000000e-01) (0, 4, 0.00000000000000000000e+00) 
connections (connected_to_neuron, weight)=(0, -1.15682265234395886822e+00) (1, 9.30930291312783486646e-01) (2, 1.45796458294906700059e-01) (3, 5.10380821435254983243e-01) (4, 3.75351052644053717611e-01) (5, 1.56006652576880733285e-01) (6, 4.97099622737478472057e-02) (0, -6.48157958196295780340e+00) (1, 3.60782824687981129586e+00) (2, 1.32174362189012173374e+00) (3, 3.17652645816819489966e+00) (4, 2.86657492629438692688e+00) (5, 7.07690974236833914013e-01) (6, -4.04746593512322405672e+00) (0, 1.22277540534811302031e+00) (1, -3.16810343964479990131e-01) (2, -2.02749198094484245347e-01) (3, -3.74452148182772226459e-01) (4, -2.85161842035085710823e-01) (5, -6.61329090423503906937e-02) (6, 2.06169024266090766817e-01) (7, 6.65522656595539663371e-01) (8, 8.85468132113156869423e+00) (9, -7.69055011660157661346e-01) (10, -1.07673510855861476188e+00) 
