FANN_FLO_2.1
num_layers=3
learning_rate=0.700000
connection_rate=1.000000
network_type=0
learning_momentum=0.000000
training_algorithm=2
train_error_function=1
train_stop_function=1
cascade_output_change_fraction=0.010000
quickprop_decay=-0.000100
quickprop_mu=1.750000
rprop_increase_factor=1.200000
rprop_decrease_factor=0.500000
rprop_delta_min=0.000000
rprop_delta_max=50.000000
rprop_delta_zero=0.100000
cascade_output_stagnation_epochs=12
cascade_candidate_change_fraction=0.010000
cascade_candidate_stagnation_epochs=12
cascade_max_out_epochs=150
cascade_min_out_epochs=50
cascade_max_cand_epochs=150
cascade_min_cand_epochs=50
cascade_num_candidate_groups=2
bit_fail_limit=1.00000000000000005551e-01
cascade_candidate_limit=1.00000000000000000000e+03
cascade_weight_multiplier=4.00000000000000022204e-01
cascade_activation_functions_count=10
cascade_activation_functions=3 5 7 8 10 11 14 15 16 17 
cascade_activation_steepnesses_count=4
cascade_activation_steepnesses=2.50000000000000000000e-01 5.00000000000000000000e-01 7.50000000000000000000e-01 1.00000000000000000000e+00 
layer_sizes=13 4 2 
scale_included=0
neurons (num_inputs, activation_function, activation_steepness)=(0, 0, 0.00000000000000000000e+00) (0, 0, 0.00000000000000000000e+00) (0, 0, 0.00000000000000000000e+00) (0, 0, 0.00000000000000000000e+00) (0, 0, 0.00000000000000000000e+00) (0, 0, 0.00000000000000000000e+00) (0, 0, 0.00000000000000000000e+00) (0, 0, 0.00000000000000000000e+00) (0, 0, 0.00000000000000000000e+00) (0, 0, 0.00000000000000000000e+00) (0, 0, 0.00000000000000000000e+00) (0, 0, 0.00000000000000000000e+00) (0, 0, 0.00000000000000000000e+00) (13, 6, 5.00000000000000000000e-01) (13, 6, 5.00000000000000000000e-01) (13, 6, 5.00000000000000000000e-01) (0, 6, 0.00000000000000000000e+00) (4, 4, 5.00000000000000000000e-01) (0, 4, 0.00000000000000000000e+00) 
connections (connected_to_neuron, weight)=(0, -2.52127196102713391213e+00) (1, 2.93122567871314687604e-01) (2, 3.24261483605928546581e+00) (3, 2.41749917820446136307e-01) (4, 1.38981023217192967145e-01) (5, 3.11952249016590243968e+00) (6, 1.59178828552715478928e-01) (7, 1.78686798895350829053e-01) (8, 2.50782473628810809174e+00) (9, 4.47784131366620874459e-01) (10, 2.20230661100754593340e-01) (11, -8.76945141567694319562e-02) (12, -5.76461090263957059987e-03) (0, 1.67435926456260486539e+00) (1, -1.76686814554771465247e+00) (2, -1.69418179960784187621e+00) (3, -1.22498325914977182483e-01) (4, 3.54197317417035473230e-01) (5, -1.63267415361341705626e+00) (6, -5.61747028537970816142e-02) (7, 2.28567028100858216089e-01) (8, -1.22205780471582259317e+00) (9, -7.07299966030305760079e-01) (10, -4.75026438083825275349e-01) (11, 9.82314826038608535086e-01) (12, 1.67955886084842487271e+00) (0, -3.77522099710013991913e-01) (1, 5.38704903612398866564e-01) (2, 6.34033773630492958340e-01) (3, 6.43037230705418960675e-01) (4, 1.94895150745860112895e-01) (5, 5.61321475147836590480e-01) (6, 6.75215394233861454509e-01) (7, 1.82662992412796987285e-01) (8, 5.52088503319631107580e-01) (9, 1.13280911991818622475e+00) (10, 2.07057223684200764069e-01) (11, -7.02775216712465677915e-02) (12, 6.82308836201925839049e-02) (13, 2.33433924341543724834e-01) (14, -2.51393664821213036475e+01) (15, 4.44595236633084367472e-01) (16, -6.87114357078928206235e-01) 
