FANN_FLO_2.1
num_layers=3
learning_rate=0.700000
connection_rate=1.000000
network_type=0
learning_momentum=0.000000
training_algorithm=2
train_error_function=1
train_stop_function=1
cascade_output_change_fraction=0.010000
quickprop_decay=-0.000100
quickprop_mu=1.750000
rprop_increase_factor=1.200000
rprop_decrease_factor=0.500000
rprop_delta_min=0.000000
rprop_delta_max=50.000000
rprop_delta_zero=0.100000
cascade_output_stagnation_epochs=12
cascade_candidate_change_fraction=0.010000
cascade_candidate_stagnation_epochs=12
cascade_max_out_epochs=150
cascade_min_out_epochs=50
cascade_max_cand_epochs=150
cascade_min_cand_epochs=50
cascade_num_candidate_groups=2
bit_fail_limit=1.00000000000000005551e-01
cascade_candidate_limit=1.00000000000000000000e+03
cascade_weight_multiplier=4.00000000000000022204e-01
cascade_activation_functions_count=10
cascade_activation_functions=3 5 7 8 10 11 14 15 16 17 
cascade_activation_steepnesses_count=4
cascade_activation_steepnesses=2.50000000000000000000e-01 5.00000000000000000000e-01 7.50000000000000000000e-01 1.00000000000000000000e+00 
layer_sizes=14 4 2 
scale_included=0
neurons (num_inputs, activation_function, activation_steepness)=(0, 0, 0.00000000000000000000e+00) (0, 0, 0.00000000000000000000e+00) (0, 0, 0.00000000000000000000e+00) (0, 0, 0.00000000000000000000e+00) (0, 0, 0.00000000000000000000e+00) (0, 0, 0.00000000000000000000e+00) (0, 0, 0.00000000000000000000e+00) (0, 0, 0.00000000000000000000e+00) (0, 0, 0.00000000000000000000e+00) (0, 0, 0.00000000000000000000e+00) (0, 0, 0.00000000000000000000e+00) (0, 0, 0.00000000000000000000e+00) (0, 0, 0.00000000000000000000e+00) (0, 0, 0.00000000000000000000e+00) (14, 6, 5.00000000000000000000e-01) (14, 6, 5.00000000000000000000e-01) (14, 6, 5.00000000000000000000e-01) (0, 6, 0.00000000000000000000e+00) (4, 4, 5.00000000000000000000e-01) (0, 4, 0.00000000000000000000e+00) 
connections (connected_to_neuron, weight)=(0, -8.48184573244617290300e+00) (1, 2.99940103493741627716e+00) (2, 1.25479506693866693645e+00) (3, -2.53658494946136792159e-01) (4, 5.00575020503790990567e-01) (5, 3.11754936171753538332e+00) (6, -8.06743631114171910745e-01) (7, 4.38320567987615261618e-01) (8, -2.46621156279364789343e-02) (9, -1.38564502259793242978e+00) (10, 1.59867132176248505360e+00) (11, -1.62627881391415346490e-01) (12, -1.39562519321570466246e+00) (13, -2.10010490613978895169e+00) (0, -5.70552643415866267418e+00) (1, 1.79953137125909190530e+00) (2, 1.05951277634151175278e+00) (3, -4.36021504537762838449e-01) (4, 6.13751871791575420723e-01) (5, 2.23390773425725841506e+00) (6, 1.36585473425305525819e-02) (7, 3.85031073492105468947e-01) (8, -4.26783900511448377468e-01) (9, -4.66282365709760837635e-01) (10, 7.12208510649265158499e-01) (11, 4.46742966305963495888e-01) (12, -1.50232796743695184993e+00) (13, -1.19592332731827566406e+00) (0, -5.74574731317696940636e+00) (1, 1.41818377248307836425e+00) (2, 9.96771191265656497649e-01) (3, -2.37433591470815275049e-01) (4, 5.91740576830599773750e-01) (5, 2.31237791965631389601e+00) (6, 1.29023415536395430481e-01) (7, 2.56704143386419170181e-01) (8, -4.64573841345493787625e-01) (9, -3.01465413928568459756e-01) (10, 1.09494770592173740198e+00) (11, 4.28543731105081537880e-01) (12, -1.38147011026923105526e+00) (13, -8.48505272142508704114e-01) (14, 3.73275389643031729747e+00) (15, 1.25754685407538104869e+01) (16, 8.84928298475587560290e+00) (17, -1.27124006157132685146e+00) 
