FANN_FLO_2.1
num_layers=3
learning_rate=0.700000
connection_rate=1.000000
network_type=0
learning_momentum=0.000000
training_algorithm=2
train_error_function=1
train_stop_function=1
cascade_output_change_fraction=0.010000
quickprop_decay=-0.000100
quickprop_mu=1.750000
rprop_increase_factor=1.200000
rprop_decrease_factor=0.500000
rprop_delta_min=0.000000
rprop_delta_max=50.000000
rprop_delta_zero=0.100000
cascade_output_stagnation_epochs=12
cascade_candidate_change_fraction=0.010000
cascade_candidate_stagnation_epochs=12
cascade_max_out_epochs=150
cascade_min_out_epochs=50
cascade_max_cand_epochs=150
cascade_min_cand_epochs=50
cascade_num_candidate_groups=2
bit_fail_limit=1.00000000000000005551e-01
cascade_candidate_limit=1.00000000000000000000e+03
cascade_weight_multiplier=4.00000000000000022204e-01
cascade_activation_functions_count=10
cascade_activation_functions=3 5 7 8 10 11 14 15 16 17 
cascade_activation_steepnesses_count=4
cascade_activation_steepnesses=2.50000000000000000000e-01 5.00000000000000000000e-01 7.50000000000000000000e-01 1.00000000000000000000e+00 
layer_sizes=11 4 2 
scale_included=0
neurons (num_inputs, activation_function, activation_steepness)=(0, 0, 0.00000000000000000000e+00) (0, 0, 0.00000000000000000000e+00) (0, 0, 0.00000000000000000000e+00) (0, 0, 0.00000000000000000000e+00) (0, 0, 0.00000000000000000000e+00) (0, 0, 0.00000000000000000000e+00) (0, 0, 0.00000000000000000000e+00) (0, 0, 0.00000000000000000000e+00) (0, 0, 0.00000000000000000000e+00) (0, 0, 0.00000000000000000000e+00) (0, 0, 0.00000000000000000000e+00) (11, 6, 5.00000000000000000000e-01) (11, 6, 5.00000000000000000000e-01) (11, 6, 5.00000000000000000000e-01) (0, 6, 0.00000000000000000000e+00) (4, 4, 5.00000000000000000000e-01) (0, 4, 0.00000000000000000000e+00) 
connections (connected_to_neuron, weight)=(0, -1.21354483795446510541e+00) (1, -6.48254038096263696112e-01) (2, 7.99155434627817218285e+00) (3, 8.93783626685402055045e+00) (4, 1.49804402050148999237e+00) (5, 7.58055191930862432015e-02) (6, 5.11032302183854536537e-01) (7, 4.54211071072248492864e-02) (8, -8.15034237534768696287e-02) (9, 1.06275752064380029083e+02) (10, -1.19898855668586845624e+00) (0, -1.38832696077556017045e+00) (1, 2.78161350861498002374e+00) (2, 1.22863593091101264143e+00) (3, 1.70804295888639301459e+00) (4, 2.29075234808424132993e+00) (5, -3.27983911494549584820e-01) (6, 3.17787232482543613443e+00) (7, -4.71355154301273615580e-01) (8, -1.21716884149779125401e+00) (9, 4.94794213305944595049e+02) (10, -2.13838090852850770673e+00) (0, 5.80885283880989344851e+00) (1, 1.29969098856869669234e+00) (2, 8.34215875464535905337e-01) (3, 1.19787754383959654803e+00) (4, -1.52867016878835171312e+00) (5, -3.68902508640662363248e+00) (6, -2.76339280076042159706e+00) (7, -2.57727134937277746474e+00) (8, 6.19567441706070920482e-01) (9, 1.24798269378223608328e+02) (10, 2.76291778520394704088e+00) (11, 3.25734867724823873303e+00) (12, 1.11506982375402365903e+01) (13, -3.72102550851277547039e+00) (14, -1.43725886227844767973e+00) 
