FANN_FLO_2.1
num_layers=3
learning_rate=0.700000
connection_rate=1.000000
network_type=0
learning_momentum=0.000000
training_algorithm=2
train_error_function=1
train_stop_function=1
cascade_output_change_fraction=0.010000
quickprop_decay=-0.000100
quickprop_mu=1.750000
rprop_increase_factor=1.200000
rprop_decrease_factor=0.500000
rprop_delta_min=0.000000
rprop_delta_max=50.000000
rprop_delta_zero=0.100000
cascade_output_stagnation_epochs=12
cascade_candidate_change_fraction=0.010000
cascade_candidate_stagnation_epochs=12
cascade_max_out_epochs=150
cascade_min_out_epochs=50
cascade_max_cand_epochs=150
cascade_min_cand_epochs=50
cascade_num_candidate_groups=2
bit_fail_limit=1.00000000000000005551e-01
cascade_candidate_limit=1.00000000000000000000e+03
cascade_weight_multiplier=4.00000000000000022204e-01
cascade_activation_functions_count=10
cascade_activation_functions=3 5 7 8 10 11 14 15 16 17 
cascade_activation_steepnesses_count=4
cascade_activation_steepnesses=2.50000000000000000000e-01 5.00000000000000000000e-01 7.50000000000000000000e-01 1.00000000000000000000e+00 
layer_sizes=12 4 2 
scale_included=0
neurons (num_inputs, activation_function, activation_steepness)=(0, 0, 0.00000000000000000000e+00) (0, 0, 0.00000000000000000000e+00) (0, 0, 0.00000000000000000000e+00) (0, 0, 0.00000000000000000000e+00) (0, 0, 0.00000000000000000000e+00) (0, 0, 0.00000000000000000000e+00) (0, 0, 0.00000000000000000000e+00) (0, 0, 0.00000000000000000000e+00) (0, 0, 0.00000000000000000000e+00) (0, 0, 0.00000000000000000000e+00) (0, 0, 0.00000000000000000000e+00) (0, 0, 0.00000000000000000000e+00) (12, 6, 5.00000000000000000000e-01) (12, 6, 5.00000000000000000000e-01) (12, 6, 5.00000000000000000000e-01) (0, 6, 0.00000000000000000000e+00) (4, 4, 5.00000000000000000000e-01) (0, 4, 0.00000000000000000000e+00) 
connections (connected_to_neuron, weight)=(0, -7.65302184140277508284e-01) (1, 3.93604903642896886140e+00) (2, -2.06545073090520031611e-01) (3, -5.39930601497619955254e-01) (4, -7.77543443357539776351e-01) (5, -1.88859488366570599238e-01) (6, -5.15493077119320242119e-01) (7, -5.56539353807895986748e-01) (8, -4.68905788739650997154e-01) (9, -8.41217077492212750300e-01) (10, -7.18375953948092949020e-01) (11, -4.97579012890785488121e-01) (0, 9.65780891623759352171e-01) (1, -3.86282731567386861116e+00) (2, 4.68983958966990077677e-01) (3, 8.07408727851176455381e-01) (4, 8.04512329545283511045e-01) (5, 2.90237738552800550451e-01) (6, 9.67365153279566847289e-01) (7, 7.97124274220729067686e-01) (8, 8.55160907056593977416e-01) (9, 1.34605361681488400194e+00) (10, 9.09675546136164747679e-01) (11, 9.17920358624720655882e-01) (0, -4.35547040230826021379e-01) (1, 6.21578363115386278714e-01) (2, 1.09229040501364366156e-01) (3, -5.50020676213225367945e-03) (4, -5.28380507058695436662e-01) (5, 1.58252005634554521185e-01) (6, -9.92412868269053061177e-02) (7, -4.39107493884161592668e-01) (8, 1.05668574897472916652e-01) (9, -3.58538561887339235490e-01) (10, -3.60853352970675111955e-01) (11, -1.64179690492924745815e-01) (12, 3.88504532699350590974e+00) (13, -3.86624593262438054353e+00) (14, 5.49823216993406083120e-01) (15, -5.41911941846340505791e-01) 
