FANN_FLO_2.1
num_layers=3
learning_rate=0.700000
connection_rate=1.000000
network_type=0
learning_momentum=0.000000
training_algorithm=2
train_error_function=1
train_stop_function=1
cascade_output_change_fraction=0.010000
quickprop_decay=-0.000100
quickprop_mu=1.750000
rprop_increase_factor=1.200000
rprop_decrease_factor=0.500000
rprop_delta_min=0.000000
rprop_delta_max=50.000000
rprop_delta_zero=0.100000
cascade_output_stagnation_epochs=12
cascade_candidate_change_fraction=0.010000
cascade_candidate_stagnation_epochs=12
cascade_max_out_epochs=150
cascade_min_out_epochs=50
cascade_max_cand_epochs=150
cascade_min_cand_epochs=50
cascade_num_candidate_groups=2
bit_fail_limit=1.00000000000000005551e-01
cascade_candidate_limit=1.00000000000000000000e+03
cascade_weight_multiplier=4.00000000000000022204e-01
cascade_activation_functions_count=10
cascade_activation_functions=3 5 7 8 10 11 14 15 16 17 
cascade_activation_steepnesses_count=4
cascade_activation_steepnesses=2.50000000000000000000e-01 5.00000000000000000000e-01 7.50000000000000000000e-01 1.00000000000000000000e+00 
layer_sizes=9 4 2 
scale_included=0
neurons (num_inputs, activation_function, activation_steepness)=(0, 0, 0.00000000000000000000e+00) (0, 0, 0.00000000000000000000e+00) (0, 0, 0.00000000000000000000e+00) (0, 0, 0.00000000000000000000e+00) (0, 0, 0.00000000000000000000e+00) (0, 0, 0.00000000000000000000e+00) (0, 0, 0.00000000000000000000e+00) (0, 0, 0.00000000000000000000e+00) (0, 0, 0.00000000000000000000e+00) (9, 6, 5.00000000000000000000e-01) (9, 6, 5.00000000000000000000e-01) (9, 6, 5.00000000000000000000e-01) (0, 6, 0.00000000000000000000e+00) (4, 4, 5.00000000000000000000e-01) (0, 4, 0.00000000000000000000e+00) 
connections (connected_to_neuron, weight)=(0, -3.85196102713646293392e-01) (1, 6.43848512510105552842e-01) (2, -1.84100437247838588650e-01) (3, 1.43304190604733872050e+00) (4, -2.72917374203571982960e-01) (5, -2.95680212954649634938e-01) (6, 8.36838114155637691205e-01) (7, 5.29953128131968265180e-01) (8, -2.41164108668865562191e-01) (0, -9.39519156709869185384e-01) (1, 1.16297986978319012330e+00) (2, 4.01607546779289281691e-01) (3, 7.03534920296276733431e-01) (4, -6.86395341964011751479e-01) (5, -6.57810653062110284317e-01) (6, 1.65285162457475931497e+00) (7, 1.20626232275393330262e+00) (8, -1.03988105391154839197e+00) (0, -1.37073707698354940732e+00) (1, 2.87380407623255074157e+00) (2, -6.38206388784774980572e-02) (3, 5.66800685846406526736e-01) (4, -1.44390267403627392540e+00) (5, -1.16855883218789702305e+00) (6, 2.85239035891548420310e+00) (7, 2.89701678476536095275e+00) (8, -1.32899914799700002987e+00) (9, 1.97220299887618333301e+00) (10, 1.48797555960731897606e+00) (11, 1.69546133343646019398e+01) (12, -3.05337269986953341316e+00) 
