FANN_FLO_2.1
num_layers=3
learning_rate=0.700000
connection_rate=1.000000
network_type=0
learning_momentum=0.000000
training_algorithm=2
train_error_function=1
train_stop_function=1
cascade_output_change_fraction=0.010000
quickprop_decay=-0.000100
quickprop_mu=1.750000
rprop_increase_factor=1.200000
rprop_decrease_factor=0.500000
rprop_delta_min=0.000000
rprop_delta_max=50.000000
rprop_delta_zero=0.100000
cascade_output_stagnation_epochs=12
cascade_candidate_change_fraction=0.010000
cascade_candidate_stagnation_epochs=12
cascade_max_out_epochs=150
cascade_min_out_epochs=50
cascade_max_cand_epochs=150
cascade_min_cand_epochs=50
cascade_num_candidate_groups=2
bit_fail_limit=1.00000000000000005551e-01
cascade_candidate_limit=1.00000000000000000000e+03
cascade_weight_multiplier=4.00000000000000022204e-01
cascade_activation_functions_count=10
cascade_activation_functions=3 5 7 8 10 11 14 15 16 17 
cascade_activation_steepnesses_count=4
cascade_activation_steepnesses=2.50000000000000000000e-01 5.00000000000000000000e-01 7.50000000000000000000e-01 1.00000000000000000000e+00 
layer_sizes=14 4 2 
scale_included=0
neurons (num_inputs, activation_function, activation_steepness)=(0, 0, 0.00000000000000000000e+00) (0, 0, 0.00000000000000000000e+00) (0, 0, 0.00000000000000000000e+00) (0, 0, 0.00000000000000000000e+00) (0, 0, 0.00000000000000000000e+00) (0, 0, 0.00000000000000000000e+00) (0, 0, 0.00000000000000000000e+00) (0, 0, 0.00000000000000000000e+00) (0, 0, 0.00000000000000000000e+00) (0, 0, 0.00000000000000000000e+00) (0, 0, 0.00000000000000000000e+00) (0, 0, 0.00000000000000000000e+00) (0, 0, 0.00000000000000000000e+00) (0, 0, 0.00000000000000000000e+00) (14, 6, 5.00000000000000000000e-01) (14, 6, 5.00000000000000000000e-01) (14, 6, 5.00000000000000000000e-01) (0, 6, 0.00000000000000000000e+00) (4, 4, 5.00000000000000000000e-01) (0, 4, 0.00000000000000000000e+00) 
connections (connected_to_neuron, weight)=(0, -2.22410912063094956537e+00) (1, 1.77485621408645277697e+00) (2, 2.77604281894727211721e+00) (3, -2.27412062353484933919e-01) (4, -3.45277453429095992909e-01) (5, 7.39243110045155527033e-01) (6, 2.13402466685417158132e+00) (7, -2.77939381702287158227e-01) (8, -3.72941825180089225888e-01) (9, 4.08767182646454285688e-01) (10, -8.64188616065465597949e-01) (11, 1.45071426953148718830e+00) (12, -5.06453345770689566940e-01) (13, -1.82555781749592571650e+00) (0, -6.30367266025998018719e-01) (1, 2.56958943141809004196e-01) (2, 6.92832914150777079421e-01) (3, 3.08972832608826575296e-01) (4, 2.94561807859547497568e-01) (5, 1.32408400299853723503e+00) (6, 6.09906651676456079691e-01) (7, 2.98829480745089748339e-01) (8, 3.83113292092366330976e-01) (9, 2.03742272316036210356e+00) (10, 6.56230121101006036444e-02) (11, 8.65268797706022274596e-01) (12, 3.00444235177063145859e-01) (13, -2.36446658901155737365e-02) (0, 1.83468640124233006716e+00) (1, -1.53027203868071515203e+00) (2, -1.53133842735192371443e+00) (3, 7.69941854175571260832e-01) (4, 7.92384433444980440520e-01) (5, -7.61428406418759751162e-01) (6, -1.11205182598050145160e+00) (7, -2.85170478576962704853e-01) (8, 5.93327909171926681786e-01) (9, -1.78846947272410594643e+00) (10, 1.58465378614104968058e+00) (11, -2.29569022905531294754e+00) (12, 1.36735342910135981853e+00) (13, 1.32071234065515064060e+00) (14, 4.46480777246311344442e+00) (15, 4.28498651751399006748e-01) (16, -2.40403742895871381791e+01) (17, -9.44464036027513165195e-01) 
