FANN_FLO_2.1
num_layers=3
learning_rate=0.700000
connection_rate=1.000000
network_type=0
learning_momentum=0.000000
training_algorithm=2
train_error_function=1
train_stop_function=1
cascade_output_change_fraction=0.010000
quickprop_decay=-0.000100
quickprop_mu=1.750000
rprop_increase_factor=1.200000
rprop_decrease_factor=0.500000
rprop_delta_min=0.000000
rprop_delta_max=50.000000
rprop_delta_zero=0.100000
cascade_output_stagnation_epochs=12
cascade_candidate_change_fraction=0.010000
cascade_candidate_stagnation_epochs=12
cascade_max_out_epochs=150
cascade_min_out_epochs=50
cascade_max_cand_epochs=150
cascade_min_cand_epochs=50
cascade_num_candidate_groups=2
bit_fail_limit=1.00000000000000005551e-01
cascade_candidate_limit=1.00000000000000000000e+03
cascade_weight_multiplier=4.00000000000000022204e-01
cascade_activation_functions_count=10
cascade_activation_functions=3 5 7 8 10 11 14 15 16 17 
cascade_activation_steepnesses_count=4
cascade_activation_steepnesses=2.50000000000000000000e-01 5.00000000000000000000e-01 7.50000000000000000000e-01 1.00000000000000000000e+00 
layer_sizes=17 4 2 
scale_included=0
neurons (num_inputs, activation_function, activation_steepness)=(0, 0, 0.00000000000000000000e+00) (0, 0, 0.00000000000000000000e+00) (0, 0, 0.00000000000000000000e+00) (0, 0, 0.00000000000000000000e+00) (0, 0, 0.00000000000000000000e+00) (0, 0, 0.00000000000000000000e+00) (0, 0, 0.00000000000000000000e+00) (0, 0, 0.00000000000000000000e+00) (0, 0, 0.00000000000000000000e+00) (0, 0, 0.00000000000000000000e+00) (0, 0, 0.00000000000000000000e+00) (0, 0, 0.00000000000000000000e+00) (0, 0, 0.00000000000000000000e+00) (0, 0, 0.00000000000000000000e+00) (0, 0, 0.00000000000000000000e+00) (0, 0, 0.00000000000000000000e+00) (0, 0, 0.00000000000000000000e+00) (17, 6, 5.00000000000000000000e-01) (17, 6, 5.00000000000000000000e-01) (17, 6, 5.00000000000000000000e-01) (0, 6, 0.00000000000000000000e+00) (4, 4, 5.00000000000000000000e-01) (0, 4, 0.00000000000000000000e+00) 
connections (connected_to_neuron, weight)=(0, 2.52932120577663033245e+00) (1, 1.19302169677485224497e+02) (2, -6.35561864149022825998e-01) (3, 3.64361327213236307898e+00) (4, 1.19360066351164576304e+02) (5, 1.60695543799924367434e+00) (6, 2.25834208473254038907e+00) (7, 2.98643475145519676772e+00) (8, 6.72978097103595906958e-01) (9, 2.44883611564121794757e+00) (10, 2.71989831851113850192e+00) (11, 4.31750834792173687759e+00) (12, -6.55887508974294375363e-01) (13, 2.71575424488758408043e-03) (14, 4.56207213063064997982e-01) (15, 2.60938017817215284211e+00) (16, 1.01737639688752823375e+00) (0, -2.91038988257417408079e+00) (1, 5.04942364450118589048e+02) (2, 8.25414193069818669102e-01) (3, 1.52336108645735901490e+00) (4, 5.04964655264786529187e+02) (5, 1.05593334660763438215e+00) (6, 1.42483980235375873313e+00) (7, -3.46914629099997329220e+00) (8, 1.15149447610294414224e-01) (9, -9.33301064873595098703e-02) (10, 3.87583264926001258566e-01) (11, 1.86839986589921247528e+00) (12, 9.69563503428355288882e-01) (13, 5.36987839559073143469e-01) (14, 4.16807719836215395670e-01) (15, 5.04165522402158616799e-01) (16, -2.52945844912746131694e-01) (0, -2.98004829461212594754e-01) (1, 1.10172484856864400626e+02) (2, 3.41186845260985860406e-01) (3, 6.43398855068659125678e-01) (4, 1.10155392956754155875e+02) (5, 8.77504486241285741599e-01) (6, 2.91021379635999499769e+00) (7, -2.33366814334955069432e-01) (8, 1.50448649067550466185e+00) (9, 6.79303802995968375456e-01) (10, 1.02129940595872992226e+00) (11, 7.98983134900406621881e-01) (12, 4.24910495419279388152e-01) (13, 3.29046642330844796298e-01) (14, 1.02523388994692243870e+00) (15, 8.08827001399101908063e-01) (16, -4.95621239576939098814e-02) (17, -8.20724378730669812398e+00) (18, 1.47245214809458619953e+01) (19, 5.25450120743256809952e-01) (20, -6.30624345409767750326e-01) 
