FANN_FLO_2.1
num_layers=3
learning_rate=0.700000
connection_rate=1.000000
network_type=0
learning_momentum=0.000000
training_algorithm=2
train_error_function=1
train_stop_function=1
cascade_output_change_fraction=0.010000
quickprop_decay=-0.000100
quickprop_mu=1.750000
rprop_increase_factor=1.200000
rprop_decrease_factor=0.500000
rprop_delta_min=0.000000
rprop_delta_max=50.000000
rprop_delta_zero=0.100000
cascade_output_stagnation_epochs=12
cascade_candidate_change_fraction=0.010000
cascade_candidate_stagnation_epochs=12
cascade_max_out_epochs=150
cascade_min_out_epochs=50
cascade_max_cand_epochs=150
cascade_min_cand_epochs=50
cascade_num_candidate_groups=2
bit_fail_limit=1.00000000000000005551e-01
cascade_candidate_limit=1.00000000000000000000e+03
cascade_weight_multiplier=4.00000000000000022204e-01
cascade_activation_functions_count=10
cascade_activation_functions=3 5 7 8 10 11 14 15 16 17 
cascade_activation_steepnesses_count=4
cascade_activation_steepnesses=2.50000000000000000000e-01 5.00000000000000000000e-01 7.50000000000000000000e-01 1.00000000000000000000e+00 
layer_sizes=17 4 2 
scale_included=0
neurons (num_inputs, activation_function, activation_steepness)=(0, 0, 0.00000000000000000000e+00) (0, 0, 0.00000000000000000000e+00) (0, 0, 0.00000000000000000000e+00) (0, 0, 0.00000000000000000000e+00) (0, 0, 0.00000000000000000000e+00) (0, 0, 0.00000000000000000000e+00) (0, 0, 0.00000000000000000000e+00) (0, 0, 0.00000000000000000000e+00) (0, 0, 0.00000000000000000000e+00) (0, 0, 0.00000000000000000000e+00) (0, 0, 0.00000000000000000000e+00) (0, 0, 0.00000000000000000000e+00) (0, 0, 0.00000000000000000000e+00) (0, 0, 0.00000000000000000000e+00) (0, 0, 0.00000000000000000000e+00) (0, 0, 0.00000000000000000000e+00) (0, 0, 0.00000000000000000000e+00) (17, 6, 5.00000000000000000000e-01) (17, 6, 5.00000000000000000000e-01) (17, 6, 5.00000000000000000000e-01) (0, 6, 0.00000000000000000000e+00) (4, 4, 5.00000000000000000000e-01) (0, 4, 0.00000000000000000000e+00) 
connections (connected_to_neuron, weight)=(0, -7.06021140228659527249e-02) (1, 7.38124120522407944911e-01) (2, 6.77498137992485260916e-01) (3, 9.84741272689961699704e-01) (4, 1.41170437665698944585e+00) (5, 5.77888452883799086379e-01) (6, -5.74206181605138077373e+00) (7, -3.92649809305596564357e+00) (8, 8.83639691835898632988e-01) (9, -2.22869211035433223422e-01) (10, -4.18612247406454507370e+00) (11, 1.43799302624364044867e+00) (12, -1.51018546265103137394e+00) (13, -2.90577094471506508500e-02) (14, -1.21960583094075314392e+00) (15, 1.15766469714056396967e+00) (16, -3.76219685341132537015e-01) (0, -1.88351268263464066699e+00) (1, 5.15444809971195128107e-01) (2, 9.14407985093727559978e-01) (3, -1.59740806013325564727e+00) (4, 1.39528388511391518989e+01) (5, 9.83031944968962068110e-01) (6, -5.21616523358816586153e+00) (7, 1.15768399725313742010e+00) (8, -2.57919724355236301694e-01) (9, -3.39941829270878514979e-01) (10, 5.28987922863464188339e+00) (11, 1.26383462931789587458e+01) (12, 3.63097496467765512573e-01) (13, 5.23768957079300490065e-01) (14, -6.24282525511958064079e-01) (15, 2.01073653677460884026e+00) (16, -1.15476879642863550224e+00) (0, 1.09811238963555002357e+00) (1, -1.70949354723323909688e+00) (2, -2.11588451923259857068e+00) (3, -1.76706478638993358388e+00) (4, -2.16909022242742599573e+00) (5, -1.81914173791065647556e+00) (6, 2.38372457066817222682e+00) (7, 3.69164573471902857094e+00) (8, -1.07783112609511833035e+00) (9, 3.74214475844966754092e-01) (10, 3.79019101332121888248e+00) (11, -2.16345080345675722100e+00) (12, 1.37308832480974185586e+00) (13, 3.07496492471884708131e-01) (14, 2.21447763902744920728e+00) (15, -1.47905348108149770070e+00) (16, 2.15536749756179801807e+00) (17, 1.25305351344734763330e+01) (18, 1.61090891122674872982e+00) (19, -1.41789178573807070904e+01) (20, -1.22279447978220323634e+00) 
