FANN_FLO_2.1
num_layers=3
learning_rate=0.700000
connection_rate=1.000000
network_type=0
learning_momentum=0.000000
training_algorithm=2
train_error_function=1
train_stop_function=1
cascade_output_change_fraction=0.010000
quickprop_decay=-0.000100
quickprop_mu=1.750000
rprop_increase_factor=1.200000
rprop_decrease_factor=0.500000
rprop_delta_min=0.000000
rprop_delta_max=50.000000
rprop_delta_zero=0.100000
cascade_output_stagnation_epochs=12
cascade_candidate_change_fraction=0.010000
cascade_candidate_stagnation_epochs=12
cascade_max_out_epochs=150
cascade_min_out_epochs=50
cascade_max_cand_epochs=150
cascade_min_cand_epochs=50
cascade_num_candidate_groups=2
bit_fail_limit=1.00000000000000005551e-01
cascade_candidate_limit=1.00000000000000000000e+03
cascade_weight_multiplier=4.00000000000000022204e-01
cascade_activation_functions_count=10
cascade_activation_functions=3 5 7 8 10 11 14 15 16 17 
cascade_activation_steepnesses_count=4
cascade_activation_steepnesses=2.50000000000000000000e-01 5.00000000000000000000e-01 7.50000000000000000000e-01 1.00000000000000000000e+00 
layer_sizes=9 4 2 
scale_included=0
neurons (num_inputs, activation_function, activation_steepness)=(0, 0, 0.00000000000000000000e+00) (0, 0, 0.00000000000000000000e+00) (0, 0, 0.00000000000000000000e+00) (0, 0, 0.00000000000000000000e+00) (0, 0, 0.00000000000000000000e+00) (0, 0, 0.00000000000000000000e+00) (0, 0, 0.00000000000000000000e+00) (0, 0, 0.00000000000000000000e+00) (0, 0, 0.00000000000000000000e+00) (9, 6, 5.00000000000000000000e-01) (9, 6, 5.00000000000000000000e-01) (9, 6, 5.00000000000000000000e-01) (0, 6, 0.00000000000000000000e+00) (4, 4, 5.00000000000000000000e-01) (0, 4, 0.00000000000000000000e+00) 
connections (connected_to_neuron, weight)=(0, -7.09427090516162373035e-01) (1, 1.03067097711832000861e+00) (2, 2.44365887568385384276e-02) (3, 8.28698989319591738933e-01) (4, 3.82820448770242682812e-01) (5, 2.09140921607419927319e-01) (6, 3.87235504509575889642e-01) (7, 4.84418314816125072930e-01) (8, -6.77901003067325591545e-01) (0, -2.10460927261749386474e+00) (1, 2.44309588088534201944e+00) (2, -2.74400826942712727785e-01) (3, 5.01155883636847376827e-01) (4, -1.36109399059863722670e+00) (5, -1.32728135936589985988e+00) (6, 2.55342946160331862870e+00) (7, 2.59903888363138335649e+00) (8, -9.90817599186726294391e-01) (0, -8.84747996939579062214e-01) (1, 1.67633917773508689386e+00) (2, -3.02829564452539341801e-02) (3, 1.32474425183503452530e+00) (4, -1.09013641856761522853e+00) (5, -1.31770338721461022224e+00) (6, 1.10833867600938873466e+00) (7, 1.12474792039773063834e+00) (8, -2.66769721400857862115e-01) (9, 2.73732273995908315101e+00) (10, 2.70889832975790234570e+01) (11, 3.89121746827985504069e+00) (12, -1.03929394502384253585e+00) 
