FANN_FLO_2.1
num_layers=3
learning_rate=0.700000
connection_rate=1.000000
network_type=0
learning_momentum=0.000000
training_algorithm=2
train_error_function=1
train_stop_function=1
cascade_output_change_fraction=0.010000
quickprop_decay=-0.000100
quickprop_mu=1.750000
rprop_increase_factor=1.200000
rprop_decrease_factor=0.500000
rprop_delta_min=0.000000
rprop_delta_max=50.000000
rprop_delta_zero=0.100000
cascade_output_stagnation_epochs=12
cascade_candidate_change_fraction=0.010000
cascade_candidate_stagnation_epochs=12
cascade_max_out_epochs=150
cascade_min_out_epochs=50
cascade_max_cand_epochs=150
cascade_min_cand_epochs=50
cascade_num_candidate_groups=2
bit_fail_limit=1.00000000000000005551e-01
cascade_candidate_limit=1.00000000000000000000e+03
cascade_weight_multiplier=4.00000000000000022204e-01
cascade_activation_functions_count=10
cascade_activation_functions=3 5 7 8 10 11 14 15 16 17 
cascade_activation_steepnesses_count=4
cascade_activation_steepnesses=2.50000000000000000000e-01 5.00000000000000000000e-01 7.50000000000000000000e-01 1.00000000000000000000e+00 
layer_sizes=13 4 2 
scale_included=0
neurons (num_inputs, activation_function, activation_steepness)=(0, 0, 0.00000000000000000000e+00) (0, 0, 0.00000000000000000000e+00) (0, 0, 0.00000000000000000000e+00) (0, 0, 0.00000000000000000000e+00) (0, 0, 0.00000000000000000000e+00) (0, 0, 0.00000000000000000000e+00) (0, 0, 0.00000000000000000000e+00) (0, 0, 0.00000000000000000000e+00) (0, 0, 0.00000000000000000000e+00) (0, 0, 0.00000000000000000000e+00) (0, 0, 0.00000000000000000000e+00) (0, 0, 0.00000000000000000000e+00) (0, 0, 0.00000000000000000000e+00) (13, 6, 5.00000000000000000000e-01) (13, 6, 5.00000000000000000000e-01) (13, 6, 5.00000000000000000000e-01) (0, 6, 0.00000000000000000000e+00) (4, 4, 5.00000000000000000000e-01) (0, 4, 0.00000000000000000000e+00) 
connections (connected_to_neuron, weight)=(0, -2.18920620932040321804e+00) (1, 1.30891587595693215107e+00) (2, 1.79191233623345813619e+00) (3, 6.75718737383070200408e-01) (4, -1.21274657801135110624e+00) (5, 2.71552193265137020717e-01) (6, 8.41637528716099314607e-01) (7, -7.95915818320414136799e-01) (8, 1.83490380009013809293e+00) (9, -2.27627442423493725476e-01) (10, -1.31457829121739783185e-01) (11, -1.30125482158711558434e+00) (12, -1.20142725501347147343e+00) (0, 3.91892250987725354605e+00) (1, -1.91541332502421401962e+00) (2, -8.92099041645312729187e-01) (3, -3.83247174299969906031e-01) (4, 1.59331704428498444059e+00) (5, -8.72130826222960453542e-02) (6, -9.81648286043961260106e-02) (7, 8.79235725261845124656e-01) (8, -2.30027812322462521522e+00) (9, 1.02752658998943502411e+00) (10, 1.03056766366935903534e+00) (11, -9.02350400376197514518e-01) (12, 1.94886677226112059458e+00) (0, -2.14653534470854001626e+00) (1, 1.42803925658814057087e+00) (2, 1.20390915505455864398e+00) (3, 6.78975557525339334930e-01) (4, -1.32020110890610786747e+00) (5, 5.95892213685970006942e-01) (6, 8.81210907577049784578e-01) (7, -7.85018807755610059651e-01) (8, 1.85115174313384689420e+00) (9, -1.80785448495538153546e-01) (10, -8.42487301866125248839e-02) (11, -1.03888031545471437589e+00) (12, -1.17231583614039980290e+00) (13, 6.82974863747477556331e+00) (14, -3.04266071594873999118e+00) (15, 1.48787149966176901472e+01) (16, -9.09323219631295698306e-01) 
