FANN_FLO_2.1
num_layers=3
learning_rate=0.700000
connection_rate=1.000000
network_type=0
learning_momentum=0.000000
training_algorithm=2
train_error_function=1
train_stop_function=1
cascade_output_change_fraction=0.010000
quickprop_decay=-0.000100
quickprop_mu=1.750000
rprop_increase_factor=1.200000
rprop_decrease_factor=0.500000
rprop_delta_min=0.000000
rprop_delta_max=50.000000
rprop_delta_zero=0.100000
cascade_output_stagnation_epochs=12
cascade_candidate_change_fraction=0.010000
cascade_candidate_stagnation_epochs=12
cascade_max_out_epochs=150
cascade_min_out_epochs=50
cascade_max_cand_epochs=150
cascade_min_cand_epochs=50
cascade_num_candidate_groups=2
bit_fail_limit=1.00000000000000005551e-01
cascade_candidate_limit=1.00000000000000000000e+03
cascade_weight_multiplier=4.00000000000000022204e-01
cascade_activation_functions_count=10
cascade_activation_functions=3 5 7 8 10 11 14 15 16 17 
cascade_activation_steepnesses_count=4
cascade_activation_steepnesses=2.50000000000000000000e-01 5.00000000000000000000e-01 7.50000000000000000000e-01 1.00000000000000000000e+00 
layer_sizes=11 4 2 
scale_included=0
neurons (num_inputs, activation_function, activation_steepness)=(0, 0, 0.00000000000000000000e+00) (0, 0, 0.00000000000000000000e+00) (0, 0, 0.00000000000000000000e+00) (0, 0, 0.00000000000000000000e+00) (0, 0, 0.00000000000000000000e+00) (0, 0, 0.00000000000000000000e+00) (0, 0, 0.00000000000000000000e+00) (0, 0, 0.00000000000000000000e+00) (0, 0, 0.00000000000000000000e+00) (0, 0, 0.00000000000000000000e+00) (0, 0, 0.00000000000000000000e+00) (11, 6, 5.00000000000000000000e-01) (11, 6, 5.00000000000000000000e-01) (11, 6, 5.00000000000000000000e-01) (0, 6, 0.00000000000000000000e+00) (4, 4, 5.00000000000000000000e-01) (0, 4, 0.00000000000000000000e+00) 
connections (connected_to_neuron, weight)=(0, 1.22789345629895230161e+01) (1, -1.19403543902639808216e+00) (2, 1.71198218607974794736e+00) (3, 6.85220497524277827317e-01) (4, 1.24644674760246609857e+00) (5, -3.43800717763545704564e-01) (6, -4.73210901287575369523e-01) (7, -3.33365421483335122588e+00) (8, -2.48987746718628000231e-01) (9, -2.61022814876191611155e-01) (10, -1.56323175201882946794e+00) (0, 1.21919196270788212644e+01) (1, -1.30746020210985602894e+00) (2, 1.66463099712205675473e+00) (3, 6.56436762194678502524e-01) (4, 1.09293137119666194934e+00) (5, -3.97310175554454636515e-01) (6, -4.25864523600686384341e-01) (7, -9.83199142372958245772e-01) (8, -4.53472859708231534892e-01) (9, -3.33801990485872557279e-01) (10, -1.55175386438836682146e+00) (0, -2.57278827248697155028e+01) (1, 1.34799206263762294533e+00) (2, 9.55725901386462162179e+00) (3, 8.63858394656782935250e-01) (4, -1.88309019940562788475e-02) (5, 7.33596993926405871456e-01) (6, 1.46517929921213285738e+00) (7, 1.30316583882929770688e+00) (8, 7.63335747960448118832e-01) (9, 8.25476256926115592449e-01) (10, 3.72198382297519503314e-01) (11, -7.49850566595806622416e+00) (12, -7.50285068064941906840e+00) (13, 5.91333781953297865641e+00) (14, 1.45745196489027895037e-01) 
