FANN_FLO_2.1
num_layers=3
learning_rate=0.700000
connection_rate=1.000000
network_type=0
learning_momentum=0.000000
training_algorithm=2
train_error_function=1
train_stop_function=1
cascade_output_change_fraction=0.010000
quickprop_decay=-0.000100
quickprop_mu=1.750000
rprop_increase_factor=1.200000
rprop_decrease_factor=0.500000
rprop_delta_min=0.000000
rprop_delta_max=50.000000
rprop_delta_zero=0.100000
cascade_output_stagnation_epochs=12
cascade_candidate_change_fraction=0.010000
cascade_candidate_stagnation_epochs=12
cascade_max_out_epochs=150
cascade_min_out_epochs=50
cascade_max_cand_epochs=150
cascade_min_cand_epochs=50
cascade_num_candidate_groups=2
bit_fail_limit=1.00000000000000005551e-01
cascade_candidate_limit=1.00000000000000000000e+03
cascade_weight_multiplier=4.00000000000000022204e-01
cascade_activation_functions_count=10
cascade_activation_functions=3 5 7 8 10 11 14 15 16 17 
cascade_activation_steepnesses_count=4
cascade_activation_steepnesses=2.50000000000000000000e-01 5.00000000000000000000e-01 7.50000000000000000000e-01 1.00000000000000000000e+00 
layer_sizes=7 4 2 
scale_included=0
neurons (num_inputs, activation_function, activation_steepness)=(0, 0, 0.00000000000000000000e+00) (0, 0, 0.00000000000000000000e+00) (0, 0, 0.00000000000000000000e+00) (0, 0, 0.00000000000000000000e+00) (0, 0, 0.00000000000000000000e+00) (0, 0, 0.00000000000000000000e+00) (0, 0, 0.00000000000000000000e+00) (7, 6, 5.00000000000000000000e-01) (7, 6, 5.00000000000000000000e-01) (7, 6, 5.00000000000000000000e-01) (0, 6, 0.00000000000000000000e+00) (4, 4, 5.00000000000000000000e-01) (0, 4, 0.00000000000000000000e+00) 
connections (connected_to_neuron, weight)=(0, 8.09074945270149670229e-01) (1, -1.30532310703288412235e+00) (2, 2.72349236369109126699e-01) (3, -5.81345987481744042036e-01) (4, -1.30512417191776374653e-02) (5, -9.92137517043712890974e-01) (6, 3.69750218505421279769e-01) (0, -4.92093023149837716090e+00) (1, 5.38931313375790477238e-01) (2, 5.44720108512043399429e+00) (3, 1.93234652690014940823e+00) (4, -2.10130415736978215513e-01) (5, 1.72475642620320024356e+00) (6, -6.41646011980177677358e-01) (0, -4.88492426990224437588e+00) (1, 2.00072634639055557670e+00) (2, 6.66624141362837985270e-01) (3, 9.30923177850203509287e-01) (4, -9.72285908340357774016e-01) (5, 2.22185860107653487816e+00) (6, -1.13331427422466579635e+00) (7, -5.46924850942248519381e-01) (8, 2.20684963922144250503e+00) (9, 8.69069256794400324395e+00) (10, -2.66566561210228858414e+00) 
