FANN_FLO_2.1
num_layers=3
learning_rate=0.700000
connection_rate=1.000000
network_type=0
learning_momentum=0.000000
training_algorithm=2
train_error_function=1
train_stop_function=1
cascade_output_change_fraction=0.010000
quickprop_decay=-0.000100
quickprop_mu=1.750000
rprop_increase_factor=1.200000
rprop_decrease_factor=0.500000
rprop_delta_min=0.000000
rprop_delta_max=50.000000
rprop_delta_zero=0.100000
cascade_output_stagnation_epochs=12
cascade_candidate_change_fraction=0.010000
cascade_candidate_stagnation_epochs=12
cascade_max_out_epochs=150
cascade_min_out_epochs=50
cascade_max_cand_epochs=150
cascade_min_cand_epochs=50
cascade_num_candidate_groups=2
bit_fail_limit=1.00000000000000005551e-01
cascade_candidate_limit=1.00000000000000000000e+03
cascade_weight_multiplier=4.00000000000000022204e-01
cascade_activation_functions_count=10
cascade_activation_functions=3 5 7 8 10 11 14 15 16 17 
cascade_activation_steepnesses_count=4
cascade_activation_steepnesses=2.50000000000000000000e-01 5.00000000000000000000e-01 7.50000000000000000000e-01 1.00000000000000000000e+00 
layer_sizes=11 4 2 
scale_included=0
neurons (num_inputs, activation_function, activation_steepness)=(0, 0, 0.00000000000000000000e+00) (0, 0, 0.00000000000000000000e+00) (0, 0, 0.00000000000000000000e+00) (0, 0, 0.00000000000000000000e+00) (0, 0, 0.00000000000000000000e+00) (0, 0, 0.00000000000000000000e+00) (0, 0, 0.00000000000000000000e+00) (0, 0, 0.00000000000000000000e+00) (0, 0, 0.00000000000000000000e+00) (0, 0, 0.00000000000000000000e+00) (0, 0, 0.00000000000000000000e+00) (11, 6, 5.00000000000000000000e-01) (11, 6, 5.00000000000000000000e-01) (11, 6, 5.00000000000000000000e-01) (0, 6, 0.00000000000000000000e+00) (4, 4, 5.00000000000000000000e-01) (0, 4, 0.00000000000000000000e+00) 
connections (connected_to_neuron, weight)=(0, 8.57350509299288354725e+00) (1, -6.01426530503761647140e+00) (2, 2.04176587403307951973e+00) (3, 2.14019598796342053193e-01) (4, 2.09575414896959966171e+00) (5, -1.59777240933378328336e+00) (6, -1.75459432462681148845e-02) (7, -2.40534657385705341603e-01) (8, -1.56066860239273808020e+00) (9, -1.58117630408634579631e+00) (10, -3.85910721247203769568e-01) (0, -2.74186555165987115856e+01) (1, 2.16786152600075565644e+00) (2, 1.43653267869873868534e+01) (3, 4.09364233620972906014e-01) (4, -2.68105016288958930559e+00) (5, 2.80793909270667108036e-01) (6, 5.53406062589271052765e-01) (7, 2.60272788765206486428e-01) (8, 1.62349639751941249299e-01) (9, 1.52348427393466517854e-01) (10, -7.67392039036840917232e-02) (0, -2.65047432460385365971e+01) (1, 2.01991836139120284344e+00) (2, 1.37961516326383293318e+01) (3, 5.11415544038539726657e-01) (4, -2.55537137106426026634e+00) (5, 3.22316224366967996051e-01) (6, 7.62959080744950335351e-01) (7, 4.94276355204464334925e-01) (8, 3.37497400697380323109e-01) (9, 2.64061650929623858985e-01) (10, -5.75580166206610330248e-02) (11, -1.83751110407025954885e+01) (12, 4.21931798451969264363e+00) (13, 4.23511977934667704915e+00) (14, -2.21579128258037272303e-01) 
