FANN_FLO_2.1
num_layers=3
learning_rate=0.700000
connection_rate=1.000000
network_type=0
learning_momentum=0.000000
training_algorithm=2
train_error_function=1
train_stop_function=1
cascade_output_change_fraction=0.010000
quickprop_decay=-0.000100
quickprop_mu=1.750000
rprop_increase_factor=1.200000
rprop_decrease_factor=0.500000
rprop_delta_min=0.000000
rprop_delta_max=50.000000
rprop_delta_zero=0.100000
cascade_output_stagnation_epochs=12
cascade_candidate_change_fraction=0.010000
cascade_candidate_stagnation_epochs=12
cascade_max_out_epochs=150
cascade_min_out_epochs=50
cascade_max_cand_epochs=150
cascade_min_cand_epochs=50
cascade_num_candidate_groups=2
bit_fail_limit=1.00000000000000005551e-01
cascade_candidate_limit=1.00000000000000000000e+03
cascade_weight_multiplier=4.00000000000000022204e-01
cascade_activation_functions_count=10
cascade_activation_functions=3 5 7 8 10 11 14 15 16 17 
cascade_activation_steepnesses_count=4
cascade_activation_steepnesses=2.50000000000000000000e-01 5.00000000000000000000e-01 7.50000000000000000000e-01 1.00000000000000000000e+00 
layer_sizes=14 4 2 
scale_included=0
neurons (num_inputs, activation_function, activation_steepness)=(0, 0, 0.00000000000000000000e+00) (0, 0, 0.00000000000000000000e+00) (0, 0, 0.00000000000000000000e+00) (0, 0, 0.00000000000000000000e+00) (0, 0, 0.00000000000000000000e+00) (0, 0, 0.00000000000000000000e+00) (0, 0, 0.00000000000000000000e+00) (0, 0, 0.00000000000000000000e+00) (0, 0, 0.00000000000000000000e+00) (0, 0, 0.00000000000000000000e+00) (0, 0, 0.00000000000000000000e+00) (0, 0, 0.00000000000000000000e+00) (0, 0, 0.00000000000000000000e+00) (0, 0, 0.00000000000000000000e+00) (14, 6, 5.00000000000000000000e-01) (14, 6, 5.00000000000000000000e-01) (14, 6, 5.00000000000000000000e-01) (0, 6, 0.00000000000000000000e+00) (4, 4, 5.00000000000000000000e-01) (0, 4, 0.00000000000000000000e+00) 
connections (connected_to_neuron, weight)=(0, 3.00331259142103057513e+00) (1, -2.25248929099337136250e+00) (2, -3.30066186378829495851e+00) (3, 6.34176541352945322139e-01) (4, 4.32175539836566424690e-01) (5, -2.40908400583974424691e+00) (6, -2.60586281480795900478e+00) (7, -1.85289452469773019416e+00) (8, 3.10559671310846452386e+00) (9, -1.07117700261566461961e+00) (10, -1.67777977228110897201e+00) (11, 1.37725296895549420562e+00) (12, 2.49716617936934781596e+00) (13, 2.66863564817315435107e+00) (0, 2.84971972923221494867e+00) (1, -2.23399401442305123311e+00) (2, -3.25334149788253323976e+00) (3, 5.04556477302986583489e-01) (4, 4.53085497424285388313e-01) (5, -2.30258923638574186654e+00) (6, -2.51764440896517793789e+00) (7, -1.89425527549214089973e+00) (8, 3.21870220282251429111e+00) (9, 2.68591856634264269932e-01) (10, -1.63039989113753902572e+00) (11, 1.35739159863040570464e+00) (12, 2.36815128500308347270e+00) (13, 2.67292026100760793383e+00) (0, 2.95483398805799346576e+00) (1, -2.26265225545660531026e+00) (2, -3.19182936291329877321e+00) (3, 5.87392006302553171260e-01) (4, 4.22169804975669360481e-01) (5, -2.40573759991637770028e+00) (6, -2.57364880653626482143e+00) (7, -1.85836770630306924446e+00) (8, 3.14623420624200944573e+00) (9, -9.65499062664244678267e-01) (10, -1.63923801571076976913e+00) (11, 1.28919613640353802886e+00) (12, 2.38194454858745885417e+00) (13, 2.71877718387252187426e+00) (14, -1.43297585387345698393e+01) (15, -1.43920221392628100432e+01) (16, -1.43068947334405329741e+01) (17, -6.04688772955670361675e-01) 
