FANN_FLO_2.1
num_layers=3
learning_rate=0.700000
connection_rate=1.000000
network_type=0
learning_momentum=0.000000
training_algorithm=2
train_error_function=1
train_stop_function=1
cascade_output_change_fraction=0.010000
quickprop_decay=-0.000100
quickprop_mu=1.750000
rprop_increase_factor=1.200000
rprop_decrease_factor=0.500000
rprop_delta_min=0.000000
rprop_delta_max=50.000000
rprop_delta_zero=0.100000
cascade_output_stagnation_epochs=12
cascade_candidate_change_fraction=0.010000
cascade_candidate_stagnation_epochs=12
cascade_max_out_epochs=150
cascade_min_out_epochs=50
cascade_max_cand_epochs=150
cascade_min_cand_epochs=50
cascade_num_candidate_groups=2
bit_fail_limit=1.00000000000000005551e-01
cascade_candidate_limit=1.00000000000000000000e+03
cascade_weight_multiplier=4.00000000000000022204e-01
cascade_activation_functions_count=10
cascade_activation_functions=3 5 7 8 10 11 14 15 16 17 
cascade_activation_steepnesses_count=4
cascade_activation_steepnesses=2.50000000000000000000e-01 5.00000000000000000000e-01 7.50000000000000000000e-01 1.00000000000000000000e+00 
layer_sizes=14 4 2 
scale_included=0
neurons (num_inputs, activation_function, activation_steepness)=(0, 0, 0.00000000000000000000e+00) (0, 0, 0.00000000000000000000e+00) (0, 0, 0.00000000000000000000e+00) (0, 0, 0.00000000000000000000e+00) (0, 0, 0.00000000000000000000e+00) (0, 0, 0.00000000000000000000e+00) (0, 0, 0.00000000000000000000e+00) (0, 0, 0.00000000000000000000e+00) (0, 0, 0.00000000000000000000e+00) (0, 0, 0.00000000000000000000e+00) (0, 0, 0.00000000000000000000e+00) (0, 0, 0.00000000000000000000e+00) (0, 0, 0.00000000000000000000e+00) (0, 0, 0.00000000000000000000e+00) (14, 6, 5.00000000000000000000e-01) (14, 6, 5.00000000000000000000e-01) (14, 6, 5.00000000000000000000e-01) (0, 6, 0.00000000000000000000e+00) (4, 4, 5.00000000000000000000e-01) (0, 4, 0.00000000000000000000e+00) 
connections (connected_to_neuron, weight)=(0, -1.04883116117621133512e+00) (1, 2.89312159570738991476e+00) (2, 9.13182514266195122232e-01) (3, -5.92657623683143119919e-01) (4, -1.18329775416358362605e-01) (5, -1.38414392006506042909e-01) (6, -1.33810149853037119172e+00) (7, 6.21308694226090252322e-01) (8, -2.20497176507351511088e-01) (9, -6.58691737257529941196e-01) (10, -1.78931205978514112909e-01) (11, 3.49318626549439681384e-01) (12, -2.50804098110319007020e-01) (13, -7.72223167124228226932e-01) (0, 4.50171162337645736073e+00) (1, -2.34235914119259591715e+00) (2, -2.34728892253978260740e+00) (3, 1.15233342854956077872e+00) (4, -1.93997778094603355592e-02) (5, -1.56675324118715408872e+00) (6, 4.45977192442240788495e+00) (7, -3.10601935859433098130e+00) (8, 1.15616309789578775025e+00) (9, 1.49349507133020220628e+00) (10, -1.31558830543253457712e-01) (11, -2.93652657782326365066e+00) (12, 1.23123096218205763108e+00) (13, 1.76826789742525969373e+00) (0, -3.22971042980035294434e+00) (1, 2.22493448360440027045e+00) (2, 4.44863999298936807492e+00) (3, -7.88899480865907443139e-01) (4, -2.93588590870125176746e-01) (5, 1.92730132164322442989e-01) (6, -1.82727743521608054778e+00) (7, 4.01099495401111383330e+00) (8, -1.17893541219411490673e+00) (9, -1.11765446501551268810e+00) (10, -1.57431052927862719093e-01) (11, 3.05879934762633043377e+00) (12, -7.70369981991172680935e-01) (13, -2.21525489937670005958e+00) (14, 1.78942308908225466979e+00) (15, -7.94300852528384027096e+00) (16, 5.13115333585106192515e+00) (17, -1.91195779526766607148e+00) 
