FANN_FLO_2.1
num_layers=3
learning_rate=0.700000
connection_rate=1.000000
network_type=0
learning_momentum=0.000000
training_algorithm=2
train_error_function=1
train_stop_function=1
cascade_output_change_fraction=0.010000
quickprop_decay=-0.000100
quickprop_mu=1.750000
rprop_increase_factor=1.200000
rprop_decrease_factor=0.500000
rprop_delta_min=0.000000
rprop_delta_max=50.000000
rprop_delta_zero=0.100000
cascade_output_stagnation_epochs=12
cascade_candidate_change_fraction=0.010000
cascade_candidate_stagnation_epochs=12
cascade_max_out_epochs=150
cascade_min_out_epochs=50
cascade_max_cand_epochs=150
cascade_min_cand_epochs=50
cascade_num_candidate_groups=2
bit_fail_limit=1.00000000000000005551e-01
cascade_candidate_limit=1.00000000000000000000e+03
cascade_weight_multiplier=4.00000000000000022204e-01
cascade_activation_functions_count=10
cascade_activation_functions=3 5 7 8 10 11 14 15 16 17 
cascade_activation_steepnesses_count=4
cascade_activation_steepnesses=2.50000000000000000000e-01 5.00000000000000000000e-01 7.50000000000000000000e-01 1.00000000000000000000e+00 
layer_sizes=14 4 2 
scale_included=0
neurons (num_inputs, activation_function, activation_steepness)=(0, 0, 0.00000000000000000000e+00) (0, 0, 0.00000000000000000000e+00) (0, 0, 0.00000000000000000000e+00) (0, 0, 0.00000000000000000000e+00) (0, 0, 0.00000000000000000000e+00) (0, 0, 0.00000000000000000000e+00) (0, 0, 0.00000000000000000000e+00) (0, 0, 0.00000000000000000000e+00) (0, 0, 0.00000000000000000000e+00) (0, 0, 0.00000000000000000000e+00) (0, 0, 0.00000000000000000000e+00) (0, 0, 0.00000000000000000000e+00) (0, 0, 0.00000000000000000000e+00) (0, 0, 0.00000000000000000000e+00) (14, 6, 5.00000000000000000000e-01) (14, 6, 5.00000000000000000000e-01) (14, 6, 5.00000000000000000000e-01) (0, 6, 0.00000000000000000000e+00) (4, 4, 5.00000000000000000000e-01) (0, 4, 0.00000000000000000000e+00) 
connections (connected_to_neuron, weight)=(0, 4.37061894940852369018e+00) (1, -2.58715336288938591025e+00) (2, -2.19891639314766340618e+00) (3, 4.93830084680728087498e-01) (4, 3.59229694931916254674e-01) (5, 2.87154377862143428413e-01) (6, -2.67502857392909598744e+00) (7, 6.27590422351684162905e-01) (8, 3.27917985498122233068e-01) (9, -2.15952527815654438115e+00) (10, 9.96177835266629285726e-01) (11, -3.29462490572077593143e+00) (12, 3.88118853145969255891e+00) (13, 2.54591268210090504454e+00) (0, -3.83350029474203246593e+00) (1, 1.20490999609946780602e+00) (2, 1.57721331361667393978e+00) (3, -3.46806288949592575466e-02) (4, -3.97371598190109420745e-01) (5, -2.16788971542511726964e-01) (6, 1.35856537120222364834e+00) (7, 1.19681167786988548740e-01) (8, -7.79952688626786294623e-02) (9, 1.69923569637644744645e+00) (10, -1.89707612571921674371e-01) (11, 5.08878123553726968709e-01) (12, -1.82358774326022543555e+00) (13, -1.32317173850626801368e-01) (0, -3.83536098038856643200e+00) (1, 1.16655695528506808678e+00) (2, 1.57972076181308507259e+00) (3, -2.14603410779629494298e-01) (4, -4.59438637501041580169e-01) (5, -1.34365530430470253576e-01) (6, 1.33939091460584913662e+00) (7, 3.17889023390705970779e-03) (8, -1.56573353569938733543e-01) (9, 1.75389632213223434221e+00) (10, -2.73291652975287735483e-01) (11, 4.65947408767674375873e-01) (12, -1.62063349337358220126e+00) (13, -8.45322642446469096900e-02) (14, -7.69702080550268696868e+00) (15, 4.88429758441164096894e+00) (16, 5.16346673618853113652e+00) (17, -1.75357270421008637484e+00) 
