FANN_FLO_2.1
num_layers=3
learning_rate=0.700000
connection_rate=1.000000
network_type=0
learning_momentum=0.000000
training_algorithm=2
train_error_function=1
train_stop_function=1
cascade_output_change_fraction=0.010000
quickprop_decay=-0.000100
quickprop_mu=1.750000
rprop_increase_factor=1.200000
rprop_decrease_factor=0.500000
rprop_delta_min=0.000000
rprop_delta_max=50.000000
rprop_delta_zero=0.100000
cascade_output_stagnation_epochs=12
cascade_candidate_change_fraction=0.010000
cascade_candidate_stagnation_epochs=12
cascade_max_out_epochs=150
cascade_min_out_epochs=50
cascade_max_cand_epochs=150
cascade_min_cand_epochs=50
cascade_num_candidate_groups=2
bit_fail_limit=1.00000000000000005551e-01
cascade_candidate_limit=1.00000000000000000000e+03
cascade_weight_multiplier=4.00000000000000022204e-01
cascade_activation_functions_count=10
cascade_activation_functions=3 5 7 8 10 11 14 15 16 17 
cascade_activation_steepnesses_count=4
cascade_activation_steepnesses=2.50000000000000000000e-01 5.00000000000000000000e-01 7.50000000000000000000e-01 1.00000000000000000000e+00 
layer_sizes=12 4 2 
scale_included=0
neurons (num_inputs, activation_function, activation_steepness)=(0, 0, 0.00000000000000000000e+00) (0, 0, 0.00000000000000000000e+00) (0, 0, 0.00000000000000000000e+00) (0, 0, 0.00000000000000000000e+00) (0, 0, 0.00000000000000000000e+00) (0, 0, 0.00000000000000000000e+00) (0, 0, 0.00000000000000000000e+00) (0, 0, 0.00000000000000000000e+00) (0, 0, 0.00000000000000000000e+00) (0, 0, 0.00000000000000000000e+00) (0, 0, 0.00000000000000000000e+00) (0, 0, 0.00000000000000000000e+00) (12, 6, 5.00000000000000000000e-01) (12, 6, 5.00000000000000000000e-01) (12, 6, 5.00000000000000000000e-01) (0, 6, 0.00000000000000000000e+00) (4, 4, 5.00000000000000000000e-01) (0, 4, 0.00000000000000000000e+00) 
connections (connected_to_neuron, weight)=(0, -9.27529875889276517187e-02) (1, 4.14034924828451944556e-01) (2, 5.23429205859406665446e-01) (3, 1.01888251045598687838e+00) (4, 9.18831934424778729031e-01) (5, 4.86801879357019795513e-01) (6, 6.95135252326316233074e-01) (7, 1.00234997712803997061e+00) (8, 9.23630797151890781116e-01) (9, 1.75688707483879991145e-01) (10, 1.02188452819242181491e+00) (11, 7.56222978064594181236e-02) (0, 1.54788649794249777436e+00) (1, -1.46841332687455805583e+00) (2, -1.55972844849992298144e+00) (3, 4.19554661156734343130e-01) (4, -1.36187976622986539610e-01) (5, -1.13103105680543158940e+00) (6, -1.47032429917424434240e-01) (7, -1.67751772698484402646e-01) (8, -1.51870613588932779070e-01) (9, 2.87032496106986778628e-01) (10, -3.47721636537787481824e-02) (11, 1.52402747389464621186e+00) (0, -9.42470840817558386249e-01) (1, 2.65956018579625741438e+00) (2, 2.29921424874665492055e+00) (3, 4.50432585720568878784e-01) (4, 1.42138857329264634011e+00) (5, 1.95964828617677011557e+00) (6, 2.09560081144648552298e-01) (7, 2.57243876193784304363e-01) (8, 1.68111246808513614681e+00) (9, -3.22405959027934230221e-01) (10, 1.43998810583725922463e+00) (11, -9.80019963985550024432e-01) (12, 1.48194209083250205694e-01) (13, -3.35704123071720559324e+01) (14, 2.79273040550050932751e+00) (15, -7.94411854639131664868e-01) 
