FANN_FLO_2.1
num_layers=3
learning_rate=0.700000
connection_rate=1.000000
network_type=0
learning_momentum=0.000000
training_algorithm=2
train_error_function=1
train_stop_function=1
cascade_output_change_fraction=0.010000
quickprop_decay=-0.000100
quickprop_mu=1.750000
rprop_increase_factor=1.200000
rprop_decrease_factor=0.500000
rprop_delta_min=0.000000
rprop_delta_max=50.000000
rprop_delta_zero=0.100000
cascade_output_stagnation_epochs=12
cascade_candidate_change_fraction=0.010000
cascade_candidate_stagnation_epochs=12
cascade_max_out_epochs=150
cascade_min_out_epochs=50
cascade_max_cand_epochs=150
cascade_min_cand_epochs=50
cascade_num_candidate_groups=2
bit_fail_limit=1.00000000000000005551e-01
cascade_candidate_limit=1.00000000000000000000e+03
cascade_weight_multiplier=4.00000000000000022204e-01
cascade_activation_functions_count=10
cascade_activation_functions=3 5 7 8 10 11 14 15 16 17 
cascade_activation_steepnesses_count=4
cascade_activation_steepnesses=2.50000000000000000000e-01 5.00000000000000000000e-01 7.50000000000000000000e-01 1.00000000000000000000e+00 
layer_sizes=8 4 2 
scale_included=0
neurons (num_inputs, activation_function, activation_steepness)=(0, 0, 0.00000000000000000000e+00) (0, 0, 0.00000000000000000000e+00) (0, 0, 0.00000000000000000000e+00) (0, 0, 0.00000000000000000000e+00) (0, 0, 0.00000000000000000000e+00) (0, 0, 0.00000000000000000000e+00) (0, 0, 0.00000000000000000000e+00) (0, 0, 0.00000000000000000000e+00) (8, 6, 5.00000000000000000000e-01) (8, 6, 5.00000000000000000000e-01) (8, 6, 5.00000000000000000000e-01) (0, 6, 0.00000000000000000000e+00) (4, 4, 5.00000000000000000000e-01) (0, 4, 0.00000000000000000000e+00) 
connections (connected_to_neuron, weight)=(0, -3.04542027842366547219e+00) (1, 1.59400011054096202301e+00) (2, 2.02186236839709776447e+00) (3, -9.65075547708869385666e-01) (4, -3.57352012623406989356e-01) (5, 7.67294269513990712106e-01) (6, 2.55086079489710293444e-01) (7, -1.44809859120258010989e+00) (0, 7.79946215082078175840e-01) (1, -5.46011093915897527395e-01) (2, -1.63235758226602234444e+00) (3, 1.46153336228243835304e-01) (4, 1.09188357205502475922e-01) (5, -5.83108116750113633642e-02) (6, -1.03518811866108340070e-01) (7, 4.47739176425043128305e-01) (0, 3.45708105465987047822e+00) (1, -4.23219586213450504886e+00) (2, -4.39610159762410646067e+00) (3, 1.64082280058395063582e-02) (4, -4.30219240895631682697e-01) (5, -1.16049922298882290939e+00) (6, 2.42769072580922173898e+00) (7, 4.52188639063469199897e+00) (8, 2.09840731687852510845e+00) (9, -1.05314574562613927355e+00) (10, -7.39773807542225192435e+00) (11, -1.61727945521694582709e+00) 
