FANN_FLO_2.1
num_layers=3
learning_rate=0.700000
connection_rate=1.000000
network_type=0
learning_momentum=0.000000
training_algorithm=2
train_error_function=1
train_stop_function=1
cascade_output_change_fraction=0.010000
quickprop_decay=-0.000100
quickprop_mu=1.750000
rprop_increase_factor=1.200000
rprop_decrease_factor=0.500000
rprop_delta_min=0.000000
rprop_delta_max=50.000000
rprop_delta_zero=0.100000
cascade_output_stagnation_epochs=12
cascade_candidate_change_fraction=0.010000
cascade_candidate_stagnation_epochs=12
cascade_max_out_epochs=150
cascade_min_out_epochs=50
cascade_max_cand_epochs=150
cascade_min_cand_epochs=50
cascade_num_candidate_groups=2
bit_fail_limit=1.00000000000000005551e-01
cascade_candidate_limit=1.00000000000000000000e+03
cascade_weight_multiplier=4.00000000000000022204e-01
cascade_activation_functions_count=10
cascade_activation_functions=3 5 7 8 10 11 14 15 16 17 
cascade_activation_steepnesses_count=4
cascade_activation_steepnesses=2.50000000000000000000e-01 5.00000000000000000000e-01 7.50000000000000000000e-01 1.00000000000000000000e+00 
layer_sizes=14 4 2 
scale_included=0
neurons (num_inputs, activation_function, activation_steepness)=(0, 0, 0.00000000000000000000e+00) (0, 0, 0.00000000000000000000e+00) (0, 0, 0.00000000000000000000e+00) (0, 0, 0.00000000000000000000e+00) (0, 0, 0.00000000000000000000e+00) (0, 0, 0.00000000000000000000e+00) (0, 0, 0.00000000000000000000e+00) (0, 0, 0.00000000000000000000e+00) (0, 0, 0.00000000000000000000e+00) (0, 0, 0.00000000000000000000e+00) (0, 0, 0.00000000000000000000e+00) (0, 0, 0.00000000000000000000e+00) (0, 0, 0.00000000000000000000e+00) (0, 0, 0.00000000000000000000e+00) (14, 6, 5.00000000000000000000e-01) (14, 6, 5.00000000000000000000e-01) (14, 6, 5.00000000000000000000e-01) (0, 6, 0.00000000000000000000e+00) (4, 4, 5.00000000000000000000e-01) (0, 4, 0.00000000000000000000e+00) 
connections (connected_to_neuron, weight)=(0, 2.47421067803333460944e+00) (1, -1.05596185571715803775e+01) (2, 6.48648683251343727285e-01) (3, 7.28619154812298885915e-01) (4, 1.69719984219527186831e+00) (5, -1.23334627381386363609e+00) (6, 1.29949781895157268075e-01) (7, 1.17632409344200961065e+00) (8, 6.36300314487420082266e-01) (9, 1.57683218938434999146e+00) (10, 2.46367351561020075934e+00) (11, 2.62216182648370921271e+00) (12, 2.51649340092371165412e+00) (13, 2.63095875679681956427e+00) (0, -8.24573282753141678647e-01) (1, 4.40594845483458197322e+00) (2, 1.02389907962727039203e-01) (3, 6.16277815169567755316e-02) (4, -6.17473768116312382581e-01) (5, 1.15066224669567307437e+00) (6, 6.10555036898200342854e-01) (7, 5.34888566798443487738e-02) (8, 7.27182985610241583441e-02) (9, -6.42609464050608036878e-01) (10, -5.96929239155130630934e-01) (11, -7.41377254993992096388e-01) (12, -7.64924341858701950514e-01) (13, -9.38863602136286057309e-01) (0, -5.51576893235257575965e-02) (1, 5.10358401689806062684e-01) (2, 2.42697676173299042857e-01) (3, -8.61976477967532905833e-02) (4, 2.59686487684212055638e-02) (5, 3.17292727625003379011e-01) (6, 4.82503161381145906361e-01) (7, 1.14930375022853761835e-01) (8, 1.12140406323787328313e-01) (9, -1.21888696568046656088e-01) (10, -9.27887515890942482510e-02) (11, -2.35037493817351339498e-02) (12, -4.26790977717439040662e-02) (13, -1.53825169375043258047e-01) (14, -2.36939027097629439922e+00) (15, 4.29614109406626365484e+00) (16, 6.45369262422875955565e-01) (17, -1.80730377970230482454e+00) 
