FANN_FLO_2.1
num_layers=3
learning_rate=0.700000
connection_rate=1.000000
network_type=0
learning_momentum=0.000000
training_algorithm=2
train_error_function=1
train_stop_function=1
cascade_output_change_fraction=0.010000
quickprop_decay=-0.000100
quickprop_mu=1.750000
rprop_increase_factor=1.200000
rprop_decrease_factor=0.500000
rprop_delta_min=0.000000
rprop_delta_max=50.000000
rprop_delta_zero=0.100000
cascade_output_stagnation_epochs=12
cascade_candidate_change_fraction=0.010000
cascade_candidate_stagnation_epochs=12
cascade_max_out_epochs=150
cascade_min_out_epochs=50
cascade_max_cand_epochs=150
cascade_min_cand_epochs=50
cascade_num_candidate_groups=2
bit_fail_limit=1.00000000000000005551e-01
cascade_candidate_limit=1.00000000000000000000e+03
cascade_weight_multiplier=4.00000000000000022204e-01
cascade_activation_functions_count=10
cascade_activation_functions=3 5 7 8 10 11 14 15 16 17 
cascade_activation_steepnesses_count=4
cascade_activation_steepnesses=2.50000000000000000000e-01 5.00000000000000000000e-01 7.50000000000000000000e-01 1.00000000000000000000e+00 
layer_sizes=8 4 2 
scale_included=0
neurons (num_inputs, activation_function, activation_steepness)=(0, 0, 0.00000000000000000000e+00) (0, 0, 0.00000000000000000000e+00) (0, 0, 0.00000000000000000000e+00) (0, 0, 0.00000000000000000000e+00) (0, 0, 0.00000000000000000000e+00) (0, 0, 0.00000000000000000000e+00) (0, 0, 0.00000000000000000000e+00) (0, 0, 0.00000000000000000000e+00) (8, 6, 5.00000000000000000000e-01) (8, 6, 5.00000000000000000000e-01) (8, 6, 5.00000000000000000000e-01) (0, 6, 0.00000000000000000000e+00) (4, 4, 5.00000000000000000000e-01) (0, 4, 0.00000000000000000000e+00) 
connections (connected_to_neuron, weight)=(0, -7.46507315764269763214e-01) (1, 2.57972466411343903658e+00) (2, 1.45740734217136402862e+00) (3, 1.11780832534598650874e+00) (4, 9.84199269403046472782e-01) (5, 1.17185088238743384537e+00) (6, 9.08172335983039702434e-01) (7, -2.67056571693069111362e+00) (0, 4.30047227265936093943e+00) (1, -3.26346573215375812538e+00) (2, -2.57248632305208779769e+00) (3, -1.95078528141946039298e+00) (4, 1.35385507165079266301e+00) (5, -1.68222118587053315331e+00) (6, -7.87251225003098031863e+00) (7, 4.39409858557087140696e+00) (0, 4.02549822114148359020e+00) (1, -3.41454832237611682899e+00) (2, -1.82051974969964613926e+00) (3, -6.60545461399921052248e+00) (4, 9.39642919994526759631e-01) (5, -2.74578840389434031266e+00) (6, -7.91701069363449594363e+00) (7, 3.39824776705188247306e+00) (8, 1.23456951993122867606e+01) (9, -1.36072701940519835695e+00) (10, -1.08619619751515550377e+00) (11, -7.84807223812815646369e-01) 
