FANN_FLO_2.1
num_layers=3
learning_rate=0.700000
connection_rate=1.000000
network_type=0
learning_momentum=0.000000
training_algorithm=2
train_error_function=1
train_stop_function=1
cascade_output_change_fraction=0.010000
quickprop_decay=-0.000100
quickprop_mu=1.750000
rprop_increase_factor=1.200000
rprop_decrease_factor=0.500000
rprop_delta_min=0.000000
rprop_delta_max=50.000000
rprop_delta_zero=0.100000
cascade_output_stagnation_epochs=12
cascade_candidate_change_fraction=0.010000
cascade_candidate_stagnation_epochs=12
cascade_max_out_epochs=150
cascade_min_out_epochs=50
cascade_max_cand_epochs=150
cascade_min_cand_epochs=50
cascade_num_candidate_groups=2
bit_fail_limit=1.00000000000000005551e-01
cascade_candidate_limit=1.00000000000000000000e+03
cascade_weight_multiplier=4.00000000000000022204e-01
cascade_activation_functions_count=10
cascade_activation_functions=3 5 7 8 10 11 14 15 16 17 
cascade_activation_steepnesses_count=4
cascade_activation_steepnesses=2.50000000000000000000e-01 5.00000000000000000000e-01 7.50000000000000000000e-01 1.00000000000000000000e+00 
layer_sizes=14 4 2 
scale_included=0
neurons (num_inputs, activation_function, activation_steepness)=(0, 0, 0.00000000000000000000e+00) (0, 0, 0.00000000000000000000e+00) (0, 0, 0.00000000000000000000e+00) (0, 0, 0.00000000000000000000e+00) (0, 0, 0.00000000000000000000e+00) (0, 0, 0.00000000000000000000e+00) (0, 0, 0.00000000000000000000e+00) (0, 0, 0.00000000000000000000e+00) (0, 0, 0.00000000000000000000e+00) (0, 0, 0.00000000000000000000e+00) (0, 0, 0.00000000000000000000e+00) (0, 0, 0.00000000000000000000e+00) (0, 0, 0.00000000000000000000e+00) (0, 0, 0.00000000000000000000e+00) (14, 6, 5.00000000000000000000e-01) (14, 6, 5.00000000000000000000e-01) (14, 6, 5.00000000000000000000e-01) (0, 6, 0.00000000000000000000e+00) (4, 4, 5.00000000000000000000e-01) (0, 4, 0.00000000000000000000e+00) 
connections (connected_to_neuron, weight)=(0, -7.30062505910986647706e-02) (1, 5.53641717852864159721e-02) (2, 2.36830255294992880755e-01) (3, 3.13370108331396779455e-01) (4, 5.30874808281570587098e+00) (5, 2.71298360777167069102e+00) (6, -5.21743488621171716546e-02) (7, -1.22795585572524568185e-01) (8, 2.08235727708235118794e-01) (9, 1.41214493565456788993e-01) (10, -8.77513099983294631024e-01) (11, -2.58644155330417069294e-01) (12, -1.03325968660410216771e+00) (13, -2.82356468470768728896e-01) (0, -2.15504881089232469549e+00) (1, 6.94236088868880885094e-01) (2, 3.25324424143388402086e+00) (3, 1.35134105246332930639e-01) (4, 2.56179946547660097877e+00) (5, 2.20396743210819767711e+00) (6, -6.90244930004592083250e-01) (7, -1.18931922135263135054e+00) (8, 3.97483256035392251704e+00) (9, 1.39659602074869559907e+00) (10, -3.62162531529513276318e-01) (11, -7.70898569375172981744e-01) (12, -3.70881156240549902936e-01) (13, -2.78456773489992537307e+00) (0, -1.13924186292311246937e+00) (1, 1.66029816068487146019e+00) (2, 2.18662211958501773168e+00) (3, 1.26714860326765182963e-01) (4, 2.53013949632903401010e+00) (5, 2.31761345508364247081e+00) (6, -5.71459019696230918761e-01) (7, -9.85394775185963189834e-01) (8, 2.39730298464380142676e+00) (9, 1.27640227108248160981e+00) (10, -4.45600366368036293618e-01) (11, -2.81792355849485420816e-01) (12, -3.98512890710573219888e-01) (13, -2.17249040045967056756e+00) (14, 3.90340799564469098648e-01) (15, 5.99508795085149692738e+00) (16, 1.20091401207181665001e+01) (17, -1.41241746628066588976e+00) 
