FANN_FLO_2.1
num_layers=3
learning_rate=0.700000
connection_rate=1.000000
network_type=0
learning_momentum=0.000000
training_algorithm=2
train_error_function=1
train_stop_function=1
cascade_output_change_fraction=0.010000
quickprop_decay=-0.000100
quickprop_mu=1.750000
rprop_increase_factor=1.200000
rprop_decrease_factor=0.500000
rprop_delta_min=0.000000
rprop_delta_max=50.000000
rprop_delta_zero=0.100000
cascade_output_stagnation_epochs=12
cascade_candidate_change_fraction=0.010000
cascade_candidate_stagnation_epochs=12
cascade_max_out_epochs=150
cascade_min_out_epochs=50
cascade_max_cand_epochs=150
cascade_min_cand_epochs=50
cascade_num_candidate_groups=2
bit_fail_limit=1.00000000000000005551e-01
cascade_candidate_limit=1.00000000000000000000e+03
cascade_weight_multiplier=4.00000000000000022204e-01
cascade_activation_functions_count=10
cascade_activation_functions=3 5 7 8 10 11 14 15 16 17 
cascade_activation_steepnesses_count=4
cascade_activation_steepnesses=2.50000000000000000000e-01 5.00000000000000000000e-01 7.50000000000000000000e-01 1.00000000000000000000e+00 
layer_sizes=9 4 2 
scale_included=0
neurons (num_inputs, activation_function, activation_steepness)=(0, 0, 0.00000000000000000000e+00) (0, 0, 0.00000000000000000000e+00) (0, 0, 0.00000000000000000000e+00) (0, 0, 0.00000000000000000000e+00) (0, 0, 0.00000000000000000000e+00) (0, 0, 0.00000000000000000000e+00) (0, 0, 0.00000000000000000000e+00) (0, 0, 0.00000000000000000000e+00) (0, 0, 0.00000000000000000000e+00) (9, 6, 5.00000000000000000000e-01) (9, 6, 5.00000000000000000000e-01) (9, 6, 5.00000000000000000000e-01) (0, 6, 0.00000000000000000000e+00) (4, 4, 5.00000000000000000000e-01) (0, 4, 0.00000000000000000000e+00) 
connections (connected_to_neuron, weight)=(0, -9.30933940522528535766e-01) (1, 9.03498138947047224612e-01) (2, 1.24830159219759706524e+00) (3, 2.55819977793510067166e-01) (4, 1.46286962123974495498e+00) (5, -2.52906949313890516695e-01) (6, 1.50000000000000000000e+03) (7, 1.50000000000000000000e+03) (8, -1.49258531417682971387e+00) (0, 5.74674524326861746459e+00) (1, 9.33775052160676910518e-01) (2, 2.20139664114175293008e+00) (3, 3.38765524599373080150e+00) (4, 1.02224355495899188462e+00) (5, 2.23204137174126193699e+00) (6, 1.50000000000000000000e+03) (7, 1.50000000000000000000e+03) (8, 1.50563972725085051252e+01) (0, -5.19579966155037320519e-01) (1, 3.13199439753592434599e-01) (2, 6.56671341093972960046e-01) (3, 4.82738679858883212859e+00) (4, 1.34310584530920551494e+00) (5, 4.72402677577239682449e+00) (6, 1.50000000000000000000e+03) (7, 1.50000000000000000000e+03) (8, -2.45651871089841611351e+00) (9, 2.38782289966563787686e+01) (10, -1.11163595699469364142e+00) (11, 9.33708882871802359205e+00) (12, -1.65907981410312510562e+00) 
