FANN_FLO_2.1
num_layers=3
learning_rate=0.700000
connection_rate=1.000000
network_type=0
learning_momentum=0.000000
training_algorithm=2
train_error_function=1
train_stop_function=1
cascade_output_change_fraction=0.010000
quickprop_decay=-0.000100
quickprop_mu=1.750000
rprop_increase_factor=1.200000
rprop_decrease_factor=0.500000
rprop_delta_min=0.000000
rprop_delta_max=50.000000
rprop_delta_zero=0.100000
cascade_output_stagnation_epochs=12
cascade_candidate_change_fraction=0.010000
cascade_candidate_stagnation_epochs=12
cascade_max_out_epochs=150
cascade_min_out_epochs=50
cascade_max_cand_epochs=150
cascade_min_cand_epochs=50
cascade_num_candidate_groups=2
bit_fail_limit=1.00000000000000005551e-01
cascade_candidate_limit=1.00000000000000000000e+03
cascade_weight_multiplier=4.00000000000000022204e-01
cascade_activation_functions_count=10
cascade_activation_functions=3 5 7 8 10 11 14 15 16 17 
cascade_activation_steepnesses_count=4
cascade_activation_steepnesses=2.50000000000000000000e-01 5.00000000000000000000e-01 7.50000000000000000000e-01 1.00000000000000000000e+00 
layer_sizes=8 4 2 
scale_included=0
neurons (num_inputs, activation_function, activation_steepness)=(0, 0, 0.00000000000000000000e+00) (0, 0, 0.00000000000000000000e+00) (0, 0, 0.00000000000000000000e+00) (0, 0, 0.00000000000000000000e+00) (0, 0, 0.00000000000000000000e+00) (0, 0, 0.00000000000000000000e+00) (0, 0, 0.00000000000000000000e+00) (0, 0, 0.00000000000000000000e+00) (8, 6, 5.00000000000000000000e-01) (8, 6, 5.00000000000000000000e-01) (8, 6, 5.00000000000000000000e-01) (0, 6, 0.00000000000000000000e+00) (4, 4, 5.00000000000000000000e-01) (0, 4, 0.00000000000000000000e+00) 
connections (connected_to_neuron, weight)=(0, -1.42936951507792819882e+00) (1, 4.89220603283210653256e-01) (2, 3.32399307092243612161e+00) (3, 2.73042973723309601031e-01) (4, 7.22665732156483331394e-01) (5, 8.33270881604403435006e-01) (6, 1.00923436502894828259e-01) (7, -1.41535380323396076108e+00) (0, -1.81305969437249814291e+00) (1, 1.92707288223756512124e+00) (2, 1.84378889260484157830e+00) (3, -2.10097971061378313573e-01) (4, -2.01760228642946570776e-01) (5, 1.13593390823947060220e+00) (6, -3.18910064796119441244e-01) (7, -1.81047821720727597494e+00) (0, -1.84747742792256985922e+00) (1, 1.99112505424274144339e+00) (2, 1.88582163734032093316e+00) (3, -3.64849331477790583822e-01) (4, -1.22590517506301635575e-01) (5, 1.07556490095006096475e+00) (6, -3.33121384183078517172e-01) (7, -1.91238686373122845907e+00) (8, 8.13960466813296257271e-01) (9, 6.71385481426847441355e+00) (10, 6.77307997117174132029e+00) (11, -1.72284800162637408150e+00) 
