FANN_FLO_2.1
num_layers=3
learning_rate=0.700000
connection_rate=1.000000
network_type=0
learning_momentum=0.000000
training_algorithm=2
train_error_function=1
train_stop_function=1
cascade_output_change_fraction=0.010000
quickprop_decay=-0.000100
quickprop_mu=1.750000
rprop_increase_factor=1.200000
rprop_decrease_factor=0.500000
rprop_delta_min=0.000000
rprop_delta_max=50.000000
rprop_delta_zero=0.100000
cascade_output_stagnation_epochs=12
cascade_candidate_change_fraction=0.010000
cascade_candidate_stagnation_epochs=12
cascade_max_out_epochs=150
cascade_min_out_epochs=50
cascade_max_cand_epochs=150
cascade_min_cand_epochs=50
cascade_num_candidate_groups=2
bit_fail_limit=1.00000000000000005551e-01
cascade_candidate_limit=1.00000000000000000000e+03
cascade_weight_multiplier=4.00000000000000022204e-01
cascade_activation_functions_count=10
cascade_activation_functions=3 5 7 8 10 11 14 15 16 17 
cascade_activation_steepnesses_count=4
cascade_activation_steepnesses=2.50000000000000000000e-01 5.00000000000000000000e-01 7.50000000000000000000e-01 1.00000000000000000000e+00 
layer_sizes=12 4 2 
scale_included=0
neurons (num_inputs, activation_function, activation_steepness)=(0, 0, 0.00000000000000000000e+00) (0, 0, 0.00000000000000000000e+00) (0, 0, 0.00000000000000000000e+00) (0, 0, 0.00000000000000000000e+00) (0, 0, 0.00000000000000000000e+00) (0, 0, 0.00000000000000000000e+00) (0, 0, 0.00000000000000000000e+00) (0, 0, 0.00000000000000000000e+00) (0, 0, 0.00000000000000000000e+00) (0, 0, 0.00000000000000000000e+00) (0, 0, 0.00000000000000000000e+00) (0, 0, 0.00000000000000000000e+00) (12, 6, 5.00000000000000000000e-01) (12, 6, 5.00000000000000000000e-01) (12, 6, 5.00000000000000000000e-01) (0, 6, 0.00000000000000000000e+00) (4, 4, 5.00000000000000000000e-01) (0, 4, 0.00000000000000000000e+00) 
connections (connected_to_neuron, weight)=(0, 4.20777179945486956569e+00) (1, -2.95835693920977149673e+00) (2, -3.61994875585513442573e+00) (3, -3.02480560071180981652e+00) (4, 1.16813406111370521323e+00) (5, -2.94748272802572630624e+00) (6, -5.05192672116932417481e+00) (7, -3.04374424953037348018e+00) (8, -3.03906356967731117180e+00) (9, -3.15177434163964642622e+00) (10, -3.45504812181595299947e+00) (11, 4.88966538568931330389e+00) (0, -6.78014170431963547614e-01) (1, 1.15349042301471960137e+00) (2, 1.33269820383858839108e+00) (3, 1.28336602681344058574e+00) (4, 1.32137225426741777845e-01) (5, 1.59741760883829830853e+00) (6, 4.62893278355036907890e-01) (7, 1.36865503379837427644e+00) (8, -2.64345437206890028492e-02) (9, 2.11688923127111783273e+00) (10, 2.43031509341686602355e+00) (11, -1.59885641110899712203e+00) (0, 4.16486287586092451818e+00) (1, -2.48068909788597258270e+00) (2, -2.64414618243713173129e+00) (3, -2.57358975072791418270e+00) (4, -7.84799082270744352563e-01) (5, -2.68978532643212275843e+00) (6, -2.54023865873389853576e+00) (7, -2.64662000288367682543e+00) (8, -2.36210450061488375084e+00) (9, -3.12776568013108624555e+00) (10, -3.47165094346407387960e+00) (11, 4.20065204523205260045e+00) (12, -7.46006721867179134478e+00) (13, 6.57563696047915335896e+00) (14, -1.26617634879904716882e+01) (15, -9.69572978865198997767e-01) 
