FANN_FLO_2.1
num_layers=3
learning_rate=0.700000
connection_rate=1.000000
network_type=0
learning_momentum=0.000000
training_algorithm=2
train_error_function=1
train_stop_function=1
cascade_output_change_fraction=0.010000
quickprop_decay=-0.000100
quickprop_mu=1.750000
rprop_increase_factor=1.200000
rprop_decrease_factor=0.500000
rprop_delta_min=0.000000
rprop_delta_max=50.000000
rprop_delta_zero=0.100000
cascade_output_stagnation_epochs=12
cascade_candidate_change_fraction=0.010000
cascade_candidate_stagnation_epochs=12
cascade_max_out_epochs=150
cascade_min_out_epochs=50
cascade_max_cand_epochs=150
cascade_min_cand_epochs=50
cascade_num_candidate_groups=2
bit_fail_limit=1.00000000000000005551e-01
cascade_candidate_limit=1.00000000000000000000e+03
cascade_weight_multiplier=4.00000000000000022204e-01
cascade_activation_functions_count=10
cascade_activation_functions=3 5 7 8 10 11 14 15 16 17 
cascade_activation_steepnesses_count=4
cascade_activation_steepnesses=2.50000000000000000000e-01 5.00000000000000000000e-01 7.50000000000000000000e-01 1.00000000000000000000e+00 
layer_sizes=9 4 2 
scale_included=0
neurons (num_inputs, activation_function, activation_steepness)=(0, 0, 0.00000000000000000000e+00) (0, 0, 0.00000000000000000000e+00) (0, 0, 0.00000000000000000000e+00) (0, 0, 0.00000000000000000000e+00) (0, 0, 0.00000000000000000000e+00) (0, 0, 0.00000000000000000000e+00) (0, 0, 0.00000000000000000000e+00) (0, 0, 0.00000000000000000000e+00) (0, 0, 0.00000000000000000000e+00) (9, 6, 5.00000000000000000000e-01) (9, 6, 5.00000000000000000000e-01) (9, 6, 5.00000000000000000000e-01) (0, 6, 0.00000000000000000000e+00) (4, 4, 5.00000000000000000000e-01) (0, 4, 0.00000000000000000000e+00) 
connections (connected_to_neuron, weight)=(0, 4.95076781166176882465e+00) (1, -3.28865142571044655195e-01) (2, -9.59684637325083467196e-01) (3, -1.03098571558727969411e+00) (4, -1.47122144092314521835e+00) (5, 1.50365392486925680826e-01) (6, -8.85461313929787685595e+00) (7, -6.69544100025840194235e-01) (8, 1.66411210948286014677e+00) (0, 8.45382353859935653517e-01) (1, -2.42360735050656961320e+00) (2, 8.01643875054590632039e-05) (3, -7.45162401925642092770e-01) (4, -2.31857777775308759871e+00) (5, -3.00271575454598926846e-01) (6, -7.88114529369676741766e-01) (7, -6.02763524910515990918e-01) (8, 3.25866852648797022951e+00) (0, 1.92017690273596808304e+00) (1, -2.46705795884748679825e+00) (2, 1.59179307775972639361e-01) (3, -7.84417671914685699086e-01) (4, -2.83786884602495970142e+00) (5, -3.80031646546789614316e-01) (6, -5.28502084750977041416e-01) (7, -5.74643221950824067967e-01) (8, 3.14129963997922523333e+00) (9, -3.32463714527836202706e+01) (10, -6.03529652784583277025e+02) (11, 3.14920263771202030512e+02) (12, -3.45449671871848362770e+00) 
