FANN_FLO_2.1
num_layers=3
learning_rate=0.700000
connection_rate=1.000000
network_type=0
learning_momentum=0.000000
training_algorithm=2
train_error_function=1
train_stop_function=1
cascade_output_change_fraction=0.010000
quickprop_decay=-0.000100
quickprop_mu=1.750000
rprop_increase_factor=1.200000
rprop_decrease_factor=0.500000
rprop_delta_min=0.000000
rprop_delta_max=50.000000
rprop_delta_zero=0.100000
cascade_output_stagnation_epochs=12
cascade_candidate_change_fraction=0.010000
cascade_candidate_stagnation_epochs=12
cascade_max_out_epochs=150
cascade_min_out_epochs=50
cascade_max_cand_epochs=150
cascade_min_cand_epochs=50
cascade_num_candidate_groups=2
bit_fail_limit=1.00000000000000005551e-01
cascade_candidate_limit=1.00000000000000000000e+03
cascade_weight_multiplier=4.00000000000000022204e-01
cascade_activation_functions_count=10
cascade_activation_functions=3 5 7 8 10 11 14 15 16 17 
cascade_activation_steepnesses_count=4
cascade_activation_steepnesses=2.50000000000000000000e-01 5.00000000000000000000e-01 7.50000000000000000000e-01 1.00000000000000000000e+00 
layer_sizes=10 4 2 
scale_included=0
neurons (num_inputs, activation_function, activation_steepness)=(0, 0, 0.00000000000000000000e+00) (0, 0, 0.00000000000000000000e+00) (0, 0, 0.00000000000000000000e+00) (0, 0, 0.00000000000000000000e+00) (0, 0, 0.00000000000000000000e+00) (0, 0, 0.00000000000000000000e+00) (0, 0, 0.00000000000000000000e+00) (0, 0, 0.00000000000000000000e+00) (0, 0, 0.00000000000000000000e+00) (0, 0, 0.00000000000000000000e+00) (10, 6, 5.00000000000000000000e-01) (10, 6, 5.00000000000000000000e-01) (10, 6, 5.00000000000000000000e-01) (0, 6, 0.00000000000000000000e+00) (4, 4, 5.00000000000000000000e-01) (0, 4, 0.00000000000000000000e+00) 
connections (connected_to_neuron, weight)=(0, 8.12529233452357946277e-01) (1, -1.00144138645587088554e+00) (2, -1.88855695682883051312e+00) (3, -7.71857815392274715371e-01) (4, 1.88143668926180396284e+00) (5, -2.99758435698607272890e-01) (6, 5.43341252159447174463e-01) (7, -3.65907807364180659437e-01) (8, 2.69631486681838561381e-01) (9, 9.61136043675307805145e-01) (0, 4.82128121178446367168e+00) (1, -5.56954237478399960537e+00) (2, -3.81896136181444445512e+00) (3, -2.51722380672873136120e+00) (4, 6.05482191418855641984e+00) (5, 1.84857182282429155507e+00) (6, 3.36877537669370452633e-01) (7, -3.71283618213624144744e+00) (8, 4.96559319586231562305e-01) (9, 5.47301524883590406745e+00) (0, -2.62701080158840927226e+00) (1, 4.79772656196011659802e+00) (2, 6.78298908661718247259e+00) (3, 1.15291837494547189102e+00) (4, -2.57325574506608756309e+00) (5, 8.17075168515980942985e-01) (6, -1.59474069756661807062e+00) (7, -1.18875659250741527728e+00) (8, -5.68044628987912636475e-01) (9, -5.38821862695385345177e+00) (10, -9.40647025418544391329e-01) (11, -5.33271911017468003280e+00) (12, 4.94051282779218059460e+00) (13, -9.01551106771632859704e-01) 
