FANN_FLO_2.1
num_layers=3
learning_rate=0.700000
connection_rate=1.000000
network_type=0
learning_momentum=0.000000
training_algorithm=2
train_error_function=1
train_stop_function=1
cascade_output_change_fraction=0.010000
quickprop_decay=-0.000100
quickprop_mu=1.750000
rprop_increase_factor=1.200000
rprop_decrease_factor=0.500000
rprop_delta_min=0.000000
rprop_delta_max=50.000000
rprop_delta_zero=0.100000
cascade_output_stagnation_epochs=12
cascade_candidate_change_fraction=0.010000
cascade_candidate_stagnation_epochs=12
cascade_max_out_epochs=150
cascade_min_out_epochs=50
cascade_max_cand_epochs=150
cascade_min_cand_epochs=50
cascade_num_candidate_groups=2
bit_fail_limit=1.00000000000000005551e-01
cascade_candidate_limit=1.00000000000000000000e+03
cascade_weight_multiplier=4.00000000000000022204e-01
cascade_activation_functions_count=10
cascade_activation_functions=3 5 7 8 10 11 14 15 16 17 
cascade_activation_steepnesses_count=4
cascade_activation_steepnesses=2.50000000000000000000e-01 5.00000000000000000000e-01 7.50000000000000000000e-01 1.00000000000000000000e+00 
layer_sizes=6 4 2 
scale_included=0
neurons (num_inputs, activation_function, activation_steepness)=(0, 0, 0.00000000000000000000e+00) (0, 0, 0.00000000000000000000e+00) (0, 0, 0.00000000000000000000e+00) (0, 0, 0.00000000000000000000e+00) (0, 0, 0.00000000000000000000e+00) (0, 0, 0.00000000000000000000e+00) (6, 6, 5.00000000000000000000e-01) (6, 6, 5.00000000000000000000e-01) (6, 6, 5.00000000000000000000e-01) (0, 6, 0.00000000000000000000e+00) (4, 4, 5.00000000000000000000e-01) (0, 4, 0.00000000000000000000e+00) 
connections (connected_to_neuron, weight)=(0, -5.14811819456865854550e-02) (1, 6.63752072921666935734e-01) (2, 7.85745706207481853234e-02) (3, -3.48858798704483608066e-02) (4, 1.05720656356043440915e+00) (5, -3.90572195910265512753e-02) (0, -1.04609659529241771914e+00) (1, 2.01070730508158357352e+00) (2, 2.35873020240627129240e+00) (3, 1.20313305515109089661e-01) (4, 1.87446252284784886655e+00) (5, -2.27045976155111528527e+00) (0, -2.14794117236577841723e+00) (1, 1.97546845523423675317e+00) (2, 2.03050450501484958110e+00) (3, 8.44563830227878287182e-01) (4, 1.90982378094282823078e+00) (5, -2.15635656589710134057e+00) (6, 7.78127228504368106954e-01) (7, 9.69643317912298563499e+00) (8, 5.65624884404377148428e+00) (9, -1.62661095589302062692e+00) 
