FANN_FLO_2.1
num_layers=3
learning_rate=0.700000
connection_rate=1.000000
network_type=0
learning_momentum=0.000000
training_algorithm=2
train_error_function=1
train_stop_function=1
cascade_output_change_fraction=0.010000
quickprop_decay=-0.000100
quickprop_mu=1.750000
rprop_increase_factor=1.200000
rprop_decrease_factor=0.500000
rprop_delta_min=0.000000
rprop_delta_max=50.000000
rprop_delta_zero=0.100000
cascade_output_stagnation_epochs=12
cascade_candidate_change_fraction=0.010000
cascade_candidate_stagnation_epochs=12
cascade_max_out_epochs=150
cascade_min_out_epochs=50
cascade_max_cand_epochs=150
cascade_min_cand_epochs=50
cascade_num_candidate_groups=2
bit_fail_limit=1.00000000000000005551e-01
cascade_candidate_limit=1.00000000000000000000e+03
cascade_weight_multiplier=4.00000000000000022204e-01
cascade_activation_functions_count=10
cascade_activation_functions=3 5 7 8 10 11 14 15 16 17 
cascade_activation_steepnesses_count=4
cascade_activation_steepnesses=2.50000000000000000000e-01 5.00000000000000000000e-01 7.50000000000000000000e-01 1.00000000000000000000e+00 
layer_sizes=7 4 2 
scale_included=0
neurons (num_inputs, activation_function, activation_steepness)=(0, 0, 0.00000000000000000000e+00) (0, 0, 0.00000000000000000000e+00) (0, 0, 0.00000000000000000000e+00) (0, 0, 0.00000000000000000000e+00) (0, 0, 0.00000000000000000000e+00) (0, 0, 0.00000000000000000000e+00) (0, 0, 0.00000000000000000000e+00) (7, 6, 5.00000000000000000000e-01) (7, 6, 5.00000000000000000000e-01) (7, 6, 5.00000000000000000000e-01) (0, 6, 0.00000000000000000000e+00) (4, 4, 5.00000000000000000000e-01) (0, 4, 0.00000000000000000000e+00) 
connections (connected_to_neuron, weight)=(0, -1.89253927977344105216e+00) (1, 2.52887260953718540080e+00) (2, 1.28547176402055640665e+00) (3, -6.89535679739462059601e-01) (4, 2.47374191811411359154e+00) (5, 2.89864326757409626611e-02) (6, -2.17594987029934916478e+00) (0, -2.04838601709863254996e+00) (1, 2.52651692221695300944e+00) (2, 1.35888549368821998087e+00) (3, -6.21028414439903420075e-01) (4, 2.47365751878789907892e+00) (5, 2.70972038549401814111e-02) (6, -2.19599296028519663793e+00) (0, 3.37319518643212123976e+00) (1, -3.55181601199966667792e+00) (2, -3.32664248585764976696e+00) (3, 4.50895993851201271063e-01) (4, -5.92063209352960573284e+00) (5, -1.02349988359180388287e+00) (6, 4.26941378959131068171e+00) (7, 4.96764785887878801418e+00) (8, 5.02930272462051775051e+00) (9, -2.07513559313969642162e+00) (10, -2.31972823096218316863e+00) 
