FANN_FLO_2.1
num_layers=3
learning_rate=0.700000
connection_rate=1.000000
network_type=0
learning_momentum=0.000000
training_algorithm=2
train_error_function=1
train_stop_function=1
cascade_output_change_fraction=0.010000
quickprop_decay=-0.000100
quickprop_mu=1.750000
rprop_increase_factor=1.200000
rprop_decrease_factor=0.500000
rprop_delta_min=0.000000
rprop_delta_max=50.000000
rprop_delta_zero=0.100000
cascade_output_stagnation_epochs=12
cascade_candidate_change_fraction=0.010000
cascade_candidate_stagnation_epochs=12
cascade_max_out_epochs=150
cascade_min_out_epochs=50
cascade_max_cand_epochs=150
cascade_min_cand_epochs=50
cascade_num_candidate_groups=2
bit_fail_limit=1.00000000000000005551e-01
cascade_candidate_limit=1.00000000000000000000e+03
cascade_weight_multiplier=4.00000000000000022204e-01
cascade_activation_functions_count=10
cascade_activation_functions=3 5 7 8 10 11 14 15 16 17 
cascade_activation_steepnesses_count=4
cascade_activation_steepnesses=2.50000000000000000000e-01 5.00000000000000000000e-01 7.50000000000000000000e-01 1.00000000000000000000e+00 
layer_sizes=10 4 2 
scale_included=0
neurons (num_inputs, activation_function, activation_steepness)=(0, 0, 0.00000000000000000000e+00) (0, 0, 0.00000000000000000000e+00) (0, 0, 0.00000000000000000000e+00) (0, 0, 0.00000000000000000000e+00) (0, 0, 0.00000000000000000000e+00) (0, 0, 0.00000000000000000000e+00) (0, 0, 0.00000000000000000000e+00) (0, 0, 0.00000000000000000000e+00) (0, 0, 0.00000000000000000000e+00) (0, 0, 0.00000000000000000000e+00) (10, 6, 5.00000000000000000000e-01) (10, 6, 5.00000000000000000000e-01) (10, 6, 5.00000000000000000000e-01) (0, 6, 0.00000000000000000000e+00) (4, 4, 5.00000000000000000000e-01) (0, 4, 0.00000000000000000000e+00) 
connections (connected_to_neuron, weight)=(0, -7.58854763952195421339e-01) (1, 1.91073793815313841549e+00) (2, 2.73540628850547173911e+00) (3, 1.15784855276519893508e+00) (4, -4.44059761151630461029e+00) (5, 2.60725843445747007543e-01) (6, -4.73685999922441036691e-02) (7, 6.65093418455880325268e-01) (8, 2.36569536857089923743e-01) (9, -1.80690838039947365701e+00) (0, 1.04652789684049840613e-01) (1, -1.04734440953513630035e+00) (2, -3.65911102032311086329e-01) (3, -6.20602156544717495357e-02) (4, 4.86569798585816115644e-01) (5, 6.58908638402931363248e-03) (6, 4.25738855261221516013e-02) (7, -1.25777078885791676610e-01) (8, -3.23669221645880078597e-01) (9, 2.92292933790060993626e-01) (0, 4.19131770467116648859e+00) (1, -4.19262637346176347819e+00) (2, -3.63335204036467107613e+00) (3, -4.00284776680228127077e+00) (4, 5.47753637742331722649e+00) (5, -3.75945842872320135086e+00) (6, 2.31973472281496589931e-01) (7, -7.04607772790736608393e-01) (8, -2.00167688450031100444e+00) (9, 4.53091160793261860107e+00) (10, 1.72883970308530221516e+00) (11, -1.02717282598277548367e+00) (12, -7.72744754974320890994e+00) (13, -1.94681099867394213909e+00) 
