FANN_FLO_2.1
num_layers=3
learning_rate=0.700000
connection_rate=1.000000
network_type=0
learning_momentum=0.000000
training_algorithm=2
train_error_function=1
train_stop_function=1
cascade_output_change_fraction=0.010000
quickprop_decay=-0.000100
quickprop_mu=1.750000
rprop_increase_factor=1.200000
rprop_decrease_factor=0.500000
rprop_delta_min=0.000000
rprop_delta_max=50.000000
rprop_delta_zero=0.100000
cascade_output_stagnation_epochs=12
cascade_candidate_change_fraction=0.010000
cascade_candidate_stagnation_epochs=12
cascade_max_out_epochs=150
cascade_min_out_epochs=50
cascade_max_cand_epochs=150
cascade_min_cand_epochs=50
cascade_num_candidate_groups=2
bit_fail_limit=1.00000000000000005551e-01
cascade_candidate_limit=1.00000000000000000000e+03
cascade_weight_multiplier=4.00000000000000022204e-01
cascade_activation_functions_count=10
cascade_activation_functions=3 5 7 8 10 11 14 15 16 17 
cascade_activation_steepnesses_count=4
cascade_activation_steepnesses=2.50000000000000000000e-01 5.00000000000000000000e-01 7.50000000000000000000e-01 1.00000000000000000000e+00 
layer_sizes=14 4 2 
scale_included=0
neurons (num_inputs, activation_function, activation_steepness)=(0, 0, 0.00000000000000000000e+00) (0, 0, 0.00000000000000000000e+00) (0, 0, 0.00000000000000000000e+00) (0, 0, 0.00000000000000000000e+00) (0, 0, 0.00000000000000000000e+00) (0, 0, 0.00000000000000000000e+00) (0, 0, 0.00000000000000000000e+00) (0, 0, 0.00000000000000000000e+00) (0, 0, 0.00000000000000000000e+00) (0, 0, 0.00000000000000000000e+00) (0, 0, 0.00000000000000000000e+00) (0, 0, 0.00000000000000000000e+00) (0, 0, 0.00000000000000000000e+00) (0, 0, 0.00000000000000000000e+00) (14, 6, 5.00000000000000000000e-01) (14, 6, 5.00000000000000000000e-01) (14, 6, 5.00000000000000000000e-01) (0, 6, 0.00000000000000000000e+00) (4, 4, 5.00000000000000000000e-01) (0, 4, 0.00000000000000000000e+00) 
connections (connected_to_neuron, weight)=(0, -1.75425913184198156713e+00) (1, 2.12143095489054871905e+02) (2, 9.40549870980938007570e-01) (3, 1.41052713903356830016e+00) (4, 2.20579430572196394378e-01) (5, 1.08376213174278368534e+00) (6, -3.71416304374866779181e-01) (7, -8.33778094087099685972e-01) (8, 2.22258627021929155987e+00) (9, 1.94144753697595611186e+01) (10, 1.66707739878914185105e+00) (11, -3.04917565452943195581e+00) (12, 1.31296754541565174890e+00) (13, -1.69131961778077899439e+00) (0, -1.85290851302237857823e+00) (1, 2.12164003751635505068e+02) (2, 9.22055443776805927492e-01) (3, 1.32088176074196095300e+00) (4, 3.67220080410524563064e-01) (5, 1.04637840028817286075e+00) (6, 4.81250358375727715909e-02) (7, -9.22219495807146683042e-01) (8, 2.18100785071274172466e+00) (9, 1.93802819806418433757e+01) (10, 1.65427884731910057603e+00) (11, -3.02776322978625644922e+00) (12, 1.42568689497877354455e+00) (13, -1.71710360735926448328e+00) (0, -2.11924552430507828760e+00) (1, 4.44668775427872333239e+02) (2, 9.40310535499420563355e-01) (3, 2.28072808825006267952e+00) (4, 3.64424123674444710996e-01) (5, 1.91227880842614017531e+00) (6, 1.45822161892214663403e+00) (7, -1.73791582706785296963e+00) (8, 4.71108662992802851299e-01) (9, 7.20538519447314895761e-02) (10, 1.80610172296625237642e+00) (11, 1.64439550464089090376e+00) (12, 2.29600827165474674629e+00) (13, -1.88162278228605472918e+00) (14, 4.02630148703335954963e+00) (15, 1.77203970056755277795e+00) (16, 1.30882490484201703396e+01) (17, -1.87675598903854545796e+00) 
