FANN_FLO_2.1
num_layers=3
learning_rate=0.700000
connection_rate=1.000000
network_type=0
learning_momentum=0.000000
training_algorithm=2
train_error_function=1
train_stop_function=1
cascade_output_change_fraction=0.010000
quickprop_decay=-0.000100
quickprop_mu=1.750000
rprop_increase_factor=1.200000
rprop_decrease_factor=0.500000
rprop_delta_min=0.000000
rprop_delta_max=50.000000
rprop_delta_zero=0.100000
cascade_output_stagnation_epochs=12
cascade_candidate_change_fraction=0.010000
cascade_candidate_stagnation_epochs=12
cascade_max_out_epochs=150
cascade_min_out_epochs=50
cascade_max_cand_epochs=150
cascade_min_cand_epochs=50
cascade_num_candidate_groups=2
bit_fail_limit=1.00000000000000005551e-01
cascade_candidate_limit=1.00000000000000000000e+03
cascade_weight_multiplier=4.00000000000000022204e-01
cascade_activation_functions_count=10
cascade_activation_functions=3 5 7 8 10 11 14 15 16 17 
cascade_activation_steepnesses_count=4
cascade_activation_steepnesses=2.50000000000000000000e-01 5.00000000000000000000e-01 7.50000000000000000000e-01 1.00000000000000000000e+00 
layer_sizes=17 4 2 
scale_included=0
neurons (num_inputs, activation_function, activation_steepness)=(0, 0, 0.00000000000000000000e+00) (0, 0, 0.00000000000000000000e+00) (0, 0, 0.00000000000000000000e+00) (0, 0, 0.00000000000000000000e+00) (0, 0, 0.00000000000000000000e+00) (0, 0, 0.00000000000000000000e+00) (0, 0, 0.00000000000000000000e+00) (0, 0, 0.00000000000000000000e+00) (0, 0, 0.00000000000000000000e+00) (0, 0, 0.00000000000000000000e+00) (0, 0, 0.00000000000000000000e+00) (0, 0, 0.00000000000000000000e+00) (0, 0, 0.00000000000000000000e+00) (0, 0, 0.00000000000000000000e+00) (0, 0, 0.00000000000000000000e+00) (0, 0, 0.00000000000000000000e+00) (0, 0, 0.00000000000000000000e+00) (17, 6, 5.00000000000000000000e-01) (17, 6, 5.00000000000000000000e-01) (17, 6, 5.00000000000000000000e-01) (0, 6, 0.00000000000000000000e+00) (4, 4, 5.00000000000000000000e-01) (0, 4, 0.00000000000000000000e+00) 
connections (connected_to_neuron, weight)=(0, -1.48794938672234811072e+00) (1, 4.06203718673148250762e-01) (2, 1.32724697674806191294e+00) (3, 4.64506526752553189352e-02) (4, 3.02024073820290284154e-01) (5, 3.65430944256887213495e-01) (6, 1.75789924559187321629e-01) (7, 1.39506790726024787475e+00) (8, -1.00410893934258116378e-01) (9, 4.04478241459112264344e-01) (10, 3.83930345425762820089e-01) (11, 2.53640595163590831795e-01) (12, 7.35115344476777177185e-01) (13, 1.16277652004723008883e-01) (14, 4.33791009094352641995e-01) (15, 1.00241577157393324526e+00) (16, 1.43905308302415713140e-01) (0, 1.66545917610408533704e+00) (1, -1.33537922012147802775e+00) (2, -1.42781588236930323532e+00) (3, 8.49247575369162288617e-01) (4, 2.18805619144824936573e-01) (5, -1.83161919359075914260e-01) (6, 2.35651000299262752824e-01) (7, -1.23095271243874959666e+00) (8, 1.18985185505529944550e+00) (9, -1.27394282635596933773e+00) (10, 8.96305902161277812112e-01) (11, -2.65577678540416750597e-01) (12, -6.68552938149831299519e-01) (13, 6.02855114651037471418e-02) (14, -1.36738604182952938615e+00) (15, -3.35403834929437039136e-01) (16, 1.33287582032468066018e+00) (0, -9.14444276522566745768e+00) (1, 2.31804082143278256112e+00) (2, 1.23044314875612803561e+00) (3, -2.28324025160484167518e-01) (4, -1.60178578934496829156e-01) (5, 4.18114296674951757549e-01) (6, -7.45365503345193636253e-02) (7, 3.02164388938560957154e-01) (8, -4.66149800941167813395e-01) (9, 2.06383727683839923728e+00) (10, -3.56343837812570285450e-01) (11, 3.16669069581295647975e-01) (12, 5.10544939062588909451e-01) (13, 3.05451760041891007269e-01) (14, 1.82924276508106142813e+00) (15, 1.13919227709691384121e+00) (16, -1.10399022311408900876e+00) (17, 3.01283873866219298332e-01) (18, -3.25784032441450790429e+01) (19, 2.62228038868575108467e+00) (20, -6.70531307147524957557e-01) 
