FANN_FLO_2.1
num_layers=3
learning_rate=0.700000
connection_rate=1.000000
network_type=0
learning_momentum=0.000000
training_algorithm=2
train_error_function=1
train_stop_function=1
cascade_output_change_fraction=0.010000
quickprop_decay=-0.000100
quickprop_mu=1.750000
rprop_increase_factor=1.200000
rprop_decrease_factor=0.500000
rprop_delta_min=0.000000
rprop_delta_max=50.000000
rprop_delta_zero=0.100000
cascade_output_stagnation_epochs=12
cascade_candidate_change_fraction=0.010000
cascade_candidate_stagnation_epochs=12
cascade_max_out_epochs=150
cascade_min_out_epochs=50
cascade_max_cand_epochs=150
cascade_min_cand_epochs=50
cascade_num_candidate_groups=2
bit_fail_limit=1.00000000000000005551e-01
cascade_candidate_limit=1.00000000000000000000e+03
cascade_weight_multiplier=4.00000000000000022204e-01
cascade_activation_functions_count=10
cascade_activation_functions=3 5 7 8 10 11 14 15 16 17 
cascade_activation_steepnesses_count=4
cascade_activation_steepnesses=2.50000000000000000000e-01 5.00000000000000000000e-01 7.50000000000000000000e-01 1.00000000000000000000e+00 
layer_sizes=10 4 2 
scale_included=0
neurons (num_inputs, activation_function, activation_steepness)=(0, 0, 0.00000000000000000000e+00) (0, 0, 0.00000000000000000000e+00) (0, 0, 0.00000000000000000000e+00) (0, 0, 0.00000000000000000000e+00) (0, 0, 0.00000000000000000000e+00) (0, 0, 0.00000000000000000000e+00) (0, 0, 0.00000000000000000000e+00) (0, 0, 0.00000000000000000000e+00) (0, 0, 0.00000000000000000000e+00) (0, 0, 0.00000000000000000000e+00) (10, 6, 5.00000000000000000000e-01) (10, 6, 5.00000000000000000000e-01) (10, 6, 5.00000000000000000000e-01) (0, 6, 0.00000000000000000000e+00) (4, 4, 5.00000000000000000000e-01) (0, 4, 0.00000000000000000000e+00) 
connections (connected_to_neuron, weight)=(0, -8.80537479148396085016e-02) (1, -1.10063714394131983987e+00) (2, -1.27597914516956967290e+00) (3, 1.40835439816532970170e+00) (4, 1.55225405781390213278e+00) (5, -1.26391513486470108418e+00) (6, -1.19413499968426983777e+00) (7, 4.70809918359652690434e-01) (8, 1.53150232836148303406e+00) (9, 1.19975442933691844871e+00) (0, 1.85639446056503065741e-01) (1, 2.03299908146617180904e+00) (2, 1.35774401435425895457e+00) (3, -3.04989049693489544524e+00) (4, -8.48744897749176829826e-01) (5, 1.29011464423375743493e+00) (6, 1.16713281874110563763e+00) (7, -2.17861370800251398505e-02) (8, -2.00904333522551936664e-01) (9, -3.57880672578013037111e-01) (0, -2.73274976171014760684e-01) (1, -2.05345995348027043903e+00) (2, 1.71935244246720273509e+01) (3, 7.32196211479676839495e-01) (4, 4.39889237390831855379e-01) (5, 1.53764749296264291445e+01) (6, -2.14533656478129541867e+00) (7, 8.54145547205169441973e-01) (8, -8.57389888516048137568e-01) (9, -9.08670595012212589658e-01) (10, -2.08742587140599411555e+01) (11, 1.33012817817825279576e+00) (12, 4.89655554050161967439e+00) (13, -2.74050245366058486951e+00) 
