FANN_FLO_2.1
num_layers=3
learning_rate=0.700000
connection_rate=1.000000
network_type=0
learning_momentum=0.000000
training_algorithm=2
train_error_function=1
train_stop_function=1
cascade_output_change_fraction=0.010000
quickprop_decay=-0.000100
quickprop_mu=1.750000
rprop_increase_factor=1.200000
rprop_decrease_factor=0.500000
rprop_delta_min=0.000000
rprop_delta_max=50.000000
rprop_delta_zero=0.100000
cascade_output_stagnation_epochs=12
cascade_candidate_change_fraction=0.010000
cascade_candidate_stagnation_epochs=12
cascade_max_out_epochs=150
cascade_min_out_epochs=50
cascade_max_cand_epochs=150
cascade_min_cand_epochs=50
cascade_num_candidate_groups=2
bit_fail_limit=1.00000000000000005551e-01
cascade_candidate_limit=1.00000000000000000000e+03
cascade_weight_multiplier=4.00000000000000022204e-01
cascade_activation_functions_count=10
cascade_activation_functions=3 5 7 8 10 11 14 15 16 17 
cascade_activation_steepnesses_count=4
cascade_activation_steepnesses=2.50000000000000000000e-01 5.00000000000000000000e-01 7.50000000000000000000e-01 1.00000000000000000000e+00 
layer_sizes=12 4 2 
scale_included=0
neurons (num_inputs, activation_function, activation_steepness)=(0, 0, 0.00000000000000000000e+00) (0, 0, 0.00000000000000000000e+00) (0, 0, 0.00000000000000000000e+00) (0, 0, 0.00000000000000000000e+00) (0, 0, 0.00000000000000000000e+00) (0, 0, 0.00000000000000000000e+00) (0, 0, 0.00000000000000000000e+00) (0, 0, 0.00000000000000000000e+00) (0, 0, 0.00000000000000000000e+00) (0, 0, 0.00000000000000000000e+00) (0, 0, 0.00000000000000000000e+00) (0, 0, 0.00000000000000000000e+00) (12, 6, 5.00000000000000000000e-01) (12, 6, 5.00000000000000000000e-01) (12, 6, 5.00000000000000000000e-01) (0, 6, 0.00000000000000000000e+00) (4, 4, 5.00000000000000000000e-01) (0, 4, 0.00000000000000000000e+00) 
connections (connected_to_neuron, weight)=(0, 2.08747097494534994411e+00) (1, 1.39798898999602627669e+00) (2, -9.16694696572168843396e-01) (3, 1.08351017422210524899e+01) (4, 1.58221297223290968681e+00) (5, -6.32838515029489201424e+00) (6, -3.85031392083670809257e+00) (7, 1.53340038452347493525e+00) (8, 3.53081190623621044011e+00) (9, 2.05867918178219977410e-01) (10, -1.22719287004064558921e+00) (11, 3.41776922828718632275e+00) (0, -2.41927503167272472950e+00) (1, 3.29833575136057355337e+00) (2, -1.00125802537257890812e+00) (3, -1.37438019145526491016e+00) (4, -1.28217279319013122141e+00) (5, 7.16446218165510351206e-01) (6, 2.45356664325582141117e+00) (7, 5.34158315904158520482e-01) (8, -4.32159365612716922511e-02) (9, -7.55259219537152137747e-01) (10, -1.52793022954810875369e+00) (11, -9.85929191844182151172e-01) (0, -1.78122638023006318875e+00) (1, 1.55687941100686710882e+00) (2, 9.58026512765385085402e+00) (3, 1.05128181085467331535e+00) (4, 5.23201928688789563715e-01) (5, 1.37955860430429710917e+00) (6, 3.04325097144908207625e+00) (7, -8.82016925615615288159e-01) (8, -1.31345671010741371632e+00) (9, 1.06105051273496719944e+00) (10, 2.08797240833200614674e+00) (11, -2.17253732929515752659e+00) (12, -4.62951168629988796255e+00) (13, 7.54861727078096045318e+00) (14, 9.36307553221011801270e+00) (15, -1.91656871180991505987e+00) 
