FANN_FLO_2.1
num_layers=3
learning_rate=0.700000
connection_rate=1.000000
network_type=0
learning_momentum=0.000000
training_algorithm=2
train_error_function=1
train_stop_function=1
cascade_output_change_fraction=0.010000
quickprop_decay=-0.000100
quickprop_mu=1.750000
rprop_increase_factor=1.200000
rprop_decrease_factor=0.500000
rprop_delta_min=0.000000
rprop_delta_max=50.000000
rprop_delta_zero=0.100000
cascade_output_stagnation_epochs=12
cascade_candidate_change_fraction=0.010000
cascade_candidate_stagnation_epochs=12
cascade_max_out_epochs=150
cascade_min_out_epochs=50
cascade_max_cand_epochs=150
cascade_min_cand_epochs=50
cascade_num_candidate_groups=2
bit_fail_limit=1.00000000000000005551e-01
cascade_candidate_limit=1.00000000000000000000e+03
cascade_weight_multiplier=4.00000000000000022204e-01
cascade_activation_functions_count=10
cascade_activation_functions=3 5 7 8 10 11 14 15 16 17 
cascade_activation_steepnesses_count=4
cascade_activation_steepnesses=2.50000000000000000000e-01 5.00000000000000000000e-01 7.50000000000000000000e-01 1.00000000000000000000e+00 
layer_sizes=7 4 2 
scale_included=0
neurons (num_inputs, activation_function, activation_steepness)=(0, 0, 0.00000000000000000000e+00) (0, 0, 0.00000000000000000000e+00) (0, 0, 0.00000000000000000000e+00) (0, 0, 0.00000000000000000000e+00) (0, 0, 0.00000000000000000000e+00) (0, 0, 0.00000000000000000000e+00) (0, 0, 0.00000000000000000000e+00) (7, 6, 5.00000000000000000000e-01) (7, 6, 5.00000000000000000000e-01) (7, 6, 5.00000000000000000000e-01) (0, 6, 0.00000000000000000000e+00) (4, 4, 5.00000000000000000000e-01) (0, 4, 0.00000000000000000000e+00) 
connections (connected_to_neuron, weight)=(0, 2.03760488078123547240e+00) (1, -2.06535716848933148526e+00) (2, -5.44660525313898635780e-01) (3, -4.95124632245779849882e-01) (4, -7.41879516568901942186e-01) (5, 6.75674936498939837648e-01) (6, 9.67087832126814039846e-01) (0, -1.02995855444751338581e+00) (1, 1.15917208812379746163e+00) (2, 5.30355266656314050522e+00) (3, 3.27082108106139024528e-01) (4, 8.17428513840402826141e-01) (5, 1.15499194704168295367e+00) (6, -1.36853727791382717704e+00) (0, 7.77030518308334716693e+00) (1, -7.29863073098783932124e+00) (2, -4.84958407627065835044e+00) (3, 7.26297853375813873278e-01) (4, -4.53109366492891840750e+00) (5, -2.29441925839499560880e+00) (6, 7.82036993889792331203e+00) (7, -1.20082293744346091380e+00) (8, 2.45020795228002530308e+00) (9, -4.68737507943567077717e+00) (10, -1.99671723283644708680e+00) 
