FANN_FLO_2.1
num_layers=3
learning_rate=0.700000
connection_rate=1.000000
network_type=0
learning_momentum=0.000000
training_algorithm=2
train_error_function=1
train_stop_function=1
cascade_output_change_fraction=0.010000
quickprop_decay=-0.000100
quickprop_mu=1.750000
rprop_increase_factor=1.200000
rprop_decrease_factor=0.500000
rprop_delta_min=0.000000
rprop_delta_max=50.000000
rprop_delta_zero=0.100000
cascade_output_stagnation_epochs=12
cascade_candidate_change_fraction=0.010000
cascade_candidate_stagnation_epochs=12
cascade_max_out_epochs=150
cascade_min_out_epochs=50
cascade_max_cand_epochs=150
cascade_min_cand_epochs=50
cascade_num_candidate_groups=2
bit_fail_limit=1.00000000000000005551e-01
cascade_candidate_limit=1.00000000000000000000e+03
cascade_weight_multiplier=4.00000000000000022204e-01
cascade_activation_functions_count=10
cascade_activation_functions=3 5 7 8 10 11 14 15 16 17 
cascade_activation_steepnesses_count=4
cascade_activation_steepnesses=2.50000000000000000000e-01 5.00000000000000000000e-01 7.50000000000000000000e-01 1.00000000000000000000e+00 
layer_sizes=8 4 2 
scale_included=0
neurons (num_inputs, activation_function, activation_steepness)=(0, 0, 0.00000000000000000000e+00) (0, 0, 0.00000000000000000000e+00) (0, 0, 0.00000000000000000000e+00) (0, 0, 0.00000000000000000000e+00) (0, 0, 0.00000000000000000000e+00) (0, 0, 0.00000000000000000000e+00) (0, 0, 0.00000000000000000000e+00) (0, 0, 0.00000000000000000000e+00) (8, 6, 5.00000000000000000000e-01) (8, 6, 5.00000000000000000000e-01) (8, 6, 5.00000000000000000000e-01) (0, 6, 0.00000000000000000000e+00) (4, 4, 5.00000000000000000000e-01) (0, 4, 0.00000000000000000000e+00) 
connections (connected_to_neuron, weight)=(0, -3.91976452873595881954e+00) (1, 2.98379153560174081861e+00) (2, 4.21936160059070797246e+00) (3, 2.36335521103268886289e-02) (4, 1.96521209743884806009e+00) (5, 2.94967113682041137679e+00) (6, -3.85095822147621946741e-01) (7, -3.92308821783908534542e+00) (0, 4.82287583833883459761e+00) (1, -4.53321412193645301159e+00) (2, -3.28335206409823943119e+00) (3, -6.71844815102901060655e-01) (4, -7.05540568766679365709e-01) (5, -5.45636934210574686688e+00) (6, -5.39802182008759401377e-01) (7, 4.90282259097645933821e+00) (0, 3.31155431392052973516e-03) (1, 2.22344161113500665694e-01) (2, 5.38509685976277241437e-01) (3, 1.28892973880299438472e-01) (4, 5.75306552543646404496e-02) (5, 2.49064485564164037057e-02) (6, -7.03527682249980180346e-03) (7, -1.51018897626532977441e-01) (8, 8.77327768887780301554e+00) (9, -3.57088231763685826081e+00) (10, 3.58880979963451141046e-01) (11, -1.39806181939456508623e+00) 
