FANN_FLO_2.1
num_layers=3
learning_rate=0.700000
connection_rate=1.000000
network_type=0
learning_momentum=0.000000
training_algorithm=2
train_error_function=1
train_stop_function=1
cascade_output_change_fraction=0.010000
quickprop_decay=-0.000100
quickprop_mu=1.750000
rprop_increase_factor=1.200000
rprop_decrease_factor=0.500000
rprop_delta_min=0.000000
rprop_delta_max=50.000000
rprop_delta_zero=0.100000
cascade_output_stagnation_epochs=12
cascade_candidate_change_fraction=0.010000
cascade_candidate_stagnation_epochs=12
cascade_max_out_epochs=150
cascade_min_out_epochs=50
cascade_max_cand_epochs=150
cascade_min_cand_epochs=50
cascade_num_candidate_groups=2
bit_fail_limit=1.00000000000000005551e-01
cascade_candidate_limit=1.00000000000000000000e+03
cascade_weight_multiplier=4.00000000000000022204e-01
cascade_activation_functions_count=10
cascade_activation_functions=3 5 7 8 10 11 14 15 16 17 
cascade_activation_steepnesses_count=4
cascade_activation_steepnesses=2.50000000000000000000e-01 5.00000000000000000000e-01 7.50000000000000000000e-01 1.00000000000000000000e+00 
layer_sizes=6 4 2 
scale_included=0
neurons (num_inputs, activation_function, activation_steepness)=(0, 0, 0.00000000000000000000e+00) (0, 0, 0.00000000000000000000e+00) (0, 0, 0.00000000000000000000e+00) (0, 0, 0.00000000000000000000e+00) (0, 0, 0.00000000000000000000e+00) (0, 0, 0.00000000000000000000e+00) (6, 6, 5.00000000000000000000e-01) (6, 6, 5.00000000000000000000e-01) (6, 6, 5.00000000000000000000e-01) (0, 6, 0.00000000000000000000e+00) (4, 4, 5.00000000000000000000e-01) (0, 4, 0.00000000000000000000e+00) 
connections (connected_to_neuron, weight)=(0, -6.82968060192401110742e-02) (1, 1.32999679629269312864e-01) (2, 2.33922099952675788259e+00) (3, 1.44836505506350854411e+00) (4, 1.01411878690074108711e+00) (5, -5.88765309402902503599e-01) (0, -1.39700952482061024895e+00) (1, 2.11778784865211688881e+00) (2, 2.83541807745937646246e+00) (3, 1.08858551938782133206e+00) (4, 9.86990105481768575935e-01) (5, -2.61040552438416506575e+00) (0, -1.25205114643779213957e+00) (1, 3.79892767965235167438e+00) (2, 1.71433018271635018159e+00) (3, 2.69506272722130413300e+00) (4, 3.25002790086275750170e+00) (5, -5.89516018262635732583e+00) (6, 1.18515421091681893984e+00) (7, 3.85434964061280060932e+00) (8, 4.36107620684390653309e+01) (9, -3.44720018090977875502e+00) 
