FANN_FLO_2.1
num_layers=3
learning_rate=0.700000
connection_rate=1.000000
network_type=0
learning_momentum=0.000000
training_algorithm=2
train_error_function=1
train_stop_function=1
cascade_output_change_fraction=0.010000
quickprop_decay=-0.000100
quickprop_mu=1.750000
rprop_increase_factor=1.200000
rprop_decrease_factor=0.500000
rprop_delta_min=0.000000
rprop_delta_max=50.000000
rprop_delta_zero=0.100000
cascade_output_stagnation_epochs=12
cascade_candidate_change_fraction=0.010000
cascade_candidate_stagnation_epochs=12
cascade_max_out_epochs=150
cascade_min_out_epochs=50
cascade_max_cand_epochs=150
cascade_min_cand_epochs=50
cascade_num_candidate_groups=2
bit_fail_limit=1.00000000000000005551e-01
cascade_candidate_limit=1.00000000000000000000e+03
cascade_weight_multiplier=4.00000000000000022204e-01
cascade_activation_functions_count=10
cascade_activation_functions=3 5 7 8 10 11 14 15 16 17 
cascade_activation_steepnesses_count=4
cascade_activation_steepnesses=2.50000000000000000000e-01 5.00000000000000000000e-01 7.50000000000000000000e-01 1.00000000000000000000e+00 
layer_sizes=12 4 2 
scale_included=0
neurons (num_inputs, activation_function, activation_steepness)=(0, 0, 0.00000000000000000000e+00) (0, 0, 0.00000000000000000000e+00) (0, 0, 0.00000000000000000000e+00) (0, 0, 0.00000000000000000000e+00) (0, 0, 0.00000000000000000000e+00) (0, 0, 0.00000000000000000000e+00) (0, 0, 0.00000000000000000000e+00) (0, 0, 0.00000000000000000000e+00) (0, 0, 0.00000000000000000000e+00) (0, 0, 0.00000000000000000000e+00) (0, 0, 0.00000000000000000000e+00) (0, 0, 0.00000000000000000000e+00) (12, 6, 5.00000000000000000000e-01) (12, 6, 5.00000000000000000000e-01) (12, 6, 5.00000000000000000000e-01) (0, 6, 0.00000000000000000000e+00) (4, 4, 5.00000000000000000000e-01) (0, 4, 0.00000000000000000000e+00) 
connections (connected_to_neuron, weight)=(0, 4.87854811466340620996e+00) (1, 2.53354460241264956011e+00) (2, 1.31356433704374642168e+00) (3, 7.53198467391889003864e-02) (4, 3.98782106998790797370e-01) (5, 2.54710578120085351372e+00) (6, 1.76518294911127848756e+00) (7, 2.69624448952144657454e-01) (8, 6.71668856458444984980e-01) (9, 2.59173578804324078462e+00) (10, 4.78967893521140608559e-01) (11, -3.99085772352415535380e+00) (0, 4.34271404422756734931e+00) (1, 2.60108498749579641895e+00) (2, 1.86186573143590305968e+00) (3, 7.32150052322977695773e-01) (4, 8.54143043284715575147e-01) (5, 2.60321363081668311068e+00) (6, 1.74739128257759257501e+00) (7, 6.64714599127031013914e-01) (8, 2.05772013521210217490e+00) (9, 2.59520110150764393708e+00) (10, 5.81231142978022585766e-01) (11, -4.61119295552679275829e+00) (0, -1.75001258514735291705e+00) (1, -1.50467178331818707271e+00) (2, -1.65224490898400133698e-01) (3, 3.57168862281913745971e-01) (4, 5.37570715775787189017e-01) (5, -1.58478924834522039156e+00) (6, -6.44195936411140479549e-01) (7, 1.32907678730634443154e-01) (8, -4.16172805362907638482e+00) (9, -1.44003722456396743290e+00) (10, 2.04880378305397403693e-01) (11, 2.53353394874287429772e+00) (12, 6.96180296422232824938e+00) (13, 5.46936031976661070075e+01) (14, -2.47581369747473356568e+00) (15, -1.14881606334175989659e+00) 
