FANN_FLO_2.1
num_layers=3
learning_rate=0.700000
connection_rate=1.000000
network_type=0
learning_momentum=0.000000
training_algorithm=2
train_error_function=1
train_stop_function=1
cascade_output_change_fraction=0.010000
quickprop_decay=-0.000100
quickprop_mu=1.750000
rprop_increase_factor=1.200000
rprop_decrease_factor=0.500000
rprop_delta_min=0.000000
rprop_delta_max=50.000000
rprop_delta_zero=0.100000
cascade_output_stagnation_epochs=12
cascade_candidate_change_fraction=0.010000
cascade_candidate_stagnation_epochs=12
cascade_max_out_epochs=150
cascade_min_out_epochs=50
cascade_max_cand_epochs=150
cascade_min_cand_epochs=50
cascade_num_candidate_groups=2
bit_fail_limit=1.00000000000000005551e-01
cascade_candidate_limit=1.00000000000000000000e+03
cascade_weight_multiplier=4.00000000000000022204e-01
cascade_activation_functions_count=10
cascade_activation_functions=3 5 7 8 10 11 14 15 16 17 
cascade_activation_steepnesses_count=4
cascade_activation_steepnesses=2.50000000000000000000e-01 5.00000000000000000000e-01 7.50000000000000000000e-01 1.00000000000000000000e+00 
layer_sizes=14 4 2 
scale_included=0
neurons (num_inputs, activation_function, activation_steepness)=(0, 0, 0.00000000000000000000e+00) (0, 0, 0.00000000000000000000e+00) (0, 0, 0.00000000000000000000e+00) (0, 0, 0.00000000000000000000e+00) (0, 0, 0.00000000000000000000e+00) (0, 0, 0.00000000000000000000e+00) (0, 0, 0.00000000000000000000e+00) (0, 0, 0.00000000000000000000e+00) (0, 0, 0.00000000000000000000e+00) (0, 0, 0.00000000000000000000e+00) (0, 0, 0.00000000000000000000e+00) (0, 0, 0.00000000000000000000e+00) (0, 0, 0.00000000000000000000e+00) (0, 0, 0.00000000000000000000e+00) (14, 6, 5.00000000000000000000e-01) (14, 6, 5.00000000000000000000e-01) (14, 6, 5.00000000000000000000e-01) (0, 6, 0.00000000000000000000e+00) (4, 4, 5.00000000000000000000e-01) (0, 4, 0.00000000000000000000e+00) 
connections (connected_to_neuron, weight)=(0, -3.71889226473414957752e+00) (1, 1.17749091565160957096e+00) (2, 8.33210122421676357973e-01) (3, 5.22617116087093144805e-02) (4, 1.44822401493203556377e+00) (5, 6.55205835936844893652e-01) (6, 9.29542732075149258364e-01) (7, 1.13263050610672055818e+00) (8, 9.19240329996043881167e-01) (9, 1.10146891138642755159e+00) (10, 1.20413988421749107438e+00) (11, 3.92342530771235473153e-02) (12, -1.15876452390673706505e-03) (13, -1.36108471770545214063e+00) (0, -3.68393353707635462513e+00) (1, 1.15504422366171088932e+00) (2, 9.98820562497073627384e-01) (3, 5.48017262929096013457e-02) (4, 1.35864834427249348003e+00) (5, 7.04719906090081282812e-01) (6, 9.58279107347423275698e-01) (7, 1.14780598277698575593e+00) (8, 9.02527507975990017641e-01) (9, 1.11882889083713021883e+00) (10, 1.14466796408485405045e+00) (11, 5.62044256015757567879e-02) (12, -3.04043124741745496298e-02) (13, -1.38129688371678560621e+00) (0, -3.58394780344808161487e+00) (1, 1.08644342004804772550e+00) (2, 8.19266100064212521303e-01) (3, -9.61569840380055995688e-02) (4, 2.02739985059485627872e+00) (5, 9.41990193978660794727e-01) (6, 8.71792462304527004946e-01) (7, 1.05688702458988248445e+00) (8, 9.12745472625190457094e-01) (9, 1.28896928391545739778e+00) (10, 1.12577677111219398576e+00) (11, -1.06329073698904139067e-01) (12, 5.60648088031577840340e-02) (13, -1.37348417510052889234e+00) (14, 1.46355273262632952225e+01) (15, 1.45746049941552744400e+01) (16, 5.38138676476558419637e+00) (17, -9.76218730374041832043e-01) 
