FANN_FLO_2.1
num_layers=3
learning_rate=0.700000
connection_rate=1.000000
network_type=0
learning_momentum=0.000000
training_algorithm=2
train_error_function=1
train_stop_function=1
cascade_output_change_fraction=0.010000
quickprop_decay=-0.000100
quickprop_mu=1.750000
rprop_increase_factor=1.200000
rprop_decrease_factor=0.500000
rprop_delta_min=0.000000
rprop_delta_max=50.000000
rprop_delta_zero=0.100000
cascade_output_stagnation_epochs=12
cascade_candidate_change_fraction=0.010000
cascade_candidate_stagnation_epochs=12
cascade_max_out_epochs=150
cascade_min_out_epochs=50
cascade_max_cand_epochs=150
cascade_min_cand_epochs=50
cascade_num_candidate_groups=2
bit_fail_limit=1.00000000000000005551e-01
cascade_candidate_limit=1.00000000000000000000e+03
cascade_weight_multiplier=4.00000000000000022204e-01
cascade_activation_functions_count=10
cascade_activation_functions=3 5 7 8 10 11 14 15 16 17 
cascade_activation_steepnesses_count=4
cascade_activation_steepnesses=2.50000000000000000000e-01 5.00000000000000000000e-01 7.50000000000000000000e-01 1.00000000000000000000e+00 
layer_sizes=7 4 2 
scale_included=0
neurons (num_inputs, activation_function, activation_steepness)=(0, 0, 0.00000000000000000000e+00) (0, 0, 0.00000000000000000000e+00) (0, 0, 0.00000000000000000000e+00) (0, 0, 0.00000000000000000000e+00) (0, 0, 0.00000000000000000000e+00) (0, 0, 0.00000000000000000000e+00) (0, 0, 0.00000000000000000000e+00) (7, 6, 5.00000000000000000000e-01) (7, 6, 5.00000000000000000000e-01) (7, 6, 5.00000000000000000000e-01) (0, 6, 0.00000000000000000000e+00) (4, 4, 5.00000000000000000000e-01) (0, 4, 0.00000000000000000000e+00) 
connections (connected_to_neuron, weight)=(0, -1.23702094618010116633e+00) (1, -1.24680947496244121098e+00) (2, -1.20748217992112394370e+00) (3, -1.24468869714448304720e+00) (4, -1.11535343335997239045e+00) (5, -4.61863007313927931285e-01) (6, 1.62144092617652990640e+00) (0, -1.23086333933996749934e+00) (1, -1.15443637205907512211e+00) (2, -1.19802682689950223960e+00) (3, -1.27519702164838166780e+00) (4, -1.10726346256267205170e+00) (5, -5.08660349912366194225e-01) (6, 1.65248754022739507974e+00) (0, -2.36007446524430619661e+00) (1, -1.27865068521420544023e+00) (2, -1.12553587399050947226e+00) (3, -1.16665408387842695070e+00) (4, 2.46781778708202592654e+00) (5, 3.85416870498399966039e+00) (6, 1.73738635161295018605e+00) (7, -2.10662469654761608240e+01) (8, -2.10914749107741172907e+01) (9, -2.49738110831854598359e+00) (10, -9.34656965823148055961e-01) 
