FANN_FLO_2.1
num_layers=3
learning_rate=0.700000
connection_rate=1.000000
network_type=0
learning_momentum=0.000000
training_algorithm=2
train_error_function=1
train_stop_function=1
cascade_output_change_fraction=0.010000
quickprop_decay=-0.000100
quickprop_mu=1.750000
rprop_increase_factor=1.200000
rprop_decrease_factor=0.500000
rprop_delta_min=0.000000
rprop_delta_max=50.000000
rprop_delta_zero=0.100000
cascade_output_stagnation_epochs=12
cascade_candidate_change_fraction=0.010000
cascade_candidate_stagnation_epochs=12
cascade_max_out_epochs=150
cascade_min_out_epochs=50
cascade_max_cand_epochs=150
cascade_min_cand_epochs=50
cascade_num_candidate_groups=2
bit_fail_limit=1.00000000000000005551e-01
cascade_candidate_limit=1.00000000000000000000e+03
cascade_weight_multiplier=4.00000000000000022204e-01
cascade_activation_functions_count=10
cascade_activation_functions=3 5 7 8 10 11 14 15 16 17 
cascade_activation_steepnesses_count=4
cascade_activation_steepnesses=2.50000000000000000000e-01 5.00000000000000000000e-01 7.50000000000000000000e-01 1.00000000000000000000e+00 
layer_sizes=9 4 2 
scale_included=0
neurons (num_inputs, activation_function, activation_steepness)=(0, 0, 0.00000000000000000000e+00) (0, 0, 0.00000000000000000000e+00) (0, 0, 0.00000000000000000000e+00) (0, 0, 0.00000000000000000000e+00) (0, 0, 0.00000000000000000000e+00) (0, 0, 0.00000000000000000000e+00) (0, 0, 0.00000000000000000000e+00) (0, 0, 0.00000000000000000000e+00) (0, 0, 0.00000000000000000000e+00) (9, 6, 5.00000000000000000000e-01) (9, 6, 5.00000000000000000000e-01) (9, 6, 5.00000000000000000000e-01) (0, 6, 0.00000000000000000000e+00) (4, 4, 5.00000000000000000000e-01) (0, 4, 0.00000000000000000000e+00) 
connections (connected_to_neuron, weight)=(0, 2.35169995974646356407e-01) (1, -1.62130627979346009226e+00) (2, -1.16153330642862662181e+00) (3, -1.71894111825023876428e+00) (4, -7.85723792039669466369e-01) (5, 2.41676154556497213566e-01) (6, -1.79489989080834022595e+00) (7, 1.90407095883892529820e+00) (8, 1.45496378733439790665e+00) (0, 1.94618475090609338585e-01) (1, -1.71060248662539216014e+00) (2, -8.79718905736635692350e-01) (3, -1.67853472350035937133e+00) (4, -7.47179457568443727844e-01) (5, 2.81259241523965475285e-01) (6, -1.64291200288939198693e+00) (7, 1.95827364210890286778e+00) (8, 1.38400882376952516495e+00) (0, 1.65364176433430515312e-01) (1, -1.67257373233147355052e+00) (2, -1.24062101829929694041e+00) (3, -1.76036356357728229760e+00) (4, -6.16547504090584230774e-01) (5, 1.42866431745513555729e-01) (6, -1.81872131922649971081e+00) (7, 1.89018564705656522129e+00) (8, 1.42732940508647310196e+00) (9, -3.44585581795695858887e+01) (10, -1.71191424251092669806e+01) (11, -1.71686333686603305182e+01) (12, -5.91652879694255395826e-01) 
