FANN_FLO_2.1
num_layers=3
learning_rate=0.700000
connection_rate=1.000000
network_type=0
learning_momentum=0.000000
training_algorithm=2
train_error_function=1
train_stop_function=1
cascade_output_change_fraction=0.010000
quickprop_decay=-0.000100
quickprop_mu=1.750000
rprop_increase_factor=1.200000
rprop_decrease_factor=0.500000
rprop_delta_min=0.000000
rprop_delta_max=50.000000
rprop_delta_zero=0.100000
cascade_output_stagnation_epochs=12
cascade_candidate_change_fraction=0.010000
cascade_candidate_stagnation_epochs=12
cascade_max_out_epochs=150
cascade_min_out_epochs=50
cascade_max_cand_epochs=150
cascade_min_cand_epochs=50
cascade_num_candidate_groups=2
bit_fail_limit=1.00000000000000005551e-01
cascade_candidate_limit=1.00000000000000000000e+03
cascade_weight_multiplier=4.00000000000000022204e-01
cascade_activation_functions_count=10
cascade_activation_functions=3 5 7 8 10 11 14 15 16 17 
cascade_activation_steepnesses_count=4
cascade_activation_steepnesses=2.50000000000000000000e-01 5.00000000000000000000e-01 7.50000000000000000000e-01 1.00000000000000000000e+00 
layer_sizes=11 4 2 
scale_included=0
neurons (num_inputs, activation_function, activation_steepness)=(0, 0, 0.00000000000000000000e+00) (0, 0, 0.00000000000000000000e+00) (0, 0, 0.00000000000000000000e+00) (0, 0, 0.00000000000000000000e+00) (0, 0, 0.00000000000000000000e+00) (0, 0, 0.00000000000000000000e+00) (0, 0, 0.00000000000000000000e+00) (0, 0, 0.00000000000000000000e+00) (0, 0, 0.00000000000000000000e+00) (0, 0, 0.00000000000000000000e+00) (0, 0, 0.00000000000000000000e+00) (11, 6, 5.00000000000000000000e-01) (11, 6, 5.00000000000000000000e-01) (11, 6, 5.00000000000000000000e-01) (0, 6, 0.00000000000000000000e+00) (4, 4, 5.00000000000000000000e-01) (0, 4, 0.00000000000000000000e+00) 
connections (connected_to_neuron, weight)=(0, -2.85243589923428819688e+00) (1, 4.58010913464390423400e+00) (2, 2.61796545680116565791e+00) (3, 1.52247432977488039718e+00) (4, 2.99709011579876349884e+00) (5, 1.84479572741486408383e+00) (6, 4.94869835007326219767e+00) (7, 1.06685115420472431680e+00) (8, 1.09307900579452832446e+00) (9, 2.58841764176230526573e+00) (10, -5.19419989937695447679e+00) (0, -1.05133388868382371406e+00) (1, 8.32262712580596031309e-01) (2, -3.50279460148622323601e-01) (3, -1.63557673105144307790e+00) (4, 4.77379774803887380052e-01) (5, -6.37850687927143944478e-01) (6, 1.68872011591600235114e+00) (7, -2.74857332289494882271e-01) (8, -6.60591466642917568564e-01) (9, 1.43245803838324303747e-01) (10, -4.88321883110061749633e-01) (0, 1.99190273792091554483e+00) (1, 3.57526520064589237169e-01) (2, -2.60621050737106791928e+01) (3, 1.94258456990078953730e+00) (4, -3.12142236301671172072e+00) (5, 5.33165315949506446458e-01) (6, 3.30990784079487510017e-01) (7, 2.49921728956402827704e-01) (8, 8.01788616319323410586e-01) (9, -1.01693265202275640036e+00) (10, 1.91560403913799470743e+00) (11, 8.79319565381310574992e+00) (12, 1.69367424766664820268e+00) (13, -3.13249082607784012922e+00) (14, -1.36624045982375763586e+00) 
