FANN_FLO_2.1
num_layers=3
learning_rate=0.700000
connection_rate=1.000000
network_type=0
learning_momentum=0.000000
training_algorithm=2
train_error_function=1
train_stop_function=1
cascade_output_change_fraction=0.010000
quickprop_decay=-0.000100
quickprop_mu=1.750000
rprop_increase_factor=1.200000
rprop_decrease_factor=0.500000
rprop_delta_min=0.000000
rprop_delta_max=50.000000
rprop_delta_zero=0.100000
cascade_output_stagnation_epochs=12
cascade_candidate_change_fraction=0.010000
cascade_candidate_stagnation_epochs=12
cascade_max_out_epochs=150
cascade_min_out_epochs=50
cascade_max_cand_epochs=150
cascade_min_cand_epochs=50
cascade_num_candidate_groups=2
bit_fail_limit=1.00000000000000005551e-01
cascade_candidate_limit=1.00000000000000000000e+03
cascade_weight_multiplier=4.00000000000000022204e-01
cascade_activation_functions_count=10
cascade_activation_functions=3 5 7 8 10 11 14 15 16 17 
cascade_activation_steepnesses_count=4
cascade_activation_steepnesses=2.50000000000000000000e-01 5.00000000000000000000e-01 7.50000000000000000000e-01 1.00000000000000000000e+00 
layer_sizes=13 4 2 
scale_included=0
neurons (num_inputs, activation_function, activation_steepness)=(0, 0, 0.00000000000000000000e+00) (0, 0, 0.00000000000000000000e+00) (0, 0, 0.00000000000000000000e+00) (0, 0, 0.00000000000000000000e+00) (0, 0, 0.00000000000000000000e+00) (0, 0, 0.00000000000000000000e+00) (0, 0, 0.00000000000000000000e+00) (0, 0, 0.00000000000000000000e+00) (0, 0, 0.00000000000000000000e+00) (0, 0, 0.00000000000000000000e+00) (0, 0, 0.00000000000000000000e+00) (0, 0, 0.00000000000000000000e+00) (0, 0, 0.00000000000000000000e+00) (13, 6, 5.00000000000000000000e-01) (13, 6, 5.00000000000000000000e-01) (13, 6, 5.00000000000000000000e-01) (0, 6, 0.00000000000000000000e+00) (4, 4, 5.00000000000000000000e-01) (0, 4, 0.00000000000000000000e+00) 
connections (connected_to_neuron, weight)=(0, -8.04155380970207889213e-01) (1, 2.24027534061612731975e+00) (2, 2.29820215041404951606e+00) (3, 6.12116666677676835029e-01) (4, 1.57007448353237599736e-01) (5, -1.19284156540840546867e+00) (6, 5.06794745269500634954e-01) (7, -9.93353804089243674902e-01) (8, 2.30149675589098112738e+00) (9, -1.06461204169621614923e+00) (10, 2.88222337985832521845e-01) (11, -7.02857782638041439505e-01) (12, -2.46176747386116145933e+00) (0, 3.59094556221224325832e-01) (1, -8.65508082200962758357e-01) (2, -3.69653188014627653857e-01) (3, 9.81909320594707285546e-02) (4, 4.14552693610977684990e-01) (5, 2.82190119715992782101e-01) (6, 1.92921199700434142787e-01) (7, 2.19355158498077562612e+00) (8, -2.65425098305280104949e-01) (9, 5.57629699201123152363e-01) (10, 1.13150541195553816509e-01) (11, 5.88767426727362264138e-01) (12, 4.21799462088800924953e-01) (0, -5.10543643395872770441e-01) (1, 1.35230396373841044166e+00) (2, 1.23123177182535048502e+00) (3, 7.55673503701745574723e-01) (4, -5.16489772956343240473e-01) (5, -1.96069231146937195120e-01) (6, 5.40214096831539092314e-01) (7, -1.35137943815453054341e+00) (8, 7.03241123765621978237e-01) (9, -5.28595764919196020593e-01) (10, 5.20503502740744639077e-01) (11, -4.38638197374045746280e-01) (12, -4.69061403434248735955e-01) (13, 1.80724487381989256107e+01) (14, -1.41364550621600337799e+00) (15, 3.48055102326657150869e-01) (16, -1.74372259573870191929e+00) 
