FANN_FLO_2.1
num_layers=3
learning_rate=0.700000
connection_rate=1.000000
network_type=0
learning_momentum=0.000000
training_algorithm=2
train_error_function=1
train_stop_function=1
cascade_output_change_fraction=0.010000
quickprop_decay=-0.000100
quickprop_mu=1.750000
rprop_increase_factor=1.200000
rprop_decrease_factor=0.500000
rprop_delta_min=0.000000
rprop_delta_max=50.000000
rprop_delta_zero=0.100000
cascade_output_stagnation_epochs=12
cascade_candidate_change_fraction=0.010000
cascade_candidate_stagnation_epochs=12
cascade_max_out_epochs=150
cascade_min_out_epochs=50
cascade_max_cand_epochs=150
cascade_min_cand_epochs=50
cascade_num_candidate_groups=2
bit_fail_limit=1.00000000000000005551e-01
cascade_candidate_limit=1.00000000000000000000e+03
cascade_weight_multiplier=4.00000000000000022204e-01
cascade_activation_functions_count=10
cascade_activation_functions=3 5 7 8 10 11 14 15 16 17 
cascade_activation_steepnesses_count=4
cascade_activation_steepnesses=2.50000000000000000000e-01 5.00000000000000000000e-01 7.50000000000000000000e-01 1.00000000000000000000e+00 
layer_sizes=10 4 2 
scale_included=0
neurons (num_inputs, activation_function, activation_steepness)=(0, 0, 0.00000000000000000000e+00) (0, 0, 0.00000000000000000000e+00) (0, 0, 0.00000000000000000000e+00) (0, 0, 0.00000000000000000000e+00) (0, 0, 0.00000000000000000000e+00) (0, 0, 0.00000000000000000000e+00) (0, 0, 0.00000000000000000000e+00) (0, 0, 0.00000000000000000000e+00) (0, 0, 0.00000000000000000000e+00) (0, 0, 0.00000000000000000000e+00) (10, 6, 5.00000000000000000000e-01) (10, 6, 5.00000000000000000000e-01) (10, 6, 5.00000000000000000000e-01) (0, 6, 0.00000000000000000000e+00) (4, 4, 5.00000000000000000000e-01) (0, 4, 0.00000000000000000000e+00) 
connections (connected_to_neuron, weight)=(0, 3.53653858682794242085e+00) (1, -4.41319956649914946212e+00) (2, -2.67734280348902498048e+00) (3, -3.13533833491740576704e+00) (4, -4.90038289467629895046e-01) (5, 3.67313376176821160257e+00) (6, 1.10393491567447110668e+01) (7, -3.28365131868441695318e+00) (8, -3.18781874733275971678e+00) (9, 3.56390476307553916158e+00) (0, -4.26209173096281368487e+00) (1, 3.90113864618510852722e+00) (2, 4.10404172621947971322e+00) (3, 3.05181033071438090332e+00) (4, -1.63243476531719333700e+00) (5, -1.34243065330204114360e+00) (6, -1.03596096001318827007e+00) (7, 2.72803389178246868951e+00) (8, 4.49312016140922665386e+00) (9, -4.27815332008463222735e+00) (0, 4.45093413424452521987e-01) (1, -1.34042798082024883222e+00) (2, -8.36996033104446535145e-02) (3, -9.50473273172924182361e-01) (4, -6.67442135535030622862e-01) (5, 3.17763681265301467516e-01) (6, 2.62072158692524759260e-01) (7, -8.14827898743131995296e-01) (8, -8.92711303867029681847e-01) (9, 6.91685345259309469768e-01) (10, -1.64386826203398905832e+00) (11, 1.01971182029921827450e+01) (12, -1.48543685290666416243e+00) (13, -1.38500310479074784098e+00) 
