FANN_FLO_2.1
num_layers=3
learning_rate=0.700000
connection_rate=1.000000
network_type=0
learning_momentum=0.000000
training_algorithm=2
train_error_function=1
train_stop_function=1
cascade_output_change_fraction=0.010000
quickprop_decay=-0.000100
quickprop_mu=1.750000
rprop_increase_factor=1.200000
rprop_decrease_factor=0.500000
rprop_delta_min=0.000000
rprop_delta_max=50.000000
rprop_delta_zero=0.100000
cascade_output_stagnation_epochs=12
cascade_candidate_change_fraction=0.010000
cascade_candidate_stagnation_epochs=12
cascade_max_out_epochs=150
cascade_min_out_epochs=50
cascade_max_cand_epochs=150
cascade_min_cand_epochs=50
cascade_num_candidate_groups=2
bit_fail_limit=1.00000000000000005551e-01
cascade_candidate_limit=1.00000000000000000000e+03
cascade_weight_multiplier=4.00000000000000022204e-01
cascade_activation_functions_count=10
cascade_activation_functions=3 5 7 8 10 11 14 15 16 17 
cascade_activation_steepnesses_count=4
cascade_activation_steepnesses=2.50000000000000000000e-01 5.00000000000000000000e-01 7.50000000000000000000e-01 1.00000000000000000000e+00 
layer_sizes=9 4 2 
scale_included=0
neurons (num_inputs, activation_function, activation_steepness)=(0, 0, 0.00000000000000000000e+00) (0, 0, 0.00000000000000000000e+00) (0, 0, 0.00000000000000000000e+00) (0, 0, 0.00000000000000000000e+00) (0, 0, 0.00000000000000000000e+00) (0, 0, 0.00000000000000000000e+00) (0, 0, 0.00000000000000000000e+00) (0, 0, 0.00000000000000000000e+00) (0, 0, 0.00000000000000000000e+00) (9, 6, 5.00000000000000000000e-01) (9, 6, 5.00000000000000000000e-01) (9, 6, 5.00000000000000000000e-01) (0, 6, 0.00000000000000000000e+00) (4, 4, 5.00000000000000000000e-01) (0, 4, 0.00000000000000000000e+00) 
connections (connected_to_neuron, weight)=(0, -7.06661676728206483711e-02) (1, 1.94997393331241775094e+00) (2, 1.17342033586808769385e+00) (3, 2.68397395050352827184e+00) (4, -3.60608461896103849043e-01) (5, 8.50417928332411893200e-02) (6, 2.52127032077123081066e+00) (7, 9.45577464313043680733e-01) (8, -1.19815975282097886279e+00) (0, -1.16060966254175404466e-03) (1, 5.99980491008703520350e+00) (2, -1.48843331196318739984e+00) (3, 1.67076000006031022416e+00) (4, -2.69089815979427215975e-01) (5, 3.85941291724744617309e-01) (6, 5.78760757728067254391e+00) (7, -3.94403165147227685594e+00) (8, -2.86608150894801849695e-01) (0, -1.96226767620097453104e+00) (1, 3.25398444887900017974e+00) (2, 4.47197065800362025811e+00) (3, 9.99794135638257763787e+00) (4, -9.87482871154800267988e-01) (5, -2.37333781727051967847e-01) (6, 4.56297318438068888469e+00) (7, 3.72736686719032395132e+00) (8, -4.77192962101556350518e+00) (9, 2.06218815283560591434e-01) (10, 2.99064581407466612006e+00) (11, 2.59977064722735207170e+01) (12, -1.48187814958849167768e-01) 
