FANN_FLO_2.1
num_layers=3
learning_rate=0.700000
connection_rate=1.000000
network_type=0
learning_momentum=0.000000
training_algorithm=2
train_error_function=1
train_stop_function=1
cascade_output_change_fraction=0.010000
quickprop_decay=-0.000100
quickprop_mu=1.750000
rprop_increase_factor=1.200000
rprop_decrease_factor=0.500000
rprop_delta_min=0.000000
rprop_delta_max=50.000000
rprop_delta_zero=0.100000
cascade_output_stagnation_epochs=12
cascade_candidate_change_fraction=0.010000
cascade_candidate_stagnation_epochs=12
cascade_max_out_epochs=150
cascade_min_out_epochs=50
cascade_max_cand_epochs=150
cascade_min_cand_epochs=50
cascade_num_candidate_groups=2
bit_fail_limit=1.00000000000000005551e-01
cascade_candidate_limit=1.00000000000000000000e+03
cascade_weight_multiplier=4.00000000000000022204e-01
cascade_activation_functions_count=10
cascade_activation_functions=3 5 7 8 10 11 14 15 16 17 
cascade_activation_steepnesses_count=4
cascade_activation_steepnesses=2.50000000000000000000e-01 5.00000000000000000000e-01 7.50000000000000000000e-01 1.00000000000000000000e+00 
layer_sizes=7 4 2 
scale_included=0
neurons (num_inputs, activation_function, activation_steepness)=(0, 0, 0.00000000000000000000e+00) (0, 0, 0.00000000000000000000e+00) (0, 0, 0.00000000000000000000e+00) (0, 0, 0.00000000000000000000e+00) (0, 0, 0.00000000000000000000e+00) (0, 0, 0.00000000000000000000e+00) (0, 0, 0.00000000000000000000e+00) (7, 6, 5.00000000000000000000e-01) (7, 6, 5.00000000000000000000e-01) (7, 6, 5.00000000000000000000e-01) (0, 6, 0.00000000000000000000e+00) (4, 4, 5.00000000000000000000e-01) (0, 4, 0.00000000000000000000e+00) 
connections (connected_to_neuron, weight)=(0, -8.99649988152787960516e-01) (1, 1.50911797692590865516e+00) (2, 1.38671019583816623744e+00) (3, -1.62585594199878086252e-01) (4, 7.89757071883547268065e-01) (5, -1.01443984470833137301e+00) (6, -1.43494910282249676925e+00) (0, -1.16270107499883458557e-02) (1, -4.28905581704713934066e-01) (2, 1.98200067983589162113e-01) (3, -9.74174268435425011470e-02) (4, -1.43202742178339309520e-01) (5, 4.84218514231691876670e-01) (6, -2.06030538300805291310e-03) (0, -2.60575813239288933687e+00) (1, 2.37015218397317894983e+00) (2, 2.94159498246586581516e+00) (3, -1.19299944391104273400e+00) (4, 7.37330294684152898199e-01) (5, -1.19104446319074297467e-01) (6, -2.47502667641115792208e+00) (7, 7.82677931112906066780e-01) (8, -2.93173060752053904476e-01) (9, 1.48041536280020658012e+01) (10, -1.20375445932088176448e+00) 
