FANN_FLO_2.1
num_layers=3
learning_rate=0.700000
connection_rate=1.000000
network_type=0
learning_momentum=0.000000
training_algorithm=2
train_error_function=1
train_stop_function=1
cascade_output_change_fraction=0.010000
quickprop_decay=-0.000100
quickprop_mu=1.750000
rprop_increase_factor=1.200000
rprop_decrease_factor=0.500000
rprop_delta_min=0.000000
rprop_delta_max=50.000000
rprop_delta_zero=0.100000
cascade_output_stagnation_epochs=12
cascade_candidate_change_fraction=0.010000
cascade_candidate_stagnation_epochs=12
cascade_max_out_epochs=150
cascade_min_out_epochs=50
cascade_max_cand_epochs=150
cascade_min_cand_epochs=50
cascade_num_candidate_groups=2
bit_fail_limit=1.00000000000000005551e-01
cascade_candidate_limit=1.00000000000000000000e+03
cascade_weight_multiplier=4.00000000000000022204e-01
cascade_activation_functions_count=10
cascade_activation_functions=3 5 7 8 10 11 14 15 16 17 
cascade_activation_steepnesses_count=4
cascade_activation_steepnesses=2.50000000000000000000e-01 5.00000000000000000000e-01 7.50000000000000000000e-01 1.00000000000000000000e+00 
layer_sizes=10 4 2 
scale_included=0
neurons (num_inputs, activation_function, activation_steepness)=(0, 0, 0.00000000000000000000e+00) (0, 0, 0.00000000000000000000e+00) (0, 0, 0.00000000000000000000e+00) (0, 0, 0.00000000000000000000e+00) (0, 0, 0.00000000000000000000e+00) (0, 0, 0.00000000000000000000e+00) (0, 0, 0.00000000000000000000e+00) (0, 0, 0.00000000000000000000e+00) (0, 0, 0.00000000000000000000e+00) (0, 0, 0.00000000000000000000e+00) (10, 6, 5.00000000000000000000e-01) (10, 6, 5.00000000000000000000e-01) (10, 6, 5.00000000000000000000e-01) (0, 6, 0.00000000000000000000e+00) (4, 4, 5.00000000000000000000e-01) (0, 4, 0.00000000000000000000e+00) 
connections (connected_to_neuron, weight)=(0, -1.48445466131785663855e+00) (1, 4.88049432840496422159e+00) (2, -1.48266146364148121428e+00) (3, -8.25399539773668866616e-01) (4, 5.03629496313484104064e+00) (5, -7.46831707213180373550e-01) (6, 5.15554734479153164983e+00) (7, -9.10307956860017086775e-01) (8, 5.23324717906072933715e+00) (9, -7.33095821007185177720e-01) (0, -3.27822174596550164338e+00) (1, 6.90374139248206120101e-01) (2, 1.57786612070121083917e+01) (3, 1.48481512465894527342e-01) (4, 6.69349320030225847233e-01) (5, 2.59733467036323339983e+00) (6, 1.96261298277007306678e-01) (7, 4.20998846972896967333e-01) (8, 8.76269930760589565999e-01) (9, -3.76184118893034158404e+00) (0, 2.31149559923439218423e+00) (1, -3.65131682537959967316e-02) (2, -1.74261891728508722110e+01) (3, 1.15144121389927311938e+00) (4, 1.19057354815237292911e+00) (5, -2.46851593212026143576e+00) (6, 9.72917832745905930558e-01) (7, 7.91606512487164959424e-01) (8, 9.54493178907251937915e-01) (9, 2.96458119996356384007e+00) (10, 3.42436334904431260995e+00) (11, 2.50271975558198933598e+00) (12, -1.42503596100807405911e+00) (13, -3.68675281207573624087e+00) 
