FANN_FLO_2.1
num_layers=3
learning_rate=0.700000
connection_rate=1.000000
network_type=0
learning_momentum=0.000000
training_algorithm=2
train_error_function=1
train_stop_function=1
cascade_output_change_fraction=0.010000
quickprop_decay=-0.000100
quickprop_mu=1.750000
rprop_increase_factor=1.200000
rprop_decrease_factor=0.500000
rprop_delta_min=0.000000
rprop_delta_max=50.000000
rprop_delta_zero=0.100000
cascade_output_stagnation_epochs=12
cascade_candidate_change_fraction=0.010000
cascade_candidate_stagnation_epochs=12
cascade_max_out_epochs=150
cascade_min_out_epochs=50
cascade_max_cand_epochs=150
cascade_min_cand_epochs=50
cascade_num_candidate_groups=2
bit_fail_limit=1.00000000000000005551e-01
cascade_candidate_limit=1.00000000000000000000e+03
cascade_weight_multiplier=4.00000000000000022204e-01
cascade_activation_functions_count=10
cascade_activation_functions=3 5 7 8 10 11 14 15 16 17 
cascade_activation_steepnesses_count=4
cascade_activation_steepnesses=2.50000000000000000000e-01 5.00000000000000000000e-01 7.50000000000000000000e-01 1.00000000000000000000e+00 
layer_sizes=14 4 2 
scale_included=0
neurons (num_inputs, activation_function, activation_steepness)=(0, 0, 0.00000000000000000000e+00) (0, 0, 0.00000000000000000000e+00) (0, 0, 0.00000000000000000000e+00) (0, 0, 0.00000000000000000000e+00) (0, 0, 0.00000000000000000000e+00) (0, 0, 0.00000000000000000000e+00) (0, 0, 0.00000000000000000000e+00) (0, 0, 0.00000000000000000000e+00) (0, 0, 0.00000000000000000000e+00) (0, 0, 0.00000000000000000000e+00) (0, 0, 0.00000000000000000000e+00) (0, 0, 0.00000000000000000000e+00) (0, 0, 0.00000000000000000000e+00) (0, 0, 0.00000000000000000000e+00) (14, 6, 5.00000000000000000000e-01) (14, 6, 5.00000000000000000000e-01) (14, 6, 5.00000000000000000000e-01) (0, 6, 0.00000000000000000000e+00) (4, 4, 5.00000000000000000000e-01) (0, 4, 0.00000000000000000000e+00) 
connections (connected_to_neuron, weight)=(0, -1.38196575367263774226e+00) (1, 2.66796415168323619582e+00) (2, 3.19852083680776866359e+00) (3, 1.35384164349322322352e+00) (4, 2.32397792130808067412e+00) (5, 2.20903353778848154931e+00) (6, 3.29963997489600746604e+00) (7, 2.49882607459532879446e+00) (8, 1.62311608152296837915e+00) (9, -1.49864923601456923041e-01) (10, 1.66649940584590350312e+00) (11, 1.12991218621796285504e+00) (12, -3.58106067282531415064e-01) (13, -3.92678206196254242499e+00) (0, -2.49012972608342431080e-01) (1, 1.74494340731542879608e-01) (2, 1.64300533996321052044e+00) (3, 2.03753597862854823886e-01) (4, -5.27200337692891363162e+00) (5, 1.40392270628512036978e+01) (6, 2.44268730211232965033e+00) (7, 4.77622019072153791708e-01) (8, -2.39641772510318651346e-01) (9, 4.43544092640085541035e-01) (10, 8.93483114090328212065e-01) (11, 2.47739661628608331956e-01) (12, 2.06570044095925081651e-01) (13, -2.11490842558769043258e-01) (0, -2.13818750937588664129e+00) (1, 2.74093876648225887038e+00) (2, 2.68781715414173660861e+00) (3, 1.22580986441259387476e+00) (4, 2.28115857780079078765e+00) (5, 2.23987361429461984130e+00) (6, 3.25533297023563950034e+00) (7, 2.13013074777833866236e+00) (8, 2.76793037479054637728e+00) (9, -8.30836730197021977595e-01) (10, 1.71509494607140933198e+00) (11, 1.14214180762833272809e+00) (12, -2.27291380864951875207e-01) (13, -3.37836776332085131358e+00) (14, 1.00117680467363001640e+01) (15, 4.06717992149996265816e-01) (16, 2.07123089277770624506e+01) (17, -1.40044126003151570004e+00) 
