FANN_FLO_2.1
num_layers=3
learning_rate=0.700000
connection_rate=1.000000
network_type=0
learning_momentum=0.000000
training_algorithm=2
train_error_function=1
train_stop_function=1
cascade_output_change_fraction=0.010000
quickprop_decay=-0.000100
quickprop_mu=1.750000
rprop_increase_factor=1.200000
rprop_decrease_factor=0.500000
rprop_delta_min=0.000000
rprop_delta_max=50.000000
rprop_delta_zero=0.100000
cascade_output_stagnation_epochs=12
cascade_candidate_change_fraction=0.010000
cascade_candidate_stagnation_epochs=12
cascade_max_out_epochs=150
cascade_min_out_epochs=50
cascade_max_cand_epochs=150
cascade_min_cand_epochs=50
cascade_num_candidate_groups=2
bit_fail_limit=1.00000000000000005551e-01
cascade_candidate_limit=1.00000000000000000000e+03
cascade_weight_multiplier=4.00000000000000022204e-01
cascade_activation_functions_count=10
cascade_activation_functions=3 5 7 8 10 11 14 15 16 17 
cascade_activation_steepnesses_count=4
cascade_activation_steepnesses=2.50000000000000000000e-01 5.00000000000000000000e-01 7.50000000000000000000e-01 1.00000000000000000000e+00 
layer_sizes=6 4 2 
scale_included=0
neurons (num_inputs, activation_function, activation_steepness)=(0, 0, 0.00000000000000000000e+00) (0, 0, 0.00000000000000000000e+00) (0, 0, 0.00000000000000000000e+00) (0, 0, 0.00000000000000000000e+00) (0, 0, 0.00000000000000000000e+00) (0, 0, 0.00000000000000000000e+00) (6, 6, 5.00000000000000000000e-01) (6, 6, 5.00000000000000000000e-01) (6, 6, 5.00000000000000000000e-01) (0, 6, 0.00000000000000000000e+00) (4, 4, 5.00000000000000000000e-01) (0, 4, 0.00000000000000000000e+00) 
connections (connected_to_neuron, weight)=(0, 6.14010814980828811827e+00) (1, -8.54179685663232768356e-01) (2, 9.71358274242883368288e+00) (3, 2.48403489709045777190e+00) (4, -2.91638788875128063260e-01) (5, 6.17724943564498385484e+00) (0, -3.01536200328892223244e-01) (1, 3.05413589259694688849e+01) (2, -6.38840087730730665783e+00) (3, 4.27477159672550344194e-01) (4, 7.03113399327750743240e-01) (5, -4.52996398166094882409e-01) (0, -1.61351733707721467503e+00) (1, 1.96353802759581941295e+00) (2, 8.00675815767591281258e+00) (3, -1.51170158671856819099e-02) (4, 1.44074151208658740586e+00) (5, -3.95402306992228647076e+00) (6, -2.09465130822149836476e+00) (7, 3.68246403853136428097e+00) (8, 5.31310776371656956485e+00) (9, -2.28436664590926019613e+00) 
