FANN_FLO_2.1
num_layers=3
learning_rate=0.700000
connection_rate=1.000000
network_type=0
learning_momentum=0.000000
training_algorithm=2
train_error_function=1
train_stop_function=1
cascade_output_change_fraction=0.010000
quickprop_decay=-0.000100
quickprop_mu=1.750000
rprop_increase_factor=1.200000
rprop_decrease_factor=0.500000
rprop_delta_min=0.000000
rprop_delta_max=50.000000
rprop_delta_zero=0.100000
cascade_output_stagnation_epochs=12
cascade_candidate_change_fraction=0.010000
cascade_candidate_stagnation_epochs=12
cascade_max_out_epochs=150
cascade_min_out_epochs=50
cascade_max_cand_epochs=150
cascade_min_cand_epochs=50
cascade_num_candidate_groups=2
bit_fail_limit=1.00000000000000005551e-01
cascade_candidate_limit=1.00000000000000000000e+03
cascade_weight_multiplier=4.00000000000000022204e-01
cascade_activation_functions_count=10
cascade_activation_functions=3 5 7 8 10 11 14 15 16 17 
cascade_activation_steepnesses_count=4
cascade_activation_steepnesses=2.50000000000000000000e-01 5.00000000000000000000e-01 7.50000000000000000000e-01 1.00000000000000000000e+00 
layer_sizes=9 4 2 
scale_included=0
neurons (num_inputs, activation_function, activation_steepness)=(0, 0, 0.00000000000000000000e+00) (0, 0, 0.00000000000000000000e+00) (0, 0, 0.00000000000000000000e+00) (0, 0, 0.00000000000000000000e+00) (0, 0, 0.00000000000000000000e+00) (0, 0, 0.00000000000000000000e+00) (0, 0, 0.00000000000000000000e+00) (0, 0, 0.00000000000000000000e+00) (0, 0, 0.00000000000000000000e+00) (9, 6, 5.00000000000000000000e-01) (9, 6, 5.00000000000000000000e-01) (9, 6, 5.00000000000000000000e-01) (0, 6, 0.00000000000000000000e+00) (4, 4, 5.00000000000000000000e-01) (0, 4, 0.00000000000000000000e+00) 
connections (connected_to_neuron, weight)=(0, -7.77019955509299642404e-02) (1, 1.42277760792604657247e+00) (2, 4.55956458385540830403e-01) (3, -6.73640275720258432934e-03) (4, 5.77905885215355685780e-01) (5, 1.08450700913301750772e-01) (6, -6.22364379757041341623e-02) (7, -1.13491110274601958441e-01) (8, -1.92344325064956633842e-01) (0, 3.45275047863820350180e-01) (1, -1.24317425344816245847e+00) (2, -3.06708349829270310316e-01) (3, 2.85146856566583173365e-01) (4, -3.14969464188172287855e-01) (5, -1.09389968354899030922e-01) (6, 3.29792300125276049982e-01) (7, 3.78738948961411969751e-01) (8, 3.91395229543545997153e-01) (0, 2.02034208311492990973e+00) (1, -8.61598665346217451599e+00) (2, 2.02969258134304136876e-02) (3, 1.27760435250207882163e+00) (4, 7.11241905991970152501e-02) (5, 4.46291102649172100048e-01) (6, 1.86687187238390062127e+00) (7, 1.26726206746503811118e+00) (8, 1.99764976038391162128e+00) (9, 7.37692699989407563166e-01) (10, -8.25681189007227089860e-01) (11, -4.57871523879422692715e+00) (12, -1.85442092687085291480e+00) 
