FANN_FLO_2.1
num_layers=3
learning_rate=0.700000
connection_rate=1.000000
network_type=0
learning_momentum=0.000000
training_algorithm=2
train_error_function=1
train_stop_function=1
cascade_output_change_fraction=0.010000
quickprop_decay=-0.000100
quickprop_mu=1.750000
rprop_increase_factor=1.200000
rprop_decrease_factor=0.500000
rprop_delta_min=0.000000
rprop_delta_max=50.000000
rprop_delta_zero=0.100000
cascade_output_stagnation_epochs=12
cascade_candidate_change_fraction=0.010000
cascade_candidate_stagnation_epochs=12
cascade_max_out_epochs=150
cascade_min_out_epochs=50
cascade_max_cand_epochs=150
cascade_min_cand_epochs=50
cascade_num_candidate_groups=2
bit_fail_limit=1.00000000000000005551e-01
cascade_candidate_limit=1.00000000000000000000e+03
cascade_weight_multiplier=4.00000000000000022204e-01
cascade_activation_functions_count=10
cascade_activation_functions=3 5 7 8 10 11 14 15 16 17 
cascade_activation_steepnesses_count=4
cascade_activation_steepnesses=2.50000000000000000000e-01 5.00000000000000000000e-01 7.50000000000000000000e-01 1.00000000000000000000e+00 
layer_sizes=17 4 2 
scale_included=0
neurons (num_inputs, activation_function, activation_steepness)=(0, 0, 0.00000000000000000000e+00) (0, 0, 0.00000000000000000000e+00) (0, 0, 0.00000000000000000000e+00) (0, 0, 0.00000000000000000000e+00) (0, 0, 0.00000000000000000000e+00) (0, 0, 0.00000000000000000000e+00) (0, 0, 0.00000000000000000000e+00) (0, 0, 0.00000000000000000000e+00) (0, 0, 0.00000000000000000000e+00) (0, 0, 0.00000000000000000000e+00) (0, 0, 0.00000000000000000000e+00) (0, 0, 0.00000000000000000000e+00) (0, 0, 0.00000000000000000000e+00) (0, 0, 0.00000000000000000000e+00) (0, 0, 0.00000000000000000000e+00) (0, 0, 0.00000000000000000000e+00) (0, 0, 0.00000000000000000000e+00) (17, 6, 5.00000000000000000000e-01) (17, 6, 5.00000000000000000000e-01) (17, 6, 5.00000000000000000000e-01) (0, 6, 0.00000000000000000000e+00) (4, 4, 5.00000000000000000000e-01) (0, 4, 0.00000000000000000000e+00) 
connections (connected_to_neuron, weight)=(0, 3.31764835219799891775e+00) (1, -3.13134470015891563932e-01) (2, -1.18690555482415383004e+00) (3, -7.71639594626149838419e-01) (4, 3.12385041882157210580e-01) (5, -8.24813797244687618715e-01) (6, -5.38379450677135662495e-01) (7, -1.22165770627108849489e+00) (8, -7.31496366604164505176e-01) (9, -3.13313522550766720975e-01) (10, -1.83382915191017725753e+00) (11, 1.81724742894953383843e-01) (12, 1.56766662959226299456e+00) (13, -2.68708707505060429011e-01) (14, -1.91424830363766695918e+00) (15, 4.32486233564874700264e-01) (16, 6.57747806230738918387e-01) (0, 3.31019763749062434499e+00) (1, -2.83698641687758934538e-01) (2, -1.28970693364052002572e+00) (3, -6.26320155155381752543e-01) (4, 3.08543850351929660469e-01) (5, -9.01276878187318386537e-01) (6, -6.72793173579672054707e-01) (7, -1.18104535139647759401e+00) (8, -6.91817532225445175342e-01) (9, -4.49783564719860806669e-01) (10, -1.78166973076426127243e+00) (11, 3.33493639623707482933e-01) (12, 1.29627884505086043987e+00) (13, -2.42974580937219825083e-01) (14, -1.89294688509480502070e+00) (15, 4.59599537107011846260e-01) (16, 6.73908324161723415457e-01) (0, 3.33756754647910014455e+00) (1, -6.56426834434398753793e-01) (2, -1.21428277283219521188e+00) (3, -1.04510090247567166699e+00) (4, 3.15193970371842269174e-01) (5, -9.99609417388101606505e-01) (6, -5.29679354639710386898e-01) (7, -1.18533780969229973756e+00) (8, -1.06084812284512386427e+00) (9, -4.05608923349087491239e-01) (10, -1.71640271924101450729e+00) (11, 2.14409490024632110039e-01) (12, 1.61250462595590282611e+00) (13, -3.66042026990247959528e-01) (14, -1.81948174642102356025e+00) (15, 4.55750392081997079963e-01) (16, 6.48039505997851650321e-01) (17, -1.41840626079578385088e+02) (18, -3.96673972829233534299e+01) (19, -7.67845092666679018834e+00) (20, -1.21547881162484688877e-01) 
