FANN_FLO_2.1
num_layers=3
learning_rate=0.700000
connection_rate=1.000000
network_type=0
learning_momentum=0.000000
training_algorithm=2
train_error_function=1
train_stop_function=1
cascade_output_change_fraction=0.010000
quickprop_decay=-0.000100
quickprop_mu=1.750000
rprop_increase_factor=1.200000
rprop_decrease_factor=0.500000
rprop_delta_min=0.000000
rprop_delta_max=50.000000
rprop_delta_zero=0.100000
cascade_output_stagnation_epochs=12
cascade_candidate_change_fraction=0.010000
cascade_candidate_stagnation_epochs=12
cascade_max_out_epochs=150
cascade_min_out_epochs=50
cascade_max_cand_epochs=150
cascade_min_cand_epochs=50
cascade_num_candidate_groups=2
bit_fail_limit=1.00000000000000005551e-01
cascade_candidate_limit=1.00000000000000000000e+03
cascade_weight_multiplier=4.00000000000000022204e-01
cascade_activation_functions_count=10
cascade_activation_functions=3 5 7 8 10 11 14 15 16 17 
cascade_activation_steepnesses_count=4
cascade_activation_steepnesses=2.50000000000000000000e-01 5.00000000000000000000e-01 7.50000000000000000000e-01 1.00000000000000000000e+00 
layer_sizes=9 4 2 
scale_included=0
neurons (num_inputs, activation_function, activation_steepness)=(0, 0, 0.00000000000000000000e+00) (0, 0, 0.00000000000000000000e+00) (0, 0, 0.00000000000000000000e+00) (0, 0, 0.00000000000000000000e+00) (0, 0, 0.00000000000000000000e+00) (0, 0, 0.00000000000000000000e+00) (0, 0, 0.00000000000000000000e+00) (0, 0, 0.00000000000000000000e+00) (0, 0, 0.00000000000000000000e+00) (9, 6, 5.00000000000000000000e-01) (9, 6, 5.00000000000000000000e-01) (9, 6, 5.00000000000000000000e-01) (0, 6, 0.00000000000000000000e+00) (4, 4, 5.00000000000000000000e-01) (0, 4, 0.00000000000000000000e+00) 
connections (connected_to_neuron, weight)=(0, -2.04636767002485875366e+00) (1, 2.58513377513009601216e+00) (2, 5.48968024198280168946e-01) (3, 8.30877806590738288151e-01) (4, 4.58285264317260576661e-01) (5, 4.98620653713881312186e-01) (6, 2.02354641458381667718e+00) (7, 2.00257542113794295702e+00) (8, -2.10505631061934117554e+00) (0, -5.50931461404869371457e-01) (1, 9.86309741545929541395e-01) (2, 4.67386411208377872128e-01) (3, 5.93308060793049651949e-01) (4, 2.98759086715346677821e-01) (5, 3.15105198609000547449e-01) (6, 1.75755236497194022860e+00) (7, 1.04286703606684061363e+00) (8, -6.65030606340477392635e-01) (0, 3.00750662206194085968e+00) (1, -1.44932232032207508610e+00) (2, -3.12959768854808340066e+00) (3, -2.16253939219959168128e+00) (4, -1.53487829236275263867e+00) (5, -1.80027417356498187218e+00) (6, -1.61989351182660423767e+00) (7, -3.70914000702619617300e+00) (8, 2.21920756775838778907e+00) (9, 1.00439744820600633801e+01) (10, 1.27342662872481859893e+00) (11, -3.37730842600616432136e+00) (12, -2.15665510537766103027e+00) 
