FANN_FLO_2.1
num_layers=3
learning_rate=0.700000
connection_rate=1.000000
network_type=0
learning_momentum=0.000000
training_algorithm=2
train_error_function=1
train_stop_function=1
cascade_output_change_fraction=0.010000
quickprop_decay=-0.000100
quickprop_mu=1.750000
rprop_increase_factor=1.200000
rprop_decrease_factor=0.500000
rprop_delta_min=0.000000
rprop_delta_max=50.000000
rprop_delta_zero=0.100000
cascade_output_stagnation_epochs=12
cascade_candidate_change_fraction=0.010000
cascade_candidate_stagnation_epochs=12
cascade_max_out_epochs=150
cascade_min_out_epochs=50
cascade_max_cand_epochs=150
cascade_min_cand_epochs=50
cascade_num_candidate_groups=2
bit_fail_limit=1.00000000000000005551e-01
cascade_candidate_limit=1.00000000000000000000e+03
cascade_weight_multiplier=4.00000000000000022204e-01
cascade_activation_functions_count=10
cascade_activation_functions=3 5 7 8 10 11 14 15 16 17 
cascade_activation_steepnesses_count=4
cascade_activation_steepnesses=2.50000000000000000000e-01 5.00000000000000000000e-01 7.50000000000000000000e-01 1.00000000000000000000e+00 
layer_sizes=14 4 2 
scale_included=0
neurons (num_inputs, activation_function, activation_steepness)=(0, 0, 0.00000000000000000000e+00) (0, 0, 0.00000000000000000000e+00) (0, 0, 0.00000000000000000000e+00) (0, 0, 0.00000000000000000000e+00) (0, 0, 0.00000000000000000000e+00) (0, 0, 0.00000000000000000000e+00) (0, 0, 0.00000000000000000000e+00) (0, 0, 0.00000000000000000000e+00) (0, 0, 0.00000000000000000000e+00) (0, 0, 0.00000000000000000000e+00) (0, 0, 0.00000000000000000000e+00) (0, 0, 0.00000000000000000000e+00) (0, 0, 0.00000000000000000000e+00) (0, 0, 0.00000000000000000000e+00) (14, 6, 5.00000000000000000000e-01) (14, 6, 5.00000000000000000000e-01) (14, 6, 5.00000000000000000000e-01) (0, 6, 0.00000000000000000000e+00) (4, 4, 5.00000000000000000000e-01) (0, 4, 0.00000000000000000000e+00) 
connections (connected_to_neuron, weight)=(0, -2.81808539987936734761e+00) (1, 1.50000000000000000000e+03) (2, 3.57681143903733413936e+01) (3, -8.01604722248185730393e+00) (4, 6.45976472821705671734e-01) (5, -1.72393598989538681110e+01) (6, 3.01475479526962830690e+00) (7, 6.30125577840785155992e-01) (8, 3.39037476358709533031e+00) (9, 4.93294322388466877083e-01) (10, -1.13439244136182293410e+00) (11, -7.22149102158092937032e+00) (12, 1.66354387707717127354e-01) (13, -2.44519911492890607008e+00) (0, -1.73696478063158430416e+01) (1, 1.50000000000000000000e+03) (2, 1.59954161254890392385e+00) (3, 3.42335551972308049784e+00) (4, 8.53301052987730096477e-02) (5, 6.87470413560852033896e-01) (6, 5.13476475681034649767e+00) (7, 3.75896510807239270235e+00) (8, 7.92372168796804654534e+00) (9, 1.45140642485122484118e+00) (10, 2.86703104985642776015e-01) (11, 1.32523623719767069673e+00) (12, -1.23104816749274842413e-01) (13, -7.96342762875321241722e-01) (0, 1.99031722951839040725e+00) (1, -3.05851502449619765400e+01) (2, 2.42099335946324156765e+00) (3, 9.78522495167074152222e-02) (4, 5.72093141798149518173e-01) (5, 1.67874894009154207453e+00) (6, 7.91817875926405373432e-02) (7, -2.88078962229026513953e+00) (8, -2.48830947887840991939e+00) (9, -4.65629152729688389201e+00) (10, -4.00783843681302875961e-01) (11, -6.20139471873769299037e+00) (12, 1.60033307403867786078e+00) (13, 1.61630998477770315702e+00) (14, 3.52836635641817908393e+00) (15, 6.22705121183239285187e+00) (16, -4.69947993002099284610e+00) (17, -4.72890997177761840398e-01) 
