FANN_FLO_2.1
num_layers=3
learning_rate=0.700000
connection_rate=1.000000
network_type=0
learning_momentum=0.000000
training_algorithm=2
train_error_function=1
train_stop_function=1
cascade_output_change_fraction=0.010000
quickprop_decay=-0.000100
quickprop_mu=1.750000
rprop_increase_factor=1.200000
rprop_decrease_factor=0.500000
rprop_delta_min=0.000000
rprop_delta_max=50.000000
rprop_delta_zero=0.100000
cascade_output_stagnation_epochs=12
cascade_candidate_change_fraction=0.010000
cascade_candidate_stagnation_epochs=12
cascade_max_out_epochs=150
cascade_min_out_epochs=50
cascade_max_cand_epochs=150
cascade_min_cand_epochs=50
cascade_num_candidate_groups=2
bit_fail_limit=1.00000000000000005551e-01
cascade_candidate_limit=1.00000000000000000000e+03
cascade_weight_multiplier=4.00000000000000022204e-01
cascade_activation_functions_count=10
cascade_activation_functions=3 5 7 8 10 11 14 15 16 17 
cascade_activation_steepnesses_count=4
cascade_activation_steepnesses=2.50000000000000000000e-01 5.00000000000000000000e-01 7.50000000000000000000e-01 1.00000000000000000000e+00 
layer_sizes=9 4 2 
scale_included=0
neurons (num_inputs, activation_function, activation_steepness)=(0, 0, 0.00000000000000000000e+00) (0, 0, 0.00000000000000000000e+00) (0, 0, 0.00000000000000000000e+00) (0, 0, 0.00000000000000000000e+00) (0, 0, 0.00000000000000000000e+00) (0, 0, 0.00000000000000000000e+00) (0, 0, 0.00000000000000000000e+00) (0, 0, 0.00000000000000000000e+00) (0, 0, 0.00000000000000000000e+00) (9, 6, 5.00000000000000000000e-01) (9, 6, 5.00000000000000000000e-01) (9, 6, 5.00000000000000000000e-01) (0, 6, 0.00000000000000000000e+00) (4, 4, 5.00000000000000000000e-01) (0, 4, 0.00000000000000000000e+00) 
connections (connected_to_neuron, weight)=(0, -1.29981289449097237032e+00) (1, 1.23705990607808111181e-01) (2, 1.39656026334350813478e+00) (3, 4.70289228571042938754e-01) (4, 4.37019492265040776502e-01) (5, 3.40412649091537011792e-01) (6, 9.00735629972404860943e-01) (7, 1.74965154465824235253e+00) (8, -5.12058820905048728278e-01) (0, -1.66585043253437192767e+00) (1, 1.92045936324670041273e+00) (2, 8.52215409292515824191e-01) (3, 9.89985043655578378363e-01) (4, 7.28686119369115758992e-01) (5, 7.24578390768613744832e-01) (6, 2.00852102402474841369e+00) (7, 1.90064004837171807161e+00) (8, -1.36946935920014900567e+00) (0, -1.64091852488056333392e+00) (1, 1.82499163189007962416e+00) (2, 5.68917887888484852255e-01) (3, 1.04897561902875091633e+00) (4, 7.63865538152394885074e-01) (5, 8.02172549279866808902e-01) (6, 2.05730391282465419067e+00) (7, 2.02890818182256182922e+00) (8, -1.68007788987890394061e+00) (9, 5.15077347107465888243e-01) (10, 3.86765789965195772027e+00) (11, 1.21339679944907103959e+01) (12, -1.57389296772018583148e+00) 
