FANN_FLO_2.1
num_layers=3
learning_rate=0.700000
connection_rate=1.000000
network_type=0
learning_momentum=0.000000
training_algorithm=2
train_error_function=1
train_stop_function=1
cascade_output_change_fraction=0.010000
quickprop_decay=-0.000100
quickprop_mu=1.750000
rprop_increase_factor=1.200000
rprop_decrease_factor=0.500000
rprop_delta_min=0.000000
rprop_delta_max=50.000000
rprop_delta_zero=0.100000
cascade_output_stagnation_epochs=12
cascade_candidate_change_fraction=0.010000
cascade_candidate_stagnation_epochs=12
cascade_max_out_epochs=150
cascade_min_out_epochs=50
cascade_max_cand_epochs=150
cascade_min_cand_epochs=50
cascade_num_candidate_groups=2
bit_fail_limit=1.00000000000000005551e-01
cascade_candidate_limit=1.00000000000000000000e+03
cascade_weight_multiplier=4.00000000000000022204e-01
cascade_activation_functions_count=10
cascade_activation_functions=3 5 7 8 10 11 14 15 16 17 
cascade_activation_steepnesses_count=4
cascade_activation_steepnesses=2.50000000000000000000e-01 5.00000000000000000000e-01 7.50000000000000000000e-01 1.00000000000000000000e+00 
layer_sizes=11 4 2 
scale_included=0
neurons (num_inputs, activation_function, activation_steepness)=(0, 0, 0.00000000000000000000e+00) (0, 0, 0.00000000000000000000e+00) (0, 0, 0.00000000000000000000e+00) (0, 0, 0.00000000000000000000e+00) (0, 0, 0.00000000000000000000e+00) (0, 0, 0.00000000000000000000e+00) (0, 0, 0.00000000000000000000e+00) (0, 0, 0.00000000000000000000e+00) (0, 0, 0.00000000000000000000e+00) (0, 0, 0.00000000000000000000e+00) (0, 0, 0.00000000000000000000e+00) (11, 6, 5.00000000000000000000e-01) (11, 6, 5.00000000000000000000e-01) (11, 6, 5.00000000000000000000e-01) (0, 6, 0.00000000000000000000e+00) (4, 4, 5.00000000000000000000e-01) (0, 4, 0.00000000000000000000e+00) 
connections (connected_to_neuron, weight)=(0, -1.20689439242650031758e+00) (1, 4.70513910644376220915e+00) (2, 4.18360738120710506927e-01) (3, -4.39367608011381971522e-01) (4, -4.25836731523888456508e-01) (5, -7.99027088204049218412e-01) (6, -8.03474950709961999173e-01) (7, -8.08952524432562936063e-01) (8, -7.69244193205260384794e-01) (9, -7.58041515120886910672e-01) (10, -7.75497823128127206083e-01) (0, -4.10632825999724671018e-01) (1, 2.02645871954443101970e+00) (2, 2.28756755007690437687e-01) (3, -3.87079955630136307576e-02) (4, -1.65629478583797618008e-01) (5, -4.90927066265809286527e-01) (6, -1.72024222503170176601e-01) (7, -4.02524359136092468869e-01) (8, -2.82619977782234355068e-01) (9, -3.62410492806899298124e-01) (10, -3.83153371124732300412e-01) (0, -1.25071139847804069234e+00) (1, 4.81123231568062248442e+00) (2, 2.86358244107399850797e-01) (3, -2.99011883170025694056e-01) (4, -4.50888634503500806971e-01) (5, -7.96032539674662698026e-01) (6, -7.70063637861632455106e-01) (7, -8.25209363469504464383e-01) (8, -7.16733402678393471952e-01) (9, -7.12121806213282693143e-01) (10, -7.69732198783778298612e-01) (11, 2.72791661725867706778e+00) (12, 1.88866767095806231680e+00) (13, 2.70968272195685822012e+00) (14, -1.06824523424674056038e+00) 
