FANN_FLO_2.1
num_layers=3
learning_rate=0.700000
connection_rate=1.000000
network_type=0
learning_momentum=0.000000
training_algorithm=2
train_error_function=1
train_stop_function=1
cascade_output_change_fraction=0.010000
quickprop_decay=-0.000100
quickprop_mu=1.750000
rprop_increase_factor=1.200000
rprop_decrease_factor=0.500000
rprop_delta_min=0.000000
rprop_delta_max=50.000000
rprop_delta_zero=0.100000
cascade_output_stagnation_epochs=12
cascade_candidate_change_fraction=0.010000
cascade_candidate_stagnation_epochs=12
cascade_max_out_epochs=150
cascade_min_out_epochs=50
cascade_max_cand_epochs=150
cascade_min_cand_epochs=50
cascade_num_candidate_groups=2
bit_fail_limit=1.00000000000000005551e-01
cascade_candidate_limit=1.00000000000000000000e+03
cascade_weight_multiplier=4.00000000000000022204e-01
cascade_activation_functions_count=10
cascade_activation_functions=3 5 7 8 10 11 14 15 16 17 
cascade_activation_steepnesses_count=4
cascade_activation_steepnesses=2.50000000000000000000e-01 5.00000000000000000000e-01 7.50000000000000000000e-01 1.00000000000000000000e+00 
layer_sizes=9 4 2 
scale_included=0
neurons (num_inputs, activation_function, activation_steepness)=(0, 0, 0.00000000000000000000e+00) (0, 0, 0.00000000000000000000e+00) (0, 0, 0.00000000000000000000e+00) (0, 0, 0.00000000000000000000e+00) (0, 0, 0.00000000000000000000e+00) (0, 0, 0.00000000000000000000e+00) (0, 0, 0.00000000000000000000e+00) (0, 0, 0.00000000000000000000e+00) (0, 0, 0.00000000000000000000e+00) (9, 6, 5.00000000000000000000e-01) (9, 6, 5.00000000000000000000e-01) (9, 6, 5.00000000000000000000e-01) (0, 6, 0.00000000000000000000e+00) (4, 4, 5.00000000000000000000e-01) (0, 4, 0.00000000000000000000e+00) 
connections (connected_to_neuron, weight)=(0, 3.55526801557047900104e+00) (1, -7.14407646782403382701e+00) (2, -8.55699339297501859747e-01) (3, 1.67114833379014227077e+00) (4, 1.52079292269110488700e-01) (5, 1.58891459191067907497e+00) (6, 1.21987084612030383113e+00) (7, 1.23526499733108874324e+00) (8, 1.67778295660241338894e+00) (0, 3.58065379769309100055e+00) (1, -7.04050540677910241527e+00) (2, -6.79897339430539426886e-01) (3, 1.57256666952594015285e+00) (4, 4.48690588784461386052e-02) (5, 1.65438373768552038356e+00) (6, 9.95542284037069347136e-01) (7, 1.24036071762222643855e+00) (8, 1.53597610825522634670e+00) (0, 3.41785002113087710285e+00) (1, -7.02955102674370202465e+00) (2, -7.66720482495515165411e-01) (3, 1.53464194768889639064e+00) (4, 1.10185392828345107841e-01) (5, 1.63198046767934057399e+00) (6, 1.09221548154730196956e+00) (7, 1.54434693986399862453e+00) (8, 1.66313878083451482937e+00) (9, -1.50334229160552212967e+00) (10, -1.48936733816271016373e+00) (11, -1.53390116829877087845e+00) (12, -9.84341119789424512376e-01) 
