FANN_FLO_2.1
num_layers=3
learning_rate=0.700000
connection_rate=1.000000
network_type=0
learning_momentum=0.000000
training_algorithm=2
train_error_function=1
train_stop_function=1
cascade_output_change_fraction=0.010000
quickprop_decay=-0.000100
quickprop_mu=1.750000
rprop_increase_factor=1.200000
rprop_decrease_factor=0.500000
rprop_delta_min=0.000000
rprop_delta_max=50.000000
rprop_delta_zero=0.100000
cascade_output_stagnation_epochs=12
cascade_candidate_change_fraction=0.010000
cascade_candidate_stagnation_epochs=12
cascade_max_out_epochs=150
cascade_min_out_epochs=50
cascade_max_cand_epochs=150
cascade_min_cand_epochs=50
cascade_num_candidate_groups=2
bit_fail_limit=1.00000000000000005551e-01
cascade_candidate_limit=1.00000000000000000000e+03
cascade_weight_multiplier=4.00000000000000022204e-01
cascade_activation_functions_count=10
cascade_activation_functions=3 5 7 8 10 11 14 15 16 17 
cascade_activation_steepnesses_count=4
cascade_activation_steepnesses=2.50000000000000000000e-01 5.00000000000000000000e-01 7.50000000000000000000e-01 1.00000000000000000000e+00 
layer_sizes=8 4 2 
scale_included=0
neurons (num_inputs, activation_function, activation_steepness)=(0, 0, 0.00000000000000000000e+00) (0, 0, 0.00000000000000000000e+00) (0, 0, 0.00000000000000000000e+00) (0, 0, 0.00000000000000000000e+00) (0, 0, 0.00000000000000000000e+00) (0, 0, 0.00000000000000000000e+00) (0, 0, 0.00000000000000000000e+00) (0, 0, 0.00000000000000000000e+00) (8, 6, 5.00000000000000000000e-01) (8, 6, 5.00000000000000000000e-01) (8, 6, 5.00000000000000000000e-01) (0, 6, 0.00000000000000000000e+00) (4, 4, 5.00000000000000000000e-01) (0, 4, 0.00000000000000000000e+00) 
connections (connected_to_neuron, weight)=(0, 9.65901378240634600481e-01) (1, -4.83643102862560692046e+00) (2, -1.05919898250803917739e-01) (3, 1.81243520966068022426e-01) (4, -1.37875144133076638076e-01) (5, -2.40048359078336909223e-01) (6, -2.17860981316422008813e-02) (7, 1.08445688679461627046e+00) (0, 9.67085603323032061418e-01) (1, -4.84206108965599479887e+00) (2, -4.68421250076150597064e-02) (3, 1.27689537396922930812e-01) (4, 4.44991097359801190958e-02) (5, -2.55063082021642850705e-01) (6, -2.05461630330000533107e-04) (7, 1.04369867935423998873e+00) (0, -1.50010155248439469577e-01) (1, 1.79230699496748080435e+00) (2, 1.23479329276563110085e+00) (3, 6.22976360169040899173e-01) (4, 1.18977796513320388527e+00) (5, 5.49191148274952412045e-01) (6, 3.17512701392514307130e+00) (7, -2.11264641690051713230e-01) (8, -4.83736128576719703887e+00) (9, -4.80132162042581978056e+00) (10, 3.61070665813555402579e-01) (11, -1.03203935426306814271e+00) 
