FANN_FLO_2.1
num_layers=3
learning_rate=0.700000
connection_rate=1.000000
network_type=0
learning_momentum=0.000000
training_algorithm=2
train_error_function=1
train_stop_function=1
cascade_output_change_fraction=0.010000
quickprop_decay=-0.000100
quickprop_mu=1.750000
rprop_increase_factor=1.200000
rprop_decrease_factor=0.500000
rprop_delta_min=0.000000
rprop_delta_max=50.000000
rprop_delta_zero=0.100000
cascade_output_stagnation_epochs=12
cascade_candidate_change_fraction=0.010000
cascade_candidate_stagnation_epochs=12
cascade_max_out_epochs=150
cascade_min_out_epochs=50
cascade_max_cand_epochs=150
cascade_min_cand_epochs=50
cascade_num_candidate_groups=2
bit_fail_limit=1.00000000000000005551e-01
cascade_candidate_limit=1.00000000000000000000e+03
cascade_weight_multiplier=4.00000000000000022204e-01
cascade_activation_functions_count=10
cascade_activation_functions=3 5 7 8 10 11 14 15 16 17 
cascade_activation_steepnesses_count=4
cascade_activation_steepnesses=2.50000000000000000000e-01 5.00000000000000000000e-01 7.50000000000000000000e-01 1.00000000000000000000e+00 
layer_sizes=11 4 2 
scale_included=0
neurons (num_inputs, activation_function, activation_steepness)=(0, 0, 0.00000000000000000000e+00) (0, 0, 0.00000000000000000000e+00) (0, 0, 0.00000000000000000000e+00) (0, 0, 0.00000000000000000000e+00) (0, 0, 0.00000000000000000000e+00) (0, 0, 0.00000000000000000000e+00) (0, 0, 0.00000000000000000000e+00) (0, 0, 0.00000000000000000000e+00) (0, 0, 0.00000000000000000000e+00) (0, 0, 0.00000000000000000000e+00) (0, 0, 0.00000000000000000000e+00) (11, 6, 5.00000000000000000000e-01) (11, 6, 5.00000000000000000000e-01) (11, 6, 5.00000000000000000000e-01) (0, 6, 0.00000000000000000000e+00) (4, 4, 5.00000000000000000000e-01) (0, 4, 0.00000000000000000000e+00) 
connections (connected_to_neuron, weight)=(0, 2.15103820629770625672e+00) (1, -1.05709718487427206668e+01) (2, -3.73319283393105494362e-01) (3, 1.69381241720158726149e-02) (4, 4.10930780607990486786e-01) (5, 1.44589227577850598649e+00) (6, 3.74237371522716744110e-01) (7, 7.45077835728186532727e-01) (8, 1.97006206877882372730e+00) (9, 1.35838658502504605607e+00) (10, 2.11543165810758893031e+00) (0, 6.34678821785005092826e-02) (1, 8.81039148319322840130e-01) (2, 2.55897558335131558582e-01) (3, 4.19817036732597181903e-01) (4, 1.76000021892945279767e-01) (5, -5.29837925665763154193e-02) (6, 2.39666097361008662014e-01) (7, 3.24632140902441523878e-01) (8, 2.27540041572662984914e-02) (9, -1.70924198561099305316e-02) (10, -1.20110940866854937897e-02) (0, 4.14379673337039455827e-02) (1, 5.39413073215761262880e-01) (2, 1.72429999111955833957e-01) (3, 1.39624425772494509257e-01) (4, 2.12416929877294796691e-01) (5, 1.11610260772621400216e-01) (6, 1.28123683608068694717e-01) (7, 6.11530672181300472001e-02) (8, 1.94197681713020570138e-01) (9, 1.42005969750797517159e-01) (10, 1.18038547205841309884e-01) (11, -5.35473440757500629417e+00) (12, 6.52874280686931207640e-01) (13, 2.49568185863655617185e-01) (14, -1.80934493875697000043e+00) 
