FANN_FLO_2.1
num_layers=3
learning_rate=0.700000
connection_rate=1.000000
network_type=0
learning_momentum=0.000000
training_algorithm=2
train_error_function=1
train_stop_function=1
cascade_output_change_fraction=0.010000
quickprop_decay=-0.000100
quickprop_mu=1.750000
rprop_increase_factor=1.200000
rprop_decrease_factor=0.500000
rprop_delta_min=0.000000
rprop_delta_max=50.000000
rprop_delta_zero=0.100000
cascade_output_stagnation_epochs=12
cascade_candidate_change_fraction=0.010000
cascade_candidate_stagnation_epochs=12
cascade_max_out_epochs=150
cascade_min_out_epochs=50
cascade_max_cand_epochs=150
cascade_min_cand_epochs=50
cascade_num_candidate_groups=2
bit_fail_limit=1.00000000000000005551e-01
cascade_candidate_limit=1.00000000000000000000e+03
cascade_weight_multiplier=4.00000000000000022204e-01
cascade_activation_functions_count=10
cascade_activation_functions=3 5 7 8 10 11 14 15 16 17 
cascade_activation_steepnesses_count=4
cascade_activation_steepnesses=2.50000000000000000000e-01 5.00000000000000000000e-01 7.50000000000000000000e-01 1.00000000000000000000e+00 
layer_sizes=14 4 2 
scale_included=0
neurons (num_inputs, activation_function, activation_steepness)=(0, 0, 0.00000000000000000000e+00) (0, 0, 0.00000000000000000000e+00) (0, 0, 0.00000000000000000000e+00) (0, 0, 0.00000000000000000000e+00) (0, 0, 0.00000000000000000000e+00) (0, 0, 0.00000000000000000000e+00) (0, 0, 0.00000000000000000000e+00) (0, 0, 0.00000000000000000000e+00) (0, 0, 0.00000000000000000000e+00) (0, 0, 0.00000000000000000000e+00) (0, 0, 0.00000000000000000000e+00) (0, 0, 0.00000000000000000000e+00) (0, 0, 0.00000000000000000000e+00) (0, 0, 0.00000000000000000000e+00) (14, 6, 5.00000000000000000000e-01) (14, 6, 5.00000000000000000000e-01) (14, 6, 5.00000000000000000000e-01) (0, 6, 0.00000000000000000000e+00) (4, 4, 5.00000000000000000000e-01) (0, 4, 0.00000000000000000000e+00) 
connections (connected_to_neuron, weight)=(0, -6.31100648841986711091e+00) (1, 2.40838580334318130838e+00) (2, 6.97671741701885617104e-01) (3, 2.62705556532855322160e-01) (4, 3.77709015688414861955e-01) (5, 2.69806143636628151250e-02) (6, -2.72007666714711993095e-01) (7, 2.16708652159686349092e-01) (8, 2.90521762749667455950e-01) (9, 3.01578787890577793007e-01) (10, -1.57525897514479584771e+00) (11, -1.29819162647825031565e-01) (12, -5.12592691574032977009e-01) (13, -5.44441490510549908066e-01) (0, 7.12598461880373790223e+00) (1, -1.39945294055976710013e+00) (2, -8.17840386723931001001e-01) (3, 5.53393780419085754008e-02) (4, -5.92888577901773961010e-01) (5, -8.24863616868061200194e-01) (6, 7.14090923679901790067e-01) (7, 3.78802984186862312654e-02) (8, 6.40065788456652962068e-02) (9, -9.15043104930919781737e-01) (10, 2.66621030154051519290e+00) (11, 8.11318187631952736361e-01) (12, 6.07629010763667709583e-01) (13, 8.77546200341927429278e-01) (0, -5.75084840974459510221e+00) (1, 7.99601664433060799198e-01) (2, 5.07414792421185922855e-01) (3, 2.21532987690957167137e-01) (4, 2.89528297520669053444e-01) (5, 2.52941554672511170754e-01) (6, 1.00610439083829439344e-01) (7, 2.68208967782052110085e-01) (8, 3.74653855598958140938e-01) (9, 2.54805777712460379547e-01) (10, -2.84805506113319450989e-01) (11, 2.82581430153884705092e-01) (12, -1.24912291168406380804e-01) (13, -7.07277775571140965294e-02) (14, 7.32962078127506533320e+00) (15, -9.67676461245012298207e+00) (16, 7.02617422710010819387e-01) (17, -8.48846739104343162019e-01) 
