FANN_FLO_2.1
num_layers=3
learning_rate=0.700000
connection_rate=1.000000
network_type=0
learning_momentum=0.000000
training_algorithm=2
train_error_function=1
train_stop_function=1
cascade_output_change_fraction=0.010000
quickprop_decay=-0.000100
quickprop_mu=1.750000
rprop_increase_factor=1.200000
rprop_decrease_factor=0.500000
rprop_delta_min=0.000000
rprop_delta_max=50.000000
rprop_delta_zero=0.100000
cascade_output_stagnation_epochs=12
cascade_candidate_change_fraction=0.010000
cascade_candidate_stagnation_epochs=12
cascade_max_out_epochs=150
cascade_min_out_epochs=50
cascade_max_cand_epochs=150
cascade_min_cand_epochs=50
cascade_num_candidate_groups=2
bit_fail_limit=1.00000000000000005551e-01
cascade_candidate_limit=1.00000000000000000000e+03
cascade_weight_multiplier=4.00000000000000022204e-01
cascade_activation_functions_count=10
cascade_activation_functions=3 5 7 8 10 11 14 15 16 17 
cascade_activation_steepnesses_count=4
cascade_activation_steepnesses=2.50000000000000000000e-01 5.00000000000000000000e-01 7.50000000000000000000e-01 1.00000000000000000000e+00 
layer_sizes=13 4 2 
scale_included=0
neurons (num_inputs, activation_function, activation_steepness)=(0, 0, 0.00000000000000000000e+00) (0, 0, 0.00000000000000000000e+00) (0, 0, 0.00000000000000000000e+00) (0, 0, 0.00000000000000000000e+00) (0, 0, 0.00000000000000000000e+00) (0, 0, 0.00000000000000000000e+00) (0, 0, 0.00000000000000000000e+00) (0, 0, 0.00000000000000000000e+00) (0, 0, 0.00000000000000000000e+00) (0, 0, 0.00000000000000000000e+00) (0, 0, 0.00000000000000000000e+00) (0, 0, 0.00000000000000000000e+00) (0, 0, 0.00000000000000000000e+00) (13, 6, 5.00000000000000000000e-01) (13, 6, 5.00000000000000000000e-01) (13, 6, 5.00000000000000000000e-01) (0, 6, 0.00000000000000000000e+00) (4, 4, 5.00000000000000000000e-01) (0, 4, 0.00000000000000000000e+00) 
connections (connected_to_neuron, weight)=(0, -1.81120591814390436980e+01) (1, 4.25501116905987775141e+00) (2, 1.35000000000000000000e+03) (3, 7.01767629787641844530e-01) (4, 6.57323738384936073764e-01) (5, 3.24447517804602569846e-01) (6, 3.63321304887808171902e-01) (7, 8.90751719308633710170e+02) (8, 8.90799990797042710255e+02) (9, 1.50000000000000000000e+03) (10, 1.46871146761329237052e+03) (11, 1.50000000000000000000e+03) (12, 2.11630329266286798529e+00) (0, -1.71121786083777287502e+01) (1, 3.40083420638147826409e+00) (2, 1.15045493009986055100e+00) (3, 1.11639242889244139079e+00) (4, 1.32509816209412334409e+00) (5, 8.28125403578379826186e-01) (6, 6.18980141972759523306e-01) (7, 4.77268455065810659477e+00) (8, 7.99422327547678723825e-01) (9, 1.50000000000000000000e+03) (10, 4.54016138871181684777e+00) (11, 1.50000000000000000000e+03) (12, 1.41728136109964641953e+00) (0, 8.70788416426727351904e+00) (1, 6.82333846328682902538e+00) (2, 2.83247713375758536358e+01) (3, 5.33657993497292149065e-01) (4, -9.08471371017103512813e-01) (5, -3.11066488852175138113e-01) (6, 5.64957693050374687438e-01) (7, 1.50000000000000000000e+03) (8, 7.81600344113739620155e+00) (9, 1.40000000000000000000e+03) (10, 1.69995429431546114074e+02) (11, 1.40000000000000000000e+03) (12, -1.31227649549489289171e+00) (13, 1.28781563142076542761e+01) (14, 2.61728821414723000771e+01) (15, -3.20096118516270067289e+01) (16, 1.62678957814551994332e+00) 
