FANN_FLO_2.1
num_layers=3
learning_rate=0.700000
connection_rate=1.000000
network_type=0
learning_momentum=0.000000
training_algorithm=2
train_error_function=1
train_stop_function=1
cascade_output_change_fraction=0.010000
quickprop_decay=-0.000100
quickprop_mu=1.750000
rprop_increase_factor=1.200000
rprop_decrease_factor=0.500000
rprop_delta_min=0.000000
rprop_delta_max=50.000000
rprop_delta_zero=0.100000
cascade_output_stagnation_epochs=12
cascade_candidate_change_fraction=0.010000
cascade_candidate_stagnation_epochs=12
cascade_max_out_epochs=150
cascade_min_out_epochs=50
cascade_max_cand_epochs=150
cascade_min_cand_epochs=50
cascade_num_candidate_groups=2
bit_fail_limit=1.00000000000000005551e-01
cascade_candidate_limit=1.00000000000000000000e+03
cascade_weight_multiplier=4.00000000000000022204e-01
cascade_activation_functions_count=10
cascade_activation_functions=3 5 7 8 10 11 14 15 16 17 
cascade_activation_steepnesses_count=4
cascade_activation_steepnesses=2.50000000000000000000e-01 5.00000000000000000000e-01 7.50000000000000000000e-01 1.00000000000000000000e+00 
layer_sizes=8 4 2 
scale_included=0
neurons (num_inputs, activation_function, activation_steepness)=(0, 0, 0.00000000000000000000e+00) (0, 0, 0.00000000000000000000e+00) (0, 0, 0.00000000000000000000e+00) (0, 0, 0.00000000000000000000e+00) (0, 0, 0.00000000000000000000e+00) (0, 0, 0.00000000000000000000e+00) (0, 0, 0.00000000000000000000e+00) (0, 0, 0.00000000000000000000e+00) (8, 6, 5.00000000000000000000e-01) (8, 6, 5.00000000000000000000e-01) (8, 6, 5.00000000000000000000e-01) (0, 6, 0.00000000000000000000e+00) (4, 4, 5.00000000000000000000e-01) (0, 4, 0.00000000000000000000e+00) 
connections (connected_to_neuron, weight)=(0, 3.86884401024788604495e-01) (1, -1.14380273377834251747e+00) (2, -2.56449412090004269515e+00) (3, -1.28049456913838910488e+00) (4, -4.61904104668254067434e+00) (5, 8.91846718745424382746e+00) (6, -3.54065838138853905548e+01) (7, 9.81112224500265472926e-01) (0, 9.55686937547616577326e-01) (1, -1.22543355609948556584e+00) (2, -1.59580625214822280356e+00) (3, -4.19371699629648153618e-01) (4, -2.37829784284544265560e+00) (5, -1.60125248000008801874e+00) (6, -7.25844386748500602913e-01) (7, 2.33610751693679929986e+00) (0, -1.96861686662395757308e-01) (1, 3.69149765519460160146e-01) (2, 7.61488839089172198094e-01) (3, 6.40209572230229184697e+00) (4, 4.47150339486170445014e+00) (5, -5.76418845278388758402e+00) (6, 3.78956307009300275013e+01) (7, -2.35958737003476537453e+00) (8, -1.46017261899900274713e+00) (9, -2.51653162601711812840e+01) (10, 5.37886990972269174449e+00) (11, -3.57548118099450551455e+00) 
