FANN_FLO_2.1
num_layers=3
learning_rate=0.700000
connection_rate=1.000000
network_type=0
learning_momentum=0.000000
training_algorithm=2
train_error_function=1
train_stop_function=1
cascade_output_change_fraction=0.010000
quickprop_decay=-0.000100
quickprop_mu=1.750000
rprop_increase_factor=1.200000
rprop_decrease_factor=0.500000
rprop_delta_min=0.000000
rprop_delta_max=50.000000
rprop_delta_zero=0.100000
cascade_output_stagnation_epochs=12
cascade_candidate_change_fraction=0.010000
cascade_candidate_stagnation_epochs=12
cascade_max_out_epochs=150
cascade_min_out_epochs=50
cascade_max_cand_epochs=150
cascade_min_cand_epochs=50
cascade_num_candidate_groups=2
bit_fail_limit=1.00000000000000005551e-01
cascade_candidate_limit=1.00000000000000000000e+03
cascade_weight_multiplier=4.00000000000000022204e-01
cascade_activation_functions_count=10
cascade_activation_functions=3 5 7 8 10 11 14 15 16 17 
cascade_activation_steepnesses_count=4
cascade_activation_steepnesses=2.50000000000000000000e-01 5.00000000000000000000e-01 7.50000000000000000000e-01 1.00000000000000000000e+00 
layer_sizes=13 4 2 
scale_included=0
neurons (num_inputs, activation_function, activation_steepness)=(0, 0, 0.00000000000000000000e+00) (0, 0, 0.00000000000000000000e+00) (0, 0, 0.00000000000000000000e+00) (0, 0, 0.00000000000000000000e+00) (0, 0, 0.00000000000000000000e+00) (0, 0, 0.00000000000000000000e+00) (0, 0, 0.00000000000000000000e+00) (0, 0, 0.00000000000000000000e+00) (0, 0, 0.00000000000000000000e+00) (0, 0, 0.00000000000000000000e+00) (0, 0, 0.00000000000000000000e+00) (0, 0, 0.00000000000000000000e+00) (0, 0, 0.00000000000000000000e+00) (13, 6, 5.00000000000000000000e-01) (13, 6, 5.00000000000000000000e-01) (13, 6, 5.00000000000000000000e-01) (0, 6, 0.00000000000000000000e+00) (4, 4, 5.00000000000000000000e-01) (0, 4, 0.00000000000000000000e+00) 
connections (connected_to_neuron, weight)=(0, 7.91240066435599520567e-01) (1, -3.92076647256378407747e+00) (2, -2.12656816528986214454e-01) (3, 6.60194847188707356622e-01) (4, 1.45867056417354445941e+00) (5, 9.06810529675746046507e-01) (6, -3.84373007689480061799e+00) (7, 1.00858456875137225683e-01) (8, 8.83758880343699537718e-01) (9, 1.32057817440536862108e+00) (10, 8.09675887382185766050e-02) (11, 5.82811612196226569438e-01) (12, 9.69097443070674025023e-01) (0, 8.88113282766604505980e-01) (1, -3.94957029049162144929e+00) (2, -3.85416175513368930439e-02) (3, 5.52187095783468251398e-01) (4, 1.31349264103063445575e+00) (5, 9.08375658240580641234e-01) (6, -3.83990669225219960481e+00) (7, 6.11379215968169131834e-02) (8, 9.65777553763651930296e-01) (9, 1.34923197489288693163e+00) (10, 2.15653522328153796073e-01) (11, 5.15370565958281012797e-01) (12, 8.65051381435656630003e-01) (0, -1.77312564571451836137e-02) (1, 5.84828262562350542630e-01) (2, 1.39999832915689376156e-01) (3, -1.31842851949509676235e-01) (4, -2.80462590165419245469e-01) (5, 7.51597466868642039017e-03) (6, 6.34599683219985277738e-01) (7, 1.68197691398288634579e-01) (8, 1.46675527421658097316e-01) (9, -2.03736787389098061851e-01) (10, 2.21367400121879498442e-01) (11, -8.58831185229387839009e-02) (12, -1.50059812081631716030e-01) (13, -3.87194200579885716706e+00) (14, -3.91939419110182996064e+00) (15, 5.48293888468339707387e-01) (16, -5.95787634035080282402e-01) 
