FANN_FLO_2.1
num_layers=3
learning_rate=0.700000
connection_rate=1.000000
network_type=0
learning_momentum=0.000000
training_algorithm=2
train_error_function=1
train_stop_function=1
cascade_output_change_fraction=0.010000
quickprop_decay=-0.000100
quickprop_mu=1.750000
rprop_increase_factor=1.200000
rprop_decrease_factor=0.500000
rprop_delta_min=0.000000
rprop_delta_max=50.000000
rprop_delta_zero=0.100000
cascade_output_stagnation_epochs=12
cascade_candidate_change_fraction=0.010000
cascade_candidate_stagnation_epochs=12
cascade_max_out_epochs=150
cascade_min_out_epochs=50
cascade_max_cand_epochs=150
cascade_min_cand_epochs=50
cascade_num_candidate_groups=2
bit_fail_limit=1.00000000000000005551e-01
cascade_candidate_limit=1.00000000000000000000e+03
cascade_weight_multiplier=4.00000000000000022204e-01
cascade_activation_functions_count=10
cascade_activation_functions=3 5 7 8 10 11 14 15 16 17 
cascade_activation_steepnesses_count=4
cascade_activation_steepnesses=2.50000000000000000000e-01 5.00000000000000000000e-01 7.50000000000000000000e-01 1.00000000000000000000e+00 
layer_sizes=13 4 2 
scale_included=0
neurons (num_inputs, activation_function, activation_steepness)=(0, 0, 0.00000000000000000000e+00) (0, 0, 0.00000000000000000000e+00) (0, 0, 0.00000000000000000000e+00) (0, 0, 0.00000000000000000000e+00) (0, 0, 0.00000000000000000000e+00) (0, 0, 0.00000000000000000000e+00) (0, 0, 0.00000000000000000000e+00) (0, 0, 0.00000000000000000000e+00) (0, 0, 0.00000000000000000000e+00) (0, 0, 0.00000000000000000000e+00) (0, 0, 0.00000000000000000000e+00) (0, 0, 0.00000000000000000000e+00) (0, 0, 0.00000000000000000000e+00) (13, 6, 5.00000000000000000000e-01) (13, 6, 5.00000000000000000000e-01) (13, 6, 5.00000000000000000000e-01) (0, 6, 0.00000000000000000000e+00) (4, 4, 5.00000000000000000000e-01) (0, 4, 0.00000000000000000000e+00) 
connections (connected_to_neuron, weight)=(0, -3.21874762743952702593e+00) (1, 1.08131705602078254103e+00) (2, 1.13287926211900202844e+00) (3, -6.43314682799610570996e-01) (4, -1.42344881378235554870e+00) (5, 1.74995570031172764658e+00) (6, 6.09318419058603455429e-03) (7, -2.27000950396612655169e+00) (8, -2.32642929375723372942e+00) (9, 1.44415424737560793567e+00) (10, 7.84679625762450538851e-02) (11, -2.01824545503366881150e+00) (12, -4.20535943321723101884e-02) (0, -3.23722813695910405229e+00) (1, 1.21751271938352401136e+00) (2, 1.15042838945931880090e+00) (3, -6.39999383050236181347e-01) (4, -1.32079531781496739562e+00) (5, 1.74245317426688206552e+00) (6, 7.79390211280135969396e-02) (7, -2.31688313305929671770e+00) (8, -2.27734790862158309466e+00) (9, 1.43029153320419832873e+00) (10, -1.60122917761928952249e-03) (11, -2.03897299260605269211e+00) (12, -1.56613679479247813742e-01) (0, 3.52232605955456801183e+00) (1, -1.75438908222465994591e+00) (2, -2.59110118661133403961e+00) (3, 1.13137217429440894989e+00) (4, 2.62582434087628691088e+00) (5, -1.74412041150060836969e+00) (6, -8.73708890664518844638e-01) (7, 3.09631893693798820877e+00) (8, 3.27108869611614982986e+00) (9, -2.66272603381446426596e+00) (10, -1.61851274169689723914e-01) (11, 3.28061148642902811190e+00) (12, 9.97550109010471253157e-01) (13, 9.73981896222106513505e+00) (14, 9.72169041067830619340e+00) (15, -4.72971174117516124369e+00) (16, -6.96966299928535204522e-01) 
