FANN_FLO_2.1
num_layers=3
learning_rate=0.700000
connection_rate=1.000000
network_type=0
learning_momentum=0.000000
training_algorithm=2
train_error_function=1
train_stop_function=1
cascade_output_change_fraction=0.010000
quickprop_decay=-0.000100
quickprop_mu=1.750000
rprop_increase_factor=1.200000
rprop_decrease_factor=0.500000
rprop_delta_min=0.000000
rprop_delta_max=50.000000
rprop_delta_zero=0.100000
cascade_output_stagnation_epochs=12
cascade_candidate_change_fraction=0.010000
cascade_candidate_stagnation_epochs=12
cascade_max_out_epochs=150
cascade_min_out_epochs=50
cascade_max_cand_epochs=150
cascade_min_cand_epochs=50
cascade_num_candidate_groups=2
bit_fail_limit=1.00000000000000005551e-01
cascade_candidate_limit=1.00000000000000000000e+03
cascade_weight_multiplier=4.00000000000000022204e-01
cascade_activation_functions_count=10
cascade_activation_functions=3 5 7 8 10 11 14 15 16 17 
cascade_activation_steepnesses_count=4
cascade_activation_steepnesses=2.50000000000000000000e-01 5.00000000000000000000e-01 7.50000000000000000000e-01 1.00000000000000000000e+00 
layer_sizes=10 4 2 
scale_included=0
neurons (num_inputs, activation_function, activation_steepness)=(0, 0, 0.00000000000000000000e+00) (0, 0, 0.00000000000000000000e+00) (0, 0, 0.00000000000000000000e+00) (0, 0, 0.00000000000000000000e+00) (0, 0, 0.00000000000000000000e+00) (0, 0, 0.00000000000000000000e+00) (0, 0, 0.00000000000000000000e+00) (0, 0, 0.00000000000000000000e+00) (0, 0, 0.00000000000000000000e+00) (0, 0, 0.00000000000000000000e+00) (10, 6, 5.00000000000000000000e-01) (10, 6, 5.00000000000000000000e-01) (10, 6, 5.00000000000000000000e-01) (0, 6, 0.00000000000000000000e+00) (4, 4, 5.00000000000000000000e-01) (0, 4, 0.00000000000000000000e+00) 
connections (connected_to_neuron, weight)=(0, 1.42769695324136325354e+00) (1, 4.28499925770340528430e+00) (2, 1.76892762296680139400e+00) (3, 2.10673757037591169450e+00) (4, 4.68466691342577146173e+00) (5, 6.25109297486621251494e+00) (6, 5.50173778959841097702e+00) (7, 5.08140421854012203084e+00) (8, 4.88145474736819373618e+00) (9, -3.54540059575881194576e+00) (0, 1.49101004122569315768e+03) (1, -1.50000000000000000000e+03) (2, -1.47500000000000000000e+03) (3, -1.47500000000000000000e+03) (4, -1.50000000000000000000e+03) (5, 4.84359604828448695457e+01) (6, -1.49299016051768489888e+03) (7, -1.50000000000000000000e+03) (8, -1.36579999079704271026e+03) (9, 2.59030266882697979280e-02) (0, -1.84358568066318784240e+00) (1, -3.09441923235350424548e+00) (2, -1.86159893121505493063e+00) (3, -1.43787084820431809717e+00) (4, -3.44519627063668565370e+00) (5, 3.92597409424441368131e+00) (6, -4.01997873267892558147e+00) (7, -3.89993738907246934033e+00) (8, -3.72196269945893609687e+00) (9, 2.91812795837688288003e+00) (10, 7.39339651912421125246e+00) (11, 4.09975879173909518727e+00) (12, -7.36399070750946549424e+00) (13, -2.71161701257820519917e-01) 
