FANN_FLO_2.1
num_layers=3
learning_rate=0.700000
connection_rate=1.000000
network_type=0
learning_momentum=0.000000
training_algorithm=2
train_error_function=1
train_stop_function=1
cascade_output_change_fraction=0.010000
quickprop_decay=-0.000100
quickprop_mu=1.750000
rprop_increase_factor=1.200000
rprop_decrease_factor=0.500000
rprop_delta_min=0.000000
rprop_delta_max=50.000000
rprop_delta_zero=0.100000
cascade_output_stagnation_epochs=12
cascade_candidate_change_fraction=0.010000
cascade_candidate_stagnation_epochs=12
cascade_max_out_epochs=150
cascade_min_out_epochs=50
cascade_max_cand_epochs=150
cascade_min_cand_epochs=50
cascade_num_candidate_groups=2
bit_fail_limit=1.00000000000000005551e-01
cascade_candidate_limit=1.00000000000000000000e+03
cascade_weight_multiplier=4.00000000000000022204e-01
cascade_activation_functions_count=10
cascade_activation_functions=3 5 7 8 10 11 14 15 16 17 
cascade_activation_steepnesses_count=4
cascade_activation_steepnesses=2.50000000000000000000e-01 5.00000000000000000000e-01 7.50000000000000000000e-01 1.00000000000000000000e+00 
layer_sizes=13 4 2 
scale_included=0
neurons (num_inputs, activation_function, activation_steepness)=(0, 0, 0.00000000000000000000e+00) (0, 0, 0.00000000000000000000e+00) (0, 0, 0.00000000000000000000e+00) (0, 0, 0.00000000000000000000e+00) (0, 0, 0.00000000000000000000e+00) (0, 0, 0.00000000000000000000e+00) (0, 0, 0.00000000000000000000e+00) (0, 0, 0.00000000000000000000e+00) (0, 0, 0.00000000000000000000e+00) (0, 0, 0.00000000000000000000e+00) (0, 0, 0.00000000000000000000e+00) (0, 0, 0.00000000000000000000e+00) (0, 0, 0.00000000000000000000e+00) (13, 6, 5.00000000000000000000e-01) (13, 6, 5.00000000000000000000e-01) (13, 6, 5.00000000000000000000e-01) (0, 6, 0.00000000000000000000e+00) (4, 4, 5.00000000000000000000e-01) (0, 4, 0.00000000000000000000e+00) 
connections (connected_to_neuron, weight)=(0, -1.96175065766552436664e+00) (1, 1.50000000000000000000e+03) (2, 8.87659293035933494309e-01) (3, 3.82046515306995571049e-01) (4, -1.15000512693766515637e-01) (5, -8.21928350319821310332e-02) (6, -2.12053600935386521442e+00) (7, 1.50000000000000000000e+03) (8, 8.63489637105766760783e-01) (9, 1.50000000000000000000e+03) (10, 1.68140264287473484295e+00) (11, 1.50000000000000000000e+03) (12, 1.31238556135009365455e+00) (0, -4.70393984673510701100e+00) (1, 1.50000000000000000000e+03) (2, 1.46213630457669818696e+00) (3, 4.03417628162730135255e-01) (4, -4.62347441215554544325e-01) (5, 7.71381356648417892963e-01) (6, -4.07389564296041317704e+00) (7, 1.50000000000000000000e+03) (8, 1.37513625637524983247e+00) (9, 1.50000000000000000000e+03) (10, 3.77328112876279009313e+00) (11, 1.50000000000000000000e+03) (12, 1.10445032256865949272e+00) (0, 7.06197607128512050423e+00) (1, -1.50000000000000000000e+02) (2, 1.49845098377976114534e+03) (3, 1.05636216476240574202e+00) (4, 5.70179827183654897027e-01) (5, -4.42971400931370418164e+00) (6, 5.42604896497890187845e+00) (7, -1.50000000000000000000e+02) (8, 1.50000000000000000000e+03) (9, 6.50000000000000000000e+02) (10, 1.28692983939768268442e+00) (11, 6.50000000000000000000e+02) (12, -1.71204215159797246137e+00) (13, 3.38135958777950662579e+00) (14, 2.29360815691633490587e+01) (15, -2.07515430926356074792e+01) (16, 4.93900350145836941618e-01) 
