FANN_FLO_2.1
num_layers=3
learning_rate=0.700000
connection_rate=1.000000
network_type=0
learning_momentum=0.000000
training_algorithm=2
train_error_function=1
train_stop_function=1
cascade_output_change_fraction=0.010000
quickprop_decay=-0.000100
quickprop_mu=1.750000
rprop_increase_factor=1.200000
rprop_decrease_factor=0.500000
rprop_delta_min=0.000000
rprop_delta_max=50.000000
rprop_delta_zero=0.100000
cascade_output_stagnation_epochs=12
cascade_candidate_change_fraction=0.010000
cascade_candidate_stagnation_epochs=12
cascade_max_out_epochs=150
cascade_min_out_epochs=50
cascade_max_cand_epochs=150
cascade_min_cand_epochs=50
cascade_num_candidate_groups=2
bit_fail_limit=1.00000000000000005551e-01
cascade_candidate_limit=1.00000000000000000000e+03
cascade_weight_multiplier=4.00000000000000022204e-01
cascade_activation_functions_count=10
cascade_activation_functions=3 5 7 8 10 11 14 15 16 17 
cascade_activation_steepnesses_count=4
cascade_activation_steepnesses=2.50000000000000000000e-01 5.00000000000000000000e-01 7.50000000000000000000e-01 1.00000000000000000000e+00 
layer_sizes=10 4 2 
scale_included=0
neurons (num_inputs, activation_function, activation_steepness)=(0, 0, 0.00000000000000000000e+00) (0, 0, 0.00000000000000000000e+00) (0, 0, 0.00000000000000000000e+00) (0, 0, 0.00000000000000000000e+00) (0, 0, 0.00000000000000000000e+00) (0, 0, 0.00000000000000000000e+00) (0, 0, 0.00000000000000000000e+00) (0, 0, 0.00000000000000000000e+00) (0, 0, 0.00000000000000000000e+00) (0, 0, 0.00000000000000000000e+00) (10, 6, 5.00000000000000000000e-01) (10, 6, 5.00000000000000000000e-01) (10, 6, 5.00000000000000000000e-01) (0, 6, 0.00000000000000000000e+00) (4, 4, 5.00000000000000000000e-01) (0, 4, 0.00000000000000000000e+00) 
connections (connected_to_neuron, weight)=(0, -1.50679694354019888536e+00) (1, 2.72280716623074381388e+00) (2, -4.17162509516699309131e-01) (3, -5.22846344226109205344e-01) (4, -1.58939250364247053326e+00) (5, 9.31608858664049077625e-01) (6, 1.67939436178605361327e+00) (7, 1.36615117932942653489e+00) (8, -1.77386403477311049848e+00) (9, -1.50865434137647147494e+00) (0, -6.85438573177369780964e-01) (1, 8.26875099700191684704e-01) (2, 5.54045946398153410506e-02) (3, 1.23229030495308235216e-02) (4, -1.46549539592971345137e-01) (5, -3.90845665694126287448e+00) (6, 1.40551815580911068082e+01) (7, 5.30979316155355896001e+00) (8, 1.62423693811997416070e+00) (9, -2.56570521266360866697e-02) (0, -3.02745241475282789168e+00) (1, 1.99850881935785462673e+00) (2, -1.97692754411621957056e-01) (3, -3.50714600905566942224e-01) (4, -6.65325753048717882798e-01) (5, 1.56914904945716626727e+00) (6, 6.02622345354462018996e-01) (7, 5.66729890662659330225e-01) (8, -1.05008911273863780877e+00) (9, -4.04212986936357043799e-01) (10, 3.18739540765781974585e+01) (11, 1.12316069028694265342e+00) (12, 9.81596290509271085512e+00) (13, -1.53006210205619330722e+00) 
