FANN_FLO_2.1
num_layers=3
learning_rate=0.700000
connection_rate=1.000000
network_type=0
learning_momentum=0.000000
training_algorithm=2
train_error_function=1
train_stop_function=1
cascade_output_change_fraction=0.010000
quickprop_decay=-0.000100
quickprop_mu=1.750000
rprop_increase_factor=1.200000
rprop_decrease_factor=0.500000
rprop_delta_min=0.000000
rprop_delta_max=50.000000
rprop_delta_zero=0.100000
cascade_output_stagnation_epochs=12
cascade_candidate_change_fraction=0.010000
cascade_candidate_stagnation_epochs=12
cascade_max_out_epochs=150
cascade_min_out_epochs=50
cascade_max_cand_epochs=150
cascade_min_cand_epochs=50
cascade_num_candidate_groups=2
bit_fail_limit=1.00000000000000005551e-01
cascade_candidate_limit=1.00000000000000000000e+03
cascade_weight_multiplier=4.00000000000000022204e-01
cascade_activation_functions_count=10
cascade_activation_functions=3 5 7 8 10 11 14 15 16 17 
cascade_activation_steepnesses_count=4
cascade_activation_steepnesses=2.50000000000000000000e-01 5.00000000000000000000e-01 7.50000000000000000000e-01 1.00000000000000000000e+00 
layer_sizes=6 4 2 
scale_included=0
neurons (num_inputs, activation_function, activation_steepness)=(0, 0, 0.00000000000000000000e+00) (0, 0, 0.00000000000000000000e+00) (0, 0, 0.00000000000000000000e+00) (0, 0, 0.00000000000000000000e+00) (0, 0, 0.00000000000000000000e+00) (0, 0, 0.00000000000000000000e+00) (6, 6, 5.00000000000000000000e-01) (6, 6, 5.00000000000000000000e-01) (6, 6, 5.00000000000000000000e-01) (0, 6, 0.00000000000000000000e+00) (4, 4, 5.00000000000000000000e-01) (0, 4, 0.00000000000000000000e+00) 
connections (connected_to_neuron, weight)=(0, 1.86677338043599183592e+00) (1, -2.89762321592588500963e+00) (2, -1.54436940689343038535e+00) (3, 8.29807042349504420109e-01) (4, 1.53664839115512652512e+00) (5, 1.84301160136609132323e+00) (0, -2.12406573600131798329e+00) (1, 4.26758953727884637885e+00) (2, 1.57123105122438433412e+00) (3, -7.82173734469867154573e-01) (4, -8.91341295404887601350e-01) (5, -2.08629352009851265493e+00) (0, -5.50032864233581178515e-02) (1, 2.34333428844885016673e+00) (2, 1.94171553241985761495e-01) (3, 1.42214093173793576508e-01) (4, -4.48756704079591797751e-02) (5, -9.61527238508788628657e-02) (6, -3.99793775998022304918e+00) (7, 4.08811626593896448867e+00) (8, 9.68640049972234740139e-01) (9, -2.03021240389901924672e+00) 
