FANN_FLO_2.1
num_layers=3
learning_rate=0.700000
connection_rate=1.000000
network_type=0
learning_momentum=0.000000
training_algorithm=2
train_error_function=1
train_stop_function=1
cascade_output_change_fraction=0.010000
quickprop_decay=-0.000100
quickprop_mu=1.750000
rprop_increase_factor=1.200000
rprop_decrease_factor=0.500000
rprop_delta_min=0.000000
rprop_delta_max=50.000000
rprop_delta_zero=0.100000
cascade_output_stagnation_epochs=12
cascade_candidate_change_fraction=0.010000
cascade_candidate_stagnation_epochs=12
cascade_max_out_epochs=150
cascade_min_out_epochs=50
cascade_max_cand_epochs=150
cascade_min_cand_epochs=50
cascade_num_candidate_groups=2
bit_fail_limit=1.00000000000000005551e-01
cascade_candidate_limit=1.00000000000000000000e+03
cascade_weight_multiplier=4.00000000000000022204e-01
cascade_activation_functions_count=10
cascade_activation_functions=3 5 7 8 10 11 14 15 16 17 
cascade_activation_steepnesses_count=4
cascade_activation_steepnesses=2.50000000000000000000e-01 5.00000000000000000000e-01 7.50000000000000000000e-01 1.00000000000000000000e+00 
layer_sizes=6 4 2 
scale_included=0
neurons (num_inputs, activation_function, activation_steepness)=(0, 0, 0.00000000000000000000e+00) (0, 0, 0.00000000000000000000e+00) (0, 0, 0.00000000000000000000e+00) (0, 0, 0.00000000000000000000e+00) (0, 0, 0.00000000000000000000e+00) (0, 0, 0.00000000000000000000e+00) (6, 6, 5.00000000000000000000e-01) (6, 6, 5.00000000000000000000e-01) (6, 6, 5.00000000000000000000e-01) (0, 6, 0.00000000000000000000e+00) (4, 4, 5.00000000000000000000e-01) (0, 4, 0.00000000000000000000e+00) 
connections (connected_to_neuron, weight)=(0, -1.17625997371832746730e+00) (1, -2.67346766432365789967e+00) (2, 6.39598359231774105105e-01) (3, -1.28680121409083958461e+00) (4, -2.86242654483738379056e+00) (5, 3.10489515619579048433e+00) (0, 8.12334558069542800318e-01) (1, 1.84027528688017483205e+00) (2, -1.50156704282626868308e-01) (3, 1.85614053191016514788e+00) (4, 1.22929597638630627721e+00) (5, -1.62568603620372065244e+00) (0, 1.50044271099852477569e+00) (1, 1.77058858366300175824e+00) (2, -9.53349378806840563882e-01) (3, 3.84818091635874495182e+01) (4, 1.07592516735066623390e+00) (5, -2.07462935245108681670e+00) (6, -4.68646793092889097920e+01) (7, 4.01764907648165969789e+00) (8, 7.37601862444517664130e+00) (9, -1.30950142246581147099e+00) 
