FANN_FLO_2.1
num_layers=3
learning_rate=0.700000
connection_rate=1.000000
network_type=0
learning_momentum=0.000000
training_algorithm=2
train_error_function=1
train_stop_function=1
cascade_output_change_fraction=0.010000
quickprop_decay=-0.000100
quickprop_mu=1.750000
rprop_increase_factor=1.200000
rprop_decrease_factor=0.500000
rprop_delta_min=0.000000
rprop_delta_max=50.000000
rprop_delta_zero=0.100000
cascade_output_stagnation_epochs=12
cascade_candidate_change_fraction=0.010000
cascade_candidate_stagnation_epochs=12
cascade_max_out_epochs=150
cascade_min_out_epochs=50
cascade_max_cand_epochs=150
cascade_min_cand_epochs=50
cascade_num_candidate_groups=2
bit_fail_limit=1.00000000000000005551e-01
cascade_candidate_limit=1.00000000000000000000e+03
cascade_weight_multiplier=4.00000000000000022204e-01
cascade_activation_functions_count=10
cascade_activation_functions=3 5 7 8 10 11 14 15 16 17 
cascade_activation_steepnesses_count=4
cascade_activation_steepnesses=2.50000000000000000000e-01 5.00000000000000000000e-01 7.50000000000000000000e-01 1.00000000000000000000e+00 
layer_sizes=6 4 2 
scale_included=0
neurons (num_inputs, activation_function, activation_steepness)=(0, 0, 0.00000000000000000000e+00) (0, 0, 0.00000000000000000000e+00) (0, 0, 0.00000000000000000000e+00) (0, 0, 0.00000000000000000000e+00) (0, 0, 0.00000000000000000000e+00) (0, 0, 0.00000000000000000000e+00) (6, 6, 5.00000000000000000000e-01) (6, 6, 5.00000000000000000000e-01) (6, 6, 5.00000000000000000000e-01) (0, 6, 0.00000000000000000000e+00) (4, 4, 5.00000000000000000000e-01) (0, 4, 0.00000000000000000000e+00) 
connections (connected_to_neuron, weight)=(0, -6.79428773127531138165e-01) (1, 2.32310799713415949697e+00) (2, 2.03186881236269156759e-01) (3, 1.01113940948101083128e-01) (4, -4.57123596901606310539e-01) (5, -5.40490609342764605216e-01) (0, -2.61577904017067597309e-01) (1, 1.12214276742416307897e+00) (2, 1.48988597635105884942e-01) (3, 9.88329505360877602627e-02) (4, -1.83305526975763022346e-01) (5, -9.95635044614197883828e-02) (0, 1.99721763278037633960e+00) (1, -4.18551047776614737472e+00) (2, 6.10510064341920122288e-01) (3, 4.56205336429970909062e-01) (4, 1.05215171957932285274e+00) (5, 2.09578283126145947790e+00) (6, 2.07979700051918126036e+00) (7, 4.23496956520170109162e-01) (8, -6.98674042178981213880e+00) (9, -1.90549386793920705330e+00) 
