FANN_FLO_2.1
num_layers=3
learning_rate=0.700000
connection_rate=1.000000
network_type=0
learning_momentum=0.000000
training_algorithm=2
train_error_function=1
train_stop_function=1
cascade_output_change_fraction=0.010000
quickprop_decay=-0.000100
quickprop_mu=1.750000
rprop_increase_factor=1.200000
rprop_decrease_factor=0.500000
rprop_delta_min=0.000000
rprop_delta_max=50.000000
rprop_delta_zero=0.100000
cascade_output_stagnation_epochs=12
cascade_candidate_change_fraction=0.010000
cascade_candidate_stagnation_epochs=12
cascade_max_out_epochs=150
cascade_min_out_epochs=50
cascade_max_cand_epochs=150
cascade_min_cand_epochs=50
cascade_num_candidate_groups=2
bit_fail_limit=1.00000000000000005551e-01
cascade_candidate_limit=1.00000000000000000000e+03
cascade_weight_multiplier=4.00000000000000022204e-01
cascade_activation_functions_count=10
cascade_activation_functions=3 5 7 8 10 11 14 15 16 17 
cascade_activation_steepnesses_count=4
cascade_activation_steepnesses=2.50000000000000000000e-01 5.00000000000000000000e-01 7.50000000000000000000e-01 1.00000000000000000000e+00 
layer_sizes=13 4 2 
scale_included=0
neurons (num_inputs, activation_function, activation_steepness)=(0, 0, 0.00000000000000000000e+00) (0, 0, 0.00000000000000000000e+00) (0, 0, 0.00000000000000000000e+00) (0, 0, 0.00000000000000000000e+00) (0, 0, 0.00000000000000000000e+00) (0, 0, 0.00000000000000000000e+00) (0, 0, 0.00000000000000000000e+00) (0, 0, 0.00000000000000000000e+00) (0, 0, 0.00000000000000000000e+00) (0, 0, 0.00000000000000000000e+00) (0, 0, 0.00000000000000000000e+00) (0, 0, 0.00000000000000000000e+00) (0, 0, 0.00000000000000000000e+00) (13, 6, 5.00000000000000000000e-01) (13, 6, 5.00000000000000000000e-01) (13, 6, 5.00000000000000000000e-01) (0, 6, 0.00000000000000000000e+00) (4, 4, 5.00000000000000000000e-01) (0, 4, 0.00000000000000000000e+00) 
connections (connected_to_neuron, weight)=(0, -3.18635065677811812890e+00) (1, 1.47976210938226260261e+00) (2, 1.78236234844887353468e+00) (3, -2.93918161480619222203e-01) (4, -1.88096941260048677869e+00) (5, -7.75190090465597614333e-01) (6, 2.00154986813187418804e+00) (7, -2.40169889010208026381e-01) (8, -7.80394647010767328332e-01) (9, -2.19648505555122097732e+00) (10, -2.30278122232883175613e+00) (11, 2.16109283569788734880e+00) (12, -3.79950195234885435003e-01) (0, -2.08896287081578568845e+00) (1, 1.29169188727126815763e+00) (2, 1.45214602983123275415e+00) (3, 5.11094583376807798381e-01) (4, -2.99390316734041750379e+00) (5, -1.13220060629483931791e+00) (6, 1.74285865385812388517e+00) (7, 1.15383593415985460928e-01) (8, -9.27653535682334995371e-01) (9, -1.92882092894468493149e+00) (10, -2.04269786776457085153e+00) (11, 1.53501105285722339033e+00) (12, -2.57606830808325304449e-01) (0, -2.94468894797750513348e+00) (1, 1.79743189762350907834e+00) (2, 2.84335667048521800737e+00) (3, 1.08810741000265243095e+00) (4, -4.82583979308439481315e+00) (5, -1.58680280710330823268e+00) (6, 2.31372328111038294551e+00) (7, -3.19361829980597533574e-02) (8, -1.18358625811856055243e+00) (9, -2.47192774822362437703e+00) (10, -2.46642901112683787801e+00) (11, 1.73361261581794678932e+00) (12, -8.93093231216638971937e-01) (13, 1.93772820594427663821e+00) (14, 8.79519729774696124025e+00) (15, 1.02423723883578201566e+01) (16, -1.82538261984274563510e+00) 
