FANN_FLO_2.1
num_layers=3
learning_rate=0.700000
connection_rate=1.000000
network_type=0
learning_momentum=0.000000
training_algorithm=2
train_error_function=1
train_stop_function=1
cascade_output_change_fraction=0.010000
quickprop_decay=-0.000100
quickprop_mu=1.750000
rprop_increase_factor=1.200000
rprop_decrease_factor=0.500000
rprop_delta_min=0.000000
rprop_delta_max=50.000000
rprop_delta_zero=0.100000
cascade_output_stagnation_epochs=12
cascade_candidate_change_fraction=0.010000
cascade_candidate_stagnation_epochs=12
cascade_max_out_epochs=150
cascade_min_out_epochs=50
cascade_max_cand_epochs=150
cascade_min_cand_epochs=50
cascade_num_candidate_groups=2
bit_fail_limit=1.00000000000000005551e-01
cascade_candidate_limit=1.00000000000000000000e+03
cascade_weight_multiplier=4.00000000000000022204e-01
cascade_activation_functions_count=10
cascade_activation_functions=3 5 7 8 10 11 14 15 16 17 
cascade_activation_steepnesses_count=4
cascade_activation_steepnesses=2.50000000000000000000e-01 5.00000000000000000000e-01 7.50000000000000000000e-01 1.00000000000000000000e+00 
layer_sizes=10 4 2 
scale_included=0
neurons (num_inputs, activation_function, activation_steepness)=(0, 0, 0.00000000000000000000e+00) (0, 0, 0.00000000000000000000e+00) (0, 0, 0.00000000000000000000e+00) (0, 0, 0.00000000000000000000e+00) (0, 0, 0.00000000000000000000e+00) (0, 0, 0.00000000000000000000e+00) (0, 0, 0.00000000000000000000e+00) (0, 0, 0.00000000000000000000e+00) (0, 0, 0.00000000000000000000e+00) (0, 0, 0.00000000000000000000e+00) (10, 6, 5.00000000000000000000e-01) (10, 6, 5.00000000000000000000e-01) (10, 6, 5.00000000000000000000e-01) (0, 6, 0.00000000000000000000e+00) (4, 4, 5.00000000000000000000e-01) (0, 4, 0.00000000000000000000e+00) 
connections (connected_to_neuron, weight)=(0, 3.44923114098492966662e-01) (1, 7.53449257848349929212e-01) (2, 2.77936432999474680727e-01) (3, 1.48892848268930427791e-01) (4, 4.47344779085071364566e-01) (5, 8.92358885934351642177e-01) (6, 6.56702302081359712282e-01) (7, 7.62554642471724775099e-01) (8, 7.74950468132666214771e-01) (9, -1.05182625669386320411e+00) (0, 2.29582841511876523111e-01) (1, 4.92662420769657938280e-01) (2, 4.33626265490050566420e-01) (3, 7.52357954337808720879e-01) (4, 1.12880675850800460402e+00) (5, 7.89409254601057153167e-01) (6, 1.04254635742678058996e+00) (7, 9.79891150294973978241e-01) (8, 9.65045806907720904455e-01) (9, -1.27780289407041180993e+00) (0, 2.64726578472602689374e+01) (1, -3.08968711095406423084e+00) (2, 4.46063331881991231853e+00) (3, 4.41384580997336506414e+00) (4, -2.79400240390984189176e+00) (5, -2.65400939458703843954e+00) (6, -5.40619894820813740033e-01) (7, -2.23499549584734280572e+00) (8, -5.70272567748964176459e-01) (9, -1.18273258417233351203e+00) (10, 5.78650126608395893868e+01) (11, 2.28711986161585230093e+01) (12, 2.09250481262007461680e+01) (13, -2.45397507626087341137e+00) 
