FANN_FLO_2.1
num_layers=3
learning_rate=0.700000
connection_rate=1.000000
network_type=0
learning_momentum=0.000000
training_algorithm=2
train_error_function=1
train_stop_function=1
cascade_output_change_fraction=0.010000
quickprop_decay=-0.000100
quickprop_mu=1.750000
rprop_increase_factor=1.200000
rprop_decrease_factor=0.500000
rprop_delta_min=0.000000
rprop_delta_max=50.000000
rprop_delta_zero=0.100000
cascade_output_stagnation_epochs=12
cascade_candidate_change_fraction=0.010000
cascade_candidate_stagnation_epochs=12
cascade_max_out_epochs=150
cascade_min_out_epochs=50
cascade_max_cand_epochs=150
cascade_min_cand_epochs=50
cascade_num_candidate_groups=2
bit_fail_limit=1.00000000000000005551e-01
cascade_candidate_limit=1.00000000000000000000e+03
cascade_weight_multiplier=4.00000000000000022204e-01
cascade_activation_functions_count=10
cascade_activation_functions=3 5 7 8 10 11 14 15 16 17 
cascade_activation_steepnesses_count=4
cascade_activation_steepnesses=2.50000000000000000000e-01 5.00000000000000000000e-01 7.50000000000000000000e-01 1.00000000000000000000e+00 
layer_sizes=12 4 2 
scale_included=0
neurons (num_inputs, activation_function, activation_steepness)=(0, 0, 0.00000000000000000000e+00) (0, 0, 0.00000000000000000000e+00) (0, 0, 0.00000000000000000000e+00) (0, 0, 0.00000000000000000000e+00) (0, 0, 0.00000000000000000000e+00) (0, 0, 0.00000000000000000000e+00) (0, 0, 0.00000000000000000000e+00) (0, 0, 0.00000000000000000000e+00) (0, 0, 0.00000000000000000000e+00) (0, 0, 0.00000000000000000000e+00) (0, 0, 0.00000000000000000000e+00) (0, 0, 0.00000000000000000000e+00) (12, 6, 5.00000000000000000000e-01) (12, 6, 5.00000000000000000000e-01) (12, 6, 5.00000000000000000000e-01) (0, 6, 0.00000000000000000000e+00) (4, 4, 5.00000000000000000000e-01) (0, 4, 0.00000000000000000000e+00) 
connections (connected_to_neuron, weight)=(0, -3.35517211140045379381e+00) (1, 2.28102069221221936957e+00) (2, 2.42683038936633455052e+00) (3, -5.06728923826484489723e-01) (4, -1.37696336646971051465e+00) (5, -1.17765090094264701648e+00) (6, -1.45976753970083539258e+00) (7, 1.96103884749894619155e+00) (8, -1.25208618643414149041e+00) (9, -5.89968526772063128760e+00) (10, -1.14879965634401992602e+00) (11, -8.30956772879248517505e-01) (0, 2.01593399703299480663e+00) (1, -2.03372792056908702207e+00) (2, -1.51537679752341114536e+00) (3, 5.38678845951372831102e-01) (4, 2.25775935149397355417e+00) (5, 1.07699419886714498062e+00) (6, 1.68030955068192811019e+00) (7, -7.17775241145575448876e-01) (8, 1.17909970103713979128e+00) (9, 7.98627499822546838004e+00) (10, 1.95695645610059409947e+00) (11, 5.26675197012345219783e-01) (0, 3.72600331654117056246e+00) (1, -2.03897604993691539121e+00) (2, -1.46606150140992008701e+00) (3, 6.65274756589943727647e-01) (4, 2.27923620140757066110e+00) (5, 7.86543806566206926689e-01) (6, 1.16176098757439105746e+00) (7, -6.95356853911364480858e-01) (8, 1.19968722729894627932e+00) (9, 7.95196041051318047721e+00) (10, 2.00832283744777351231e+00) (11, 4.34344323999802661707e-01) (12, 8.30126605453139987389e+00) (13, -4.93841706379880474032e+00) (14, -4.92813933059205577791e+00) (15, -6.94987928178242508892e-01) 
