FANN_FLO_2.1
num_layers=3
learning_rate=0.700000
connection_rate=1.000000
network_type=0
learning_momentum=0.000000
training_algorithm=2
train_error_function=1
train_stop_function=1
cascade_output_change_fraction=0.010000
quickprop_decay=-0.000100
quickprop_mu=1.750000
rprop_increase_factor=1.200000
rprop_decrease_factor=0.500000
rprop_delta_min=0.000000
rprop_delta_max=50.000000
rprop_delta_zero=0.100000
cascade_output_stagnation_epochs=12
cascade_candidate_change_fraction=0.010000
cascade_candidate_stagnation_epochs=12
cascade_max_out_epochs=150
cascade_min_out_epochs=50
cascade_max_cand_epochs=150
cascade_min_cand_epochs=50
cascade_num_candidate_groups=2
bit_fail_limit=1.00000000000000005551e-01
cascade_candidate_limit=1.00000000000000000000e+03
cascade_weight_multiplier=4.00000000000000022204e-01
cascade_activation_functions_count=10
cascade_activation_functions=3 5 7 8 10 11 14 15 16 17 
cascade_activation_steepnesses_count=4
cascade_activation_steepnesses=2.50000000000000000000e-01 5.00000000000000000000e-01 7.50000000000000000000e-01 1.00000000000000000000e+00 
layer_sizes=7 4 2 
scale_included=0
neurons (num_inputs, activation_function, activation_steepness)=(0, 0, 0.00000000000000000000e+00) (0, 0, 0.00000000000000000000e+00) (0, 0, 0.00000000000000000000e+00) (0, 0, 0.00000000000000000000e+00) (0, 0, 0.00000000000000000000e+00) (0, 0, 0.00000000000000000000e+00) (0, 0, 0.00000000000000000000e+00) (7, 6, 5.00000000000000000000e-01) (7, 6, 5.00000000000000000000e-01) (7, 6, 5.00000000000000000000e-01) (0, 6, 0.00000000000000000000e+00) (4, 4, 5.00000000000000000000e-01) (0, 4, 0.00000000000000000000e+00) 
connections (connected_to_neuron, weight)=(0, -1.41642097129670556654e+01) (1, -1.09560506035110738488e+00) (2, -7.12476258311139920565e-02) (3, -1.40961535165656960089e+03) (4, 1.50000000000000000000e+03) (5, 2.66845112073461065982e-01) (6, -6.27534847746422201453e+02) (0, -2.02223582517300215500e+00) (1, 1.80485839747447691650e+01) (2, 6.78884657690511650330e-01) (3, -4.03251357128720844258e+00) (4, 1.50000000000000000000e+03) (5, 5.58477915212591491390e-01) (6, -2.75902101699005974922e+00) (0, 3.68909289273534035658e+00) (1, -2.05960192783945750250e+00) (2, -2.26731748911429137339e-01) (3, 4.61431179240996502955e+00) (4, 1.50000000000000000000e+03) (5, -2.21791654686899764037e-01) (6, -2.07546855632247201351e-01) (7, 1.33987764254523411545e+00) (8, 1.60305529364570880091e+01) (9, 3.34921957171290998190e+01) (10, -2.06869392775232938675e+01) 
