FANN_FLO_2.1
num_layers=3
learning_rate=0.700000
connection_rate=1.000000
network_type=0
learning_momentum=0.000000
training_algorithm=2
train_error_function=1
train_stop_function=1
cascade_output_change_fraction=0.010000
quickprop_decay=-0.000100
quickprop_mu=1.750000
rprop_increase_factor=1.200000
rprop_decrease_factor=0.500000
rprop_delta_min=0.000000
rprop_delta_max=50.000000
rprop_delta_zero=0.100000
cascade_output_stagnation_epochs=12
cascade_candidate_change_fraction=0.010000
cascade_candidate_stagnation_epochs=12
cascade_max_out_epochs=150
cascade_min_out_epochs=50
cascade_max_cand_epochs=150
cascade_min_cand_epochs=50
cascade_num_candidate_groups=2
bit_fail_limit=1.00000000000000005551e-01
cascade_candidate_limit=1.00000000000000000000e+03
cascade_weight_multiplier=4.00000000000000022204e-01
cascade_activation_functions_count=10
cascade_activation_functions=3 5 7 8 10 11 14 15 16 17 
cascade_activation_steepnesses_count=4
cascade_activation_steepnesses=2.50000000000000000000e-01 5.00000000000000000000e-01 7.50000000000000000000e-01 1.00000000000000000000e+00 
layer_sizes=13 4 2 
scale_included=0
neurons (num_inputs, activation_function, activation_steepness)=(0, 0, 0.00000000000000000000e+00) (0, 0, 0.00000000000000000000e+00) (0, 0, 0.00000000000000000000e+00) (0, 0, 0.00000000000000000000e+00) (0, 0, 0.00000000000000000000e+00) (0, 0, 0.00000000000000000000e+00) (0, 0, 0.00000000000000000000e+00) (0, 0, 0.00000000000000000000e+00) (0, 0, 0.00000000000000000000e+00) (0, 0, 0.00000000000000000000e+00) (0, 0, 0.00000000000000000000e+00) (0, 0, 0.00000000000000000000e+00) (0, 0, 0.00000000000000000000e+00) (13, 6, 5.00000000000000000000e-01) (13, 6, 5.00000000000000000000e-01) (13, 6, 5.00000000000000000000e-01) (0, 6, 0.00000000000000000000e+00) (4, 4, 5.00000000000000000000e-01) (0, 4, 0.00000000000000000000e+00) 
connections (connected_to_neuron, weight)=(0, -1.79303714119035695340e+00) (1, 1.05515112788444165304e+00) (2, 3.52464409107145204558e+00) (3, -4.20150099997870021817e-02) (4, -1.82705079250175450589e+00) (5, -6.09619211591752252488e-01) (6, 5.46367175725042208967e+00) (7, -2.65153548777457448438e-01) (8, 1.24890947750661540638e+00) (9, 2.81961795484200583584e-01) (10, -8.89790904615659572485e-01) (11, -8.55744500551957720802e-01) (12, -1.43178257257100371991e-01) (0, 2.20104653487820911550e+00) (1, -1.83622518908771747981e+00) (2, -1.96174501481644436574e+00) (3, -7.54951956027632764545e-01) (4, 3.03432171950558693396e+00) (5, 1.42474041539052964644e+00) (6, -1.69979533044950281706e+00) (7, 1.26704508271469862279e+00) (8, -2.12712689318979331077e+00) (9, -6.27765510366425916189e-01) (10, 1.17822443376734842246e+00) (11, 3.72086489430192557393e+00) (12, 7.58897772114641155916e-01) (0, 4.65372227832081630794e+00) (1, -1.68488961440119067170e+00) (2, -2.01258071365944646303e+00) (3, -1.26965754873981917505e+00) (4, 5.42672727976653668236e+00) (5, 1.45095047759632111983e+00) (6, -1.85172708420487808212e+00) (7, 1.41569545524934770064e+00) (8, -1.75727068321431034725e+00) (9, -5.36720987544522798451e-01) (10, 2.81156270562909949007e+00) (11, 2.84291142582200873079e+00) (12, 2.42350927267827087608e-01) (13, 1.82033971551956685886e+00) (14, -5.94279067492485779667e+00) (15, -1.01053730484092838537e+01) (16, -9.22188407422324329943e-01) 
