FANN_FLO_2.1
num_layers=3
learning_rate=0.700000
connection_rate=1.000000
network_type=0
learning_momentum=0.000000
training_algorithm=2
train_error_function=1
train_stop_function=1
cascade_output_change_fraction=0.010000
quickprop_decay=-0.000100
quickprop_mu=1.750000
rprop_increase_factor=1.200000
rprop_decrease_factor=0.500000
rprop_delta_min=0.000000
rprop_delta_max=50.000000
rprop_delta_zero=0.100000
cascade_output_stagnation_epochs=12
cascade_candidate_change_fraction=0.010000
cascade_candidate_stagnation_epochs=12
cascade_max_out_epochs=150
cascade_min_out_epochs=50
cascade_max_cand_epochs=150
cascade_min_cand_epochs=50
cascade_num_candidate_groups=2
bit_fail_limit=1.00000000000000005551e-01
cascade_candidate_limit=1.00000000000000000000e+03
cascade_weight_multiplier=4.00000000000000022204e-01
cascade_activation_functions_count=10
cascade_activation_functions=3 5 7 8 10 11 14 15 16 17 
cascade_activation_steepnesses_count=4
cascade_activation_steepnesses=2.50000000000000000000e-01 5.00000000000000000000e-01 7.50000000000000000000e-01 1.00000000000000000000e+00 
layer_sizes=7 4 2 
scale_included=0
neurons (num_inputs, activation_function, activation_steepness)=(0, 0, 0.00000000000000000000e+00) (0, 0, 0.00000000000000000000e+00) (0, 0, 0.00000000000000000000e+00) (0, 0, 0.00000000000000000000e+00) (0, 0, 0.00000000000000000000e+00) (0, 0, 0.00000000000000000000e+00) (0, 0, 0.00000000000000000000e+00) (7, 6, 5.00000000000000000000e-01) (7, 6, 5.00000000000000000000e-01) (7, 6, 5.00000000000000000000e-01) (0, 6, 0.00000000000000000000e+00) (4, 4, 5.00000000000000000000e-01) (0, 4, 0.00000000000000000000e+00) 
connections (connected_to_neuron, weight)=(0, -6.79163673391883659924e-01) (1, 7.37667818420057486151e+00) (2, 4.31216272968204439309e+00) (3, 6.57470952954377629851e-01) (4, 2.24163181017072221657e-01) (5, -2.79346117180220010479e-01) (6, 7.88639922230010803617e+00) (0, 7.81307847513138531426e-01) (1, 3.17763375186592034183e+00) (2, -4.97574973704782597128e-01) (3, 3.81025474057633140035e+00) (4, 3.16305766624444073543e+00) (5, 7.87357502411586085422e-01) (6, -1.65873939726271024675e+00) (0, 2.32742972157533500877e+00) (1, 3.68089794065304820592e+00) (2, -8.43937386030298775097e-01) (3, 1.11593752924996270082e+00) (4, 2.74399946809046779705e+00) (5, 1.49483591068240451172e+00) (6, -2.22423298238817768180e+00) (7, -1.24596030139414359894e+00) (8, 5.37409940602839153456e+00) (9, 3.29553188361580353671e+01) (10, -1.21584468581763793793e+00) 
