FANN_FLO_2.1
num_layers=3
learning_rate=0.700000
connection_rate=1.000000
network_type=0
learning_momentum=0.000000
training_algorithm=2
train_error_function=1
train_stop_function=1
cascade_output_change_fraction=0.010000
quickprop_decay=-0.000100
quickprop_mu=1.750000
rprop_increase_factor=1.200000
rprop_decrease_factor=0.500000
rprop_delta_min=0.000000
rprop_delta_max=50.000000
rprop_delta_zero=0.100000
cascade_output_stagnation_epochs=12
cascade_candidate_change_fraction=0.010000
cascade_candidate_stagnation_epochs=12
cascade_max_out_epochs=150
cascade_min_out_epochs=50
cascade_max_cand_epochs=150
cascade_min_cand_epochs=50
cascade_num_candidate_groups=2
bit_fail_limit=1.00000000000000005551e-01
cascade_candidate_limit=1.00000000000000000000e+03
cascade_weight_multiplier=4.00000000000000022204e-01
cascade_activation_functions_count=10
cascade_activation_functions=3 5 7 8 10 11 14 15 16 17 
cascade_activation_steepnesses_count=4
cascade_activation_steepnesses=2.50000000000000000000e-01 5.00000000000000000000e-01 7.50000000000000000000e-01 1.00000000000000000000e+00 
layer_sizes=10 4 2 
scale_included=0
neurons (num_inputs, activation_function, activation_steepness)=(0, 0, 0.00000000000000000000e+00) (0, 0, 0.00000000000000000000e+00) (0, 0, 0.00000000000000000000e+00) (0, 0, 0.00000000000000000000e+00) (0, 0, 0.00000000000000000000e+00) (0, 0, 0.00000000000000000000e+00) (0, 0, 0.00000000000000000000e+00) (0, 0, 0.00000000000000000000e+00) (0, 0, 0.00000000000000000000e+00) (0, 0, 0.00000000000000000000e+00) (10, 6, 5.00000000000000000000e-01) (10, 6, 5.00000000000000000000e-01) (10, 6, 5.00000000000000000000e-01) (0, 6, 0.00000000000000000000e+00) (4, 4, 5.00000000000000000000e-01) (0, 4, 0.00000000000000000000e+00) 
connections (connected_to_neuron, weight)=(0, 1.11560626731374479270e+00) (1, -5.45736224669871150539e-01) (2, -3.45000467214877509781e-02) (3, -7.23243169212704550830e+00) (4, 1.09474185541036106439e-01) (5, 2.08428098789476018426e-01) (6, -3.87925621964449407475e-01) (7, 5.51345978525900129452e-02) (8, -4.54614818193113612299e-01) (9, 9.94932012261878884196e-01) (0, 1.02545508351595171526e+00) (1, -7.08246926060501880151e-01) (2, -6.44686236759476616331e-02) (3, -6.59741561789328390120e+00) (4, 9.12447738520816842289e-02) (5, 1.54767661324761995889e-01) (6, -5.78789771006067210735e-01) (7, 1.28299342381210712549e-01) (8, -9.71482877137293865388e-01) (9, 1.68642270350366740850e+00) (0, 1.32699092052526133045e+01) (1, -1.04826442217496875742e+01) (2, 1.62148414436197207955e+00) (3, -1.11884108180247743292e+01) (4, 1.46143456161460427722e+00) (5, 3.02425572964387257002e+00) (6, -1.05701113610601584725e+01) (7, 1.46817862600526360950e+00) (8, -1.03887760769392833993e+01) (9, 8.43484920831241424821e+00) (10, -2.15982314344759851465e+00) (11, -1.11613675121061550755e+00) (12, -5.63739975397856873940e+00) (13, -1.97299870534053489735e+00) 
