FANN_FLO_2.1
num_layers=3
learning_rate=0.700000
connection_rate=1.000000
network_type=0
learning_momentum=0.000000
training_algorithm=2
train_error_function=1
train_stop_function=1
cascade_output_change_fraction=0.010000
quickprop_decay=-0.000100
quickprop_mu=1.750000
rprop_increase_factor=1.200000
rprop_decrease_factor=0.500000
rprop_delta_min=0.000000
rprop_delta_max=50.000000
rprop_delta_zero=0.100000
cascade_output_stagnation_epochs=12
cascade_candidate_change_fraction=0.010000
cascade_candidate_stagnation_epochs=12
cascade_max_out_epochs=150
cascade_min_out_epochs=50
cascade_max_cand_epochs=150
cascade_min_cand_epochs=50
cascade_num_candidate_groups=2
bit_fail_limit=1.00000000000000005551e-01
cascade_candidate_limit=1.00000000000000000000e+03
cascade_weight_multiplier=4.00000000000000022204e-01
cascade_activation_functions_count=10
cascade_activation_functions=3 5 7 8 10 11 14 15 16 17 
cascade_activation_steepnesses_count=4
cascade_activation_steepnesses=2.50000000000000000000e-01 5.00000000000000000000e-01 7.50000000000000000000e-01 1.00000000000000000000e+00 
layer_sizes=10 4 2 
scale_included=0
neurons (num_inputs, activation_function, activation_steepness)=(0, 0, 0.00000000000000000000e+00) (0, 0, 0.00000000000000000000e+00) (0, 0, 0.00000000000000000000e+00) (0, 0, 0.00000000000000000000e+00) (0, 0, 0.00000000000000000000e+00) (0, 0, 0.00000000000000000000e+00) (0, 0, 0.00000000000000000000e+00) (0, 0, 0.00000000000000000000e+00) (0, 0, 0.00000000000000000000e+00) (0, 0, 0.00000000000000000000e+00) (10, 6, 5.00000000000000000000e-01) (10, 6, 5.00000000000000000000e-01) (10, 6, 5.00000000000000000000e-01) (0, 6, 0.00000000000000000000e+00) (4, 4, 5.00000000000000000000e-01) (0, 4, 0.00000000000000000000e+00) 
connections (connected_to_neuron, weight)=(0, -2.42231674853845349582e-02) (1, 8.19786109859328981919e-01) (2, 2.33132998618362535792e-01) (3, 1.47447358056489896683e-01) (4, 1.11697631032006805540e-01) (5, 2.04052919597165649535e-01) (6, -5.01737334195657483371e-02) (7, 8.94840322073416349902e-02) (8, 9.09921936329321501269e-02) (9, -5.43051623169465841334e-02) (0, -1.21730404188800811482e+00) (1, 4.84038952209675255034e+00) (2, 1.62145338342820050093e-01) (3, -6.30802530997679744562e-02) (4, -3.07442274720089780971e-01) (5, -4.61344920380686307482e-01) (6, -1.15699922507573127461e+00) (7, -1.13244779622126579000e+00) (8, -1.16056517725754737569e+00) (9, -8.25739606389426339383e-01) (0, -1.15377775048781394673e+00) (1, 4.74082013436281624053e+00) (2, 2.68976047025357156706e-01) (3, -1.26978511010973266204e-01) (4, -3.32769063145535337611e-01) (5, -3.25289566351746106676e-01) (6, -1.19941631918717384053e+00) (7, -1.24768173908759116841e+00) (8, -1.19092250084448814107e+00) (9, -8.11957827875041115995e-01) (10, 2.18344759072249872123e-01) (11, 2.70620598302710968497e+00) (12, 2.71260957823623138907e+00) (13, -1.06912289773989699349e+00) 
