FANN_FLO_2.1
num_layers=3
learning_rate=0.700000
connection_rate=1.000000
network_type=0
learning_momentum=0.000000
training_algorithm=2
train_error_function=1
train_stop_function=1
cascade_output_change_fraction=0.010000
quickprop_decay=-0.000100
quickprop_mu=1.750000
rprop_increase_factor=1.200000
rprop_decrease_factor=0.500000
rprop_delta_min=0.000000
rprop_delta_max=50.000000
rprop_delta_zero=0.100000
cascade_output_stagnation_epochs=12
cascade_candidate_change_fraction=0.010000
cascade_candidate_stagnation_epochs=12
cascade_max_out_epochs=150
cascade_min_out_epochs=50
cascade_max_cand_epochs=150
cascade_min_cand_epochs=50
cascade_num_candidate_groups=2
bit_fail_limit=1.00000000000000005551e-01
cascade_candidate_limit=1.00000000000000000000e+03
cascade_weight_multiplier=4.00000000000000022204e-01
cascade_activation_functions_count=10
cascade_activation_functions=3 5 7 8 10 11 14 15 16 17 
cascade_activation_steepnesses_count=4
cascade_activation_steepnesses=2.50000000000000000000e-01 5.00000000000000000000e-01 7.50000000000000000000e-01 1.00000000000000000000e+00 
layer_sizes=16 4 2 
scale_included=0
neurons (num_inputs, activation_function, activation_steepness)=(0, 0, 0.00000000000000000000e+00) (0, 0, 0.00000000000000000000e+00) (0, 0, 0.00000000000000000000e+00) (0, 0, 0.00000000000000000000e+00) (0, 0, 0.00000000000000000000e+00) (0, 0, 0.00000000000000000000e+00) (0, 0, 0.00000000000000000000e+00) (0, 0, 0.00000000000000000000e+00) (0, 0, 0.00000000000000000000e+00) (0, 0, 0.00000000000000000000e+00) (0, 0, 0.00000000000000000000e+00) (0, 0, 0.00000000000000000000e+00) (0, 0, 0.00000000000000000000e+00) (0, 0, 0.00000000000000000000e+00) (0, 0, 0.00000000000000000000e+00) (0, 0, 0.00000000000000000000e+00) (16, 6, 5.00000000000000000000e-01) (16, 6, 5.00000000000000000000e-01) (16, 6, 5.00000000000000000000e-01) (0, 6, 0.00000000000000000000e+00) (4, 4, 5.00000000000000000000e-01) (0, 4, 0.00000000000000000000e+00) 
connections (connected_to_neuron, weight)=(0, -3.35885136632717462568e-01) (1, 2.10241291093113069621e+00) (2, -1.75564435798917339859e-01) (3, 5.02841604815143505824e-03) (4, -2.77308561949869525343e-01) (5, -3.77403925417459817915e-01) (6, -1.84834878134014246598e+00) (7, 1.95608186887981538860e+00) (8, -1.33388487179074810562e-01) (9, -1.61935175515550838776e-01) (10, -3.95178213028705926924e-01) (11, -3.78012768237388940840e-01) (12, -1.61650632996354626236e-01) (13, -7.48969218919616208652e-02) (14, -1.83583562750611828385e-01) (15, -1.78583328492437576340e-01) (0, 1.11118100180869250337e+00) (1, -4.76734129556143226836e+00) (2, 4.24544231529278670578e-01) (3, 5.90126988393544271716e-01) (4, 9.76160907687429135748e-01) (5, 9.86083551939775038164e-01) (6, 1.26787941276012139369e+00) (7, -4.65819241323196830962e+00) (8, 6.55044118918225337644e-01) (9, 8.90354720445159730779e-01) (10, 9.49284594204475085100e-01) (11, 1.03844481303935198824e+00) (12, 6.62466327704235968810e-01) (13, 7.64393172271296439391e-01) (14, 6.63504581011578498106e-01) (15, 7.55484796173617301207e-01) (0, 1.04610039636140017549e+00) (1, -4.75503166236603203032e+00) (2, 4.03549598093075778671e-01) (3, 6.87708039683579519519e-01) (4, 6.57151182097672537097e-01) (5, 9.86146636005689192217e-01) (6, 1.32488767920909600306e+00) (7, -4.82891292341673317168e+00) (8, 4.61327800090355788498e-01) (9, 8.56809617521051225530e-01) (10, 1.00127734586243777315e+00) (11, 1.10960483148341326753e+00) (12, 7.51896387941882071715e-01) (13, 6.97381286926314292174e-01) (14, 7.33109018809840140563e-01) (15, 7.33439913995310721617e-01) (16, 1.88741025137188067617e+00) (17, -2.21880732242347900041e+00) (18, -4.83843370743715706084e+00) (19, -6.57774083693737798839e-01) 
