FANN_FLO_2.1
num_layers=3
learning_rate=0.700000
connection_rate=1.000000
network_type=0
learning_momentum=0.000000
training_algorithm=2
train_error_function=1
train_stop_function=1
cascade_output_change_fraction=0.010000
quickprop_decay=-0.000100
quickprop_mu=1.750000
rprop_increase_factor=1.200000
rprop_decrease_factor=0.500000
rprop_delta_min=0.000000
rprop_delta_max=50.000000
rprop_delta_zero=0.100000
cascade_output_stagnation_epochs=12
cascade_candidate_change_fraction=0.010000
cascade_candidate_stagnation_epochs=12
cascade_max_out_epochs=150
cascade_min_out_epochs=50
cascade_max_cand_epochs=150
cascade_min_cand_epochs=50
cascade_num_candidate_groups=2
bit_fail_limit=1.00000000000000005551e-01
cascade_candidate_limit=1.00000000000000000000e+03
cascade_weight_multiplier=4.00000000000000022204e-01
cascade_activation_functions_count=10
cascade_activation_functions=3 5 7 8 10 11 14 15 16 17 
cascade_activation_steepnesses_count=4
cascade_activation_steepnesses=2.50000000000000000000e-01 5.00000000000000000000e-01 7.50000000000000000000e-01 1.00000000000000000000e+00 
layer_sizes=7 4 2 
scale_included=0
neurons (num_inputs, activation_function, activation_steepness)=(0, 0, 0.00000000000000000000e+00) (0, 0, 0.00000000000000000000e+00) (0, 0, 0.00000000000000000000e+00) (0, 0, 0.00000000000000000000e+00) (0, 0, 0.00000000000000000000e+00) (0, 0, 0.00000000000000000000e+00) (0, 0, 0.00000000000000000000e+00) (7, 6, 5.00000000000000000000e-01) (7, 6, 5.00000000000000000000e-01) (7, 6, 5.00000000000000000000e-01) (0, 6, 0.00000000000000000000e+00) (4, 4, 5.00000000000000000000e-01) (0, 4, 0.00000000000000000000e+00) 
connections (connected_to_neuron, weight)=(0, 1.12299927755502659821e+00) (1, -9.37914757248622277253e-01) (2, -1.02879438566572734004e+00) (3, -2.82063547934086777946e-01) (4, -1.03302186963557351973e+00) (5, -1.28062315524768255415e+00) (6, 8.19659194693723835989e-01) (0, -4.96490143944729922509e+00) (1, 2.18198996642955789227e+00) (2, 3.43795765272891906683e-01) (3, 2.38603149135117176272e+00) (4, 2.10806770276073685011e+00) (5, 2.33442430482731699826e+00) (6, -2.10773257136166547454e+00) (0, 1.12895089553940373150e+01) (1, -5.99260438449598176192e+00) (2, -1.81018973918614234364e+00) (3, -2.35698077780155079708e+00) (4, -3.90841018815366103567e+00) (5, -5.29989574790198236798e+00) (6, 6.37267321291872512745e+00) (7, -1.83360698634500640658e+00) (8, 1.23673853742495349906e+01) (9, -1.15525573193942054928e+00) (10, -1.09818842757334045324e+00) 
