FANN_FLO_2.1
num_layers=3
learning_rate=0.700000
connection_rate=1.000000
network_type=0
learning_momentum=0.000000
training_algorithm=2
train_error_function=1
train_stop_function=1
cascade_output_change_fraction=0.010000
quickprop_decay=-0.000100
quickprop_mu=1.750000
rprop_increase_factor=1.200000
rprop_decrease_factor=0.500000
rprop_delta_min=0.000000
rprop_delta_max=50.000000
rprop_delta_zero=0.100000
cascade_output_stagnation_epochs=12
cascade_candidate_change_fraction=0.010000
cascade_candidate_stagnation_epochs=12
cascade_max_out_epochs=150
cascade_min_out_epochs=50
cascade_max_cand_epochs=150
cascade_min_cand_epochs=50
cascade_num_candidate_groups=2
bit_fail_limit=1.00000000000000005551e-01
cascade_candidate_limit=1.00000000000000000000e+03
cascade_weight_multiplier=4.00000000000000022204e-01
cascade_activation_functions_count=10
cascade_activation_functions=3 5 7 8 10 11 14 15 16 17 
cascade_activation_steepnesses_count=4
cascade_activation_steepnesses=2.50000000000000000000e-01 5.00000000000000000000e-01 7.50000000000000000000e-01 1.00000000000000000000e+00 
layer_sizes=10 4 2 
scale_included=0
neurons (num_inputs, activation_function, activation_steepness)=(0, 0, 0.00000000000000000000e+00) (0, 0, 0.00000000000000000000e+00) (0, 0, 0.00000000000000000000e+00) (0, 0, 0.00000000000000000000e+00) (0, 0, 0.00000000000000000000e+00) (0, 0, 0.00000000000000000000e+00) (0, 0, 0.00000000000000000000e+00) (0, 0, 0.00000000000000000000e+00) (0, 0, 0.00000000000000000000e+00) (0, 0, 0.00000000000000000000e+00) (10, 6, 5.00000000000000000000e-01) (10, 6, 5.00000000000000000000e-01) (10, 6, 5.00000000000000000000e-01) (0, 6, 0.00000000000000000000e+00) (4, 4, 5.00000000000000000000e-01) (0, 4, 0.00000000000000000000e+00) 
connections (connected_to_neuron, weight)=(0, -3.90356760494342047707e+00) (1, 1.72621298310456472436e+00) (2, 9.57824222595217267262e-01) (3, 7.41093199138401992343e-01) (4, -2.57529707418612752168e-01) (5, 3.09436687339726901325e-01) (6, -6.49891722117632297806e-02) (7, 1.86856168657897579732e-02) (8, 3.69613048307123492897e-01) (9, -9.23808493358138416163e-01) (0, -6.61096178758146901799e+00) (1, 3.34874308472291870586e+00) (2, 2.40729002841968098281e+00) (3, 1.87861008731648770897e+00) (4, 5.63110077480244219927e-01) (5, 1.34001381216150328157e+00) (6, 1.28893764302167945779e+00) (7, -1.97192910994271297653e+00) (8, 1.59755217491755319159e+00) (9, -3.73185775786195783610e+00) (0, 1.45189681933366254718e+00) (1, -8.11200725864407279353e-01) (2, -5.49383944398496137929e-01) (3, -1.22685303400044620759e+00) (4, 3.18917453636101549952e-02) (5, -2.50567190386597249407e-01) (6, 2.37504430536221756987e-02) (7, 2.41261488904665505340e-01) (8, -4.69070501153302565900e-01) (9, 4.76423546845961942697e-01) (10, 4.41150320599194145643e+00) (11, 5.66194857322737377103e+00) (12, -1.53403246000243154157e+00) (13, -2.09772379209144732570e+00) 
