FANN_FLO_2.1
num_layers=3
learning_rate=0.700000
connection_rate=1.000000
network_type=0
learning_momentum=0.000000
training_algorithm=2
train_error_function=1
train_stop_function=1
cascade_output_change_fraction=0.010000
quickprop_decay=-0.000100
quickprop_mu=1.750000
rprop_increase_factor=1.200000
rprop_decrease_factor=0.500000
rprop_delta_min=0.000000
rprop_delta_max=50.000000
rprop_delta_zero=0.100000
cascade_output_stagnation_epochs=12
cascade_candidate_change_fraction=0.010000
cascade_candidate_stagnation_epochs=12
cascade_max_out_epochs=150
cascade_min_out_epochs=50
cascade_max_cand_epochs=150
cascade_min_cand_epochs=50
cascade_num_candidate_groups=2
bit_fail_limit=1.00000000000000005551e-01
cascade_candidate_limit=1.00000000000000000000e+03
cascade_weight_multiplier=4.00000000000000022204e-01
cascade_activation_functions_count=10
cascade_activation_functions=3 5 7 8 10 11 14 15 16 17 
cascade_activation_steepnesses_count=4
cascade_activation_steepnesses=2.50000000000000000000e-01 5.00000000000000000000e-01 7.50000000000000000000e-01 1.00000000000000000000e+00 
layer_sizes=10 4 2 
scale_included=0
neurons (num_inputs, activation_function, activation_steepness)=(0, 0, 0.00000000000000000000e+00) (0, 0, 0.00000000000000000000e+00) (0, 0, 0.00000000000000000000e+00) (0, 0, 0.00000000000000000000e+00) (0, 0, 0.00000000000000000000e+00) (0, 0, 0.00000000000000000000e+00) (0, 0, 0.00000000000000000000e+00) (0, 0, 0.00000000000000000000e+00) (0, 0, 0.00000000000000000000e+00) (0, 0, 0.00000000000000000000e+00) (10, 6, 5.00000000000000000000e-01) (10, 6, 5.00000000000000000000e-01) (10, 6, 5.00000000000000000000e-01) (0, 6, 0.00000000000000000000e+00) (4, 4, 5.00000000000000000000e-01) (0, 4, 0.00000000000000000000e+00) 
connections (connected_to_neuron, weight)=(0, 1.37944561555410460940e+00) (1, -2.97231328425035368213e+00) (2, 8.39042434273006287881e-01) (3, 1.69900398904699145852e+00) (4, 6.34032578065933494216e-01) (5, 1.02276272551352787055e+00) (6, 1.24310508682752662857e+00) (7, 1.38773954226995543948e+00) (8, 1.34936872437025145999e+00) (9, 1.28778366311813408096e+00) (0, -9.44199069821521463908e-01) (1, 2.35054480964102729956e+00) (2, -2.55754993851960710227e-01) (3, -1.95691510188042050444e+00) (4, -5.08331825449968466302e-01) (5, -5.98868553951288351556e-01) (6, -6.72608319555110800714e-01) (7, -5.28423536454028952569e-01) (8, -6.84775944684333670587e-01) (9, -6.58176198486871588678e-01) (0, -7.17788266535545615987e-01) (1, 1.75227920016458860175e+00) (2, 6.81800864584190032675e-03) (3, -6.87570566813771044679e-01) (4, -2.44748342446527794580e-01) (5, -1.16856198426417604019e-01) (6, -1.25867630954913378716e-01) (7, -2.67684820707968951226e-01) (8, -1.40197912314293737790e-01) (9, -3.47268833551867328602e-01) (10, -6.75240533525168107332e+00) (11, 6.97799442305743422565e+00) (12, 6.32556057894169310174e+00) (13, -9.30573548608705225504e-01) 
