FANN_FLO_2.1
num_layers=3
learning_rate=0.700000
connection_rate=1.000000
network_type=0
learning_momentum=0.000000
training_algorithm=2
train_error_function=1
train_stop_function=1
cascade_output_change_fraction=0.010000
quickprop_decay=-0.000100
quickprop_mu=1.750000
rprop_increase_factor=1.200000
rprop_decrease_factor=0.500000
rprop_delta_min=0.000000
rprop_delta_max=50.000000
rprop_delta_zero=0.100000
cascade_output_stagnation_epochs=12
cascade_candidate_change_fraction=0.010000
cascade_candidate_stagnation_epochs=12
cascade_max_out_epochs=150
cascade_min_out_epochs=50
cascade_max_cand_epochs=150
cascade_min_cand_epochs=50
cascade_num_candidate_groups=2
bit_fail_limit=1.00000000000000005551e-01
cascade_candidate_limit=1.00000000000000000000e+03
cascade_weight_multiplier=4.00000000000000022204e-01
cascade_activation_functions_count=10
cascade_activation_functions=3 5 7 8 10 11 14 15 16 17 
cascade_activation_steepnesses_count=4
cascade_activation_steepnesses=2.50000000000000000000e-01 5.00000000000000000000e-01 7.50000000000000000000e-01 1.00000000000000000000e+00 
layer_sizes=9 4 2 
scale_included=0
neurons (num_inputs, activation_function, activation_steepness)=(0, 0, 0.00000000000000000000e+00) (0, 0, 0.00000000000000000000e+00) (0, 0, 0.00000000000000000000e+00) (0, 0, 0.00000000000000000000e+00) (0, 0, 0.00000000000000000000e+00) (0, 0, 0.00000000000000000000e+00) (0, 0, 0.00000000000000000000e+00) (0, 0, 0.00000000000000000000e+00) (0, 0, 0.00000000000000000000e+00) (9, 6, 5.00000000000000000000e-01) (9, 6, 5.00000000000000000000e-01) (9, 6, 5.00000000000000000000e-01) (0, 6, 0.00000000000000000000e+00) (4, 4, 5.00000000000000000000e-01) (0, 4, 0.00000000000000000000e+00) 
connections (connected_to_neuron, weight)=(0, 2.07339845171291087267e-01) (1, -3.53695755045200954658e-01) (2, 3.60030368227915315016e-02) (3, -2.34399654600818641015e+00) (4, -1.68129531115210339998e+00) (5, -6.94588589563345126798e-01) (6, 1.62127746484427154305e-01) (7, -3.10032973343930817745e-01) (8, 2.58030826962959425330e-01) (0, -2.95186817790939803885e+00) (1, 3.08853766344095737040e+00) (2, 2.35729817195845381406e+00) (3, 2.88258681684295092751e+00) (4, 4.64979067910903509642e+00) (5, -1.38872409168577837235e+00) (6, -1.32483920164972679423e+00) (7, 2.83990940002286595956e+00) (8, -4.07279008411431320269e+00) (0, 2.68675359682833403419e-01) (1, -3.38604633277104938305e-01) (2, -3.81027273944680444639e-01) (3, -8.85701779500372876619e-01) (4, -5.97430814659559383806e-01) (5, -4.73684020822022100461e-01) (6, 1.49019895877096020254e-01) (7, -2.29969587599396396715e-01) (8, 2.80751997709592138186e-01) (9, -3.07650026588921088333e+00) (10, 8.32514073866223895948e+01) (11, -2.67337256731818939670e+00) (12, -2.91307156525976918005e+00) 
