FANN_FLO_2.1
num_layers=3
learning_rate=0.700000
connection_rate=1.000000
network_type=0
learning_momentum=0.000000
training_algorithm=2
train_error_function=1
train_stop_function=1
cascade_output_change_fraction=0.010000
quickprop_decay=-0.000100
quickprop_mu=1.750000
rprop_increase_factor=1.200000
rprop_decrease_factor=0.500000
rprop_delta_min=0.000000
rprop_delta_max=50.000000
rprop_delta_zero=0.100000
cascade_output_stagnation_epochs=12
cascade_candidate_change_fraction=0.010000
cascade_candidate_stagnation_epochs=12
cascade_max_out_epochs=150
cascade_min_out_epochs=50
cascade_max_cand_epochs=150
cascade_min_cand_epochs=50
cascade_num_candidate_groups=2
bit_fail_limit=1.00000000000000005551e-01
cascade_candidate_limit=1.00000000000000000000e+03
cascade_weight_multiplier=4.00000000000000022204e-01
cascade_activation_functions_count=10
cascade_activation_functions=3 5 7 8 10 11 14 15 16 17 
cascade_activation_steepnesses_count=4
cascade_activation_steepnesses=2.50000000000000000000e-01 5.00000000000000000000e-01 7.50000000000000000000e-01 1.00000000000000000000e+00 
layer_sizes=7 4 2 
scale_included=0
neurons (num_inputs, activation_function, activation_steepness)=(0, 0, 0.00000000000000000000e+00) (0, 0, 0.00000000000000000000e+00) (0, 0, 0.00000000000000000000e+00) (0, 0, 0.00000000000000000000e+00) (0, 0, 0.00000000000000000000e+00) (0, 0, 0.00000000000000000000e+00) (0, 0, 0.00000000000000000000e+00) (7, 6, 5.00000000000000000000e-01) (7, 6, 5.00000000000000000000e-01) (7, 6, 5.00000000000000000000e-01) (0, 6, 0.00000000000000000000e+00) (4, 4, 5.00000000000000000000e-01) (0, 4, 0.00000000000000000000e+00) 
connections (connected_to_neuron, weight)=(0, 1.30473690802845238013e-01) (1, 9.29764929796876637980e-01) (2, 3.15262159174705347553e-01) (3, 1.06712892857597818619e+00) (4, 3.62051149050745246782e+00) (5, 8.43351628269376596414e-01) (6, -4.41185856718226063200e-02) (0, -3.05414704379886003949e+00) (1, 4.18994820068302864513e+00) (2, -1.13778916436160870695e+00) (3, 2.00563432088197046710e+00) (4, 4.56215203465393237536e+00) (5, 4.17983029733124489269e+00) (6, -3.80101369085668849834e+00) (0, -1.27442731873758230421e+00) (1, 1.73044368297701978143e+00) (2, 8.91566785928371685621e-01) (3, 1.43434954114494428445e+00) (4, 3.06627961177514285485e-01) (5, 1.79441442758685254510e+00) (6, -1.15845399236306434432e+00) (7, 1.05544854149553324341e+00) (8, 8.67693281138409133746e+00) (9, 1.41086113548211833368e+00) (10, -1.99212205044574108825e+00) 
