FANN_FLO_2.1
num_layers=3
learning_rate=0.700000
connection_rate=1.000000
network_type=0
learning_momentum=0.000000
training_algorithm=2
train_error_function=1
train_stop_function=1
cascade_output_change_fraction=0.010000
quickprop_decay=-0.000100
quickprop_mu=1.750000
rprop_increase_factor=1.200000
rprop_decrease_factor=0.500000
rprop_delta_min=0.000000
rprop_delta_max=50.000000
rprop_delta_zero=0.100000
cascade_output_stagnation_epochs=12
cascade_candidate_change_fraction=0.010000
cascade_candidate_stagnation_epochs=12
cascade_max_out_epochs=150
cascade_min_out_epochs=50
cascade_max_cand_epochs=150
cascade_min_cand_epochs=50
cascade_num_candidate_groups=2
bit_fail_limit=1.00000000000000005551e-01
cascade_candidate_limit=1.00000000000000000000e+03
cascade_weight_multiplier=4.00000000000000022204e-01
cascade_activation_functions_count=10
cascade_activation_functions=3 5 7 8 10 11 14 15 16 17 
cascade_activation_steepnesses_count=4
cascade_activation_steepnesses=2.50000000000000000000e-01 5.00000000000000000000e-01 7.50000000000000000000e-01 1.00000000000000000000e+00 
layer_sizes=9 4 2 
scale_included=0
neurons (num_inputs, activation_function, activation_steepness)=(0, 0, 0.00000000000000000000e+00) (0, 0, 0.00000000000000000000e+00) (0, 0, 0.00000000000000000000e+00) (0, 0, 0.00000000000000000000e+00) (0, 0, 0.00000000000000000000e+00) (0, 0, 0.00000000000000000000e+00) (0, 0, 0.00000000000000000000e+00) (0, 0, 0.00000000000000000000e+00) (0, 0, 0.00000000000000000000e+00) (9, 6, 5.00000000000000000000e-01) (9, 6, 5.00000000000000000000e-01) (9, 6, 5.00000000000000000000e-01) (0, 6, 0.00000000000000000000e+00) (4, 4, 5.00000000000000000000e-01) (0, 4, 0.00000000000000000000e+00) 
connections (connected_to_neuron, weight)=(0, -5.87021516730723824651e+00) (1, 2.69990763329706817686e+00) (2, 1.65519047157428000894e+00) (3, 5.99836781614685232711e-01) (4, 1.02237146716019400294e+00) (5, -1.10235607032918569992e+00) (6, -6.38581277570068994720e-01) (7, -1.27298331967226086014e+00) (8, -1.57972084277682744968e+00) (0, 2.73023886205196175680e+00) (1, -2.19876699473053482947e+00) (2, -1.64490566669169790970e+00) (3, -2.16785124514593663392e+00) (4, -1.77486423082603161916e+00) (5, -2.10559513147787924492e-01) (6, -3.28934724206757789222e-02) (7, 2.78950428934335503683e+00) (8, 2.85443150223731789694e+00) (0, 4.08053136518812031852e-01) (1, -4.64191932622290415189e-01) (2, -5.70801158960526078268e-02) (3, -1.50145014729877623871e-01) (4, -1.31912262397208823739e-02) (5, 2.60493062022418231383e-01) (6, 3.94185382149820795483e-01) (7, 4.09209824255323262321e-01) (8, 5.36473616355165106029e-01) (9, 7.52562007773155539070e+00) (10, -4.00306919140098571575e+00) (11, -1.07864616142524205600e+00) (12, -1.45432875763343849584e+00) 
