FANN_FLO_2.1
num_layers=3
learning_rate=0.700000
connection_rate=1.000000
network_type=0
learning_momentum=0.000000
training_algorithm=2
train_error_function=1
train_stop_function=1
cascade_output_change_fraction=0.010000
quickprop_decay=-0.000100
quickprop_mu=1.750000
rprop_increase_factor=1.200000
rprop_decrease_factor=0.500000
rprop_delta_min=0.000000
rprop_delta_max=50.000000
rprop_delta_zero=0.100000
cascade_output_stagnation_epochs=12
cascade_candidate_change_fraction=0.010000
cascade_candidate_stagnation_epochs=12
cascade_max_out_epochs=150
cascade_min_out_epochs=50
cascade_max_cand_epochs=150
cascade_min_cand_epochs=50
cascade_num_candidate_groups=2
bit_fail_limit=1.00000000000000005551e-01
cascade_candidate_limit=1.00000000000000000000e+03
cascade_weight_multiplier=4.00000000000000022204e-01
cascade_activation_functions_count=10
cascade_activation_functions=3 5 7 8 10 11 14 15 16 17 
cascade_activation_steepnesses_count=4
cascade_activation_steepnesses=2.50000000000000000000e-01 5.00000000000000000000e-01 7.50000000000000000000e-01 1.00000000000000000000e+00 
layer_sizes=10 4 2 
scale_included=0
neurons (num_inputs, activation_function, activation_steepness)=(0, 0, 0.00000000000000000000e+00) (0, 0, 0.00000000000000000000e+00) (0, 0, 0.00000000000000000000e+00) (0, 0, 0.00000000000000000000e+00) (0, 0, 0.00000000000000000000e+00) (0, 0, 0.00000000000000000000e+00) (0, 0, 0.00000000000000000000e+00) (0, 0, 0.00000000000000000000e+00) (0, 0, 0.00000000000000000000e+00) (0, 0, 0.00000000000000000000e+00) (10, 6, 5.00000000000000000000e-01) (10, 6, 5.00000000000000000000e-01) (10, 6, 5.00000000000000000000e-01) (0, 6, 0.00000000000000000000e+00) (4, 4, 5.00000000000000000000e-01) (0, 4, 0.00000000000000000000e+00) 
connections (connected_to_neuron, weight)=(0, -7.02994431708818368065e-01) (1, 4.61831592871191443095e+00) (2, 2.93405706312187153362e-01) (3, 3.34904704710265010981e-01) (4, -7.70899609962270693231e-01) (5, 1.44569662402015186586e-01) (6, -1.21215653736411232977e+00) (7, -5.52218251203672072513e-01) (8, -5.46870385881426113173e-01) (9, -1.18274460178201623606e+00) (0, 6.12865756313362042285e-01) (1, -4.31801839669999243387e-01) (2, -2.01259243341158411411e+00) (3, 1.86995258399173580610e-01) (4, 1.21328874810602993506e+00) (5, 2.37999289143286774095e-01) (6, 2.90452329681217813473e-01) (7, 1.73107519343700000380e-01) (8, 5.02229173509190829350e-01) (9, 6.57026543034773258256e-01) (0, 2.68970298389317008514e+00) (1, -5.09649481931472969620e+00) (2, -4.21129237911644249692e+00) (3, -2.89745728174948480316e+00) (4, 6.65632712725286790345e+00) (5, -1.38733489291672484889e+00) (6, 4.53884757343953837427e-01) (7, -4.37316006166844739589e-01) (8, 1.41660144471631510577e+00) (9, 5.54792476126553602001e+00) (10, 2.07712506462883217395e+00) (11, -7.84717681629021690526e+00) (12, -8.18143776561569424643e+00) (13, -1.58104863925221006404e+00) 
