FANN_FLO_2.1
num_layers=3
learning_rate=0.700000
connection_rate=1.000000
network_type=0
learning_momentum=0.000000
training_algorithm=2
train_error_function=1
train_stop_function=1
cascade_output_change_fraction=0.010000
quickprop_decay=-0.000100
quickprop_mu=1.750000
rprop_increase_factor=1.200000
rprop_decrease_factor=0.500000
rprop_delta_min=0.000000
rprop_delta_max=50.000000
rprop_delta_zero=0.100000
cascade_output_stagnation_epochs=12
cascade_candidate_change_fraction=0.010000
cascade_candidate_stagnation_epochs=12
cascade_max_out_epochs=150
cascade_min_out_epochs=50
cascade_max_cand_epochs=150
cascade_min_cand_epochs=50
cascade_num_candidate_groups=2
bit_fail_limit=1.00000000000000005551e-01
cascade_candidate_limit=1.00000000000000000000e+03
cascade_weight_multiplier=4.00000000000000022204e-01
cascade_activation_functions_count=10
cascade_activation_functions=3 5 7 8 10 11 14 15 16 17 
cascade_activation_steepnesses_count=4
cascade_activation_steepnesses=2.50000000000000000000e-01 5.00000000000000000000e-01 7.50000000000000000000e-01 1.00000000000000000000e+00 
layer_sizes=10 4 2 
scale_included=0
neurons (num_inputs, activation_function, activation_steepness)=(0, 0, 0.00000000000000000000e+00) (0, 0, 0.00000000000000000000e+00) (0, 0, 0.00000000000000000000e+00) (0, 0, 0.00000000000000000000e+00) (0, 0, 0.00000000000000000000e+00) (0, 0, 0.00000000000000000000e+00) (0, 0, 0.00000000000000000000e+00) (0, 0, 0.00000000000000000000e+00) (0, 0, 0.00000000000000000000e+00) (0, 0, 0.00000000000000000000e+00) (10, 6, 5.00000000000000000000e-01) (10, 6, 5.00000000000000000000e-01) (10, 6, 5.00000000000000000000e-01) (0, 6, 0.00000000000000000000e+00) (4, 4, 5.00000000000000000000e-01) (0, 4, 0.00000000000000000000e+00) 
connections (connected_to_neuron, weight)=(0, -2.64779592656553219854e+00) (1, 3.25298199200594373437e+00) (2, 2.55748701557649482652e+00) (3, -1.56347580619969783733e-01) (4, -2.29326496093684939481e-01) (5, -3.52356830804759879605e-01) (6, 3.62038015881475050417e-01) (7, -1.64567352956601919978e+00) (8, 5.96216184602918405910e-02) (9, -2.71566161119401883184e+00) (0, -2.24503966895811624127e+00) (1, 2.28085640692540403407e+00) (2, 1.69918579228108201917e+00) (3, 4.28086328944122518347e-02) (4, -2.97797365001379737981e-02) (5, 4.80617385774095129403e-01) (6, 1.83786773765181421503e+00) (7, -2.57495161151758544804e+00) (8, 4.95108885018105293607e-01) (9, -1.85489769514982572041e+00) (0, -1.01048405486696402100e+00) (1, -7.75087132723468408280e-01) (2, 7.61027481337588884713e+00) (3, 2.86773724825175657660e-01) (4, 1.31781707850322699072e-01) (5, 1.34516452626498195233e-01) (6, 2.70069350543504782536e-01) (7, -1.97338097218738517391e+00) (8, -8.11196640855735805198e-03) (9, -5.20739017901389766863e-01) (10, 5.56954922815163389060e+00) (11, 5.86033848455375316888e+00) (12, 1.37368930509299524978e+00) (13, -2.58849469249279806604e+00) 
