FANN_FLO_2.1
num_layers=3
learning_rate=0.700000
connection_rate=1.000000
network_type=0
learning_momentum=0.000000
training_algorithm=2
train_error_function=1
train_stop_function=1
cascade_output_change_fraction=0.010000
quickprop_decay=-0.000100
quickprop_mu=1.750000
rprop_increase_factor=1.200000
rprop_decrease_factor=0.500000
rprop_delta_min=0.000000
rprop_delta_max=50.000000
rprop_delta_zero=0.100000
cascade_output_stagnation_epochs=12
cascade_candidate_change_fraction=0.010000
cascade_candidate_stagnation_epochs=12
cascade_max_out_epochs=150
cascade_min_out_epochs=50
cascade_max_cand_epochs=150
cascade_min_cand_epochs=50
cascade_num_candidate_groups=2
bit_fail_limit=1.00000000000000005551e-01
cascade_candidate_limit=1.00000000000000000000e+03
cascade_weight_multiplier=4.00000000000000022204e-01
cascade_activation_functions_count=10
cascade_activation_functions=3 5 7 8 10 11 14 15 16 17 
cascade_activation_steepnesses_count=4
cascade_activation_steepnesses=2.50000000000000000000e-01 5.00000000000000000000e-01 7.50000000000000000000e-01 1.00000000000000000000e+00 
layer_sizes=11 4 2 
scale_included=0
neurons (num_inputs, activation_function, activation_steepness)=(0, 0, 0.00000000000000000000e+00) (0, 0, 0.00000000000000000000e+00) (0, 0, 0.00000000000000000000e+00) (0, 0, 0.00000000000000000000e+00) (0, 0, 0.00000000000000000000e+00) (0, 0, 0.00000000000000000000e+00) (0, 0, 0.00000000000000000000e+00) (0, 0, 0.00000000000000000000e+00) (0, 0, 0.00000000000000000000e+00) (0, 0, 0.00000000000000000000e+00) (0, 0, 0.00000000000000000000e+00) (11, 6, 5.00000000000000000000e-01) (11, 6, 5.00000000000000000000e-01) (11, 6, 5.00000000000000000000e-01) (0, 6, 0.00000000000000000000e+00) (4, 4, 5.00000000000000000000e-01) (0, 4, 0.00000000000000000000e+00) 
connections (connected_to_neuron, weight)=(0, -2.47674146268802042314e+00) (1, 1.56575169745479225725e+00) (2, -1.37651210721613480314e-02) (3, 4.93626945636899616687e+00) (4, 3.93544348005335997698e+00) (5, 1.54696918191993848524e+00) (6, 4.33409393330922654286e+00) (7, -8.18141748042358896154e-02) (8, 1.86771941213519143687e+00) (9, 1.37818221254869754944e+00) (10, -9.98094024330074991447e-01) (0, 3.20536969351682055063e+00) (1, -4.11122074753726707286e+00) (2, 4.27420457292244426739e-01) (3, -2.62811660437482297326e+00) (4, -3.31875992465142832799e+00) (5, -4.05606643100084607312e+00) (6, -5.03433992906426475145e+00) (7, 3.33663353073510515756e+00) (8, -5.09668626083945319749e+00) (9, -4.01188980922953319919e+00) (10, 4.19078525411213842489e+00) (0, 3.20899747806701052255e+00) (1, -4.07592625201429115123e+00) (2, 4.01688588250324718487e-01) (3, -2.69108114062446057702e+00) (4, -3.30641308325652705236e+00) (5, -4.13899947692455594250e+00) (6, -5.02835915430401847459e+00) (7, 3.23298807936820375986e+00) (8, -5.12425846054171607591e+00) (9, -4.14244994598243465589e+00) (10, 4.17135317133988348104e+00) (11, 7.70003614392196111815e-01) (12, -7.38488298186511737953e+00) (13, -7.36928861120195133338e+00) (14, -6.26015487753603383503e-01) 
