FANN_FLO_2.1
num_layers=3
learning_rate=0.700000
connection_rate=1.000000
network_type=0
learning_momentum=0.000000
training_algorithm=2
train_error_function=1
train_stop_function=1
cascade_output_change_fraction=0.010000
quickprop_decay=-0.000100
quickprop_mu=1.750000
rprop_increase_factor=1.200000
rprop_decrease_factor=0.500000
rprop_delta_min=0.000000
rprop_delta_max=50.000000
rprop_delta_zero=0.100000
cascade_output_stagnation_epochs=12
cascade_candidate_change_fraction=0.010000
cascade_candidate_stagnation_epochs=12
cascade_max_out_epochs=150
cascade_min_out_epochs=50
cascade_max_cand_epochs=150
cascade_min_cand_epochs=50
cascade_num_candidate_groups=2
bit_fail_limit=1.00000000000000005551e-01
cascade_candidate_limit=1.00000000000000000000e+03
cascade_weight_multiplier=4.00000000000000022204e-01
cascade_activation_functions_count=10
cascade_activation_functions=3 5 7 8 10 11 14 15 16 17 
cascade_activation_steepnesses_count=4
cascade_activation_steepnesses=2.50000000000000000000e-01 5.00000000000000000000e-01 7.50000000000000000000e-01 1.00000000000000000000e+00 
layer_sizes=16 4 2 
scale_included=0
neurons (num_inputs, activation_function, activation_steepness)=(0, 0, 0.00000000000000000000e+00) (0, 0, 0.00000000000000000000e+00) (0, 0, 0.00000000000000000000e+00) (0, 0, 0.00000000000000000000e+00) (0, 0, 0.00000000000000000000e+00) (0, 0, 0.00000000000000000000e+00) (0, 0, 0.00000000000000000000e+00) (0, 0, 0.00000000000000000000e+00) (0, 0, 0.00000000000000000000e+00) (0, 0, 0.00000000000000000000e+00) (0, 0, 0.00000000000000000000e+00) (0, 0, 0.00000000000000000000e+00) (0, 0, 0.00000000000000000000e+00) (0, 0, 0.00000000000000000000e+00) (0, 0, 0.00000000000000000000e+00) (0, 0, 0.00000000000000000000e+00) (16, 6, 5.00000000000000000000e-01) (16, 6, 5.00000000000000000000e-01) (16, 6, 5.00000000000000000000e-01) (0, 6, 0.00000000000000000000e+00) (4, 4, 5.00000000000000000000e-01) (0, 4, 0.00000000000000000000e+00) 
connections (connected_to_neuron, weight)=(0, -4.60890750855966313537e+00) (1, 1.38685762840360093939e+00) (2, 9.77183438869546061589e-01) (3, 2.82434915804642416859e-01) (4, 1.99739985890479115893e-01) (5, 1.49459683472948046123e+00) (6, 4.61187297684326424907e-01) (7, 7.30039648551255804243e-01) (8, 1.51397367889718981182e+00) (9, 1.28830792677610594943e+00) (10, 2.06548126049925506731e-01) (11, 1.35771935324093218078e+00) (12, 1.31287986052446092877e+00) (13, 1.07708191949103437857e+00) (14, 3.27759650962234250215e-01) (15, -1.39522717341798840884e+00) (0, -1.73655116016817889779e+00) (1, 5.54442875681856572889e-01) (2, 2.54308393797865517350e-01) (3, 1.22565562460200880301e-01) (4, 1.55962775800847719410e-01) (5, 3.62367536763081754536e-01) (6, 3.84933124119085978698e-01) (7, 3.96574469917727601143e-01) (8, 3.25211174736644126337e-01) (9, 6.35297954897570349431e-01) (10, 6.78822938119238661336e-01) (11, 6.29302339083122830310e-01) (12, 1.94123175585606522198e+00) (13, 1.87264724793722192597e-01) (14, 2.25213296661998130244e-01) (15, -3.89213201474261583090e-01) (0, -4.46459216029210725907e+00) (1, 1.21068318717330458689e+00) (2, 1.25990628465057763474e-01) (3, 6.02992837293923500397e-01) (4, 3.44756796906615647913e-01) (5, 3.18193594680905689209e-01) (6, 5.06976428908481491220e-01) (7, 6.80145111966639737133e-01) (8, 4.13514285104155887574e-01) (9, 1.40054966803587088719e+00) (10, 3.19081339227483662402e-01) (11, 1.38389059245606804716e+00) (12, 1.08818376687697826455e+00) (13, 1.53498134815617637283e-01) (14, 3.18691623444330607295e-01) (15, -9.08427555647669193739e-01) (16, 2.37808576784150460526e+01) (17, 4.49759773700251752615e+00) (18, 8.25666733652214901440e+00) (19, -9.55437880355799129539e-01) 
