FANN_FLO_2.1
num_layers=3
learning_rate=0.700000
connection_rate=1.000000
network_type=0
learning_momentum=0.000000
training_algorithm=2
train_error_function=1
train_stop_function=1
cascade_output_change_fraction=0.010000
quickprop_decay=-0.000100
quickprop_mu=1.750000
rprop_increase_factor=1.200000
rprop_decrease_factor=0.500000
rprop_delta_min=0.000000
rprop_delta_max=50.000000
rprop_delta_zero=0.100000
cascade_output_stagnation_epochs=12
cascade_candidate_change_fraction=0.010000
cascade_candidate_stagnation_epochs=12
cascade_max_out_epochs=150
cascade_min_out_epochs=50
cascade_max_cand_epochs=150
cascade_min_cand_epochs=50
cascade_num_candidate_groups=2
bit_fail_limit=1.00000000000000005551e-01
cascade_candidate_limit=1.00000000000000000000e+03
cascade_weight_multiplier=4.00000000000000022204e-01
cascade_activation_functions_count=10
cascade_activation_functions=3 5 7 8 10 11 14 15 16 17 
cascade_activation_steepnesses_count=4
cascade_activation_steepnesses=2.50000000000000000000e-01 5.00000000000000000000e-01 7.50000000000000000000e-01 1.00000000000000000000e+00 
layer_sizes=10 4 2 
scale_included=0
neurons (num_inputs, activation_function, activation_steepness)=(0, 0, 0.00000000000000000000e+00) (0, 0, 0.00000000000000000000e+00) (0, 0, 0.00000000000000000000e+00) (0, 0, 0.00000000000000000000e+00) (0, 0, 0.00000000000000000000e+00) (0, 0, 0.00000000000000000000e+00) (0, 0, 0.00000000000000000000e+00) (0, 0, 0.00000000000000000000e+00) (0, 0, 0.00000000000000000000e+00) (0, 0, 0.00000000000000000000e+00) (10, 6, 5.00000000000000000000e-01) (10, 6, 5.00000000000000000000e-01) (10, 6, 5.00000000000000000000e-01) (0, 6, 0.00000000000000000000e+00) (4, 4, 5.00000000000000000000e-01) (0, 4, 0.00000000000000000000e+00) 
connections (connected_to_neuron, weight)=(0, -8.43490022876712597366e-01) (1, 2.24476169727078778138e+00) (2, 1.12403508939510871079e-01) (3, 4.14035587689939033051e-02) (4, -3.58966098048624504546e-02) (5, -4.11749889672040625399e-01) (6, -7.01882199265894402007e-02) (7, -2.42640761256456088946e-01) (8, -6.18553498553092301337e-02) (9, -1.19306552608871641041e+00) (0, -8.75252354600879467483e-01) (1, 2.34531532905331907557e+00) (2, -1.86763659932550896148e-02) (3, 8.49550484798017035981e-02) (4, 5.49299537322583686372e-02) (5, -3.56138435721635504549e-01) (6, -4.62719903209146965484e-02) (7, -2.52180912413534630279e-02) (8, -7.45604337917620957343e-02) (9, -1.23197901820206823231e+00) (0, 1.20304552849761270394e+00) (1, -1.30272135035532099501e+00) (2, 6.14972045476794293428e-01) (3, 6.19485063310027173067e-01) (4, 5.34484462644219449068e-01) (5, 8.90727124534019254476e-01) (6, 5.42350539769292039338e-01) (7, 6.18089286442160656954e-01) (8, 6.12124046142458966280e-01) (9, 1.05832502933538785683e+00) (10, 6.95307083025157179890e+00) (11, 6.92736000909983840046e+00) (12, -2.91058836717494262558e+00) (13, -9.13680899599048301774e-01) 
