FANN_FLO_2.1
num_layers=3
learning_rate=0.700000
connection_rate=1.000000
network_type=0
learning_momentum=0.000000
training_algorithm=2
train_error_function=1
train_stop_function=1
cascade_output_change_fraction=0.010000
quickprop_decay=-0.000100
quickprop_mu=1.750000
rprop_increase_factor=1.200000
rprop_decrease_factor=0.500000
rprop_delta_min=0.000000
rprop_delta_max=50.000000
rprop_delta_zero=0.100000
cascade_output_stagnation_epochs=12
cascade_candidate_change_fraction=0.010000
cascade_candidate_stagnation_epochs=12
cascade_max_out_epochs=150
cascade_min_out_epochs=50
cascade_max_cand_epochs=150
cascade_min_cand_epochs=50
cascade_num_candidate_groups=2
bit_fail_limit=1.00000000000000005551e-01
cascade_candidate_limit=1.00000000000000000000e+03
cascade_weight_multiplier=4.00000000000000022204e-01
cascade_activation_functions_count=10
cascade_activation_functions=3 5 7 8 10 11 14 15 16 17 
cascade_activation_steepnesses_count=4
cascade_activation_steepnesses=2.50000000000000000000e-01 5.00000000000000000000e-01 7.50000000000000000000e-01 1.00000000000000000000e+00 
layer_sizes=12 4 2 
scale_included=0
neurons (num_inputs, activation_function, activation_steepness)=(0, 0, 0.00000000000000000000e+00) (0, 0, 0.00000000000000000000e+00) (0, 0, 0.00000000000000000000e+00) (0, 0, 0.00000000000000000000e+00) (0, 0, 0.00000000000000000000e+00) (0, 0, 0.00000000000000000000e+00) (0, 0, 0.00000000000000000000e+00) (0, 0, 0.00000000000000000000e+00) (0, 0, 0.00000000000000000000e+00) (0, 0, 0.00000000000000000000e+00) (0, 0, 0.00000000000000000000e+00) (0, 0, 0.00000000000000000000e+00) (12, 6, 5.00000000000000000000e-01) (12, 6, 5.00000000000000000000e-01) (12, 6, 5.00000000000000000000e-01) (0, 6, 0.00000000000000000000e+00) (4, 4, 5.00000000000000000000e-01) (0, 4, 0.00000000000000000000e+00) 
connections (connected_to_neuron, weight)=(0, -7.65357397992010213272e+00) (1, 2.88825536858284248609e+00) (2, -1.83947166086056906886e-01) (3, -1.77547732405299618641e+00) (4, 1.04184799035698127945e+00) (5, 8.57997291978620846287e-01) (6, 1.77759753276960169588e-01) (7, 1.56889643888257745985e+00) (8, 1.19387225201040436673e+00) (9, 2.78833649883898981869e+00) (10, 2.28348924692680599335e+00) (11, -4.63023450168760841716e-01) (0, -2.94466494265795741825e+00) (1, 8.64100920457054000323e-01) (2, 2.43977983525995867353e-01) (3, -7.04603525095217619878e-01) (4, 2.26381973455417551122e+00) (5, 1.40576894883271696912e+00) (6, 3.41097056412671684189e-01) (7, 7.37195741741916599210e-01) (8, 2.13512546474802888952e+00) (9, 6.83440229379515540309e-01) (10, 1.05582661669524613401e+00) (11, -3.51707485425311494609e-01) (0, 4.00591132340207511930e+00) (1, -3.05564217563973050673e+00) (2, 1.57407286650824329577e+00) (3, 3.53038262670484048744e-01) (4, -2.97922635621853304499e+00) (5, -2.50308950058050250220e+00) (6, 9.19984770089191883358e-01) (7, -2.40208507515077585026e+00) (8, -2.85258298910685015315e+00) (9, -3.09822526963299349489e+00) (10, -3.10018234092473177199e+00) (11, 2.94662041833468713037e+00) (12, 4.19182074910207713714e+00) (13, 2.29985175996172941382e+00) (14, -2.60940357882056233052e+01) (15, -5.92767416838691052483e-01) 
