FANN_FLO_2.1
num_layers=3
learning_rate=0.700000
connection_rate=1.000000
network_type=0
learning_momentum=0.000000
training_algorithm=2
train_error_function=1
train_stop_function=1
cascade_output_change_fraction=0.010000
quickprop_decay=-0.000100
quickprop_mu=1.750000
rprop_increase_factor=1.200000
rprop_decrease_factor=0.500000
rprop_delta_min=0.000000
rprop_delta_max=50.000000
rprop_delta_zero=0.100000
cascade_output_stagnation_epochs=12
cascade_candidate_change_fraction=0.010000
cascade_candidate_stagnation_epochs=12
cascade_max_out_epochs=150
cascade_min_out_epochs=50
cascade_max_cand_epochs=150
cascade_min_cand_epochs=50
cascade_num_candidate_groups=2
bit_fail_limit=1.00000000000000005551e-01
cascade_candidate_limit=1.00000000000000000000e+03
cascade_weight_multiplier=4.00000000000000022204e-01
cascade_activation_functions_count=10
cascade_activation_functions=3 5 7 8 10 11 14 15 16 17 
cascade_activation_steepnesses_count=4
cascade_activation_steepnesses=2.50000000000000000000e-01 5.00000000000000000000e-01 7.50000000000000000000e-01 1.00000000000000000000e+00 
layer_sizes=9 4 2 
scale_included=0
neurons (num_inputs, activation_function, activation_steepness)=(0, 0, 0.00000000000000000000e+00) (0, 0, 0.00000000000000000000e+00) (0, 0, 0.00000000000000000000e+00) (0, 0, 0.00000000000000000000e+00) (0, 0, 0.00000000000000000000e+00) (0, 0, 0.00000000000000000000e+00) (0, 0, 0.00000000000000000000e+00) (0, 0, 0.00000000000000000000e+00) (0, 0, 0.00000000000000000000e+00) (9, 6, 5.00000000000000000000e-01) (9, 6, 5.00000000000000000000e-01) (9, 6, 5.00000000000000000000e-01) (0, 6, 0.00000000000000000000e+00) (4, 4, 5.00000000000000000000e-01) (0, 4, 0.00000000000000000000e+00) 
connections (connected_to_neuron, weight)=(0, 4.33122145026063076756e+00) (1, -3.77046133537080274678e+00) (2, -1.82422367590519662883e+00) (3, -1.23919737991424661061e+00) (4, -1.33619238333107137606e+00) (5, -1.25689454931109212410e+00) (6, -1.20388056892245076668e+00) (7, 1.46266739623455244157e+00) (8, 3.70034447476595484972e+00) (0, 4.31319554536675564549e+00) (1, -3.73575572628762708760e+00) (2, -1.93140973257872339275e+00) (3, -1.20578121301265817067e+00) (4, -1.32266907290817403720e+00) (5, -1.24380297023146413338e+00) (6, -1.19685923117487691414e+00) (7, 1.51947602437643247697e+00) (8, 3.70576130017965876817e+00) (0, 4.52466565536114462276e+00) (1, -2.20148847352369037011e+00) (2, -2.25623673488356413230e+00) (3, -1.59176606772876927387e+00) (4, -8.10985086026053236807e-01) (5, -5.17307750401945071195e-02) (6, -2.55788986820405561673e+00) (7, 1.46574910779207701061e+00) (8, 2.81917634658337057374e+00) (9, -2.17569721032123775117e+00) (10, -2.09681564856510371797e+00) (11, -3.93855603974939105782e+00) (12, -1.15806704007041139093e+00) 
