FANN_FLO_2.1
num_layers=3
learning_rate=0.700000
connection_rate=1.000000
network_type=0
learning_momentum=0.000000
training_algorithm=2
train_error_function=1
train_stop_function=1
cascade_output_change_fraction=0.010000
quickprop_decay=-0.000100
quickprop_mu=1.750000
rprop_increase_factor=1.200000
rprop_decrease_factor=0.500000
rprop_delta_min=0.000000
rprop_delta_max=50.000000
rprop_delta_zero=0.100000
cascade_output_stagnation_epochs=12
cascade_candidate_change_fraction=0.010000
cascade_candidate_stagnation_epochs=12
cascade_max_out_epochs=150
cascade_min_out_epochs=50
cascade_max_cand_epochs=150
cascade_min_cand_epochs=50
cascade_num_candidate_groups=2
bit_fail_limit=1.00000000000000005551e-01
cascade_candidate_limit=1.00000000000000000000e+03
cascade_weight_multiplier=4.00000000000000022204e-01
cascade_activation_functions_count=10
cascade_activation_functions=3 5 7 8 10 11 14 15 16 17 
cascade_activation_steepnesses_count=4
cascade_activation_steepnesses=2.50000000000000000000e-01 5.00000000000000000000e-01 7.50000000000000000000e-01 1.00000000000000000000e+00 
layer_sizes=14 4 2 
scale_included=0
neurons (num_inputs, activation_function, activation_steepness)=(0, 0, 0.00000000000000000000e+00) (0, 0, 0.00000000000000000000e+00) (0, 0, 0.00000000000000000000e+00) (0, 0, 0.00000000000000000000e+00) (0, 0, 0.00000000000000000000e+00) (0, 0, 0.00000000000000000000e+00) (0, 0, 0.00000000000000000000e+00) (0, 0, 0.00000000000000000000e+00) (0, 0, 0.00000000000000000000e+00) (0, 0, 0.00000000000000000000e+00) (0, 0, 0.00000000000000000000e+00) (0, 0, 0.00000000000000000000e+00) (0, 0, 0.00000000000000000000e+00) (0, 0, 0.00000000000000000000e+00) (14, 6, 5.00000000000000000000e-01) (14, 6, 5.00000000000000000000e-01) (14, 6, 5.00000000000000000000e-01) (0, 6, 0.00000000000000000000e+00) (4, 4, 5.00000000000000000000e-01) (0, 4, 0.00000000000000000000e+00) 
connections (connected_to_neuron, weight)=(0, -7.24675453606689168318e-01) (1, 5.01479898391275158431e-01) (2, -5.01013511585845172647e-01) (3, 3.41553179737057954757e-01) (4, 3.13268086373681642343e-01) (5, 5.84682755533688536254e-01) (6, 9.09932060983410284649e-01) (7, 3.70174868464345552255e-01) (8, 2.69034633384121701916e-01) (9, 5.21355909808258632943e-01) (10, 8.47683159566606780899e-01) (11, 9.12083661269232792712e-01) (12, 5.47009267068869098338e-01) (13, -3.55481965697983293140e-01) (0, -2.35179418317828581309e+00) (1, 1.32974437901442166243e+00) (2, -1.67513185897889882447e+00) (3, 2.08666540056610161358e+00) (4, 2.93667347359231944992e-01) (5, 9.67393219331795894966e-01) (6, 1.35023231793355225072e+00) (7, 3.80275571494419040164e-01) (8, 2.94047520997930411646e-01) (9, 5.22291804981909635330e-01) (10, 1.27716384910539781927e+00) (11, 5.02261905852210865930e-01) (12, 8.77547291172611321208e-01) (13, 1.46965518064246340735e-02) (0, -5.68116491889547514660e+00) (1, 2.94017262364846754252e+00) (2, -4.00533591343301509369e+00) (3, 1.08274285930884306417e+00) (4, 3.65976029491299925667e-01) (5, 2.40253828599047958292e+00) (6, 2.84074776001231965594e+00) (7, 1.46703668911068396685e-01) (8, -2.21664387491041503520e-02) (9, 6.48796307948040440472e-01) (10, 2.88704232957633255552e+00) (11, 6.29694382716073364215e-01) (12, 2.07137048181144400871e+00) (13, -2.62803879449345245689e-01) (14, 3.43932376079467383434e+00) (15, 6.96123764072834561034e+00) (16, 2.03844855489702005968e+01) (17, -1.24527820618920892493e+00) 
