FANN_FLO_2.1
num_layers=3
learning_rate=0.700000
connection_rate=1.000000
network_type=0
learning_momentum=0.000000
training_algorithm=2
train_error_function=1
train_stop_function=1
cascade_output_change_fraction=0.010000
quickprop_decay=-0.000100
quickprop_mu=1.750000
rprop_increase_factor=1.200000
rprop_decrease_factor=0.500000
rprop_delta_min=0.000000
rprop_delta_max=50.000000
rprop_delta_zero=0.100000
cascade_output_stagnation_epochs=12
cascade_candidate_change_fraction=0.010000
cascade_candidate_stagnation_epochs=12
cascade_max_out_epochs=150
cascade_min_out_epochs=50
cascade_max_cand_epochs=150
cascade_min_cand_epochs=50
cascade_num_candidate_groups=2
bit_fail_limit=1.00000000000000005551e-01
cascade_candidate_limit=1.00000000000000000000e+03
cascade_weight_multiplier=4.00000000000000022204e-01
cascade_activation_functions_count=10
cascade_activation_functions=3 5 7 8 10 11 14 15 16 17 
cascade_activation_steepnesses_count=4
cascade_activation_steepnesses=2.50000000000000000000e-01 5.00000000000000000000e-01 7.50000000000000000000e-01 1.00000000000000000000e+00 
layer_sizes=7 4 2 
scale_included=0
neurons (num_inputs, activation_function, activation_steepness)=(0, 0, 0.00000000000000000000e+00) (0, 0, 0.00000000000000000000e+00) (0, 0, 0.00000000000000000000e+00) (0, 0, 0.00000000000000000000e+00) (0, 0, 0.00000000000000000000e+00) (0, 0, 0.00000000000000000000e+00) (0, 0, 0.00000000000000000000e+00) (7, 6, 5.00000000000000000000e-01) (7, 6, 5.00000000000000000000e-01) (7, 6, 5.00000000000000000000e-01) (0, 6, 0.00000000000000000000e+00) (4, 4, 5.00000000000000000000e-01) (0, 4, 0.00000000000000000000e+00) 
connections (connected_to_neuron, weight)=(0, -5.98422291410218631924e-01) (1, 2.03349732729704202328e+00) (2, 4.25344392139640370409e-01) (3, -2.75197233320639902954e-02) (4, 2.65177802402583484565e-01) (5, 2.11978017661110129666e+00) (6, -1.50632561237535211873e+00) (0, -2.30579100814180915080e+00) (1, 3.37409155846612041074e+00) (2, 2.91717556515904252734e-01) (3, 4.80163662598239859847e+00) (4, -1.37742586090265373144e+00) (5, 3.30443555838368707711e+00) (6, -3.72893104703197497685e+00) (0, 8.81690773201190269859e-02) (1, -1.71390791727169339298e-01) (2, -3.60542793137229033995e-01) (3, -1.62506876440727199284e-01) (4, -4.50919923883011386501e-01) (5, -1.60788819128877297215e-01) (6, 9.87196687058747163190e-02) (7, 4.67716012210292753082e+00) (8, 1.15987583973707426566e+01) (9, -4.08682771494381202881e-01) (10, -1.33160562649920932721e+00) 
