FANN_FLO_2.1
num_layers=3
learning_rate=0.700000
connection_rate=1.000000
network_type=0
learning_momentum=0.000000
training_algorithm=2
train_error_function=1
train_stop_function=1
cascade_output_change_fraction=0.010000
quickprop_decay=-0.000100
quickprop_mu=1.750000
rprop_increase_factor=1.200000
rprop_decrease_factor=0.500000
rprop_delta_min=0.000000
rprop_delta_max=50.000000
rprop_delta_zero=0.100000
cascade_output_stagnation_epochs=12
cascade_candidate_change_fraction=0.010000
cascade_candidate_stagnation_epochs=12
cascade_max_out_epochs=150
cascade_min_out_epochs=50
cascade_max_cand_epochs=150
cascade_min_cand_epochs=50
cascade_num_candidate_groups=2
bit_fail_limit=1.00000000000000005551e-01
cascade_candidate_limit=1.00000000000000000000e+03
cascade_weight_multiplier=4.00000000000000022204e-01
cascade_activation_functions_count=10
cascade_activation_functions=3 5 7 8 10 11 14 15 16 17 
cascade_activation_steepnesses_count=4
cascade_activation_steepnesses=2.50000000000000000000e-01 5.00000000000000000000e-01 7.50000000000000000000e-01 1.00000000000000000000e+00 
layer_sizes=15 4 2 
scale_included=0
neurons (num_inputs, activation_function, activation_steepness)=(0, 0, 0.00000000000000000000e+00) (0, 0, 0.00000000000000000000e+00) (0, 0, 0.00000000000000000000e+00) (0, 0, 0.00000000000000000000e+00) (0, 0, 0.00000000000000000000e+00) (0, 0, 0.00000000000000000000e+00) (0, 0, 0.00000000000000000000e+00) (0, 0, 0.00000000000000000000e+00) (0, 0, 0.00000000000000000000e+00) (0, 0, 0.00000000000000000000e+00) (0, 0, 0.00000000000000000000e+00) (0, 0, 0.00000000000000000000e+00) (0, 0, 0.00000000000000000000e+00) (0, 0, 0.00000000000000000000e+00) (0, 0, 0.00000000000000000000e+00) (15, 6, 5.00000000000000000000e-01) (15, 6, 5.00000000000000000000e-01) (15, 6, 5.00000000000000000000e-01) (0, 6, 0.00000000000000000000e+00) (4, 4, 5.00000000000000000000e-01) (0, 4, 0.00000000000000000000e+00) 
connections (connected_to_neuron, weight)=(0, 2.57798380330654386405e-01) (1, -3.31920575101067816259e-01) (2, -6.73635511559436239715e-01) (3, -6.43109936328573716935e-01) (4, 7.12415959362984518854e-01) (5, 2.00183441284050323006e+00) (6, -9.77861331310586751053e-02) (7, 7.85544298141500951793e-01) (8, -3.61155121006581814047e-01) (9, -2.02061249754378446930e-01) (10, -1.32249050043954308187e+00) (11, -1.59405677917501176211e+01) (12, 6.93614989461751318967e-02) (13, -3.37935212829672815271e-02) (14, 9.63712546757910071271e-01) (0, 7.27389111615464489802e-01) (1, -2.18833807923500422987e+00) (2, -2.19557848047758685794e-01) (3, 1.37484398400947593899e+00) (4, 7.89513919157462940035e-01) (5, 2.46299874624653719613e-01) (6, -2.96949446399609495728e+00) (7, 7.56113688758156987646e-01) (8, -2.12989453457254684920e+00) (9, -3.29589819384421334192e-01) (10, 4.96401511969674247293e-01) (11, -3.63486126694923417091e-01) (12, -2.54435413031108455251e-02) (13, 1.83008667861723955950e-01) (14, 1.49608452650809553575e+00) (0, -1.12036841227240069330e+00) (1, 1.72009671906721961498e+00) (2, 3.82122097401865756794e-01) (3, 1.00768932749373387736e+01) (4, -3.75667238028082950407e+00) (5, 7.02163384134295665007e+00) (6, 1.13757417746880729048e+00) (7, -3.79411842910876728752e+00) (8, 1.76483029683538461541e+00) (9, 8.12559438543223322426e-01) (10, 2.56613973033198261575e+00) (11, 4.18108936728845836939e+00) (12, 1.66323357603168586749e+00) (13, 1.91680980196802530635e+00) (14, -2.79353211959495473238e+00) (15, -2.47307904318860538595e+00) (16, -1.29025701868227162805e+01) (17, 1.28064390164604109401e+01) (18, -5.58562348674795661196e+00) 
