FANN_FLO_2.1
num_layers=3
learning_rate=0.700000
connection_rate=1.000000
network_type=0
learning_momentum=0.000000
training_algorithm=2
train_error_function=1
train_stop_function=1
cascade_output_change_fraction=0.010000
quickprop_decay=-0.000100
quickprop_mu=1.750000
rprop_increase_factor=1.200000
rprop_decrease_factor=0.500000
rprop_delta_min=0.000000
rprop_delta_max=50.000000
rprop_delta_zero=0.100000
cascade_output_stagnation_epochs=12
cascade_candidate_change_fraction=0.010000
cascade_candidate_stagnation_epochs=12
cascade_max_out_epochs=150
cascade_min_out_epochs=50
cascade_max_cand_epochs=150
cascade_min_cand_epochs=50
cascade_num_candidate_groups=2
bit_fail_limit=1.00000000000000005551e-01
cascade_candidate_limit=1.00000000000000000000e+03
cascade_weight_multiplier=4.00000000000000022204e-01
cascade_activation_functions_count=10
cascade_activation_functions=3 5 7 8 10 11 14 15 16 17 
cascade_activation_steepnesses_count=4
cascade_activation_steepnesses=2.50000000000000000000e-01 5.00000000000000000000e-01 7.50000000000000000000e-01 1.00000000000000000000e+00 
layer_sizes=8 4 2 
scale_included=0
neurons (num_inputs, activation_function, activation_steepness)=(0, 0, 0.00000000000000000000e+00) (0, 0, 0.00000000000000000000e+00) (0, 0, 0.00000000000000000000e+00) (0, 0, 0.00000000000000000000e+00) (0, 0, 0.00000000000000000000e+00) (0, 0, 0.00000000000000000000e+00) (0, 0, 0.00000000000000000000e+00) (0, 0, 0.00000000000000000000e+00) (8, 6, 5.00000000000000000000e-01) (8, 6, 5.00000000000000000000e-01) (8, 6, 5.00000000000000000000e-01) (0, 6, 0.00000000000000000000e+00) (4, 4, 5.00000000000000000000e-01) (0, 4, 0.00000000000000000000e+00) 
connections (connected_to_neuron, weight)=(0, -8.95737780636120195510e-01) (1, -2.86241527500246650817e+00) (2, -5.97847961295929097858e-01) (3, 2.10745544740917112314e-01) (4, -3.35974114235034937437e+00) (5, -6.85237294681066533286e-01) (6, -3.00460329289490557514e+00) (7, 2.82514871503833431277e+00) (0, -4.72036076395762949076e-01) (1, -2.86477844270561821105e+00) (2, -6.31976031173553609577e-01) (3, 7.13652308482896957642e-01) (4, -2.76051282623551630380e+00) (5, -1.34957259097328946540e-01) (6, -2.97555456693226672016e+00) (7, 2.10391566634216431453e+00) (0, 5.38161947241674945563e-02) (1, 2.96716570132873913579e+00) (2, 1.47003815218119759933e+00) (3, 1.73621987112319464686e-01) (4, 1.97286425457603464828e+00) (5, -1.59956017219130247620e-01) (6, 1.43710073404630578331e+00) (7, -1.85130196265290897228e-01) (8, -4.17877016249840860240e+00) (9, -9.66433744634580627064e+00) (10, 1.49596002285631790585e+00) (11, -1.31786099583930771395e+00) 
