FANN_FLO_2.1
num_layers=3
learning_rate=0.700000
connection_rate=1.000000
network_type=0
learning_momentum=0.000000
training_algorithm=2
train_error_function=1
train_stop_function=1
cascade_output_change_fraction=0.010000
quickprop_decay=-0.000100
quickprop_mu=1.750000
rprop_increase_factor=1.200000
rprop_decrease_factor=0.500000
rprop_delta_min=0.000000
rprop_delta_max=50.000000
rprop_delta_zero=0.100000
cascade_output_stagnation_epochs=12
cascade_candidate_change_fraction=0.010000
cascade_candidate_stagnation_epochs=12
cascade_max_out_epochs=150
cascade_min_out_epochs=50
cascade_max_cand_epochs=150
cascade_min_cand_epochs=50
cascade_num_candidate_groups=2
bit_fail_limit=1.00000000000000005551e-01
cascade_candidate_limit=1.00000000000000000000e+03
cascade_weight_multiplier=4.00000000000000022204e-01
cascade_activation_functions_count=10
cascade_activation_functions=3 5 7 8 10 11 14 15 16 17 
cascade_activation_steepnesses_count=4
cascade_activation_steepnesses=2.50000000000000000000e-01 5.00000000000000000000e-01 7.50000000000000000000e-01 1.00000000000000000000e+00 
layer_sizes=11 4 2 
scale_included=0
neurons (num_inputs, activation_function, activation_steepness)=(0, 0, 0.00000000000000000000e+00) (0, 0, 0.00000000000000000000e+00) (0, 0, 0.00000000000000000000e+00) (0, 0, 0.00000000000000000000e+00) (0, 0, 0.00000000000000000000e+00) (0, 0, 0.00000000000000000000e+00) (0, 0, 0.00000000000000000000e+00) (0, 0, 0.00000000000000000000e+00) (0, 0, 0.00000000000000000000e+00) (0, 0, 0.00000000000000000000e+00) (0, 0, 0.00000000000000000000e+00) (11, 6, 5.00000000000000000000e-01) (11, 6, 5.00000000000000000000e-01) (11, 6, 5.00000000000000000000e-01) (0, 6, 0.00000000000000000000e+00) (4, 4, 5.00000000000000000000e-01) (0, 4, 0.00000000000000000000e+00) 
connections (connected_to_neuron, weight)=(0, 1.21291764780494997211e+01) (1, -1.54377638371412952978e+01) (2, -9.71925014986104329751e+00) (3, 2.56470760845603873435e+00) (4, 1.74389793684682459229e+00) (5, -2.50643062495584301175e+00) (6, 1.68786353507273005903e+01) (7, -8.53805003926428263128e+00) (8, -1.67909822361680882707e+00) (9, -4.91024517554953110476e+00) (10, 1.45699224306873968970e+01) (0, 2.49579063432745829054e-01) (1, -1.10711523189702853998e+00) (2, -6.36581681458601056356e-01) (3, -1.33619369021628520144e-01) (4, -1.63446252492862070804e-01) (5, -5.66730902674321274093e-02) (6, -4.16929402579506547255e+00) (7, -1.27630235447262263548e+00) (8, -1.90981395469363768314e+00) (9, -1.02320572744273885490e+00) (10, 1.24286214272474460074e+00) (0, -1.96345961574904359637e+00) (1, 1.92050891383561328496e+00) (2, 1.35009307921661170226e+00) (3, -2.17638564145196555799e-01) (4, -2.79185841123542388686e-01) (5, 3.29612798462845191239e+00) (6, -1.19858291198957789270e+00) (7, -6.88930320239996785148e-01) (8, 1.39601036975477010849e+00) (9, 2.94661477254084758215e+00) (10, -1.49692216132835231868e+00) (11, -2.49690521863841041750e+00) (12, -1.30192269004032290525e+01) (13, 1.28093929497448648647e+01) (14, -2.37747899425767883486e+00) 
