FANN_FLO_2.1
num_layers=3
learning_rate=0.700000
connection_rate=1.000000
network_type=0
learning_momentum=0.000000
training_algorithm=2
train_error_function=1
train_stop_function=1
cascade_output_change_fraction=0.010000
quickprop_decay=-0.000100
quickprop_mu=1.750000
rprop_increase_factor=1.200000
rprop_decrease_factor=0.500000
rprop_delta_min=0.000000
rprop_delta_max=50.000000
rprop_delta_zero=0.100000
cascade_output_stagnation_epochs=12
cascade_candidate_change_fraction=0.010000
cascade_candidate_stagnation_epochs=12
cascade_max_out_epochs=150
cascade_min_out_epochs=50
cascade_max_cand_epochs=150
cascade_min_cand_epochs=50
cascade_num_candidate_groups=2
bit_fail_limit=1.00000000000000005551e-01
cascade_candidate_limit=1.00000000000000000000e+03
cascade_weight_multiplier=4.00000000000000022204e-01
cascade_activation_functions_count=10
cascade_activation_functions=3 5 7 8 10 11 14 15 16 17 
cascade_activation_steepnesses_count=4
cascade_activation_steepnesses=2.50000000000000000000e-01 5.00000000000000000000e-01 7.50000000000000000000e-01 1.00000000000000000000e+00 
layer_sizes=10 4 2 
scale_included=0
neurons (num_inputs, activation_function, activation_steepness)=(0, 0, 0.00000000000000000000e+00) (0, 0, 0.00000000000000000000e+00) (0, 0, 0.00000000000000000000e+00) (0, 0, 0.00000000000000000000e+00) (0, 0, 0.00000000000000000000e+00) (0, 0, 0.00000000000000000000e+00) (0, 0, 0.00000000000000000000e+00) (0, 0, 0.00000000000000000000e+00) (0, 0, 0.00000000000000000000e+00) (0, 0, 0.00000000000000000000e+00) (10, 6, 5.00000000000000000000e-01) (10, 6, 5.00000000000000000000e-01) (10, 6, 5.00000000000000000000e-01) (0, 6, 0.00000000000000000000e+00) (4, 4, 5.00000000000000000000e-01) (0, 4, 0.00000000000000000000e+00) 
connections (connected_to_neuron, weight)=(0, -2.35758187005963870675e+00) (1, 3.07918832277606790981e+00) (2, 1.81523108772339081263e+00) (3, 1.41084806287252129131e+00) (4, 1.83172741326768995229e+00) (5, 2.64601960228066346303e+00) (6, -2.68649714586290500051e-01) (7, -3.62429508707446668136e-01) (8, -1.70781706033010860502e+00) (9, -3.11444470431935638288e+00) (0, -2.27532394359555700802e+00) (1, 3.04033921858023470364e+00) (2, 1.87442122689785217737e+00) (3, 1.39676790723168076092e+00) (4, 1.77865195068796322353e+00) (5, 2.60670087681393525258e+00) (6, -2.81966867444070845572e-01) (7, -4.81574410340709246903e-01) (8, -1.56428465006609340726e+00) (9, -3.08138332288992256025e+00) (0, -2.37195874134746143014e+00) (1, 2.06380932928964533346e+00) (2, 2.10645585724169626118e+00) (3, 1.81023997408290937550e+00) (4, 2.02979768209864186446e+00) (5, 2.71312160239796540395e+00) (6, -3.40306463238748579947e-01) (7, -4.98182812473697167466e-01) (8, -1.63347974179048915921e+00) (9, -3.04805705469381660322e+00) (10, 8.44031355052529441707e+00) (11, 8.46558968990384208553e+00) (12, 3.38965370069139879661e+01) (13, -1.67075784661666348896e+00) 
