FANN_FLO_2.1
num_layers=3
learning_rate=0.700000
connection_rate=1.000000
network_type=0
learning_momentum=0.000000
training_algorithm=2
train_error_function=1
train_stop_function=1
cascade_output_change_fraction=0.010000
quickprop_decay=-0.000100
quickprop_mu=1.750000
rprop_increase_factor=1.200000
rprop_decrease_factor=0.500000
rprop_delta_min=0.000000
rprop_delta_max=50.000000
rprop_delta_zero=0.100000
cascade_output_stagnation_epochs=12
cascade_candidate_change_fraction=0.010000
cascade_candidate_stagnation_epochs=12
cascade_max_out_epochs=150
cascade_min_out_epochs=50
cascade_max_cand_epochs=150
cascade_min_cand_epochs=50
cascade_num_candidate_groups=2
bit_fail_limit=1.00000000000000005551e-01
cascade_candidate_limit=1.00000000000000000000e+03
cascade_weight_multiplier=4.00000000000000022204e-01
cascade_activation_functions_count=10
cascade_activation_functions=3 5 7 8 10 11 14 15 16 17 
cascade_activation_steepnesses_count=4
cascade_activation_steepnesses=2.50000000000000000000e-01 5.00000000000000000000e-01 7.50000000000000000000e-01 1.00000000000000000000e+00 
layer_sizes=8 4 2 
scale_included=0
neurons (num_inputs, activation_function, activation_steepness)=(0, 0, 0.00000000000000000000e+00) (0, 0, 0.00000000000000000000e+00) (0, 0, 0.00000000000000000000e+00) (0, 0, 0.00000000000000000000e+00) (0, 0, 0.00000000000000000000e+00) (0, 0, 0.00000000000000000000e+00) (0, 0, 0.00000000000000000000e+00) (0, 0, 0.00000000000000000000e+00) (8, 6, 5.00000000000000000000e-01) (8, 6, 5.00000000000000000000e-01) (8, 6, 5.00000000000000000000e-01) (0, 6, 0.00000000000000000000e+00) (4, 4, 5.00000000000000000000e-01) (0, 4, 0.00000000000000000000e+00) 
connections (connected_to_neuron, weight)=(0, -4.72863424761485684478e-01) (1, 3.87018770212495910599e+00) (2, 8.29194908789914642000e-01) (3, -1.89526603353726863510e+00) (4, 3.75060754502380477859e+00) (5, 6.99749312940508572112e-02) (6, 4.14933507688446390205e+00) (7, -2.24890563952562949623e+00) (0, -3.38742967887115109527e-01) (1, 3.79540632525647270157e+00) (2, 6.64703784338754211092e-01) (3, -1.79332037997949123032e+00) (4, 3.86306297267044174149e+00) (5, 8.73424097541243282805e-02) (6, 4.18678165026111948066e+00) (7, -2.24601042586205146279e+00) (0, -6.88158229293935108650e-01) (1, 3.98884339151695987979e+00) (2, -1.35539543982325927374e-01) (3, -6.76763575824610996712e-01) (4, 3.98786371467427036563e+00) (5, -6.62784837486855793465e-01) (6, 3.35798966041600133181e+00) (7, -1.86292668679221251615e+00) (8, 4.56388119879364051457e+00) (9, 4.56706238809227027531e+00) (10, 3.83555388490727899864e+00) (11, -1.36393713907713154398e+00) 
