FANN_FLO_2.1
num_layers=3
learning_rate=0.700000
connection_rate=1.000000
network_type=0
learning_momentum=0.000000
training_algorithm=2
train_error_function=1
train_stop_function=1
cascade_output_change_fraction=0.010000
quickprop_decay=-0.000100
quickprop_mu=1.750000
rprop_increase_factor=1.200000
rprop_decrease_factor=0.500000
rprop_delta_min=0.000000
rprop_delta_max=50.000000
rprop_delta_zero=0.100000
cascade_output_stagnation_epochs=12
cascade_candidate_change_fraction=0.010000
cascade_candidate_stagnation_epochs=12
cascade_max_out_epochs=150
cascade_min_out_epochs=50
cascade_max_cand_epochs=150
cascade_min_cand_epochs=50
cascade_num_candidate_groups=2
bit_fail_limit=1.00000000000000005551e-01
cascade_candidate_limit=1.00000000000000000000e+03
cascade_weight_multiplier=4.00000000000000022204e-01
cascade_activation_functions_count=10
cascade_activation_functions=3 5 7 8 10 11 14 15 16 17 
cascade_activation_steepnesses_count=4
cascade_activation_steepnesses=2.50000000000000000000e-01 5.00000000000000000000e-01 7.50000000000000000000e-01 1.00000000000000000000e+00 
layer_sizes=10 4 2 
scale_included=0
neurons (num_inputs, activation_function, activation_steepness)=(0, 0, 0.00000000000000000000e+00) (0, 0, 0.00000000000000000000e+00) (0, 0, 0.00000000000000000000e+00) (0, 0, 0.00000000000000000000e+00) (0, 0, 0.00000000000000000000e+00) (0, 0, 0.00000000000000000000e+00) (0, 0, 0.00000000000000000000e+00) (0, 0, 0.00000000000000000000e+00) (0, 0, 0.00000000000000000000e+00) (0, 0, 0.00000000000000000000e+00) (10, 6, 5.00000000000000000000e-01) (10, 6, 5.00000000000000000000e-01) (10, 6, 5.00000000000000000000e-01) (0, 6, 0.00000000000000000000e+00) (4, 4, 5.00000000000000000000e-01) (0, 4, 0.00000000000000000000e+00) 
connections (connected_to_neuron, weight)=(0, 4.54449923785703174817e-02) (1, 4.30513917286547809216e-01) (2, 3.97862135958021090332e+00) (3, 1.29229600170539943305e-01) (4, 1.16737693096991057562e-01) (5, 8.44501252430634452573e-02) (6, 1.56492977883215450552e-01) (7, 3.94948561083619997802e+00) (8, 7.49295323258605677763e-02) (9, 1.64425342823858761099e-01) (0, 1.29873461261353684293e+00) (1, -1.53224925724310412356e+00) (2, -1.98726850890345585476e+00) (3, 6.09934502779306941811e-01) (4, 8.93322898331493031598e-01) (5, 1.19715894743762207852e+00) (6, 7.09874040652733184764e-01) (7, -1.91092270009942066800e+00) (8, 1.04457854023105900509e+00) (9, 1.20695653542838288175e+00) (0, -6.35463256406639143137e-01) (1, 2.54862628939883784085e+00) (2, 1.50196216039608843040e+00) (3, -3.77243207692468329739e-01) (4, -2.39996136853544206335e-01) (5, -6.63002882170532270578e-01) (6, -1.12628358901187552998e-01) (7, 2.46335726272401256409e+00) (8, -4.79993805873863199629e-01) (9, -6.39370437729213758615e-01) (10, 1.33797783215928250966e-01) (11, -2.70541435519680710797e+01) (12, 2.57132692697780207425e+00) (13, -6.63443251690611801585e-01) 
