FANN_FLO_2.1
num_layers=3
learning_rate=0.700000
connection_rate=1.000000
network_type=0
learning_momentum=0.000000
training_algorithm=2
train_error_function=1
train_stop_function=1
cascade_output_change_fraction=0.010000
quickprop_decay=-0.000100
quickprop_mu=1.750000
rprop_increase_factor=1.200000
rprop_decrease_factor=0.500000
rprop_delta_min=0.000000
rprop_delta_max=50.000000
rprop_delta_zero=0.100000
cascade_output_stagnation_epochs=12
cascade_candidate_change_fraction=0.010000
cascade_candidate_stagnation_epochs=12
cascade_max_out_epochs=150
cascade_min_out_epochs=50
cascade_max_cand_epochs=150
cascade_min_cand_epochs=50
cascade_num_candidate_groups=2
bit_fail_limit=1.00000000000000005551e-01
cascade_candidate_limit=1.00000000000000000000e+03
cascade_weight_multiplier=4.00000000000000022204e-01
cascade_activation_functions_count=10
cascade_activation_functions=3 5 7 8 10 11 14 15 16 17 
cascade_activation_steepnesses_count=4
cascade_activation_steepnesses=2.50000000000000000000e-01 5.00000000000000000000e-01 7.50000000000000000000e-01 1.00000000000000000000e+00 
layer_sizes=12 4 2 
scale_included=0
neurons (num_inputs, activation_function, activation_steepness)=(0, 0, 0.00000000000000000000e+00) (0, 0, 0.00000000000000000000e+00) (0, 0, 0.00000000000000000000e+00) (0, 0, 0.00000000000000000000e+00) (0, 0, 0.00000000000000000000e+00) (0, 0, 0.00000000000000000000e+00) (0, 0, 0.00000000000000000000e+00) (0, 0, 0.00000000000000000000e+00) (0, 0, 0.00000000000000000000e+00) (0, 0, 0.00000000000000000000e+00) (0, 0, 0.00000000000000000000e+00) (0, 0, 0.00000000000000000000e+00) (12, 6, 5.00000000000000000000e-01) (12, 6, 5.00000000000000000000e-01) (12, 6, 5.00000000000000000000e-01) (0, 6, 0.00000000000000000000e+00) (4, 4, 5.00000000000000000000e-01) (0, 4, 0.00000000000000000000e+00) 
connections (connected_to_neuron, weight)=(0, -1.10625816648431074540e+00) (1, 2.49689881630174603799e+00) (2, 3.82565297350136335197e-01) (3, 7.84124163533804763304e-01) (4, -6.61816596372427623507e-01) (5, 4.00611804180478259241e-01) (6, 1.35211710759007086580e+00) (7, 1.63209613637887929194e+00) (8, 2.95599943326497693885e-01) (9, 1.73724920825188228202e-01) (10, -1.58765811705748416394e+00) (11, -9.53763931062143521800e-01) (0, 2.53167015796934036231e+00) (1, 8.44060771016527211508e-01) (2, -1.09335087504634964617e+00) (3, -3.03823884984695595790e+01) (4, 1.00416934314150774199e+00) (5, -7.07475632351431849010e-01) (6, 3.41862455285783850556e+00) (7, 1.72857562944434772767e+00) (8, 5.82623189799236773645e-01) (9, 3.45863230212996086710e-01) (10, 1.36461876300434670206e+00) (11, 1.31208165157652256738e+00) (0, -2.18566732899081728192e+00) (1, 2.02521754471294146427e+00) (2, 9.34241309123834740014e-01) (3, 1.78259363288147421045e+00) (4, -1.84410761198608413869e-01) (5, 1.74887050521069542519e+00) (6, 2.60828597635351133732e+00) (7, 3.20841563523404871283e-01) (8, 1.33213561848631645290e+00) (9, 9.15646863750264161652e-01) (10, -2.75901191010338520115e+00) (11, -2.32229014531505084662e+00) (12, 3.87987492446513559941e+00) (13, -2.63236127205198355838e+00) (14, 8.65344026179551129019e+00) (15, -2.53729476410053855773e+00) 
