FANN_FLO_2.1
num_layers=3
learning_rate=0.700000
connection_rate=1.000000
network_type=0
learning_momentum=0.000000
training_algorithm=2
train_error_function=1
train_stop_function=1
cascade_output_change_fraction=0.010000
quickprop_decay=-0.000100
quickprop_mu=1.750000
rprop_increase_factor=1.200000
rprop_decrease_factor=0.500000
rprop_delta_min=0.000000
rprop_delta_max=50.000000
rprop_delta_zero=0.100000
cascade_output_stagnation_epochs=12
cascade_candidate_change_fraction=0.010000
cascade_candidate_stagnation_epochs=12
cascade_max_out_epochs=150
cascade_min_out_epochs=50
cascade_max_cand_epochs=150
cascade_min_cand_epochs=50
cascade_num_candidate_groups=2
bit_fail_limit=1.00000000000000005551e-01
cascade_candidate_limit=1.00000000000000000000e+03
cascade_weight_multiplier=4.00000000000000022204e-01
cascade_activation_functions_count=10
cascade_activation_functions=3 5 7 8 10 11 14 15 16 17 
cascade_activation_steepnesses_count=4
cascade_activation_steepnesses=2.50000000000000000000e-01 5.00000000000000000000e-01 7.50000000000000000000e-01 1.00000000000000000000e+00 
layer_sizes=15 4 2 
scale_included=0
neurons (num_inputs, activation_function, activation_steepness)=(0, 0, 0.00000000000000000000e+00) (0, 0, 0.00000000000000000000e+00) (0, 0, 0.00000000000000000000e+00) (0, 0, 0.00000000000000000000e+00) (0, 0, 0.00000000000000000000e+00) (0, 0, 0.00000000000000000000e+00) (0, 0, 0.00000000000000000000e+00) (0, 0, 0.00000000000000000000e+00) (0, 0, 0.00000000000000000000e+00) (0, 0, 0.00000000000000000000e+00) (0, 0, 0.00000000000000000000e+00) (0, 0, 0.00000000000000000000e+00) (0, 0, 0.00000000000000000000e+00) (0, 0, 0.00000000000000000000e+00) (0, 0, 0.00000000000000000000e+00) (15, 6, 5.00000000000000000000e-01) (15, 6, 5.00000000000000000000e-01) (15, 6, 5.00000000000000000000e-01) (0, 6, 0.00000000000000000000e+00) (4, 4, 5.00000000000000000000e-01) (0, 4, 0.00000000000000000000e+00) 
connections (connected_to_neuron, weight)=(0, -1.47612629636828263102e+01) (1, 6.92839306689280953755e-01) (2, 1.26341028766156941998e+01) (3, -6.94857877726079209424e-01) (4, 1.29869002859109350378e-01) (5, 1.15207293158401280486e+00) (6, 8.27494870761737333353e-01) (7, 3.77847016261460388886e-01) (8, -2.93440134642427841172e+00) (9, -6.58840645422783088847e-01) (10, 1.36058951119351121406e+01) (11, -6.84750394908943071925e-01) (12, -9.25752554501366842210e-01) (13, 1.32804002528119227122e+01) (14, -6.40475093376338677764e-03) (0, -2.40808948564780216373e+01) (1, 6.26945347081740544937e-01) (2, -7.32344718576086628481e-01) (3, 1.93293819121326304611e+00) (4, 3.11268639061662688583e-01) (5, 3.20100708919331999880e+00) (6, 2.84560173121107373717e-01) (7, 1.69239436207872384621e+00) (8, 1.19610090797186252587e+01) (9, -1.78509670309550250167e+00) (10, -6.89826645122144421762e-01) (11, 1.21117731296441455413e+00) (12, 1.32231476432518082476e+01) (13, -5.69492528483610760404e-01) (14, 3.98006626523339845924e-01) (0, -1.41653883407693452767e+01) (1, 8.81955955147372017144e-01) (2, -4.32523970790704315181e-01) (3, -1.27034077016566948615e+00) (4, 1.04786579160044742570e-02) (5, 1.16222375747751224817e-01) (6, 3.38979887105620492083e-01) (7, 1.08312757031491693760e-01) (8, -2.35231227243376483926e+00) (9, -5.88826710113135587399e-01) (10, -4.51379605139796413749e-01) (11, -7.17012977892625746890e-01) (12, -1.42972998218697111561e+00) (13, -4.76102155071938537567e-01) (14, 1.66074673014268880955e+00) (15, 8.35706282751732842939e+00) (16, 1.34803898024220583096e+01) (17, 2.77412451850440859857e+01) (18, 2.55518068574930146131e-01) 
