FANN_FLO_2.1
num_layers=3
learning_rate=0.700000
connection_rate=1.000000
network_type=0
learning_momentum=0.000000
training_algorithm=2
train_error_function=1
train_stop_function=1
cascade_output_change_fraction=0.010000
quickprop_decay=-0.000100
quickprop_mu=1.750000
rprop_increase_factor=1.200000
rprop_decrease_factor=0.500000
rprop_delta_min=0.000000
rprop_delta_max=50.000000
rprop_delta_zero=0.100000
cascade_output_stagnation_epochs=12
cascade_candidate_change_fraction=0.010000
cascade_candidate_stagnation_epochs=12
cascade_max_out_epochs=150
cascade_min_out_epochs=50
cascade_max_cand_epochs=150
cascade_min_cand_epochs=50
cascade_num_candidate_groups=2
bit_fail_limit=1.00000000000000005551e-01
cascade_candidate_limit=1.00000000000000000000e+03
cascade_weight_multiplier=4.00000000000000022204e-01
cascade_activation_functions_count=10
cascade_activation_functions=3 5 7 8 10 11 14 15 16 17 
cascade_activation_steepnesses_count=4
cascade_activation_steepnesses=2.50000000000000000000e-01 5.00000000000000000000e-01 7.50000000000000000000e-01 1.00000000000000000000e+00 
layer_sizes=12 4 2 
scale_included=0
neurons (num_inputs, activation_function, activation_steepness)=(0, 0, 0.00000000000000000000e+00) (0, 0, 0.00000000000000000000e+00) (0, 0, 0.00000000000000000000e+00) (0, 0, 0.00000000000000000000e+00) (0, 0, 0.00000000000000000000e+00) (0, 0, 0.00000000000000000000e+00) (0, 0, 0.00000000000000000000e+00) (0, 0, 0.00000000000000000000e+00) (0, 0, 0.00000000000000000000e+00) (0, 0, 0.00000000000000000000e+00) (0, 0, 0.00000000000000000000e+00) (0, 0, 0.00000000000000000000e+00) (12, 6, 5.00000000000000000000e-01) (12, 6, 5.00000000000000000000e-01) (12, 6, 5.00000000000000000000e-01) (0, 6, 0.00000000000000000000e+00) (4, 4, 5.00000000000000000000e-01) (0, 4, 0.00000000000000000000e+00) 
connections (connected_to_neuron, weight)=(0, -1.37702192191596983761e+00) (1, 1.52510934699889189048e+00) (2, 1.36033188269561039485e-01) (3, 2.23928499859848972875e-03) (4, 2.69927292780106742320e-01) (5, 5.59218037766495701391e-03) (6, 1.44609561939354902549e+00) (7, -3.28744519885154906635e-02) (8, 1.50837957576935993709e-01) (9, -1.37026086275096892209e+00) (10, -1.40373733092661856503e+00) (11, -2.37042528112482719926e-02) (0, -7.94916092520547512557e-01) (1, 3.90405546848539586335e+00) (2, -1.39684672950234539668e-01) (3, -4.58871063669651302330e-01) (4, -1.36239837406602032344e-01) (5, -4.97994859596222194664e-01) (6, 3.81406098951462979585e+00) (7, -5.12006339510410635185e-01) (8, -3.09898133872475778361e-01) (9, -4.75703340848415645592e-01) (10, -3.91501113747123952180e+00) (11, -5.80942523559063284111e-01) (0, -5.94833579739063589287e-01) (1, 3.84725550536875005037e+00) (2, -1.27920891641106732051e-01) (3, -5.20949934502571432304e-01) (4, -2.59844321309056436320e-01) (5, -5.43927681525677053642e-01) (6, 3.87901499842170949250e+00) (7, -5.13104920168846456718e-01) (8, -2.62579652963605081339e-01) (9, -4.57677748878925594322e-01) (10, -3.92632606600288625032e+00) (11, -5.82902138014763204765e-01) (12, 5.02265460085119186395e-01) (13, 3.89835111026529546052e+00) (14, 3.88486593191389317781e+00) (15, -4.73331016381710323326e-01) 
