FANN_FLO_2.1
num_layers=3
learning_rate=0.700000
connection_rate=1.000000
network_type=0
learning_momentum=0.000000
training_algorithm=2
train_error_function=1
train_stop_function=1
cascade_output_change_fraction=0.010000
quickprop_decay=-0.000100
quickprop_mu=1.750000
rprop_increase_factor=1.200000
rprop_decrease_factor=0.500000
rprop_delta_min=0.000000
rprop_delta_max=50.000000
rprop_delta_zero=0.100000
cascade_output_stagnation_epochs=12
cascade_candidate_change_fraction=0.010000
cascade_candidate_stagnation_epochs=12
cascade_max_out_epochs=150
cascade_min_out_epochs=50
cascade_max_cand_epochs=150
cascade_min_cand_epochs=50
cascade_num_candidate_groups=2
bit_fail_limit=1.00000000000000005551e-01
cascade_candidate_limit=1.00000000000000000000e+03
cascade_weight_multiplier=4.00000000000000022204e-01
cascade_activation_functions_count=10
cascade_activation_functions=3 5 7 8 10 11 14 15 16 17 
cascade_activation_steepnesses_count=4
cascade_activation_steepnesses=2.50000000000000000000e-01 5.00000000000000000000e-01 7.50000000000000000000e-01 1.00000000000000000000e+00 
layer_sizes=14 4 2 
scale_included=0
neurons (num_inputs, activation_function, activation_steepness)=(0, 0, 0.00000000000000000000e+00) (0, 0, 0.00000000000000000000e+00) (0, 0, 0.00000000000000000000e+00) (0, 0, 0.00000000000000000000e+00) (0, 0, 0.00000000000000000000e+00) (0, 0, 0.00000000000000000000e+00) (0, 0, 0.00000000000000000000e+00) (0, 0, 0.00000000000000000000e+00) (0, 0, 0.00000000000000000000e+00) (0, 0, 0.00000000000000000000e+00) (0, 0, 0.00000000000000000000e+00) (0, 0, 0.00000000000000000000e+00) (0, 0, 0.00000000000000000000e+00) (0, 0, 0.00000000000000000000e+00) (14, 6, 5.00000000000000000000e-01) (14, 6, 5.00000000000000000000e-01) (14, 6, 5.00000000000000000000e-01) (0, 6, 0.00000000000000000000e+00) (4, 4, 5.00000000000000000000e-01) (0, 4, 0.00000000000000000000e+00) 
connections (connected_to_neuron, weight)=(0, -9.65665734662550789835e-01) (1, 8.64492241352734058779e-01) (2, 1.13689260401668734701e+00) (3, 5.04096538461307530632e-01) (4, -6.54034796344601820905e-01) (5, 6.95509144306908355659e-01) (6, -5.08103839921321243089e-01) (7, 1.37439648449564133514e+00) (8, 4.14286901714779054462e-01) (9, 1.91521283882553933209e-01) (10, -4.61383582228956867777e-01) (11, 1.42831754508553565586e-01) (12, 1.51554770434703084403e-01) (13, -1.11838590824539707569e+00) (0, -8.60021493836981454351e-01) (1, 1.07944190493219704940e+00) (2, 1.35697259583416207640e+00) (3, 3.39276335758415092947e-01) (4, -2.79938363763792308347e+00) (5, 3.10140884824790186158e-01) (6, -5.46125360511174884337e-01) (7, 1.66705690324449706807e+00) (8, 6.94616102936245538579e-01) (9, -2.00208860560744050794e-01) (10, -2.11979702626685612143e-01) (11, 3.64739805880128054039e-01) (12, -7.95088483665201545270e-02) (13, -9.52100313707930023810e-01) (0, -1.61281915371968609385e+00) (1, 2.12015190984348933512e+00) (2, 1.99040730226635775857e+00) (3, -2.23138806003643330733e-01) (4, -1.96524516147275707389e+00) (5, 4.36117693381461835056e-01) (6, -1.35909766391356456872e+00) (7, 8.97060437748144923198e-01) (8, -1.15981415809302434994e-01) (9, -6.98445184157845400108e-01) (10, -7.42650261860727800567e-01) (11, -6.60662749783751390709e-01) (12, -1.23855712799215322839e+00) (13, -1.42530705247855227213e+00) (14, 1.79739289915371003303e+01) (15, 3.91459867237422987074e+00) (16, 1.02328560402348713865e+01) (17, -2.80791204931919669008e+00) 
