FANN_FLO_2.1
num_layers=3
learning_rate=0.700000
connection_rate=1.000000
network_type=0
learning_momentum=0.000000
training_algorithm=2
train_error_function=1
train_stop_function=1
cascade_output_change_fraction=0.010000
quickprop_decay=-0.000100
quickprop_mu=1.750000
rprop_increase_factor=1.200000
rprop_decrease_factor=0.500000
rprop_delta_min=0.000000
rprop_delta_max=50.000000
rprop_delta_zero=0.100000
cascade_output_stagnation_epochs=12
cascade_candidate_change_fraction=0.010000
cascade_candidate_stagnation_epochs=12
cascade_max_out_epochs=150
cascade_min_out_epochs=50
cascade_max_cand_epochs=150
cascade_min_cand_epochs=50
cascade_num_candidate_groups=2
bit_fail_limit=1.00000000000000005551e-01
cascade_candidate_limit=1.00000000000000000000e+03
cascade_weight_multiplier=4.00000000000000022204e-01
cascade_activation_functions_count=10
cascade_activation_functions=3 5 7 8 10 11 14 15 16 17 
cascade_activation_steepnesses_count=4
cascade_activation_steepnesses=2.50000000000000000000e-01 5.00000000000000000000e-01 7.50000000000000000000e-01 1.00000000000000000000e+00 
layer_sizes=8 4 2 
scale_included=0
neurons (num_inputs, activation_function, activation_steepness)=(0, 0, 0.00000000000000000000e+00) (0, 0, 0.00000000000000000000e+00) (0, 0, 0.00000000000000000000e+00) (0, 0, 0.00000000000000000000e+00) (0, 0, 0.00000000000000000000e+00) (0, 0, 0.00000000000000000000e+00) (0, 0, 0.00000000000000000000e+00) (0, 0, 0.00000000000000000000e+00) (8, 6, 5.00000000000000000000e-01) (8, 6, 5.00000000000000000000e-01) (8, 6, 5.00000000000000000000e-01) (0, 6, 0.00000000000000000000e+00) (4, 4, 5.00000000000000000000e-01) (0, 4, 0.00000000000000000000e+00) 
connections (connected_to_neuron, weight)=(0, -6.78197069339360414375e-01) (1, 1.97100698819063824274e+00) (2, 1.58847165253660244089e-01) (3, -4.07081189277875343802e-01) (4, -3.33363566644011566353e-02) (5, -8.93211741096793243599e-02) (6, -2.14589391000090702610e-02) (7, -1.05560620378881520054e+00) (0, -7.99407286815251527656e-01) (1, 1.90787505229614873237e+00) (2, 2.71646262106201186182e-01) (3, -3.67038870874154488089e-01) (4, 2.08134051315964595241e-02) (5, -1.25447217471419437962e-02) (6, -1.37579191858273636173e-01) (7, -1.12239291023641629685e+00) (0, -6.25271646551694204597e-01) (1, 1.94289071729086537665e+00) (2, 1.57059696462652248483e-01) (3, -3.87593115392434517386e-01) (4, -1.70560184962569340306e-02) (5, -1.62250377619963775944e-01) (6, -9.17502421982108185006e-02) (7, -1.10581175487667127122e+00) (8, 5.86102014489097467020e+00) (9, 5.88865282840652337626e+00) (10, 5.92524501390380731181e+00) (11, -9.45819730574188999306e-01) 
