FANN_FLO_2.1
num_layers=3
learning_rate=0.700000
connection_rate=1.000000
network_type=0
learning_momentum=0.000000
training_algorithm=2
train_error_function=1
train_stop_function=1
cascade_output_change_fraction=0.010000
quickprop_decay=-0.000100
quickprop_mu=1.750000
rprop_increase_factor=1.200000
rprop_decrease_factor=0.500000
rprop_delta_min=0.000000
rprop_delta_max=50.000000
rprop_delta_zero=0.100000
cascade_output_stagnation_epochs=12
cascade_candidate_change_fraction=0.010000
cascade_candidate_stagnation_epochs=12
cascade_max_out_epochs=150
cascade_min_out_epochs=50
cascade_max_cand_epochs=150
cascade_min_cand_epochs=50
cascade_num_candidate_groups=2
bit_fail_limit=1.00000000000000005551e-01
cascade_candidate_limit=1.00000000000000000000e+03
cascade_weight_multiplier=4.00000000000000022204e-01
cascade_activation_functions_count=10
cascade_activation_functions=3 5 7 8 10 11 14 15 16 17 
cascade_activation_steepnesses_count=4
cascade_activation_steepnesses=2.50000000000000000000e-01 5.00000000000000000000e-01 7.50000000000000000000e-01 1.00000000000000000000e+00 
layer_sizes=9 4 2 
scale_included=0
neurons (num_inputs, activation_function, activation_steepness)=(0, 0, 0.00000000000000000000e+00) (0, 0, 0.00000000000000000000e+00) (0, 0, 0.00000000000000000000e+00) (0, 0, 0.00000000000000000000e+00) (0, 0, 0.00000000000000000000e+00) (0, 0, 0.00000000000000000000e+00) (0, 0, 0.00000000000000000000e+00) (0, 0, 0.00000000000000000000e+00) (0, 0, 0.00000000000000000000e+00) (9, 6, 5.00000000000000000000e-01) (9, 6, 5.00000000000000000000e-01) (9, 6, 5.00000000000000000000e-01) (0, 6, 0.00000000000000000000e+00) (4, 4, 5.00000000000000000000e-01) (0, 4, 0.00000000000000000000e+00) 
connections (connected_to_neuron, weight)=(0, 3.92001668338541264802e+00) (1, -3.80486390714411015779e+00) (2, 5.49518096752424689555e-01) (3, 6.24130848355551215434e-01) (4, 1.11821184842784937530e+00) (5, 8.27223173266548705840e-01) (6, 7.10214427596230324369e-01) (7, 7.60056699550051284575e-01) (8, 6.44275981493254157328e-01) (0, -3.06063685949417296772e-02) (1, 2.69661776562510391297e-01) (2, -1.35604069004832072931e-01) (3, -5.96519742408589959126e-01) (4, -7.05655943985553923969e-02) (5, -3.90448813980502837384e-02) (6, -3.79029233391853515034e-02) (7, 1.98776105696277793911e-02) (8, -5.84473282346324563008e-01) (0, -3.91204294537071461946e+00) (1, 3.93880449955229039460e+00) (2, -2.08932566939320690791e-01) (3, -3.22487826941933786173e-01) (4, -7.13874402558398735152e-01) (5, -7.03219014322352897750e-01) (6, -7.75330680524898174788e-01) (7, -7.98736340468717220809e-01) (8, -2.35558937786545880000e-01) (9, -3.86157471661333318025e+00) (10, 2.30631677449522759504e-01) (11, 3.95328847293619389802e+00) (12, -4.45431855400532039635e-01) 
