FANN_FLO_2.1
num_layers=3
learning_rate=0.700000
connection_rate=1.000000
network_type=0
learning_momentum=0.000000
training_algorithm=2
train_error_function=1
train_stop_function=1
cascade_output_change_fraction=0.010000
quickprop_decay=-0.000100
quickprop_mu=1.750000
rprop_increase_factor=1.200000
rprop_decrease_factor=0.500000
rprop_delta_min=0.000000
rprop_delta_max=50.000000
rprop_delta_zero=0.100000
cascade_output_stagnation_epochs=12
cascade_candidate_change_fraction=0.010000
cascade_candidate_stagnation_epochs=12
cascade_max_out_epochs=150
cascade_min_out_epochs=50
cascade_max_cand_epochs=150
cascade_min_cand_epochs=50
cascade_num_candidate_groups=2
bit_fail_limit=1.00000000000000005551e-01
cascade_candidate_limit=1.00000000000000000000e+03
cascade_weight_multiplier=4.00000000000000022204e-01
cascade_activation_functions_count=10
cascade_activation_functions=3 5 7 8 10 11 14 15 16 17 
cascade_activation_steepnesses_count=4
cascade_activation_steepnesses=2.50000000000000000000e-01 5.00000000000000000000e-01 7.50000000000000000000e-01 1.00000000000000000000e+00 
layer_sizes=7 4 2 
scale_included=0
neurons (num_inputs, activation_function, activation_steepness)=(0, 0, 0.00000000000000000000e+00) (0, 0, 0.00000000000000000000e+00) (0, 0, 0.00000000000000000000e+00) (0, 0, 0.00000000000000000000e+00) (0, 0, 0.00000000000000000000e+00) (0, 0, 0.00000000000000000000e+00) (0, 0, 0.00000000000000000000e+00) (7, 6, 5.00000000000000000000e-01) (7, 6, 5.00000000000000000000e-01) (7, 6, 5.00000000000000000000e-01) (0, 6, 0.00000000000000000000e+00) (4, 4, 5.00000000000000000000e-01) (0, 4, 0.00000000000000000000e+00) 
connections (connected_to_neuron, weight)=(0, -7.37541164031529472567e-01) (1, -1.07261559989360089062e+00) (2, -1.08087466116681921169e-01) (3, -9.95185857303981014077e-01) (4, -1.20058824229151661633e+00) (5, -9.53830779962919983461e-01) (6, 9.95952368631285001044e-01) (0, -3.71210888889631185350e+00) (1, -8.36328390313305913839e-02) (2, 2.54238873898625761250e-01) (3, -8.77953524962624243244e-01) (4, -1.15852077980181089600e+00) (5, -1.85332328896777487337e+00) (6, 2.37442683310790414453e+00) (0, 1.46318873996985798769e+00) (1, 1.53433695493375088503e+00) (2, 6.88987372969463662820e-01) (3, 1.73808627358290013198e+00) (4, 1.66540130303595845795e+00) (5, 2.30857406805734033384e+00) (6, -2.10462447697813859193e+00) (7, -4.38223677635632657967e+00) (8, -4.96266773649216741404e+00) (9, 2.62314140339987673656e+01) (10, -2.43734672182098632831e+00) 
