FANN_FLO_2.1
num_layers=3
learning_rate=0.700000
connection_rate=1.000000
network_type=0
learning_momentum=0.000000
training_algorithm=2
train_error_function=1
train_stop_function=1
cascade_output_change_fraction=0.010000
quickprop_decay=-0.000100
quickprop_mu=1.750000
rprop_increase_factor=1.200000
rprop_decrease_factor=0.500000
rprop_delta_min=0.000000
rprop_delta_max=50.000000
rprop_delta_zero=0.100000
cascade_output_stagnation_epochs=12
cascade_candidate_change_fraction=0.010000
cascade_candidate_stagnation_epochs=12
cascade_max_out_epochs=150
cascade_min_out_epochs=50
cascade_max_cand_epochs=150
cascade_min_cand_epochs=50
cascade_num_candidate_groups=2
bit_fail_limit=1.00000000000000005551e-01
cascade_candidate_limit=1.00000000000000000000e+03
cascade_weight_multiplier=4.00000000000000022204e-01
cascade_activation_functions_count=10
cascade_activation_functions=3 5 7 8 10 11 14 15 16 17 
cascade_activation_steepnesses_count=4
cascade_activation_steepnesses=2.50000000000000000000e-01 5.00000000000000000000e-01 7.50000000000000000000e-01 1.00000000000000000000e+00 
layer_sizes=12 4 2 
scale_included=0
neurons (num_inputs, activation_function, activation_steepness)=(0, 0, 0.00000000000000000000e+00) (0, 0, 0.00000000000000000000e+00) (0, 0, 0.00000000000000000000e+00) (0, 0, 0.00000000000000000000e+00) (0, 0, 0.00000000000000000000e+00) (0, 0, 0.00000000000000000000e+00) (0, 0, 0.00000000000000000000e+00) (0, 0, 0.00000000000000000000e+00) (0, 0, 0.00000000000000000000e+00) (0, 0, 0.00000000000000000000e+00) (0, 0, 0.00000000000000000000e+00) (0, 0, 0.00000000000000000000e+00) (12, 6, 5.00000000000000000000e-01) (12, 6, 5.00000000000000000000e-01) (12, 6, 5.00000000000000000000e-01) (0, 6, 0.00000000000000000000e+00) (4, 4, 5.00000000000000000000e-01) (0, 4, 0.00000000000000000000e+00) 
connections (connected_to_neuron, weight)=(0, 2.71847226788481277637e+00) (1, -2.33706884116171798027e+00) (2, -6.82023719555596819042e-01) (3, 1.68443463719240149601e+00) (4, -1.86439712675156243904e+00) (5, -2.02041394036325872019e-01) (6, 2.09680289807951003578e-01) (7, 3.55071763815377750007e+00) (8, 2.24726713365660879518e+00) (9, 2.01173504873309383356e+00) (10, -1.35958051916043198837e+00) (11, 1.37012364366118433168e+00) (0, -1.00517979223521392029e+00) (1, 1.47952129926561104512e+00) (2, -6.01278377393962726316e-01) (3, -8.88509395063469931131e-01) (4, 2.19063967410866489161e+00) (5, -2.08060229569955429385e-01) (6, -7.88006358960097519351e-01) (7, 1.70967244833745262156e+01) (8, -3.54004453213013214885e-01) (9, -4.97495538831747574626e-01) (10, 2.53848091477465542809e+00) (11, -4.63832760440335500896e-01) (0, -1.38382008022580849094e+00) (1, -3.57747740544706038790e-01) (2, 1.37088090925816530330e+01) (3, 8.93918236847759506425e-01) (4, -9.53855488621222047385e-01) (5, 1.21912435525803122260e+01) (6, 9.88605284553346508325e-01) (7, 9.82758832230786651962e+01) (8, -5.63638689837082651479e-01) (9, -9.25892429693173424354e-01) (10, -3.22202845623294653610e-01) (11, -2.03727840717400887627e+00) (12, -3.45549180404771716368e+00) (13, 4.66948269472415589121e+00) (14, 4.57980314733112781056e+00) (15, -1.92912294711988518969e+00) 
