FANN_FLO_2.1
num_layers=3
learning_rate=0.700000
connection_rate=1.000000
network_type=0
learning_momentum=0.000000
training_algorithm=2
train_error_function=1
train_stop_function=1
cascade_output_change_fraction=0.010000
quickprop_decay=-0.000100
quickprop_mu=1.750000
rprop_increase_factor=1.200000
rprop_decrease_factor=0.500000
rprop_delta_min=0.000000
rprop_delta_max=50.000000
rprop_delta_zero=0.100000
cascade_output_stagnation_epochs=12
cascade_candidate_change_fraction=0.010000
cascade_candidate_stagnation_epochs=12
cascade_max_out_epochs=150
cascade_min_out_epochs=50
cascade_max_cand_epochs=150
cascade_min_cand_epochs=50
cascade_num_candidate_groups=2
bit_fail_limit=1.00000000000000005551e-01
cascade_candidate_limit=1.00000000000000000000e+03
cascade_weight_multiplier=4.00000000000000022204e-01
cascade_activation_functions_count=10
cascade_activation_functions=3 5 7 8 10 11 14 15 16 17 
cascade_activation_steepnesses_count=4
cascade_activation_steepnesses=2.50000000000000000000e-01 5.00000000000000000000e-01 7.50000000000000000000e-01 1.00000000000000000000e+00 
layer_sizes=14 4 2 
scale_included=0
neurons (num_inputs, activation_function, activation_steepness)=(0, 0, 0.00000000000000000000e+00) (0, 0, 0.00000000000000000000e+00) (0, 0, 0.00000000000000000000e+00) (0, 0, 0.00000000000000000000e+00) (0, 0, 0.00000000000000000000e+00) (0, 0, 0.00000000000000000000e+00) (0, 0, 0.00000000000000000000e+00) (0, 0, 0.00000000000000000000e+00) (0, 0, 0.00000000000000000000e+00) (0, 0, 0.00000000000000000000e+00) (0, 0, 0.00000000000000000000e+00) (0, 0, 0.00000000000000000000e+00) (0, 0, 0.00000000000000000000e+00) (0, 0, 0.00000000000000000000e+00) (14, 6, 5.00000000000000000000e-01) (14, 6, 5.00000000000000000000e-01) (14, 6, 5.00000000000000000000e-01) (0, 6, 0.00000000000000000000e+00) (4, 4, 5.00000000000000000000e-01) (0, 4, 0.00000000000000000000e+00) 
connections (connected_to_neuron, weight)=(0, 1.00169739590955231279e+00) (1, -3.77254401867155308992e+00) (2, 2.38717953476420802206e-01) (3, 6.47632989488359456232e-01) (4, 1.09339239912105057329e+00) (5, 1.04460072236133072465e+00) (6, 9.58842867035393342512e-01) (7, 1.93963683012238902181e-01) (8, 5.82300520889278416803e-01) (9, 6.83245676956888203790e-01) (10, 1.06593498306346390336e+00) (11, 9.95818410981421098249e-01) (12, 9.71326027978186234968e-01) (13, 6.53892997108217244318e-01) (0, -9.71058511241063015973e-02) (1, 6.91888128752307207670e-01) (2, 1.43616920688400012684e-01) (3, 1.36100474244114089117e-01) (4, -1.38651473174868478111e-01) (5, 2.02048141008373427496e-01) (6, -1.08670038829623116783e-01) (7, 1.11984635123262149525e-01) (8, 9.47916018423997641662e-02) (9, 2.51597176736351180182e-01) (10, -2.61836156961833925461e-02) (11, -5.11419167197540880387e-01) (12, -1.59537685762225045494e-01) (13, -2.07364011755041127705e-02) (0, 1.10272229926658127397e+00) (1, -3.95453770433429951936e+00) (2, 2.82665780547372236242e-01) (3, 5.95416221223588948419e-01) (4, 1.10404059009623978227e+00) (5, 6.56988549433465962579e-01) (6, 9.15997994113688096540e-01) (7, 3.60109447303525342932e-01) (8, 5.86569886110540394952e-01) (9, 5.65837382726188664606e-01) (10, 1.08366203026843521684e+00) (11, 1.04181919710708115190e+00) (12, 9.22031839359526261823e-01) (13, 6.40593531928773884943e-01) (14, -3.95045264785055394441e+00) (15, 1.55604030436035323248e-01) (16, -3.90563554664019818574e+00) (17, -1.95936882228485487190e-01) 
