FANN_FLO_2.1
num_layers=3
learning_rate=0.700000
connection_rate=1.000000
network_type=0
learning_momentum=0.000000
training_algorithm=2
train_error_function=1
train_stop_function=1
cascade_output_change_fraction=0.010000
quickprop_decay=-0.000100
quickprop_mu=1.750000
rprop_increase_factor=1.200000
rprop_decrease_factor=0.500000
rprop_delta_min=0.000000
rprop_delta_max=50.000000
rprop_delta_zero=0.100000
cascade_output_stagnation_epochs=12
cascade_candidate_change_fraction=0.010000
cascade_candidate_stagnation_epochs=12
cascade_max_out_epochs=150
cascade_min_out_epochs=50
cascade_max_cand_epochs=150
cascade_min_cand_epochs=50
cascade_num_candidate_groups=2
bit_fail_limit=1.00000000000000005551e-01
cascade_candidate_limit=1.00000000000000000000e+03
cascade_weight_multiplier=4.00000000000000022204e-01
cascade_activation_functions_count=10
cascade_activation_functions=3 5 7 8 10 11 14 15 16 17 
cascade_activation_steepnesses_count=4
cascade_activation_steepnesses=2.50000000000000000000e-01 5.00000000000000000000e-01 7.50000000000000000000e-01 1.00000000000000000000e+00 
layer_sizes=11 4 2 
scale_included=0
neurons (num_inputs, activation_function, activation_steepness)=(0, 0, 0.00000000000000000000e+00) (0, 0, 0.00000000000000000000e+00) (0, 0, 0.00000000000000000000e+00) (0, 0, 0.00000000000000000000e+00) (0, 0, 0.00000000000000000000e+00) (0, 0, 0.00000000000000000000e+00) (0, 0, 0.00000000000000000000e+00) (0, 0, 0.00000000000000000000e+00) (0, 0, 0.00000000000000000000e+00) (0, 0, 0.00000000000000000000e+00) (0, 0, 0.00000000000000000000e+00) (11, 6, 5.00000000000000000000e-01) (11, 6, 5.00000000000000000000e-01) (11, 6, 5.00000000000000000000e-01) (0, 6, 0.00000000000000000000e+00) (4, 4, 5.00000000000000000000e-01) (0, 4, 0.00000000000000000000e+00) 
connections (connected_to_neuron, weight)=(0, -5.06399162025363835937e-01) (1, 5.25944979913506416302e-01) (2, 1.80821180720635882322e-01) (3, 1.00938055061638998211e+00) (4, -2.11280580666292738812e-01) (5, 3.12272492182205541056e-01) (6, 2.06538771108696034284e-01) (7, 4.07830222448861898221e-02) (8, 2.44851201765093895446e-01) (9, 9.71742728286392076775e-01) (10, 7.28248584139293969608e-02) (0, -7.86469926737598301614e-01) (1, 2.01971989589913913932e+00) (2, -1.65867175867821042834e-01) (3, 2.18579740884449980065e-01) (4, -6.94945582944521356161e-01) (5, 2.13150357693408487592e+00) (6, -1.05391263736691082054e-01) (7, -1.31006584978826512433e+00) (8, 1.43052014869347643433e+00) (9, 9.94011945025569776391e-01) (10, -1.25954454230802914694e+00) (0, -1.43192336267271946859e+00) (1, 1.65119838695254728123e+00) (2, -3.82652643617888144068e-02) (3, 5.68869714630251266385e-01) (4, -1.11767837899703970095e+00) (5, 9.31508801666584007606e-01) (6, -2.80628002616658926704e-02) (7, -2.43910886189029563198e-01) (8, 4.86782313437674640788e-01) (9, 5.89414049876337275968e-01) (10, -2.13330168479687970473e-01) (11, 2.64052075068776426203e-01) (12, 2.24640540816791975942e+01) (13, 3.28134023039957511969e+00) (14, -8.24683187209419132913e-01) 
