FANN_FLO_2.1
num_layers=3
learning_rate=0.700000
connection_rate=1.000000
network_type=0
learning_momentum=0.000000
training_algorithm=2
train_error_function=1
train_stop_function=1
cascade_output_change_fraction=0.010000
quickprop_decay=-0.000100
quickprop_mu=1.750000
rprop_increase_factor=1.200000
rprop_decrease_factor=0.500000
rprop_delta_min=0.000000
rprop_delta_max=50.000000
rprop_delta_zero=0.100000
cascade_output_stagnation_epochs=12
cascade_candidate_change_fraction=0.010000
cascade_candidate_stagnation_epochs=12
cascade_max_out_epochs=150
cascade_min_out_epochs=50
cascade_max_cand_epochs=150
cascade_min_cand_epochs=50
cascade_num_candidate_groups=2
bit_fail_limit=1.00000000000000005551e-01
cascade_candidate_limit=1.00000000000000000000e+03
cascade_weight_multiplier=4.00000000000000022204e-01
cascade_activation_functions_count=10
cascade_activation_functions=3 5 7 8 10 11 14 15 16 17 
cascade_activation_steepnesses_count=4
cascade_activation_steepnesses=2.50000000000000000000e-01 5.00000000000000000000e-01 7.50000000000000000000e-01 1.00000000000000000000e+00 
layer_sizes=6 4 2 
scale_included=0
neurons (num_inputs, activation_function, activation_steepness)=(0, 0, 0.00000000000000000000e+00) (0, 0, 0.00000000000000000000e+00) (0, 0, 0.00000000000000000000e+00) (0, 0, 0.00000000000000000000e+00) (0, 0, 0.00000000000000000000e+00) (0, 0, 0.00000000000000000000e+00) (6, 6, 5.00000000000000000000e-01) (6, 6, 5.00000000000000000000e-01) (6, 6, 5.00000000000000000000e-01) (0, 6, 0.00000000000000000000e+00) (4, 4, 5.00000000000000000000e-01) (0, 4, 0.00000000000000000000e+00) 
connections (connected_to_neuron, weight)=(0, 2.78134776483685941528e+00) (1, -2.65510787802731940133e+00) (2, -2.68074037662350805888e+00) (3, -1.54844105846260458037e+01) (4, -2.72450105269229814198e+00) (5, 1.99758808416862532198e+00) (0, 2.20936392522546293238e-01) (1, 4.02783007907848045193e+00) (2, 1.20421671494930193624e+00) (3, -5.81710217155897257868e+00) (4, 4.39161768858618106748e+00) (5, 1.16595309023218018929e+00) (0, -2.02627046608645673686e-02) (1, 1.05473377382410515857e+00) (2, 9.26658093559911466564e-01) (3, -2.91125258796487118573e+00) (4, 9.56397794182497151816e-01) (5, 8.84481456825458173254e-02) (6, -1.08147829577246614718e+01) (7, 3.90959021796539429872e+00) (8, 1.02412706092010417080e+01) (9, -2.56574790467154567608e+00) 
