FANN_FLO_2.1
num_layers=3
learning_rate=0.700000
connection_rate=1.000000
network_type=0
learning_momentum=0.000000
training_algorithm=2
train_error_function=1
train_stop_function=1
cascade_output_change_fraction=0.010000
quickprop_decay=-0.000100
quickprop_mu=1.750000
rprop_increase_factor=1.200000
rprop_decrease_factor=0.500000
rprop_delta_min=0.000000
rprop_delta_max=50.000000
rprop_delta_zero=0.100000
cascade_output_stagnation_epochs=12
cascade_candidate_change_fraction=0.010000
cascade_candidate_stagnation_epochs=12
cascade_max_out_epochs=150
cascade_min_out_epochs=50
cascade_max_cand_epochs=150
cascade_min_cand_epochs=50
cascade_num_candidate_groups=2
bit_fail_limit=1.00000000000000005551e-01
cascade_candidate_limit=1.00000000000000000000e+03
cascade_weight_multiplier=4.00000000000000022204e-01
cascade_activation_functions_count=10
cascade_activation_functions=3 5 7 8 10 11 14 15 16 17 
cascade_activation_steepnesses_count=4
cascade_activation_steepnesses=2.50000000000000000000e-01 5.00000000000000000000e-01 7.50000000000000000000e-01 1.00000000000000000000e+00 
layer_sizes=10 4 2 
scale_included=0
neurons (num_inputs, activation_function, activation_steepness)=(0, 0, 0.00000000000000000000e+00) (0, 0, 0.00000000000000000000e+00) (0, 0, 0.00000000000000000000e+00) (0, 0, 0.00000000000000000000e+00) (0, 0, 0.00000000000000000000e+00) (0, 0, 0.00000000000000000000e+00) (0, 0, 0.00000000000000000000e+00) (0, 0, 0.00000000000000000000e+00) (0, 0, 0.00000000000000000000e+00) (0, 0, 0.00000000000000000000e+00) (10, 6, 5.00000000000000000000e-01) (10, 6, 5.00000000000000000000e-01) (10, 6, 5.00000000000000000000e-01) (0, 6, 0.00000000000000000000e+00) (4, 4, 5.00000000000000000000e-01) (0, 4, 0.00000000000000000000e+00) 
connections (connected_to_neuron, weight)=(0, -5.86411168999056542361e-01) (1, 9.03801488465647673287e-01) (2, 5.95626477382815044948e-01) (3, 6.51947973101123789963e-02) (4, -4.09421173508190058832e-02) (5, -7.14789604012052715021e-02) (6, 6.58229951046145123073e-01) (7, 1.40871819648025919935e-01) (8, 1.53459307345627238295e-01) (9, 1.64278919633348424734e-02) (0, -1.78415609525920970668e+00) (1, 1.72558300750734439077e+00) (2, 4.83353394283241533103e-01) (3, 9.16803881372851570131e-02) (4, -9.45792737947093731243e-02) (5, -2.27583046763407820245e-01) (6, 4.52507796896881364646e-01) (7, 9.72260042871875007631e-02) (8, 1.33898641153756992050e-01) (9, -8.38618743763553387005e-02) (0, 1.58867279901051094981e+00) (1, -4.68145898201191368315e+00) (2, 5.73718723126862839568e-02) (3, 4.04214284803535384150e-01) (4, 8.69757094435368083296e-01) (5, 9.20101449839745066939e-01) (6, 6.47040184804414109099e-02) (7, 5.51504231478835982294e-01) (8, 4.75269503380920332880e-01) (9, 8.92634616248283885298e-01) (10, 2.98400682045406762111e-01) (11, 7.16721381444315186471e-01) (12, -4.77522892721617164824e+00) (13, -8.20081464469870957679e-01) 
