FANN_FLO_2.1
num_layers=3
learning_rate=0.700000
connection_rate=1.000000
network_type=0
learning_momentum=0.000000
training_algorithm=2
train_error_function=1
train_stop_function=1
cascade_output_change_fraction=0.010000
quickprop_decay=-0.000100
quickprop_mu=1.750000
rprop_increase_factor=1.200000
rprop_decrease_factor=0.500000
rprop_delta_min=0.000000
rprop_delta_max=50.000000
rprop_delta_zero=0.100000
cascade_output_stagnation_epochs=12
cascade_candidate_change_fraction=0.010000
cascade_candidate_stagnation_epochs=12
cascade_max_out_epochs=150
cascade_min_out_epochs=50
cascade_max_cand_epochs=150
cascade_min_cand_epochs=50
cascade_num_candidate_groups=2
bit_fail_limit=1.00000000000000005551e-01
cascade_candidate_limit=1.00000000000000000000e+03
cascade_weight_multiplier=4.00000000000000022204e-01
cascade_activation_functions_count=10
cascade_activation_functions=3 5 7 8 10 11 14 15 16 17 
cascade_activation_steepnesses_count=4
cascade_activation_steepnesses=2.50000000000000000000e-01 5.00000000000000000000e-01 7.50000000000000000000e-01 1.00000000000000000000e+00 
layer_sizes=10 4 2 
scale_included=0
neurons (num_inputs, activation_function, activation_steepness)=(0, 0, 0.00000000000000000000e+00) (0, 0, 0.00000000000000000000e+00) (0, 0, 0.00000000000000000000e+00) (0, 0, 0.00000000000000000000e+00) (0, 0, 0.00000000000000000000e+00) (0, 0, 0.00000000000000000000e+00) (0, 0, 0.00000000000000000000e+00) (0, 0, 0.00000000000000000000e+00) (0, 0, 0.00000000000000000000e+00) (0, 0, 0.00000000000000000000e+00) (10, 6, 5.00000000000000000000e-01) (10, 6, 5.00000000000000000000e-01) (10, 6, 5.00000000000000000000e-01) (0, 6, 0.00000000000000000000e+00) (4, 4, 5.00000000000000000000e-01) (0, 4, 0.00000000000000000000e+00) 
connections (connected_to_neuron, weight)=(0, 1.33167107317043997838e+00) (1, -1.53258858152748245196e+00) (2, -1.48492317710362442540e+00) (3, 6.58222288609723205077e-01) (4, 5.91961093963364715087e-01) (5, 9.54372840312707748645e-01) (6, 5.72383743495921359923e-01) (7, -1.54501941614585636131e+00) (8, 7.94205855058935816793e-01) (9, 1.02639904835580630937e+00) (0, 1.27320673230482794835e+00) (1, -1.47952009269119399981e+00) (2, -1.59682081703387246385e+00) (3, 7.09596440912465209472e-01) (4, 7.22162634850720519530e-01) (5, 1.04939947494624918889e+00) (6, 6.29177697719315642821e-01) (7, -1.68894249760347103795e+00) (8, 8.37921510862616236714e-01) (9, 1.01736489155648990312e+00) (0, 1.30934588524891593053e+00) (1, -1.35980929710985343206e+00) (2, -1.47332412068091400670e+00) (3, 5.57498478115777240660e-01) (4, 6.93691120268086547362e-01) (5, 1.11545614370464152287e+00) (6, 6.18275851727704162109e-01) (7, -1.52457406931358097069e+00) (8, 7.90334354566839869527e-01) (9, 9.81929483202684250109e-01) (10, -8.01854516807419948066e+00) (11, -8.01537586990220241034e+00) (12, -8.03312689307553462470e+00) (13, -4.34347498182545255219e-01) 
