FANN_FLO_2.1
num_layers=3
learning_rate=0.700000
connection_rate=1.000000
network_type=0
learning_momentum=0.000000
training_algorithm=2
train_error_function=1
train_stop_function=1
cascade_output_change_fraction=0.010000
quickprop_decay=-0.000100
quickprop_mu=1.750000
rprop_increase_factor=1.200000
rprop_decrease_factor=0.500000
rprop_delta_min=0.000000
rprop_delta_max=50.000000
rprop_delta_zero=0.100000
cascade_output_stagnation_epochs=12
cascade_candidate_change_fraction=0.010000
cascade_candidate_stagnation_epochs=12
cascade_max_out_epochs=150
cascade_min_out_epochs=50
cascade_max_cand_epochs=150
cascade_min_cand_epochs=50
cascade_num_candidate_groups=2
bit_fail_limit=1.00000000000000005551e-01
cascade_candidate_limit=1.00000000000000000000e+03
cascade_weight_multiplier=4.00000000000000022204e-01
cascade_activation_functions_count=10
cascade_activation_functions=3 5 7 8 10 11 14 15 16 17 
cascade_activation_steepnesses_count=4
cascade_activation_steepnesses=2.50000000000000000000e-01 5.00000000000000000000e-01 7.50000000000000000000e-01 1.00000000000000000000e+00 
layer_sizes=10 4 2 
scale_included=0
neurons (num_inputs, activation_function, activation_steepness)=(0, 0, 0.00000000000000000000e+00) (0, 0, 0.00000000000000000000e+00) (0, 0, 0.00000000000000000000e+00) (0, 0, 0.00000000000000000000e+00) (0, 0, 0.00000000000000000000e+00) (0, 0, 0.00000000000000000000e+00) (0, 0, 0.00000000000000000000e+00) (0, 0, 0.00000000000000000000e+00) (0, 0, 0.00000000000000000000e+00) (0, 0, 0.00000000000000000000e+00) (10, 6, 5.00000000000000000000e-01) (10, 6, 5.00000000000000000000e-01) (10, 6, 5.00000000000000000000e-01) (0, 6, 0.00000000000000000000e+00) (4, 4, 5.00000000000000000000e-01) (0, 4, 0.00000000000000000000e+00) 
connections (connected_to_neuron, weight)=(0, -1.77392014589380675460e+00) (1, 3.02843932808870208717e+00) (2, 1.43552487066439127261e+00) (3, -3.23530993711654835110e-01) (4, -9.50838505437228420636e-02) (5, -1.70424414154362136031e+00) (6, 1.67712256654043323501e+00) (7, -7.86459527614510434113e-01) (8, -1.95144794057831527656e-01) (9, -1.70975606616806441451e+00) (0, 4.46214126652688225505e+00) (1, -6.98835560830609159311e-01) (2, -1.03872980877343863426e+01) (3, 9.32318558250912921004e-01) (4, 8.10869400655278460555e-01) (5, 9.53821897912439653489e-01) (6, -2.53522421631209660120e+00) (7, 1.11762988883612757185e+00) (8, 9.00713649844178454451e-01) (9, 1.11923901777308909544e+00) (0, -4.26165760730187059835e+00) (1, 1.51316502621812332130e+00) (2, 1.12091692757052729945e+00) (3, -6.12857478943503064528e-01) (4, -5.18635648575461072340e-01) (5, -8.88871927895824254229e-01) (6, 1.93800485014663914640e+00) (7, -1.63946608110647873424e-01) (8, -6.13683040526545209303e-01) (9, -5.84997677230014390126e-01) (10, 1.73195172274805031520e+00) (11, -2.63141836740264078998e+00) (12, 1.18470956142513088594e+01) (13, -8.33624814787189416521e-01) 
