FANN_FLO_2.1
num_layers=3
learning_rate=0.700000
connection_rate=1.000000
network_type=0
learning_momentum=0.000000
training_algorithm=2
train_error_function=1
train_stop_function=1
cascade_output_change_fraction=0.010000
quickprop_decay=-0.000100
quickprop_mu=1.750000
rprop_increase_factor=1.200000
rprop_decrease_factor=0.500000
rprop_delta_min=0.000000
rprop_delta_max=50.000000
rprop_delta_zero=0.100000
cascade_output_stagnation_epochs=12
cascade_candidate_change_fraction=0.010000
cascade_candidate_stagnation_epochs=12
cascade_max_out_epochs=150
cascade_min_out_epochs=50
cascade_max_cand_epochs=150
cascade_min_cand_epochs=50
cascade_num_candidate_groups=2
bit_fail_limit=1.00000000000000005551e-01
cascade_candidate_limit=1.00000000000000000000e+03
cascade_weight_multiplier=4.00000000000000022204e-01
cascade_activation_functions_count=10
cascade_activation_functions=3 5 7 8 10 11 14 15 16 17 
cascade_activation_steepnesses_count=4
cascade_activation_steepnesses=2.50000000000000000000e-01 5.00000000000000000000e-01 7.50000000000000000000e-01 1.00000000000000000000e+00 
layer_sizes=7 4 2 
scale_included=0
neurons (num_inputs, activation_function, activation_steepness)=(0, 0, 0.00000000000000000000e+00) (0, 0, 0.00000000000000000000e+00) (0, 0, 0.00000000000000000000e+00) (0, 0, 0.00000000000000000000e+00) (0, 0, 0.00000000000000000000e+00) (0, 0, 0.00000000000000000000e+00) (0, 0, 0.00000000000000000000e+00) (7, 6, 5.00000000000000000000e-01) (7, 6, 5.00000000000000000000e-01) (7, 6, 5.00000000000000000000e-01) (0, 6, 0.00000000000000000000e+00) (4, 4, 5.00000000000000000000e-01) (0, 4, 0.00000000000000000000e+00) 
connections (connected_to_neuron, weight)=(0, 8.38947705572150481679e-01) (1, 3.93227386383859167651e+00) (2, -9.34428402857689244243e-01) (3, 1.90540521714254884600e+00) (4, 1.91004664408432356382e+00) (5, 2.39996454482711829570e+00) (6, -4.34476205109902313684e-01) (0, 1.70172369863038364102e+00) (1, 3.48656118887511601301e+00) (2, -1.18867889737990783949e+00) (3, 1.73919944236886059308e+00) (4, 9.99422244275496751698e-01) (5, 2.19860508823319467098e+00) (6, -8.00564514326262854915e-01) (0, -3.65148672110270444691e+00) (1, -1.85851250930547196027e+00) (2, -1.74018458913227469509e+00) (3, -2.77511449593221737331e+00) (4, -2.91301666915733825647e+00) (5, -3.10506199946832461833e+00) (6, 4.51322760155298663420e+00) (7, 2.19361014180377278393e+00) (8, 3.67153335947676406903e+00) (9, -1.46036388375410570717e+01) (10, -1.55338412147532656249e+00) 
