FANN_FLO_2.1
num_layers=3
learning_rate=0.700000
connection_rate=1.000000
network_type=0
learning_momentum=0.000000
training_algorithm=2
train_error_function=1
train_stop_function=1
cascade_output_change_fraction=0.010000
quickprop_decay=-0.000100
quickprop_mu=1.750000
rprop_increase_factor=1.200000
rprop_decrease_factor=0.500000
rprop_delta_min=0.000000
rprop_delta_max=50.000000
rprop_delta_zero=0.100000
cascade_output_stagnation_epochs=12
cascade_candidate_change_fraction=0.010000
cascade_candidate_stagnation_epochs=12
cascade_max_out_epochs=150
cascade_min_out_epochs=50
cascade_max_cand_epochs=150
cascade_min_cand_epochs=50
cascade_num_candidate_groups=2
bit_fail_limit=1.00000000000000005551e-01
cascade_candidate_limit=1.00000000000000000000e+03
cascade_weight_multiplier=4.00000000000000022204e-01
cascade_activation_functions_count=10
cascade_activation_functions=3 5 7 8 10 11 14 15 16 17 
cascade_activation_steepnesses_count=4
cascade_activation_steepnesses=2.50000000000000000000e-01 5.00000000000000000000e-01 7.50000000000000000000e-01 1.00000000000000000000e+00 
layer_sizes=15 4 2 
scale_included=0
neurons (num_inputs, activation_function, activation_steepness)=(0, 0, 0.00000000000000000000e+00) (0, 0, 0.00000000000000000000e+00) (0, 0, 0.00000000000000000000e+00) (0, 0, 0.00000000000000000000e+00) (0, 0, 0.00000000000000000000e+00) (0, 0, 0.00000000000000000000e+00) (0, 0, 0.00000000000000000000e+00) (0, 0, 0.00000000000000000000e+00) (0, 0, 0.00000000000000000000e+00) (0, 0, 0.00000000000000000000e+00) (0, 0, 0.00000000000000000000e+00) (0, 0, 0.00000000000000000000e+00) (0, 0, 0.00000000000000000000e+00) (0, 0, 0.00000000000000000000e+00) (0, 0, 0.00000000000000000000e+00) (15, 6, 5.00000000000000000000e-01) (15, 6, 5.00000000000000000000e-01) (15, 6, 5.00000000000000000000e-01) (0, 6, 0.00000000000000000000e+00) (4, 4, 5.00000000000000000000e-01) (0, 4, 0.00000000000000000000e+00) 
connections (connected_to_neuron, weight)=(0, -3.08302648241521168870e+01) (1, -1.02057923533362804314e+00) (2, 1.27662435566802425768e+01) (3, 2.06656554675889791994e+00) (4, 6.56952924046142472392e-01) (5, 1.05843585360692316044e+01) (6, 1.01943518102235186618e+00) (7, 3.56749151471209913211e+00) (8, 4.79428791611414428786e+00) (9, 8.58278126220236026178e-01) (10, 1.20797244528238536532e+01) (11, 1.38268425941817918456e+00) (12, 3.20780012241905865267e+01) (13, 1.20102951911135082952e+01) (14, -3.52998075396932342596e-01) (0, 1.22448530586917119223e+01) (1, -7.25045693194680929139e-01) (2, 7.99596216570778617339e-01) (3, 1.39949982988796350902e+00) (4, 7.09968388951697088052e-02) (5, 6.41156518441532430330e-02) (6, -4.89651254638519328743e-01) (7, 5.24189210519445461522e-02) (8, 1.18138543388610717244e+00) (9, 1.09801273320775338860e+00) (10, 7.55722719735550607645e-01) (11, 5.76180323998905508098e-01) (12, 1.60968431094505981527e+00) (13, 8.06889625932519227725e-01) (14, -1.33367282673148834782e+00) (0, -2.16803481873970298466e+01) (1, -6.92585498995233361796e-01) (2, -4.87764147093388666931e-01) (3, -4.54018269274410690706e-01) (4, 8.68780938126167967539e-01) (5, 1.18750744874088742797e+00) (6, 5.29150488193577128726e-01) (7, 4.02576640654418504983e-01) (8, 1.37453938484323394675e+01) (9, -2.95054716603915911932e+00) (10, -8.95831373994549373663e-01) (11, 9.06372815850029711626e-01) (12, 2.32686401747663254014e+01) (13, -2.12631554220923307819e-01) (14, 4.14960025337271609658e-01) (15, 9.83216934223662342163e+00) (16, -2.43421436469518184254e+01) (17, 3.48294301770420089426e+00) (18, -3.00856543647400942465e-01) 
