FANN_FLO_2.1
num_layers=3
learning_rate=0.700000
connection_rate=1.000000
network_type=0
learning_momentum=0.000000
training_algorithm=2
train_error_function=1
train_stop_function=1
cascade_output_change_fraction=0.010000
quickprop_decay=-0.000100
quickprop_mu=1.750000
rprop_increase_factor=1.200000
rprop_decrease_factor=0.500000
rprop_delta_min=0.000000
rprop_delta_max=50.000000
rprop_delta_zero=0.100000
cascade_output_stagnation_epochs=12
cascade_candidate_change_fraction=0.010000
cascade_candidate_stagnation_epochs=12
cascade_max_out_epochs=150
cascade_min_out_epochs=50
cascade_max_cand_epochs=150
cascade_min_cand_epochs=50
cascade_num_candidate_groups=2
bit_fail_limit=1.00000000000000005551e-01
cascade_candidate_limit=1.00000000000000000000e+03
cascade_weight_multiplier=4.00000000000000022204e-01
cascade_activation_functions_count=10
cascade_activation_functions=3 5 7 8 10 11 14 15 16 17 
cascade_activation_steepnesses_count=4
cascade_activation_steepnesses=2.50000000000000000000e-01 5.00000000000000000000e-01 7.50000000000000000000e-01 1.00000000000000000000e+00 
layer_sizes=9 4 2 
scale_included=0
neurons (num_inputs, activation_function, activation_steepness)=(0, 0, 0.00000000000000000000e+00) (0, 0, 0.00000000000000000000e+00) (0, 0, 0.00000000000000000000e+00) (0, 0, 0.00000000000000000000e+00) (0, 0, 0.00000000000000000000e+00) (0, 0, 0.00000000000000000000e+00) (0, 0, 0.00000000000000000000e+00) (0, 0, 0.00000000000000000000e+00) (0, 0, 0.00000000000000000000e+00) (9, 6, 5.00000000000000000000e-01) (9, 6, 5.00000000000000000000e-01) (9, 6, 5.00000000000000000000e-01) (0, 6, 0.00000000000000000000e+00) (4, 4, 5.00000000000000000000e-01) (0, 4, 0.00000000000000000000e+00) 
connections (connected_to_neuron, weight)=(0, -2.49981637597362249537e+00) (1, 2.90941396447936861946e+00) (2, 7.15408558985051734602e-02) (3, 9.45716029663770663127e-02) (4, -1.59728909083567449656e+00) (5, -6.01809484504388647608e-01) (6, -4.57821821414159391139e-01) (7, -6.13810730718301611475e-01) (8, -2.68298976945035051733e-02) (0, -9.62329184987484653746e-01) (1, 1.24249406623834457442e+00) (2, 3.15154906370151532968e-01) (3, 1.73611446053468315709e-01) (4, -3.57113974234291475796e-01) (5, 1.28874552435612299561e-01) (6, 2.12621440179085380295e-01) (7, 1.33040137752034909324e-01) (8, -1.98794502227595870636e-01) (0, -6.55230553568714224610e+00) (1, 6.74155835605972342250e+00) (2, 1.85774846274650018429e-03) (3, 2.15156488772963394585e-01) (4, -4.37239712447668082973e+00) (5, -4.47792508495448715600e-01) (6, -4.51599673224090225609e-01) (7, -4.57665131283401138695e-01) (8, -4.65426244067423944273e-01) (9, 6.63286248453968063643e+00) (10, 2.69989343687216498680e+00) (11, 2.78609354661266150899e+00) (12, -1.55243564266912836835e+00) 
