FANN_FLO_2.1
num_layers=3
learning_rate=0.700000
connection_rate=1.000000
network_type=0
learning_momentum=0.000000
training_algorithm=2
train_error_function=1
train_stop_function=1
cascade_output_change_fraction=0.010000
quickprop_decay=-0.000100
quickprop_mu=1.750000
rprop_increase_factor=1.200000
rprop_decrease_factor=0.500000
rprop_delta_min=0.000000
rprop_delta_max=50.000000
rprop_delta_zero=0.100000
cascade_output_stagnation_epochs=12
cascade_candidate_change_fraction=0.010000
cascade_candidate_stagnation_epochs=12
cascade_max_out_epochs=150
cascade_min_out_epochs=50
cascade_max_cand_epochs=150
cascade_min_cand_epochs=50
cascade_num_candidate_groups=2
bit_fail_limit=1.00000000000000005551e-01
cascade_candidate_limit=1.00000000000000000000e+03
cascade_weight_multiplier=4.00000000000000022204e-01
cascade_activation_functions_count=10
cascade_activation_functions=3 5 7 8 10 11 14 15 16 17 
cascade_activation_steepnesses_count=4
cascade_activation_steepnesses=2.50000000000000000000e-01 5.00000000000000000000e-01 7.50000000000000000000e-01 1.00000000000000000000e+00 
layer_sizes=8 4 2 
scale_included=0
neurons (num_inputs, activation_function, activation_steepness)=(0, 0, 0.00000000000000000000e+00) (0, 0, 0.00000000000000000000e+00) (0, 0, 0.00000000000000000000e+00) (0, 0, 0.00000000000000000000e+00) (0, 0, 0.00000000000000000000e+00) (0, 0, 0.00000000000000000000e+00) (0, 0, 0.00000000000000000000e+00) (0, 0, 0.00000000000000000000e+00) (8, 6, 5.00000000000000000000e-01) (8, 6, 5.00000000000000000000e-01) (8, 6, 5.00000000000000000000e-01) (0, 6, 0.00000000000000000000e+00) (4, 4, 5.00000000000000000000e-01) (0, 4, 0.00000000000000000000e+00) 
connections (connected_to_neuron, weight)=(0, -2.47917722759420783296e-01) (1, 8.64694282094784827386e-01) (2, 5.31620842224785672414e-01) (3, 1.77688896234901277937e-01) (4, 6.30192416516101028279e-03) (5, 1.44144817765624905226e-01) (6, 9.28578968605116294999e-02) (7, 2.35439355515252475570e-02) (0, 1.26184343830435063971e+00) (1, -3.37414364840044145311e+00) (2, 3.35879174092959753573e-01) (3, 7.23160369878967146384e-01) (4, 8.31893517261703352439e-01) (5, 6.91418348437507490623e-01) (6, 6.98204035496671537864e-01) (7, 1.57348808459672451221e+00) (0, -3.09623654780561752276e-01) (1, 7.60494224409409613763e-01) (2, 4.43390157825180986073e-01) (3, 6.02495144566610948966e-02) (4, 6.71788971385077066101e-02) (5, 1.13366335209281798857e-01) (6, 4.98202960452154772208e-02) (7, 5.68931515358697403872e-02) (8, 1.56386207686337069811e-01) (9, -1.54056893835016630590e+01) (10, 1.76211450146111142656e-01) (11, -7.29198492296176281613e-01) 
