FANN_FLO_2.1
num_layers=3
learning_rate=0.700000
connection_rate=1.000000
network_type=0
learning_momentum=0.000000
training_algorithm=2
train_error_function=1
train_stop_function=1
cascade_output_change_fraction=0.010000
quickprop_decay=-0.000100
quickprop_mu=1.750000
rprop_increase_factor=1.200000
rprop_decrease_factor=0.500000
rprop_delta_min=0.000000
rprop_delta_max=50.000000
rprop_delta_zero=0.100000
cascade_output_stagnation_epochs=12
cascade_candidate_change_fraction=0.010000
cascade_candidate_stagnation_epochs=12
cascade_max_out_epochs=150
cascade_min_out_epochs=50
cascade_max_cand_epochs=150
cascade_min_cand_epochs=50
cascade_num_candidate_groups=2
bit_fail_limit=1.00000000000000005551e-01
cascade_candidate_limit=1.00000000000000000000e+03
cascade_weight_multiplier=4.00000000000000022204e-01
cascade_activation_functions_count=10
cascade_activation_functions=3 5 7 8 10 11 14 15 16 17 
cascade_activation_steepnesses_count=4
cascade_activation_steepnesses=2.50000000000000000000e-01 5.00000000000000000000e-01 7.50000000000000000000e-01 1.00000000000000000000e+00 
layer_sizes=10 4 2 
scale_included=0
neurons (num_inputs, activation_function, activation_steepness)=(0, 0, 0.00000000000000000000e+00) (0, 0, 0.00000000000000000000e+00) (0, 0, 0.00000000000000000000e+00) (0, 0, 0.00000000000000000000e+00) (0, 0, 0.00000000000000000000e+00) (0, 0, 0.00000000000000000000e+00) (0, 0, 0.00000000000000000000e+00) (0, 0, 0.00000000000000000000e+00) (0, 0, 0.00000000000000000000e+00) (0, 0, 0.00000000000000000000e+00) (10, 6, 5.00000000000000000000e-01) (10, 6, 5.00000000000000000000e-01) (10, 6, 5.00000000000000000000e-01) (0, 6, 0.00000000000000000000e+00) (4, 4, 5.00000000000000000000e-01) (0, 4, 0.00000000000000000000e+00) 
connections (connected_to_neuron, weight)=(0, -1.67244330635312365985e+00) (1, 2.35058319004751403725e+00) (2, 2.91610086395396672643e+00) (3, -1.36213891498224448640e+00) (4, -1.38978704727666091401e+00) (5, -1.81702682217601108050e+00) (6, 2.48202278229763884099e+00) (7, -1.11320515157873423107e+00) (8, -1.03205572994644434459e+00) (9, -1.49519937340944331083e+00) (0, -2.39953184207702951980e+00) (1, -3.41914581060306310700e-01) (2, 2.54736625577423652089e+01) (3, -2.61350934470914342267e-01) (4, -2.91937087739728429181e-01) (5, -3.28395751382134892804e-01) (6, 1.29878218502718993932e+01) (7, -8.77264390800015947391e-01) (8, -2.58969177569173314435e-01) (9, -2.86552240217946507794e-01) (0, -5.04710231236040418601e-01) (1, 1.30784771055349940960e-01) (2, 1.68681722613162232705e+00) (3, 6.55454488726182477043e-02) (4, 1.38216817590765539414e-01) (5, -2.85207322589642098265e-01) (6, 9.21741482559281510856e-02) (7, -2.68995663873440316038e-01) (8, -2.81269690744167855101e-01) (9, -4.43197651557213356810e-01) (10, 1.40782597190383587105e+01) (11, 3.78921656349826663224e-01) (12, 5.19503497723575874412e-02) (13, -1.33701449513725934004e+00) 
