FANN_FLO_2.1
num_layers=3
learning_rate=0.700000
connection_rate=1.000000
network_type=0
learning_momentum=0.000000
training_algorithm=2
train_error_function=1
train_stop_function=1
cascade_output_change_fraction=0.010000
quickprop_decay=-0.000100
quickprop_mu=1.750000
rprop_increase_factor=1.200000
rprop_decrease_factor=0.500000
rprop_delta_min=0.000000
rprop_delta_max=50.000000
rprop_delta_zero=0.100000
cascade_output_stagnation_epochs=12
cascade_candidate_change_fraction=0.010000
cascade_candidate_stagnation_epochs=12
cascade_max_out_epochs=150
cascade_min_out_epochs=50
cascade_max_cand_epochs=150
cascade_min_cand_epochs=50
cascade_num_candidate_groups=2
bit_fail_limit=1.00000000000000005551e-01
cascade_candidate_limit=1.00000000000000000000e+03
cascade_weight_multiplier=4.00000000000000022204e-01
cascade_activation_functions_count=10
cascade_activation_functions=3 5 7 8 10 11 14 15 16 17 
cascade_activation_steepnesses_count=4
cascade_activation_steepnesses=2.50000000000000000000e-01 5.00000000000000000000e-01 7.50000000000000000000e-01 1.00000000000000000000e+00 
layer_sizes=6 4 2 
scale_included=0
neurons (num_inputs, activation_function, activation_steepness)=(0, 0, 0.00000000000000000000e+00) (0, 0, 0.00000000000000000000e+00) (0, 0, 0.00000000000000000000e+00) (0, 0, 0.00000000000000000000e+00) (0, 0, 0.00000000000000000000e+00) (0, 0, 0.00000000000000000000e+00) (6, 6, 5.00000000000000000000e-01) (6, 6, 5.00000000000000000000e-01) (6, 6, 5.00000000000000000000e-01) (0, 6, 0.00000000000000000000e+00) (4, 4, 5.00000000000000000000e-01) (0, 4, 0.00000000000000000000e+00) 
connections (connected_to_neuron, weight)=(0, -3.61452381019550017527e+00) (1, 1.23323653390066767521e+00) (2, 1.09295522240339781916e+00) (3, -7.21686366168827753143e-01) (4, 1.50031651883620176235e+00) (5, 7.13294127908093433810e-01) (0, -7.55745401966327001730e+00) (1, 2.98034770317598374234e+00) (2, 1.46968930513166351481e+00) (3, 6.60086934040603479090e-01) (4, 2.83073401622730713711e+00) (5, 7.30778747259960392846e-01) (0, -7.86480496248337379583e-01) (1, 5.52011773749147560686e-01) (2, 3.50755392430922685598e-01) (3, -1.22852672121077843848e+00) (4, 6.24952907003968993749e-01) (5, 5.16045417180391430279e-01) (6, 3.58940035944914797028e+01) (7, 6.98703735685966762503e+01) (8, 1.61538232103777907867e+01) (9, 4.74410193636395638439e-01) 
