FANN_FLO_2.1
num_layers=3
learning_rate=0.700000
connection_rate=1.000000
network_type=0
learning_momentum=0.000000
training_algorithm=2
train_error_function=1
train_stop_function=1
cascade_output_change_fraction=0.010000
quickprop_decay=-0.000100
quickprop_mu=1.750000
rprop_increase_factor=1.200000
rprop_decrease_factor=0.500000
rprop_delta_min=0.000000
rprop_delta_max=50.000000
rprop_delta_zero=0.100000
cascade_output_stagnation_epochs=12
cascade_candidate_change_fraction=0.010000
cascade_candidate_stagnation_epochs=12
cascade_max_out_epochs=150
cascade_min_out_epochs=50
cascade_max_cand_epochs=150
cascade_min_cand_epochs=50
cascade_num_candidate_groups=2
bit_fail_limit=1.00000000000000005551e-01
cascade_candidate_limit=1.00000000000000000000e+03
cascade_weight_multiplier=4.00000000000000022204e-01
cascade_activation_functions_count=10
cascade_activation_functions=3 5 7 8 10 11 14 15 16 17 
cascade_activation_steepnesses_count=4
cascade_activation_steepnesses=2.50000000000000000000e-01 5.00000000000000000000e-01 7.50000000000000000000e-01 1.00000000000000000000e+00 
layer_sizes=8 4 2 
scale_included=0
neurons (num_inputs, activation_function, activation_steepness)=(0, 0, 0.00000000000000000000e+00) (0, 0, 0.00000000000000000000e+00) (0, 0, 0.00000000000000000000e+00) (0, 0, 0.00000000000000000000e+00) (0, 0, 0.00000000000000000000e+00) (0, 0, 0.00000000000000000000e+00) (0, 0, 0.00000000000000000000e+00) (0, 0, 0.00000000000000000000e+00) (8, 6, 5.00000000000000000000e-01) (8, 6, 5.00000000000000000000e-01) (8, 6, 5.00000000000000000000e-01) (0, 6, 0.00000000000000000000e+00) (4, 4, 5.00000000000000000000e-01) (0, 4, 0.00000000000000000000e+00) 
connections (connected_to_neuron, weight)=(0, -1.99603449573687363738e+00) (1, 2.54201597720201499797e+00) (2, -6.60914658340949756621e-02) (3, -9.54122737808103638102e-01) (4, 2.23487465806887497521e+00) (5, 1.52220543075932623900e+00) (6, 2.98780701639747403586e-01) (7, -1.61645880836750088783e+00) (0, 2.74410372504350665024e-02) (1, 3.74160955647119208844e-01) (2, 1.00116015280612327687e-01) (3, 1.90457167515686948134e-01) (4, 5.01708094124623360521e-01) (5, 4.63097683539723636859e-01) (6, 2.42230505123109313148e-01) (7, -1.97390317159342493225e-01) (0, -1.24215406713927589699e+00) (1, 2.11504642151938471173e+00) (2, 9.96083613457754424303e-02) (3, -8.03255985075018830166e-01) (4, 3.44656820679836883858e-01) (5, 1.77396512117851901102e+00) (6, 4.62616652106788261989e-01) (7, -1.34114503957032016324e+00) (8, 2.04069673838826695089e+01) (9, 4.17796117867482941222e-01) (10, 3.46483486832878853079e+01) (11, -1.30859487227796367215e+00) 
