FANN_FLO_2.1
num_layers=3
learning_rate=0.700000
connection_rate=1.000000
network_type=0
learning_momentum=0.000000
training_algorithm=2
train_error_function=1
train_stop_function=1
cascade_output_change_fraction=0.010000
quickprop_decay=-0.000100
quickprop_mu=1.750000
rprop_increase_factor=1.200000
rprop_decrease_factor=0.500000
rprop_delta_min=0.000000
rprop_delta_max=50.000000
rprop_delta_zero=0.100000
cascade_output_stagnation_epochs=12
cascade_candidate_change_fraction=0.010000
cascade_candidate_stagnation_epochs=12
cascade_max_out_epochs=150
cascade_min_out_epochs=50
cascade_max_cand_epochs=150
cascade_min_cand_epochs=50
cascade_num_candidate_groups=2
bit_fail_limit=1.00000000000000005551e-01
cascade_candidate_limit=1.00000000000000000000e+03
cascade_weight_multiplier=4.00000000000000022204e-01
cascade_activation_functions_count=10
cascade_activation_functions=3 5 7 8 10 11 14 15 16 17 
cascade_activation_steepnesses_count=4
cascade_activation_steepnesses=2.50000000000000000000e-01 5.00000000000000000000e-01 7.50000000000000000000e-01 1.00000000000000000000e+00 
layer_sizes=10 4 2 
scale_included=0
neurons (num_inputs, activation_function, activation_steepness)=(0, 0, 0.00000000000000000000e+00) (0, 0, 0.00000000000000000000e+00) (0, 0, 0.00000000000000000000e+00) (0, 0, 0.00000000000000000000e+00) (0, 0, 0.00000000000000000000e+00) (0, 0, 0.00000000000000000000e+00) (0, 0, 0.00000000000000000000e+00) (0, 0, 0.00000000000000000000e+00) (0, 0, 0.00000000000000000000e+00) (0, 0, 0.00000000000000000000e+00) (10, 6, 5.00000000000000000000e-01) (10, 6, 5.00000000000000000000e-01) (10, 6, 5.00000000000000000000e-01) (0, 6, 0.00000000000000000000e+00) (4, 4, 5.00000000000000000000e-01) (0, 4, 0.00000000000000000000e+00) 
connections (connected_to_neuron, weight)=(0, 3.51541846849361760974e+00) (1, -3.51884774945324174666e+00) (2, -2.01229721063430311290e+00) (3, -2.75409386527158428493e+00) (4, -2.12205345624411823025e+00) (5, -3.56520332778808324292e+00) (6, 2.18771692664408146101e+00) (7, 3.20655861668990826985e+00) (8, -1.52200878752913437708e+00) (9, 4.04756244142705678968e+00) (0, 2.38696725743614068804e+00) (1, -3.53225537890609997405e+00) (2, -1.93622208159433295549e+00) (3, -1.58927421642319322004e+00) (4, -2.06299976700270892849e+00) (5, -3.77905179807135560566e+00) (6, 1.52647279723419360131e+00) (7, 2.74963238844250712489e+00) (8, -7.27641165917540000407e+00) (9, 4.11972132767853249646e+00) (0, -4.74264379612068937009e-02) (1, -2.96870568507493270971e-01) (2, -6.27548941240993474189e-01) (3, -4.14698416654913071255e+00) (4, -1.35347562945159047842e+01) (5, -4.80074194852380231602e-01) (6, 1.41034030563114765044e+00) (7, 9.91851937786559290089e+00) (8, 1.09790095496932256225e+01) (9, 3.70831873759818353431e-01) (10, -9.65287129023630363633e+00) (11, -6.77427964275010019435e+00) (12, -3.19699582677812532694e+00) (13, -1.39236020392607651175e+00) 
