FANN_FLO_2.1
num_layers=3
learning_rate=0.700000
connection_rate=1.000000
network_type=0
learning_momentum=0.000000
training_algorithm=2
train_error_function=1
train_stop_function=1
cascade_output_change_fraction=0.010000
quickprop_decay=-0.000100
quickprop_mu=1.750000
rprop_increase_factor=1.200000
rprop_decrease_factor=0.500000
rprop_delta_min=0.000000
rprop_delta_max=50.000000
rprop_delta_zero=0.100000
cascade_output_stagnation_epochs=12
cascade_candidate_change_fraction=0.010000
cascade_candidate_stagnation_epochs=12
cascade_max_out_epochs=150
cascade_min_out_epochs=50
cascade_max_cand_epochs=150
cascade_min_cand_epochs=50
cascade_num_candidate_groups=2
bit_fail_limit=1.00000000000000005551e-01
cascade_candidate_limit=1.00000000000000000000e+03
cascade_weight_multiplier=4.00000000000000022204e-01
cascade_activation_functions_count=10
cascade_activation_functions=3 5 7 8 10 11 14 15 16 17 
cascade_activation_steepnesses_count=4
cascade_activation_steepnesses=2.50000000000000000000e-01 5.00000000000000000000e-01 7.50000000000000000000e-01 1.00000000000000000000e+00 
layer_sizes=13 4 2 
scale_included=0
neurons (num_inputs, activation_function, activation_steepness)=(0, 0, 0.00000000000000000000e+00) (0, 0, 0.00000000000000000000e+00) (0, 0, 0.00000000000000000000e+00) (0, 0, 0.00000000000000000000e+00) (0, 0, 0.00000000000000000000e+00) (0, 0, 0.00000000000000000000e+00) (0, 0, 0.00000000000000000000e+00) (0, 0, 0.00000000000000000000e+00) (0, 0, 0.00000000000000000000e+00) (0, 0, 0.00000000000000000000e+00) (0, 0, 0.00000000000000000000e+00) (0, 0, 0.00000000000000000000e+00) (0, 0, 0.00000000000000000000e+00) (13, 6, 5.00000000000000000000e-01) (13, 6, 5.00000000000000000000e-01) (13, 6, 5.00000000000000000000e-01) (0, 6, 0.00000000000000000000e+00) (4, 4, 5.00000000000000000000e-01) (0, 4, 0.00000000000000000000e+00) 
connections (connected_to_neuron, weight)=(0, -2.59241567602001188320e+00) (1, 2.12563710842630415598e+00) (2, 1.29570287183777699269e+00) (3, 1.12625889946341875003e+01) (4, -7.37329681541608383810e-01) (5, -8.13769236351282940212e-03) (6, -1.05273942243242779604e+00) (7, 2.55615836094150772340e+00) (8, 9.82046823760121867508e-01) (9, 1.61251194476759263097e+00) (10, 4.41331351974917740488e-01) (11, -5.53981972474344885882e-01) (12, -2.60520502602301595729e+00) (0, -1.14025775296824321003e+01) (1, 7.60944369513884399936e+00) (2, 4.03321556741203401941e+00) (3, 8.38004757933085464572e+00) (4, 4.81391591757423020770e-01) (5, -1.00060537390843373728e+00) (6, -5.99174783273760613866e+00) (7, 8.03955315139215720421e+00) (8, 5.82090551316358695288e+00) (9, -1.96295783147021785098e+00) (10, 1.70878602495731146682e+00) (11, 7.92488049984208675625e+00) (12, -6.83816884791302292967e+00) (0, 1.22467640133001975933e+00) (1, -6.82284616382073494378e-01) (2, -1.81377774725471591077e-01) (3, -5.57697474047149366339e-02) (4, 1.94317386356428506433e-01) (5, 4.03387857780756253767e-01) (6, 3.43325470796621656788e+00) (7, -5.56124106697002185129e-01) (8, -1.26880639421421861357e+01) (9, 3.01748501821188908067e+00) (10, -3.18455662474370493342e+00) (11, -1.56450268108212964258e+00) (12, 1.16847127009250795204e+00) (13, 3.88480032192712343431e+00) (14, 3.64702747748649791504e+00) (15, -3.54040902980950011880e+00) (16, -1.93510139009750892214e+00) 
