FANN_FLO_2.1
num_layers=3
learning_rate=0.700000
connection_rate=1.000000
network_type=0
learning_momentum=0.000000
training_algorithm=2
train_error_function=1
train_stop_function=1
cascade_output_change_fraction=0.010000
quickprop_decay=-0.000100
quickprop_mu=1.750000
rprop_increase_factor=1.200000
rprop_decrease_factor=0.500000
rprop_delta_min=0.000000
rprop_delta_max=50.000000
rprop_delta_zero=0.100000
cascade_output_stagnation_epochs=12
cascade_candidate_change_fraction=0.010000
cascade_candidate_stagnation_epochs=12
cascade_max_out_epochs=150
cascade_min_out_epochs=50
cascade_max_cand_epochs=150
cascade_min_cand_epochs=50
cascade_num_candidate_groups=2
bit_fail_limit=1.00000000000000005551e-01
cascade_candidate_limit=1.00000000000000000000e+03
cascade_weight_multiplier=4.00000000000000022204e-01
cascade_activation_functions_count=10
cascade_activation_functions=3 5 7 8 10 11 14 15 16 17 
cascade_activation_steepnesses_count=4
cascade_activation_steepnesses=2.50000000000000000000e-01 5.00000000000000000000e-01 7.50000000000000000000e-01 1.00000000000000000000e+00 
layer_sizes=10 4 2 
scale_included=0
neurons (num_inputs, activation_function, activation_steepness)=(0, 0, 0.00000000000000000000e+00) (0, 0, 0.00000000000000000000e+00) (0, 0, 0.00000000000000000000e+00) (0, 0, 0.00000000000000000000e+00) (0, 0, 0.00000000000000000000e+00) (0, 0, 0.00000000000000000000e+00) (0, 0, 0.00000000000000000000e+00) (0, 0, 0.00000000000000000000e+00) (0, 0, 0.00000000000000000000e+00) (0, 0, 0.00000000000000000000e+00) (10, 6, 5.00000000000000000000e-01) (10, 6, 5.00000000000000000000e-01) (10, 6, 5.00000000000000000000e-01) (0, 6, 0.00000000000000000000e+00) (4, 4, 5.00000000000000000000e-01) (0, 4, 0.00000000000000000000e+00) 
connections (connected_to_neuron, weight)=(0, 7.32113725715382801518e-01) (1, 5.44793215315574798296e+02) (2, 5.44795217837924155901e+02) (3, 5.44681152324909362505e+02) (4, 5.44734621736938152026e+02) (5, 8.48273031921292997026e-01) (6, 5.44648742999667319964e+02) (7, 1.40093149110102332955e+00) (8, 5.44779315199488792132e+02) (9, -1.12738665814524652298e+00) (0, 1.88083586026777327405e-01) (1, 1.27521199763490585610e+02) (2, 1.27372753337695030496e+02) (3, 1.27485738561226753518e+02) (4, 1.27378571093751816079e+02) (5, 8.68642137225888011365e-01) (6, 1.27451831468119053170e+02) (7, 9.23308782552082707440e-01) (8, 1.27393680103792576119e+02) (9, -1.67829761551296752220e-01) (0, 2.02794191171278059826e-01) (1, 1.27561311126424698159e+02) (2, 1.27561925128771690652e+02) (3, 1.27402856864704517648e+02) (4, 1.27398236603214172646e+02) (5, 7.03354128476402995496e-01) (6, 1.27454717174841789529e+02) (7, 1.01045423028310099589e+00) (8, 1.27406252552493242547e+02) (9, -1.66826429115212004906e-01) (10, 1.34792534501450006701e+02) (11, 3.53548847607661920200e-01) (12, 3.31576228610564904820e-01) (13, -1.36195631413823670108e+00) 
