FANN_FLO_2.1
num_layers=3
learning_rate=0.700000
connection_rate=1.000000
network_type=0
learning_momentum=0.000000
training_algorithm=2
train_error_function=1
train_stop_function=1
cascade_output_change_fraction=0.010000
quickprop_decay=-0.000100
quickprop_mu=1.750000
rprop_increase_factor=1.200000
rprop_decrease_factor=0.500000
rprop_delta_min=0.000000
rprop_delta_max=50.000000
rprop_delta_zero=0.100000
cascade_output_stagnation_epochs=12
cascade_candidate_change_fraction=0.010000
cascade_candidate_stagnation_epochs=12
cascade_max_out_epochs=150
cascade_min_out_epochs=50
cascade_max_cand_epochs=150
cascade_min_cand_epochs=50
cascade_num_candidate_groups=2
bit_fail_limit=1.00000000000000005551e-01
cascade_candidate_limit=1.00000000000000000000e+03
cascade_weight_multiplier=4.00000000000000022204e-01
cascade_activation_functions_count=10
cascade_activation_functions=3 5 7 8 10 11 14 15 16 17 
cascade_activation_steepnesses_count=4
cascade_activation_steepnesses=2.50000000000000000000e-01 5.00000000000000000000e-01 7.50000000000000000000e-01 1.00000000000000000000e+00 
layer_sizes=9 4 2 
scale_included=0
neurons (num_inputs, activation_function, activation_steepness)=(0, 0, 0.00000000000000000000e+00) (0, 0, 0.00000000000000000000e+00) (0, 0, 0.00000000000000000000e+00) (0, 0, 0.00000000000000000000e+00) (0, 0, 0.00000000000000000000e+00) (0, 0, 0.00000000000000000000e+00) (0, 0, 0.00000000000000000000e+00) (0, 0, 0.00000000000000000000e+00) (0, 0, 0.00000000000000000000e+00) (9, 6, 5.00000000000000000000e-01) (9, 6, 5.00000000000000000000e-01) (9, 6, 5.00000000000000000000e-01) (0, 6, 0.00000000000000000000e+00) (4, 4, 5.00000000000000000000e-01) (0, 4, 0.00000000000000000000e+00) 
connections (connected_to_neuron, weight)=(0, -1.69793941677530951795e-01) (1, 2.00413933290646717467e+00) (2, 3.66184204284428715948e-01) (3, 2.00823509566351976474e-01) (4, 7.81722605258453051569e-01) (5, 2.35512172807677711006e+00) (6, 7.49225408758269595388e-01) (7, -5.03820423786889626250e-01) (8, -2.34848091411101300707e-01) (0, -3.71264059591405759519e+00) (1, 3.11510950182645673934e+00) (2, 4.20356289097124413701e-01) (3, 1.83970846261822362777e-01) (4, 1.75388719036708162768e+00) (5, 2.89134702555778089206e+00) (6, 7.76676639978577165735e-01) (7, -3.68447394418828855223e+00) (8, -1.08512532416042040140e+00) (0, -1.38068124056777041808e-01) (1, 2.22465717540844032385e+00) (2, 3.65001101706503627842e-01) (3, 2.40040655009314235491e-01) (4, 8.54728882491815000755e-01) (5, 2.18820945177062142761e+00) (6, 1.29341458362724726072e+00) (7, -4.18993319874059633179e-01) (8, -2.58562207924830755879e-01) (9, 3.25171353063352297497e+00) (10, 8.38454021893260303955e+00) (11, 1.42364249065294989904e+00) (12, -3.33779508825012927176e+00) 
