FANN_FLO_2.1
num_layers=3
learning_rate=0.700000
connection_rate=1.000000
network_type=0
learning_momentum=0.000000
training_algorithm=2
train_error_function=1
train_stop_function=1
cascade_output_change_fraction=0.010000
quickprop_decay=-0.000100
quickprop_mu=1.750000
rprop_increase_factor=1.200000
rprop_decrease_factor=0.500000
rprop_delta_min=0.000000
rprop_delta_max=50.000000
rprop_delta_zero=0.100000
cascade_output_stagnation_epochs=12
cascade_candidate_change_fraction=0.010000
cascade_candidate_stagnation_epochs=12
cascade_max_out_epochs=150
cascade_min_out_epochs=50
cascade_max_cand_epochs=150
cascade_min_cand_epochs=50
cascade_num_candidate_groups=2
bit_fail_limit=1.00000000000000005551e-01
cascade_candidate_limit=1.00000000000000000000e+03
cascade_weight_multiplier=4.00000000000000022204e-01
cascade_activation_functions_count=10
cascade_activation_functions=3 5 7 8 10 11 14 15 16 17 
cascade_activation_steepnesses_count=4
cascade_activation_steepnesses=2.50000000000000000000e-01 5.00000000000000000000e-01 7.50000000000000000000e-01 1.00000000000000000000e+00 
layer_sizes=16 4 2 
scale_included=0
neurons (num_inputs, activation_function, activation_steepness)=(0, 0, 0.00000000000000000000e+00) (0, 0, 0.00000000000000000000e+00) (0, 0, 0.00000000000000000000e+00) (0, 0, 0.00000000000000000000e+00) (0, 0, 0.00000000000000000000e+00) (0, 0, 0.00000000000000000000e+00) (0, 0, 0.00000000000000000000e+00) (0, 0, 0.00000000000000000000e+00) (0, 0, 0.00000000000000000000e+00) (0, 0, 0.00000000000000000000e+00) (0, 0, 0.00000000000000000000e+00) (0, 0, 0.00000000000000000000e+00) (0, 0, 0.00000000000000000000e+00) (0, 0, 0.00000000000000000000e+00) (0, 0, 0.00000000000000000000e+00) (0, 0, 0.00000000000000000000e+00) (16, 6, 5.00000000000000000000e-01) (16, 6, 5.00000000000000000000e-01) (16, 6, 5.00000000000000000000e-01) (0, 6, 0.00000000000000000000e+00) (4, 4, 5.00000000000000000000e-01) (0, 4, 0.00000000000000000000e+00) 
connections (connected_to_neuron, weight)=(0, -5.21449632304597843202e-01) (1, 2.50803829644185283243e+00) (2, -3.77576425033498752626e-01) (3, -3.46570162690567451502e-01) (4, 2.53135993246299006998e+00) (5, -1.33450422596092355132e-01) (6, -5.24004868524957645448e-01) (7, -5.19246838348794925722e-01) (8, -1.22944861810560371329e-01) (9, -4.18223440009046543153e-01) (10, 4.78315858903001767111e-02) (11, -3.63609626251150175325e-01) (12, -1.07100797327400298897e+00) (13, -2.30839242521983356582e+00) (14, -4.01986890346096470417e-01) (15, -3.55530544477392240754e-01) (0, -8.52661181077255664329e-02) (1, 9.97969584389935771007e-01) (2, -2.26288889704634177402e-01) (3, -2.31900300341535470228e-01) (4, 1.05410383813024632893e+00) (5, 1.92581181343895874170e-01) (6, -2.18996276317526328281e-01) (7, -2.46099782346178519443e-01) (8, 8.18638027871675943992e-02) (9, -1.14025677359985685988e-01) (10, 2.10842790078452135827e-01) (11, 2.91618231764562002573e-02) (12, -8.51850511398325571655e-01) (13, -7.57271578427563318847e-01) (14, -4.91076114967315402460e-02) (15, -9.59072511562579638200e-02) (0, -1.26479386876836441544e+00) (1, 5.90575379123415622473e+00) (2, -1.17811125855460785417e+00) (3, -7.75752851138258314734e-01) (4, 5.73951243599381122351e+00) (5, -2.17491109310431696144e-01) (6, -9.40315344700956678992e-01) (7, -1.24706039171233795670e+00) (8, -2.81030204533381677834e-01) (9, -8.34920064876222944861e-01) (10, -3.26044999449296213356e-01) (11, -9.55753916273260450964e-01) (12, -1.22099358927026413468e+00) (13, -1.21293361078515671281e+00) (14, -6.93451209594828199556e-01) (15, -8.87447321186209059363e-01) (16, 2.35419652168017590199e+00) (17, 1.93549149590634211870e-01) (18, 5.87366166701044711829e+00) (19, -1.15468594770446442155e+00) 
