FANN_FLO_2.1
num_layers=3
learning_rate=0.700000
connection_rate=1.000000
network_type=0
learning_momentum=0.000000
training_algorithm=2
train_error_function=1
train_stop_function=1
cascade_output_change_fraction=0.010000
quickprop_decay=-0.000100
quickprop_mu=1.750000
rprop_increase_factor=1.200000
rprop_decrease_factor=0.500000
rprop_delta_min=0.000000
rprop_delta_max=50.000000
rprop_delta_zero=0.100000
cascade_output_stagnation_epochs=12
cascade_candidate_change_fraction=0.010000
cascade_candidate_stagnation_epochs=12
cascade_max_out_epochs=150
cascade_min_out_epochs=50
cascade_max_cand_epochs=150
cascade_min_cand_epochs=50
cascade_num_candidate_groups=2
bit_fail_limit=1.00000000000000005551e-01
cascade_candidate_limit=1.00000000000000000000e+03
cascade_weight_multiplier=4.00000000000000022204e-01
cascade_activation_functions_count=10
cascade_activation_functions=3 5 7 8 10 11 14 15 16 17 
cascade_activation_steepnesses_count=4
cascade_activation_steepnesses=2.50000000000000000000e-01 5.00000000000000000000e-01 7.50000000000000000000e-01 1.00000000000000000000e+00 
layer_sizes=10 4 2 
scale_included=0
neurons (num_inputs, activation_function, activation_steepness)=(0, 0, 0.00000000000000000000e+00) (0, 0, 0.00000000000000000000e+00) (0, 0, 0.00000000000000000000e+00) (0, 0, 0.00000000000000000000e+00) (0, 0, 0.00000000000000000000e+00) (0, 0, 0.00000000000000000000e+00) (0, 0, 0.00000000000000000000e+00) (0, 0, 0.00000000000000000000e+00) (0, 0, 0.00000000000000000000e+00) (0, 0, 0.00000000000000000000e+00) (10, 6, 5.00000000000000000000e-01) (10, 6, 5.00000000000000000000e-01) (10, 6, 5.00000000000000000000e-01) (0, 6, 0.00000000000000000000e+00) (4, 4, 5.00000000000000000000e-01) (0, 4, 0.00000000000000000000e+00) 
connections (connected_to_neuron, weight)=(0, -1.20787080865357787651e+00) (1, 1.63051296407670243127e+00) (2, 2.29965633396370973396e-02) (3, 9.69077905288542207352e-01) (4, 3.50994908294402874205e+00) (5, 1.00424428908144425243e+00) (6, 9.90873469904267833996e-01) (7, 9.70260625353659089676e-01) (8, 3.51683403590574350517e+00) (9, -2.38585029152529548568e+00) (0, -3.48041932404292486680e-01) (1, 3.39237912182780254611e+00) (2, -7.01151523973731760631e-02) (3, -1.73638061827286183103e+00) (4, 8.54390262048057458344e-01) (5, 2.92113814087360745830e+00) (6, -1.12280951201556300489e+00) (7, -1.75825088864429890378e+00) (8, 6.37692368562464140247e-01) (9, -6.41738580718588469409e-01) (0, -4.17028844154853695070e-01) (1, 9.28090080503197079054e-01) (2, 2.49961996063905317333e-01) (3, -2.32804297883282357295e-01) (4, 1.59701932114373001959e+00) (5, 5.68414370506220345547e-01) (6, -2.85086198036655746879e-01) (7, -3.13810966391335210979e-01) (8, 1.48183899972176713611e+00) (9, -7.03472361003189994300e-01) (10, 6.34739963491092780146e+01) (11, 3.19164290992683452597e-01) (12, 1.15107742833292481244e+00) (13, -1.83761316590203827026e+00) 
