FANN_FLO_2.1
num_layers=3
learning_rate=0.700000
connection_rate=1.000000
network_type=0
learning_momentum=0.000000
training_algorithm=2
train_error_function=1
train_stop_function=1
cascade_output_change_fraction=0.010000
quickprop_decay=-0.000100
quickprop_mu=1.750000
rprop_increase_factor=1.200000
rprop_decrease_factor=0.500000
rprop_delta_min=0.000000
rprop_delta_max=50.000000
rprop_delta_zero=0.100000
cascade_output_stagnation_epochs=12
cascade_candidate_change_fraction=0.010000
cascade_candidate_stagnation_epochs=12
cascade_max_out_epochs=150
cascade_min_out_epochs=50
cascade_max_cand_epochs=150
cascade_min_cand_epochs=50
cascade_num_candidate_groups=2
bit_fail_limit=1.00000000000000005551e-01
cascade_candidate_limit=1.00000000000000000000e+03
cascade_weight_multiplier=4.00000000000000022204e-01
cascade_activation_functions_count=10
cascade_activation_functions=3 5 7 8 10 11 14 15 16 17 
cascade_activation_steepnesses_count=4
cascade_activation_steepnesses=2.50000000000000000000e-01 5.00000000000000000000e-01 7.50000000000000000000e-01 1.00000000000000000000e+00 
layer_sizes=12 4 2 
scale_included=0
neurons (num_inputs, activation_function, activation_steepness)=(0, 0, 0.00000000000000000000e+00) (0, 0, 0.00000000000000000000e+00) (0, 0, 0.00000000000000000000e+00) (0, 0, 0.00000000000000000000e+00) (0, 0, 0.00000000000000000000e+00) (0, 0, 0.00000000000000000000e+00) (0, 0, 0.00000000000000000000e+00) (0, 0, 0.00000000000000000000e+00) (0, 0, 0.00000000000000000000e+00) (0, 0, 0.00000000000000000000e+00) (0, 0, 0.00000000000000000000e+00) (0, 0, 0.00000000000000000000e+00) (12, 6, 5.00000000000000000000e-01) (12, 6, 5.00000000000000000000e-01) (12, 6, 5.00000000000000000000e-01) (0, 6, 0.00000000000000000000e+00) (4, 4, 5.00000000000000000000e-01) (0, 4, 0.00000000000000000000e+00) 
connections (connected_to_neuron, weight)=(0, -1.23273216978729083237e+00) (1, 1.10299275433605692420e+00) (2, 1.92781405581267717420e-01) (3, 6.64922780586173378659e-01) (4, 2.91685144996723322297e-01) (5, 1.18514351335583523195e+00) (6, 5.19469055090176912159e+00) (7, 2.16043362760690915714e-01) (8, -3.14069996014917318661e+00) (9, -3.11750878379428808529e+00) (10, 1.92843607062248456607e-01) (11, -1.01621439007220190631e-01) (0, -5.07846624047440187155e-01) (1, 2.19235847519685611573e+00) (2, 2.53047765797264567755e-01) (3, 2.11334463007600614759e-01) (4, 2.68081998266051668711e-01) (5, 5.19672247426358868694e-01) (6, 2.32390709965306596629e+00) (7, 4.96584592081078912695e-01) (8, -1.24790642196163048538e+00) (9, -1.18947625690921654495e+00) (10, 2.99965275145539556068e-01) (11, 4.15113153663311390540e-02) (0, -3.77647821839443409431e+00) (1, 1.82375029392291709840e+00) (2, 5.22222844216708587117e-02) (3, 2.00609620451060211010e+00) (4, 1.15852385452678952049e+00) (5, 2.89479685692545807285e+00) (6, 1.27533765133011147697e+01) (7, 1.67930996970762969056e-01) (8, -1.59129918190940466971e+00) (9, -1.61599406424268332572e+00) (10, 2.30266942636599358796e-01) (11, -7.36198614027788633685e-01) (12, 2.10725854396897549492e+00) (13, 7.15248230142285557065e-01) (14, 1.27719410951721474845e+01) (15, -8.41738539424231047015e-01) 
