FANN_FLO_2.1
num_layers=3
learning_rate=0.700000
connection_rate=1.000000
network_type=0
learning_momentum=0.000000
training_algorithm=2
train_error_function=1
train_stop_function=1
cascade_output_change_fraction=0.010000
quickprop_decay=-0.000100
quickprop_mu=1.750000
rprop_increase_factor=1.200000
rprop_decrease_factor=0.500000
rprop_delta_min=0.000000
rprop_delta_max=50.000000
rprop_delta_zero=0.100000
cascade_output_stagnation_epochs=12
cascade_candidate_change_fraction=0.010000
cascade_candidate_stagnation_epochs=12
cascade_max_out_epochs=150
cascade_min_out_epochs=50
cascade_max_cand_epochs=150
cascade_min_cand_epochs=50
cascade_num_candidate_groups=2
bit_fail_limit=1.00000000000000005551e-01
cascade_candidate_limit=1.00000000000000000000e+03
cascade_weight_multiplier=4.00000000000000022204e-01
cascade_activation_functions_count=10
cascade_activation_functions=3 5 7 8 10 11 14 15 16 17 
cascade_activation_steepnesses_count=4
cascade_activation_steepnesses=2.50000000000000000000e-01 5.00000000000000000000e-01 7.50000000000000000000e-01 1.00000000000000000000e+00 
layer_sizes=9 4 2 
scale_included=0
neurons (num_inputs, activation_function, activation_steepness)=(0, 0, 0.00000000000000000000e+00) (0, 0, 0.00000000000000000000e+00) (0, 0, 0.00000000000000000000e+00) (0, 0, 0.00000000000000000000e+00) (0, 0, 0.00000000000000000000e+00) (0, 0, 0.00000000000000000000e+00) (0, 0, 0.00000000000000000000e+00) (0, 0, 0.00000000000000000000e+00) (0, 0, 0.00000000000000000000e+00) (9, 6, 5.00000000000000000000e-01) (9, 6, 5.00000000000000000000e-01) (9, 6, 5.00000000000000000000e-01) (0, 6, 0.00000000000000000000e+00) (4, 4, 5.00000000000000000000e-01) (0, 4, 0.00000000000000000000e+00) 
connections (connected_to_neuron, weight)=(0, 1.00827817227347504847e+00) (1, -7.33499059889937576884e-01) (2, -1.87690858139630128987e-01) (3, -3.00422150669455934047e-01) (4, -1.38686974198255663637e+00) (5, 3.14685799088281648039e-01) (6, 1.22004076290500848567e-01) (7, 3.61272543575567262053e-01) (8, 3.40575896110338227629e-01) (0, -9.34554916740256036434e-01) (1, 1.20208038901177993729e+00) (2, 3.87141823984350263999e+00) (3, 2.64736723625141501248e-01) (4, 2.12340607003046966117e-01) (5, -3.17142551328154387313e-01) (6, 1.92006702322548572504e-02) (7, -3.25569617643234832105e-01) (8, -1.92969424213381590683e-01) (0, -6.44340233177129118047e+00) (1, 3.42894352695711734924e+00) (2, 1.71353168034456149194e+00) (3, 1.86652211590123418006e+00) (4, 3.07433769089178454692e+00) (5, -2.44596573060882604977e+00) (6, 3.98340784599535424615e-02) (7, -2.85827056414180358246e+00) (8, -2.30570873843530943503e+00) (9, -6.72087828925095331911e-01) (10, 9.10070392235467373609e-01) (11, 7.88063897908583133045e+00) (12, -1.80839783822321864548e+00) 
