FANN_FLO_2.1
num_layers=3
learning_rate=0.700000
connection_rate=1.000000
network_type=0
learning_momentum=0.000000
training_algorithm=2
train_error_function=1
train_stop_function=1
cascade_output_change_fraction=0.010000
quickprop_decay=-0.000100
quickprop_mu=1.750000
rprop_increase_factor=1.200000
rprop_decrease_factor=0.500000
rprop_delta_min=0.000000
rprop_delta_max=50.000000
rprop_delta_zero=0.100000
cascade_output_stagnation_epochs=12
cascade_candidate_change_fraction=0.010000
cascade_candidate_stagnation_epochs=12
cascade_max_out_epochs=150
cascade_min_out_epochs=50
cascade_max_cand_epochs=150
cascade_min_cand_epochs=50
cascade_num_candidate_groups=2
bit_fail_limit=1.00000000000000005551e-01
cascade_candidate_limit=1.00000000000000000000e+03
cascade_weight_multiplier=4.00000000000000022204e-01
cascade_activation_functions_count=10
cascade_activation_functions=3 5 7 8 10 11 14 15 16 17 
cascade_activation_steepnesses_count=4
cascade_activation_steepnesses=2.50000000000000000000e-01 5.00000000000000000000e-01 7.50000000000000000000e-01 1.00000000000000000000e+00 
layer_sizes=9 4 2 
scale_included=0
neurons (num_inputs, activation_function, activation_steepness)=(0, 0, 0.00000000000000000000e+00) (0, 0, 0.00000000000000000000e+00) (0, 0, 0.00000000000000000000e+00) (0, 0, 0.00000000000000000000e+00) (0, 0, 0.00000000000000000000e+00) (0, 0, 0.00000000000000000000e+00) (0, 0, 0.00000000000000000000e+00) (0, 0, 0.00000000000000000000e+00) (0, 0, 0.00000000000000000000e+00) (9, 6, 5.00000000000000000000e-01) (9, 6, 5.00000000000000000000e-01) (9, 6, 5.00000000000000000000e-01) (0, 6, 0.00000000000000000000e+00) (4, 4, 5.00000000000000000000e-01) (0, 4, 0.00000000000000000000e+00) 
connections (connected_to_neuron, weight)=(0, -2.91943233138277991046e+00) (1, 2.75238811705345387537e+00) (2, 1.19125447351620117331e+00) (3, 1.61544800272180477663e+00) (4, 3.76473238763990580846e-01) (5, 2.92859298163419323746e-01) (6, 1.34386498516438712691e+00) (7, -1.72553100073689513749e+00) (8, -2.54083143910922437669e+00) (0, 1.97879356027433161991e+00) (1, -7.12946716260132618004e-01) (2, -8.52517451204014786725e-01) (3, -8.19942821487509299061e-01) (4, -5.64569980907087209943e-01) (5, -2.38201048013099769829e-01) (6, -5.50588903423214759414e-01) (7, 9.49388143648597693236e-01) (8, 1.30083037655602584692e+00) (0, -2.79515428026778467441e+00) (1, 7.85476699472270389890e-01) (2, 2.82626883900407754879e+00) (3, 2.00922753122915809243e+00) (4, 1.25336908804159841146e+00) (5, -2.03444808165132440259e-02) (6, 7.52095908482985020527e-01) (7, -6.64955793322944521684e-01) (8, -8.21416955790899461221e-01) (9, 7.35447309226171519470e+00) (10, -2.61894542907457950065e+00) (11, 1.83927934354038780107e+00) (12, -1.92505392397646679647e+00) 
