FANN_FLO_2.1
num_layers=3
learning_rate=0.700000
connection_rate=1.000000
network_type=0
learning_momentum=0.000000
training_algorithm=2
train_error_function=1
train_stop_function=1
cascade_output_change_fraction=0.010000
quickprop_decay=-0.000100
quickprop_mu=1.750000
rprop_increase_factor=1.200000
rprop_decrease_factor=0.500000
rprop_delta_min=0.000000
rprop_delta_max=50.000000
rprop_delta_zero=0.100000
cascade_output_stagnation_epochs=12
cascade_candidate_change_fraction=0.010000
cascade_candidate_stagnation_epochs=12
cascade_max_out_epochs=150
cascade_min_out_epochs=50
cascade_max_cand_epochs=150
cascade_min_cand_epochs=50
cascade_num_candidate_groups=2
bit_fail_limit=1.00000000000000005551e-01
cascade_candidate_limit=1.00000000000000000000e+03
cascade_weight_multiplier=4.00000000000000022204e-01
cascade_activation_functions_count=10
cascade_activation_functions=3 5 7 8 10 11 14 15 16 17 
cascade_activation_steepnesses_count=4
cascade_activation_steepnesses=2.50000000000000000000e-01 5.00000000000000000000e-01 7.50000000000000000000e-01 1.00000000000000000000e+00 
layer_sizes=9 4 2 
scale_included=0
neurons (num_inputs, activation_function, activation_steepness)=(0, 0, 0.00000000000000000000e+00) (0, 0, 0.00000000000000000000e+00) (0, 0, 0.00000000000000000000e+00) (0, 0, 0.00000000000000000000e+00) (0, 0, 0.00000000000000000000e+00) (0, 0, 0.00000000000000000000e+00) (0, 0, 0.00000000000000000000e+00) (0, 0, 0.00000000000000000000e+00) (0, 0, 0.00000000000000000000e+00) (9, 6, 5.00000000000000000000e-01) (9, 6, 5.00000000000000000000e-01) (9, 6, 5.00000000000000000000e-01) (0, 6, 0.00000000000000000000e+00) (4, 4, 5.00000000000000000000e-01) (0, 4, 0.00000000000000000000e+00) 
connections (connected_to_neuron, weight)=(0, -1.54679546409157775422e+00) (1, 3.53464239915905631406e+00) (2, 3.23723997935856822039e-01) (3, -2.27120120223044952290e-01) (4, -3.08808912373067068202e-01) (5, 3.52766256114540732725e+00) (6, 7.01877903997378704837e-01) (7, -5.28570898492854635009e+00) (8, -4.02163250322349730137e-01) (0, -1.30593727820424088115e+00) (1, 3.81021207636295011767e+00) (2, 9.27244929866290257259e-01) (3, 1.32928944830418060974e-01) (4, -4.35659730003522760455e-01) (5, 3.78466523131428411730e+00) (6, 1.08303690085836090695e+00) (7, -5.80239027739648438597e+00) (8, -1.37691086077002533550e+00) (0, 5.13471476589027897575e+00) (1, -6.73092573920195125226e+00) (2, -1.05560308686596160399e-01) (3, -9.92938101726681399128e-02) (4, 3.20163652969019940642e-01) (5, -6.79285171294515155438e+00) (6, -2.28840390600519949516e+00) (7, 3.39263163079197571648e+00) (8, 3.70736107000307058001e+00) (9, 2.21983008788525593147e+00) (10, 4.57974046327328565553e+00) (11, -2.59317067309227633487e+00) (12, -1.08633865593334388855e+00) 
