FANN_FLO_2.1
num_layers=3
learning_rate=0.700000
connection_rate=1.000000
network_type=0
learning_momentum=0.000000
training_algorithm=2
train_error_function=1
train_stop_function=1
cascade_output_change_fraction=0.010000
quickprop_decay=-0.000100
quickprop_mu=1.750000
rprop_increase_factor=1.200000
rprop_decrease_factor=0.500000
rprop_delta_min=0.000000
rprop_delta_max=50.000000
rprop_delta_zero=0.100000
cascade_output_stagnation_epochs=12
cascade_candidate_change_fraction=0.010000
cascade_candidate_stagnation_epochs=12
cascade_max_out_epochs=150
cascade_min_out_epochs=50
cascade_max_cand_epochs=150
cascade_min_cand_epochs=50
cascade_num_candidate_groups=2
bit_fail_limit=1.00000000000000005551e-01
cascade_candidate_limit=1.00000000000000000000e+03
cascade_weight_multiplier=4.00000000000000022204e-01
cascade_activation_functions_count=10
cascade_activation_functions=3 5 7 8 10 11 14 15 16 17 
cascade_activation_steepnesses_count=4
cascade_activation_steepnesses=2.50000000000000000000e-01 5.00000000000000000000e-01 7.50000000000000000000e-01 1.00000000000000000000e+00 
layer_sizes=13 4 2 
scale_included=0
neurons (num_inputs, activation_function, activation_steepness)=(0, 0, 0.00000000000000000000e+00) (0, 0, 0.00000000000000000000e+00) (0, 0, 0.00000000000000000000e+00) (0, 0, 0.00000000000000000000e+00) (0, 0, 0.00000000000000000000e+00) (0, 0, 0.00000000000000000000e+00) (0, 0, 0.00000000000000000000e+00) (0, 0, 0.00000000000000000000e+00) (0, 0, 0.00000000000000000000e+00) (0, 0, 0.00000000000000000000e+00) (0, 0, 0.00000000000000000000e+00) (0, 0, 0.00000000000000000000e+00) (0, 0, 0.00000000000000000000e+00) (13, 6, 5.00000000000000000000e-01) (13, 6, 5.00000000000000000000e-01) (13, 6, 5.00000000000000000000e-01) (0, 6, 0.00000000000000000000e+00) (4, 4, 5.00000000000000000000e-01) (0, 4, 0.00000000000000000000e+00) 
connections (connected_to_neuron, weight)=(0, 4.69012033475560841111e+00) (1, -1.03894050009998428763e+00) (2, 3.33466899813953943088e-01) (3, -7.13094718976227531781e-02) (4, -1.04236771106029979528e+00) (5, -4.48339434543666204291e-01) (6, -9.73196732712074075167e-01) (7, -1.00574680658433557312e+00) (8, 2.09249374017419775829e-01) (9, -8.81740610200332897151e-01) (10, -4.91294721650529092605e-02) (11, 6.18914739824758863840e-01) (12, 2.83858706937221205724e-01) (0, -8.19970442107407571086e+00) (1, 1.47379830989410831599e+00) (2, -1.80259083134604513807e-03) (3, 9.83263530069551472401e-01) (4, 1.81694071682685565072e+00) (5, 1.80670868416528107581e+00) (6, 1.94515019455688809025e+00) (7, 1.42435068123808683538e+00) (8, 2.54710820767134205056e+00) (9, 2.96627308516792620452e+00) (10, 1.14684980109095646661e+00) (11, -5.97316617543587780048e-01) (12, -6.93029140148806455102e-01) (0, 8.12989988028210319726e+00) (1, -1.43162285533867628118e+00) (2, 4.14058572222399390306e-01) (3, -3.23680376042581541274e-01) (4, -2.55243878429581050327e+00) (5, -5.46006542215175527666e-01) (6, -1.24554347177940649694e+00) (7, -1.66882043330955598393e+00) (8, 2.05267568387547505449e-01) (9, -2.96651934464570210537e+00) (10, -2.04866071291251339304e-01) (11, 2.18969040776541179483e+00) (12, 6.15220296919703146798e-01) (13, -5.70446528994573469618e+01) (14, 9.91402582442133883944e+00) (15, -5.27467830069119170133e+00) (16, -1.88201139911231907220e+00) 
