FANN_FLO_2.1
num_layers=3
learning_rate=0.700000
connection_rate=1.000000
network_type=0
learning_momentum=0.000000
training_algorithm=2
train_error_function=1
train_stop_function=1
cascade_output_change_fraction=0.010000
quickprop_decay=-0.000100
quickprop_mu=1.750000
rprop_increase_factor=1.200000
rprop_decrease_factor=0.500000
rprop_delta_min=0.000000
rprop_delta_max=50.000000
rprop_delta_zero=0.100000
cascade_output_stagnation_epochs=12
cascade_candidate_change_fraction=0.010000
cascade_candidate_stagnation_epochs=12
cascade_max_out_epochs=150
cascade_min_out_epochs=50
cascade_max_cand_epochs=150
cascade_min_cand_epochs=50
cascade_num_candidate_groups=2
bit_fail_limit=1.00000000000000005551e-01
cascade_candidate_limit=1.00000000000000000000e+03
cascade_weight_multiplier=4.00000000000000022204e-01
cascade_activation_functions_count=10
cascade_activation_functions=3 5 7 8 10 11 14 15 16 17 
cascade_activation_steepnesses_count=4
cascade_activation_steepnesses=2.50000000000000000000e-01 5.00000000000000000000e-01 7.50000000000000000000e-01 1.00000000000000000000e+00 
layer_sizes=9 4 2 
scale_included=0
neurons (num_inputs, activation_function, activation_steepness)=(0, 0, 0.00000000000000000000e+00) (0, 0, 0.00000000000000000000e+00) (0, 0, 0.00000000000000000000e+00) (0, 0, 0.00000000000000000000e+00) (0, 0, 0.00000000000000000000e+00) (0, 0, 0.00000000000000000000e+00) (0, 0, 0.00000000000000000000e+00) (0, 0, 0.00000000000000000000e+00) (0, 0, 0.00000000000000000000e+00) (9, 6, 5.00000000000000000000e-01) (9, 6, 5.00000000000000000000e-01) (9, 6, 5.00000000000000000000e-01) (0, 6, 0.00000000000000000000e+00) (4, 4, 5.00000000000000000000e-01) (0, 4, 0.00000000000000000000e+00) 
connections (connected_to_neuron, weight)=(0, 1.06240533775184022858e+01) (1, -1.00687110734278633117e+01) (2, -1.15725393694701722547e-01) (3, -6.12574840677765131147e+00) (4, -4.40046504873455912588e+00) (5, 8.61912230542815649414e+00) (6, -9.85916371203564168013e+00) (7, -6.31067811416164570204e+00) (8, 1.07615800014231073334e+01) (0, 1.51899901079350807542e+00) (1, -1.08106748535134955524e+00) (2, 1.56444690355800025694e-01) (3, -9.44332051270723726866e-01) (4, -1.11614294741152320078e+00) (5, 8.06321023138389381124e-01) (6, -9.02770060851740829833e-01) (7, -3.45744625575318209609e-01) (8, 8.41925176048690659947e-01) (0, -6.45990053219557047726e-01) (1, 1.35201830550140034148e+00) (2, 2.11309597112112224071e-01) (3, 1.04509809341396553428e+00) (4, 9.43968115860809420248e-01) (5, -2.88248801348716277015e-01) (6, 5.58276152400642322604e-01) (7, 1.00497280102127772849e+00) (8, -3.14624984656890205326e-01) (9, -2.36284079157225734846e+00) (10, -3.84715030647423077426e+01) (11, 1.02250688843316250853e+00) (12, -2.13186586344120065917e+00) 
