FANN_FLO_2.1
num_layers=3
learning_rate=0.700000
connection_rate=1.000000
network_type=0
learning_momentum=0.000000
training_algorithm=2
train_error_function=1
train_stop_function=1
cascade_output_change_fraction=0.010000
quickprop_decay=-0.000100
quickprop_mu=1.750000
rprop_increase_factor=1.200000
rprop_decrease_factor=0.500000
rprop_delta_min=0.000000
rprop_delta_max=50.000000
rprop_delta_zero=0.100000
cascade_output_stagnation_epochs=12
cascade_candidate_change_fraction=0.010000
cascade_candidate_stagnation_epochs=12
cascade_max_out_epochs=150
cascade_min_out_epochs=50
cascade_max_cand_epochs=150
cascade_min_cand_epochs=50
cascade_num_candidate_groups=2
bit_fail_limit=1.00000000000000005551e-01
cascade_candidate_limit=1.00000000000000000000e+03
cascade_weight_multiplier=4.00000000000000022204e-01
cascade_activation_functions_count=10
cascade_activation_functions=3 5 7 8 10 11 14 15 16 17 
cascade_activation_steepnesses_count=4
cascade_activation_steepnesses=2.50000000000000000000e-01 5.00000000000000000000e-01 7.50000000000000000000e-01 1.00000000000000000000e+00 
layer_sizes=7 4 2 
scale_included=0
neurons (num_inputs, activation_function, activation_steepness)=(0, 0, 0.00000000000000000000e+00) (0, 0, 0.00000000000000000000e+00) (0, 0, 0.00000000000000000000e+00) (0, 0, 0.00000000000000000000e+00) (0, 0, 0.00000000000000000000e+00) (0, 0, 0.00000000000000000000e+00) (0, 0, 0.00000000000000000000e+00) (7, 6, 5.00000000000000000000e-01) (7, 6, 5.00000000000000000000e-01) (7, 6, 5.00000000000000000000e-01) (0, 6, 0.00000000000000000000e+00) (4, 4, 5.00000000000000000000e-01) (0, 4, 0.00000000000000000000e+00) 
connections (connected_to_neuron, weight)=(0, 1.94500799321589989965e+00) (1, 2.63091105892559684598e-01) (2, -1.47092683558538356303e-01) (3, 2.19682149989049690930e+00) (4, -1.60410268633345487466e+00) (5, 4.30887577908360408507e-01) (6, -8.88206578312189409807e-01) (0, 1.85345054262338249096e+00) (1, 3.95766738726994249387e-01) (2, -4.69408578623086089610e-02) (3, 2.14350527924936029578e+00) (4, -1.43823737679699781289e+00) (5, 4.62973287182175563537e-01) (6, -8.68994779405863115862e-01) (0, 6.75548126556038663892e+00) (1, 9.07160985925064111690e-01) (2, 2.23601441107703635680e+00) (3, 6.18016378540390043383e+00) (4, -5.46847337963602342370e+00) (5, 9.10465502977120810790e-01) (6, -3.78795631570038038305e+00) (7, 6.54023189219416067886e+00) (8, 3.80710398990776255346e+00) (9, 1.41918775678475306279e+01) (10, -1.09361734036860158703e+00) 
