FANN_FLO_2.1
num_layers=3
learning_rate=0.700000
connection_rate=1.000000
network_type=0
learning_momentum=0.000000
training_algorithm=2
train_error_function=1
train_stop_function=1
cascade_output_change_fraction=0.010000
quickprop_decay=-0.000100
quickprop_mu=1.750000
rprop_increase_factor=1.200000
rprop_decrease_factor=0.500000
rprop_delta_min=0.000000
rprop_delta_max=50.000000
rprop_delta_zero=0.100000
cascade_output_stagnation_epochs=12
cascade_candidate_change_fraction=0.010000
cascade_candidate_stagnation_epochs=12
cascade_max_out_epochs=150
cascade_min_out_epochs=50
cascade_max_cand_epochs=150
cascade_min_cand_epochs=50
cascade_num_candidate_groups=2
bit_fail_limit=1.00000000000000005551e-01
cascade_candidate_limit=1.00000000000000000000e+03
cascade_weight_multiplier=4.00000000000000022204e-01
cascade_activation_functions_count=10
cascade_activation_functions=3 5 7 8 10 11 14 15 16 17 
cascade_activation_steepnesses_count=4
cascade_activation_steepnesses=2.50000000000000000000e-01 5.00000000000000000000e-01 7.50000000000000000000e-01 1.00000000000000000000e+00 
layer_sizes=12 4 2 
scale_included=0
neurons (num_inputs, activation_function, activation_steepness)=(0, 0, 0.00000000000000000000e+00) (0, 0, 0.00000000000000000000e+00) (0, 0, 0.00000000000000000000e+00) (0, 0, 0.00000000000000000000e+00) (0, 0, 0.00000000000000000000e+00) (0, 0, 0.00000000000000000000e+00) (0, 0, 0.00000000000000000000e+00) (0, 0, 0.00000000000000000000e+00) (0, 0, 0.00000000000000000000e+00) (0, 0, 0.00000000000000000000e+00) (0, 0, 0.00000000000000000000e+00) (0, 0, 0.00000000000000000000e+00) (12, 6, 5.00000000000000000000e-01) (12, 6, 5.00000000000000000000e-01) (12, 6, 5.00000000000000000000e-01) (0, 6, 0.00000000000000000000e+00) (4, 4, 5.00000000000000000000e-01) (0, 4, 0.00000000000000000000e+00) 
connections (connected_to_neuron, weight)=(0, -1.04351245681388071773e+01) (1, 2.45541539337996583825e+00) (2, 8.86717835104141016700e+00) (3, -1.89162992547372565966e+00) (4, 1.50000000000000000000e+03) (5, -5.60488166243800822741e+00) (6, -4.75388488405783249391e+00) (7, -9.61559702642817448748e+00) (8, 1.50000000000000000000e+03) (9, 1.33067316639089794350e+00) (10, 4.13279138083010799676e+00) (11, -3.64095963663063904026e-01) (0, 1.07670699741755662160e+01) (1, 1.43039999480247479369e+03) (2, 1.34079999079704271026e+03) (3, 1.47359999995231646608e+03) (4, -2.72555967808892773974e+01) (5, 1.17777805626105158687e+00) (6, 4.62232414592837859146e+00) (7, 1.12092855983098926842e+00) (8, -2.73647143856813954699e+01) (9, 4.27667318215690261951e+00) (10, -2.71141059183934736154e+01) (11, 2.72719944199395536444e+00) (0, 1.10810740700400067738e+00) (1, -1.20850600692080547560e+01) (2, 6.49662154609237063596e+01) (3, -7.32084920661023819122e-01) (4, -2.73444824756314801562e+01) (5, 9.70427725859328904612e-01) (6, 4.37741553506454650346e+00) (7, 7.35138643170315964070e-01) (8, -2.73530520440270947802e+01) (9, 1.07950997502145824569e+01) (10, 3.93584703371050181886e+01) (11, -3.44505003788953985122e+01) (12, 3.89184251694684490985e+00) (13, -2.83728491601234589226e+00) (14, -3.62816122152278497381e+00) (15, -1.20156093508186234686e+00) 
