FANN_FLO_2.1
num_layers=3
learning_rate=0.700000
connection_rate=1.000000
network_type=0
learning_momentum=0.000000
training_algorithm=2
train_error_function=1
train_stop_function=1
cascade_output_change_fraction=0.010000
quickprop_decay=-0.000100
quickprop_mu=1.750000
rprop_increase_factor=1.200000
rprop_decrease_factor=0.500000
rprop_delta_min=0.000000
rprop_delta_max=50.000000
rprop_delta_zero=0.100000
cascade_output_stagnation_epochs=12
cascade_candidate_change_fraction=0.010000
cascade_candidate_stagnation_epochs=12
cascade_max_out_epochs=150
cascade_min_out_epochs=50
cascade_max_cand_epochs=150
cascade_min_cand_epochs=50
cascade_num_candidate_groups=2
bit_fail_limit=1.00000000000000005551e-01
cascade_candidate_limit=1.00000000000000000000e+03
cascade_weight_multiplier=4.00000000000000022204e-01
cascade_activation_functions_count=10
cascade_activation_functions=3 5 7 8 10 11 14 15 16 17 
cascade_activation_steepnesses_count=4
cascade_activation_steepnesses=2.50000000000000000000e-01 5.00000000000000000000e-01 7.50000000000000000000e-01 1.00000000000000000000e+00 
layer_sizes=11 4 2 
scale_included=0
neurons (num_inputs, activation_function, activation_steepness)=(0, 0, 0.00000000000000000000e+00) (0, 0, 0.00000000000000000000e+00) (0, 0, 0.00000000000000000000e+00) (0, 0, 0.00000000000000000000e+00) (0, 0, 0.00000000000000000000e+00) (0, 0, 0.00000000000000000000e+00) (0, 0, 0.00000000000000000000e+00) (0, 0, 0.00000000000000000000e+00) (0, 0, 0.00000000000000000000e+00) (0, 0, 0.00000000000000000000e+00) (0, 0, 0.00000000000000000000e+00) (11, 6, 5.00000000000000000000e-01) (11, 6, 5.00000000000000000000e-01) (11, 6, 5.00000000000000000000e-01) (0, 6, 0.00000000000000000000e+00) (4, 4, 5.00000000000000000000e-01) (0, 4, 0.00000000000000000000e+00) 
connections (connected_to_neuron, weight)=(0, -2.90360399875912689183e+00) (1, 1.25590198176174716593e+00) (2, 7.44407107653934502212e-02) (3, 2.09300855012229591878e+00) (4, 1.89678984805021233484e+00) (5, -4.05308400508213040325e-02) (6, 1.33882721947699145915e+00) (7, 1.27989246928524491587e+00) (8, 2.38050019235735632606e+00) (9, 2.06730826868686623499e+00) (10, -2.92918532769151362949e-01) (0, -6.11961948160510083028e+00) (1, 4.32459414322176893819e+00) (2, 1.58764912288966208997e+00) (3, 3.57792830947038309475e+00) (4, 4.68795139145619099708e+00) (5, -2.10705120687113378608e+00) (6, 4.32288418420790154784e+00) (7, 4.06271486775304513372e+00) (8, 4.72768133070345708546e+00) (9, 4.52662970226284588904e+00) (10, -4.70059180977220236741e+00) (0, 1.58625516219004136786e+00) (1, -5.02196062149787181284e-01) (2, 5.11699411821670890888e-01) (3, -1.11922673957771223741e+00) (4, -1.12274201201216428103e+00) (5, 4.29208770542259643310e-01) (6, -4.25557832958483872599e-01) (7, -5.15067634736724899724e-01) (8, -8.32671765733622448735e-01) (9, -1.09935386465803808242e+00) (10, 4.70232758865130606729e-01) (11, 7.97798078130789067863e-01) (12, 8.68927129653592444924e+00) (13, -3.95579337128995334183e+00) (14, -9.67130157170988047355e-01) 
