FANN_FLO_2.1
num_layers=3
learning_rate=0.700000
connection_rate=1.000000
network_type=0
learning_momentum=0.000000
training_algorithm=2
train_error_function=1
train_stop_function=1
cascade_output_change_fraction=0.010000
quickprop_decay=-0.000100
quickprop_mu=1.750000
rprop_increase_factor=1.200000
rprop_decrease_factor=0.500000
rprop_delta_min=0.000000
rprop_delta_max=50.000000
rprop_delta_zero=0.100000
cascade_output_stagnation_epochs=12
cascade_candidate_change_fraction=0.010000
cascade_candidate_stagnation_epochs=12
cascade_max_out_epochs=150
cascade_min_out_epochs=50
cascade_max_cand_epochs=150
cascade_min_cand_epochs=50
cascade_num_candidate_groups=2
bit_fail_limit=1.00000000000000005551e-01
cascade_candidate_limit=1.00000000000000000000e+03
cascade_weight_multiplier=4.00000000000000022204e-01
cascade_activation_functions_count=10
cascade_activation_functions=3 5 7 8 10 11 14 15 16 17 
cascade_activation_steepnesses_count=4
cascade_activation_steepnesses=2.50000000000000000000e-01 5.00000000000000000000e-01 7.50000000000000000000e-01 1.00000000000000000000e+00 
layer_sizes=9 4 2 
scale_included=0
neurons (num_inputs, activation_function, activation_steepness)=(0, 0, 0.00000000000000000000e+00) (0, 0, 0.00000000000000000000e+00) (0, 0, 0.00000000000000000000e+00) (0, 0, 0.00000000000000000000e+00) (0, 0, 0.00000000000000000000e+00) (0, 0, 0.00000000000000000000e+00) (0, 0, 0.00000000000000000000e+00) (0, 0, 0.00000000000000000000e+00) (0, 0, 0.00000000000000000000e+00) (9, 6, 5.00000000000000000000e-01) (9, 6, 5.00000000000000000000e-01) (9, 6, 5.00000000000000000000e-01) (0, 6, 0.00000000000000000000e+00) (4, 4, 5.00000000000000000000e-01) (0, 4, 0.00000000000000000000e+00) 
connections (connected_to_neuron, weight)=(0, -1.24609519013834058043e+00) (1, 1.22113988019287633691e+00) (2, 1.47599267001878226013e-01) (3, 1.88842104325254611652e-01) (4, 1.10483248668691147465e+00) (5, 6.31918671219894867441e-01) (6, 5.14544298971623015326e-01) (7, 2.76430818271237255246e+00) (8, -1.00915790081556355773e+00) (0, -1.11663844654035671056e+00) (1, 1.17279715306818532738e+00) (2, 8.19288512427915893710e-02) (3, 2.56186676720340844593e-01) (4, 1.27296979117175523832e+00) (5, 5.99644395201752167246e-01) (6, 4.86495388771026993080e-01) (7, 2.80445945095616222531e+00) (8, -9.32580595021801572742e-01) (0, -2.48989129348211324366e-01) (1, 4.83342021593506199206e-01) (2, 1.81075199674413045425e-01) (3, 3.60983965763788827719e-01) (4, 1.19867852740060909511e+00) (5, 3.55627053121145897396e-01) (6, 3.31852705673217063254e-01) (7, 1.13271912590843371049e+00) (8, -8.81318141608716021373e-01) (9, 4.18479416415560567799e+00) (10, 3.46136323134568302251e+00) (11, 1.90672762773930202229e+02) (12, -2.36235287754891798429e+00) 
