FANN_FLO_2.1
num_layers=3
learning_rate=0.700000
connection_rate=1.000000
network_type=0
learning_momentum=0.000000
training_algorithm=2
train_error_function=1
train_stop_function=1
cascade_output_change_fraction=0.010000
quickprop_decay=-0.000100
quickprop_mu=1.750000
rprop_increase_factor=1.200000
rprop_decrease_factor=0.500000
rprop_delta_min=0.000000
rprop_delta_max=50.000000
rprop_delta_zero=0.100000
cascade_output_stagnation_epochs=12
cascade_candidate_change_fraction=0.010000
cascade_candidate_stagnation_epochs=12
cascade_max_out_epochs=150
cascade_min_out_epochs=50
cascade_max_cand_epochs=150
cascade_min_cand_epochs=50
cascade_num_candidate_groups=2
bit_fail_limit=1.00000000000000005551e-01
cascade_candidate_limit=1.00000000000000000000e+03
cascade_weight_multiplier=4.00000000000000022204e-01
cascade_activation_functions_count=10
cascade_activation_functions=3 5 7 8 10 11 14 15 16 17 
cascade_activation_steepnesses_count=4
cascade_activation_steepnesses=2.50000000000000000000e-01 5.00000000000000000000e-01 7.50000000000000000000e-01 1.00000000000000000000e+00 
layer_sizes=9 4 2 
scale_included=0
neurons (num_inputs, activation_function, activation_steepness)=(0, 0, 0.00000000000000000000e+00) (0, 0, 0.00000000000000000000e+00) (0, 0, 0.00000000000000000000e+00) (0, 0, 0.00000000000000000000e+00) (0, 0, 0.00000000000000000000e+00) (0, 0, 0.00000000000000000000e+00) (0, 0, 0.00000000000000000000e+00) (0, 0, 0.00000000000000000000e+00) (0, 0, 0.00000000000000000000e+00) (9, 6, 5.00000000000000000000e-01) (9, 6, 5.00000000000000000000e-01) (9, 6, 5.00000000000000000000e-01) (0, 6, 0.00000000000000000000e+00) (4, 4, 5.00000000000000000000e-01) (0, 4, 0.00000000000000000000e+00) 
connections (connected_to_neuron, weight)=(0, -3.70516160573117270260e+00) (1, 1.72249746424379734933e+00) (2, 3.40722849960977969275e+00) (3, -1.32160829563649662166e-01) (4, -1.34688911715519243906e+00) (5, -1.15086641967234037942e+00) (6, 2.85470425344489575625e-01) (7, -2.22543563125545507120e+00) (8, -1.18702168704691546353e+00) (0, 1.09173991703285668819e+01) (1, -9.78477821674156089671e+00) (2, -5.22200003950064228775e+00) (3, -4.69839676633654601545e+00) (4, -4.82759989622767060613e-01) (5, -1.66075709418732997413e+00) (6, -4.81466528047429775938e+00) (7, 2.72261275193559493246e+00) (8, 1.03888144809765314847e+01) (0, -6.35739513974286651887e+00) (1, 1.89702972856583951256e+00) (2, 3.58952962588126522903e+00) (3, -2.84021194747282289261e-03) (4, -1.19716366896402637288e+00) (5, -8.89890857785314404182e-01) (6, 5.31463037289165107779e-01) (7, -1.36558856228400049559e+00) (8, -1.76803363096598387116e+00) (9, 3.29673422761087620003e+00) (10, -2.94815695880252626182e+00) (11, 1.94923604983548037772e+00) (12, -1.65068293575046176613e+00) 
