FANN_FLO_2.1
num_layers=3
learning_rate=0.700000
connection_rate=1.000000
network_type=0
learning_momentum=0.000000
training_algorithm=2
train_error_function=1
train_stop_function=1
cascade_output_change_fraction=0.010000
quickprop_decay=-0.000100
quickprop_mu=1.750000
rprop_increase_factor=1.200000
rprop_decrease_factor=0.500000
rprop_delta_min=0.000000
rprop_delta_max=50.000000
rprop_delta_zero=0.100000
cascade_output_stagnation_epochs=12
cascade_candidate_change_fraction=0.010000
cascade_candidate_stagnation_epochs=12
cascade_max_out_epochs=150
cascade_min_out_epochs=50
cascade_max_cand_epochs=150
cascade_min_cand_epochs=50
cascade_num_candidate_groups=2
bit_fail_limit=1.00000000000000005551e-01
cascade_candidate_limit=1.00000000000000000000e+03
cascade_weight_multiplier=4.00000000000000022204e-01
cascade_activation_functions_count=10
cascade_activation_functions=3 5 7 8 10 11 14 15 16 17 
cascade_activation_steepnesses_count=4
cascade_activation_steepnesses=2.50000000000000000000e-01 5.00000000000000000000e-01 7.50000000000000000000e-01 1.00000000000000000000e+00 
layer_sizes=7 4 2 
scale_included=0
neurons (num_inputs, activation_function, activation_steepness)=(0, 0, 0.00000000000000000000e+00) (0, 0, 0.00000000000000000000e+00) (0, 0, 0.00000000000000000000e+00) (0, 0, 0.00000000000000000000e+00) (0, 0, 0.00000000000000000000e+00) (0, 0, 0.00000000000000000000e+00) (0, 0, 0.00000000000000000000e+00) (7, 6, 5.00000000000000000000e-01) (7, 6, 5.00000000000000000000e-01) (7, 6, 5.00000000000000000000e-01) (0, 6, 0.00000000000000000000e+00) (4, 4, 5.00000000000000000000e-01) (0, 4, 0.00000000000000000000e+00) 
connections (connected_to_neuron, weight)=(0, 2.04233414026947590614e+00) (1, -7.07490813485985192699e+00) (2, -7.11183500788813027782e+00) (3, -7.14411977804904374523e+00) (4, -7.10152337453966531200e+00) (5, -7.06537954263096246166e+00) (6, 1.70146839285583761914e+00) (0, -8.45789770306642041398e-01) (1, 2.80875776896936724114e+00) (2, 2.70618312249643633294e+00) (3, 2.85003280083401033806e+00) (4, 2.73668253983123133111e+00) (5, 2.77806373129350969720e+00) (6, -2.19712207010832771825e-01) (0, -5.01785016478593304257e-01) (1, 2.93105348746044480635e+00) (2, 3.01769057462675416303e+00) (3, 3.00320908973677003218e+00) (4, 3.01462086091501557661e+00) (5, 3.00763268570167863203e+00) (6, -4.61787037636333774770e-01) (7, -3.19117679592831038349e+00) (8, 1.20645589973559963504e+00) (9, 2.86360357145531008172e+00) (10, -3.67728856053992969599e-01) 
