FANN_FLO_2.1
num_layers=3
learning_rate=0.700000
connection_rate=1.000000
network_type=0
learning_momentum=0.000000
training_algorithm=2
train_error_function=1
train_stop_function=1
cascade_output_change_fraction=0.010000
quickprop_decay=-0.000100
quickprop_mu=1.750000
rprop_increase_factor=1.200000
rprop_decrease_factor=0.500000
rprop_delta_min=0.000000
rprop_delta_max=50.000000
rprop_delta_zero=0.100000
cascade_output_stagnation_epochs=12
cascade_candidate_change_fraction=0.010000
cascade_candidate_stagnation_epochs=12
cascade_max_out_epochs=150
cascade_min_out_epochs=50
cascade_max_cand_epochs=150
cascade_min_cand_epochs=50
cascade_num_candidate_groups=2
bit_fail_limit=1.00000000000000005551e-01
cascade_candidate_limit=1.00000000000000000000e+03
cascade_weight_multiplier=4.00000000000000022204e-01
cascade_activation_functions_count=10
cascade_activation_functions=3 5 7 8 10 11 14 15 16 17 
cascade_activation_steepnesses_count=4
cascade_activation_steepnesses=2.50000000000000000000e-01 5.00000000000000000000e-01 7.50000000000000000000e-01 1.00000000000000000000e+00 
layer_sizes=14 4 2 
scale_included=0
neurons (num_inputs, activation_function, activation_steepness)=(0, 0, 0.00000000000000000000e+00) (0, 0, 0.00000000000000000000e+00) (0, 0, 0.00000000000000000000e+00) (0, 0, 0.00000000000000000000e+00) (0, 0, 0.00000000000000000000e+00) (0, 0, 0.00000000000000000000e+00) (0, 0, 0.00000000000000000000e+00) (0, 0, 0.00000000000000000000e+00) (0, 0, 0.00000000000000000000e+00) (0, 0, 0.00000000000000000000e+00) (0, 0, 0.00000000000000000000e+00) (0, 0, 0.00000000000000000000e+00) (0, 0, 0.00000000000000000000e+00) (0, 0, 0.00000000000000000000e+00) (14, 6, 5.00000000000000000000e-01) (14, 6, 5.00000000000000000000e-01) (14, 6, 5.00000000000000000000e-01) (0, 6, 0.00000000000000000000e+00) (4, 4, 5.00000000000000000000e-01) (0, 4, 0.00000000000000000000e+00) 
connections (connected_to_neuron, weight)=(0, -4.52006833265125518295e+00) (1, 3.23945502793000228436e+00) (2, -2.02725327015844847267e+00) (3, 1.91040919921797835990e-01) (4, 3.99113285503132964038e+00) (5, -4.79344640780961672721e-01) (6, 3.28373225050141037684e+00) (7, 3.37791367264558495265e+00) (8, 3.93159001276190922525e+00) (9, 1.51421788429157766487e+00) (10, 2.04253170697660602073e+00) (11, 1.63134560563303310232e+00) (12, -4.05133412145156235340e+00) (13, -2.29814858807978561472e+00) (0, -1.76180465372093669751e-01) (1, -5.08204930002256610733e-02) (2, 4.73951922679750406453e-02) (3, -5.50360662441873593753e-02) (4, 2.24331457242285731146e-01) (5, -2.92557364601667528603e-02) (6, 6.84077943364877344434e-02) (7, 2.47913728157777256411e-02) (8, 2.41609435015566337279e-01) (9, -7.27107607769193614589e-02) (10, 2.95386784977010041775e-01) (11, 3.11658360580793880601e-01) (12, -6.41568130482014220561e-01) (13, -2.63922023791989923680e-01) (0, -3.37787967500497776641e+00) (1, 1.64836275818381206015e+00) (2, -1.71124704216553680247e+00) (3, 7.38882068232620037307e-01) (4, 2.23278405714840566532e+00) (5, -2.28311297440452060092e-01) (6, 1.80388564645446325407e+00) (7, 1.34973418862203464741e+00) (8, 2.08698030007643398065e+00) (9, 7.16150574080085533524e-01) (10, 9.11990170491724372326e-01) (11, 9.55063071858027301531e-01) (12, -1.06044659654982487140e+00) (13, -5.87754109995338724914e-01) (14, 1.87419028954961000011e+01) (15, 1.25733081677964542155e-01) (16, 2.87021177818783046476e+00) (17, -8.53805599708163609485e-01) 
