FANN_FLO_2.1
num_layers=3
learning_rate=0.700000
connection_rate=1.000000
network_type=0
learning_momentum=0.000000
training_algorithm=2
train_error_function=1
train_stop_function=1
cascade_output_change_fraction=0.010000
quickprop_decay=-0.000100
quickprop_mu=1.750000
rprop_increase_factor=1.200000
rprop_decrease_factor=0.500000
rprop_delta_min=0.000000
rprop_delta_max=50.000000
rprop_delta_zero=0.100000
cascade_output_stagnation_epochs=12
cascade_candidate_change_fraction=0.010000
cascade_candidate_stagnation_epochs=12
cascade_max_out_epochs=150
cascade_min_out_epochs=50
cascade_max_cand_epochs=150
cascade_min_cand_epochs=50
cascade_num_candidate_groups=2
bit_fail_limit=1.00000000000000005551e-01
cascade_candidate_limit=1.00000000000000000000e+03
cascade_weight_multiplier=4.00000000000000022204e-01
cascade_activation_functions_count=10
cascade_activation_functions=3 5 7 8 10 11 14 15 16 17 
cascade_activation_steepnesses_count=4
cascade_activation_steepnesses=2.50000000000000000000e-01 5.00000000000000000000e-01 7.50000000000000000000e-01 1.00000000000000000000e+00 
layer_sizes=11 4 2 
scale_included=0
neurons (num_inputs, activation_function, activation_steepness)=(0, 0, 0.00000000000000000000e+00) (0, 0, 0.00000000000000000000e+00) (0, 0, 0.00000000000000000000e+00) (0, 0, 0.00000000000000000000e+00) (0, 0, 0.00000000000000000000e+00) (0, 0, 0.00000000000000000000e+00) (0, 0, 0.00000000000000000000e+00) (0, 0, 0.00000000000000000000e+00) (0, 0, 0.00000000000000000000e+00) (0, 0, 0.00000000000000000000e+00) (0, 0, 0.00000000000000000000e+00) (11, 6, 5.00000000000000000000e-01) (11, 6, 5.00000000000000000000e-01) (11, 6, 5.00000000000000000000e-01) (0, 6, 0.00000000000000000000e+00) (4, 4, 5.00000000000000000000e-01) (0, 4, 0.00000000000000000000e+00) 
connections (connected_to_neuron, weight)=(0, 1.09076491509615874920e-01) (1, 6.49105097565220279243e-01) (2, -7.53920472217670945003e-02) (3, 1.49280520511985675958e-01) (4, 1.14043816859438845723e-01) (5, 9.50038754217293446303e-01) (6, 7.42752608921464330116e-01) (7, 1.34247007568745635453e-01) (8, 9.46652263743769872839e-01) (9, 4.42662937224388541857e-01) (10, -4.09320155364864657344e-01) (0, 1.48306717938460591588e-01) (1, 9.48627879083557945528e-01) (2, 6.20837066519067740100e-02) (3, 5.96202907313889363117e-01) (4, 5.46280978985809406723e-01) (5, 1.47526150064876393486e+00) (6, 5.71678090370591140967e-01) (7, 5.09426816453787512096e-01) (8, 1.36163840066072316937e+00) (9, 1.49288782739360836871e+00) (10, -1.41574147239096936879e+00) (0, 1.76882236217200228268e-01) (1, 5.75218486931155847941e-01) (2, 3.78093316236891990867e-02) (3, -2.02626941603967797301e-01) (4, 1.80912911709256607473e-01) (5, 8.91988427214291057510e-01) (6, 9.44481721480492475429e-01) (7, 1.32391962011723540726e-01) (8, 9.78839369656136715214e-01) (9, 5.07059527222044392758e-01) (10, -4.94150763804640680288e-01) (11, 1.58426848163926980995e+00) (12, 3.79685299535375918367e+02) (13, 1.31605349604264820762e+00) (14, -1.16357285999046555780e+00) 
