FANN_FLO_2.1
num_layers=3
learning_rate=0.700000
connection_rate=1.000000
network_type=0
learning_momentum=0.000000
training_algorithm=2
train_error_function=1
train_stop_function=1
cascade_output_change_fraction=0.010000
quickprop_decay=-0.000100
quickprop_mu=1.750000
rprop_increase_factor=1.200000
rprop_decrease_factor=0.500000
rprop_delta_min=0.000000
rprop_delta_max=50.000000
rprop_delta_zero=0.100000
cascade_output_stagnation_epochs=12
cascade_candidate_change_fraction=0.010000
cascade_candidate_stagnation_epochs=12
cascade_max_out_epochs=150
cascade_min_out_epochs=50
cascade_max_cand_epochs=150
cascade_min_cand_epochs=50
cascade_num_candidate_groups=2
bit_fail_limit=1.00000000000000005551e-01
cascade_candidate_limit=1.00000000000000000000e+03
cascade_weight_multiplier=4.00000000000000022204e-01
cascade_activation_functions_count=10
cascade_activation_functions=3 5 7 8 10 11 14 15 16 17 
cascade_activation_steepnesses_count=4
cascade_activation_steepnesses=2.50000000000000000000e-01 5.00000000000000000000e-01 7.50000000000000000000e-01 1.00000000000000000000e+00 
layer_sizes=14 4 2 
scale_included=0
neurons (num_inputs, activation_function, activation_steepness)=(0, 0, 0.00000000000000000000e+00) (0, 0, 0.00000000000000000000e+00) (0, 0, 0.00000000000000000000e+00) (0, 0, 0.00000000000000000000e+00) (0, 0, 0.00000000000000000000e+00) (0, 0, 0.00000000000000000000e+00) (0, 0, 0.00000000000000000000e+00) (0, 0, 0.00000000000000000000e+00) (0, 0, 0.00000000000000000000e+00) (0, 0, 0.00000000000000000000e+00) (0, 0, 0.00000000000000000000e+00) (0, 0, 0.00000000000000000000e+00) (0, 0, 0.00000000000000000000e+00) (0, 0, 0.00000000000000000000e+00) (14, 6, 5.00000000000000000000e-01) (14, 6, 5.00000000000000000000e-01) (14, 6, 5.00000000000000000000e-01) (0, 6, 0.00000000000000000000e+00) (4, 4, 5.00000000000000000000e-01) (0, 4, 0.00000000000000000000e+00) 
connections (connected_to_neuron, weight)=(0, -1.28142394612279653110e+00) (1, -1.56806956771511529780e+00) (2, -1.40262604839778926014e-01) (3, 1.26976066375894292015e+00) (4, -2.52759254795966770146e+00) (5, -9.00381460525839449893e-01) (6, 1.23070412174407506356e+00) (7, 1.04217752699048737952e+00) (8, -2.52285618982430204227e+00) (9, 8.92966062218515654880e-02) (10, -1.61996481661898256155e-01) (11, -2.07965916279511775500e-01) (12, -1.47018931907748817700e+00) (13, 2.05812943680480264774e+00) (0, 2.14642257319129159399e+00) (1, -6.80708800168297756272e+00) (2, 4.08831259650052629695e+01) (3, 1.61526759264132735439e+01) (4, -2.28787380660866368487e+00) (5, -6.60151599678927603065e+00) (6, 9.82138393291394606877e+01) (7, 3.14684453866812923195e+01) (8, -1.38130766152753192699e+00) (9, 6.66476902971392171082e+00) (10, 1.68084578077597524004e-01) (11, 2.69145468022950196119e-01) (12, 8.61800683591268823491e-01) (13, 3.91531371721384260920e-02) (0, 2.25074407534039622192e+00) (1, -7.15779966927167787816e+00) (2, 4.45729571820432610707e+01) (3, 7.66264043110743209297e+00) (4, -2.32056843693350423052e+00) (5, -5.21269040411275508262e+00) (6, 1.29244564408078268514e+01) (7, 3.14301311559412219765e+01) (8, -2.79178293404659694232e+00) (9, -4.52110229832559107344e-01) (10, -1.96028118124911809872e+00) (11, -5.64244888693764212739e-01) (12, 8.91354043632483272752e-01) (13, 1.16103733373880899093e-02) (14, -4.23507267483688423226e+01) (15, 1.39770299583915802444e+00) (16, 3.35970256747104123463e+00) (17, -1.15463405499765947582e+00) 
