FANN_FLO_2.1
num_layers=3
learning_rate=0.700000
connection_rate=1.000000
network_type=0
learning_momentum=0.000000
training_algorithm=2
train_error_function=1
train_stop_function=1
cascade_output_change_fraction=0.010000
quickprop_decay=-0.000100
quickprop_mu=1.750000
rprop_increase_factor=1.200000
rprop_decrease_factor=0.500000
rprop_delta_min=0.000000
rprop_delta_max=50.000000
rprop_delta_zero=0.100000
cascade_output_stagnation_epochs=12
cascade_candidate_change_fraction=0.010000
cascade_candidate_stagnation_epochs=12
cascade_max_out_epochs=150
cascade_min_out_epochs=50
cascade_max_cand_epochs=150
cascade_min_cand_epochs=50
cascade_num_candidate_groups=2
bit_fail_limit=1.00000000000000005551e-01
cascade_candidate_limit=1.00000000000000000000e+03
cascade_weight_multiplier=4.00000000000000022204e-01
cascade_activation_functions_count=10
cascade_activation_functions=3 5 7 8 10 11 14 15 16 17 
cascade_activation_steepnesses_count=4
cascade_activation_steepnesses=2.50000000000000000000e-01 5.00000000000000000000e-01 7.50000000000000000000e-01 1.00000000000000000000e+00 
layer_sizes=8 4 2 
scale_included=0
neurons (num_inputs, activation_function, activation_steepness)=(0, 0, 0.00000000000000000000e+00) (0, 0, 0.00000000000000000000e+00) (0, 0, 0.00000000000000000000e+00) (0, 0, 0.00000000000000000000e+00) (0, 0, 0.00000000000000000000e+00) (0, 0, 0.00000000000000000000e+00) (0, 0, 0.00000000000000000000e+00) (0, 0, 0.00000000000000000000e+00) (8, 6, 5.00000000000000000000e-01) (8, 6, 5.00000000000000000000e-01) (8, 6, 5.00000000000000000000e-01) (0, 6, 0.00000000000000000000e+00) (4, 4, 5.00000000000000000000e-01) (0, 4, 0.00000000000000000000e+00) 
connections (connected_to_neuron, weight)=(0, -3.72805299422260771891e+00) (1, 3.41118267210158387925e+00) (2, 2.97891251559964675977e+00) (3, 3.42775974454316179063e+00) (4, 9.54625804662833421510e-01) (5, 9.42772088995009194257e-01) (6, 7.89108938028841744305e-01) (7, 2.39355617211982341086e-02) (0, -1.04948341489811749483e+01) (1, -1.12991492810076277209e+00) (2, -1.28295567256299247738e+00) (3, -1.15565398695295851184e+00) (4, -2.08828129098118608908e+00) (5, -1.72220421549697033647e+00) (6, -2.15875602737368410544e+00) (7, 5.41803695020063180721e+00) (0, -2.10957742937720338361e+00) (1, 1.47373631909586366717e+00) (2, 1.19110944900793924717e+00) (3, 1.36117895633079011297e+00) (4, 1.49516796306110005821e-01) (5, 1.32648269973435595226e-01) (6, 5.50600714835887197762e-02) (7, 5.69384420640719410289e-02) (8, 1.01390317470932966870e+00) (9, -1.15530169732036611663e+01) (10, 1.49901727186238020728e+00) (11, -1.00739569260264127948e+00) 
