FANN_FLO_2.1
num_layers=3
learning_rate=0.700000
connection_rate=1.000000
network_type=0
learning_momentum=0.000000
training_algorithm=2
train_error_function=1
train_stop_function=1
cascade_output_change_fraction=0.010000
quickprop_decay=-0.000100
quickprop_mu=1.750000
rprop_increase_factor=1.200000
rprop_decrease_factor=0.500000
rprop_delta_min=0.000000
rprop_delta_max=50.000000
rprop_delta_zero=0.100000
cascade_output_stagnation_epochs=12
cascade_candidate_change_fraction=0.010000
cascade_candidate_stagnation_epochs=12
cascade_max_out_epochs=150
cascade_min_out_epochs=50
cascade_max_cand_epochs=150
cascade_min_cand_epochs=50
cascade_num_candidate_groups=2
bit_fail_limit=1.00000000000000005551e-01
cascade_candidate_limit=1.00000000000000000000e+03
cascade_weight_multiplier=4.00000000000000022204e-01
cascade_activation_functions_count=10
cascade_activation_functions=3 5 7 8 10 11 14 15 16 17 
cascade_activation_steepnesses_count=4
cascade_activation_steepnesses=2.50000000000000000000e-01 5.00000000000000000000e-01 7.50000000000000000000e-01 1.00000000000000000000e+00 
layer_sizes=10 4 2 
scale_included=0
neurons (num_inputs, activation_function, activation_steepness)=(0, 0, 0.00000000000000000000e+00) (0, 0, 0.00000000000000000000e+00) (0, 0, 0.00000000000000000000e+00) (0, 0, 0.00000000000000000000e+00) (0, 0, 0.00000000000000000000e+00) (0, 0, 0.00000000000000000000e+00) (0, 0, 0.00000000000000000000e+00) (0, 0, 0.00000000000000000000e+00) (0, 0, 0.00000000000000000000e+00) (0, 0, 0.00000000000000000000e+00) (10, 6, 5.00000000000000000000e-01) (10, 6, 5.00000000000000000000e-01) (10, 6, 5.00000000000000000000e-01) (0, 6, 0.00000000000000000000e+00) (4, 4, 5.00000000000000000000e-01) (0, 4, 0.00000000000000000000e+00) 
connections (connected_to_neuron, weight)=(0, 4.78158369775097791265e-01) (1, -9.12364220987496810089e-01) (2, 3.04445508712119616845e-01) (3, 6.07338549593921459002e-02) (4, -1.69796911168306724482e-01) (5, -2.95578678775753056485e-01) (6, -1.38861065263368860245e-01) (7, 4.71506938417292978394e-02) (8, -3.04369402755226170498e-01) (9, 8.88411741959606038321e-02) (0, -2.70509538478424760299e+00) (1, 1.53013678360884042284e+00) (2, 3.12527387872506423605e+00) (3, 2.71895439657643400722e+00) (4, 3.55504102335757188325e-01) (5, 5.32465710566824901306e-01) (6, 4.01172744692414734446e-02) (7, -1.37721455259561764706e+00) (8, 1.11052713684570392161e+00) (9, -2.12187248813136397629e+00) (0, 5.89559483503564774054e+00) (1, -4.50382221953206141052e+00) (2, -1.40847214792570207820e+00) (3, -2.78128998702301100110e+00) (4, 8.60619670024057814572e-01) (5, -1.08976368841063564474e+00) (6, -1.69752449383080250556e+00) (7, 2.35794280113872645188e+00) (8, -9.30685597027655631130e-01) (9, 3.93922148153561879624e+00) (10, -1.75350355642853866778e-01) (11, 3.20534692423829659091e+00) (12, -4.94967765018180294589e+00) (13, -1.98667907392828202440e+00) 
