FANN_FLO_2.1
num_layers=3
learning_rate=0.700000
connection_rate=1.000000
network_type=0
learning_momentum=0.000000
training_algorithm=2
train_error_function=1
train_stop_function=1
cascade_output_change_fraction=0.010000
quickprop_decay=-0.000100
quickprop_mu=1.750000
rprop_increase_factor=1.200000
rprop_decrease_factor=0.500000
rprop_delta_min=0.000000
rprop_delta_max=50.000000
rprop_delta_zero=0.100000
cascade_output_stagnation_epochs=12
cascade_candidate_change_fraction=0.010000
cascade_candidate_stagnation_epochs=12
cascade_max_out_epochs=150
cascade_min_out_epochs=50
cascade_max_cand_epochs=150
cascade_min_cand_epochs=50
cascade_num_candidate_groups=2
bit_fail_limit=1.00000000000000005551e-01
cascade_candidate_limit=1.00000000000000000000e+03
cascade_weight_multiplier=4.00000000000000022204e-01
cascade_activation_functions_count=10
cascade_activation_functions=3 5 7 8 10 11 14 15 16 17 
cascade_activation_steepnesses_count=4
cascade_activation_steepnesses=2.50000000000000000000e-01 5.00000000000000000000e-01 7.50000000000000000000e-01 1.00000000000000000000e+00 
layer_sizes=11 4 2 
scale_included=0
neurons (num_inputs, activation_function, activation_steepness)=(0, 0, 0.00000000000000000000e+00) (0, 0, 0.00000000000000000000e+00) (0, 0, 0.00000000000000000000e+00) (0, 0, 0.00000000000000000000e+00) (0, 0, 0.00000000000000000000e+00) (0, 0, 0.00000000000000000000e+00) (0, 0, 0.00000000000000000000e+00) (0, 0, 0.00000000000000000000e+00) (0, 0, 0.00000000000000000000e+00) (0, 0, 0.00000000000000000000e+00) (0, 0, 0.00000000000000000000e+00) (11, 6, 5.00000000000000000000e-01) (11, 6, 5.00000000000000000000e-01) (11, 6, 5.00000000000000000000e-01) (0, 6, 0.00000000000000000000e+00) (4, 4, 5.00000000000000000000e-01) (0, 4, 0.00000000000000000000e+00) 
connections (connected_to_neuron, weight)=(0, -1.40842259938135927477e+00) (1, 1.12801391727091537831e+00) (2, 2.74173728786743342578e-01) (3, 1.81153536686594685001e+00) (4, 2.57386912820188051843e-02) (5, 2.09392669871917558311e+00) (6, 1.41815528931772205645e+00) (7, 1.36602298828517887408e+00) (8, -3.55956188348353297357e-01) (9, 6.83304493543951396717e-02) (10, -1.43747531885519808093e+00) (0, -1.39588693047180956164e+00) (1, 1.21237487441660629628e+00) (2, 2.12139695547855555713e-01) (3, 1.92248980799610813541e+00) (4, 9.85543255922644023670e-02) (5, 2.07123348936906648277e+00) (6, 1.42341283621942493731e+00) (7, 1.30915381672536823565e+00) (8, -3.52168871966421992425e-01) (9, 4.50051849005072279741e-02) (10, -1.40777416045084780016e+00) (0, 6.76844786391940811399e+00) (1, -2.59716722372860253643e+00) (2, -4.73251151833189609430e-01) (3, -1.43041264216889563166e+00) (4, -1.17772651646126691460e+00) (5, -2.02084476196767948153e+00) (6, -2.42588581032049610542e+00) (7, -2.23470270908215251637e+00) (8, -1.08828744912685770885e+00) (9, -1.20785229835499730022e+00) (10, 2.24498169813072401269e+00) (11, 4.96003858884388293404e+00) (12, 3.80207931373139462750e+00) (13, -1.41942071068265249778e+01) (14, -1.46129296982899492541e+00) 
