FANN_FLO_2.1
num_layers=3
learning_rate=0.700000
connection_rate=1.000000
network_type=0
learning_momentum=0.000000
training_algorithm=2
train_error_function=1
train_stop_function=1
cascade_output_change_fraction=0.010000
quickprop_decay=-0.000100
quickprop_mu=1.750000
rprop_increase_factor=1.200000
rprop_decrease_factor=0.500000
rprop_delta_min=0.000000
rprop_delta_max=50.000000
rprop_delta_zero=0.100000
cascade_output_stagnation_epochs=12
cascade_candidate_change_fraction=0.010000
cascade_candidate_stagnation_epochs=12
cascade_max_out_epochs=150
cascade_min_out_epochs=50
cascade_max_cand_epochs=150
cascade_min_cand_epochs=50
cascade_num_candidate_groups=2
bit_fail_limit=1.00000000000000005551e-01
cascade_candidate_limit=1.00000000000000000000e+03
cascade_weight_multiplier=4.00000000000000022204e-01
cascade_activation_functions_count=10
cascade_activation_functions=3 5 7 8 10 11 14 15 16 17 
cascade_activation_steepnesses_count=4
cascade_activation_steepnesses=2.50000000000000000000e-01 5.00000000000000000000e-01 7.50000000000000000000e-01 1.00000000000000000000e+00 
layer_sizes=10 4 2 
scale_included=0
neurons (num_inputs, activation_function, activation_steepness)=(0, 0, 0.00000000000000000000e+00) (0, 0, 0.00000000000000000000e+00) (0, 0, 0.00000000000000000000e+00) (0, 0, 0.00000000000000000000e+00) (0, 0, 0.00000000000000000000e+00) (0, 0, 0.00000000000000000000e+00) (0, 0, 0.00000000000000000000e+00) (0, 0, 0.00000000000000000000e+00) (0, 0, 0.00000000000000000000e+00) (0, 0, 0.00000000000000000000e+00) (10, 6, 5.00000000000000000000e-01) (10, 6, 5.00000000000000000000e-01) (10, 6, 5.00000000000000000000e-01) (0, 6, 0.00000000000000000000e+00) (4, 4, 5.00000000000000000000e-01) (0, 4, 0.00000000000000000000e+00) 
connections (connected_to_neuron, weight)=(0, -9.74889919260441439874e-01) (1, 2.56896773741020822968e+00) (2, 1.01634744515434333190e-01) (3, 2.21779007425323582137e-01) (4, -2.26185934241593916694e-01) (5, -6.21843505535907614679e-01) (6, -1.68071100111783583442e-01) (7, -4.86870879542425472053e-01) (8, -4.88999108087614375862e-01) (9, -1.32064645540125713552e+00) (0, -1.16309530297845475921e+00) (1, 2.53367405027522707428e+00) (2, -2.93241692330421022117e-01) (3, -2.64459387954057267844e-01) (4, -2.34077924485982497016e-01) (5, -5.98112370704002249688e-01) (6, -3.61623483013704616340e-01) (7, -4.04886516046121913703e-01) (8, -5.06052384388044673713e-01) (9, -1.01507719821212449851e+00) (0, -1.12934819618791215667e+00) (1, 2.53601304829492235626e+00) (2, -2.39660614724935133735e-01) (3, -2.65784101184190324485e-01) (4, -3.39964830871404222190e-01) (5, -6.62263195846862662286e-01) (6, -3.61633034658029872688e-01) (7, -5.22325800966814357551e-01) (8, -3.87167679380968410285e-01) (9, -1.07888058788058915916e+00) (10, 7.01905566051184859333e+00) (11, 3.82967395543143140912e+00) (12, 3.82191176175162183881e+00) (13, -1.13540760437577836761e+00) 
