FANN_FLO_2.1
num_layers=3
learning_rate=0.700000
connection_rate=1.000000
network_type=0
learning_momentum=0.000000
training_algorithm=2
train_error_function=1
train_stop_function=1
cascade_output_change_fraction=0.010000
quickprop_decay=-0.000100
quickprop_mu=1.750000
rprop_increase_factor=1.200000
rprop_decrease_factor=0.500000
rprop_delta_min=0.000000
rprop_delta_max=50.000000
rprop_delta_zero=0.100000
cascade_output_stagnation_epochs=12
cascade_candidate_change_fraction=0.010000
cascade_candidate_stagnation_epochs=12
cascade_max_out_epochs=150
cascade_min_out_epochs=50
cascade_max_cand_epochs=150
cascade_min_cand_epochs=50
cascade_num_candidate_groups=2
bit_fail_limit=1.00000000000000005551e-01
cascade_candidate_limit=1.00000000000000000000e+03
cascade_weight_multiplier=4.00000000000000022204e-01
cascade_activation_functions_count=10
cascade_activation_functions=3 5 7 8 10 11 14 15 16 17 
cascade_activation_steepnesses_count=4
cascade_activation_steepnesses=2.50000000000000000000e-01 5.00000000000000000000e-01 7.50000000000000000000e-01 1.00000000000000000000e+00 
layer_sizes=9 4 2 
scale_included=0
neurons (num_inputs, activation_function, activation_steepness)=(0, 0, 0.00000000000000000000e+00) (0, 0, 0.00000000000000000000e+00) (0, 0, 0.00000000000000000000e+00) (0, 0, 0.00000000000000000000e+00) (0, 0, 0.00000000000000000000e+00) (0, 0, 0.00000000000000000000e+00) (0, 0, 0.00000000000000000000e+00) (0, 0, 0.00000000000000000000e+00) (0, 0, 0.00000000000000000000e+00) (9, 6, 5.00000000000000000000e-01) (9, 6, 5.00000000000000000000e-01) (9, 6, 5.00000000000000000000e-01) (0, 6, 0.00000000000000000000e+00) (4, 4, 5.00000000000000000000e-01) (0, 4, 0.00000000000000000000e+00) 
connections (connected_to_neuron, weight)=(0, 5.04004838058103921128e+00) (1, -1.62863031714453243559e+00) (2, -1.49851635707511876561e+00) (3, -1.02317582248820770907e+00) (4, -1.13295056103839386630e+00) (5, 5.85371417260026505325e-01) (6, -7.25783892299066923925e-01) (7, 1.41345747623708239971e+00) (8, 1.46616449604790477501e+00) (0, 3.58524913777547160620e+00) (1, -1.60261883526339077299e+00) (2, -1.45865708453550313450e+00) (3, -1.12326863586081970858e+00) (4, -1.05204607724322785067e+00) (5, 6.17265598183726837966e-01) (6, -6.34324603105913542578e-01) (7, 1.47576234925653926311e+00) (8, 1.46507502744953899132e+00) (0, -5.13565083106082465036e+00) (1, 6.50840853448808065451e+00) (2, 5.11855456880783821205e-01) (3, 2.10826200482283343529e-01) (4, 5.06007041496364870503e-02) (5, -7.67967837868320346573e-01) (6, -1.69974351820964653115e-01) (7, -4.99863273908418204172e+00) (8, -2.19316125000493489239e+00) (9, -5.12634069227543331948e+00) (10, -5.06786653154459454385e+00) (11, 1.61547864178727307305e+00) (12, -1.31921442216795892222e+00) 
