FANN_FLO_2.1
num_layers=3
learning_rate=0.700000
connection_rate=1.000000
network_type=0
learning_momentum=0.000000
training_algorithm=2
train_error_function=1
train_stop_function=1
cascade_output_change_fraction=0.010000
quickprop_decay=-0.000100
quickprop_mu=1.750000
rprop_increase_factor=1.200000
rprop_decrease_factor=0.500000
rprop_delta_min=0.000000
rprop_delta_max=50.000000
rprop_delta_zero=0.100000
cascade_output_stagnation_epochs=12
cascade_candidate_change_fraction=0.010000
cascade_candidate_stagnation_epochs=12
cascade_max_out_epochs=150
cascade_min_out_epochs=50
cascade_max_cand_epochs=150
cascade_min_cand_epochs=50
cascade_num_candidate_groups=2
bit_fail_limit=1.00000000000000005551e-01
cascade_candidate_limit=1.00000000000000000000e+03
cascade_weight_multiplier=4.00000000000000022204e-01
cascade_activation_functions_count=10
cascade_activation_functions=3 5 7 8 10 11 14 15 16 17 
cascade_activation_steepnesses_count=4
cascade_activation_steepnesses=2.50000000000000000000e-01 5.00000000000000000000e-01 7.50000000000000000000e-01 1.00000000000000000000e+00 
layer_sizes=9 4 2 
scale_included=0
neurons (num_inputs, activation_function, activation_steepness)=(0, 0, 0.00000000000000000000e+00) (0, 0, 0.00000000000000000000e+00) (0, 0, 0.00000000000000000000e+00) (0, 0, 0.00000000000000000000e+00) (0, 0, 0.00000000000000000000e+00) (0, 0, 0.00000000000000000000e+00) (0, 0, 0.00000000000000000000e+00) (0, 0, 0.00000000000000000000e+00) (0, 0, 0.00000000000000000000e+00) (9, 6, 5.00000000000000000000e-01) (9, 6, 5.00000000000000000000e-01) (9, 6, 5.00000000000000000000e-01) (0, 6, 0.00000000000000000000e+00) (4, 4, 5.00000000000000000000e-01) (0, 4, 0.00000000000000000000e+00) 
connections (connected_to_neuron, weight)=(0, -8.12650548391224192279e-01) (1, 2.11607010475555457063e+00) (2, 8.57905223675378691972e-01) (3, 1.19392124488193607235e+00) (4, -3.38734898385834481971e-01) (5, 1.11575247613246553158e+00) (6, 1.12145836917216890072e+00) (7, 3.52695861725712433987e-01) (8, -5.70092002526688124142e-01) (0, 1.48737351371233739172e+00) (1, -1.04942838370873015030e+00) (2, -5.45709097864335412886e-01) (3, -5.10027523756565015489e-01) (4, 8.01876138158867241001e-02) (5, -9.65085523033034742291e-01) (6, -9.67201964759719312603e-01) (7, -1.11243859847773296501e+00) (8, 1.05609227712379527553e+00) (0, 1.56743541134779729163e+00) (1, -1.08041656836246002804e+00) (2, -5.87487394096559145673e-01) (3, -4.03093430817664910570e-01) (4, -4.95317366711069406726e-02) (5, -1.08791398053754551078e+00) (6, -1.04858125170458538200e+00) (7, -1.02505257149924022819e+00) (8, 1.08117604251133037074e+00) (9, 2.78451694150745465706e+00) (10, -1.98081407790708539096e+01) (11, -1.97911153753924367038e+01) (12, -5.63520372295372773408e-01) 
