FANN_FLO_2.1
num_layers=3
learning_rate=0.700000
connection_rate=1.000000
network_type=0
learning_momentum=0.000000
training_algorithm=2
train_error_function=1
train_stop_function=1
cascade_output_change_fraction=0.010000
quickprop_decay=-0.000100
quickprop_mu=1.750000
rprop_increase_factor=1.200000
rprop_decrease_factor=0.500000
rprop_delta_min=0.000000
rprop_delta_max=50.000000
rprop_delta_zero=0.100000
cascade_output_stagnation_epochs=12
cascade_candidate_change_fraction=0.010000
cascade_candidate_stagnation_epochs=12
cascade_max_out_epochs=150
cascade_min_out_epochs=50
cascade_max_cand_epochs=150
cascade_min_cand_epochs=50
cascade_num_candidate_groups=2
bit_fail_limit=1.00000000000000005551e-01
cascade_candidate_limit=1.00000000000000000000e+03
cascade_weight_multiplier=4.00000000000000022204e-01
cascade_activation_functions_count=10
cascade_activation_functions=3 5 7 8 10 11 14 15 16 17 
cascade_activation_steepnesses_count=4
cascade_activation_steepnesses=2.50000000000000000000e-01 5.00000000000000000000e-01 7.50000000000000000000e-01 1.00000000000000000000e+00 
layer_sizes=8 4 2 
scale_included=0
neurons (num_inputs, activation_function, activation_steepness)=(0, 0, 0.00000000000000000000e+00) (0, 0, 0.00000000000000000000e+00) (0, 0, 0.00000000000000000000e+00) (0, 0, 0.00000000000000000000e+00) (0, 0, 0.00000000000000000000e+00) (0, 0, 0.00000000000000000000e+00) (0, 0, 0.00000000000000000000e+00) (0, 0, 0.00000000000000000000e+00) (8, 6, 5.00000000000000000000e-01) (8, 6, 5.00000000000000000000e-01) (8, 6, 5.00000000000000000000e-01) (0, 6, 0.00000000000000000000e+00) (4, 4, 5.00000000000000000000e-01) (0, 4, 0.00000000000000000000e+00) 
connections (connected_to_neuron, weight)=(0, 2.34055397676885462710e-01) (1, 4.62750050143570734740e-01) (2, 1.83927761161884889551e-01) (3, 2.90790152225104181483e-01) (4, 5.17532243931855484576e-01) (5, 5.66320865953530816483e-01) (6, 5.78817513646747272560e-01) (7, 2.66043150442302533953e-01) (0, 1.07005408591054140821e+00) (1, -3.02907315397975107629e+00) (2, 1.03171449127682224312e-01) (3, 9.85648820162040251169e-01) (4, 5.95931758671299882657e-01) (5, 6.47334275334374376065e-01) (6, 4.84390062778489227657e-01) (7, 1.68740339682382156639e+00) (0, -4.73534414551325333331e-01) (1, 2.41575780613569657262e+00) (2, 2.84299016954566330373e-01) (3, -7.91908696273359163920e-02) (4, -1.14365231988767052096e-01) (5, -4.94213074425252640864e-02) (6, -5.39889093750452811471e-02) (7, -7.57782938670033101580e-01) (8, 2.11018022570219815348e-01) (9, -9.94093688264256236664e+00) (10, 3.37286071338065251979e+00) (11, -7.58641553485592590178e-01) 
