FANN_FLO_2.1
num_layers=3
learning_rate=0.700000
connection_rate=1.000000
network_type=0
learning_momentum=0.000000
training_algorithm=2
train_error_function=1
train_stop_function=1
cascade_output_change_fraction=0.010000
quickprop_decay=-0.000100
quickprop_mu=1.750000
rprop_increase_factor=1.200000
rprop_decrease_factor=0.500000
rprop_delta_min=0.000000
rprop_delta_max=50.000000
rprop_delta_zero=0.100000
cascade_output_stagnation_epochs=12
cascade_candidate_change_fraction=0.010000
cascade_candidate_stagnation_epochs=12
cascade_max_out_epochs=150
cascade_min_out_epochs=50
cascade_max_cand_epochs=150
cascade_min_cand_epochs=50
cascade_num_candidate_groups=2
bit_fail_limit=1.00000000000000005551e-01
cascade_candidate_limit=1.00000000000000000000e+03
cascade_weight_multiplier=4.00000000000000022204e-01
cascade_activation_functions_count=10
cascade_activation_functions=3 5 7 8 10 11 14 15 16 17 
cascade_activation_steepnesses_count=4
cascade_activation_steepnesses=2.50000000000000000000e-01 5.00000000000000000000e-01 7.50000000000000000000e-01 1.00000000000000000000e+00 
layer_sizes=14 4 2 
scale_included=0
neurons (num_inputs, activation_function, activation_steepness)=(0, 0, 0.00000000000000000000e+00) (0, 0, 0.00000000000000000000e+00) (0, 0, 0.00000000000000000000e+00) (0, 0, 0.00000000000000000000e+00) (0, 0, 0.00000000000000000000e+00) (0, 0, 0.00000000000000000000e+00) (0, 0, 0.00000000000000000000e+00) (0, 0, 0.00000000000000000000e+00) (0, 0, 0.00000000000000000000e+00) (0, 0, 0.00000000000000000000e+00) (0, 0, 0.00000000000000000000e+00) (0, 0, 0.00000000000000000000e+00) (0, 0, 0.00000000000000000000e+00) (0, 0, 0.00000000000000000000e+00) (14, 6, 5.00000000000000000000e-01) (14, 6, 5.00000000000000000000e-01) (14, 6, 5.00000000000000000000e-01) (0, 6, 0.00000000000000000000e+00) (4, 4, 5.00000000000000000000e-01) (0, 4, 0.00000000000000000000e+00) 
connections (connected_to_neuron, weight)=(0, -3.32480411045986856688e-01) (1, 4.64527714050269047164e+00) (2, -3.11168958137498286032e-01) (3, 8.76072752813321975474e-01) (4, 7.12614863689039701455e-01) (5, 4.71505897383243888221e-01) (6, 5.18180405165883817276e-01) (7, 4.38961259325377439744e-01) (8, -4.58410428890740351271e-01) (9, 4.77422301836218920812e-02) (10, 4.19349135063024125447e-01) (11, 1.93196018370486694016e-01) (12, -3.03535239325654848663e-01) (13, -2.04957780125833710638e-01) (0, -1.52151196684978962104e+00) (1, 2.70738019945547314649e+01) (2, -6.61866183290944931628e-01) (3, 1.11881801647499856678e+00) (4, 6.74524794483670975254e-01) (5, 3.65002864780909264120e-01) (6, 2.32172029599306206649e+00) (7, -1.33998466328749538112e-01) (8, -3.04981397524833042212e+00) (9, -4.41951416044693290441e-01) (10, 1.81146190738867329806e+00) (11, -8.90198191307983999199e-02) (12, -1.05460298818856190728e+00) (13, -7.25144268551567106051e-01) (0, 1.56141085604067675341e+00) (1, 1.93539607979270371629e+01) (2, 4.69294220182156252008e+00) (3, -4.07786253843649193485e-01) (4, 1.04806392068362258518e-01) (5, 4.08934819712142627601e-01) (6, -1.23559056309053882927e+00) (7, 6.10035944305740374105e-01) (8, 2.74373888869403481650e+00) (9, 4.84115070077633546930e+00) (10, -9.86181331591419740867e-01) (11, 3.65610594838622238179e-01) (12, 9.28119344214851649255e-01) (13, 6.31858628017215817607e-01) (14, 5.39775204103133066091e-01) (15, 2.70746924283430310254e+01) (16, -5.07109895534964394415e+00) (17, -4.85384624186791124867e-01) 
