FANN_FLO_2.1
num_layers=3
learning_rate=0.700000
connection_rate=1.000000
network_type=0
learning_momentum=0.000000
training_algorithm=2
train_error_function=1
train_stop_function=1
cascade_output_change_fraction=0.010000
quickprop_decay=-0.000100
quickprop_mu=1.750000
rprop_increase_factor=1.200000
rprop_decrease_factor=0.500000
rprop_delta_min=0.000000
rprop_delta_max=50.000000
rprop_delta_zero=0.100000
cascade_output_stagnation_epochs=12
cascade_candidate_change_fraction=0.010000
cascade_candidate_stagnation_epochs=12
cascade_max_out_epochs=150
cascade_min_out_epochs=50
cascade_max_cand_epochs=150
cascade_min_cand_epochs=50
cascade_num_candidate_groups=2
bit_fail_limit=1.00000000000000005551e-01
cascade_candidate_limit=1.00000000000000000000e+03
cascade_weight_multiplier=4.00000000000000022204e-01
cascade_activation_functions_count=10
cascade_activation_functions=3 5 7 8 10 11 14 15 16 17 
cascade_activation_steepnesses_count=4
cascade_activation_steepnesses=2.50000000000000000000e-01 5.00000000000000000000e-01 7.50000000000000000000e-01 1.00000000000000000000e+00 
layer_sizes=8 4 2 
scale_included=0
neurons (num_inputs, activation_function, activation_steepness)=(0, 0, 0.00000000000000000000e+00) (0, 0, 0.00000000000000000000e+00) (0, 0, 0.00000000000000000000e+00) (0, 0, 0.00000000000000000000e+00) (0, 0, 0.00000000000000000000e+00) (0, 0, 0.00000000000000000000e+00) (0, 0, 0.00000000000000000000e+00) (0, 0, 0.00000000000000000000e+00) (8, 6, 5.00000000000000000000e-01) (8, 6, 5.00000000000000000000e-01) (8, 6, 5.00000000000000000000e-01) (0, 6, 0.00000000000000000000e+00) (4, 4, 5.00000000000000000000e-01) (0, 4, 0.00000000000000000000e+00) 
connections (connected_to_neuron, weight)=(0, 1.43619944099582252939e+00) (1, -3.51783161422025481002e+00) (2, -8.88664359033835699053e-02) (3, 4.01809755386045741599e-01) (4, 5.67464046220652718056e-01) (5, -3.63431434773849337816e+00) (6, -3.59302641146825640917e+00) (7, 1.84532379650115307967e+00) (0, 2.56478811749543345044e-01) (1, 8.03900147328333591901e-01) (2, 1.78922051193419973103e-01) (3, 4.06488701107115990574e-01) (4, 3.17672069319810124188e-01) (5, 1.39623684062664810135e+00) (6, 1.46977189554875176114e+00) (7, -8.39461240865085056573e-02) (0, 1.15510135532379459855e-01) (1, 3.28101653091954936770e-01) (2, 2.76761931609812550370e-01) (3, 6.41816279121323746137e-02) (4, 1.01950063944816898820e-01) (5, 5.00497942754637215046e-01) (6, 6.75134977290045346088e-01) (7, 8.86447750383643484628e-02) (8, -1.54192941883751295506e+01) (9, 6.99723994759703926682e-01) (10, 3.98995813849940428319e-01) (11, -1.21325277973338074844e+00) 
