FANN_FLO_2.1
num_layers=3
learning_rate=0.700000
connection_rate=1.000000
network_type=0
learning_momentum=0.000000
training_algorithm=2
train_error_function=1
train_stop_function=1
cascade_output_change_fraction=0.010000
quickprop_decay=-0.000100
quickprop_mu=1.750000
rprop_increase_factor=1.200000
rprop_decrease_factor=0.500000
rprop_delta_min=0.000000
rprop_delta_max=50.000000
rprop_delta_zero=0.100000
cascade_output_stagnation_epochs=12
cascade_candidate_change_fraction=0.010000
cascade_candidate_stagnation_epochs=12
cascade_max_out_epochs=150
cascade_min_out_epochs=50
cascade_max_cand_epochs=150
cascade_min_cand_epochs=50
cascade_num_candidate_groups=2
bit_fail_limit=1.00000000000000005551e-01
cascade_candidate_limit=1.00000000000000000000e+03
cascade_weight_multiplier=4.00000000000000022204e-01
cascade_activation_functions_count=10
cascade_activation_functions=3 5 7 8 10 11 14 15 16 17 
cascade_activation_steepnesses_count=4
cascade_activation_steepnesses=2.50000000000000000000e-01 5.00000000000000000000e-01 7.50000000000000000000e-01 1.00000000000000000000e+00 
layer_sizes=7 4 2 
scale_included=0
neurons (num_inputs, activation_function, activation_steepness)=(0, 0, 0.00000000000000000000e+00) (0, 0, 0.00000000000000000000e+00) (0, 0, 0.00000000000000000000e+00) (0, 0, 0.00000000000000000000e+00) (0, 0, 0.00000000000000000000e+00) (0, 0, 0.00000000000000000000e+00) (0, 0, 0.00000000000000000000e+00) (7, 6, 5.00000000000000000000e-01) (7, 6, 5.00000000000000000000e-01) (7, 6, 5.00000000000000000000e-01) (0, 6, 0.00000000000000000000e+00) (4, 4, 5.00000000000000000000e-01) (0, 4, 0.00000000000000000000e+00) 
connections (connected_to_neuron, weight)=(0, -7.64567562355087737558e+00) (1, -4.20558222963301864272e-01) (2, 4.10424950223320594844e-01) (3, -2.38848433151125894014e+00) (4, 2.41715605630824015293e+00) (5, 1.69292666854397522158e+00) (6, 3.87062811602138001632e+00) (0, 8.80847052475877467792e-01) (1, 9.24848977638214275743e-01) (2, 9.00117092318358014147e-01) (3, 1.10389162498004322899e+00) (4, 6.30866772799672625993e-01) (5, 1.00405108314780022738e+00) (6, -7.42362364156119447500e-01) (0, 1.51917603910827780922e+00) (1, 1.68159914735653104323e+00) (2, 1.79836983689792018204e+00) (3, 2.09387633581693677343e+00) (4, 1.62271169191417463651e+00) (5, 4.73088887534546587155e-01) (6, -2.02832480190934383302e+00) (7, -3.59029470618363699685e+00) (8, 3.04371648804465744220e+00) (9, 2.21627412406612904761e+01) (10, -1.86046178912929982552e+00) 
