FANN_FLO_2.1
num_layers=3
learning_rate=0.700000
connection_rate=1.000000
network_type=0
learning_momentum=0.000000
training_algorithm=2
train_error_function=1
train_stop_function=1
cascade_output_change_fraction=0.010000
quickprop_decay=-0.000100
quickprop_mu=1.750000
rprop_increase_factor=1.200000
rprop_decrease_factor=0.500000
rprop_delta_min=0.000000
rprop_delta_max=50.000000
rprop_delta_zero=0.100000
cascade_output_stagnation_epochs=12
cascade_candidate_change_fraction=0.010000
cascade_candidate_stagnation_epochs=12
cascade_max_out_epochs=150
cascade_min_out_epochs=50
cascade_max_cand_epochs=150
cascade_min_cand_epochs=50
cascade_num_candidate_groups=2
bit_fail_limit=1.00000000000000005551e-01
cascade_candidate_limit=1.00000000000000000000e+03
cascade_weight_multiplier=4.00000000000000022204e-01
cascade_activation_functions_count=10
cascade_activation_functions=3 5 7 8 10 11 14 15 16 17 
cascade_activation_steepnesses_count=4
cascade_activation_steepnesses=2.50000000000000000000e-01 5.00000000000000000000e-01 7.50000000000000000000e-01 1.00000000000000000000e+00 
layer_sizes=12 4 2 
scale_included=0
neurons (num_inputs, activation_function, activation_steepness)=(0, 0, 0.00000000000000000000e+00) (0, 0, 0.00000000000000000000e+00) (0, 0, 0.00000000000000000000e+00) (0, 0, 0.00000000000000000000e+00) (0, 0, 0.00000000000000000000e+00) (0, 0, 0.00000000000000000000e+00) (0, 0, 0.00000000000000000000e+00) (0, 0, 0.00000000000000000000e+00) (0, 0, 0.00000000000000000000e+00) (0, 0, 0.00000000000000000000e+00) (0, 0, 0.00000000000000000000e+00) (0, 0, 0.00000000000000000000e+00) (12, 6, 5.00000000000000000000e-01) (12, 6, 5.00000000000000000000e-01) (12, 6, 5.00000000000000000000e-01) (0, 6, 0.00000000000000000000e+00) (4, 4, 5.00000000000000000000e-01) (0, 4, 0.00000000000000000000e+00) 
connections (connected_to_neuron, weight)=(0, -4.09702612394025411646e+00) (1, 2.08774180221722394091e-01) (2, 1.23744278137187784239e+01) (3, 5.76847337462968123845e-01) (4, 8.44892369878386007009e-01) (5, 1.80564606551004758206e-01) (6, 6.80319689826221178919e+01) (7, 1.62757003120865439971e-01) (8, 1.33075408451104628682e+01) (9, -1.12893290217492481275e+00) (10, -1.81596563584495895860e+00) (11, -1.99069046132026628015e+00) (0, -1.46467334644663593757e+00) (1, 2.84190558820590455369e+00) (2, -2.78756009969092638512e-02) (3, -1.26230362641697846371e-01) (4, -9.18909505758788935914e-01) (5, 2.78396235584840257005e+00) (6, 1.18305302179899776149e+01) (7, 2.33781812884511319695e+00) (8, 2.17241210308694171482e-02) (9, -1.10995169061858289794e+00) (10, -1.12372667852509744435e+00) (11, -7.81653910694167897155e-01) (0, -1.48770507292616627204e+00) (1, 2.72206634461507279710e+00) (2, -8.93464926180961849234e-04) (3, -2.48123612093811951596e-01) (4, -8.94349646572377920961e-01) (5, 2.74916567831859071092e+00) (6, 1.19266115344610774684e+01) (7, 2.28098907866181699333e+00) (8, -9.73583633035195183947e-03) (9, -1.10742768723208540038e+00) (10, -1.14116442713607080250e+00) (11, -7.30149015603111073425e-01) (12, 4.89608092608243783417e+00) (13, 3.05489537950919975984e+00) (14, 3.09878856774734368074e+00) (15, -4.12042857268383588831e+00) 
