FANN_FLO_2.1
num_layers=3
learning_rate=0.700000
connection_rate=1.000000
network_type=0
learning_momentum=0.000000
training_algorithm=2
train_error_function=1
train_stop_function=1
cascade_output_change_fraction=0.010000
quickprop_decay=-0.000100
quickprop_mu=1.750000
rprop_increase_factor=1.200000
rprop_decrease_factor=0.500000
rprop_delta_min=0.000000
rprop_delta_max=50.000000
rprop_delta_zero=0.100000
cascade_output_stagnation_epochs=12
cascade_candidate_change_fraction=0.010000
cascade_candidate_stagnation_epochs=12
cascade_max_out_epochs=150
cascade_min_out_epochs=50
cascade_max_cand_epochs=150
cascade_min_cand_epochs=50
cascade_num_candidate_groups=2
bit_fail_limit=1.00000000000000005551e-01
cascade_candidate_limit=1.00000000000000000000e+03
cascade_weight_multiplier=4.00000000000000022204e-01
cascade_activation_functions_count=10
cascade_activation_functions=3 5 7 8 10 11 14 15 16 17 
cascade_activation_steepnesses_count=4
cascade_activation_steepnesses=2.50000000000000000000e-01 5.00000000000000000000e-01 7.50000000000000000000e-01 1.00000000000000000000e+00 
layer_sizes=10 4 2 
scale_included=0
neurons (num_inputs, activation_function, activation_steepness)=(0, 0, 0.00000000000000000000e+00) (0, 0, 0.00000000000000000000e+00) (0, 0, 0.00000000000000000000e+00) (0, 0, 0.00000000000000000000e+00) (0, 0, 0.00000000000000000000e+00) (0, 0, 0.00000000000000000000e+00) (0, 0, 0.00000000000000000000e+00) (0, 0, 0.00000000000000000000e+00) (0, 0, 0.00000000000000000000e+00) (0, 0, 0.00000000000000000000e+00) (10, 6, 5.00000000000000000000e-01) (10, 6, 5.00000000000000000000e-01) (10, 6, 5.00000000000000000000e-01) (0, 6, 0.00000000000000000000e+00) (4, 4, 5.00000000000000000000e-01) (0, 4, 0.00000000000000000000e+00) 
connections (connected_to_neuron, weight)=(0, -6.99258439031132161823e-01) (1, 3.16557072086215862683e+00) (2, 5.29241204894482231147e-01) (3, 1.20993709268586235872e+00) (4, -6.00140406330643361166e-01) (5, -2.06170221203400494403e+00) (6, -1.85790301577209127082e+00) (7, 1.51874121299186359835e+00) (8, 1.04524631956869074045e+00) (9, -1.47265527771147186620e+00) (0, -2.50866890702727873830e+00) (1, 1.81086987945864819061e+00) (2, 2.32948029438551840187e+00) (3, 2.87022839404239471506e+00) (4, -4.97601042737491450207e-01) (5, -1.43970989627516621212e+00) (6, 2.75323299354582662346e+00) (7, 9.90040054431201133056e-01) (8, 3.58076991958583201736e+00) (9, -3.19035395820782818888e+00) (0, -2.59694506977084715871e+00) (1, 1.76963228303621433746e+00) (2, 2.31256534556445059181e+00) (3, 2.72372672778406421656e+00) (4, -6.21667507340438629804e-01) (5, -1.49293431458747738461e+00) (6, 3.30379834071103495319e+00) (7, 1.04131962906384600842e+00) (8, 3.70987805162348704968e+00) (9, -3.52643826294468665239e+00) (10, 3.16922608253662785316e+00) (11, 1.50733766351777340731e+01) (12, 1.50457322095471646151e+01) (13, -1.78840622913857094645e+00) 
