FANN_FLO_2.1
num_layers=3
learning_rate=0.700000
connection_rate=1.000000
network_type=0
learning_momentum=0.000000
training_algorithm=2
train_error_function=1
train_stop_function=1
cascade_output_change_fraction=0.010000
quickprop_decay=-0.000100
quickprop_mu=1.750000
rprop_increase_factor=1.200000
rprop_decrease_factor=0.500000
rprop_delta_min=0.000000
rprop_delta_max=50.000000
rprop_delta_zero=0.100000
cascade_output_stagnation_epochs=12
cascade_candidate_change_fraction=0.010000
cascade_candidate_stagnation_epochs=12
cascade_max_out_epochs=150
cascade_min_out_epochs=50
cascade_max_cand_epochs=150
cascade_min_cand_epochs=50
cascade_num_candidate_groups=2
bit_fail_limit=1.00000000000000005551e-01
cascade_candidate_limit=1.00000000000000000000e+03
cascade_weight_multiplier=4.00000000000000022204e-01
cascade_activation_functions_count=10
cascade_activation_functions=3 5 7 8 10 11 14 15 16 17 
cascade_activation_steepnesses_count=4
cascade_activation_steepnesses=2.50000000000000000000e-01 5.00000000000000000000e-01 7.50000000000000000000e-01 1.00000000000000000000e+00 
layer_sizes=8 4 2 
scale_included=0
neurons (num_inputs, activation_function, activation_steepness)=(0, 0, 0.00000000000000000000e+00) (0, 0, 0.00000000000000000000e+00) (0, 0, 0.00000000000000000000e+00) (0, 0, 0.00000000000000000000e+00) (0, 0, 0.00000000000000000000e+00) (0, 0, 0.00000000000000000000e+00) (0, 0, 0.00000000000000000000e+00) (0, 0, 0.00000000000000000000e+00) (8, 6, 5.00000000000000000000e-01) (8, 6, 5.00000000000000000000e-01) (8, 6, 5.00000000000000000000e-01) (0, 6, 0.00000000000000000000e+00) (4, 4, 5.00000000000000000000e-01) (0, 4, 0.00000000000000000000e+00) 
connections (connected_to_neuron, weight)=(0, 1.91108213234430113214e-01) (1, -2.88487192083389221153e+00) (2, -1.87600110282576226783e-01) (3, 1.45738557010023056515e-01) (4, -4.04445392319388363767e-01) (5, -2.95234178591758666954e+00) (6, -2.72251525351280410092e+00) (7, 2.27275543981239991354e+00) (0, 7.03053552605193143865e-02) (1, 4.25132812470532073235e+00) (2, 8.40172956394198422458e-01) (3, -2.47350061322521408425e-01) (4, -8.03128653242295154069e-02) (5, 4.21674133748150481438e+00) (6, 4.12709749243426937682e+00) (7, -3.24829760206539175371e+00) (0, 1.71525515983251886087e-01) (1, 4.14776396662331148235e+00) (2, 8.47489851223471646335e-01) (3, -2.98279145742725626533e-01) (4, -3.47522073461716471399e-02) (5, 4.09629184663630052654e+00) (6, 4.14462794861960936998e+00) (7, -2.30375563958356721628e+00) (8, -4.97018245398630664766e+00) (9, 5.29796315013452012721e+00) (10, 3.79070193359180374060e+00) (11, -1.41087106932827821559e+00) 
