FANN_FLO_2.1
num_layers=3
learning_rate=0.700000
connection_rate=1.000000
network_type=0
learning_momentum=0.000000
training_algorithm=2
train_error_function=1
train_stop_function=1
cascade_output_change_fraction=0.010000
quickprop_decay=-0.000100
quickprop_mu=1.750000
rprop_increase_factor=1.200000
rprop_decrease_factor=0.500000
rprop_delta_min=0.000000
rprop_delta_max=50.000000
rprop_delta_zero=0.100000
cascade_output_stagnation_epochs=12
cascade_candidate_change_fraction=0.010000
cascade_candidate_stagnation_epochs=12
cascade_max_out_epochs=150
cascade_min_out_epochs=50
cascade_max_cand_epochs=150
cascade_min_cand_epochs=50
cascade_num_candidate_groups=2
bit_fail_limit=1.00000000000000005551e-01
cascade_candidate_limit=1.00000000000000000000e+03
cascade_weight_multiplier=4.00000000000000022204e-01
cascade_activation_functions_count=10
cascade_activation_functions=3 5 7 8 10 11 14 15 16 17 
cascade_activation_steepnesses_count=4
cascade_activation_steepnesses=2.50000000000000000000e-01 5.00000000000000000000e-01 7.50000000000000000000e-01 1.00000000000000000000e+00 
layer_sizes=8 4 2 
scale_included=0
neurons (num_inputs, activation_function, activation_steepness)=(0, 0, 0.00000000000000000000e+00) (0, 0, 0.00000000000000000000e+00) (0, 0, 0.00000000000000000000e+00) (0, 0, 0.00000000000000000000e+00) (0, 0, 0.00000000000000000000e+00) (0, 0, 0.00000000000000000000e+00) (0, 0, 0.00000000000000000000e+00) (0, 0, 0.00000000000000000000e+00) (8, 6, 5.00000000000000000000e-01) (8, 6, 5.00000000000000000000e-01) (8, 6, 5.00000000000000000000e-01) (0, 6, 0.00000000000000000000e+00) (4, 4, 5.00000000000000000000e-01) (0, 4, 0.00000000000000000000e+00) 
connections (connected_to_neuron, weight)=(0, -9.59724646247895107898e-01) (1, 1.07384354536040804717e+00) (2, 6.81408510279191803605e-01) (3, 8.35003569399930985206e-03) (4, -5.24524687262811484256e-02) (5, 3.93581130659798189564e-02) (6, -4.88297030651949071078e-03) (7, -1.33763549234032885771e-01) (0, 1.82563131463137273691e+00) (1, -4.80698063667839026181e+00) (2, 1.31705789890774666029e-01) (3, 1.93266329329815511606e+00) (4, 1.41207384064311192162e+00) (5, 1.45055406286830113061e+00) (6, 1.43885796263331577904e+00) (7, 2.30895400776936243759e+00) (0, -1.65778265018295467570e+00) (1, 2.58445282734297698823e+00) (2, 5.51478398058289909223e-02) (3, -4.51014517725438102147e-01) (4, -3.23334847694914884197e-01) (5, -4.73037389225047177899e-01) (6, -3.98321372574847287762e-01) (7, -6.65252647668174379447e-01) (8, 4.34973227451901034435e-01) (9, -5.71844127192485629507e+00) (10, 5.20786432478654237599e+00) (11, -1.36508613106268694715e+00) 
