FANN_FLO_2.1
num_layers=3
learning_rate=0.700000
connection_rate=1.000000
network_type=0
learning_momentum=0.000000
training_algorithm=2
train_error_function=1
train_stop_function=1
cascade_output_change_fraction=0.010000
quickprop_decay=-0.000100
quickprop_mu=1.750000
rprop_increase_factor=1.200000
rprop_decrease_factor=0.500000
rprop_delta_min=0.000000
rprop_delta_max=50.000000
rprop_delta_zero=0.100000
cascade_output_stagnation_epochs=12
cascade_candidate_change_fraction=0.010000
cascade_candidate_stagnation_epochs=12
cascade_max_out_epochs=150
cascade_min_out_epochs=50
cascade_max_cand_epochs=150
cascade_min_cand_epochs=50
cascade_num_candidate_groups=2
bit_fail_limit=1.00000000000000005551e-01
cascade_candidate_limit=1.00000000000000000000e+03
cascade_weight_multiplier=4.00000000000000022204e-01
cascade_activation_functions_count=10
cascade_activation_functions=3 5 7 8 10 11 14 15 16 17 
cascade_activation_steepnesses_count=4
cascade_activation_steepnesses=2.50000000000000000000e-01 5.00000000000000000000e-01 7.50000000000000000000e-01 1.00000000000000000000e+00 
layer_sizes=9 4 2 
scale_included=0
neurons (num_inputs, activation_function, activation_steepness)=(0, 0, 0.00000000000000000000e+00) (0, 0, 0.00000000000000000000e+00) (0, 0, 0.00000000000000000000e+00) (0, 0, 0.00000000000000000000e+00) (0, 0, 0.00000000000000000000e+00) (0, 0, 0.00000000000000000000e+00) (0, 0, 0.00000000000000000000e+00) (0, 0, 0.00000000000000000000e+00) (0, 0, 0.00000000000000000000e+00) (9, 6, 5.00000000000000000000e-01) (9, 6, 5.00000000000000000000e-01) (9, 6, 5.00000000000000000000e-01) (0, 6, 0.00000000000000000000e+00) (4, 4, 5.00000000000000000000e-01) (0, 4, 0.00000000000000000000e+00) 
connections (connected_to_neuron, weight)=(0, 1.64759957621761876645e+00) (1, -3.69015637483320446677e+00) (2, 6.10850843839572332783e-01) (3, 6.92875485174582861347e-01) (4, 1.52668439428278523984e+00) (5, 1.13565739674993237962e+00) (6, 1.16493982879944524278e+00) (7, 1.26647730602451047410e+00) (8, 9.93935510408809674843e-01) (0, -2.29247904304724903213e+00) (1, 2.55667098526221492349e+00) (2, 1.32123045015961004811e-01) (3, -1.19065344333023362400e-01) (4, -2.31069434169989795791e+00) (5, -1.41725576907895112200e+00) (6, -8.40437306721163457368e-01) (7, -1.42699625582001710100e+00) (8, -1.33337642549629986632e-01) (0, -2.42408947382432193862e+00) (1, 2.42242398772698619425e+00) (2, 4.70613719410003100707e-02) (3, -1.11087605356544785740e-01) (4, -2.31897657100421161758e+00) (5, -6.77817790467692082856e-01) (6, -7.14454813559008194979e-01) (7, -2.95571792679929334913e-01) (8, -2.13523525296803295959e-01) (9, -5.83360540111984882117e+00) (10, 2.33713838760119640980e+00) (11, 2.35282339457732403432e+00) (12, -6.19586223533199698110e-01) 
