FANN_FLO_2.1
num_layers=3
learning_rate=0.700000
connection_rate=1.000000
network_type=0
learning_momentum=0.000000
training_algorithm=2
train_error_function=1
train_stop_function=1
cascade_output_change_fraction=0.010000
quickprop_decay=-0.000100
quickprop_mu=1.750000
rprop_increase_factor=1.200000
rprop_decrease_factor=0.500000
rprop_delta_min=0.000000
rprop_delta_max=50.000000
rprop_delta_zero=0.100000
cascade_output_stagnation_epochs=12
cascade_candidate_change_fraction=0.010000
cascade_candidate_stagnation_epochs=12
cascade_max_out_epochs=150
cascade_min_out_epochs=50
cascade_max_cand_epochs=150
cascade_min_cand_epochs=50
cascade_num_candidate_groups=2
bit_fail_limit=1.00000000000000005551e-01
cascade_candidate_limit=1.00000000000000000000e+03
cascade_weight_multiplier=4.00000000000000022204e-01
cascade_activation_functions_count=10
cascade_activation_functions=3 5 7 8 10 11 14 15 16 17 
cascade_activation_steepnesses_count=4
cascade_activation_steepnesses=2.50000000000000000000e-01 5.00000000000000000000e-01 7.50000000000000000000e-01 1.00000000000000000000e+00 
layer_sizes=6 4 2 
scale_included=0
neurons (num_inputs, activation_function, activation_steepness)=(0, 0, 0.00000000000000000000e+00) (0, 0, 0.00000000000000000000e+00) (0, 0, 0.00000000000000000000e+00) (0, 0, 0.00000000000000000000e+00) (0, 0, 0.00000000000000000000e+00) (0, 0, 0.00000000000000000000e+00) (6, 6, 5.00000000000000000000e-01) (6, 6, 5.00000000000000000000e-01) (6, 6, 5.00000000000000000000e-01) (0, 6, 0.00000000000000000000e+00) (4, 4, 5.00000000000000000000e-01) (0, 4, 0.00000000000000000000e+00) 
connections (connected_to_neuron, weight)=(0, 2.27192012756788752625e+00) (1, 1.35222461687475759007e+00) (2, 1.55314267230807008247e+01) (3, 1.24965978103674824062e+00) (4, 1.22135153314798539093e+00) (5, -1.87528040784771055094e+00) (0, -8.22537672088084759192e-02) (1, -2.91999169959174742495e-01) (2, 2.45700512501112378061e+00) (3, -9.18825210267815273291e-01) (4, -8.30514402669633500231e-01) (5, 5.96944025547128886977e-01) (0, -1.61108655379917781181e-01) (1, -7.37284878235217377984e-01) (2, 2.44949375818469627930e+00) (3, -6.40589134104066371123e-01) (4, -6.69756161442215613988e-01) (5, 5.49280575306040019790e-01) (6, 5.30696615774132922638e+01) (7, -1.00180963294502927141e+01) (8, -5.98759392711256381858e+01) (9, -3.49444505536294136583e-01) 
