FANN_FLO_2.1
num_layers=3
learning_rate=0.700000
connection_rate=1.000000
network_type=0
learning_momentum=0.000000
training_algorithm=2
train_error_function=1
train_stop_function=1
cascade_output_change_fraction=0.010000
quickprop_decay=-0.000100
quickprop_mu=1.750000
rprop_increase_factor=1.200000
rprop_decrease_factor=0.500000
rprop_delta_min=0.000000
rprop_delta_max=50.000000
rprop_delta_zero=0.100000
cascade_output_stagnation_epochs=12
cascade_candidate_change_fraction=0.010000
cascade_candidate_stagnation_epochs=12
cascade_max_out_epochs=150
cascade_min_out_epochs=50
cascade_max_cand_epochs=150
cascade_min_cand_epochs=50
cascade_num_candidate_groups=2
bit_fail_limit=1.00000000000000005551e-01
cascade_candidate_limit=1.00000000000000000000e+03
cascade_weight_multiplier=4.00000000000000022204e-01
cascade_activation_functions_count=10
cascade_activation_functions=3 5 7 8 10 11 14 15 16 17 
cascade_activation_steepnesses_count=4
cascade_activation_steepnesses=2.50000000000000000000e-01 5.00000000000000000000e-01 7.50000000000000000000e-01 1.00000000000000000000e+00 
layer_sizes=15 4 2 
scale_included=0
neurons (num_inputs, activation_function, activation_steepness)=(0, 0, 0.00000000000000000000e+00) (0, 0, 0.00000000000000000000e+00) (0, 0, 0.00000000000000000000e+00) (0, 0, 0.00000000000000000000e+00) (0, 0, 0.00000000000000000000e+00) (0, 0, 0.00000000000000000000e+00) (0, 0, 0.00000000000000000000e+00) (0, 0, 0.00000000000000000000e+00) (0, 0, 0.00000000000000000000e+00) (0, 0, 0.00000000000000000000e+00) (0, 0, 0.00000000000000000000e+00) (0, 0, 0.00000000000000000000e+00) (0, 0, 0.00000000000000000000e+00) (0, 0, 0.00000000000000000000e+00) (0, 0, 0.00000000000000000000e+00) (15, 6, 5.00000000000000000000e-01) (15, 6, 5.00000000000000000000e-01) (15, 6, 5.00000000000000000000e-01) (0, 6, 0.00000000000000000000e+00) (4, 4, 5.00000000000000000000e-01) (0, 4, 0.00000000000000000000e+00) 
connections (connected_to_neuron, weight)=(0, -3.66756465874061348131e+01) (1, -8.86911618648825728073e-01) (2, 2.76623849188462411774e+00) (3, 3.54770843651936695906e+00) (4, 1.27527799937307015909e+01) (5, 3.23868134037613986109e+00) (6, 2.00014709273204971396e+00) (7, 6.90236243986479180990e+00) (8, 2.16811447116151523318e-01) (9, -4.29550558985068497986e-01) (10, 1.28984470810539306740e+01) (11, 1.18432383514107222311e+01) (12, 1.22518180588017733257e+00) (13, 1.61079031588948318188e+01) (14, 3.23765587512098093614e-02) (0, 1.96521490136383860658e+01) (1, -1.43323899477090987986e+00) (2, 1.02421045719647940686e+00) (3, 1.41637191711252485860e+00) (4, 2.14884254582867040284e+00) (5, 2.75601848248710989964e+00) (6, 4.78612298128385904583e-01) (7, -6.05210238641368469814e-01) (8, -3.51601598646833712891e-01) (9, -5.43627815409180925599e-01) (10, 2.20134177468133751532e+00) (11, 2.12528126222932867151e+00) (12, 5.99583327142293343037e-01) (13, 3.31278751523493841802e-02) (14, -2.70771168660483407820e+00) (0, 1.14509770772964643015e+01) (1, 9.82035246283282203805e-01) (2, -1.78523475060396535907e-01) (3, 2.30765462909797491875e+00) (4, 1.14838831718553247008e+00) (5, -3.04750030530866078404e-01) (6, -1.16867768636360280787e-01) (7, -4.66493107889830338486e-01) (8, -4.66839981149125005100e-01) (9, -4.51376705238085484950e-01) (10, 9.97545753104593813099e-01) (11, 1.12800335046926791804e+00) (12, 1.20322824982667797578e+00) (13, -3.81461941499993217874e+00) (14, -1.63515122409871619877e-03) (15, 1.01992611618190114342e+01) (16, -1.43065396442976329183e+01) (17, -5.17000169244398222190e+00) (18, -1.80218372577566343651e-01) 
