FANN_FLO_2.1
num_layers=3
learning_rate=0.700000
connection_rate=1.000000
network_type=0
learning_momentum=0.000000
training_algorithm=2
train_error_function=1
train_stop_function=1
cascade_output_change_fraction=0.010000
quickprop_decay=-0.000100
quickprop_mu=1.750000
rprop_increase_factor=1.200000
rprop_decrease_factor=0.500000
rprop_delta_min=0.000000
rprop_delta_max=50.000000
rprop_delta_zero=0.100000
cascade_output_stagnation_epochs=12
cascade_candidate_change_fraction=0.010000
cascade_candidate_stagnation_epochs=12
cascade_max_out_epochs=150
cascade_min_out_epochs=50
cascade_max_cand_epochs=150
cascade_min_cand_epochs=50
cascade_num_candidate_groups=2
bit_fail_limit=1.00000000000000005551e-01
cascade_candidate_limit=1.00000000000000000000e+03
cascade_weight_multiplier=4.00000000000000022204e-01
cascade_activation_functions_count=10
cascade_activation_functions=3 5 7 8 10 11 14 15 16 17 
cascade_activation_steepnesses_count=4
cascade_activation_steepnesses=2.50000000000000000000e-01 5.00000000000000000000e-01 7.50000000000000000000e-01 1.00000000000000000000e+00 
layer_sizes=6 4 2 
scale_included=0
neurons (num_inputs, activation_function, activation_steepness)=(0, 0, 0.00000000000000000000e+00) (0, 0, 0.00000000000000000000e+00) (0, 0, 0.00000000000000000000e+00) (0, 0, 0.00000000000000000000e+00) (0, 0, 0.00000000000000000000e+00) (0, 0, 0.00000000000000000000e+00) (6, 6, 5.00000000000000000000e-01) (6, 6, 5.00000000000000000000e-01) (6, 6, 5.00000000000000000000e-01) (0, 6, 0.00000000000000000000e+00) (4, 4, 5.00000000000000000000e-01) (0, 4, 0.00000000000000000000e+00) 
connections (connected_to_neuron, weight)=(0, -5.61739165676706875274e+00) (1, 1.45909762409950349848e+00) (2, 5.90685614031339571023e-03) (3, 2.46460107832713415377e+00) (4, 2.46025419490360341968e+00) (5, 5.92412303355607017252e-01) (0, -7.97221612356191933202e-01) (1, 3.08133011095375608512e-01) (2, -2.40809910651590936004e-01) (3, 5.01174032440021899326e-01) (4, 4.14226593020625810659e-01) (5, 1.40219218013929936006e+00) (0, -5.51620594007843578765e+00) (1, 1.58800285176422173450e+00) (2, -3.80405052693507661488e-02) (3, 2.49889670431180288546e+00) (4, 2.49030888335727773608e+00) (5, 4.33210022722155807529e-01) (6, 2.75492079002768605278e+02) (7, 1.74484688127610532149e+00) (8, 2.86685642882660252084e+00) (9, 1.30160117829489263563e+00) 
