FANN_FLO_2.1
num_layers=3
learning_rate=0.700000
connection_rate=1.000000
network_type=0
learning_momentum=0.000000
training_algorithm=2
train_error_function=1
train_stop_function=1
cascade_output_change_fraction=0.010000
quickprop_decay=-0.000100
quickprop_mu=1.750000
rprop_increase_factor=1.200000
rprop_decrease_factor=0.500000
rprop_delta_min=0.000000
rprop_delta_max=50.000000
rprop_delta_zero=0.100000
cascade_output_stagnation_epochs=12
cascade_candidate_change_fraction=0.010000
cascade_candidate_stagnation_epochs=12
cascade_max_out_epochs=150
cascade_min_out_epochs=50
cascade_max_cand_epochs=150
cascade_min_cand_epochs=50
cascade_num_candidate_groups=2
bit_fail_limit=1.00000000000000005551e-01
cascade_candidate_limit=1.00000000000000000000e+03
cascade_weight_multiplier=4.00000000000000022204e-01
cascade_activation_functions_count=10
cascade_activation_functions=3 5 7 8 10 11 14 15 16 17 
cascade_activation_steepnesses_count=4
cascade_activation_steepnesses=2.50000000000000000000e-01 5.00000000000000000000e-01 7.50000000000000000000e-01 1.00000000000000000000e+00 
layer_sizes=14 4 2 
scale_included=0
neurons (num_inputs, activation_function, activation_steepness)=(0, 0, 0.00000000000000000000e+00) (0, 0, 0.00000000000000000000e+00) (0, 0, 0.00000000000000000000e+00) (0, 0, 0.00000000000000000000e+00) (0, 0, 0.00000000000000000000e+00) (0, 0, 0.00000000000000000000e+00) (0, 0, 0.00000000000000000000e+00) (0, 0, 0.00000000000000000000e+00) (0, 0, 0.00000000000000000000e+00) (0, 0, 0.00000000000000000000e+00) (0, 0, 0.00000000000000000000e+00) (0, 0, 0.00000000000000000000e+00) (0, 0, 0.00000000000000000000e+00) (0, 0, 0.00000000000000000000e+00) (14, 6, 5.00000000000000000000e-01) (14, 6, 5.00000000000000000000e-01) (14, 6, 5.00000000000000000000e-01) (0, 6, 0.00000000000000000000e+00) (4, 4, 5.00000000000000000000e-01) (0, 4, 0.00000000000000000000e+00) 
connections (connected_to_neuron, weight)=(0, -1.24629893569887621740e-02) (1, -3.15172825511466614401e+00) (2, 1.85205786221017589810e+01) (3, 3.81964792250898022008e-01) (4, -4.40637442297765069554e+00) (5, -9.15140996052803856742e+00) (6, 3.28315336569054977645e+02) (7, 1.38855897600571182693e+02) (8, 2.49403543304796002644e+01) (9, -1.11349792613167175581e+00) (10, -2.16169883868875523092e+00) (11, -4.14877684282419245676e+00) (12, 2.39744137456091399585e+00) (13, 3.25434691986496460459e+00) (0, -4.89266136042745491963e-01) (1, 3.02340490853603505172e+00) (2, 1.32284349201075279723e+00) (3, 2.21464978340727247641e+00) (4, 7.76732399423181729681e-01) (5, 2.86917965215849690708e+00) (6, 5.31359871726260468705e+00) (7, -2.06674183834680391669e-01) (8, -2.54659917618414022300e+00) (9, 1.21629737009059812891e+00) (10, 2.86224994495550877360e+00) (11, 1.43566756556996777405e+00) (12, 1.37151197913391320604e+00) (13, -3.47771382373224602347e+00) (0, 9.12616111869011537028e-02) (1, -6.10222235595039119715e+00) (2, 2.06786788102880381146e+00) (3, 4.60801673499020125746e+00) (4, -5.21455255378100335228e-01) (5, -9.95269028179155768044e+00) (6, 1.65526531752478334170e+00) (7, 1.09182537183725170138e-01) (8, -1.06157782631473268653e-01) (9, 2.28740441933579710110e+01) (10, 1.04558171438371738660e+00) (11, 2.95870199586564330829e+00) (12, -3.65579104290369438779e-01) (13, -3.83077479817344412893e-01) (14, -1.03237429029725493734e+01) (15, 3.27843920943868241125e+01) (16, 3.01242173524392997663e+00) (17, -1.69791207110737274455e+00) 
