FANN_FLO_2.1
num_layers=3
learning_rate=0.700000
connection_rate=1.000000
network_type=0
learning_momentum=0.000000
training_algorithm=2
train_error_function=1
train_stop_function=1
cascade_output_change_fraction=0.010000
quickprop_decay=-0.000100
quickprop_mu=1.750000
rprop_increase_factor=1.200000
rprop_decrease_factor=0.500000
rprop_delta_min=0.000000
rprop_delta_max=50.000000
rprop_delta_zero=0.100000
cascade_output_stagnation_epochs=12
cascade_candidate_change_fraction=0.010000
cascade_candidate_stagnation_epochs=12
cascade_max_out_epochs=150
cascade_min_out_epochs=50
cascade_max_cand_epochs=150
cascade_min_cand_epochs=50
cascade_num_candidate_groups=2
bit_fail_limit=1.00000000000000005551e-01
cascade_candidate_limit=1.00000000000000000000e+03
cascade_weight_multiplier=4.00000000000000022204e-01
cascade_activation_functions_count=10
cascade_activation_functions=3 5 7 8 10 11 14 15 16 17 
cascade_activation_steepnesses_count=4
cascade_activation_steepnesses=2.50000000000000000000e-01 5.00000000000000000000e-01 7.50000000000000000000e-01 1.00000000000000000000e+00 
layer_sizes=16 4 2 
scale_included=0
neurons (num_inputs, activation_function, activation_steepness)=(0, 0, 0.00000000000000000000e+00) (0, 0, 0.00000000000000000000e+00) (0, 0, 0.00000000000000000000e+00) (0, 0, 0.00000000000000000000e+00) (0, 0, 0.00000000000000000000e+00) (0, 0, 0.00000000000000000000e+00) (0, 0, 0.00000000000000000000e+00) (0, 0, 0.00000000000000000000e+00) (0, 0, 0.00000000000000000000e+00) (0, 0, 0.00000000000000000000e+00) (0, 0, 0.00000000000000000000e+00) (0, 0, 0.00000000000000000000e+00) (0, 0, 0.00000000000000000000e+00) (0, 0, 0.00000000000000000000e+00) (0, 0, 0.00000000000000000000e+00) (0, 0, 0.00000000000000000000e+00) (16, 6, 5.00000000000000000000e-01) (16, 6, 5.00000000000000000000e-01) (16, 6, 5.00000000000000000000e-01) (0, 6, 0.00000000000000000000e+00) (4, 4, 5.00000000000000000000e-01) (0, 4, 0.00000000000000000000e+00) 
connections (connected_to_neuron, weight)=(0, -1.16322388697772556299e+01) (1, 1.20518384792912680581e+00) (2, 1.30533445388611859528e+01) (3, -6.85749422332298852467e-01) (4, 1.65732885987390532456e+00) (5, 1.08985410584512032450e+00) (6, 1.03386262830898467691e+00) (7, 2.78256089238515169626e+00) (8, 2.33620184279337550493e+00) (9, -1.93969233289103204498e-01) (10, -6.95844765326035119557e-01) (11, -2.21144086077552426417e-01) (12, 1.66102680654157652818e+00) (13, -2.04754959655024393328e+00) (14, -2.13546515491821109478e+00) (15, -7.41180601238381919771e-01) (0, -1.10896824852453335097e+00) (1, 3.21041978132244276711e-01) (2, 8.60955973515647010608e-01) (3, 2.12962883727994573002e-01) (4, 7.90350160637211973658e-01) (5, 3.18853116127238878086e-01) (6, 3.31725699467984969093e-01) (7, 6.58028836794511740038e+00) (8, 6.39849981166736547777e+00) (9, 2.76137561784077334437e-01) (10, 1.39984728809483399692e-01) (11, 2.88031311021137936823e-01) (12, 8.80550897755932870936e-01) (13, 6.30409664623780563453e-02) (14, 5.33370424793778497019e-01) (15, -9.96089851892162148062e-01) (0, 6.79324684499295816664e+00) (1, -4.13022865580657683182e+00) (2, -8.97683873436811885504e-01) (3, 1.40828535834277568384e+00) (4, -2.68041210005044439058e-01) (5, -4.17304473361746985915e+00) (6, -4.18699535447997828186e+00) (7, -1.12454906249091624026e+00) (8, -1.49506302198768259437e+00) (9, 1.12641969141880204930e+00) (10, 1.31383385470988955923e+00) (11, 1.12367696878830125584e+00) (12, -2.29191349575280478579e-01) (13, 6.35868676757640582942e-01) (14, 6.14993714546985592584e-01) (15, 1.54286585787723695695e+00) (16, 3.91521935138323939896e+00) (17, 5.11789245047735530392e+00) (18, -8.14698602993736464839e+00) (19, -2.37823215802898157989e+00) 
