FANN_FLO_2.1
num_layers=3
learning_rate=0.700000
connection_rate=1.000000
network_type=0
learning_momentum=0.000000
training_algorithm=2
train_error_function=1
train_stop_function=1
cascade_output_change_fraction=0.010000
quickprop_decay=-0.000100
quickprop_mu=1.750000
rprop_increase_factor=1.200000
rprop_decrease_factor=0.500000
rprop_delta_min=0.000000
rprop_delta_max=50.000000
rprop_delta_zero=0.100000
cascade_output_stagnation_epochs=12
cascade_candidate_change_fraction=0.010000
cascade_candidate_stagnation_epochs=12
cascade_max_out_epochs=150
cascade_min_out_epochs=50
cascade_max_cand_epochs=150
cascade_min_cand_epochs=50
cascade_num_candidate_groups=2
bit_fail_limit=1.00000000000000005551e-01
cascade_candidate_limit=1.00000000000000000000e+03
cascade_weight_multiplier=4.00000000000000022204e-01
cascade_activation_functions_count=10
cascade_activation_functions=3 5 7 8 10 11 14 15 16 17 
cascade_activation_steepnesses_count=4
cascade_activation_steepnesses=2.50000000000000000000e-01 5.00000000000000000000e-01 7.50000000000000000000e-01 1.00000000000000000000e+00 
layer_sizes=15 4 2 
scale_included=0
neurons (num_inputs, activation_function, activation_steepness)=(0, 0, 0.00000000000000000000e+00) (0, 0, 0.00000000000000000000e+00) (0, 0, 0.00000000000000000000e+00) (0, 0, 0.00000000000000000000e+00) (0, 0, 0.00000000000000000000e+00) (0, 0, 0.00000000000000000000e+00) (0, 0, 0.00000000000000000000e+00) (0, 0, 0.00000000000000000000e+00) (0, 0, 0.00000000000000000000e+00) (0, 0, 0.00000000000000000000e+00) (0, 0, 0.00000000000000000000e+00) (0, 0, 0.00000000000000000000e+00) (0, 0, 0.00000000000000000000e+00) (0, 0, 0.00000000000000000000e+00) (0, 0, 0.00000000000000000000e+00) (15, 6, 5.00000000000000000000e-01) (15, 6, 5.00000000000000000000e-01) (15, 6, 5.00000000000000000000e-01) (0, 6, 0.00000000000000000000e+00) (4, 4, 5.00000000000000000000e-01) (0, 4, 0.00000000000000000000e+00) 
connections (connected_to_neuron, weight)=(0, -1.46834801215036208077e+01) (1, -2.52255775398496528972e-01) (2, 1.12112620094296424611e+01) (3, 5.73180772859275197706e-02) (4, -8.34050956391605202711e-01) (5, -6.04113570750380302066e-01) (6, 2.71884678301377247234e-01) (7, 2.00098831871059951171e-01) (8, 5.02968624434420141789e-01) (9, -7.11945750092560225575e-01) (10, -7.01875703661689942514e-01) (11, -6.85395992937580245119e-01) (12, 1.81178438914611810162e+01) (13, 2.91219089260228081173e+00) (14, 5.78179827507356636218e-01) (0, 1.80695697449081791319e+01) (1, -1.38040612592609091003e+00) (2, 1.03567242825017613583e+00) (3, 1.37302789405242298137e+00) (4, 3.15885352425214760430e-01) (5, 1.85108570152780926854e+00) (6, 2.52741819657568422830e-01) (7, 2.80847877027085024437e-01) (8, 1.07648812445542629845e+00) (9, 2.32419694679574240226e+00) (10, 3.17885817609537935091e-01) (11, 3.10049110420673179611e-01) (12, 6.66901311514000916247e+00) (13, 8.11498511406709144289e-02) (14, -1.98710157431013945128e+00) (0, -5.92187062070817304971e+01) (1, 3.44752556327982340179e+00) (2, 8.07506454384434579907e-01) (3, 5.67197943641512125623e+00) (4, 7.36702585511896401727e+00) (5, 3.79533871791661703288e-01) (6, 1.30731708587913573183e+01) (7, 1.07582586840676874829e+01) (8, 6.69332404562694094352e+00) (9, 4.26891343397687439420e+00) (10, 7.08209995259152069735e+00) (11, 6.66770382391030835834e+00) (12, 1.85529814671736197340e+01) (13, 1.96452489206166305280e+01) (14, 9.46173401646636658135e-01) (15, 4.46784759471828696320e+00) (16, -2.98615987396844637658e+01) (17, 1.23536771141144132713e+01) (18, -1.87316862065436337548e-02) 
