FANN_FLO_2.1
num_layers=3
learning_rate=0.700000
connection_rate=1.000000
network_type=0
learning_momentum=0.000000
training_algorithm=2
train_error_function=1
train_stop_function=1
cascade_output_change_fraction=0.010000
quickprop_decay=-0.000100
quickprop_mu=1.750000
rprop_increase_factor=1.200000
rprop_decrease_factor=0.500000
rprop_delta_min=0.000000
rprop_delta_max=50.000000
rprop_delta_zero=0.100000
cascade_output_stagnation_epochs=12
cascade_candidate_change_fraction=0.010000
cascade_candidate_stagnation_epochs=12
cascade_max_out_epochs=150
cascade_min_out_epochs=50
cascade_max_cand_epochs=150
cascade_min_cand_epochs=50
cascade_num_candidate_groups=2
bit_fail_limit=1.00000000000000005551e-01
cascade_candidate_limit=1.00000000000000000000e+03
cascade_weight_multiplier=4.00000000000000022204e-01
cascade_activation_functions_count=10
cascade_activation_functions=3 5 7 8 10 11 14 15 16 17 
cascade_activation_steepnesses_count=4
cascade_activation_steepnesses=2.50000000000000000000e-01 5.00000000000000000000e-01 7.50000000000000000000e-01 1.00000000000000000000e+00 
layer_sizes=10 4 2 
scale_included=0
neurons (num_inputs, activation_function, activation_steepness)=(0, 0, 0.00000000000000000000e+00) (0, 0, 0.00000000000000000000e+00) (0, 0, 0.00000000000000000000e+00) (0, 0, 0.00000000000000000000e+00) (0, 0, 0.00000000000000000000e+00) (0, 0, 0.00000000000000000000e+00) (0, 0, 0.00000000000000000000e+00) (0, 0, 0.00000000000000000000e+00) (0, 0, 0.00000000000000000000e+00) (0, 0, 0.00000000000000000000e+00) (10, 6, 5.00000000000000000000e-01) (10, 6, 5.00000000000000000000e-01) (10, 6, 5.00000000000000000000e-01) (0, 6, 0.00000000000000000000e+00) (4, 4, 5.00000000000000000000e-01) (0, 4, 0.00000000000000000000e+00) 
connections (connected_to_neuron, weight)=(0, -3.18740774679068028519e+00) (1, 2.53147113216359631593e+00) (2, 3.21970445642876201831e+00) (3, 3.27523777949278205313e+00) (4, -2.17853306934229573599e+00) (5, 2.14709966500244764376e+00) (6, 2.23224923208716535816e-01) (7, 5.84773832615663069490e-01) (8, 3.51810372324185571813e+00) (9, -3.81768852885774512274e+00) (0, 1.40860121130487788571e-03) (1, 8.71274755154258073730e+00) (2, 6.66839323666414962588e-01) (3, 9.28838760548700959063e-01) (4, -3.82594724689917287108e-01) (5, -4.59357111894578107325e+00) (6, -6.83308976031635406656e+00) (7, 1.32568980338917796757e+00) (8, 9.26058901077967622228e-01) (9, -1.11639645108663407291e-01) (0, 7.02125795839715394209e+00) (1, 1.87796299479252493114e+00) (2, -4.76505338340923412233e+00) (3, -4.67358133675023701414e+00) (4, 2.24845310377184715023e+00) (5, 3.80465904918443555971e+01) (6, -7.40151747224260780911e+00) (7, -6.47844448427131425206e+00) (8, -5.84590144363682284734e+00) (9, 4.94298718674083303881e+00) (10, 1.31724800020032830616e+01) (11, 1.76843678482400989971e+00) (12, -3.20734772373940790757e+00) (13, -1.02937052740854206867e+00) 
