FANN_FLO_2.1
num_layers=3
learning_rate=0.700000
connection_rate=1.000000
network_type=0
learning_momentum=0.000000
training_algorithm=2
train_error_function=1
train_stop_function=1
cascade_output_change_fraction=0.010000
quickprop_decay=-0.000100
quickprop_mu=1.750000
rprop_increase_factor=1.200000
rprop_decrease_factor=0.500000
rprop_delta_min=0.000000
rprop_delta_max=50.000000
rprop_delta_zero=0.100000
cascade_output_stagnation_epochs=12
cascade_candidate_change_fraction=0.010000
cascade_candidate_stagnation_epochs=12
cascade_max_out_epochs=150
cascade_min_out_epochs=50
cascade_max_cand_epochs=150
cascade_min_cand_epochs=50
cascade_num_candidate_groups=2
bit_fail_limit=1.00000000000000005551e-01
cascade_candidate_limit=1.00000000000000000000e+03
cascade_weight_multiplier=4.00000000000000022204e-01
cascade_activation_functions_count=10
cascade_activation_functions=3 5 7 8 10 11 14 15 16 17 
cascade_activation_steepnesses_count=4
cascade_activation_steepnesses=2.50000000000000000000e-01 5.00000000000000000000e-01 7.50000000000000000000e-01 1.00000000000000000000e+00 
layer_sizes=12 4 2 
scale_included=0
neurons (num_inputs, activation_function, activation_steepness)=(0, 0, 0.00000000000000000000e+00) (0, 0, 0.00000000000000000000e+00) (0, 0, 0.00000000000000000000e+00) (0, 0, 0.00000000000000000000e+00) (0, 0, 0.00000000000000000000e+00) (0, 0, 0.00000000000000000000e+00) (0, 0, 0.00000000000000000000e+00) (0, 0, 0.00000000000000000000e+00) (0, 0, 0.00000000000000000000e+00) (0, 0, 0.00000000000000000000e+00) (0, 0, 0.00000000000000000000e+00) (0, 0, 0.00000000000000000000e+00) (12, 6, 5.00000000000000000000e-01) (12, 6, 5.00000000000000000000e-01) (12, 6, 5.00000000000000000000e-01) (0, 6, 0.00000000000000000000e+00) (4, 4, 5.00000000000000000000e-01) (0, 4, 0.00000000000000000000e+00) 
connections (connected_to_neuron, weight)=(0, -5.81194150911740337051e+00) (1, 9.91524782185773889687e-01) (2, 2.70286970736906262402e+01) (3, 2.13601205817517048047e+00) (4, 3.71218643527137182048e-01) (5, 2.04278395644482380078e+00) (6, 1.77614827099415895084e+00) (7, 7.95134379715848882419e-01) (8, 1.95169700985977301322e-01) (9, 1.69989614492485174857e-01) (10, 6.50014945299554391944e-01) (11, -1.14647675241530189183e+00) (0, -2.12320782187958823073e+00) (1, 3.27786350252372682412e-01) (2, 1.10363848508600455034e+01) (3, 1.10060903002939869388e+00) (4, 4.48840688283437039274e-01) (5, 1.18510070761166264042e+00) (6, 6.69511295427616226483e-01) (7, 1.35637314934852226678e+00) (8, 2.60552933299275035761e-01) (9, 3.75136262248162655197e-01) (10, 1.75070091831339058608e+00) (11, -6.22055292561792372297e-01) (0, -2.26588960293313146366e+00) (1, 5.81886408331138804684e-01) (2, 1.12575002237860424259e+01) (3, 9.23927455744368075763e-01) (4, 1.51995781327479345668e-01) (5, 8.66281546256167045428e-01) (6, 7.86178223212297466738e-01) (7, 1.13689751882674783268e+00) (8, -1.11735891464037947335e-02) (9, 2.94308287787373445976e-01) (10, 1.66308769720447724438e+00) (11, -7.60828402176641604981e-01) (12, 1.41048353691685459665e+01) (13, 1.08120863457642246708e+00) (14, 4.23623356327335365279e+00) (15, -2.10950802011714433348e+00) 
