FANN_FLO_2.1
num_layers=3
learning_rate=0.700000
connection_rate=1.000000
network_type=0
learning_momentum=0.000000
training_algorithm=2
train_error_function=1
train_stop_function=1
cascade_output_change_fraction=0.010000
quickprop_decay=-0.000100
quickprop_mu=1.750000
rprop_increase_factor=1.200000
rprop_decrease_factor=0.500000
rprop_delta_min=0.000000
rprop_delta_max=50.000000
rprop_delta_zero=0.100000
cascade_output_stagnation_epochs=12
cascade_candidate_change_fraction=0.010000
cascade_candidate_stagnation_epochs=12
cascade_max_out_epochs=150
cascade_min_out_epochs=50
cascade_max_cand_epochs=150
cascade_min_cand_epochs=50
cascade_num_candidate_groups=2
bit_fail_limit=1.00000000000000005551e-01
cascade_candidate_limit=1.00000000000000000000e+03
cascade_weight_multiplier=4.00000000000000022204e-01
cascade_activation_functions_count=10
cascade_activation_functions=3 5 7 8 10 11 14 15 16 17 
cascade_activation_steepnesses_count=4
cascade_activation_steepnesses=2.50000000000000000000e-01 5.00000000000000000000e-01 7.50000000000000000000e-01 1.00000000000000000000e+00 
layer_sizes=6 4 2 
scale_included=0
neurons (num_inputs, activation_function, activation_steepness)=(0, 0, 0.00000000000000000000e+00) (0, 0, 0.00000000000000000000e+00) (0, 0, 0.00000000000000000000e+00) (0, 0, 0.00000000000000000000e+00) (0, 0, 0.00000000000000000000e+00) (0, 0, 0.00000000000000000000e+00) (6, 6, 5.00000000000000000000e-01) (6, 6, 5.00000000000000000000e-01) (6, 6, 5.00000000000000000000e-01) (0, 6, 0.00000000000000000000e+00) (4, 4, 5.00000000000000000000e-01) (0, 4, 0.00000000000000000000e+00) 
connections (connected_to_neuron, weight)=(0, -1.51889305160381749005e+00) (1, 2.21366655018328373217e+00) (2, 2.06717912718047092113e+00) (3, -8.15354320193768106195e-02) (4, 2.02867974706660580964e+00) (5, -1.91671755947716215829e+00) (0, -5.84789988738311783401e-01) (1, 1.09876571502198117081e+00) (2, 2.29874151270975168870e+00) (3, 2.65736796885763681964e-01) (4, 3.60773112862140976631e-01) (5, -7.28110185491285255566e-01) (0, 1.30717293065498574300e+00) (1, -1.52959138253426951692e+00) (2, -5.50249043610016475014e-01) (3, 9.19345463063495849099e-01) (4, -7.39409518357453832138e-01) (5, 2.42231471551161536837e+00) (6, 1.70137758754741668099e+01) (7, 2.47284507348658033621e+00) (8, -1.91327279098875502328e+00) (9, -1.47991536156275227398e+00) 
