FANN_FLO_2.1
num_layers=3
learning_rate=0.700000
connection_rate=1.000000
network_type=0
learning_momentum=0.000000
training_algorithm=2
train_error_function=1
train_stop_function=1
cascade_output_change_fraction=0.010000
quickprop_decay=-0.000100
quickprop_mu=1.750000
rprop_increase_factor=1.200000
rprop_decrease_factor=0.500000
rprop_delta_min=0.000000
rprop_delta_max=50.000000
rprop_delta_zero=0.100000
cascade_output_stagnation_epochs=12
cascade_candidate_change_fraction=0.010000
cascade_candidate_stagnation_epochs=12
cascade_max_out_epochs=150
cascade_min_out_epochs=50
cascade_max_cand_epochs=150
cascade_min_cand_epochs=50
cascade_num_candidate_groups=2
bit_fail_limit=1.00000000000000005551e-01
cascade_candidate_limit=1.00000000000000000000e+03
cascade_weight_multiplier=4.00000000000000022204e-01
cascade_activation_functions_count=10
cascade_activation_functions=3 5 7 8 10 11 14 15 16 17 
cascade_activation_steepnesses_count=4
cascade_activation_steepnesses=2.50000000000000000000e-01 5.00000000000000000000e-01 7.50000000000000000000e-01 1.00000000000000000000e+00 
layer_sizes=10 4 2 
scale_included=0
neurons (num_inputs, activation_function, activation_steepness)=(0, 0, 0.00000000000000000000e+00) (0, 0, 0.00000000000000000000e+00) (0, 0, 0.00000000000000000000e+00) (0, 0, 0.00000000000000000000e+00) (0, 0, 0.00000000000000000000e+00) (0, 0, 0.00000000000000000000e+00) (0, 0, 0.00000000000000000000e+00) (0, 0, 0.00000000000000000000e+00) (0, 0, 0.00000000000000000000e+00) (0, 0, 0.00000000000000000000e+00) (10, 6, 5.00000000000000000000e-01) (10, 6, 5.00000000000000000000e-01) (10, 6, 5.00000000000000000000e-01) (0, 6, 0.00000000000000000000e+00) (4, 4, 5.00000000000000000000e-01) (0, 4, 0.00000000000000000000e+00) 
connections (connected_to_neuron, weight)=(0, 1.60308899835239132559e-01) (1, 3.42847915279251069798e-01) (2, 3.74564289889598056593e-01) (3, 1.25337683138292715901e-01) (4, 1.93550252714306814106e-01) (5, 1.09754310857005998869e+00) (6, -4.91590970097367407909e-01) (7, 5.20822841834211569534e-01) (8, 6.64389175707415957639e-01) (9, 2.33356927827891684479e-02) (0, 4.52937073362145081745e+00) (1, -3.81344057159475369190e+00) (2, -3.05393611999322134309e+00) (3, -1.63489836387849174493e+00) (4, -2.15533666166539861209e+00) (5, -3.62526739359727212531e+00) (6, 9.97057790923140707662e+00) (7, -1.81777791967054036526e+00) (8, -1.48982389496094547177e-02) (9, 4.88378239988129880800e+00) (0, -2.77052182729781515391e+00) (1, 2.86433247238803145862e+00) (2, 3.17044065436819444415e+00) (3, -4.86661587043847321254e-01) (4, -5.86554283852868674209e-02) (5, 6.26543778789258265505e-01) (6, -3.92356191535919318625e+00) (7, 3.36961990932419208633e+00) (8, -2.94117958583612393308e-01) (9, -3.06215077596029150442e+00) (10, 7.03260311807575755338e-01) (11, -1.62397611973896438542e+00) (12, 1.41866300941307947880e+01) (13, -8.37851585268746257285e-01) 
