FANN_FLO_2.1
num_layers=3
learning_rate=0.700000
connection_rate=1.000000
network_type=0
learning_momentum=0.000000
training_algorithm=2
train_error_function=1
train_stop_function=1
cascade_output_change_fraction=0.010000
quickprop_decay=-0.000100
quickprop_mu=1.750000
rprop_increase_factor=1.200000
rprop_decrease_factor=0.500000
rprop_delta_min=0.000000
rprop_delta_max=50.000000
rprop_delta_zero=0.100000
cascade_output_stagnation_epochs=12
cascade_candidate_change_fraction=0.010000
cascade_candidate_stagnation_epochs=12
cascade_max_out_epochs=150
cascade_min_out_epochs=50
cascade_max_cand_epochs=150
cascade_min_cand_epochs=50
cascade_num_candidate_groups=2
bit_fail_limit=1.00000000000000005551e-01
cascade_candidate_limit=1.00000000000000000000e+03
cascade_weight_multiplier=4.00000000000000022204e-01
cascade_activation_functions_count=10
cascade_activation_functions=3 5 7 8 10 11 14 15 16 17 
cascade_activation_steepnesses_count=4
cascade_activation_steepnesses=2.50000000000000000000e-01 5.00000000000000000000e-01 7.50000000000000000000e-01 1.00000000000000000000e+00 
layer_sizes=8 4 2 
scale_included=0
neurons (num_inputs, activation_function, activation_steepness)=(0, 0, 0.00000000000000000000e+00) (0, 0, 0.00000000000000000000e+00) (0, 0, 0.00000000000000000000e+00) (0, 0, 0.00000000000000000000e+00) (0, 0, 0.00000000000000000000e+00) (0, 0, 0.00000000000000000000e+00) (0, 0, 0.00000000000000000000e+00) (0, 0, 0.00000000000000000000e+00) (8, 6, 5.00000000000000000000e-01) (8, 6, 5.00000000000000000000e-01) (8, 6, 5.00000000000000000000e-01) (0, 6, 0.00000000000000000000e+00) (4, 4, 5.00000000000000000000e-01) (0, 4, 0.00000000000000000000e+00) 
connections (connected_to_neuron, weight)=(0, -2.46352685873746546363e+00) (1, 3.28034098978677235436e+00) (2, 2.27414395449407313876e+00) (3, -3.78934845133956921259e-01) (4, -3.65788411154684078852e-01) (5, 2.87871907629305590071e-01) (6, 4.23183166750385897359e+00) (7, -2.55840562169789942359e+00) (0, 2.39237050853471089340e+00) (1, -1.73010358102998673679e+00) (2, -1.82541934011426709716e+00) (3, 1.10086551857601389059e+00) (4, -1.02342281560225201176e+00) (5, -1.53845802542738718799e+00) (6, -1.04243375474450794549e+00) (7, 2.48638358853558782968e+00) (0, -1.03799715802727843261e+00) (1, 1.79588660892681417636e+00) (2, 1.36632091868904192999e+00) (3, 2.16052484668678768109e-01) (4, 1.73521009020596778116e-01) (5, 4.80635227934443298725e-01) (6, 8.88529548413622194403e-01) (7, -7.47881872361683019967e-01) (8, 4.32491723848966724830e+00) (9, -6.98162883509969223184e+00) (10, 1.11913733349652244620e+00) (11, -1.53379131641150845411e+00) 
