FANN_FLO_2.1
num_layers=3
learning_rate=0.700000
connection_rate=1.000000
network_type=0
learning_momentum=0.000000
training_algorithm=2
train_error_function=1
train_stop_function=1
cascade_output_change_fraction=0.010000
quickprop_decay=-0.000100
quickprop_mu=1.750000
rprop_increase_factor=1.200000
rprop_decrease_factor=0.500000
rprop_delta_min=0.000000
rprop_delta_max=50.000000
rprop_delta_zero=0.100000
cascade_output_stagnation_epochs=12
cascade_candidate_change_fraction=0.010000
cascade_candidate_stagnation_epochs=12
cascade_max_out_epochs=150
cascade_min_out_epochs=50
cascade_max_cand_epochs=150
cascade_min_cand_epochs=50
cascade_num_candidate_groups=2
bit_fail_limit=1.00000000000000005551e-01
cascade_candidate_limit=1.00000000000000000000e+03
cascade_weight_multiplier=4.00000000000000022204e-01
cascade_activation_functions_count=10
cascade_activation_functions=3 5 7 8 10 11 14 15 16 17 
cascade_activation_steepnesses_count=4
cascade_activation_steepnesses=2.50000000000000000000e-01 5.00000000000000000000e-01 7.50000000000000000000e-01 1.00000000000000000000e+00 
layer_sizes=16 4 2 
scale_included=0
neurons (num_inputs, activation_function, activation_steepness)=(0, 0, 0.00000000000000000000e+00) (0, 0, 0.00000000000000000000e+00) (0, 0, 0.00000000000000000000e+00) (0, 0, 0.00000000000000000000e+00) (0, 0, 0.00000000000000000000e+00) (0, 0, 0.00000000000000000000e+00) (0, 0, 0.00000000000000000000e+00) (0, 0, 0.00000000000000000000e+00) (0, 0, 0.00000000000000000000e+00) (0, 0, 0.00000000000000000000e+00) (0, 0, 0.00000000000000000000e+00) (0, 0, 0.00000000000000000000e+00) (0, 0, 0.00000000000000000000e+00) (0, 0, 0.00000000000000000000e+00) (0, 0, 0.00000000000000000000e+00) (0, 0, 0.00000000000000000000e+00) (16, 6, 5.00000000000000000000e-01) (16, 6, 5.00000000000000000000e-01) (16, 6, 5.00000000000000000000e-01) (0, 6, 0.00000000000000000000e+00) (4, 4, 5.00000000000000000000e-01) (0, 4, 0.00000000000000000000e+00) 
connections (connected_to_neuron, weight)=(0, -1.94558831817381294726e+00) (1, 3.29552587276666875127e+00) (2, 7.38148547577120339724e-01) (3, -1.95862141019575508594e+00) (4, -2.67031055042801813981e-02) (5, -6.79849433471237718507e-01) (6, -3.53032414366792821059e-02) (7, -6.48646974112574020710e-02) (8, -1.34796458991690015772e-01) (9, -7.79284239981048010293e-01) (10, -1.91092004395000847339e+00) (11, 3.27916385388344044927e+00) (12, -8.86228629622332952920e-01) (13, -3.29494620444499911049e-03) (14, -4.40167525159595285356e-01) (15, -2.19490966123268071986e-01) (0, -6.62019520429245389437e-01) (1, 1.36725824584183075494e+00) (2, 2.66507418154927178122e-01) (3, -5.37614408311716363009e-01) (4, 4.26954947644298810072e-01) (5, -9.97096341627946337882e-03) (6, 3.29321230454472979599e-01) (7, 1.57803692975853671054e-01) (8, -4.18052847443668440519e-02) (9, -1.69051934365817335681e-01) (10, -1.51192639355250624256e-01) (11, 1.40050375719484665460e+00) (12, -4.87109910293304776419e-02) (13, 6.17184838132202928662e-01) (14, 2.01221846927989916898e-01) (15, -1.10119796172303621717e-01) (0, -1.79505978173487124039e+00) (1, 3.24578930418461153451e+00) (2, 5.06011879462455849144e-01) (3, -1.94508730268948015762e+00) (4, 1.47279278089938563123e-02) (5, -6.25135132540738047702e-01) (6, 9.62004289677081403376e-02) (7, 2.17640997196176883000e-01) (8, -2.27103265436812140621e-01) (9, -8.16599562737815642954e-01) (10, -1.84312603271477160050e+00) (11, 3.14272714387148210946e+00) (12, -8.05600695285671020152e-01) (13, 1.76620973513675838529e-01) (14, -3.19946666274252222717e-01) (15, -2.40176682394668883358e-01) (16, 7.61357665750128731474e+00) (17, 2.01280129784070904719e+00) (18, 3.09999592817991409532e+00) (19, -1.40477622439665728038e+00) 
