FANN_FLO_2.1
num_layers=3
learning_rate=0.700000
connection_rate=1.000000
network_type=0
learning_momentum=0.000000
training_algorithm=2
train_error_function=1
train_stop_function=1
cascade_output_change_fraction=0.010000
quickprop_decay=-0.000100
quickprop_mu=1.750000
rprop_increase_factor=1.200000
rprop_decrease_factor=0.500000
rprop_delta_min=0.000000
rprop_delta_max=50.000000
rprop_delta_zero=0.100000
cascade_output_stagnation_epochs=12
cascade_candidate_change_fraction=0.010000
cascade_candidate_stagnation_epochs=12
cascade_max_out_epochs=150
cascade_min_out_epochs=50
cascade_max_cand_epochs=150
cascade_min_cand_epochs=50
cascade_num_candidate_groups=2
bit_fail_limit=1.00000000000000005551e-01
cascade_candidate_limit=1.00000000000000000000e+03
cascade_weight_multiplier=4.00000000000000022204e-01
cascade_activation_functions_count=10
cascade_activation_functions=3 5 7 8 10 11 14 15 16 17 
cascade_activation_steepnesses_count=4
cascade_activation_steepnesses=2.50000000000000000000e-01 5.00000000000000000000e-01 7.50000000000000000000e-01 1.00000000000000000000e+00 
layer_sizes=10 4 2 
scale_included=0
neurons (num_inputs, activation_function, activation_steepness)=(0, 0, 0.00000000000000000000e+00) (0, 0, 0.00000000000000000000e+00) (0, 0, 0.00000000000000000000e+00) (0, 0, 0.00000000000000000000e+00) (0, 0, 0.00000000000000000000e+00) (0, 0, 0.00000000000000000000e+00) (0, 0, 0.00000000000000000000e+00) (0, 0, 0.00000000000000000000e+00) (0, 0, 0.00000000000000000000e+00) (0, 0, 0.00000000000000000000e+00) (10, 6, 5.00000000000000000000e-01) (10, 6, 5.00000000000000000000e-01) (10, 6, 5.00000000000000000000e-01) (0, 6, 0.00000000000000000000e+00) (4, 4, 5.00000000000000000000e-01) (0, 4, 0.00000000000000000000e+00) 
connections (connected_to_neuron, weight)=(0, -2.59429965010762852984e+00) (1, 1.59899241343977305263e+00) (2, 1.18656711189260866135e+00) (3, 1.28301426647902383493e+00) (4, 2.30883566767072601067e+00) (5, -5.41150233472000863344e-01) (6, 3.86971705632004603359e+00) (7, 5.49209713999089799152e-01) (8, 3.30990862586580103510e+00) (9, -2.99615520389367340215e+00) (0, -4.65366062585342543656e+00) (1, 2.57404304598922628600e+00) (2, 1.30070177979792478418e+00) (3, 4.50795570250478139229e+00) (4, 2.67283490475979190748e+00) (5, -6.12955894806121004414e-01) (6, 1.62200309902233570369e+01) (7, 5.64346429705771202023e-01) (8, -1.58761760367213522471e+00) (9, -3.17327491980018550066e+00) (0, 5.33470636619801297229e+01) (1, 3.28923989535047089916e-01) (2, 9.77232653673976825459e-01) (3, 1.38550937750263458703e+00) (4, 4.94615160490555830219e-02) (5, 4.11997639252972192025e+00) (6, 9.70739343622651063015e+01) (7, 7.53213621659857390789e-01) (8, 1.29104475603028023833e+00) (9, 1.03953092096661396937e+01) (10, 2.64926771455187065385e+02) (11, -3.07153931801652220202e+01) (12, -1.15398338412499779082e+00) (13, -1.57321202868348364312e+00) 
