FANN_FLO_2.1
num_layers=3
learning_rate=0.700000
connection_rate=1.000000
network_type=0
learning_momentum=0.000000
training_algorithm=2
train_error_function=1
train_stop_function=1
cascade_output_change_fraction=0.010000
quickprop_decay=-0.000100
quickprop_mu=1.750000
rprop_increase_factor=1.200000
rprop_decrease_factor=0.500000
rprop_delta_min=0.000000
rprop_delta_max=50.000000
rprop_delta_zero=0.100000
cascade_output_stagnation_epochs=12
cascade_candidate_change_fraction=0.010000
cascade_candidate_stagnation_epochs=12
cascade_max_out_epochs=150
cascade_min_out_epochs=50
cascade_max_cand_epochs=150
cascade_min_cand_epochs=50
cascade_num_candidate_groups=2
bit_fail_limit=1.00000000000000005551e-01
cascade_candidate_limit=1.00000000000000000000e+03
cascade_weight_multiplier=4.00000000000000022204e-01
cascade_activation_functions_count=10
cascade_activation_functions=3 5 7 8 10 11 14 15 16 17 
cascade_activation_steepnesses_count=4
cascade_activation_steepnesses=2.50000000000000000000e-01 5.00000000000000000000e-01 7.50000000000000000000e-01 1.00000000000000000000e+00 
layer_sizes=10 4 2 
scale_included=0
neurons (num_inputs, activation_function, activation_steepness)=(0, 0, 0.00000000000000000000e+00) (0, 0, 0.00000000000000000000e+00) (0, 0, 0.00000000000000000000e+00) (0, 0, 0.00000000000000000000e+00) (0, 0, 0.00000000000000000000e+00) (0, 0, 0.00000000000000000000e+00) (0, 0, 0.00000000000000000000e+00) (0, 0, 0.00000000000000000000e+00) (0, 0, 0.00000000000000000000e+00) (0, 0, 0.00000000000000000000e+00) (10, 6, 5.00000000000000000000e-01) (10, 6, 5.00000000000000000000e-01) (10, 6, 5.00000000000000000000e-01) (0, 6, 0.00000000000000000000e+00) (4, 4, 5.00000000000000000000e-01) (0, 4, 0.00000000000000000000e+00) 
connections (connected_to_neuron, weight)=(0, -3.45938999357327636730e+00) (1, 2.54373400363570967286e+00) (2, 2.75531716350747246658e-01) (3, -1.00059480174217230175e-01) (4, 2.96401365526468563161e+00) (5, 2.08888731996593612905e+00) (6, 8.15503555559329740277e+00) (7, 5.86251471051819073033e-01) (8, 7.89835000640456019738e+00) (9, -4.60856100579072158752e+00) (0, 7.89633020229091897590e+00) (1, -1.36649749827015942749e+00) (2, -2.77861419329818115642e-01) (3, -3.44929919698117870563e-01) (4, -4.01806877712037491257e-01) (5, 2.10818439353066600095e-01) (6, -1.82786780299467177535e+00) (7, -4.03774940469779353158e-01) (8, 8.93580870518057235330e-01) (9, 1.10352827342743786687e+00) (0, 5.10439820264161259189e+00) (1, -1.38753322981816218373e+00) (2, -1.54753578694229454449e-01) (3, -2.57519677725349949160e-01) (4, -3.75363622291211340709e-01) (5, 4.93189092760999842069e-02) (6, -1.97916630648556046701e+00) (7, -1.35627654902864813735e+00) (8, -1.15759561521254494831e-02) (9, 1.23206486381060997815e+00) (10, 1.51703256617002580242e+02) (11, -3.32665294569342406827e-01) (12, -1.68755945955081330112e+02) (13, -1.82389938055107103665e+00) 
