FANN_FLO_2.1
num_layers=3
learning_rate=0.700000
connection_rate=1.000000
network_type=0
learning_momentum=0.000000
training_algorithm=2
train_error_function=1
train_stop_function=1
cascade_output_change_fraction=0.010000
quickprop_decay=-0.000100
quickprop_mu=1.750000
rprop_increase_factor=1.200000
rprop_decrease_factor=0.500000
rprop_delta_min=0.000000
rprop_delta_max=50.000000
rprop_delta_zero=0.100000
cascade_output_stagnation_epochs=12
cascade_candidate_change_fraction=0.010000
cascade_candidate_stagnation_epochs=12
cascade_max_out_epochs=150
cascade_min_out_epochs=50
cascade_max_cand_epochs=150
cascade_min_cand_epochs=50
cascade_num_candidate_groups=2
bit_fail_limit=1.00000000000000005551e-01
cascade_candidate_limit=1.00000000000000000000e+03
cascade_weight_multiplier=4.00000000000000022204e-01
cascade_activation_functions_count=10
cascade_activation_functions=3 5 7 8 10 11 14 15 16 17 
cascade_activation_steepnesses_count=4
cascade_activation_steepnesses=2.50000000000000000000e-01 5.00000000000000000000e-01 7.50000000000000000000e-01 1.00000000000000000000e+00 
layer_sizes=8 4 2 
scale_included=0
neurons (num_inputs, activation_function, activation_steepness)=(0, 0, 0.00000000000000000000e+00) (0, 0, 0.00000000000000000000e+00) (0, 0, 0.00000000000000000000e+00) (0, 0, 0.00000000000000000000e+00) (0, 0, 0.00000000000000000000e+00) (0, 0, 0.00000000000000000000e+00) (0, 0, 0.00000000000000000000e+00) (0, 0, 0.00000000000000000000e+00) (8, 6, 5.00000000000000000000e-01) (8, 6, 5.00000000000000000000e-01) (8, 6, 5.00000000000000000000e-01) (0, 6, 0.00000000000000000000e+00) (4, 4, 5.00000000000000000000e-01) (0, 4, 0.00000000000000000000e+00) 
connections (connected_to_neuron, weight)=(0, -4.46706012414458353277e+00) (1, 4.50274914258310143822e+00) (2, 4.64444385725317321345e+00) (3, -5.50002899403526646083e-01) (4, -1.02892961783023895173e+00) (5, 2.49730858017593071452e+00) (6, -1.71170308524137060324e+00) (7, -4.43053786607149202581e+00) (0, -1.27679209552820971396e-01) (1, 1.33969677423203148425e-01) (2, 9.15594947888970223104e-02) (3, 2.90592212220730838901e-01) (4, 1.36808466312712373458e-01) (5, 5.42667079225074955318e-01) (6, 1.35455830549098071858e-01) (7, -5.76999310122107283982e-02) (0, 1.50966579460793637324e+00) (1, -8.45567092623574545485e-01) (2, -2.63221286269327947593e+00) (3, 2.91510637460727528580e-01) (4, 3.73013953349380200653e-01) (5, -2.04154693870776393627e-01) (6, 4.63331732092765180564e-01) (7, 1.26366044890858764127e+00) (8, 6.96074941710828287711e+00) (9, 3.03331143392674307258e-01) (10, -1.29250499355996550932e+00) (11, -1.32540819763451178659e+00) 
