FANN_FLO_2.1
num_layers=3
learning_rate=0.700000
connection_rate=1.000000
network_type=0
learning_momentum=0.000000
training_algorithm=2
train_error_function=1
train_stop_function=1
cascade_output_change_fraction=0.010000
quickprop_decay=-0.000100
quickprop_mu=1.750000
rprop_increase_factor=1.200000
rprop_decrease_factor=0.500000
rprop_delta_min=0.000000
rprop_delta_max=50.000000
rprop_delta_zero=0.100000
cascade_output_stagnation_epochs=12
cascade_candidate_change_fraction=0.010000
cascade_candidate_stagnation_epochs=12
cascade_max_out_epochs=150
cascade_min_out_epochs=50
cascade_max_cand_epochs=150
cascade_min_cand_epochs=50
cascade_num_candidate_groups=2
bit_fail_limit=1.00000000000000005551e-01
cascade_candidate_limit=1.00000000000000000000e+03
cascade_weight_multiplier=4.00000000000000022204e-01
cascade_activation_functions_count=10
cascade_activation_functions=3 5 7 8 10 11 14 15 16 17 
cascade_activation_steepnesses_count=4
cascade_activation_steepnesses=2.50000000000000000000e-01 5.00000000000000000000e-01 7.50000000000000000000e-01 1.00000000000000000000e+00 
layer_sizes=9 4 2 
scale_included=0
neurons (num_inputs, activation_function, activation_steepness)=(0, 0, 0.00000000000000000000e+00) (0, 0, 0.00000000000000000000e+00) (0, 0, 0.00000000000000000000e+00) (0, 0, 0.00000000000000000000e+00) (0, 0, 0.00000000000000000000e+00) (0, 0, 0.00000000000000000000e+00) (0, 0, 0.00000000000000000000e+00) (0, 0, 0.00000000000000000000e+00) (0, 0, 0.00000000000000000000e+00) (9, 6, 5.00000000000000000000e-01) (9, 6, 5.00000000000000000000e-01) (9, 6, 5.00000000000000000000e-01) (0, 6, 0.00000000000000000000e+00) (4, 4, 5.00000000000000000000e-01) (0, 4, 0.00000000000000000000e+00) 
connections (connected_to_neuron, weight)=(0, 6.42519543972102757934e-01) (1, -4.02516838579771552009e-01) (2, -8.27140505219245092405e-01) (3, -1.51743171212406241510e-01) (4, -1.79086235059158466187e-01) (5, -1.90138508972854697321e-01) (6, -2.40435078288249365341e-01) (7, -2.00546972794084316094e-01) (8, 3.97404579197585483552e-01) (0, 4.79492741730300597869e-01) (1, -4.37754881053564526283e-01) (2, -9.01191319132590318297e-01) (3, -1.13567141291828252458e-01) (4, -8.87215702661439398202e-02) (5, -8.78219431612206197224e-02) (6, -1.80315143908194891464e-01) (7, -1.07546188277749810158e-01) (8, 4.50822097932517429353e-01) (0, -1.59804170804409850781e+00) (1, 2.20026450028999365216e+00) (2, 1.81851962726125071512e+00) (3, 1.07769616689342306870e+00) (4, 1.07271008934634970444e+00) (5, 1.08056145157474325913e+00) (6, 1.01368195559638807346e+00) (7, 1.94147536430415756925e+00) (8, -2.57919661139680611583e+00) (9, -5.92485442250882510251e-01) (10, -1.47607445068732001658e+00) (11, 2.03761519039639935613e+01) (12, -1.58170233892588485425e+00) 
