FANN_FLO_2.1
num_layers=3
learning_rate=0.700000
connection_rate=1.000000
network_type=0
learning_momentum=0.000000
training_algorithm=2
train_error_function=1
train_stop_function=1
cascade_output_change_fraction=0.010000
quickprop_decay=-0.000100
quickprop_mu=1.750000
rprop_increase_factor=1.200000
rprop_decrease_factor=0.500000
rprop_delta_min=0.000000
rprop_delta_max=50.000000
rprop_delta_zero=0.100000
cascade_output_stagnation_epochs=12
cascade_candidate_change_fraction=0.010000
cascade_candidate_stagnation_epochs=12
cascade_max_out_epochs=150
cascade_min_out_epochs=50
cascade_max_cand_epochs=150
cascade_min_cand_epochs=50
cascade_num_candidate_groups=2
bit_fail_limit=1.00000000000000005551e-01
cascade_candidate_limit=1.00000000000000000000e+03
cascade_weight_multiplier=4.00000000000000022204e-01
cascade_activation_functions_count=10
cascade_activation_functions=3 5 7 8 10 11 14 15 16 17 
cascade_activation_steepnesses_count=4
cascade_activation_steepnesses=2.50000000000000000000e-01 5.00000000000000000000e-01 7.50000000000000000000e-01 1.00000000000000000000e+00 
layer_sizes=7 4 2 
scale_included=0
neurons (num_inputs, activation_function, activation_steepness)=(0, 0, 0.00000000000000000000e+00) (0, 0, 0.00000000000000000000e+00) (0, 0, 0.00000000000000000000e+00) (0, 0, 0.00000000000000000000e+00) (0, 0, 0.00000000000000000000e+00) (0, 0, 0.00000000000000000000e+00) (0, 0, 0.00000000000000000000e+00) (7, 6, 5.00000000000000000000e-01) (7, 6, 5.00000000000000000000e-01) (7, 6, 5.00000000000000000000e-01) (0, 6, 0.00000000000000000000e+00) (4, 4, 5.00000000000000000000e-01) (0, 4, 0.00000000000000000000e+00) 
connections (connected_to_neuron, weight)=(0, -2.14162215696915492202e+00) (1, 1.53536668962306777075e+00) (2, 9.67553524110477014553e-01) (3, -2.34760096160145703692e-01) (4, 9.03059266519015024777e-01) (5, -3.55992878591642469832e-01) (6, -1.22489780487933330733e+00) (0, -6.83810870853526875379e-01) (1, 8.03282112181366914072e-01) (2, 2.40032556602676505619e+00) (3, -2.75529769412380554083e-01) (4, 1.48845473137438316646e-01) (5, -1.17506399770230071655e-01) (6, -7.93725188580615803602e-01) (0, -2.83101496642611971666e+00) (1, 1.89884596524171067600e+00) (2, 1.88330084174909639927e+00) (3, -3.89569779570690555293e-01) (4, 1.49993926515123066068e+00) (5, -9.28074535742667849902e-01) (6, -1.64331291733918227749e+00) (7, 5.30011274275460575467e+00) (8, 4.78315749385632815738e-01) (9, 1.29417869532506788488e+01) (10, -2.35225658338002263648e+00) 
