FANN_FLO_2.1
num_layers=3
learning_rate=0.700000
connection_rate=1.000000
network_type=0
learning_momentum=0.000000
training_algorithm=2
train_error_function=1
train_stop_function=1
cascade_output_change_fraction=0.010000
quickprop_decay=-0.000100
quickprop_mu=1.750000
rprop_increase_factor=1.200000
rprop_decrease_factor=0.500000
rprop_delta_min=0.000000
rprop_delta_max=50.000000
rprop_delta_zero=0.100000
cascade_output_stagnation_epochs=12
cascade_candidate_change_fraction=0.010000
cascade_candidate_stagnation_epochs=12
cascade_max_out_epochs=150
cascade_min_out_epochs=50
cascade_max_cand_epochs=150
cascade_min_cand_epochs=50
cascade_num_candidate_groups=2
bit_fail_limit=1.00000000000000005551e-01
cascade_candidate_limit=1.00000000000000000000e+03
cascade_weight_multiplier=4.00000000000000022204e-01
cascade_activation_functions_count=10
cascade_activation_functions=3 5 7 8 10 11 14 15 16 17 
cascade_activation_steepnesses_count=4
cascade_activation_steepnesses=2.50000000000000000000e-01 5.00000000000000000000e-01 7.50000000000000000000e-01 1.00000000000000000000e+00 
layer_sizes=16 4 2 
scale_included=0
neurons (num_inputs, activation_function, activation_steepness)=(0, 0, 0.00000000000000000000e+00) (0, 0, 0.00000000000000000000e+00) (0, 0, 0.00000000000000000000e+00) (0, 0, 0.00000000000000000000e+00) (0, 0, 0.00000000000000000000e+00) (0, 0, 0.00000000000000000000e+00) (0, 0, 0.00000000000000000000e+00) (0, 0, 0.00000000000000000000e+00) (0, 0, 0.00000000000000000000e+00) (0, 0, 0.00000000000000000000e+00) (0, 0, 0.00000000000000000000e+00) (0, 0, 0.00000000000000000000e+00) (0, 0, 0.00000000000000000000e+00) (0, 0, 0.00000000000000000000e+00) (0, 0, 0.00000000000000000000e+00) (0, 0, 0.00000000000000000000e+00) (16, 6, 5.00000000000000000000e-01) (16, 6, 5.00000000000000000000e-01) (16, 6, 5.00000000000000000000e-01) (0, 6, 0.00000000000000000000e+00) (4, 4, 5.00000000000000000000e-01) (0, 4, 0.00000000000000000000e+00) 
connections (connected_to_neuron, weight)=(0, 3.47261885350670063133e+00) (1, 6.50829855512507862159e+01) (2, 3.63663978062811477088e+00) (3, -5.62528693329427953440e-02) (4, 7.12415615196963725175e-01) (5, -1.10350158292419942008e+00) (6, 8.30866769861863296853e+00) (7, -1.02459638796971308494e+00) (8, -1.31392707624210736128e+01) (9, -1.26135740981357069579e+00) (10, -1.18350043866079390753e+00) (11, 2.71575051184814064698e+00) (12, 1.38644664516616278327e-01) (13, -4.11567860495184179026e-02) (14, 7.33073382158115265383e+01) (15, 3.61304203709140780987e+00) (0, -2.86790790548588470088e+00) (1, 2.04518595284427568970e+01) (2, 1.23260887555700815454e+01) (3, 3.29543445378954658054e+00) (4, 1.28472798686491834763e-01) (5, 1.11936256925734234358e+00) (6, -1.52384408771918833381e+00) (7, 1.53483800512298351748e+00) (8, 2.36230836091526619214e-01) (9, 1.48623262522705273936e-01) (10, 3.25414659934955441400e-01) (11, -2.44084669016103728012e+00) (12, 2.78689990960931854858e+00) (13, 3.33082157493050345920e+00) (14, 2.04616550824250147400e+01) (15, -7.50479242921772149444e-01) (0, -4.79176164604118870471e+00) (1, 4.90349888463129559568e+01) (2, 3.22545207706519232449e-01) (3, 1.71029327370124395458e+00) (4, 2.21474138476557447230e-01) (5, 1.51885457434904158625e+00) (6, -2.39184681098946061439e+00) (7, 1.00096399553785886383e+00) (8, 1.14519253303179580072e+00) (9, 8.37203907605173713868e-01) (10, 2.51907819400318033765e-01) (11, 2.33740633507776207622e+00) (12, 2.11363810798714180095e+00) (13, 1.76281295277076299755e+00) (14, 4.90829753835310498289e+01) (15, -1.33006875132199975376e+00) (16, -3.68624202994069616324e+00) (17, 5.20425414788356111018e+00) (18, 1.17421920878259413712e+01) (19, -8.21418471931364413408e-01) 
