FANN_FLO_2.1
num_layers=3
learning_rate=0.700000
connection_rate=1.000000
network_type=0
learning_momentum=0.000000
training_algorithm=2
train_error_function=1
train_stop_function=1
cascade_output_change_fraction=0.010000
quickprop_decay=-0.000100
quickprop_mu=1.750000
rprop_increase_factor=1.200000
rprop_decrease_factor=0.500000
rprop_delta_min=0.000000
rprop_delta_max=50.000000
rprop_delta_zero=0.100000
cascade_output_stagnation_epochs=12
cascade_candidate_change_fraction=0.010000
cascade_candidate_stagnation_epochs=12
cascade_max_out_epochs=150
cascade_min_out_epochs=50
cascade_max_cand_epochs=150
cascade_min_cand_epochs=50
cascade_num_candidate_groups=2
bit_fail_limit=1.00000000000000005551e-01
cascade_candidate_limit=1.00000000000000000000e+03
cascade_weight_multiplier=4.00000000000000022204e-01
cascade_activation_functions_count=10
cascade_activation_functions=3 5 7 8 10 11 14 15 16 17 
cascade_activation_steepnesses_count=4
cascade_activation_steepnesses=2.50000000000000000000e-01 5.00000000000000000000e-01 7.50000000000000000000e-01 1.00000000000000000000e+00 
layer_sizes=12 4 2 
scale_included=0
neurons (num_inputs, activation_function, activation_steepness)=(0, 0, 0.00000000000000000000e+00) (0, 0, 0.00000000000000000000e+00) (0, 0, 0.00000000000000000000e+00) (0, 0, 0.00000000000000000000e+00) (0, 0, 0.00000000000000000000e+00) (0, 0, 0.00000000000000000000e+00) (0, 0, 0.00000000000000000000e+00) (0, 0, 0.00000000000000000000e+00) (0, 0, 0.00000000000000000000e+00) (0, 0, 0.00000000000000000000e+00) (0, 0, 0.00000000000000000000e+00) (0, 0, 0.00000000000000000000e+00) (12, 6, 5.00000000000000000000e-01) (12, 6, 5.00000000000000000000e-01) (12, 6, 5.00000000000000000000e-01) (0, 6, 0.00000000000000000000e+00) (4, 4, 5.00000000000000000000e-01) (0, 4, 0.00000000000000000000e+00) 
connections (connected_to_neuron, weight)=(0, 2.82663608928215848159e-01) (1, -4.27689573662613231608e-01) (2, -2.03857576005562091126e-01) (3, -4.22009942116624292563e-01) (4, -1.29158208161314763673e-01) (5, 1.62069424521509408699e-01) (6, 5.32990277256519331961e-03) (7, -5.99739257824407137609e-03) (8, -3.83333806132842291881e-01) (9, -7.52049086057538618277e-01) (10, 2.32695494354738519061e-01) (11, 4.68889248090277044323e-01) (0, -1.44093212838982664969e+00) (1, 2.23150482242875902728e+00) (2, 1.63835912282063000944e+00) (3, 8.26145501158229822458e-01) (4, 3.32026558106070679433e-01) (5, 1.48120552279056716394e+00) (6, 9.17564587166127543227e-02) (7, 1.54230828667475217131e+00) (8, 3.28945464606761017734e+00) (9, 3.00540450389409485865e+00) (10, -1.15531159992889898014e+00) (11, -2.31632428332614637156e+00) (0, 3.29350377460015053543e-01) (1, -3.80578151839111644694e-01) (2, -1.80083071344002004777e-01) (3, -4.86872148694878770225e-01) (4, -3.06224692759120564745e-02) (5, 1.04648582171980128463e-01) (6, 2.74247336431935467838e-02) (7, 5.12501567171813332546e-02) (8, -4.11692836254437311005e-01) (9, -7.60224734806413282584e-01) (10, 3.08964562178625390398e-01) (11, 4.58842430727968542126e-01) (12, -1.48084738294095030753e+00) (13, 1.53436003798750970617e+01) (14, -1.21832729887165558402e+00) (15, -2.29199164822149015208e+00) 
