FANN_FLO_2.1
num_layers=3
learning_rate=0.700000
connection_rate=1.000000
network_type=0
learning_momentum=0.000000
training_algorithm=2
train_error_function=1
train_stop_function=1
cascade_output_change_fraction=0.010000
quickprop_decay=-0.000100
quickprop_mu=1.750000
rprop_increase_factor=1.200000
rprop_decrease_factor=0.500000
rprop_delta_min=0.000000
rprop_delta_max=50.000000
rprop_delta_zero=0.100000
cascade_output_stagnation_epochs=12
cascade_candidate_change_fraction=0.010000
cascade_candidate_stagnation_epochs=12
cascade_max_out_epochs=150
cascade_min_out_epochs=50
cascade_max_cand_epochs=150
cascade_min_cand_epochs=50
cascade_num_candidate_groups=2
bit_fail_limit=1.00000000000000005551e-01
cascade_candidate_limit=1.00000000000000000000e+03
cascade_weight_multiplier=4.00000000000000022204e-01
cascade_activation_functions_count=10
cascade_activation_functions=3 5 7 8 10 11 14 15 16 17 
cascade_activation_steepnesses_count=4
cascade_activation_steepnesses=2.50000000000000000000e-01 5.00000000000000000000e-01 7.50000000000000000000e-01 1.00000000000000000000e+00 
layer_sizes=10 4 2 
scale_included=0
neurons (num_inputs, activation_function, activation_steepness)=(0, 0, 0.00000000000000000000e+00) (0, 0, 0.00000000000000000000e+00) (0, 0, 0.00000000000000000000e+00) (0, 0, 0.00000000000000000000e+00) (0, 0, 0.00000000000000000000e+00) (0, 0, 0.00000000000000000000e+00) (0, 0, 0.00000000000000000000e+00) (0, 0, 0.00000000000000000000e+00) (0, 0, 0.00000000000000000000e+00) (0, 0, 0.00000000000000000000e+00) (10, 6, 5.00000000000000000000e-01) (10, 6, 5.00000000000000000000e-01) (10, 6, 5.00000000000000000000e-01) (0, 6, 0.00000000000000000000e+00) (4, 4, 5.00000000000000000000e-01) (0, 4, 0.00000000000000000000e+00) 
connections (connected_to_neuron, weight)=(0, 1.99795766947934949620e+00) (1, -4.76814481506566156810e+00) (2, 8.54414990145578090441e-01) (3, 7.29659362027693880748e-01) (4, 6.71410588810492647838e-01) (5, 1.27731998823279435662e+00) (6, 8.58393525678529445422e-01) (7, 8.89304479557885829699e-01) (8, 9.47762845057859126818e-01) (9, 1.82105067703957468339e+00) (0, 2.07681343732545675707e+00) (1, -4.76726473758439173167e+00) (2, 8.51734688479318324816e-01) (3, 7.42161130795527590465e-01) (4, 6.81401876995612276744e-01) (5, 1.32725455797905023125e+00) (6, 8.47189722556485835803e-01) (7, 9.92304814953221980822e-01) (8, 9.78369025487317744982e-01) (9, 1.74632025841708093949e+00) (0, 1.91577309398124540074e+00) (1, -4.74377674499968637889e+00) (2, 9.83927739757909480822e-01) (3, 6.68503789494086397838e-01) (4, 6.49392096588660372447e-01) (5, 1.32006690837139184502e+00) (6, 9.70592631000890437853e-01) (7, 9.44949796397103969348e-01) (8, 1.30756659017505505460e+00) (9, 1.75746520195240885087e+00) (10, -3.51168541013343649126e+00) (11, -3.51933277546508627154e+00) (12, -3.48102824538095312334e+00) (13, -9.13137319386136625532e-01) 
