FANN_FLO_2.1
num_layers=3
learning_rate=0.700000
connection_rate=1.000000
network_type=0
learning_momentum=0.000000
training_algorithm=2
train_error_function=1
train_stop_function=1
cascade_output_change_fraction=0.010000
quickprop_decay=-0.000100
quickprop_mu=1.750000
rprop_increase_factor=1.200000
rprop_decrease_factor=0.500000
rprop_delta_min=0.000000
rprop_delta_max=50.000000
rprop_delta_zero=0.100000
cascade_output_stagnation_epochs=12
cascade_candidate_change_fraction=0.010000
cascade_candidate_stagnation_epochs=12
cascade_max_out_epochs=150
cascade_min_out_epochs=50
cascade_max_cand_epochs=150
cascade_min_cand_epochs=50
cascade_num_candidate_groups=2
bit_fail_limit=1.00000000000000005551e-01
cascade_candidate_limit=1.00000000000000000000e+03
cascade_weight_multiplier=4.00000000000000022204e-01
cascade_activation_functions_count=10
cascade_activation_functions=3 5 7 8 10 11 14 15 16 17 
cascade_activation_steepnesses_count=4
cascade_activation_steepnesses=2.50000000000000000000e-01 5.00000000000000000000e-01 7.50000000000000000000e-01 1.00000000000000000000e+00 
layer_sizes=10 4 2 
scale_included=0
neurons (num_inputs, activation_function, activation_steepness)=(0, 0, 0.00000000000000000000e+00) (0, 0, 0.00000000000000000000e+00) (0, 0, 0.00000000000000000000e+00) (0, 0, 0.00000000000000000000e+00) (0, 0, 0.00000000000000000000e+00) (0, 0, 0.00000000000000000000e+00) (0, 0, 0.00000000000000000000e+00) (0, 0, 0.00000000000000000000e+00) (0, 0, 0.00000000000000000000e+00) (0, 0, 0.00000000000000000000e+00) (10, 6, 5.00000000000000000000e-01) (10, 6, 5.00000000000000000000e-01) (10, 6, 5.00000000000000000000e-01) (0, 6, 0.00000000000000000000e+00) (4, 4, 5.00000000000000000000e-01) (0, 4, 0.00000000000000000000e+00) 
connections (connected_to_neuron, weight)=(0, 1.09992472777543159879e+00) (1, 4.75649431554559328106e+02) (2, -7.15240436481998642648e-01) (3, -1.61951073207754880912e+00) (4, -6.62848406218340624463e-01) (5, 4.75518479486886121776e+02) (6, 4.75597007011953451183e+02) (7, -7.35916774717118471472e-01) (8, 4.75539619868579961803e+02) (9, 1.72753808148074905482e+00) (0, -1.53311399854315921765e+00) (1, 1.50000000000000000000e+03) (2, 3.35849590388711038980e-01) (3, 1.43924468300536001486e+00) (4, 1.50940351482966444996e-01) (5, 1.50000000000000000000e+03) (6, 1.50000000000000000000e+03) (7, 2.45967956179219682245e-01) (8, 1.50000000000000000000e+03) (9, -1.32603151597289858898e+00) (0, -6.46168550005529418456e-01) (1, 1.50000000000000000000e+03) (2, 7.32922568954954334330e-01) (3, 8.56940452924318973871e-01) (4, 1.49158087610720802019e+00) (5, 1.50000000000000000000e+03) (6, 1.50000000000000000000e+03) (7, 7.78255036464294169818e-01) (8, 1.50000000000000000000e+03) (9, -9.72794862996768316954e-01) (10, -7.52896656597782509834e+00) (11, 3.10205480016961026024e+01) (12, 1.66892037853666082015e+01) (13, -8.21862054845055811647e-01) 
