FANN_FLO_2.1
num_layers=3
learning_rate=0.700000
connection_rate=1.000000
network_type=0
learning_momentum=0.000000
training_algorithm=2
train_error_function=1
train_stop_function=1
cascade_output_change_fraction=0.010000
quickprop_decay=-0.000100
quickprop_mu=1.750000
rprop_increase_factor=1.200000
rprop_decrease_factor=0.500000
rprop_delta_min=0.000000
rprop_delta_max=50.000000
rprop_delta_zero=0.100000
cascade_output_stagnation_epochs=12
cascade_candidate_change_fraction=0.010000
cascade_candidate_stagnation_epochs=12
cascade_max_out_epochs=150
cascade_min_out_epochs=50
cascade_max_cand_epochs=150
cascade_min_cand_epochs=50
cascade_num_candidate_groups=2
bit_fail_limit=1.00000000000000005551e-01
cascade_candidate_limit=1.00000000000000000000e+03
cascade_weight_multiplier=4.00000000000000022204e-01
cascade_activation_functions_count=10
cascade_activation_functions=3 5 7 8 10 11 14 15 16 17 
cascade_activation_steepnesses_count=4
cascade_activation_steepnesses=2.50000000000000000000e-01 5.00000000000000000000e-01 7.50000000000000000000e-01 1.00000000000000000000e+00 
layer_sizes=10 4 2 
scale_included=0
neurons (num_inputs, activation_function, activation_steepness)=(0, 0, 0.00000000000000000000e+00) (0, 0, 0.00000000000000000000e+00) (0, 0, 0.00000000000000000000e+00) (0, 0, 0.00000000000000000000e+00) (0, 0, 0.00000000000000000000e+00) (0, 0, 0.00000000000000000000e+00) (0, 0, 0.00000000000000000000e+00) (0, 0, 0.00000000000000000000e+00) (0, 0, 0.00000000000000000000e+00) (0, 0, 0.00000000000000000000e+00) (10, 6, 5.00000000000000000000e-01) (10, 6, 5.00000000000000000000e-01) (10, 6, 5.00000000000000000000e-01) (0, 6, 0.00000000000000000000e+00) (4, 4, 5.00000000000000000000e-01) (0, 4, 0.00000000000000000000e+00) 
connections (connected_to_neuron, weight)=(0, 1.94639662115768559414e-02) (1, 3.22161360532658624933e+00) (2, 2.49402151216325446148e-01) (3, -4.00702943875362371795e-01) (4, 1.86457205046246493607e-01) (5, -2.58847014645111794806e+00) (6, 1.53995137144158328324e-01) (7, -3.91623500742582175693e-01) (8, -9.62845514540850100360e-01) (9, -2.08693716138900670076e-01) (0, -1.06842223732508179168e+00) (1, 1.89107445105772264959e+00) (2, 4.88962534370794354999e+00) (3, 5.25869352071848927821e-01) (4, 8.32432846090771616510e-01) (5, -1.88019261860300446187e+00) (6, 1.21317878599955708552e+00) (7, 7.34150808031086454797e-01) (8, 7.92547981912617216516e-01) (9, -3.10703218581381701568e+00) (0, -3.29860042531823716150e-01) (1, 3.75943368771287866892e+00) (2, 2.06317268985429436157e+00) (3, 2.58249482828253773548e-01) (4, 8.33858779183604181817e-01) (5, -1.89251914226461792623e+00) (6, 1.16619530554606587458e+00) (7, 1.50912798798559733005e-01) (8, 2.04538915163754109194e-01) (9, -3.85469676324481635987e+00) (10, 5.68735863441456324097e-01) (11, 3.54569957806650393195e+00) (12, 6.98984249500547161205e+00) (13, -2.33781326753351859082e+00) 
