FANN_FLO_2.1
num_layers=3
learning_rate=0.700000
connection_rate=1.000000
network_type=0
learning_momentum=0.000000
training_algorithm=2
train_error_function=1
train_stop_function=1
cascade_output_change_fraction=0.010000
quickprop_decay=-0.000100
quickprop_mu=1.750000
rprop_increase_factor=1.200000
rprop_decrease_factor=0.500000
rprop_delta_min=0.000000
rprop_delta_max=50.000000
rprop_delta_zero=0.100000
cascade_output_stagnation_epochs=12
cascade_candidate_change_fraction=0.010000
cascade_candidate_stagnation_epochs=12
cascade_max_out_epochs=150
cascade_min_out_epochs=50
cascade_max_cand_epochs=150
cascade_min_cand_epochs=50
cascade_num_candidate_groups=2
bit_fail_limit=1.00000000000000005551e-01
cascade_candidate_limit=1.00000000000000000000e+03
cascade_weight_multiplier=4.00000000000000022204e-01
cascade_activation_functions_count=10
cascade_activation_functions=3 5 7 8 10 11 14 15 16 17 
cascade_activation_steepnesses_count=4
cascade_activation_steepnesses=2.50000000000000000000e-01 5.00000000000000000000e-01 7.50000000000000000000e-01 1.00000000000000000000e+00 
layer_sizes=14 4 2 
scale_included=0
neurons (num_inputs, activation_function, activation_steepness)=(0, 0, 0.00000000000000000000e+00) (0, 0, 0.00000000000000000000e+00) (0, 0, 0.00000000000000000000e+00) (0, 0, 0.00000000000000000000e+00) (0, 0, 0.00000000000000000000e+00) (0, 0, 0.00000000000000000000e+00) (0, 0, 0.00000000000000000000e+00) (0, 0, 0.00000000000000000000e+00) (0, 0, 0.00000000000000000000e+00) (0, 0, 0.00000000000000000000e+00) (0, 0, 0.00000000000000000000e+00) (0, 0, 0.00000000000000000000e+00) (0, 0, 0.00000000000000000000e+00) (0, 0, 0.00000000000000000000e+00) (14, 6, 5.00000000000000000000e-01) (14, 6, 5.00000000000000000000e-01) (14, 6, 5.00000000000000000000e-01) (0, 6, 0.00000000000000000000e+00) (4, 4, 5.00000000000000000000e-01) (0, 4, 0.00000000000000000000e+00) 
connections (connected_to_neuron, weight)=(0, -9.81114337007953696279e-01) (1, 1.79381373331834170770e+00) (2, 2.69178160867776261611e+00) (3, -6.58162648985776810306e-01) (4, -1.37170468495927488917e+00) (5, 2.41091365863978301931e+00) (6, -9.33150426355248974186e-03) (7, -8.43717153203245362469e-01) (8, -3.98204710182857857248e-01) (9, 1.89457444792361018315e+00) (10, -4.55952610668850288889e-01) (11, 9.31827527190102755661e-01) (12, 9.89880475047700270075e-01) (13, -2.18558343843010183249e+00) (0, -3.52360382285065498742e-01) (1, 8.19131725754995931865e-01) (2, 1.16994518506433919924e+00) (3, -1.72819905796864764502e-01) (4, -6.58299814550733053409e-01) (5, 9.91731784959169582194e-01) (6, 1.08246290623776053597e-01) (7, -2.79588741864814749327e-01) (8, -7.33700819926982605867e-02) (9, 7.86214458392043957780e-01) (10, -1.98952098997188131513e-01) (11, 7.33981473868373507363e-02) (12, 4.77969915984866600134e-01) (13, -5.07440012619445823816e-01) (0, -1.05733291969771592278e+00) (1, 1.69410715059329364252e+00) (2, 2.61104538134421648721e+00) (3, -1.17596290024768590499e+00) (4, -1.64724808141491108060e+00) (5, 2.43982449670731460500e+00) (6, -3.58351632747933468437e-01) (7, -8.38618758153673371503e-01) (8, -1.32587916146775786075e+00) (9, 1.91449515467257258550e+00) (10, -1.20438585918208662662e+00) (11, 8.79103456343068079271e-01) (12, 8.53560599330537406182e-01) (13, -1.43785205945116301152e+00) (14, 1.26392036912416934058e+01) (15, 2.00684836399304789012e+00) (16, 1.27028862995481013343e+01) (17, -1.50941279992204924199e+00) 
