FANN_FLO_2.1
num_layers=3
learning_rate=0.700000
connection_rate=1.000000
network_type=0
learning_momentum=0.000000
training_algorithm=2
train_error_function=1
train_stop_function=1
cascade_output_change_fraction=0.010000
quickprop_decay=-0.000100
quickprop_mu=1.750000
rprop_increase_factor=1.200000
rprop_decrease_factor=0.500000
rprop_delta_min=0.000000
rprop_delta_max=50.000000
rprop_delta_zero=0.100000
cascade_output_stagnation_epochs=12
cascade_candidate_change_fraction=0.010000
cascade_candidate_stagnation_epochs=12
cascade_max_out_epochs=150
cascade_min_out_epochs=50
cascade_max_cand_epochs=150
cascade_min_cand_epochs=50
cascade_num_candidate_groups=2
bit_fail_limit=1.00000000000000005551e-01
cascade_candidate_limit=1.00000000000000000000e+03
cascade_weight_multiplier=4.00000000000000022204e-01
cascade_activation_functions_count=10
cascade_activation_functions=3 5 7 8 10 11 14 15 16 17 
cascade_activation_steepnesses_count=4
cascade_activation_steepnesses=2.50000000000000000000e-01 5.00000000000000000000e-01 7.50000000000000000000e-01 1.00000000000000000000e+00 
layer_sizes=8 4 2 
scale_included=0
neurons (num_inputs, activation_function, activation_steepness)=(0, 0, 0.00000000000000000000e+00) (0, 0, 0.00000000000000000000e+00) (0, 0, 0.00000000000000000000e+00) (0, 0, 0.00000000000000000000e+00) (0, 0, 0.00000000000000000000e+00) (0, 0, 0.00000000000000000000e+00) (0, 0, 0.00000000000000000000e+00) (0, 0, 0.00000000000000000000e+00) (8, 6, 5.00000000000000000000e-01) (8, 6, 5.00000000000000000000e-01) (8, 6, 5.00000000000000000000e-01) (0, 6, 0.00000000000000000000e+00) (4, 4, 5.00000000000000000000e-01) (0, 4, 0.00000000000000000000e+00) 
connections (connected_to_neuron, weight)=(0, 1.51685921226326647648e+00) (1, -1.72356024272310892620e+00) (2, -2.47736483622892178502e+00) (3, 1.36059495488752157932e+00) (4, 1.54486546043936434636e+00) (5, -1.57174779950533660688e+00) (6, 1.82888541808567950397e-02) (7, 1.26968485544074805027e+00) (0, -1.90853826364673007099e+00) (1, 1.65779768043409414524e+00) (2, 1.86215239313546088162e+00) (3, -1.02947273796988114647e+00) (4, -1.09392238354874216100e+00) (5, 1.36274074077316620368e+00) (6, 2.57750343014673144459e-01) (7, -9.22340033857430241504e-01) (0, -1.38672622633003062020e+00) (1, 9.24397746548931475985e-01) (2, 1.02037292673910551244e+00) (3, -5.51318433955788056444e-01) (4, -4.38019622937321218004e-01) (5, 1.22800373606527113424e+00) (6, 1.39831679336223202448e-01) (7, -1.14771995863325662612e-01) (8, -8.02643411848170451606e+00) (9, 8.35492835306508752069e+00) (10, 7.25727808691055353840e-01) (11, -8.66963891594017765918e-01) 
