FANN_FLO_2.1
num_layers=3
learning_rate=0.700000
connection_rate=1.000000
network_type=0
learning_momentum=0.000000
training_algorithm=2
train_error_function=1
train_stop_function=1
cascade_output_change_fraction=0.010000
quickprop_decay=-0.000100
quickprop_mu=1.750000
rprop_increase_factor=1.200000
rprop_decrease_factor=0.500000
rprop_delta_min=0.000000
rprop_delta_max=50.000000
rprop_delta_zero=0.100000
cascade_output_stagnation_epochs=12
cascade_candidate_change_fraction=0.010000
cascade_candidate_stagnation_epochs=12
cascade_max_out_epochs=150
cascade_min_out_epochs=50
cascade_max_cand_epochs=150
cascade_min_cand_epochs=50
cascade_num_candidate_groups=2
bit_fail_limit=1.00000000000000005551e-01
cascade_candidate_limit=1.00000000000000000000e+03
cascade_weight_multiplier=4.00000000000000022204e-01
cascade_activation_functions_count=10
cascade_activation_functions=3 5 7 8 10 11 14 15 16 17 
cascade_activation_steepnesses_count=4
cascade_activation_steepnesses=2.50000000000000000000e-01 5.00000000000000000000e-01 7.50000000000000000000e-01 1.00000000000000000000e+00 
layer_sizes=9 4 2 
scale_included=0
neurons (num_inputs, activation_function, activation_steepness)=(0, 0, 0.00000000000000000000e+00) (0, 0, 0.00000000000000000000e+00) (0, 0, 0.00000000000000000000e+00) (0, 0, 0.00000000000000000000e+00) (0, 0, 0.00000000000000000000e+00) (0, 0, 0.00000000000000000000e+00) (0, 0, 0.00000000000000000000e+00) (0, 0, 0.00000000000000000000e+00) (0, 0, 0.00000000000000000000e+00) (9, 6, 5.00000000000000000000e-01) (9, 6, 5.00000000000000000000e-01) (9, 6, 5.00000000000000000000e-01) (0, 6, 0.00000000000000000000e+00) (4, 4, 5.00000000000000000000e-01) (0, 4, 0.00000000000000000000e+00) 
connections (connected_to_neuron, weight)=(0, -3.33620723990408651893e-01) (1, 2.21796971019229405275e-01) (2, 1.09588058273549393551e-01) (3, -1.34055877581075802429e-02) (4, 1.90062507482187920127e-01) (5, 9.15477394909578329196e-02) (6, 2.26390792668510268393e-02) (7, 1.01604774273121478689e-01) (8, -2.46757239883240525602e-01) (0, 1.18466033584947871837e+00) (1, -1.71586982950510380519e+00) (2, 4.18036105452216144585e-01) (3, 5.35292214623768858317e-01) (4, -4.67801031793914967594e-01) (5, -4.60674290929607210821e-01) (6, -2.08397976825584274607e+00) (7, 1.09571243531726425502e+00) (8, 1.26569064504976558361e+00) (0, -4.12898631154094530871e-01) (1, 2.33864058807732622114e+00) (2, -4.85917764790845141398e-01) (3, -3.24622603359137895662e-01) (4, 1.30746845884594442566e+00) (5, 1.46372728183534306368e+00) (6, 2.31289429040582161790e+00) (7, -4.44232056563312993624e-01) (8, -1.02787548023736796665e+00) (9, 1.57848128135922444182e-01) (10, -7.35733154090468044473e+00) (11, 1.58977204389807393881e+01) (12, -3.93362240253482653429e-01) 
