FANN_FLO_2.1
num_layers=3
learning_rate=0.700000
connection_rate=1.000000
network_type=0
learning_momentum=0.000000
training_algorithm=2
train_error_function=1
train_stop_function=1
cascade_output_change_fraction=0.010000
quickprop_decay=-0.000100
quickprop_mu=1.750000
rprop_increase_factor=1.200000
rprop_decrease_factor=0.500000
rprop_delta_min=0.000000
rprop_delta_max=50.000000
rprop_delta_zero=0.100000
cascade_output_stagnation_epochs=12
cascade_candidate_change_fraction=0.010000
cascade_candidate_stagnation_epochs=12
cascade_max_out_epochs=150
cascade_min_out_epochs=50
cascade_max_cand_epochs=150
cascade_min_cand_epochs=50
cascade_num_candidate_groups=2
bit_fail_limit=1.00000000000000005551e-01
cascade_candidate_limit=1.00000000000000000000e+03
cascade_weight_multiplier=4.00000000000000022204e-01
cascade_activation_functions_count=10
cascade_activation_functions=3 5 7 8 10 11 14 15 16 17 
cascade_activation_steepnesses_count=4
cascade_activation_steepnesses=2.50000000000000000000e-01 5.00000000000000000000e-01 7.50000000000000000000e-01 1.00000000000000000000e+00 
layer_sizes=15 4 2 
scale_included=0
neurons (num_inputs, activation_function, activation_steepness)=(0, 0, 0.00000000000000000000e+00) (0, 0, 0.00000000000000000000e+00) (0, 0, 0.00000000000000000000e+00) (0, 0, 0.00000000000000000000e+00) (0, 0, 0.00000000000000000000e+00) (0, 0, 0.00000000000000000000e+00) (0, 0, 0.00000000000000000000e+00) (0, 0, 0.00000000000000000000e+00) (0, 0, 0.00000000000000000000e+00) (0, 0, 0.00000000000000000000e+00) (0, 0, 0.00000000000000000000e+00) (0, 0, 0.00000000000000000000e+00) (0, 0, 0.00000000000000000000e+00) (0, 0, 0.00000000000000000000e+00) (0, 0, 0.00000000000000000000e+00) (15, 6, 5.00000000000000000000e-01) (15, 6, 5.00000000000000000000e-01) (15, 6, 5.00000000000000000000e-01) (0, 6, 0.00000000000000000000e+00) (4, 4, 5.00000000000000000000e-01) (0, 4, 0.00000000000000000000e+00) 
connections (connected_to_neuron, weight)=(0, 7.22596153516592010213e-01) (1, -1.30217988006310458893e+00) (2, -1.31671903806100631940e+00) (3, -7.15628546189124060961e-03) (4, 4.47226294195409379562e-01) (5, -2.08313142170152426624e-01) (6, -5.58665976917407935964e-01) (7, 5.10809051623052345903e-01) (8, -1.46029577450939096472e+00) (9, 1.11979462029462961681e-01) (10, -6.60002027415304143299e-02) (11, -1.96908327188251819351e+00) (12, 1.90565193176790437235e+00) (13, -8.06517107839304081551e-01) (14, 1.30637775918615561821e+00) (0, 6.74169018764318228598e-01) (1, -1.40207072309689517731e+00) (2, -1.31902654247651840436e+00) (3, -1.80395795078163792557e-02) (4, 5.39437399124856331589e-01) (5, -1.60999835217247339036e-01) (6, -4.14865874743126084034e-01) (7, 5.12342589726155983598e-01) (8, -1.47388181137033380530e+00) (9, 2.61669009747034109203e-01) (10, -2.02812907063035958999e-02) (11, -2.01301921155212681924e+00) (12, 2.20526708943494842430e+00) (13, -8.36701253856140247933e-01) (14, 1.26183513363970023491e+00) (0, -1.25587540499534494609e-01) (1, 9.63701336980299472224e-01) (2, 1.27197026252530709378e+00) (3, 2.49385196837179051732e-01) (4, -1.51351012220617472254e-02) (5, 1.65411296857013584427e-01) (6, 4.96704130122035347750e-01) (7, 1.95296738108594741812e-02) (8, 1.38525425593442541583e+00) (9, 1.98217060451088694650e-01) (10, 3.11375102228873656962e-01) (11, 1.45835978544718725125e+00) (12, -1.41433440789542119731e-01) (13, 6.12993421328137721993e-01) (14, -1.63920016536237028726e-01) (15, -7.16213357337186629081e+00) (16, -1.67900605916540754947e+01) (17, 9.39824202068395009313e-01) (18, -3.73095243895514627752e+00) 
