FANN_FLO_2.1
num_layers=3
learning_rate=0.700000
connection_rate=1.000000
network_type=0
learning_momentum=0.000000
training_algorithm=2
train_error_function=1
train_stop_function=1
cascade_output_change_fraction=0.010000
quickprop_decay=-0.000100
quickprop_mu=1.750000
rprop_increase_factor=1.200000
rprop_decrease_factor=0.500000
rprop_delta_min=0.000000
rprop_delta_max=50.000000
rprop_delta_zero=0.100000
cascade_output_stagnation_epochs=12
cascade_candidate_change_fraction=0.010000
cascade_candidate_stagnation_epochs=12
cascade_max_out_epochs=150
cascade_min_out_epochs=50
cascade_max_cand_epochs=150
cascade_min_cand_epochs=50
cascade_num_candidate_groups=2
bit_fail_limit=1.00000000000000005551e-01
cascade_candidate_limit=1.00000000000000000000e+03
cascade_weight_multiplier=4.00000000000000022204e-01
cascade_activation_functions_count=10
cascade_activation_functions=3 5 7 8 10 11 14 15 16 17 
cascade_activation_steepnesses_count=4
cascade_activation_steepnesses=2.50000000000000000000e-01 5.00000000000000000000e-01 7.50000000000000000000e-01 1.00000000000000000000e+00 
layer_sizes=7 4 2 
scale_included=0
neurons (num_inputs, activation_function, activation_steepness)=(0, 0, 0.00000000000000000000e+00) (0, 0, 0.00000000000000000000e+00) (0, 0, 0.00000000000000000000e+00) (0, 0, 0.00000000000000000000e+00) (0, 0, 0.00000000000000000000e+00) (0, 0, 0.00000000000000000000e+00) (0, 0, 0.00000000000000000000e+00) (7, 6, 5.00000000000000000000e-01) (7, 6, 5.00000000000000000000e-01) (7, 6, 5.00000000000000000000e-01) (0, 6, 0.00000000000000000000e+00) (4, 4, 5.00000000000000000000e-01) (0, 4, 0.00000000000000000000e+00) 
connections (connected_to_neuron, weight)=(0, -4.23201204609993997252e-01) (1, -3.19648410782475522751e-01) (2, -6.40021867952981771133e-01) (3, 3.05560292538114182392e-02) (4, -1.07655504796932266487e+00) (5, -3.02577742707852426207e-01) (6, -1.46715903272360888993e-02) (0, -2.82070919768849703857e+00) (1, -1.76867808703869006104e-01) (2, -2.60139666727978224881e-01) (3, 3.73319593750723988101e-01) (4, -2.78418186577001902648e+00) (5, -2.77180310981313082763e+00) (6, 4.34306954433131942039e-01) (0, -2.99281239681626276550e+00) (1, -1.78382754664429904468e-01) (2, -3.27924080581187771255e-01) (3, 9.57965355180632194276e-01) (4, -3.54396954277195153082e+00) (5, -1.99708717852978723251e+00) (6, 1.73104600539979780471e+00) (7, 5.73308331919648583863e-01) (8, 2.08869804760649602215e+00) (9, 3.66762358320746741924e+01) (10, -6.78406281350442674771e-01) 
