FANN_FLO_2.1
num_layers=3
learning_rate=0.700000
connection_rate=1.000000
network_type=0
learning_momentum=0.000000
training_algorithm=2
train_error_function=1
train_stop_function=1
cascade_output_change_fraction=0.010000
quickprop_decay=-0.000100
quickprop_mu=1.750000
rprop_increase_factor=1.200000
rprop_decrease_factor=0.500000
rprop_delta_min=0.000000
rprop_delta_max=50.000000
rprop_delta_zero=0.100000
cascade_output_stagnation_epochs=12
cascade_candidate_change_fraction=0.010000
cascade_candidate_stagnation_epochs=12
cascade_max_out_epochs=150
cascade_min_out_epochs=50
cascade_max_cand_epochs=150
cascade_min_cand_epochs=50
cascade_num_candidate_groups=2
bit_fail_limit=1.00000000000000005551e-01
cascade_candidate_limit=1.00000000000000000000e+03
cascade_weight_multiplier=4.00000000000000022204e-01
cascade_activation_functions_count=10
cascade_activation_functions=3 5 7 8 10 11 14 15 16 17 
cascade_activation_steepnesses_count=4
cascade_activation_steepnesses=2.50000000000000000000e-01 5.00000000000000000000e-01 7.50000000000000000000e-01 1.00000000000000000000e+00 
layer_sizes=10 4 2 
scale_included=0
neurons (num_inputs, activation_function, activation_steepness)=(0, 0, 0.00000000000000000000e+00) (0, 0, 0.00000000000000000000e+00) (0, 0, 0.00000000000000000000e+00) (0, 0, 0.00000000000000000000e+00) (0, 0, 0.00000000000000000000e+00) (0, 0, 0.00000000000000000000e+00) (0, 0, 0.00000000000000000000e+00) (0, 0, 0.00000000000000000000e+00) (0, 0, 0.00000000000000000000e+00) (0, 0, 0.00000000000000000000e+00) (10, 6, 5.00000000000000000000e-01) (10, 6, 5.00000000000000000000e-01) (10, 6, 5.00000000000000000000e-01) (0, 6, 0.00000000000000000000e+00) (4, 4, 5.00000000000000000000e-01) (0, 4, 0.00000000000000000000e+00) 
connections (connected_to_neuron, weight)=(0, -6.49779719202324135274e-01) (1, 1.85405937235953000020e+00) (2, -1.38144147569289010846e+00) (3, -8.10113155128317274922e-01) (4, 1.06150547711595862665e+02) (5, 4.02865173693217748507e+00) (6, -1.16571837308130943356e+00) (7, 2.05562633466934840953e+00) (8, -2.06570750442249817524e+00) (9, -5.33425205288931114644e-01) (0, -7.40031649198906738008e-01) (1, 1.88921564677479980610e+00) (2, -1.04369144889506815232e+00) (3, -7.55637699455501410384e-01) (4, 2.55078097238711166028e+02) (5, 1.52071413230867968913e+00) (6, -7.08853036155853155620e-01) (7, 1.77617095173811501141e+00) (8, -2.53988788324123804241e-01) (9, -3.15114176325955230862e-01) (0, 1.76340598526486758146e+00) (1, 2.13354936967286246130e-01) (2, -1.46687108011812838981e+01) (3, 1.16529445499265493780e+00) (4, -4.58130915699691598775e+01) (5, 1.12633625340258350378e-01) (6, 1.04788062391389580341e+00) (7, -8.78482468744599953592e-03) (8, -8.75743103684861523561e-01) (9, 2.58411569156197273855e+00) (10, 1.41636504559421294580e+00) (11, 5.85314886268691125792e+00) (12, -4.86651196626381565835e+00) (13, -3.25783942523241654143e+00) 
