FANN_FLO_2.1
num_layers=3
learning_rate=0.700000
connection_rate=1.000000
network_type=0
learning_momentum=0.000000
training_algorithm=2
train_error_function=1
train_stop_function=1
cascade_output_change_fraction=0.010000
quickprop_decay=-0.000100
quickprop_mu=1.750000
rprop_increase_factor=1.200000
rprop_decrease_factor=0.500000
rprop_delta_min=0.000000
rprop_delta_max=50.000000
rprop_delta_zero=0.100000
cascade_output_stagnation_epochs=12
cascade_candidate_change_fraction=0.010000
cascade_candidate_stagnation_epochs=12
cascade_max_out_epochs=150
cascade_min_out_epochs=50
cascade_max_cand_epochs=150
cascade_min_cand_epochs=50
cascade_num_candidate_groups=2
bit_fail_limit=1.00000000000000005551e-01
cascade_candidate_limit=1.00000000000000000000e+03
cascade_weight_multiplier=4.00000000000000022204e-01
cascade_activation_functions_count=10
cascade_activation_functions=3 5 7 8 10 11 14 15 16 17 
cascade_activation_steepnesses_count=4
cascade_activation_steepnesses=2.50000000000000000000e-01 5.00000000000000000000e-01 7.50000000000000000000e-01 1.00000000000000000000e+00 
layer_sizes=9 4 2 
scale_included=0
neurons (num_inputs, activation_function, activation_steepness)=(0, 0, 0.00000000000000000000e+00) (0, 0, 0.00000000000000000000e+00) (0, 0, 0.00000000000000000000e+00) (0, 0, 0.00000000000000000000e+00) (0, 0, 0.00000000000000000000e+00) (0, 0, 0.00000000000000000000e+00) (0, 0, 0.00000000000000000000e+00) (0, 0, 0.00000000000000000000e+00) (0, 0, 0.00000000000000000000e+00) (9, 6, 5.00000000000000000000e-01) (9, 6, 5.00000000000000000000e-01) (9, 6, 5.00000000000000000000e-01) (0, 6, 0.00000000000000000000e+00) (4, 4, 5.00000000000000000000e-01) (0, 4, 0.00000000000000000000e+00) 
connections (connected_to_neuron, weight)=(0, -5.13106005741291171240e-01) (1, 2.47514972398003818554e+00) (2, -1.20509246924917240440e-01) (3, -2.60911017719352988919e-01) (4, 8.80663287085153623224e-01) (5, 1.28851532319551509431e+00) (6, 1.14742296106646013421e+00) (7, 1.41580436322718505870e+00) (8, -1.20953560076788280142e+00) (0, -5.94320910526447199196e-01) (1, 2.47507438370904209179e+00) (2, -2.50317017177145051399e-01) (3, -7.49839097891695227638e-02) (4, 8.20749562424280210138e-01) (5, 1.34706445166832011751e+00) (6, 1.28736566669771623772e+00) (7, 1.32801529709130217149e+00) (8, -1.25481181793049190176e+00) (0, -5.08363428069286471533e-01) (1, 2.41597817400416614575e+00) (2, -2.08825806716482181846e-01) (3, -2.34481036726082114896e-01) (4, 8.80630966466524167657e-01) (5, 1.32172074297433894685e+00) (6, 1.22432748145887804192e+00) (7, 1.24935261849194456651e+00) (8, -1.23685356430843684805e+00) (9, 3.23415466910629660902e+01) (10, 3.22584427735238463697e+01) (11, 3.23505181288748175916e+01) (12, -1.21575087882712695730e+00) 
