FANN_FLO_2.1
num_layers=3
learning_rate=0.700000
connection_rate=1.000000
network_type=0
learning_momentum=0.000000
training_algorithm=2
train_error_function=1
train_stop_function=1
cascade_output_change_fraction=0.010000
quickprop_decay=-0.000100
quickprop_mu=1.750000
rprop_increase_factor=1.200000
rprop_decrease_factor=0.500000
rprop_delta_min=0.000000
rprop_delta_max=50.000000
rprop_delta_zero=0.100000
cascade_output_stagnation_epochs=12
cascade_candidate_change_fraction=0.010000
cascade_candidate_stagnation_epochs=12
cascade_max_out_epochs=150
cascade_min_out_epochs=50
cascade_max_cand_epochs=150
cascade_min_cand_epochs=50
cascade_num_candidate_groups=2
bit_fail_limit=1.00000000000000005551e-01
cascade_candidate_limit=1.00000000000000000000e+03
cascade_weight_multiplier=4.00000000000000022204e-01
cascade_activation_functions_count=10
cascade_activation_functions=3 5 7 8 10 11 14 15 16 17 
cascade_activation_steepnesses_count=4
cascade_activation_steepnesses=2.50000000000000000000e-01 5.00000000000000000000e-01 7.50000000000000000000e-01 1.00000000000000000000e+00 
layer_sizes=12 4 2 
scale_included=0
neurons (num_inputs, activation_function, activation_steepness)=(0, 0, 0.00000000000000000000e+00) (0, 0, 0.00000000000000000000e+00) (0, 0, 0.00000000000000000000e+00) (0, 0, 0.00000000000000000000e+00) (0, 0, 0.00000000000000000000e+00) (0, 0, 0.00000000000000000000e+00) (0, 0, 0.00000000000000000000e+00) (0, 0, 0.00000000000000000000e+00) (0, 0, 0.00000000000000000000e+00) (0, 0, 0.00000000000000000000e+00) (0, 0, 0.00000000000000000000e+00) (0, 0, 0.00000000000000000000e+00) (12, 6, 5.00000000000000000000e-01) (12, 6, 5.00000000000000000000e-01) (12, 6, 5.00000000000000000000e-01) (0, 6, 0.00000000000000000000e+00) (4, 4, 5.00000000000000000000e-01) (0, 4, 0.00000000000000000000e+00) 
connections (connected_to_neuron, weight)=(0, 2.48317856114914775612e-01) (1, 1.57845951646746174291e+00) (2, 1.03648986284549704529e+00) (3, 6.91465759330252560666e-01) (4, 3.66865212909194271518e-01) (5, 1.53949854933718621730e+00) (6, 5.75777542091194138862e-01) (7, 7.04438300841860098878e-01) (8, 1.52173051467291942096e+00) (9, 1.56077578788396120757e-01) (10, -8.72212124051349457776e-02) (11, -1.58228604528794702944e+00) (0, -1.19531481396155347952e+00) (1, -8.08698942806425069563e-01) (2, -3.20309825314218254988e-01) (3, -1.59980942792798369601e-01) (4, -2.39366175558456462102e-01) (5, -8.14186298140013642310e-01) (6, -2.62925918160430704962e-01) (7, -5.00752269646705938655e-02) (8, -8.16009134464301566503e-01) (9, -3.48327517271042719216e-01) (10, -1.71868572983100098561e-01) (11, 1.25040662153716874982e+00) (0, 1.46385346965606594205e-01) (1, 6.69852100428569019464e-01) (2, 1.10832484261806518688e+00) (3, 2.76565289151270154999e-01) (4, 3.52961016031749119648e-01) (5, 6.75099241933283411576e-01) (6, 2.14263147329853032019e+00) (7, 8.39086481019069907461e-01) (8, 6.17461213313352130783e-01) (9, 5.22529657992863771909e-01) (10, 5.97360587517009114511e-02) (11, -2.49317542685481341458e-01) (12, 2.67504374007341638730e+00) (13, -3.27270134389505471972e+02) (14, 6.05060847946886637416e-01) (15, -4.22059072780910815581e-01) 
