FANN_FLO_2.1
num_layers=3
learning_rate=0.700000
connection_rate=1.000000
network_type=0
learning_momentum=0.000000
training_algorithm=2
train_error_function=1
train_stop_function=1
cascade_output_change_fraction=0.010000
quickprop_decay=-0.000100
quickprop_mu=1.750000
rprop_increase_factor=1.200000
rprop_decrease_factor=0.500000
rprop_delta_min=0.000000
rprop_delta_max=50.000000
rprop_delta_zero=0.100000
cascade_output_stagnation_epochs=12
cascade_candidate_change_fraction=0.010000
cascade_candidate_stagnation_epochs=12
cascade_max_out_epochs=150
cascade_min_out_epochs=50
cascade_max_cand_epochs=150
cascade_min_cand_epochs=50
cascade_num_candidate_groups=2
bit_fail_limit=1.00000000000000005551e-01
cascade_candidate_limit=1.00000000000000000000e+03
cascade_weight_multiplier=4.00000000000000022204e-01
cascade_activation_functions_count=10
cascade_activation_functions=3 5 7 8 10 11 14 15 16 17 
cascade_activation_steepnesses_count=4
cascade_activation_steepnesses=2.50000000000000000000e-01 5.00000000000000000000e-01 7.50000000000000000000e-01 1.00000000000000000000e+00 
layer_sizes=12 4 2 
scale_included=0
neurons (num_inputs, activation_function, activation_steepness)=(0, 0, 0.00000000000000000000e+00) (0, 0, 0.00000000000000000000e+00) (0, 0, 0.00000000000000000000e+00) (0, 0, 0.00000000000000000000e+00) (0, 0, 0.00000000000000000000e+00) (0, 0, 0.00000000000000000000e+00) (0, 0, 0.00000000000000000000e+00) (0, 0, 0.00000000000000000000e+00) (0, 0, 0.00000000000000000000e+00) (0, 0, 0.00000000000000000000e+00) (0, 0, 0.00000000000000000000e+00) (0, 0, 0.00000000000000000000e+00) (12, 6, 5.00000000000000000000e-01) (12, 6, 5.00000000000000000000e-01) (12, 6, 5.00000000000000000000e-01) (0, 6, 0.00000000000000000000e+00) (4, 4, 5.00000000000000000000e-01) (0, 4, 0.00000000000000000000e+00) 
connections (connected_to_neuron, weight)=(0, 2.79921578225833433962e+00) (1, 2.18731658084718461055e+00) (2, 1.33036798794176958083e+00) (3, 3.60613636604481646586e-01) (4, 3.96852483897215058128e-01) (5, 2.55398993986349687191e+00) (6, -1.82017722541906012967e-01) (7, 3.48501637189212620793e-01) (8, 2.60905792027878025152e+00) (9, 1.28940950718325120228e+00) (10, 4.29440040839142944673e-01) (11, -3.63614629606460049160e+00) (0, -2.51691600435813755965e+00) (1, -9.47283766811315652845e-01) (2, -5.06149604452540202715e-01) (3, -4.65825609900566040000e-01) (4, -2.08248756064634221730e+00) (5, -5.85193349575040211441e-01) (6, -1.79932907672061070947e+00) (7, -3.58240191217631842591e-01) (8, -5.40683957975606532820e-01) (9, -6.17341535522255346891e-01) (10, -3.80264177974043937613e-01) (11, 1.71785528572546630777e+00) (0, 1.83231395198800517399e+00) (1, 2.05196743695697270127e+00) (2, 1.32431963924195650328e+00) (3, 4.27442200540849859269e-01) (4, -3.22245758958965211605e+00) (5, 1.57054251730774718787e+00) (6, -6.64302642287918576613e-01) (7, 3.90609641705787768995e-01) (8, 1.51050851447952494411e+00) (9, 1.16505478498086989525e+00) (10, 1.31983795497233796779e-01) (11, -2.19774048322233683805e+00) (12, 4.63917012735440010829e+01) (13, -4.43785022204322956441e+01) (14, 1.58481634215101929719e+00) (15, -1.52704193940992216660e+00) 
