FANN_FLO_2.1
num_layers=3
learning_rate=0.700000
connection_rate=1.000000
network_type=0
learning_momentum=0.000000
training_algorithm=2
train_error_function=1
train_stop_function=1
cascade_output_change_fraction=0.010000
quickprop_decay=-0.000100
quickprop_mu=1.750000
rprop_increase_factor=1.200000
rprop_decrease_factor=0.500000
rprop_delta_min=0.000000
rprop_delta_max=50.000000
rprop_delta_zero=0.100000
cascade_output_stagnation_epochs=12
cascade_candidate_change_fraction=0.010000
cascade_candidate_stagnation_epochs=12
cascade_max_out_epochs=150
cascade_min_out_epochs=50
cascade_max_cand_epochs=150
cascade_min_cand_epochs=50
cascade_num_candidate_groups=2
bit_fail_limit=1.00000000000000005551e-01
cascade_candidate_limit=1.00000000000000000000e+03
cascade_weight_multiplier=4.00000000000000022204e-01
cascade_activation_functions_count=10
cascade_activation_functions=3 5 7 8 10 11 14 15 16 17 
cascade_activation_steepnesses_count=4
cascade_activation_steepnesses=2.50000000000000000000e-01 5.00000000000000000000e-01 7.50000000000000000000e-01 1.00000000000000000000e+00 
layer_sizes=17 4 2 
scale_included=0
neurons (num_inputs, activation_function, activation_steepness)=(0, 0, 0.00000000000000000000e+00) (0, 0, 0.00000000000000000000e+00) (0, 0, 0.00000000000000000000e+00) (0, 0, 0.00000000000000000000e+00) (0, 0, 0.00000000000000000000e+00) (0, 0, 0.00000000000000000000e+00) (0, 0, 0.00000000000000000000e+00) (0, 0, 0.00000000000000000000e+00) (0, 0, 0.00000000000000000000e+00) (0, 0, 0.00000000000000000000e+00) (0, 0, 0.00000000000000000000e+00) (0, 0, 0.00000000000000000000e+00) (0, 0, 0.00000000000000000000e+00) (0, 0, 0.00000000000000000000e+00) (0, 0, 0.00000000000000000000e+00) (0, 0, 0.00000000000000000000e+00) (0, 0, 0.00000000000000000000e+00) (17, 6, 5.00000000000000000000e-01) (17, 6, 5.00000000000000000000e-01) (17, 6, 5.00000000000000000000e-01) (0, 6, 0.00000000000000000000e+00) (4, 4, 5.00000000000000000000e-01) (0, 4, 0.00000000000000000000e+00) 
connections (connected_to_neuron, weight)=(0, 7.26376125540281325499e+00) (1, -6.20100581020478047733e-01) (2, -1.18724272201350800060e+00) (3, -4.44741591142750081200e-01) (4, -1.14919183914666267476e+00) (5, -4.40773984565825227566e-01) (6, -8.58042888103171974556e-01) (7, -6.30353629572057205799e-01) (8, -4.27097551547933662608e-01) (9, -1.30372520945881453791e+00) (10, -9.73169546864373180561e-01) (11, -5.21280607821779318201e-01) (12, -2.64728711131084004649e+01) (13, -9.81419913062447157870e+00) (14, 1.51383725556375203780e+00) (15, -8.87573471255708179584e-01) (16, 9.43806775701287237190e-01) (0, -1.30386864615616353547e+01) (1, 2.61858827487617906726e-01) (2, 9.61460615113478134219e-01) (3, 5.64334775483420147957e-01) (4, 8.49892907898161276137e+00) (5, 1.92501357137426110100e+00) (6, 1.13235700189123278392e+00) (7, 7.12077819407272993857e-01) (8, 1.16599863052122714180e+01) (9, 9.44858281109515862894e-01) (10, 9.61284502998876466684e-01) (11, 5.81385746654165536107e-01) (12, 2.01445850535054127306e+00) (13, 1.01342313631314944189e+01) (14, 1.13017655298307873046e+00) (15, 5.41858661423879350849e+00) (16, -6.88646068423880652887e-01) (0, -3.16306600388607606078e+00) (1, 2.51173493318235907523e+00) (2, 2.57560807032661875926e-01) (3, 5.94558806622934366004e-01) (4, -1.47235962851292312425e-01) (5, 6.58724706921918978786e-01) (6, 5.32896749548667947316e-01) (7, 2.25764224183123074496e+00) (8, -4.57476508572956519494e-01) (9, 2.39945445886501435018e-01) (10, 2.09896693157175562305e+00) (11, 2.63677901262133862481e-01) (12, 1.22812824647854729188e-01) (13, -1.14627087286416773360e+00) (14, 2.95857593517094663582e+00) (15, 1.46962005705180087656e-01) (16, -7.81822256576392704552e-01) (17, -5.38631304848924408191e+00) (18, 5.51513590714236823231e+00) (19, 1.02812228185677412284e+01) (20, -5.26357312928166365396e+00) 
