FANN_FLO_2.1
num_layers=3
learning_rate=0.700000
connection_rate=1.000000
network_type=0
learning_momentum=0.000000
training_algorithm=2
train_error_function=1
train_stop_function=1
cascade_output_change_fraction=0.010000
quickprop_decay=-0.000100
quickprop_mu=1.750000
rprop_increase_factor=1.200000
rprop_decrease_factor=0.500000
rprop_delta_min=0.000000
rprop_delta_max=50.000000
rprop_delta_zero=0.100000
cascade_output_stagnation_epochs=12
cascade_candidate_change_fraction=0.010000
cascade_candidate_stagnation_epochs=12
cascade_max_out_epochs=150
cascade_min_out_epochs=50
cascade_max_cand_epochs=150
cascade_min_cand_epochs=50
cascade_num_candidate_groups=2
bit_fail_limit=1.00000000000000005551e-01
cascade_candidate_limit=1.00000000000000000000e+03
cascade_weight_multiplier=4.00000000000000022204e-01
cascade_activation_functions_count=10
cascade_activation_functions=3 5 7 8 10 11 14 15 16 17 
cascade_activation_steepnesses_count=4
cascade_activation_steepnesses=2.50000000000000000000e-01 5.00000000000000000000e-01 7.50000000000000000000e-01 1.00000000000000000000e+00 
layer_sizes=10 4 2 
scale_included=0
neurons (num_inputs, activation_function, activation_steepness)=(0, 0, 0.00000000000000000000e+00) (0, 0, 0.00000000000000000000e+00) (0, 0, 0.00000000000000000000e+00) (0, 0, 0.00000000000000000000e+00) (0, 0, 0.00000000000000000000e+00) (0, 0, 0.00000000000000000000e+00) (0, 0, 0.00000000000000000000e+00) (0, 0, 0.00000000000000000000e+00) (0, 0, 0.00000000000000000000e+00) (0, 0, 0.00000000000000000000e+00) (10, 6, 5.00000000000000000000e-01) (10, 6, 5.00000000000000000000e-01) (10, 6, 5.00000000000000000000e-01) (0, 6, 0.00000000000000000000e+00) (4, 4, 5.00000000000000000000e-01) (0, 4, 0.00000000000000000000e+00) 
connections (connected_to_neuron, weight)=(0, -2.05884744726283264171e+00) (1, 1.43443885902237089347e+00) (2, 1.20773528872977209403e+00) (3, 1.30245018165546150302e-01) (4, -6.57308696764988820149e-01) (5, -6.78862507450861851765e-01) (6, 8.18895752746086884599e+01) (7, 2.01106384842015373238e+00) (8, 1.00413040826374255765e+00) (9, -4.89969804089339822095e-01) (0, 1.37201325752413794135e+00) (1, -8.77426846955649097914e-01) (2, -1.22026501996406810946e+00) (3, 4.56758077205091594930e-01) (4, 8.82616741463347898033e-01) (5, 8.63013690218135343102e-01) (6, 3.20322263892587670853e+01) (7, 1.78860061460542874023e+00) (8, -1.72132585211281496917e+00) (9, 9.86912039855310063707e-01) (0, -1.33491933552077646219e+00) (1, 6.76769123440831510408e-01) (2, 4.73110511556547652656e-01) (3, 6.62275118043119670475e-02) (4, -5.79449948421854377223e-01) (5, -7.13878814629453906093e-01) (6, 3.41693354926780301639e+01) (7, 8.56040592156137369884e-01) (8, 6.25792887342796921857e-01) (9, -4.24133350932085345653e-02) (10, 6.68583282914215004666e+00) (11, -8.76254472649840110421e+00) (12, 8.79246556896100983636e+00) (13, -2.28352491326400619531e-01) 
