FANN_FLO_2.1
num_layers=3
learning_rate=0.700000
connection_rate=1.000000
network_type=0
learning_momentum=0.000000
training_algorithm=2
train_error_function=1
train_stop_function=1
cascade_output_change_fraction=0.010000
quickprop_decay=-0.000100
quickprop_mu=1.750000
rprop_increase_factor=1.200000
rprop_decrease_factor=0.500000
rprop_delta_min=0.000000
rprop_delta_max=50.000000
rprop_delta_zero=0.100000
cascade_output_stagnation_epochs=12
cascade_candidate_change_fraction=0.010000
cascade_candidate_stagnation_epochs=12
cascade_max_out_epochs=150
cascade_min_out_epochs=50
cascade_max_cand_epochs=150
cascade_min_cand_epochs=50
cascade_num_candidate_groups=2
bit_fail_limit=1.00000000000000005551e-01
cascade_candidate_limit=1.00000000000000000000e+03
cascade_weight_multiplier=4.00000000000000022204e-01
cascade_activation_functions_count=10
cascade_activation_functions=3 5 7 8 10 11 14 15 16 17 
cascade_activation_steepnesses_count=4
cascade_activation_steepnesses=2.50000000000000000000e-01 5.00000000000000000000e-01 7.50000000000000000000e-01 1.00000000000000000000e+00 
layer_sizes=10 4 2 
scale_included=0
neurons (num_inputs, activation_function, activation_steepness)=(0, 0, 0.00000000000000000000e+00) (0, 0, 0.00000000000000000000e+00) (0, 0, 0.00000000000000000000e+00) (0, 0, 0.00000000000000000000e+00) (0, 0, 0.00000000000000000000e+00) (0, 0, 0.00000000000000000000e+00) (0, 0, 0.00000000000000000000e+00) (0, 0, 0.00000000000000000000e+00) (0, 0, 0.00000000000000000000e+00) (0, 0, 0.00000000000000000000e+00) (10, 6, 5.00000000000000000000e-01) (10, 6, 5.00000000000000000000e-01) (10, 6, 5.00000000000000000000e-01) (0, 6, 0.00000000000000000000e+00) (4, 4, 5.00000000000000000000e-01) (0, 4, 0.00000000000000000000e+00) 
connections (connected_to_neuron, weight)=(0, 5.07600060173369715955e+00) (1, -4.49466211932607517809e+00) (2, -5.16825879717134206714e+00) (3, -3.07542566832673092136e+00) (4, -5.02002435291185933330e-01) (5, 4.36854971533162217412e-01) (6, 9.84571281088900995826e+00) (7, -1.77920468137810283693e+00) (8, -3.35622146771884555250e+00) (9, 5.68597285207461755618e+00) (0, -7.30739538553710321622e+00) (1, 7.92252191518779191881e+00) (2, 5.77833380808067342826e+00) (3, 5.93489376219499131793e+00) (4, 1.17044247021409297815e+00) (5, -6.89279196585663500585e-01) (6, -4.64634747770015010815e+00) (7, 6.53658616881771603602e+00) (8, 6.40245749850469980657e+00) (9, -7.42869287166352432195e+00) (0, 8.72954612487017111988e-01) (1, -1.16663369273972294948e+00) (2, -6.72463450673860707596e-01) (3, -1.57647026186420324834e+00) (4, -4.25184894270361712909e-01) (5, 4.17971367971101903649e-01) (6, 8.54439701610813173716e-01) (7, -3.41476027456873443278e-01) (8, -1.57491797451858528412e+00) (9, 1.90069128180275992435e+00) (10, -1.42013701798388325415e+00) (11, 6.70885147804666637228e+00) (12, -3.31205248456851286676e+00) (13, -1.12969111332516569668e+00) 
