FANN_FLO_2.1
num_layers=3
learning_rate=0.700000
connection_rate=1.000000
network_type=0
learning_momentum=0.000000
training_algorithm=2
train_error_function=1
train_stop_function=1
cascade_output_change_fraction=0.010000
quickprop_decay=-0.000100
quickprop_mu=1.750000
rprop_increase_factor=1.200000
rprop_decrease_factor=0.500000
rprop_delta_min=0.000000
rprop_delta_max=50.000000
rprop_delta_zero=0.100000
cascade_output_stagnation_epochs=12
cascade_candidate_change_fraction=0.010000
cascade_candidate_stagnation_epochs=12
cascade_max_out_epochs=150
cascade_min_out_epochs=50
cascade_max_cand_epochs=150
cascade_min_cand_epochs=50
cascade_num_candidate_groups=2
bit_fail_limit=1.00000000000000005551e-01
cascade_candidate_limit=1.00000000000000000000e+03
cascade_weight_multiplier=4.00000000000000022204e-01
cascade_activation_functions_count=10
cascade_activation_functions=3 5 7 8 10 11 14 15 16 17 
cascade_activation_steepnesses_count=4
cascade_activation_steepnesses=2.50000000000000000000e-01 5.00000000000000000000e-01 7.50000000000000000000e-01 1.00000000000000000000e+00 
layer_sizes=9 4 2 
scale_included=0
neurons (num_inputs, activation_function, activation_steepness)=(0, 0, 0.00000000000000000000e+00) (0, 0, 0.00000000000000000000e+00) (0, 0, 0.00000000000000000000e+00) (0, 0, 0.00000000000000000000e+00) (0, 0, 0.00000000000000000000e+00) (0, 0, 0.00000000000000000000e+00) (0, 0, 0.00000000000000000000e+00) (0, 0, 0.00000000000000000000e+00) (0, 0, 0.00000000000000000000e+00) (9, 6, 5.00000000000000000000e-01) (9, 6, 5.00000000000000000000e-01) (9, 6, 5.00000000000000000000e-01) (0, 6, 0.00000000000000000000e+00) (4, 4, 5.00000000000000000000e-01) (0, 4, 0.00000000000000000000e+00) 
connections (connected_to_neuron, weight)=(0, 1.66955968325704806610e-01) (1, 5.16144806998005800658e-01) (2, 1.49204891326720545663e-01) (3, 6.80424358287378960863e-02) (4, 5.41972694020499745626e-01) (5, 8.54524647426963213093e-01) (6, 6.04229333358040743285e-01) (7, 8.61038117335531996699e-03) (8, -1.59042560283518680242e-01) (0, 1.33772944992155307098e-01) (1, 5.00071174445973931633e-01) (2, 2.33337672863297318493e-01) (3, 1.83595878217510916075e-01) (4, 5.33830967765082875509e-01) (5, 8.61443718505263689167e-01) (6, 6.61099719362488680297e-01) (7, 9.45436194412539315790e-02) (8, -1.93291571710682702490e-01) (0, -1.06667310317469099523e+00) (1, 3.13689818341832982185e+00) (2, 1.41496549379087788179e-01) (3, -5.45302205866172173820e-01) (4, -1.79448543121491443930e-01) (5, 3.04711252284137756874e+00) (6, 3.08640399238661666814e+00) (7, -6.58012124863118774698e-01) (8, -1.39625694135866762480e+00) (9, 1.16567280013491614277e+00) (10, 1.16939528156449301655e+00) (11, 1.06465458533438557254e+01) (12, -2.84185397955622143229e+00) 
