FANN_FLO_2.1
num_layers=3
learning_rate=0.700000
connection_rate=1.000000
network_type=0
learning_momentum=0.000000
training_algorithm=2
train_error_function=1
train_stop_function=1
cascade_output_change_fraction=0.010000
quickprop_decay=-0.000100
quickprop_mu=1.750000
rprop_increase_factor=1.200000
rprop_decrease_factor=0.500000
rprop_delta_min=0.000000
rprop_delta_max=50.000000
rprop_delta_zero=0.100000
cascade_output_stagnation_epochs=12
cascade_candidate_change_fraction=0.010000
cascade_candidate_stagnation_epochs=12
cascade_max_out_epochs=150
cascade_min_out_epochs=50
cascade_max_cand_epochs=150
cascade_min_cand_epochs=50
cascade_num_candidate_groups=2
bit_fail_limit=1.00000000000000005551e-01
cascade_candidate_limit=1.00000000000000000000e+03
cascade_weight_multiplier=4.00000000000000022204e-01
cascade_activation_functions_count=10
cascade_activation_functions=3 5 7 8 10 11 14 15 16 17 
cascade_activation_steepnesses_count=4
cascade_activation_steepnesses=2.50000000000000000000e-01 5.00000000000000000000e-01 7.50000000000000000000e-01 1.00000000000000000000e+00 
layer_sizes=6 4 2 
scale_included=0
neurons (num_inputs, activation_function, activation_steepness)=(0, 0, 0.00000000000000000000e+00) (0, 0, 0.00000000000000000000e+00) (0, 0, 0.00000000000000000000e+00) (0, 0, 0.00000000000000000000e+00) (0, 0, 0.00000000000000000000e+00) (0, 0, 0.00000000000000000000e+00) (6, 6, 5.00000000000000000000e-01) (6, 6, 5.00000000000000000000e-01) (6, 6, 5.00000000000000000000e-01) (0, 6, 0.00000000000000000000e+00) (4, 4, 5.00000000000000000000e-01) (0, 4, 0.00000000000000000000e+00) 
connections (connected_to_neuron, weight)=(0, -1.80593336229453549358e+00) (1, 2.22342958713188743047e+00) (2, 2.25177956143259772048e+00) (3, 3.30797646097951991706e+00) (4, -1.09939089769929521090e+00) (5, -3.60740907208901484537e+00) (0, 5.08631353302183564224e-01) (1, -5.39824849242537818661e-01) (2, 1.84226895076536612006e-01) (3, -5.41923243602293425170e+01) (4, 9.73466286225122101605e-01) (5, 2.84983936731768388029e+01) (0, -1.70254056011567600493e+00) (1, 2.27766190481180164085e+00) (2, 2.09391363480925329910e+00) (3, 3.25517450921350581794e+00) (4, -9.90756394243905713637e-01) (5, -3.66495275961142619181e+00) (6, 1.63978411942214279406e+01) (7, -1.63441657284303087927e+00) (8, 6.22865403582373886593e+01) (9, -1.54210517564816873559e+00) 
