FANN_FLO_2.1
num_layers=3
learning_rate=0.700000
connection_rate=1.000000
network_type=0
learning_momentum=0.000000
training_algorithm=2
train_error_function=1
train_stop_function=1
cascade_output_change_fraction=0.010000
quickprop_decay=-0.000100
quickprop_mu=1.750000
rprop_increase_factor=1.200000
rprop_decrease_factor=0.500000
rprop_delta_min=0.000000
rprop_delta_max=50.000000
rprop_delta_zero=0.100000
cascade_output_stagnation_epochs=12
cascade_candidate_change_fraction=0.010000
cascade_candidate_stagnation_epochs=12
cascade_max_out_epochs=150
cascade_min_out_epochs=50
cascade_max_cand_epochs=150
cascade_min_cand_epochs=50
cascade_num_candidate_groups=2
bit_fail_limit=1.00000000000000005551e-01
cascade_candidate_limit=1.00000000000000000000e+03
cascade_weight_multiplier=4.00000000000000022204e-01
cascade_activation_functions_count=10
cascade_activation_functions=3 5 7 8 10 11 14 15 16 17 
cascade_activation_steepnesses_count=4
cascade_activation_steepnesses=2.50000000000000000000e-01 5.00000000000000000000e-01 7.50000000000000000000e-01 1.00000000000000000000e+00 
layer_sizes=10 4 2 
scale_included=0
neurons (num_inputs, activation_function, activation_steepness)=(0, 0, 0.00000000000000000000e+00) (0, 0, 0.00000000000000000000e+00) (0, 0, 0.00000000000000000000e+00) (0, 0, 0.00000000000000000000e+00) (0, 0, 0.00000000000000000000e+00) (0, 0, 0.00000000000000000000e+00) (0, 0, 0.00000000000000000000e+00) (0, 0, 0.00000000000000000000e+00) (0, 0, 0.00000000000000000000e+00) (0, 0, 0.00000000000000000000e+00) (10, 6, 5.00000000000000000000e-01) (10, 6, 5.00000000000000000000e-01) (10, 6, 5.00000000000000000000e-01) (0, 6, 0.00000000000000000000e+00) (4, 4, 5.00000000000000000000e-01) (0, 4, 0.00000000000000000000e+00) 
connections (connected_to_neuron, weight)=(0, -5.04223875652192621288e-01) (1, 3.91041771933606696621e+00) (2, 4.52618051285924360982e-01) (3, 7.67280203589040588064e-01) (4, -3.79676943231459951278e-01) (5, -4.08788375507234014172e-01) (6, 2.44109124029543789192e+00) (7, 4.18359826069423068606e-01) (8, 4.47191167588414595357e-01) (9, -2.41326457095571322853e-01) (0, 1.54782671038675712083e+00) (1, -4.88638597403028818178e+00) (2, 2.35409765290860883979e-01) (3, 1.86292883667829456407e+00) (4, 1.28620012352533863442e+00) (5, 1.57148028467464850877e+00) (6, -1.65989864194214331583e+00) (7, -1.51254123630849646176e+00) (8, 3.82415461140517942695e-01) (9, 9.07324259115187659042e-01) (0, -1.86016674616739940973e+00) (1, 2.23535573967703307119e+01) (2, 9.69571666958556566129e-01) (3, 1.53203355341132496648e+00) (4, -1.63750113611385428314e+00) (5, -2.02910984584496212335e+00) (6, 1.78250648270752543034e+00) (7, 2.56254262115847408765e+00) (8, 2.08270403277939664122e+00) (9, -9.73374226512483287088e-01) (10, 9.68865918319554819682e-01) (11, -5.38708578770160606553e+00) (12, 7.02110903304037403672e+00) (13, -9.50807613048215927165e-01) 
