FANN_FLO_2.1
num_layers=3
learning_rate=0.700000
connection_rate=1.000000
network_type=0
learning_momentum=0.000000
training_algorithm=2
train_error_function=1
train_stop_function=1
cascade_output_change_fraction=0.010000
quickprop_decay=-0.000100
quickprop_mu=1.750000
rprop_increase_factor=1.200000
rprop_decrease_factor=0.500000
rprop_delta_min=0.000000
rprop_delta_max=50.000000
rprop_delta_zero=0.100000
cascade_output_stagnation_epochs=12
cascade_candidate_change_fraction=0.010000
cascade_candidate_stagnation_epochs=12
cascade_max_out_epochs=150
cascade_min_out_epochs=50
cascade_max_cand_epochs=150
cascade_min_cand_epochs=50
cascade_num_candidate_groups=2
bit_fail_limit=1.00000000000000005551e-01
cascade_candidate_limit=1.00000000000000000000e+03
cascade_weight_multiplier=4.00000000000000022204e-01
cascade_activation_functions_count=10
cascade_activation_functions=3 5 7 8 10 11 14 15 16 17 
cascade_activation_steepnesses_count=4
cascade_activation_steepnesses=2.50000000000000000000e-01 5.00000000000000000000e-01 7.50000000000000000000e-01 1.00000000000000000000e+00 
layer_sizes=14 4 2 
scale_included=0
neurons (num_inputs, activation_function, activation_steepness)=(0, 0, 0.00000000000000000000e+00) (0, 0, 0.00000000000000000000e+00) (0, 0, 0.00000000000000000000e+00) (0, 0, 0.00000000000000000000e+00) (0, 0, 0.00000000000000000000e+00) (0, 0, 0.00000000000000000000e+00) (0, 0, 0.00000000000000000000e+00) (0, 0, 0.00000000000000000000e+00) (0, 0, 0.00000000000000000000e+00) (0, 0, 0.00000000000000000000e+00) (0, 0, 0.00000000000000000000e+00) (0, 0, 0.00000000000000000000e+00) (0, 0, 0.00000000000000000000e+00) (0, 0, 0.00000000000000000000e+00) (14, 6, 5.00000000000000000000e-01) (14, 6, 5.00000000000000000000e-01) (14, 6, 5.00000000000000000000e-01) (0, 6, 0.00000000000000000000e+00) (4, 4, 5.00000000000000000000e-01) (0, 4, 0.00000000000000000000e+00) 
connections (connected_to_neuron, weight)=(0, -2.17194938920823066297e+00) (1, 6.52443657546123323421e-01) (2, -6.97025291393719714783e-02) (3, 5.00300551261139356263e-02) (4, 5.19145664877043966356e+00) (5, 5.30231749570714239184e+00) (6, 3.58374096952175147379e-01) (7, 5.79056966035445985774e-01) (8, 1.77618556578542818869e+00) (9, 1.20246257667742093012e-01) (10, 8.78455373619942858632e-01) (11, 7.08615250915954203448e-02) (12, 2.70359812977239819531e+01) (13, -1.46089160108194193732e+00) (0, -1.01836401266796663378e+01) (1, 1.90064220472030820375e+00) (2, -3.39569064823020905219e-01) (3, -1.18665587018806820141e-01) (4, 1.46932893635306371927e+00) (5, 1.33513164909157788784e+00) (6, -1.12125346111094903456e+00) (7, 1.73626180815789332712e+00) (8, 1.83969973445122086941e-02) (9, -1.77110735382565775975e-01) (10, 1.83997643071505656565e+00) (11, -1.83004319535117421225e-01) (12, 1.66383395996904281944e+00) (13, -2.65994573977817450050e-01) (0, -1.02424519700748994921e+01) (1, 1.84788603304677190309e+00) (2, -2.29005794075359259132e-01) (3, -1.24485920976478939282e-01) (4, 1.48880217613253607034e+00) (5, 1.34709098578963315518e+00) (6, -5.28399249109742563668e-01) (7, 1.89189902025553813303e+00) (8, -2.12621749520118807908e-02) (9, -2.40642931367883006200e-01) (10, 1.72007118988129725778e+00) (11, -2.20392539964537892416e-01) (12, 1.65838728752946762413e+00) (13, -2.85094904747833166603e-01) (14, 1.84550333096062169069e+00) (15, 1.16938331006089946129e+01) (16, 1.16575430659572383263e+01) (17, -7.14346264334510094862e-01) 
