FANN_FLO_2.1
num_layers=3
learning_rate=0.700000
connection_rate=1.000000
network_type=0
learning_momentum=0.000000
training_algorithm=2
train_error_function=1
train_stop_function=1
cascade_output_change_fraction=0.010000
quickprop_decay=-0.000100
quickprop_mu=1.750000
rprop_increase_factor=1.200000
rprop_decrease_factor=0.500000
rprop_delta_min=0.000000
rprop_delta_max=50.000000
rprop_delta_zero=0.100000
cascade_output_stagnation_epochs=12
cascade_candidate_change_fraction=0.010000
cascade_candidate_stagnation_epochs=12
cascade_max_out_epochs=150
cascade_min_out_epochs=50
cascade_max_cand_epochs=150
cascade_min_cand_epochs=50
cascade_num_candidate_groups=2
bit_fail_limit=1.00000000000000005551e-01
cascade_candidate_limit=1.00000000000000000000e+03
cascade_weight_multiplier=4.00000000000000022204e-01
cascade_activation_functions_count=10
cascade_activation_functions=3 5 7 8 10 11 14 15 16 17 
cascade_activation_steepnesses_count=4
cascade_activation_steepnesses=2.50000000000000000000e-01 5.00000000000000000000e-01 7.50000000000000000000e-01 1.00000000000000000000e+00 
layer_sizes=7 4 2 
scale_included=0
neurons (num_inputs, activation_function, activation_steepness)=(0, 0, 0.00000000000000000000e+00) (0, 0, 0.00000000000000000000e+00) (0, 0, 0.00000000000000000000e+00) (0, 0, 0.00000000000000000000e+00) (0, 0, 0.00000000000000000000e+00) (0, 0, 0.00000000000000000000e+00) (0, 0, 0.00000000000000000000e+00) (7, 6, 5.00000000000000000000e-01) (7, 6, 5.00000000000000000000e-01) (7, 6, 5.00000000000000000000e-01) (0, 6, 0.00000000000000000000e+00) (4, 4, 5.00000000000000000000e-01) (0, 4, 0.00000000000000000000e+00) 
connections (connected_to_neuron, weight)=(0, -9.08774948907106860929e-01) (1, 1.15653635008038446763e+00) (2, 3.46421241310145777703e+00) (3, 2.82882054899637402912e+00) (4, 8.40605967311703117240e-01) (5, 5.13658374011918605895e-01) (6, -6.72766188500461548294e-01) (0, 1.58904614923578568764e+00) (1, 3.27225158772361801596e+00) (2, 2.54491793393811249757e+00) (3, 2.84124019012870743239e+00) (4, 1.24528870963898863344e+00) (5, -5.06702451186270330652e-01) (6, -2.60155156219988414890e+00) (0, -7.11467580106162761355e-02) (1, 1.89493841818931407772e+00) (2, 1.70332517584302123304e+00) (3, 1.34176558507181531432e+00) (4, 1.74989244615816597062e+00) (5, 3.02355817521744507648e-01) (6, -1.42217149313921753517e+00) (7, 4.15778159559573801118e+00) (8, 5.19187241714092184708e+00) (9, 6.76742581597499448520e+00) (10, -1.58511475063553697318e+00) 
