FANN_FLO_2.1
num_layers=3
learning_rate=0.700000
connection_rate=1.000000
network_type=0
learning_momentum=0.000000
training_algorithm=2
train_error_function=1
train_stop_function=1
cascade_output_change_fraction=0.010000
quickprop_decay=-0.000100
quickprop_mu=1.750000
rprop_increase_factor=1.200000
rprop_decrease_factor=0.500000
rprop_delta_min=0.000000
rprop_delta_max=50.000000
rprop_delta_zero=0.100000
cascade_output_stagnation_epochs=12
cascade_candidate_change_fraction=0.010000
cascade_candidate_stagnation_epochs=12
cascade_max_out_epochs=150
cascade_min_out_epochs=50
cascade_max_cand_epochs=150
cascade_min_cand_epochs=50
cascade_num_candidate_groups=2
bit_fail_limit=1.00000000000000005551e-01
cascade_candidate_limit=1.00000000000000000000e+03
cascade_weight_multiplier=4.00000000000000022204e-01
cascade_activation_functions_count=10
cascade_activation_functions=3 5 7 8 10 11 14 15 16 17 
cascade_activation_steepnesses_count=4
cascade_activation_steepnesses=2.50000000000000000000e-01 5.00000000000000000000e-01 7.50000000000000000000e-01 1.00000000000000000000e+00 
layer_sizes=9 4 2 
scale_included=0
neurons (num_inputs, activation_function, activation_steepness)=(0, 0, 0.00000000000000000000e+00) (0, 0, 0.00000000000000000000e+00) (0, 0, 0.00000000000000000000e+00) (0, 0, 0.00000000000000000000e+00) (0, 0, 0.00000000000000000000e+00) (0, 0, 0.00000000000000000000e+00) (0, 0, 0.00000000000000000000e+00) (0, 0, 0.00000000000000000000e+00) (0, 0, 0.00000000000000000000e+00) (9, 6, 5.00000000000000000000e-01) (9, 6, 5.00000000000000000000e-01) (9, 6, 5.00000000000000000000e-01) (0, 6, 0.00000000000000000000e+00) (4, 4, 5.00000000000000000000e-01) (0, 4, 0.00000000000000000000e+00) 
connections (connected_to_neuron, weight)=(0, 1.78515135902626220776e+00) (1, -1.38202446830307090764e+00) (2, -1.19418471441112705733e+00) (3, -2.17128478811110170454e+00) (4, 1.77236119318468277051e+00) (5, 1.77551695365173523022e+00) (6, -1.51310353600424218889e+00) (7, -3.01725449606241147293e+00) (8, 1.83148605782253448560e+00) (0, 1.81584550846082870557e+00) (1, -1.38224858176742637639e+00) (2, -1.02951161697946735885e+00) (3, -2.18781112209881456465e+00) (4, 1.81959225643140976025e+00) (5, 1.71734571862680596155e+00) (6, -1.57354590171020913836e+00) (7, -3.04758506461442868485e+00) (8, 1.80441955882770721509e+00) (0, -1.20169724082833218048e+00) (1, 6.76362076169207959708e-01) (2, 9.03762675490042743931e-01) (3, 4.06433962906553203354e-01) (4, -5.13784509176085646409e-01) (5, -1.15667198157196926545e+00) (6, 1.12089560303363233729e+00) (7, 1.03637589731198209719e+00) (8, -2.19227408677500790191e-01) (9, -5.68601513701446048543e+00) (10, -5.67167533981568805501e+00) (11, 2.12293371340088512511e+01) (12, -7.06130039411611454270e-01) 
