FANN_FLO_2.1
num_layers=3
learning_rate=0.700000
connection_rate=1.000000
network_type=0
learning_momentum=0.000000
training_algorithm=2
train_error_function=1
train_stop_function=1
cascade_output_change_fraction=0.010000
quickprop_decay=-0.000100
quickprop_mu=1.750000
rprop_increase_factor=1.200000
rprop_decrease_factor=0.500000
rprop_delta_min=0.000000
rprop_delta_max=50.000000
rprop_delta_zero=0.100000
cascade_output_stagnation_epochs=12
cascade_candidate_change_fraction=0.010000
cascade_candidate_stagnation_epochs=12
cascade_max_out_epochs=150
cascade_min_out_epochs=50
cascade_max_cand_epochs=150
cascade_min_cand_epochs=50
cascade_num_candidate_groups=2
bit_fail_limit=1.00000000000000005551e-01
cascade_candidate_limit=1.00000000000000000000e+03
cascade_weight_multiplier=4.00000000000000022204e-01
cascade_activation_functions_count=10
cascade_activation_functions=3 5 7 8 10 11 14 15 16 17 
cascade_activation_steepnesses_count=4
cascade_activation_steepnesses=2.50000000000000000000e-01 5.00000000000000000000e-01 7.50000000000000000000e-01 1.00000000000000000000e+00 
layer_sizes=15 4 2 
scale_included=0
neurons (num_inputs, activation_function, activation_steepness)=(0, 0, 0.00000000000000000000e+00) (0, 0, 0.00000000000000000000e+00) (0, 0, 0.00000000000000000000e+00) (0, 0, 0.00000000000000000000e+00) (0, 0, 0.00000000000000000000e+00) (0, 0, 0.00000000000000000000e+00) (0, 0, 0.00000000000000000000e+00) (0, 0, 0.00000000000000000000e+00) (0, 0, 0.00000000000000000000e+00) (0, 0, 0.00000000000000000000e+00) (0, 0, 0.00000000000000000000e+00) (0, 0, 0.00000000000000000000e+00) (0, 0, 0.00000000000000000000e+00) (0, 0, 0.00000000000000000000e+00) (0, 0, 0.00000000000000000000e+00) (15, 6, 5.00000000000000000000e-01) (15, 6, 5.00000000000000000000e-01) (15, 6, 5.00000000000000000000e-01) (0, 6, 0.00000000000000000000e+00) (4, 4, 5.00000000000000000000e-01) (0, 4, 0.00000000000000000000e+00) 
connections (connected_to_neuron, weight)=(0, -1.67198914664270503749e+00) (1, 1.81848800735952487173e+00) (2, 5.78549650831066353263e-01) (3, -2.36337022590434708835e-01) (4, -1.68085743861677294753e+00) (5, -1.71603978055002315273e+00) (6, -4.45431755881157132038e-02) (7, -1.64479422199012859096e+00) (8, 3.32562470275896360228e-01) (9, -6.45172361084800694009e-01) (10, -1.66791605579139812221e+00) (11, 8.59678554124217120247e-01) (12, -1.75083676355363948574e+00) (13, -1.11412915200326567700e+00) (14, -6.40404658417549205174e-02) (0, 1.10559131996682280530e+00) (1, -4.84036297567808571074e+00) (2, 7.82775587261671512707e-02) (3, 7.99224330983660191663e-01) (4, 1.11159298988035315503e+00) (5, 1.48654439043289210431e+00) (6, 8.47114420435926884778e-01) (7, 1.57493500872396996471e+00) (8, 3.55466554227369224694e-01) (9, 1.11801419453671568860e+00) (10, 1.07562377350381010999e+00) (11, -5.90353458703928746232e-01) (12, 2.82790616335185474028e+00) (13, 9.55026910755017111043e-01) (14, 8.21956804893515080579e-01) (0, -6.32052008933405962132e-01) (1, 8.78954344326835390611e-01) (2, 1.79804085853082606938e-01) (3, -2.25423509548054734619e-02) (4, -5.36016476280074205540e-01) (5, -5.41002106792311754369e-01) (6, 1.68638819903867309691e-01) (7, -6.61467296010832872533e-01) (8, 1.35034938915582991559e-01) (9, -1.69357664034165855682e-01) (10, -5.06838959581236925267e-01) (11, 3.08883344182766916841e-01) (12, -6.78616878516059007787e-01) (13, -6.68650005883555498265e-01) (14, 7.64915850765872373795e-02) (15, 7.15556371409277192086e-01) (16, -4.77777281620228233550e+00) (17, 6.92363563377241364449e-01) (18, -8.34990522930049050565e-01) 
