FANN_FLO_2.1
num_layers=3
learning_rate=0.700000
connection_rate=1.000000
network_type=0
learning_momentum=0.000000
training_algorithm=2
train_error_function=1
train_stop_function=1
cascade_output_change_fraction=0.010000
quickprop_decay=-0.000100
quickprop_mu=1.750000
rprop_increase_factor=1.200000
rprop_decrease_factor=0.500000
rprop_delta_min=0.000000
rprop_delta_max=50.000000
rprop_delta_zero=0.100000
cascade_output_stagnation_epochs=12
cascade_candidate_change_fraction=0.010000
cascade_candidate_stagnation_epochs=12
cascade_max_out_epochs=150
cascade_min_out_epochs=50
cascade_max_cand_epochs=150
cascade_min_cand_epochs=50
cascade_num_candidate_groups=2
bit_fail_limit=1.00000000000000005551e-01
cascade_candidate_limit=1.00000000000000000000e+03
cascade_weight_multiplier=4.00000000000000022204e-01
cascade_activation_functions_count=10
cascade_activation_functions=3 5 7 8 10 11 14 15 16 17 
cascade_activation_steepnesses_count=4
cascade_activation_steepnesses=2.50000000000000000000e-01 5.00000000000000000000e-01 7.50000000000000000000e-01 1.00000000000000000000e+00 
layer_sizes=10 4 2 
scale_included=0
neurons (num_inputs, activation_function, activation_steepness)=(0, 0, 0.00000000000000000000e+00) (0, 0, 0.00000000000000000000e+00) (0, 0, 0.00000000000000000000e+00) (0, 0, 0.00000000000000000000e+00) (0, 0, 0.00000000000000000000e+00) (0, 0, 0.00000000000000000000e+00) (0, 0, 0.00000000000000000000e+00) (0, 0, 0.00000000000000000000e+00) (0, 0, 0.00000000000000000000e+00) (0, 0, 0.00000000000000000000e+00) (10, 6, 5.00000000000000000000e-01) (10, 6, 5.00000000000000000000e-01) (10, 6, 5.00000000000000000000e-01) (0, 6, 0.00000000000000000000e+00) (4, 4, 5.00000000000000000000e-01) (0, 4, 0.00000000000000000000e+00) 
connections (connected_to_neuron, weight)=(0, -3.71629782010361076061e+00) (1, 4.31916583821420374534e+00) (2, 2.65806908328417623721e+00) (3, 6.33650688805472928067e+00) (4, 4.85346282958931052320e+00) (5, 4.00629075879621421308e+00) (6, -1.39668075822513904072e+00) (7, -1.31301470142804105334e-01) (8, -2.65936437403417658132e+00) (9, -5.46359980376914933231e+00) (0, -2.24765572341145636326e-01) (1, 6.87676247937193507731e-01) (2, 1.46886653718820858749e+00) (3, 1.29591098699352058610e+00) (4, 1.16774351278280486000e+00) (5, 2.38649497274939159652e+00) (6, -2.47288715366796973960e-01) (7, 2.39978116630493981676e-01) (8, -1.90455162188692517233e+00) (9, -2.33428764732541205174e-01) (0, 2.83914639520834732878e-02) (1, -4.95437206665435392328e-01) (2, -8.23572653133672005765e-01) (3, -8.15013430398252913811e-01) (4, -1.98770409683510962395e+00) (5, -2.56173572863516052500e-01) (6, 1.39735741003483127098e-01) (7, 1.21157957840333185828e+00) (8, 2.35865432471646085943e+00) (9, 1.36876987563390534186e-01) (10, 6.92753220959412630009e+00) (11, 2.74451066868767368234e+00) (12, -6.29593662475390170030e-01) (13, -2.77118134594679998983e+00) 
