FANN_FLO_2.1
num_layers=3
learning_rate=0.700000
connection_rate=1.000000
network_type=0
learning_momentum=0.000000
training_algorithm=2
train_error_function=1
train_stop_function=1
cascade_output_change_fraction=0.010000
quickprop_decay=-0.000100
quickprop_mu=1.750000
rprop_increase_factor=1.200000
rprop_decrease_factor=0.500000
rprop_delta_min=0.000000
rprop_delta_max=50.000000
rprop_delta_zero=0.100000
cascade_output_stagnation_epochs=12
cascade_candidate_change_fraction=0.010000
cascade_candidate_stagnation_epochs=12
cascade_max_out_epochs=150
cascade_min_out_epochs=50
cascade_max_cand_epochs=150
cascade_min_cand_epochs=50
cascade_num_candidate_groups=2
bit_fail_limit=1.00000000000000005551e-01
cascade_candidate_limit=1.00000000000000000000e+03
cascade_weight_multiplier=4.00000000000000022204e-01
cascade_activation_functions_count=10
cascade_activation_functions=3 5 7 8 10 11 14 15 16 17 
cascade_activation_steepnesses_count=4
cascade_activation_steepnesses=2.50000000000000000000e-01 5.00000000000000000000e-01 7.50000000000000000000e-01 1.00000000000000000000e+00 
layer_sizes=9 4 2 
scale_included=0
neurons (num_inputs, activation_function, activation_steepness)=(0, 0, 0.00000000000000000000e+00) (0, 0, 0.00000000000000000000e+00) (0, 0, 0.00000000000000000000e+00) (0, 0, 0.00000000000000000000e+00) (0, 0, 0.00000000000000000000e+00) (0, 0, 0.00000000000000000000e+00) (0, 0, 0.00000000000000000000e+00) (0, 0, 0.00000000000000000000e+00) (0, 0, 0.00000000000000000000e+00) (9, 6, 5.00000000000000000000e-01) (9, 6, 5.00000000000000000000e-01) (9, 6, 5.00000000000000000000e-01) (0, 6, 0.00000000000000000000e+00) (4, 4, 5.00000000000000000000e-01) (0, 4, 0.00000000000000000000e+00) 
connections (connected_to_neuron, weight)=(0, 1.67793916066493586925e+00) (1, -1.72104728305032006475e+00) (2, -2.02919002455902486304e+00) (3, 1.28670022391642291382e+00) (4, 1.27879847341145236328e+00) (5, -2.38539933493556866040e+00) (6, 1.18259732696067776381e+00) (7, -2.16231413019132956421e+00) (8, 1.17074094682300966497e+00) (0, 1.58870442857350901988e+00) (1, -1.76754626714875451299e+00) (2, -2.09684161675405889014e+00) (3, 1.18819936864937547583e+00) (4, 1.32839517795408923462e+00) (5, -2.27093647500696116381e+00) (6, 1.22802779473914713826e+00) (7, -2.01578909737301259497e+00) (8, 1.22969555824364107366e+00) (0, -5.32814136011685812733e-01) (1, 4.10766527569702943889e-01) (2, 5.44413477421458735783e-01) (3, -9.43613132107012364536e-02) (4, -8.78746114847592241226e-03) (5, 6.39787278930966429868e-01) (6, 2.31632442985286388093e-02) (7, 5.32414347172435298283e-01) (8, -1.40427182040216425030e-01) (9, -1.28026603158104226310e+01) (10, -1.27566730711149975974e+01) (11, 3.26936230541384209580e-01) (12, -4.62499177042657361181e-01) 
