FANN_FLO_2.1
num_layers=3
learning_rate=0.700000
connection_rate=1.000000
network_type=0
learning_momentum=0.000000
training_algorithm=2
train_error_function=1
train_stop_function=1
cascade_output_change_fraction=0.010000
quickprop_decay=-0.000100
quickprop_mu=1.750000
rprop_increase_factor=1.200000
rprop_decrease_factor=0.500000
rprop_delta_min=0.000000
rprop_delta_max=50.000000
rprop_delta_zero=0.100000
cascade_output_stagnation_epochs=12
cascade_candidate_change_fraction=0.010000
cascade_candidate_stagnation_epochs=12
cascade_max_out_epochs=150
cascade_min_out_epochs=50
cascade_max_cand_epochs=150
cascade_min_cand_epochs=50
cascade_num_candidate_groups=2
bit_fail_limit=1.00000000000000005551e-01
cascade_candidate_limit=1.00000000000000000000e+03
cascade_weight_multiplier=4.00000000000000022204e-01
cascade_activation_functions_count=10
cascade_activation_functions=3 5 7 8 10 11 14 15 16 17 
cascade_activation_steepnesses_count=4
cascade_activation_steepnesses=2.50000000000000000000e-01 5.00000000000000000000e-01 7.50000000000000000000e-01 1.00000000000000000000e+00 
layer_sizes=14 4 2 
scale_included=0
neurons (num_inputs, activation_function, activation_steepness)=(0, 0, 0.00000000000000000000e+00) (0, 0, 0.00000000000000000000e+00) (0, 0, 0.00000000000000000000e+00) (0, 0, 0.00000000000000000000e+00) (0, 0, 0.00000000000000000000e+00) (0, 0, 0.00000000000000000000e+00) (0, 0, 0.00000000000000000000e+00) (0, 0, 0.00000000000000000000e+00) (0, 0, 0.00000000000000000000e+00) (0, 0, 0.00000000000000000000e+00) (0, 0, 0.00000000000000000000e+00) (0, 0, 0.00000000000000000000e+00) (0, 0, 0.00000000000000000000e+00) (0, 0, 0.00000000000000000000e+00) (14, 6, 5.00000000000000000000e-01) (14, 6, 5.00000000000000000000e-01) (14, 6, 5.00000000000000000000e-01) (0, 6, 0.00000000000000000000e+00) (4, 4, 5.00000000000000000000e-01) (0, 4, 0.00000000000000000000e+00) 
connections (connected_to_neuron, weight)=(0, -1.00263236877008377057e+00) (1, 1.04637685067222090396e+01) (2, 1.63173563492755302473e-01) (3, -9.44333512466433933064e-01) (4, -8.25048793237689315205e-01) (5, 1.05414891562626333865e+01) (6, 2.01672925478628528584e-01) (7, -4.37467304287792013717e-01) (8, -5.80800068794132040573e-01) (9, -1.56252007849342011703e-01) (10, -1.04319018296167822513e+01) (11, 1.78533822704250888513e+00) (12, -5.78606199381939689808e-02) (13, -3.89192609666920930067e-01) (0, -7.70429312513788155936e-02) (1, 6.97312953384476630347e-01) (2, 4.95153857415793971497e-02) (3, -3.23866823714085774744e-02) (4, 3.07755227872651138110e-03) (5, 7.68564762981492011207e-01) (6, 1.47378958022420791796e-01) (7, -1.53422335444145158112e-01) (8, -1.09770136235408738434e-01) (9, 7.43320554255790660880e-02) (10, -5.96156869714813075767e-01) (11, 4.98210769119499852220e-01) (12, 9.77413630311757541946e-04) (13, -1.96791229019019187074e-01) (0, -1.67390178383902532566e+00) (1, 4.18679263303434989751e+00) (2, 2.63623817092063728040e-01) (3, -1.00751231616371716981e+00) (4, -1.26807333521198906112e+00) (5, 4.11953949788963935674e+00) (6, 4.45140372431881314874e-01) (7, -5.88507772690564368023e-02) (8, 3.49205273325145504337e-03) (9, 2.57798660264289103417e-01) (10, -4.12288891578471794475e+00) (11, 9.10223282519023957349e-01) (12, 2.31670949049597008074e-01) (13, -2.00354963373990280218e-01) (14, 1.05802832863495321902e+01) (15, 1.64518886596710700587e+00) (16, 1.71224348039181251124e+00) (17, -1.00323098566814361554e+00) 
