FANN_FLO_2.1
num_layers=3
learning_rate=0.700000
connection_rate=1.000000
network_type=0
learning_momentum=0.000000
training_algorithm=2
train_error_function=1
train_stop_function=1
cascade_output_change_fraction=0.010000
quickprop_decay=-0.000100
quickprop_mu=1.750000
rprop_increase_factor=1.200000
rprop_decrease_factor=0.500000
rprop_delta_min=0.000000
rprop_delta_max=50.000000
rprop_delta_zero=0.100000
cascade_output_stagnation_epochs=12
cascade_candidate_change_fraction=0.010000
cascade_candidate_stagnation_epochs=12
cascade_max_out_epochs=150
cascade_min_out_epochs=50
cascade_max_cand_epochs=150
cascade_min_cand_epochs=50
cascade_num_candidate_groups=2
bit_fail_limit=1.00000000000000005551e-01
cascade_candidate_limit=1.00000000000000000000e+03
cascade_weight_multiplier=4.00000000000000022204e-01
cascade_activation_functions_count=10
cascade_activation_functions=3 5 7 8 10 11 14 15 16 17 
cascade_activation_steepnesses_count=4
cascade_activation_steepnesses=2.50000000000000000000e-01 5.00000000000000000000e-01 7.50000000000000000000e-01 1.00000000000000000000e+00 
layer_sizes=10 4 2 
scale_included=0
neurons (num_inputs, activation_function, activation_steepness)=(0, 0, 0.00000000000000000000e+00) (0, 0, 0.00000000000000000000e+00) (0, 0, 0.00000000000000000000e+00) (0, 0, 0.00000000000000000000e+00) (0, 0, 0.00000000000000000000e+00) (0, 0, 0.00000000000000000000e+00) (0, 0, 0.00000000000000000000e+00) (0, 0, 0.00000000000000000000e+00) (0, 0, 0.00000000000000000000e+00) (0, 0, 0.00000000000000000000e+00) (10, 6, 5.00000000000000000000e-01) (10, 6, 5.00000000000000000000e-01) (10, 6, 5.00000000000000000000e-01) (0, 6, 0.00000000000000000000e+00) (4, 4, 5.00000000000000000000e-01) (0, 4, 0.00000000000000000000e+00) 
connections (connected_to_neuron, weight)=(0, 1.44317683530568019457e+00) (1, 2.52782181078560430620e+00) (2, 1.41234657039527777833e+00) (3, 2.66571798130098214230e+00) (4, -4.95845074533351970469e-01) (5, -1.24023014981620027797e+00) (6, -3.86652061623614295982e+00) (7, -2.44114073913716911335e+00) (8, -1.11361119613588286370e+01) (9, -2.45834282367380607681e+00) (0, 1.60521315963639638058e-01) (1, 7.87007340390691978449e-01) (2, 9.56702053322291856574e-01) (3, 8.14674779427025708145e-01) (4, -9.21161391801187612316e-01) (5, -5.29130718653514908745e-01) (6, 2.22447176014156289270e+00) (7, 2.64526065839928575807e-02) (8, -3.74192258197755311944e-01) (9, -9.04991846110792530489e-01) (0, 1.89888325147252901015e-01) (1, 1.26640817072430000856e+00) (2, 9.45843350471992305728e-01) (3, 1.07708559150555083228e+00) (4, -8.28180081197899875534e-01) (5, -5.02554922347381527459e-01) (6, -7.58158995136556379535e-01) (7, 7.03463030021204094311e+00) (8, 7.61046527160114810728e-02) (9, -9.00927716799012068272e-01) (10, 9.59291886246394298610e+00) (11, 1.43754977274665893816e+01) (12, 9.45534869727302584863e+00) (13, -1.66250178306859952571e+00) 
