FANN_FLO_2.1
num_layers=3
learning_rate=0.700000
connection_rate=1.000000
network_type=0
learning_momentum=0.000000
training_algorithm=2
train_error_function=1
train_stop_function=1
cascade_output_change_fraction=0.010000
quickprop_decay=-0.000100
quickprop_mu=1.750000
rprop_increase_factor=1.200000
rprop_decrease_factor=0.500000
rprop_delta_min=0.000000
rprop_delta_max=50.000000
rprop_delta_zero=0.100000
cascade_output_stagnation_epochs=12
cascade_candidate_change_fraction=0.010000
cascade_candidate_stagnation_epochs=12
cascade_max_out_epochs=150
cascade_min_out_epochs=50
cascade_max_cand_epochs=150
cascade_min_cand_epochs=50
cascade_num_candidate_groups=2
bit_fail_limit=1.00000000000000005551e-01
cascade_candidate_limit=1.00000000000000000000e+03
cascade_weight_multiplier=4.00000000000000022204e-01
cascade_activation_functions_count=10
cascade_activation_functions=3 5 7 8 10 11 14 15 16 17 
cascade_activation_steepnesses_count=4
cascade_activation_steepnesses=2.50000000000000000000e-01 5.00000000000000000000e-01 7.50000000000000000000e-01 1.00000000000000000000e+00 
layer_sizes=9 4 2 
scale_included=0
neurons (num_inputs, activation_function, activation_steepness)=(0, 0, 0.00000000000000000000e+00) (0, 0, 0.00000000000000000000e+00) (0, 0, 0.00000000000000000000e+00) (0, 0, 0.00000000000000000000e+00) (0, 0, 0.00000000000000000000e+00) (0, 0, 0.00000000000000000000e+00) (0, 0, 0.00000000000000000000e+00) (0, 0, 0.00000000000000000000e+00) (0, 0, 0.00000000000000000000e+00) (9, 6, 5.00000000000000000000e-01) (9, 6, 5.00000000000000000000e-01) (9, 6, 5.00000000000000000000e-01) (0, 6, 0.00000000000000000000e+00) (4, 4, 5.00000000000000000000e-01) (0, 4, 0.00000000000000000000e+00) 
connections (connected_to_neuron, weight)=(0, -2.47479914071493700689e+00) (1, 4.00896882910226715069e+00) (2, 3.15658532028090554888e+00) (3, 4.01300950826592917053e+00) (4, 3.37324247665892951176e+00) (5, 2.50463277752053148362e+00) (6, 2.84670028229488725202e+00) (7, 1.97788642860187713346e+00) (8, -5.13091998431934737113e+00) (0, 4.04238945653323078488e+00) (1, -5.13335988399302056706e-01) (2, 1.77620557188332295340e+00) (3, -1.08497349686240585065e+00) (4, -6.05600153724455925186e+00) (5, -2.21790555086177221256e+00) (6, -7.31805403059864412185e-01) (7, 8.10136988126290424894e-01) (8, 7.08192272917534992871e+00) (0, 2.57685701463904903719e-01) (1, -2.79052509410824767233e-01) (2, -9.07895023812148260767e-01) (3, -8.70475417811963247949e-01) (4, -2.35181356280839692907e-01) (5, -7.45316803286274587315e-01) (6, 8.36227600375466784133e-02) (7, -2.55131927046352258159e+00) (8, 4.15757771807220899429e-01) (9, 4.47370565006884248760e+01) (10, -1.55586879627731278219e+00) (11, -8.49133444769819667464e-01) (12, -8.70941827115087829903e-01) 
