FANN_FLO_2.1
num_layers=3
learning_rate=0.700000
connection_rate=1.000000
network_type=0
learning_momentum=0.000000
training_algorithm=2
train_error_function=1
train_stop_function=1
cascade_output_change_fraction=0.010000
quickprop_decay=-0.000100
quickprop_mu=1.750000
rprop_increase_factor=1.200000
rprop_decrease_factor=0.500000
rprop_delta_min=0.000000
rprop_delta_max=50.000000
rprop_delta_zero=0.100000
cascade_output_stagnation_epochs=12
cascade_candidate_change_fraction=0.010000
cascade_candidate_stagnation_epochs=12
cascade_max_out_epochs=150
cascade_min_out_epochs=50
cascade_max_cand_epochs=150
cascade_min_cand_epochs=50
cascade_num_candidate_groups=2
bit_fail_limit=1.00000000000000005551e-01
cascade_candidate_limit=1.00000000000000000000e+03
cascade_weight_multiplier=4.00000000000000022204e-01
cascade_activation_functions_count=10
cascade_activation_functions=3 5 7 8 10 11 14 15 16 17 
cascade_activation_steepnesses_count=4
cascade_activation_steepnesses=2.50000000000000000000e-01 5.00000000000000000000e-01 7.50000000000000000000e-01 1.00000000000000000000e+00 
layer_sizes=7 4 2 
scale_included=0
neurons (num_inputs, activation_function, activation_steepness)=(0, 0, 0.00000000000000000000e+00) (0, 0, 0.00000000000000000000e+00) (0, 0, 0.00000000000000000000e+00) (0, 0, 0.00000000000000000000e+00) (0, 0, 0.00000000000000000000e+00) (0, 0, 0.00000000000000000000e+00) (0, 0, 0.00000000000000000000e+00) (7, 6, 5.00000000000000000000e-01) (7, 6, 5.00000000000000000000e-01) (7, 6, 5.00000000000000000000e-01) (0, 6, 0.00000000000000000000e+00) (4, 4, 5.00000000000000000000e-01) (0, 4, 0.00000000000000000000e+00) 
connections (connected_to_neuron, weight)=(0, 3.75534148212979368431e-01) (1, -6.44353003867177642761e-01) (2, 4.60523247031334181933e-02) (3, -1.38990316729887175562e+00) (4, -1.29558256442888342086e+00) (5, -1.33337849558484222712e+00) (6, 7.08960863980925282135e-01) (0, 1.17443552942653101079e-01) (1, 4.52356413212925856371e-01) (2, 1.69496234207353102530e-01) (3, 2.73640979803174433371e+00) (4, 1.29517611597177317861e+00) (5, 1.04463553829063759970e+00) (6, -3.64442109162360708408e-02) (0, 1.87432381824449573182e-02) (1, 5.12895837632328932543e-01) (2, 1.93378645627698464438e-01) (3, 2.65284672356217798850e+00) (4, 1.20361957435008815054e+00) (5, 9.62731611262458653044e-01) (6, -1.10669077842906138365e-01) (7, -3.98919105187151359360e+01) (8, 1.40832472239209249842e+00) (9, 1.40425700340939596522e+00) (10, -2.25598660415532625834e+00) 
