FANN_FLO_2.1
num_layers=3
learning_rate=0.700000
connection_rate=1.000000
network_type=0
learning_momentum=0.000000
training_algorithm=2
train_error_function=1
train_stop_function=1
cascade_output_change_fraction=0.010000
quickprop_decay=-0.000100
quickprop_mu=1.750000
rprop_increase_factor=1.200000
rprop_decrease_factor=0.500000
rprop_delta_min=0.000000
rprop_delta_max=50.000000
rprop_delta_zero=0.100000
cascade_output_stagnation_epochs=12
cascade_candidate_change_fraction=0.010000
cascade_candidate_stagnation_epochs=12
cascade_max_out_epochs=150
cascade_min_out_epochs=50
cascade_max_cand_epochs=150
cascade_min_cand_epochs=50
cascade_num_candidate_groups=2
bit_fail_limit=1.00000000000000005551e-01
cascade_candidate_limit=1.00000000000000000000e+03
cascade_weight_multiplier=4.00000000000000022204e-01
cascade_activation_functions_count=10
cascade_activation_functions=3 5 7 8 10 11 14 15 16 17 
cascade_activation_steepnesses_count=4
cascade_activation_steepnesses=2.50000000000000000000e-01 5.00000000000000000000e-01 7.50000000000000000000e-01 1.00000000000000000000e+00 
layer_sizes=12 4 2 
scale_included=0
neurons (num_inputs, activation_function, activation_steepness)=(0, 0, 0.00000000000000000000e+00) (0, 0, 0.00000000000000000000e+00) (0, 0, 0.00000000000000000000e+00) (0, 0, 0.00000000000000000000e+00) (0, 0, 0.00000000000000000000e+00) (0, 0, 0.00000000000000000000e+00) (0, 0, 0.00000000000000000000e+00) (0, 0, 0.00000000000000000000e+00) (0, 0, 0.00000000000000000000e+00) (0, 0, 0.00000000000000000000e+00) (0, 0, 0.00000000000000000000e+00) (0, 0, 0.00000000000000000000e+00) (12, 6, 5.00000000000000000000e-01) (12, 6, 5.00000000000000000000e-01) (12, 6, 5.00000000000000000000e-01) (0, 6, 0.00000000000000000000e+00) (4, 4, 5.00000000000000000000e-01) (0, 4, 0.00000000000000000000e+00) 
connections (connected_to_neuron, weight)=(0, -3.13001965795184666774e+00) (1, 2.52589896030487404133e+00) (2, 1.52470029007177772240e-02) (3, 1.45820573629019817341e-01) (4, 2.34461210755441934461e-01) (5, 9.17394691418079499812e-01) (6, 1.57835236967764913629e+00) (7, 3.16134760001572834298e+00) (8, 1.31998307159519923104e+00) (9, 3.80999064983586244182e+00) (10, -6.90231807441117006796e-01) (11, -2.58796156293557455541e+00) (0, 1.51298184941421082206e-01) (1, -3.18520908762557841687e-01) (2, -1.66391411443654962943e-01) (3, 1.18357160344447973066e-01) (4, 1.28075814608327537281e-01) (5, -3.00584623496843936219e-02) (6, -6.48405793840334476741e-01) (7, -6.46976126808274210056e-01) (8, -2.78441214556120086865e-01) (9, -2.47967212665251102166e+00) (10, -7.44604047075210911943e-02) (11, 2.38803814757656218681e-01) (0, -1.30049923432881153751e+00) (1, 1.08516346540190200542e+00) (2, 3.21391739898531203501e-01) (3, 1.43977355469525253318e-01) (4, -8.82773129917919924248e-02) (5, 3.48591287441345432097e-01) (6, 8.58948081665044549382e-01) (7, 1.56162982326996879756e+00) (8, 7.30436480893912221113e-01) (9, 1.82945050977371415080e+00) (10, -6.22545541822999565218e-02) (11, -9.52809187337066210155e-01) (12, 2.57072399022033941662e+01) (13, -8.98881223018532571345e-01) (14, 2.12219761604375856123e+00) (15, -2.29091433163771718284e+00) 
