FANN_FLO_2.1
num_layers=3
learning_rate=0.700000
connection_rate=1.000000
network_type=0
learning_momentum=0.000000
training_algorithm=2
train_error_function=1
train_stop_function=1
cascade_output_change_fraction=0.010000
quickprop_decay=-0.000100
quickprop_mu=1.750000
rprop_increase_factor=1.200000
rprop_decrease_factor=0.500000
rprop_delta_min=0.000000
rprop_delta_max=50.000000
rprop_delta_zero=0.100000
cascade_output_stagnation_epochs=12
cascade_candidate_change_fraction=0.010000
cascade_candidate_stagnation_epochs=12
cascade_max_out_epochs=150
cascade_min_out_epochs=50
cascade_max_cand_epochs=150
cascade_min_cand_epochs=50
cascade_num_candidate_groups=2
bit_fail_limit=1.00000000000000005551e-01
cascade_candidate_limit=1.00000000000000000000e+03
cascade_weight_multiplier=4.00000000000000022204e-01
cascade_activation_functions_count=10
cascade_activation_functions=3 5 7 8 10 11 14 15 16 17 
cascade_activation_steepnesses_count=4
cascade_activation_steepnesses=2.50000000000000000000e-01 5.00000000000000000000e-01 7.50000000000000000000e-01 1.00000000000000000000e+00 
layer_sizes=15 4 2 
scale_included=0
neurons (num_inputs, activation_function, activation_steepness)=(0, 0, 0.00000000000000000000e+00) (0, 0, 0.00000000000000000000e+00) (0, 0, 0.00000000000000000000e+00) (0, 0, 0.00000000000000000000e+00) (0, 0, 0.00000000000000000000e+00) (0, 0, 0.00000000000000000000e+00) (0, 0, 0.00000000000000000000e+00) (0, 0, 0.00000000000000000000e+00) (0, 0, 0.00000000000000000000e+00) (0, 0, 0.00000000000000000000e+00) (0, 0, 0.00000000000000000000e+00) (0, 0, 0.00000000000000000000e+00) (0, 0, 0.00000000000000000000e+00) (0, 0, 0.00000000000000000000e+00) (0, 0, 0.00000000000000000000e+00) (15, 6, 5.00000000000000000000e-01) (15, 6, 5.00000000000000000000e-01) (15, 6, 5.00000000000000000000e-01) (0, 6, 0.00000000000000000000e+00) (4, 4, 5.00000000000000000000e-01) (0, 4, 0.00000000000000000000e+00) 
connections (connected_to_neuron, weight)=(0, 9.13670336684485828727e-01) (1, -2.27075333114781319210e+00) (2, 3.05752913181205787652e-01) (3, 1.10759692339169060760e-01) (4, 1.72074736455139998270e+02) (5, -1.37343898992504365175e+00) (6, -2.78860948076614034719e+00) (7, 2.33048786733680435290e+00) (8, 1.58370429762675213325e+00) (9, -2.91265673618422149538e-02) (10, 1.04368730486743421793e+00) (11, 4.48784200756617757122e+00) (12, 1.16459706656952111103e+00) (13, 2.46514630611759955059e+00) (14, 8.68954610329177312700e-01) (0, -2.93644023553323585407e-01) (1, 4.85985671966151389078e-01) (2, 7.02570145913557486672e-02) (3, 1.65617128305835803470e-01) (4, 6.14426548135709481357e+02) (5, 4.31714237170887527029e-01) (6, 7.76000088666981335805e-01) (7, 2.88763099856373439689e-01) (8, -4.85245475530194994573e-02) (9, 4.47967283883919376031e-02) (10, -3.96822627851894649265e-02) (11, -5.90009234522408498869e-01) (12, -9.06684705876081575848e-02) (13, -2.41847957185892331600e-01) (14, -1.52790069899571261808e-02) (0, -1.77710930463517646771e+00) (1, 3.20930119299903671148e+00) (2, -8.15478982629687376704e-03) (3, 4.81772964404027670415e-01) (4, 1.09480438965165058107e+03) (5, 1.60066265297246834720e+00) (6, 4.28965687232719350419e+00) (7, 1.15988181436150949999e+00) (8, -1.00252414786582022543e+00) (9, 3.20321754523834323347e-01) (10, -2.69848613969421791126e+00) (11, -6.43695108893792333760e+00) (12, -2.73184977009421992022e+00) (13, -1.84871623412221386396e+00) (14, -5.91967147256302173020e-01) (15, -1.00020237719360753914e+01) (16, 9.03289086354139070245e-01) (17, 2.10928865455574694465e+01) (18, -4.19018573906040414645e-01) 
