FANN_FLO_2.1
num_layers=3
learning_rate=0.700000
connection_rate=1.000000
network_type=0
learning_momentum=0.000000
training_algorithm=2
train_error_function=1
train_stop_function=1
cascade_output_change_fraction=0.010000
quickprop_decay=-0.000100
quickprop_mu=1.750000
rprop_increase_factor=1.200000
rprop_decrease_factor=0.500000
rprop_delta_min=0.000000
rprop_delta_max=50.000000
rprop_delta_zero=0.100000
cascade_output_stagnation_epochs=12
cascade_candidate_change_fraction=0.010000
cascade_candidate_stagnation_epochs=12
cascade_max_out_epochs=150
cascade_min_out_epochs=50
cascade_max_cand_epochs=150
cascade_min_cand_epochs=50
cascade_num_candidate_groups=2
bit_fail_limit=1.00000000000000005551e-01
cascade_candidate_limit=1.00000000000000000000e+03
cascade_weight_multiplier=4.00000000000000022204e-01
cascade_activation_functions_count=10
cascade_activation_functions=3 5 7 8 10 11 14 15 16 17 
cascade_activation_steepnesses_count=4
cascade_activation_steepnesses=2.50000000000000000000e-01 5.00000000000000000000e-01 7.50000000000000000000e-01 1.00000000000000000000e+00 
layer_sizes=6 4 2 
scale_included=0
neurons (num_inputs, activation_function, activation_steepness)=(0, 0, 0.00000000000000000000e+00) (0, 0, 0.00000000000000000000e+00) (0, 0, 0.00000000000000000000e+00) (0, 0, 0.00000000000000000000e+00) (0, 0, 0.00000000000000000000e+00) (0, 0, 0.00000000000000000000e+00) (6, 6, 5.00000000000000000000e-01) (6, 6, 5.00000000000000000000e-01) (6, 6, 5.00000000000000000000e-01) (0, 6, 0.00000000000000000000e+00) (4, 4, 5.00000000000000000000e-01) (0, 4, 0.00000000000000000000e+00) 
connections (connected_to_neuron, weight)=(0, 2.47687210167380333914e+00) (1, 8.73322707076035986695e-01) (2, 6.94120584532210371798e-01) (3, -3.82734145430809816202e-02) (4, 1.05746786043072904526e+00) (5, -1.51956801120168460972e-01) (0, -1.62156773932963815810e+00) (1, -6.20968019221335709723e-01) (2, -1.61487933975311775958e-01) (3, 8.83077754103246681527e-02) (4, -6.57529749576036937064e-01) (5, 9.48462119347718984885e-02) (0, -3.60400552175587662873e+00) (1, -1.58050279755459066600e+00) (2, -4.57295320601774357705e-01) (3, 3.64901194265758843649e-01) (4, -1.03497344866578355749e+00) (5, 2.39442072974862663060e+00) (6, 1.91358253414110124346e+00) (7, -3.20179264027501275791e+00) (8, -6.33735405709553276665e+01) (9, -2.84641488322037350400e+00) 
