FANN_FLO_2.1
num_layers=3
learning_rate=0.700000
connection_rate=1.000000
network_type=0
learning_momentum=0.000000
training_algorithm=2
train_error_function=1
train_stop_function=1
cascade_output_change_fraction=0.010000
quickprop_decay=-0.000100
quickprop_mu=1.750000
rprop_increase_factor=1.200000
rprop_decrease_factor=0.500000
rprop_delta_min=0.000000
rprop_delta_max=50.000000
rprop_delta_zero=0.100000
cascade_output_stagnation_epochs=12
cascade_candidate_change_fraction=0.010000
cascade_candidate_stagnation_epochs=12
cascade_max_out_epochs=150
cascade_min_out_epochs=50
cascade_max_cand_epochs=150
cascade_min_cand_epochs=50
cascade_num_candidate_groups=2
bit_fail_limit=1.00000000000000005551e-01
cascade_candidate_limit=1.00000000000000000000e+03
cascade_weight_multiplier=4.00000000000000022204e-01
cascade_activation_functions_count=10
cascade_activation_functions=3 5 7 8 10 11 14 15 16 17 
cascade_activation_steepnesses_count=4
cascade_activation_steepnesses=2.50000000000000000000e-01 5.00000000000000000000e-01 7.50000000000000000000e-01 1.00000000000000000000e+00 
layer_sizes=9 4 2 
scale_included=0
neurons (num_inputs, activation_function, activation_steepness)=(0, 0, 0.00000000000000000000e+00) (0, 0, 0.00000000000000000000e+00) (0, 0, 0.00000000000000000000e+00) (0, 0, 0.00000000000000000000e+00) (0, 0, 0.00000000000000000000e+00) (0, 0, 0.00000000000000000000e+00) (0, 0, 0.00000000000000000000e+00) (0, 0, 0.00000000000000000000e+00) (0, 0, 0.00000000000000000000e+00) (9, 6, 5.00000000000000000000e-01) (9, 6, 5.00000000000000000000e-01) (9, 6, 5.00000000000000000000e-01) (0, 6, 0.00000000000000000000e+00) (4, 4, 5.00000000000000000000e-01) (0, 4, 0.00000000000000000000e+00) 
connections (connected_to_neuron, weight)=(0, 1.17629433250312640524e+01) (1, -6.71882863723698964264e+00) (2, -2.75607660307224833218e+00) (3, -4.44131860034101144663e+00) (4, 2.85977680238374531996e+00) (5, -1.08566999449619694396e+00) (6, 5.39577944340332849027e-02) (7, 2.94844189656489419349e+00) (8, 5.62188972987491197841e+00) (0, 1.20099406969758000230e+01) (1, -7.22909840791779334523e+00) (2, -3.53505133868720600177e+00) (3, -6.28555768292768046734e+00) (4, 9.36960486825280547407e-01) (5, -8.16508810705487197978e-01) (6, 2.34202770346937816370e-01) (7, 2.82369055037856453438e+00) (8, 7.23320154476725729609e+00) (0, -1.03698502548158777437e+00) (1, -8.81372544851580119740e-01) (2, 8.69052842082450105465e+00) (3, 2.60808546675346031307e+00) (4, -4.33985961297900901812e-01) (5, 6.41983353259014677406e-02) (6, 2.36498170258450102210e-02) (7, -2.08450057284830153614e-01) (8, -1.57803976761731723499e+00) (9, -1.93540896466739709147e+00) (10, -1.94734878745619854890e+00) (11, 2.44806800144921243856e+00) (12, -1.72405785524904087147e+00) 
