FANN_FLO_2.1
num_layers=3
learning_rate=0.700000
connection_rate=1.000000
network_type=0
learning_momentum=0.000000
training_algorithm=2
train_error_function=1
train_stop_function=1
cascade_output_change_fraction=0.010000
quickprop_decay=-0.000100
quickprop_mu=1.750000
rprop_increase_factor=1.200000
rprop_decrease_factor=0.500000
rprop_delta_min=0.000000
rprop_delta_max=50.000000
rprop_delta_zero=0.100000
cascade_output_stagnation_epochs=12
cascade_candidate_change_fraction=0.010000
cascade_candidate_stagnation_epochs=12
cascade_max_out_epochs=150
cascade_min_out_epochs=50
cascade_max_cand_epochs=150
cascade_min_cand_epochs=50
cascade_num_candidate_groups=2
bit_fail_limit=1.00000000000000005551e-01
cascade_candidate_limit=1.00000000000000000000e+03
cascade_weight_multiplier=4.00000000000000022204e-01
cascade_activation_functions_count=10
cascade_activation_functions=3 5 7 8 10 11 14 15 16 17 
cascade_activation_steepnesses_count=4
cascade_activation_steepnesses=2.50000000000000000000e-01 5.00000000000000000000e-01 7.50000000000000000000e-01 1.00000000000000000000e+00 
layer_sizes=18 4 2 
scale_included=0
neurons (num_inputs, activation_function, activation_steepness)=(0, 0, 0.00000000000000000000e+00) (0, 0, 0.00000000000000000000e+00) (0, 0, 0.00000000000000000000e+00) (0, 0, 0.00000000000000000000e+00) (0, 0, 0.00000000000000000000e+00) (0, 0, 0.00000000000000000000e+00) (0, 0, 0.00000000000000000000e+00) (0, 0, 0.00000000000000000000e+00) (0, 0, 0.00000000000000000000e+00) (0, 0, 0.00000000000000000000e+00) (0, 0, 0.00000000000000000000e+00) (0, 0, 0.00000000000000000000e+00) (0, 0, 0.00000000000000000000e+00) (0, 0, 0.00000000000000000000e+00) (0, 0, 0.00000000000000000000e+00) (0, 0, 0.00000000000000000000e+00) (0, 0, 0.00000000000000000000e+00) (0, 0, 0.00000000000000000000e+00) (18, 6, 5.00000000000000000000e-01) (18, 6, 5.00000000000000000000e-01) (18, 6, 5.00000000000000000000e-01) (0, 6, 0.00000000000000000000e+00) (4, 4, 5.00000000000000000000e-01) (0, 4, 0.00000000000000000000e+00) 
connections (connected_to_neuron, weight)=(0, -9.67548111400509891489e-01) (1, 1.84534492296232399688e+00) (2, 3.59765149885017621045e-01) (3, 3.49500361683941385138e-01) (4, 1.02290543074779316512e+00) (5, 1.26068051240751111131e+00) (6, 2.04591189244540657910e+02) (7, -8.29391905340825630333e-01) (8, 7.85488324438143314943e-01) (9, 3.53706229332066079962e-01) (10, -5.47909721218024947653e-01) (11, -7.52045571031559667574e-01) (12, 1.70023502871680620707e+00) (13, -5.28075275524829690355e-01) (14, 1.77369414520540624736e+00) (15, -6.00750342441664697546e-01) (16, 1.66374626449878970647e+00) (17, -1.27003793813870013985e+00) (0, -2.51971939704223490963e-01) (1, 1.77525730741159598614e-01) (2, 1.18839035388206906707e-01) (3, 3.03769788533070572711e-01) (4, 3.60766056041417371159e-01) (5, 1.59890734197208428391e+00) (6, 3.55510792217898270451e+01) (7, 9.77278797908906066150e-02) (8, 2.64131214120849111548e-01) (9, 1.43385878592350857197e-01) (10, -2.48305670826226565495e-01) (11, -2.31443141833764798321e-01) (12, 1.78541765469155611079e+00) (13, 6.55582386449345272394e-02) (14, -8.69143793871067105172e-01) (15, 4.09522807427218082932e-02) (16, 2.03616273607114228739e+00) (17, -1.01775747200538738135e-01) (0, -1.04276836099376768452e+00) (1, 1.79482841444267449127e+00) (2, 4.10080780590481697168e-01) (3, 2.99315217736340066779e-01) (4, 1.01572462298869359287e+00) (5, 1.15603344968864285569e+00) (6, 2.04480265179427590283e+02) (7, -8.31978344592725349571e-01) (8, 8.12745476339865269289e-01) (9, 3.40724807086563608038e-01) (10, -5.83935498677169539938e-01) (11, -3.63930205216415669778e-01) (12, 1.76423507646012667216e+00) (13, -6.74341944559787354052e-01) (14, 1.51336871459760935466e+00) (15, -5.42703465057478906530e-01) (16, 1.71128494731720248723e+00) (17, -1.20753182866261066231e+00) (18, 2.16450199597110497507e+01) (19, 1.74336055779200860272e-01) (20, 1.05484021978613302650e+01) (21, -1.69234360701593078424e+00) 
