FANN_FLO_2.1
num_layers=3
learning_rate=0.700000
connection_rate=1.000000
network_type=0
learning_momentum=0.000000
training_algorithm=2
train_error_function=1
train_stop_function=1
cascade_output_change_fraction=0.010000
quickprop_decay=-0.000100
quickprop_mu=1.750000
rprop_increase_factor=1.200000
rprop_decrease_factor=0.500000
rprop_delta_min=0.000000
rprop_delta_max=50.000000
rprop_delta_zero=0.100000
cascade_output_stagnation_epochs=12
cascade_candidate_change_fraction=0.010000
cascade_candidate_stagnation_epochs=12
cascade_max_out_epochs=150
cascade_min_out_epochs=50
cascade_max_cand_epochs=150
cascade_min_cand_epochs=50
cascade_num_candidate_groups=2
bit_fail_limit=1.00000000000000005551e-01
cascade_candidate_limit=1.00000000000000000000e+03
cascade_weight_multiplier=4.00000000000000022204e-01
cascade_activation_functions_count=10
cascade_activation_functions=3 5 7 8 10 11 14 15 16 17 
cascade_activation_steepnesses_count=4
cascade_activation_steepnesses=2.50000000000000000000e-01 5.00000000000000000000e-01 7.50000000000000000000e-01 1.00000000000000000000e+00 
layer_sizes=6 4 2 
scale_included=0
neurons (num_inputs, activation_function, activation_steepness)=(0, 0, 0.00000000000000000000e+00) (0, 0, 0.00000000000000000000e+00) (0, 0, 0.00000000000000000000e+00) (0, 0, 0.00000000000000000000e+00) (0, 0, 0.00000000000000000000e+00) (0, 0, 0.00000000000000000000e+00) (6, 6, 5.00000000000000000000e-01) (6, 6, 5.00000000000000000000e-01) (6, 6, 5.00000000000000000000e-01) (0, 6, 0.00000000000000000000e+00) (4, 4, 5.00000000000000000000e-01) (0, 4, 0.00000000000000000000e+00) 
connections (connected_to_neuron, weight)=(0, 3.52191234944326847511e+00) (1, 1.55342948798558122547e+00) (2, 1.30588874312498548491e+00) (3, 1.23709425039224951703e+00) (4, 1.40470828814372916682e+00) (5, -3.23071333654569459171e+00) (0, -3.95649523821550552771e-01) (1, -5.61687517084671281142e-02) (2, -7.41833558383851121576e-01) (3, 7.61351526405433798317e-02) (4, -3.50288216014215891825e-01) (5, 8.03819441178074828303e-02) (0, 3.49751701025230854469e+00) (1, 1.52667754505297548206e+00) (2, 1.48220174106218749444e+00) (3, 1.27294058434300749738e+00) (4, 1.50041021360025284004e+00) (5, -3.28946997858928424918e+00) (6, 3.41097524778883993690e+01) (7, -1.37077204478228825701e-01) (8, 3.41283250020783484047e+01) (9, -1.68023980945720241564e+00) 
