FANN_FLO_2.1
num_layers=3
learning_rate=0.700000
connection_rate=1.000000
network_type=0
learning_momentum=0.000000
training_algorithm=2
train_error_function=1
train_stop_function=1
cascade_output_change_fraction=0.010000
quickprop_decay=-0.000100
quickprop_mu=1.750000
rprop_increase_factor=1.200000
rprop_decrease_factor=0.500000
rprop_delta_min=0.000000
rprop_delta_max=50.000000
rprop_delta_zero=0.100000
cascade_output_stagnation_epochs=12
cascade_candidate_change_fraction=0.010000
cascade_candidate_stagnation_epochs=12
cascade_max_out_epochs=150
cascade_min_out_epochs=50
cascade_max_cand_epochs=150
cascade_min_cand_epochs=50
cascade_num_candidate_groups=2
bit_fail_limit=1.00000000000000005551e-01
cascade_candidate_limit=1.00000000000000000000e+03
cascade_weight_multiplier=4.00000000000000022204e-01
cascade_activation_functions_count=10
cascade_activation_functions=3 5 7 8 10 11 14 15 16 17 
cascade_activation_steepnesses_count=4
cascade_activation_steepnesses=2.50000000000000000000e-01 5.00000000000000000000e-01 7.50000000000000000000e-01 1.00000000000000000000e+00 
layer_sizes=9 4 2 
scale_included=0
neurons (num_inputs, activation_function, activation_steepness)=(0, 0, 0.00000000000000000000e+00) (0, 0, 0.00000000000000000000e+00) (0, 0, 0.00000000000000000000e+00) (0, 0, 0.00000000000000000000e+00) (0, 0, 0.00000000000000000000e+00) (0, 0, 0.00000000000000000000e+00) (0, 0, 0.00000000000000000000e+00) (0, 0, 0.00000000000000000000e+00) (0, 0, 0.00000000000000000000e+00) (9, 6, 5.00000000000000000000e-01) (9, 6, 5.00000000000000000000e-01) (9, 6, 5.00000000000000000000e-01) (0, 6, 0.00000000000000000000e+00) (4, 4, 5.00000000000000000000e-01) (0, 4, 0.00000000000000000000e+00) 
connections (connected_to_neuron, weight)=(0, -2.15875352342282500473e+00) (1, 2.39784080104810737311e+00) (2, 1.23727666050435414213e+00) (3, 5.18247566550734894975e-01) (4, 1.28761269660372557055e+00) (5, 1.38612214446347925545e+00) (6, -1.12138284643797692119e+00) (7, 1.89970767054882827551e+00) (8, -1.95087102039845627921e+00) (0, 6.64788868964399703998e-01) (1, -6.10770484902098953484e-01) (2, -4.14967890038081266280e-02) (3, 1.41934367906888625477e-01) (4, -3.28264670769093727665e-02) (5, -2.50837585770334325908e-01) (6, 3.46820232825755581096e-01) (7, -1.21518224762877741219e-01) (8, 3.46923407512734427449e-01) (0, -2.22047715057288330698e+00) (1, 2.36303007917387031256e+00) (2, 1.29790260851622929472e+00) (3, 6.01875587731364625199e-01) (4, 1.32312514396090330493e+00) (5, 1.53055205539149019600e+00) (6, -1.20037039270310197381e+00) (7, 1.79669908736077132971e+00) (8, -1.93432512491138619559e+00) (9, 4.62029817198497738673e+00) (10, -3.49402564570953921841e-01) (11, 4.54682138060314144923e+00) (12, -1.98767189293296975272e+00) 
