FANN_FLO_2.1
num_layers=3
learning_rate=0.700000
connection_rate=1.000000
network_type=0
learning_momentum=0.000000
training_algorithm=2
train_error_function=1
train_stop_function=1
cascade_output_change_fraction=0.010000
quickprop_decay=-0.000100
quickprop_mu=1.750000
rprop_increase_factor=1.200000
rprop_decrease_factor=0.500000
rprop_delta_min=0.000000
rprop_delta_max=50.000000
rprop_delta_zero=0.100000
cascade_output_stagnation_epochs=12
cascade_candidate_change_fraction=0.010000
cascade_candidate_stagnation_epochs=12
cascade_max_out_epochs=150
cascade_min_out_epochs=50
cascade_max_cand_epochs=150
cascade_min_cand_epochs=50
cascade_num_candidate_groups=2
bit_fail_limit=1.00000000000000005551e-01
cascade_candidate_limit=1.00000000000000000000e+03
cascade_weight_multiplier=4.00000000000000022204e-01
cascade_activation_functions_count=10
cascade_activation_functions=3 5 7 8 10 11 14 15 16 17 
cascade_activation_steepnesses_count=4
cascade_activation_steepnesses=2.50000000000000000000e-01 5.00000000000000000000e-01 7.50000000000000000000e-01 1.00000000000000000000e+00 
layer_sizes=9 4 2 
scale_included=0
neurons (num_inputs, activation_function, activation_steepness)=(0, 0, 0.00000000000000000000e+00) (0, 0, 0.00000000000000000000e+00) (0, 0, 0.00000000000000000000e+00) (0, 0, 0.00000000000000000000e+00) (0, 0, 0.00000000000000000000e+00) (0, 0, 0.00000000000000000000e+00) (0, 0, 0.00000000000000000000e+00) (0, 0, 0.00000000000000000000e+00) (0, 0, 0.00000000000000000000e+00) (9, 6, 5.00000000000000000000e-01) (9, 6, 5.00000000000000000000e-01) (9, 6, 5.00000000000000000000e-01) (0, 6, 0.00000000000000000000e+00) (4, 4, 5.00000000000000000000e-01) (0, 4, 0.00000000000000000000e+00) 
connections (connected_to_neuron, weight)=(0, -2.91880427358550065264e+00) (1, 3.33456152319909193693e+00) (2, 9.21557212495385247308e-01) (3, -3.55784607109783657108e-01) (4, -1.49912391545345435873e+00) (5, 8.87676470833507869074e-01) (6, 5.55679009697290782199e-01) (7, -8.21946848843753907765e-01) (8, -2.32264925155063028939e+00) (0, 1.98032530732318989841e+00) (1, 1.35760673644785168079e+00) (2, -1.53352081590234785580e+01) (3, -1.02648564097891514812e+00) (4, 4.37731495547213633746e-01) (5, -5.56926439413690244074e-01) (6, -5.08382813170169534089e-01) (7, 2.64375878918089946001e-01) (8, 1.90504561699792973606e+00) (0, -2.36532651248593683846e+00) (1, 3.36792195975781538664e+00) (2, 8.41578373932419854242e-01) (3, -4.23527789292095668827e-01) (4, -1.57721731754114280477e+00) (5, 7.93952987449852765067e-01) (6, 8.51079185527460313487e-01) (7, -1.33023342876771155652e+00) (8, -2.06287682826295615257e+00) (9, 2.02815506154576974396e+00) (10, -3.73017992527080499698e+00) (11, 2.97945009167737495659e+00) (12, -2.82878260726309305184e+00) 
