FANN_FLO_2.1
num_layers=3
learning_rate=0.700000
connection_rate=1.000000
network_type=0
learning_momentum=0.000000
training_algorithm=2
train_error_function=1
train_stop_function=1
cascade_output_change_fraction=0.010000
quickprop_decay=-0.000100
quickprop_mu=1.750000
rprop_increase_factor=1.200000
rprop_decrease_factor=0.500000
rprop_delta_min=0.000000
rprop_delta_max=50.000000
rprop_delta_zero=0.100000
cascade_output_stagnation_epochs=12
cascade_candidate_change_fraction=0.010000
cascade_candidate_stagnation_epochs=12
cascade_max_out_epochs=150
cascade_min_out_epochs=50
cascade_max_cand_epochs=150
cascade_min_cand_epochs=50
cascade_num_candidate_groups=2
bit_fail_limit=1.00000000000000005551e-01
cascade_candidate_limit=1.00000000000000000000e+03
cascade_weight_multiplier=4.00000000000000022204e-01
cascade_activation_functions_count=10
cascade_activation_functions=3 5 7 8 10 11 14 15 16 17 
cascade_activation_steepnesses_count=4
cascade_activation_steepnesses=2.50000000000000000000e-01 5.00000000000000000000e-01 7.50000000000000000000e-01 1.00000000000000000000e+00 
layer_sizes=9 4 2 
scale_included=0
neurons (num_inputs, activation_function, activation_steepness)=(0, 0, 0.00000000000000000000e+00) (0, 0, 0.00000000000000000000e+00) (0, 0, 0.00000000000000000000e+00) (0, 0, 0.00000000000000000000e+00) (0, 0, 0.00000000000000000000e+00) (0, 0, 0.00000000000000000000e+00) (0, 0, 0.00000000000000000000e+00) (0, 0, 0.00000000000000000000e+00) (0, 0, 0.00000000000000000000e+00) (9, 6, 5.00000000000000000000e-01) (9, 6, 5.00000000000000000000e-01) (9, 6, 5.00000000000000000000e-01) (0, 6, 0.00000000000000000000e+00) (4, 4, 5.00000000000000000000e-01) (0, 4, 0.00000000000000000000e+00) 
connections (connected_to_neuron, weight)=(0, -7.33570887477047017811e-01) (1, 9.88071257820024362317e-01) (2, 6.92135578964459208251e-01) (3, 2.73635133782800465951e-01) (4, 9.42227811261428405132e-01) (5, 5.51058451766940793348e-01) (6, -1.89200908725025596091e-01) (7, 9.11265861806909716059e-01) (8, -4.88153439964231661286e-01) (0, -2.28218657312679074067e+00) (1, 1.99982296293488603922e+00) (2, 9.95177781036683084537e-01) (3, 2.09518652799721205593e-01) (4, 1.29923282941564832704e+00) (5, 1.13864447452635597635e+00) (6, -1.34225873535690887195e+00) (7, 1.73894446788555345762e+00) (8, -1.83024500964265901537e+00) (0, -2.42000257013129926875e+00) (1, 2.22104396043888518975e+00) (2, 1.07882787828762150006e+00) (3, 9.82820523730107309390e-01) (4, 1.36758489539608274477e+00) (5, 1.11813684084029030252e+00) (6, -1.21367503216682059985e+00) (7, 1.58455291835790834654e+00) (8, -1.87792278735023532299e+00) (9, 7.89986897741246529847e-01) (10, 4.83253423978324647692e+00) (11, 4.77612570036884065416e+00) (12, -1.26325510787240236077e+00) 
