FANN_FLO_2.1
num_layers=3
learning_rate=0.700000
connection_rate=1.000000
network_type=0
learning_momentum=0.000000
training_algorithm=2
train_error_function=1
train_stop_function=1
cascade_output_change_fraction=0.010000
quickprop_decay=-0.000100
quickprop_mu=1.750000
rprop_increase_factor=1.200000
rprop_decrease_factor=0.500000
rprop_delta_min=0.000000
rprop_delta_max=50.000000
rprop_delta_zero=0.100000
cascade_output_stagnation_epochs=12
cascade_candidate_change_fraction=0.010000
cascade_candidate_stagnation_epochs=12
cascade_max_out_epochs=150
cascade_min_out_epochs=50
cascade_max_cand_epochs=150
cascade_min_cand_epochs=50
cascade_num_candidate_groups=2
bit_fail_limit=1.00000000000000005551e-01
cascade_candidate_limit=1.00000000000000000000e+03
cascade_weight_multiplier=4.00000000000000022204e-01
cascade_activation_functions_count=10
cascade_activation_functions=3 5 7 8 10 11 14 15 16 17 
cascade_activation_steepnesses_count=4
cascade_activation_steepnesses=2.50000000000000000000e-01 5.00000000000000000000e-01 7.50000000000000000000e-01 1.00000000000000000000e+00 
layer_sizes=6 4 2 
scale_included=0
neurons (num_inputs, activation_function, activation_steepness)=(0, 0, 0.00000000000000000000e+00) (0, 0, 0.00000000000000000000e+00) (0, 0, 0.00000000000000000000e+00) (0, 0, 0.00000000000000000000e+00) (0, 0, 0.00000000000000000000e+00) (0, 0, 0.00000000000000000000e+00) (6, 6, 5.00000000000000000000e-01) (6, 6, 5.00000000000000000000e-01) (6, 6, 5.00000000000000000000e-01) (0, 6, 0.00000000000000000000e+00) (4, 4, 5.00000000000000000000e-01) (0, 4, 0.00000000000000000000e+00) 
connections (connected_to_neuron, weight)=(0, 1.99491559500065318566e+00) (1, 4.63354125762201984884e+00) (2, -4.38316243448703124486e-01) (3, -3.78370748809831525250e+00) (4, 5.22693101939408499845e+00) (5, -3.15913199552202261788e-01) (0, -2.30469575751224153848e+00) (1, -1.01524607233770947090e+00) (2, -9.91129478280285303171e-01) (3, -9.20651581360605431037e-01) (4, -1.00848863433503610487e+00) (5, 2.15317121566133717891e+00) (0, -2.35272127616801851602e+00) (1, -1.05666496746309857002e+00) (2, -8.88220293287972029184e-01) (3, -8.29038474931028335213e-01) (4, -9.22801719712252221939e-01) (5, 2.13611030251579503414e+00) (6, 8.89436314915540759962e-01) (7, -4.87904500468666526558e+01) (8, -2.83168945434315268983e+01) (9, -3.66488256241144050307e+00) 
