FANN_FLO_2.1
num_layers=3
learning_rate=0.700000
connection_rate=1.000000
network_type=0
learning_momentum=0.000000
training_algorithm=2
train_error_function=1
train_stop_function=1
cascade_output_change_fraction=0.010000
quickprop_decay=-0.000100
quickprop_mu=1.750000
rprop_increase_factor=1.200000
rprop_decrease_factor=0.500000
rprop_delta_min=0.000000
rprop_delta_max=50.000000
rprop_delta_zero=0.100000
cascade_output_stagnation_epochs=12
cascade_candidate_change_fraction=0.010000
cascade_candidate_stagnation_epochs=12
cascade_max_out_epochs=150
cascade_min_out_epochs=50
cascade_max_cand_epochs=150
cascade_min_cand_epochs=50
cascade_num_candidate_groups=2
bit_fail_limit=1.00000000000000005551e-01
cascade_candidate_limit=1.00000000000000000000e+03
cascade_weight_multiplier=4.00000000000000022204e-01
cascade_activation_functions_count=10
cascade_activation_functions=3 5 7 8 10 11 14 15 16 17 
cascade_activation_steepnesses_count=4
cascade_activation_steepnesses=2.50000000000000000000e-01 5.00000000000000000000e-01 7.50000000000000000000e-01 1.00000000000000000000e+00 
layer_sizes=12 4 2 
scale_included=0
neurons (num_inputs, activation_function, activation_steepness)=(0, 0, 0.00000000000000000000e+00) (0, 0, 0.00000000000000000000e+00) (0, 0, 0.00000000000000000000e+00) (0, 0, 0.00000000000000000000e+00) (0, 0, 0.00000000000000000000e+00) (0, 0, 0.00000000000000000000e+00) (0, 0, 0.00000000000000000000e+00) (0, 0, 0.00000000000000000000e+00) (0, 0, 0.00000000000000000000e+00) (0, 0, 0.00000000000000000000e+00) (0, 0, 0.00000000000000000000e+00) (0, 0, 0.00000000000000000000e+00) (12, 6, 5.00000000000000000000e-01) (12, 6, 5.00000000000000000000e-01) (12, 6, 5.00000000000000000000e-01) (0, 6, 0.00000000000000000000e+00) (4, 4, 5.00000000000000000000e-01) (0, 4, 0.00000000000000000000e+00) 
connections (connected_to_neuron, weight)=(0, 5.46347105226490459273e+00) (1, -4.58386416917820227468e+00) (2, -2.63689572431754992721e+00) (3, -1.33910816440647439940e+00) (4, 1.18469015587380432919e+00) (5, 1.91766071525058467984e+00) (6, -4.38982657271630571927e+00) (7, -2.34412639084565288528e+00) (8, -4.55920304456524405623e+00) (9, 2.70424877916672423694e+00) (10, -5.11269469617814031892e+00) (11, 5.92791292539996916844e+00) (0, 5.50407359099957904647e+00) (1, -4.67068590408344519460e+00) (2, -2.65443366088581012008e+00) (3, -9.28919411837251463027e-01) (4, 1.12283900458624863461e+00) (5, 1.85500571337184583243e+00) (6, -4.32924919503934191312e+00) (7, -2.40982618796932390737e+00) (8, -4.40415997901730094100e+00) (9, 2.36493822115751539670e+00) (10, -5.15253201185673681550e+00) (11, 5.90600440374774748875e+00) (0, 5.50064029640529117415e+00) (1, -4.56006145661850226247e+00) (2, -2.70985610105705188033e+00) (3, -1.25809823626940997521e+00) (4, 1.23384820748379731015e+00) (5, 2.22334429963079660553e+00) (6, -4.39827496486909197415e+00) (7, -2.40232634040820292043e+00) (8, -4.57254696735910926009e+00) (9, 2.78145378892519667957e+00) (10, -5.11276231019705740266e+00) (11, 5.93597968391341979100e+00) (12, -1.98189381824376056329e+01) (13, -9.79901217209796726593e+00) (14, -1.97801362591479346520e+02) (15, -1.18291131902455237679e+00) 
