FANN_FLO_2.1
num_layers=3
learning_rate=0.700000
connection_rate=1.000000
network_type=0
learning_momentum=0.000000
training_algorithm=2
train_error_function=1
train_stop_function=1
cascade_output_change_fraction=0.010000
quickprop_decay=-0.000100
quickprop_mu=1.750000
rprop_increase_factor=1.200000
rprop_decrease_factor=0.500000
rprop_delta_min=0.000000
rprop_delta_max=50.000000
rprop_delta_zero=0.100000
cascade_output_stagnation_epochs=12
cascade_candidate_change_fraction=0.010000
cascade_candidate_stagnation_epochs=12
cascade_max_out_epochs=150
cascade_min_out_epochs=50
cascade_max_cand_epochs=150
cascade_min_cand_epochs=50
cascade_num_candidate_groups=2
bit_fail_limit=1.00000000000000005551e-01
cascade_candidate_limit=1.00000000000000000000e+03
cascade_weight_multiplier=4.00000000000000022204e-01
cascade_activation_functions_count=10
cascade_activation_functions=3 5 7 8 10 11 14 15 16 17 
cascade_activation_steepnesses_count=4
cascade_activation_steepnesses=2.50000000000000000000e-01 5.00000000000000000000e-01 7.50000000000000000000e-01 1.00000000000000000000e+00 
layer_sizes=12 4 2 
scale_included=0
neurons (num_inputs, activation_function, activation_steepness)=(0, 0, 0.00000000000000000000e+00) (0, 0, 0.00000000000000000000e+00) (0, 0, 0.00000000000000000000e+00) (0, 0, 0.00000000000000000000e+00) (0, 0, 0.00000000000000000000e+00) (0, 0, 0.00000000000000000000e+00) (0, 0, 0.00000000000000000000e+00) (0, 0, 0.00000000000000000000e+00) (0, 0, 0.00000000000000000000e+00) (0, 0, 0.00000000000000000000e+00) (0, 0, 0.00000000000000000000e+00) (0, 0, 0.00000000000000000000e+00) (12, 6, 5.00000000000000000000e-01) (12, 6, 5.00000000000000000000e-01) (12, 6, 5.00000000000000000000e-01) (0, 6, 0.00000000000000000000e+00) (4, 4, 5.00000000000000000000e-01) (0, 4, 0.00000000000000000000e+00) 
connections (connected_to_neuron, weight)=(0, 3.23572088629037191154e+00) (1, 1.50000000000000000000e+03) (2, 6.01158459669316122542e-02) (3, 4.03718534724696320737e-01) (4, 1.50000000000000000000e+03) (5, 4.74183191017425631486e+00) (6, 6.38047188414898727160e+01) (7, 2.40036554057532214301e+02) (8, 4.91861623189796981492e-01) (9, -4.07473591722779815427e+00) (10, 1.61859110536186854290e+01) (11, -1.02409003521105246293e+00) (0, 2.01311792580390047647e+00) (1, 1.50000000000000000000e+03) (2, -4.20498807704251742479e-01) (3, 1.97113787165117271272e+00) (4, 1.50000000000000000000e+03) (5, -2.10539583536886176773e+00) (6, -3.53032991948319108122e-01) (7, 5.15036597444052057782e-01) (8, 1.46497734099462828539e+00) (9, 3.65588195231044288391e+00) (10, -1.33347058487209513267e-01) (11, -2.42773930656829195485e+00) (0, -5.55437313408600985554e+00) (1, 7.47399018054987891446e+01) (2, 1.09103260244154860459e+01) (3, -5.75168685118164879633e-01) (4, -1.40000000000000000000e+03) (5, 1.27044027174664097402e+03) (6, 1.47369217269923956337e+03) (7, 1.50000000000000000000e+03) (8, -4.70308644258002339633e-01) (9, 4.74452692904856832001e+00) (10, 4.38426487429817868247e+00) (11, 2.44695057112247704723e+00) (12, 3.93439493756125058255e+00) (13, 7.93226894416758288031e+00) (14, -4.91333109869742390430e+00) (15, -1.13732366106981319653e+00) 
