FANN_FLO_2.1
num_layers=3
learning_rate=0.700000
connection_rate=1.000000
network_type=0
learning_momentum=0.000000
training_algorithm=2
train_error_function=1
train_stop_function=1
cascade_output_change_fraction=0.010000
quickprop_decay=-0.000100
quickprop_mu=1.750000
rprop_increase_factor=1.200000
rprop_decrease_factor=0.500000
rprop_delta_min=0.000000
rprop_delta_max=50.000000
rprop_delta_zero=0.100000
cascade_output_stagnation_epochs=12
cascade_candidate_change_fraction=0.010000
cascade_candidate_stagnation_epochs=12
cascade_max_out_epochs=150
cascade_min_out_epochs=50
cascade_max_cand_epochs=150
cascade_min_cand_epochs=50
cascade_num_candidate_groups=2
bit_fail_limit=1.00000000000000005551e-01
cascade_candidate_limit=1.00000000000000000000e+03
cascade_weight_multiplier=4.00000000000000022204e-01
cascade_activation_functions_count=10
cascade_activation_functions=3 5 7 8 10 11 14 15 16 17 
cascade_activation_steepnesses_count=4
cascade_activation_steepnesses=2.50000000000000000000e-01 5.00000000000000000000e-01 7.50000000000000000000e-01 1.00000000000000000000e+00 
layer_sizes=6 4 2 
scale_included=0
neurons (num_inputs, activation_function, activation_steepness)=(0, 0, 0.00000000000000000000e+00) (0, 0, 0.00000000000000000000e+00) (0, 0, 0.00000000000000000000e+00) (0, 0, 0.00000000000000000000e+00) (0, 0, 0.00000000000000000000e+00) (0, 0, 0.00000000000000000000e+00) (6, 6, 5.00000000000000000000e-01) (6, 6, 5.00000000000000000000e-01) (6, 6, 5.00000000000000000000e-01) (0, 6, 0.00000000000000000000e+00) (4, 4, 5.00000000000000000000e-01) (0, 4, 0.00000000000000000000e+00) 
connections (connected_to_neuron, weight)=(0, -1.46197050118886084924e+00) (1, 1.29311250455075943400e+00) (2, 1.88997390306542922822e+00) (3, -7.03090530284176673526e-01) (4, 1.48248116266285268061e+00) (5, -1.88167310580682056731e+00) (0, -1.32850792313061827343e+00) (1, 1.30974731812656020047e+00) (2, 1.76738861388515045014e+00) (3, -7.22338345297108497256e-01) (4, 1.50771681558643666499e+00) (5, -1.90873329788517254180e+00) (0, -1.43592818135462851892e+00) (1, 1.45835986293250807755e+00) (2, 1.77919487840484191743e+00) (3, -7.09385227807293738955e-01) (4, 1.54775840383325902216e+00) (5, -1.95864424929093616790e+00) (6, 2.22496050833683298720e+01) (7, 2.26200686685954934774e+01) (8, 1.22466366112663926913e+01) (9, -1.80045960918139713591e+00) 
