FANN_FLO_2.1
num_layers=3
learning_rate=0.700000
connection_rate=1.000000
network_type=0
learning_momentum=0.000000
training_algorithm=2
train_error_function=1
train_stop_function=1
cascade_output_change_fraction=0.010000
quickprop_decay=-0.000100
quickprop_mu=1.750000
rprop_increase_factor=1.200000
rprop_decrease_factor=0.500000
rprop_delta_min=0.000000
rprop_delta_max=50.000000
rprop_delta_zero=0.100000
cascade_output_stagnation_epochs=12
cascade_candidate_change_fraction=0.010000
cascade_candidate_stagnation_epochs=12
cascade_max_out_epochs=150
cascade_min_out_epochs=50
cascade_max_cand_epochs=150
cascade_min_cand_epochs=50
cascade_num_candidate_groups=2
bit_fail_limit=1.00000000000000005551e-01
cascade_candidate_limit=1.00000000000000000000e+03
cascade_weight_multiplier=4.00000000000000022204e-01
cascade_activation_functions_count=10
cascade_activation_functions=3 5 7 8 10 11 14 15 16 17 
cascade_activation_steepnesses_count=4
cascade_activation_steepnesses=2.50000000000000000000e-01 5.00000000000000000000e-01 7.50000000000000000000e-01 1.00000000000000000000e+00 
layer_sizes=12 4 2 
scale_included=0
neurons (num_inputs, activation_function, activation_steepness)=(0, 0, 0.00000000000000000000e+00) (0, 0, 0.00000000000000000000e+00) (0, 0, 0.00000000000000000000e+00) (0, 0, 0.00000000000000000000e+00) (0, 0, 0.00000000000000000000e+00) (0, 0, 0.00000000000000000000e+00) (0, 0, 0.00000000000000000000e+00) (0, 0, 0.00000000000000000000e+00) (0, 0, 0.00000000000000000000e+00) (0, 0, 0.00000000000000000000e+00) (0, 0, 0.00000000000000000000e+00) (0, 0, 0.00000000000000000000e+00) (12, 6, 5.00000000000000000000e-01) (12, 6, 5.00000000000000000000e-01) (12, 6, 5.00000000000000000000e-01) (0, 6, 0.00000000000000000000e+00) (4, 4, 5.00000000000000000000e-01) (0, 4, 0.00000000000000000000e+00) 
connections (connected_to_neuron, weight)=(0, 1.72057604333997593571e+00) (1, 1.09908297751487804561e+00) (2, 5.92352913481595244605e+00) (3, -7.18335769976473303977e-01) (4, -1.96009876102380098395e+00) (5, 9.20594703743548348207e-01) (6, 1.73731802034060756057e+00) (7, 6.25212223985546766691e-01) (8, -1.04999914077294609349e+00) (9, 1.52935512219419478264e+00) (10, 1.50989984621926187636e+00) (11, -2.36384064343336008918e+00) (0, -7.36266516497778411576e+00) (1, 9.97476640365931754850e-01) (2, 4.83545465358229137109e+02) (3, 3.40503774514593715139e+02) (4, 3.85039723373074366464e+02) (5, -2.42647156923631790448e+00) (6, -2.65455238071169308256e+00) (7, -3.16171726528575591786e+00) (8, -1.05751979886038749434e+00) (9, -2.88232045213440679632e+00) (10, -2.46753021966591434833e+00) (11, 6.20146782437894383833e+00) (0, 9.47519652890971464387e+00) (1, 1.44639501646310600336e+03) (2, -1.32362330375019841000e+01) (3, 2.01165971825330336387e+00) (4, 1.23206305807126863527e+01) (5, -5.25400441930499173537e+00) (6, -1.19016335817573288836e+01) (7, -1.59141278859290871139e+01) (8, 3.66557961477915483783e+01) (9, -1.16915270574417533567e+01) (10, -1.11130621262507176539e+01) (11, 6.42844181800576031094e+00) (12, 2.14180890586969603362e+01) (13, -1.81405957045237187231e+01) (14, 1.37383322504860085900e+01) (15, -2.70099659578686956962e+00) 
