FANN_FLO_2.1
num_layers=3
learning_rate=0.700000
connection_rate=1.000000
network_type=0
learning_momentum=0.000000
training_algorithm=2
train_error_function=1
train_stop_function=1
cascade_output_change_fraction=0.010000
quickprop_decay=-0.000100
quickprop_mu=1.750000
rprop_increase_factor=1.200000
rprop_decrease_factor=0.500000
rprop_delta_min=0.000000
rprop_delta_max=50.000000
rprop_delta_zero=0.100000
cascade_output_stagnation_epochs=12
cascade_candidate_change_fraction=0.010000
cascade_candidate_stagnation_epochs=12
cascade_max_out_epochs=150
cascade_min_out_epochs=50
cascade_max_cand_epochs=150
cascade_min_cand_epochs=50
cascade_num_candidate_groups=2
bit_fail_limit=1.00000000000000005551e-01
cascade_candidate_limit=1.00000000000000000000e+03
cascade_weight_multiplier=4.00000000000000022204e-01
cascade_activation_functions_count=10
cascade_activation_functions=3 5 7 8 10 11 14 15 16 17 
cascade_activation_steepnesses_count=4
cascade_activation_steepnesses=2.50000000000000000000e-01 5.00000000000000000000e-01 7.50000000000000000000e-01 1.00000000000000000000e+00 
layer_sizes=11 4 2 
scale_included=0
neurons (num_inputs, activation_function, activation_steepness)=(0, 0, 0.00000000000000000000e+00) (0, 0, 0.00000000000000000000e+00) (0, 0, 0.00000000000000000000e+00) (0, 0, 0.00000000000000000000e+00) (0, 0, 0.00000000000000000000e+00) (0, 0, 0.00000000000000000000e+00) (0, 0, 0.00000000000000000000e+00) (0, 0, 0.00000000000000000000e+00) (0, 0, 0.00000000000000000000e+00) (0, 0, 0.00000000000000000000e+00) (0, 0, 0.00000000000000000000e+00) (11, 6, 5.00000000000000000000e-01) (11, 6, 5.00000000000000000000e-01) (11, 6, 5.00000000000000000000e-01) (0, 6, 0.00000000000000000000e+00) (4, 4, 5.00000000000000000000e-01) (0, 4, 0.00000000000000000000e+00) 
connections (connected_to_neuron, weight)=(0, 3.44081072986281810699e+00) (1, 2.37644661059723283358e+00) (2, 2.36017707532404585891e+00) (3, 7.48097240571212185323e-01) (4, -1.35544669539946549541e+00) (5, -8.20232656135475024506e-01) (6, 1.94660119277004128868e+00) (7, 2.42739738181361586200e+00) (8, 9.98841844696811476112e-01) (9, 2.03328901768776981740e+00) (10, -3.51566962366213742186e+00) (0, -3.94352145619419625078e+00) (1, 3.22446499951241527526e+00) (2, 1.92216965026550612450e+00) (3, 7.35625346142697172924e-02) (4, 2.37608950955135656002e+00) (5, 1.24324973273389023376e+01) (6, -7.51036037240927378811e-01) (7, -1.59364332898649796455e+00) (8, 1.39254099303574840896e+00) (9, 6.02135590084330996063e+00) (10, 2.96238292584223694703e+00) (0, -1.19120664856006053256e+00) (1, 3.67075348782371246870e-01) (2, 2.86729189394709527150e+00) (3, 8.36834742358695593545e-01) (4, 2.59398064609302092531e-01) (5, -1.03046715532972186224e+01) (6, -2.16247446643596269444e-01) (7, -1.43363055200696393188e-01) (8, 1.18126986754963955728e-01) (9, 1.41540054940156001528e+00) (10, 4.18087312373525754605e-01) (11, 1.05583560982633187564e+02) (12, -1.79541641039873356434e+00) (13, -8.52834246509221571841e+01) (14, -1.26743442728286348498e+00) 
