FANN_FLO_2.1
num_layers=3
learning_rate=0.700000
connection_rate=1.000000
network_type=0
learning_momentum=0.000000
training_algorithm=2
train_error_function=1
train_stop_function=1
cascade_output_change_fraction=0.010000
quickprop_decay=-0.000100
quickprop_mu=1.750000
rprop_increase_factor=1.200000
rprop_decrease_factor=0.500000
rprop_delta_min=0.000000
rprop_delta_max=50.000000
rprop_delta_zero=0.100000
cascade_output_stagnation_epochs=12
cascade_candidate_change_fraction=0.010000
cascade_candidate_stagnation_epochs=12
cascade_max_out_epochs=150
cascade_min_out_epochs=50
cascade_max_cand_epochs=150
cascade_min_cand_epochs=50
cascade_num_candidate_groups=2
bit_fail_limit=1.00000000000000005551e-01
cascade_candidate_limit=1.00000000000000000000e+03
cascade_weight_multiplier=4.00000000000000022204e-01
cascade_activation_functions_count=10
cascade_activation_functions=3 5 7 8 10 11 14 15 16 17 
cascade_activation_steepnesses_count=4
cascade_activation_steepnesses=2.50000000000000000000e-01 5.00000000000000000000e-01 7.50000000000000000000e-01 1.00000000000000000000e+00 
layer_sizes=11 4 2 
scale_included=0
neurons (num_inputs, activation_function, activation_steepness)=(0, 0, 0.00000000000000000000e+00) (0, 0, 0.00000000000000000000e+00) (0, 0, 0.00000000000000000000e+00) (0, 0, 0.00000000000000000000e+00) (0, 0, 0.00000000000000000000e+00) (0, 0, 0.00000000000000000000e+00) (0, 0, 0.00000000000000000000e+00) (0, 0, 0.00000000000000000000e+00) (0, 0, 0.00000000000000000000e+00) (0, 0, 0.00000000000000000000e+00) (0, 0, 0.00000000000000000000e+00) (11, 6, 5.00000000000000000000e-01) (11, 6, 5.00000000000000000000e-01) (11, 6, 5.00000000000000000000e-01) (0, 6, 0.00000000000000000000e+00) (4, 4, 5.00000000000000000000e-01) (0, 4, 0.00000000000000000000e+00) 
connections (connected_to_neuron, weight)=(0, -7.32396467507903725647e+00) (1, -2.94274928674672198170e+00) (2, -9.45582831429185866057e-01) (3, -2.61505627017638397902e+00) (4, -2.01107173417382378844e+00) (5, -4.95123550660472311336e+00) (6, 4.05994603901938599932e+00) (7, -2.42385127350072115959e-01) (8, -4.40459847401161130875e+00) (9, -1.60514030068872504131e+00) (10, 5.46647996673883085350e+00) (0, -1.24771074914969104519e+00) (1, -7.51972634745175061433e-01) (2, -3.44560129926166136549e-01) (3, -1.28061038765893950853e+01) (4, -3.75485811850794048983e-01) (5, 7.38659201411276633564e+00) (6, 4.70365535938059908805e-01) (7, 6.30407771931131954979e-01) (8, -8.22972570082131094082e-01) (9, -1.27973223946497904890e-01) (10, 6.10011422308367246004e-01) (0, -2.80006133292065251261e-01) (1, 9.27986641669978129521e-01) (2, 2.24667876982554970411e+00) (3, -3.12868869298027796333e+00) (4, 1.45390155505083135123e-01) (5, 9.52673622981710508384e+01) (6, 7.95100422578704169041e-01) (7, 1.37618938213160402206e+00) (8, 3.23700595831798043633e+00) (9, -1.76369614560458165542e+00) (10, -3.46060296584296445133e+00) (11, -1.00288124619953407546e+02) (12, -1.01370383064695590569e+00) (13, 1.18878241363474712600e+00) (14, -2.29177191163243998417e+00) 
