FANN_FLO_2.1
num_layers=3
learning_rate=0.700000
connection_rate=1.000000
network_type=0
learning_momentum=0.000000
training_algorithm=2
train_error_function=1
train_stop_function=1
cascade_output_change_fraction=0.010000
quickprop_decay=-0.000100
quickprop_mu=1.750000
rprop_increase_factor=1.200000
rprop_decrease_factor=0.500000
rprop_delta_min=0.000000
rprop_delta_max=50.000000
rprop_delta_zero=0.100000
cascade_output_stagnation_epochs=12
cascade_candidate_change_fraction=0.010000
cascade_candidate_stagnation_epochs=12
cascade_max_out_epochs=150
cascade_min_out_epochs=50
cascade_max_cand_epochs=150
cascade_min_cand_epochs=50
cascade_num_candidate_groups=2
bit_fail_limit=1.00000000000000005551e-01
cascade_candidate_limit=1.00000000000000000000e+03
cascade_weight_multiplier=4.00000000000000022204e-01
cascade_activation_functions_count=10
cascade_activation_functions=3 5 7 8 10 11 14 15 16 17 
cascade_activation_steepnesses_count=4
cascade_activation_steepnesses=2.50000000000000000000e-01 5.00000000000000000000e-01 7.50000000000000000000e-01 1.00000000000000000000e+00 
layer_sizes=12 4 2 
scale_included=0
neurons (num_inputs, activation_function, activation_steepness)=(0, 0, 0.00000000000000000000e+00) (0, 0, 0.00000000000000000000e+00) (0, 0, 0.00000000000000000000e+00) (0, 0, 0.00000000000000000000e+00) (0, 0, 0.00000000000000000000e+00) (0, 0, 0.00000000000000000000e+00) (0, 0, 0.00000000000000000000e+00) (0, 0, 0.00000000000000000000e+00) (0, 0, 0.00000000000000000000e+00) (0, 0, 0.00000000000000000000e+00) (0, 0, 0.00000000000000000000e+00) (0, 0, 0.00000000000000000000e+00) (12, 6, 5.00000000000000000000e-01) (12, 6, 5.00000000000000000000e-01) (12, 6, 5.00000000000000000000e-01) (0, 6, 0.00000000000000000000e+00) (4, 4, 5.00000000000000000000e-01) (0, 4, 0.00000000000000000000e+00) 
connections (connected_to_neuron, weight)=(0, 4.17883743168780252830e+00) (1, 2.60347185852716078713e+00) (2, 5.27877236633778279540e-01) (3, 6.01412071528711789092e-01) (4, 1.67712959522828630732e+00) (5, 1.12975715285796995957e+00) (6, 1.24398597887415807151e+00) (7, 1.27750143163683960168e+00) (8, -1.22064178814087931357e+00) (9, 1.72467562126314222226e+00) (10, 2.60117653916488844601e+00) (11, -4.02088535356603937743e+00) (0, 2.01156898511206794211e+00) (1, 1.38472608951753395345e-01) (2, 2.00937631402630205446e-02) (3, 1.26810711450186075488e-01) (4, 8.34345090658951016316e-01) (5, 7.11496597581467715710e-02) (6, 2.65835103993948385082e-01) (7, 3.18124251498989618625e+00) (8, -9.34755419522863284509e-03) (9, -2.48890137019626322967e+00) (10, 4.04031415125708781577e-01) (11, -5.93854529600775560283e-01) (0, -4.19363394536584110917e-01) (1, -1.15455339703087911385e-01) (2, 2.23940554128276847479e-01) (3, 5.50036646079613866789e+00) (4, -2.31360172708890843296e+01) (5, 2.32324127264658120140e-01) (6, 1.34128096381236627810e-01) (7, -5.99632653089632983168e-01) (8, 8.26255244799768195918e-01) (9, -1.23804484780076085038e+00) (10, -6.10075933936169781391e-02) (11, 5.17191951059189691797e-01) (12, 1.59421787393642659936e+02) (13, 3.06883563466053499447e-01) (14, -3.15103166569392634244e+00) (15, -2.01076304947692419134e+00) 
