FANN_FLO_2.1
num_layers=3
learning_rate=0.700000
connection_rate=1.000000
network_type=0
learning_momentum=0.000000
training_algorithm=2
train_error_function=1
train_stop_function=1
cascade_output_change_fraction=0.010000
quickprop_decay=-0.000100
quickprop_mu=1.750000
rprop_increase_factor=1.200000
rprop_decrease_factor=0.500000
rprop_delta_min=0.000000
rprop_delta_max=50.000000
rprop_delta_zero=0.100000
cascade_output_stagnation_epochs=12
cascade_candidate_change_fraction=0.010000
cascade_candidate_stagnation_epochs=12
cascade_max_out_epochs=150
cascade_min_out_epochs=50
cascade_max_cand_epochs=150
cascade_min_cand_epochs=50
cascade_num_candidate_groups=2
bit_fail_limit=1.00000000000000005551e-01
cascade_candidate_limit=1.00000000000000000000e+03
cascade_weight_multiplier=4.00000000000000022204e-01
cascade_activation_functions_count=10
cascade_activation_functions=3 5 7 8 10 11 14 15 16 17 
cascade_activation_steepnesses_count=4
cascade_activation_steepnesses=2.50000000000000000000e-01 5.00000000000000000000e-01 7.50000000000000000000e-01 1.00000000000000000000e+00 
layer_sizes=14 4 2 
scale_included=0
neurons (num_inputs, activation_function, activation_steepness)=(0, 0, 0.00000000000000000000e+00) (0, 0, 0.00000000000000000000e+00) (0, 0, 0.00000000000000000000e+00) (0, 0, 0.00000000000000000000e+00) (0, 0, 0.00000000000000000000e+00) (0, 0, 0.00000000000000000000e+00) (0, 0, 0.00000000000000000000e+00) (0, 0, 0.00000000000000000000e+00) (0, 0, 0.00000000000000000000e+00) (0, 0, 0.00000000000000000000e+00) (0, 0, 0.00000000000000000000e+00) (0, 0, 0.00000000000000000000e+00) (0, 0, 0.00000000000000000000e+00) (0, 0, 0.00000000000000000000e+00) (14, 6, 5.00000000000000000000e-01) (14, 6, 5.00000000000000000000e-01) (14, 6, 5.00000000000000000000e-01) (0, 6, 0.00000000000000000000e+00) (4, 4, 5.00000000000000000000e-01) (0, 4, 0.00000000000000000000e+00) 
connections (connected_to_neuron, weight)=(0, 3.51157867808062018611e+00) (1, 9.44024360945616702878e-01) (2, 1.01500425442912001195e+00) (3, -1.38886747279381861375e+00) (4, 6.51018292624313210659e-01) (5, 1.58209950573135600393e+01) (6, -2.22542718044705338798e+01) (7, 3.18908680715040804277e-01) (8, -2.09524707771989637806e+00) (9, -1.19456184125030411280e+01) (10, -1.26479430381576687381e+01) (11, -4.72248893499849398125e+00) (12, -3.15460792998761352379e+00) (13, -6.45327734015191667449e-02) (0, -2.50126625590183992998e+00) (1, -2.60515768898890254235e+00) (2, -2.59072925291049083185e+00) (3, -2.62964030856452346541e+00) (4, -2.60229264876974664134e+00) (5, -1.09849757114800028468e+00) (6, -3.02639719097963943995e+00) (7, -1.90792054045470571566e+00) (8, -1.01565481667972440372e-01) (9, -3.04148247339608168716e+00) (10, -1.37240837702058837699e+00) (11, -3.22677149358081827302e+00) (12, 2.80377807022307434792e+00) (13, 3.05669231596774748638e+00) (0, 1.40002457178468509014e+00) (1, 4.31659570705044703942e+00) (2, 4.56436569381247281285e+00) (3, 1.52962550525584539685e+00) (4, 4.32970240782231297061e+00) (5, 1.28133521899077802431e+01) (6, -1.11496001839998406524e+01) (7, -3.07033730946438332410e+00) (8, -2.19927786788418577757e+00) (9, -1.35709566606772309427e+01) (10, -1.99692255879938440621e+00) (11, -1.03234520285969324505e+01) (12, -2.81891464666098876535e+01) (13, -1.08514308504879197770e+00) (14, 5.11041356522615952684e+00) (15, -1.90119084849260708836e+01) (16, 2.83410865739225403814e+00) (17, -6.68156678045108076702e+00) 
