FANN_FLO_2.1
num_layers=3
learning_rate=0.700000
connection_rate=1.000000
network_type=0
learning_momentum=0.000000
training_algorithm=2
train_error_function=1
train_stop_function=1
cascade_output_change_fraction=0.010000
quickprop_decay=-0.000100
quickprop_mu=1.750000
rprop_increase_factor=1.200000
rprop_decrease_factor=0.500000
rprop_delta_min=0.000000
rprop_delta_max=50.000000
rprop_delta_zero=0.100000
cascade_output_stagnation_epochs=12
cascade_candidate_change_fraction=0.010000
cascade_candidate_stagnation_epochs=12
cascade_max_out_epochs=150
cascade_min_out_epochs=50
cascade_max_cand_epochs=150
cascade_min_cand_epochs=50
cascade_num_candidate_groups=2
bit_fail_limit=1.00000000000000005551e-01
cascade_candidate_limit=1.00000000000000000000e+03
cascade_weight_multiplier=4.00000000000000022204e-01
cascade_activation_functions_count=10
cascade_activation_functions=3 5 7 8 10 11 14 15 16 17 
cascade_activation_steepnesses_count=4
cascade_activation_steepnesses=2.50000000000000000000e-01 5.00000000000000000000e-01 7.50000000000000000000e-01 1.00000000000000000000e+00 
layer_sizes=12 4 2 
scale_included=0
neurons (num_inputs, activation_function, activation_steepness)=(0, 0, 0.00000000000000000000e+00) (0, 0, 0.00000000000000000000e+00) (0, 0, 0.00000000000000000000e+00) (0, 0, 0.00000000000000000000e+00) (0, 0, 0.00000000000000000000e+00) (0, 0, 0.00000000000000000000e+00) (0, 0, 0.00000000000000000000e+00) (0, 0, 0.00000000000000000000e+00) (0, 0, 0.00000000000000000000e+00) (0, 0, 0.00000000000000000000e+00) (0, 0, 0.00000000000000000000e+00) (0, 0, 0.00000000000000000000e+00) (12, 6, 5.00000000000000000000e-01) (12, 6, 5.00000000000000000000e-01) (12, 6, 5.00000000000000000000e-01) (0, 6, 0.00000000000000000000e+00) (4, 4, 5.00000000000000000000e-01) (0, 4, 0.00000000000000000000e+00) 
connections (connected_to_neuron, weight)=(0, -6.26552085732414831831e-01) (1, -2.46335660372526632500e+00) (2, -2.77792069701910815382e+00) (3, 2.74109524499137258147e+00) (4, 1.30770210132553521554e+00) (5, 2.27624428513872478774e+00) (6, 4.29455829419208012787e-01) (7, 2.84497269528551433027e+00) (8, 8.82692022789938857130e-01) (9, 4.39488034324193310720e-01) (10, 5.06202103152660898289e-01) (11, 1.16655113010757882641e+00) (0, -3.16803837565946500021e+00) (1, -1.86991622039378704301e+01) (2, 1.49934772302774172203e+03) (3, 1.50000000000000000000e+03) (4, 1.50000000000000000000e+03) (5, 4.40032393392000464871e+00) (6, 1.10577851733222787267e+00) (7, -1.59502942610465282769e+02) (8, 2.72775526783373322814e+02) (9, 5.16333266066036244979e+00) (10, -3.37913247237454017480e+00) (11, -1.69144725512808213885e+00) (0, 7.59935981867725107719e+00) (1, 2.59672740184187667012e+00) (2, 1.20037853430941385824e+01) (3, -1.52461312320143456134e+01) (4, -6.46945181617755160630e+00) (5, 1.94437373379851341504e+00) (6, 2.36858383481909262613e+00) (7, 2.40192154826391535138e+00) (8, -7.96478006373449454181e-01) (9, 2.37088203752434978355e+00) (10, 2.35123509423843435329e+00) (11, -4.84054417401329484250e+00) (12, -1.92909647587150807624e+01) (13, 1.73081792187548373363e+01) (14, 3.76011080255420253593e+01) (15, -1.91613796617158027580e+00) 
