FANN_FLO_2.1
num_layers=3
learning_rate=0.700000
connection_rate=1.000000
network_type=0
learning_momentum=0.000000
training_algorithm=2
train_error_function=1
train_stop_function=1
cascade_output_change_fraction=0.010000
quickprop_decay=-0.000100
quickprop_mu=1.750000
rprop_increase_factor=1.200000
rprop_decrease_factor=0.500000
rprop_delta_min=0.000000
rprop_delta_max=50.000000
rprop_delta_zero=0.100000
cascade_output_stagnation_epochs=12
cascade_candidate_change_fraction=0.010000
cascade_candidate_stagnation_epochs=12
cascade_max_out_epochs=150
cascade_min_out_epochs=50
cascade_max_cand_epochs=150
cascade_min_cand_epochs=50
cascade_num_candidate_groups=2
bit_fail_limit=1.00000000000000005551e-01
cascade_candidate_limit=1.00000000000000000000e+03
cascade_weight_multiplier=4.00000000000000022204e-01
cascade_activation_functions_count=10
cascade_activation_functions=3 5 7 8 10 11 14 15 16 17 
cascade_activation_steepnesses_count=4
cascade_activation_steepnesses=2.50000000000000000000e-01 5.00000000000000000000e-01 7.50000000000000000000e-01 1.00000000000000000000e+00 
layer_sizes=14 4 2 
scale_included=0
neurons (num_inputs, activation_function, activation_steepness)=(0, 0, 0.00000000000000000000e+00) (0, 0, 0.00000000000000000000e+00) (0, 0, 0.00000000000000000000e+00) (0, 0, 0.00000000000000000000e+00) (0, 0, 0.00000000000000000000e+00) (0, 0, 0.00000000000000000000e+00) (0, 0, 0.00000000000000000000e+00) (0, 0, 0.00000000000000000000e+00) (0, 0, 0.00000000000000000000e+00) (0, 0, 0.00000000000000000000e+00) (0, 0, 0.00000000000000000000e+00) (0, 0, 0.00000000000000000000e+00) (0, 0, 0.00000000000000000000e+00) (0, 0, 0.00000000000000000000e+00) (14, 6, 5.00000000000000000000e-01) (14, 6, 5.00000000000000000000e-01) (14, 6, 5.00000000000000000000e-01) (0, 6, 0.00000000000000000000e+00) (4, 4, 5.00000000000000000000e-01) (0, 4, 0.00000000000000000000e+00) 
connections (connected_to_neuron, weight)=(0, 2.27292519023990324811e+00) (1, 1.84601364887261198966e+00) (2, 1.93212399804014856031e+00) (3, 1.61322358184337133480e+00) (4, 1.72453014874873011841e+00) (5, 1.04265588474170156630e+00) (6, 1.20370636319651569401e+00) (7, 1.22637585840405338722e+00) (8, 1.34628492428425450278e-01) (9, 1.00838523457691331409e+00) (10, 2.61867185766055943219e-02) (11, 3.88435739705730517790e-02) (12, -6.37590914638077044252e-01) (13, -1.86713432732139739123e+00) (0, -1.20742626954988802046e-01) (1, 1.00031939474726598860e+01) (2, 1.06927993474004434660e+01) (3, 1.04159361761610735897e+01) (4, 1.35851078618795231279e+01) (5, 1.47936144651327108335e+01) (6, -4.47879126272455252433e+00) (7, 1.03735442528083643410e+00) (8, 7.57723555707587315133e-01) (9, 5.52936343949775865880e-01) (10, -1.89144058886702097766e+01) (11, -3.24903806062004241184e+00) (12, -7.50435902424342504702e+00) (13, -7.72227434945399426880e+00) (0, 2.11510994207451785698e+00) (1, 1.22122857763562087108e+00) (2, 1.16109453357292391473e+00) (3, 1.49157134528253232375e+00) (4, 8.80660879623862635768e-01) (5, 1.36572327825774575416e+00) (6, 1.20650950658383915304e+00) (7, 1.04858428777328160919e+00) (8, 2.75919037891987795064e-01) (9, 9.49005879047809752791e-01) (10, 1.85370040133923907888e+00) (11, 1.45112821879002207304e-01) (12, -3.21845123723868531407e-01) (13, -2.86319703207135933809e+00) (14, 1.77864362366412365191e+01) (15, 3.16198280944893861388e+00) (16, 1.70910613054781528319e+01) (17, -1.51875677131277120324e+00) 
