FANN_FLO_2.1
num_layers=3
learning_rate=0.700000
connection_rate=1.000000
network_type=0
learning_momentum=0.000000
training_algorithm=2
train_error_function=1
train_stop_function=1
cascade_output_change_fraction=0.010000
quickprop_decay=-0.000100
quickprop_mu=1.750000
rprop_increase_factor=1.200000
rprop_decrease_factor=0.500000
rprop_delta_min=0.000000
rprop_delta_max=50.000000
rprop_delta_zero=0.100000
cascade_output_stagnation_epochs=12
cascade_candidate_change_fraction=0.010000
cascade_candidate_stagnation_epochs=12
cascade_max_out_epochs=150
cascade_min_out_epochs=50
cascade_max_cand_epochs=150
cascade_min_cand_epochs=50
cascade_num_candidate_groups=2
bit_fail_limit=1.00000000000000005551e-01
cascade_candidate_limit=1.00000000000000000000e+03
cascade_weight_multiplier=4.00000000000000022204e-01
cascade_activation_functions_count=10
cascade_activation_functions=3 5 7 8 10 11 14 15 16 17 
cascade_activation_steepnesses_count=4
cascade_activation_steepnesses=2.50000000000000000000e-01 5.00000000000000000000e-01 7.50000000000000000000e-01 1.00000000000000000000e+00 
layer_sizes=6 4 2 
scale_included=0
neurons (num_inputs, activation_function, activation_steepness)=(0, 0, 0.00000000000000000000e+00) (0, 0, 0.00000000000000000000e+00) (0, 0, 0.00000000000000000000e+00) (0, 0, 0.00000000000000000000e+00) (0, 0, 0.00000000000000000000e+00) (0, 0, 0.00000000000000000000e+00) (6, 6, 5.00000000000000000000e-01) (6, 6, 5.00000000000000000000e-01) (6, 6, 5.00000000000000000000e-01) (0, 6, 0.00000000000000000000e+00) (4, 4, 5.00000000000000000000e-01) (0, 4, 0.00000000000000000000e+00) 
connections (connected_to_neuron, weight)=(0, 5.92144615396509266247e+00) (1, 4.90859454741815692813e+00) (2, -2.69727497114620806684e+00) (3, -7.71594326807315877836e-01) (4, 2.17289643784155339645e+00) (5, -4.44062449459348407288e+00) (0, 8.08653331158904364884e-01) (1, 4.18277000019929123820e-01) (2, -4.08620865139686151313e-01) (3, 4.44929764457249909970e-01) (4, 2.02586130243755546676e-01) (5, -4.96980411765941473834e-02) (0, -1.22210676494116494695e+01) (1, -2.62808082070019777277e+00) (2, 3.17136203116222397114e+01) (3, 2.77162500974401559972e+00) (4, -1.13350428124852165013e+00) (5, 5.59324292583722826322e+00) (6, 4.42099295850119702322e+01) (7, 2.96859512246843870731e-01) (8, -2.88600133990766227754e+00) (9, -9.18731727912673434844e-01) 
