FANN_FLO_2.1
num_layers=3
learning_rate=0.700000
connection_rate=1.000000
network_type=0
learning_momentum=0.000000
training_algorithm=2
train_error_function=1
train_stop_function=1
cascade_output_change_fraction=0.010000
quickprop_decay=-0.000100
quickprop_mu=1.750000
rprop_increase_factor=1.200000
rprop_decrease_factor=0.500000
rprop_delta_min=0.000000
rprop_delta_max=50.000000
rprop_delta_zero=0.100000
cascade_output_stagnation_epochs=12
cascade_candidate_change_fraction=0.010000
cascade_candidate_stagnation_epochs=12
cascade_max_out_epochs=150
cascade_min_out_epochs=50
cascade_max_cand_epochs=150
cascade_min_cand_epochs=50
cascade_num_candidate_groups=2
bit_fail_limit=1.00000000000000005551e-01
cascade_candidate_limit=1.00000000000000000000e+03
cascade_weight_multiplier=4.00000000000000022204e-01
cascade_activation_functions_count=10
cascade_activation_functions=3 5 7 8 10 11 14 15 16 17 
cascade_activation_steepnesses_count=4
cascade_activation_steepnesses=2.50000000000000000000e-01 5.00000000000000000000e-01 7.50000000000000000000e-01 1.00000000000000000000e+00 
layer_sizes=11 4 2 
scale_included=0
neurons (num_inputs, activation_function, activation_steepness)=(0, 0, 0.00000000000000000000e+00) (0, 0, 0.00000000000000000000e+00) (0, 0, 0.00000000000000000000e+00) (0, 0, 0.00000000000000000000e+00) (0, 0, 0.00000000000000000000e+00) (0, 0, 0.00000000000000000000e+00) (0, 0, 0.00000000000000000000e+00) (0, 0, 0.00000000000000000000e+00) (0, 0, 0.00000000000000000000e+00) (0, 0, 0.00000000000000000000e+00) (0, 0, 0.00000000000000000000e+00) (11, 6, 5.00000000000000000000e-01) (11, 6, 5.00000000000000000000e-01) (11, 6, 5.00000000000000000000e-01) (0, 6, 0.00000000000000000000e+00) (4, 4, 5.00000000000000000000e-01) (0, 4, 0.00000000000000000000e+00) 
connections (connected_to_neuron, weight)=(0, -7.03242395740842352048e-01) (1, -7.07516162369001500032e-01) (2, 8.55162106899620577671e-01) (3, 1.83665914111636823236e+01) (4, 8.16283361578534982783e-01) (5, 3.20753422979381186408e+00) (6, -1.76030598386745007478e-01) (7, -4.70522358665246720477e-01) (8, -1.60622516337311810330e-01) (9, 2.54260644620072406852e+00) (10, -3.94449630318585064970e+00) (0, 1.94276281551591434305e-01) (1, -5.98408676253295368497e+00) (2, 3.59689445177462907566e+00) (3, 5.33534190264268026738e+00) (4, -2.14178912895405942907e-01) (5, -1.03739752880987756711e+00) (6, 1.45285296634679539363e-01) (7, -3.93140178272149176664e+00) (8, 1.71902988300515952025e-01) (9, -1.82785797802156779746e+00) (10, 2.11303328768203985133e-01) (0, 2.98705902590258931539e+00) (1, 3.27804666824110801926e+00) (2, 3.83992345248738615737e+01) (3, 2.72290405851347401267e+01) (4, 2.69886377608414420592e+01) (5, -3.95419631217418743319e+00) (6, 6.48690013100122797596e+00) (7, 2.40911649913763703523e+00) (8, 7.26982901561772898447e+00) (9, -5.67907223352671319816e+00) (10, 4.56661480583891243867e+00) (11, 5.25863523148880496194e+00) (12, -4.08781542287821686443e+00) (13, -2.22188275099330656559e+00) (14, -1.88503904558607371378e+00) 
