FANN_FLO_2.1
num_layers=3
learning_rate=0.700000
connection_rate=1.000000
network_type=0
learning_momentum=0.000000
training_algorithm=2
train_error_function=1
train_stop_function=1
cascade_output_change_fraction=0.010000
quickprop_decay=-0.000100
quickprop_mu=1.750000
rprop_increase_factor=1.200000
rprop_decrease_factor=0.500000
rprop_delta_min=0.000000
rprop_delta_max=50.000000
rprop_delta_zero=0.100000
cascade_output_stagnation_epochs=12
cascade_candidate_change_fraction=0.010000
cascade_candidate_stagnation_epochs=12
cascade_max_out_epochs=150
cascade_min_out_epochs=50
cascade_max_cand_epochs=150
cascade_min_cand_epochs=50
cascade_num_candidate_groups=2
bit_fail_limit=1.00000000000000005551e-01
cascade_candidate_limit=1.00000000000000000000e+03
cascade_weight_multiplier=4.00000000000000022204e-01
cascade_activation_functions_count=10
cascade_activation_functions=3 5 7 8 10 11 14 15 16 17 
cascade_activation_steepnesses_count=4
cascade_activation_steepnesses=2.50000000000000000000e-01 5.00000000000000000000e-01 7.50000000000000000000e-01 1.00000000000000000000e+00 
layer_sizes=12 4 2 
scale_included=0
neurons (num_inputs, activation_function, activation_steepness)=(0, 0, 0.00000000000000000000e+00) (0, 0, 0.00000000000000000000e+00) (0, 0, 0.00000000000000000000e+00) (0, 0, 0.00000000000000000000e+00) (0, 0, 0.00000000000000000000e+00) (0, 0, 0.00000000000000000000e+00) (0, 0, 0.00000000000000000000e+00) (0, 0, 0.00000000000000000000e+00) (0, 0, 0.00000000000000000000e+00) (0, 0, 0.00000000000000000000e+00) (0, 0, 0.00000000000000000000e+00) (0, 0, 0.00000000000000000000e+00) (12, 6, 5.00000000000000000000e-01) (12, 6, 5.00000000000000000000e-01) (12, 6, 5.00000000000000000000e-01) (0, 6, 0.00000000000000000000e+00) (4, 4, 5.00000000000000000000e-01) (0, 4, 0.00000000000000000000e+00) 
connections (connected_to_neuron, weight)=(0, -4.14638637604595139408e+00) (1, -2.42314847267536457309e+01) (2, 1.02117179425933688464e+01) (3, 3.82834216771383351041e-01) (4, 1.37978608546454921679e+01) (5, 7.17092952951080331303e+00) (6, 4.09051710079836183809e+00) (7, 3.26944806074621485692e+00) (8, -9.55010345355382428423e-01) (9, 4.03089605998480671190e+00) (10, 6.07015428646029249649e+02) (11, 3.45268826052703925455e+00) (0, -5.48443029000971371545e+00) (1, -2.41494371786085899600e+01) (2, 1.03498750909623549177e+01) (3, -9.61747790172633010286e-01) (4, 1.39238645521600261645e+01) (5, 7.16421947438131923036e+00) (6, 4.03257808546947771333e+00) (7, 3.26289882704939770974e+00) (8, -1.31384843779982452006e+00) (9, -9.35772345541174921379e+00) (10, 5.57320587620328833367e+00) (11, 3.38182540040601864462e+00) (0, 1.36845985841043926712e+00) (1, 1.50000000000000000000e+03) (2, 1.50137910096414572969e+00) (3, 2.02791862514495724312e+00) (4, 1.50000000000000000000e+03) (5, 8.67159333040612878563e-01) (6, 5.64753381133946685821e-01) (7, 1.54892885621356279913e+00) (8, 1.20378630389961660541e+00) (9, -2.19118202893336666559e-01) (10, 2.23883711847476840617e+00) (11, -1.43951274022864761370e+00) (12, -3.30052808270793240908e+00) (13, -7.40890391545214033187e+00) (14, 1.49712619141912135490e+01) (15, -5.41143462774459349518e-01) 
