FANN_FLO_2.1
num_layers=3
learning_rate=0.700000
connection_rate=1.000000
network_type=0
learning_momentum=0.000000
training_algorithm=2
train_error_function=1
train_stop_function=1
cascade_output_change_fraction=0.010000
quickprop_decay=-0.000100
quickprop_mu=1.750000
rprop_increase_factor=1.200000
rprop_decrease_factor=0.500000
rprop_delta_min=0.000000
rprop_delta_max=50.000000
rprop_delta_zero=0.100000
cascade_output_stagnation_epochs=12
cascade_candidate_change_fraction=0.010000
cascade_candidate_stagnation_epochs=12
cascade_max_out_epochs=150
cascade_min_out_epochs=50
cascade_max_cand_epochs=150
cascade_min_cand_epochs=50
cascade_num_candidate_groups=2
bit_fail_limit=1.00000000000000005551e-01
cascade_candidate_limit=1.00000000000000000000e+03
cascade_weight_multiplier=4.00000000000000022204e-01
cascade_activation_functions_count=10
cascade_activation_functions=3 5 7 8 10 11 14 15 16 17 
cascade_activation_steepnesses_count=4
cascade_activation_steepnesses=2.50000000000000000000e-01 5.00000000000000000000e-01 7.50000000000000000000e-01 1.00000000000000000000e+00 
layer_sizes=6 4 2 
scale_included=0
neurons (num_inputs, activation_function, activation_steepness)=(0, 0, 0.00000000000000000000e+00) (0, 0, 0.00000000000000000000e+00) (0, 0, 0.00000000000000000000e+00) (0, 0, 0.00000000000000000000e+00) (0, 0, 0.00000000000000000000e+00) (0, 0, 0.00000000000000000000e+00) (6, 6, 5.00000000000000000000e-01) (6, 6, 5.00000000000000000000e-01) (6, 6, 5.00000000000000000000e-01) (0, 6, 0.00000000000000000000e+00) (4, 4, 5.00000000000000000000e-01) (0, 4, 0.00000000000000000000e+00) 
connections (connected_to_neuron, weight)=(0, 4.28873714348690793230e+00) (1, 3.00019891904821944806e+00) (2, -1.57183734744444092435e+00) (3, -3.10582617380153691578e-01) (4, 1.40407205915115840256e+00) (5, -3.04611374861227224287e+00) (0, 3.31646738803569318677e+00) (1, 5.47611471134995864141e-01) (2, -3.24010007993155088601e-02) (3, 2.95561584191065748750e-02) (4, 6.84136331383694562547e-01) (5, -1.37917482150667902729e-01) (0, 3.23802647407580357353e+00) (1, 1.37537985769178328077e+00) (2, -9.07933863340109725826e-01) (3, -6.04897162143737565643e-01) (4, 7.92079766747918467829e-01) (5, -1.40004034566197677059e+00) (6, 3.73368604836712734141e+01) (7, 5.90924686437257040694e-01) (8, 3.67291780262459539586e+01) (9, -2.10178020563167633483e+00) 
