FANN_FLO_2.1
num_layers=3
learning_rate=0.700000
connection_rate=1.000000
network_type=0
learning_momentum=0.000000
training_algorithm=2
train_error_function=1
train_stop_function=1
cascade_output_change_fraction=0.010000
quickprop_decay=-0.000100
quickprop_mu=1.750000
rprop_increase_factor=1.200000
rprop_decrease_factor=0.500000
rprop_delta_min=0.000000
rprop_delta_max=50.000000
rprop_delta_zero=0.100000
cascade_output_stagnation_epochs=12
cascade_candidate_change_fraction=0.010000
cascade_candidate_stagnation_epochs=12
cascade_max_out_epochs=150
cascade_min_out_epochs=50
cascade_max_cand_epochs=150
cascade_min_cand_epochs=50
cascade_num_candidate_groups=2
bit_fail_limit=1.00000000000000005551e-01
cascade_candidate_limit=1.00000000000000000000e+03
cascade_weight_multiplier=4.00000000000000022204e-01
cascade_activation_functions_count=10
cascade_activation_functions=3 5 7 8 10 11 14 15 16 17 
cascade_activation_steepnesses_count=4
cascade_activation_steepnesses=2.50000000000000000000e-01 5.00000000000000000000e-01 7.50000000000000000000e-01 1.00000000000000000000e+00 
layer_sizes=18 4 2 
scale_included=0
neurons (num_inputs, activation_function, activation_steepness)=(0, 0, 0.00000000000000000000e+00) (0, 0, 0.00000000000000000000e+00) (0, 0, 0.00000000000000000000e+00) (0, 0, 0.00000000000000000000e+00) (0, 0, 0.00000000000000000000e+00) (0, 0, 0.00000000000000000000e+00) (0, 0, 0.00000000000000000000e+00) (0, 0, 0.00000000000000000000e+00) (0, 0, 0.00000000000000000000e+00) (0, 0, 0.00000000000000000000e+00) (0, 0, 0.00000000000000000000e+00) (0, 0, 0.00000000000000000000e+00) (0, 0, 0.00000000000000000000e+00) (0, 0, 0.00000000000000000000e+00) (0, 0, 0.00000000000000000000e+00) (0, 0, 0.00000000000000000000e+00) (0, 0, 0.00000000000000000000e+00) (0, 0, 0.00000000000000000000e+00) (18, 6, 5.00000000000000000000e-01) (18, 6, 5.00000000000000000000e-01) (18, 6, 5.00000000000000000000e-01) (0, 6, 0.00000000000000000000e+00) (4, 4, 5.00000000000000000000e-01) (0, 4, 0.00000000000000000000e+00) 
connections (connected_to_neuron, weight)=(0, -2.61585206964971872523e+00) (1, 1.13890242322454042778e+01) (2, -1.31053599444159640797e+00) (3, -1.50726738173577423652e+00) (4, 4.45226855701544577126e-01) (5, -1.90718436884363340411e+00) (6, 4.47338790470907898822e+00) (7, 1.43166809137401394025e+01) (8, -4.85727839526144045124e+00) (9, -7.68860362805601882386e-01) (10, -1.62618123981490958485e+00) (11, 4.36032042323122259742e-01) (12, -1.51595856415204788270e+00) (13, 2.94303051660124659339e-01) (14, 2.28831098695224971484e-01) (15, -1.78019142945566466452e+00) (16, 4.55461646873357051124e-01) (17, -3.05970095662506302858e+00) (0, 5.22312138119405466874e-01) (1, 7.22292192541538757844e-01) (2, -3.58835424325267271506e-01) (3, -1.01136960295084077366e+00) (4, -6.68966897257496828644e+00) (5, -8.60088931809086298941e-01) (6, 8.76002954965565572287e-01) (7, 2.96558100328810581026e-01) (8, -1.02497993246725635497e-01) (9, -3.07191499109288201907e+00) (10, -6.14973372592400302494e+00) (11, -8.93615192290370008443e-01) (12, 2.11976743084989616150e+00) (13, 1.75003879180103050217e+00) (14, 1.74617176165729270920e+00) (15, 2.53502240650482812967e+00) (16, 1.36334527980549302661e+00) (17, 5.77240016500695563018e-01) (0, -8.88558630531956383791e-01) (1, 1.19868251964174166169e+00) (2, 5.85830159623630475352e+00) (3, 4.85052181835088891404e+00) (4, 2.64443620301179249665e+00) (5, 4.88638086671743554490e+00) (6, 1.57402053056729079872e-01) (7, 1.24860946255213733913e+00) (8, 2.22999970260253155274e+00) (9, 3.98509671499101614245e+00) (10, 3.31176244460739788167e+00) (11, 7.43824923932282899841e+00) (12, -2.63096287135877870966e+00) (13, -2.87625370434345928317e+00) (14, -2.91552089893164634304e+00) (15, -1.34496698008276727165e+00) (16, -2.89650586985888480740e+00) (17, -7.56092306858231477662e-01) (18, 5.41787141125956406285e+00) (19, -1.85395506701600298882e+00) (20, 3.73792320702991487380e+00) (21, -4.01348821712015979557e+00) 
