FANN_FLO_2.1
num_layers=3
learning_rate=0.700000
connection_rate=1.000000
network_type=0
learning_momentum=0.000000
training_algorithm=2
train_error_function=1
train_stop_function=1
cascade_output_change_fraction=0.010000
quickprop_decay=-0.000100
quickprop_mu=1.750000
rprop_increase_factor=1.200000
rprop_decrease_factor=0.500000
rprop_delta_min=0.000000
rprop_delta_max=50.000000
rprop_delta_zero=0.100000
cascade_output_stagnation_epochs=12
cascade_candidate_change_fraction=0.010000
cascade_candidate_stagnation_epochs=12
cascade_max_out_epochs=150
cascade_min_out_epochs=50
cascade_max_cand_epochs=150
cascade_min_cand_epochs=50
cascade_num_candidate_groups=2
bit_fail_limit=1.00000000000000005551e-01
cascade_candidate_limit=1.00000000000000000000e+03
cascade_weight_multiplier=4.00000000000000022204e-01
cascade_activation_functions_count=10
cascade_activation_functions=3 5 7 8 10 11 14 15 16 17 
cascade_activation_steepnesses_count=4
cascade_activation_steepnesses=2.50000000000000000000e-01 5.00000000000000000000e-01 7.50000000000000000000e-01 1.00000000000000000000e+00 
layer_sizes=6 4 2 
scale_included=0
neurons (num_inputs, activation_function, activation_steepness)=(0, 0, 0.00000000000000000000e+00) (0, 0, 0.00000000000000000000e+00) (0, 0, 0.00000000000000000000e+00) (0, 0, 0.00000000000000000000e+00) (0, 0, 0.00000000000000000000e+00) (0, 0, 0.00000000000000000000e+00) (6, 6, 5.00000000000000000000e-01) (6, 6, 5.00000000000000000000e-01) (6, 6, 5.00000000000000000000e-01) (0, 6, 0.00000000000000000000e+00) (4, 4, 5.00000000000000000000e-01) (0, 4, 0.00000000000000000000e+00) 
connections (connected_to_neuron, weight)=(0, -2.52474508439641676105e+00) (1, 4.18777114199549860274e+00) (2, 4.43468567766752652659e+00) (3, -8.77851947813309996249e-01) (4, 3.45693540002564692060e+00) (5, -5.97293775145735938992e+00) (0, 7.88192636441365501732e-02) (1, 2.13300470306428568978e-01) (2, 2.86344466426029597983e+00) (3, 1.13587422790723549526e-01) (4, 1.78398021223730829377e+00) (5, -1.89310803210509193129e-01) (0, 1.44495503415532439151e-01) (1, -4.40710116364032178371e-01) (2, -3.93613848982404812560e-01) (3, 1.35084972515672863125e-01) (4, -1.52819823400715787409e-01) (5, 2.49377958170467428634e-01) (6, 2.22924108011890140801e+01) (7, 4.77534686740167191310e-01) (8, -4.37904367757440626807e-01) (9, -2.05936990907837014220e+00) 
