FANN_FLO_2.1
num_layers=3
learning_rate=0.700000
connection_rate=1.000000
network_type=0
learning_momentum=0.000000
training_algorithm=2
train_error_function=1
train_stop_function=1
cascade_output_change_fraction=0.010000
quickprop_decay=-0.000100
quickprop_mu=1.750000
rprop_increase_factor=1.200000
rprop_decrease_factor=0.500000
rprop_delta_min=0.000000
rprop_delta_max=50.000000
rprop_delta_zero=0.100000
cascade_output_stagnation_epochs=12
cascade_candidate_change_fraction=0.010000
cascade_candidate_stagnation_epochs=12
cascade_max_out_epochs=150
cascade_min_out_epochs=50
cascade_max_cand_epochs=150
cascade_min_cand_epochs=50
cascade_num_candidate_groups=2
bit_fail_limit=1.00000000000000005551e-01
cascade_candidate_limit=1.00000000000000000000e+03
cascade_weight_multiplier=4.00000000000000022204e-01
cascade_activation_functions_count=10
cascade_activation_functions=3 5 7 8 10 11 14 15 16 17 
cascade_activation_steepnesses_count=4
cascade_activation_steepnesses=2.50000000000000000000e-01 5.00000000000000000000e-01 7.50000000000000000000e-01 1.00000000000000000000e+00 
layer_sizes=10 4 2 
scale_included=0
neurons (num_inputs, activation_function, activation_steepness)=(0, 0, 0.00000000000000000000e+00) (0, 0, 0.00000000000000000000e+00) (0, 0, 0.00000000000000000000e+00) (0, 0, 0.00000000000000000000e+00) (0, 0, 0.00000000000000000000e+00) (0, 0, 0.00000000000000000000e+00) (0, 0, 0.00000000000000000000e+00) (0, 0, 0.00000000000000000000e+00) (0, 0, 0.00000000000000000000e+00) (0, 0, 0.00000000000000000000e+00) (10, 6, 5.00000000000000000000e-01) (10, 6, 5.00000000000000000000e-01) (10, 6, 5.00000000000000000000e-01) (0, 6, 0.00000000000000000000e+00) (4, 4, 5.00000000000000000000e-01) (0, 4, 0.00000000000000000000e+00) 
connections (connected_to_neuron, weight)=(0, -2.78355090859411946624e+00) (1, 1.18077294912410195593e+01) (2, 6.20476502245900785049e-01) (3, 8.37349954451041766923e-01) (4, 2.51200916334802144547e+01) (5, 8.20627465931894484186e+00) (6, 9.08574668930174217385e-02) (7, 1.42351365907340965400e+00) (8, -1.36809647646089249662e+00) (9, -3.13349395041661793471e+00) (0, -5.71739519831366838076e-01) (1, -1.94473136662418988330e+00) (2, -1.58991670722281319694e-01) (3, -3.06014037033893529505e-02) (4, 1.91321492658699305878e+01) (5, 2.01894658084448934687e+01) (6, 2.12747492747185784623e+00) (7, 9.95198779766946151071e-01) (8, -2.86216130780369804043e+00) (9, -6.99321872306869485314e-01) (0, 1.39906845233656729199e+00) (1, -2.29657592961111234331e+00) (2, 9.44330234633238507769e-01) (3, 5.37386307613272995454e-01) (4, 7.72510357044959405926e-01) (5, -5.50639044565793156494e-01) (6, -4.10668782528578524271e-01) (7, -1.21648116645480914855e+01) (8, 4.23758737277068231464e+00) (9, 2.25351291997452074511e+00) (10, 1.54508465307679543344e+01) (11, 2.74470233054714576326e+01) (12, -4.42293815208985279241e+01) (13, -1.95341367631254385628e+01) 
