FANN_FLO_2.1
num_layers=3
learning_rate=0.700000
connection_rate=1.000000
network_type=0
learning_momentum=0.000000
training_algorithm=2
train_error_function=1
train_stop_function=1
cascade_output_change_fraction=0.010000
quickprop_decay=-0.000100
quickprop_mu=1.750000
rprop_increase_factor=1.200000
rprop_decrease_factor=0.500000
rprop_delta_min=0.000000
rprop_delta_max=50.000000
rprop_delta_zero=0.100000
cascade_output_stagnation_epochs=12
cascade_candidate_change_fraction=0.010000
cascade_candidate_stagnation_epochs=12
cascade_max_out_epochs=150
cascade_min_out_epochs=50
cascade_max_cand_epochs=150
cascade_min_cand_epochs=50
cascade_num_candidate_groups=2
bit_fail_limit=1.00000000000000005551e-01
cascade_candidate_limit=1.00000000000000000000e+03
cascade_weight_multiplier=4.00000000000000022204e-01
cascade_activation_functions_count=10
cascade_activation_functions=3 5 7 8 10 11 14 15 16 17 
cascade_activation_steepnesses_count=4
cascade_activation_steepnesses=2.50000000000000000000e-01 5.00000000000000000000e-01 7.50000000000000000000e-01 1.00000000000000000000e+00 
layer_sizes=18 4 2 
scale_included=0
neurons (num_inputs, activation_function, activation_steepness)=(0, 0, 0.00000000000000000000e+00) (0, 0, 0.00000000000000000000e+00) (0, 0, 0.00000000000000000000e+00) (0, 0, 0.00000000000000000000e+00) (0, 0, 0.00000000000000000000e+00) (0, 0, 0.00000000000000000000e+00) (0, 0, 0.00000000000000000000e+00) (0, 0, 0.00000000000000000000e+00) (0, 0, 0.00000000000000000000e+00) (0, 0, 0.00000000000000000000e+00) (0, 0, 0.00000000000000000000e+00) (0, 0, 0.00000000000000000000e+00) (0, 0, 0.00000000000000000000e+00) (0, 0, 0.00000000000000000000e+00) (0, 0, 0.00000000000000000000e+00) (0, 0, 0.00000000000000000000e+00) (0, 0, 0.00000000000000000000e+00) (0, 0, 0.00000000000000000000e+00) (18, 6, 5.00000000000000000000e-01) (18, 6, 5.00000000000000000000e-01) (18, 6, 5.00000000000000000000e-01) (0, 6, 0.00000000000000000000e+00) (4, 4, 5.00000000000000000000e-01) (0, 4, 0.00000000000000000000e+00) 
connections (connected_to_neuron, weight)=(0, -1.56338085732759388691e+01) (1, 1.22715806349542577713e+00) (2, -1.90795041176993668275e-01) (3, 4.85257814833803868826e-01) (4, 3.65498086247294606821e+00) (5, -1.97772589894376543684e-01) (6, 1.21757657115381867641e+00) (7, 3.71157422844021978037e+00) (8, 1.19005707223033585507e+00) (9, 2.90619963675825265792e-01) (10, 1.02928316030926980673e+00) (11, 3.56767606172412099497e+00) (12, 3.70574468556492986338e+00) (13, 4.48603489740357297411e-01) (14, 3.13048657973172250735e+00) (15, 2.92384911013230652799e+00) (16, 3.08117481936615256188e+00) (17, -7.32959559185770853640e-02) (0, -1.93979235588349006036e+01) (1, 3.56429936018755944005e+00) (2, -4.94494041935829020673e-01) (3, -6.51109101834671077924e-01) (4, 3.08505643124007522538e-01) (5, -4.90427937294528992762e-01) (6, 1.44757129848134735717e+00) (7, 1.03281767648825706374e+00) (8, 3.61851795972943079960e+00) (9, 6.68675532661563570835e-02) (10, 8.11608667892736557192e-01) (11, 9.35064347894512093440e-01) (12, 5.83502431907802376898e-01) (13, 9.85885695195910849442e-01) (14, 1.12854632945964650226e+00) (15, 8.52097133937442574592e-01) (16, 1.27458489526500562405e+00) (17, -4.05775550976059162789e-01) (0, -9.12705893230261366966e+00) (1, 6.90139781061515633631e-01) (2, -3.36035829726683776819e-01) (3, 9.48328980961348211309e-02) (4, 1.36544108971138222763e+00) (5, 1.62504900774493754589e+00) (6, 1.59602186389734401750e+00) (7, 1.63295868345071948369e+00) (8, 6.73921521347464191898e-01) (9, 6.61381890460173843538e-02) (10, 1.15806604621400244248e+00) (11, 1.53138021685650027592e+00) (12, 1.49450313605835116704e+00) (13, 1.09513117438739859821e+00) (14, 1.38306858063713100648e+00) (15, 1.28681858386270331351e+00) (16, 1.25439545297464372098e+00) (17, -1.17321453564112887502e-01) (18, 2.08047846233527211623e+00) (19, 1.15219433651747387160e+01) (20, 6.43069740957334978759e+00) (21, -9.58052882725542676035e-01) 
