FANN_FLO_2.1
num_layers=3
learning_rate=0.700000
connection_rate=1.000000
network_type=0
learning_momentum=0.000000
training_algorithm=2
train_error_function=1
train_stop_function=1
cascade_output_change_fraction=0.010000
quickprop_decay=-0.000100
quickprop_mu=1.750000
rprop_increase_factor=1.200000
rprop_decrease_factor=0.500000
rprop_delta_min=0.000000
rprop_delta_max=50.000000
rprop_delta_zero=0.100000
cascade_output_stagnation_epochs=12
cascade_candidate_change_fraction=0.010000
cascade_candidate_stagnation_epochs=12
cascade_max_out_epochs=150
cascade_min_out_epochs=50
cascade_max_cand_epochs=150
cascade_min_cand_epochs=50
cascade_num_candidate_groups=2
bit_fail_limit=1.00000000000000005551e-01
cascade_candidate_limit=1.00000000000000000000e+03
cascade_weight_multiplier=4.00000000000000022204e-01
cascade_activation_functions_count=10
cascade_activation_functions=3 5 7 8 10 11 14 15 16 17 
cascade_activation_steepnesses_count=4
cascade_activation_steepnesses=2.50000000000000000000e-01 5.00000000000000000000e-01 7.50000000000000000000e-01 1.00000000000000000000e+00 
layer_sizes=13 4 2 
scale_included=0
neurons (num_inputs, activation_function, activation_steepness)=(0, 0, 0.00000000000000000000e+00) (0, 0, 0.00000000000000000000e+00) (0, 0, 0.00000000000000000000e+00) (0, 0, 0.00000000000000000000e+00) (0, 0, 0.00000000000000000000e+00) (0, 0, 0.00000000000000000000e+00) (0, 0, 0.00000000000000000000e+00) (0, 0, 0.00000000000000000000e+00) (0, 0, 0.00000000000000000000e+00) (0, 0, 0.00000000000000000000e+00) (0, 0, 0.00000000000000000000e+00) (0, 0, 0.00000000000000000000e+00) (0, 0, 0.00000000000000000000e+00) (13, 6, 5.00000000000000000000e-01) (13, 6, 5.00000000000000000000e-01) (13, 6, 5.00000000000000000000e-01) (0, 6, 0.00000000000000000000e+00) (4, 4, 5.00000000000000000000e-01) (0, 4, 0.00000000000000000000e+00) 
connections (connected_to_neuron, weight)=(0, 4.19792260828454022459e+00) (1, -2.78477099017208118426e+00) (2, -2.76356179215259789572e-01) (3, -1.57812403169677883952e+00) (4, -2.11015247301992703299e+00) (5, -2.04180475160329555351e+00) (6, 8.03244061741279935518e-01) (7, 4.54270777294829897208e-01) (8, -2.24673421672334339139e-01) (9, -1.99701975251264385314e+00) (10, -2.86701261476581592547e+00) (11, -2.08945139245924282889e+00) (12, 3.04094039321144338217e+00) (0, 4.21192964020211224607e+00) (1, -2.90135322735612888323e+00) (2, 6.35598443490113074184e-01) (3, -1.46331129250333979996e+00) (4, -2.10293678775279735405e+00) (5, -2.07822155043332790214e+00) (6, 7.83060997697758054414e-01) (7, 3.19606259638400724832e-01) (8, -1.49363914123525232114e-01) (9, -2.07151798496670513927e+00) (10, -2.82670604662006397234e+00) (11, -2.08827650295433331351e+00) (12, 3.02770761072834249106e+00) (0, -7.75363990909587852407e-01) (1, 8.07198039691883528768e-01) (2, 1.83656989722742636229e-01) (3, 8.71635259711106002989e-01) (4, 3.86845414271225818137e-01) (5, 6.91946944779912365142e-01) (6, -3.75704653575195945958e-02) (7, -3.95849256418423167680e-01) (8, 3.34210097981016307500e-01) (9, 5.71005655765190689444e-01) (10, 9.66906740766006911336e-01) (11, 6.67077882773438823882e-01) (12, -3.03794036814695855853e-01) (13, -7.56636817784017701172e+00) (14, -7.55949187309450287842e+00) (15, 2.67807466978811792302e+00) (16, -9.13877582669110899438e-01) 
