FANN_FLO_2.1
num_layers=3
learning_rate=0.700000
connection_rate=1.000000
network_type=0
learning_momentum=0.000000
training_algorithm=2
train_error_function=1
train_stop_function=1
cascade_output_change_fraction=0.010000
quickprop_decay=-0.000100
quickprop_mu=1.750000
rprop_increase_factor=1.200000
rprop_decrease_factor=0.500000
rprop_delta_min=0.000000
rprop_delta_max=50.000000
rprop_delta_zero=0.100000
cascade_output_stagnation_epochs=12
cascade_candidate_change_fraction=0.010000
cascade_candidate_stagnation_epochs=12
cascade_max_out_epochs=150
cascade_min_out_epochs=50
cascade_max_cand_epochs=150
cascade_min_cand_epochs=50
cascade_num_candidate_groups=2
bit_fail_limit=1.00000000000000005551e-01
cascade_candidate_limit=1.00000000000000000000e+03
cascade_weight_multiplier=4.00000000000000022204e-01
cascade_activation_functions_count=10
cascade_activation_functions=3 5 7 8 10 11 14 15 16 17 
cascade_activation_steepnesses_count=4
cascade_activation_steepnesses=2.50000000000000000000e-01 5.00000000000000000000e-01 7.50000000000000000000e-01 1.00000000000000000000e+00 
layer_sizes=12 4 2 
scale_included=0
neurons (num_inputs, activation_function, activation_steepness)=(0, 0, 0.00000000000000000000e+00) (0, 0, 0.00000000000000000000e+00) (0, 0, 0.00000000000000000000e+00) (0, 0, 0.00000000000000000000e+00) (0, 0, 0.00000000000000000000e+00) (0, 0, 0.00000000000000000000e+00) (0, 0, 0.00000000000000000000e+00) (0, 0, 0.00000000000000000000e+00) (0, 0, 0.00000000000000000000e+00) (0, 0, 0.00000000000000000000e+00) (0, 0, 0.00000000000000000000e+00) (0, 0, 0.00000000000000000000e+00) (12, 6, 5.00000000000000000000e-01) (12, 6, 5.00000000000000000000e-01) (12, 6, 5.00000000000000000000e-01) (0, 6, 0.00000000000000000000e+00) (4, 4, 5.00000000000000000000e-01) (0, 4, 0.00000000000000000000e+00) 
connections (connected_to_neuron, weight)=(0, -1.79577465169520067434e+00) (1, 1.24625382865811884514e+00) (2, -1.34043599559406256816e+00) (3, 9.58844914132830017373e-01) (4, 1.74560244446519657879e-01) (5, -7.12172020480310474788e-01) (6, 3.54893626130866906010e+01) (7, 1.15614671888100439823e+00) (8, 9.11188593947012015484e-01) (9, 1.95247932821793201974e-02) (10, -2.07708267139889740660e-01) (11, -2.73656611289923190622e-01) (0, -6.32724083632857148274e-01) (1, 5.19628276195189586772e-01) (2, -4.43274496214089264168e-01) (3, 3.69172544177765293849e-01) (4, 1.46266250913352158225e-01) (5, -1.08545252054199931058e-01) (6, 1.47394130048873392980e+01) (7, 5.35651607711218336050e-01) (8, 2.67829500953287169551e-01) (9, 1.42715636514895116704e+00) (10, 8.27567839994269582871e-02) (11, -2.45669959543068777696e-02) (0, -1.79539406739563656146e+00) (1, 1.25354576230193748287e+00) (2, -1.20980427189210892891e+00) (3, 1.18967891337937925478e+00) (4, -4.92576646829153488860e-02) (5, -5.56489474132931039030e-01) (6, 3.55594773282337115461e+01) (7, 1.20001915551173121699e+00) (8, 2.31727940231890389144e-01) (9, 1.38952852381937663750e+00) (10, -1.52793872624136239935e-01) (11, -5.63524837007224999041e-01) (12, 1.21965248607157796812e+01) (13, 2.32720940366183048909e+00) (14, 3.53693351013827239626e+01) (15, -9.13520952631875826633e-01) 
