FANN_FLO_2.1
num_layers=3
learning_rate=0.700000
connection_rate=1.000000
network_type=0
learning_momentum=0.000000
training_algorithm=2
train_error_function=1
train_stop_function=1
cascade_output_change_fraction=0.010000
quickprop_decay=-0.000100
quickprop_mu=1.750000
rprop_increase_factor=1.200000
rprop_decrease_factor=0.500000
rprop_delta_min=0.000000
rprop_delta_max=50.000000
rprop_delta_zero=0.100000
cascade_output_stagnation_epochs=12
cascade_candidate_change_fraction=0.010000
cascade_candidate_stagnation_epochs=12
cascade_max_out_epochs=150
cascade_min_out_epochs=50
cascade_max_cand_epochs=150
cascade_min_cand_epochs=50
cascade_num_candidate_groups=2
bit_fail_limit=1.00000000000000005551e-01
cascade_candidate_limit=1.00000000000000000000e+03
cascade_weight_multiplier=4.00000000000000022204e-01
cascade_activation_functions_count=10
cascade_activation_functions=3 5 7 8 10 11 14 15 16 17 
cascade_activation_steepnesses_count=4
cascade_activation_steepnesses=2.50000000000000000000e-01 5.00000000000000000000e-01 7.50000000000000000000e-01 1.00000000000000000000e+00 
layer_sizes=10 4 2 
scale_included=0
neurons (num_inputs, activation_function, activation_steepness)=(0, 0, 0.00000000000000000000e+00) (0, 0, 0.00000000000000000000e+00) (0, 0, 0.00000000000000000000e+00) (0, 0, 0.00000000000000000000e+00) (0, 0, 0.00000000000000000000e+00) (0, 0, 0.00000000000000000000e+00) (0, 0, 0.00000000000000000000e+00) (0, 0, 0.00000000000000000000e+00) (0, 0, 0.00000000000000000000e+00) (0, 0, 0.00000000000000000000e+00) (10, 6, 5.00000000000000000000e-01) (10, 6, 5.00000000000000000000e-01) (10, 6, 5.00000000000000000000e-01) (0, 6, 0.00000000000000000000e+00) (4, 4, 5.00000000000000000000e-01) (0, 4, 0.00000000000000000000e+00) 
connections (connected_to_neuron, weight)=(0, 9.09108259615790181840e+00) (1, -1.17674959566192338656e+00) (2, -4.93485091868297531814e-01) (3, -2.74897336962851346343e+00) (4, -3.56424727060748303131e+00) (5, -5.12740609058475182991e+00) (6, -3.62410885238004887299e+00) (7, -5.13079725214576409797e+00) (8, -3.52325545021249020294e+00) (9, 1.52161689041826875268e+00) (0, -6.69170287549156839191e+00) (1, 9.89917872642489982127e+00) (2, -1.51978467615266954471e-01) (3, -1.35863023484102396488e-01) (4, -2.98194761698596821908e-01) (5, -4.19644846891515599374e-01) (6, -2.94422651951663838510e-01) (7, -2.89296961954725651012e-01) (8, -3.95332130914085255746e-01) (9, -2.84679570536495774036e+00) (0, 1.39696550802501757715e+01) (1, -1.29693546160189754346e+00) (2, -1.79522182224873017020e+00) (3, -1.22313355140165747059e+00) (4, -1.97856368555867145886e+00) (5, -5.09076244020199464302e+00) (6, -1.97005415394150684705e+00) (7, -2.03759164530534064852e+00) (8, -2.03057955636822651257e+00) (9, 1.52721904157374055444e+00) (10, -3.00602510634358877084e+00) (11, 3.72971334340722826539e+00) (12, -3.87312216330518266361e+00) (13, -2.59862076225908555926e+00) 
