FANN_FLO_2.1
num_layers=3
learning_rate=0.700000
connection_rate=1.000000
network_type=0
learning_momentum=0.000000
training_algorithm=2
train_error_function=1
train_stop_function=1
cascade_output_change_fraction=0.010000
quickprop_decay=-0.000100
quickprop_mu=1.750000
rprop_increase_factor=1.200000
rprop_decrease_factor=0.500000
rprop_delta_min=0.000000
rprop_delta_max=50.000000
rprop_delta_zero=0.100000
cascade_output_stagnation_epochs=12
cascade_candidate_change_fraction=0.010000
cascade_candidate_stagnation_epochs=12
cascade_max_out_epochs=150
cascade_min_out_epochs=50
cascade_max_cand_epochs=150
cascade_min_cand_epochs=50
cascade_num_candidate_groups=2
bit_fail_limit=1.00000000000000005551e-01
cascade_candidate_limit=1.00000000000000000000e+03
cascade_weight_multiplier=4.00000000000000022204e-01
cascade_activation_functions_count=10
cascade_activation_functions=3 5 7 8 10 11 14 15 16 17 
cascade_activation_steepnesses_count=4
cascade_activation_steepnesses=2.50000000000000000000e-01 5.00000000000000000000e-01 7.50000000000000000000e-01 1.00000000000000000000e+00 
layer_sizes=14 4 2 
scale_included=0
neurons (num_inputs, activation_function, activation_steepness)=(0, 0, 0.00000000000000000000e+00) (0, 0, 0.00000000000000000000e+00) (0, 0, 0.00000000000000000000e+00) (0, 0, 0.00000000000000000000e+00) (0, 0, 0.00000000000000000000e+00) (0, 0, 0.00000000000000000000e+00) (0, 0, 0.00000000000000000000e+00) (0, 0, 0.00000000000000000000e+00) (0, 0, 0.00000000000000000000e+00) (0, 0, 0.00000000000000000000e+00) (0, 0, 0.00000000000000000000e+00) (0, 0, 0.00000000000000000000e+00) (0, 0, 0.00000000000000000000e+00) (0, 0, 0.00000000000000000000e+00) (14, 6, 5.00000000000000000000e-01) (14, 6, 5.00000000000000000000e-01) (14, 6, 5.00000000000000000000e-01) (0, 6, 0.00000000000000000000e+00) (4, 4, 5.00000000000000000000e-01) (0, 4, 0.00000000000000000000e+00) 
connections (connected_to_neuron, weight)=(0, -2.64744927463998402928e+00) (1, 3.72597087092699430499e+00) (2, 8.75720171344437137151e-01) (3, 2.26180332195906746984e-01) (4, 8.74642809939541354680e-01) (5, 8.85094730270065799260e-01) (6, 6.53522570362244925590e-01) (7, 3.27377314162402233144e-01) (8, 1.70074651432185280919e-01) (9, 7.10209210148011527153e-01) (10, 5.82466934552346549125e-01) (11, 9.90892833185352817083e-01) (12, -4.91302247416464943353e-02) (13, -1.59012991265323799794e+00) (0, -3.68978309215036537339e+00) (1, 1.31675600260751535231e+00) (2, 8.40144446538289235704e-01) (3, 2.24327881972203602157e-01) (4, 5.63925457148495290483e-01) (5, 7.69071279512246408494e-01) (6, 3.96944429981650359629e-01) (7, 2.12224894354949344955e-01) (8, 2.76343987475047458968e-01) (9, 4.24429778265894896983e-01) (10, 3.07343551109443058333e-01) (11, 6.10043912289936596238e-01) (12, 6.69986686557823674093e-01) (13, -5.25578473583340199937e-01) (0, -3.84076444000927130773e+00) (1, 1.65445344507949654300e+00) (2, 4.54864750252564564725e-01) (3, 1.36966695378432479213e-01) (4, 2.25293831078949430280e-01) (5, 5.26485542403061890226e-01) (6, 1.23515010285319207228e-01) (7, 3.07620217305519250139e-02) (8, 1.28634487579474654506e-01) (9, 6.66982461094273310076e-02) (10, 1.18507307428063271559e-01) (11, 2.97328288911182847531e-01) (12, 2.08283846880900347376e-02) (13, -6.77072458640217478276e-01) (14, 5.95142883754530949147e+00) (15, 3.11936950899332199327e+00) (16, 7.65108320805174813017e+00) (17, -1.91895272245801318256e+00) 
