FANN_FLO_2.1
num_layers=3
learning_rate=0.700000
connection_rate=1.000000
network_type=0
learning_momentum=0.000000
training_algorithm=2
train_error_function=1
train_stop_function=1
cascade_output_change_fraction=0.010000
quickprop_decay=-0.000100
quickprop_mu=1.750000
rprop_increase_factor=1.200000
rprop_decrease_factor=0.500000
rprop_delta_min=0.000000
rprop_delta_max=50.000000
rprop_delta_zero=0.100000
cascade_output_stagnation_epochs=12
cascade_candidate_change_fraction=0.010000
cascade_candidate_stagnation_epochs=12
cascade_max_out_epochs=150
cascade_min_out_epochs=50
cascade_max_cand_epochs=150
cascade_min_cand_epochs=50
cascade_num_candidate_groups=2
bit_fail_limit=1.00000000000000005551e-01
cascade_candidate_limit=1.00000000000000000000e+03
cascade_weight_multiplier=4.00000000000000022204e-01
cascade_activation_functions_count=10
cascade_activation_functions=3 5 7 8 10 11 14 15 16 17 
cascade_activation_steepnesses_count=4
cascade_activation_steepnesses=2.50000000000000000000e-01 5.00000000000000000000e-01 7.50000000000000000000e-01 1.00000000000000000000e+00 
layer_sizes=8 4 2 
scale_included=0
neurons (num_inputs, activation_function, activation_steepness)=(0, 0, 0.00000000000000000000e+00) (0, 0, 0.00000000000000000000e+00) (0, 0, 0.00000000000000000000e+00) (0, 0, 0.00000000000000000000e+00) (0, 0, 0.00000000000000000000e+00) (0, 0, 0.00000000000000000000e+00) (0, 0, 0.00000000000000000000e+00) (0, 0, 0.00000000000000000000e+00) (8, 6, 5.00000000000000000000e-01) (8, 6, 5.00000000000000000000e-01) (8, 6, 5.00000000000000000000e-01) (0, 6, 0.00000000000000000000e+00) (4, 4, 5.00000000000000000000e-01) (0, 4, 0.00000000000000000000e+00) 
connections (connected_to_neuron, weight)=(0, -2.76635980882499354916e-01) (1, 1.87410582909365341919e+00) (2, 2.13307880335637023439e-01) (3, -1.13341737068907530417e-01) (4, -4.11275904474116105192e-01) (5, 1.82070082733412430542e+00) (6, 1.85016084024687454956e+00) (7, -7.38254625826571198033e-01) (0, 3.66978170953063398407e-01) (1, -2.44116208122058653274e+00) (2, 2.16052001052265796321e-01) (3, 1.93948438101177844661e-01) (4, 7.82781063738554938602e-01) (5, -2.44358678326888822951e+00) (6, -2.44393066481633924880e+00) (7, 1.05632154940116040898e+00) (0, 2.87827414414462579018e-01) (1, -1.96822836659236588552e+00) (2, 2.15992126719771027066e-01) (3, 6.85025119717977526435e-01) (4, -7.17839557749027079581e-01) (5, -2.04690325296803132815e+00) (6, -1.96609498224540391043e+00) (7, 2.25358978025096856612e+00) (8, 7.64038241597754463896e+00) (9, -7.65204044553381912408e+00) (10, -3.61642053462942847375e+00) (11, -1.60055933784879234061e+00) 
