FANN_FLO_2.1
num_layers=3
learning_rate=0.700000
connection_rate=1.000000
network_type=0
learning_momentum=0.000000
training_algorithm=2
train_error_function=1
train_stop_function=1
cascade_output_change_fraction=0.010000
quickprop_decay=-0.000100
quickprop_mu=1.750000
rprop_increase_factor=1.200000
rprop_decrease_factor=0.500000
rprop_delta_min=0.000000
rprop_delta_max=50.000000
rprop_delta_zero=0.100000
cascade_output_stagnation_epochs=12
cascade_candidate_change_fraction=0.010000
cascade_candidate_stagnation_epochs=12
cascade_max_out_epochs=150
cascade_min_out_epochs=50
cascade_max_cand_epochs=150
cascade_min_cand_epochs=50
cascade_num_candidate_groups=2
bit_fail_limit=1.00000000000000005551e-01
cascade_candidate_limit=1.00000000000000000000e+03
cascade_weight_multiplier=4.00000000000000022204e-01
cascade_activation_functions_count=10
cascade_activation_functions=3 5 7 8 10 11 14 15 16 17 
cascade_activation_steepnesses_count=4
cascade_activation_steepnesses=2.50000000000000000000e-01 5.00000000000000000000e-01 7.50000000000000000000e-01 1.00000000000000000000e+00 
layer_sizes=12 4 2 
scale_included=0
neurons (num_inputs, activation_function, activation_steepness)=(0, 0, 0.00000000000000000000e+00) (0, 0, 0.00000000000000000000e+00) (0, 0, 0.00000000000000000000e+00) (0, 0, 0.00000000000000000000e+00) (0, 0, 0.00000000000000000000e+00) (0, 0, 0.00000000000000000000e+00) (0, 0, 0.00000000000000000000e+00) (0, 0, 0.00000000000000000000e+00) (0, 0, 0.00000000000000000000e+00) (0, 0, 0.00000000000000000000e+00) (0, 0, 0.00000000000000000000e+00) (0, 0, 0.00000000000000000000e+00) (12, 6, 5.00000000000000000000e-01) (12, 6, 5.00000000000000000000e-01) (12, 6, 5.00000000000000000000e-01) (0, 6, 0.00000000000000000000e+00) (4, 4, 5.00000000000000000000e-01) (0, 4, 0.00000000000000000000e+00) 
connections (connected_to_neuron, weight)=(0, -2.54007869772462901992e+00) (1, 2.65743259741749815461e+00) (2, 4.32722843128702194804e+00) (3, -1.07896461530042397925e+00) (4, -2.98969873215147119438e+00) (5, -1.38257793432505149411e+00) (6, -9.27418035459699030554e-01) (7, -9.92963002981568809702e-01) (8, 3.95382262351545010759e+00) (9, 9.15375540525649455947e-03) (10, -3.31696199691784876507e+00) (11, -2.24451677314627184856e+00) (0, -7.80844897712979491011e-01) (1, 1.22517626790176548113e+00) (2, 1.91024056389605645379e+00) (3, -2.32178483110103028864e-01) (4, -1.40354459879928872290e+00) (5, -5.51894248967137124318e-01) (6, -5.11707419102158334034e-01) (7, -1.39842325240234599537e-01) (8, 1.62907720031434899433e+00) (9, 2.10827458898497077655e-02) (10, -1.32782238810206032475e+00) (11, -6.50951004890689688409e-01) (0, 8.55210604140855146227e-01) (1, -2.17815670071011391329e+00) (2, 1.47947899325677340032e-01) (3, 2.11115619551262789777e-01) (4, 1.23314789821606662912e+00) (5, 3.77557272709038160841e-01) (6, 3.86306880659487150709e-01) (7, 5.36430618447559126594e-01) (8, 5.78975368684444408052e-02) (9, 3.56680519016923547326e-01) (10, 7.34440711292731807092e-01) (11, 5.24714128192805828732e-01) (12, 8.93552644331617251794e+00) (13, 2.12159183962495889730e+00) (14, -1.95257892662902077241e+00) (15, -1.74197100834097007294e+00) 
