FANN_FLO_2.1
num_layers=3
learning_rate=0.700000
connection_rate=1.000000
network_type=0
learning_momentum=0.000000
training_algorithm=2
train_error_function=1
train_stop_function=1
cascade_output_change_fraction=0.010000
quickprop_decay=-0.000100
quickprop_mu=1.750000
rprop_increase_factor=1.200000
rprop_decrease_factor=0.500000
rprop_delta_min=0.000000
rprop_delta_max=50.000000
rprop_delta_zero=0.100000
cascade_output_stagnation_epochs=12
cascade_candidate_change_fraction=0.010000
cascade_candidate_stagnation_epochs=12
cascade_max_out_epochs=150
cascade_min_out_epochs=50
cascade_max_cand_epochs=150
cascade_min_cand_epochs=50
cascade_num_candidate_groups=2
bit_fail_limit=1.00000000000000005551e-01
cascade_candidate_limit=1.00000000000000000000e+03
cascade_weight_multiplier=4.00000000000000022204e-01
cascade_activation_functions_count=10
cascade_activation_functions=3 5 7 8 10 11 14 15 16 17 
cascade_activation_steepnesses_count=4
cascade_activation_steepnesses=2.50000000000000000000e-01 5.00000000000000000000e-01 7.50000000000000000000e-01 1.00000000000000000000e+00 
layer_sizes=15 4 2 
scale_included=0
neurons (num_inputs, activation_function, activation_steepness)=(0, 0, 0.00000000000000000000e+00) (0, 0, 0.00000000000000000000e+00) (0, 0, 0.00000000000000000000e+00) (0, 0, 0.00000000000000000000e+00) (0, 0, 0.00000000000000000000e+00) (0, 0, 0.00000000000000000000e+00) (0, 0, 0.00000000000000000000e+00) (0, 0, 0.00000000000000000000e+00) (0, 0, 0.00000000000000000000e+00) (0, 0, 0.00000000000000000000e+00) (0, 0, 0.00000000000000000000e+00) (0, 0, 0.00000000000000000000e+00) (0, 0, 0.00000000000000000000e+00) (0, 0, 0.00000000000000000000e+00) (0, 0, 0.00000000000000000000e+00) (15, 6, 5.00000000000000000000e-01) (15, 6, 5.00000000000000000000e-01) (15, 6, 5.00000000000000000000e-01) (0, 6, 0.00000000000000000000e+00) (4, 4, 5.00000000000000000000e-01) (0, 4, 0.00000000000000000000e+00) 
connections (connected_to_neuron, weight)=(0, -3.19451864389530826305e-01) (1, 1.86039489316227069082e+00) (2, 4.78362400661916264966e-01) (3, 2.37624642056433910131e-01) (4, -9.52579844341861492474e-02) (5, -7.66546867237338336309e-01) (6, -2.29211002169005029216e-01) (7, 5.86808670889348515942e-01) (8, 3.94678070988101481475e-02) (9, -1.00808454637347388871e-01) (10, -1.39819139574586082109e-01) (11, -7.94985327583420942066e-03) (12, 1.61995108410303068069e-01) (13, -7.51231256471263653118e-02) (14, -1.26122632955132651933e-01) (0, 1.29335352914869794461e+00) (1, -4.84692804732048454497e+00) (2, -2.13904877892895334268e-01) (3, 1.14400937107643124735e-01) (4, 5.58484383338539669417e-01) (5, 1.30344500156581410977e+00) (6, 1.37632640960156926724e+00) (7, -2.34624406091137521768e-01) (8, 3.54308624540176364537e-02) (9, 4.52830832862703869246e-01) (10, 5.94915993922798702620e-01) (11, 1.33782318743407735440e+00) (12, 8.08494751129951449986e-02) (13, 5.81597589367477962874e-01) (14, 1.34269395979583272549e+00) (0, -5.31183577449359164979e-02) (1, 7.84169952160697070198e-01) (2, 1.05817530327423847680e+00) (3, 1.95506104707919486918e-01) (4, 5.97104328968149078438e-02) (5, -6.50464756614546502078e-01) (6, -6.68676070244349912697e-02) (7, 1.01003669598087109094e+00) (8, 2.90239570467456797775e-02) (9, 3.79862936561084912901e-02) (10, -2.26906908328555964593e-02) (11, -1.18849100855115810682e-01) (12, 1.27907709658347468196e-01) (13, 1.16562485915897018351e-01) (14, 4.76699026648975537901e-02) (15, 7.28600236970762482613e-01) (16, -4.79447171308720054839e+00) (17, 2.48508687128103394892e-01) (18, -9.21552925825557145423e-01) 
