FANN_FLO_2.1
num_layers=3
learning_rate=0.700000
connection_rate=1.000000
network_type=0
learning_momentum=0.000000
training_algorithm=2
train_error_function=1
train_stop_function=1
cascade_output_change_fraction=0.010000
quickprop_decay=-0.000100
quickprop_mu=1.750000
rprop_increase_factor=1.200000
rprop_decrease_factor=0.500000
rprop_delta_min=0.000000
rprop_delta_max=50.000000
rprop_delta_zero=0.100000
cascade_output_stagnation_epochs=12
cascade_candidate_change_fraction=0.010000
cascade_candidate_stagnation_epochs=12
cascade_max_out_epochs=150
cascade_min_out_epochs=50
cascade_max_cand_epochs=150
cascade_min_cand_epochs=50
cascade_num_candidate_groups=2
bit_fail_limit=1.00000000000000005551e-01
cascade_candidate_limit=1.00000000000000000000e+03
cascade_weight_multiplier=4.00000000000000022204e-01
cascade_activation_functions_count=10
cascade_activation_functions=3 5 7 8 10 11 14 15 16 17 
cascade_activation_steepnesses_count=4
cascade_activation_steepnesses=2.50000000000000000000e-01 5.00000000000000000000e-01 7.50000000000000000000e-01 1.00000000000000000000e+00 
layer_sizes=12 4 2 
scale_included=0
neurons (num_inputs, activation_function, activation_steepness)=(0, 0, 0.00000000000000000000e+00) (0, 0, 0.00000000000000000000e+00) (0, 0, 0.00000000000000000000e+00) (0, 0, 0.00000000000000000000e+00) (0, 0, 0.00000000000000000000e+00) (0, 0, 0.00000000000000000000e+00) (0, 0, 0.00000000000000000000e+00) (0, 0, 0.00000000000000000000e+00) (0, 0, 0.00000000000000000000e+00) (0, 0, 0.00000000000000000000e+00) (0, 0, 0.00000000000000000000e+00) (0, 0, 0.00000000000000000000e+00) (12, 6, 5.00000000000000000000e-01) (12, 6, 5.00000000000000000000e-01) (12, 6, 5.00000000000000000000e-01) (0, 6, 0.00000000000000000000e+00) (4, 4, 5.00000000000000000000e-01) (0, 4, 0.00000000000000000000e+00) 
connections (connected_to_neuron, weight)=(0, -8.52202258773656073920e-01) (1, 2.31706109448801811368e+00) (2, 6.55323092704781617890e-01) (3, 5.70822910658607240997e-01) (4, -7.61259820737548609237e-01) (5, -1.86319409559707271917e-01) (6, 8.85769583380192959687e-01) (7, -2.31081219286511430067e-01) (8, -4.86144744619371460548e-01) (9, -1.84680819635604370754e-01) (10, 1.31630033317646388813e-01) (11, -4.83191308513794992585e-01) (0, -1.71516893899386646538e+00) (1, 1.66928890084158632057e+00) (2, 1.52300508069736872940e+00) (3, 1.43786942359519986923e+00) (4, -3.96485813718641277870e-01) (5, 6.36601755050443918194e-01) (6, 2.42461361251833151798e+00) (7, 7.89997933430120480303e-01) (8, -9.98742840867251735482e-01) (9, 6.05707877901815683330e-01) (10, 1.02716747374762107370e+00) (11, -8.33499454746013834772e-01) (0, 5.60597807063465936039e+00) (1, -1.76721145215545938356e+00) (2, -1.55634679986587221023e+00) (3, -1.14154810368647763319e+00) (4, 6.54771919633324039900e-01) (5, 2.96518644037630507704e-01) (6, -2.12458086142797419882e+00) (7, 2.29222658262493508841e-02) (8, 6.34720399556855441325e-01) (9, 2.70657474574644563159e-02) (10, 8.44127818866180074098e-02) (11, 1.48403877702821085371e+00) (12, 1.20277028571364397180e+00) (13, 2.70092955523623290404e+00) (14, -1.74669244761992317194e+01) (15, -1.00072341442322509941e+00) 
