FANN_FLO_2.1
num_layers=3
learning_rate=0.700000
connection_rate=1.000000
network_type=0
learning_momentum=0.000000
training_algorithm=2
train_error_function=1
train_stop_function=1
cascade_output_change_fraction=0.010000
quickprop_decay=-0.000100
quickprop_mu=1.750000
rprop_increase_factor=1.200000
rprop_decrease_factor=0.500000
rprop_delta_min=0.000000
rprop_delta_max=50.000000
rprop_delta_zero=0.100000
cascade_output_stagnation_epochs=12
cascade_candidate_change_fraction=0.010000
cascade_candidate_stagnation_epochs=12
cascade_max_out_epochs=150
cascade_min_out_epochs=50
cascade_max_cand_epochs=150
cascade_min_cand_epochs=50
cascade_num_candidate_groups=2
bit_fail_limit=1.00000000000000005551e-01
cascade_candidate_limit=1.00000000000000000000e+03
cascade_weight_multiplier=4.00000000000000022204e-01
cascade_activation_functions_count=10
cascade_activation_functions=3 5 7 8 10 11 14 15 16 17 
cascade_activation_steepnesses_count=4
cascade_activation_steepnesses=2.50000000000000000000e-01 5.00000000000000000000e-01 7.50000000000000000000e-01 1.00000000000000000000e+00 
layer_sizes=7 4 2 
scale_included=0
neurons (num_inputs, activation_function, activation_steepness)=(0, 0, 0.00000000000000000000e+00) (0, 0, 0.00000000000000000000e+00) (0, 0, 0.00000000000000000000e+00) (0, 0, 0.00000000000000000000e+00) (0, 0, 0.00000000000000000000e+00) (0, 0, 0.00000000000000000000e+00) (0, 0, 0.00000000000000000000e+00) (7, 6, 5.00000000000000000000e-01) (7, 6, 5.00000000000000000000e-01) (7, 6, 5.00000000000000000000e-01) (0, 6, 0.00000000000000000000e+00) (4, 4, 5.00000000000000000000e-01) (0, 4, 0.00000000000000000000e+00) 
connections (connected_to_neuron, weight)=(0, 7.79439794372382976917e-01) (1, -2.80861835688739969186e+00) (2, -4.79627343191984856219e-01) (3, -2.22789494201838383924e-01) (4, 5.68991007181795849235e-01) (5, -4.93916506807520250266e-01) (6, 1.43350983848959412370e+00) (0, -1.62801864851028721404e+00) (1, 3.36659812788124623850e+00) (2, 2.35448851274603354611e+00) (3, 2.05268672085309100694e+00) (4, -7.75182224553029097791e-01) (5, 3.44818761198597423245e+00) (6, -4.24949524079102314289e+00) (0, 1.06848853355757236749e-01) (1, 1.39623055041189192416e+00) (2, 1.41890739832859114067e+00) (3, 5.95162722777018871056e-01) (4, 1.41897033455987087169e-01) (5, 1.62396123371351275289e+00) (6, -9.13168969829585841502e-02) (7, -1.54996646284473982291e+00) (8, 2.10603963978268211577e+01) (9, 2.86364764458245824041e-01) (10, -2.20201960073722347033e+00) 
