FANN_FLO_2.1
num_layers=3
learning_rate=0.700000
connection_rate=1.000000
network_type=0
learning_momentum=0.000000
training_algorithm=2
train_error_function=1
train_stop_function=1
cascade_output_change_fraction=0.010000
quickprop_decay=-0.000100
quickprop_mu=1.750000
rprop_increase_factor=1.200000
rprop_decrease_factor=0.500000
rprop_delta_min=0.000000
rprop_delta_max=50.000000
rprop_delta_zero=0.100000
cascade_output_stagnation_epochs=12
cascade_candidate_change_fraction=0.010000
cascade_candidate_stagnation_epochs=12
cascade_max_out_epochs=150
cascade_min_out_epochs=50
cascade_max_cand_epochs=150
cascade_min_cand_epochs=50
cascade_num_candidate_groups=2
bit_fail_limit=1.00000000000000005551e-01
cascade_candidate_limit=1.00000000000000000000e+03
cascade_weight_multiplier=4.00000000000000022204e-01
cascade_activation_functions_count=10
cascade_activation_functions=3 5 7 8 10 11 14 15 16 17 
cascade_activation_steepnesses_count=4
cascade_activation_steepnesses=2.50000000000000000000e-01 5.00000000000000000000e-01 7.50000000000000000000e-01 1.00000000000000000000e+00 
layer_sizes=14 4 2 
scale_included=0
neurons (num_inputs, activation_function, activation_steepness)=(0, 0, 0.00000000000000000000e+00) (0, 0, 0.00000000000000000000e+00) (0, 0, 0.00000000000000000000e+00) (0, 0, 0.00000000000000000000e+00) (0, 0, 0.00000000000000000000e+00) (0, 0, 0.00000000000000000000e+00) (0, 0, 0.00000000000000000000e+00) (0, 0, 0.00000000000000000000e+00) (0, 0, 0.00000000000000000000e+00) (0, 0, 0.00000000000000000000e+00) (0, 0, 0.00000000000000000000e+00) (0, 0, 0.00000000000000000000e+00) (0, 0, 0.00000000000000000000e+00) (0, 0, 0.00000000000000000000e+00) (14, 6, 5.00000000000000000000e-01) (14, 6, 5.00000000000000000000e-01) (14, 6, 5.00000000000000000000e-01) (0, 6, 0.00000000000000000000e+00) (4, 4, 5.00000000000000000000e-01) (0, 4, 0.00000000000000000000e+00) 
connections (connected_to_neuron, weight)=(0, 1.37530612984618860750e+00) (1, 1.46769760602532373106e+00) (2, 1.77520010128616001488e+00) (3, 3.91422430286575750991e-01) (4, -8.82741689233961568384e-01) (5, -1.12877444782881219965e+00) (6, 1.53515207725198576938e+00) (7, -9.76474088641001713995e-01) (8, 7.41026363538175192325e-01) (9, 1.75208816831720715079e+00) (10, -1.88985420848432772445e+00) (11, 8.00399968239066450515e-01) (12, -1.26790751946355340074e+00) (13, -1.82897916948408600923e+00) (0, 1.38910979071578655208e+00) (1, 1.45691531950055108702e+00) (2, 1.72908188655971195580e+00) (3, 3.81115267286468939467e-01) (4, -9.61070030479613146568e-01) (5, -1.11933539667753656488e+00) (6, 1.46493622618348906528e+00) (7, -1.07963392606575703248e+00) (8, 8.74786979721456137149e-01) (9, 1.81729147484277175906e+00) (10, -9.31316091178820304464e-01) (11, 8.00005296083686201492e-01) (12, -1.22172025648142335008e+00) (13, -1.88527165865511414644e+00) (0, 1.36228080877980906038e+00) (1, 1.45376643591938958799e+00) (2, 1.67996237680314686180e+00) (3, 4.23523897538353455428e-01) (4, -9.39952738135042875633e-01) (5, -1.05472640553144847431e+00) (6, 1.43276362078817198764e+00) (7, -1.11644885412056660279e+00) (8, 8.53053792582421865909e-01) (9, 1.72411706944678710940e+00) (10, -7.75734929799006045492e-01) (11, 8.41291503819224684158e-01) (12, -1.22699899283434388231e+00) (13, -1.82112047588438508150e+00) (14, 5.38997446816323400043e+00) (15, 1.38944438770191958099e+01) (16, 1.39005338027851870208e+01) (17, -1.74506158893913787544e+00) 
