FANN_FLO_2.1
num_layers=3
learning_rate=0.700000
connection_rate=1.000000
network_type=0
learning_momentum=0.000000
training_algorithm=2
train_error_function=1
train_stop_function=1
cascade_output_change_fraction=0.010000
quickprop_decay=-0.000100
quickprop_mu=1.750000
rprop_increase_factor=1.200000
rprop_decrease_factor=0.500000
rprop_delta_min=0.000000
rprop_delta_max=50.000000
rprop_delta_zero=0.100000
cascade_output_stagnation_epochs=12
cascade_candidate_change_fraction=0.010000
cascade_candidate_stagnation_epochs=12
cascade_max_out_epochs=150
cascade_min_out_epochs=50
cascade_max_cand_epochs=150
cascade_min_cand_epochs=50
cascade_num_candidate_groups=2
bit_fail_limit=1.00000000000000005551e-01
cascade_candidate_limit=1.00000000000000000000e+03
cascade_weight_multiplier=4.00000000000000022204e-01
cascade_activation_functions_count=10
cascade_activation_functions=3 5 7 8 10 11 14 15 16 17 
cascade_activation_steepnesses_count=4
cascade_activation_steepnesses=2.50000000000000000000e-01 5.00000000000000000000e-01 7.50000000000000000000e-01 1.00000000000000000000e+00 
layer_sizes=12 4 2 
scale_included=0
neurons (num_inputs, activation_function, activation_steepness)=(0, 0, 0.00000000000000000000e+00) (0, 0, 0.00000000000000000000e+00) (0, 0, 0.00000000000000000000e+00) (0, 0, 0.00000000000000000000e+00) (0, 0, 0.00000000000000000000e+00) (0, 0, 0.00000000000000000000e+00) (0, 0, 0.00000000000000000000e+00) (0, 0, 0.00000000000000000000e+00) (0, 0, 0.00000000000000000000e+00) (0, 0, 0.00000000000000000000e+00) (0, 0, 0.00000000000000000000e+00) (0, 0, 0.00000000000000000000e+00) (12, 6, 5.00000000000000000000e-01) (12, 6, 5.00000000000000000000e-01) (12, 6, 5.00000000000000000000e-01) (0, 6, 0.00000000000000000000e+00) (4, 4, 5.00000000000000000000e-01) (0, 4, 0.00000000000000000000e+00) 
connections (connected_to_neuron, weight)=(0, -1.17238598709634054273e+01) (1, 9.17950031355328044391e-01) (2, -4.46579337929156672260e+00) (3, 3.67470574058021803854e-01) (4, 1.23388419999235859903e-01) (5, -1.65370330755434252756e-02) (6, 5.07706261085767218688e-01) (7, -1.59806403291293275259e+00) (8, 3.29219220411291702000e-01) (9, 2.18145956519601530443e-01) (10, 3.83503090237868105028e-01) (11, 5.91281487579893072493e-01) (0, -6.51875798331417311005e+00) (1, 2.99419371068485773435e+00) (2, -6.97387468178849712075e+00) (3, 1.04930676638353870267e+00) (4, -7.40898189389328898358e+00) (5, 7.54858210380775762616e+00) (6, 2.41301615282995740586e+01) (7, -1.40567642106292356452e+00) (8, -7.35679495787780624028e+00) (9, -7.38444615437969709149e+00) (10, 4.94204061688894569215e+00) (11, 8.68865356878551930997e-01) (0, -2.43272326148235862320e+00) (1, -2.76951445895767922600e-01) (2, 6.48860633385061902345e+00) (3, -1.14305436859379527803e+00) (4, 1.24833449389622863634e+00) (5, 3.77412247896334762665e-01) (6, 5.96746309204699509898e-01) (7, -3.85407771095951146023e+00) (8, 1.09064539431819462756e+00) (9, 1.17529994155823835911e+00) (10, 9.82832966637921079389e-01) (11, 1.33016460722494511693e-01) (12, 5.03664471988292845595e+01) (13, 2.57376471578085457281e+01) (14, 6.79352338414813345935e+01) (15, -8.51810206399661873355e-01) 
