FANN_FLO_2.1
num_layers=3
learning_rate=0.700000
connection_rate=1.000000
network_type=0
learning_momentum=0.000000
training_algorithm=2
train_error_function=1
train_stop_function=1
cascade_output_change_fraction=0.010000
quickprop_decay=-0.000100
quickprop_mu=1.750000
rprop_increase_factor=1.200000
rprop_decrease_factor=0.500000
rprop_delta_min=0.000000
rprop_delta_max=50.000000
rprop_delta_zero=0.100000
cascade_output_stagnation_epochs=12
cascade_candidate_change_fraction=0.010000
cascade_candidate_stagnation_epochs=12
cascade_max_out_epochs=150
cascade_min_out_epochs=50
cascade_max_cand_epochs=150
cascade_min_cand_epochs=50
cascade_num_candidate_groups=2
bit_fail_limit=1.00000000000000005551e-01
cascade_candidate_limit=1.00000000000000000000e+03
cascade_weight_multiplier=4.00000000000000022204e-01
cascade_activation_functions_count=10
cascade_activation_functions=3 5 7 8 10 11 14 15 16 17 
cascade_activation_steepnesses_count=4
cascade_activation_steepnesses=2.50000000000000000000e-01 5.00000000000000000000e-01 7.50000000000000000000e-01 1.00000000000000000000e+00 
layer_sizes=11 4 2 
scale_included=0
neurons (num_inputs, activation_function, activation_steepness)=(0, 0, 0.00000000000000000000e+00) (0, 0, 0.00000000000000000000e+00) (0, 0, 0.00000000000000000000e+00) (0, 0, 0.00000000000000000000e+00) (0, 0, 0.00000000000000000000e+00) (0, 0, 0.00000000000000000000e+00) (0, 0, 0.00000000000000000000e+00) (0, 0, 0.00000000000000000000e+00) (0, 0, 0.00000000000000000000e+00) (0, 0, 0.00000000000000000000e+00) (0, 0, 0.00000000000000000000e+00) (11, 6, 5.00000000000000000000e-01) (11, 6, 5.00000000000000000000e-01) (11, 6, 5.00000000000000000000e-01) (0, 6, 0.00000000000000000000e+00) (4, 4, 5.00000000000000000000e-01) (0, 4, 0.00000000000000000000e+00) 
connections (connected_to_neuron, weight)=(0, 1.43776203513250795396e+01) (1, -1.30741527680802676059e+01) (2, -4.00069733844118644583e+01) (3, -1.30413707858961558372e+01) (4, 8.62543228760253022358e-01) (5, 7.28988745907795276935e-01) (6, 6.10051694349827577923e+00) (7, 1.51010046848618934012e-01) (8, -2.16536033293852803183e+01) (9, -1.30794544776498344874e+01) (10, 3.43582598093456192956e+00) (0, -1.44471530930885383448e+00) (1, -2.21666921676136396968e+01) (2, 1.15221970468778245333e+01) (3, -2.24739746255301930944e+01) (4, -2.35824097494717527246e-01) (5, 8.69200314920554398257e-03) (6, 2.61931110513286524721e+00) (7, 8.94098057223852826780e+00) (8, -9.40459464589093907527e-01) (9, -2.22386279198301330950e+01) (10, -2.82965830820189534478e+00) (0, -1.83070812730996168582e+00) (1, 1.55699928543866761288e+01) (2, -1.20872151472425892749e+00) (3, 1.56827105709458489713e+01) (4, 9.06181711244811838313e-01) (5, -5.73266428687473683645e-01) (6, -6.26385161038812005030e-02) (7, 5.42434984795747365816e-01) (8, -5.43910549781956831339e+00) (9, 1.57033454474452280891e+01) (10, -7.51584300708496244603e-01) (11, 6.98300050202067978944e+00) (12, 8.04968202160158341485e+00) (13, 1.21080407137257992645e+01) (14, -1.82845550998342609716e+00) 
