FANN_FLO_2.1
num_layers=3
learning_rate=0.700000
connection_rate=1.000000
network_type=0
learning_momentum=0.000000
training_algorithm=2
train_error_function=1
train_stop_function=1
cascade_output_change_fraction=0.010000
quickprop_decay=-0.000100
quickprop_mu=1.750000
rprop_increase_factor=1.200000
rprop_decrease_factor=0.500000
rprop_delta_min=0.000000
rprop_delta_max=50.000000
rprop_delta_zero=0.100000
cascade_output_stagnation_epochs=12
cascade_candidate_change_fraction=0.010000
cascade_candidate_stagnation_epochs=12
cascade_max_out_epochs=150
cascade_min_out_epochs=50
cascade_max_cand_epochs=150
cascade_min_cand_epochs=50
cascade_num_candidate_groups=2
bit_fail_limit=1.00000000000000005551e-01
cascade_candidate_limit=1.00000000000000000000e+03
cascade_weight_multiplier=4.00000000000000022204e-01
cascade_activation_functions_count=10
cascade_activation_functions=3 5 7 8 10 11 14 15 16 17 
cascade_activation_steepnesses_count=4
cascade_activation_steepnesses=2.50000000000000000000e-01 5.00000000000000000000e-01 7.50000000000000000000e-01 1.00000000000000000000e+00 
layer_sizes=17 4 2 
scale_included=0
neurons (num_inputs, activation_function, activation_steepness)=(0, 0, 0.00000000000000000000e+00) (0, 0, 0.00000000000000000000e+00) (0, 0, 0.00000000000000000000e+00) (0, 0, 0.00000000000000000000e+00) (0, 0, 0.00000000000000000000e+00) (0, 0, 0.00000000000000000000e+00) (0, 0, 0.00000000000000000000e+00) (0, 0, 0.00000000000000000000e+00) (0, 0, 0.00000000000000000000e+00) (0, 0, 0.00000000000000000000e+00) (0, 0, 0.00000000000000000000e+00) (0, 0, 0.00000000000000000000e+00) (0, 0, 0.00000000000000000000e+00) (0, 0, 0.00000000000000000000e+00) (0, 0, 0.00000000000000000000e+00) (0, 0, 0.00000000000000000000e+00) (0, 0, 0.00000000000000000000e+00) (17, 6, 5.00000000000000000000e-01) (17, 6, 5.00000000000000000000e-01) (17, 6, 5.00000000000000000000e-01) (0, 6, 0.00000000000000000000e+00) (4, 4, 5.00000000000000000000e-01) (0, 4, 0.00000000000000000000e+00) 
connections (connected_to_neuron, weight)=(0, -8.82159850397793476873e+00) (1, 1.87470733955413249028e+00) (2, 9.08296501606948525342e-01) (3, 2.64991437569928267592e+00) (4, 3.05277007670284517005e+00) (5, -7.46070448780987827142e-01) (6, -2.65544159196688944746e+00) (7, -5.31596321764128298959e-01) (8, 1.02390710424644648668e+00) (9, 1.74589953727479096912e+00) (10, 2.31983112345567210610e+00) (11, 2.45048681926541789267e+00) (12, -1.76520685103615670997e+00) (13, 1.15891332247449319048e+00) (14, 2.62049466124539609524e+00) (15, 7.87212912192594371774e-01) (16, -1.07418844330292695410e+00) (0, -3.60943512673439670380e+00) (1, 2.22209438083749910575e+00) (2, 1.16728755292320895975e+00) (3, 2.20161275613493989667e+00) (4, 2.92949708992221946602e-01) (5, -2.74613391988602595362e+00) (6, -4.16689401644676160608e-01) (7, -6.51062972877896606327e-01) (8, 1.78903972481346151824e-01) (9, 1.61899163669357593065e+00) (10, 3.45718402004370428671e+00) (11, 2.72148698183753756652e+00) (12, -7.34137209423441183809e-01) (13, 2.48497792575449016894e+00) (14, -2.05360328480784248839e+00) (15, 1.52536166498443037653e+01) (16, -1.72670581071103690363e+00) (0, 5.41924789007202889479e+00) (1, -1.82108475629772947890e+00) (2, -8.72760365536240922957e-01) (3, -2.85173916798488580326e+00) (4, -1.61829667825725787011e+00) (5, 2.21624997312751936818e+00) (6, 2.29257745350328612233e+00) (7, 4.18675356122822084348e-01) (8, -3.09675751654134787105e-02) (9, -1.92872532572007782115e+00) (10, 8.93805015915277389915e-01) (11, -3.03382805765770280360e+00) (12, 1.01732705247520627267e+00) (13, -2.30938687651600105255e+00) (14, -1.63003375869201105886e+00) (15, 5.16052790491588683763e-02) (16, 1.16300111809453032841e+00) (17, 2.45723934801594667832e+00) (18, 3.41320171602245059361e+00) (19, -1.43509286741413166766e+01) (20, -2.11027794692228054529e+00) 
