FANN_FLO_2.1
num_layers=3
learning_rate=0.700000
connection_rate=1.000000
network_type=0
learning_momentum=0.000000
training_algorithm=2
train_error_function=1
train_stop_function=1
cascade_output_change_fraction=0.010000
quickprop_decay=-0.000100
quickprop_mu=1.750000
rprop_increase_factor=1.200000
rprop_decrease_factor=0.500000
rprop_delta_min=0.000000
rprop_delta_max=50.000000
rprop_delta_zero=0.100000
cascade_output_stagnation_epochs=12
cascade_candidate_change_fraction=0.010000
cascade_candidate_stagnation_epochs=12
cascade_max_out_epochs=150
cascade_min_out_epochs=50
cascade_max_cand_epochs=150
cascade_min_cand_epochs=50
cascade_num_candidate_groups=2
bit_fail_limit=1.00000000000000005551e-01
cascade_candidate_limit=1.00000000000000000000e+03
cascade_weight_multiplier=4.00000000000000022204e-01
cascade_activation_functions_count=10
cascade_activation_functions=3 5 7 8 10 11 14 15 16 17 
cascade_activation_steepnesses_count=4
cascade_activation_steepnesses=2.50000000000000000000e-01 5.00000000000000000000e-01 7.50000000000000000000e-01 1.00000000000000000000e+00 
layer_sizes=8 4 2 
scale_included=0
neurons (num_inputs, activation_function, activation_steepness)=(0, 0, 0.00000000000000000000e+00) (0, 0, 0.00000000000000000000e+00) (0, 0, 0.00000000000000000000e+00) (0, 0, 0.00000000000000000000e+00) (0, 0, 0.00000000000000000000e+00) (0, 0, 0.00000000000000000000e+00) (0, 0, 0.00000000000000000000e+00) (0, 0, 0.00000000000000000000e+00) (8, 6, 5.00000000000000000000e-01) (8, 6, 5.00000000000000000000e-01) (8, 6, 5.00000000000000000000e-01) (0, 6, 0.00000000000000000000e+00) (4, 4, 5.00000000000000000000e-01) (0, 4, 0.00000000000000000000e+00) 
connections (connected_to_neuron, weight)=(0, -1.13960451084107822206e-01) (1, -2.44419525897159184424e+00) (2, 1.29614077043502876063e-02) (3, 7.23655902784350768542e-01) (4, 4.70712494980158047131e-02) (5, -2.37214178180350865333e+00) (6, -2.34993791913642491309e+00) (7, 1.73984258167263883266e+00) (0, 3.64106863961973670207e-01) (1, 3.65517762341934737691e+00) (2, 4.10326339126723449446e-01) (3, -3.20068617234238295133e-01) (4, 2.09640987229031738881e-01) (5, 3.60271123835283813008e+00) (6, 3.72345137634712752828e+00) (7, -2.46475742725935198507e+00) (0, 2.66785897539415839397e-01) (1, 3.64490848073202666768e+00) (2, 4.82439510346549194075e-01) (3, -4.09725540200480131681e-01) (4, 2.13443100464028534535e-01) (5, 3.63359928914743957051e+00) (6, 3.60688225218493041524e+00) (7, -2.48798441482987620077e+00) (8, -3.43368580340488271929e+00) (9, 3.84456596164501940294e+00) (10, 3.88374887047804628892e+00) (11, -1.19583219165713683374e+00) 
