FANN_FLO_2.1
num_layers=3
learning_rate=0.700000
connection_rate=1.000000
network_type=0
learning_momentum=0.000000
training_algorithm=2
train_error_function=1
train_stop_function=1
cascade_output_change_fraction=0.010000
quickprop_decay=-0.000100
quickprop_mu=1.750000
rprop_increase_factor=1.200000
rprop_decrease_factor=0.500000
rprop_delta_min=0.000000
rprop_delta_max=50.000000
rprop_delta_zero=0.100000
cascade_output_stagnation_epochs=12
cascade_candidate_change_fraction=0.010000
cascade_candidate_stagnation_epochs=12
cascade_max_out_epochs=150
cascade_min_out_epochs=50
cascade_max_cand_epochs=150
cascade_min_cand_epochs=50
cascade_num_candidate_groups=2
bit_fail_limit=1.00000000000000005551e-01
cascade_candidate_limit=1.00000000000000000000e+03
cascade_weight_multiplier=4.00000000000000022204e-01
cascade_activation_functions_count=10
cascade_activation_functions=3 5 7 8 10 11 14 15 16 17 
cascade_activation_steepnesses_count=4
cascade_activation_steepnesses=2.50000000000000000000e-01 5.00000000000000000000e-01 7.50000000000000000000e-01 1.00000000000000000000e+00 
layer_sizes=15 4 2 
scale_included=0
neurons (num_inputs, activation_function, activation_steepness)=(0, 0, 0.00000000000000000000e+00) (0, 0, 0.00000000000000000000e+00) (0, 0, 0.00000000000000000000e+00) (0, 0, 0.00000000000000000000e+00) (0, 0, 0.00000000000000000000e+00) (0, 0, 0.00000000000000000000e+00) (0, 0, 0.00000000000000000000e+00) (0, 0, 0.00000000000000000000e+00) (0, 0, 0.00000000000000000000e+00) (0, 0, 0.00000000000000000000e+00) (0, 0, 0.00000000000000000000e+00) (0, 0, 0.00000000000000000000e+00) (0, 0, 0.00000000000000000000e+00) (0, 0, 0.00000000000000000000e+00) (0, 0, 0.00000000000000000000e+00) (15, 6, 5.00000000000000000000e-01) (15, 6, 5.00000000000000000000e-01) (15, 6, 5.00000000000000000000e-01) (0, 6, 0.00000000000000000000e+00) (4, 4, 5.00000000000000000000e-01) (0, 4, 0.00000000000000000000e+00) 
connections (connected_to_neuron, weight)=(0, -7.88661871554553806085e-01) (1, 5.88243240231228203818e-01) (2, 1.08325203697329559560e+01) (3, 1.63793489720827412093e+00) (4, -1.73189069496726766317e+00) (5, -7.13083919586837589044e-01) (6, -7.13220481278598605890e-01) (7, 3.45224267472610257812e-01) (8, -7.87938643696010410089e-01) (9, -6.53147746326625644464e-01) (10, 1.09278968687301674123e+01) (11, -4.74605425323753382649e-01) (12, -5.65550050761013056722e-01) (13, -6.01777837674926652234e-01) (14, -6.66915167572200595636e-01) (0, -1.51865917990373988644e+00) (1, 8.79167547589852937939e-01) (2, 1.14165287462352882386e+01) (3, 7.93945813740495665023e-01) (4, -1.24244952527234975292e+00) (5, -2.03056520711580956728e+00) (6, -2.03280516456762994082e+00) (7, 6.06410546546880091512e-01) (8, -2.79987461156097738879e+00) (9, -1.45236703554558177487e+00) (10, 1.08693994752013409766e+01) (11, -5.10027045783591148620e-01) (12, -2.58298158920899745272e-01) (13, -3.63925094060597587031e-01) (14, -1.39471788284728948071e+00) (0, -1.41366349582314643207e+00) (1, 2.75405360603289572907e+00) (2, 8.92454379449100665411e-01) (3, 8.75091515701578726016e-01) (4, -2.22690650821985203223e+00) (5, -2.04303655389672478293e+00) (6, -2.19832107786065344968e+00) (7, -5.79690759735272814757e-02) (8, -1.16003683466616536180e+00) (9, -1.89976636418460476108e+00) (10, 9.82578758455022960305e-01) (11, -8.29652851264894186656e-01) (12, -9.70221872017352104933e-01) (13, -1.07745301587936115340e+00) (14, -8.05243260586077758134e-01) (15, 1.11027363510797472124e+00) (16, 2.52976017828271215748e+00) (17, 6.39027939094035524192e+00) (18, -3.37207562958406859011e+00) 
