FANN_FLO_2.1
num_layers=3
learning_rate=0.700000
connection_rate=1.000000
network_type=0
learning_momentum=0.000000
training_algorithm=2
train_error_function=1
train_stop_function=1
cascade_output_change_fraction=0.010000
quickprop_decay=-0.000100
quickprop_mu=1.750000
rprop_increase_factor=1.200000
rprop_decrease_factor=0.500000
rprop_delta_min=0.000000
rprop_delta_max=50.000000
rprop_delta_zero=0.100000
cascade_output_stagnation_epochs=12
cascade_candidate_change_fraction=0.010000
cascade_candidate_stagnation_epochs=12
cascade_max_out_epochs=150
cascade_min_out_epochs=50
cascade_max_cand_epochs=150
cascade_min_cand_epochs=50
cascade_num_candidate_groups=2
bit_fail_limit=1.00000000000000005551e-01
cascade_candidate_limit=1.00000000000000000000e+03
cascade_weight_multiplier=4.00000000000000022204e-01
cascade_activation_functions_count=10
cascade_activation_functions=3 5 7 8 10 11 14 15 16 17 
cascade_activation_steepnesses_count=4
cascade_activation_steepnesses=2.50000000000000000000e-01 5.00000000000000000000e-01 7.50000000000000000000e-01 1.00000000000000000000e+00 
layer_sizes=11 4 2 
scale_included=0
neurons (num_inputs, activation_function, activation_steepness)=(0, 0, 0.00000000000000000000e+00) (0, 0, 0.00000000000000000000e+00) (0, 0, 0.00000000000000000000e+00) (0, 0, 0.00000000000000000000e+00) (0, 0, 0.00000000000000000000e+00) (0, 0, 0.00000000000000000000e+00) (0, 0, 0.00000000000000000000e+00) (0, 0, 0.00000000000000000000e+00) (0, 0, 0.00000000000000000000e+00) (0, 0, 0.00000000000000000000e+00) (0, 0, 0.00000000000000000000e+00) (11, 6, 5.00000000000000000000e-01) (11, 6, 5.00000000000000000000e-01) (11, 6, 5.00000000000000000000e-01) (0, 6, 0.00000000000000000000e+00) (4, 4, 5.00000000000000000000e-01) (0, 4, 0.00000000000000000000e+00) 
connections (connected_to_neuron, weight)=(0, 1.84080790641184073309e+01) (1, -1.15885647902787418673e+01) (2, -2.54720317665814555141e+01) (3, -1.16026202011846208961e+01) (4, 6.48587414626886538116e+00) (5, 1.38942280752849267600e+00) (6, 4.59953846062496296554e+00) (7, 6.15144255323470834362e-01) (8, -1.01514745712118550358e+01) (9, -1.16677516502606319904e+01) (10, 1.05949123358324681643e-01) (0, -1.40814719935231424941e-01) (1, 1.50664112517760866439e+01) (2, -9.99782972051240503841e-02) (3, 1.50079378339235542938e+01) (4, -3.96036534698008479971e-01) (5, -3.78957938627763002426e-01) (6, -3.81139070900302245892e-01) (7, 3.40960275574943549870e+00) (8, -9.47723233179918445046e+00) (9, 1.51479518967626933801e+01) (10, -7.02668484687968941671e-01) (0, 4.72051831630559615149e+00) (1, 4.65044472917059721340e+01) (2, -2.58866630854119499361e+01) (3, 4.65150856544827817629e+01) (4, -3.22873535927138410884e-01) (5, 3.16773341047752765576e+00) (6, -6.20104563213040105296e+00) (7, -1.24934013178361880136e+01) (8, -1.17583199113656462487e+01) (9, 4.58681303248569705033e+01) (10, 6.45083514859987783296e+00) (11, 7.23214721047841369028e+00) (12, 1.16976588498481390843e+01) (13, -5.64795620002116560698e+00) (14, -3.48493711272437511894e+00) 
