FANN_FLO_2.1
num_layers=3
learning_rate=0.700000
connection_rate=1.000000
network_type=0
learning_momentum=0.000000
training_algorithm=2
train_error_function=1
train_stop_function=1
cascade_output_change_fraction=0.010000
quickprop_decay=-0.000100
quickprop_mu=1.750000
rprop_increase_factor=1.200000
rprop_decrease_factor=0.500000
rprop_delta_min=0.000000
rprop_delta_max=50.000000
rprop_delta_zero=0.100000
cascade_output_stagnation_epochs=12
cascade_candidate_change_fraction=0.010000
cascade_candidate_stagnation_epochs=12
cascade_max_out_epochs=150
cascade_min_out_epochs=50
cascade_max_cand_epochs=150
cascade_min_cand_epochs=50
cascade_num_candidate_groups=2
bit_fail_limit=1.00000000000000005551e-01
cascade_candidate_limit=1.00000000000000000000e+03
cascade_weight_multiplier=4.00000000000000022204e-01
cascade_activation_functions_count=10
cascade_activation_functions=3 5 7 8 10 11 14 15 16 17 
cascade_activation_steepnesses_count=4
cascade_activation_steepnesses=2.50000000000000000000e-01 5.00000000000000000000e-01 7.50000000000000000000e-01 1.00000000000000000000e+00 
layer_sizes=17 4 2 
scale_included=0
neurons (num_inputs, activation_function, activation_steepness)=(0, 0, 0.00000000000000000000e+00) (0, 0, 0.00000000000000000000e+00) (0, 0, 0.00000000000000000000e+00) (0, 0, 0.00000000000000000000e+00) (0, 0, 0.00000000000000000000e+00) (0, 0, 0.00000000000000000000e+00) (0, 0, 0.00000000000000000000e+00) (0, 0, 0.00000000000000000000e+00) (0, 0, 0.00000000000000000000e+00) (0, 0, 0.00000000000000000000e+00) (0, 0, 0.00000000000000000000e+00) (0, 0, 0.00000000000000000000e+00) (0, 0, 0.00000000000000000000e+00) (0, 0, 0.00000000000000000000e+00) (0, 0, 0.00000000000000000000e+00) (0, 0, 0.00000000000000000000e+00) (0, 0, 0.00000000000000000000e+00) (17, 6, 5.00000000000000000000e-01) (17, 6, 5.00000000000000000000e-01) (17, 6, 5.00000000000000000000e-01) (0, 6, 0.00000000000000000000e+00) (4, 4, 5.00000000000000000000e-01) (0, 4, 0.00000000000000000000e+00) 
connections (connected_to_neuron, weight)=(0, -3.59749944469432036964e-01) (1, 2.55972118341737386871e-01) (2, 1.01897827631707471596e+00) (3, 1.46396430623882724265e-02) (4, 1.64367151467112337926e-01) (5, 1.29697046091356626984e-01) (6, -1.54449019990247331940e-02) (7, -4.21683636656567176204e-03) (8, 4.80875040798306174761e-01) (9, 2.14277694811637525740e-01) (10, 2.49052296628213931662e-01) (11, 2.26396514241271884504e-01) (12, 2.31470257425000380813e-01) (13, 8.28469092718906452433e-01) (14, -1.13225895021497029863e-02) (15, 1.35287791067328522221e-01) (16, -1.72618285831633300198e-02) (0, 4.17878610669691319401e+00) (1, -2.39228452823369508451e+00) (2, -2.20218187292706124580e+00) (3, -1.02111457581366837921e+00) (4, -9.09838095952526376697e-02) (5, 1.53319497282731975751e-01) (6, 1.05904243515356788485e+00) (7, 1.20869260464744776584e+00) (8, -1.32993521489953980819e+00) (9, 1.95432754113151946340e-01) (10, -1.01186161368462035348e+00) (11, -4.42769663761095999543e-01) (12, -1.68344963121616686408e+00) (13, -1.40181426405824516301e+00) (14, 7.79179502436938786758e-01) (15, -4.57387468733236324248e-01) (16, 1.39470618493476128386e+00) (0, 4.54287048321015518582e+00) (1, -2.57936517031525003318e+00) (2, -2.17593310495506875313e+00) (3, -9.67851421932833799744e-01) (4, -3.52433115889087961170e-02) (5, 3.84707322127510964460e-01) (6, 1.44895886924151562347e+00) (7, 1.06234763746099636350e+00) (8, -2.46866227746691091482e+00) (9, 1.26134125395491042410e-01) (10, -8.95051377558435889981e-01) (11, -4.04396044443087576692e-01) (12, -1.69842465001547182624e+00) (13, -1.23333282470620964055e+00) (14, -6.87819376447581232181e-02) (15, -8.86268467826855865788e-01) (16, 1.90493920641122427284e+00) (17, 5.87460592794017744112e-01) (18, -9.34723917371138313115e+00) (19, -6.92058415260731685237e+00) (20, -1.25287381317078527765e+00) 
