FANN_FLO_2.1
num_layers=3
learning_rate=0.700000
connection_rate=1.000000
network_type=0
learning_momentum=0.000000
training_algorithm=2
train_error_function=1
train_stop_function=1
cascade_output_change_fraction=0.010000
quickprop_decay=-0.000100
quickprop_mu=1.750000
rprop_increase_factor=1.200000
rprop_decrease_factor=0.500000
rprop_delta_min=0.000000
rprop_delta_max=50.000000
rprop_delta_zero=0.100000
cascade_output_stagnation_epochs=12
cascade_candidate_change_fraction=0.010000
cascade_candidate_stagnation_epochs=12
cascade_max_out_epochs=150
cascade_min_out_epochs=50
cascade_max_cand_epochs=150
cascade_min_cand_epochs=50
cascade_num_candidate_groups=2
bit_fail_limit=1.00000000000000005551e-01
cascade_candidate_limit=1.00000000000000000000e+03
cascade_weight_multiplier=4.00000000000000022204e-01
cascade_activation_functions_count=10
cascade_activation_functions=3 5 7 8 10 11 14 15 16 17 
cascade_activation_steepnesses_count=4
cascade_activation_steepnesses=2.50000000000000000000e-01 5.00000000000000000000e-01 7.50000000000000000000e-01 1.00000000000000000000e+00 
layer_sizes=15 4 2 
scale_included=0
neurons (num_inputs, activation_function, activation_steepness)=(0, 0, 0.00000000000000000000e+00) (0, 0, 0.00000000000000000000e+00) (0, 0, 0.00000000000000000000e+00) (0, 0, 0.00000000000000000000e+00) (0, 0, 0.00000000000000000000e+00) (0, 0, 0.00000000000000000000e+00) (0, 0, 0.00000000000000000000e+00) (0, 0, 0.00000000000000000000e+00) (0, 0, 0.00000000000000000000e+00) (0, 0, 0.00000000000000000000e+00) (0, 0, 0.00000000000000000000e+00) (0, 0, 0.00000000000000000000e+00) (0, 0, 0.00000000000000000000e+00) (0, 0, 0.00000000000000000000e+00) (0, 0, 0.00000000000000000000e+00) (15, 6, 5.00000000000000000000e-01) (15, 6, 5.00000000000000000000e-01) (15, 6, 5.00000000000000000000e-01) (0, 6, 0.00000000000000000000e+00) (4, 4, 5.00000000000000000000e-01) (0, 4, 0.00000000000000000000e+00) 
connections (connected_to_neuron, weight)=(0, -4.20765879016785238065e+00) (1, 1.38218422546329322564e+00) (2, 1.99635557830707344174e+00) (3, -7.23940373497269806791e-01) (4, -3.32000729787040205210e-01) (5, -6.91600146275345606384e-01) (6, -9.39965397759791487786e-01) (7, 1.30773674785488602801e+00) (8, 4.55689666444702268233e-01) (9, -9.82094020291682356927e-01) (10, -1.53198342250534524922e-01) (11, 7.29602339062208171683e-01) (12, -3.97396227317264516543e+00) (13, -5.02145520337314632542e-01) (14, -5.34589166513327995744e-01) (0, -5.27603089600078867250e+00) (1, 1.58130647982301630883e+00) (2, 1.68474926992898432765e+00) (3, -6.90834301082109414338e-01) (4, -4.19964035071622776574e-01) (5, -8.09130233558211786615e-01) (6, -1.32170688725651763740e+00) (7, 1.63241561418179959020e+00) (8, 7.40041128879994347667e-02) (9, -1.18863009653629325690e+00) (10, -4.75806546037540356586e-01) (11, 5.31313221957521175653e-01) (12, -2.71906598937084131862e+00) (13, -4.00852507713218120244e-01) (14, -8.62471860679183466303e-01) (0, -4.21643912058739278592e+00) (1, 1.47878832682313743341e+00) (2, 2.01901394129173095138e+00) (3, -6.37180500762723145414e-01) (4, -4.08826966929126345285e-01) (5, -6.89836146813217920837e-01) (6, -8.63919832452651137444e-01) (7, 1.37664023875587937518e+00) (8, 3.89433374280376665144e-01) (9, -8.97418283566352004144e-01) (10, -1.79086647407957544331e-01) (11, 8.43075966778511043387e-01) (12, -3.81644627051761675673e+00) (13, -4.94742957057977772450e-01) (14, -5.64489121309165398088e-01) (15, 9.03141802233417223533e+00) (16, 8.46697806979962663831e+00) (17, 9.04624415618140886863e+00) (18, -1.57469841365360507801e+00) 
