FANN_FLO_2.1
num_layers=3
learning_rate=0.700000
connection_rate=1.000000
network_type=0
learning_momentum=0.000000
training_algorithm=2
train_error_function=1
train_stop_function=1
cascade_output_change_fraction=0.010000
quickprop_decay=-0.000100
quickprop_mu=1.750000
rprop_increase_factor=1.200000
rprop_decrease_factor=0.500000
rprop_delta_min=0.000000
rprop_delta_max=50.000000
rprop_delta_zero=0.100000
cascade_output_stagnation_epochs=12
cascade_candidate_change_fraction=0.010000
cascade_candidate_stagnation_epochs=12
cascade_max_out_epochs=150
cascade_min_out_epochs=50
cascade_max_cand_epochs=150
cascade_min_cand_epochs=50
cascade_num_candidate_groups=2
bit_fail_limit=1.00000000000000005551e-01
cascade_candidate_limit=1.00000000000000000000e+03
cascade_weight_multiplier=4.00000000000000022204e-01
cascade_activation_functions_count=10
cascade_activation_functions=3 5 7 8 10 11 14 15 16 17 
cascade_activation_steepnesses_count=4
cascade_activation_steepnesses=2.50000000000000000000e-01 5.00000000000000000000e-01 7.50000000000000000000e-01 1.00000000000000000000e+00 
layer_sizes=10 4 2 
scale_included=0
neurons (num_inputs, activation_function, activation_steepness)=(0, 0, 0.00000000000000000000e+00) (0, 0, 0.00000000000000000000e+00) (0, 0, 0.00000000000000000000e+00) (0, 0, 0.00000000000000000000e+00) (0, 0, 0.00000000000000000000e+00) (0, 0, 0.00000000000000000000e+00) (0, 0, 0.00000000000000000000e+00) (0, 0, 0.00000000000000000000e+00) (0, 0, 0.00000000000000000000e+00) (0, 0, 0.00000000000000000000e+00) (10, 6, 5.00000000000000000000e-01) (10, 6, 5.00000000000000000000e-01) (10, 6, 5.00000000000000000000e-01) (0, 6, 0.00000000000000000000e+00) (4, 4, 5.00000000000000000000e-01) (0, 4, 0.00000000000000000000e+00) 
connections (connected_to_neuron, weight)=(0, 6.87833941113751379248e+00) (1, -2.05073010440609015959e+00) (2, 8.80875575630254914472e+00) (3, -2.27343966828820587267e+00) (4, 7.08498046812147008744e-01) (5, -1.81111419732154899087e+00) (6, -7.25426812771677820280e+00) (7, 3.90033229814490134402e+00) (8, -5.70986576720204030977e-01) (9, 1.05272918409000904028e+00) (0, -3.92180645337652666882e+00) (1, -5.59251817893134628434e+00) (2, 1.01762122521134745767e+01) (3, 2.32187499861964585790e+00) (4, -1.10291210360485184006e-01) (5, 7.36699902254746796793e-01) (6, 1.21685564813317426136e+00) (7, -1.13203026998991376217e+01) (8, -3.39418284594045127633e+00) (9, 2.05660605273861785136e+00) (0, -3.83635224986900658095e+00) (1, 1.63613915036652244339e+01) (2, 8.13876890088831750347e+00) (3, 6.28128267729110456585e-01) (4, -5.87528628729069440917e-02) (5, 2.00734884113289391294e+00) (6, 1.43290067542296895020e+00) (7, -7.53479401886185407022e+00) (8, 1.34917620068506423081e+01) (9, -3.88043521523574552745e+00) (10, -3.17967720776974616115e+01) (11, 3.22668125604007443030e+01) (12, 2.84549859427816507207e+01) (13, -7.02048991352400397759e-01) 
