FANN_FLO_2.1
num_layers=3
learning_rate=0.700000
connection_rate=1.000000
network_type=0
learning_momentum=0.000000
training_algorithm=2
train_error_function=1
train_stop_function=1
cascade_output_change_fraction=0.010000
quickprop_decay=-0.000100
quickprop_mu=1.750000
rprop_increase_factor=1.200000
rprop_decrease_factor=0.500000
rprop_delta_min=0.000000
rprop_delta_max=50.000000
rprop_delta_zero=0.100000
cascade_output_stagnation_epochs=12
cascade_candidate_change_fraction=0.010000
cascade_candidate_stagnation_epochs=12
cascade_max_out_epochs=150
cascade_min_out_epochs=50
cascade_max_cand_epochs=150
cascade_min_cand_epochs=50
cascade_num_candidate_groups=2
bit_fail_limit=1.00000000000000005551e-01
cascade_candidate_limit=1.00000000000000000000e+03
cascade_weight_multiplier=4.00000000000000022204e-01
cascade_activation_functions_count=10
cascade_activation_functions=3 5 7 8 10 11 14 15 16 17 
cascade_activation_steepnesses_count=4
cascade_activation_steepnesses=2.50000000000000000000e-01 5.00000000000000000000e-01 7.50000000000000000000e-01 1.00000000000000000000e+00 
layer_sizes=12 4 2 
scale_included=0
neurons (num_inputs, activation_function, activation_steepness)=(0, 0, 0.00000000000000000000e+00) (0, 0, 0.00000000000000000000e+00) (0, 0, 0.00000000000000000000e+00) (0, 0, 0.00000000000000000000e+00) (0, 0, 0.00000000000000000000e+00) (0, 0, 0.00000000000000000000e+00) (0, 0, 0.00000000000000000000e+00) (0, 0, 0.00000000000000000000e+00) (0, 0, 0.00000000000000000000e+00) (0, 0, 0.00000000000000000000e+00) (0, 0, 0.00000000000000000000e+00) (0, 0, 0.00000000000000000000e+00) (12, 6, 5.00000000000000000000e-01) (12, 6, 5.00000000000000000000e-01) (12, 6, 5.00000000000000000000e-01) (0, 6, 0.00000000000000000000e+00) (4, 4, 5.00000000000000000000e-01) (0, 4, 0.00000000000000000000e+00) 
connections (connected_to_neuron, weight)=(0, 4.63204813689671190957e+00) (1, -8.67222990977591479123e-01) (2, 3.78047422243981523504e-01) (3, 1.24973501874060421990e+00) (4, 1.65500155972252827041e+00) (5, -8.45752276894503052240e-02) (6, -7.60918463286571311599e-01) (7, 1.03087764320018293596e+00) (8, 1.90318793949058417958e+00) (9, 1.60122541189022093988e+00) (10, -1.77435026687070562801e-02) (11, -6.28935711867213975701e-02) (0, -1.46689425769520127574e+01) (1, -1.44255157581979126524e-01) (2, -3.57297684360479195220e+00) (3, -6.50462787005992360001e-01) (4, 1.09178644200965777600e+01) (5, 1.61750177628894098447e+00) (6, 3.85255495504953282548e+00) (7, -5.67012744334988272321e-01) (8, 1.08977937938857287747e+01) (9, 1.08985202763473036924e+01) (10, 1.26601708589418904261e+00) (11, 6.43271991470103499111e-01) (0, -9.99589372296345324287e+00) (1, 1.03167058440631254079e+00) (2, 2.29505237680767404385e+00) (3, -8.51565428918664935054e-01) (4, -2.04299677746698105096e+00) (5, 5.69487558174033986491e-02) (6, 4.75515160289799565518e-01) (7, -1.25046203689681756366e+00) (8, -1.93133216889934211657e+00) (9, -2.07490222613933017470e+00) (10, 6.30421487550235193353e-01) (11, 1.01824224632119553213e+00) (12, -1.49201589027977803426e+01) (13, 2.29520719403591222374e+01) (14, 2.38225379829721362057e+01) (15, 4.54407717688574876863e-03) 
