FANN_FLO_2.1
num_layers=3
learning_rate=0.700000
connection_rate=1.000000
network_type=0
learning_momentum=0.000000
training_algorithm=2
train_error_function=1
train_stop_function=1
cascade_output_change_fraction=0.010000
quickprop_decay=-0.000100
quickprop_mu=1.750000
rprop_increase_factor=1.200000
rprop_decrease_factor=0.500000
rprop_delta_min=0.000000
rprop_delta_max=50.000000
rprop_delta_zero=0.100000
cascade_output_stagnation_epochs=12
cascade_candidate_change_fraction=0.010000
cascade_candidate_stagnation_epochs=12
cascade_max_out_epochs=150
cascade_min_out_epochs=50
cascade_max_cand_epochs=150
cascade_min_cand_epochs=50
cascade_num_candidate_groups=2
bit_fail_limit=1.00000000000000005551e-01
cascade_candidate_limit=1.00000000000000000000e+03
cascade_weight_multiplier=4.00000000000000022204e-01
cascade_activation_functions_count=10
cascade_activation_functions=3 5 7 8 10 11 14 15 16 17 
cascade_activation_steepnesses_count=4
cascade_activation_steepnesses=2.50000000000000000000e-01 5.00000000000000000000e-01 7.50000000000000000000e-01 1.00000000000000000000e+00 
layer_sizes=17 4 2 
scale_included=0
neurons (num_inputs, activation_function, activation_steepness)=(0, 0, 0.00000000000000000000e+00) (0, 0, 0.00000000000000000000e+00) (0, 0, 0.00000000000000000000e+00) (0, 0, 0.00000000000000000000e+00) (0, 0, 0.00000000000000000000e+00) (0, 0, 0.00000000000000000000e+00) (0, 0, 0.00000000000000000000e+00) (0, 0, 0.00000000000000000000e+00) (0, 0, 0.00000000000000000000e+00) (0, 0, 0.00000000000000000000e+00) (0, 0, 0.00000000000000000000e+00) (0, 0, 0.00000000000000000000e+00) (0, 0, 0.00000000000000000000e+00) (0, 0, 0.00000000000000000000e+00) (0, 0, 0.00000000000000000000e+00) (0, 0, 0.00000000000000000000e+00) (0, 0, 0.00000000000000000000e+00) (17, 6, 5.00000000000000000000e-01) (17, 6, 5.00000000000000000000e-01) (17, 6, 5.00000000000000000000e-01) (0, 6, 0.00000000000000000000e+00) (4, 4, 5.00000000000000000000e-01) (0, 4, 0.00000000000000000000e+00) 
connections (connected_to_neuron, weight)=(0, 1.28084208976534252855e+00) (1, -3.84182922516826863557e+00) (2, 2.50242630753032102575e-01) (3, 1.91504977449917346277e-01) (4, 1.27165006261375790331e+00) (5, 2.25639912713034007652e+00) (6, -3.82955285136465306550e+00) (7, 3.08382799859302947354e-01) (8, 5.38524496860762091899e-01) (9, 6.20755526728888007426e-01) (10, 7.71182638318436419755e-02) (11, 8.03972959664130404356e-01) (12, 1.35876827102211361620e+00) (13, 3.84588217710022206575e+00) (14, 7.95038029697203829649e-01) (15, 8.13378531631493761900e-01) (16, 9.17376823869013868773e-01) (0, -7.94557682393526643061e-01) (1, 3.78462578330997700959e+00) (2, 3.61439838781701938686e-02) (3, -6.86718793824505069345e-02) (4, -7.91172645209765046381e-01) (5, -2.03315357357140991112e+00) (6, 3.93422465746168370515e+00) (7, 3.85013028755533115444e-02) (8, -1.82313825486626751582e-01) (9, -2.73488133697238122721e-01) (10, 1.47627823105227262701e-01) (11, -4.40385890086620601647e-01) (12, -8.09430531381105988764e-01) (13, -3.81209129814867253572e+00) (14, -5.28371897419422476005e-01) (15, -5.40696215709179250908e-01) (16, -6.14697192688911764336e-01) (0, -1.38425880868550299496e+00) (1, 1.51783184338923460288e+00) (2, 2.71955719971415432745e-01) (3, 1.83308700704538585224e-01) (4, -1.30175200302716276290e+00) (5, -1.26825005759116171689e+00) (6, 1.47351412106867796226e+00) (7, 1.70262150184338767467e-01) (8, 1.52489960519497480540e-01) (9, 1.00022629229252396632e-01) (10, 3.76288096242901715094e-01) (11, 2.58039456478986461985e-02) (12, -1.25305392791148184628e+00) (13, -1.31338542152758597226e+00) (14, 1.48823097674076615382e-01) (15, -4.02125461430148045672e-01) (16, -6.00570407706019215865e-03) (17, -3.90021606881980176240e+00) (18, 3.92861738030676121980e+00) (19, 5.70335663754537369741e-01) (20, -5.84176150043934194755e-01) 
