FANN_FLO_2.1
num_layers=3
learning_rate=0.700000
connection_rate=1.000000
network_type=0
learning_momentum=0.000000
training_algorithm=2
train_error_function=1
train_stop_function=1
cascade_output_change_fraction=0.010000
quickprop_decay=-0.000100
quickprop_mu=1.750000
rprop_increase_factor=1.200000
rprop_decrease_factor=0.500000
rprop_delta_min=0.000000
rprop_delta_max=50.000000
rprop_delta_zero=0.100000
cascade_output_stagnation_epochs=12
cascade_candidate_change_fraction=0.010000
cascade_candidate_stagnation_epochs=12
cascade_max_out_epochs=150
cascade_min_out_epochs=50
cascade_max_cand_epochs=150
cascade_min_cand_epochs=50
cascade_num_candidate_groups=2
bit_fail_limit=1.00000000000000005551e-01
cascade_candidate_limit=1.00000000000000000000e+03
cascade_weight_multiplier=4.00000000000000022204e-01
cascade_activation_functions_count=10
cascade_activation_functions=3 5 7 8 10 11 14 15 16 17 
cascade_activation_steepnesses_count=4
cascade_activation_steepnesses=2.50000000000000000000e-01 5.00000000000000000000e-01 7.50000000000000000000e-01 1.00000000000000000000e+00 
layer_sizes=10 4 2 
scale_included=0
neurons (num_inputs, activation_function, activation_steepness)=(0, 0, 0.00000000000000000000e+00) (0, 0, 0.00000000000000000000e+00) (0, 0, 0.00000000000000000000e+00) (0, 0, 0.00000000000000000000e+00) (0, 0, 0.00000000000000000000e+00) (0, 0, 0.00000000000000000000e+00) (0, 0, 0.00000000000000000000e+00) (0, 0, 0.00000000000000000000e+00) (0, 0, 0.00000000000000000000e+00) (0, 0, 0.00000000000000000000e+00) (10, 6, 5.00000000000000000000e-01) (10, 6, 5.00000000000000000000e-01) (10, 6, 5.00000000000000000000e-01) (0, 6, 0.00000000000000000000e+00) (4, 4, 5.00000000000000000000e-01) (0, 4, 0.00000000000000000000e+00) 
connections (connected_to_neuron, weight)=(0, 5.78501424046154077985e+00) (1, 1.42603765731693177266e+00) (2, -2.92848586735218319177e+00) (3, 1.84592563506789902883e-01) (4, 1.65005674946727487473e+00) (5, -2.72986593676631272842e+00) (6, -2.32197437572754550317e+00) (7, 6.76497003224583615122e+00) (8, 7.56395990046443156274e+00) (9, -3.91669955940461417265e-02) (0, -4.76909616387801449378e+00) (1, 1.50000000000000000000e+03) (2, 1.63400582741978695367e+02) (3, 3.88706137098014659070e-01) (4, -2.22840785530920637569e+00) (5, 5.61906814471144500089e+01) (6, 6.77859427133750358507e+01) (7, -6.39604059910692868129e+00) (8, 3.25346112778484382488e+02) (9, -3.22375092759116341767e+02) (0, -1.33491642698240586817e+00) (1, -1.45674648271844220382e+00) (2, -9.27929361013557674198e+00) (3, 3.04554110757745668536e+01) (4, 1.44022301276281927684e+00) (5, 2.27312727469046160778e+00) (6, 4.39950404738240496982e+00) (7, -1.11730285155791086993e+01) (8, 1.50000000000000000000e+03) (9, -2.29134204034364064029e+00) (10, -1.71598612338617222406e+01) (11, 9.63328884523200201784e+00) (12, 9.27581410527406013955e+00) (13, -1.65876519964027879794e+00) 
