FANN_FLO_2.1
num_layers=3
learning_rate=0.700000
connection_rate=1.000000
network_type=0
learning_momentum=0.000000
training_algorithm=2
train_error_function=1
train_stop_function=1
cascade_output_change_fraction=0.010000
quickprop_decay=-0.000100
quickprop_mu=1.750000
rprop_increase_factor=1.200000
rprop_decrease_factor=0.500000
rprop_delta_min=0.000000
rprop_delta_max=50.000000
rprop_delta_zero=0.100000
cascade_output_stagnation_epochs=12
cascade_candidate_change_fraction=0.010000
cascade_candidate_stagnation_epochs=12
cascade_max_out_epochs=150
cascade_min_out_epochs=50
cascade_max_cand_epochs=150
cascade_min_cand_epochs=50
cascade_num_candidate_groups=2
bit_fail_limit=1.00000000000000005551e-01
cascade_candidate_limit=1.00000000000000000000e+03
cascade_weight_multiplier=4.00000000000000022204e-01
cascade_activation_functions_count=10
cascade_activation_functions=3 5 7 8 10 11 14 15 16 17 
cascade_activation_steepnesses_count=4
cascade_activation_steepnesses=2.50000000000000000000e-01 5.00000000000000000000e-01 7.50000000000000000000e-01 1.00000000000000000000e+00 
layer_sizes=11 4 2 
scale_included=0
neurons (num_inputs, activation_function, activation_steepness)=(0, 0, 0.00000000000000000000e+00) (0, 0, 0.00000000000000000000e+00) (0, 0, 0.00000000000000000000e+00) (0, 0, 0.00000000000000000000e+00) (0, 0, 0.00000000000000000000e+00) (0, 0, 0.00000000000000000000e+00) (0, 0, 0.00000000000000000000e+00) (0, 0, 0.00000000000000000000e+00) (0, 0, 0.00000000000000000000e+00) (0, 0, 0.00000000000000000000e+00) (0, 0, 0.00000000000000000000e+00) (11, 6, 5.00000000000000000000e-01) (11, 6, 5.00000000000000000000e-01) (11, 6, 5.00000000000000000000e-01) (0, 6, 0.00000000000000000000e+00) (4, 4, 5.00000000000000000000e-01) (0, 4, 0.00000000000000000000e+00) 
connections (connected_to_neuron, weight)=(0, -2.58736943626150850406e-01) (1, 2.05050571184507379741e+00) (2, -2.55407390397012878935e-01) (3, -8.36686979351067172672e-01) (4, 4.04885051254345526561e-02) (5, -3.00366814138115889588e-01) (6, -1.25566775612938785756e+00) (7, 1.35329588291948832435e+00) (8, -2.38588346201277640146e-01) (9, -1.04309822597993036991e-02) (10, -2.14287737184510024280e-01) (0, 2.57766798498136129325e+00) (1, 3.87883904585955363586e+00) (2, 3.38375893981557485102e-01) (3, 3.87530585799845628259e+00) (4, -8.35122577843352004168e-02) (5, 1.23316209613082294894e+00) (6, 9.06241408807429138506e+00) (7, -6.96031882317236227919e+00) (8, 1.92452607819632248720e+00) (9, 1.65852902326383100373e+00) (10, 2.34645238181251958309e+00) (0, -1.54528774125115320182e+00) (1, 9.48239781757265087769e-01) (2, 6.06629615114885911709e+00) (3, 1.45067162503324897926e+00) (4, -3.15866156706167355850e-01) (5, -1.26189976187027319554e-01) (6, 4.08808244716163254884e-02) (7, 3.76777470973690409295e+00) (8, -3.61875785393551652191e+00) (9, -3.36361762835948674422e+00) (10, -1.55366952971812732898e+00) (11, 6.41910324491723915941e+00) (12, -3.70363501321109200859e+00) (13, 6.55360613754544285570e+00) (14, -2.14962540693313908235e+00) 
