FANN_FLO_2.1
num_layers=3
learning_rate=0.700000
connection_rate=1.000000
network_type=0
learning_momentum=0.000000
training_algorithm=2
train_error_function=1
train_stop_function=1
cascade_output_change_fraction=0.010000
quickprop_decay=-0.000100
quickprop_mu=1.750000
rprop_increase_factor=1.200000
rprop_decrease_factor=0.500000
rprop_delta_min=0.000000
rprop_delta_max=50.000000
rprop_delta_zero=0.100000
cascade_output_stagnation_epochs=12
cascade_candidate_change_fraction=0.010000
cascade_candidate_stagnation_epochs=12
cascade_max_out_epochs=150
cascade_min_out_epochs=50
cascade_max_cand_epochs=150
cascade_min_cand_epochs=50
cascade_num_candidate_groups=2
bit_fail_limit=1.00000000000000005551e-01
cascade_candidate_limit=1.00000000000000000000e+03
cascade_weight_multiplier=4.00000000000000022204e-01
cascade_activation_functions_count=10
cascade_activation_functions=3 5 7 8 10 11 14 15 16 17 
cascade_activation_steepnesses_count=4
cascade_activation_steepnesses=2.50000000000000000000e-01 5.00000000000000000000e-01 7.50000000000000000000e-01 1.00000000000000000000e+00 
layer_sizes=7 4 2 
scale_included=0
neurons (num_inputs, activation_function, activation_steepness)=(0, 0, 0.00000000000000000000e+00) (0, 0, 0.00000000000000000000e+00) (0, 0, 0.00000000000000000000e+00) (0, 0, 0.00000000000000000000e+00) (0, 0, 0.00000000000000000000e+00) (0, 0, 0.00000000000000000000e+00) (0, 0, 0.00000000000000000000e+00) (7, 6, 5.00000000000000000000e-01) (7, 6, 5.00000000000000000000e-01) (7, 6, 5.00000000000000000000e-01) (0, 6, 0.00000000000000000000e+00) (4, 4, 5.00000000000000000000e-01) (0, 4, 0.00000000000000000000e+00) 
connections (connected_to_neuron, weight)=(0, 2.17950775530847273842e+00) (1, -4.99551483216306024815e+00) (2, 3.73031762450427017974e-02) (3, 1.19015615737953472930e+00) (4, 1.18549426949539471465e+00) (5, 1.06397808647671010540e+00) (6, 1.89048576459595385479e+00) (0, 2.25258771386655531899e+00) (1, -5.14831604408642107273e+00) (2, 4.33067706485166459274e-01) (3, 1.00872444665947225140e+00) (4, 1.10117835855999279815e+00) (5, 1.12934286451854992706e+00) (6, 1.92982240870901766705e+00) (0, 9.08485536062874632357e-02) (1, 8.07802858565039860750e-01) (2, 1.43142532253952814436e+00) (3, 1.39864645191527525725e-01) (4, 8.77044101371695361546e-02) (5, 1.44419883669846232932e-01) (6, -5.30805181181273622038e-02) (7, -4.32130494711083468218e+00) (8, -4.27558860552591379900e+00) (9, 4.50704302353799990399e-01) (10, -1.07245447061123644339e+00) 
