FANN_FLO_2.1
num_layers=3
learning_rate=0.700000
connection_rate=1.000000
network_type=0
learning_momentum=0.000000
training_algorithm=2
train_error_function=1
train_stop_function=1
cascade_output_change_fraction=0.010000
quickprop_decay=-0.000100
quickprop_mu=1.750000
rprop_increase_factor=1.200000
rprop_decrease_factor=0.500000
rprop_delta_min=0.000000
rprop_delta_max=50.000000
rprop_delta_zero=0.100000
cascade_output_stagnation_epochs=12
cascade_candidate_change_fraction=0.010000
cascade_candidate_stagnation_epochs=12
cascade_max_out_epochs=150
cascade_min_out_epochs=50
cascade_max_cand_epochs=150
cascade_min_cand_epochs=50
cascade_num_candidate_groups=2
bit_fail_limit=1.00000000000000005551e-01
cascade_candidate_limit=1.00000000000000000000e+03
cascade_weight_multiplier=4.00000000000000022204e-01
cascade_activation_functions_count=10
cascade_activation_functions=3 5 7 8 10 11 14 15 16 17 
cascade_activation_steepnesses_count=4
cascade_activation_steepnesses=2.50000000000000000000e-01 5.00000000000000000000e-01 7.50000000000000000000e-01 1.00000000000000000000e+00 
layer_sizes=13 4 2 
scale_included=0
neurons (num_inputs, activation_function, activation_steepness)=(0, 0, 0.00000000000000000000e+00) (0, 0, 0.00000000000000000000e+00) (0, 0, 0.00000000000000000000e+00) (0, 0, 0.00000000000000000000e+00) (0, 0, 0.00000000000000000000e+00) (0, 0, 0.00000000000000000000e+00) (0, 0, 0.00000000000000000000e+00) (0, 0, 0.00000000000000000000e+00) (0, 0, 0.00000000000000000000e+00) (0, 0, 0.00000000000000000000e+00) (0, 0, 0.00000000000000000000e+00) (0, 0, 0.00000000000000000000e+00) (0, 0, 0.00000000000000000000e+00) (13, 6, 5.00000000000000000000e-01) (13, 6, 5.00000000000000000000e-01) (13, 6, 5.00000000000000000000e-01) (0, 6, 0.00000000000000000000e+00) (4, 4, 5.00000000000000000000e-01) (0, 4, 0.00000000000000000000e+00) 
connections (connected_to_neuron, weight)=(0, -4.96907199370238861214e-01) (1, 6.69327825981655633036e-01) (2, 2.85715564078377726176e-01) (3, 3.63723221371152816150e-01) (4, 9.06491181307738203010e-01) (5, -2.34261929545621250259e-01) (6, -2.81955257833267747269e-01) (7, 6.30529591884353979303e-01) (8, 3.84859647234269242055e-01) (9, 2.02166159326324257339e-01) (10, 6.09154404533478244232e-01) (11, 7.25429813805117840175e-01) (12, -6.94235807542179728102e-01) (0, -5.54159717434068710418e+00) (1, 1.41384582177723605589e+00) (2, 6.21807296792006414243e-01) (3, 1.36854366390995418890e+00) (4, 2.84883732713143711379e+00) (5, 4.15459393851940250730e-01) (6, -2.52711656683283125702e+00) (7, 1.49490949176507137430e+00) (8, 1.07279061297559197286e+00) (9, 7.17725540758598512525e-01) (10, 1.51447746195154331339e+00) (11, 2.54984288349097143467e+00) (12, -1.35973312566504200838e+00) (0, -5.04922995912406524788e-01) (1, 5.02975732761898663981e-01) (2, 2.97705202287720682719e-01) (3, 3.42658694038370070789e-01) (4, 9.06954123037883253033e-01) (5, -2.47890449617127639481e-01) (6, -2.87983969629074632035e-01) (7, 6.14328416135052068903e-01) (8, 4.80852324148007603810e-01) (9, -6.68960352730942620081e-02) (10, 5.92941322756382449555e-01) (11, 8.39564505460753673916e-01) (12, -3.86023279700455412833e-01) (13, 1.66723678106833652635e+01) (14, 2.11516445472308163289e+01) (15, 2.00124938658915541012e+00) (16, -1.23211975652332017539e+00) 
