FANN_FLO_2.1
num_layers=3
learning_rate=0.700000
connection_rate=1.000000
network_type=0
learning_momentum=0.000000
training_algorithm=2
train_error_function=1
train_stop_function=1
cascade_output_change_fraction=0.010000
quickprop_decay=-0.000100
quickprop_mu=1.750000
rprop_increase_factor=1.200000
rprop_decrease_factor=0.500000
rprop_delta_min=0.000000
rprop_delta_max=50.000000
rprop_delta_zero=0.100000
cascade_output_stagnation_epochs=12
cascade_candidate_change_fraction=0.010000
cascade_candidate_stagnation_epochs=12
cascade_max_out_epochs=150
cascade_min_out_epochs=50
cascade_max_cand_epochs=150
cascade_min_cand_epochs=50
cascade_num_candidate_groups=2
bit_fail_limit=1.00000000000000005551e-01
cascade_candidate_limit=1.00000000000000000000e+03
cascade_weight_multiplier=4.00000000000000022204e-01
cascade_activation_functions_count=10
cascade_activation_functions=3 5 7 8 10 11 14 15 16 17 
cascade_activation_steepnesses_count=4
cascade_activation_steepnesses=2.50000000000000000000e-01 5.00000000000000000000e-01 7.50000000000000000000e-01 1.00000000000000000000e+00 
layer_sizes=6 4 2 
scale_included=0
neurons (num_inputs, activation_function, activation_steepness)=(0, 0, 0.00000000000000000000e+00) (0, 0, 0.00000000000000000000e+00) (0, 0, 0.00000000000000000000e+00) (0, 0, 0.00000000000000000000e+00) (0, 0, 0.00000000000000000000e+00) (0, 0, 0.00000000000000000000e+00) (6, 6, 5.00000000000000000000e-01) (6, 6, 5.00000000000000000000e-01) (6, 6, 5.00000000000000000000e-01) (0, 6, 0.00000000000000000000e+00) (4, 4, 5.00000000000000000000e-01) (0, 4, 0.00000000000000000000e+00) 
connections (connected_to_neuron, weight)=(0, 4.50377551249542751322e+00) (1, -2.43005949372081708759e+00) (2, 1.81790186797909397720e-01) (3, -2.54888201227533028881e-01) (4, -1.13795922699914897613e-01) (5, 9.13075656630989440643e-01) (0, -5.16834026356325804130e+00) (1, 1.49114952801372213642e+00) (2, 5.12634227882388326947e-01) (3, 7.43878452407026657944e-01) (4, 1.09325025762021565967e+00) (5, -4.18272215170728711708e-01) (0, -3.47820734554769117608e+00) (1, 9.43668840435840206027e-01) (2, 5.20073425714010939558e-01) (3, 2.06808909679627106470e+00) (4, 2.43994720254519015246e-01) (5, -6.10548232620912179058e-01) (6, -3.21604985369971219100e+00) (7, 3.01648263919368764263e+00) (8, 1.61481482039908428305e+01) (9, -3.26819328250560214855e+00) 
