FANN_FLO_2.1
num_layers=3
learning_rate=0.700000
connection_rate=1.000000
network_type=0
learning_momentum=0.000000
training_algorithm=2
train_error_function=1
train_stop_function=1
cascade_output_change_fraction=0.010000
quickprop_decay=-0.000100
quickprop_mu=1.750000
rprop_increase_factor=1.200000
rprop_decrease_factor=0.500000
rprop_delta_min=0.000000
rprop_delta_max=50.000000
rprop_delta_zero=0.100000
cascade_output_stagnation_epochs=12
cascade_candidate_change_fraction=0.010000
cascade_candidate_stagnation_epochs=12
cascade_max_out_epochs=150
cascade_min_out_epochs=50
cascade_max_cand_epochs=150
cascade_min_cand_epochs=50
cascade_num_candidate_groups=2
bit_fail_limit=1.00000000000000005551e-01
cascade_candidate_limit=1.00000000000000000000e+03
cascade_weight_multiplier=4.00000000000000022204e-01
cascade_activation_functions_count=10
cascade_activation_functions=3 5 7 8 10 11 14 15 16 17 
cascade_activation_steepnesses_count=4
cascade_activation_steepnesses=2.50000000000000000000e-01 5.00000000000000000000e-01 7.50000000000000000000e-01 1.00000000000000000000e+00 
layer_sizes=6 4 2 
scale_included=0
neurons (num_inputs, activation_function, activation_steepness)=(0, 0, 0.00000000000000000000e+00) (0, 0, 0.00000000000000000000e+00) (0, 0, 0.00000000000000000000e+00) (0, 0, 0.00000000000000000000e+00) (0, 0, 0.00000000000000000000e+00) (0, 0, 0.00000000000000000000e+00) (6, 6, 5.00000000000000000000e-01) (6, 6, 5.00000000000000000000e-01) (6, 6, 5.00000000000000000000e-01) (0, 6, 0.00000000000000000000e+00) (4, 4, 5.00000000000000000000e-01) (0, 4, 0.00000000000000000000e+00) 
connections (connected_to_neuron, weight)=(0, -8.34369889391308072746e-01) (1, 1.37880808676558874737e+00) (2, 2.41963339427216483912e-01) (3, 1.42306440121668087428e+00) (4, 6.62308793860559852362e-01) (5, -8.08106864733343366325e-01) (0, -8.53668161886253074044e+00) (1, 3.33929686588379848189e+00) (2, 4.00668416004836047684e-01) (3, 2.99928884788832927910e+00) (4, 2.93091209280023701211e+00) (5, -2.46881100245033469065e+00) (0, -5.87665820154047313650e+00) (1, 1.90699365287904010202e+00) (2, 1.18092850997519560607e+00) (3, 2.56034164287045751252e+00) (4, 2.43331085140946568046e+00) (5, -1.87002601144028757219e+00) (6, 8.21024104404471488650e-01) (7, 4.79504223202027812789e+00) (8, 4.79141218994416728805e+00) (9, -9.45497215153628722817e-01) 
