FANN_FLO_2.1
num_layers=3
learning_rate=0.700000
connection_rate=1.000000
network_type=0
learning_momentum=0.000000
training_algorithm=2
train_error_function=1
train_stop_function=1
cascade_output_change_fraction=0.010000
quickprop_decay=-0.000100
quickprop_mu=1.750000
rprop_increase_factor=1.200000
rprop_decrease_factor=0.500000
rprop_delta_min=0.000000
rprop_delta_max=50.000000
rprop_delta_zero=0.100000
cascade_output_stagnation_epochs=12
cascade_candidate_change_fraction=0.010000
cascade_candidate_stagnation_epochs=12
cascade_max_out_epochs=150
cascade_min_out_epochs=50
cascade_max_cand_epochs=150
cascade_min_cand_epochs=50
cascade_num_candidate_groups=2
bit_fail_limit=1.00000000000000005551e-01
cascade_candidate_limit=1.00000000000000000000e+03
cascade_weight_multiplier=4.00000000000000022204e-01
cascade_activation_functions_count=10
cascade_activation_functions=3 5 7 8 10 11 14 15 16 17 
cascade_activation_steepnesses_count=4
cascade_activation_steepnesses=2.50000000000000000000e-01 5.00000000000000000000e-01 7.50000000000000000000e-01 1.00000000000000000000e+00 
layer_sizes=18 4 2 
scale_included=0
neurons (num_inputs, activation_function, activation_steepness)=(0, 0, 0.00000000000000000000e+00) (0, 0, 0.00000000000000000000e+00) (0, 0, 0.00000000000000000000e+00) (0, 0, 0.00000000000000000000e+00) (0, 0, 0.00000000000000000000e+00) (0, 0, 0.00000000000000000000e+00) (0, 0, 0.00000000000000000000e+00) (0, 0, 0.00000000000000000000e+00) (0, 0, 0.00000000000000000000e+00) (0, 0, 0.00000000000000000000e+00) (0, 0, 0.00000000000000000000e+00) (0, 0, 0.00000000000000000000e+00) (0, 0, 0.00000000000000000000e+00) (0, 0, 0.00000000000000000000e+00) (0, 0, 0.00000000000000000000e+00) (0, 0, 0.00000000000000000000e+00) (0, 0, 0.00000000000000000000e+00) (0, 0, 0.00000000000000000000e+00) (18, 6, 5.00000000000000000000e-01) (18, 6, 5.00000000000000000000e-01) (18, 6, 5.00000000000000000000e-01) (0, 6, 0.00000000000000000000e+00) (4, 4, 5.00000000000000000000e-01) (0, 4, 0.00000000000000000000e+00) 
connections (connected_to_neuron, weight)=(0, -5.72621770193304691077e+00) (1, 5.83454784741129550696e+00) (2, 1.36744526498911067591e+00) (3, -1.00334977637410993623e+00) (4, -1.68352618150853072798e+00) (5, -1.78568607651137245540e+00) (6, -1.72038131289624129927e+00) (7, 5.83814514418568286658e+00) (8, 2.74768607820407462228e-01) (9, -6.25317907802330319456e-01) (10, -7.09462522439228360227e-01) (11, 5.91241261353220615149e+00) (12, -3.30844858653665974124e-01) (13, -9.19249135063894939890e-01) (14, -3.44946437940412042877e+00) (15, -3.38234367832952020905e+00) (16, -5.06279781655535665585e-01) (17, -9.91199257777937603464e-01) (0, -8.36289218779812104643e-01) (1, 9.43771693583737025790e-01) (2, 5.33405880313235547519e-01) (3, -3.26188216077211712296e-01) (4, -1.63517811267550466914e-01) (5, -1.88576695441182135005e-01) (6, -1.70751259594138143916e-01) (7, 1.01292205202222884708e+00) (8, 1.88370433987727264880e-01) (9, -1.62027119175870981671e-01) (10, -1.65139005329094312735e-01) (11, 1.03963696556926787906e+00) (12, -9.27570497466335824877e-02) (13, -6.54201820870646710837e-01) (14, -5.12251783959988937767e-01) (15, -3.96931324951772079856e-01) (16, -2.67392521725163034851e-01) (17, -7.63562207890759042650e-02) (0, -2.07465750102263646326e+00) (1, 2.30742544237834179555e+00) (2, 6.24937105364454126288e-01) (3, -6.67775869902382468446e-01) (4, -1.02442728761402590543e+00) (5, -3.99218049500950467046e-01) (6, -3.46470621083744712010e-01) (7, 2.34933844510775768910e+00) (8, -1.90032620160391491071e-02) (9, 1.05405871030439413083e-01) (10, -4.49926566781271075612e-01) (11, 2.28036912087660992299e+00) (12, 5.36167612851671249175e-02) (13, -6.63349122341881369813e-01) (14, -1.08519306196234532891e+00) (15, -1.16138999326489300579e+00) (16, -3.69564292761192236814e-02) (17, -2.24190472618033320718e-01) (18, 5.82012860467161807776e+00) (19, 1.15023297999264140223e+00) (20, 1.01471190499902785831e+00) (21, -5.75883620126369288883e-01) 
