FANN_FLO_2.1
num_layers=3
learning_rate=0.700000
connection_rate=1.000000
network_type=0
learning_momentum=0.000000
training_algorithm=2
train_error_function=1
train_stop_function=1
cascade_output_change_fraction=0.010000
quickprop_decay=-0.000100
quickprop_mu=1.750000
rprop_increase_factor=1.200000
rprop_decrease_factor=0.500000
rprop_delta_min=0.000000
rprop_delta_max=50.000000
rprop_delta_zero=0.100000
cascade_output_stagnation_epochs=12
cascade_candidate_change_fraction=0.010000
cascade_candidate_stagnation_epochs=12
cascade_max_out_epochs=150
cascade_min_out_epochs=50
cascade_max_cand_epochs=150
cascade_min_cand_epochs=50
cascade_num_candidate_groups=2
bit_fail_limit=1.00000000000000005551e-01
cascade_candidate_limit=1.00000000000000000000e+03
cascade_weight_multiplier=4.00000000000000022204e-01
cascade_activation_functions_count=10
cascade_activation_functions=3 5 7 8 10 11 14 15 16 17 
cascade_activation_steepnesses_count=4
cascade_activation_steepnesses=2.50000000000000000000e-01 5.00000000000000000000e-01 7.50000000000000000000e-01 1.00000000000000000000e+00 
layer_sizes=10 4 2 
scale_included=0
neurons (num_inputs, activation_function, activation_steepness)=(0, 0, 0.00000000000000000000e+00) (0, 0, 0.00000000000000000000e+00) (0, 0, 0.00000000000000000000e+00) (0, 0, 0.00000000000000000000e+00) (0, 0, 0.00000000000000000000e+00) (0, 0, 0.00000000000000000000e+00) (0, 0, 0.00000000000000000000e+00) (0, 0, 0.00000000000000000000e+00) (0, 0, 0.00000000000000000000e+00) (0, 0, 0.00000000000000000000e+00) (10, 6, 5.00000000000000000000e-01) (10, 6, 5.00000000000000000000e-01) (10, 6, 5.00000000000000000000e-01) (0, 6, 0.00000000000000000000e+00) (4, 4, 5.00000000000000000000e-01) (0, 4, 0.00000000000000000000e+00) 
connections (connected_to_neuron, weight)=(0, -2.84879153651686278792e+00) (1, 1.02183612539396733609e+02) (2, 3.07548984618864151841e-01) (3, -6.29528036575565941302e-02) (4, 9.15550113023160028192e-01) (5, -2.78183632881058628961e-01) (6, 9.79201565038722354650e-01) (7, 3.44052106065086071851e-01) (8, 2.32323159010962321247e+00) (9, -5.27584249077522771110e-01) (0, -1.30751773091654177605e+00) (1, 2.45603030781908586277e+02) (2, 1.47948325351038145747e+00) (3, 4.38145269976667819933e-02) (4, 6.93791307656478783983e-01) (5, 7.36898880517267429457e-02) (6, 1.23083443922664192982e+00) (7, 8.68574769303405991305e-02) (8, 1.43859124877650224050e+00) (9, -1.27854411053161021172e+00) (0, 1.54150342484793667630e+00) (1, -2.36977306839719901177e+01) (2, -8.92693868948888802350e-01) (3, 2.13031163492810315940e-01) (4, -4.40283310972041985742e-01) (5, 2.07408776560437102532e-01) (6, -1.39626055206581134449e+00) (7, 3.00714453106768309087e-01) (8, -9.33317909130974454612e-01) (9, 1.48453256031355862454e+00) (10, 3.17409323925392283794e-01) (11, 1.36351400234750155249e+01) (12, -7.02144821417866626945e+00) (13, -9.75501564119620745430e-01) 
