FANN_FLO_2.1
num_layers=3
learning_rate=0.700000
connection_rate=1.000000
network_type=0
learning_momentum=0.000000
training_algorithm=2
train_error_function=1
train_stop_function=1
cascade_output_change_fraction=0.010000
quickprop_decay=-0.000100
quickprop_mu=1.750000
rprop_increase_factor=1.200000
rprop_decrease_factor=0.500000
rprop_delta_min=0.000000
rprop_delta_max=50.000000
rprop_delta_zero=0.100000
cascade_output_stagnation_epochs=12
cascade_candidate_change_fraction=0.010000
cascade_candidate_stagnation_epochs=12
cascade_max_out_epochs=150
cascade_min_out_epochs=50
cascade_max_cand_epochs=150
cascade_min_cand_epochs=50
cascade_num_candidate_groups=2
bit_fail_limit=1.00000000000000005551e-01
cascade_candidate_limit=1.00000000000000000000e+03
cascade_weight_multiplier=4.00000000000000022204e-01
cascade_activation_functions_count=10
cascade_activation_functions=3 5 7 8 10 11 14 15 16 17 
cascade_activation_steepnesses_count=4
cascade_activation_steepnesses=2.50000000000000000000e-01 5.00000000000000000000e-01 7.50000000000000000000e-01 1.00000000000000000000e+00 
layer_sizes=8 4 2 
scale_included=0
neurons (num_inputs, activation_function, activation_steepness)=(0, 0, 0.00000000000000000000e+00) (0, 0, 0.00000000000000000000e+00) (0, 0, 0.00000000000000000000e+00) (0, 0, 0.00000000000000000000e+00) (0, 0, 0.00000000000000000000e+00) (0, 0, 0.00000000000000000000e+00) (0, 0, 0.00000000000000000000e+00) (0, 0, 0.00000000000000000000e+00) (8, 6, 5.00000000000000000000e-01) (8, 6, 5.00000000000000000000e-01) (8, 6, 5.00000000000000000000e-01) (0, 6, 0.00000000000000000000e+00) (4, 4, 5.00000000000000000000e-01) (0, 4, 0.00000000000000000000e+00) 
connections (connected_to_neuron, weight)=(0, -5.00444507025439855319e-01) (1, 2.76236785392029116082e+00) (2, 3.75193594382408623922e-01) (3, 7.74281754666578808655e-02) (4, -9.26878935277636317736e-03) (5, -3.82097972356040593844e-01) (6, -3.16614326442415605634e-01) (7, -5.10385742210109349948e-01) (0, -1.73588969238883850110e+00) (1, 7.14278940610294732494e+00) (2, 2.85744499180827338236e-01) (3, -9.28566694433383132967e-02) (4, -9.07996456218323810816e-01) (5, -1.20224179614997894738e+00) (6, -8.81739410651288135767e-01) (7, -1.21604924936510117028e+00) (0, -6.84032833534500145367e-03) (1, 1.21186234475007692524e+00) (2, 1.68765685049441088728e-01) (3, 3.66749747691753280598e-01) (4, 3.31138380242841576240e-02) (5, -1.66745754539549539963e-01) (6, 2.48621723331453950423e-02) (7, -1.22147555112421729584e-01) (8, 8.06044645149133098805e-01) (9, 7.18769822768574151439e+00) (10, 2.39811456797721644918e-01) (11, -1.40754729934658384671e+00) 
