FANN_FLO_2.1
num_layers=3
learning_rate=0.700000
connection_rate=1.000000
network_type=0
learning_momentum=0.000000
training_algorithm=2
train_error_function=1
train_stop_function=1
cascade_output_change_fraction=0.010000
quickprop_decay=-0.000100
quickprop_mu=1.750000
rprop_increase_factor=1.200000
rprop_decrease_factor=0.500000
rprop_delta_min=0.000000
rprop_delta_max=50.000000
rprop_delta_zero=0.100000
cascade_output_stagnation_epochs=12
cascade_candidate_change_fraction=0.010000
cascade_candidate_stagnation_epochs=12
cascade_max_out_epochs=150
cascade_min_out_epochs=50
cascade_max_cand_epochs=150
cascade_min_cand_epochs=50
cascade_num_candidate_groups=2
bit_fail_limit=1.00000000000000005551e-01
cascade_candidate_limit=1.00000000000000000000e+03
cascade_weight_multiplier=4.00000000000000022204e-01
cascade_activation_functions_count=10
cascade_activation_functions=3 5 7 8 10 11 14 15 16 17 
cascade_activation_steepnesses_count=4
cascade_activation_steepnesses=2.50000000000000000000e-01 5.00000000000000000000e-01 7.50000000000000000000e-01 1.00000000000000000000e+00 
layer_sizes=8 4 2 
scale_included=0
neurons (num_inputs, activation_function, activation_steepness)=(0, 0, 0.00000000000000000000e+00) (0, 0, 0.00000000000000000000e+00) (0, 0, 0.00000000000000000000e+00) (0, 0, 0.00000000000000000000e+00) (0, 0, 0.00000000000000000000e+00) (0, 0, 0.00000000000000000000e+00) (0, 0, 0.00000000000000000000e+00) (0, 0, 0.00000000000000000000e+00) (8, 6, 5.00000000000000000000e-01) (8, 6, 5.00000000000000000000e-01) (8, 6, 5.00000000000000000000e-01) (0, 6, 0.00000000000000000000e+00) (4, 4, 5.00000000000000000000e-01) (0, 4, 0.00000000000000000000e+00) 
connections (connected_to_neuron, weight)=(0, 2.31354587318528182038e+00) (1, 1.86635978017057269085e+00) (2, 1.35974883364094401017e+00) (3, 1.72043296598563388855e+00) (4, 1.52276682395379237001e+00) (5, 1.36644989467742772327e+00) (6, 2.47453445498203983277e+00) (7, -2.39644597597646402676e+00) (0, 2.50709005983698851594e+00) (1, 1.78702728692497103680e+00) (2, 1.41791546420706415788e+00) (3, 1.68923213236699298889e+00) (4, 1.41014488328139475648e+00) (5, 1.29696344799878926501e+00) (6, 2.58198980171537018080e+00) (7, -2.40354538090753244717e+00) (0, -1.14752824226180760725e+00) (1, 8.95366753379418511827e-01) (2, 3.10374335861689987226e+00) (3, 6.96909591373917725043e-01) (4, 8.05062179832925495226e-01) (5, 3.00493426886810155452e+00) (6, 3.02839192531707546152e+00) (7, -9.36942298578924193109e-01) (8, 4.50829420888433958226e+01) (9, 8.72959915685588683232e+00) (10, 2.57858908271808928703e+00) (11, -1.33418017373917718871e+00) 
