FANN_FLO_2.1
num_layers=3
learning_rate=0.700000
connection_rate=1.000000
network_type=0
learning_momentum=0.000000
training_algorithm=2
train_error_function=1
train_stop_function=1
cascade_output_change_fraction=0.010000
quickprop_decay=-0.000100
quickprop_mu=1.750000
rprop_increase_factor=1.200000
rprop_decrease_factor=0.500000
rprop_delta_min=0.000000
rprop_delta_max=50.000000
rprop_delta_zero=0.100000
cascade_output_stagnation_epochs=12
cascade_candidate_change_fraction=0.010000
cascade_candidate_stagnation_epochs=12
cascade_max_out_epochs=150
cascade_min_out_epochs=50
cascade_max_cand_epochs=150
cascade_min_cand_epochs=50
cascade_num_candidate_groups=2
bit_fail_limit=1.00000000000000005551e-01
cascade_candidate_limit=1.00000000000000000000e+03
cascade_weight_multiplier=4.00000000000000022204e-01
cascade_activation_functions_count=10
cascade_activation_functions=3 5 7 8 10 11 14 15 16 17 
cascade_activation_steepnesses_count=4
cascade_activation_steepnesses=2.50000000000000000000e-01 5.00000000000000000000e-01 7.50000000000000000000e-01 1.00000000000000000000e+00 
layer_sizes=8 4 2 
scale_included=0
neurons (num_inputs, activation_function, activation_steepness)=(0, 0, 0.00000000000000000000e+00) (0, 0, 0.00000000000000000000e+00) (0, 0, 0.00000000000000000000e+00) (0, 0, 0.00000000000000000000e+00) (0, 0, 0.00000000000000000000e+00) (0, 0, 0.00000000000000000000e+00) (0, 0, 0.00000000000000000000e+00) (0, 0, 0.00000000000000000000e+00) (8, 6, 5.00000000000000000000e-01) (8, 6, 5.00000000000000000000e-01) (8, 6, 5.00000000000000000000e-01) (0, 6, 0.00000000000000000000e+00) (4, 4, 5.00000000000000000000e-01) (0, 4, 0.00000000000000000000e+00) 
connections (connected_to_neuron, weight)=(0, 4.00033820141132512305e+00) (1, -3.67970409903067885438e+00) (2, -3.12405005601835794593e+00) (3, 5.94529664704878113568e-01) (4, -1.56285704992423424287e+00) (5, -2.12793115766912244169e+00) (6, -5.18706081862262136095e-02) (7, 3.93138133455093496949e+00) (0, 4.30070395064575983213e+00) (1, -3.65843574749959987713e+00) (2, -3.07706650105906076575e+00) (3, -7.73018701452958145737e-01) (4, -7.95629917163598099350e-01) (5, -5.00435043912873300798e+00) (6, 6.12952379532041180532e-01) (7, 4.28929943633301569150e+00) (0, 3.92353830952222937256e+00) (1, -3.59394685092706023255e+00) (2, -2.50540903631078748504e+00) (3, 3.39523787819613287464e-01) (4, -2.79946424843934860149e+00) (5, -3.40680864033030772475e+00) (6, -1.39791050409775102770e-01) (7, 3.98129530716713064820e+00) (8, -2.44363687468978607598e+00) (9, -2.47776161043259346428e+00) (10, -2.45028537793370926323e+00) (11, -1.15994548010447107167e+00) 
