FANN_FLO_2.1
num_layers=3
learning_rate=0.700000
connection_rate=1.000000
network_type=0
learning_momentum=0.000000
training_algorithm=2
train_error_function=1
train_stop_function=1
cascade_output_change_fraction=0.010000
quickprop_decay=-0.000100
quickprop_mu=1.750000
rprop_increase_factor=1.200000
rprop_decrease_factor=0.500000
rprop_delta_min=0.000000
rprop_delta_max=50.000000
rprop_delta_zero=0.100000
cascade_output_stagnation_epochs=12
cascade_candidate_change_fraction=0.010000
cascade_candidate_stagnation_epochs=12
cascade_max_out_epochs=150
cascade_min_out_epochs=50
cascade_max_cand_epochs=150
cascade_min_cand_epochs=50
cascade_num_candidate_groups=2
bit_fail_limit=1.00000000000000005551e-01
cascade_candidate_limit=1.00000000000000000000e+03
cascade_weight_multiplier=4.00000000000000022204e-01
cascade_activation_functions_count=10
cascade_activation_functions=3 5 7 8 10 11 14 15 16 17 
cascade_activation_steepnesses_count=4
cascade_activation_steepnesses=2.50000000000000000000e-01 5.00000000000000000000e-01 7.50000000000000000000e-01 1.00000000000000000000e+00 
layer_sizes=6 4 2 
scale_included=0
neurons (num_inputs, activation_function, activation_steepness)=(0, 0, 0.00000000000000000000e+00) (0, 0, 0.00000000000000000000e+00) (0, 0, 0.00000000000000000000e+00) (0, 0, 0.00000000000000000000e+00) (0, 0, 0.00000000000000000000e+00) (0, 0, 0.00000000000000000000e+00) (6, 6, 5.00000000000000000000e-01) (6, 6, 5.00000000000000000000e-01) (6, 6, 5.00000000000000000000e-01) (0, 6, 0.00000000000000000000e+00) (4, 4, 5.00000000000000000000e-01) (0, 4, 0.00000000000000000000e+00) 
connections (connected_to_neuron, weight)=(0, -6.85018358913601055349e+00) (1, 3.55406667767133743752e+00) (2, -4.39944742257057652690e-01) (3, 1.14918430316904696120e+00) (4, 2.36257651699419213287e+00) (5, -2.15633444488866743427e+00) (0, -2.27672995083382401216e-01) (1, 1.12522186875540208817e+00) (2, 1.75143291907490783466e+00) (3, 1.01154533874684426920e+00) (4, 1.69206925604159758025e-01) (5, -1.37895002545959904916e-01) (0, -4.14785435554392556412e+00) (1, 2.23028187512139908222e+00) (2, -3.39052179837881717539e-01) (3, 1.92395772909033735409e+00) (4, 5.16039204732539857901e+00) (5, -1.95649917273927087535e+00) (6, 7.16818027633741206017e+00) (7, 2.68969073637368438767e-01) (8, 4.50348281888566059905e+00) (9, -1.80335054897131041862e+00) 
