FANN_FLO_2.1
num_layers=3
learning_rate=0.700000
connection_rate=1.000000
network_type=0
learning_momentum=0.000000
training_algorithm=2
train_error_function=1
train_stop_function=1
cascade_output_change_fraction=0.010000
quickprop_decay=-0.000100
quickprop_mu=1.750000
rprop_increase_factor=1.200000
rprop_decrease_factor=0.500000
rprop_delta_min=0.000000
rprop_delta_max=50.000000
rprop_delta_zero=0.100000
cascade_output_stagnation_epochs=12
cascade_candidate_change_fraction=0.010000
cascade_candidate_stagnation_epochs=12
cascade_max_out_epochs=150
cascade_min_out_epochs=50
cascade_max_cand_epochs=150
cascade_min_cand_epochs=50
cascade_num_candidate_groups=2
bit_fail_limit=1.00000000000000005551e-01
cascade_candidate_limit=1.00000000000000000000e+03
cascade_weight_multiplier=4.00000000000000022204e-01
cascade_activation_functions_count=10
cascade_activation_functions=3 5 7 8 10 11 14 15 16 17 
cascade_activation_steepnesses_count=4
cascade_activation_steepnesses=2.50000000000000000000e-01 5.00000000000000000000e-01 7.50000000000000000000e-01 1.00000000000000000000e+00 
layer_sizes=13 4 2 
scale_included=0
neurons (num_inputs, activation_function, activation_steepness)=(0, 0, 0.00000000000000000000e+00) (0, 0, 0.00000000000000000000e+00) (0, 0, 0.00000000000000000000e+00) (0, 0, 0.00000000000000000000e+00) (0, 0, 0.00000000000000000000e+00) (0, 0, 0.00000000000000000000e+00) (0, 0, 0.00000000000000000000e+00) (0, 0, 0.00000000000000000000e+00) (0, 0, 0.00000000000000000000e+00) (0, 0, 0.00000000000000000000e+00) (0, 0, 0.00000000000000000000e+00) (0, 0, 0.00000000000000000000e+00) (0, 0, 0.00000000000000000000e+00) (13, 6, 5.00000000000000000000e-01) (13, 6, 5.00000000000000000000e-01) (13, 6, 5.00000000000000000000e-01) (0, 6, 0.00000000000000000000e+00) (4, 4, 5.00000000000000000000e-01) (0, 4, 0.00000000000000000000e+00) 
connections (connected_to_neuron, weight)=(0, 7.70076174711521566074e-01) (1, -9.77734623764062171780e-01) (2, -1.47148677622994411562e-01) (3, -7.53133015512854164797e-01) (4, 1.51246791577719780220e-01) (5, -1.53844830910186497475e-01) (6, 5.48574367864541834194e-01) (7, -1.03742502217322885016e+00) (8, -7.68537330126542128639e-01) (9, 2.28518217338447771070e+00) (10, -9.11974940523362032074e-01) (11, -2.87490136817938279901e-01) (12, 6.37871787374551968419e-01) (0, -4.99301441555964675700e+00) (1, 2.86985150294626167877e+00) (2, 1.83948281162804971878e+00) (3, 2.81359841875045013637e+00) (4, 2.74045626822156185298e+00) (5, 2.57050505381432170537e+00) (6, -3.95851056780325372131e+00) (7, 2.88140833294923437435e+00) (8, 2.84770786153530242046e+00) (9, -3.81483180502265506462e+00) (10, 2.93165083574433538161e+00) (11, 3.36437341862527361513e+00) (12, -3.60098304129606550106e+00) (0, -2.17620681158906592589e-01) (1, 2.76461047232041678967e-01) (2, 5.01425668699770232806e-01) (3, 2.10003418065294500394e+00) (4, 1.30222066617185716630e+00) (5, 3.08444542099959972958e-01) (6, -1.65938330106362635918e-01) (7, 5.45957181784588074791e-01) (8, 7.39577242282952740382e-01) (9, -3.12134574844271150962e-01) (10, 2.07001724364045763815e-01) (11, 8.97623393986350381901e-01) (12, -1.57052743367559061172e-01) (13, -3.11445752087574811995e+00) (14, 9.15663134867247840987e+00) (15, 7.32440000345731423437e-01) (16, -1.42543006543512773554e+00) 
