FANN_FLO_2.1
num_layers=3
learning_rate=0.700000
connection_rate=1.000000
network_type=0
learning_momentum=0.000000
training_algorithm=2
train_error_function=1
train_stop_function=1
cascade_output_change_fraction=0.010000
quickprop_decay=-0.000100
quickprop_mu=1.750000
rprop_increase_factor=1.200000
rprop_decrease_factor=0.500000
rprop_delta_min=0.000000
rprop_delta_max=50.000000
rprop_delta_zero=0.100000
cascade_output_stagnation_epochs=12
cascade_candidate_change_fraction=0.010000
cascade_candidate_stagnation_epochs=12
cascade_max_out_epochs=150
cascade_min_out_epochs=50
cascade_max_cand_epochs=150
cascade_min_cand_epochs=50
cascade_num_candidate_groups=2
bit_fail_limit=1.00000000000000005551e-01
cascade_candidate_limit=1.00000000000000000000e+03
cascade_weight_multiplier=4.00000000000000022204e-01
cascade_activation_functions_count=10
cascade_activation_functions=3 5 7 8 10 11 14 15 16 17 
cascade_activation_steepnesses_count=4
cascade_activation_steepnesses=2.50000000000000000000e-01 5.00000000000000000000e-01 7.50000000000000000000e-01 1.00000000000000000000e+00 
layer_sizes=11 4 2 
scale_included=0
neurons (num_inputs, activation_function, activation_steepness)=(0, 0, 0.00000000000000000000e+00) (0, 0, 0.00000000000000000000e+00) (0, 0, 0.00000000000000000000e+00) (0, 0, 0.00000000000000000000e+00) (0, 0, 0.00000000000000000000e+00) (0, 0, 0.00000000000000000000e+00) (0, 0, 0.00000000000000000000e+00) (0, 0, 0.00000000000000000000e+00) (0, 0, 0.00000000000000000000e+00) (0, 0, 0.00000000000000000000e+00) (0, 0, 0.00000000000000000000e+00) (11, 6, 5.00000000000000000000e-01) (11, 6, 5.00000000000000000000e-01) (11, 6, 5.00000000000000000000e-01) (0, 6, 0.00000000000000000000e+00) (4, 4, 5.00000000000000000000e-01) (0, 4, 0.00000000000000000000e+00) 
connections (connected_to_neuron, weight)=(0, 4.02093072381776717172e-01) (1, 1.01671398786449110330e-01) (2, -1.85474683582665306192e-01) (3, -9.93242149602652446561e-01) (4, -1.45007845125083267845e+00) (5, -1.88610075207007499287e+00) (6, -3.02421622706622206245e-01) (7, 1.95072524004010983134e+00) (8, 2.00637350318926088732e+00) (9, -5.68560104853074621545e-01) (10, 4.50876261257664112669e-01) (0, -6.72292781162436736686e-01) (1, 2.12297653183014772837e-01) (2, 1.36713296227264302640e-01) (3, 1.50081575478082385189e+00) (4, 9.38303373658781358913e-01) (5, 3.59264764457038032752e-01) (6, 4.01947958500338875520e-01) (7, -2.38021476817218413657e+00) (8, -9.32829828658948922993e-01) (9, 6.11626953784620397414e-01) (10, -4.06897096916849887460e-01) (0, -4.75108065220374520266e+00) (1, 1.96818089362254227126e+01) (2, 3.73595240096351088877e-01) (3, -1.03499328248952290887e-01) (4, -7.83610343193695157993e-01) (5, -7.59271055671372208096e-01) (6, 2.97834537655520321664e+01) (7, -9.57241845215774378453e-01) (8, -2.40825489320836894080e+00) (9, -4.46481473189206667929e-01) (10, -4.69262879106063302004e+00) (11, -8.02182631389779388087e+00) (12, 3.76172781195300065527e-01) (13, 4.83635318043768602791e+00) (14, -2.68361787203425317117e+00) 
