FANN_FLO_2.1
num_layers=3
learning_rate=0.700000
connection_rate=1.000000
network_type=0
learning_momentum=0.000000
training_algorithm=2
train_error_function=1
train_stop_function=1
cascade_output_change_fraction=0.010000
quickprop_decay=-0.000100
quickprop_mu=1.750000
rprop_increase_factor=1.200000
rprop_decrease_factor=0.500000
rprop_delta_min=0.000000
rprop_delta_max=50.000000
rprop_delta_zero=0.100000
cascade_output_stagnation_epochs=12
cascade_candidate_change_fraction=0.010000
cascade_candidate_stagnation_epochs=12
cascade_max_out_epochs=150
cascade_min_out_epochs=50
cascade_max_cand_epochs=150
cascade_min_cand_epochs=50
cascade_num_candidate_groups=2
bit_fail_limit=1.00000000000000005551e-01
cascade_candidate_limit=1.00000000000000000000e+03
cascade_weight_multiplier=4.00000000000000022204e-01
cascade_activation_functions_count=10
cascade_activation_functions=3 5 7 8 10 11 14 15 16 17 
cascade_activation_steepnesses_count=4
cascade_activation_steepnesses=2.50000000000000000000e-01 5.00000000000000000000e-01 7.50000000000000000000e-01 1.00000000000000000000e+00 
layer_sizes=8 4 2 
scale_included=0
neurons (num_inputs, activation_function, activation_steepness)=(0, 0, 0.00000000000000000000e+00) (0, 0, 0.00000000000000000000e+00) (0, 0, 0.00000000000000000000e+00) (0, 0, 0.00000000000000000000e+00) (0, 0, 0.00000000000000000000e+00) (0, 0, 0.00000000000000000000e+00) (0, 0, 0.00000000000000000000e+00) (0, 0, 0.00000000000000000000e+00) (8, 6, 5.00000000000000000000e-01) (8, 6, 5.00000000000000000000e-01) (8, 6, 5.00000000000000000000e-01) (0, 6, 0.00000000000000000000e+00) (4, 4, 5.00000000000000000000e-01) (0, 4, 0.00000000000000000000e+00) 
connections (connected_to_neuron, weight)=(0, -9.23229152341379588620e+00) (1, -2.01802224495325788212e+00) (2, -2.67530121314189273107e+00) (3, -1.87197488766684294603e+00) (4, -1.98514806982639835375e+00) (5, -2.16243568267587793486e+00) (6, -2.41324113900424880308e-01) (7, 3.89083492221336646466e+00) (0, 2.41986189045303312639e+00) (1, 2.37693740900949457284e+00) (2, 3.26105735460453294294e+00) (3, 2.39642776069658802740e+00) (4, 2.58947639020437359036e+00) (5, 2.16840128871611215189e+00) (6, 2.25246103569577726944e+00) (7, -3.22408382558149675390e+00) (0, -8.33860520274932426332e+00) (1, -1.98619291760836347294e+00) (2, -2.62254752623698550451e+00) (3, -1.80376219224705502953e+00) (4, -1.85309071224692889501e+00) (5, -2.13082405384544504301e+00) (6, -7.16100892333927263600e-01) (7, 3.91775519611339850812e+00) (8, -2.16706142664579104462e+00) (9, 2.65242615323477650691e+01) (10, -2.18954465628293704071e+00) (11, -1.06153134301044360654e+00) 
