FANN_FLO_2.1
num_layers=3
learning_rate=0.700000
connection_rate=1.000000
network_type=0
learning_momentum=0.000000
training_algorithm=2
train_error_function=1
train_stop_function=1
cascade_output_change_fraction=0.010000
quickprop_decay=-0.000100
quickprop_mu=1.750000
rprop_increase_factor=1.200000
rprop_decrease_factor=0.500000
rprop_delta_min=0.000000
rprop_delta_max=50.000000
rprop_delta_zero=0.100000
cascade_output_stagnation_epochs=12
cascade_candidate_change_fraction=0.010000
cascade_candidate_stagnation_epochs=12
cascade_max_out_epochs=150
cascade_min_out_epochs=50
cascade_max_cand_epochs=150
cascade_min_cand_epochs=50
cascade_num_candidate_groups=2
bit_fail_limit=1.00000000000000005551e-01
cascade_candidate_limit=1.00000000000000000000e+03
cascade_weight_multiplier=4.00000000000000022204e-01
cascade_activation_functions_count=10
cascade_activation_functions=3 5 7 8 10 11 14 15 16 17 
cascade_activation_steepnesses_count=4
cascade_activation_steepnesses=2.50000000000000000000e-01 5.00000000000000000000e-01 7.50000000000000000000e-01 1.00000000000000000000e+00 
layer_sizes=10 4 2 
scale_included=0
neurons (num_inputs, activation_function, activation_steepness)=(0, 0, 0.00000000000000000000e+00) (0, 0, 0.00000000000000000000e+00) (0, 0, 0.00000000000000000000e+00) (0, 0, 0.00000000000000000000e+00) (0, 0, 0.00000000000000000000e+00) (0, 0, 0.00000000000000000000e+00) (0, 0, 0.00000000000000000000e+00) (0, 0, 0.00000000000000000000e+00) (0, 0, 0.00000000000000000000e+00) (0, 0, 0.00000000000000000000e+00) (10, 6, 5.00000000000000000000e-01) (10, 6, 5.00000000000000000000e-01) (10, 6, 5.00000000000000000000e-01) (0, 6, 0.00000000000000000000e+00) (4, 4, 5.00000000000000000000e-01) (0, 4, 0.00000000000000000000e+00) 
connections (connected_to_neuron, weight)=(0, 2.18713114528238355971e-01) (1, -2.57473323648187479851e-01) (2, -3.71400811221323223776e+00) (3, 8.31947631674947674085e-01) (4, 7.63707253295295429574e-01) (5, -3.62872973527631970114e+00) (6, -1.69506143932554087517e-01) (7, 6.55782811383785246839e-01) (8, 7.28972676354758930550e-01) (9, 9.75034320175009794340e-01) (0, 4.26747735576458397944e-01) (1, 1.76072180406875916647e-01) (2, 2.34719561342459881459e+00) (3, 9.85124042153915358000e-02) (4, 2.47432473067878300199e-01) (5, 2.27704637054663860951e+00) (6, 9.50073154137805464536e-02) (7, -5.23242366169461070591e-01) (8, 1.34253229454856626290e-01) (9, 4.42517804659421365443e-02) (0, 4.46138446813931999202e-01) (1, -2.10283037429067454216e-01) (2, -3.66897082026920529074e+00) (3, 7.76025302249136128552e-01) (4, 7.17614445048682880746e-01) (5, -3.76827817853412838645e+00) (6, -2.02287566070768198845e-01) (7, 5.58833710889400481214e-01) (8, 5.86569803911559772835e-01) (9, 9.22107928811865873442e-01) (10, -5.89620078345265064002e+00) (11, 4.17364361565428998446e-01) (12, -5.87854202454414043189e+00) (13, -5.45729353745867507008e-01) 
