FANN_FLO_2.1
num_layers=3
learning_rate=0.700000
connection_rate=1.000000
network_type=0
learning_momentum=0.000000
training_algorithm=2
train_error_function=1
train_stop_function=1
cascade_output_change_fraction=0.010000
quickprop_decay=-0.000100
quickprop_mu=1.750000
rprop_increase_factor=1.200000
rprop_decrease_factor=0.500000
rprop_delta_min=0.000000
rprop_delta_max=50.000000
rprop_delta_zero=0.100000
cascade_output_stagnation_epochs=12
cascade_candidate_change_fraction=0.010000
cascade_candidate_stagnation_epochs=12
cascade_max_out_epochs=150
cascade_min_out_epochs=50
cascade_max_cand_epochs=150
cascade_min_cand_epochs=50
cascade_num_candidate_groups=2
bit_fail_limit=1.00000000000000005551e-01
cascade_candidate_limit=1.00000000000000000000e+03
cascade_weight_multiplier=4.00000000000000022204e-01
cascade_activation_functions_count=10
cascade_activation_functions=3 5 7 8 10 11 14 15 16 17 
cascade_activation_steepnesses_count=4
cascade_activation_steepnesses=2.50000000000000000000e-01 5.00000000000000000000e-01 7.50000000000000000000e-01 1.00000000000000000000e+00 
layer_sizes=13 4 2 
scale_included=0
neurons (num_inputs, activation_function, activation_steepness)=(0, 0, 0.00000000000000000000e+00) (0, 0, 0.00000000000000000000e+00) (0, 0, 0.00000000000000000000e+00) (0, 0, 0.00000000000000000000e+00) (0, 0, 0.00000000000000000000e+00) (0, 0, 0.00000000000000000000e+00) (0, 0, 0.00000000000000000000e+00) (0, 0, 0.00000000000000000000e+00) (0, 0, 0.00000000000000000000e+00) (0, 0, 0.00000000000000000000e+00) (0, 0, 0.00000000000000000000e+00) (0, 0, 0.00000000000000000000e+00) (0, 0, 0.00000000000000000000e+00) (13, 6, 5.00000000000000000000e-01) (13, 6, 5.00000000000000000000e-01) (13, 6, 5.00000000000000000000e-01) (0, 6, 0.00000000000000000000e+00) (4, 4, 5.00000000000000000000e-01) (0, 4, 0.00000000000000000000e+00) 
connections (connected_to_neuron, weight)=(0, 2.11665960500209209272e+01) (1, 2.91184541527227391811e+00) (2, 6.45907282902266066671e-01) (3, -4.63934144773954137975e+00) (4, -2.22618665179370056606e+00) (5, -1.14179142406869456039e+01) (6, -3.51905256441673364165e+00) (7, 4.32762566804252379882e+00) (8, -1.29012213983521673022e+00) (9, -1.14057819106251674413e+01) (10, -2.14797408328383232501e+00) (11, -1.24370847050949215884e+01) (12, -4.46040126410022774728e-01) (0, 2.29190747894969888421e+01) (1, -5.21248118507775526353e+00) (2, -6.04465577762647421345e-01) (3, -9.73552467194987514176e+00) (4, -4.82509891451692873865e-01) (5, -2.61451971527176862953e-01) (6, 5.86080964844604768160e+00) (7, -6.52880460145950536344e+00) (8, -4.30581996251681864418e-01) (9, -7.45614899649177376162e-03) (10, -3.97903322202021125786e-01) (11, 1.75417548532937992434e+01) (12, 2.20563368726177211343e+00) (0, -2.67147304887227088344e+00) (1, -2.82564808596419680953e+00) (2, 2.28304353171478457973e-01) (3, 2.07818506638174776979e-02) (4, 1.67373374760936943773e+00) (5, 9.72512262147453121486e+00) (6, -1.76482155371018828438e-01) (7, 2.22604172214684847830e+00) (8, 8.73024920137074000870e-01) (9, 9.72820827089814166300e+00) (10, 1.58511149624021463467e+00) (11, 1.07591322048683508683e+01) (12, -9.60291730343783345170e-01) (13, 2.18386569121858897802e+01) (14, -1.55830197037083379996e+01) (15, 2.44822978829222037689e+01) (16, -1.28825365628422416897e+00) 
