FANN_FLO_2.1
num_layers=3
learning_rate=0.700000
connection_rate=1.000000
network_type=0
learning_momentum=0.000000
training_algorithm=2
train_error_function=1
train_stop_function=1
cascade_output_change_fraction=0.010000
quickprop_decay=-0.000100
quickprop_mu=1.750000
rprop_increase_factor=1.200000
rprop_decrease_factor=0.500000
rprop_delta_min=0.000000
rprop_delta_max=50.000000
rprop_delta_zero=0.100000
cascade_output_stagnation_epochs=12
cascade_candidate_change_fraction=0.010000
cascade_candidate_stagnation_epochs=12
cascade_max_out_epochs=150
cascade_min_out_epochs=50
cascade_max_cand_epochs=150
cascade_min_cand_epochs=50
cascade_num_candidate_groups=2
bit_fail_limit=1.00000000000000005551e-01
cascade_candidate_limit=1.00000000000000000000e+03
cascade_weight_multiplier=4.00000000000000022204e-01
cascade_activation_functions_count=10
cascade_activation_functions=3 5 7 8 10 11 14 15 16 17 
cascade_activation_steepnesses_count=4
cascade_activation_steepnesses=2.50000000000000000000e-01 5.00000000000000000000e-01 7.50000000000000000000e-01 1.00000000000000000000e+00 
layer_sizes=8 4 2 
scale_included=0
neurons (num_inputs, activation_function, activation_steepness)=(0, 0, 0.00000000000000000000e+00) (0, 0, 0.00000000000000000000e+00) (0, 0, 0.00000000000000000000e+00) (0, 0, 0.00000000000000000000e+00) (0, 0, 0.00000000000000000000e+00) (0, 0, 0.00000000000000000000e+00) (0, 0, 0.00000000000000000000e+00) (0, 0, 0.00000000000000000000e+00) (8, 6, 5.00000000000000000000e-01) (8, 6, 5.00000000000000000000e-01) (8, 6, 5.00000000000000000000e-01) (0, 6, 0.00000000000000000000e+00) (4, 4, 5.00000000000000000000e-01) (0, 4, 0.00000000000000000000e+00) 
connections (connected_to_neuron, weight)=(0, -2.04259136283571640647e+00) (1, -1.48129952668244557756e+00) (2, -1.37611248313481526750e+00) (3, -1.14402721005751795147e+00) (4, -1.37390343530986358545e+00) (5, -1.04881125866253333001e+00) (6, -1.12409344047673376288e+00) (7, 2.01875176223688335142e+00) (0, 6.64672280349732913507e-01) (1, 3.33264739371106255561e+00) (2, 3.86488882841355518849e+00) (3, 1.50994843966947911440e+00) (4, 3.34261615879103768378e+00) (5, 1.53362061094160440078e+00) (6, 9.68890144719478985103e-01) (7, -3.98647610221140535902e-01) (0, -2.68016193156103872675e-02) (1, -1.35407132755810932778e+00) (2, -1.40023183923060612344e+00) (3, -1.97053822016871427181e+00) (4, -1.27211215536806632187e+00) (5, -2.10378630891240581136e+00) (6, -1.47537904690631394011e+00) (7, 8.49529019067214341554e-01) (8, -4.44508368273260145997e+01) (9, 1.22399309507098275063e+00) (10, -9.52722535754594623825e+00) (11, -2.99098068126991289972e+00) 
