FANN_FLO_2.1
num_layers=3
learning_rate=0.700000
connection_rate=1.000000
network_type=0
learning_momentum=0.000000
training_algorithm=2
train_error_function=1
train_stop_function=1
cascade_output_change_fraction=0.010000
quickprop_decay=-0.000100
quickprop_mu=1.750000
rprop_increase_factor=1.200000
rprop_decrease_factor=0.500000
rprop_delta_min=0.000000
rprop_delta_max=50.000000
rprop_delta_zero=0.100000
cascade_output_stagnation_epochs=12
cascade_candidate_change_fraction=0.010000
cascade_candidate_stagnation_epochs=12
cascade_max_out_epochs=150
cascade_min_out_epochs=50
cascade_max_cand_epochs=150
cascade_min_cand_epochs=50
cascade_num_candidate_groups=2
bit_fail_limit=1.00000000000000005551e-01
cascade_candidate_limit=1.00000000000000000000e+03
cascade_weight_multiplier=4.00000000000000022204e-01
cascade_activation_functions_count=10
cascade_activation_functions=3 5 7 8 10 11 14 15 16 17 
cascade_activation_steepnesses_count=4
cascade_activation_steepnesses=2.50000000000000000000e-01 5.00000000000000000000e-01 7.50000000000000000000e-01 1.00000000000000000000e+00 
layer_sizes=12 4 2 
scale_included=0
neurons (num_inputs, activation_function, activation_steepness)=(0, 0, 0.00000000000000000000e+00) (0, 0, 0.00000000000000000000e+00) (0, 0, 0.00000000000000000000e+00) (0, 0, 0.00000000000000000000e+00) (0, 0, 0.00000000000000000000e+00) (0, 0, 0.00000000000000000000e+00) (0, 0, 0.00000000000000000000e+00) (0, 0, 0.00000000000000000000e+00) (0, 0, 0.00000000000000000000e+00) (0, 0, 0.00000000000000000000e+00) (0, 0, 0.00000000000000000000e+00) (0, 0, 0.00000000000000000000e+00) (12, 6, 5.00000000000000000000e-01) (12, 6, 5.00000000000000000000e-01) (12, 6, 5.00000000000000000000e-01) (0, 6, 0.00000000000000000000e+00) (4, 4, 5.00000000000000000000e-01) (0, 4, 0.00000000000000000000e+00) 
connections (connected_to_neuron, weight)=(0, -7.59517893035442481775e-01) (1, 3.60465342031126401157e-01) (2, 3.33623130564759229344e-01) (3, -1.67851680527975992419e-02) (4, 3.75992746934190325003e-01) (5, -4.54177776361610052724e-02) (6, 4.05725061924065377728e-01) (7, 6.96810445233524866637e-01) (8, -1.55126956829862083787e+00) (9, 3.05830770800679885291e-01) (10, 7.75733456497827766896e-01) (11, -1.01615432750240325052e-03) (0, -7.38704919655353675623e-01) (1, 3.69977855907087704868e-01) (2, 3.88015073483059858006e-01) (3, -6.01158821593573700071e-02) (4, 3.76101450905099443656e-01) (5, 1.13268252361757712152e-03) (6, 3.62217292220200326458e-01) (7, 4.38158777226698492591e-01) (8, -1.55035505423383201951e+00) (9, 4.68215392599672042273e-01) (10, 6.81304272746483308154e-01) (11, 3.90974363302086513894e-02) (0, -1.33313995974002263978e+00) (1, 1.87953546562786755203e+00) (2, 1.42131663415041020748e+00) (3, -1.65671992484411112478e+00) (4, 5.54047958049261990432e-01) (5, -8.92938800931685761064e-01) (6, 1.20448201695119938570e+00) (7, 9.58585830558199236684e-01) (8, -1.96165779712147658742e+00) (9, 9.46324789258817800075e-01) (10, 1.03887879680841255237e+00) (11, -8.54212554178310545794e-01) (12, 5.01875032567005052719e-01) (13, 4.95085743152122392807e-01) (14, 1.14234072900936745043e+01) (15, -1.22759746498697919215e+00) 
