FANN_FLO_2.1
num_layers=3
learning_rate=0.700000
connection_rate=1.000000
network_type=0
learning_momentum=0.000000
training_algorithm=2
train_error_function=1
train_stop_function=1
cascade_output_change_fraction=0.010000
quickprop_decay=-0.000100
quickprop_mu=1.750000
rprop_increase_factor=1.200000
rprop_decrease_factor=0.500000
rprop_delta_min=0.000000
rprop_delta_max=50.000000
rprop_delta_zero=0.100000
cascade_output_stagnation_epochs=12
cascade_candidate_change_fraction=0.010000
cascade_candidate_stagnation_epochs=12
cascade_max_out_epochs=150
cascade_min_out_epochs=50
cascade_max_cand_epochs=150
cascade_min_cand_epochs=50
cascade_num_candidate_groups=2
bit_fail_limit=1.00000000000000005551e-01
cascade_candidate_limit=1.00000000000000000000e+03
cascade_weight_multiplier=4.00000000000000022204e-01
cascade_activation_functions_count=10
cascade_activation_functions=3 5 7 8 10 11 14 15 16 17 
cascade_activation_steepnesses_count=4
cascade_activation_steepnesses=2.50000000000000000000e-01 5.00000000000000000000e-01 7.50000000000000000000e-01 1.00000000000000000000e+00 
layer_sizes=13 4 2 
scale_included=0
neurons (num_inputs, activation_function, activation_steepness)=(0, 0, 0.00000000000000000000e+00) (0, 0, 0.00000000000000000000e+00) (0, 0, 0.00000000000000000000e+00) (0, 0, 0.00000000000000000000e+00) (0, 0, 0.00000000000000000000e+00) (0, 0, 0.00000000000000000000e+00) (0, 0, 0.00000000000000000000e+00) (0, 0, 0.00000000000000000000e+00) (0, 0, 0.00000000000000000000e+00) (0, 0, 0.00000000000000000000e+00) (0, 0, 0.00000000000000000000e+00) (0, 0, 0.00000000000000000000e+00) (0, 0, 0.00000000000000000000e+00) (13, 6, 5.00000000000000000000e-01) (13, 6, 5.00000000000000000000e-01) (13, 6, 5.00000000000000000000e-01) (0, 6, 0.00000000000000000000e+00) (4, 4, 5.00000000000000000000e-01) (0, 4, 0.00000000000000000000e+00) 
connections (connected_to_neuron, weight)=(0, -1.37821105781868125106e+00) (1, 5.91931246017766810041e+00) (2, 6.99946798472184816831e+00) (3, 2.02701416858287419842e+00) (4, 6.06962936907414452037e+00) (5, 6.36489468596972418624e+00) (6, -5.28768270289889574798e+00) (7, 8.61146365281903247713e-01) (8, -1.25832868231739158915e+01) (9, 6.20416787081988641006e+00) (10, -9.21430450054555727490e+00) (11, 6.29541129371271601656e+00) (12, -3.38258625311034410998e+00) (0, 3.76589958854628958917e+00) (1, 1.78155706115698087011e+00) (2, 1.63069016686761836255e+00) (3, 2.01919976565109005051e+00) (4, 6.52012588203684240185e-01) (5, 1.71573206018480717283e+00) (6, 1.15942312313512174704e+00) (7, 1.53439991568696942892e+00) (8, 1.77594394984124881454e+00) (9, 1.73464022457306987768e+00) (10, 1.91002108506996792769e+00) (11, 1.81909599118429410325e+00) (12, -3.60879893531636009030e+00) (0, 7.23140751990147236938e+01) (1, -5.51274609364337031536e+00) (2, -2.99589919323150759567e+01) (3, 3.52085519218124654017e+00) (4, -4.72158230268225409532e+01) (5, -2.42612339304862238976e+01) (6, 1.27921021815494366791e+01) (7, 4.96609857904953742036e+01) (8, 7.60230001959715878002e+02) (9, -2.42615363823353646922e+01) (10, 1.27137870797601486572e+01) (11, -2.61701428988846380719e+01) (12, -1.22075745585213457645e+00) (13, 5.25025746428121564691e+00) (14, 2.13955020026138562628e+01) (15, 2.10963839770291761155e+00) (16, -7.08300517477678082123e-01) 
