FANN_FLO_2.1
num_layers=3
learning_rate=0.700000
connection_rate=1.000000
network_type=0
learning_momentum=0.000000
training_algorithm=2
train_error_function=1
train_stop_function=1
cascade_output_change_fraction=0.010000
quickprop_decay=-0.000100
quickprop_mu=1.750000
rprop_increase_factor=1.200000
rprop_decrease_factor=0.500000
rprop_delta_min=0.000000
rprop_delta_max=50.000000
rprop_delta_zero=0.100000
cascade_output_stagnation_epochs=12
cascade_candidate_change_fraction=0.010000
cascade_candidate_stagnation_epochs=12
cascade_max_out_epochs=150
cascade_min_out_epochs=50
cascade_max_cand_epochs=150
cascade_min_cand_epochs=50
cascade_num_candidate_groups=2
bit_fail_limit=1.00000000000000005551e-01
cascade_candidate_limit=1.00000000000000000000e+03
cascade_weight_multiplier=4.00000000000000022204e-01
cascade_activation_functions_count=10
cascade_activation_functions=3 5 7 8 10 11 14 15 16 17 
cascade_activation_steepnesses_count=4
cascade_activation_steepnesses=2.50000000000000000000e-01 5.00000000000000000000e-01 7.50000000000000000000e-01 1.00000000000000000000e+00 
layer_sizes=15 4 2 
scale_included=0
neurons (num_inputs, activation_function, activation_steepness)=(0, 0, 0.00000000000000000000e+00) (0, 0, 0.00000000000000000000e+00) (0, 0, 0.00000000000000000000e+00) (0, 0, 0.00000000000000000000e+00) (0, 0, 0.00000000000000000000e+00) (0, 0, 0.00000000000000000000e+00) (0, 0, 0.00000000000000000000e+00) (0, 0, 0.00000000000000000000e+00) (0, 0, 0.00000000000000000000e+00) (0, 0, 0.00000000000000000000e+00) (0, 0, 0.00000000000000000000e+00) (0, 0, 0.00000000000000000000e+00) (0, 0, 0.00000000000000000000e+00) (0, 0, 0.00000000000000000000e+00) (0, 0, 0.00000000000000000000e+00) (15, 6, 5.00000000000000000000e-01) (15, 6, 5.00000000000000000000e-01) (15, 6, 5.00000000000000000000e-01) (0, 6, 0.00000000000000000000e+00) (4, 4, 5.00000000000000000000e-01) (0, 4, 0.00000000000000000000e+00) 
connections (connected_to_neuron, weight)=(0, -3.09750743056927735353e-01) (1, 6.08517451324583680261e-01) (2, 1.23929575419810603099e-01) (3, 6.62145533599641122890e-01) (4, 2.01971436198194886913e+00) (5, 1.79545071655905141839e+00) (6, 2.60712391033516399652e-01) (7, -3.18121080545998968780e-01) (8, 3.22691307550340455990e+00) (9, 1.32966594200354251143e+01) (10, 5.80288634658646773623e-01) (11, 6.35073004426823684021e-01) (12, 1.28638674263729692326e-02) (13, -3.11953402499552279181e+00) (14, -2.50310215230153687571e+00) (0, 2.60198025766013829596e+00) (1, 2.44885896412250669840e+00) (2, -3.39175785245447203309e+00) (3, 2.43407310703832591159e+00) (4, 2.27038865977951287434e+00) (5, 2.29784337053989595745e+00) (6, 5.83241405804387880174e-01) (7, 2.82651075868654122480e-01) (8, 2.03809258130408155196e+00) (9, 3.69023120747674515663e-01) (10, 2.44571134494083075595e+00) (11, 2.43758743441867942181e+00) (12, -2.99281682350604771869e+00) (13, 1.86136025803162397096e+00) (14, -1.85796990514536886074e+00) (0, 6.17716023040328643390e+00) (1, -5.45892024378645945859e+00) (2, -1.43359553503737267022e+01) (3, -6.12225165153320904921e+00) (4, -3.14830729553915134034e+00) (5, -3.61977902962741859838e+00) (6, -1.99944871046701244666e+00) (7, 4.04458892502894507004e+00) (8, -3.57483824170255282127e+00) (9, 9.16490801953061762219e+00) (10, -4.32821377609505297812e+00) (11, 1.84968069772037218002e+01) (12, 1.77127558705293663976e+00) (13, 2.87785213667756512024e+00) (14, 1.70406155016175331340e+00) (15, 6.60365729143035462556e+00) (16, 3.50157174038982432762e+01) (17, -9.07643270644311783713e+00) (18, -8.14373428043521307984e-01) 
