FANN_FLO_2.1
num_layers=3
learning_rate=0.700000
connection_rate=1.000000
network_type=0
learning_momentum=0.000000
training_algorithm=2
train_error_function=1
train_stop_function=1
cascade_output_change_fraction=0.010000
quickprop_decay=-0.000100
quickprop_mu=1.750000
rprop_increase_factor=1.200000
rprop_decrease_factor=0.500000
rprop_delta_min=0.000000
rprop_delta_max=50.000000
rprop_delta_zero=0.100000
cascade_output_stagnation_epochs=12
cascade_candidate_change_fraction=0.010000
cascade_candidate_stagnation_epochs=12
cascade_max_out_epochs=150
cascade_min_out_epochs=50
cascade_max_cand_epochs=150
cascade_min_cand_epochs=50
cascade_num_candidate_groups=2
bit_fail_limit=1.00000000000000005551e-01
cascade_candidate_limit=1.00000000000000000000e+03
cascade_weight_multiplier=4.00000000000000022204e-01
cascade_activation_functions_count=10
cascade_activation_functions=3 5 7 8 10 11 14 15 16 17 
cascade_activation_steepnesses_count=4
cascade_activation_steepnesses=2.50000000000000000000e-01 5.00000000000000000000e-01 7.50000000000000000000e-01 1.00000000000000000000e+00 
layer_sizes=6 4 2 
scale_included=0
neurons (num_inputs, activation_function, activation_steepness)=(0, 0, 0.00000000000000000000e+00) (0, 0, 0.00000000000000000000e+00) (0, 0, 0.00000000000000000000e+00) (0, 0, 0.00000000000000000000e+00) (0, 0, 0.00000000000000000000e+00) (0, 0, 0.00000000000000000000e+00) (6, 6, 5.00000000000000000000e-01) (6, 6, 5.00000000000000000000e-01) (6, 6, 5.00000000000000000000e-01) (0, 6, 0.00000000000000000000e+00) (4, 4, 5.00000000000000000000e-01) (0, 4, 0.00000000000000000000e+00) 
connections (connected_to_neuron, weight)=(0, -5.97625963960519035467e-01) (1, 2.97852000025704333197e+00) (2, 5.74565178745840787755e-01) (3, -3.68618287179584058766e-01) (4, -1.17447618967447875438e-01) (5, -1.29545141627028126408e+00) (0, 7.91826291696159811906e-01) (1, -1.68722923317268502785e+00) (2, 9.63097666803162388849e-02) (3, 8.22639970795242758683e-01) (4, 7.96837008313267203263e-01) (5, 1.37783619132886792080e+00) (0, -8.18523727146059920656e-02) (1, 6.39171671468765634216e-01) (2, 9.45748012149052463826e-01) (3, 9.92440020856879406841e-02) (4, 1.64981618741169122622e-01) (5, 6.63597204509496982339e-03) (6, 8.62361146133433997818e+00) (7, -6.37075349224941867021e+00) (8, 2.15441547549314021959e-01) (9, -1.14552178795698256231e+00) 
