FANN_FLO_2.1
num_layers=3
learning_rate=0.700000
connection_rate=1.000000
network_type=0
learning_momentum=0.000000
training_algorithm=2
train_error_function=1
train_stop_function=1
cascade_output_change_fraction=0.010000
quickprop_decay=-0.000100
quickprop_mu=1.750000
rprop_increase_factor=1.200000
rprop_decrease_factor=0.500000
rprop_delta_min=0.000000
rprop_delta_max=50.000000
rprop_delta_zero=0.100000
cascade_output_stagnation_epochs=12
cascade_candidate_change_fraction=0.010000
cascade_candidate_stagnation_epochs=12
cascade_max_out_epochs=150
cascade_min_out_epochs=50
cascade_max_cand_epochs=150
cascade_min_cand_epochs=50
cascade_num_candidate_groups=2
bit_fail_limit=1.00000000000000005551e-01
cascade_candidate_limit=1.00000000000000000000e+03
cascade_weight_multiplier=4.00000000000000022204e-01
cascade_activation_functions_count=10
cascade_activation_functions=3 5 7 8 10 11 14 15 16 17 
cascade_activation_steepnesses_count=4
cascade_activation_steepnesses=2.50000000000000000000e-01 5.00000000000000000000e-01 7.50000000000000000000e-01 1.00000000000000000000e+00 
layer_sizes=11 4 2 
scale_included=0
neurons (num_inputs, activation_function, activation_steepness)=(0, 0, 0.00000000000000000000e+00) (0, 0, 0.00000000000000000000e+00) (0, 0, 0.00000000000000000000e+00) (0, 0, 0.00000000000000000000e+00) (0, 0, 0.00000000000000000000e+00) (0, 0, 0.00000000000000000000e+00) (0, 0, 0.00000000000000000000e+00) (0, 0, 0.00000000000000000000e+00) (0, 0, 0.00000000000000000000e+00) (0, 0, 0.00000000000000000000e+00) (0, 0, 0.00000000000000000000e+00) (11, 6, 5.00000000000000000000e-01) (11, 6, 5.00000000000000000000e-01) (11, 6, 5.00000000000000000000e-01) (0, 6, 0.00000000000000000000e+00) (4, 4, 5.00000000000000000000e-01) (0, 4, 0.00000000000000000000e+00) 
connections (connected_to_neuron, weight)=(0, -3.24239109166960171038e+00) (1, 2.05872843587520826247e+00) (2, 2.53975190837511632935e+00) (3, 3.23933305839664953396e-01) (4, -1.88341785496475710993e+00) (5, -1.55842162138605488941e+00) (6, 2.06291504758562371791e+00) (7, -1.29224263476179834775e+00) (8, 2.91518964342934827627e+00) (9, 1.67138477216925873670e-01) (10, -1.56266646674657239124e+00) (0, -3.71253827503296696122e+00) (1, 2.74222263705614777152e+00) (2, 2.98841450690159504688e+00) (3, 1.23932864121887378883e-02) (4, -2.00616540509875473930e+00) (5, -3.80120846545669399674e+00) (6, 4.53879123272756235252e+00) (7, -2.10189025235329651764e+00) (8, 3.77391680232741943968e+00) (9, -1.29285570612500122500e+00) (10, -1.55234979450172994042e+00) (0, -1.53605016995127463542e-01) (1, 1.66163555881540470072e-01) (2, 2.83720577491717085294e-01) (3, 4.05181904959730915250e-02) (4, -2.98516329811083294676e-02) (5, -3.87191270201933668282e-01) (6, 1.76059735835232100687e-01) (7, -2.40487270795434027182e-01) (8, 2.75294463211483597664e-01) (9, -3.34168522535387368944e-01) (10, -3.30425390203458235749e-01) (11, 1.39467677399294665008e+01) (12, 2.41937470925244513253e+00) (13, 2.54577347438927814594e+00) (14, -8.92272169270884041303e-01) 
