FANN_FLO_2.1
num_layers=3
learning_rate=0.700000
connection_rate=1.000000
network_type=0
learning_momentum=0.000000
training_algorithm=2
train_error_function=1
train_stop_function=1
cascade_output_change_fraction=0.010000
quickprop_decay=-0.000100
quickprop_mu=1.750000
rprop_increase_factor=1.200000
rprop_decrease_factor=0.500000
rprop_delta_min=0.000000
rprop_delta_max=50.000000
rprop_delta_zero=0.100000
cascade_output_stagnation_epochs=12
cascade_candidate_change_fraction=0.010000
cascade_candidate_stagnation_epochs=12
cascade_max_out_epochs=150
cascade_min_out_epochs=50
cascade_max_cand_epochs=150
cascade_min_cand_epochs=50
cascade_num_candidate_groups=2
bit_fail_limit=1.00000000000000005551e-01
cascade_candidate_limit=1.00000000000000000000e+03
cascade_weight_multiplier=4.00000000000000022204e-01
cascade_activation_functions_count=10
cascade_activation_functions=3 5 7 8 10 11 14 15 16 17 
cascade_activation_steepnesses_count=4
cascade_activation_steepnesses=2.50000000000000000000e-01 5.00000000000000000000e-01 7.50000000000000000000e-01 1.00000000000000000000e+00 
layer_sizes=8 4 2 
scale_included=0
neurons (num_inputs, activation_function, activation_steepness)=(0, 0, 0.00000000000000000000e+00) (0, 0, 0.00000000000000000000e+00) (0, 0, 0.00000000000000000000e+00) (0, 0, 0.00000000000000000000e+00) (0, 0, 0.00000000000000000000e+00) (0, 0, 0.00000000000000000000e+00) (0, 0, 0.00000000000000000000e+00) (0, 0, 0.00000000000000000000e+00) (8, 6, 5.00000000000000000000e-01) (8, 6, 5.00000000000000000000e-01) (8, 6, 5.00000000000000000000e-01) (0, 6, 0.00000000000000000000e+00) (4, 4, 5.00000000000000000000e-01) (0, 4, 0.00000000000000000000e+00) 
connections (connected_to_neuron, weight)=(0, 5.14046261151549721546e-01) (1, 1.04490094463788985024e+00) (2, 1.34533817419499812651e+00) (3, 1.78961948023078698533e+00) (4, 1.77403234042638136003e+00) (5, 4.22394711696544966628e-01) (6, 9.99718034418939582864e-01) (7, -3.80214755924264846687e-01) (0, 1.95583585343049870531e+00) (1, 2.35948888340836315791e+00) (2, 2.39342160167327122622e+00) (3, 1.23866147062755338482e+00) (4, 2.39758027128872397427e+00) (5, 1.12776861177134057890e+00) (6, 1.13445793467929112452e+00) (7, -2.03818091935488299171e+00) (0, 6.56883185858329499140e-01) (1, 1.10264359991514226955e+00) (2, 1.28992420533389462456e+00) (3, 1.79336683914897698777e+00) (4, 1.70139321037047741569e+00) (5, 2.83539332534725518897e-01) (6, 8.90594089182733528176e-01) (7, -3.66407347412626205330e-01) (8, 1.22542163223186006960e+00) (9, 1.54649562642505230770e+02) (10, 1.18223104809394752301e+00) (11, -2.00578825361105517189e+00) 
