FANN_FLO_2.1
num_layers=3
learning_rate=0.700000
connection_rate=1.000000
network_type=0
learning_momentum=0.000000
training_algorithm=2
train_error_function=1
train_stop_function=1
cascade_output_change_fraction=0.010000
quickprop_decay=-0.000100
quickprop_mu=1.750000
rprop_increase_factor=1.200000
rprop_decrease_factor=0.500000
rprop_delta_min=0.000000
rprop_delta_max=50.000000
rprop_delta_zero=0.100000
cascade_output_stagnation_epochs=12
cascade_candidate_change_fraction=0.010000
cascade_candidate_stagnation_epochs=12
cascade_max_out_epochs=150
cascade_min_out_epochs=50
cascade_max_cand_epochs=150
cascade_min_cand_epochs=50
cascade_num_candidate_groups=2
bit_fail_limit=1.00000000000000005551e-01
cascade_candidate_limit=1.00000000000000000000e+03
cascade_weight_multiplier=4.00000000000000022204e-01
cascade_activation_functions_count=10
cascade_activation_functions=3 5 7 8 10 11 14 15 16 17 
cascade_activation_steepnesses_count=4
cascade_activation_steepnesses=2.50000000000000000000e-01 5.00000000000000000000e-01 7.50000000000000000000e-01 1.00000000000000000000e+00 
layer_sizes=15 4 2 
scale_included=0
neurons (num_inputs, activation_function, activation_steepness)=(0, 0, 0.00000000000000000000e+00) (0, 0, 0.00000000000000000000e+00) (0, 0, 0.00000000000000000000e+00) (0, 0, 0.00000000000000000000e+00) (0, 0, 0.00000000000000000000e+00) (0, 0, 0.00000000000000000000e+00) (0, 0, 0.00000000000000000000e+00) (0, 0, 0.00000000000000000000e+00) (0, 0, 0.00000000000000000000e+00) (0, 0, 0.00000000000000000000e+00) (0, 0, 0.00000000000000000000e+00) (0, 0, 0.00000000000000000000e+00) (0, 0, 0.00000000000000000000e+00) (0, 0, 0.00000000000000000000e+00) (0, 0, 0.00000000000000000000e+00) (15, 6, 5.00000000000000000000e-01) (15, 6, 5.00000000000000000000e-01) (15, 6, 5.00000000000000000000e-01) (0, 6, 0.00000000000000000000e+00) (4, 4, 5.00000000000000000000e-01) (0, 4, 0.00000000000000000000e+00) 
connections (connected_to_neuron, weight)=(0, 6.49628005517968265536e+00) (1, -1.55787207187169958189e+01) (2, 3.07606944618064744645e+02) (3, 2.02490394498978893978e+01) (4, -4.08204607076480263661e-01) (5, 9.46900920417681035701e+00) (6, 3.93598763163361908823e+01) (7, -3.21410269417515914725e+00) (8, 1.44304974682625140048e+01) (9, 8.38735180378126621292e+00) (10, 6.26440813496227111301e+00) (11, -7.35358611106148751801e-01) (12, -1.45822604289435204805e+01) (13, -3.28587073026460751990e+00) (14, -3.45187595821272052987e+00) (0, -4.51158054413721032461e+00) (1, 1.38923919010596279122e+02) (2, 2.20593435142571117069e+01) (3, 3.42815483647298213654e+00) (4, 2.87934515870076485067e-02) (5, 9.12223841488179054693e+00) (6, 2.67367860692344940787e+01) (7, 6.36247561365599239025e+01) (8, 7.23299066076441832251e+00) (9, 2.99419811111350497868e+00) (10, -4.50055269476264818707e+00) (11, -2.15687751298607850003e+02) (12, -4.55986995583297129997e+02) (13, 2.69970585022345588300e+01) (14, -2.77619464220669733834e+01) (0, 6.36929255785018622049e+00) (1, -1.55775727184095469369e+00) (2, 1.98164796980905211221e+00) (3, -1.42005927423906852525e+00) (4, 6.25640369703173959692e+00) (5, 1.18904195586042549238e+00) (6, 2.22098984494908435749e+00) (7, -3.77317412802047646991e+00) (8, 1.16776184118921921851e+00) (9, -8.02722114591883584289e-01) (10, 3.04650829792109378857e+00) (11, -1.04877112274501405054e+00) (12, -2.15185063188783587407e+00) (13, -7.33821362965553891655e-01) (14, 4.70512550703538146024e-01) (15, 1.04205637240380308839e+01) (16, 6.68067877616807148655e+00) (17, -2.04804389855705757384e+01) (18, -8.96081045182845481456e-01) 
