FANN_FLO_2.1
num_layers=3
learning_rate=0.700000
connection_rate=1.000000
network_type=0
learning_momentum=0.000000
training_algorithm=2
train_error_function=1
train_stop_function=1
cascade_output_change_fraction=0.010000
quickprop_decay=-0.000100
quickprop_mu=1.750000
rprop_increase_factor=1.200000
rprop_decrease_factor=0.500000
rprop_delta_min=0.000000
rprop_delta_max=50.000000
rprop_delta_zero=0.100000
cascade_output_stagnation_epochs=12
cascade_candidate_change_fraction=0.010000
cascade_candidate_stagnation_epochs=12
cascade_max_out_epochs=150
cascade_min_out_epochs=50
cascade_max_cand_epochs=150
cascade_min_cand_epochs=50
cascade_num_candidate_groups=2
bit_fail_limit=1.00000000000000005551e-01
cascade_candidate_limit=1.00000000000000000000e+03
cascade_weight_multiplier=4.00000000000000022204e-01
cascade_activation_functions_count=10
cascade_activation_functions=3 5 7 8 10 11 14 15 16 17 
cascade_activation_steepnesses_count=4
cascade_activation_steepnesses=2.50000000000000000000e-01 5.00000000000000000000e-01 7.50000000000000000000e-01 1.00000000000000000000e+00 
layer_sizes=9 4 2 
scale_included=0
neurons (num_inputs, activation_function, activation_steepness)=(0, 0, 0.00000000000000000000e+00) (0, 0, 0.00000000000000000000e+00) (0, 0, 0.00000000000000000000e+00) (0, 0, 0.00000000000000000000e+00) (0, 0, 0.00000000000000000000e+00) (0, 0, 0.00000000000000000000e+00) (0, 0, 0.00000000000000000000e+00) (0, 0, 0.00000000000000000000e+00) (0, 0, 0.00000000000000000000e+00) (9, 6, 5.00000000000000000000e-01) (9, 6, 5.00000000000000000000e-01) (9, 6, 5.00000000000000000000e-01) (0, 6, 0.00000000000000000000e+00) (4, 4, 5.00000000000000000000e-01) (0, 4, 0.00000000000000000000e+00) 
connections (connected_to_neuron, weight)=(0, -1.25504527178593661141e+00) (1, 1.37669709432005848981e+00) (2, 2.09639110944712703244e+00) (3, -1.60526594647472653499e+00) (4, -3.81870357016537986805e-02) (5, 1.62869534727666653851e+00) (6, 1.62868060184584506622e+00) (7, 3.44736768457824382494e+02) (8, -1.57426977492476094511e+00) (0, -7.92051799719775462272e-01) (1, 6.27849803422331542713e-01) (2, 9.67198771123517930803e-01) (3, -6.26395874245199935082e-01) (4, -5.69902567963278469665e-02) (5, 4.32913663616452226712e-01) (6, 1.32313305035540174082e+00) (7, 1.47417185868886292610e+02) (8, -6.69787826665188879005e-01) (0, -4.06344872241462096163e-01) (1, 9.22758777593016499274e-01) (2, 1.21735353815995606119e+00) (3, -3.80451232847906106738e-01) (4, 2.06428912987264512324e-01) (5, 5.90377472899740629586e-01) (6, 1.53372418389031039965e+00) (7, 1.47247704356876198517e+02) (8, -1.10777589247590135813e+00) (9, 2.91928043718557290731e+01) (10, 3.25423055145812734068e+00) (11, 3.28117319827425246714e+00) (12, -2.24372339572412693443e+00) 
