FANN_FLO_2.1
num_layers=3
learning_rate=0.700000
connection_rate=1.000000
network_type=0
learning_momentum=0.000000
training_algorithm=2
train_error_function=1
train_stop_function=1
cascade_output_change_fraction=0.010000
quickprop_decay=-0.000100
quickprop_mu=1.750000
rprop_increase_factor=1.200000
rprop_decrease_factor=0.500000
rprop_delta_min=0.000000
rprop_delta_max=50.000000
rprop_delta_zero=0.100000
cascade_output_stagnation_epochs=12
cascade_candidate_change_fraction=0.010000
cascade_candidate_stagnation_epochs=12
cascade_max_out_epochs=150
cascade_min_out_epochs=50
cascade_max_cand_epochs=150
cascade_min_cand_epochs=50
cascade_num_candidate_groups=2
bit_fail_limit=1.00000000000000005551e-01
cascade_candidate_limit=1.00000000000000000000e+03
cascade_weight_multiplier=4.00000000000000022204e-01
cascade_activation_functions_count=10
cascade_activation_functions=3 5 7 8 10 11 14 15 16 17 
cascade_activation_steepnesses_count=4
cascade_activation_steepnesses=2.50000000000000000000e-01 5.00000000000000000000e-01 7.50000000000000000000e-01 1.00000000000000000000e+00 
layer_sizes=9 4 2 
scale_included=0
neurons (num_inputs, activation_function, activation_steepness)=(0, 0, 0.00000000000000000000e+00) (0, 0, 0.00000000000000000000e+00) (0, 0, 0.00000000000000000000e+00) (0, 0, 0.00000000000000000000e+00) (0, 0, 0.00000000000000000000e+00) (0, 0, 0.00000000000000000000e+00) (0, 0, 0.00000000000000000000e+00) (0, 0, 0.00000000000000000000e+00) (0, 0, 0.00000000000000000000e+00) (9, 6, 5.00000000000000000000e-01) (9, 6, 5.00000000000000000000e-01) (9, 6, 5.00000000000000000000e-01) (0, 6, 0.00000000000000000000e+00) (4, 4, 5.00000000000000000000e-01) (0, 4, 0.00000000000000000000e+00) 
connections (connected_to_neuron, weight)=(0, 2.33641459954252761477e+00) (1, 1.04144156479754229849e+02) (2, 9.75279086553477836397e-01) (3, 4.31219510944288342280e-01) (4, 2.32117669416402128135e+00) (5, 1.01184385485806527250e+00) (6, 1.04244488270499488181e+02) (7, 1.96616387812669457524e+00) (8, 3.28403640045064770803e+00) (0, -1.26441659958393648466e+00) (1, 1.18008291401550280852e+02) (2, 1.19163363084193174579e+00) (3, 1.71037113664351836384e+00) (4, 4.19412408892258170567e-01) (5, 4.63088333861070566844e-02) (6, 1.18142678633913504882e+02) (7, 9.47810556374068968744e-01) (8, -1.17974235195931975717e+00) (0, -1.37576296360523775419e+00) (1, 1.18123461858019339843e+02) (2, 1.85586276376883163586e+00) (3, 1.54558757690392867268e+00) (4, -7.08754826666188053608e-02) (5, 9.92624566213327202968e-02) (6, 1.18075908423051345153e+02) (7, -3.95476778417594709847e-01) (8, -1.80029146850007659708e+00) (9, -1.57076511127295126435e+00) (10, 1.06002016610971203647e+01) (11, 1.14441911067551735925e+01) (12, -1.12704558003959243173e+00) 
