FANN_FLO_2.1
num_layers=3
learning_rate=0.700000
connection_rate=1.000000
network_type=0
learning_momentum=0.000000
training_algorithm=2
train_error_function=1
train_stop_function=1
cascade_output_change_fraction=0.010000
quickprop_decay=-0.000100
quickprop_mu=1.750000
rprop_increase_factor=1.200000
rprop_decrease_factor=0.500000
rprop_delta_min=0.000000
rprop_delta_max=50.000000
rprop_delta_zero=0.100000
cascade_output_stagnation_epochs=12
cascade_candidate_change_fraction=0.010000
cascade_candidate_stagnation_epochs=12
cascade_max_out_epochs=150
cascade_min_out_epochs=50
cascade_max_cand_epochs=150
cascade_min_cand_epochs=50
cascade_num_candidate_groups=2
bit_fail_limit=1.00000000000000005551e-01
cascade_candidate_limit=1.00000000000000000000e+03
cascade_weight_multiplier=4.00000000000000022204e-01
cascade_activation_functions_count=10
cascade_activation_functions=3 5 7 8 10 11 14 15 16 17 
cascade_activation_steepnesses_count=4
cascade_activation_steepnesses=2.50000000000000000000e-01 5.00000000000000000000e-01 7.50000000000000000000e-01 1.00000000000000000000e+00 
layer_sizes=6 4 2 
scale_included=0
neurons (num_inputs, activation_function, activation_steepness)=(0, 0, 0.00000000000000000000e+00) (0, 0, 0.00000000000000000000e+00) (0, 0, 0.00000000000000000000e+00) (0, 0, 0.00000000000000000000e+00) (0, 0, 0.00000000000000000000e+00) (0, 0, 0.00000000000000000000e+00) (6, 6, 5.00000000000000000000e-01) (6, 6, 5.00000000000000000000e-01) (6, 6, 5.00000000000000000000e-01) (0, 6, 0.00000000000000000000e+00) (4, 4, 5.00000000000000000000e-01) (0, 4, 0.00000000000000000000e+00) 
connections (connected_to_neuron, weight)=(0, 1.85211515809578108893e+00) (1, -4.26229331134731648234e+00) (2, 6.69583359239782294203e-01) (3, 1.49304977027962415548e+00) (4, 1.92971728380006957160e+00) (5, 2.33603439799402012866e+00) (0, -7.10455106830451876831e-01) (1, 5.51478998417322330283e+00) (2, 3.82753942679188163822e-01) (3, -8.21406497963984127963e-01) (4, -7.00131432022377597768e-01) (5, -2.52738091785842700077e+00) (0, -1.11550843011068545607e-01) (1, 2.20731617694516568662e+00) (2, 8.43341603524247751533e-02) (3, -5.10943345143378802042e-01) (4, -1.51979004632162295607e-01) (5, -2.92690155695604525832e-01) (6, -4.25644065437001284380e+00) (7, 4.77263559645073520699e+00) (8, 3.03753363699376155438e+00) (9, -2.42286731366450114322e+00) 
