FANN_FLO_2.1
num_layers=3
learning_rate=0.700000
connection_rate=1.000000
network_type=0
learning_momentum=0.000000
training_algorithm=2
train_error_function=1
train_stop_function=1
cascade_output_change_fraction=0.010000
quickprop_decay=-0.000100
quickprop_mu=1.750000
rprop_increase_factor=1.200000
rprop_decrease_factor=0.500000
rprop_delta_min=0.000000
rprop_delta_max=50.000000
rprop_delta_zero=0.100000
cascade_output_stagnation_epochs=12
cascade_candidate_change_fraction=0.010000
cascade_candidate_stagnation_epochs=12
cascade_max_out_epochs=150
cascade_min_out_epochs=50
cascade_max_cand_epochs=150
cascade_min_cand_epochs=50
cascade_num_candidate_groups=2
bit_fail_limit=1.00000000000000005551e-01
cascade_candidate_limit=1.00000000000000000000e+03
cascade_weight_multiplier=4.00000000000000022204e-01
cascade_activation_functions_count=10
cascade_activation_functions=3 5 7 8 10 11 14 15 16 17 
cascade_activation_steepnesses_count=4
cascade_activation_steepnesses=2.50000000000000000000e-01 5.00000000000000000000e-01 7.50000000000000000000e-01 1.00000000000000000000e+00 
layer_sizes=15 4 2 
scale_included=0
neurons (num_inputs, activation_function, activation_steepness)=(0, 0, 0.00000000000000000000e+00) (0, 0, 0.00000000000000000000e+00) (0, 0, 0.00000000000000000000e+00) (0, 0, 0.00000000000000000000e+00) (0, 0, 0.00000000000000000000e+00) (0, 0, 0.00000000000000000000e+00) (0, 0, 0.00000000000000000000e+00) (0, 0, 0.00000000000000000000e+00) (0, 0, 0.00000000000000000000e+00) (0, 0, 0.00000000000000000000e+00) (0, 0, 0.00000000000000000000e+00) (0, 0, 0.00000000000000000000e+00) (0, 0, 0.00000000000000000000e+00) (0, 0, 0.00000000000000000000e+00) (0, 0, 0.00000000000000000000e+00) (15, 6, 5.00000000000000000000e-01) (15, 6, 5.00000000000000000000e-01) (15, 6, 5.00000000000000000000e-01) (0, 6, 0.00000000000000000000e+00) (4, 4, 5.00000000000000000000e-01) (0, 4, 0.00000000000000000000e+00) 
connections (connected_to_neuron, weight)=(0, -1.75239415568198353412e+00) (1, 2.62945362700110241150e+00) (2, 6.99851912742750581486e+00) (3, 1.42227207812031353207e-01) (4, 3.61099360258398116574e-02) (5, 1.99932200191137088297e+00) (6, -1.37574563465986132726e+00) (7, 2.01181227098738890646e+00) (8, 2.72767398607203359617e+00) (9, 4.80499078409559388092e+00) (10, 1.95234511266369126226e+00) (11, 2.60752037893924981660e+00) (12, 6.66100650732081800420e-01) (13, 1.47349179045438671842e+00) (14, -9.63266124215898966732e-01) (0, 6.50206483015546599091e+00) (1, -8.51448367241738668376e-01) (2, -1.09119981675098163265e+01) (3, 1.42097803393135757588e+00) (4, -2.16579152678250619335e-01) (5, 2.38415685257900777927e+00) (6, 4.24488633989325148121e+00) (7, 2.36559916325184094177e+00) (8, -1.26344267909633423130e+00) (9, -3.40612834635826033924e-01) (10, 2.56770393449925737883e+00) (11, -8.20759886445548092482e-01) (12, 1.59865721479512479242e+00) (13, -7.95556828291366979755e-01) (14, -2.29410618220011652824e+00) (0, 3.03568665825378714018e+00) (1, -6.61721610510419022688e+00) (2, -2.26749154354184545568e+00) (3, -7.33302028935409300203e-01) (4, 1.34456901712041254626e+00) (5, -3.79580937758475212007e+00) (6, 3.24635723491264549523e+00) (7, -3.97908393367948409747e+00) (8, -6.82564946640867731276e+00) (9, 2.96328382308163007508e+00) (10, -3.58888247780961266997e+00) (11, -6.75856895065613905160e+00) (12, 2.10172715931615217144e+00) (13, 4.14368335074083748992e+00) (14, 2.39424288330672707659e+00) (15, 1.55624031268812963447e+01) (16, 2.42248363105842443588e+01) (17, -1.66721660237264686089e+01) (18, -8.64061177256136847546e-01) 
