FANN_FLO_2.1
num_layers=3
learning_rate=0.700000
connection_rate=1.000000
network_type=0
learning_momentum=0.000000
training_algorithm=2
train_error_function=1
train_stop_function=1
cascade_output_change_fraction=0.010000
quickprop_decay=-0.000100
quickprop_mu=1.750000
rprop_increase_factor=1.200000
rprop_decrease_factor=0.500000
rprop_delta_min=0.000000
rprop_delta_max=50.000000
rprop_delta_zero=0.100000
cascade_output_stagnation_epochs=12
cascade_candidate_change_fraction=0.010000
cascade_candidate_stagnation_epochs=12
cascade_max_out_epochs=150
cascade_min_out_epochs=50
cascade_max_cand_epochs=150
cascade_min_cand_epochs=50
cascade_num_candidate_groups=2
bit_fail_limit=1.00000000000000005551e-01
cascade_candidate_limit=1.00000000000000000000e+03
cascade_weight_multiplier=4.00000000000000022204e-01
cascade_activation_functions_count=10
cascade_activation_functions=3 5 7 8 10 11 14 15 16 17 
cascade_activation_steepnesses_count=4
cascade_activation_steepnesses=2.50000000000000000000e-01 5.00000000000000000000e-01 7.50000000000000000000e-01 1.00000000000000000000e+00 
layer_sizes=10 4 2 
scale_included=0
neurons (num_inputs, activation_function, activation_steepness)=(0, 0, 0.00000000000000000000e+00) (0, 0, 0.00000000000000000000e+00) (0, 0, 0.00000000000000000000e+00) (0, 0, 0.00000000000000000000e+00) (0, 0, 0.00000000000000000000e+00) (0, 0, 0.00000000000000000000e+00) (0, 0, 0.00000000000000000000e+00) (0, 0, 0.00000000000000000000e+00) (0, 0, 0.00000000000000000000e+00) (0, 0, 0.00000000000000000000e+00) (10, 6, 5.00000000000000000000e-01) (10, 6, 5.00000000000000000000e-01) (10, 6, 5.00000000000000000000e-01) (0, 6, 0.00000000000000000000e+00) (4, 4, 5.00000000000000000000e-01) (0, 4, 0.00000000000000000000e+00) 
connections (connected_to_neuron, weight)=(0, -1.44880071584931902073e+00) (1, 5.88428051759924564124e+00) (2, 1.22123299535518065051e-01) (3, -5.71004105528639227529e-01) (4, -1.38401525025121263646e+00) (5, -9.72831137536816270561e-01) (6, 9.37376156413606553830e-02) (7, -9.13095869182400377007e-01) (8, -8.42134282051376970024e-01) (9, -9.07578244863800676079e-01) (0, -8.55420065935860285400e-01) (1, 1.05305400662065618000e+00) (2, 5.53412907574261092591e-02) (3, 1.36769958139304481648e-01) (4, -7.30076691027889856933e-01) (5, 3.44294489086686555934e-02) (6, 1.79845648333796348517e-01) (7, -5.20330562530935958332e-02) (8, 1.09008730114518587184e-02) (9, -4.19246225892485335773e-02) (0, -7.57840185579071290434e-01) (1, 1.08531687754035988114e+00) (2, 4.67444694879061817261e-01) (3, 7.44831406722760991368e-03) (4, -9.33232552524814851225e-01) (5, -7.25143682300029013277e-02) (6, 5.73775443526513218018e-01) (7, -4.14587536946227408485e-01) (8, -1.37489868336814424765e-01) (9, -2.50494983135638310534e-02) (10, 5.89781428863730106116e+00) (11, 8.59054454007158185824e-01) (12, 6.86894642701687985209e-01) (13, -1.30934591148845247410e+00) 
