FANN_FLO_2.1
num_layers=3
learning_rate=0.700000
connection_rate=1.000000
network_type=0
learning_momentum=0.000000
training_algorithm=2
train_error_function=1
train_stop_function=1
cascade_output_change_fraction=0.010000
quickprop_decay=-0.000100
quickprop_mu=1.750000
rprop_increase_factor=1.200000
rprop_decrease_factor=0.500000
rprop_delta_min=0.000000
rprop_delta_max=50.000000
rprop_delta_zero=0.100000
cascade_output_stagnation_epochs=12
cascade_candidate_change_fraction=0.010000
cascade_candidate_stagnation_epochs=12
cascade_max_out_epochs=150
cascade_min_out_epochs=50
cascade_max_cand_epochs=150
cascade_min_cand_epochs=50
cascade_num_candidate_groups=2
bit_fail_limit=1.00000000000000005551e-01
cascade_candidate_limit=1.00000000000000000000e+03
cascade_weight_multiplier=4.00000000000000022204e-01
cascade_activation_functions_count=10
cascade_activation_functions=3 5 7 8 10 11 14 15 16 17 
cascade_activation_steepnesses_count=4
cascade_activation_steepnesses=2.50000000000000000000e-01 5.00000000000000000000e-01 7.50000000000000000000e-01 1.00000000000000000000e+00 
layer_sizes=13 4 2 
scale_included=0
neurons (num_inputs, activation_function, activation_steepness)=(0, 0, 0.00000000000000000000e+00) (0, 0, 0.00000000000000000000e+00) (0, 0, 0.00000000000000000000e+00) (0, 0, 0.00000000000000000000e+00) (0, 0, 0.00000000000000000000e+00) (0, 0, 0.00000000000000000000e+00) (0, 0, 0.00000000000000000000e+00) (0, 0, 0.00000000000000000000e+00) (0, 0, 0.00000000000000000000e+00) (0, 0, 0.00000000000000000000e+00) (0, 0, 0.00000000000000000000e+00) (0, 0, 0.00000000000000000000e+00) (0, 0, 0.00000000000000000000e+00) (13, 6, 5.00000000000000000000e-01) (13, 6, 5.00000000000000000000e-01) (13, 6, 5.00000000000000000000e-01) (0, 6, 0.00000000000000000000e+00) (4, 4, 5.00000000000000000000e-01) (0, 4, 0.00000000000000000000e+00) 
connections (connected_to_neuron, weight)=(0, 3.77820503111173122690e+00) (1, -3.28597778173830867843e+00) (2, -1.60192341827474304949e+00) (3, -2.33760071490193332977e+00) (4, 4.48406096820242516809e-01) (5, -3.81627433715797526048e+00) (6, -2.05464736656201196752e+00) (7, -3.64148060611283552745e+00) (8, 3.02295199623044430481e+00) (9, -3.31633085245643943750e+00) (10, -2.13294170661852255932e+00) (11, -1.98126154257938780212e+00) (12, 3.85721032465983881821e+00) (0, 2.52212830636781193405e+00) (1, -3.42170227410939098434e+00) (2, -1.71810531341157624041e+00) (3, -8.96113193457931167529e-01) (4, 3.84498488430388196679e-01) (5, -3.91022488816119295763e+00) (6, -1.63122689175321999855e+00) (7, -2.54547964838637064133e+00) (8, 1.90159686444629993929e+00) (9, -3.30378499860321372950e+00) (10, -2.10808324306294814221e+00) (11, -2.50179429485566240388e+00) (12, 3.81678362335254206528e+00) (0, -1.64128074115302013958e+00) (1, 1.96672771790245071166e+00) (2, 2.11446824118675458237e+00) (3, 8.89129485856817503020e-01) (4, -3.98398097544532658887e+00) (5, 4.28010250155351545942e-01) (6, 2.69933171760832424368e-01) (7, 2.46543711439754353876e+00) (8, -1.69019621108612949634e+00) (9, 6.23431065419873808864e-01) (10, 9.66876957487390553680e-01) (11, 8.94086670052335996672e-01) (12, -1.62151196664359020794e+00) (13, -2.37331974135398793280e+00) (14, -4.41360350805586421075e+00) (15, 2.38366234254716768959e+00) (16, -9.58863279260871670395e-01) 
