FANN_FLO_2.1
num_layers=3
learning_rate=0.700000
connection_rate=1.000000
network_type=0
learning_momentum=0.000000
training_algorithm=2
train_error_function=1
train_stop_function=1
cascade_output_change_fraction=0.010000
quickprop_decay=-0.000100
quickprop_mu=1.750000
rprop_increase_factor=1.200000
rprop_decrease_factor=0.500000
rprop_delta_min=0.000000
rprop_delta_max=50.000000
rprop_delta_zero=0.100000
cascade_output_stagnation_epochs=12
cascade_candidate_change_fraction=0.010000
cascade_candidate_stagnation_epochs=12
cascade_max_out_epochs=150
cascade_min_out_epochs=50
cascade_max_cand_epochs=150
cascade_min_cand_epochs=50
cascade_num_candidate_groups=2
bit_fail_limit=1.00000000000000005551e-01
cascade_candidate_limit=1.00000000000000000000e+03
cascade_weight_multiplier=4.00000000000000022204e-01
cascade_activation_functions_count=10
cascade_activation_functions=3 5 7 8 10 11 14 15 16 17 
cascade_activation_steepnesses_count=4
cascade_activation_steepnesses=2.50000000000000000000e-01 5.00000000000000000000e-01 7.50000000000000000000e-01 1.00000000000000000000e+00 
layer_sizes=10 4 2 
scale_included=0
neurons (num_inputs, activation_function, activation_steepness)=(0, 0, 0.00000000000000000000e+00) (0, 0, 0.00000000000000000000e+00) (0, 0, 0.00000000000000000000e+00) (0, 0, 0.00000000000000000000e+00) (0, 0, 0.00000000000000000000e+00) (0, 0, 0.00000000000000000000e+00) (0, 0, 0.00000000000000000000e+00) (0, 0, 0.00000000000000000000e+00) (0, 0, 0.00000000000000000000e+00) (0, 0, 0.00000000000000000000e+00) (10, 6, 5.00000000000000000000e-01) (10, 6, 5.00000000000000000000e-01) (10, 6, 5.00000000000000000000e-01) (0, 6, 0.00000000000000000000e+00) (4, 4, 5.00000000000000000000e-01) (0, 4, 0.00000000000000000000e+00) 
connections (connected_to_neuron, weight)=(0, -5.11102959511726351316e-01) (1, 5.45678817222882583948e-01) (2, 1.94408529433867038883e+00) (3, 1.60926066702875858461e+00) (4, 1.65106632556067167705e-01) (5, -1.47544630765895901092e+00) (6, 4.89694058925227271306e-01) (7, -1.41767030642557301245e-01) (8, -3.97687262390269680168e+00) (9, -1.08144117867892974871e+00) (0, -8.47413799568065284618e-01) (1, 2.42785510063271647851e+00) (2, 7.09318749569007755973e-01) (3, 5.05020479425090651482e-01) (4, -5.51763097202400132346e-01) (5, -2.57463812339906505944e-01) (6, 1.19408666016020270639e+00) (7, -1.97491736492845193496e+00) (8, -5.40087003117016895004e+00) (9, -2.96753655630950741173e-01) (0, 2.92952367566749494188e+00) (1, -1.67450768845254538419e+00) (2, -2.61661464975383273313e+00) (3, 1.48685970824069779717e+00) (4, 3.45043336028834746187e-01) (5, 1.09616998474394167218e+00) (6, -9.82773779763519073072e+00) (7, 5.53810250215297372733e+00) (8, 9.16423716593046222556e-01) (9, 1.46449506441884680363e+00) (10, 1.66000683779907709514e+00) (11, 7.17472448532494055939e+00) (12, -8.19624525642807633119e+00) (13, -3.38518737994108587230e+00) 
