FANN_FLO_2.1
num_layers=3
learning_rate=0.700000
connection_rate=1.000000
network_type=0
learning_momentum=0.000000
training_algorithm=2
train_error_function=1
train_stop_function=1
cascade_output_change_fraction=0.010000
quickprop_decay=-0.000100
quickprop_mu=1.750000
rprop_increase_factor=1.200000
rprop_decrease_factor=0.500000
rprop_delta_min=0.000000
rprop_delta_max=50.000000
rprop_delta_zero=0.100000
cascade_output_stagnation_epochs=12
cascade_candidate_change_fraction=0.010000
cascade_candidate_stagnation_epochs=12
cascade_max_out_epochs=150
cascade_min_out_epochs=50
cascade_max_cand_epochs=150
cascade_min_cand_epochs=50
cascade_num_candidate_groups=2
bit_fail_limit=1.00000000000000005551e-01
cascade_candidate_limit=1.00000000000000000000e+03
cascade_weight_multiplier=4.00000000000000022204e-01
cascade_activation_functions_count=10
cascade_activation_functions=3 5 7 8 10 11 14 15 16 17 
cascade_activation_steepnesses_count=4
cascade_activation_steepnesses=2.50000000000000000000e-01 5.00000000000000000000e-01 7.50000000000000000000e-01 1.00000000000000000000e+00 
layer_sizes=17 4 2 
scale_included=0
neurons (num_inputs, activation_function, activation_steepness)=(0, 0, 0.00000000000000000000e+00) (0, 0, 0.00000000000000000000e+00) (0, 0, 0.00000000000000000000e+00) (0, 0, 0.00000000000000000000e+00) (0, 0, 0.00000000000000000000e+00) (0, 0, 0.00000000000000000000e+00) (0, 0, 0.00000000000000000000e+00) (0, 0, 0.00000000000000000000e+00) (0, 0, 0.00000000000000000000e+00) (0, 0, 0.00000000000000000000e+00) (0, 0, 0.00000000000000000000e+00) (0, 0, 0.00000000000000000000e+00) (0, 0, 0.00000000000000000000e+00) (0, 0, 0.00000000000000000000e+00) (0, 0, 0.00000000000000000000e+00) (0, 0, 0.00000000000000000000e+00) (0, 0, 0.00000000000000000000e+00) (17, 6, 5.00000000000000000000e-01) (17, 6, 5.00000000000000000000e-01) (17, 6, 5.00000000000000000000e-01) (0, 6, 0.00000000000000000000e+00) (4, 4, 5.00000000000000000000e-01) (0, 4, 0.00000000000000000000e+00) 
connections (connected_to_neuron, weight)=(0, -8.28395192880449826589e+00) (1, 2.13371953530742342053e+00) (2, 5.48239518021865990249e-01) (3, 4.29156894581309428238e-02) (4, 5.59145632271437875715e-01) (5, -1.66521757113611257317e+00) (6, 3.90786895956703830279e+01) (7, 6.85571374975460390289e-01) (8, -8.72339634554296861069e-01) (9, 4.27501562252140476783e-01) (10, -1.52751883881961858513e+00) (11, 2.01071584260137292688e+00) (12, 4.29802230270648066845e-02) (13, -1.65483812155035314717e+00) (14, 1.00928566624902149584e+00) (15, 1.34556155359535090099e+00) (16, 6.44820156535545474519e-02) (0, 1.07510802163029239864e+01) (1, -1.21668519676065400859e+00) (2, -2.04710697602973823450e+00) (3, -1.05724447015773570513e+00) (4, -2.01912957634813788887e-01) (5, 3.04388642266568698602e+00) (6, 2.21151226163468876962e+01) (7, -5.68729843125261758097e-01) (8, 1.76332644610040700783e+00) (9, -5.22223996160426917612e-01) (10, 3.01458118811425723749e+00) (11, -1.58295676207787394674e+00) (12, 1.59676429434443017952e-01) (13, 2.32836488589287293749e+00) (14, -7.88014590659355196323e-01) (15, -4.18443140915277067560e-01) (16, 1.57795945708653989614e-01) (0, -1.19190130435332051206e+01) (1, 2.03653401298953751208e+00) (2, 6.11273553287311921522e-01) (3, 6.53833436565390002659e-02) (4, 5.23582297448783151594e-01) (5, -1.65407940762912786248e+00) (6, 3.92055170070239711322e+01) (7, 1.14333354464044978371e+00) (8, -5.71226840633238475142e-01) (9, 4.35473698392010166724e-01) (10, -1.62033414113199270012e+00) (11, 1.89562278276355433704e+00) (12, 4.82735029133105342236e-02) (13, -1.55865328298714933553e+00) (14, 1.01810634528778476415e+00) (15, 9.15134204332720413433e-01) (16, 1.40084763153497326993e-01) (17, 6.96676496408143730577e+00) (18, -4.66918180705245955409e+00) (19, 8.21109573984187868234e+00) (20, 1.57636933534758327813e-01) 
