FANN_FLO_2.1
num_layers=3
learning_rate=0.700000
connection_rate=1.000000
network_type=0
learning_momentum=0.000000
training_algorithm=2
train_error_function=1
train_stop_function=1
cascade_output_change_fraction=0.010000
quickprop_decay=-0.000100
quickprop_mu=1.750000
rprop_increase_factor=1.200000
rprop_decrease_factor=0.500000
rprop_delta_min=0.000000
rprop_delta_max=50.000000
rprop_delta_zero=0.100000
cascade_output_stagnation_epochs=12
cascade_candidate_change_fraction=0.010000
cascade_candidate_stagnation_epochs=12
cascade_max_out_epochs=150
cascade_min_out_epochs=50
cascade_max_cand_epochs=150
cascade_min_cand_epochs=50
cascade_num_candidate_groups=2
bit_fail_limit=1.00000000000000005551e-01
cascade_candidate_limit=1.00000000000000000000e+03
cascade_weight_multiplier=4.00000000000000022204e-01
cascade_activation_functions_count=10
cascade_activation_functions=3 5 7 8 10 11 14 15 16 17 
cascade_activation_steepnesses_count=4
cascade_activation_steepnesses=2.50000000000000000000e-01 5.00000000000000000000e-01 7.50000000000000000000e-01 1.00000000000000000000e+00 
layer_sizes=17 4 2 
scale_included=0
neurons (num_inputs, activation_function, activation_steepness)=(0, 0, 0.00000000000000000000e+00) (0, 0, 0.00000000000000000000e+00) (0, 0, 0.00000000000000000000e+00) (0, 0, 0.00000000000000000000e+00) (0, 0, 0.00000000000000000000e+00) (0, 0, 0.00000000000000000000e+00) (0, 0, 0.00000000000000000000e+00) (0, 0, 0.00000000000000000000e+00) (0, 0, 0.00000000000000000000e+00) (0, 0, 0.00000000000000000000e+00) (0, 0, 0.00000000000000000000e+00) (0, 0, 0.00000000000000000000e+00) (0, 0, 0.00000000000000000000e+00) (0, 0, 0.00000000000000000000e+00) (0, 0, 0.00000000000000000000e+00) (0, 0, 0.00000000000000000000e+00) (0, 0, 0.00000000000000000000e+00) (17, 6, 5.00000000000000000000e-01) (17, 6, 5.00000000000000000000e-01) (17, 6, 5.00000000000000000000e-01) (0, 6, 0.00000000000000000000e+00) (4, 4, 5.00000000000000000000e-01) (0, 4, 0.00000000000000000000e+00) 
connections (connected_to_neuron, weight)=(0, -2.12956463562613507179e+00) (1, 1.77426126278905260669e+00) (2, 5.10431848184593417450e-01) (3, 3.31806004225067230351e-01) (4, 4.09401785551129471230e+00) (5, 1.28259899157985346463e+00) (6, 1.47328652000454529691e+00) (7, 1.90162840927952969672e+00) (8, -3.58083778519060147438e-01) (9, -2.58105838198091519509e-01) (10, 1.65558464132217753040e+00) (11, 1.47899794449066135371e+00) (12, 4.40978627739171624711e-01) (13, 5.12783784276197307506e-01) (14, 2.10571673364247446969e+00) (15, 1.65550025117146493159e+00) (16, -4.49658982057883738204e-01) (0, 2.03373078399623796741e+00) (1, -2.82666280681245396522e+00) (2, -1.01949952001618271424e+00) (3, 6.21620992916321224442e-01) (4, -8.60083311495292157645e-01) (5, -1.77204608324206702719e+00) (6, -3.09134646039785065952e+00) (7, -3.03967066388906159702e+00) (8, 1.05083502309891385629e+00) (9, 1.21409942694112582551e+00) (10, -2.83617083543889592079e+00) (11, -2.87818319457732707534e+00) (12, -1.00463630220721333863e+00) (13, 4.78861638665329381048e-01) (14, -1.54681072826520349395e+00) (15, -3.00139562952373806226e+00) (16, 2.35749677083043840398e+00) (0, -3.93107414931679777226e-01) (1, 8.31180314205587800203e-01) (2, 1.57509083951552186775e+00) (3, 5.12988817543129638210e-01) (4, 8.92819075711164700238e-01) (5, 7.31626257426766679615e-01) (6, 8.05080392020657842345e-01) (7, 1.48127731529501360797e+00) (8, -1.91642902336640663652e-01) (9, 6.62465298427701437811e-02) (10, 7.34689618133009370027e-01) (11, 1.03555034152790526036e+00) (12, 1.21231909859463193868e+00) (13, 5.96617352777670806319e-01) (14, 1.43250457926258056851e+00) (15, 6.98218651509844190350e-01) (16, -4.08441609533144400768e-01) (17, 7.04981802083582853591e-01) (18, -2.50238958050996487259e+01) (19, 8.20080745613407713357e-01) (20, -9.13976780912154063152e-01) 
