FANN_FLO_2.1
num_layers=3
learning_rate=0.700000
connection_rate=1.000000
network_type=0
learning_momentum=0.000000
training_algorithm=2
train_error_function=1
train_stop_function=1
cascade_output_change_fraction=0.010000
quickprop_decay=-0.000100
quickprop_mu=1.750000
rprop_increase_factor=1.200000
rprop_decrease_factor=0.500000
rprop_delta_min=0.000000
rprop_delta_max=50.000000
rprop_delta_zero=0.100000
cascade_output_stagnation_epochs=12
cascade_candidate_change_fraction=0.010000
cascade_candidate_stagnation_epochs=12
cascade_max_out_epochs=150
cascade_min_out_epochs=50
cascade_max_cand_epochs=150
cascade_min_cand_epochs=50
cascade_num_candidate_groups=2
bit_fail_limit=1.00000000000000005551e-01
cascade_candidate_limit=1.00000000000000000000e+03
cascade_weight_multiplier=4.00000000000000022204e-01
cascade_activation_functions_count=10
cascade_activation_functions=3 5 7 8 10 11 14 15 16 17 
cascade_activation_steepnesses_count=4
cascade_activation_steepnesses=2.50000000000000000000e-01 5.00000000000000000000e-01 7.50000000000000000000e-01 1.00000000000000000000e+00 
layer_sizes=12 4 2 
scale_included=0
neurons (num_inputs, activation_function, activation_steepness)=(0, 0, 0.00000000000000000000e+00) (0, 0, 0.00000000000000000000e+00) (0, 0, 0.00000000000000000000e+00) (0, 0, 0.00000000000000000000e+00) (0, 0, 0.00000000000000000000e+00) (0, 0, 0.00000000000000000000e+00) (0, 0, 0.00000000000000000000e+00) (0, 0, 0.00000000000000000000e+00) (0, 0, 0.00000000000000000000e+00) (0, 0, 0.00000000000000000000e+00) (0, 0, 0.00000000000000000000e+00) (0, 0, 0.00000000000000000000e+00) (12, 6, 5.00000000000000000000e-01) (12, 6, 5.00000000000000000000e-01) (12, 6, 5.00000000000000000000e-01) (0, 6, 0.00000000000000000000e+00) (4, 4, 5.00000000000000000000e-01) (0, 4, 0.00000000000000000000e+00) 
connections (connected_to_neuron, weight)=(0, -7.34246471580849657812e-01) (1, 1.48697993706871578468e+00) (2, 6.76595552716792794645e-04) (3, 9.69382660422642095099e-01) (4, 3.29327046730750971903e+00) (5, -5.44209737617504685225e-01) (6, 5.48478924192949190974e-01) (7, 6.49306393192046304996e-01) (8, 2.85119695755205793120e-01) (9, 2.52592770498826224568e-01) (10, 1.04070482424746035832e+00) (11, -8.11947131213532458105e-01) (0, -1.02029356059011777624e+00) (1, 1.48194120205447621430e+00) (2, 5.02126395505339273573e-02) (3, 9.82003824744542175296e-01) (4, 4.03718971795616177189e+00) (5, -8.55295978519932331707e-01) (6, 2.86715220931221703715e-01) (7, 6.52184549298200133549e-01) (8, 3.94088274034224195219e-01) (9, 3.74724874713406319593e-01) (10, 6.07763783176427763166e-01) (11, -9.52314001287787759154e-01) (0, 2.12877500617486514756e+00) (1, -2.45174936508580909589e+00) (2, 1.48025823732680861244e-01) (3, -1.62374671347649934816e+00) (4, -2.70364988748992596257e+00) (5, 3.20793932102910250848e+00) (6, -2.78149911039571495763e+00) (7, -2.50954733442792621290e+00) (8, -1.59963724377015270584e+00) (9, -1.23285095277480438725e+00) (10, 2.04554367638151601838e-01) (11, 2.08028887937078765802e+00) (12, 3.95363643033792255821e+00) (13, 3.91180586083223102989e+00) (14, -2.14658791829345467761e+01) (15, -2.26688195197949271531e+00) 
