FANN_FLO_2.1
num_layers=3
learning_rate=0.700000
connection_rate=1.000000
network_type=0
learning_momentum=0.000000
training_algorithm=2
train_error_function=1
train_stop_function=1
cascade_output_change_fraction=0.010000
quickprop_decay=-0.000100
quickprop_mu=1.750000
rprop_increase_factor=1.200000
rprop_decrease_factor=0.500000
rprop_delta_min=0.000000
rprop_delta_max=50.000000
rprop_delta_zero=0.100000
cascade_output_stagnation_epochs=12
cascade_candidate_change_fraction=0.010000
cascade_candidate_stagnation_epochs=12
cascade_max_out_epochs=150
cascade_min_out_epochs=50
cascade_max_cand_epochs=150
cascade_min_cand_epochs=50
cascade_num_candidate_groups=2
bit_fail_limit=1.00000000000000005551e-01
cascade_candidate_limit=1.00000000000000000000e+03
cascade_weight_multiplier=4.00000000000000022204e-01
cascade_activation_functions_count=10
cascade_activation_functions=3 5 7 8 10 11 14 15 16 17 
cascade_activation_steepnesses_count=4
cascade_activation_steepnesses=2.50000000000000000000e-01 5.00000000000000000000e-01 7.50000000000000000000e-01 1.00000000000000000000e+00 
layer_sizes=7 4 2 
scale_included=0
neurons (num_inputs, activation_function, activation_steepness)=(0, 0, 0.00000000000000000000e+00) (0, 0, 0.00000000000000000000e+00) (0, 0, 0.00000000000000000000e+00) (0, 0, 0.00000000000000000000e+00) (0, 0, 0.00000000000000000000e+00) (0, 0, 0.00000000000000000000e+00) (0, 0, 0.00000000000000000000e+00) (7, 6, 5.00000000000000000000e-01) (7, 6, 5.00000000000000000000e-01) (7, 6, 5.00000000000000000000e-01) (0, 6, 0.00000000000000000000e+00) (4, 4, 5.00000000000000000000e-01) (0, 4, 0.00000000000000000000e+00) 
connections (connected_to_neuron, weight)=(0, 5.35536756827308058071e-01) (1, 2.36402055392658771993e+00) (2, 1.38363930560858272578e+00) (3, 7.51879666282443070990e-01) (4, 7.88947617922321153827e-01) (5, 1.50000000000000000000e+03) (6, -1.58275902979992322273e+00) (0, 5.49235938205195783901e-01) (1, 2.44391581932699741841e+00) (2, 1.35076633446128391292e+00) (3, 7.72211913301257157904e-01) (4, 7.43175281498924089618e-01) (5, 1.50000000000000000000e+03) (6, -1.56726366990230969733e+00) (0, 4.78746903777092003285e-01) (1, 4.03436037613327336260e+00) (2, 8.73220370453489769247e-01) (3, 6.30119713502343614664e+00) (4, -2.23558408586102119742e+00) (5, 1.45475337264286645222e+03) (6, -8.15565554772129774896e-01) (7, 4.71097491299320196845e+01) (8, 1.09579279353688548326e+02) (9, 6.23786737126181556334e+00) (10, -1.52837919407509259528e+00) 
