FANN_FLO_2.1
num_layers=3
learning_rate=0.700000
connection_rate=1.000000
network_type=0
learning_momentum=0.000000
training_algorithm=2
train_error_function=1
train_stop_function=1
cascade_output_change_fraction=0.010000
quickprop_decay=-0.000100
quickprop_mu=1.750000
rprop_increase_factor=1.200000
rprop_decrease_factor=0.500000
rprop_delta_min=0.000000
rprop_delta_max=50.000000
rprop_delta_zero=0.100000
cascade_output_stagnation_epochs=12
cascade_candidate_change_fraction=0.010000
cascade_candidate_stagnation_epochs=12
cascade_max_out_epochs=150
cascade_min_out_epochs=50
cascade_max_cand_epochs=150
cascade_min_cand_epochs=50
cascade_num_candidate_groups=2
bit_fail_limit=1.00000000000000005551e-01
cascade_candidate_limit=1.00000000000000000000e+03
cascade_weight_multiplier=4.00000000000000022204e-01
cascade_activation_functions_count=10
cascade_activation_functions=3 5 7 8 10 11 14 15 16 17 
cascade_activation_steepnesses_count=4
cascade_activation_steepnesses=2.50000000000000000000e-01 5.00000000000000000000e-01 7.50000000000000000000e-01 1.00000000000000000000e+00 
layer_sizes=13 4 2 
scale_included=0
neurons (num_inputs, activation_function, activation_steepness)=(0, 0, 0.00000000000000000000e+00) (0, 0, 0.00000000000000000000e+00) (0, 0, 0.00000000000000000000e+00) (0, 0, 0.00000000000000000000e+00) (0, 0, 0.00000000000000000000e+00) (0, 0, 0.00000000000000000000e+00) (0, 0, 0.00000000000000000000e+00) (0, 0, 0.00000000000000000000e+00) (0, 0, 0.00000000000000000000e+00) (0, 0, 0.00000000000000000000e+00) (0, 0, 0.00000000000000000000e+00) (0, 0, 0.00000000000000000000e+00) (0, 0, 0.00000000000000000000e+00) (13, 6, 5.00000000000000000000e-01) (13, 6, 5.00000000000000000000e-01) (13, 6, 5.00000000000000000000e-01) (0, 6, 0.00000000000000000000e+00) (4, 4, 5.00000000000000000000e-01) (0, 4, 0.00000000000000000000e+00) 
connections (connected_to_neuron, weight)=(0, -2.80268802014582985027e-01) (1, 1.37783044134556020843e+00) (2, -4.69036921731732892038e-01) (3, -2.50328430919029176760e-01) (4, 1.40368527157149380891e+00) (5, 3.51857453948761500495e-02) (6, 2.72257140043714507271e+00) (7, -5.76767563229098195743e-02) (8, -2.48050791880933541034e-01) (9, -3.05927083106206573748e-03) (10, 2.54465107636936749280e-01) (11, -4.62297711845396086527e-01) (12, -3.85519853500121467693e-01) (0, -3.39039950338595630353e-01) (1, 1.29824146931349004852e+00) (2, -6.02576263121865851602e-01) (3, -1.52862409142829835940e-01) (4, 1.42708006211214266656e+00) (5, -1.60885542267059158950e-02) (6, 2.71435527268388732125e+00) (7, -1.39178225338984995485e-01) (8, -1.26274509093610598498e-01) (9, 1.38731682279570334160e-02) (10, 1.26270514743813094816e-01) (11, -3.81283428843973315470e-01) (12, -3.95772128072970630353e-01) (0, -1.90752961114057595360e+00) (1, 2.01608823220114130592e+00) (2, 2.45832283699726428239e+00) (3, -8.44488170930178805307e-01) (4, 2.12706991040730519771e+00) (5, -1.56867308417547213217e+00) (6, 2.07419805843808680024e+00) (7, 8.38561056715501074166e-01) (8, 1.23245909367107464583e+00) (9, 1.98663196771542582830e+00) (10, -3.58371243416589657649e-01) (11, 1.56410864335190091801e+00) (12, -2.24430134529957525658e+00) (13, 1.04147925406717267727e+00) (14, 1.04730369329475370144e+00) (15, 2.16666562297502700574e+01) (16, -2.00938703492292392028e+00) 
