FANN_FLO_2.1
num_layers=3
learning_rate=0.700000
connection_rate=1.000000
network_type=0
learning_momentum=0.000000
training_algorithm=2
train_error_function=1
train_stop_function=1
cascade_output_change_fraction=0.010000
quickprop_decay=-0.000100
quickprop_mu=1.750000
rprop_increase_factor=1.200000
rprop_decrease_factor=0.500000
rprop_delta_min=0.000000
rprop_delta_max=50.000000
rprop_delta_zero=0.100000
cascade_output_stagnation_epochs=12
cascade_candidate_change_fraction=0.010000
cascade_candidate_stagnation_epochs=12
cascade_max_out_epochs=150
cascade_min_out_epochs=50
cascade_max_cand_epochs=150
cascade_min_cand_epochs=50
cascade_num_candidate_groups=2
bit_fail_limit=1.00000000000000005551e-01
cascade_candidate_limit=1.00000000000000000000e+03
cascade_weight_multiplier=4.00000000000000022204e-01
cascade_activation_functions_count=10
cascade_activation_functions=3 5 7 8 10 11 14 15 16 17 
cascade_activation_steepnesses_count=4
cascade_activation_steepnesses=2.50000000000000000000e-01 5.00000000000000000000e-01 7.50000000000000000000e-01 1.00000000000000000000e+00 
layer_sizes=15 4 2 
scale_included=0
neurons (num_inputs, activation_function, activation_steepness)=(0, 0, 0.00000000000000000000e+00) (0, 0, 0.00000000000000000000e+00) (0, 0, 0.00000000000000000000e+00) (0, 0, 0.00000000000000000000e+00) (0, 0, 0.00000000000000000000e+00) (0, 0, 0.00000000000000000000e+00) (0, 0, 0.00000000000000000000e+00) (0, 0, 0.00000000000000000000e+00) (0, 0, 0.00000000000000000000e+00) (0, 0, 0.00000000000000000000e+00) (0, 0, 0.00000000000000000000e+00) (0, 0, 0.00000000000000000000e+00) (0, 0, 0.00000000000000000000e+00) (0, 0, 0.00000000000000000000e+00) (0, 0, 0.00000000000000000000e+00) (15, 6, 5.00000000000000000000e-01) (15, 6, 5.00000000000000000000e-01) (15, 6, 5.00000000000000000000e-01) (0, 6, 0.00000000000000000000e+00) (4, 4, 5.00000000000000000000e-01) (0, 4, 0.00000000000000000000e+00) 
connections (connected_to_neuron, weight)=(0, 2.17987219567902901218e+00) (1, -2.11520711535314065443e+00) (2, -2.53307522059810796833e+00) (3, -7.56077368201589355978e-02) (4, 4.47350880019741659055e-01) (5, -1.90427729383592247991e+00) (6, -1.83928382506785803585e+00) (7, 1.05785639711993617595e+00) (8, -1.66631471284896681695e+00) (9, 1.21348294659936128959e+00) (10, -4.97253958274794627403e-01) (11, -2.00434350483876277949e+00) (12, -9.72904415205370853847e-01) (13, -1.89889669811672456845e+00) (14, 2.36326030220397420578e+00) (0, 2.38234817761259876079e+00) (1, -2.18450248659840928767e+00) (2, -2.62496187509430090046e+00) (3, -6.13125909509038974354e-02) (4, 5.46401024314653316338e-01) (5, -1.86698922411088541473e+00) (6, -1.92046886047540121822e+00) (7, 8.39899780879489910035e-01) (8, -1.69802298316032240777e+00) (9, 1.37521472820423618089e+00) (10, 1.79894287660208401780e-01) (11, 1.65264522536784752571e-01) (12, -1.09884660072649653628e+00) (13, -1.78029629981464654342e+00) (14, 2.25091881628640555491e+00) (0, 2.22410285051473044504e+00) (1, -2.10098196023801309096e+00) (2, -2.61309856147897878742e+00) (3, -7.58102286996221313986e-02) (4, 5.13300069126378932793e-01) (5, -1.90657013550881981878e+00) (6, -1.83388608059106283932e+00) (7, 9.73857202915128894460e-01) (8, -1.68731008016735861688e+00) (9, 1.43191676834009662400e+00) (10, -4.93187964101506282066e-01) (11, -1.97772208117705439179e+00) (12, -1.09337725244487415921e+00) (13, -1.90902364647335298642e+00) (14, 2.29866898383506246262e+00) (15, -1.91958067826185221350e+01) (16, -3.23146377891652969438e+00) (17, -9.47549586811970812050e+00) (18, -1.13718025043109483008e+00) 
