FANN_FLO_2.1
num_layers=3
learning_rate=0.700000
connection_rate=1.000000
network_type=0
learning_momentum=0.000000
training_algorithm=2
train_error_function=1
train_stop_function=1
cascade_output_change_fraction=0.010000
quickprop_decay=-0.000100
quickprop_mu=1.750000
rprop_increase_factor=1.200000
rprop_decrease_factor=0.500000
rprop_delta_min=0.000000
rprop_delta_max=50.000000
rprop_delta_zero=0.100000
cascade_output_stagnation_epochs=12
cascade_candidate_change_fraction=0.010000
cascade_candidate_stagnation_epochs=12
cascade_max_out_epochs=150
cascade_min_out_epochs=50
cascade_max_cand_epochs=150
cascade_min_cand_epochs=50
cascade_num_candidate_groups=2
bit_fail_limit=1.00000000000000005551e-01
cascade_candidate_limit=1.00000000000000000000e+03
cascade_weight_multiplier=4.00000000000000022204e-01
cascade_activation_functions_count=10
cascade_activation_functions=3 5 7 8 10 11 14 15 16 17 
cascade_activation_steepnesses_count=4
cascade_activation_steepnesses=2.50000000000000000000e-01 5.00000000000000000000e-01 7.50000000000000000000e-01 1.00000000000000000000e+00 
layer_sizes=15 4 2 
scale_included=0
neurons (num_inputs, activation_function, activation_steepness)=(0, 0, 0.00000000000000000000e+00) (0, 0, 0.00000000000000000000e+00) (0, 0, 0.00000000000000000000e+00) (0, 0, 0.00000000000000000000e+00) (0, 0, 0.00000000000000000000e+00) (0, 0, 0.00000000000000000000e+00) (0, 0, 0.00000000000000000000e+00) (0, 0, 0.00000000000000000000e+00) (0, 0, 0.00000000000000000000e+00) (0, 0, 0.00000000000000000000e+00) (0, 0, 0.00000000000000000000e+00) (0, 0, 0.00000000000000000000e+00) (0, 0, 0.00000000000000000000e+00) (0, 0, 0.00000000000000000000e+00) (0, 0, 0.00000000000000000000e+00) (15, 6, 5.00000000000000000000e-01) (15, 6, 5.00000000000000000000e-01) (15, 6, 5.00000000000000000000e-01) (0, 6, 0.00000000000000000000e+00) (4, 4, 5.00000000000000000000e-01) (0, 4, 0.00000000000000000000e+00) 
connections (connected_to_neuron, weight)=(0, -7.82996932191578576266e+00) (1, -1.58598162330615077842e-01) (2, 3.08313987451622484315e+00) (3, -9.32260514283082208919e-01) (4, -1.07218702950921729311e+00) (5, 1.55677978910427394776e-01) (6, -8.02086136323541865067e+00) (7, -6.96207835170683964066e+00) (8, 6.45035105293797483839e-01) (9, 3.65214206144492052886e+01) (10, 2.10965890907470488003e+00) (11, -2.23997231568591148587e+00) (12, 2.99461556854989430221e+00) (13, 6.19365488770888483749e-01) (14, -1.88743080188425627064e+00) (0, -1.64010465611031119870e+00) (1, 5.71474475328511744010e+00) (2, -2.55507568831730580428e+00) (3, 5.17454774973502011903e+01) (4, -5.40066140912249692541e-01) (5, -2.42302396301928513189e-01) (6, -8.54418616659095020438e-01) (7, -1.08771986880442139700e+00) (8, -4.13532361011731519618e-01) (9, -2.08476994344323918185e+00) (10, -1.50000000000000000000e+03) (11, -1.50000000000000000000e+03) (12, 1.49499717285799729183e+01) (13, 5.24892224834274756518e+00) (14, -4.04576715993113023018e+00) (0, -5.58654825636412888379e-01) (1, 3.23632246151544719637e-02) (2, -3.71578417040133390792e-01) (3, -9.82858549238405987403e-01) (4, -2.02287870923037627069e-01) (5, 3.28478450326386184344e+00) (6, -5.77871392155586138806e-01) (7, 3.04129882811924368013e+00) (8, 2.62043455557281523838e+00) (9, -6.60348608401670755796e+00) (10, -2.20560754555119364895e+00) (11, 1.41705355807369954846e+01) (12, -8.23666911557544290101e-02) (13, -4.59979924715009869107e-01) (14, 6.01455731236903323733e-01) (15, 2.13886511329980315566e+01) (16, 1.32018044419494717800e+01) (17, 2.33290103813732443427e+01) (18, -9.58900992221156989181e-01) 
