FANN_FLO_2.1
num_layers=3
learning_rate=0.700000
connection_rate=1.000000
network_type=0
learning_momentum=0.000000
training_algorithm=2
train_error_function=1
train_stop_function=1
cascade_output_change_fraction=0.010000
quickprop_decay=-0.000100
quickprop_mu=1.750000
rprop_increase_factor=1.200000
rprop_decrease_factor=0.500000
rprop_delta_min=0.000000
rprop_delta_max=50.000000
rprop_delta_zero=0.100000
cascade_output_stagnation_epochs=12
cascade_candidate_change_fraction=0.010000
cascade_candidate_stagnation_epochs=12
cascade_max_out_epochs=150
cascade_min_out_epochs=50
cascade_max_cand_epochs=150
cascade_min_cand_epochs=50
cascade_num_candidate_groups=2
bit_fail_limit=1.00000000000000005551e-01
cascade_candidate_limit=1.00000000000000000000e+03
cascade_weight_multiplier=4.00000000000000022204e-01
cascade_activation_functions_count=10
cascade_activation_functions=3 5 7 8 10 11 14 15 16 17 
cascade_activation_steepnesses_count=4
cascade_activation_steepnesses=2.50000000000000000000e-01 5.00000000000000000000e-01 7.50000000000000000000e-01 1.00000000000000000000e+00 
layer_sizes=9 4 2 
scale_included=0
neurons (num_inputs, activation_function, activation_steepness)=(0, 0, 0.00000000000000000000e+00) (0, 0, 0.00000000000000000000e+00) (0, 0, 0.00000000000000000000e+00) (0, 0, 0.00000000000000000000e+00) (0, 0, 0.00000000000000000000e+00) (0, 0, 0.00000000000000000000e+00) (0, 0, 0.00000000000000000000e+00) (0, 0, 0.00000000000000000000e+00) (0, 0, 0.00000000000000000000e+00) (9, 6, 5.00000000000000000000e-01) (9, 6, 5.00000000000000000000e-01) (9, 6, 5.00000000000000000000e-01) (0, 6, 0.00000000000000000000e+00) (4, 4, 5.00000000000000000000e-01) (0, 4, 0.00000000000000000000e+00) 
connections (connected_to_neuron, weight)=(0, -1.44765688264864733625e+00) (1, 1.64345484740256786438e+00) (2, 2.14998770810490613670e+00) (3, -6.41620729023840485894e-01) (4, -1.09799453209414435428e-01) (5, 2.23547685400907036879e+00) (6, 3.69618288610365497426e-02) (7, -1.03131560287064760750e+00) (8, -4.44619542639958731378e-01) (0, -6.93594376290257663698e+00) (1, 3.37872909417192479609e+00) (2, 5.30745921530502240415e+00) (3, -4.02986953096839695121e+00) (4, -2.00864720183476608284e+00) (5, 2.90104697452028270632e+00) (6, 9.54286596598336700481e-01) (7, -4.54647848635701912201e+00) (8, -1.77439173414526241146e+00) (0, -4.82422074119866017838e+00) (1, 3.19214256431690079907e+00) (2, 1.92622222945990229093e+00) (3, -1.11609294940866532464e+00) (4, -1.03413292740225903898e+00) (5, 6.33038607981401546532e-01) (6, 1.13001373543607530614e+00) (7, -1.18066891413238028719e+00) (8, -5.32272259182208662409e-01) (9, 1.00957096492677167454e+00) (10, 1.09623600264583913599e+01) (11, 1.30510408196988803020e+00) (12, -1.80878041998196370521e+00) 
