FANN_FLO_2.1
num_layers=3
learning_rate=0.700000
connection_rate=1.000000
network_type=0
learning_momentum=0.000000
training_algorithm=2
train_error_function=1
train_stop_function=1
cascade_output_change_fraction=0.010000
quickprop_decay=-0.000100
quickprop_mu=1.750000
rprop_increase_factor=1.200000
rprop_decrease_factor=0.500000
rprop_delta_min=0.000000
rprop_delta_max=50.000000
rprop_delta_zero=0.100000
cascade_output_stagnation_epochs=12
cascade_candidate_change_fraction=0.010000
cascade_candidate_stagnation_epochs=12
cascade_max_out_epochs=150
cascade_min_out_epochs=50
cascade_max_cand_epochs=150
cascade_min_cand_epochs=50
cascade_num_candidate_groups=2
bit_fail_limit=1.00000000000000005551e-01
cascade_candidate_limit=1.00000000000000000000e+03
cascade_weight_multiplier=4.00000000000000022204e-01
cascade_activation_functions_count=10
cascade_activation_functions=3 5 7 8 10 11 14 15 16 17 
cascade_activation_steepnesses_count=4
cascade_activation_steepnesses=2.50000000000000000000e-01 5.00000000000000000000e-01 7.50000000000000000000e-01 1.00000000000000000000e+00 
layer_sizes=12 4 2 
scale_included=0
neurons (num_inputs, activation_function, activation_steepness)=(0, 0, 0.00000000000000000000e+00) (0, 0, 0.00000000000000000000e+00) (0, 0, 0.00000000000000000000e+00) (0, 0, 0.00000000000000000000e+00) (0, 0, 0.00000000000000000000e+00) (0, 0, 0.00000000000000000000e+00) (0, 0, 0.00000000000000000000e+00) (0, 0, 0.00000000000000000000e+00) (0, 0, 0.00000000000000000000e+00) (0, 0, 0.00000000000000000000e+00) (0, 0, 0.00000000000000000000e+00) (0, 0, 0.00000000000000000000e+00) (12, 6, 5.00000000000000000000e-01) (12, 6, 5.00000000000000000000e-01) (12, 6, 5.00000000000000000000e-01) (0, 6, 0.00000000000000000000e+00) (4, 4, 5.00000000000000000000e-01) (0, 4, 0.00000000000000000000e+00) 
connections (connected_to_neuron, weight)=(0, -1.63356137690399139117e+00) (1, 4.29451954052808293483e+00) (2, 4.10811437597013018319e+00) (3, 7.27775980052539139820e+00) (4, 5.44083753653185198118e+00) (5, 6.70522006654863389485e+00) (6, 6.20286798610727263537e+00) (7, 1.51743073432904584941e+00) (8, 8.24150243973010532272e+00) (9, -9.99213652910347360780e-01) (10, -4.42911939062383819277e+00) (11, -5.94979064887909281367e+00) (0, 1.79627973154609321682e-01) (1, -4.24089739745797458803e-02) (2, 1.55409260971700519116e-01) (3, -2.77374848167687093614e-01) (4, -1.58955283090327426088e+00) (5, -7.05417711502652888811e+00) (6, -1.89539343391369996539e+00) (7, -1.70318845191536438755e+00) (8, 1.57751607023659257134e-01) (9, 1.49633749747706934485e+00) (10, -1.20651067748749323272e+01) (11, 2.85355772501522386708e-01) (0, 4.53522465032590027523e-01) (1, -1.82230199340800802510e+00) (2, 1.33181877465897913204e+00) (3, -2.80749550840006467656e-01) (4, -1.13714542080610891972e+00) (5, 5.86956114466605161084e+00) (6, -1.39648758857801635891e+00) (7, -1.24459345360672402059e+00) (8, 7.56718309737127836634e-01) (9, -1.92693956395756971212e+00) (10, -8.36241973569704200031e-01) (11, 1.20236039646643799728e+00) (12, 1.02383815957789128248e+01) (13, -3.67788611695063893947e+00) (14, -1.65377439149968132881e+01) (15, -1.37574043805477019831e+00) 
