FANN_FLO_2.1
num_layers=3
learning_rate=0.700000
connection_rate=1.000000
network_type=0
learning_momentum=0.000000
training_algorithm=2
train_error_function=1
train_stop_function=1
cascade_output_change_fraction=0.010000
quickprop_decay=-0.000100
quickprop_mu=1.750000
rprop_increase_factor=1.200000
rprop_decrease_factor=0.500000
rprop_delta_min=0.000000
rprop_delta_max=50.000000
rprop_delta_zero=0.100000
cascade_output_stagnation_epochs=12
cascade_candidate_change_fraction=0.010000
cascade_candidate_stagnation_epochs=12
cascade_max_out_epochs=150
cascade_min_out_epochs=50
cascade_max_cand_epochs=150
cascade_min_cand_epochs=50
cascade_num_candidate_groups=2
bit_fail_limit=1.00000000000000005551e-01
cascade_candidate_limit=1.00000000000000000000e+03
cascade_weight_multiplier=4.00000000000000022204e-01
cascade_activation_functions_count=10
cascade_activation_functions=3 5 7 8 10 11 14 15 16 17 
cascade_activation_steepnesses_count=4
cascade_activation_steepnesses=2.50000000000000000000e-01 5.00000000000000000000e-01 7.50000000000000000000e-01 1.00000000000000000000e+00 
layer_sizes=13 4 2 
scale_included=0
neurons (num_inputs, activation_function, activation_steepness)=(0, 0, 0.00000000000000000000e+00) (0, 0, 0.00000000000000000000e+00) (0, 0, 0.00000000000000000000e+00) (0, 0, 0.00000000000000000000e+00) (0, 0, 0.00000000000000000000e+00) (0, 0, 0.00000000000000000000e+00) (0, 0, 0.00000000000000000000e+00) (0, 0, 0.00000000000000000000e+00) (0, 0, 0.00000000000000000000e+00) (0, 0, 0.00000000000000000000e+00) (0, 0, 0.00000000000000000000e+00) (0, 0, 0.00000000000000000000e+00) (0, 0, 0.00000000000000000000e+00) (13, 6, 5.00000000000000000000e-01) (13, 6, 5.00000000000000000000e-01) (13, 6, 5.00000000000000000000e-01) (0, 6, 0.00000000000000000000e+00) (4, 4, 5.00000000000000000000e-01) (0, 4, 0.00000000000000000000e+00) 
connections (connected_to_neuron, weight)=(0, -1.49249436336404284198e+00) (1, 2.24065882904301894030e+00) (2, 6.84290361384521483856e-01) (3, -3.42371610169451903727e-02) (4, 9.26704730939453130700e-03) (5, -5.55333181195607372693e-01) (6, -6.88955889547441913123e-01) (7, 1.89548337089896046237e+00) (8, -3.22738922071423717242e+00) (9, 8.14070847707169642504e-01) (10, -3.00878329664410915090e-01) (11, -1.37877918518070546883e-01) (12, -1.08533544171829587910e+00) (0, -9.69524464256915852189e-01) (1, 4.66137463608757518507e-01) (2, 2.86228317085710837198e-01) (3, 7.60681644287661967718e-02) (4, 1.63258945217426260088e-01) (5, 1.17586220111407929734e-01) (6, -9.78816450271530538729e-04) (7, 1.78652437461785029704e+00) (8, -8.27587431914958759904e-01) (9, 1.55431789989965374321e-01) (10, 2.15844398012454918856e-01) (11, 1.38410357406433037752e-01) (12, -2.88886108621933673790e-02) (0, -1.02186098689571336351e+00) (1, 6.85734514406696193944e-01) (2, 1.39258703928666816019e+00) (3, 1.21291753223236375980e-01) (4, 9.15713052657206594276e-02) (5, 8.05618773956680855886e-02) (6, -6.21948897901492773338e-03) (7, 6.71248295612267398269e-01) (8, -8.99993419594916743698e-01) (9, 1.14787910516756352930e-01) (10, 7.38404880669672886162e-02) (11, 2.68236774411757493419e-02) (12, 1.00538590922976470154e-02) (13, 1.54313168028541944921e+01) (14, 1.86043761225198700515e+00) (15, 7.31575838220846708104e-01) (16, -1.29097044424339379987e+00) 
