FANN_FLO_2.1
num_layers=3
learning_rate=0.700000
connection_rate=1.000000
network_type=0
learning_momentum=0.000000
training_algorithm=2
train_error_function=1
train_stop_function=1
cascade_output_change_fraction=0.010000
quickprop_decay=-0.000100
quickprop_mu=1.750000
rprop_increase_factor=1.200000
rprop_decrease_factor=0.500000
rprop_delta_min=0.000000
rprop_delta_max=50.000000
rprop_delta_zero=0.100000
cascade_output_stagnation_epochs=12
cascade_candidate_change_fraction=0.010000
cascade_candidate_stagnation_epochs=12
cascade_max_out_epochs=150
cascade_min_out_epochs=50
cascade_max_cand_epochs=150
cascade_min_cand_epochs=50
cascade_num_candidate_groups=2
bit_fail_limit=1.00000000000000005551e-01
cascade_candidate_limit=1.00000000000000000000e+03
cascade_weight_multiplier=4.00000000000000022204e-01
cascade_activation_functions_count=10
cascade_activation_functions=3 5 7 8 10 11 14 15 16 17 
cascade_activation_steepnesses_count=4
cascade_activation_steepnesses=2.50000000000000000000e-01 5.00000000000000000000e-01 7.50000000000000000000e-01 1.00000000000000000000e+00 
layer_sizes=13 4 2 
scale_included=0
neurons (num_inputs, activation_function, activation_steepness)=(0, 0, 0.00000000000000000000e+00) (0, 0, 0.00000000000000000000e+00) (0, 0, 0.00000000000000000000e+00) (0, 0, 0.00000000000000000000e+00) (0, 0, 0.00000000000000000000e+00) (0, 0, 0.00000000000000000000e+00) (0, 0, 0.00000000000000000000e+00) (0, 0, 0.00000000000000000000e+00) (0, 0, 0.00000000000000000000e+00) (0, 0, 0.00000000000000000000e+00) (0, 0, 0.00000000000000000000e+00) (0, 0, 0.00000000000000000000e+00) (0, 0, 0.00000000000000000000e+00) (13, 6, 5.00000000000000000000e-01) (13, 6, 5.00000000000000000000e-01) (13, 6, 5.00000000000000000000e-01) (0, 6, 0.00000000000000000000e+00) (4, 4, 5.00000000000000000000e-01) (0, 4, 0.00000000000000000000e+00) 
connections (connected_to_neuron, weight)=(0, -2.25264369058372793120e+00) (1, 4.79570201256000938628e+00) (2, 4.54339249390271759932e-02) (3, -6.17777139325852209240e-01) (4, -6.77674219389672094493e-01) (5, -6.52554609258885198741e-01) (6, 4.72922101833546104643e+00) (7, -1.06191005060090742917e-01) (8, -7.47078843792195135265e-01) (9, 3.34433531230813541058e-01) (10, -2.35093231032996774488e+00) (11, -1.02755649638009161073e+00) (12, -7.62102410574669653087e-01) (0, -5.28579008705000963353e-01) (1, 8.74685370261054750962e-01) (2, 2.53543047367593088470e-01) (3, 1.04740702651601680362e-01) (4, 1.06908812158311827822e-01) (5, -6.28295992440562334203e-01) (6, 7.68570032799821611924e-01) (7, 2.17877378820439615570e-01) (8, 5.90291758706225910824e-02) (9, 3.61627917825581679523e-01) (10, -2.74740766497913402322e-01) (11, -5.31866487986426439427e-01) (12, -7.96053791711674452181e-02) (0, -1.75614770876648051967e+00) (1, 1.78722097533228030386e+00) (2, 4.07503257917764538654e-01) (3, -5.92288465378643380621e-02) (4, -2.27530421423709550144e-01) (5, -5.59696795374732380957e-01) (6, 1.83312453883173098745e+00) (7, 3.49151383566263073810e-01) (8, -9.38226224062801705816e-02) (9, 6.78242104238277604411e-02) (10, -9.81859776977039633294e-01) (11, -1.23970384766000130128e+00) (12, -1.28526182579791703464e-01) (13, 4.82743486978733482573e+00) (14, 6.98560919064859620065e-01) (15, 7.26141239899973145455e-01) (16, -1.04978357505631536561e+00) 
