FANN_FLO_2.1
num_layers=3
learning_rate=0.700000
connection_rate=1.000000
network_type=0
learning_momentum=0.000000
training_algorithm=2
train_error_function=1
train_stop_function=1
cascade_output_change_fraction=0.010000
quickprop_decay=-0.000100
quickprop_mu=1.750000
rprop_increase_factor=1.200000
rprop_decrease_factor=0.500000
rprop_delta_min=0.000000
rprop_delta_max=50.000000
rprop_delta_zero=0.100000
cascade_output_stagnation_epochs=12
cascade_candidate_change_fraction=0.010000
cascade_candidate_stagnation_epochs=12
cascade_max_out_epochs=150
cascade_min_out_epochs=50
cascade_max_cand_epochs=150
cascade_min_cand_epochs=50
cascade_num_candidate_groups=2
bit_fail_limit=1.00000000000000005551e-01
cascade_candidate_limit=1.00000000000000000000e+03
cascade_weight_multiplier=4.00000000000000022204e-01
cascade_activation_functions_count=10
cascade_activation_functions=3 5 7 8 10 11 14 15 16 17 
cascade_activation_steepnesses_count=4
cascade_activation_steepnesses=2.50000000000000000000e-01 5.00000000000000000000e-01 7.50000000000000000000e-01 1.00000000000000000000e+00 
layer_sizes=7 4 2 
scale_included=0
neurons (num_inputs, activation_function, activation_steepness)=(0, 0, 0.00000000000000000000e+00) (0, 0, 0.00000000000000000000e+00) (0, 0, 0.00000000000000000000e+00) (0, 0, 0.00000000000000000000e+00) (0, 0, 0.00000000000000000000e+00) (0, 0, 0.00000000000000000000e+00) (0, 0, 0.00000000000000000000e+00) (7, 6, 5.00000000000000000000e-01) (7, 6, 5.00000000000000000000e-01) (7, 6, 5.00000000000000000000e-01) (0, 6, 0.00000000000000000000e+00) (4, 4, 5.00000000000000000000e-01) (0, 4, 0.00000000000000000000e+00) 
connections (connected_to_neuron, weight)=(0, 2.51895827489680146360e-01) (1, 1.53283116171308897435e+01) (2, -1.14399346690736880561e+00) (3, 4.59603017695729931802e+00) (4, 2.39990741534308371641e+00) (5, 1.53907081807204626500e+01) (6, -1.53611004864563782668e+00) (0, -7.95845706041542200193e-02) (1, 6.26951108300625303826e+00) (2, -8.52842836703744389126e-01) (3, 3.28231261946155994380e+00) (4, 1.95962703309148333908e+00) (5, 6.32359231436192015252e+00) (6, -4.46308853164237628874e-01) (0, 3.72647320168799256468e-01) (1, 1.54318624386736296117e+01) (2, -1.14468996208273043891e+00) (3, 4.61929991968457898111e+00) (4, 2.24780688209608969785e+00) (5, 1.53086751872846029698e+01) (6, -1.57093859975924332595e+00) (7, 6.94230023368775572834e+00) (8, 1.55638511535179469014e+00) (9, 6.98735397651374068317e+00) (10, -1.59300974895944436049e+00) 
