FANN_FLO_2.1
num_layers=3
learning_rate=0.700000
connection_rate=1.000000
network_type=0
learning_momentum=0.000000
training_algorithm=2
train_error_function=1
train_stop_function=1
cascade_output_change_fraction=0.010000
quickprop_decay=-0.000100
quickprop_mu=1.750000
rprop_increase_factor=1.200000
rprop_decrease_factor=0.500000
rprop_delta_min=0.000000
rprop_delta_max=50.000000
rprop_delta_zero=0.100000
cascade_output_stagnation_epochs=12
cascade_candidate_change_fraction=0.010000
cascade_candidate_stagnation_epochs=12
cascade_max_out_epochs=150
cascade_min_out_epochs=50
cascade_max_cand_epochs=150
cascade_min_cand_epochs=50
cascade_num_candidate_groups=2
bit_fail_limit=1.00000000000000005551e-01
cascade_candidate_limit=1.00000000000000000000e+03
cascade_weight_multiplier=4.00000000000000022204e-01
cascade_activation_functions_count=10
cascade_activation_functions=3 5 7 8 10 11 14 15 16 17 
cascade_activation_steepnesses_count=4
cascade_activation_steepnesses=2.50000000000000000000e-01 5.00000000000000000000e-01 7.50000000000000000000e-01 1.00000000000000000000e+00 
layer_sizes=11 4 2 
scale_included=0
neurons (num_inputs, activation_function, activation_steepness)=(0, 0, 0.00000000000000000000e+00) (0, 0, 0.00000000000000000000e+00) (0, 0, 0.00000000000000000000e+00) (0, 0, 0.00000000000000000000e+00) (0, 0, 0.00000000000000000000e+00) (0, 0, 0.00000000000000000000e+00) (0, 0, 0.00000000000000000000e+00) (0, 0, 0.00000000000000000000e+00) (0, 0, 0.00000000000000000000e+00) (0, 0, 0.00000000000000000000e+00) (0, 0, 0.00000000000000000000e+00) (11, 6, 5.00000000000000000000e-01) (11, 6, 5.00000000000000000000e-01) (11, 6, 5.00000000000000000000e-01) (0, 6, 0.00000000000000000000e+00) (4, 4, 5.00000000000000000000e-01) (0, 4, 0.00000000000000000000e+00) 
connections (connected_to_neuron, weight)=(0, 6.50403441819318972605e-01) (1, -5.85195830741656930485e-01) (2, 2.68011299897197852182e-02) (3, 6.32005698044314501161e-01) (4, -1.84592819145644071455e+00) (5, 4.71627412607714610604e-02) (6, -5.09017454489507525928e-01) (7, 7.15082674117902494793e-01) (8, -3.17627652848763764037e-01) (9, 5.72610452359051502746e-01) (10, 8.70453330283771364861e-02) (0, -2.70376185169051463930e+00) (1, -1.88935620943319104725e+00) (2, -1.33547248139484686646e+00) (3, -3.18594090087909753706e+00) (4, 3.46970539282490904043e+01) (5, 1.07056380061158862294e-01) (6, 5.92999609883139644495e+00) (7, 1.77132730091049097609e+01) (8, 1.07572391233808399846e+01) (9, -2.40901197663645127989e+00) (10, -3.28063966765590742103e-01) (0, 2.40493538781884685918e+00) (1, -1.60928862482812329304e+00) (2, 1.29886040812088565666e+00) (3, -2.82287261581295051416e-02) (4, -8.49936053378311573425e-01) (5, 1.68865528028738820510e+00) (6, -3.13286213415404413141e-01) (7, 3.04041133039648914238e-02) (8, -1.77538629097981209837e-01) (9, 3.20946372039209748550e+00) (10, 3.29149365921237668786e-01) (11, -1.67768940830747204096e+00) (12, 3.16116342420566587279e+00) (13, -1.29529914050802155145e+01) (14, -2.61806732693782295840e+00) 
