FANN_FLO_2.1
num_layers=3
learning_rate=0.700000
connection_rate=1.000000
network_type=0
learning_momentum=0.000000
training_algorithm=2
train_error_function=1
train_stop_function=1
cascade_output_change_fraction=0.010000
quickprop_decay=-0.000100
quickprop_mu=1.750000
rprop_increase_factor=1.200000
rprop_decrease_factor=0.500000
rprop_delta_min=0.000000
rprop_delta_max=50.000000
rprop_delta_zero=0.100000
cascade_output_stagnation_epochs=12
cascade_candidate_change_fraction=0.010000
cascade_candidate_stagnation_epochs=12
cascade_max_out_epochs=150
cascade_min_out_epochs=50
cascade_max_cand_epochs=150
cascade_min_cand_epochs=50
cascade_num_candidate_groups=2
bit_fail_limit=1.00000000000000005551e-01
cascade_candidate_limit=1.00000000000000000000e+03
cascade_weight_multiplier=4.00000000000000022204e-01
cascade_activation_functions_count=10
cascade_activation_functions=3 5 7 8 10 11 14 15 16 17 
cascade_activation_steepnesses_count=4
cascade_activation_steepnesses=2.50000000000000000000e-01 5.00000000000000000000e-01 7.50000000000000000000e-01 1.00000000000000000000e+00 
layer_sizes=10 4 2 
scale_included=0
neurons (num_inputs, activation_function, activation_steepness)=(0, 0, 0.00000000000000000000e+00) (0, 0, 0.00000000000000000000e+00) (0, 0, 0.00000000000000000000e+00) (0, 0, 0.00000000000000000000e+00) (0, 0, 0.00000000000000000000e+00) (0, 0, 0.00000000000000000000e+00) (0, 0, 0.00000000000000000000e+00) (0, 0, 0.00000000000000000000e+00) (0, 0, 0.00000000000000000000e+00) (0, 0, 0.00000000000000000000e+00) (10, 6, 5.00000000000000000000e-01) (10, 6, 5.00000000000000000000e-01) (10, 6, 5.00000000000000000000e-01) (0, 6, 0.00000000000000000000e+00) (4, 4, 5.00000000000000000000e-01) (0, 4, 0.00000000000000000000e+00) 
connections (connected_to_neuron, weight)=(0, -9.35959171635800113442e-01) (1, 1.98686050778010669937e+00) (2, -3.86361171450443185993e-01) (3, -2.60909383433324149060e-01) (4, -3.49773620503407711713e-01) (5, -5.92421301130382826905e-01) (6, -3.28535487192136044232e-01) (7, -2.46128713028889944958e-01) (8, -5.19137133803195927051e-01) (9, -9.68548081947260608437e-01) (0, -4.22812965949465491278e-01) (1, 1.27087441008594659309e+00) (2, -1.85391681587932233288e-01) (3, -1.46048300101233347048e-01) (4, -1.84772499038649423708e-01) (5, -1.90631531311941965212e-01) (6, -2.41716325416041266649e-01) (7, -1.99461318685484750857e-01) (8, -3.11580676104069476118e-01) (9, -4.23422587355066992743e-01) (0, -2.45045728023270514839e-01) (1, 4.27692917667393535108e-01) (2, 5.27035743604323536626e-02) (3, -1.98632835228749332623e-03) (4, -2.91276088245660882969e-02) (5, 5.40789376899518392516e-04) (6, 1.09020020972892581201e-01) (7, 7.17770123593061415423e-02) (8, 3.94686048136367179096e-02) (9, 8.08557651197543483801e-04) (10, 1.86135986598315206209e+01) (11, 7.66094016226870522246e+00) (12, 1.16548836291851767855e-01) (13, -1.20499034500930934932e+00) 
