FANN_FLO_2.1
num_layers=3
learning_rate=0.700000
connection_rate=1.000000
network_type=0
learning_momentum=0.000000
training_algorithm=2
train_error_function=1
train_stop_function=1
cascade_output_change_fraction=0.010000
quickprop_decay=-0.000100
quickprop_mu=1.750000
rprop_increase_factor=1.200000
rprop_decrease_factor=0.500000
rprop_delta_min=0.000000
rprop_delta_max=50.000000
rprop_delta_zero=0.100000
cascade_output_stagnation_epochs=12
cascade_candidate_change_fraction=0.010000
cascade_candidate_stagnation_epochs=12
cascade_max_out_epochs=150
cascade_min_out_epochs=50
cascade_max_cand_epochs=150
cascade_min_cand_epochs=50
cascade_num_candidate_groups=2
bit_fail_limit=1.00000000000000005551e-01
cascade_candidate_limit=1.00000000000000000000e+03
cascade_weight_multiplier=4.00000000000000022204e-01
cascade_activation_functions_count=10
cascade_activation_functions=3 5 7 8 10 11 14 15 16 17 
cascade_activation_steepnesses_count=4
cascade_activation_steepnesses=2.50000000000000000000e-01 5.00000000000000000000e-01 7.50000000000000000000e-01 1.00000000000000000000e+00 
layer_sizes=12 4 2 
scale_included=0
neurons (num_inputs, activation_function, activation_steepness)=(0, 0, 0.00000000000000000000e+00) (0, 0, 0.00000000000000000000e+00) (0, 0, 0.00000000000000000000e+00) (0, 0, 0.00000000000000000000e+00) (0, 0, 0.00000000000000000000e+00) (0, 0, 0.00000000000000000000e+00) (0, 0, 0.00000000000000000000e+00) (0, 0, 0.00000000000000000000e+00) (0, 0, 0.00000000000000000000e+00) (0, 0, 0.00000000000000000000e+00) (0, 0, 0.00000000000000000000e+00) (0, 0, 0.00000000000000000000e+00) (12, 6, 5.00000000000000000000e-01) (12, 6, 5.00000000000000000000e-01) (12, 6, 5.00000000000000000000e-01) (0, 6, 0.00000000000000000000e+00) (4, 4, 5.00000000000000000000e-01) (0, 4, 0.00000000000000000000e+00) 
connections (connected_to_neuron, weight)=(0, 6.21819892275635233148e+00) (1, -1.33052352476969448780e+00) (2, 9.03717246626890458039e-01) (3, -1.08874145371785813197e+00) (4, -4.50000000000000000000e+02) (5, 1.22200725722808101636e+03) (6, 9.90021649476234188114e+02) (7, 1.45689869673878729373e+03) (8, -4.50000000000000000000e+02) (9, 1.36843514040531476894e+03) (10, 1.48953170736957281406e+03) (11, 1.29002667620829525319e+00) (0, -1.12030168529437634817e+01) (1, -5.65997173507006068327e-01) (2, 1.55807924155177754955e+01) (3, 2.82838987722621926224e+00) (4, 1.50000000000000000000e+03) (5, 1.02576554654017400026e+02) (6, -1.97245954803954219869e+02) (7, 1.02563267485103565946e+02) (8, 1.50000000000000000000e+03) (9, 2.30733690194428398001e+00) (10, 8.38009064015118809721e+01) (11, -1.41791157572935877518e+00) (0, -2.99901173265090159603e+00) (1, 8.86326658020071045385e-01) (2, -4.40378379900157757021e+00) (3, 1.37186083419909756742e+01) (4, 1.50000000000000000000e+03) (5, 4.61941136469275249965e+02) (6, 3.84858840255611880821e+02) (7, 1.55934193816106699160e+02) (8, 1.50000000000000000000e+03) (9, 3.65581252040658739588e+02) (10, 1.15885886465272469614e+00) (11, 1.48912208738256640617e-01) (12, -1.00592311895154900014e+01) (13, 6.64134826025637803326e+00) (14, 9.41388486842552474343e+00) (15, -8.80175065122505428938e-01) 
