FANN_FLO_2.1
num_layers=3
learning_rate=0.700000
connection_rate=1.000000
network_type=0
learning_momentum=0.000000
training_algorithm=2
train_error_function=1
train_stop_function=1
cascade_output_change_fraction=0.010000
quickprop_decay=-0.000100
quickprop_mu=1.750000
rprop_increase_factor=1.200000
rprop_decrease_factor=0.500000
rprop_delta_min=0.000000
rprop_delta_max=50.000000
rprop_delta_zero=0.100000
cascade_output_stagnation_epochs=12
cascade_candidate_change_fraction=0.010000
cascade_candidate_stagnation_epochs=12
cascade_max_out_epochs=150
cascade_min_out_epochs=50
cascade_max_cand_epochs=150
cascade_min_cand_epochs=50
cascade_num_candidate_groups=2
bit_fail_limit=1.00000000000000005551e-01
cascade_candidate_limit=1.00000000000000000000e+03
cascade_weight_multiplier=4.00000000000000022204e-01
cascade_activation_functions_count=10
cascade_activation_functions=3 5 7 8 10 11 14 15 16 17 
cascade_activation_steepnesses_count=4
cascade_activation_steepnesses=2.50000000000000000000e-01 5.00000000000000000000e-01 7.50000000000000000000e-01 1.00000000000000000000e+00 
layer_sizes=9 4 2 
scale_included=0
neurons (num_inputs, activation_function, activation_steepness)=(0, 0, 0.00000000000000000000e+00) (0, 0, 0.00000000000000000000e+00) (0, 0, 0.00000000000000000000e+00) (0, 0, 0.00000000000000000000e+00) (0, 0, 0.00000000000000000000e+00) (0, 0, 0.00000000000000000000e+00) (0, 0, 0.00000000000000000000e+00) (0, 0, 0.00000000000000000000e+00) (0, 0, 0.00000000000000000000e+00) (9, 6, 5.00000000000000000000e-01) (9, 6, 5.00000000000000000000e-01) (9, 6, 5.00000000000000000000e-01) (0, 6, 0.00000000000000000000e+00) (4, 4, 5.00000000000000000000e-01) (0, 4, 0.00000000000000000000e+00) 
connections (connected_to_neuron, weight)=(0, -1.23845902048452960464e+00) (1, 3.14567794613661000369e+00) (2, 6.96312872034520857767e-01) (3, 5.67166431433170692422e-01) (4, 1.64025669201817742016e-01) (5, -7.63197195174670439677e-01) (6, 7.93949691763357057184e-02) (7, -1.32351362295850383255e+00) (8, -1.28575894199713336441e+00) (0, 1.76157091960162714983e+00) (1, -1.67097642642833710269e+00) (2, -8.96955957196255204700e-01) (3, -4.27807119538609670339e-01) (4, -1.07079687045495064446e+00) (5, 1.64843068944375636953e+00) (6, -2.64942813471847982143e+00) (7, 1.86987163528651789690e+00) (8, 1.81968455418796137835e+00) (0, -7.65032538297111597281e-01) (1, 7.61237268337456862710e-01) (2, 2.09681662946063518405e+00) (3, 1.06388619782240745337e+00) (4, 5.21415103518879430311e-01) (5, -1.60931926425668531122e-01) (6, 4.66704655730640904920e-01) (7, -1.39413055237504773798e-01) (8, -1.92588572829551690768e-01) (9, 2.64487052647051656962e+00) (10, -1.17315662378827845203e+01) (11, 5.36072660006546408695e-01) (12, -1.03110074240529181466e+00) 
