FANN_FLO_2.1
num_layers=3
learning_rate=0.700000
connection_rate=1.000000
network_type=0
learning_momentum=0.000000
training_algorithm=2
train_error_function=1
train_stop_function=1
cascade_output_change_fraction=0.010000
quickprop_decay=-0.000100
quickprop_mu=1.750000
rprop_increase_factor=1.200000
rprop_decrease_factor=0.500000
rprop_delta_min=0.000000
rprop_delta_max=50.000000
rprop_delta_zero=0.100000
cascade_output_stagnation_epochs=12
cascade_candidate_change_fraction=0.010000
cascade_candidate_stagnation_epochs=12
cascade_max_out_epochs=150
cascade_min_out_epochs=50
cascade_max_cand_epochs=150
cascade_min_cand_epochs=50
cascade_num_candidate_groups=2
bit_fail_limit=1.00000000000000005551e-01
cascade_candidate_limit=1.00000000000000000000e+03
cascade_weight_multiplier=4.00000000000000022204e-01
cascade_activation_functions_count=10
cascade_activation_functions=3 5 7 8 10 11 14 15 16 17 
cascade_activation_steepnesses_count=4
cascade_activation_steepnesses=2.50000000000000000000e-01 5.00000000000000000000e-01 7.50000000000000000000e-01 1.00000000000000000000e+00 
layer_sizes=10 4 2 
scale_included=0
neurons (num_inputs, activation_function, activation_steepness)=(0, 0, 0.00000000000000000000e+00) (0, 0, 0.00000000000000000000e+00) (0, 0, 0.00000000000000000000e+00) (0, 0, 0.00000000000000000000e+00) (0, 0, 0.00000000000000000000e+00) (0, 0, 0.00000000000000000000e+00) (0, 0, 0.00000000000000000000e+00) (0, 0, 0.00000000000000000000e+00) (0, 0, 0.00000000000000000000e+00) (0, 0, 0.00000000000000000000e+00) (10, 6, 5.00000000000000000000e-01) (10, 6, 5.00000000000000000000e-01) (10, 6, 5.00000000000000000000e-01) (0, 6, 0.00000000000000000000e+00) (4, 4, 5.00000000000000000000e-01) (0, 4, 0.00000000000000000000e+00) 
connections (connected_to_neuron, weight)=(0, -8.87122551963921068818e+00) (1, 6.22510381327232753534e+00) (2, 4.01483013679249722827e+00) (3, 3.35933381753321746999e+00) (4, 2.20996208125541704348e+00) (5, 2.10820264389196587729e+00) (6, 2.18814620023051409348e+00) (7, -1.93700300923225943173e+00) (8, 9.47782805759963209447e-01) (9, -6.97110716701363930525e+00) (0, 9.83720434104147112286e-01) (1, -1.95245415766352525822e+00) (2, -1.26104178748866452286e-01) (3, -2.48249463469700892837e-01) (4, -1.72755044605224894472e-01) (5, -2.15307726800523180355e-01) (6, 3.23986459846480057134e-02) (7, 7.17830463712662153464e-02) (8, -1.11752645818949253309e-02) (9, 3.69146486342917745649e-01) (0, -3.35636397829009169858e-01) (1, 1.02295171762528114279e+00) (2, 8.86769762274683959191e-01) (3, 2.27255971080471486090e+00) (4, 3.94550277334260790507e-01) (5, 1.67053647239538416436e-01) (6, 2.68652031266026825040e-01) (7, -1.19955259237577147036e-01) (8, 8.42458783985058912158e-02) (9, -2.38979834528844879704e-02) (10, 4.74441978750371795570e+00) (11, -1.59589022960263449136e+00) (12, 4.96681214289397765516e-01) (13, -2.05768079683532034707e+00) 
