FANN_FLO_2.1
num_layers=3
learning_rate=0.700000
connection_rate=1.000000
network_type=0
learning_momentum=0.000000
training_algorithm=2
train_error_function=1
train_stop_function=1
cascade_output_change_fraction=0.010000
quickprop_decay=-0.000100
quickprop_mu=1.750000
rprop_increase_factor=1.200000
rprop_decrease_factor=0.500000
rprop_delta_min=0.000000
rprop_delta_max=50.000000
rprop_delta_zero=0.100000
cascade_output_stagnation_epochs=12
cascade_candidate_change_fraction=0.010000
cascade_candidate_stagnation_epochs=12
cascade_max_out_epochs=150
cascade_min_out_epochs=50
cascade_max_cand_epochs=150
cascade_min_cand_epochs=50
cascade_num_candidate_groups=2
bit_fail_limit=1.00000000000000005551e-01
cascade_candidate_limit=1.00000000000000000000e+03
cascade_weight_multiplier=4.00000000000000022204e-01
cascade_activation_functions_count=10
cascade_activation_functions=3 5 7 8 10 11 14 15 16 17 
cascade_activation_steepnesses_count=4
cascade_activation_steepnesses=2.50000000000000000000e-01 5.00000000000000000000e-01 7.50000000000000000000e-01 1.00000000000000000000e+00 
layer_sizes=9 4 2 
scale_included=0
neurons (num_inputs, activation_function, activation_steepness)=(0, 0, 0.00000000000000000000e+00) (0, 0, 0.00000000000000000000e+00) (0, 0, 0.00000000000000000000e+00) (0, 0, 0.00000000000000000000e+00) (0, 0, 0.00000000000000000000e+00) (0, 0, 0.00000000000000000000e+00) (0, 0, 0.00000000000000000000e+00) (0, 0, 0.00000000000000000000e+00) (0, 0, 0.00000000000000000000e+00) (9, 6, 5.00000000000000000000e-01) (9, 6, 5.00000000000000000000e-01) (9, 6, 5.00000000000000000000e-01) (0, 6, 0.00000000000000000000e+00) (4, 4, 5.00000000000000000000e-01) (0, 4, 0.00000000000000000000e+00) 
connections (connected_to_neuron, weight)=(0, -4.74996978006842762721e-01) (1, 1.37500551462621217746e-01) (2, -4.77901966312212073129e-02) (3, 4.15461742231511799162e+00) (4, -9.55891812673241192400e-01) (5, -9.90343511026530176622e-01) (6, 9.85382870170652735986e-01) (7, 8.85649542639425413348e-01) (8, -5.44435286484244551630e-01) (0, 1.34268271053177379315e+00) (1, 7.39809741609157023312e-01) (2, 2.06124011073518431658e+00) (3, -1.89155769225341252593e+01) (4, 4.71514566661429657124e-01) (5, 2.90872967087559031185e+00) (6, 6.52808188341964967805e-01) (7, 5.64112932460854032968e-01) (8, 1.21329060072046779339e+00) (0, -9.71761802713907840712e+00) (1, 4.24848145777101215970e+00) (2, 8.91814393623709622538e-01) (3, 2.76495024080423812407e+00) (4, 2.11777652751316791679e+00) (5, -1.16819801544782819747e+00) (6, 4.26440850756256395471e+00) (7, 4.25971595741291331194e+00) (8, -3.51017851861934193636e+00) (9, 6.29241194298852390965e-01) (10, -3.28738106261776863448e+00) (11, 6.69695543245363911211e+00) (12, -2.05054597017647521895e+00) 
