FANN_FLO_2.1
num_layers=3
learning_rate=0.700000
connection_rate=1.000000
network_type=0
learning_momentum=0.000000
training_algorithm=2
train_error_function=1
train_stop_function=1
cascade_output_change_fraction=0.010000
quickprop_decay=-0.000100
quickprop_mu=1.750000
rprop_increase_factor=1.200000
rprop_decrease_factor=0.500000
rprop_delta_min=0.000000
rprop_delta_max=50.000000
rprop_delta_zero=0.100000
cascade_output_stagnation_epochs=12
cascade_candidate_change_fraction=0.010000
cascade_candidate_stagnation_epochs=12
cascade_max_out_epochs=150
cascade_min_out_epochs=50
cascade_max_cand_epochs=150
cascade_min_cand_epochs=50
cascade_num_candidate_groups=2
bit_fail_limit=1.00000000000000005551e-01
cascade_candidate_limit=1.00000000000000000000e+03
cascade_weight_multiplier=4.00000000000000022204e-01
cascade_activation_functions_count=10
cascade_activation_functions=3 5 7 8 10 11 14 15 16 17 
cascade_activation_steepnesses_count=4
cascade_activation_steepnesses=2.50000000000000000000e-01 5.00000000000000000000e-01 7.50000000000000000000e-01 1.00000000000000000000e+00 
layer_sizes=10 4 2 
scale_included=0
neurons (num_inputs, activation_function, activation_steepness)=(0, 0, 0.00000000000000000000e+00) (0, 0, 0.00000000000000000000e+00) (0, 0, 0.00000000000000000000e+00) (0, 0, 0.00000000000000000000e+00) (0, 0, 0.00000000000000000000e+00) (0, 0, 0.00000000000000000000e+00) (0, 0, 0.00000000000000000000e+00) (0, 0, 0.00000000000000000000e+00) (0, 0, 0.00000000000000000000e+00) (0, 0, 0.00000000000000000000e+00) (10, 6, 5.00000000000000000000e-01) (10, 6, 5.00000000000000000000e-01) (10, 6, 5.00000000000000000000e-01) (0, 6, 0.00000000000000000000e+00) (4, 4, 5.00000000000000000000e-01) (0, 4, 0.00000000000000000000e+00) 
connections (connected_to_neuron, weight)=(0, -2.34195981674754571955e+00) (1, 1.14311601866452217102e+00) (2, 3.87299873544850958851e-01) (3, 2.01322662351590214724e-01) (4, 1.15302094162035806413e+00) (5, 2.23841675260075056997e+01) (6, 8.80533859525906459353e-01) (7, -3.88717682993032109806e-01) (8, -8.22366234980308918878e-01) (9, -7.42895063770415142734e-01) (0, -5.38379379854947326400e-01) (1, 1.72809834572999343472e+00) (2, 3.09314873497352316178e-01) (3, 1.39440733939792588236e-01) (4, 1.46369088441516831400e-01) (5, 3.96415258810094428554e+00) (6, 3.73970277224494274115e-01) (7, 3.90203251076706447709e-02) (8, -2.15720645777410791055e-01) (9, 5.18799424175281284621e-02) (0, -5.38131201015263793686e-01) (1, 1.81341771576135024624e+00) (2, 2.41162213547071790920e-01) (3, 1.45982224494602158549e-01) (4, 7.06102065745849438727e-02) (5, 3.89432251319459510341e+00) (6, 2.20405824099494218604e-01) (7, 3.93254263831146755326e-02) (8, -3.21946561030573175088e-01) (9, 3.56545448307056186965e-02) (10, 2.24641704895504439321e+01) (11, 4.22222492418156902794e-01) (12, 4.58392803690301220421e-01) (13, -6.35113094759585328219e-01) 
