FANN_FLO_2.1
num_layers=3
learning_rate=0.700000
connection_rate=1.000000
network_type=0
learning_momentum=0.000000
training_algorithm=2
train_error_function=1
train_stop_function=1
cascade_output_change_fraction=0.010000
quickprop_decay=-0.000100
quickprop_mu=1.750000
rprop_increase_factor=1.200000
rprop_decrease_factor=0.500000
rprop_delta_min=0.000000
rprop_delta_max=50.000000
rprop_delta_zero=0.100000
cascade_output_stagnation_epochs=12
cascade_candidate_change_fraction=0.010000
cascade_candidate_stagnation_epochs=12
cascade_max_out_epochs=150
cascade_min_out_epochs=50
cascade_max_cand_epochs=150
cascade_min_cand_epochs=50
cascade_num_candidate_groups=2
bit_fail_limit=1.00000000000000005551e-01
cascade_candidate_limit=1.00000000000000000000e+03
cascade_weight_multiplier=4.00000000000000022204e-01
cascade_activation_functions_count=10
cascade_activation_functions=3 5 7 8 10 11 14 15 16 17 
cascade_activation_steepnesses_count=4
cascade_activation_steepnesses=2.50000000000000000000e-01 5.00000000000000000000e-01 7.50000000000000000000e-01 1.00000000000000000000e+00 
layer_sizes=11 4 2 
scale_included=0
neurons (num_inputs, activation_function, activation_steepness)=(0, 0, 0.00000000000000000000e+00) (0, 0, 0.00000000000000000000e+00) (0, 0, 0.00000000000000000000e+00) (0, 0, 0.00000000000000000000e+00) (0, 0, 0.00000000000000000000e+00) (0, 0, 0.00000000000000000000e+00) (0, 0, 0.00000000000000000000e+00) (0, 0, 0.00000000000000000000e+00) (0, 0, 0.00000000000000000000e+00) (0, 0, 0.00000000000000000000e+00) (0, 0, 0.00000000000000000000e+00) (11, 6, 5.00000000000000000000e-01) (11, 6, 5.00000000000000000000e-01) (11, 6, 5.00000000000000000000e-01) (0, 6, 0.00000000000000000000e+00) (4, 4, 5.00000000000000000000e-01) (0, 4, 0.00000000000000000000e+00) 
connections (connected_to_neuron, weight)=(0, -5.49148465981238853573e+00) (1, 2.42520844357485643172e+00) (2, -7.12717841346225289278e-01) (3, 1.70993654440704356823e+00) (4, 5.17125120784376157701e+00) (5, 1.42227826441222759968e+00) (6, 2.35621055250422672955e+00) (7, 1.77212776860251253197e+00) (8, -1.78447768273397766592e+00) (9, 2.42297037054510244758e+00) (10, -2.36472542615134662114e+00) (0, 1.84223297696696564074e+00) (1, -8.34703256340499355481e-01) (2, -2.61313001470609949928e-02) (3, 1.21474692096961739418e-01) (4, -5.62275993719105054991e-02) (5, 3.93247431252002843660e-01) (6, -9.63812200262228135905e-01) (7, -5.65394901044138142865e-01) (8, 3.43391535023629235202e-01) (9, 4.16597636963191297887e-02) (10, 3.06458436167634851177e-01) (0, -7.63834357450277501300e+00) (1, 2.80518742113199115451e+00) (2, -5.83405519033327268907e-01) (3, 1.75494390736881267223e+00) (4, 2.57195870882326182993e+00) (5, -1.70401721850562098970e-01) (6, 2.78876473368601018876e+00) (7, 3.01982176853805306393e+00) (8, 6.71848659729233466109e-01) (9, 1.47564056441061786096e+00) (10, -2.15558100087376347531e+00) (11, 7.19741067925881949918e+00) (12, -2.00610248125449475154e+00) (13, 1.89792579929148672591e+01) (14, -1.50400091389359724658e+00) 
