FANN_FLO_2.1
num_layers=3
learning_rate=0.700000
connection_rate=1.000000
network_type=0
learning_momentum=0.000000
training_algorithm=2
train_error_function=1
train_stop_function=1
cascade_output_change_fraction=0.010000
quickprop_decay=-0.000100
quickprop_mu=1.750000
rprop_increase_factor=1.200000
rprop_decrease_factor=0.500000
rprop_delta_min=0.000000
rprop_delta_max=50.000000
rprop_delta_zero=0.100000
cascade_output_stagnation_epochs=12
cascade_candidate_change_fraction=0.010000
cascade_candidate_stagnation_epochs=12
cascade_max_out_epochs=150
cascade_min_out_epochs=50
cascade_max_cand_epochs=150
cascade_min_cand_epochs=50
cascade_num_candidate_groups=2
bit_fail_limit=1.00000000000000005551e-01
cascade_candidate_limit=1.00000000000000000000e+03
cascade_weight_multiplier=4.00000000000000022204e-01
cascade_activation_functions_count=10
cascade_activation_functions=3 5 7 8 10 11 14 15 16 17 
cascade_activation_steepnesses_count=4
cascade_activation_steepnesses=2.50000000000000000000e-01 5.00000000000000000000e-01 7.50000000000000000000e-01 1.00000000000000000000e+00 
layer_sizes=7 4 2 
scale_included=0
neurons (num_inputs, activation_function, activation_steepness)=(0, 0, 0.00000000000000000000e+00) (0, 0, 0.00000000000000000000e+00) (0, 0, 0.00000000000000000000e+00) (0, 0, 0.00000000000000000000e+00) (0, 0, 0.00000000000000000000e+00) (0, 0, 0.00000000000000000000e+00) (0, 0, 0.00000000000000000000e+00) (7, 6, 5.00000000000000000000e-01) (7, 6, 5.00000000000000000000e-01) (7, 6, 5.00000000000000000000e-01) (0, 6, 0.00000000000000000000e+00) (4, 4, 5.00000000000000000000e-01) (0, 4, 0.00000000000000000000e+00) 
connections (connected_to_neuron, weight)=(0, -2.54227386144642686361e-01) (1, 2.17785201523762905751e+00) (2, 7.18678065469989107994e-02) (3, 2.99777823977785684573e-01) (4, 1.31401519131974231502e-01) (5, 2.55431505692318927547e-01) (6, -4.08964135972504527761e-01) (0, 1.65212321000615736111e+00) (1, -3.64984770562372418112e+00) (2, 1.20633275605698853106e+00) (3, 2.46486142116059792073e-01) (4, 3.78926522868146431477e-01) (5, 5.90895743473051182626e-01) (6, 1.17775502599736481280e+00) (0, -9.46826734056344099244e-01) (1, 5.86280575384821567297e+00) (2, -5.50910205054940926850e-01) (3, 1.19341612822225134893e-01) (4, 1.26301624840905707403e-01) (5, -1.22042899252966630108e-01) (6, -1.07302503328548892725e+00) (7, 9.13247254081973824924e-01) (8, -3.05604520225441111947e+00) (9, 5.88020385791983279944e+00) (10, -1.43477870702640841749e+00) 
