FANN_FLO_2.1
num_layers=3
learning_rate=0.700000
connection_rate=1.000000
network_type=0
learning_momentum=0.000000
training_algorithm=2
train_error_function=1
train_stop_function=1
cascade_output_change_fraction=0.010000
quickprop_decay=-0.000100
quickprop_mu=1.750000
rprop_increase_factor=1.200000
rprop_decrease_factor=0.500000
rprop_delta_min=0.000000
rprop_delta_max=50.000000
rprop_delta_zero=0.100000
cascade_output_stagnation_epochs=12
cascade_candidate_change_fraction=0.010000
cascade_candidate_stagnation_epochs=12
cascade_max_out_epochs=150
cascade_min_out_epochs=50
cascade_max_cand_epochs=150
cascade_min_cand_epochs=50
cascade_num_candidate_groups=2
bit_fail_limit=1.00000000000000005551e-01
cascade_candidate_limit=1.00000000000000000000e+03
cascade_weight_multiplier=4.00000000000000022204e-01
cascade_activation_functions_count=10
cascade_activation_functions=3 5 7 8 10 11 14 15 16 17 
cascade_activation_steepnesses_count=4
cascade_activation_steepnesses=2.50000000000000000000e-01 5.00000000000000000000e-01 7.50000000000000000000e-01 1.00000000000000000000e+00 
layer_sizes=12 4 2 
scale_included=0
neurons (num_inputs, activation_function, activation_steepness)=(0, 0, 0.00000000000000000000e+00) (0, 0, 0.00000000000000000000e+00) (0, 0, 0.00000000000000000000e+00) (0, 0, 0.00000000000000000000e+00) (0, 0, 0.00000000000000000000e+00) (0, 0, 0.00000000000000000000e+00) (0, 0, 0.00000000000000000000e+00) (0, 0, 0.00000000000000000000e+00) (0, 0, 0.00000000000000000000e+00) (0, 0, 0.00000000000000000000e+00) (0, 0, 0.00000000000000000000e+00) (0, 0, 0.00000000000000000000e+00) (12, 6, 5.00000000000000000000e-01) (12, 6, 5.00000000000000000000e-01) (12, 6, 5.00000000000000000000e-01) (0, 6, 0.00000000000000000000e+00) (4, 4, 5.00000000000000000000e-01) (0, 4, 0.00000000000000000000e+00) 
connections (connected_to_neuron, weight)=(0, -2.59311358362092603258e+00) (1, 2.01483385060729203175e+00) (2, -1.31606659439606560325e-01) (3, 7.52846039029700264678e+00) (4, -2.61771475849382428969e-01) (5, -7.45145809414727189335e+00) (6, -7.51813861492020585331e+00) (7, 7.59624377581221565947e+00) (8, 3.22432838599865645435e+00) (9, -1.98103807599098580283e+00) (10, -2.65164841985291555027e-01) (11, 5.55288010234720463831e-02) (0, -1.95995043611996111466e+00) (1, 1.71309421125076455361e+00) (2, 3.42100469047520672206e-01) (3, 3.26189157347648928109e+00) (4, -4.14321180709670111586e-01) (5, -2.94367014229267365266e+00) (6, -3.07029818356006867219e+00) (7, 3.13598818312853167001e+00) (8, 1.45651336063183856062e+00) (9, -9.47305909346641161761e-01) (10, -4.72300731798665274219e-01) (11, 1.02098782123591649840e-01) (0, -2.95472311695917122520e+00) (1, 2.13004099373521027516e+00) (2, 2.03783078517481841541e-02) (3, 7.59827015492064461455e+00) (4, -3.64076502399050649927e-01) (5, -7.53849120202404954227e+00) (6, -7.35269213232142426762e+00) (7, 7.61611088308436379180e+00) (8, 3.24204633604471892383e+00) (9, -2.01183204085380973325e+00) (10, -2.76018273494498034282e-01) (11, 6.26353829748996920879e-02) (12, 3.13344048924415741197e+00) (13, 3.07294669590562019579e+00) (14, 3.25412622994154210332e+00) (15, -3.01822603680982071150e-01) 
