FANN_FLO_2.1
num_layers=3
learning_rate=0.700000
connection_rate=1.000000
network_type=0
learning_momentum=0.000000
training_algorithm=2
train_error_function=1
train_stop_function=1
cascade_output_change_fraction=0.010000
quickprop_decay=-0.000100
quickprop_mu=1.750000
rprop_increase_factor=1.200000
rprop_decrease_factor=0.500000
rprop_delta_min=0.000000
rprop_delta_max=50.000000
rprop_delta_zero=0.100000
cascade_output_stagnation_epochs=12
cascade_candidate_change_fraction=0.010000
cascade_candidate_stagnation_epochs=12
cascade_max_out_epochs=150
cascade_min_out_epochs=50
cascade_max_cand_epochs=150
cascade_min_cand_epochs=50
cascade_num_candidate_groups=2
bit_fail_limit=1.00000000000000005551e-01
cascade_candidate_limit=1.00000000000000000000e+03
cascade_weight_multiplier=4.00000000000000022204e-01
cascade_activation_functions_count=10
cascade_activation_functions=3 5 7 8 10 11 14 15 16 17 
cascade_activation_steepnesses_count=4
cascade_activation_steepnesses=2.50000000000000000000e-01 5.00000000000000000000e-01 7.50000000000000000000e-01 1.00000000000000000000e+00 
layer_sizes=7 4 2 
scale_included=0
neurons (num_inputs, activation_function, activation_steepness)=(0, 0, 0.00000000000000000000e+00) (0, 0, 0.00000000000000000000e+00) (0, 0, 0.00000000000000000000e+00) (0, 0, 0.00000000000000000000e+00) (0, 0, 0.00000000000000000000e+00) (0, 0, 0.00000000000000000000e+00) (0, 0, 0.00000000000000000000e+00) (7, 6, 5.00000000000000000000e-01) (7, 6, 5.00000000000000000000e-01) (7, 6, 5.00000000000000000000e-01) (0, 6, 0.00000000000000000000e+00) (4, 4, 5.00000000000000000000e-01) (0, 4, 0.00000000000000000000e+00) 
connections (connected_to_neuron, weight)=(0, 2.16581001513738824471e-01) (1, -5.31458224892650932247e-01) (2, -1.05308280877759133376e-01) (3, -3.97840797057376460710e-01) (4, -1.57843077772554662985e+00) (5, -4.01500956065542369267e-01) (6, 2.41204968092479099528e-01) (0, 4.94681779934053267311e-01) (1, -1.46321163547338306543e+00) (2, 1.36727079733397205441e-02) (3, 4.32239950504770820139e-02) (4, 1.63169768015180641219e-02) (5, -1.07353336453221515079e+00) (6, 6.51070308110092144105e-01) (0, 3.34753039527174101053e+00) (1, -7.83759643584987486520e+00) (2, -1.53040578980504249351e+00) (3, -7.09172070473610460795e+00) (4, -4.69476018518113225042e+00) (5, -8.52731695051789806428e+00) (6, 9.54620112198706749496e+00) (7, -3.47676299284058254457e+00) (8, -2.17168358730025889969e+00) (9, -4.61530718502950154658e+00) (10, -2.01109559284300898341e+00) 
