FANN_FLO_2.1
num_layers=3
learning_rate=0.700000
connection_rate=1.000000
network_type=0
learning_momentum=0.000000
training_algorithm=2
train_error_function=1
train_stop_function=1
cascade_output_change_fraction=0.010000
quickprop_decay=-0.000100
quickprop_mu=1.750000
rprop_increase_factor=1.200000
rprop_decrease_factor=0.500000
rprop_delta_min=0.000000
rprop_delta_max=50.000000
rprop_delta_zero=0.100000
cascade_output_stagnation_epochs=12
cascade_candidate_change_fraction=0.010000
cascade_candidate_stagnation_epochs=12
cascade_max_out_epochs=150
cascade_min_out_epochs=50
cascade_max_cand_epochs=150
cascade_min_cand_epochs=50
cascade_num_candidate_groups=2
bit_fail_limit=1.00000000000000005551e-01
cascade_candidate_limit=1.00000000000000000000e+03
cascade_weight_multiplier=4.00000000000000022204e-01
cascade_activation_functions_count=10
cascade_activation_functions=3 5 7 8 10 11 14 15 16 17 
cascade_activation_steepnesses_count=4
cascade_activation_steepnesses=2.50000000000000000000e-01 5.00000000000000000000e-01 7.50000000000000000000e-01 1.00000000000000000000e+00 
layer_sizes=7 4 2 
scale_included=0
neurons (num_inputs, activation_function, activation_steepness)=(0, 0, 0.00000000000000000000e+00) (0, 0, 0.00000000000000000000e+00) (0, 0, 0.00000000000000000000e+00) (0, 0, 0.00000000000000000000e+00) (0, 0, 0.00000000000000000000e+00) (0, 0, 0.00000000000000000000e+00) (0, 0, 0.00000000000000000000e+00) (7, 6, 5.00000000000000000000e-01) (7, 6, 5.00000000000000000000e-01) (7, 6, 5.00000000000000000000e-01) (0, 6, 0.00000000000000000000e+00) (4, 4, 5.00000000000000000000e-01) (0, 4, 0.00000000000000000000e+00) 
connections (connected_to_neuron, weight)=(0, 1.02771557178141925704e+00) (1, -5.97704769075829478453e-01) (2, -3.42348664775986466502e-01) (3, -2.49641253026664555748e+00) (4, -2.12608751575404131273e+00) (5, -5.48533332497794123839e-01) (6, 1.14553919490220401656e+00) (0, -2.29253399380302841370e-01) (1, 5.53854513165901285454e-01) (2, 1.73565505369662809176e-01) (3, 3.35001605014520253967e-01) (4, 1.38869985406328555477e-01) (5, 6.76856534461643399858e-01) (6, -3.48208541687446623825e-02) (0, -7.24967947589778027861e+00) (1, 5.01507840878166710752e+00) (2, 2.35947962451760062663e+00) (3, 5.23183537007250354378e+00) (4, 1.91611614183087231034e+00) (5, 4.98830511993565117734e+00) (6, -5.38078525107237837233e+00) (7, -2.06446743677311861376e+00) (8, 8.04854171631980919166e-01) (9, 5.81708995363594016936e+00) (10, -1.33510773977089480802e+00) 
