FANN_FLO_2.1
num_layers=3
learning_rate=0.700000
connection_rate=1.000000
network_type=0
learning_momentum=0.000000
training_algorithm=2
train_error_function=1
train_stop_function=1
cascade_output_change_fraction=0.010000
quickprop_decay=-0.000100
quickprop_mu=1.750000
rprop_increase_factor=1.200000
rprop_decrease_factor=0.500000
rprop_delta_min=0.000000
rprop_delta_max=50.000000
rprop_delta_zero=0.100000
cascade_output_stagnation_epochs=12
cascade_candidate_change_fraction=0.010000
cascade_candidate_stagnation_epochs=12
cascade_max_out_epochs=150
cascade_min_out_epochs=50
cascade_max_cand_epochs=150
cascade_min_cand_epochs=50
cascade_num_candidate_groups=2
bit_fail_limit=1.00000000000000005551e-01
cascade_candidate_limit=1.00000000000000000000e+03
cascade_weight_multiplier=4.00000000000000022204e-01
cascade_activation_functions_count=10
cascade_activation_functions=3 5 7 8 10 11 14 15 16 17 
cascade_activation_steepnesses_count=4
cascade_activation_steepnesses=2.50000000000000000000e-01 5.00000000000000000000e-01 7.50000000000000000000e-01 1.00000000000000000000e+00 
layer_sizes=9 4 2 
scale_included=0
neurons (num_inputs, activation_function, activation_steepness)=(0, 0, 0.00000000000000000000e+00) (0, 0, 0.00000000000000000000e+00) (0, 0, 0.00000000000000000000e+00) (0, 0, 0.00000000000000000000e+00) (0, 0, 0.00000000000000000000e+00) (0, 0, 0.00000000000000000000e+00) (0, 0, 0.00000000000000000000e+00) (0, 0, 0.00000000000000000000e+00) (0, 0, 0.00000000000000000000e+00) (9, 6, 5.00000000000000000000e-01) (9, 6, 5.00000000000000000000e-01) (9, 6, 5.00000000000000000000e-01) (0, 6, 0.00000000000000000000e+00) (4, 4, 5.00000000000000000000e-01) (0, 4, 0.00000000000000000000e+00) 
connections (connected_to_neuron, weight)=(0, 9.48262035160015503976e-01) (1, -6.83746764872850931738e+00) (2, 1.03693555335596343525e+00) (3, 1.41107466064954145679e+00) (4, 1.23691927602460260971e+00) (5, 2.98360836889215530476e+00) (6, 1.08100182703007119400e+00) (7, 2.30223801338477584988e-01) (8, 4.14942926171196324603e-01) (0, -3.93034557899484848775e+00) (1, -4.96367049977202601241e-01) (2, 1.37083921753973587698e+01) (3, 3.04288667069867413417e+00) (4, 1.75529226541142691076e+00) (5, 3.77985762840979955257e-01) (6, 3.91059303659288470811e+00) (7, -1.68497655887742858738e+00) (8, -3.48790027720752071616e+00) (0, 5.77213823589487962096e+00) (1, -3.80657533855098195730e+00) (2, -9.44153703725810089509e-01) (3, -2.21615432836449555154e+00) (4, 9.26575295316933500445e-01) (5, -2.23492914421853761109e-01) (6, -2.74930637725937643268e+00) (7, 1.86598987184238862547e+00) (8, 3.85369123441531868934e+00) (9, -2.17687956344133359821e+00) (10, 2.77685007440237896503e+00) (11, -2.03489454602121710991e+00) (12, -2.36991656464881250699e+00) 
