FANN_FLO_2.1
num_layers=3
learning_rate=0.700000
connection_rate=1.000000
network_type=0
learning_momentum=0.000000
training_algorithm=2
train_error_function=1
train_stop_function=1
cascade_output_change_fraction=0.010000
quickprop_decay=-0.000100
quickprop_mu=1.750000
rprop_increase_factor=1.200000
rprop_decrease_factor=0.500000
rprop_delta_min=0.000000
rprop_delta_max=50.000000
rprop_delta_zero=0.100000
cascade_output_stagnation_epochs=12
cascade_candidate_change_fraction=0.010000
cascade_candidate_stagnation_epochs=12
cascade_max_out_epochs=150
cascade_min_out_epochs=50
cascade_max_cand_epochs=150
cascade_min_cand_epochs=50
cascade_num_candidate_groups=2
bit_fail_limit=1.00000000000000005551e-01
cascade_candidate_limit=1.00000000000000000000e+03
cascade_weight_multiplier=4.00000000000000022204e-01
cascade_activation_functions_count=10
cascade_activation_functions=3 5 7 8 10 11 14 15 16 17 
cascade_activation_steepnesses_count=4
cascade_activation_steepnesses=2.50000000000000000000e-01 5.00000000000000000000e-01 7.50000000000000000000e-01 1.00000000000000000000e+00 
layer_sizes=16 4 2 
scale_included=0
neurons (num_inputs, activation_function, activation_steepness)=(0, 0, 0.00000000000000000000e+00) (0, 0, 0.00000000000000000000e+00) (0, 0, 0.00000000000000000000e+00) (0, 0, 0.00000000000000000000e+00) (0, 0, 0.00000000000000000000e+00) (0, 0, 0.00000000000000000000e+00) (0, 0, 0.00000000000000000000e+00) (0, 0, 0.00000000000000000000e+00) (0, 0, 0.00000000000000000000e+00) (0, 0, 0.00000000000000000000e+00) (0, 0, 0.00000000000000000000e+00) (0, 0, 0.00000000000000000000e+00) (0, 0, 0.00000000000000000000e+00) (0, 0, 0.00000000000000000000e+00) (0, 0, 0.00000000000000000000e+00) (0, 0, 0.00000000000000000000e+00) (16, 6, 5.00000000000000000000e-01) (16, 6, 5.00000000000000000000e-01) (16, 6, 5.00000000000000000000e-01) (0, 6, 0.00000000000000000000e+00) (4, 4, 5.00000000000000000000e-01) (0, 4, 0.00000000000000000000e+00) 
connections (connected_to_neuron, weight)=(0, -3.47624433211824523937e+00) (1, 3.53444134312563162936e-01) (2, 3.29527162616138402651e-01) (3, 3.60944893146055711952e-01) (4, 1.87935265130673068157e+00) (5, 2.37421725429045560318e+00) (6, 5.63094660684764880543e-01) (7, 1.41144916078631249556e-01) (8, 4.27346140406869356987e-01) (9, 1.38928790255682965693e+00) (10, 3.81517020218166691414e-01) (11, 1.26864961034170953269e+00) (12, 4.40777041890102472266e-01) (13, 3.00678654407505696611e+00) (14, 1.50198615843101879186e+00) (15, -1.00321971661702633027e-01) (0, -8.53639908827642912570e+00) (1, 1.57438498214180944146e+00) (2, 2.43103885546809755924e-01) (3, 3.35381404285926776332e-01) (4, 1.07774059981969871913e+00) (5, 1.05668235332635940260e+00) (6, 8.28595853924880554331e-01) (7, 1.92497185456864144948e-01) (8, 1.59044031266811747294e+00) (9, 1.03836803706518820967e+00) (10, 1.59877120927269977813e+00) (11, 7.82486080125016192355e-01) (12, 7.84331059867250601769e-01) (13, 1.45488381773889208226e+00) (14, 1.67346675250483434283e+00) (15, -8.18476410727422720726e-01) (0, -3.31896165929576980602e+00) (1, 6.07249449116234130130e-01) (2, 2.13106133643667677857e-01) (3, 5.39461668515699654947e-01) (4, 1.40235403363851762748e+00) (5, 1.31260281854058913353e+00) (6, 4.03634578034580193684e-01) (7, 2.72130176088396846801e-01) (8, 4.75315258167527621147e-01) (9, 1.13493536898841185234e+00) (10, 5.89071185155492504926e-01) (11, 5.25005943597149249413e-01) (12, 3.72789670654016469520e-01) (13, 2.99564572071079915361e+00) (14, 1.35080449345870157174e+00) (15, -1.80500997813984515039e-01) (16, 2.00392264343231607526e+00) (17, 3.42889257238441942377e+01) (18, 1.48235733824603399533e+00) (19, -1.61145863981263248732e+00) 
