FANN_FLO_2.1
num_layers=3
learning_rate=0.700000
connection_rate=1.000000
network_type=0
learning_momentum=0.000000
training_algorithm=2
train_error_function=1
train_stop_function=1
cascade_output_change_fraction=0.010000
quickprop_decay=-0.000100
quickprop_mu=1.750000
rprop_increase_factor=1.200000
rprop_decrease_factor=0.500000
rprop_delta_min=0.000000
rprop_delta_max=50.000000
rprop_delta_zero=0.100000
cascade_output_stagnation_epochs=12
cascade_candidate_change_fraction=0.010000
cascade_candidate_stagnation_epochs=12
cascade_max_out_epochs=150
cascade_min_out_epochs=50
cascade_max_cand_epochs=150
cascade_min_cand_epochs=50
cascade_num_candidate_groups=2
bit_fail_limit=1.00000000000000005551e-01
cascade_candidate_limit=1.00000000000000000000e+03
cascade_weight_multiplier=4.00000000000000022204e-01
cascade_activation_functions_count=10
cascade_activation_functions=3 5 7 8 10 11 14 15 16 17 
cascade_activation_steepnesses_count=4
cascade_activation_steepnesses=2.50000000000000000000e-01 5.00000000000000000000e-01 7.50000000000000000000e-01 1.00000000000000000000e+00 
layer_sizes=9 4 2 
scale_included=0
neurons (num_inputs, activation_function, activation_steepness)=(0, 0, 0.00000000000000000000e+00) (0, 0, 0.00000000000000000000e+00) (0, 0, 0.00000000000000000000e+00) (0, 0, 0.00000000000000000000e+00) (0, 0, 0.00000000000000000000e+00) (0, 0, 0.00000000000000000000e+00) (0, 0, 0.00000000000000000000e+00) (0, 0, 0.00000000000000000000e+00) (0, 0, 0.00000000000000000000e+00) (9, 6, 5.00000000000000000000e-01) (9, 6, 5.00000000000000000000e-01) (9, 6, 5.00000000000000000000e-01) (0, 6, 0.00000000000000000000e+00) (4, 4, 5.00000000000000000000e-01) (0, 4, 0.00000000000000000000e+00) 
connections (connected_to_neuron, weight)=(0, -5.44664375412511780894e+00) (1, 1.51866186748552900454e-01) (2, 1.71398319787241182333e-01) (3, 2.73850186348032176298e+00) (4, 4.79495005535106211259e-01) (5, 2.59823538312652091431e-01) (6, 4.23607529610766775363e+00) (7, 7.31946710201266448337e+00) (8, 8.02157105675239279208e+00) (0, -6.59883858267741540971e-01) (1, -1.15909867732378477068e-01) (2, -1.67393304694128219889e-01) (3, 2.14488408191939511349e-01) (4, -1.12579651718988357767e-01) (5, -3.75284300064454776069e-02) (6, 1.99883771059494785849e-01) (7, 4.36498485112769618599e-01) (8, 2.85647333557823457362e-01) (0, 3.04945780355053042143e-01) (1, 2.80938610815786304897e+00) (2, 3.05519885963752990676e+00) (3, 2.21711422135913993614e+00) (4, 3.25957741769511288865e+00) (5, 4.98918830578802818820e+00) (6, -1.02856352826370400777e+00) (7, -3.75487493194008592479e-01) (8, -5.06568972653357096902e+00) (9, -1.06109448690625662870e+00) (10, -3.31154272016075253759e+02) (11, 9.83711401684162893844e+01) (12, -9.65824225737775821088e-01) 
