FANN_FLO_2.1
num_layers=3
learning_rate=0.700000
connection_rate=1.000000
network_type=0
learning_momentum=0.000000
training_algorithm=2
train_error_function=1
train_stop_function=1
cascade_output_change_fraction=0.010000
quickprop_decay=-0.000100
quickprop_mu=1.750000
rprop_increase_factor=1.200000
rprop_decrease_factor=0.500000
rprop_delta_min=0.000000
rprop_delta_max=50.000000
rprop_delta_zero=0.100000
cascade_output_stagnation_epochs=12
cascade_candidate_change_fraction=0.010000
cascade_candidate_stagnation_epochs=12
cascade_max_out_epochs=150
cascade_min_out_epochs=50
cascade_max_cand_epochs=150
cascade_min_cand_epochs=50
cascade_num_candidate_groups=2
bit_fail_limit=1.00000000000000005551e-01
cascade_candidate_limit=1.00000000000000000000e+03
cascade_weight_multiplier=4.00000000000000022204e-01
cascade_activation_functions_count=10
cascade_activation_functions=3 5 7 8 10 11 14 15 16 17 
cascade_activation_steepnesses_count=4
cascade_activation_steepnesses=2.50000000000000000000e-01 5.00000000000000000000e-01 7.50000000000000000000e-01 1.00000000000000000000e+00 
layer_sizes=11 4 2 
scale_included=0
neurons (num_inputs, activation_function, activation_steepness)=(0, 0, 0.00000000000000000000e+00) (0, 0, 0.00000000000000000000e+00) (0, 0, 0.00000000000000000000e+00) (0, 0, 0.00000000000000000000e+00) (0, 0, 0.00000000000000000000e+00) (0, 0, 0.00000000000000000000e+00) (0, 0, 0.00000000000000000000e+00) (0, 0, 0.00000000000000000000e+00) (0, 0, 0.00000000000000000000e+00) (0, 0, 0.00000000000000000000e+00) (0, 0, 0.00000000000000000000e+00) (11, 6, 5.00000000000000000000e-01) (11, 6, 5.00000000000000000000e-01) (11, 6, 5.00000000000000000000e-01) (0, 6, 0.00000000000000000000e+00) (4, 4, 5.00000000000000000000e-01) (0, 4, 0.00000000000000000000e+00) 
connections (connected_to_neuron, weight)=(0, 6.75613215351831164490e-01) (1, -2.27747511030548643873e+00) (2, -3.71143402887723072858e-01) (3, 2.03929601663959014779e-01) (4, 2.44319150651109179284e-01) (5, 3.86390028948199681924e-01) (6, 9.83959020543898055244e-02) (7, 5.29380711813034809943e-01) (8, 2.95952355915915898965e-01) (9, 6.63940322805363414282e-01) (10, 4.75062313575806416388e-01) (0, -1.63078712781944024091e-01) (1, 1.31580244866290874128e+00) (2, 3.98679720138701509935e-01) (3, -5.15308027337789964495e-02) (4, 6.74001660306328548300e-02) (5, -8.98073500801383102499e-03) (6, 2.65550165808315918881e-01) (7, -8.02351335914873453614e-03) (8, 7.30366420109146846640e-02) (9, -2.12247798863246309176e-02) (10, -5.29599377575239449456e-02) (0, -1.55741098391105725618e+00) (1, 6.45581135684191220747e+00) (2, 2.41221739776073529349e-01) (3, -9.14772757739139574795e-01) (4, -6.71586443390414178367e-01) (5, -5.73468466009661614891e-01) (6, -3.73289405467740476041e-01) (7, -8.68999370783878344326e-01) (8, -7.44015198852583825584e-01) (9, -1.49387182908346249910e+00) (10, -8.74009364694667834073e-01) (11, -3.76695799094779570915e-01) (12, 6.07951623351443481980e-01) (13, 6.31866201186119536004e+00) (14, -2.11874348633108855466e+00) 
