FANN_FLO_2.1
num_layers=3
learning_rate=0.700000
connection_rate=1.000000
network_type=0
learning_momentum=0.000000
training_algorithm=2
train_error_function=1
train_stop_function=1
cascade_output_change_fraction=0.010000
quickprop_decay=-0.000100
quickprop_mu=1.750000
rprop_increase_factor=1.200000
rprop_decrease_factor=0.500000
rprop_delta_min=0.000000
rprop_delta_max=50.000000
rprop_delta_zero=0.100000
cascade_output_stagnation_epochs=12
cascade_candidate_change_fraction=0.010000
cascade_candidate_stagnation_epochs=12
cascade_max_out_epochs=150
cascade_min_out_epochs=50
cascade_max_cand_epochs=150
cascade_min_cand_epochs=50
cascade_num_candidate_groups=2
bit_fail_limit=1.00000000000000005551e-01
cascade_candidate_limit=1.00000000000000000000e+03
cascade_weight_multiplier=4.00000000000000022204e-01
cascade_activation_functions_count=10
cascade_activation_functions=3 5 7 8 10 11 14 15 16 17 
cascade_activation_steepnesses_count=4
cascade_activation_steepnesses=2.50000000000000000000e-01 5.00000000000000000000e-01 7.50000000000000000000e-01 1.00000000000000000000e+00 
layer_sizes=7 4 2 
scale_included=0
neurons (num_inputs, activation_function, activation_steepness)=(0, 0, 0.00000000000000000000e+00) (0, 0, 0.00000000000000000000e+00) (0, 0, 0.00000000000000000000e+00) (0, 0, 0.00000000000000000000e+00) (0, 0, 0.00000000000000000000e+00) (0, 0, 0.00000000000000000000e+00) (0, 0, 0.00000000000000000000e+00) (7, 6, 5.00000000000000000000e-01) (7, 6, 5.00000000000000000000e-01) (7, 6, 5.00000000000000000000e-01) (0, 6, 0.00000000000000000000e+00) (4, 4, 5.00000000000000000000e-01) (0, 4, 0.00000000000000000000e+00) 
connections (connected_to_neuron, weight)=(0, 1.34807112611514634537e+00) (1, -2.63428703480184411845e+00) (2, -1.70782009200975726237e+00) (3, -1.55892758893751115501e+00) (4, -5.87094000470443511119e+00) (5, 6.28438655626456821324e+00) (6, -2.51086465832916116980e+00) (0, 1.70723313010292843117e+00) (1, -1.40131220142261669892e+00) (2, -4.17818407003249292497e-01) (3, -1.28733882677264738215e-01) (4, -1.42743612867224389795e+00) (5, -1.43941105516058454050e+00) (6, 9.98120378573883804130e-01) (0, -2.68881106560524274496e-01) (1, 7.77277250549789466838e-01) (2, 1.12449118090476196663e+00) (3, 5.81550859430008171280e-01) (4, 4.76031294151636164003e+00) (5, 1.29637956727681635805e+00) (6, -2.15594722872057331653e-01) (7, 1.17759051925164133223e+01) (8, -3.24345955719725509425e+01) (9, 7.72434146104460372939e-01) (10, -1.30204937157799327530e+00) 
