FANN_FLO_2.1
num_layers=3
learning_rate=0.700000
connection_rate=1.000000
network_type=0
learning_momentum=0.000000
training_algorithm=2
train_error_function=1
train_stop_function=1
cascade_output_change_fraction=0.010000
quickprop_decay=-0.000100
quickprop_mu=1.750000
rprop_increase_factor=1.200000
rprop_decrease_factor=0.500000
rprop_delta_min=0.000000
rprop_delta_max=50.000000
rprop_delta_zero=0.100000
cascade_output_stagnation_epochs=12
cascade_candidate_change_fraction=0.010000
cascade_candidate_stagnation_epochs=12
cascade_max_out_epochs=150
cascade_min_out_epochs=50
cascade_max_cand_epochs=150
cascade_min_cand_epochs=50
cascade_num_candidate_groups=2
bit_fail_limit=1.00000000000000005551e-01
cascade_candidate_limit=1.00000000000000000000e+03
cascade_weight_multiplier=4.00000000000000022204e-01
cascade_activation_functions_count=10
cascade_activation_functions=3 5 7 8 10 11 14 15 16 17 
cascade_activation_steepnesses_count=4
cascade_activation_steepnesses=2.50000000000000000000e-01 5.00000000000000000000e-01 7.50000000000000000000e-01 1.00000000000000000000e+00 
layer_sizes=12 4 2 
scale_included=0
neurons (num_inputs, activation_function, activation_steepness)=(0, 0, 0.00000000000000000000e+00) (0, 0, 0.00000000000000000000e+00) (0, 0, 0.00000000000000000000e+00) (0, 0, 0.00000000000000000000e+00) (0, 0, 0.00000000000000000000e+00) (0, 0, 0.00000000000000000000e+00) (0, 0, 0.00000000000000000000e+00) (0, 0, 0.00000000000000000000e+00) (0, 0, 0.00000000000000000000e+00) (0, 0, 0.00000000000000000000e+00) (0, 0, 0.00000000000000000000e+00) (0, 0, 0.00000000000000000000e+00) (12, 6, 5.00000000000000000000e-01) (12, 6, 5.00000000000000000000e-01) (12, 6, 5.00000000000000000000e-01) (0, 6, 0.00000000000000000000e+00) (4, 4, 5.00000000000000000000e-01) (0, 4, 0.00000000000000000000e+00) 
connections (connected_to_neuron, weight)=(0, -2.83110673277921054414e-01) (1, 1.83289885785167450116e+00) (2, 2.59117976318091858268e-01) (3, 4.17045862255939148167e-01) (4, 1.21026951602025534260e-01) (5, 7.22348331104080004783e-02) (6, 5.12273028592775351436e-03) (7, 6.90463292330791511553e-01) (8, 8.07692745880477902531e-01) (9, 2.64392419108774090475e-01) (10, 8.51459008431706410036e-02) (11, -1.88973670162542212170e-01) (0, -2.14833538583760619289e+00) (1, 3.08334788967713580021e+00) (2, 2.11008904053875578910e+00) (3, 2.07955987390530605552e+00) (4, 9.83731695150790286242e-01) (5, 2.87341606275651029190e-01) (6, -2.86468002303089752658e+00) (7, 1.55547084766962462332e+00) (8, 2.05692218701013507243e+00) (9, 1.33160425711005836469e+00) (10, 1.00306891002145781577e+00) (11, -2.15776467686954909198e+00) (0, -1.42381547985788303734e+00) (1, 7.02974912279604247090e+00) (2, 3.24591848620975065298e-01) (3, 1.12197969915316497769e+00) (4, 1.60648027617003516521e-02) (5, 4.06677140693171956798e-01) (6, -1.05319770466015083521e+00) (7, 7.51366516869605760576e-01) (8, 3.60493649051377307302e+00) (9, -2.70932386760618904020e+00) (10, 3.83415883594313444682e-01) (11, -7.80110072201097404232e-01) (12, 4.94424977274462051913e-01) (13, 1.92583216049137000425e+01) (14, 5.26690057979951054001e-01) (15, -1.38579241346075621166e+00) 
