FANN_FLO_2.1
num_layers=3
learning_rate=0.700000
connection_rate=1.000000
network_type=0
learning_momentum=0.000000
training_algorithm=2
train_error_function=1
train_stop_function=1
cascade_output_change_fraction=0.010000
quickprop_decay=-0.000100
quickprop_mu=1.750000
rprop_increase_factor=1.200000
rprop_decrease_factor=0.500000
rprop_delta_min=0.000000
rprop_delta_max=50.000000
rprop_delta_zero=0.100000
cascade_output_stagnation_epochs=12
cascade_candidate_change_fraction=0.010000
cascade_candidate_stagnation_epochs=12
cascade_max_out_epochs=150
cascade_min_out_epochs=50
cascade_max_cand_epochs=150
cascade_min_cand_epochs=50
cascade_num_candidate_groups=2
bit_fail_limit=1.00000000000000005551e-01
cascade_candidate_limit=1.00000000000000000000e+03
cascade_weight_multiplier=4.00000000000000022204e-01
cascade_activation_functions_count=10
cascade_activation_functions=3 5 7 8 10 11 14 15 16 17 
cascade_activation_steepnesses_count=4
cascade_activation_steepnesses=2.50000000000000000000e-01 5.00000000000000000000e-01 7.50000000000000000000e-01 1.00000000000000000000e+00 
layer_sizes=9 4 2 
scale_included=0
neurons (num_inputs, activation_function, activation_steepness)=(0, 0, 0.00000000000000000000e+00) (0, 0, 0.00000000000000000000e+00) (0, 0, 0.00000000000000000000e+00) (0, 0, 0.00000000000000000000e+00) (0, 0, 0.00000000000000000000e+00) (0, 0, 0.00000000000000000000e+00) (0, 0, 0.00000000000000000000e+00) (0, 0, 0.00000000000000000000e+00) (0, 0, 0.00000000000000000000e+00) (9, 6, 5.00000000000000000000e-01) (9, 6, 5.00000000000000000000e-01) (9, 6, 5.00000000000000000000e-01) (0, 6, 0.00000000000000000000e+00) (4, 4, 5.00000000000000000000e-01) (0, 4, 0.00000000000000000000e+00) 
connections (connected_to_neuron, weight)=(0, 3.29656454929770426077e+00) (1, -2.74852970136170071669e+00) (2, -1.87656516614582202784e+00) (3, -1.42598903749801331209e+00) (4, -1.79050395071060708396e+00) (5, -1.65370101912899414298e-01) (6, -1.11822083247206172096e+00) (7, 2.42360122598146476847e+00) (8, 3.05882985822134134679e+00) (0, 3.32673404002250627798e+00) (1, -2.85661000279550147951e+00) (2, -1.97364757987882666335e+00) (3, -2.13285822976600103473e+00) (4, -1.83617744028122475974e+00) (5, -2.96950559004230452143e-01) (6, 8.82470885051500064655e-01) (7, 2.09586643791697690986e+00) (8, 3.06496243111066934972e+00) (0, 4.69698800378479164319e-01) (1, -1.25938167487199259575e+00) (2, -3.25764502296471025744e-01) (3, -1.20137538180397585030e+00) (4, -1.13879743660734700228e+00) (5, -4.96064465849070823644e-01) (6, -1.77693516421958214169e-01) (7, 2.73962544961058707127e-01) (8, 4.39004099600948494153e-01) (9, -7.27515739871025957086e+00) (10, -7.30269480420113481500e+00) (11, -2.59536802838630620283e-01) (12, -2.02855351793503269064e+00) 
