FANN_FLO_2.1
num_layers=3
learning_rate=0.700000
connection_rate=1.000000
network_type=0
learning_momentum=0.000000
training_algorithm=2
train_error_function=1
train_stop_function=1
cascade_output_change_fraction=0.010000
quickprop_decay=-0.000100
quickprop_mu=1.750000
rprop_increase_factor=1.200000
rprop_decrease_factor=0.500000
rprop_delta_min=0.000000
rprop_delta_max=50.000000
rprop_delta_zero=0.100000
cascade_output_stagnation_epochs=12
cascade_candidate_change_fraction=0.010000
cascade_candidate_stagnation_epochs=12
cascade_max_out_epochs=150
cascade_min_out_epochs=50
cascade_max_cand_epochs=150
cascade_min_cand_epochs=50
cascade_num_candidate_groups=2
bit_fail_limit=1.00000000000000005551e-01
cascade_candidate_limit=1.00000000000000000000e+03
cascade_weight_multiplier=4.00000000000000022204e-01
cascade_activation_functions_count=10
cascade_activation_functions=3 5 7 8 10 11 14 15 16 17 
cascade_activation_steepnesses_count=4
cascade_activation_steepnesses=2.50000000000000000000e-01 5.00000000000000000000e-01 7.50000000000000000000e-01 1.00000000000000000000e+00 
layer_sizes=7 4 2 
scale_included=0
neurons (num_inputs, activation_function, activation_steepness)=(0, 0, 0.00000000000000000000e+00) (0, 0, 0.00000000000000000000e+00) (0, 0, 0.00000000000000000000e+00) (0, 0, 0.00000000000000000000e+00) (0, 0, 0.00000000000000000000e+00) (0, 0, 0.00000000000000000000e+00) (0, 0, 0.00000000000000000000e+00) (7, 6, 5.00000000000000000000e-01) (7, 6, 5.00000000000000000000e-01) (7, 6, 5.00000000000000000000e-01) (0, 6, 0.00000000000000000000e+00) (4, 4, 5.00000000000000000000e-01) (0, 4, 0.00000000000000000000e+00) 
connections (connected_to_neuron, weight)=(0, 2.85485557490402497294e+00) (1, 2.49533179335380966846e-01) (2, 2.61279995628273919994e-01) (3, 6.95896287709028116275e-01) (4, 5.71382376574748884757e-01) (5, -2.16392052791059080752e-01) (6, -2.55001547962778907230e-01) (0, 3.67049660897929097558e+00) (1, 4.01388622081780721551e-01) (2, 8.15482448981495799956e-01) (3, 1.47742713245894319307e+00) (4, -1.20735481623736859436e-01) (5, -1.51541455280902348512e+00) (6, -8.11286889084213314050e-01) (0, -7.42488233806269892767e+00) (1, -2.10585509992567665449e+00) (2, -1.91588826172607618048e+00) (3, -2.98358531725422837511e+00) (4, -1.83020751825511585054e+00) (5, 1.15638076385432397863e+00) (6, 5.07903497348827226432e+00) (7, 9.96060092028234200789e-01) (8, 5.10610010538088676668e+00) (9, -1.27256402463018964966e+01) (10, -1.99021735926606324618e+00) 
