FANN_FLO_2.1
num_layers=3
learning_rate=0.700000
connection_rate=1.000000
network_type=0
learning_momentum=0.000000
training_algorithm=2
train_error_function=1
train_stop_function=1
cascade_output_change_fraction=0.010000
quickprop_decay=-0.000100
quickprop_mu=1.750000
rprop_increase_factor=1.200000
rprop_decrease_factor=0.500000
rprop_delta_min=0.000000
rprop_delta_max=50.000000
rprop_delta_zero=0.100000
cascade_output_stagnation_epochs=12
cascade_candidate_change_fraction=0.010000
cascade_candidate_stagnation_epochs=12
cascade_max_out_epochs=150
cascade_min_out_epochs=50
cascade_max_cand_epochs=150
cascade_min_cand_epochs=50
cascade_num_candidate_groups=2
bit_fail_limit=1.00000000000000005551e-01
cascade_candidate_limit=1.00000000000000000000e+03
cascade_weight_multiplier=4.00000000000000022204e-01
cascade_activation_functions_count=10
cascade_activation_functions=3 5 7 8 10 11 14 15 16 17 
cascade_activation_steepnesses_count=4
cascade_activation_steepnesses=2.50000000000000000000e-01 5.00000000000000000000e-01 7.50000000000000000000e-01 1.00000000000000000000e+00 
layer_sizes=9 4 2 
scale_included=0
neurons (num_inputs, activation_function, activation_steepness)=(0, 0, 0.00000000000000000000e+00) (0, 0, 0.00000000000000000000e+00) (0, 0, 0.00000000000000000000e+00) (0, 0, 0.00000000000000000000e+00) (0, 0, 0.00000000000000000000e+00) (0, 0, 0.00000000000000000000e+00) (0, 0, 0.00000000000000000000e+00) (0, 0, 0.00000000000000000000e+00) (0, 0, 0.00000000000000000000e+00) (9, 6, 5.00000000000000000000e-01) (9, 6, 5.00000000000000000000e-01) (9, 6, 5.00000000000000000000e-01) (0, 6, 0.00000000000000000000e+00) (4, 4, 5.00000000000000000000e-01) (0, 4, 0.00000000000000000000e+00) 
connections (connected_to_neuron, weight)=(0, -5.76866031063774453713e+00) (1, 3.98037685173921129689e+00) (2, 2.22041025725186447204e+00) (3, 2.00203808982193809385e+00) (4, 1.76678812876522250974e+00) (5, -2.96373402128962082358e+00) (6, -1.91309664586310868017e+00) (7, -5.73343512041548120095e+00) (8, -2.17453941469919520557e+00) (0, 6.61908127812943991586e+00) (1, -6.17282676918467565486e+00) (2, -4.05979686992124033651e+00) (3, -3.68208340886071106013e+00) (4, -3.33911895191862173604e+00) (5, 5.56960130628543215181e+00) (6, 4.16447640427878607028e+00) (7, 6.62909793554149207040e+00) (8, 5.57334665354686098482e+00) (0, -4.99183186407282075692e+00) (1, -1.03021337394892692485e-01) (2, 6.63809151656788465345e+00) (3, 2.22752744400288937854e+00) (4, 9.42505906159726625226e-01) (5, -2.72252325380971438307e-01) (6, -9.83014637788300199572e-02) (7, -4.95320812503888330269e+00) (8, -3.00479237402608456708e-01) (9, 5.18212912234507250275e+00) (10, -1.23915159211905101522e+00) (11, 1.10786669628966860657e+00) (12, -7.61583470591721489740e-01) 
