FANN_FLO_2.1
num_layers=3
learning_rate=0.700000
connection_rate=1.000000
network_type=0
learning_momentum=0.000000
training_algorithm=2
train_error_function=1
train_stop_function=1
cascade_output_change_fraction=0.010000
quickprop_decay=-0.000100
quickprop_mu=1.750000
rprop_increase_factor=1.200000
rprop_decrease_factor=0.500000
rprop_delta_min=0.000000
rprop_delta_max=50.000000
rprop_delta_zero=0.100000
cascade_output_stagnation_epochs=12
cascade_candidate_change_fraction=0.010000
cascade_candidate_stagnation_epochs=12
cascade_max_out_epochs=150
cascade_min_out_epochs=50
cascade_max_cand_epochs=150
cascade_min_cand_epochs=50
cascade_num_candidate_groups=2
bit_fail_limit=1.00000000000000005551e-01
cascade_candidate_limit=1.00000000000000000000e+03
cascade_weight_multiplier=4.00000000000000022204e-01
cascade_activation_functions_count=10
cascade_activation_functions=3 5 7 8 10 11 14 15 16 17 
cascade_activation_steepnesses_count=4
cascade_activation_steepnesses=2.50000000000000000000e-01 5.00000000000000000000e-01 7.50000000000000000000e-01 1.00000000000000000000e+00 
layer_sizes=7 4 2 
scale_included=0
neurons (num_inputs, activation_function, activation_steepness)=(0, 0, 0.00000000000000000000e+00) (0, 0, 0.00000000000000000000e+00) (0, 0, 0.00000000000000000000e+00) (0, 0, 0.00000000000000000000e+00) (0, 0, 0.00000000000000000000e+00) (0, 0, 0.00000000000000000000e+00) (0, 0, 0.00000000000000000000e+00) (7, 6, 5.00000000000000000000e-01) (7, 6, 5.00000000000000000000e-01) (7, 6, 5.00000000000000000000e-01) (0, 6, 0.00000000000000000000e+00) (4, 4, 5.00000000000000000000e-01) (0, 4, 0.00000000000000000000e+00) 
connections (connected_to_neuron, weight)=(0, -1.36815274230712091708e+00) (1, 6.90191824369924544769e-01) (2, -1.50879037778436614348e-01) (3, -4.20097704952331826855e-02) (4, 1.50171714647136465004e+01) (5, 3.29678996544610525277e+00) (6, -1.46748739297470320864e+00) (0, -4.57618128374046495566e+00) (1, 2.18521451027968227621e+00) (2, 1.13521330656164154416e-01) (3, -1.98319397653032497564e-01) (4, 9.17455222297518302454e-01) (5, 3.34905210506066719489e+00) (6, -1.51611941585646881059e+00) (0, -6.08269072684571865395e-01) (1, 7.13107716648220812949e-01) (2, 1.83664327432739615809e+00) (3, 1.43108228000270631952e+00) (4, 1.21897225075772652758e+01) (5, -1.13738672423533735412e+01) (6, 5.23315349942930119198e+00) (7, 4.73845852096135278231e+00) (8, 1.14006989032028140940e+01) (9, -4.22095145069839183805e+00) (10, -1.01580304289797118678e+00) 
