FANN_FLO_2.1
num_layers=3
learning_rate=0.700000
connection_rate=1.000000
network_type=0
learning_momentum=0.000000
training_algorithm=2
train_error_function=1
train_stop_function=1
cascade_output_change_fraction=0.010000
quickprop_decay=-0.000100
quickprop_mu=1.750000
rprop_increase_factor=1.200000
rprop_decrease_factor=0.500000
rprop_delta_min=0.000000
rprop_delta_max=50.000000
rprop_delta_zero=0.100000
cascade_output_stagnation_epochs=12
cascade_candidate_change_fraction=0.010000
cascade_candidate_stagnation_epochs=12
cascade_max_out_epochs=150
cascade_min_out_epochs=50
cascade_max_cand_epochs=150
cascade_min_cand_epochs=50
cascade_num_candidate_groups=2
bit_fail_limit=1.00000000000000005551e-01
cascade_candidate_limit=1.00000000000000000000e+03
cascade_weight_multiplier=4.00000000000000022204e-01
cascade_activation_functions_count=10
cascade_activation_functions=3 5 7 8 10 11 14 15 16 17 
cascade_activation_steepnesses_count=4
cascade_activation_steepnesses=2.50000000000000000000e-01 5.00000000000000000000e-01 7.50000000000000000000e-01 1.00000000000000000000e+00 
layer_sizes=9 4 2 
scale_included=0
neurons (num_inputs, activation_function, activation_steepness)=(0, 0, 0.00000000000000000000e+00) (0, 0, 0.00000000000000000000e+00) (0, 0, 0.00000000000000000000e+00) (0, 0, 0.00000000000000000000e+00) (0, 0, 0.00000000000000000000e+00) (0, 0, 0.00000000000000000000e+00) (0, 0, 0.00000000000000000000e+00) (0, 0, 0.00000000000000000000e+00) (0, 0, 0.00000000000000000000e+00) (9, 6, 5.00000000000000000000e-01) (9, 6, 5.00000000000000000000e-01) (9, 6, 5.00000000000000000000e-01) (0, 6, 0.00000000000000000000e+00) (4, 4, 5.00000000000000000000e-01) (0, 4, 0.00000000000000000000e+00) 
connections (connected_to_neuron, weight)=(0, -1.36928481892758613370e+00) (1, -2.75129424480064033176e+00) (2, -3.24073972156040124304e+00) (3, 3.65685183653777612367e-01) (4, -2.56774157793610458000e+00) (5, 1.37325573781072218793e+00) (6, 1.05053931343091044859e-01) (7, -9.08850587382341501552e+00) (8, 7.10133060158063145195e+00) (0, 5.07643226560228089106e-01) (1, -1.10936934687610144756e+00) (2, -4.92598672626048672551e-01) (3, -2.76347654232948269915e-01) (4, -1.34792106604048367302e+00) (5, 1.17964375229122120370e-01) (6, -2.44697032766260508252e-03) (7, -6.92561488431786220765e-01) (8, 8.27558870524644357713e-02) (0, -3.39757399967393647344e+00) (1, 2.53563213921235686144e+00) (2, 4.03055515487484972148e-01) (3, 3.52464236338823455608e-01) (4, 1.52248927041352910550e+00) (5, -2.45838623821946850034e-01) (6, 4.32763021789737065137e-02) (7, 5.11779997227197824827e+00) (8, -2.60611189264130471699e+00) (9, -1.87878292399076118890e+00) (10, -5.30950359796651061295e-01) (11, 1.23966320268501526414e+01) (12, -1.19783083313951266291e+00) 
