FANN_FLO_2.1
num_layers=3
learning_rate=0.700000
connection_rate=1.000000
network_type=0
learning_momentum=0.000000
training_algorithm=2
train_error_function=1
train_stop_function=1
cascade_output_change_fraction=0.010000
quickprop_decay=-0.000100
quickprop_mu=1.750000
rprop_increase_factor=1.200000
rprop_decrease_factor=0.500000
rprop_delta_min=0.000000
rprop_delta_max=50.000000
rprop_delta_zero=0.100000
cascade_output_stagnation_epochs=12
cascade_candidate_change_fraction=0.010000
cascade_candidate_stagnation_epochs=12
cascade_max_out_epochs=150
cascade_min_out_epochs=50
cascade_max_cand_epochs=150
cascade_min_cand_epochs=50
cascade_num_candidate_groups=2
bit_fail_limit=1.00000000000000005551e-01
cascade_candidate_limit=1.00000000000000000000e+03
cascade_weight_multiplier=4.00000000000000022204e-01
cascade_activation_functions_count=10
cascade_activation_functions=3 5 7 8 10 11 14 15 16 17 
cascade_activation_steepnesses_count=4
cascade_activation_steepnesses=2.50000000000000000000e-01 5.00000000000000000000e-01 7.50000000000000000000e-01 1.00000000000000000000e+00 
layer_sizes=7 4 2 
scale_included=0
neurons (num_inputs, activation_function, activation_steepness)=(0, 0, 0.00000000000000000000e+00) (0, 0, 0.00000000000000000000e+00) (0, 0, 0.00000000000000000000e+00) (0, 0, 0.00000000000000000000e+00) (0, 0, 0.00000000000000000000e+00) (0, 0, 0.00000000000000000000e+00) (0, 0, 0.00000000000000000000e+00) (7, 6, 5.00000000000000000000e-01) (7, 6, 5.00000000000000000000e-01) (7, 6, 5.00000000000000000000e-01) (0, 6, 0.00000000000000000000e+00) (4, 4, 5.00000000000000000000e-01) (0, 4, 0.00000000000000000000e+00) 
connections (connected_to_neuron, weight)=(0, 1.02088695176354926630e+00) (1, -2.37692640818990597040e+00) (2, 1.92839694773663583582e-01) (3, -2.29966963924802669794e+00) (4, 7.16289837292725439788e-01) (5, -2.41733846910632976801e+00) (6, 1.34282415794914866680e+00) (0, 1.13976265110537084979e+01) (1, -2.77698851684383107852e+00) (2, -1.52450379592917761862e+00) (3, -5.58902104293491408527e+00) (4, 2.02740957116557307671e+00) (5, -2.92793768951944066714e+00) (6, 1.14460522599979910296e+01) (0, -6.86602101693857846954e+00) (1, 5.40201558969521933307e+00) (2, 4.31236033151574638111e+00) (3, 9.29107820113849491861e+00) (4, -1.11207590228341324234e+00) (5, 5.41791968844438009967e+00) (6, -6.91456782291639981963e+00) (7, -3.23472597822632224052e+00) (8, -9.80482790631375444868e-01) (9, 6.59223664163499911695e+00) (10, -1.63859579989750514528e+00) 
