FANN_FLO_2.1
num_layers=3
learning_rate=0.700000
connection_rate=1.000000
network_type=0
learning_momentum=0.000000
training_algorithm=2
train_error_function=1
train_stop_function=1
cascade_output_change_fraction=0.010000
quickprop_decay=-0.000100
quickprop_mu=1.750000
rprop_increase_factor=1.200000
rprop_decrease_factor=0.500000
rprop_delta_min=0.000000
rprop_delta_max=50.000000
rprop_delta_zero=0.100000
cascade_output_stagnation_epochs=12
cascade_candidate_change_fraction=0.010000
cascade_candidate_stagnation_epochs=12
cascade_max_out_epochs=150
cascade_min_out_epochs=50
cascade_max_cand_epochs=150
cascade_min_cand_epochs=50
cascade_num_candidate_groups=2
bit_fail_limit=1.00000000000000005551e-01
cascade_candidate_limit=1.00000000000000000000e+03
cascade_weight_multiplier=4.00000000000000022204e-01
cascade_activation_functions_count=10
cascade_activation_functions=3 5 7 8 10 11 14 15 16 17 
cascade_activation_steepnesses_count=4
cascade_activation_steepnesses=2.50000000000000000000e-01 5.00000000000000000000e-01 7.50000000000000000000e-01 1.00000000000000000000e+00 
layer_sizes=7 4 2 
scale_included=0
neurons (num_inputs, activation_function, activation_steepness)=(0, 0, 0.00000000000000000000e+00) (0, 0, 0.00000000000000000000e+00) (0, 0, 0.00000000000000000000e+00) (0, 0, 0.00000000000000000000e+00) (0, 0, 0.00000000000000000000e+00) (0, 0, 0.00000000000000000000e+00) (0, 0, 0.00000000000000000000e+00) (7, 6, 5.00000000000000000000e-01) (7, 6, 5.00000000000000000000e-01) (7, 6, 5.00000000000000000000e-01) (0, 6, 0.00000000000000000000e+00) (4, 4, 5.00000000000000000000e-01) (0, 4, 0.00000000000000000000e+00) 
connections (connected_to_neuron, weight)=(0, -1.05374109168878149490e+00) (1, 2.88970679978592226433e+00) (2, 2.83562248388988802361e+00) (3, 2.72080031226141283440e+00) (4, 2.79732808659536669182e+00) (5, 2.87158212999565432000e+00) (6, -2.16229644805093268456e-01) (0, -2.13536028662187638005e+00) (1, 7.02205548934345635814e+00) (2, 7.17179488889580163402e+00) (3, 7.05896684653764161510e+00) (4, 7.01345319799786004467e+00) (5, 7.08475510529880914135e+00) (6, -2.11219079890710892400e+00) (0, -2.15821338543159546575e+00) (1, 7.04545973740225228710e+00) (2, 7.07200590274935159130e+00) (3, 7.01379179708366784496e+00) (4, 7.06446097545032891674e+00) (5, 7.08841792992954644603e+00) (6, -2.09015070000154556951e+00) (7, 1.18296055342784511843e+00) (8, 1.68562686896673019632e+00) (9, 1.69249892688146408304e+00) (10, -1.85914257140610619801e-02) 
