FANN_FLO_2.1
num_layers=3
learning_rate=0.700000
connection_rate=1.000000
network_type=0
learning_momentum=0.000000
training_algorithm=2
train_error_function=1
train_stop_function=1
cascade_output_change_fraction=0.010000
quickprop_decay=-0.000100
quickprop_mu=1.750000
rprop_increase_factor=1.200000
rprop_decrease_factor=0.500000
rprop_delta_min=0.000000
rprop_delta_max=50.000000
rprop_delta_zero=0.100000
cascade_output_stagnation_epochs=12
cascade_candidate_change_fraction=0.010000
cascade_candidate_stagnation_epochs=12
cascade_max_out_epochs=150
cascade_min_out_epochs=50
cascade_max_cand_epochs=150
cascade_min_cand_epochs=50
cascade_num_candidate_groups=2
bit_fail_limit=1.00000000000000005551e-01
cascade_candidate_limit=1.00000000000000000000e+03
cascade_weight_multiplier=4.00000000000000022204e-01
cascade_activation_functions_count=10
cascade_activation_functions=3 5 7 8 10 11 14 15 16 17 
cascade_activation_steepnesses_count=4
cascade_activation_steepnesses=2.50000000000000000000e-01 5.00000000000000000000e-01 7.50000000000000000000e-01 1.00000000000000000000e+00 
layer_sizes=16 4 2 
scale_included=0
neurons (num_inputs, activation_function, activation_steepness)=(0, 0, 0.00000000000000000000e+00) (0, 0, 0.00000000000000000000e+00) (0, 0, 0.00000000000000000000e+00) (0, 0, 0.00000000000000000000e+00) (0, 0, 0.00000000000000000000e+00) (0, 0, 0.00000000000000000000e+00) (0, 0, 0.00000000000000000000e+00) (0, 0, 0.00000000000000000000e+00) (0, 0, 0.00000000000000000000e+00) (0, 0, 0.00000000000000000000e+00) (0, 0, 0.00000000000000000000e+00) (0, 0, 0.00000000000000000000e+00) (0, 0, 0.00000000000000000000e+00) (0, 0, 0.00000000000000000000e+00) (0, 0, 0.00000000000000000000e+00) (0, 0, 0.00000000000000000000e+00) (16, 6, 5.00000000000000000000e-01) (16, 6, 5.00000000000000000000e-01) (16, 6, 5.00000000000000000000e-01) (0, 6, 0.00000000000000000000e+00) (4, 4, 5.00000000000000000000e-01) (0, 4, 0.00000000000000000000e+00) 
connections (connected_to_neuron, weight)=(0, -1.29244822449861658242e+01) (1, 3.52662624372999511380e+00) (2, 2.64660658695975367638e-02) (3, 6.98159004846580333314e-01) (4, 8.81603158094121930333e-02) (5, -6.15975935595871382233e-01) (6, -1.01241831503142987181e+00) (7, 2.72049086525050012875e-02) (8, -3.13632360489618344790e-01) (9, 2.14361148179319144225e-01) (10, 2.18189838590918505634e-01) (11, 2.38106918290526478610e-02) (12, 1.81049065044783762113e-02) (13, -6.88447152658080652188e-01) (14, 1.13457899580945431595e-01) (15, -7.42287430033928607997e-01) (0, 6.23239345174799641569e+00) (1, -2.80782579353703498626e+00) (2, -4.45284244055053679556e-01) (3, -1.38577481926661971734e+00) (4, -2.23600534973139453143e+00) (5, 1.27183310901433865858e+00) (6, 5.66060434294783032527e-01) (7, -2.52561567741381276520e+00) (8, -3.28346764328815776679e+00) (9, -1.61527952278910769124e+00) (10, -1.56305401499329699178e+00) (11, -1.13727357296313913437e+00) (12, -1.20156564993824632737e+00) (13, 8.46384239320184472710e-01) (14, -5.16423582377446876990e+00) (15, 2.82907400478187076587e+00) (0, 6.11304017227659901579e+00) (1, -2.89766872769845962310e+00) (2, -2.61435512835285155386e-01) (3, -1.41351757765990737603e+00) (4, -2.22418464598650622577e+00) (5, 1.33975125494873847920e+00) (6, 5.33142159892164624324e-01) (7, -2.52565744536863912018e+00) (8, -3.19078787076213199470e+00) (9, -1.53453577036915911336e+00) (10, -1.56556743855534685750e+00) (11, -1.21262899471487672898e+00) (12, -1.24915475456084879013e+00) (13, 9.75846410666133645684e-01) (14, -5.16949687989963280188e+00) (15, 2.86443022143121872602e+00) (16, 7.13254514887555091107e-01) (17, -5.05376300977006120974e+00) (18, -5.02549514935746355349e+00) (19, -9.88054387548696344545e-01) 
