FANN_FLO_2.1
num_layers=3
learning_rate=0.700000
connection_rate=1.000000
network_type=0
learning_momentum=0.000000
training_algorithm=2
train_error_function=1
train_stop_function=1
cascade_output_change_fraction=0.010000
quickprop_decay=-0.000100
quickprop_mu=1.750000
rprop_increase_factor=1.200000
rprop_decrease_factor=0.500000
rprop_delta_min=0.000000
rprop_delta_max=50.000000
rprop_delta_zero=0.100000
cascade_output_stagnation_epochs=12
cascade_candidate_change_fraction=0.010000
cascade_candidate_stagnation_epochs=12
cascade_max_out_epochs=150
cascade_min_out_epochs=50
cascade_max_cand_epochs=150
cascade_min_cand_epochs=50
cascade_num_candidate_groups=2
bit_fail_limit=1.00000000000000005551e-01
cascade_candidate_limit=1.00000000000000000000e+03
cascade_weight_multiplier=4.00000000000000022204e-01
cascade_activation_functions_count=10
cascade_activation_functions=3 5 7 8 10 11 14 15 16 17 
cascade_activation_steepnesses_count=4
cascade_activation_steepnesses=2.50000000000000000000e-01 5.00000000000000000000e-01 7.50000000000000000000e-01 1.00000000000000000000e+00 
layer_sizes=9 4 2 
scale_included=0
neurons (num_inputs, activation_function, activation_steepness)=(0, 0, 0.00000000000000000000e+00) (0, 0, 0.00000000000000000000e+00) (0, 0, 0.00000000000000000000e+00) (0, 0, 0.00000000000000000000e+00) (0, 0, 0.00000000000000000000e+00) (0, 0, 0.00000000000000000000e+00) (0, 0, 0.00000000000000000000e+00) (0, 0, 0.00000000000000000000e+00) (0, 0, 0.00000000000000000000e+00) (9, 6, 5.00000000000000000000e-01) (9, 6, 5.00000000000000000000e-01) (9, 6, 5.00000000000000000000e-01) (0, 6, 0.00000000000000000000e+00) (4, 4, 5.00000000000000000000e-01) (0, 4, 0.00000000000000000000e+00) 
connections (connected_to_neuron, weight)=(0, 6.16668502848931243676e+00) (1, -4.41070364850412133251e+00) (2, -1.84766627384478865359e+00) (3, -2.54976483606106585356e+00) (4, 1.79941232466521339184e+00) (5, -1.46211375311113300768e+00) (6, -2.05475928427921283870e+00) (7, 1.25637427937884837981e+00) (8, 4.27426853953313745649e+00) (0, -3.11548310043590426233e+00) (1, -1.04757224748655297653e+00) (2, 1.73370815059722076512e+01) (3, 1.05656746595280925938e+00) (4, 2.36851307360157692372e-01) (5, 3.46835081793295030295e-01) (6, 5.70518391692800608261e-01) (7, -6.56087017218022761078e-02) (8, -3.16535177352207064416e+00) (0, -2.15619857574972595415e+00) (1, 2.50974614048977828773e+00) (2, 1.59612324138501970872e+00) (3, 4.63268767626250493885e-02) (4, -1.86790436204545073906e+00) (5, -1.29101582410996362782e+00) (6, 1.61444447283651504321e+00) (7, -1.41136923948370318627e+00) (8, -1.68446740905812175626e+00) (9, -2.97560480378015679293e+00) (10, 2.32653702790602778805e+00) (11, 2.72209197573568140172e+00) (12, -1.80824835492374980106e+00) 
