FANN_FLO_2.1
num_layers=3
learning_rate=0.700000
connection_rate=1.000000
network_type=0
learning_momentum=0.000000
training_algorithm=2
train_error_function=1
train_stop_function=1
cascade_output_change_fraction=0.010000
quickprop_decay=-0.000100
quickprop_mu=1.750000
rprop_increase_factor=1.200000
rprop_decrease_factor=0.500000
rprop_delta_min=0.000000
rprop_delta_max=50.000000
rprop_delta_zero=0.100000
cascade_output_stagnation_epochs=12
cascade_candidate_change_fraction=0.010000
cascade_candidate_stagnation_epochs=12
cascade_max_out_epochs=150
cascade_min_out_epochs=50
cascade_max_cand_epochs=150
cascade_min_cand_epochs=50
cascade_num_candidate_groups=2
bit_fail_limit=1.00000000000000005551e-01
cascade_candidate_limit=1.00000000000000000000e+03
cascade_weight_multiplier=4.00000000000000022204e-01
cascade_activation_functions_count=10
cascade_activation_functions=3 5 7 8 10 11 14 15 16 17 
cascade_activation_steepnesses_count=4
cascade_activation_steepnesses=2.50000000000000000000e-01 5.00000000000000000000e-01 7.50000000000000000000e-01 1.00000000000000000000e+00 
layer_sizes=14 4 2 
scale_included=0
neurons (num_inputs, activation_function, activation_steepness)=(0, 0, 0.00000000000000000000e+00) (0, 0, 0.00000000000000000000e+00) (0, 0, 0.00000000000000000000e+00) (0, 0, 0.00000000000000000000e+00) (0, 0, 0.00000000000000000000e+00) (0, 0, 0.00000000000000000000e+00) (0, 0, 0.00000000000000000000e+00) (0, 0, 0.00000000000000000000e+00) (0, 0, 0.00000000000000000000e+00) (0, 0, 0.00000000000000000000e+00) (0, 0, 0.00000000000000000000e+00) (0, 0, 0.00000000000000000000e+00) (0, 0, 0.00000000000000000000e+00) (0, 0, 0.00000000000000000000e+00) (14, 6, 5.00000000000000000000e-01) (14, 6, 5.00000000000000000000e-01) (14, 6, 5.00000000000000000000e-01) (0, 6, 0.00000000000000000000e+00) (4, 4, 5.00000000000000000000e-01) (0, 4, 0.00000000000000000000e+00) 
connections (connected_to_neuron, weight)=(0, -5.60010686306196103779e-01) (1, 6.38065291725377847776e-01) (2, -3.11452819394472113501e-01) (3, 3.38377996878495235222e+00) (4, 8.87184192179818031931e-01) (5, 6.86247148131425843687e-01) (6, 7.06458239041547586545e-01) (7, 1.88888634511727571130e+00) (8, 4.76023219116968765441e-01) (9, 4.40005944581102070856e+00) (10, 1.34665613424365115947e+00) (11, 6.36722701955851233535e-01) (12, 5.33091602629301886118e-01) (13, 1.08452066982969747011e-01) (0, -6.74030215223286077730e+00) (1, 1.83590741462522877292e+00) (2, -1.24618437826943018187e+00) (3, 4.32402199330890579798e-01) (4, 1.20429035739466616661e+00) (5, 7.84340114318888947942e-01) (6, 1.79544158834540756864e+00) (7, 3.84463114443908460238e-01) (8, 2.54692463485091558084e-01) (9, 5.84440230890104994721e-01) (10, 6.28472510641595372149e-01) (11, 1.82639887412362722507e+00) (12, 2.19611884870438534012e-01) (13, -1.31556133160970589735e-01) (0, 3.05261055181628648825e+00) (1, -1.06166648609147551419e+00) (2, 1.57242846716428941178e+00) (3, -1.05295463396457872340e-01) (4, -3.80738900571968963416e-01) (5, -2.79453209635069876882e+00) (6, -1.06208528384971545577e+00) (7, -6.07224784519918681092e-01) (8, -9.95500880220631545470e-01) (9, -1.34283182151032978724e-02) (10, -1.17410819656794718213e+00) (11, -1.04004754400934706915e+00) (12, -9.11566818787500343646e-01) (13, 6.91026909592208027355e-01) (14, 4.57364067300689847162e-01) (15, 1.51809171167928589341e+01) (16, -9.18528337163471064741e+00) (17, 1.16939621543406015169e-02) 
