FANN_FLO_2.1
num_layers=3
learning_rate=0.700000
connection_rate=1.000000
network_type=0
learning_momentum=0.000000
training_algorithm=2
train_error_function=1
train_stop_function=1
cascade_output_change_fraction=0.010000
quickprop_decay=-0.000100
quickprop_mu=1.750000
rprop_increase_factor=1.200000
rprop_decrease_factor=0.500000
rprop_delta_min=0.000000
rprop_delta_max=50.000000
rprop_delta_zero=0.100000
cascade_output_stagnation_epochs=12
cascade_candidate_change_fraction=0.010000
cascade_candidate_stagnation_epochs=12
cascade_max_out_epochs=150
cascade_min_out_epochs=50
cascade_max_cand_epochs=150
cascade_min_cand_epochs=50
cascade_num_candidate_groups=2
bit_fail_limit=1.00000000000000005551e-01
cascade_candidate_limit=1.00000000000000000000e+03
cascade_weight_multiplier=4.00000000000000022204e-01
cascade_activation_functions_count=10
cascade_activation_functions=3 5 7 8 10 11 14 15 16 17 
cascade_activation_steepnesses_count=4
cascade_activation_steepnesses=2.50000000000000000000e-01 5.00000000000000000000e-01 7.50000000000000000000e-01 1.00000000000000000000e+00 
layer_sizes=10 4 2 
scale_included=0
neurons (num_inputs, activation_function, activation_steepness)=(0, 0, 0.00000000000000000000e+00) (0, 0, 0.00000000000000000000e+00) (0, 0, 0.00000000000000000000e+00) (0, 0, 0.00000000000000000000e+00) (0, 0, 0.00000000000000000000e+00) (0, 0, 0.00000000000000000000e+00) (0, 0, 0.00000000000000000000e+00) (0, 0, 0.00000000000000000000e+00) (0, 0, 0.00000000000000000000e+00) (0, 0, 0.00000000000000000000e+00) (10, 6, 5.00000000000000000000e-01) (10, 6, 5.00000000000000000000e-01) (10, 6, 5.00000000000000000000e-01) (0, 6, 0.00000000000000000000e+00) (4, 4, 5.00000000000000000000e-01) (0, 4, 0.00000000000000000000e+00) 
connections (connected_to_neuron, weight)=(0, -6.90703488193747938695e-02) (1, 6.88223222489873776020e-01) (2, 2.00096194643598290774e-01) (3, 3.30815909146888020853e-01) (4, 3.81865648269278767923e-01) (5, 3.15102174906064347315e-01) (6, 2.26905886938569778533e-01) (7, -3.45307450175339619713e-02) (8, -7.19222831294057257656e-02) (9, 2.32965365080167130518e-01) (0, 9.60844163666314199368e-01) (1, -2.72651543430762899334e+00) (2, 9.87669738774832051131e-02) (3, 5.31270037694511754189e-01) (4, 8.49538178066557958523e-01) (5, 9.84491799841469727994e-01) (6, 1.03119018142933360771e+00) (7, 8.69898524950093343655e-01) (8, 1.48192130152490952888e+00) (9, 1.02268562680000751897e+00) (0, 1.01051885343605918344e+00) (1, -2.77966166250186574871e+00) (2, 1.83507180476718684270e-01) (3, 5.35917940838871342812e-01) (4, 5.37667657537994725381e-01) (5, 9.98841141233987039882e-01) (6, 9.66501416916794586776e-01) (7, 9.34359569917267873684e-01) (8, 1.41348891083505967536e+00) (9, 9.66479005570359039901e-01) (10, 2.89998432337863210062e-01) (11, -8.19144622413618606060e+00) (12, -8.20147926910026114911e+00) (13, -2.11080529048204040832e-01) 
