FANN_FLO_2.1
num_layers=3
learning_rate=0.700000
connection_rate=1.000000
network_type=0
learning_momentum=0.000000
training_algorithm=2
train_error_function=1
train_stop_function=1
cascade_output_change_fraction=0.010000
quickprop_decay=-0.000100
quickprop_mu=1.750000
rprop_increase_factor=1.200000
rprop_decrease_factor=0.500000
rprop_delta_min=0.000000
rprop_delta_max=50.000000
rprop_delta_zero=0.100000
cascade_output_stagnation_epochs=12
cascade_candidate_change_fraction=0.010000
cascade_candidate_stagnation_epochs=12
cascade_max_out_epochs=150
cascade_min_out_epochs=50
cascade_max_cand_epochs=150
cascade_min_cand_epochs=50
cascade_num_candidate_groups=2
bit_fail_limit=1.00000000000000005551e-01
cascade_candidate_limit=1.00000000000000000000e+03
cascade_weight_multiplier=4.00000000000000022204e-01
cascade_activation_functions_count=10
cascade_activation_functions=3 5 7 8 10 11 14 15 16 17 
cascade_activation_steepnesses_count=4
cascade_activation_steepnesses=2.50000000000000000000e-01 5.00000000000000000000e-01 7.50000000000000000000e-01 1.00000000000000000000e+00 
layer_sizes=7 4 2 
scale_included=0
neurons (num_inputs, activation_function, activation_steepness)=(0, 0, 0.00000000000000000000e+00) (0, 0, 0.00000000000000000000e+00) (0, 0, 0.00000000000000000000e+00) (0, 0, 0.00000000000000000000e+00) (0, 0, 0.00000000000000000000e+00) (0, 0, 0.00000000000000000000e+00) (0, 0, 0.00000000000000000000e+00) (7, 6, 5.00000000000000000000e-01) (7, 6, 5.00000000000000000000e-01) (7, 6, 5.00000000000000000000e-01) (0, 6, 0.00000000000000000000e+00) (4, 4, 5.00000000000000000000e-01) (0, 4, 0.00000000000000000000e+00) 
connections (connected_to_neuron, weight)=(0, 1.08800053273219488048e+00) (1, 2.47525844690536933612e+00) (2, -7.54007899078738219600e-01) (3, 1.94554767419832952413e+00) (4, 1.39494095539545059914e+00) (5, 1.93120453494680255346e+00) (6, -1.98683504520367182344e+00) (0, 1.51722355551867016388e+00) (1, 4.78915214359600605043e-01) (2, -2.27167689412417703188e-02) (3, 3.67573788272690216150e-01) (4, 3.81081463669881215228e-01) (5, 5.90423229905225110947e-01) (6, -1.93499414967664790099e-01) (0, 3.45479444839349758567e+00) (1, 5.06315057046992578194e+00) (2, -7.31078064631135005058e-01) (3, 2.21552097696482785949e+00) (4, 2.35804228429525952748e+00) (5, 3.75730979745858340024e+00) (6, -3.67361611589125125477e+00) (7, 5.66411580908192835437e+00) (8, 1.81731831614408867459e+00) (9, 2.39973147573211349481e+01) (10, -1.65508957789295196861e+00) 
