FANN_FLO_2.1
num_layers=3
learning_rate=0.700000
connection_rate=1.000000
network_type=0
learning_momentum=0.000000
training_algorithm=2
train_error_function=1
train_stop_function=1
cascade_output_change_fraction=0.010000
quickprop_decay=-0.000100
quickprop_mu=1.750000
rprop_increase_factor=1.200000
rprop_decrease_factor=0.500000
rprop_delta_min=0.000000
rprop_delta_max=50.000000
rprop_delta_zero=0.100000
cascade_output_stagnation_epochs=12
cascade_candidate_change_fraction=0.010000
cascade_candidate_stagnation_epochs=12
cascade_max_out_epochs=150
cascade_min_out_epochs=50
cascade_max_cand_epochs=150
cascade_min_cand_epochs=50
cascade_num_candidate_groups=2
bit_fail_limit=1.00000000000000005551e-01
cascade_candidate_limit=1.00000000000000000000e+03
cascade_weight_multiplier=4.00000000000000022204e-01
cascade_activation_functions_count=10
cascade_activation_functions=3 5 7 8 10 11 14 15 16 17 
cascade_activation_steepnesses_count=4
cascade_activation_steepnesses=2.50000000000000000000e-01 5.00000000000000000000e-01 7.50000000000000000000e-01 1.00000000000000000000e+00 
layer_sizes=7 4 2 
scale_included=0
neurons (num_inputs, activation_function, activation_steepness)=(0, 0, 0.00000000000000000000e+00) (0, 0, 0.00000000000000000000e+00) (0, 0, 0.00000000000000000000e+00) (0, 0, 0.00000000000000000000e+00) (0, 0, 0.00000000000000000000e+00) (0, 0, 0.00000000000000000000e+00) (0, 0, 0.00000000000000000000e+00) (7, 6, 5.00000000000000000000e-01) (7, 6, 5.00000000000000000000e-01) (7, 6, 5.00000000000000000000e-01) (0, 6, 0.00000000000000000000e+00) (4, 4, 5.00000000000000000000e-01) (0, 4, 0.00000000000000000000e+00) 
connections (connected_to_neuron, weight)=(0, 9.49321056403524643486e+00) (1, -5.46969205157788973537e+00) (2, -2.84059287933547910399e+00) (3, -9.76385561821561687168e+00) (4, 2.80761534989277006247e+00) (5, -5.40646256523164492336e+00) (6, 5.78617635271476427050e+00) (0, 1.16797074665213518330e+00) (1, -8.65322842906813605168e-01) (2, -4.33746053913490581255e-01) (3, -1.53243282922732504403e+00) (4, 8.81003243489528409249e-01) (5, -8.79187777351241095403e-01) (6, 1.07411185455366675612e+00) (0, -5.38378955274965820266e-01) (1, 8.92070003579346515465e-01) (2, 8.21111754308430752403e-01) (3, 1.18763597195045855770e+00) (4, -4.36337634025258658266e-01) (5, 1.08744835100852399457e+00) (6, -5.27615280300524291945e-01) (7, -6.02211123531351955052e+00) (8, -3.17076903624670070059e+00) (9, 1.82317836598388027802e+00) (10, -1.36441101479862281209e+00) 
