FANN_FLO_2.1
num_layers=3
learning_rate=0.700000
connection_rate=1.000000
network_type=0
learning_momentum=0.000000
training_algorithm=2
train_error_function=1
train_stop_function=1
cascade_output_change_fraction=0.010000
quickprop_decay=-0.000100
quickprop_mu=1.750000
rprop_increase_factor=1.200000
rprop_decrease_factor=0.500000
rprop_delta_min=0.000000
rprop_delta_max=50.000000
rprop_delta_zero=0.100000
cascade_output_stagnation_epochs=12
cascade_candidate_change_fraction=0.010000
cascade_candidate_stagnation_epochs=12
cascade_max_out_epochs=150
cascade_min_out_epochs=50
cascade_max_cand_epochs=150
cascade_min_cand_epochs=50
cascade_num_candidate_groups=2
bit_fail_limit=1.00000000000000005551e-01
cascade_candidate_limit=1.00000000000000000000e+03
cascade_weight_multiplier=4.00000000000000022204e-01
cascade_activation_functions_count=10
cascade_activation_functions=3 5 7 8 10 11 14 15 16 17 
cascade_activation_steepnesses_count=4
cascade_activation_steepnesses=2.50000000000000000000e-01 5.00000000000000000000e-01 7.50000000000000000000e-01 1.00000000000000000000e+00 
layer_sizes=10 4 2 
scale_included=0
neurons (num_inputs, activation_function, activation_steepness)=(0, 0, 0.00000000000000000000e+00) (0, 0, 0.00000000000000000000e+00) (0, 0, 0.00000000000000000000e+00) (0, 0, 0.00000000000000000000e+00) (0, 0, 0.00000000000000000000e+00) (0, 0, 0.00000000000000000000e+00) (0, 0, 0.00000000000000000000e+00) (0, 0, 0.00000000000000000000e+00) (0, 0, 0.00000000000000000000e+00) (0, 0, 0.00000000000000000000e+00) (10, 6, 5.00000000000000000000e-01) (10, 6, 5.00000000000000000000e-01) (10, 6, 5.00000000000000000000e-01) (0, 6, 0.00000000000000000000e+00) (4, 4, 5.00000000000000000000e-01) (0, 4, 0.00000000000000000000e+00) 
connections (connected_to_neuron, weight)=(0, 2.01222491537440095755e+00) (1, -3.77454957814804004101e+00) (2, 7.58113078351860925075e-01) (3, 7.50551737423783227321e-01) (4, 6.81913762863522454616e-01) (5, 1.54063927240983344902e+00) (6, 7.06635258670693322536e-01) (7, 7.21545822497254296657e-01) (8, 1.07136341556605896308e+00) (9, 2.07099319895017419668e+00) (0, -5.96948894589747203199e-01) (1, 2.14495351481048768250e+00) (2, -3.54489114121351034381e-01) (3, -3.64633373897511464667e-02) (4, -3.50510533066040907979e-01) (5, -3.64164576982415111317e-01) (6, -4.72307376544911367011e-02) (7, -3.19566692323929701924e-01) (8, -5.42844199692166129445e-01) (9, -3.92178730224526317372e-01) (0, -6.11703547566736949292e-01) (1, 2.23920533376543273718e+00) (2, -1.98712702826413872836e-01) (3, -1.61545014379544910055e-01) (4, -4.22156342421925456776e-01) (5, -3.50964681362069041981e-01) (6, -1.05327906457706163557e-01) (7, -3.67812301130539809346e-01) (8, -4.03278426383889110340e-01) (9, -5.40379921823347819654e-01) (10, -5.79233209207046328970e+00) (11, 4.23332887049465522722e+00) (12, 4.20412323530464515642e+00) (13, -1.45526910146819599134e+00) 
