FANN_FLO_2.1
num_layers=3
learning_rate=0.700000
connection_rate=1.000000
network_type=0
learning_momentum=0.000000
training_algorithm=2
train_error_function=1
train_stop_function=1
cascade_output_change_fraction=0.010000
quickprop_decay=-0.000100
quickprop_mu=1.750000
rprop_increase_factor=1.200000
rprop_decrease_factor=0.500000
rprop_delta_min=0.000000
rprop_delta_max=50.000000
rprop_delta_zero=0.100000
cascade_output_stagnation_epochs=12
cascade_candidate_change_fraction=0.010000
cascade_candidate_stagnation_epochs=12
cascade_max_out_epochs=150
cascade_min_out_epochs=50
cascade_max_cand_epochs=150
cascade_min_cand_epochs=50
cascade_num_candidate_groups=2
bit_fail_limit=1.00000000000000005551e-01
cascade_candidate_limit=1.00000000000000000000e+03
cascade_weight_multiplier=4.00000000000000022204e-01
cascade_activation_functions_count=10
cascade_activation_functions=3 5 7 8 10 11 14 15 16 17 
cascade_activation_steepnesses_count=4
cascade_activation_steepnesses=2.50000000000000000000e-01 5.00000000000000000000e-01 7.50000000000000000000e-01 1.00000000000000000000e+00 
layer_sizes=10 4 2 
scale_included=0
neurons (num_inputs, activation_function, activation_steepness)=(0, 0, 0.00000000000000000000e+00) (0, 0, 0.00000000000000000000e+00) (0, 0, 0.00000000000000000000e+00) (0, 0, 0.00000000000000000000e+00) (0, 0, 0.00000000000000000000e+00) (0, 0, 0.00000000000000000000e+00) (0, 0, 0.00000000000000000000e+00) (0, 0, 0.00000000000000000000e+00) (0, 0, 0.00000000000000000000e+00) (0, 0, 0.00000000000000000000e+00) (10, 6, 5.00000000000000000000e-01) (10, 6, 5.00000000000000000000e-01) (10, 6, 5.00000000000000000000e-01) (0, 6, 0.00000000000000000000e+00) (4, 4, 5.00000000000000000000e-01) (0, 4, 0.00000000000000000000e+00) 
connections (connected_to_neuron, weight)=(0, 1.59094091080788868631e+00) (1, -3.76557367743841098218e+00) (2, 2.44516545891401565482e-01) (3, 6.77951460899929858606e-01) (4, 7.61005325438599444787e-01) (5, 1.63812792249683636392e+00) (6, 7.38723016854172631618e-01) (7, 1.06219704076346954658e+00) (8, 1.09113442524966797187e+00) (9, 1.76452131890420216287e+00) (0, -1.39382933931531693972e+00) (1, 3.11605178203199706388e+00) (2, 2.42601770482931383688e-01) (3, 2.17706498345413730633e-02) (4, 1.18498590430298374188e-02) (5, -1.44464340912284638918e+00) (6, -2.62697774330100455864e-02) (7, -8.70880042646310803534e-01) (8, -9.10757725570581322394e-01) (9, -1.45004276292505052126e+00) (0, -1.10530647346425037192e-01) (1, 8.60656398077867534901e-01) (2, 5.36669579243811978309e-01) (3, 2.26520137149153533151e-01) (4, 1.98647887665091338327e-01) (5, -6.59158950068775006947e-03) (6, 1.83203534442244353464e-01) (7, -7.92250376383584198337e-01) (8, 1.54853631643114109107e-01) (9, -1.22120098117080411182e-01) (10, -5.78593139513719378897e+00) (11, 6.07790365967129453395e+00) (12, 2.16775029390349982528e-01) (13, -1.29604433131141516533e+00) 
