FANN_FLO_2.1
num_layers=3
learning_rate=0.700000
connection_rate=1.000000
network_type=0
learning_momentum=0.000000
training_algorithm=2
train_error_function=1
train_stop_function=1
cascade_output_change_fraction=0.010000
quickprop_decay=-0.000100
quickprop_mu=1.750000
rprop_increase_factor=1.200000
rprop_decrease_factor=0.500000
rprop_delta_min=0.000000
rprop_delta_max=50.000000
rprop_delta_zero=0.100000
cascade_output_stagnation_epochs=12
cascade_candidate_change_fraction=0.010000
cascade_candidate_stagnation_epochs=12
cascade_max_out_epochs=150
cascade_min_out_epochs=50
cascade_max_cand_epochs=150
cascade_min_cand_epochs=50
cascade_num_candidate_groups=2
bit_fail_limit=1.00000000000000005551e-01
cascade_candidate_limit=1.00000000000000000000e+03
cascade_weight_multiplier=4.00000000000000022204e-01
cascade_activation_functions_count=10
cascade_activation_functions=3 5 7 8 10 11 14 15 16 17 
cascade_activation_steepnesses_count=4
cascade_activation_steepnesses=2.50000000000000000000e-01 5.00000000000000000000e-01 7.50000000000000000000e-01 1.00000000000000000000e+00 
layer_sizes=7 4 2 
scale_included=0
neurons (num_inputs, activation_function, activation_steepness)=(0, 0, 0.00000000000000000000e+00) (0, 0, 0.00000000000000000000e+00) (0, 0, 0.00000000000000000000e+00) (0, 0, 0.00000000000000000000e+00) (0, 0, 0.00000000000000000000e+00) (0, 0, 0.00000000000000000000e+00) (0, 0, 0.00000000000000000000e+00) (7, 6, 5.00000000000000000000e-01) (7, 6, 5.00000000000000000000e-01) (7, 6, 5.00000000000000000000e-01) (0, 6, 0.00000000000000000000e+00) (4, 4, 5.00000000000000000000e-01) (0, 4, 0.00000000000000000000e+00) 
connections (connected_to_neuron, weight)=(0, 1.06893746909585796168e+00) (1, -1.46789221290656679564e+00) (2, 5.27680445655022423157e-02) (3, -1.99970882667284410861e-02) (4, -7.13527064388146947671e-01) (5, -6.73526677852025579263e-01) (6, 1.09491699031984768276e+00) (0, 3.62778668006512772237e+00) (1, -3.38068060607074727386e-01) (2, -2.90805089363562807581e-01) (3, -1.20761712739288429308e-01) (4, -1.33217603668204315204e-01) (5, -3.22793682289726158174e-01) (6, 1.26759732643517922940e-02) (0, -7.36140884940398887437e+00) (1, 5.21778610551837829235e+00) (2, -8.73664622475696983628e-01) (3, 2.76576497855612535304e+00) (4, 3.96885819520317495446e+00) (5, 5.01219285387297475154e+00) (6, -5.12015012597014873563e+00) (7, -2.17162639642699595299e+00) (8, -3.99044788773374625723e-01) (9, 6.88631832490861039986e+00) (10, -1.38575094446461322129e+00) 
