FANN_FLO_2.1
num_layers=3
learning_rate=0.700000
connection_rate=1.000000
network_type=0
learning_momentum=0.000000
training_algorithm=2
train_error_function=1
train_stop_function=1
cascade_output_change_fraction=0.010000
quickprop_decay=-0.000100
quickprop_mu=1.750000
rprop_increase_factor=1.200000
rprop_decrease_factor=0.500000
rprop_delta_min=0.000000
rprop_delta_max=50.000000
rprop_delta_zero=0.100000
cascade_output_stagnation_epochs=12
cascade_candidate_change_fraction=0.010000
cascade_candidate_stagnation_epochs=12
cascade_max_out_epochs=150
cascade_min_out_epochs=50
cascade_max_cand_epochs=150
cascade_min_cand_epochs=50
cascade_num_candidate_groups=2
bit_fail_limit=1.00000000000000005551e-01
cascade_candidate_limit=1.00000000000000000000e+03
cascade_weight_multiplier=4.00000000000000022204e-01
cascade_activation_functions_count=10
cascade_activation_functions=3 5 7 8 10 11 14 15 16 17 
cascade_activation_steepnesses_count=4
cascade_activation_steepnesses=2.50000000000000000000e-01 5.00000000000000000000e-01 7.50000000000000000000e-01 1.00000000000000000000e+00 
layer_sizes=9 4 2 
scale_included=0
neurons (num_inputs, activation_function, activation_steepness)=(0, 0, 0.00000000000000000000e+00) (0, 0, 0.00000000000000000000e+00) (0, 0, 0.00000000000000000000e+00) (0, 0, 0.00000000000000000000e+00) (0, 0, 0.00000000000000000000e+00) (0, 0, 0.00000000000000000000e+00) (0, 0, 0.00000000000000000000e+00) (0, 0, 0.00000000000000000000e+00) (0, 0, 0.00000000000000000000e+00) (9, 6, 5.00000000000000000000e-01) (9, 6, 5.00000000000000000000e-01) (9, 6, 5.00000000000000000000e-01) (0, 6, 0.00000000000000000000e+00) (4, 4, 5.00000000000000000000e-01) (0, 4, 0.00000000000000000000e+00) 
connections (connected_to_neuron, weight)=(0, -2.59892291847986145470e+00) (1, 2.74303633070085517431e+00) (2, 5.01875050868221594946e-01) (3, 8.90250839401644511462e-01) (4, 7.00338315993749183086e-01) (5, -2.74206717020303247789e-01) (6, 1.51339752351068584924e-01) (7, -2.59154285017770691368e+00) (8, -1.05778212883192734850e+00) (0, 4.39043491639056338016e+00) (1, -1.97872590821857352594e+00) (2, -2.66233766327785925654e+00) (3, -7.19151159215726476504e-01) (4, -2.92357560120373838330e-01) (5, 1.27798785257644542668e+00) (6, 7.29092403651327325420e-01) (7, 1.67092859039948571365e+00) (8, 1.62108982394383538406e+00) (0, 4.42676627196230931816e+00) (1, -2.06440379273767327106e+00) (2, -1.14364924473361417867e+00) (3, -7.56175664652146917177e-01) (4, -1.31669923206020444972e+00) (5, 1.39372631150789150212e+00) (6, -3.13992166033542297043e-01) (7, 1.56584586243079293411e+00) (8, 1.63271213572868645336e+00) (9, 1.62493950228828509807e+00) (10, -4.83989008122340624851e+00) (11, -7.18739681074246039572e+00) (12, -1.20015960748788108603e+00) 
