FANN_FLO_2.1
num_layers=3
learning_rate=0.700000
connection_rate=1.000000
network_type=0
learning_momentum=0.000000
training_algorithm=2
train_error_function=1
train_stop_function=1
cascade_output_change_fraction=0.010000
quickprop_decay=-0.000100
quickprop_mu=1.750000
rprop_increase_factor=1.200000
rprop_decrease_factor=0.500000
rprop_delta_min=0.000000
rprop_delta_max=50.000000
rprop_delta_zero=0.100000
cascade_output_stagnation_epochs=12
cascade_candidate_change_fraction=0.010000
cascade_candidate_stagnation_epochs=12
cascade_max_out_epochs=150
cascade_min_out_epochs=50
cascade_max_cand_epochs=150
cascade_min_cand_epochs=50
cascade_num_candidate_groups=2
bit_fail_limit=1.00000000000000005551e-01
cascade_candidate_limit=1.00000000000000000000e+03
cascade_weight_multiplier=4.00000000000000022204e-01
cascade_activation_functions_count=10
cascade_activation_functions=3 5 7 8 10 11 14 15 16 17 
cascade_activation_steepnesses_count=4
cascade_activation_steepnesses=2.50000000000000000000e-01 5.00000000000000000000e-01 7.50000000000000000000e-01 1.00000000000000000000e+00 
layer_sizes=11 4 2 
scale_included=0
neurons (num_inputs, activation_function, activation_steepness)=(0, 0, 0.00000000000000000000e+00) (0, 0, 0.00000000000000000000e+00) (0, 0, 0.00000000000000000000e+00) (0, 0, 0.00000000000000000000e+00) (0, 0, 0.00000000000000000000e+00) (0, 0, 0.00000000000000000000e+00) (0, 0, 0.00000000000000000000e+00) (0, 0, 0.00000000000000000000e+00) (0, 0, 0.00000000000000000000e+00) (0, 0, 0.00000000000000000000e+00) (0, 0, 0.00000000000000000000e+00) (11, 6, 5.00000000000000000000e-01) (11, 6, 5.00000000000000000000e-01) (11, 6, 5.00000000000000000000e-01) (0, 6, 0.00000000000000000000e+00) (4, 4, 5.00000000000000000000e-01) (0, 4, 0.00000000000000000000e+00) 
connections (connected_to_neuron, weight)=(0, 5.22409023146376583213e+00) (1, -6.23618834909188901605e+00) (2, 4.64681424708619672526e-01) (3, -3.22162944089485225874e+00) (4, -5.51081829492772179435e+00) (5, 3.63600852373654959138e+00) (6, -6.16481291946160947504e+00) (7, -3.64284231576989103729e+00) (8, -5.48686775912368851493e+00) (9, -6.22605766799438153924e+00) (10, 5.41435753355965587730e+00) (0, 9.57249888899041279089e-01) (1, 1.03644945861071646753e+00) (2, 1.15970731869655052648e+00) (3, -9.82088627371368083629e+00) (4, -7.15815394131718640836e+00) (5, 2.96803163834868155568e-01) (6, 9.70310226195816860617e-01) (7, -7.69944505450245930689e+00) (8, -7.21501574425278668912e+00) (9, 1.08306204870658273620e+00) (10, 9.38689916051758443949e-01) (0, 4.06440284698610487801e-01) (1, -4.27510061605920643757e-01) (2, -2.77968728049376223588e-01) (3, -6.39810503053581003385e-01) (4, -4.73116666509123817708e-01) (5, 9.28530024695545935787e-02) (6, -4.33273088011585816304e-01) (7, 1.60607916186800286917e-01) (8, -4.94256332947226428853e-01) (9, -4.12722525491466374348e-01) (10, 2.58347971962282318970e-01) (11, -5.18492530879747182126e+00) (12, -2.08669657576544498312e+00) (13, -6.45048143927966277644e-01) (14, -1.76885851605395116870e+00) 
