FANN_FLO_2.1
num_layers=3
learning_rate=0.700000
connection_rate=1.000000
network_type=0
learning_momentum=0.000000
training_algorithm=2
train_error_function=1
train_stop_function=1
cascade_output_change_fraction=0.010000
quickprop_decay=-0.000100
quickprop_mu=1.750000
rprop_increase_factor=1.200000
rprop_decrease_factor=0.500000
rprop_delta_min=0.000000
rprop_delta_max=50.000000
rprop_delta_zero=0.100000
cascade_output_stagnation_epochs=12
cascade_candidate_change_fraction=0.010000
cascade_candidate_stagnation_epochs=12
cascade_max_out_epochs=150
cascade_min_out_epochs=50
cascade_max_cand_epochs=150
cascade_min_cand_epochs=50
cascade_num_candidate_groups=2
bit_fail_limit=1.00000000000000005551e-01
cascade_candidate_limit=1.00000000000000000000e+03
cascade_weight_multiplier=4.00000000000000022204e-01
cascade_activation_functions_count=10
cascade_activation_functions=3 5 7 8 10 11 14 15 16 17 
cascade_activation_steepnesses_count=4
cascade_activation_steepnesses=2.50000000000000000000e-01 5.00000000000000000000e-01 7.50000000000000000000e-01 1.00000000000000000000e+00 
layer_sizes=10 4 2 
scale_included=0
neurons (num_inputs, activation_function, activation_steepness)=(0, 0, 0.00000000000000000000e+00) (0, 0, 0.00000000000000000000e+00) (0, 0, 0.00000000000000000000e+00) (0, 0, 0.00000000000000000000e+00) (0, 0, 0.00000000000000000000e+00) (0, 0, 0.00000000000000000000e+00) (0, 0, 0.00000000000000000000e+00) (0, 0, 0.00000000000000000000e+00) (0, 0, 0.00000000000000000000e+00) (0, 0, 0.00000000000000000000e+00) (10, 6, 5.00000000000000000000e-01) (10, 6, 5.00000000000000000000e-01) (10, 6, 5.00000000000000000000e-01) (0, 6, 0.00000000000000000000e+00) (4, 4, 5.00000000000000000000e-01) (0, 4, 0.00000000000000000000e+00) 
connections (connected_to_neuron, weight)=(0, 2.45582596186043344844e+00) (1, -6.47821498400804429707e+00) (2, 8.50156939648590403991e-01) (3, 2.95063647585908639392e-01) (4, 1.95231040814769651881e+00) (5, 1.82766593495262030800e+00) (6, 7.57798492539650481170e-01) (7, 8.24248537052399088410e-01) (8, 2.36854769262911402095e+00) (9, 2.47199043604971491206e+00) (0, -1.74655252332465260601e-01) (1, 2.50412904975804195828e+00) (2, 2.75303541667182904984e-01) (3, 1.31751773653644793649e-01) (4, -1.10635485506696565339e-01) (5, -6.41220174170455681217e-02) (6, 1.49486950773613652688e-01) (7, 1.87016622869390664041e-01) (8, -9.95361592719718052402e-02) (9, -1.69657539582891314645e-01) (0, 3.14961347392233081965e-01) (1, -1.79868376883737868255e+00) (2, 6.16299932638731257084e-02) (3, -1.04308629985657694283e-01) (4, 2.04544462541206700790e-01) (5, 1.70891952873997443607e-01) (6, 9.59222091094599771388e-02) (7, 9.69915089861498880275e-02) (8, 1.41892388953070269775e-01) (9, 3.35308555176885847438e-01) (10, -8.49965631273770938492e+00) (11, 9.55751698889608425347e-01) (12, -2.48653024568757374801e-01) (13, -1.40443185410674620250e+00) 
