FANN_FLO_2.1
num_layers=3
learning_rate=0.700000
connection_rate=1.000000
network_type=0
learning_momentum=0.000000
training_algorithm=2
train_error_function=1
train_stop_function=1
cascade_output_change_fraction=0.010000
quickprop_decay=-0.000100
quickprop_mu=1.750000
rprop_increase_factor=1.200000
rprop_decrease_factor=0.500000
rprop_delta_min=0.000000
rprop_delta_max=50.000000
rprop_delta_zero=0.100000
cascade_output_stagnation_epochs=12
cascade_candidate_change_fraction=0.010000
cascade_candidate_stagnation_epochs=12
cascade_max_out_epochs=150
cascade_min_out_epochs=50
cascade_max_cand_epochs=150
cascade_min_cand_epochs=50
cascade_num_candidate_groups=2
bit_fail_limit=1.00000000000000005551e-01
cascade_candidate_limit=1.00000000000000000000e+03
cascade_weight_multiplier=4.00000000000000022204e-01
cascade_activation_functions_count=10
cascade_activation_functions=3 5 7 8 10 11 14 15 16 17 
cascade_activation_steepnesses_count=4
cascade_activation_steepnesses=2.50000000000000000000e-01 5.00000000000000000000e-01 7.50000000000000000000e-01 1.00000000000000000000e+00 
layer_sizes=16 4 2 
scale_included=0
neurons (num_inputs, activation_function, activation_steepness)=(0, 0, 0.00000000000000000000e+00) (0, 0, 0.00000000000000000000e+00) (0, 0, 0.00000000000000000000e+00) (0, 0, 0.00000000000000000000e+00) (0, 0, 0.00000000000000000000e+00) (0, 0, 0.00000000000000000000e+00) (0, 0, 0.00000000000000000000e+00) (0, 0, 0.00000000000000000000e+00) (0, 0, 0.00000000000000000000e+00) (0, 0, 0.00000000000000000000e+00) (0, 0, 0.00000000000000000000e+00) (0, 0, 0.00000000000000000000e+00) (0, 0, 0.00000000000000000000e+00) (0, 0, 0.00000000000000000000e+00) (0, 0, 0.00000000000000000000e+00) (0, 0, 0.00000000000000000000e+00) (16, 6, 5.00000000000000000000e-01) (16, 6, 5.00000000000000000000e-01) (16, 6, 5.00000000000000000000e-01) (0, 6, 0.00000000000000000000e+00) (4, 4, 5.00000000000000000000e-01) (0, 4, 0.00000000000000000000e+00) 
connections (connected_to_neuron, weight)=(0, -9.51847524712229109412e-01) (1, 5.84608280648913058997e+00) (2, 1.37476974353364866932e-01) (3, -1.82676821380651865923e+00) (4, 6.18294376881636659204e-02) (5, -1.23562969422768856309e-01) (6, -1.64990849948357831689e-01) (7, -1.86071628510750208818e+00) (8, -3.61180438482186261240e+00) (9, 5.78218865384783420325e+00) (10, -1.42345436072777997705e-01) (11, -2.98180725811763025490e-01) (12, -4.70216490316531343652e-01) (13, -1.74347407549417887651e+00) (14, -4.55320406462479732035e-01) (15, -9.41552006969595289831e-01) (0, -3.52274336171542634677e-01) (1, 1.08775665037275426350e+00) (2, 6.35645421365964025107e-02) (3, -4.21237692487632264804e-01) (4, 2.22021433911727683608e-01) (5, 2.09578063307376410984e-02) (6, -3.95802140486632814120e-01) (7, -3.24719421816264619540e-01) (8, -4.47710585099851121615e-01) (9, 9.40617820098410883922e-01) (10, -4.58735142153893937778e-01) (11, 7.29702221373784154501e-02) (12, -3.04995391028810403089e-01) (13, -4.62643668306266298007e-01) (14, -3.35877108533326057538e-02) (15, -5.35747130668556059696e-01) (0, -1.00074937822462173287e+00) (1, 2.45439829219442584574e+00) (2, 6.30742212639442967337e-02) (3, -8.31653963744441671047e-01) (4, 2.13773002730004019201e-02) (5, -1.30648748911799422734e-01) (6, -3.40220132615083881156e-01) (7, -1.41885225533760261918e+00) (8, -1.49684522359884453202e+00) (9, 2.40170352075558879434e+00) (10, -3.72015891369098850028e-01) (11, 4.90992044911972569388e-02) (12, -2.62840277172016578699e-01) (13, -1.41371513962066841508e+00) (14, -1.74317655220739997635e-01) (15, -1.47081558659784950027e-01) (16, 5.85620871176447543860e+00) (17, 8.97239495404968057102e-01) (18, 2.34452084008914196644e+00) (19, -7.16101789813431199860e-01) 
