FANN_FLO_2.1
num_layers=3
learning_rate=0.700000
connection_rate=1.000000
network_type=0
learning_momentum=0.000000
training_algorithm=2
train_error_function=1
train_stop_function=1
cascade_output_change_fraction=0.010000
quickprop_decay=-0.000100
quickprop_mu=1.750000
rprop_increase_factor=1.200000
rprop_decrease_factor=0.500000
rprop_delta_min=0.000000
rprop_delta_max=50.000000
rprop_delta_zero=0.100000
cascade_output_stagnation_epochs=12
cascade_candidate_change_fraction=0.010000
cascade_candidate_stagnation_epochs=12
cascade_max_out_epochs=150
cascade_min_out_epochs=50
cascade_max_cand_epochs=150
cascade_min_cand_epochs=50
cascade_num_candidate_groups=2
bit_fail_limit=1.00000000000000005551e-01
cascade_candidate_limit=1.00000000000000000000e+03
cascade_weight_multiplier=4.00000000000000022204e-01
cascade_activation_functions_count=10
cascade_activation_functions=3 5 7 8 10 11 14 15 16 17 
cascade_activation_steepnesses_count=4
cascade_activation_steepnesses=2.50000000000000000000e-01 5.00000000000000000000e-01 7.50000000000000000000e-01 1.00000000000000000000e+00 
layer_sizes=13 4 2 
scale_included=0
neurons (num_inputs, activation_function, activation_steepness)=(0, 0, 0.00000000000000000000e+00) (0, 0, 0.00000000000000000000e+00) (0, 0, 0.00000000000000000000e+00) (0, 0, 0.00000000000000000000e+00) (0, 0, 0.00000000000000000000e+00) (0, 0, 0.00000000000000000000e+00) (0, 0, 0.00000000000000000000e+00) (0, 0, 0.00000000000000000000e+00) (0, 0, 0.00000000000000000000e+00) (0, 0, 0.00000000000000000000e+00) (0, 0, 0.00000000000000000000e+00) (0, 0, 0.00000000000000000000e+00) (0, 0, 0.00000000000000000000e+00) (13, 6, 5.00000000000000000000e-01) (13, 6, 5.00000000000000000000e-01) (13, 6, 5.00000000000000000000e-01) (0, 6, 0.00000000000000000000e+00) (4, 4, 5.00000000000000000000e-01) (0, 4, 0.00000000000000000000e+00) 
connections (connected_to_neuron, weight)=(0, 2.42341343197624814465e+00) (1, -2.16237029908915578957e+00) (2, -3.20215888289669869948e+00) (3, -1.16941242019850055733e+00) (4, 3.85600386470292066932e+00) (5, -1.81196015487910622177e+00) (6, 1.96786226827966181929e+00) (7, 1.33245343954062089864e+00) (8, -2.36825360218907932097e-01) (9, 5.20224525938700832484e-01) (10, -1.64041742977895244060e+00) (11, 2.13423573124823162672e+00) (12, 2.60214755706213285436e+00) (0, 3.45135889604933243646e-01) (1, -6.12295297528594129055e-01) (2, -1.39037924892625675000e+00) (3, 1.63806334238962625349e-01) (4, 1.79927194521962352525e+00) (5, -3.63239875915299381681e-02) (6, 4.23506870188639417130e-01) (7, 4.39853879961458693604e-01) (8, 1.15452863448024467541e-01) (9, 3.03228622918485846149e-01) (10, 2.17604789463110626091e-01) (11, 1.41389979020419637168e-01) (12, 4.50865774177490297170e-01) (0, -1.19882375534112695092e+00) (1, 3.11623217298026400357e+00) (2, 7.38378315858036260444e-01) (3, -5.15990880309589838859e-01) (4, -2.46490130997527678858e+00) (5, -3.00468564610178401342e-01) (6, -8.62775642462266123545e-01) (7, -1.80855423036187379360e+00) (8, -1.57946148192452673342e-01) (9, -8.68890087887905893105e-01) (10, -4.90782334547157361726e-01) (11, -6.49437931562078740733e-01) (12, -1.05041307743127587671e+00) (13, -1.00654908846976738346e+01) (14, -5.78336884215922664154e-01) (15, 4.24726296704297734408e+00) (16, -2.13471246524338065242e+00) 
