FANN_FLO_2.1
num_layers=3
learning_rate=0.700000
connection_rate=1.000000
network_type=0
learning_momentum=0.000000
training_algorithm=2
train_error_function=1
train_stop_function=1
cascade_output_change_fraction=0.010000
quickprop_decay=-0.000100
quickprop_mu=1.750000
rprop_increase_factor=1.200000
rprop_decrease_factor=0.500000
rprop_delta_min=0.000000
rprop_delta_max=50.000000
rprop_delta_zero=0.100000
cascade_output_stagnation_epochs=12
cascade_candidate_change_fraction=0.010000
cascade_candidate_stagnation_epochs=12
cascade_max_out_epochs=150
cascade_min_out_epochs=50
cascade_max_cand_epochs=150
cascade_min_cand_epochs=50
cascade_num_candidate_groups=2
bit_fail_limit=1.00000000000000005551e-01
cascade_candidate_limit=1.00000000000000000000e+03
cascade_weight_multiplier=4.00000000000000022204e-01
cascade_activation_functions_count=10
cascade_activation_functions=3 5 7 8 10 11 14 15 16 17 
cascade_activation_steepnesses_count=4
cascade_activation_steepnesses=2.50000000000000000000e-01 5.00000000000000000000e-01 7.50000000000000000000e-01 1.00000000000000000000e+00 
layer_sizes=12 4 2 
scale_included=0
neurons (num_inputs, activation_function, activation_steepness)=(0, 0, 0.00000000000000000000e+00) (0, 0, 0.00000000000000000000e+00) (0, 0, 0.00000000000000000000e+00) (0, 0, 0.00000000000000000000e+00) (0, 0, 0.00000000000000000000e+00) (0, 0, 0.00000000000000000000e+00) (0, 0, 0.00000000000000000000e+00) (0, 0, 0.00000000000000000000e+00) (0, 0, 0.00000000000000000000e+00) (0, 0, 0.00000000000000000000e+00) (0, 0, 0.00000000000000000000e+00) (0, 0, 0.00000000000000000000e+00) (12, 6, 5.00000000000000000000e-01) (12, 6, 5.00000000000000000000e-01) (12, 6, 5.00000000000000000000e-01) (0, 6, 0.00000000000000000000e+00) (4, 4, 5.00000000000000000000e-01) (0, 4, 0.00000000000000000000e+00) 
connections (connected_to_neuron, weight)=(0, -2.86100140315793283197e-01) (1, 8.75609406167846437974e-01) (2, 1.79900184084301417720e-01) (3, -4.52928933805726574580e-01) (4, -2.55200824243329293939e-01) (5, -3.29001499814294107171e-01) (6, -3.64513410729668863031e-01) (7, -2.99641704661153085443e-01) (8, 2.62429926311924244242e-02) (9, 8.91144775683265444322e-01) (10, -3.39371933144829995843e-01) (11, -4.49641700393460796992e-01) (0, -1.64611615703318459047e+00) (1, 4.72123662599050941679e+00) (2, 1.04271295443241235334e-01) (3, -1.92214117024574054904e-01) (4, -7.23075285743971063468e-01) (5, -1.64037843883846146120e+00) (6, -1.83343567118818340234e+00) (7, -6.35626763295431329581e-01) (8, -4.02773367221987643738e-01) (9, 4.74781341322386207793e+00) (10, -6.38602994572420312736e-01) (11, -3.47106942887938418885e-01) (0, -2.98132628006241684471e-01) (1, 8.99546566194872831979e-01) (2, 2.40848812578250276450e-01) (3, 1.36911315678353878722e-01) (4, -3.50283577842018967186e-01) (5, -4.38926219743988876854e-01) (6, -4.59132484895489578758e-01) (7, -4.04661536020539169822e-01) (8, -3.14928611528915505802e-02) (9, 8.94803213662486052193e-01) (10, -3.82668264014027481590e-01) (11, 1.45028514622445675597e-01) (12, 6.75123895902017934212e-01) (13, 4.82592466690266075346e+00) (14, 1.83487227367641558828e+00) (15, -5.45802429508466913077e-01) 
