FANN_FLO_2.1
num_layers=3
learning_rate=0.700000
connection_rate=1.000000
network_type=0
learning_momentum=0.000000
training_algorithm=2
train_error_function=1
train_stop_function=1
cascade_output_change_fraction=0.010000
quickprop_decay=-0.000100
quickprop_mu=1.750000
rprop_increase_factor=1.200000
rprop_decrease_factor=0.500000
rprop_delta_min=0.000000
rprop_delta_max=50.000000
rprop_delta_zero=0.100000
cascade_output_stagnation_epochs=12
cascade_candidate_change_fraction=0.010000
cascade_candidate_stagnation_epochs=12
cascade_max_out_epochs=150
cascade_min_out_epochs=50
cascade_max_cand_epochs=150
cascade_min_cand_epochs=50
cascade_num_candidate_groups=2
bit_fail_limit=1.00000000000000005551e-01
cascade_candidate_limit=1.00000000000000000000e+03
cascade_weight_multiplier=4.00000000000000022204e-01
cascade_activation_functions_count=10
cascade_activation_functions=3 5 7 8 10 11 14 15 16 17 
cascade_activation_steepnesses_count=4
cascade_activation_steepnesses=2.50000000000000000000e-01 5.00000000000000000000e-01 7.50000000000000000000e-01 1.00000000000000000000e+00 
layer_sizes=9 4 2 
scale_included=0
neurons (num_inputs, activation_function, activation_steepness)=(0, 0, 0.00000000000000000000e+00) (0, 0, 0.00000000000000000000e+00) (0, 0, 0.00000000000000000000e+00) (0, 0, 0.00000000000000000000e+00) (0, 0, 0.00000000000000000000e+00) (0, 0, 0.00000000000000000000e+00) (0, 0, 0.00000000000000000000e+00) (0, 0, 0.00000000000000000000e+00) (0, 0, 0.00000000000000000000e+00) (9, 6, 5.00000000000000000000e-01) (9, 6, 5.00000000000000000000e-01) (9, 6, 5.00000000000000000000e-01) (0, 6, 0.00000000000000000000e+00) (4, 4, 5.00000000000000000000e-01) (0, 4, 0.00000000000000000000e+00) 
connections (connected_to_neuron, weight)=(0, 1.30464687329519191117e+00) (1, -1.46986023818579303324e+00) (2, -2.52635096751515675351e+00) (3, 8.74532028887148649154e-01) (4, 9.21306781325216817002e-01) (5, 1.37326567751157679886e+00) (6, 9.17020454856192213100e-01) (7, 8.11331301780974012416e-01) (8, 1.25531979036216267964e+00) (0, 1.31853709500913152119e+00) (1, -1.55832008009281741678e+00) (2, -2.48900834463898945614e+00) (3, 8.63205723318930417953e-01) (4, 9.98191058490152882676e-01) (5, 1.26599469166879186055e+00) (6, 9.10628855081831556362e-01) (7, 9.28696930261885267299e-01) (8, 1.31928844135884770772e+00) (0, -1.18178963898482614070e+00) (1, 1.56415776592014221791e+00) (2, 1.26176129419355853578e+00) (3, -6.64629243562838367687e-01) (4, -7.27973908434531025158e-01) (5, -9.98296263206627898512e-01) (6, -7.10721142838618091808e-01) (7, -7.79892012725493244396e-01) (8, -7.99652487288138202892e-01) (9, -4.12321434203332071178e+00) (10, -4.17067924920266275279e+00) (11, 1.05236078236299022137e+01) (12, -7.69233454129927607390e-01) 
