FANN_FLO_2.1
num_layers=3
learning_rate=0.700000
connection_rate=1.000000
network_type=0
learning_momentum=0.000000
training_algorithm=2
train_error_function=1
train_stop_function=1
cascade_output_change_fraction=0.010000
quickprop_decay=-0.000100
quickprop_mu=1.750000
rprop_increase_factor=1.200000
rprop_decrease_factor=0.500000
rprop_delta_min=0.000000
rprop_delta_max=50.000000
rprop_delta_zero=0.100000
cascade_output_stagnation_epochs=12
cascade_candidate_change_fraction=0.010000
cascade_candidate_stagnation_epochs=12
cascade_max_out_epochs=150
cascade_min_out_epochs=50
cascade_max_cand_epochs=150
cascade_min_cand_epochs=50
cascade_num_candidate_groups=2
bit_fail_limit=1.00000000000000005551e-01
cascade_candidate_limit=1.00000000000000000000e+03
cascade_weight_multiplier=4.00000000000000022204e-01
cascade_activation_functions_count=10
cascade_activation_functions=3 5 7 8 10 11 14 15 16 17 
cascade_activation_steepnesses_count=4
cascade_activation_steepnesses=2.50000000000000000000e-01 5.00000000000000000000e-01 7.50000000000000000000e-01 1.00000000000000000000e+00 
layer_sizes=10 4 2 
scale_included=0
neurons (num_inputs, activation_function, activation_steepness)=(0, 0, 0.00000000000000000000e+00) (0, 0, 0.00000000000000000000e+00) (0, 0, 0.00000000000000000000e+00) (0, 0, 0.00000000000000000000e+00) (0, 0, 0.00000000000000000000e+00) (0, 0, 0.00000000000000000000e+00) (0, 0, 0.00000000000000000000e+00) (0, 0, 0.00000000000000000000e+00) (0, 0, 0.00000000000000000000e+00) (0, 0, 0.00000000000000000000e+00) (10, 6, 5.00000000000000000000e-01) (10, 6, 5.00000000000000000000e-01) (10, 6, 5.00000000000000000000e-01) (0, 6, 0.00000000000000000000e+00) (4, 4, 5.00000000000000000000e-01) (0, 4, 0.00000000000000000000e+00) 
connections (connected_to_neuron, weight)=(0, 7.01608093607689564664e+00) (1, -4.72891736116920480271e+00) (2, -7.78903073862879047340e+00) (3, -7.10288053027608867751e+00) (4, 2.39253758427819063215e+00) (5, -6.27416545810253545312e+00) (6, 1.31386781486790269469e+01) (7, -5.44786693781037811846e+00) (8, -2.12703259453539450519e+00) (9, 8.20092331734707791213e+00) (0, -6.26364482419972112837e-02) (1, 6.34377729346056984383e+00) (2, 1.44380048690175022408e+00) (3, 9.98371989224074996017e-01) (4, -4.82117018568735833384e+00) (5, -1.11191357094072773570e+00) (6, -1.99477238439844484219e+01) (7, 4.65046888040563821676e-01) (8, 6.50913301726709025985e+00) (9, -2.11732906853605712394e-01) (0, 7.14427689809980126512e+00) (1, -4.82537016458643108763e+00) (2, -8.28625235731039566645e+00) (3, -7.14148231617429729567e+00) (4, 3.35660386399999888241e+00) (5, -6.35353886248619481592e+00) (6, 1.31934739354174226378e+01) (7, -5.20386148005741944189e+00) (8, -2.87925428046590825559e+00) (9, 8.49449408845183739913e+00) (10, -8.19892503089502788782e+00) (11, 3.11196043284369272541e+00) (12, -4.13051959195574980299e+00) (13, -9.50983836920626601774e-01) 
