FANN_FLO_2.1
num_layers=3
learning_rate=0.700000
connection_rate=1.000000
network_type=0
learning_momentum=0.000000
training_algorithm=2
train_error_function=1
train_stop_function=1
cascade_output_change_fraction=0.010000
quickprop_decay=-0.000100
quickprop_mu=1.750000
rprop_increase_factor=1.200000
rprop_decrease_factor=0.500000
rprop_delta_min=0.000000
rprop_delta_max=50.000000
rprop_delta_zero=0.100000
cascade_output_stagnation_epochs=12
cascade_candidate_change_fraction=0.010000
cascade_candidate_stagnation_epochs=12
cascade_max_out_epochs=150
cascade_min_out_epochs=50
cascade_max_cand_epochs=150
cascade_min_cand_epochs=50
cascade_num_candidate_groups=2
bit_fail_limit=1.00000000000000005551e-01
cascade_candidate_limit=1.00000000000000000000e+03
cascade_weight_multiplier=4.00000000000000022204e-01
cascade_activation_functions_count=10
cascade_activation_functions=3 5 7 8 10 11 14 15 16 17 
cascade_activation_steepnesses_count=4
cascade_activation_steepnesses=2.50000000000000000000e-01 5.00000000000000000000e-01 7.50000000000000000000e-01 1.00000000000000000000e+00 
layer_sizes=7 4 2 
scale_included=0
neurons (num_inputs, activation_function, activation_steepness)=(0, 0, 0.00000000000000000000e+00) (0, 0, 0.00000000000000000000e+00) (0, 0, 0.00000000000000000000e+00) (0, 0, 0.00000000000000000000e+00) (0, 0, 0.00000000000000000000e+00) (0, 0, 0.00000000000000000000e+00) (0, 0, 0.00000000000000000000e+00) (7, 6, 5.00000000000000000000e-01) (7, 6, 5.00000000000000000000e-01) (7, 6, 5.00000000000000000000e-01) (0, 6, 0.00000000000000000000e+00) (4, 4, 5.00000000000000000000e-01) (0, 4, 0.00000000000000000000e+00) 
connections (connected_to_neuron, weight)=(0, -4.80176345103108825896e+00) (1, 4.69296635531508865569e+00) (2, 1.70691020177040936323e-01) (3, -3.10711738497631895228e-01) (4, -2.39339539078714924614e+00) (5, -4.61300608546154844447e-01) (6, -8.01216366806649316068e-01) (0, -7.12824022597651207889e-01) (1, 9.19797691292147612252e-01) (2, 2.83311211910831528549e-01) (3, 1.69493461806314971163e-01) (4, -5.72057208246569359744e-01) (5, -1.02965267535833820967e-01) (6, 4.42032942803816802924e-02) (0, -7.50770544833521569217e-01) (1, 7.74443412906508532600e-01) (2, 7.38334026418364208766e-01) (3, 1.87424967844027068331e-01) (4, -6.76011150903086388553e-01) (5, -3.03773784318397965798e-03) (6, 6.47496560843901641791e-02) (7, 4.82420605637752952788e+00) (8, 1.83714964794399371328e+00) (9, 8.18656239814143482647e-01) (10, -9.91945321379424038710e-01) 
