FANN_FLO_2.1
num_layers=3
learning_rate=0.700000
connection_rate=1.000000
network_type=0
learning_momentum=0.000000
training_algorithm=2
train_error_function=1
train_stop_function=1
cascade_output_change_fraction=0.010000
quickprop_decay=-0.000100
quickprop_mu=1.750000
rprop_increase_factor=1.200000
rprop_decrease_factor=0.500000
rprop_delta_min=0.000000
rprop_delta_max=50.000000
rprop_delta_zero=0.100000
cascade_output_stagnation_epochs=12
cascade_candidate_change_fraction=0.010000
cascade_candidate_stagnation_epochs=12
cascade_max_out_epochs=150
cascade_min_out_epochs=50
cascade_max_cand_epochs=150
cascade_min_cand_epochs=50
cascade_num_candidate_groups=2
bit_fail_limit=1.00000000000000005551e-01
cascade_candidate_limit=1.00000000000000000000e+03
cascade_weight_multiplier=4.00000000000000022204e-01
cascade_activation_functions_count=10
cascade_activation_functions=3 5 7 8 10 11 14 15 16 17 
cascade_activation_steepnesses_count=4
cascade_activation_steepnesses=2.50000000000000000000e-01 5.00000000000000000000e-01 7.50000000000000000000e-01 1.00000000000000000000e+00 
layer_sizes=12 4 2 
scale_included=0
neurons (num_inputs, activation_function, activation_steepness)=(0, 0, 0.00000000000000000000e+00) (0, 0, 0.00000000000000000000e+00) (0, 0, 0.00000000000000000000e+00) (0, 0, 0.00000000000000000000e+00) (0, 0, 0.00000000000000000000e+00) (0, 0, 0.00000000000000000000e+00) (0, 0, 0.00000000000000000000e+00) (0, 0, 0.00000000000000000000e+00) (0, 0, 0.00000000000000000000e+00) (0, 0, 0.00000000000000000000e+00) (0, 0, 0.00000000000000000000e+00) (0, 0, 0.00000000000000000000e+00) (12, 6, 5.00000000000000000000e-01) (12, 6, 5.00000000000000000000e-01) (12, 6, 5.00000000000000000000e-01) (0, 6, 0.00000000000000000000e+00) (4, 4, 5.00000000000000000000e-01) (0, 4, 0.00000000000000000000e+00) 
connections (connected_to_neuron, weight)=(0, 1.18975879617409985300e+00) (1, -7.76376384777156092198e-01) (2, 2.03816239170575369544e-01) (3, -1.30915077715470289377e+01) (4, 1.45464901022800674468e+00) (5, 2.20256921945730166357e+00) (6, 1.92744855133922393664e-02) (7, -3.21730768233156161351e-01) (8, 1.32828912672937371475e+00) (9, -6.14437000375069097835e-01) (10, 2.21483088533236061046e-01) (11, 1.03868056329469427013e+00) (0, -5.52216979855166112401e+00) (1, 3.71206878431792297590e+00) (2, 1.98322360757797566677e+00) (3, 1.68470861920448489180e+00) (4, 2.27704400535907736103e-01) (5, -1.92437109069641931747e+00) (6, 4.01603176900902969493e+00) (7, 9.60394229062638493666e-01) (8, -3.43130490096950069301e-01) (9, 1.37745612298146191677e+00) (10, 2.07640254552521730247e+00) (11, -3.15832721000762361996e+00) (0, -2.93856701930642283394e-01) (1, 2.71154318653238979309e+00) (2, 3.89763259814356610722e-01) (3, 1.58758311869197921151e-01) (4, -3.24317949324087173579e+00) (5, -1.07428505864537071623e+00) (6, 1.61340246451651370130e+00) (7, -1.68093442383800972806e+00) (8, -2.34104191362483815553e+00) (9, 2.61828021093017171417e-01) (10, -2.77858009618604684388e-01) (11, -1.16456008815775072240e-01) (12, -4.51375678438250549362e+00) (13, 7.34239047182125759150e+00) (14, 8.23508362518909242667e-01) (15, -3.34501589750319627825e+00) 
