FANN_FLO_2.1
num_layers=3
learning_rate=0.700000
connection_rate=1.000000
network_type=0
learning_momentum=0.000000
training_algorithm=2
train_error_function=1
train_stop_function=1
cascade_output_change_fraction=0.010000
quickprop_decay=-0.000100
quickprop_mu=1.750000
rprop_increase_factor=1.200000
rprop_decrease_factor=0.500000
rprop_delta_min=0.000000
rprop_delta_max=50.000000
rprop_delta_zero=0.100000
cascade_output_stagnation_epochs=12
cascade_candidate_change_fraction=0.010000
cascade_candidate_stagnation_epochs=12
cascade_max_out_epochs=150
cascade_min_out_epochs=50
cascade_max_cand_epochs=150
cascade_min_cand_epochs=50
cascade_num_candidate_groups=2
bit_fail_limit=1.00000000000000005551e-01
cascade_candidate_limit=1.00000000000000000000e+03
cascade_weight_multiplier=4.00000000000000022204e-01
cascade_activation_functions_count=10
cascade_activation_functions=3 5 7 8 10 11 14 15 16 17 
cascade_activation_steepnesses_count=4
cascade_activation_steepnesses=2.50000000000000000000e-01 5.00000000000000000000e-01 7.50000000000000000000e-01 1.00000000000000000000e+00 
layer_sizes=8 4 2 
scale_included=0
neurons (num_inputs, activation_function, activation_steepness)=(0, 0, 0.00000000000000000000e+00) (0, 0, 0.00000000000000000000e+00) (0, 0, 0.00000000000000000000e+00) (0, 0, 0.00000000000000000000e+00) (0, 0, 0.00000000000000000000e+00) (0, 0, 0.00000000000000000000e+00) (0, 0, 0.00000000000000000000e+00) (0, 0, 0.00000000000000000000e+00) (8, 6, 5.00000000000000000000e-01) (8, 6, 5.00000000000000000000e-01) (8, 6, 5.00000000000000000000e-01) (0, 6, 0.00000000000000000000e+00) (4, 4, 5.00000000000000000000e-01) (0, 4, 0.00000000000000000000e+00) 
connections (connected_to_neuron, weight)=(0, -1.16880338429261887434e+00) (1, 2.03017334148386874304e+00) (2, -7.87496431451792516798e-02) (3, -9.01849324756113679413e-01) (4, -7.86882827930895478730e-01) (5, -7.21675930406169841014e-01) (6, -7.40099197115020701609e-01) (7, -8.59057742112127931122e-01) (0, -1.45551079480241735142e-01) (1, 2.91831238755469568602e-01) (2, -2.43338786614776397821e-02) (3, -5.10730838788388333271e-02) (4, 3.96426558367031934421e-03) (5, -2.84276804489739576276e-01) (6, -2.85726270241387525495e-01) (7, -2.78681794631075230306e-01) (0, -6.46300465225565279326e-01) (1, 6.22465417043386426421e-01) (2, 1.28136464120538196010e-01) (3, -1.22419220126492971079e-02) (4, 6.50067108952181310633e-02) (5, -1.30112744732838125916e-01) (6, 6.34478704490848144371e-02) (7, 6.88576351597427749329e-02) (8, 2.46820810746049268403e+01) (9, 9.56657432393944517912e-01) (10, 2.23815144402178922700e-01) (11, -1.06254638521720634614e+00) 
