FANN_FLO_2.1
num_layers=3
learning_rate=0.700000
connection_rate=1.000000
network_type=0
learning_momentum=0.000000
training_algorithm=2
train_error_function=1
train_stop_function=1
cascade_output_change_fraction=0.010000
quickprop_decay=-0.000100
quickprop_mu=1.750000
rprop_increase_factor=1.200000
rprop_decrease_factor=0.500000
rprop_delta_min=0.000000
rprop_delta_max=50.000000
rprop_delta_zero=0.100000
cascade_output_stagnation_epochs=12
cascade_candidate_change_fraction=0.010000
cascade_candidate_stagnation_epochs=12
cascade_max_out_epochs=150
cascade_min_out_epochs=50
cascade_max_cand_epochs=150
cascade_min_cand_epochs=50
cascade_num_candidate_groups=2
bit_fail_limit=1.00000000000000005551e-01
cascade_candidate_limit=1.00000000000000000000e+03
cascade_weight_multiplier=4.00000000000000022204e-01
cascade_activation_functions_count=10
cascade_activation_functions=3 5 7 8 10 11 14 15 16 17 
cascade_activation_steepnesses_count=4
cascade_activation_steepnesses=2.50000000000000000000e-01 5.00000000000000000000e-01 7.50000000000000000000e-01 1.00000000000000000000e+00 
layer_sizes=10 4 2 
scale_included=0
neurons (num_inputs, activation_function, activation_steepness)=(0, 0, 0.00000000000000000000e+00) (0, 0, 0.00000000000000000000e+00) (0, 0, 0.00000000000000000000e+00) (0, 0, 0.00000000000000000000e+00) (0, 0, 0.00000000000000000000e+00) (0, 0, 0.00000000000000000000e+00) (0, 0, 0.00000000000000000000e+00) (0, 0, 0.00000000000000000000e+00) (0, 0, 0.00000000000000000000e+00) (0, 0, 0.00000000000000000000e+00) (10, 6, 5.00000000000000000000e-01) (10, 6, 5.00000000000000000000e-01) (10, 6, 5.00000000000000000000e-01) (0, 6, 0.00000000000000000000e+00) (4, 4, 5.00000000000000000000e-01) (0, 4, 0.00000000000000000000e+00) 
connections (connected_to_neuron, weight)=(0, -1.23386157811936603146e+00) (1, 2.52198323813921021497e+00) (2, 4.24423570417796991450e+00) (3, 4.74851493367207755369e+00) (4, 3.28809049895140814712e-01) (5, 2.20460666955180695226e+00) (6, 2.03775682719018513822e+00) (7, 1.35684050457972649184e+00) (8, 1.66643254334810642092e+00) (9, -5.30105841971783586786e+00) (0, -3.78238800100567817974e-01) (1, 7.20274068453566851389e+00) (2, 1.29122390127404695903e+00) (3, 7.15329781914463946890e-01) (4, -3.56672843882699108775e+00) (5, -1.33139960765910925211e+00) (6, -6.94955134395876061859e+00) (7, 9.77828196259038939786e-01) (8, 1.97724027199550134171e+00) (9, -1.51637822616723694225e+00) (0, 5.71682731501136398578e+00) (1, -3.02485862938053629012e-02) (2, -7.11899719237045136566e+00) (3, -6.56025723408520988755e+00) (4, 1.81884319447670739223e+00) (5, 4.43461771866934917341e+00) (6, 2.81832907517083945947e+01) (7, -7.87341000179153471805e+00) (8, -3.28071711498364981807e+00) (9, 7.22420494788906264461e+00) (10, 6.62343639088127034142e+00) (11, 3.60781599931106722323e+00) (12, -4.15338793926404825640e+00) (13, -6.51152037752249834845e-01) 
