FANN_FLO_2.1
num_layers=3
learning_rate=0.700000
connection_rate=1.000000
network_type=0
learning_momentum=0.000000
training_algorithm=2
train_error_function=1
train_stop_function=1
cascade_output_change_fraction=0.010000
quickprop_decay=-0.000100
quickprop_mu=1.750000
rprop_increase_factor=1.200000
rprop_decrease_factor=0.500000
rprop_delta_min=0.000000
rprop_delta_max=50.000000
rprop_delta_zero=0.100000
cascade_output_stagnation_epochs=12
cascade_candidate_change_fraction=0.010000
cascade_candidate_stagnation_epochs=12
cascade_max_out_epochs=150
cascade_min_out_epochs=50
cascade_max_cand_epochs=150
cascade_min_cand_epochs=50
cascade_num_candidate_groups=2
bit_fail_limit=1.00000000000000005551e-01
cascade_candidate_limit=1.00000000000000000000e+03
cascade_weight_multiplier=4.00000000000000022204e-01
cascade_activation_functions_count=10
cascade_activation_functions=3 5 7 8 10 11 14 15 16 17 
cascade_activation_steepnesses_count=4
cascade_activation_steepnesses=2.50000000000000000000e-01 5.00000000000000000000e-01 7.50000000000000000000e-01 1.00000000000000000000e+00 
layer_sizes=7 4 2 
scale_included=0
neurons (num_inputs, activation_function, activation_steepness)=(0, 0, 0.00000000000000000000e+00) (0, 0, 0.00000000000000000000e+00) (0, 0, 0.00000000000000000000e+00) (0, 0, 0.00000000000000000000e+00) (0, 0, 0.00000000000000000000e+00) (0, 0, 0.00000000000000000000e+00) (0, 0, 0.00000000000000000000e+00) (7, 6, 5.00000000000000000000e-01) (7, 6, 5.00000000000000000000e-01) (7, 6, 5.00000000000000000000e-01) (0, 6, 0.00000000000000000000e+00) (4, 4, 5.00000000000000000000e-01) (0, 4, 0.00000000000000000000e+00) 
connections (connected_to_neuron, weight)=(0, 1.12123545273597668981e+00) (1, 3.22141980552584072939e+00) (2, 1.50193511126487577734e+00) (3, 1.34348423373120784419e+00) (4, 4.39157482293166812060e-01) (5, 1.56361209707242343470e+00) (6, -1.80703669629609886549e+00) (0, -1.70753931047685081346e+00) (1, 2.77835404832348009663e+00) (2, -1.12109152124295907704e+00) (3, -4.57565864068194882996e-01) (4, -2.92895107584768610298e-01) (5, -7.57716083699899178860e-01) (6, 2.15402571647820906264e+00) (0, 1.00767264025608227485e+00) (1, 3.30541791194588041591e+00) (2, 1.48355615315883482275e+00) (3, 1.37115264278071880000e+00) (4, 4.29060964260213839605e-01) (5, 1.67707538710814807459e+00) (6, -1.84082615591204468153e+00) (7, 2.74369414875557922073e+01) (8, -1.25109726519128532374e+01) (9, 3.16524382935081476376e+01) (10, -1.26234772126756245036e+00) 
