FANN_FLO_2.1
num_layers=3
learning_rate=0.700000
connection_rate=1.000000
network_type=0
learning_momentum=0.000000
training_algorithm=2
train_error_function=1
train_stop_function=1
cascade_output_change_fraction=0.010000
quickprop_decay=-0.000100
quickprop_mu=1.750000
rprop_increase_factor=1.200000
rprop_decrease_factor=0.500000
rprop_delta_min=0.000000
rprop_delta_max=50.000000
rprop_delta_zero=0.100000
cascade_output_stagnation_epochs=12
cascade_candidate_change_fraction=0.010000
cascade_candidate_stagnation_epochs=12
cascade_max_out_epochs=150
cascade_min_out_epochs=50
cascade_max_cand_epochs=150
cascade_min_cand_epochs=50
cascade_num_candidate_groups=2
bit_fail_limit=1.00000000000000005551e-01
cascade_candidate_limit=1.00000000000000000000e+03
cascade_weight_multiplier=4.00000000000000022204e-01
cascade_activation_functions_count=10
cascade_activation_functions=3 5 7 8 10 11 14 15 16 17 
cascade_activation_steepnesses_count=4
cascade_activation_steepnesses=2.50000000000000000000e-01 5.00000000000000000000e-01 7.50000000000000000000e-01 1.00000000000000000000e+00 
layer_sizes=13 4 2 
scale_included=0
neurons (num_inputs, activation_function, activation_steepness)=(0, 0, 0.00000000000000000000e+00) (0, 0, 0.00000000000000000000e+00) (0, 0, 0.00000000000000000000e+00) (0, 0, 0.00000000000000000000e+00) (0, 0, 0.00000000000000000000e+00) (0, 0, 0.00000000000000000000e+00) (0, 0, 0.00000000000000000000e+00) (0, 0, 0.00000000000000000000e+00) (0, 0, 0.00000000000000000000e+00) (0, 0, 0.00000000000000000000e+00) (0, 0, 0.00000000000000000000e+00) (0, 0, 0.00000000000000000000e+00) (0, 0, 0.00000000000000000000e+00) (13, 6, 5.00000000000000000000e-01) (13, 6, 5.00000000000000000000e-01) (13, 6, 5.00000000000000000000e-01) (0, 6, 0.00000000000000000000e+00) (4, 4, 5.00000000000000000000e-01) (0, 4, 0.00000000000000000000e+00) 
connections (connected_to_neuron, weight)=(0, 9.65325690951609693968e-01) (1, -3.90296193187002415925e+00) (2, 8.32082044989960467607e-02) (3, 8.92572656419539534056e-01) (4, 9.30091403570437513793e-01) (5, 9.11385305371546827757e-01) (6, 9.46167898345713243025e-01) (7, 1.25291151713636761400e+00) (8, 6.75698387823816304376e-01) (9, 7.02678102455850606134e-01) (10, 1.19678094398287182543e+00) (11, 1.23728016179111843798e+00) (12, 5.66921010069366460016e-01) (0, 8.93443070497775160277e-01) (1, -3.84074831728700871736e+00) (2, 1.12243877044429091194e-01) (3, 9.62545402493739210570e-01) (4, 9.30115230527186476195e-01) (5, 8.79095673706793867552e-01) (6, 9.62346457857613191145e-01) (7, 1.21572932016161328050e+00) (8, 7.05267164312120442560e-01) (9, 5.69955903492685322931e-01) (10, 1.23892735850122814867e+00) (11, 1.29334524434116726610e+00) (12, 6.11347298525091176202e-01) (0, -1.57106064570721681850e-01) (1, 1.43998948116417890830e+00) (2, 2.93829831117150219733e-01) (3, -1.45905095465746204031e-02) (4, -1.74369591601457873953e-02) (5, -1.03163771642026003139e-01) (6, -6.31717898199157357197e-01) (7, -5.25560885915355213704e-01) (8, 2.79640119021888899908e-01) (9, -4.25360382872488895778e-03) (10, -1.36153372947689055295e+00) (11, -6.26503549763755440694e-01) (12, 2.67098363022255924637e-02) (13, -3.94740074847702260286e+00) (14, -3.95790499423507924348e+00) (15, 2.49000530068839848186e-01) (16, -5.39081965466469137382e-01) 
