FANN_FLO_2.1
num_layers=3
learning_rate=0.700000
connection_rate=1.000000
network_type=0
learning_momentum=0.000000
training_algorithm=2
train_error_function=1
train_stop_function=1
cascade_output_change_fraction=0.010000
quickprop_decay=-0.000100
quickprop_mu=1.750000
rprop_increase_factor=1.200000
rprop_decrease_factor=0.500000
rprop_delta_min=0.000000
rprop_delta_max=50.000000
rprop_delta_zero=0.100000
cascade_output_stagnation_epochs=12
cascade_candidate_change_fraction=0.010000
cascade_candidate_stagnation_epochs=12
cascade_max_out_epochs=150
cascade_min_out_epochs=50
cascade_max_cand_epochs=150
cascade_min_cand_epochs=50
cascade_num_candidate_groups=2
bit_fail_limit=1.00000000000000005551e-01
cascade_candidate_limit=1.00000000000000000000e+03
cascade_weight_multiplier=4.00000000000000022204e-01
cascade_activation_functions_count=10
cascade_activation_functions=3 5 7 8 10 11 14 15 16 17 
cascade_activation_steepnesses_count=4
cascade_activation_steepnesses=2.50000000000000000000e-01 5.00000000000000000000e-01 7.50000000000000000000e-01 1.00000000000000000000e+00 
layer_sizes=16 4 2 
scale_included=0
neurons (num_inputs, activation_function, activation_steepness)=(0, 0, 0.00000000000000000000e+00) (0, 0, 0.00000000000000000000e+00) (0, 0, 0.00000000000000000000e+00) (0, 0, 0.00000000000000000000e+00) (0, 0, 0.00000000000000000000e+00) (0, 0, 0.00000000000000000000e+00) (0, 0, 0.00000000000000000000e+00) (0, 0, 0.00000000000000000000e+00) (0, 0, 0.00000000000000000000e+00) (0, 0, 0.00000000000000000000e+00) (0, 0, 0.00000000000000000000e+00) (0, 0, 0.00000000000000000000e+00) (0, 0, 0.00000000000000000000e+00) (0, 0, 0.00000000000000000000e+00) (0, 0, 0.00000000000000000000e+00) (0, 0, 0.00000000000000000000e+00) (16, 6, 5.00000000000000000000e-01) (16, 6, 5.00000000000000000000e-01) (16, 6, 5.00000000000000000000e-01) (0, 6, 0.00000000000000000000e+00) (4, 4, 5.00000000000000000000e-01) (0, 4, 0.00000000000000000000e+00) 
connections (connected_to_neuron, weight)=(0, 7.50715998470675405230e+00) (1, -2.19244324002633117487e+00) (2, -2.18968515752275649788e+00) (3, 7.85561239999735816397e-01) (4, -8.69018168151358905149e-01) (5, -2.14971736293122717143e+00) (6, 4.85832438001717492604e-01) (7, 1.02322815111224962870e+00) (8, 9.68188715487173445773e-01) (9, -2.72674045936500464293e+00) (10, 3.74508495203196567491e-01) (11, -1.05628993445606256252e+00) (12, -2.04135995114863755262e+00) (13, -2.20205351619442213362e+00) (14, 3.01608760904580552875e-01) (15, 1.04668551516607055696e+00) (0, -7.84711074079087134159e-01) (1, 2.90740398980138536889e-01) (2, 1.19120323701737995670e+00) (3, 2.42410573925431915843e-01) (4, 7.29194299885443375508e-01) (5, 1.81664374306151399363e-01) (6, 2.01219055618699738108e-01) (7, 3.18161690296590471405e-01) (8, 3.78055595146643552695e-01) (9, 8.60281046135293991917e-01) (10, 7.63785250400003667970e-01) (11, 5.49570613763740167812e-01) (12, 2.43158628840385249159e-01) (13, 6.54953191311926419260e-01) (14, 7.14663997744603873841e-01) (15, -3.48998580813788317201e-01) (0, 4.43025193757827651098e+00) (1, -1.87367404104933665820e+00) (2, -2.04798333255966324984e+00) (3, 7.22026689630949958243e-01) (4, -1.79707337412015444311e-01) (5, -1.98601886940865446363e+00) (6, 1.03054638493891204121e+00) (7, 1.01821115365569903055e+00) (8, 9.94605725019625075412e-01) (9, -1.50714933147016094672e+00) (10, 4.33215428074247843604e-01) (11, -1.49129352111662172309e-01) (12, -2.05672601905592600247e+00) (13, -2.11888286380489532235e+00) (14, 5.78812046852437811495e-01) (15, 1.11018844527080329243e+00) (16, -1.12118369522805441107e+01) (17, 1.07125550713290662586e+00) (18, -1.11606917637701261725e+01) (19, -6.99321231213328231568e-01) 
