FANN_FLO_2.1
num_layers=3
learning_rate=0.700000
connection_rate=1.000000
network_type=0
learning_momentum=0.000000
training_algorithm=2
train_error_function=1
train_stop_function=1
cascade_output_change_fraction=0.010000
quickprop_decay=-0.000100
quickprop_mu=1.750000
rprop_increase_factor=1.200000
rprop_decrease_factor=0.500000
rprop_delta_min=0.000000
rprop_delta_max=50.000000
rprop_delta_zero=0.100000
cascade_output_stagnation_epochs=12
cascade_candidate_change_fraction=0.010000
cascade_candidate_stagnation_epochs=12
cascade_max_out_epochs=150
cascade_min_out_epochs=50
cascade_max_cand_epochs=150
cascade_min_cand_epochs=50
cascade_num_candidate_groups=2
bit_fail_limit=1.00000000000000005551e-01
cascade_candidate_limit=1.00000000000000000000e+03
cascade_weight_multiplier=4.00000000000000022204e-01
cascade_activation_functions_count=10
cascade_activation_functions=3 5 7 8 10 11 14 15 16 17 
cascade_activation_steepnesses_count=4
cascade_activation_steepnesses=2.50000000000000000000e-01 5.00000000000000000000e-01 7.50000000000000000000e-01 1.00000000000000000000e+00 
layer_sizes=6 4 2 
scale_included=0
neurons (num_inputs, activation_function, activation_steepness)=(0, 0, 0.00000000000000000000e+00) (0, 0, 0.00000000000000000000e+00) (0, 0, 0.00000000000000000000e+00) (0, 0, 0.00000000000000000000e+00) (0, 0, 0.00000000000000000000e+00) (0, 0, 0.00000000000000000000e+00) (6, 6, 5.00000000000000000000e-01) (6, 6, 5.00000000000000000000e-01) (6, 6, 5.00000000000000000000e-01) (0, 6, 0.00000000000000000000e+00) (4, 4, 5.00000000000000000000e-01) (0, 4, 0.00000000000000000000e+00) 
connections (connected_to_neuron, weight)=(0, 8.16591992125876409148e-01) (1, 2.59741526335869075126e+01) (2, 2.52646586501527270485e+00) (3, 1.44084350095132074365e+00) (4, 5.04534908121132286141e+00) (5, -1.83861021227453225180e+00) (0, -9.33123153478030431529e+00) (1, 2.19651918609395153226e+02) (2, 2.35249314781850635825e+01) (3, 6.63324856826491338069e+00) (4, 4.76843341326983761519e+02) (5, 8.42551893126205486695e-01) (0, -1.44393935189549216247e+00) (1, 1.22201450871192385250e+00) (2, 4.31513522043268815676e-01) (3, -7.19468438550562416900e-01) (4, 6.77393790582313082282e-01) (5, 8.51892105825469481140e-01) (6, 5.92211317829364105592e+01) (7, 2.81328901126095320961e+00) (8, -1.00941316834978366046e+02) (9, -1.17275555233156136836e+00) 
