FANN_FLO_2.1
num_layers=3
learning_rate=0.700000
connection_rate=1.000000
network_type=0
learning_momentum=0.000000
training_algorithm=2
train_error_function=1
train_stop_function=1
cascade_output_change_fraction=0.010000
quickprop_decay=-0.000100
quickprop_mu=1.750000
rprop_increase_factor=1.200000
rprop_decrease_factor=0.500000
rprop_delta_min=0.000000
rprop_delta_max=50.000000
rprop_delta_zero=0.100000
cascade_output_stagnation_epochs=12
cascade_candidate_change_fraction=0.010000
cascade_candidate_stagnation_epochs=12
cascade_max_out_epochs=150
cascade_min_out_epochs=50
cascade_max_cand_epochs=150
cascade_min_cand_epochs=50
cascade_num_candidate_groups=2
bit_fail_limit=1.00000000000000005551e-01
cascade_candidate_limit=1.00000000000000000000e+03
cascade_weight_multiplier=4.00000000000000022204e-01
cascade_activation_functions_count=10
cascade_activation_functions=3 5 7 8 10 11 14 15 16 17 
cascade_activation_steepnesses_count=4
cascade_activation_steepnesses=2.50000000000000000000e-01 5.00000000000000000000e-01 7.50000000000000000000e-01 1.00000000000000000000e+00 
layer_sizes=9 4 2 
scale_included=0
neurons (num_inputs, activation_function, activation_steepness)=(0, 0, 0.00000000000000000000e+00) (0, 0, 0.00000000000000000000e+00) (0, 0, 0.00000000000000000000e+00) (0, 0, 0.00000000000000000000e+00) (0, 0, 0.00000000000000000000e+00) (0, 0, 0.00000000000000000000e+00) (0, 0, 0.00000000000000000000e+00) (0, 0, 0.00000000000000000000e+00) (0, 0, 0.00000000000000000000e+00) (9, 6, 5.00000000000000000000e-01) (9, 6, 5.00000000000000000000e-01) (9, 6, 5.00000000000000000000e-01) (0, 6, 0.00000000000000000000e+00) (4, 4, 5.00000000000000000000e-01) (0, 4, 0.00000000000000000000e+00) 
connections (connected_to_neuron, weight)=(0, -1.89715088834162926013e+00) (1, 3.92847853128675694734e+00) (2, 2.81044563975704320136e-01) (3, -2.28676447004906080451e-01) (4, -5.51962559004753439140e-01) (5, -9.13181583552097775325e-01) (6, -3.21251917181935464640e-01) (7, -5.08840736826389639091e-01) (8, -5.68215978225200979423e-01) (0, -5.34850167758062600143e-01) (1, 6.16015254742697360157e-01) (2, 6.05947476771248383365e-01) (3, 1.44597131961342911799e-01) (4, 1.97101877168839867416e-01) (5, -6.75421370289240874385e-02) (6, 2.78937157445904859721e-01) (7, -8.34584919831667937373e-02) (8, 3.68574025013531647588e-02) (0, 1.30719536703136807176e+00) (1, -3.78145536010030980378e+00) (2, 2.18332103255502146810e-01) (3, 5.41484366558309559991e-01) (4, 6.07153932951208119562e-01) (5, 1.04874683635306809038e+00) (6, 6.55123147569414143732e-01) (7, 6.29656206272359852960e-01) (8, 1.10955127792430374711e+00) (9, 3.93319153015379185945e+00) (10, 5.12831461575401825748e-01) (11, -1.95777767826911186511e+00) (12, -8.52679773388838269099e-01) 
