FANN_FLO_2.1
num_layers=3
learning_rate=0.700000
connection_rate=1.000000
network_type=0
learning_momentum=0.000000
training_algorithm=2
train_error_function=1
train_stop_function=1
cascade_output_change_fraction=0.010000
quickprop_decay=-0.000100
quickprop_mu=1.750000
rprop_increase_factor=1.200000
rprop_decrease_factor=0.500000
rprop_delta_min=0.000000
rprop_delta_max=50.000000
rprop_delta_zero=0.100000
cascade_output_stagnation_epochs=12
cascade_candidate_change_fraction=0.010000
cascade_candidate_stagnation_epochs=12
cascade_max_out_epochs=150
cascade_min_out_epochs=50
cascade_max_cand_epochs=150
cascade_min_cand_epochs=50
cascade_num_candidate_groups=2
bit_fail_limit=1.00000000000000005551e-01
cascade_candidate_limit=1.00000000000000000000e+03
cascade_weight_multiplier=4.00000000000000022204e-01
cascade_activation_functions_count=10
cascade_activation_functions=3 5 7 8 10 11 14 15 16 17 
cascade_activation_steepnesses_count=4
cascade_activation_steepnesses=2.50000000000000000000e-01 5.00000000000000000000e-01 7.50000000000000000000e-01 1.00000000000000000000e+00 
layer_sizes=9 4 2 
scale_included=0
neurons (num_inputs, activation_function, activation_steepness)=(0, 0, 0.00000000000000000000e+00) (0, 0, 0.00000000000000000000e+00) (0, 0, 0.00000000000000000000e+00) (0, 0, 0.00000000000000000000e+00) (0, 0, 0.00000000000000000000e+00) (0, 0, 0.00000000000000000000e+00) (0, 0, 0.00000000000000000000e+00) (0, 0, 0.00000000000000000000e+00) (0, 0, 0.00000000000000000000e+00) (9, 6, 5.00000000000000000000e-01) (9, 6, 5.00000000000000000000e-01) (9, 6, 5.00000000000000000000e-01) (0, 6, 0.00000000000000000000e+00) (4, 4, 5.00000000000000000000e-01) (0, 4, 0.00000000000000000000e+00) 
connections (connected_to_neuron, weight)=(0, -1.05987736188319114916e+00) (1, 1.28748754753163363596e+00) (2, 2.35765100912576119896e+00) (3, -7.22129540037176775868e-01) (4, -6.57826700698397326406e-01) (5, -9.34664670158890653617e-01) (6, -7.02892260145209002431e-01) (7, -6.79409713934920000966e-01) (8, -1.07687783591893104784e+00) (0, 1.66986296390242183740e+00) (1, -1.61884936226720954622e+00) (2, -1.39045004142628036981e+00) (3, 1.28294483490890232069e+00) (4, 1.36492793180650440199e+00) (5, 1.59512687538809383447e+00) (6, 1.17783123918479670778e+00) (7, 1.23823501088327159181e+00) (8, 1.45346591350974518875e+00) (0, -9.93825148571995664604e-01) (1, 1.78190966454565713484e+00) (2, 1.68258788322547792049e+00) (3, -5.89972355853579211171e-01) (4, -6.54636354636213946279e-01) (5, -1.01400069497969536059e+00) (6, -5.64410546313784289296e-01) (7, -7.01638595651648211415e-01) (8, -1.07282046579268364184e+00) (9, 8.33352018260343285760e+00) (10, -3.05132128851998318808e+00) (11, 8.30108483993394585809e+00) (12, -1.02291208111193565600e+00) 
