FANN_FLO_2.1
num_layers=3
learning_rate=0.700000
connection_rate=1.000000
network_type=0
learning_momentum=0.000000
training_algorithm=2
train_error_function=1
train_stop_function=1
cascade_output_change_fraction=0.010000
quickprop_decay=-0.000100
quickprop_mu=1.750000
rprop_increase_factor=1.200000
rprop_decrease_factor=0.500000
rprop_delta_min=0.000000
rprop_delta_max=50.000000
rprop_delta_zero=0.100000
cascade_output_stagnation_epochs=12
cascade_candidate_change_fraction=0.010000
cascade_candidate_stagnation_epochs=12
cascade_max_out_epochs=150
cascade_min_out_epochs=50
cascade_max_cand_epochs=150
cascade_min_cand_epochs=50
cascade_num_candidate_groups=2
bit_fail_limit=1.00000000000000005551e-01
cascade_candidate_limit=1.00000000000000000000e+03
cascade_weight_multiplier=4.00000000000000022204e-01
cascade_activation_functions_count=10
cascade_activation_functions=3 5 7 8 10 11 14 15 16 17 
cascade_activation_steepnesses_count=4
cascade_activation_steepnesses=2.50000000000000000000e-01 5.00000000000000000000e-01 7.50000000000000000000e-01 1.00000000000000000000e+00 
layer_sizes=15 4 2 
scale_included=0
neurons (num_inputs, activation_function, activation_steepness)=(0, 0, 0.00000000000000000000e+00) (0, 0, 0.00000000000000000000e+00) (0, 0, 0.00000000000000000000e+00) (0, 0, 0.00000000000000000000e+00) (0, 0, 0.00000000000000000000e+00) (0, 0, 0.00000000000000000000e+00) (0, 0, 0.00000000000000000000e+00) (0, 0, 0.00000000000000000000e+00) (0, 0, 0.00000000000000000000e+00) (0, 0, 0.00000000000000000000e+00) (0, 0, 0.00000000000000000000e+00) (0, 0, 0.00000000000000000000e+00) (0, 0, 0.00000000000000000000e+00) (0, 0, 0.00000000000000000000e+00) (0, 0, 0.00000000000000000000e+00) (15, 6, 5.00000000000000000000e-01) (15, 6, 5.00000000000000000000e-01) (15, 6, 5.00000000000000000000e-01) (0, 6, 0.00000000000000000000e+00) (4, 4, 5.00000000000000000000e-01) (0, 4, 0.00000000000000000000e+00) 
connections (connected_to_neuron, weight)=(0, -5.94575719236824618008e+00) (1, 3.47382166063641695253e-01) (2, -1.90067508647628691243e+00) (3, 9.82501038941000215399e-02) (4, -5.74741052478834335560e-01) (5, -7.86493585988847221380e-01) (6, -1.18011465038960028373e+00) (7, 2.00913918588086437556e-01) (8, -1.28394543634803692811e+00) (9, 4.57917172220687007655e-01) (10, -4.23247773504689728252e-01) (11, -4.90605274278690939305e-01) (12, -4.25428703134360930438e-02) (13, -4.42746994000407290137e-01) (14, 4.31165563133172446975e-01) (0, -1.31194594995706719232e+01) (1, 1.51556614222645352763e-01) (2, 1.12166321263950710119e+01) (3, -2.12426642912411489661e+00) (4, -2.69560962283735716660e-01) (5, -6.32733210833237302850e-01) (6, 1.87962888942290157201e-01) (7, -9.59934556269130684347e-02) (8, -6.89602625506674948852e-01) (9, 6.12936811441371798281e-01) (10, -4.21475246411852633166e-01) (11, -3.42540147204532852143e-01) (12, -4.55835524401606573264e-01) (13, 3.23279231646436038261e+00) (14, 1.05574907008277185660e+00) (0, -1.40455262753492444716e+01) (1, -5.13678117501956688074e-02) (2, -2.78553732232826822823e+00) (3, -1.10152968783941052067e+00) (4, 6.52928407088277484860e+00) (5, -2.70784574926271504047e-01) (6, 7.14468858537061812797e+00) (7, 2.37408170826650133378e+00) (8, 5.68098080608056665852e+00) (9, 7.24250587179541494010e-01) (10, 5.95836211551425076749e+00) (11, 5.97689177786093495115e+00) (12, -1.04869657973068630685e-01) (13, 7.27311172080364531922e+00) (14, 3.42486636375334496663e-01) (15, 2.40883140676124583024e+01) (16, 1.60505687051771381846e+01) (17, 1.60226344378844416383e+01) (18, -4.86221204536947726460e-01) 
