FANN_FLO_2.1
num_layers=3
learning_rate=0.700000
connection_rate=1.000000
network_type=0
learning_momentum=0.000000
training_algorithm=2
train_error_function=1
train_stop_function=1
cascade_output_change_fraction=0.010000
quickprop_decay=-0.000100
quickprop_mu=1.750000
rprop_increase_factor=1.200000
rprop_decrease_factor=0.500000
rprop_delta_min=0.000000
rprop_delta_max=50.000000
rprop_delta_zero=0.100000
cascade_output_stagnation_epochs=12
cascade_candidate_change_fraction=0.010000
cascade_candidate_stagnation_epochs=12
cascade_max_out_epochs=150
cascade_min_out_epochs=50
cascade_max_cand_epochs=150
cascade_min_cand_epochs=50
cascade_num_candidate_groups=2
bit_fail_limit=1.00000000000000005551e-01
cascade_candidate_limit=1.00000000000000000000e+03
cascade_weight_multiplier=4.00000000000000022204e-01
cascade_activation_functions_count=10
cascade_activation_functions=3 5 7 8 10 11 14 15 16 17 
cascade_activation_steepnesses_count=4
cascade_activation_steepnesses=2.50000000000000000000e-01 5.00000000000000000000e-01 7.50000000000000000000e-01 1.00000000000000000000e+00 
layer_sizes=12 4 2 
scale_included=0
neurons (num_inputs, activation_function, activation_steepness)=(0, 0, 0.00000000000000000000e+00) (0, 0, 0.00000000000000000000e+00) (0, 0, 0.00000000000000000000e+00) (0, 0, 0.00000000000000000000e+00) (0, 0, 0.00000000000000000000e+00) (0, 0, 0.00000000000000000000e+00) (0, 0, 0.00000000000000000000e+00) (0, 0, 0.00000000000000000000e+00) (0, 0, 0.00000000000000000000e+00) (0, 0, 0.00000000000000000000e+00) (0, 0, 0.00000000000000000000e+00) (0, 0, 0.00000000000000000000e+00) (12, 6, 5.00000000000000000000e-01) (12, 6, 5.00000000000000000000e-01) (12, 6, 5.00000000000000000000e-01) (0, 6, 0.00000000000000000000e+00) (4, 4, 5.00000000000000000000e-01) (0, 4, 0.00000000000000000000e+00) 
connections (connected_to_neuron, weight)=(0, -3.88279945378069157869e+00) (1, 3.85308264915708775789e+00) (2, 4.73988046123182182878e-01) (3, -8.09068584300819404476e-01) (4, -1.36581758607741354794e+00) (5, 6.40632856009421658428e-01) (6, -9.74696616994935816081e-01) (7, -7.41426420815530784481e-01) (8, 3.86467133437160725862e+00) (9, 3.92160110895399327546e+00) (10, 3.83201412086252446443e+00) (11, -7.11377175744163647853e-02) (0, 3.78649357681040044099e+00) (1, -2.33781120193700608922e+00) (2, -2.64062576531483017561e-02) (3, 1.41602095264552541032e+00) (4, 1.44921733815785414023e+00) (5, -3.15959946039796824024e-01) (6, 1.49042955660237153026e+00) (7, 1.43233691949008412614e+00) (8, -2.31708979619245347692e+00) (9, -2.41671776411633310033e+00) (10, -2.42257880059580621435e+00) (11, 3.72117832519591407170e-01) (0, 2.47866424549367270203e+00) (1, -2.34805297864179429723e+00) (2, 5.86925938189910567644e-02) (3, 1.43350128132461018815e+00) (4, 1.50309581686373716636e+00) (5, -1.89513855401159281300e-01) (6, 1.49780341112030823680e+00) (7, 1.32590886626003690019e+00) (8, -2.44795903576116380407e+00) (9, -2.44807387901048478795e+00) (10, -2.37150106591682252599e+00) (11, 3.98393165536702231755e-01) (12, 3.90595551554922337800e+00) (13, -3.86659983520273442537e+00) (14, -3.95492397968534703523e+00) (15, -1.99482406138955320474e-01) 
