FANN_FLO_2.1
num_layers=3
learning_rate=0.700000
connection_rate=1.000000
network_type=0
learning_momentum=0.000000
training_algorithm=2
train_error_function=1
train_stop_function=1
cascade_output_change_fraction=0.010000
quickprop_decay=-0.000100
quickprop_mu=1.750000
rprop_increase_factor=1.200000
rprop_decrease_factor=0.500000
rprop_delta_min=0.000000
rprop_delta_max=50.000000
rprop_delta_zero=0.100000
cascade_output_stagnation_epochs=12
cascade_candidate_change_fraction=0.010000
cascade_candidate_stagnation_epochs=12
cascade_max_out_epochs=150
cascade_min_out_epochs=50
cascade_max_cand_epochs=150
cascade_min_cand_epochs=50
cascade_num_candidate_groups=2
bit_fail_limit=1.00000000000000005551e-01
cascade_candidate_limit=1.00000000000000000000e+03
cascade_weight_multiplier=4.00000000000000022204e-01
cascade_activation_functions_count=10
cascade_activation_functions=3 5 7 8 10 11 14 15 16 17 
cascade_activation_steepnesses_count=4
cascade_activation_steepnesses=2.50000000000000000000e-01 5.00000000000000000000e-01 7.50000000000000000000e-01 1.00000000000000000000e+00 
layer_sizes=8 4 2 
scale_included=0
neurons (num_inputs, activation_function, activation_steepness)=(0, 0, 0.00000000000000000000e+00) (0, 0, 0.00000000000000000000e+00) (0, 0, 0.00000000000000000000e+00) (0, 0, 0.00000000000000000000e+00) (0, 0, 0.00000000000000000000e+00) (0, 0, 0.00000000000000000000e+00) (0, 0, 0.00000000000000000000e+00) (0, 0, 0.00000000000000000000e+00) (8, 6, 5.00000000000000000000e-01) (8, 6, 5.00000000000000000000e-01) (8, 6, 5.00000000000000000000e-01) (0, 6, 0.00000000000000000000e+00) (4, 4, 5.00000000000000000000e-01) (0, 4, 0.00000000000000000000e+00) 
connections (connected_to_neuron, weight)=(0, 3.59863013532510309100e-02) (1, 1.84011706262157903602e+00) (2, 4.12807386253675745458e-01) (3, -4.10498960058142264851e-02) (4, 2.23958940803662764907e+00) (5, 1.15195651402746734870e-01) (6, 1.76488658338116155555e+00) (7, -9.12769675531416413428e-01) (0, 1.71902233304060042540e-01) (1, 7.90721039521875002087e-01) (2, 2.58720947671233991727e-01) (3, 1.02041313863572041809e-01) (4, 1.06214982691893955469e+00) (5, 2.02722522724347292700e-01) (6, 9.51649699841837115599e-01) (7, -2.38671658018536486656e-01) (0, -8.38258202769826432643e-01) (1, 2.79209859806716886865e+00) (2, 7.59712194692876985336e-02) (3, -6.09386525939733081358e-01) (4, 2.66695124793470350610e+00) (5, -5.58169186873457845444e-01) (6, 2.73896282303750959741e+00) (7, -1.22170123383181117305e+00) (8, 2.11877660435931503002e+00) (9, 1.45260705270383350118e+00) (10, 1.27820907522338238493e+01) (11, -2.68151080240851236169e+00) 
