FANN_FLO_2.1
num_layers=3
learning_rate=0.700000
connection_rate=1.000000
network_type=0
learning_momentum=0.000000
training_algorithm=2
train_error_function=1
train_stop_function=1
cascade_output_change_fraction=0.010000
quickprop_decay=-0.000100
quickprop_mu=1.750000
rprop_increase_factor=1.200000
rprop_decrease_factor=0.500000
rprop_delta_min=0.000000
rprop_delta_max=50.000000
rprop_delta_zero=0.100000
cascade_output_stagnation_epochs=12
cascade_candidate_change_fraction=0.010000
cascade_candidate_stagnation_epochs=12
cascade_max_out_epochs=150
cascade_min_out_epochs=50
cascade_max_cand_epochs=150
cascade_min_cand_epochs=50
cascade_num_candidate_groups=2
bit_fail_limit=1.00000000000000005551e-01
cascade_candidate_limit=1.00000000000000000000e+03
cascade_weight_multiplier=4.00000000000000022204e-01
cascade_activation_functions_count=10
cascade_activation_functions=3 5 7 8 10 11 14 15 16 17 
cascade_activation_steepnesses_count=4
cascade_activation_steepnesses=2.50000000000000000000e-01 5.00000000000000000000e-01 7.50000000000000000000e-01 1.00000000000000000000e+00 
layer_sizes=9 4 2 
scale_included=0
neurons (num_inputs, activation_function, activation_steepness)=(0, 0, 0.00000000000000000000e+00) (0, 0, 0.00000000000000000000e+00) (0, 0, 0.00000000000000000000e+00) (0, 0, 0.00000000000000000000e+00) (0, 0, 0.00000000000000000000e+00) (0, 0, 0.00000000000000000000e+00) (0, 0, 0.00000000000000000000e+00) (0, 0, 0.00000000000000000000e+00) (0, 0, 0.00000000000000000000e+00) (9, 6, 5.00000000000000000000e-01) (9, 6, 5.00000000000000000000e-01) (9, 6, 5.00000000000000000000e-01) (0, 6, 0.00000000000000000000e+00) (4, 4, 5.00000000000000000000e-01) (0, 4, 0.00000000000000000000e+00) 
connections (connected_to_neuron, weight)=(0, 1.18855118166712170336e+00) (1, -3.92243728016380543977e+00) (2, 4.50368772752543056193e-01) (3, 9.08459104743266188109e-01) (4, 9.62193124141955458128e-01) (5, 5.48374797709246131205e-01) (6, 9.38319452252650343382e-01) (7, 8.10084492113852694395e-01) (8, 9.09090288129115187132e-01) (0, -1.86137141217585777575e+00) (1, 3.92353107754949803621e+00) (2, -1.60967763064828045527e-01) (3, -4.67929583867519649498e-01) (4, -4.41691410621135982506e-01) (5, -2.44959976075616009394e-01) (6, -4.65682339747875484459e-01) (7, -5.97981740613907186699e-01) (8, -6.06278520902126638603e-01) (0, -1.51746764589663518663e+00) (1, 1.58498417575474759289e+00) (2, -9.41807405491418281329e-02) (3, -1.06834787400539032998e-01) (4, -2.11669541420514695229e-01) (5, -8.65470650513721628805e-02) (6, -1.47237855466182343545e-01) (7, -1.98509696396167389931e-01) (8, -1.57055314155395142617e-01) (9, -3.86157613967422719270e+00) (10, 3.92099701587919469148e+00) (11, 1.52454176176901823325e+00) (12, -4.78950214465587886803e-01) 
