FANN_FLO_2.1
num_layers=3
learning_rate=0.700000
connection_rate=1.000000
network_type=0
learning_momentum=0.000000
training_algorithm=2
train_error_function=1
train_stop_function=1
cascade_output_change_fraction=0.010000
quickprop_decay=-0.000100
quickprop_mu=1.750000
rprop_increase_factor=1.200000
rprop_decrease_factor=0.500000
rprop_delta_min=0.000000
rprop_delta_max=50.000000
rprop_delta_zero=0.100000
cascade_output_stagnation_epochs=12
cascade_candidate_change_fraction=0.010000
cascade_candidate_stagnation_epochs=12
cascade_max_out_epochs=150
cascade_min_out_epochs=50
cascade_max_cand_epochs=150
cascade_min_cand_epochs=50
cascade_num_candidate_groups=2
bit_fail_limit=1.00000000000000005551e-01
cascade_candidate_limit=1.00000000000000000000e+03
cascade_weight_multiplier=4.00000000000000022204e-01
cascade_activation_functions_count=10
cascade_activation_functions=3 5 7 8 10 11 14 15 16 17 
cascade_activation_steepnesses_count=4
cascade_activation_steepnesses=2.50000000000000000000e-01 5.00000000000000000000e-01 7.50000000000000000000e-01 1.00000000000000000000e+00 
layer_sizes=9 4 2 
scale_included=0
neurons (num_inputs, activation_function, activation_steepness)=(0, 0, 0.00000000000000000000e+00) (0, 0, 0.00000000000000000000e+00) (0, 0, 0.00000000000000000000e+00) (0, 0, 0.00000000000000000000e+00) (0, 0, 0.00000000000000000000e+00) (0, 0, 0.00000000000000000000e+00) (0, 0, 0.00000000000000000000e+00) (0, 0, 0.00000000000000000000e+00) (0, 0, 0.00000000000000000000e+00) (9, 6, 5.00000000000000000000e-01) (9, 6, 5.00000000000000000000e-01) (9, 6, 5.00000000000000000000e-01) (0, 6, 0.00000000000000000000e+00) (4, 4, 5.00000000000000000000e-01) (0, 4, 0.00000000000000000000e+00) 
connections (connected_to_neuron, weight)=(0, -4.31198956654436083014e-02) (1, 3.73269097144402983712e-01) (2, 1.20727943968754927728e-01) (3, 1.03463083679514761259e-01) (4, -1.68575059084690309641e-01) (5, 7.21588506332199453031e-02) (6, 9.88453887041525480761e-02) (7, 5.39075209728042958890e-02) (8, 9.37426459154647173655e-03) (0, 1.55903659476780465098e+00) (1, -4.66436380364620628569e+00) (2, 1.26604140442704626857e-01) (3, -2.91397937714105159657e-02) (4, 1.26768560754111403455e+00) (5, 6.18758437034821140443e-01) (6, 5.35865194584991377802e-01) (7, 7.19869230684971439516e-01) (8, 1.22996333288004988660e+00) (0, -5.97341355807166185521e-01) (1, 8.29064600998740908189e-01) (2, 1.75740013929588267949e-01) (3, 2.92042141153654011276e-01) (4, -6.78143364316802110814e-01) (5, 1.03336284012334411742e-01) (6, 5.46895657487083131088e-02) (7, 1.66833527595195318938e-01) (8, 1.23548181802766388060e-01) (9, 4.39394460691980626166e-01) (10, -4.82706521668159904692e+00) (11, 6.82973727036098710030e-01) (12, -8.05105774769209969755e-01) 
