FANN_FLO_2.1
num_layers=3
learning_rate=0.700000
connection_rate=1.000000
network_type=0
learning_momentum=0.000000
training_algorithm=2
train_error_function=1
train_stop_function=1
cascade_output_change_fraction=0.010000
quickprop_decay=-0.000100
quickprop_mu=1.750000
rprop_increase_factor=1.200000
rprop_decrease_factor=0.500000
rprop_delta_min=0.000000
rprop_delta_max=50.000000
rprop_delta_zero=0.100000
cascade_output_stagnation_epochs=12
cascade_candidate_change_fraction=0.010000
cascade_candidate_stagnation_epochs=12
cascade_max_out_epochs=150
cascade_min_out_epochs=50
cascade_max_cand_epochs=150
cascade_min_cand_epochs=50
cascade_num_candidate_groups=2
bit_fail_limit=1.00000000000000005551e-01
cascade_candidate_limit=1.00000000000000000000e+03
cascade_weight_multiplier=4.00000000000000022204e-01
cascade_activation_functions_count=10
cascade_activation_functions=3 5 7 8 10 11 14 15 16 17 
cascade_activation_steepnesses_count=4
cascade_activation_steepnesses=2.50000000000000000000e-01 5.00000000000000000000e-01 7.50000000000000000000e-01 1.00000000000000000000e+00 
layer_sizes=13 4 2 
scale_included=0
neurons (num_inputs, activation_function, activation_steepness)=(0, 0, 0.00000000000000000000e+00) (0, 0, 0.00000000000000000000e+00) (0, 0, 0.00000000000000000000e+00) (0, 0, 0.00000000000000000000e+00) (0, 0, 0.00000000000000000000e+00) (0, 0, 0.00000000000000000000e+00) (0, 0, 0.00000000000000000000e+00) (0, 0, 0.00000000000000000000e+00) (0, 0, 0.00000000000000000000e+00) (0, 0, 0.00000000000000000000e+00) (0, 0, 0.00000000000000000000e+00) (0, 0, 0.00000000000000000000e+00) (0, 0, 0.00000000000000000000e+00) (13, 6, 5.00000000000000000000e-01) (13, 6, 5.00000000000000000000e-01) (13, 6, 5.00000000000000000000e-01) (0, 6, 0.00000000000000000000e+00) (4, 4, 5.00000000000000000000e-01) (0, 4, 0.00000000000000000000e+00) 
connections (connected_to_neuron, weight)=(0, -1.09359147492213670816e+00) (1, 3.89811655000022483364e+00) (2, -1.21791384353299128596e-01) (3, -8.77573208257050207948e-01) (4, 6.84621793636180919762e-03) (5, -2.43240508909590680275e+00) (6, -2.39648234571583707009e+00) (7, -7.49255467546106945775e-01) (8, 8.70914257368970989859e-02) (9, 3.94652362033895087734e+00) (10, -3.74523903672269398157e+00) (11, 4.61345763425537069846e-01) (12, 3.00316953477697656805e-01) (0, -1.63023181120188787041e+00) (1, 3.91365717391541956260e+00) (2, -9.17047464701104680929e-02) (3, -2.12120058186948179380e-01) (4, -2.63514313756143814249e-01) (5, -2.32506906832821780284e+00) (6, -2.40372495199807101329e+00) (7, -8.40530810546995410526e-01) (8, -1.40486881240852484742e-01) (9, 3.90210495929292200401e+00) (10, -3.63003210340312509885e+00) (11, 1.53184286557352411506e+00) (12, 2.14670482662933731488e-01) (0, -1.15568050834699098672e+00) (1, 3.93788528308442664638e+00) (2, -8.73025722643327589667e-02) (3, -8.54494941725821188783e-01) (4, 3.39388535679230884945e-02) (5, -2.35509736563332516823e+00) (6, -2.25938904757864911232e+00) (7, -6.68143805456282269262e-01) (8, 1.10140966554634678332e-01) (9, 3.92684654757550788418e+00) (10, -3.60510242228082233851e+00) (11, 5.76913801501699463614e-01) (12, 2.69541920540170953924e-01) (13, 3.75734220173529109843e+00) (14, 9.19376902485799618603e+00) (15, 3.75166826423576793559e+00) (16, -2.28124689755465737129e-01) 
