FANN_FLO_2.1
num_layers=3
learning_rate=0.700000
connection_rate=1.000000
network_type=0
learning_momentum=0.000000
training_algorithm=2
train_error_function=1
train_stop_function=1
cascade_output_change_fraction=0.010000
quickprop_decay=-0.000100
quickprop_mu=1.750000
rprop_increase_factor=1.200000
rprop_decrease_factor=0.500000
rprop_delta_min=0.000000
rprop_delta_max=50.000000
rprop_delta_zero=0.100000
cascade_output_stagnation_epochs=12
cascade_candidate_change_fraction=0.010000
cascade_candidate_stagnation_epochs=12
cascade_max_out_epochs=150
cascade_min_out_epochs=50
cascade_max_cand_epochs=150
cascade_min_cand_epochs=50
cascade_num_candidate_groups=2
bit_fail_limit=1.00000000000000005551e-01
cascade_candidate_limit=1.00000000000000000000e+03
cascade_weight_multiplier=4.00000000000000022204e-01
cascade_activation_functions_count=10
cascade_activation_functions=3 5 7 8 10 11 14 15 16 17 
cascade_activation_steepnesses_count=4
cascade_activation_steepnesses=2.50000000000000000000e-01 5.00000000000000000000e-01 7.50000000000000000000e-01 1.00000000000000000000e+00 
layer_sizes=13 4 2 
scale_included=0
neurons (num_inputs, activation_function, activation_steepness)=(0, 0, 0.00000000000000000000e+00) (0, 0, 0.00000000000000000000e+00) (0, 0, 0.00000000000000000000e+00) (0, 0, 0.00000000000000000000e+00) (0, 0, 0.00000000000000000000e+00) (0, 0, 0.00000000000000000000e+00) (0, 0, 0.00000000000000000000e+00) (0, 0, 0.00000000000000000000e+00) (0, 0, 0.00000000000000000000e+00) (0, 0, 0.00000000000000000000e+00) (0, 0, 0.00000000000000000000e+00) (0, 0, 0.00000000000000000000e+00) (0, 0, 0.00000000000000000000e+00) (13, 6, 5.00000000000000000000e-01) (13, 6, 5.00000000000000000000e-01) (13, 6, 5.00000000000000000000e-01) (0, 6, 0.00000000000000000000e+00) (4, 4, 5.00000000000000000000e-01) (0, 4, 0.00000000000000000000e+00) 
connections (connected_to_neuron, weight)=(0, -2.27809065344337602355e+00) (1, 1.85062755768730569095e+00) (2, 1.13060248381581018862e+00) (3, 7.67981135109539581052e-01) (4, 2.18121461823106121969e+00) (5, 4.75870845898708372257e-01) (6, -1.58604581031891145315e+00) (7, -6.35281217459526481584e-01) (8, 1.78000165106909835622e+00) (9, 2.19747904230118829005e+00) (10, -3.33376343375659189849e-01) (11, 2.79466511028631048319e+00) (12, -2.08271907582803095238e+00) (0, -2.74156087802086945171e-01) (1, 1.38296969181459061815e+00) (2, 3.05843803203494968290e-01) (3, 5.33051022339244506831e-01) (4, 2.93959357701754164793e+00) (5, -9.57751713617613353868e-02) (6, -4.51651209922483598547e+00) (7, -2.72746635802698256246e-01) (8, 5.12135547419282244341e-01) (9, 2.23526373862866917230e-01) (10, 3.31343254762421657311e-01) (11, 1.15672313349633992807e+00) (12, -4.59629125853546482983e-01) (0, -5.45319245961696563718e-01) (1, 9.77179237321123994597e-01) (2, 5.88093550165967315912e-01) (3, 3.69825400961270367439e-01) (4, 1.45215231540309019920e+00) (5, 3.17988225514739875077e-01) (6, -1.22499416254373461044e+00) (7, -1.03273163368161524645e+00) (8, 5.17648591480738384796e-01) (9, 4.16641832877798545809e-01) (10, 7.37479649141402071599e-01) (11, 3.00947508513553518839e+00) (12, -7.93690576097706990133e-01) (13, 2.27983288653793927381e+01) (14, 6.27917257298384656750e-01) (15, 1.51216447377287410703e+00) (16, -1.70440062767092914697e+00) 
