FANN_FLO_2.1
num_layers=3
learning_rate=0.700000
connection_rate=1.000000
network_type=0
learning_momentum=0.000000
training_algorithm=2
train_error_function=1
train_stop_function=1
cascade_output_change_fraction=0.010000
quickprop_decay=-0.000100
quickprop_mu=1.750000
rprop_increase_factor=1.200000
rprop_decrease_factor=0.500000
rprop_delta_min=0.000000
rprop_delta_max=50.000000
rprop_delta_zero=0.100000
cascade_output_stagnation_epochs=12
cascade_candidate_change_fraction=0.010000
cascade_candidate_stagnation_epochs=12
cascade_max_out_epochs=150
cascade_min_out_epochs=50
cascade_max_cand_epochs=150
cascade_min_cand_epochs=50
cascade_num_candidate_groups=2
bit_fail_limit=1.00000000000000005551e-01
cascade_candidate_limit=1.00000000000000000000e+03
cascade_weight_multiplier=4.00000000000000022204e-01
cascade_activation_functions_count=10
cascade_activation_functions=3 5 7 8 10 11 14 15 16 17 
cascade_activation_steepnesses_count=4
cascade_activation_steepnesses=2.50000000000000000000e-01 5.00000000000000000000e-01 7.50000000000000000000e-01 1.00000000000000000000e+00 
layer_sizes=8 4 2 
scale_included=0
neurons (num_inputs, activation_function, activation_steepness)=(0, 0, 0.00000000000000000000e+00) (0, 0, 0.00000000000000000000e+00) (0, 0, 0.00000000000000000000e+00) (0, 0, 0.00000000000000000000e+00) (0, 0, 0.00000000000000000000e+00) (0, 0, 0.00000000000000000000e+00) (0, 0, 0.00000000000000000000e+00) (0, 0, 0.00000000000000000000e+00) (8, 6, 5.00000000000000000000e-01) (8, 6, 5.00000000000000000000e-01) (8, 6, 5.00000000000000000000e-01) (0, 6, 0.00000000000000000000e+00) (4, 4, 5.00000000000000000000e-01) (0, 4, 0.00000000000000000000e+00) 
connections (connected_to_neuron, weight)=(0, -7.05048026648869702315e-02) (1, -1.15788465067605136904e-01) (2, 1.51136270089992169607e-01) (3, 1.62263746409503535617e-02) (4, 2.40061437177414377375e-01) (5, -2.10391593915904590029e-01) (6, 3.31721184623247178358e-01) (7, -1.95050069865120467849e-01) (0, -2.51161545512382478051e+00) (1, 1.48081523122161407002e+00) (2, 2.12271315419962691706e+00) (3, 1.05841736033882649615e+00) (4, 1.87019598713238477394e-01) (5, -1.15381519085953176962e+00) (6, 3.19674786922111753285e+00) (7, -2.05157542088066380259e+00) (0, -1.01482412638257990523e+00) (1, 6.58081674651105341667e-01) (2, 1.05066686093661498802e+00) (3, -4.34728919187601439700e-02) (4, 1.59144925103317874671e-01) (5, -2.58217497052197930696e-01) (6, 1.63951705662055680079e+00) (7, -7.11740410801348533099e-01) (8, 4.15661498645347349257e-01) (9, 4.99400865441031669434e+01) (10, 2.70389522095760304055e+00) (11, -1.79528211223241451755e+00) 
