FANN_FLO_2.1
num_layers=3
learning_rate=0.700000
connection_rate=1.000000
network_type=0
learning_momentum=0.000000
training_algorithm=2
train_error_function=1
train_stop_function=1
cascade_output_change_fraction=0.010000
quickprop_decay=-0.000100
quickprop_mu=1.750000
rprop_increase_factor=1.200000
rprop_decrease_factor=0.500000
rprop_delta_min=0.000000
rprop_delta_max=50.000000
rprop_delta_zero=0.100000
cascade_output_stagnation_epochs=12
cascade_candidate_change_fraction=0.010000
cascade_candidate_stagnation_epochs=12
cascade_max_out_epochs=150
cascade_min_out_epochs=50
cascade_max_cand_epochs=150
cascade_min_cand_epochs=50
cascade_num_candidate_groups=2
bit_fail_limit=1.00000000000000005551e-01
cascade_candidate_limit=1.00000000000000000000e+03
cascade_weight_multiplier=4.00000000000000022204e-01
cascade_activation_functions_count=10
cascade_activation_functions=3 5 7 8 10 11 14 15 16 17 
cascade_activation_steepnesses_count=4
cascade_activation_steepnesses=2.50000000000000000000e-01 5.00000000000000000000e-01 7.50000000000000000000e-01 1.00000000000000000000e+00 
layer_sizes=15 4 2 
scale_included=0
neurons (num_inputs, activation_function, activation_steepness)=(0, 0, 0.00000000000000000000e+00) (0, 0, 0.00000000000000000000e+00) (0, 0, 0.00000000000000000000e+00) (0, 0, 0.00000000000000000000e+00) (0, 0, 0.00000000000000000000e+00) (0, 0, 0.00000000000000000000e+00) (0, 0, 0.00000000000000000000e+00) (0, 0, 0.00000000000000000000e+00) (0, 0, 0.00000000000000000000e+00) (0, 0, 0.00000000000000000000e+00) (0, 0, 0.00000000000000000000e+00) (0, 0, 0.00000000000000000000e+00) (0, 0, 0.00000000000000000000e+00) (0, 0, 0.00000000000000000000e+00) (0, 0, 0.00000000000000000000e+00) (15, 6, 5.00000000000000000000e-01) (15, 6, 5.00000000000000000000e-01) (15, 6, 5.00000000000000000000e-01) (0, 6, 0.00000000000000000000e+00) (4, 4, 5.00000000000000000000e-01) (0, 4, 0.00000000000000000000e+00) 
connections (connected_to_neuron, weight)=(0, -3.26714830906363857821e+01) (1, 1.23518394232991592929e+01) (2, 7.08029115424310795390e+00) (3, -9.49379008679644642577e-01) (4, -2.48342802249881788867e+00) (5, -3.44618892357949917482e+01) (6, -5.72200384006470397225e+00) (7, 3.82749882448463241147e+00) (8, 4.86540211825623680753e-01) (9, 9.76350171130623323279e+00) (10, 9.90827288817386075959e-02) (11, -2.07072747013245184178e+00) (12, 6.54180946423500397913e+00) (13, 6.86723066800240644625e+00) (14, -3.48217458658007308903e-02) (0, -6.49042013801964490227e+00) (1, -3.90889765663504806792e-01) (2, -4.96393207814938564049e-02) (3, 5.10994581484781190683e-02) (4, -3.72158900840860118464e+00) (5, 3.19074088687487638083e+01) (6, 1.42526654265031993418e+01) (7, -4.52075779871151084421e+00) (8, -1.16469017184128920128e+00) (9, -4.13486524244724651389e-01) (10, -1.90081158013952600250e+00) (11, 2.15203866364915091802e-01) (12, -3.39885281982074571872e-01) (13, -4.14592399640224262836e-01) (14, 2.19159633058056912969e-01) (0, -1.22213500970599096007e+01) (1, -7.16863525889844699357e-01) (2, -3.67771525932043319429e-01) (3, -2.78589865192046093334e-01) (4, 8.37522682840189380826e-01) (5, 1.61902372092771784651e+00) (6, -6.88574164071517835772e-01) (7, -2.03063953983746936505e-01) (8, -5.96586485720670064992e-02) (9, 5.62093829242661380263e-01) (10, 1.24662159731010047103e+00) (11, -5.38128047775073975467e-02) (12, -3.10671530118330652126e-01) (13, -3.03924375401277757636e-01) (14, 1.28233741220371388891e+00) (15, 1.05405898719763637672e+01) (16, 1.07619846840745392313e+01) (17, 3.41933248287148785494e+01) (18, -1.88940607159022749828e-01) 
