FANN_FLO_2.1
num_layers=3
learning_rate=0.700000
connection_rate=1.000000
network_type=0
learning_momentum=0.000000
training_algorithm=2
train_error_function=1
train_stop_function=1
cascade_output_change_fraction=0.010000
quickprop_decay=-0.000100
quickprop_mu=1.750000
rprop_increase_factor=1.200000
rprop_decrease_factor=0.500000
rprop_delta_min=0.000000
rprop_delta_max=50.000000
rprop_delta_zero=0.100000
cascade_output_stagnation_epochs=12
cascade_candidate_change_fraction=0.010000
cascade_candidate_stagnation_epochs=12
cascade_max_out_epochs=150
cascade_min_out_epochs=50
cascade_max_cand_epochs=150
cascade_min_cand_epochs=50
cascade_num_candidate_groups=2
bit_fail_limit=1.00000000000000005551e-01
cascade_candidate_limit=1.00000000000000000000e+03
cascade_weight_multiplier=4.00000000000000022204e-01
cascade_activation_functions_count=10
cascade_activation_functions=3 5 7 8 10 11 14 15 16 17 
cascade_activation_steepnesses_count=4
cascade_activation_steepnesses=2.50000000000000000000e-01 5.00000000000000000000e-01 7.50000000000000000000e-01 1.00000000000000000000e+00 
layer_sizes=7 4 2 
scale_included=0
neurons (num_inputs, activation_function, activation_steepness)=(0, 0, 0.00000000000000000000e+00) (0, 0, 0.00000000000000000000e+00) (0, 0, 0.00000000000000000000e+00) (0, 0, 0.00000000000000000000e+00) (0, 0, 0.00000000000000000000e+00) (0, 0, 0.00000000000000000000e+00) (0, 0, 0.00000000000000000000e+00) (7, 6, 5.00000000000000000000e-01) (7, 6, 5.00000000000000000000e-01) (7, 6, 5.00000000000000000000e-01) (0, 6, 0.00000000000000000000e+00) (4, 4, 5.00000000000000000000e-01) (0, 4, 0.00000000000000000000e+00) 
connections (connected_to_neuron, weight)=(0, 1.87436257200648692667e+00) (1, 8.93168379532662481957e-01) (2, 9.30908769031644545144e-01) (3, -3.15168962171748612278e+00) (4, 1.46371190734228733277e+01) (5, 5.45403259303137821767e-01) (6, -1.94117624069329974823e-01) (0, 1.87896273108530187379e+00) (1, 3.04383501250954990880e+00) (2, 2.21838070727199676568e+00) (3, 2.48553878985202736374e+00) (4, -1.32510130228106692840e+00) (5, 2.41792318161266139853e+00) (6, -2.84007961780945983321e+00) (0, -3.84376058747622462164e+00) (1, 4.29600269445155502623e-01) (2, -7.52248134624971531714e-01) (3, 2.84440628162862951811e+00) (4, -1.01214894534041039975e+01) (5, -6.73129029710353710136e-01) (6, 2.13880426638934117989e+00) (7, 2.38908231845981311459e-01) (8, 2.14180954297819994281e+01) (9, -1.03654532517059347896e+01) (10, -2.69624041437366734897e+00) 
