FANN_FLO_2.1
num_layers=3
learning_rate=0.700000
connection_rate=1.000000
network_type=0
learning_momentum=0.000000
training_algorithm=2
train_error_function=1
train_stop_function=1
cascade_output_change_fraction=0.010000
quickprop_decay=-0.000100
quickprop_mu=1.750000
rprop_increase_factor=1.200000
rprop_decrease_factor=0.500000
rprop_delta_min=0.000000
rprop_delta_max=50.000000
rprop_delta_zero=0.100000
cascade_output_stagnation_epochs=12
cascade_candidate_change_fraction=0.010000
cascade_candidate_stagnation_epochs=12
cascade_max_out_epochs=150
cascade_min_out_epochs=50
cascade_max_cand_epochs=150
cascade_min_cand_epochs=50
cascade_num_candidate_groups=2
bit_fail_limit=1.00000000000000005551e-01
cascade_candidate_limit=1.00000000000000000000e+03
cascade_weight_multiplier=4.00000000000000022204e-01
cascade_activation_functions_count=10
cascade_activation_functions=3 5 7 8 10 11 14 15 16 17 
cascade_activation_steepnesses_count=4
cascade_activation_steepnesses=2.50000000000000000000e-01 5.00000000000000000000e-01 7.50000000000000000000e-01 1.00000000000000000000e+00 
layer_sizes=11 4 2 
scale_included=0
neurons (num_inputs, activation_function, activation_steepness)=(0, 0, 0.00000000000000000000e+00) (0, 0, 0.00000000000000000000e+00) (0, 0, 0.00000000000000000000e+00) (0, 0, 0.00000000000000000000e+00) (0, 0, 0.00000000000000000000e+00) (0, 0, 0.00000000000000000000e+00) (0, 0, 0.00000000000000000000e+00) (0, 0, 0.00000000000000000000e+00) (0, 0, 0.00000000000000000000e+00) (0, 0, 0.00000000000000000000e+00) (0, 0, 0.00000000000000000000e+00) (11, 6, 5.00000000000000000000e-01) (11, 6, 5.00000000000000000000e-01) (11, 6, 5.00000000000000000000e-01) (0, 6, 0.00000000000000000000e+00) (4, 4, 5.00000000000000000000e-01) (0, 4, 0.00000000000000000000e+00) 
connections (connected_to_neuron, weight)=(0, -1.37086296565126475322e+00) (1, 2.28924358635026292674e+00) (2, 6.00273525517746042723e-01) (3, 2.41403626278916094705e-01) (4, 8.25583859585643509149e-02) (5, 1.54308065702807972741e-01) (6, 1.07302048977304997912e+00) (7, 2.18370909615236596935e+00) (8, -6.10563584705946960085e-01) (9, -6.48979396661875762575e-01) (10, 4.31320248354770507948e-01) (0, 5.61767797647934052918e-01) (1, -2.66301580815177096895e+00) (2, 9.23165140722807198159e-01) (3, -1.12026269304260273074e+00) (4, 7.64362796778917896745e+00) (5, 7.74171854938507664201e+00) (6, -5.85603521340713584209e-01) (7, -4.32449059052694551042e+00) (8, 7.53226982904301678445e+00) (9, 7.57523169098125492837e+00) (10, -4.55957364022666566949e-01) (0, -2.28108947915268078788e+00) (1, 5.05609976057040544362e+00) (2, 3.76715315678890827478e-01) (3, 1.38254792775799328908e+00) (4, 1.65214565405836233403e-01) (5, 1.09384593377103933598e-01) (6, 1.40303884234119946584e+00) (7, 5.21680888090360017628e+00) (8, -1.71120894558445524325e+00) (9, -1.72670539326683591952e+00) (10, 3.26543840157492992748e-01) (11, 5.16476489160287233204e+00) (12, -8.80475109800627286916e+00) (13, 2.14073790608722047679e+00) (14, -3.82178264724254840301e-02) 
