FANN_FLO_2.1
num_layers=3
learning_rate=0.700000
connection_rate=1.000000
network_type=0
learning_momentum=0.000000
training_algorithm=2
train_error_function=1
train_stop_function=1
cascade_output_change_fraction=0.010000
quickprop_decay=-0.000100
quickprop_mu=1.750000
rprop_increase_factor=1.200000
rprop_decrease_factor=0.500000
rprop_delta_min=0.000000
rprop_delta_max=50.000000
rprop_delta_zero=0.100000
cascade_output_stagnation_epochs=12
cascade_candidate_change_fraction=0.010000
cascade_candidate_stagnation_epochs=12
cascade_max_out_epochs=150
cascade_min_out_epochs=50
cascade_max_cand_epochs=150
cascade_min_cand_epochs=50
cascade_num_candidate_groups=2
bit_fail_limit=1.00000000000000005551e-01
cascade_candidate_limit=1.00000000000000000000e+03
cascade_weight_multiplier=4.00000000000000022204e-01
cascade_activation_functions_count=10
cascade_activation_functions=3 5 7 8 10 11 14 15 16 17 
cascade_activation_steepnesses_count=4
cascade_activation_steepnesses=2.50000000000000000000e-01 5.00000000000000000000e-01 7.50000000000000000000e-01 1.00000000000000000000e+00 
layer_sizes=15 4 2 
scale_included=0
neurons (num_inputs, activation_function, activation_steepness)=(0, 0, 0.00000000000000000000e+00) (0, 0, 0.00000000000000000000e+00) (0, 0, 0.00000000000000000000e+00) (0, 0, 0.00000000000000000000e+00) (0, 0, 0.00000000000000000000e+00) (0, 0, 0.00000000000000000000e+00) (0, 0, 0.00000000000000000000e+00) (0, 0, 0.00000000000000000000e+00) (0, 0, 0.00000000000000000000e+00) (0, 0, 0.00000000000000000000e+00) (0, 0, 0.00000000000000000000e+00) (0, 0, 0.00000000000000000000e+00) (0, 0, 0.00000000000000000000e+00) (0, 0, 0.00000000000000000000e+00) (0, 0, 0.00000000000000000000e+00) (15, 6, 5.00000000000000000000e-01) (15, 6, 5.00000000000000000000e-01) (15, 6, 5.00000000000000000000e-01) (0, 6, 0.00000000000000000000e+00) (4, 4, 5.00000000000000000000e-01) (0, 4, 0.00000000000000000000e+00) 
connections (connected_to_neuron, weight)=(0, 1.25617784234139797661e+01) (1, -6.57617210324288770096e-01) (2, 3.27496740313260037425e-01) (3, 2.69152813061851570176e-01) (4, -3.14608207268874062734e-01) (5, -4.47036628918978884428e+00) (6, 2.74694485526657872221e-01) (7, 8.46508244117868846601e-01) (8, 1.20732574418411697792e+00) (9, 3.82665587151916286590e-01) (10, -2.38388729637268564909e-01) (11, 2.26975606012611619278e+00) (12, 5.51103278502403814976e-01) (13, 3.37677578587560367485e-01) (14, -1.45464828874992901930e+00) (0, 1.56846833031262509195e+01) (1, -9.55220346736607051064e-01) (2, 7.10200426017652541866e-01) (3, 2.86776583128657225341e-01) (4, 1.99267032385572029352e-01) (5, -4.06051787441796196987e+00) (6, 5.20582929668935486672e-03) (7, 7.76320832047794895381e-01) (8, 1.21679749692175898090e+00) (9, 1.82356444141833745620e-01) (10, -7.87323360101394698063e-01) (11, 2.07322029147025199691e+00) (12, 3.31550771828370491323e-02) (13, 6.76670466102659684537e-01) (14, -1.26930732197323070665e+00) (0, -6.04859553445054771714e+01) (1, 3.36384709600494291593e+00) (2, 9.92913449612777476716e+00) (3, 8.71236402847910818004e-01) (4, 3.10200873879863570082e+00) (5, -1.30313117592616070084e+01) (6, 3.61237425621756713667e+00) (7, 2.31161728336875871292e+00) (8, 6.91724643605832190119e-01) (9, 2.38412573617491219125e+00) (10, 3.20117766081732426642e+01) (11, 2.01763086274661196384e+00) (12, 9.50180579463396135509e+00) (13, 9.76181411570014212487e+00) (14, 2.94386191656498874547e-01) (15, -2.55775626186287325936e+01) (16, -1.03552157762212360126e+01) (17, 1.11945955214359056384e+01) (18, 1.99177509757147014335e-01) 
