FANN_FLO_2.1
num_layers=3
learning_rate=0.700000
connection_rate=1.000000
network_type=0
learning_momentum=0.000000
training_algorithm=2
train_error_function=1
train_stop_function=1
cascade_output_change_fraction=0.010000
quickprop_decay=-0.000100
quickprop_mu=1.750000
rprop_increase_factor=1.200000
rprop_decrease_factor=0.500000
rprop_delta_min=0.000000
rprop_delta_max=50.000000
rprop_delta_zero=0.100000
cascade_output_stagnation_epochs=12
cascade_candidate_change_fraction=0.010000
cascade_candidate_stagnation_epochs=12
cascade_max_out_epochs=150
cascade_min_out_epochs=50
cascade_max_cand_epochs=150
cascade_min_cand_epochs=50
cascade_num_candidate_groups=2
bit_fail_limit=1.00000000000000005551e-01
cascade_candidate_limit=1.00000000000000000000e+03
cascade_weight_multiplier=4.00000000000000022204e-01
cascade_activation_functions_count=10
cascade_activation_functions=3 5 7 8 10 11 14 15 16 17 
cascade_activation_steepnesses_count=4
cascade_activation_steepnesses=2.50000000000000000000e-01 5.00000000000000000000e-01 7.50000000000000000000e-01 1.00000000000000000000e+00 
layer_sizes=11 4 2 
scale_included=0
neurons (num_inputs, activation_function, activation_steepness)=(0, 0, 0.00000000000000000000e+00) (0, 0, 0.00000000000000000000e+00) (0, 0, 0.00000000000000000000e+00) (0, 0, 0.00000000000000000000e+00) (0, 0, 0.00000000000000000000e+00) (0, 0, 0.00000000000000000000e+00) (0, 0, 0.00000000000000000000e+00) (0, 0, 0.00000000000000000000e+00) (0, 0, 0.00000000000000000000e+00) (0, 0, 0.00000000000000000000e+00) (0, 0, 0.00000000000000000000e+00) (11, 6, 5.00000000000000000000e-01) (11, 6, 5.00000000000000000000e-01) (11, 6, 5.00000000000000000000e-01) (0, 6, 0.00000000000000000000e+00) (4, 4, 5.00000000000000000000e-01) (0, 4, 0.00000000000000000000e+00) 
connections (connected_to_neuron, weight)=(0, -1.18842787665599081137e+00) (1, 1.63913228314595915691e+00) (2, 2.22027134436881851132e-01) (3, 1.28519067709494561047e-01) (4, -5.74560335844656266957e-01) (5, 1.51889333910771462399e+00) (6, 3.24749766966982100769e-01) (7, -2.50634487884748513586e-01) (8, 1.12418451423755638707e+00) (9, 6.58709267864614367305e-01) (10, -3.10819105116834304425e-01) (0, -7.23372131990187294814e-02) (1, 3.86287537530408398023e-01) (2, 3.94420347397644588394e-02) (3, 1.84126028576485689658e-01) (4, 2.20701905567629030891e-01) (5, 3.62673297095513269550e-01) (6, 2.17929457447210012111e-01) (7, -3.31296591239683746455e-01) (8, 5.08022171190010363162e-01) (9, 3.07660881296545229979e-01) (10, -8.58171251553182384830e-02) (0, 1.51040115417040543555e+00) (1, -2.44655191330639354419e+00) (2, 5.11040339690002398676e-01) (3, -1.51655471679543274455e+00) (4, 9.12950519510071556439e-01) (5, -2.51800374481612099231e+00) (6, -1.44691928827422017223e-01) (7, 1.32327734654932860359e+00) (8, -1.80669145983370471598e+00) (9, -4.32593813790640935313e-01) (10, 1.66569423052102782989e+00) (11, 6.30101067745624998651e+00) (12, 5.20315978266509326922e-01) (13, -1.54598754817792318761e+01) (14, -9.92989692335105145204e-01) 
