FANN_FLO_2.1
num_layers=3
learning_rate=0.700000
connection_rate=1.000000
network_type=0
learning_momentum=0.000000
training_algorithm=2
train_error_function=1
train_stop_function=1
cascade_output_change_fraction=0.010000
quickprop_decay=-0.000100
quickprop_mu=1.750000
rprop_increase_factor=1.200000
rprop_decrease_factor=0.500000
rprop_delta_min=0.000000
rprop_delta_max=50.000000
rprop_delta_zero=0.100000
cascade_output_stagnation_epochs=12
cascade_candidate_change_fraction=0.010000
cascade_candidate_stagnation_epochs=12
cascade_max_out_epochs=150
cascade_min_out_epochs=50
cascade_max_cand_epochs=150
cascade_min_cand_epochs=50
cascade_num_candidate_groups=2
bit_fail_limit=1.00000000000000005551e-01
cascade_candidate_limit=1.00000000000000000000e+03
cascade_weight_multiplier=4.00000000000000022204e-01
cascade_activation_functions_count=10
cascade_activation_functions=3 5 7 8 10 11 14 15 16 17 
cascade_activation_steepnesses_count=4
cascade_activation_steepnesses=2.50000000000000000000e-01 5.00000000000000000000e-01 7.50000000000000000000e-01 1.00000000000000000000e+00 
layer_sizes=9 4 2 
scale_included=0
neurons (num_inputs, activation_function, activation_steepness)=(0, 0, 0.00000000000000000000e+00) (0, 0, 0.00000000000000000000e+00) (0, 0, 0.00000000000000000000e+00) (0, 0, 0.00000000000000000000e+00) (0, 0, 0.00000000000000000000e+00) (0, 0, 0.00000000000000000000e+00) (0, 0, 0.00000000000000000000e+00) (0, 0, 0.00000000000000000000e+00) (0, 0, 0.00000000000000000000e+00) (9, 6, 5.00000000000000000000e-01) (9, 6, 5.00000000000000000000e-01) (9, 6, 5.00000000000000000000e-01) (0, 6, 0.00000000000000000000e+00) (4, 4, 5.00000000000000000000e-01) (0, 4, 0.00000000000000000000e+00) 
connections (connected_to_neuron, weight)=(0, 1.46800978659458181141e+00) (1, -1.77493614384399478467e+00) (2, -2.34022630214795190895e+00) (3, 9.64545284825311322052e-01) (4, 8.93116829412923474152e-01) (5, 1.47888145028419515370e+00) (6, 9.44504996257768292267e-01) (7, 9.50395022946344036896e-01) (8, 1.32697875230379125355e+00) (0, -1.75253842480112165259e-01) (1, 4.57552271083210060354e-01) (2, 4.75753479157803660371e+00) (3, -6.96386694839119940736e-02) (4, -1.98062919011235405442e-02) (5, -3.24863716890931367165e-02) (6, -4.22456859852077433459e-03) (7, -5.99256455829262832391e-02) (8, 1.20228134102571007635e-01) (0, -6.52478663421947491230e-01) (1, 5.69775419429157214957e-01) (2, 4.72795924996255045869e+00) (3, 1.72957778046011721729e-02) (4, 8.38437303969740976850e-02) (5, -1.17927864124894327819e-02) (6, 8.87370333144545664350e-02) (7, 6.65923953746556072930e-03) (8, 6.95760771701216668150e-02) (9, -2.24413985461898768392e+01) (10, 1.89464240362556574082e-01) (11, 1.99050470282943842149e-01) (12, -5.68239885345986905918e-01) 
