FANN_FLO_2.1
num_layers=3
learning_rate=0.700000
connection_rate=1.000000
network_type=0
learning_momentum=0.000000
training_algorithm=2
train_error_function=1
train_stop_function=1
cascade_output_change_fraction=0.010000
quickprop_decay=-0.000100
quickprop_mu=1.750000
rprop_increase_factor=1.200000
rprop_decrease_factor=0.500000
rprop_delta_min=0.000000
rprop_delta_max=50.000000
rprop_delta_zero=0.100000
cascade_output_stagnation_epochs=12
cascade_candidate_change_fraction=0.010000
cascade_candidate_stagnation_epochs=12
cascade_max_out_epochs=150
cascade_min_out_epochs=50
cascade_max_cand_epochs=150
cascade_min_cand_epochs=50
cascade_num_candidate_groups=2
bit_fail_limit=1.00000000000000005551e-01
cascade_candidate_limit=1.00000000000000000000e+03
cascade_weight_multiplier=4.00000000000000022204e-01
cascade_activation_functions_count=10
cascade_activation_functions=3 5 7 8 10 11 14 15 16 17 
cascade_activation_steepnesses_count=4
cascade_activation_steepnesses=2.50000000000000000000e-01 5.00000000000000000000e-01 7.50000000000000000000e-01 1.00000000000000000000e+00 
layer_sizes=6 4 2 
scale_included=0
neurons (num_inputs, activation_function, activation_steepness)=(0, 0, 0.00000000000000000000e+00) (0, 0, 0.00000000000000000000e+00) (0, 0, 0.00000000000000000000e+00) (0, 0, 0.00000000000000000000e+00) (0, 0, 0.00000000000000000000e+00) (0, 0, 0.00000000000000000000e+00) (6, 6, 5.00000000000000000000e-01) (6, 6, 5.00000000000000000000e-01) (6, 6, 5.00000000000000000000e-01) (0, 6, 0.00000000000000000000e+00) (4, 4, 5.00000000000000000000e-01) (0, 4, 0.00000000000000000000e+00) 
connections (connected_to_neuron, weight)=(0, -4.59608236303068948270e-02) (1, 3.59687113389651713646e+01) (2, 2.62208547146937032135e-01) (3, 1.91781347634347426601e-01) (4, 3.16823225405120978415e-01) (5, -2.48815039664961457078e+00) (0, 2.82216933067572472993e+00) (1, 1.16728462405860100581e-02) (2, -1.18236006123354964181e+00) (3, -6.75809875139183224846e-01) (4, -1.11870225799526545885e+00) (5, -3.28954091895717615213e-01) (0, 2.72917204793227075044e+00) (1, 1.13556890947407534975e-01) (2, -1.08038078320553831979e+00) (3, -6.85469798752254666496e-01) (4, -1.23933701497759196641e+00) (5, -3.16173876304525369729e-01) (6, 3.06006796102433886730e+00) (7, -1.78335916643792529612e+02) (8, -5.52541797189335071039e+01) (9, 8.27485474853967284403e-01) 
