FANN_FLO_2.1
num_layers=3
learning_rate=0.700000
connection_rate=1.000000
network_type=0
learning_momentum=0.000000
training_algorithm=2
train_error_function=1
train_stop_function=1
cascade_output_change_fraction=0.010000
quickprop_decay=-0.000100
quickprop_mu=1.750000
rprop_increase_factor=1.200000
rprop_decrease_factor=0.500000
rprop_delta_min=0.000000
rprop_delta_max=50.000000
rprop_delta_zero=0.100000
cascade_output_stagnation_epochs=12
cascade_candidate_change_fraction=0.010000
cascade_candidate_stagnation_epochs=12
cascade_max_out_epochs=150
cascade_min_out_epochs=50
cascade_max_cand_epochs=150
cascade_min_cand_epochs=50
cascade_num_candidate_groups=2
bit_fail_limit=1.00000000000000005551e-01
cascade_candidate_limit=1.00000000000000000000e+03
cascade_weight_multiplier=4.00000000000000022204e-01
cascade_activation_functions_count=10
cascade_activation_functions=3 5 7 8 10 11 14 15 16 17 
cascade_activation_steepnesses_count=4
cascade_activation_steepnesses=2.50000000000000000000e-01 5.00000000000000000000e-01 7.50000000000000000000e-01 1.00000000000000000000e+00 
layer_sizes=11 4 2 
scale_included=0
neurons (num_inputs, activation_function, activation_steepness)=(0, 0, 0.00000000000000000000e+00) (0, 0, 0.00000000000000000000e+00) (0, 0, 0.00000000000000000000e+00) (0, 0, 0.00000000000000000000e+00) (0, 0, 0.00000000000000000000e+00) (0, 0, 0.00000000000000000000e+00) (0, 0, 0.00000000000000000000e+00) (0, 0, 0.00000000000000000000e+00) (0, 0, 0.00000000000000000000e+00) (0, 0, 0.00000000000000000000e+00) (0, 0, 0.00000000000000000000e+00) (11, 6, 5.00000000000000000000e-01) (11, 6, 5.00000000000000000000e-01) (11, 6, 5.00000000000000000000e-01) (0, 6, 0.00000000000000000000e+00) (4, 4, 5.00000000000000000000e-01) (0, 4, 0.00000000000000000000e+00) 
connections (connected_to_neuron, weight)=(0, -8.40886415853095425810e-01) (1, 5.73314595973083029889e+00) (2, -2.30929458942993659498e-01) (3, 9.66183130033717496588e+00) (4, 2.80569481609410420475e-01) (5, -2.12771468004779817917e+00) (6, -7.47959235964161095467e+00) (7, -3.40959110754868344184e-01) (8, -2.96410318842048203791e+00) (9, -8.25659690931564149707e+00) (10, -1.17565567042961194311e+00) (0, -1.19656645773767200680e+00) (1, 2.44551548346754676899e+00) (2, 1.65431460432740773392e+00) (3, 4.23643825708576038380e+00) (4, 1.31734451696500665108e+00) (5, -3.78192781316014103865e+00) (6, 5.22048325884260489005e+00) (7, 2.38599062060006650299e+00) (8, -1.57839790729731688224e+00) (9, -1.98444241862326808956e+00) (10, -3.66222744478273609658e+00) (0, -2.89027978788537476262e+00) (1, 1.05750969534477334832e+00) (2, 1.45571712725841106995e+00) (3, -2.34425149469785143452e+00) (4, 2.38957763906770415119e+00) (5, 5.37700609044797595004e+00) (6, -1.33908670391345463457e+00) (7, -7.09092949097313773876e+00) (8, 8.13006916950110181119e+00) (9, 4.12982681193012624021e+00) (10, 3.26111501200559583680e+00) (11, 6.42206323254517119636e+00) (12, 4.50142495085796667809e+01) (13, -1.01663032832864903554e+01) (14, -1.65459725382143862937e+00) 
