FANN_FLO_2.1
num_layers=3
learning_rate=0.700000
connection_rate=1.000000
network_type=0
learning_momentum=0.000000
training_algorithm=2
train_error_function=1
train_stop_function=1
cascade_output_change_fraction=0.010000
quickprop_decay=-0.000100
quickprop_mu=1.750000
rprop_increase_factor=1.200000
rprop_decrease_factor=0.500000
rprop_delta_min=0.000000
rprop_delta_max=50.000000
rprop_delta_zero=0.100000
cascade_output_stagnation_epochs=12
cascade_candidate_change_fraction=0.010000
cascade_candidate_stagnation_epochs=12
cascade_max_out_epochs=150
cascade_min_out_epochs=50
cascade_max_cand_epochs=150
cascade_min_cand_epochs=50
cascade_num_candidate_groups=2
bit_fail_limit=1.00000000000000005551e-01
cascade_candidate_limit=1.00000000000000000000e+03
cascade_weight_multiplier=4.00000000000000022204e-01
cascade_activation_functions_count=10
cascade_activation_functions=3 5 7 8 10 11 14 15 16 17 
cascade_activation_steepnesses_count=4
cascade_activation_steepnesses=2.50000000000000000000e-01 5.00000000000000000000e-01 7.50000000000000000000e-01 1.00000000000000000000e+00 
layer_sizes=8 4 2 
scale_included=0
neurons (num_inputs, activation_function, activation_steepness)=(0, 0, 0.00000000000000000000e+00) (0, 0, 0.00000000000000000000e+00) (0, 0, 0.00000000000000000000e+00) (0, 0, 0.00000000000000000000e+00) (0, 0, 0.00000000000000000000e+00) (0, 0, 0.00000000000000000000e+00) (0, 0, 0.00000000000000000000e+00) (0, 0, 0.00000000000000000000e+00) (8, 6, 5.00000000000000000000e-01) (8, 6, 5.00000000000000000000e-01) (8, 6, 5.00000000000000000000e-01) (0, 6, 0.00000000000000000000e+00) (4, 4, 5.00000000000000000000e-01) (0, 4, 0.00000000000000000000e+00) 
connections (connected_to_neuron, weight)=(0, -1.64495195984056152838e-01) (1, 8.09208995707027534117e-01) (2, 4.13308390738647113416e-01) (3, -2.41705075616347117573e-02) (4, 1.06928309972539770101e-01) (5, 1.81987399782195913289e-01) (6, 1.53578701044574605916e-01) (7, -1.86953019141366638678e-01) (0, -1.71634492946477656972e+00) (1, 3.27688056378542968972e+00) (2, 5.48189198855178139169e-01) (3, -8.19615086255287117467e-01) (4, -5.13388956438649235459e-01) (5, -2.67089366159295904524e-01) (6, -4.83743181925166187973e-01) (7, -1.87571710271449809682e+00) (0, -1.93928600340297019322e-01) (1, 9.30872389037600833639e-01) (2, 2.58371283904568649348e-01) (3, -6.08639401907428018168e-02) (4, 1.64520913089767684134e-01) (5, 6.27838310852205511159e-02) (6, 1.47419282521263350638e-01) (7, -8.16994878045819300505e-02) (8, 1.16332133145496796622e+00) (9, 8.69172047021163329816e+00) (10, 2.89385840335944166668e-01) (11, -1.68843627644391780507e+00) 
