FANN_FLO_2.1
num_layers=3
learning_rate=0.700000
connection_rate=1.000000
network_type=0
learning_momentum=0.000000
training_algorithm=2
train_error_function=1
train_stop_function=1
cascade_output_change_fraction=0.010000
quickprop_decay=-0.000100
quickprop_mu=1.750000
rprop_increase_factor=1.200000
rprop_decrease_factor=0.500000
rprop_delta_min=0.000000
rprop_delta_max=50.000000
rprop_delta_zero=0.100000
cascade_output_stagnation_epochs=12
cascade_candidate_change_fraction=0.010000
cascade_candidate_stagnation_epochs=12
cascade_max_out_epochs=150
cascade_min_out_epochs=50
cascade_max_cand_epochs=150
cascade_min_cand_epochs=50
cascade_num_candidate_groups=2
bit_fail_limit=1.00000000000000005551e-01
cascade_candidate_limit=1.00000000000000000000e+03
cascade_weight_multiplier=4.00000000000000022204e-01
cascade_activation_functions_count=10
cascade_activation_functions=3 5 7 8 10 11 14 15 16 17 
cascade_activation_steepnesses_count=4
cascade_activation_steepnesses=2.50000000000000000000e-01 5.00000000000000000000e-01 7.50000000000000000000e-01 1.00000000000000000000e+00 
layer_sizes=7 4 2 
scale_included=0
neurons (num_inputs, activation_function, activation_steepness)=(0, 0, 0.00000000000000000000e+00) (0, 0, 0.00000000000000000000e+00) (0, 0, 0.00000000000000000000e+00) (0, 0, 0.00000000000000000000e+00) (0, 0, 0.00000000000000000000e+00) (0, 0, 0.00000000000000000000e+00) (0, 0, 0.00000000000000000000e+00) (7, 6, 5.00000000000000000000e-01) (7, 6, 5.00000000000000000000e-01) (7, 6, 5.00000000000000000000e-01) (0, 6, 0.00000000000000000000e+00) (4, 4, 5.00000000000000000000e-01) (0, 4, 0.00000000000000000000e+00) 
connections (connected_to_neuron, weight)=(0, -3.33196427935863770387e+00) (1, 2.72761916859470243679e+00) (2, 8.80629457397679726860e-01) (3, 8.29995724949329161113e-01) (4, 3.75809734079542767660e-01) (5, 3.39272989707396543935e+00) (6, -2.57831691186900169299e+00) (0, -6.53520861337349145970e+00) (1, 2.17609832957920551477e-01) (2, 1.38579904415058123845e+01) (3, 5.75538997119267126124e+00) (4, 8.79638385978391501574e-01) (5, 1.94607965265355264961e+00) (6, -1.07229750389733968774e+00) (0, -1.21206783389265804196e+00) (1, 1.79479915614072449426e-01) (2, 6.32173082304126232600e+00) (3, 1.47422835021816531764e+01) (4, 2.61204684366243045091e+00) (5, 2.07618730892808356359e+00) (6, 7.22461458843647319483e-02) (7, 9.38547041393142045251e+00) (8, 1.07092003601230922882e+00) (9, 1.14778513839934581675e+00) (10, -1.65174975017306557845e+00) 
