FANN_FLO_2.1
num_layers=3
learning_rate=0.700000
connection_rate=1.000000
network_type=0
learning_momentum=0.000000
training_algorithm=2
train_error_function=1
train_stop_function=1
cascade_output_change_fraction=0.010000
quickprop_decay=-0.000100
quickprop_mu=1.750000
rprop_increase_factor=1.200000
rprop_decrease_factor=0.500000
rprop_delta_min=0.000000
rprop_delta_max=50.000000
rprop_delta_zero=0.100000
cascade_output_stagnation_epochs=12
cascade_candidate_change_fraction=0.010000
cascade_candidate_stagnation_epochs=12
cascade_max_out_epochs=150
cascade_min_out_epochs=50
cascade_max_cand_epochs=150
cascade_min_cand_epochs=50
cascade_num_candidate_groups=2
bit_fail_limit=1.00000000000000005551e-01
cascade_candidate_limit=1.00000000000000000000e+03
cascade_weight_multiplier=4.00000000000000022204e-01
cascade_activation_functions_count=10
cascade_activation_functions=3 5 7 8 10 11 14 15 16 17 
cascade_activation_steepnesses_count=4
cascade_activation_steepnesses=2.50000000000000000000e-01 5.00000000000000000000e-01 7.50000000000000000000e-01 1.00000000000000000000e+00 
layer_sizes=9 4 2 
scale_included=0
neurons (num_inputs, activation_function, activation_steepness)=(0, 0, 0.00000000000000000000e+00) (0, 0, 0.00000000000000000000e+00) (0, 0, 0.00000000000000000000e+00) (0, 0, 0.00000000000000000000e+00) (0, 0, 0.00000000000000000000e+00) (0, 0, 0.00000000000000000000e+00) (0, 0, 0.00000000000000000000e+00) (0, 0, 0.00000000000000000000e+00) (0, 0, 0.00000000000000000000e+00) (9, 6, 5.00000000000000000000e-01) (9, 6, 5.00000000000000000000e-01) (9, 6, 5.00000000000000000000e-01) (0, 6, 0.00000000000000000000e+00) (4, 4, 5.00000000000000000000e-01) (0, 4, 0.00000000000000000000e+00) 
connections (connected_to_neuron, weight)=(0, -4.78143310763561668608e+00) (1, 4.84527814604961815093e+00) (2, -3.66274347645375863980e-02) (3, -4.82175813968813815613e-01) (4, -1.55738724858377319826e+00) (5, -6.80400584083099557731e-01) (6, -7.15490408431787683341e-01) (7, -5.67743972133894159171e-01) (8, -4.22498347218668857117e-01) (0, -2.02032346265794870988e+00) (1, 2.08528338538887147990e+00) (2, 4.11046249473069336133e-02) (3, -1.46270845440629349010e-01) (4, -1.35937160969112058595e+00) (5, -1.21529921114776273683e+00) (6, -1.21387975633475919679e+00) (7, -1.25978773057792325929e+00) (8, -1.80725198066266773411e-02) (0, -6.06801380342822160863e-01) (1, 8.54594253832679506822e-01) (2, 1.14481239208106364003e-01) (3, -1.14775211759810258361e-01) (4, -3.61390768093369729730e-01) (5, -2.66699007255337960931e-01) (6, -2.87396556240819223138e-01) (7, -2.90556541187070138665e-01) (8, -2.06469830358074202259e-02) (9, 4.78234727897369804595e+00) (10, 1.89816838311435809317e+00) (11, 7.02391404110769501656e-01) (12, -3.53295812364256778260e-01) 
