FANN_FLO_2.1
num_layers=3
learning_rate=0.700000
connection_rate=1.000000
network_type=0
learning_momentum=0.000000
training_algorithm=2
train_error_function=1
train_stop_function=1
cascade_output_change_fraction=0.010000
quickprop_decay=-0.000100
quickprop_mu=1.750000
rprop_increase_factor=1.200000
rprop_decrease_factor=0.500000
rprop_delta_min=0.000000
rprop_delta_max=50.000000
rprop_delta_zero=0.100000
cascade_output_stagnation_epochs=12
cascade_candidate_change_fraction=0.010000
cascade_candidate_stagnation_epochs=12
cascade_max_out_epochs=150
cascade_min_out_epochs=50
cascade_max_cand_epochs=150
cascade_min_cand_epochs=50
cascade_num_candidate_groups=2
bit_fail_limit=1.00000000000000005551e-01
cascade_candidate_limit=1.00000000000000000000e+03
cascade_weight_multiplier=4.00000000000000022204e-01
cascade_activation_functions_count=10
cascade_activation_functions=3 5 7 8 10 11 14 15 16 17 
cascade_activation_steepnesses_count=4
cascade_activation_steepnesses=2.50000000000000000000e-01 5.00000000000000000000e-01 7.50000000000000000000e-01 1.00000000000000000000e+00 
layer_sizes=6 4 2 
scale_included=0
neurons (num_inputs, activation_function, activation_steepness)=(0, 0, 0.00000000000000000000e+00) (0, 0, 0.00000000000000000000e+00) (0, 0, 0.00000000000000000000e+00) (0, 0, 0.00000000000000000000e+00) (0, 0, 0.00000000000000000000e+00) (0, 0, 0.00000000000000000000e+00) (6, 6, 5.00000000000000000000e-01) (6, 6, 5.00000000000000000000e-01) (6, 6, 5.00000000000000000000e-01) (0, 6, 0.00000000000000000000e+00) (4, 4, 5.00000000000000000000e-01) (0, 4, 0.00000000000000000000e+00) 
connections (connected_to_neuron, weight)=(0, -1.00592480733626934986e-01) (1, 9.75225502475510874767e-01) (2, 2.65610709202978023669e-01) (3, 2.41874807698449489912e-02) (4, 1.70280737541409432634e-01) (5, -1.39642627670997221401e-01) (0, -1.55178489714758227613e+00) (1, 5.84234903742994937659e+00) (2, 3.78914995489531225559e-01) (3, -1.76722255768374192364e-01) (4, -2.27089011343315827496e-01) (5, -1.02503778081165775049e+00) (0, -6.44030110118632315164e-01) (1, 2.45416067827802875101e+00) (2, 2.74011991005259580856e-01) (3, -2.67211018271135580804e-01) (4, -2.05273470050977957513e-01) (5, -5.44602533010487666054e-01) (6, 3.01283381425457574831e-01) (7, 5.88557402779783878088e+00) (8, 2.33345331553679669057e+00) (9, -1.42293849766151736524e+00) 
