FANN_FLO_2.1
num_layers=3
learning_rate=0.700000
connection_rate=1.000000
network_type=0
learning_momentum=0.000000
training_algorithm=2
train_error_function=1
train_stop_function=1
cascade_output_change_fraction=0.010000
quickprop_decay=-0.000100
quickprop_mu=1.750000
rprop_increase_factor=1.200000
rprop_decrease_factor=0.500000
rprop_delta_min=0.000000
rprop_delta_max=50.000000
rprop_delta_zero=0.100000
cascade_output_stagnation_epochs=12
cascade_candidate_change_fraction=0.010000
cascade_candidate_stagnation_epochs=12
cascade_max_out_epochs=150
cascade_min_out_epochs=50
cascade_max_cand_epochs=150
cascade_min_cand_epochs=50
cascade_num_candidate_groups=2
bit_fail_limit=1.00000000000000005551e-01
cascade_candidate_limit=1.00000000000000000000e+03
cascade_weight_multiplier=4.00000000000000022204e-01
cascade_activation_functions_count=10
cascade_activation_functions=3 5 7 8 10 11 14 15 16 17 
cascade_activation_steepnesses_count=4
cascade_activation_steepnesses=2.50000000000000000000e-01 5.00000000000000000000e-01 7.50000000000000000000e-01 1.00000000000000000000e+00 
layer_sizes=11 4 2 
scale_included=0
neurons (num_inputs, activation_function, activation_steepness)=(0, 0, 0.00000000000000000000e+00) (0, 0, 0.00000000000000000000e+00) (0, 0, 0.00000000000000000000e+00) (0, 0, 0.00000000000000000000e+00) (0, 0, 0.00000000000000000000e+00) (0, 0, 0.00000000000000000000e+00) (0, 0, 0.00000000000000000000e+00) (0, 0, 0.00000000000000000000e+00) (0, 0, 0.00000000000000000000e+00) (0, 0, 0.00000000000000000000e+00) (0, 0, 0.00000000000000000000e+00) (11, 6, 5.00000000000000000000e-01) (11, 6, 5.00000000000000000000e-01) (11, 6, 5.00000000000000000000e-01) (0, 6, 0.00000000000000000000e+00) (4, 4, 5.00000000000000000000e-01) (0, 4, 0.00000000000000000000e+00) 
connections (connected_to_neuron, weight)=(0, 9.10287609375861839212e-01) (1, -9.04592223946982909588e-01) (2, -2.50633673294152137245e+00) (3, 7.27054397750313663451e-01) (4, 3.21547924875000779021e-01) (5, 3.23404679591110744141e-01) (6, -8.53854316549747238696e+00) (7, -1.42539004320584683505e+00) (8, -4.98948478195010355907e-02) (9, -1.10375702485910167638e+01) (10, 6.45868986300448089111e-01) (0, -4.08460493265544177799e-01) (1, -5.88902948826442895758e-01) (2, 1.15051583251417799403e+01) (3, 4.09870615916463509887e-01) (4, -1.25964526187478131902e+00) (5, 1.01455921797900971981e+00) (6, 3.32705862619171766070e+00) (7, 3.05692191114022682186e+00) (8, 4.12153299929249483657e-01) (9, 4.58621238185355650785e+00) (10, -1.87304760667664271789e-01) (0, 2.63824868829376679713e+00) (1, -2.20037823369284701869e+00) (2, -8.04801854620123435780e-01) (3, 3.03107017328801964240e-01) (4, -5.61870053707637762130e-01) (5, -2.44691725485716471411e+00) (6, -4.48615780168949596085e-01) (7, 3.34714145623963343912e-01) (8, -2.44177617698993643103e+00) (9, -3.60986041376568145278e-01) (10, 1.70695358737110924885e+00) (11, -7.12147673066434538924e+00) (12, 3.27289438485510819632e+00) (13, -1.84660874172519093861e+01) (14, -4.10453591942539652848e+00) 
