FANN_FLO_2.1
num_layers=3
learning_rate=0.700000
connection_rate=1.000000
network_type=0
learning_momentum=0.000000
training_algorithm=2
train_error_function=1
train_stop_function=1
cascade_output_change_fraction=0.010000
quickprop_decay=-0.000100
quickprop_mu=1.750000
rprop_increase_factor=1.200000
rprop_decrease_factor=0.500000
rprop_delta_min=0.000000
rprop_delta_max=50.000000
rprop_delta_zero=0.100000
cascade_output_stagnation_epochs=12
cascade_candidate_change_fraction=0.010000
cascade_candidate_stagnation_epochs=12
cascade_max_out_epochs=150
cascade_min_out_epochs=50
cascade_max_cand_epochs=150
cascade_min_cand_epochs=50
cascade_num_candidate_groups=2
bit_fail_limit=1.00000000000000005551e-01
cascade_candidate_limit=1.00000000000000000000e+03
cascade_weight_multiplier=4.00000000000000022204e-01
cascade_activation_functions_count=10
cascade_activation_functions=3 5 7 8 10 11 14 15 16 17 
cascade_activation_steepnesses_count=4
cascade_activation_steepnesses=2.50000000000000000000e-01 5.00000000000000000000e-01 7.50000000000000000000e-01 1.00000000000000000000e+00 
layer_sizes=9 4 2 
scale_included=0
neurons (num_inputs, activation_function, activation_steepness)=(0, 0, 0.00000000000000000000e+00) (0, 0, 0.00000000000000000000e+00) (0, 0, 0.00000000000000000000e+00) (0, 0, 0.00000000000000000000e+00) (0, 0, 0.00000000000000000000e+00) (0, 0, 0.00000000000000000000e+00) (0, 0, 0.00000000000000000000e+00) (0, 0, 0.00000000000000000000e+00) (0, 0, 0.00000000000000000000e+00) (9, 6, 5.00000000000000000000e-01) (9, 6, 5.00000000000000000000e-01) (9, 6, 5.00000000000000000000e-01) (0, 6, 0.00000000000000000000e+00) (4, 4, 5.00000000000000000000e-01) (0, 4, 0.00000000000000000000e+00) 
connections (connected_to_neuron, weight)=(0, -1.42860080936122724182e+00) (1, 2.55669168090676768301e+00) (2, 4.64710217278249515527e-01) (3, -2.09367001784421219446e-01) (4, -1.82356736046649231531e-01) (5, -5.74701712488934202128e-01) (6, -1.75523264688826813318e-01) (7, -2.13850172591782822229e-01) (8, -5.45613200425907773905e-01) (0, -3.92870438780938791012e+00) (1, 1.87422113845442761537e+00) (2, 1.70965039782143546354e+00) (3, -5.72584613908356132583e-01) (4, -7.71145069523329174110e-01) (5, -8.93287540896410381386e-01) (6, -7.04002607364481391983e-01) (7, -5.51167728930535671950e-01) (8, -7.98373342974657451698e-01) (0, -4.64351108656733124747e+00) (1, 2.00824044457768469130e+00) (2, 4.06289389393634969849e+00) (3, -1.35527954826045160530e+00) (4, -1.32616827094841127632e+00) (5, -2.01150473596135448417e+00) (6, -1.37233254888939981697e+00) (7, -1.36135881224560861824e+00) (8, -1.28524598575959836388e+00) (9, 2.49382143887923390935e+00) (10, 5.84680496626934065318e+00) (11, 6.51148022058413289415e+00) (12, -1.62338075400248271762e+00) 
