FANN_FLO_2.1
num_layers=3
learning_rate=0.700000
connection_rate=1.000000
network_type=0
learning_momentum=0.000000
training_algorithm=2
train_error_function=1
train_stop_function=1
cascade_output_change_fraction=0.010000
quickprop_decay=-0.000100
quickprop_mu=1.750000
rprop_increase_factor=1.200000
rprop_decrease_factor=0.500000
rprop_delta_min=0.000000
rprop_delta_max=50.000000
rprop_delta_zero=0.100000
cascade_output_stagnation_epochs=12
cascade_candidate_change_fraction=0.010000
cascade_candidate_stagnation_epochs=12
cascade_max_out_epochs=150
cascade_min_out_epochs=50
cascade_max_cand_epochs=150
cascade_min_cand_epochs=50
cascade_num_candidate_groups=2
bit_fail_limit=1.00000000000000005551e-01
cascade_candidate_limit=1.00000000000000000000e+03
cascade_weight_multiplier=4.00000000000000022204e-01
cascade_activation_functions_count=10
cascade_activation_functions=3 5 7 8 10 11 14 15 16 17 
cascade_activation_steepnesses_count=4
cascade_activation_steepnesses=2.50000000000000000000e-01 5.00000000000000000000e-01 7.50000000000000000000e-01 1.00000000000000000000e+00 
layer_sizes=12 4 2 
scale_included=0
neurons (num_inputs, activation_function, activation_steepness)=(0, 0, 0.00000000000000000000e+00) (0, 0, 0.00000000000000000000e+00) (0, 0, 0.00000000000000000000e+00) (0, 0, 0.00000000000000000000e+00) (0, 0, 0.00000000000000000000e+00) (0, 0, 0.00000000000000000000e+00) (0, 0, 0.00000000000000000000e+00) (0, 0, 0.00000000000000000000e+00) (0, 0, 0.00000000000000000000e+00) (0, 0, 0.00000000000000000000e+00) (0, 0, 0.00000000000000000000e+00) (0, 0, 0.00000000000000000000e+00) (12, 6, 5.00000000000000000000e-01) (12, 6, 5.00000000000000000000e-01) (12, 6, 5.00000000000000000000e-01) (0, 6, 0.00000000000000000000e+00) (4, 4, 5.00000000000000000000e-01) (0, 4, 0.00000000000000000000e+00) 
connections (connected_to_neuron, weight)=(0, -9.75556335067131130678e-01) (1, 4.71548495658361854765e+00) (2, 1.00683937743370172102e-01) (3, -7.58744322140927129894e-01) (4, -1.63010256082628113283e+00) (5, -3.21115327513854831309e+00) (6, 4.67368523993217888091e+00) (7, -9.42372566675521938784e-01) (8, -6.37570746433038904044e-01) (9, -3.50643678603879571654e-01) (10, -3.15405125803392261119e+00) (11, -4.45722981391660333372e-01) (0, -6.76212566182977647955e-02) (1, 2.56019831831254485177e-01) (2, 1.24674040316466935852e-01) (3, -5.08721431121133993436e-01) (4, -9.28008829474960550421e-03) (5, 9.95779904234358470561e-02) (6, 3.91058177883424284982e-01) (7, -9.57943158433801900120e-02) (8, -2.42016268265298414852e-02) (9, -7.25401382693630303322e-01) (10, -4.59158745896867323544e-02) (11, -4.69451249912285040189e-01) (0, -2.02862182991983530655e+00) (1, 2.13398808407070283977e+00) (2, 1.34819371698428114303e-01) (3, -6.17189150130780725401e-02) (4, -1.24272217572066923097e+00) (5, -1.19137110531661649659e+00) (6, 1.97100382464410905925e+00) (7, -7.79937178618293036614e-01) (8, -1.32554809719655652955e+00) (9, -2.85234437204395507859e-01) (10, -1.19467594445083280519e+00) (11, -1.02745477465394363659e-01) (12, 4.76064197935783806059e+00) (13, 2.77104310130872111273e-01) (14, 1.88991790818454852285e+00) (15, -4.90200253184473910828e-01) 
