FANN_FLO_2.1
num_layers=3
learning_rate=0.700000
connection_rate=1.000000
network_type=0
learning_momentum=0.000000
training_algorithm=2
train_error_function=1
train_stop_function=1
cascade_output_change_fraction=0.010000
quickprop_decay=-0.000100
quickprop_mu=1.750000
rprop_increase_factor=1.200000
rprop_decrease_factor=0.500000
rprop_delta_min=0.000000
rprop_delta_max=50.000000
rprop_delta_zero=0.100000
cascade_output_stagnation_epochs=12
cascade_candidate_change_fraction=0.010000
cascade_candidate_stagnation_epochs=12
cascade_max_out_epochs=150
cascade_min_out_epochs=50
cascade_max_cand_epochs=150
cascade_min_cand_epochs=50
cascade_num_candidate_groups=2
bit_fail_limit=1.00000000000000005551e-01
cascade_candidate_limit=1.00000000000000000000e+03
cascade_weight_multiplier=4.00000000000000022204e-01
cascade_activation_functions_count=10
cascade_activation_functions=3 5 7 8 10 11 14 15 16 17 
cascade_activation_steepnesses_count=4
cascade_activation_steepnesses=2.50000000000000000000e-01 5.00000000000000000000e-01 7.50000000000000000000e-01 1.00000000000000000000e+00 
layer_sizes=6 4 2 
scale_included=0
neurons (num_inputs, activation_function, activation_steepness)=(0, 0, 0.00000000000000000000e+00) (0, 0, 0.00000000000000000000e+00) (0, 0, 0.00000000000000000000e+00) (0, 0, 0.00000000000000000000e+00) (0, 0, 0.00000000000000000000e+00) (0, 0, 0.00000000000000000000e+00) (6, 6, 5.00000000000000000000e-01) (6, 6, 5.00000000000000000000e-01) (6, 6, 5.00000000000000000000e-01) (0, 6, 0.00000000000000000000e+00) (4, 4, 5.00000000000000000000e-01) (0, 4, 0.00000000000000000000e+00) 
connections (connected_to_neuron, weight)=(0, 1.37539889357726474728e+00) (1, 6.20636116078674193730e-01) (2, 1.91297137796687444222e-01) (3, -4.77404622616470153407e-01) (4, 2.63817471824044746942e-01) (5, -1.15403342090117252972e-01) (0, 2.37703362276442353718e+00) (1, 8.57813586658158211407e-01) (2, 2.91330481651365935658e-01) (3, -1.48786987086214361753e+00) (4, -1.38755262901836817768e-01) (5, -4.59981870971215289767e-01) (0, 7.50104773557964854547e+00) (1, 2.51632562933651504622e+00) (2, 1.82780351887639369579e+00) (3, -1.06332039734831784727e+00) (4, 1.72275429869984231246e+00) (5, -4.48411387003413608454e+00) (6, 4.46797235271318649019e-01) (7, 6.15541130217126419844e-01) (8, 2.95133628667285421443e+01) (9, -1.34732909763833563765e+00) 
