FANN_FLO_2.1
num_layers=3
learning_rate=0.700000
connection_rate=1.000000
network_type=0
learning_momentum=0.000000
training_algorithm=2
train_error_function=1
train_stop_function=1
cascade_output_change_fraction=0.010000
quickprop_decay=-0.000100
quickprop_mu=1.750000
rprop_increase_factor=1.200000
rprop_decrease_factor=0.500000
rprop_delta_min=0.000000
rprop_delta_max=50.000000
rprop_delta_zero=0.100000
cascade_output_stagnation_epochs=12
cascade_candidate_change_fraction=0.010000
cascade_candidate_stagnation_epochs=12
cascade_max_out_epochs=150
cascade_min_out_epochs=50
cascade_max_cand_epochs=150
cascade_min_cand_epochs=50
cascade_num_candidate_groups=2
bit_fail_limit=1.00000000000000005551e-01
cascade_candidate_limit=1.00000000000000000000e+03
cascade_weight_multiplier=4.00000000000000022204e-01
cascade_activation_functions_count=10
cascade_activation_functions=3 5 7 8 10 11 14 15 16 17 
cascade_activation_steepnesses_count=4
cascade_activation_steepnesses=2.50000000000000000000e-01 5.00000000000000000000e-01 7.50000000000000000000e-01 1.00000000000000000000e+00 
layer_sizes=11 4 2 
scale_included=0
neurons (num_inputs, activation_function, activation_steepness)=(0, 0, 0.00000000000000000000e+00) (0, 0, 0.00000000000000000000e+00) (0, 0, 0.00000000000000000000e+00) (0, 0, 0.00000000000000000000e+00) (0, 0, 0.00000000000000000000e+00) (0, 0, 0.00000000000000000000e+00) (0, 0, 0.00000000000000000000e+00) (0, 0, 0.00000000000000000000e+00) (0, 0, 0.00000000000000000000e+00) (0, 0, 0.00000000000000000000e+00) (0, 0, 0.00000000000000000000e+00) (11, 6, 5.00000000000000000000e-01) (11, 6, 5.00000000000000000000e-01) (11, 6, 5.00000000000000000000e-01) (0, 6, 0.00000000000000000000e+00) (4, 4, 5.00000000000000000000e-01) (0, 4, 0.00000000000000000000e+00) 
connections (connected_to_neuron, weight)=(0, -4.31843068725650613970e+00) (1, 2.09016148723262951137e+00) (2, 1.79810517004942882480e+00) (3, 3.92522963948681025137e-02) (4, -7.49754151384649514256e-01) (5, 1.60038196269420462947e+00) (6, 1.98554856761285103417e+00) (7, 1.09023966885905521096e+00) (8, 9.43698376855427456533e-01) (9, 6.74337012552140957489e-01) (10, -3.41538293267642867335e+00) (0, 8.56074306085170988467e+00) (1, 1.73441176717212153235e+00) (2, -1.25267295337117534615e+00) (3, 1.67254314718227004022e+00) (4, 1.93658443688522652337e+00) (5, 1.49916796285550879553e-01) (6, 2.82025194225616449017e+00) (7, 2.16220207699758537601e+00) (8, -9.86348433184552342290e-01) (9, 1.32993975751545701058e+00) (10, 6.81900932985374463868e+00) (0, -4.85638804704487991870e+00) (1, 2.93352399210789194228e+00) (2, 1.47642977873490544027e+00) (3, 2.23074177186470468115e+00) (4, -7.21668974622155512400e-01) (5, 1.84430551254960950480e+00) (6, 2.21878196843315578235e+00) (7, -2.55669034813343631907e-01) (8, 3.47508797305638683639e+00) (9, 8.29908009402219204453e-01) (10, -4.26657700878192081007e+00) (11, 1.10881527813050766440e+02) (12, -8.92860297123432178346e-01) (13, 4.95647193922128650456e+01) (14, -8.50105966783270328158e-01) 
