FANN_FLO_2.1
num_layers=3
learning_rate=0.700000
connection_rate=1.000000
network_type=0
learning_momentum=0.000000
training_algorithm=2
train_error_function=1
train_stop_function=1
cascade_output_change_fraction=0.010000
quickprop_decay=-0.000100
quickprop_mu=1.750000
rprop_increase_factor=1.200000
rprop_decrease_factor=0.500000
rprop_delta_min=0.000000
rprop_delta_max=50.000000
rprop_delta_zero=0.100000
cascade_output_stagnation_epochs=12
cascade_candidate_change_fraction=0.010000
cascade_candidate_stagnation_epochs=12
cascade_max_out_epochs=150
cascade_min_out_epochs=50
cascade_max_cand_epochs=150
cascade_min_cand_epochs=50
cascade_num_candidate_groups=2
bit_fail_limit=1.00000000000000005551e-01
cascade_candidate_limit=1.00000000000000000000e+03
cascade_weight_multiplier=4.00000000000000022204e-01
cascade_activation_functions_count=10
cascade_activation_functions=3 5 7 8 10 11 14 15 16 17 
cascade_activation_steepnesses_count=4
cascade_activation_steepnesses=2.50000000000000000000e-01 5.00000000000000000000e-01 7.50000000000000000000e-01 1.00000000000000000000e+00 
layer_sizes=18 4 2 
scale_included=0
neurons (num_inputs, activation_function, activation_steepness)=(0, 0, 0.00000000000000000000e+00) (0, 0, 0.00000000000000000000e+00) (0, 0, 0.00000000000000000000e+00) (0, 0, 0.00000000000000000000e+00) (0, 0, 0.00000000000000000000e+00) (0, 0, 0.00000000000000000000e+00) (0, 0, 0.00000000000000000000e+00) (0, 0, 0.00000000000000000000e+00) (0, 0, 0.00000000000000000000e+00) (0, 0, 0.00000000000000000000e+00) (0, 0, 0.00000000000000000000e+00) (0, 0, 0.00000000000000000000e+00) (0, 0, 0.00000000000000000000e+00) (0, 0, 0.00000000000000000000e+00) (0, 0, 0.00000000000000000000e+00) (0, 0, 0.00000000000000000000e+00) (0, 0, 0.00000000000000000000e+00) (0, 0, 0.00000000000000000000e+00) (18, 6, 5.00000000000000000000e-01) (18, 6, 5.00000000000000000000e-01) (18, 6, 5.00000000000000000000e-01) (0, 6, 0.00000000000000000000e+00) (4, 4, 5.00000000000000000000e-01) (0, 4, 0.00000000000000000000e+00) 
connections (connected_to_neuron, weight)=(0, -8.31083449508903893133e-01) (1, 1.31567834849075726567e+00) (2, 2.06145933285201943264e+00) (3, -1.08157865392646646008e+00) (4, 1.67957781937642963710e-01) (5, 3.44824787582987937640e+02) (6, -8.99664179339163205817e-01) (7, -4.27657933533829581751e-01) (8, -4.20497787744444739833e-01) (9, 1.07139507385545962315e+00) (10, -9.78892384530348991234e-01) (11, 1.62962541238814107025e+00) (12, -2.18056870737539820748e-01) (13, 1.37227299943981484454e+00) (14, 1.54995465727444736714e+00) (15, 1.59655648546215145345e+00) (16, -1.00432029223565577603e+00) (17, -1.29319797596204466572e+00) (0, 1.50237193653687883810e+00) (1, -1.08967809652602176662e+00) (2, -1.06495416451737989760e+00) (3, 1.81245895500673181999e+00) (4, 1.08202163318158572913e+00) (5, 3.33064796093833308532e+02) (6, 1.27857500686568292814e+00) (7, 1.29580382544617500606e+00) (8, 1.22676254350762259371e+00) (9, -1.12499918856612901585e+00) (10, 2.08540399019923583523e+00) (11, -4.80509295378903744655e-01) (12, 1.36413379057404249295e+00) (13, -1.43253768532270142622e+00) (14, -5.90349878516710613319e-01) (15, -6.20607451523510600389e-01) (16, 1.99507454430070274576e+00) (17, 1.68517680127448321592e+00) (0, -8.60339070644138725896e-01) (1, 1.39772465611414364872e+00) (2, 2.21232132255877322891e+00) (3, -9.88277253384207354792e-01) (4, 9.90354336171588439663e-02) (5, 3.44820275287861022662e+02) (6, -9.19905700638048551276e-01) (7, -3.40376706422013064479e-01) (8, -3.87677104771775027370e-01) (9, 1.05555706273378824278e+00) (10, -9.94069217206282718102e-01) (11, 1.50668991984277478302e+00) (12, -8.19331911592356409990e-02) (13, 1.47061564162788704913e+00) (14, 1.61229484232064335103e+00) (15, 1.58545848803516475911e+00) (16, -1.04021069264535426235e+00) (17, -1.32213605335223860493e+00) (18, 8.00820747024062384867e+00) (19, -4.68863275937003098903e+00) (20, 1.38873772315500367824e+01) (21, -1.07601913026420303865e+00) 
