FANN_FLO_2.1
num_layers=3
learning_rate=0.700000
connection_rate=1.000000
network_type=0
learning_momentum=0.000000
training_algorithm=2
train_error_function=1
train_stop_function=1
cascade_output_change_fraction=0.010000
quickprop_decay=-0.000100
quickprop_mu=1.750000
rprop_increase_factor=1.200000
rprop_decrease_factor=0.500000
rprop_delta_min=0.000000
rprop_delta_max=50.000000
rprop_delta_zero=0.100000
cascade_output_stagnation_epochs=12
cascade_candidate_change_fraction=0.010000
cascade_candidate_stagnation_epochs=12
cascade_max_out_epochs=150
cascade_min_out_epochs=50
cascade_max_cand_epochs=150
cascade_min_cand_epochs=50
cascade_num_candidate_groups=2
bit_fail_limit=1.00000000000000005551e-01
cascade_candidate_limit=1.00000000000000000000e+03
cascade_weight_multiplier=4.00000000000000022204e-01
cascade_activation_functions_count=10
cascade_activation_functions=3 5 7 8 10 11 14 15 16 17 
cascade_activation_steepnesses_count=4
cascade_activation_steepnesses=2.50000000000000000000e-01 5.00000000000000000000e-01 7.50000000000000000000e-01 1.00000000000000000000e+00 
layer_sizes=9 4 2 
scale_included=0
neurons (num_inputs, activation_function, activation_steepness)=(0, 0, 0.00000000000000000000e+00) (0, 0, 0.00000000000000000000e+00) (0, 0, 0.00000000000000000000e+00) (0, 0, 0.00000000000000000000e+00) (0, 0, 0.00000000000000000000e+00) (0, 0, 0.00000000000000000000e+00) (0, 0, 0.00000000000000000000e+00) (0, 0, 0.00000000000000000000e+00) (0, 0, 0.00000000000000000000e+00) (9, 6, 5.00000000000000000000e-01) (9, 6, 5.00000000000000000000e-01) (9, 6, 5.00000000000000000000e-01) (0, 6, 0.00000000000000000000e+00) (4, 4, 5.00000000000000000000e-01) (0, 4, 0.00000000000000000000e+00) 
connections (connected_to_neuron, weight)=(0, -1.35905210372012619224e+00) (1, 9.56687686454996999430e+00) (2, -2.39596786577103104676e+00) (3, -3.24250998260162104359e+00) (4, -2.47942118323414284475e+00) (5, -2.05627221215601485582e+00) (6, -5.43105920020592658481e-01) (7, -2.38107005483477074392e+00) (8, -1.39642980392974380699e+00) (0, -2.89969224165224925827e+00) (1, 1.40169018030021397259e+00) (2, 7.53621066174484344202e+00) (3, 1.92898173576918852135e+00) (4, -7.80877870136285623381e-01) (5, 9.98440602683612898893e-01) (6, 9.54550819360801772184e-01) (7, -1.40313256281691156602e+00) (8, -3.37739906832708935980e+00) (0, -2.20555142086419708747e+00) (1, 6.47414905355708447665e-01) (2, 4.94847723123989258198e+00) (3, 2.45221424894856632193e+00) (4, -5.47805660761411683524e-01) (5, 6.14875761970576584226e-01) (6, 8.32215668216172432814e-02) (7, -4.58654885537441048271e-01) (8, -2.24046516564163811225e+00) (9, 3.88881355784383808682e+00) (10, 3.53076475172401194058e+00) (11, 2.32894378600772578025e+00) (12, -4.41870614390768157165e+00) 
