FANN_FLO_2.1
num_layers=3
learning_rate=0.700000
connection_rate=1.000000
network_type=0
learning_momentum=0.000000
training_algorithm=2
train_error_function=1
train_stop_function=1
cascade_output_change_fraction=0.010000
quickprop_decay=-0.000100
quickprop_mu=1.750000
rprop_increase_factor=1.200000
rprop_decrease_factor=0.500000
rprop_delta_min=0.000000
rprop_delta_max=50.000000
rprop_delta_zero=0.100000
cascade_output_stagnation_epochs=12
cascade_candidate_change_fraction=0.010000
cascade_candidate_stagnation_epochs=12
cascade_max_out_epochs=150
cascade_min_out_epochs=50
cascade_max_cand_epochs=150
cascade_min_cand_epochs=50
cascade_num_candidate_groups=2
bit_fail_limit=1.00000000000000005551e-01
cascade_candidate_limit=1.00000000000000000000e+03
cascade_weight_multiplier=4.00000000000000022204e-01
cascade_activation_functions_count=10
cascade_activation_functions=3 5 7 8 10 11 14 15 16 17 
cascade_activation_steepnesses_count=4
cascade_activation_steepnesses=2.50000000000000000000e-01 5.00000000000000000000e-01 7.50000000000000000000e-01 1.00000000000000000000e+00 
layer_sizes=11 4 2 
scale_included=0
neurons (num_inputs, activation_function, activation_steepness)=(0, 0, 0.00000000000000000000e+00) (0, 0, 0.00000000000000000000e+00) (0, 0, 0.00000000000000000000e+00) (0, 0, 0.00000000000000000000e+00) (0, 0, 0.00000000000000000000e+00) (0, 0, 0.00000000000000000000e+00) (0, 0, 0.00000000000000000000e+00) (0, 0, 0.00000000000000000000e+00) (0, 0, 0.00000000000000000000e+00) (0, 0, 0.00000000000000000000e+00) (0, 0, 0.00000000000000000000e+00) (11, 6, 5.00000000000000000000e-01) (11, 6, 5.00000000000000000000e-01) (11, 6, 5.00000000000000000000e-01) (0, 6, 0.00000000000000000000e+00) (4, 4, 5.00000000000000000000e-01) (0, 4, 0.00000000000000000000e+00) 
connections (connected_to_neuron, weight)=(0, -2.28014595886093907051e-01) (1, 3.45848880621333232277e-01) (2, 3.32164314037441843475e-01) (3, 1.28437836907167945988e+00) (4, 1.88574129118078220868e-01) (5, 6.96654910786005165946e-01) (6, 6.17526684328694175363e-01) (7, 2.48910872499797664048e+00) (8, 7.58597501010739749816e-01) (9, 5.26965146445239840389e-01) (10, -1.34972590719594387476e-01) (0, 2.72396799144808188231e+00) (1, -1.42088006613857141536e-02) (2, -5.37431050638420004795e-01) (3, -9.27450247676542272046e-04) (4, 6.20018270077021815823e-01) (5, -7.86393313519904491038e-01) (6, -9.40260612421375618908e+00) (7, -5.98694916638201291015e-01) (8, -7.42359223868705786487e-01) (9, 3.19682401813897731913e-01) (10, 7.40589256868996237415e-01) (0, 8.93871759483237937616e+00) (1, -3.48596877939179261574e+00) (2, -3.00789438531064501348e+00) (3, -1.41268474842626945431e+00) (4, 3.61433980117540887278e+00) (5, -3.10225795716935737190e+00) (6, -3.77044079066067228112e+00) (7, -2.71000577881403437175e+00) (8, -3.84707586332163176124e+00) (9, -1.41689329948550857274e+00) (10, 5.51668237058404997697e+00) (11, 2.38596689547266122000e-01) (12, -8.89022822705208493055e-01) (13, -7.57398742993173357263e+01) (14, -2.95181687042014306854e+00) 
