FANN_FLO_2.1
num_layers=3
learning_rate=0.700000
connection_rate=1.000000
network_type=0
learning_momentum=0.000000
training_algorithm=2
train_error_function=1
train_stop_function=1
cascade_output_change_fraction=0.010000
quickprop_decay=-0.000100
quickprop_mu=1.750000
rprop_increase_factor=1.200000
rprop_decrease_factor=0.500000
rprop_delta_min=0.000000
rprop_delta_max=50.000000
rprop_delta_zero=0.100000
cascade_output_stagnation_epochs=12
cascade_candidate_change_fraction=0.010000
cascade_candidate_stagnation_epochs=12
cascade_max_out_epochs=150
cascade_min_out_epochs=50
cascade_max_cand_epochs=150
cascade_min_cand_epochs=50
cascade_num_candidate_groups=2
bit_fail_limit=1.00000000000000005551e-01
cascade_candidate_limit=1.00000000000000000000e+03
cascade_weight_multiplier=4.00000000000000022204e-01
cascade_activation_functions_count=10
cascade_activation_functions=3 5 7 8 10 11 14 15 16 17 
cascade_activation_steepnesses_count=4
cascade_activation_steepnesses=2.50000000000000000000e-01 5.00000000000000000000e-01 7.50000000000000000000e-01 1.00000000000000000000e+00 
layer_sizes=6 4 2 
scale_included=0
neurons (num_inputs, activation_function, activation_steepness)=(0, 0, 0.00000000000000000000e+00) (0, 0, 0.00000000000000000000e+00) (0, 0, 0.00000000000000000000e+00) (0, 0, 0.00000000000000000000e+00) (0, 0, 0.00000000000000000000e+00) (0, 0, 0.00000000000000000000e+00) (6, 6, 5.00000000000000000000e-01) (6, 6, 5.00000000000000000000e-01) (6, 6, 5.00000000000000000000e-01) (0, 6, 0.00000000000000000000e+00) (4, 4, 5.00000000000000000000e-01) (0, 4, 0.00000000000000000000e+00) 
connections (connected_to_neuron, weight)=(0, -8.22365156037733413541e+00) (1, 4.38448613853753776937e+00) (2, 4.69758206289319968363e+00) (3, 6.89900166831636330045e+00) (4, 2.27276283967971926003e+00) (5, 3.31413165856255087505e+00) (0, 1.94389606938031556105e+00) (1, 7.11709230961862227005e-01) (2, 9.83827722144271832327e-01) (3, 9.56351357510623945046e-01) (4, 4.20217433700528442131e-01) (5, -1.45816037979151102988e+00) (0, 1.66508662896298842426e+00) (1, 1.36874143588807184457e+00) (2, 7.30224294596142908809e-01) (3, 1.15712355637615771364e+00) (4, 1.87754913792257549510e+00) (5, -2.48867243690852735227e+00) (6, -5.87032040589064152414e+00) (7, 3.80382012601138015384e+01) (8, 2.33250044410431627284e+01) (9, -1.48946092137610075490e+00) 
