FANN_FLO_2.1
num_layers=3
learning_rate=0.700000
connection_rate=1.000000
network_type=0
learning_momentum=0.000000
training_algorithm=2
train_error_function=1
train_stop_function=1
cascade_output_change_fraction=0.010000
quickprop_decay=-0.000100
quickprop_mu=1.750000
rprop_increase_factor=1.200000
rprop_decrease_factor=0.500000
rprop_delta_min=0.000000
rprop_delta_max=50.000000
rprop_delta_zero=0.100000
cascade_output_stagnation_epochs=12
cascade_candidate_change_fraction=0.010000
cascade_candidate_stagnation_epochs=12
cascade_max_out_epochs=150
cascade_min_out_epochs=50
cascade_max_cand_epochs=150
cascade_min_cand_epochs=50
cascade_num_candidate_groups=2
bit_fail_limit=1.00000000000000005551e-01
cascade_candidate_limit=1.00000000000000000000e+03
cascade_weight_multiplier=4.00000000000000022204e-01
cascade_activation_functions_count=10
cascade_activation_functions=3 5 7 8 10 11 14 15 16 17 
cascade_activation_steepnesses_count=4
cascade_activation_steepnesses=2.50000000000000000000e-01 5.00000000000000000000e-01 7.50000000000000000000e-01 1.00000000000000000000e+00 
layer_sizes=6 4 2 
scale_included=0
neurons (num_inputs, activation_function, activation_steepness)=(0, 0, 0.00000000000000000000e+00) (0, 0, 0.00000000000000000000e+00) (0, 0, 0.00000000000000000000e+00) (0, 0, 0.00000000000000000000e+00) (0, 0, 0.00000000000000000000e+00) (0, 0, 0.00000000000000000000e+00) (6, 6, 5.00000000000000000000e-01) (6, 6, 5.00000000000000000000e-01) (6, 6, 5.00000000000000000000e-01) (0, 6, 0.00000000000000000000e+00) (4, 4, 5.00000000000000000000e-01) (0, 4, 0.00000000000000000000e+00) 
connections (connected_to_neuron, weight)=(0, 4.15166968288465387804e-01) (1, 7.25395122968272798580e-01) (2, 2.16958956912894518343e-01) (3, 3.24364751649041382908e-01) (4, 1.38332309473762582464e+00) (5, -4.60598602765220979660e-02) (0, -2.29654345349899422501e+01) (1, -1.06361155255580595025e+01) (2, -2.77122588473127695607e+00) (3, 3.32543335884423774118e+00) (4, -6.28263862081695112494e+00) (5, 1.51236732948204721794e+01) (0, 4.21308491524374417736e+00) (1, 1.66666565669320010379e+00) (2, 6.68576631824371658830e-01) (3, -3.78641016023823939740e-01) (4, 1.11834201160985191592e+00) (5, -2.38640101099083823399e+00) (6, 6.25438016331588797492e-01) (7, -4.94710847572643075409e+00) (8, 7.45869412317341495822e+00) (9, -2.00310417558559272777e+00) 
