FANN_FLO_2.1
num_layers=3
learning_rate=0.700000
connection_rate=1.000000
network_type=0
learning_momentum=0.000000
training_algorithm=2
train_error_function=1
train_stop_function=1
cascade_output_change_fraction=0.010000
quickprop_decay=-0.000100
quickprop_mu=1.750000
rprop_increase_factor=1.200000
rprop_decrease_factor=0.500000
rprop_delta_min=0.000000
rprop_delta_max=50.000000
rprop_delta_zero=0.100000
cascade_output_stagnation_epochs=12
cascade_candidate_change_fraction=0.010000
cascade_candidate_stagnation_epochs=12
cascade_max_out_epochs=150
cascade_min_out_epochs=50
cascade_max_cand_epochs=150
cascade_min_cand_epochs=50
cascade_num_candidate_groups=2
bit_fail_limit=1.00000000000000005551e-01
cascade_candidate_limit=1.00000000000000000000e+03
cascade_weight_multiplier=4.00000000000000022204e-01
cascade_activation_functions_count=10
cascade_activation_functions=3 5 7 8 10 11 14 15 16 17 
cascade_activation_steepnesses_count=4
cascade_activation_steepnesses=2.50000000000000000000e-01 5.00000000000000000000e-01 7.50000000000000000000e-01 1.00000000000000000000e+00 
layer_sizes=18 4 2 
scale_included=0
neurons (num_inputs, activation_function, activation_steepness)=(0, 0, 0.00000000000000000000e+00) (0, 0, 0.00000000000000000000e+00) (0, 0, 0.00000000000000000000e+00) (0, 0, 0.00000000000000000000e+00) (0, 0, 0.00000000000000000000e+00) (0, 0, 0.00000000000000000000e+00) (0, 0, 0.00000000000000000000e+00) (0, 0, 0.00000000000000000000e+00) (0, 0, 0.00000000000000000000e+00) (0, 0, 0.00000000000000000000e+00) (0, 0, 0.00000000000000000000e+00) (0, 0, 0.00000000000000000000e+00) (0, 0, 0.00000000000000000000e+00) (0, 0, 0.00000000000000000000e+00) (0, 0, 0.00000000000000000000e+00) (0, 0, 0.00000000000000000000e+00) (0, 0, 0.00000000000000000000e+00) (0, 0, 0.00000000000000000000e+00) (18, 6, 5.00000000000000000000e-01) (18, 6, 5.00000000000000000000e-01) (18, 6, 5.00000000000000000000e-01) (0, 6, 0.00000000000000000000e+00) (4, 4, 5.00000000000000000000e-01) (0, 4, 0.00000000000000000000e+00) 
connections (connected_to_neuron, weight)=(0, -3.10557436861969948794e+00) (1, 2.35535399448200877259e+00) (2, 1.76939874726481889411e+02) (3, 1.09697483418523944465e+00) (4, 1.99350301673999319441e+00) (5, 3.00634482378712064587e+00) (6, -1.27961383783802151726e+00) (7, 3.17591942281595107644e+00) (8, 1.98068675896516332990e+00) (9, 1.18817243868836630583e+00) (10, 9.74988087397214542307e-01) (11, 3.00606757278194791638e+00) (12, 4.18851451161421994840e+00) (13, -2.80452739758179570018e+00) (14, 1.18684159265337729749e+00) (15, -2.94827219697449205427e+00) (16, -2.84350619845542995634e+00) (17, -1.94854035626220900568e+00) (0, 1.28055109458229843256e-01) (1, 6.70004748877299327603e-01) (2, 3.06334306056991856337e+01) (3, 3.51275074535647324758e-01) (4, 2.83430937748058719983e-01) (5, 1.38513754886646411890e+00) (6, -1.10020715524833098686e-01) (7, 1.50556147419723895808e+00) (8, 2.44158681552513523449e-01) (9, 1.17456496570679025382e+00) (10, 3.53753674083987168508e-01) (11, 1.26352767479677297047e+00) (12, 1.19440418052372177016e+00) (13, -8.85808188424525022597e-01) (14, 4.43143960711880280368e-01) (15, 5.56689365040289874109e-02) (16, -7.35085184353180376426e-01) (17, 3.61168310797287551300e-03) (0, 4.01769184709815305179e-02) (1, 6.48184601975692942233e-01) (2, 3.07969466835323650855e+01) (3, 3.61228830732145067550e-01) (4, 4.46496471521958815387e-01) (5, 1.43668661441345468788e+00) (6, -2.23701996869058394868e-01) (7, 1.46770500681790849740e+00) (8, 4.09068844971761214069e-01) (9, 1.44675393062683532719e+00) (10, 2.44457803286351971206e-01) (11, 1.34472323756356493263e+00) (12, 1.36401989967998815700e+00) (13, -6.89881426963784849526e-01) (14, 2.81554894061932126093e-01) (15, 7.99819618096092588289e-03) (16, -9.73286809687205933805e-01) (17, -2.29179715439749576156e-01) (18, 1.87778448583609112177e+01) (19, 5.02454502424814264394e-01) (20, 1.38125871504575226112e+00) (21, -2.82174670297773078076e+00) 
