FANN_FLO_2.1
num_layers=3
learning_rate=0.700000
connection_rate=1.000000
network_type=0
learning_momentum=0.000000
training_algorithm=2
train_error_function=1
train_stop_function=1
cascade_output_change_fraction=0.010000
quickprop_decay=-0.000100
quickprop_mu=1.750000
rprop_increase_factor=1.200000
rprop_decrease_factor=0.500000
rprop_delta_min=0.000000
rprop_delta_max=50.000000
rprop_delta_zero=0.100000
cascade_output_stagnation_epochs=12
cascade_candidate_change_fraction=0.010000
cascade_candidate_stagnation_epochs=12
cascade_max_out_epochs=150
cascade_min_out_epochs=50
cascade_max_cand_epochs=150
cascade_min_cand_epochs=50
cascade_num_candidate_groups=2
bit_fail_limit=1.00000000000000005551e-01
cascade_candidate_limit=1.00000000000000000000e+03
cascade_weight_multiplier=4.00000000000000022204e-01
cascade_activation_functions_count=10
cascade_activation_functions=3 5 7 8 10 11 14 15 16 17 
cascade_activation_steepnesses_count=4
cascade_activation_steepnesses=2.50000000000000000000e-01 5.00000000000000000000e-01 7.50000000000000000000e-01 1.00000000000000000000e+00 
layer_sizes=12 4 2 
scale_included=0
neurons (num_inputs, activation_function, activation_steepness)=(0, 0, 0.00000000000000000000e+00) (0, 0, 0.00000000000000000000e+00) (0, 0, 0.00000000000000000000e+00) (0, 0, 0.00000000000000000000e+00) (0, 0, 0.00000000000000000000e+00) (0, 0, 0.00000000000000000000e+00) (0, 0, 0.00000000000000000000e+00) (0, 0, 0.00000000000000000000e+00) (0, 0, 0.00000000000000000000e+00) (0, 0, 0.00000000000000000000e+00) (0, 0, 0.00000000000000000000e+00) (0, 0, 0.00000000000000000000e+00) (12, 6, 5.00000000000000000000e-01) (12, 6, 5.00000000000000000000e-01) (12, 6, 5.00000000000000000000e-01) (0, 6, 0.00000000000000000000e+00) (4, 4, 5.00000000000000000000e-01) (0, 4, 0.00000000000000000000e+00) 
connections (connected_to_neuron, weight)=(0, -2.88336075781414402641e-01) (1, 3.82814418575366688380e-01) (2, -4.00366489997269092704e-01) (3, -4.04114160255716614589e-01) (4, -5.09873618660906940958e-02) (5, 2.63230182711690574582e-01) (6, 1.60194359727206525612e+00) (7, 1.38474444389618089879e+00) (8, 5.12088108257055529826e-01) (9, 1.47563369282476415378e+01) (10, 1.07924545673824834324e+00) (11, -2.21285276053974466759e-01) (0, 3.19867657735754429282e+00) (1, -2.36018815501295042836e+00) (2, -7.63120481174880849196e-01) (3, -8.91174388479883061720e-01) (4, 1.15885666333735448674e+00) (5, -4.35537782713873000695e-01) (6, -1.48484853770636093806e+00) (7, -3.18577898901667433407e+00) (8, -1.13535275478619013256e+00) (9, -3.81707296640999205195e+00) (10, 7.03501579797287335261e-01) (11, 2.71275026107665029329e+00) (0, 3.22041191771437107505e+00) (1, -2.27604018016420317494e+00) (2, -8.37505110901290761305e-01) (3, -8.27911646467143880201e-01) (4, 2.08446122876687667258e+00) (5, -4.14947514638407288778e-01) (6, -1.51602432992361557673e+00) (7, -3.06915899229016098104e+00) (8, -1.24722020496385921362e+00) (9, -3.80530340345032103144e+00) (10, 8.61853276824969927183e-01) (11, 2.42715039826273093482e+00) (12, 2.12016299648200512440e-01) (13, -1.40190340242234547929e+01) (14, -1.40089105925408681230e+01) (15, -1.80480601366148141196e+00) 
