FANN_FLO_2.1
num_layers=3
learning_rate=0.700000
connection_rate=1.000000
network_type=0
learning_momentum=0.000000
training_algorithm=2
train_error_function=1
train_stop_function=1
cascade_output_change_fraction=0.010000
quickprop_decay=-0.000100
quickprop_mu=1.750000
rprop_increase_factor=1.200000
rprop_decrease_factor=0.500000
rprop_delta_min=0.000000
rprop_delta_max=50.000000
rprop_delta_zero=0.100000
cascade_output_stagnation_epochs=12
cascade_candidate_change_fraction=0.010000
cascade_candidate_stagnation_epochs=12
cascade_max_out_epochs=150
cascade_min_out_epochs=50
cascade_max_cand_epochs=150
cascade_min_cand_epochs=50
cascade_num_candidate_groups=2
bit_fail_limit=1.00000000000000005551e-01
cascade_candidate_limit=1.00000000000000000000e+03
cascade_weight_multiplier=4.00000000000000022204e-01
cascade_activation_functions_count=10
cascade_activation_functions=3 5 7 8 10 11 14 15 16 17 
cascade_activation_steepnesses_count=4
cascade_activation_steepnesses=2.50000000000000000000e-01 5.00000000000000000000e-01 7.50000000000000000000e-01 1.00000000000000000000e+00 
layer_sizes=12 4 2 
scale_included=0
neurons (num_inputs, activation_function, activation_steepness)=(0, 0, 0.00000000000000000000e+00) (0, 0, 0.00000000000000000000e+00) (0, 0, 0.00000000000000000000e+00) (0, 0, 0.00000000000000000000e+00) (0, 0, 0.00000000000000000000e+00) (0, 0, 0.00000000000000000000e+00) (0, 0, 0.00000000000000000000e+00) (0, 0, 0.00000000000000000000e+00) (0, 0, 0.00000000000000000000e+00) (0, 0, 0.00000000000000000000e+00) (0, 0, 0.00000000000000000000e+00) (0, 0, 0.00000000000000000000e+00) (12, 6, 5.00000000000000000000e-01) (12, 6, 5.00000000000000000000e-01) (12, 6, 5.00000000000000000000e-01) (0, 6, 0.00000000000000000000e+00) (4, 4, 5.00000000000000000000e-01) (0, 4, 0.00000000000000000000e+00) 
connections (connected_to_neuron, weight)=(0, -1.92739642555771761856e+00) (1, 1.71553666450236219632e+00) (2, -7.88408993837263816218e-01) (3, 2.47436929961807461353e+00) (4, 2.49912430411734431956e+00) (5, 1.55071346324770886760e+00) (6, -5.79046404903756473104e-01) (7, -1.21924147017546147254e+00) (8, 9.87633037207465847018e+00) (9, 2.98092468362160900597e+00) (10, -1.08582207484320925062e+00) (11, -1.57003077564293525015e+00) (0, -2.52287875319191101653e+00) (1, 6.10129556798370220605e-01) (2, 1.47525328591061544170e-01) (3, 3.72078719260825196979e-01) (4, 2.94925007931435778641e-01) (5, 3.54583336931437509421e-01) (6, -1.23536451597898097599e-03) (7, -2.69525113030068486086e-01) (8, -1.33016803618577128532e+00) (9, -9.48851643011754730672e-01) (10, 2.80370917471323644055e-01) (11, -5.01293587049691236057e-02) (0, 2.94529937105456296464e+00) (1, -3.73843704929550124660e+00) (2, 6.58898568889220381806e-01) (3, -1.49579931124203513448e+00) (4, -3.37081158522272295031e+00) (5, -3.61498525872170706208e+00) (6, 8.39521436960550815343e-01) (7, -7.91549543106547653926e-02) (8, -6.54286754217612842588e-01) (9, -4.08633332125160109172e+00) (10, 6.09220376584952316712e-01) (11, 3.18162068848712875635e+00) (12, 5.05637058284435703115e+00) (13, 3.83409951847367869160e-01) (14, -1.11116618982723469600e+01) (15, -1.97024803511907675713e+00) 
