FANN_FLO_2.1
num_layers=3
learning_rate=0.700000
connection_rate=1.000000
network_type=0
learning_momentum=0.000000
training_algorithm=2
train_error_function=1
train_stop_function=1
cascade_output_change_fraction=0.010000
quickprop_decay=-0.000100
quickprop_mu=1.750000
rprop_increase_factor=1.200000
rprop_decrease_factor=0.500000
rprop_delta_min=0.000000
rprop_delta_max=50.000000
rprop_delta_zero=0.100000
cascade_output_stagnation_epochs=12
cascade_candidate_change_fraction=0.010000
cascade_candidate_stagnation_epochs=12
cascade_max_out_epochs=150
cascade_min_out_epochs=50
cascade_max_cand_epochs=150
cascade_min_cand_epochs=50
cascade_num_candidate_groups=2
bit_fail_limit=1.00000000000000005551e-01
cascade_candidate_limit=1.00000000000000000000e+03
cascade_weight_multiplier=4.00000000000000022204e-01
cascade_activation_functions_count=10
cascade_activation_functions=3 5 7 8 10 11 14 15 16 17 
cascade_activation_steepnesses_count=4
cascade_activation_steepnesses=2.50000000000000000000e-01 5.00000000000000000000e-01 7.50000000000000000000e-01 1.00000000000000000000e+00 
layer_sizes=6 4 2 
scale_included=0
neurons (num_inputs, activation_function, activation_steepness)=(0, 0, 0.00000000000000000000e+00) (0, 0, 0.00000000000000000000e+00) (0, 0, 0.00000000000000000000e+00) (0, 0, 0.00000000000000000000e+00) (0, 0, 0.00000000000000000000e+00) (0, 0, 0.00000000000000000000e+00) (6, 6, 5.00000000000000000000e-01) (6, 6, 5.00000000000000000000e-01) (6, 6, 5.00000000000000000000e-01) (0, 6, 0.00000000000000000000e+00) (4, 4, 5.00000000000000000000e-01) (0, 4, 0.00000000000000000000e+00) 
connections (connected_to_neuron, weight)=(0, 2.94637281573755849262e-01) (1, -2.32721990794097566280e+00) (2, 1.98510826795797817867e-01) (3, 2.02713888931322250286e+00) (4, -2.11979134182188744262e+00) (5, 5.29319197945544828166e-01) (0, -1.79782477732802670189e+00) (1, -1.26996575566830283144e+00) (2, 1.99326622773800687938e+00) (3, 1.14517399594815802999e+01) (4, -8.21489314833845130082e-01) (5, -2.03167543085657475999e+00) (0, 1.79649346739198390033e+00) (1, -1.41589959795590925040e+00) (2, -3.72771567558672911602e-01) (3, 5.55667716926451782378e-01) (4, -1.40290366420171475070e+00) (5, 7.24318792692867807759e-01) (6, -4.42047406529140474163e+00) (7, 8.79522027456182442506e+00) (8, -8.02995453626803445957e+00) (9, -4.56300537955457041761e+00) 
