FANN_FLO_2.1
num_layers=3
learning_rate=0.700000
connection_rate=1.000000
network_type=0
learning_momentum=0.000000
training_algorithm=2
train_error_function=1
train_stop_function=1
cascade_output_change_fraction=0.010000
quickprop_decay=-0.000100
quickprop_mu=1.750000
rprop_increase_factor=1.200000
rprop_decrease_factor=0.500000
rprop_delta_min=0.000000
rprop_delta_max=50.000000
rprop_delta_zero=0.100000
cascade_output_stagnation_epochs=12
cascade_candidate_change_fraction=0.010000
cascade_candidate_stagnation_epochs=12
cascade_max_out_epochs=150
cascade_min_out_epochs=50
cascade_max_cand_epochs=150
cascade_min_cand_epochs=50
cascade_num_candidate_groups=2
bit_fail_limit=1.00000000000000005551e-01
cascade_candidate_limit=1.00000000000000000000e+03
cascade_weight_multiplier=4.00000000000000022204e-01
cascade_activation_functions_count=10
cascade_activation_functions=3 5 7 8 10 11 14 15 16 17 
cascade_activation_steepnesses_count=4
cascade_activation_steepnesses=2.50000000000000000000e-01 5.00000000000000000000e-01 7.50000000000000000000e-01 1.00000000000000000000e+00 
layer_sizes=13 4 2 
scale_included=0
neurons (num_inputs, activation_function, activation_steepness)=(0, 0, 0.00000000000000000000e+00) (0, 0, 0.00000000000000000000e+00) (0, 0, 0.00000000000000000000e+00) (0, 0, 0.00000000000000000000e+00) (0, 0, 0.00000000000000000000e+00) (0, 0, 0.00000000000000000000e+00) (0, 0, 0.00000000000000000000e+00) (0, 0, 0.00000000000000000000e+00) (0, 0, 0.00000000000000000000e+00) (0, 0, 0.00000000000000000000e+00) (0, 0, 0.00000000000000000000e+00) (0, 0, 0.00000000000000000000e+00) (0, 0, 0.00000000000000000000e+00) (13, 6, 5.00000000000000000000e-01) (13, 6, 5.00000000000000000000e-01) (13, 6, 5.00000000000000000000e-01) (0, 6, 0.00000000000000000000e+00) (4, 4, 5.00000000000000000000e-01) (0, 4, 0.00000000000000000000e+00) 
connections (connected_to_neuron, weight)=(0, -2.14121859174574424856e+00) (1, 1.57123012151560170757e+00) (2, -2.12840961603915523881e+00) (3, 9.57823068871255856038e+00) (4, 2.00213114275009607113e+00) (5, 2.61313694568582466360e+00) (6, 1.20660985934887254878e+00) (7, -7.07345282487365167867e-01) (8, 2.03868661178619836605e+00) (9, 4.98325821701510462969e-01) (10, -6.82933570042194570959e-01) (11, 1.72355572714551663616e+00) (12, -2.08660877522433851894e+00) (0, -4.84056470270041117043e-01) (1, 2.50535818789655717609e+00) (2, -1.52835519618472359671e-01) (3, -4.97291730936607168090e-01) (4, 2.15488739979493221233e-01) (5, 2.30804911973352677723e-02) (6, 2.16567098948619918275e+00) (7, -2.19997045425028431298e-01) (8, 1.23619586897122463176e-01) (9, 5.53553536475653445992e-02) (10, -1.48612464444230263361e+00) (11, 1.11300111484753688762e-01) (12, -5.13950166578177047860e-01) (0, 3.23871737922181246461e+00) (1, -4.07134481515922708184e+00) (2, -9.09579641967127816571e-01) (3, -1.49361216973319232970e+00) (4, -1.64811086560261688128e+00) (5, -1.94049040587830301519e+00) (6, -4.03435009110158571133e+00) (7, -1.88693753898125093915e-01) (8, -2.09305252925563056721e+00) (9, -5.97327646189118710573e-01) (10, 1.59235576862088668015e+00) (11, -2.21029107318330009235e+00) (12, 4.29887603655216388177e+00) (13, 3.51565198753123553388e+00) (14, 7.33548179762515073499e-01) (15, -6.30191351093809437600e+00) (16, -1.98196863577686577251e+00) 
