FANN_FLO_2.1
num_layers=3
learning_rate=0.700000
connection_rate=1.000000
network_type=0
learning_momentum=0.000000
training_algorithm=2
train_error_function=1
train_stop_function=1
cascade_output_change_fraction=0.010000
quickprop_decay=-0.000100
quickprop_mu=1.750000
rprop_increase_factor=1.200000
rprop_decrease_factor=0.500000
rprop_delta_min=0.000000
rprop_delta_max=50.000000
rprop_delta_zero=0.100000
cascade_output_stagnation_epochs=12
cascade_candidate_change_fraction=0.010000
cascade_candidate_stagnation_epochs=12
cascade_max_out_epochs=150
cascade_min_out_epochs=50
cascade_max_cand_epochs=150
cascade_min_cand_epochs=50
cascade_num_candidate_groups=2
bit_fail_limit=1.00000000000000005551e-01
cascade_candidate_limit=1.00000000000000000000e+03
cascade_weight_multiplier=4.00000000000000022204e-01
cascade_activation_functions_count=10
cascade_activation_functions=3 5 7 8 10 11 14 15 16 17 
cascade_activation_steepnesses_count=4
cascade_activation_steepnesses=2.50000000000000000000e-01 5.00000000000000000000e-01 7.50000000000000000000e-01 1.00000000000000000000e+00 
layer_sizes=9 4 2 
scale_included=0
neurons (num_inputs, activation_function, activation_steepness)=(0, 0, 0.00000000000000000000e+00) (0, 0, 0.00000000000000000000e+00) (0, 0, 0.00000000000000000000e+00) (0, 0, 0.00000000000000000000e+00) (0, 0, 0.00000000000000000000e+00) (0, 0, 0.00000000000000000000e+00) (0, 0, 0.00000000000000000000e+00) (0, 0, 0.00000000000000000000e+00) (0, 0, 0.00000000000000000000e+00) (9, 6, 5.00000000000000000000e-01) (9, 6, 5.00000000000000000000e-01) (9, 6, 5.00000000000000000000e-01) (0, 6, 0.00000000000000000000e+00) (4, 4, 5.00000000000000000000e-01) (0, 4, 0.00000000000000000000e+00) 
connections (connected_to_neuron, weight)=(0, -3.28045911170626647291e-01) (1, 1.29750948674539685612e+01) (2, -7.96195239285494515968e+00) (3, -3.66297294267696482706e+00) (4, -1.30453609936552261672e+00) (5, -3.18145210142156065203e+00) (6, -2.75494840862946333004e+00) (7, -1.07775245421609611185e+00) (8, -2.85232156055801530647e-02) (0, 2.20998229208552343650e+00) (1, -1.78205956942279780675e-01) (2, -1.19071211699446610766e+01) (3, -8.60215765758679640207e-01) (4, 2.74670626366371795068e-01) (5, -5.88327050428060549514e-01) (6, -5.72560444693235415237e-01) (7, 8.55550904616784069212e-01) (8, 2.21315485361182195945e+00) (0, -6.36636406357507489417e+00) (1, 3.29409735002272086035e+00) (2, 1.01329672726059474286e+01) (3, 5.12524955070692289638e+00) (4, 3.19283918763986596101e-01) (5, 3.73061724083784751471e+00) (6, 3.47542201750776191815e+00) (7, -6.20192449214088559195e-01) (8, -6.22355251745827153798e+00) (9, 3.05698016412755935178e+00) (10, -2.36077452116250974257e+00) (11, 1.70033444503296671257e+00) (12, -3.98392288650801562611e+00) 
