FANN_FLO_2.1
num_layers=3
learning_rate=0.700000
connection_rate=1.000000
network_type=0
learning_momentum=0.000000
training_algorithm=2
train_error_function=1
train_stop_function=1
cascade_output_change_fraction=0.010000
quickprop_decay=-0.000100
quickprop_mu=1.750000
rprop_increase_factor=1.200000
rprop_decrease_factor=0.500000
rprop_delta_min=0.000000
rprop_delta_max=50.000000
rprop_delta_zero=0.100000
cascade_output_stagnation_epochs=12
cascade_candidate_change_fraction=0.010000
cascade_candidate_stagnation_epochs=12
cascade_max_out_epochs=150
cascade_min_out_epochs=50
cascade_max_cand_epochs=150
cascade_min_cand_epochs=50
cascade_num_candidate_groups=2
bit_fail_limit=1.00000000000000005551e-01
cascade_candidate_limit=1.00000000000000000000e+03
cascade_weight_multiplier=4.00000000000000022204e-01
cascade_activation_functions_count=10
cascade_activation_functions=3 5 7 8 10 11 14 15 16 17 
cascade_activation_steepnesses_count=4
cascade_activation_steepnesses=2.50000000000000000000e-01 5.00000000000000000000e-01 7.50000000000000000000e-01 1.00000000000000000000e+00 
layer_sizes=18 4 2 
scale_included=0
neurons (num_inputs, activation_function, activation_steepness)=(0, 0, 0.00000000000000000000e+00) (0, 0, 0.00000000000000000000e+00) (0, 0, 0.00000000000000000000e+00) (0, 0, 0.00000000000000000000e+00) (0, 0, 0.00000000000000000000e+00) (0, 0, 0.00000000000000000000e+00) (0, 0, 0.00000000000000000000e+00) (0, 0, 0.00000000000000000000e+00) (0, 0, 0.00000000000000000000e+00) (0, 0, 0.00000000000000000000e+00) (0, 0, 0.00000000000000000000e+00) (0, 0, 0.00000000000000000000e+00) (0, 0, 0.00000000000000000000e+00) (0, 0, 0.00000000000000000000e+00) (0, 0, 0.00000000000000000000e+00) (0, 0, 0.00000000000000000000e+00) (0, 0, 0.00000000000000000000e+00) (0, 0, 0.00000000000000000000e+00) (18, 6, 5.00000000000000000000e-01) (18, 6, 5.00000000000000000000e-01) (18, 6, 5.00000000000000000000e-01) (0, 6, 0.00000000000000000000e+00) (4, 4, 5.00000000000000000000e-01) (0, 4, 0.00000000000000000000e+00) 
connections (connected_to_neuron, weight)=(0, -2.31508021924596879559e-01) (1, -1.46019342942031093990e+00) (2, 8.74845842768827175462e+00) (3, 1.16891263459692815729e+01) (4, 1.94821041744213752089e+00) (5, 7.67996364429664257756e+00) (6, 9.64541691218745427250e+02) (7, 1.49132686824833537997e+00) (8, 1.59897540271272980972e-01) (9, 2.66863891757231463941e+00) (10, -2.71693462418463616004e+00) (11, -2.87126069119030002952e+00) (12, -2.21591670802394524742e+00) (13, -2.64033957110789208045e+00) (14, -2.12762272369855853782e+00) (15, -1.94705668255275066159e+00) (16, -1.76360905527000344506e+00) (17, -5.66623032780601887382e-01) (0, 1.10810081090516443503e+00) (1, -2.26773373904717567839e+00) (2, -3.47135474754950712484e-01) (3, 5.73294197328645616096e-01) (4, -1.73444383398737911328e+00) (5, -2.01809662136173750824e+00) (6, 1.18958474741214132564e+02) (7, 9.39667939529489792960e-01) (8, -1.42933813009334653721e+00) (9, -4.42870999729206127338e-01) (10, 1.52862050994956888417e+00) (11, 1.94199550922596086977e+00) (12, -3.45285883347581989966e+00) (13, 1.42397814428506519491e+00) (14, -3.25456456240451963424e+00) (15, 1.53821951025728198559e+00) (16, -3.86070822917225120463e+00) (17, 2.29011372859919637435e+00) (0, -1.58983201176258481802e+00) (1, 4.61688610869269933090e+00) (2, 7.13070244507910788734e-01) (3, -2.65573952388445000405e-01) (4, 1.18162484623502739289e+00) (5, 1.24072462668622907067e+00) (6, 1.44468431550615468950e+03) (7, -2.20376909292142153518e+00) (8, -7.16814429200081426607e-01) (9, -1.61433302878271761616e-01) (10, -7.58484261739764575871e-01) (11, -3.97677013575731930217e-01) (12, 3.61007299225947386745e+00) (13, -8.87407572191589832933e-01) (14, 3.62062392731699933535e+00) (15, -7.84891116022685686460e-01) (16, 3.28824873244398574457e+00) (17, -2.54829969155816682402e+00) (18, 3.59635043076875815515e+00) (19, -3.86989632368498259751e+00) (20, 8.39116154251319912305e+00) (21, -9.35806935557196073461e-01) 
