FANN_FLO_2.1
num_layers=3
learning_rate=0.700000
connection_rate=1.000000
network_type=0
learning_momentum=0.000000
training_algorithm=2
train_error_function=1
train_stop_function=1
cascade_output_change_fraction=0.010000
quickprop_decay=-0.000100
quickprop_mu=1.750000
rprop_increase_factor=1.200000
rprop_decrease_factor=0.500000
rprop_delta_min=0.000000
rprop_delta_max=50.000000
rprop_delta_zero=0.100000
cascade_output_stagnation_epochs=12
cascade_candidate_change_fraction=0.010000
cascade_candidate_stagnation_epochs=12
cascade_max_out_epochs=150
cascade_min_out_epochs=50
cascade_max_cand_epochs=150
cascade_min_cand_epochs=50
cascade_num_candidate_groups=2
bit_fail_limit=1.00000000000000005551e-01
cascade_candidate_limit=1.00000000000000000000e+03
cascade_weight_multiplier=4.00000000000000022204e-01
cascade_activation_functions_count=10
cascade_activation_functions=3 5 7 8 10 11 14 15 16 17 
cascade_activation_steepnesses_count=4
cascade_activation_steepnesses=2.50000000000000000000e-01 5.00000000000000000000e-01 7.50000000000000000000e-01 1.00000000000000000000e+00 
layer_sizes=11 4 2 
scale_included=0
neurons (num_inputs, activation_function, activation_steepness)=(0, 0, 0.00000000000000000000e+00) (0, 0, 0.00000000000000000000e+00) (0, 0, 0.00000000000000000000e+00) (0, 0, 0.00000000000000000000e+00) (0, 0, 0.00000000000000000000e+00) (0, 0, 0.00000000000000000000e+00) (0, 0, 0.00000000000000000000e+00) (0, 0, 0.00000000000000000000e+00) (0, 0, 0.00000000000000000000e+00) (0, 0, 0.00000000000000000000e+00) (0, 0, 0.00000000000000000000e+00) (11, 6, 5.00000000000000000000e-01) (11, 6, 5.00000000000000000000e-01) (11, 6, 5.00000000000000000000e-01) (0, 6, 0.00000000000000000000e+00) (4, 4, 5.00000000000000000000e-01) (0, 4, 0.00000000000000000000e+00) 
connections (connected_to_neuron, weight)=(0, 1.44937632783960168581e+01) (1, -6.03824967221423847263e+00) (2, -6.25100129975059282117e+00) (3, 1.51344298476507610474e+00) (4, 2.38938872197193097335e+00) (5, -7.18607953039505531478e+00) (6, -5.59735828615053243595e+00) (7, 2.23955405289968378924e+00) (8, 1.46540108231603305455e+00) (9, 1.38805272935185142202e+00) (10, 7.96885544533339995610e+00) (0, -1.54619660585842559897e+01) (1, 3.67681478446062914855e+00) (2, 2.88708884432169421430e+00) (3, 5.39623026076628331538e+00) (4, -1.92053828802114967544e+00) (5, 2.75750938413127277826e+00) (6, 6.66453944576690293644e+00) (7, 1.91118780085038908467e+00) (8, 1.63900818629701655604e-01) (9, 5.34494058554620643520e+00) (10, -6.58499119386637676854e+00) (0, -4.05664362895236385587e-01) (1, 1.35724632010710477559e+00) (2, -1.36222139598662983495e+00) (3, -2.63565065615662119658e-01) (4, -3.43872817777978179166e+00) (5, 6.57336742593327416628e-01) (6, 9.33466990485467817962e+00) (7, -1.17964673567940617205e-01) (8, -4.83451648025680774667e-02) (9, -2.71214513280864044642e-01) (10, -1.70732124134456353381e+00) (11, -1.61606848741460034091e+01) (12, 1.17109898575476549354e+02) (13, 9.02866569587306955214e+00) (14, -1.40580540029125811152e+00) 
