FANN_FLO_2.1
num_layers=3
learning_rate=0.700000
connection_rate=1.000000
network_type=0
learning_momentum=0.000000
training_algorithm=2
train_error_function=1
train_stop_function=1
cascade_output_change_fraction=0.010000
quickprop_decay=-0.000100
quickprop_mu=1.750000
rprop_increase_factor=1.200000
rprop_decrease_factor=0.500000
rprop_delta_min=0.000000
rprop_delta_max=50.000000
rprop_delta_zero=0.100000
cascade_output_stagnation_epochs=12
cascade_candidate_change_fraction=0.010000
cascade_candidate_stagnation_epochs=12
cascade_max_out_epochs=150
cascade_min_out_epochs=50
cascade_max_cand_epochs=150
cascade_min_cand_epochs=50
cascade_num_candidate_groups=2
bit_fail_limit=1.00000000000000005551e-01
cascade_candidate_limit=1.00000000000000000000e+03
cascade_weight_multiplier=4.00000000000000022204e-01
cascade_activation_functions_count=10
cascade_activation_functions=3 5 7 8 10 11 14 15 16 17 
cascade_activation_steepnesses_count=4
cascade_activation_steepnesses=2.50000000000000000000e-01 5.00000000000000000000e-01 7.50000000000000000000e-01 1.00000000000000000000e+00 
layer_sizes=11 4 2 
scale_included=0
neurons (num_inputs, activation_function, activation_steepness)=(0, 0, 0.00000000000000000000e+00) (0, 0, 0.00000000000000000000e+00) (0, 0, 0.00000000000000000000e+00) (0, 0, 0.00000000000000000000e+00) (0, 0, 0.00000000000000000000e+00) (0, 0, 0.00000000000000000000e+00) (0, 0, 0.00000000000000000000e+00) (0, 0, 0.00000000000000000000e+00) (0, 0, 0.00000000000000000000e+00) (0, 0, 0.00000000000000000000e+00) (0, 0, 0.00000000000000000000e+00) (11, 6, 5.00000000000000000000e-01) (11, 6, 5.00000000000000000000e-01) (11, 6, 5.00000000000000000000e-01) (0, 6, 0.00000000000000000000e+00) (4, 4, 5.00000000000000000000e-01) (0, 4, 0.00000000000000000000e+00) 
connections (connected_to_neuron, weight)=(0, 8.99968071237222666525e+00) (1, -5.12451974431600820736e+00) (2, -4.08082859170871259380e+00) (3, -9.85617059185014965372e-01) (4, 1.33999461767176408777e+00) (5, -2.49198803727021500620e+00) (6, -2.51438208021045106477e+00) (7, 4.04522762928103740698e-01) (8, -4.57966556869282392928e-01) (9, -1.00194975591250790004e+00) (10, 7.01946686216228332711e+00) (0, -3.53949537063482688737e+00) (1, 2.39935113813927269888e+00) (2, 8.08620976625362808399e-01) (3, -3.79608975300861406499e-01) (4, -2.43385297916658555062e-01) (5, 6.58500218196074293964e-01) (6, 1.10037377844269350646e+01) (7, 3.72998404477499267973e-01) (8, 1.50132960398430692628e+00) (9, -1.66316324740426402240e-01) (10, -5.68505906557651830013e+00) (0, 8.99937137171642298483e+00) (1, -5.07019966597285520749e+00) (2, -4.03239726227956296611e+00) (3, -1.02255821497629750816e+00) (4, 1.37551191535691086365e+00) (5, -2.47242791254511118382e+00) (6, -2.63417258351336558420e+00) (7, 3.55973252389525707251e-01) (8, -4.37527081094517378279e-01) (9, -1.01236947483369243983e+00) (10, 6.96016175307863083077e+00) (11, -1.39822086839797691482e+02) (12, 7.69418435975265246896e+00) (13, -1.78580283794741063730e+02) (14, -1.42043773124485062098e+00) 
