FANN_FLO_2.1
num_layers=3
learning_rate=0.700000
connection_rate=1.000000
network_type=0
learning_momentum=0.000000
training_algorithm=2
train_error_function=1
train_stop_function=1
cascade_output_change_fraction=0.010000
quickprop_decay=-0.000100
quickprop_mu=1.750000
rprop_increase_factor=1.200000
rprop_decrease_factor=0.500000
rprop_delta_min=0.000000
rprop_delta_max=50.000000
rprop_delta_zero=0.100000
cascade_output_stagnation_epochs=12
cascade_candidate_change_fraction=0.010000
cascade_candidate_stagnation_epochs=12
cascade_max_out_epochs=150
cascade_min_out_epochs=50
cascade_max_cand_epochs=150
cascade_min_cand_epochs=50
cascade_num_candidate_groups=2
bit_fail_limit=1.00000000000000005551e-01
cascade_candidate_limit=1.00000000000000000000e+03
cascade_weight_multiplier=4.00000000000000022204e-01
cascade_activation_functions_count=10
cascade_activation_functions=3 5 7 8 10 11 14 15 16 17 
cascade_activation_steepnesses_count=4
cascade_activation_steepnesses=2.50000000000000000000e-01 5.00000000000000000000e-01 7.50000000000000000000e-01 1.00000000000000000000e+00 
layer_sizes=6 4 2 
scale_included=0
neurons (num_inputs, activation_function, activation_steepness)=(0, 0, 0.00000000000000000000e+00) (0, 0, 0.00000000000000000000e+00) (0, 0, 0.00000000000000000000e+00) (0, 0, 0.00000000000000000000e+00) (0, 0, 0.00000000000000000000e+00) (0, 0, 0.00000000000000000000e+00) (6, 6, 5.00000000000000000000e-01) (6, 6, 5.00000000000000000000e-01) (6, 6, 5.00000000000000000000e-01) (0, 6, 0.00000000000000000000e+00) (4, 4, 5.00000000000000000000e-01) (0, 4, 0.00000000000000000000e+00) 
connections (connected_to_neuron, weight)=(0, 2.68409657703076254265e+00) (1, 1.13091246672850287425e+00) (2, 9.02873305871576325998e-01) (3, 8.42000001558439126192e-01) (4, 1.07684970384670886112e+00) (5, -2.33324881251937377158e+00) (0, 2.74274400846396337883e+00) (1, 1.10995373764019644724e+00) (2, 8.80929781391710298166e-01) (3, 9.06676249095575204073e-01) (4, 1.05493307596279772831e+00) (5, -2.36913435515052306357e+00) (0, 1.71630371478227705673e+00) (1, -6.36168189397763428339e-01) (2, 3.23902366924999673969e+00) (3, 1.47059396106642470414e+00) (4, -1.79478011604834397641e-01) (5, -9.84015297663719534782e-01) (6, 3.96846591207600596363e+01) (7, 3.97646714794851305896e+01) (8, 5.27126331403900083572e-01) (9, -1.76077991769091268814e+00) 
