FANN_FLO_2.1
num_layers=3
learning_rate=0.700000
connection_rate=1.000000
network_type=0
learning_momentum=0.000000
training_algorithm=2
train_error_function=1
train_stop_function=1
cascade_output_change_fraction=0.010000
quickprop_decay=-0.000100
quickprop_mu=1.750000
rprop_increase_factor=1.200000
rprop_decrease_factor=0.500000
rprop_delta_min=0.000000
rprop_delta_max=50.000000
rprop_delta_zero=0.100000
cascade_output_stagnation_epochs=12
cascade_candidate_change_fraction=0.010000
cascade_candidate_stagnation_epochs=12
cascade_max_out_epochs=150
cascade_min_out_epochs=50
cascade_max_cand_epochs=150
cascade_min_cand_epochs=50
cascade_num_candidate_groups=2
bit_fail_limit=1.00000000000000005551e-01
cascade_candidate_limit=1.00000000000000000000e+03
cascade_weight_multiplier=4.00000000000000022204e-01
cascade_activation_functions_count=10
cascade_activation_functions=3 5 7 8 10 11 14 15 16 17 
cascade_activation_steepnesses_count=4
cascade_activation_steepnesses=2.50000000000000000000e-01 5.00000000000000000000e-01 7.50000000000000000000e-01 1.00000000000000000000e+00 
layer_sizes=18 4 2 
scale_included=0
neurons (num_inputs, activation_function, activation_steepness)=(0, 0, 0.00000000000000000000e+00) (0, 0, 0.00000000000000000000e+00) (0, 0, 0.00000000000000000000e+00) (0, 0, 0.00000000000000000000e+00) (0, 0, 0.00000000000000000000e+00) (0, 0, 0.00000000000000000000e+00) (0, 0, 0.00000000000000000000e+00) (0, 0, 0.00000000000000000000e+00) (0, 0, 0.00000000000000000000e+00) (0, 0, 0.00000000000000000000e+00) (0, 0, 0.00000000000000000000e+00) (0, 0, 0.00000000000000000000e+00) (0, 0, 0.00000000000000000000e+00) (0, 0, 0.00000000000000000000e+00) (0, 0, 0.00000000000000000000e+00) (0, 0, 0.00000000000000000000e+00) (0, 0, 0.00000000000000000000e+00) (0, 0, 0.00000000000000000000e+00) (18, 6, 5.00000000000000000000e-01) (18, 6, 5.00000000000000000000e-01) (18, 6, 5.00000000000000000000e-01) (0, 6, 0.00000000000000000000e+00) (4, 4, 5.00000000000000000000e-01) (0, 4, 0.00000000000000000000e+00) 
connections (connected_to_neuron, weight)=(0, -2.91054344802175224416e+00) (1, -1.81661964812441034667e+00) (2, 9.10235418343005520114e+00) (3, 3.75768766107771678975e+00) (4, 2.69668520878589035306e+00) (5, 1.00103193087022752650e+01) (6, 1.50000000000000000000e+03) (7, 4.21677206184166841751e+00) (8, 1.19861381385690157764e+00) (9, 4.09654383461321636162e+00) (10, -4.49906258811911463624e+00) (11, -5.77672026846177821824e+00) (12, -4.58796703745188300116e-02) (13, -3.48685028979965583318e+00) (14, -1.16937923849976949109e-01) (15, -2.57218436218131474291e+00) (16, -1.65500363755059609616e-01) (17, -1.02349798539440062228e+00) (0, -1.70785678858171596772e+00) (1, 7.71485355940377814932e+00) (2, -1.77044166456069462789e-01) (3, -1.85903187255465129901e+00) (4, 8.94361354893424276291e-01) (5, 1.51978505528483442966e+00) (6, 1.50000000000000000000e+03) (7, -3.62678931759790224021e+00) (8, 3.84128693134871745940e-01) (9, -1.90359829679949177361e+00) (10, -6.68112967258792078695e+00) (11, -6.15112166946011229562e-01) (12, 3.95013806133357991968e+00) (13, -6.68153769601849845117e+00) (14, 3.95345648977195374130e+00) (15, -6.71619828395671181198e+00) (16, 3.95931479010355369397e+00) (17, -2.13126117781608437340e+00) (0, -3.11145034443176493610e+00) (1, -1.84614283451004190795e+00) (2, 9.05019339137730938205e+00) (3, 3.84929057511303707173e+00) (4, 2.76679790656602264676e+00) (5, 1.00684801948707551844e+01) (6, 1.50000000000000000000e+03) (7, 4.25272346760529451615e+00) (8, 1.33773686621552800879e+00) (9, 4.16445354472244932964e+00) (10, -4.50229895641764521486e+00) (11, -5.63510761204726939866e+00) (12, -1.36615256233620613324e-01) (13, -3.51181091199108497136e+00) (14, -8.01213044846190436399e-02) (15, -2.59791497207511268286e+00) (16, -1.38145099330390236370e-01) (17, -1.04190927529494214987e+00) (18, 2.26244235954394845578e+00) (19, 9.93413545928207142310e+00) (20, 2.24551110140195397946e+00) (21, -4.16346825918982332837e+00) 
