FANN_FLO_2.1
num_layers=3
learning_rate=0.700000
connection_rate=1.000000
network_type=0
learning_momentum=0.000000
training_algorithm=2
train_error_function=1
train_stop_function=1
cascade_output_change_fraction=0.010000
quickprop_decay=-0.000100
quickprop_mu=1.750000
rprop_increase_factor=1.200000
rprop_decrease_factor=0.500000
rprop_delta_min=0.000000
rprop_delta_max=50.000000
rprop_delta_zero=0.100000
cascade_output_stagnation_epochs=12
cascade_candidate_change_fraction=0.010000
cascade_candidate_stagnation_epochs=12
cascade_max_out_epochs=150
cascade_min_out_epochs=50
cascade_max_cand_epochs=150
cascade_min_cand_epochs=50
cascade_num_candidate_groups=2
bit_fail_limit=1.00000000000000005551e-01
cascade_candidate_limit=1.00000000000000000000e+03
cascade_weight_multiplier=4.00000000000000022204e-01
cascade_activation_functions_count=10
cascade_activation_functions=3 5 7 8 10 11 14 15 16 17 
cascade_activation_steepnesses_count=4
cascade_activation_steepnesses=2.50000000000000000000e-01 5.00000000000000000000e-01 7.50000000000000000000e-01 1.00000000000000000000e+00 
layer_sizes=14 4 2 
scale_included=0
neurons (num_inputs, activation_function, activation_steepness)=(0, 0, 0.00000000000000000000e+00) (0, 0, 0.00000000000000000000e+00) (0, 0, 0.00000000000000000000e+00) (0, 0, 0.00000000000000000000e+00) (0, 0, 0.00000000000000000000e+00) (0, 0, 0.00000000000000000000e+00) (0, 0, 0.00000000000000000000e+00) (0, 0, 0.00000000000000000000e+00) (0, 0, 0.00000000000000000000e+00) (0, 0, 0.00000000000000000000e+00) (0, 0, 0.00000000000000000000e+00) (0, 0, 0.00000000000000000000e+00) (0, 0, 0.00000000000000000000e+00) (0, 0, 0.00000000000000000000e+00) (14, 6, 5.00000000000000000000e-01) (14, 6, 5.00000000000000000000e-01) (14, 6, 5.00000000000000000000e-01) (0, 6, 0.00000000000000000000e+00) (4, 4, 5.00000000000000000000e-01) (0, 4, 0.00000000000000000000e+00) 
connections (connected_to_neuron, weight)=(0, -1.47821730077514135182e+00) (1, 6.64607442027173789256e+00) (2, 6.82640875262403667989e+00) (3, 2.05108646035486064108e+00) (4, 6.67477231083910460541e+00) (5, 1.19139027492646221162e+00) (6, 1.57454842443169407140e+00) (7, 8.23588723532042052966e+01) (8, 1.94190607314968474384e+02) (9, 4.55181919096702891636e+00) (10, -1.24646406114113506014e+00) (11, -3.10094856390255024792e+00) (12, -2.03207522817233154910e+00) (13, -1.92136769713556265771e+00) (0, 2.74836544646134106618e-01) (1, 2.93792089672849776605e+00) (2, 2.94541418437155577692e+00) (3, 2.03622346173610191400e+00) (4, 2.94051535212430792399e+00) (5, 1.35335519524031266947e+00) (6, 1.68612693862509521736e+00) (7, 1.77796656009747455762e+00) (8, 6.46795135946595323162e-01) (9, 2.39472639715883284239e+00) (10, -7.02603866245995467565e-01) (11, 7.91379380270879839721e-01) (12, -1.21106148554854753385e+00) (13, -2.23359714099863237990e+00) (0, 1.94882204657963520322e-01) (1, 5.00457641991974067075e-01) (2, 2.99737466039704303356e-01) (3, 4.12163642249015582664e-01) (4, 3.96249947285097881000e-01) (5, 4.42875824299274856166e-01) (6, 6.03595902453719190817e-01) (7, 4.09363538836110818497e-01) (8, 1.06532498520031271294e-01) (9, 7.24468072643120408749e-01) (10, 6.67877413782269058196e-02) (11, 3.23092291705451895023e-01) (12, -3.83784371006377217350e-02) (13, -2.98855969155743472765e-01) (14, -2.69214461892467262771e+01) (15, 1.04594603546091946100e+02) (16, 2.20820779962114827066e-01) (17, -2.11981497356394177345e+00) 
