FANN_FLO_2.1
num_layers=3
learning_rate=0.700000
connection_rate=1.000000
network_type=0
learning_momentum=0.000000
training_algorithm=2
train_error_function=1
train_stop_function=1
cascade_output_change_fraction=0.010000
quickprop_decay=-0.000100
quickprop_mu=1.750000
rprop_increase_factor=1.200000
rprop_decrease_factor=0.500000
rprop_delta_min=0.000000
rprop_delta_max=50.000000
rprop_delta_zero=0.100000
cascade_output_stagnation_epochs=12
cascade_candidate_change_fraction=0.010000
cascade_candidate_stagnation_epochs=12
cascade_max_out_epochs=150
cascade_min_out_epochs=50
cascade_max_cand_epochs=150
cascade_min_cand_epochs=50
cascade_num_candidate_groups=2
bit_fail_limit=1.00000000000000005551e-01
cascade_candidate_limit=1.00000000000000000000e+03
cascade_weight_multiplier=4.00000000000000022204e-01
cascade_activation_functions_count=10
cascade_activation_functions=3 5 7 8 10 11 14 15 16 17 
cascade_activation_steepnesses_count=4
cascade_activation_steepnesses=2.50000000000000000000e-01 5.00000000000000000000e-01 7.50000000000000000000e-01 1.00000000000000000000e+00 
layer_sizes=14 4 2 
scale_included=0
neurons (num_inputs, activation_function, activation_steepness)=(0, 0, 0.00000000000000000000e+00) (0, 0, 0.00000000000000000000e+00) (0, 0, 0.00000000000000000000e+00) (0, 0, 0.00000000000000000000e+00) (0, 0, 0.00000000000000000000e+00) (0, 0, 0.00000000000000000000e+00) (0, 0, 0.00000000000000000000e+00) (0, 0, 0.00000000000000000000e+00) (0, 0, 0.00000000000000000000e+00) (0, 0, 0.00000000000000000000e+00) (0, 0, 0.00000000000000000000e+00) (0, 0, 0.00000000000000000000e+00) (0, 0, 0.00000000000000000000e+00) (0, 0, 0.00000000000000000000e+00) (14, 6, 5.00000000000000000000e-01) (14, 6, 5.00000000000000000000e-01) (14, 6, 5.00000000000000000000e-01) (0, 6, 0.00000000000000000000e+00) (4, 4, 5.00000000000000000000e-01) (0, 4, 0.00000000000000000000e+00) 
connections (connected_to_neuron, weight)=(0, -3.18392233861556211982e-02) (1, -2.95516780829371450423e+00) (2, 6.43962513023891514052e-01) (3, 5.47360221517082923270e+00) (4, -4.02750918486639020166e-01) (5, 1.71980051667116329295e-01) (6, 3.02276781996560872656e+00) (7, -6.51495633148710673321e-02) (8, -3.28615702163177536566e-01) (9, 1.79093694009208270757e+00) (10, -1.53705373771062081545e-01) (11, -1.84986256714636998488e+00) (12, 5.73332684102124123804e-02) (13, 7.02548703575433419743e-01) (0, 1.43234212945864830546e-01) (1, -2.44906385212192345691e+00) (2, -3.01112626942487660031e+00) (3, 4.41742411399286716289e+00) (4, -1.71605972446825898181e-02) (5, 1.78954248593016984614e+00) (6, 8.25514280498248348428e-02) (7, -2.87103868059636191390e+00) (8, -3.13698103523833937700e+00) (9, -2.64260144191256485247e-01) (10, -1.07069880514300774799e+00) (11, 1.44227931472300618942e+00) (12, -2.86228743802332274981e+00) (13, 1.93310414768487026649e+00) (0, 5.14945040093916883706e+00) (1, 5.76030624372612931605e-02) (2, 2.03877491219431972169e+00) (3, 1.07399119984870594635e+01) (4, 7.89508601048665514810e+00) (5, -3.07203154748395768081e+00) (6, 1.25474970116817292620e+01) (7, 2.78433350436660376204e+00) (8, 9.08342899242263412951e-01) (9, 6.96007252054184988310e+00) (10, 1.27009906625456481244e+00) (11, 2.42260674073206772050e+00) (12, 3.12318117830899488752e+00) (13, -2.53448075111666426551e+00) (14, -1.44811693035588584522e+00) (15, -1.28409659384367031976e+01) (16, 1.40109806565269447987e+01) (17, -9.42001631674746420231e+00) 
