FANN_FLO_2.1
num_layers=3
learning_rate=0.700000
connection_rate=1.000000
network_type=0
learning_momentum=0.000000
training_algorithm=2
train_error_function=1
train_stop_function=1
cascade_output_change_fraction=0.010000
quickprop_decay=-0.000100
quickprop_mu=1.750000
rprop_increase_factor=1.200000
rprop_decrease_factor=0.500000
rprop_delta_min=0.000000
rprop_delta_max=50.000000
rprop_delta_zero=0.100000
cascade_output_stagnation_epochs=12
cascade_candidate_change_fraction=0.010000
cascade_candidate_stagnation_epochs=12
cascade_max_out_epochs=150
cascade_min_out_epochs=50
cascade_max_cand_epochs=150
cascade_min_cand_epochs=50
cascade_num_candidate_groups=2
bit_fail_limit=1.00000000000000005551e-01
cascade_candidate_limit=1.00000000000000000000e+03
cascade_weight_multiplier=4.00000000000000022204e-01
cascade_activation_functions_count=10
cascade_activation_functions=3 5 7 8 10 11 14 15 16 17 
cascade_activation_steepnesses_count=4
cascade_activation_steepnesses=2.50000000000000000000e-01 5.00000000000000000000e-01 7.50000000000000000000e-01 1.00000000000000000000e+00 
layer_sizes=14 4 2 
scale_included=0
neurons (num_inputs, activation_function, activation_steepness)=(0, 0, 0.00000000000000000000e+00) (0, 0, 0.00000000000000000000e+00) (0, 0, 0.00000000000000000000e+00) (0, 0, 0.00000000000000000000e+00) (0, 0, 0.00000000000000000000e+00) (0, 0, 0.00000000000000000000e+00) (0, 0, 0.00000000000000000000e+00) (0, 0, 0.00000000000000000000e+00) (0, 0, 0.00000000000000000000e+00) (0, 0, 0.00000000000000000000e+00) (0, 0, 0.00000000000000000000e+00) (0, 0, 0.00000000000000000000e+00) (0, 0, 0.00000000000000000000e+00) (0, 0, 0.00000000000000000000e+00) (14, 6, 5.00000000000000000000e-01) (14, 6, 5.00000000000000000000e-01) (14, 6, 5.00000000000000000000e-01) (0, 6, 0.00000000000000000000e+00) (4, 4, 5.00000000000000000000e-01) (0, 4, 0.00000000000000000000e+00) 
connections (connected_to_neuron, weight)=(0, 9.32992063641824853626e-01) (1, 1.35759601523152612090e-01) (2, 1.19759731539167457726e+00) (3, 2.89740236410927332056e-01) (4, 6.17128267212618597526e-01) (5, 4.80155520127371060468e-01) (6, 3.78379641141697142803e-01) (7, -1.86382705175391949481e+00) (8, -2.03701578235931979322e+00) (9, -1.68730530343712437080e+00) (10, 4.07214586903123842987e-01) (11, 7.09729957238378172946e-01) (12, 5.56060429428492097870e-01) (13, -7.05283575664784834203e-01) (0, -7.41960803464294604836e-01) (1, -7.42121043809539915337e-01) (2, -1.00377415184170912243e-01) (3, -1.54714058870604831419e+00) (4, -8.15712551372940852801e-01) (5, 8.81984987888359772690e-01) (6, 7.90299701003931709398e-02) (7, 1.47152625468116116103e+00) (8, 7.53844555774226154909e-01) (9, 2.66813582823841421998e+00) (10, -1.00891754756046045371e-01) (11, 3.19072727827521829269e-01) (12, -6.25398731025989806920e-02) (13, 1.03883499819446489809e+00) (0, -1.67278183131166957587e+00) (1, -2.34751338922428409717e+00) (2, -6.73643697228429694235e+00) (3, -5.10300810340058697001e-01) (4, -1.37191242603108953801e+00) (5, -4.72440640872464956423e-01) (6, -2.75034613562403684739e+00) (7, -4.48239653255275705135e+00) (8, -6.75495499267582300007e+00) (9, 1.87161844617980488437e+00) (10, -6.53541476885176120248e+00) (11, -3.08847017218191810528e+00) (12, -7.12427320941703356993e+00) (13, 2.46923398703094942874e+00) (14, 5.14437242588825949241e+00) (15, -3.07758258842010086198e+01) (16, -2.47744424595559777913e+01) (17, -6.16516537650742968424e+00) 
