FANN_FLO_2.1
num_layers=3
learning_rate=0.700000
connection_rate=1.000000
network_type=0
learning_momentum=0.000000
training_algorithm=2
train_error_function=1
train_stop_function=1
cascade_output_change_fraction=0.010000
quickprop_decay=-0.000100
quickprop_mu=1.750000
rprop_increase_factor=1.200000
rprop_decrease_factor=0.500000
rprop_delta_min=0.000000
rprop_delta_max=50.000000
rprop_delta_zero=0.100000
cascade_output_stagnation_epochs=12
cascade_candidate_change_fraction=0.010000
cascade_candidate_stagnation_epochs=12
cascade_max_out_epochs=150
cascade_min_out_epochs=50
cascade_max_cand_epochs=150
cascade_min_cand_epochs=50
cascade_num_candidate_groups=2
bit_fail_limit=1.00000000000000005551e-01
cascade_candidate_limit=1.00000000000000000000e+03
cascade_weight_multiplier=4.00000000000000022204e-01
cascade_activation_functions_count=10
cascade_activation_functions=3 5 7 8 10 11 14 15 16 17 
cascade_activation_steepnesses_count=4
cascade_activation_steepnesses=2.50000000000000000000e-01 5.00000000000000000000e-01 7.50000000000000000000e-01 1.00000000000000000000e+00 
layer_sizes=11 4 2 
scale_included=0
neurons (num_inputs, activation_function, activation_steepness)=(0, 0, 0.00000000000000000000e+00) (0, 0, 0.00000000000000000000e+00) (0, 0, 0.00000000000000000000e+00) (0, 0, 0.00000000000000000000e+00) (0, 0, 0.00000000000000000000e+00) (0, 0, 0.00000000000000000000e+00) (0, 0, 0.00000000000000000000e+00) (0, 0, 0.00000000000000000000e+00) (0, 0, 0.00000000000000000000e+00) (0, 0, 0.00000000000000000000e+00) (0, 0, 0.00000000000000000000e+00) (11, 6, 5.00000000000000000000e-01) (11, 6, 5.00000000000000000000e-01) (11, 6, 5.00000000000000000000e-01) (0, 6, 0.00000000000000000000e+00) (4, 4, 5.00000000000000000000e-01) (0, 4, 0.00000000000000000000e+00) 
connections (connected_to_neuron, weight)=(0, 4.71266282172311345988e+00) (1, 1.67383507722070334900e+00) (2, 1.58503998681055602304e+00) (3, 2.70988320738506960339e+00) (4, -8.86607260984205169940e-01) (5, 7.03252909011717664001e-01) (6, 3.09897012469631194520e+00) (7, 8.92431140170966252789e-01) (8, 7.54214575173005330466e-02) (9, -3.52987313743250541442e-01) (10, -3.73766375139177187137e+00) (0, 6.75635904111195273458e+00) (1, 1.73963424781877695757e+00) (2, 1.16210587970836591865e+01) (3, 2.03526318691788210558e+00) (4, -1.75218810004466307717e+00) (5, 2.90736647715875151654e-01) (6, -4.84455456714562249232e+00) (7, -3.12615725521815024379e+00) (8, -1.65874857712513268382e+00) (9, -2.06705727944547401620e+00) (10, -3.29488723943030592523e+00) (0, -2.15283889377152615197e+00) (1, -2.44106165521178142264e-01) (2, 5.03246945665757117183e+00) (3, -2.71229036689087377177e-01) (4, 4.95819187142257256085e-01) (5, 2.62414227003684788486e-02) (6, 1.97802330931335590414e+00) (7, 8.65781117449048731594e-01) (8, -4.43458612683387531916e+00) (9, -1.05422253129509364555e+01) (10, 5.97919724456562273751e-01) (11, 8.58942503959316354667e+01) (12, 1.81234187188946016533e+01) (13, -2.96191948451767999018e+01) (14, -3.02733090852510056123e+00) 
