FANN_FLO_2.1
num_layers=3
learning_rate=0.700000
connection_rate=1.000000
network_type=0
learning_momentum=0.000000
training_algorithm=2
train_error_function=1
train_stop_function=1
cascade_output_change_fraction=0.010000
quickprop_decay=-0.000100
quickprop_mu=1.750000
rprop_increase_factor=1.200000
rprop_decrease_factor=0.500000
rprop_delta_min=0.000000
rprop_delta_max=50.000000
rprop_delta_zero=0.100000
cascade_output_stagnation_epochs=12
cascade_candidate_change_fraction=0.010000
cascade_candidate_stagnation_epochs=12
cascade_max_out_epochs=150
cascade_min_out_epochs=50
cascade_max_cand_epochs=150
cascade_min_cand_epochs=50
cascade_num_candidate_groups=2
bit_fail_limit=1.00000000000000005551e-01
cascade_candidate_limit=1.00000000000000000000e+03
cascade_weight_multiplier=4.00000000000000022204e-01
cascade_activation_functions_count=10
cascade_activation_functions=3 5 7 8 10 11 14 15 16 17 
cascade_activation_steepnesses_count=4
cascade_activation_steepnesses=2.50000000000000000000e-01 5.00000000000000000000e-01 7.50000000000000000000e-01 1.00000000000000000000e+00 
layer_sizes=18 4 2 
scale_included=0
neurons (num_inputs, activation_function, activation_steepness)=(0, 0, 0.00000000000000000000e+00) (0, 0, 0.00000000000000000000e+00) (0, 0, 0.00000000000000000000e+00) (0, 0, 0.00000000000000000000e+00) (0, 0, 0.00000000000000000000e+00) (0, 0, 0.00000000000000000000e+00) (0, 0, 0.00000000000000000000e+00) (0, 0, 0.00000000000000000000e+00) (0, 0, 0.00000000000000000000e+00) (0, 0, 0.00000000000000000000e+00) (0, 0, 0.00000000000000000000e+00) (0, 0, 0.00000000000000000000e+00) (0, 0, 0.00000000000000000000e+00) (0, 0, 0.00000000000000000000e+00) (0, 0, 0.00000000000000000000e+00) (0, 0, 0.00000000000000000000e+00) (0, 0, 0.00000000000000000000e+00) (0, 0, 0.00000000000000000000e+00) (18, 6, 5.00000000000000000000e-01) (18, 6, 5.00000000000000000000e-01) (18, 6, 5.00000000000000000000e-01) (0, 6, 0.00000000000000000000e+00) (4, 4, 5.00000000000000000000e-01) (0, 4, 0.00000000000000000000e+00) 
connections (connected_to_neuron, weight)=(0, -2.77376930712348324093e+00) (1, 1.64902068764243381338e+01) (2, -6.85941420256771472452e+00) (3, -3.10123456705662492450e-01) (4, -5.82416525808574947476e-01) (5, -2.31575409327667181003e+00) (6, 8.96501968012936023555e-01) (7, 1.09444005397865828932e+00) (8, 1.53554631741523728294e+01) (9, -4.48127850840069452687e-01) (10, 2.53904662374812850612e-01) (11, 2.89848737160678826541e-01) (12, 6.09658669392477980953e-04) (13, 3.58688353245432756111e+00) (14, -5.97046260410990514700e-02) (15, 2.67383287940580138820e-01) (16, -3.35517449685768998080e+00) (17, -3.23180189542185214435e+00) (0, -3.85755771931962510024e+00) (1, 1.61811717295884740508e+01) (2, -4.33700731710500519966e+00) (3, -1.22193188085112147689e+00) (4, -3.65977455417611396982e-01) (5, -8.79244021936312902810e-01) (6, 1.33605340416361739742e+00) (7, 7.93771192536268044293e-01) (8, 1.75490596832926399884e+01) (9, -5.91790065119244257374e-01) (10, 5.19392550057133473018e-01) (11, 1.30821746686190776288e+00) (12, 3.78510037697429857495e-02) (13, 4.78321934038265172973e+00) (14, -2.35033069569577346414e+00) (15, 4.43442389434536787807e-01) (16, -7.27891993952264226841e-01) (17, -4.28489712675890555005e+00) (0, -2.01438810963610936966e-01) (1, 1.49435368121790967955e+00) (2, 4.86389287862003860674e-01) (3, 7.07683453080883673181e+00) (4, 4.46712086474992098317e+00) (5, -3.87704825361848515186e+00) (6, -3.12005469276421276703e+00) (7, -4.11511142770495386145e+00) (8, 9.98233207273465095177e-02) (9, 2.06807062930943796886e+00) (10, 7.41718765971535276549e+00) (11, 5.24371159940345332728e+00) (12, -3.27154371370350061099e+00) (13, -3.36960904993282295283e-01) (14, 6.93736059335699728479e+00) (15, 7.40548669797652792113e+00) (16, -3.81899260360673098447e+00) (17, -2.56883411963535424061e-01) (18, 2.02494378063574398396e+00) (19, 2.37819644561194731835e+00) (20, 3.77547130182761536688e+00) (21, -3.94542873882719291601e+00) 
