FANN_FLO_2.1
num_layers=3
learning_rate=0.700000
connection_rate=1.000000
network_type=0
learning_momentum=0.000000
training_algorithm=2
train_error_function=1
train_stop_function=1
cascade_output_change_fraction=0.010000
quickprop_decay=-0.000100
quickprop_mu=1.750000
rprop_increase_factor=1.200000
rprop_decrease_factor=0.500000
rprop_delta_min=0.000000
rprop_delta_max=50.000000
rprop_delta_zero=0.100000
cascade_output_stagnation_epochs=12
cascade_candidate_change_fraction=0.010000
cascade_candidate_stagnation_epochs=12
cascade_max_out_epochs=150
cascade_min_out_epochs=50
cascade_max_cand_epochs=150
cascade_min_cand_epochs=50
cascade_num_candidate_groups=2
bit_fail_limit=1.00000000000000005551e-01
cascade_candidate_limit=1.00000000000000000000e+03
cascade_weight_multiplier=4.00000000000000022204e-01
cascade_activation_functions_count=10
cascade_activation_functions=3 5 7 8 10 11 14 15 16 17 
cascade_activation_steepnesses_count=4
cascade_activation_steepnesses=2.50000000000000000000e-01 5.00000000000000000000e-01 7.50000000000000000000e-01 1.00000000000000000000e+00 
layer_sizes=10 4 2 
scale_included=0
neurons (num_inputs, activation_function, activation_steepness)=(0, 0, 0.00000000000000000000e+00) (0, 0, 0.00000000000000000000e+00) (0, 0, 0.00000000000000000000e+00) (0, 0, 0.00000000000000000000e+00) (0, 0, 0.00000000000000000000e+00) (0, 0, 0.00000000000000000000e+00) (0, 0, 0.00000000000000000000e+00) (0, 0, 0.00000000000000000000e+00) (0, 0, 0.00000000000000000000e+00) (0, 0, 0.00000000000000000000e+00) (10, 6, 5.00000000000000000000e-01) (10, 6, 5.00000000000000000000e-01) (10, 6, 5.00000000000000000000e-01) (0, 6, 0.00000000000000000000e+00) (4, 4, 5.00000000000000000000e-01) (0, 4, 0.00000000000000000000e+00) 
connections (connected_to_neuron, weight)=(0, -3.13830854252032986906e+00) (1, 2.79964661173631856883e+00) (2, -7.30353777479846311138e-01) (3, -6.81191015037969416213e-01) (4, 2.39261394145812245071e+00) (5, 2.81032048234636810946e+00) (6, 1.14454253924646787155e+00) (7, 4.43146490752922694867e+00) (8, -1.87134537110026455409e+00) (9, -2.24628909045854951998e+00) (0, 1.31418000188730244027e+00) (1, -6.43568182136072031163e-01) (2, 5.67421643113714790907e-01) (3, -3.61282549238545191983e-01) (4, 1.42811645834198834848e+01) (5, 6.20034728629264986211e+00) (6, -1.21171995432489554290e+00) (7, -1.31008255176060628422e+00) (8, 1.37782240932969624048e+00) (9, 1.08192446650897311500e+00) (0, 4.68671607230894737839e-01) (1, -1.34394715063377634401e+00) (2, -2.67235413654560854946e-02) (3, -2.86105872084644718978e-01) (4, 1.47931427318070607413e+00) (5, 8.40119508050861618642e+00) (6, -2.66617056764787641043e-01) (7, -1.49397797915042507277e+00) (8, 8.29045199326506887516e-01) (9, 4.64868199126779624297e-01) (10, 2.50957250435907980091e+02) (11, -5.78593793304365462404e+01) (12, -1.00228532973174200293e+00) (13, -4.16479319387978730305e+00) 
