FANN_FLO_2.1
num_layers=3
learning_rate=0.700000
connection_rate=1.000000
network_type=0
learning_momentum=0.000000
training_algorithm=2
train_error_function=1
train_stop_function=1
cascade_output_change_fraction=0.010000
quickprop_decay=-0.000100
quickprop_mu=1.750000
rprop_increase_factor=1.200000
rprop_decrease_factor=0.500000
rprop_delta_min=0.000000
rprop_delta_max=50.000000
rprop_delta_zero=0.100000
cascade_output_stagnation_epochs=12
cascade_candidate_change_fraction=0.010000
cascade_candidate_stagnation_epochs=12
cascade_max_out_epochs=150
cascade_min_out_epochs=50
cascade_max_cand_epochs=150
cascade_min_cand_epochs=50
cascade_num_candidate_groups=2
bit_fail_limit=1.00000000000000005551e-01
cascade_candidate_limit=1.00000000000000000000e+03
cascade_weight_multiplier=4.00000000000000022204e-01
cascade_activation_functions_count=10
cascade_activation_functions=3 5 7 8 10 11 14 15 16 17 
cascade_activation_steepnesses_count=4
cascade_activation_steepnesses=2.50000000000000000000e-01 5.00000000000000000000e-01 7.50000000000000000000e-01 1.00000000000000000000e+00 
layer_sizes=11 4 2 
scale_included=0
neurons (num_inputs, activation_function, activation_steepness)=(0, 0, 0.00000000000000000000e+00) (0, 0, 0.00000000000000000000e+00) (0, 0, 0.00000000000000000000e+00) (0, 0, 0.00000000000000000000e+00) (0, 0, 0.00000000000000000000e+00) (0, 0, 0.00000000000000000000e+00) (0, 0, 0.00000000000000000000e+00) (0, 0, 0.00000000000000000000e+00) (0, 0, 0.00000000000000000000e+00) (0, 0, 0.00000000000000000000e+00) (0, 0, 0.00000000000000000000e+00) (11, 6, 5.00000000000000000000e-01) (11, 6, 5.00000000000000000000e-01) (11, 6, 5.00000000000000000000e-01) (0, 6, 0.00000000000000000000e+00) (4, 4, 5.00000000000000000000e-01) (0, 4, 0.00000000000000000000e+00) 
connections (connected_to_neuron, weight)=(0, -3.67032037606191785528e+00) (1, 1.77766817524482902968e+01) (2, 2.26602181082401532564e+00) (3, -4.74676629280548070255e+01) (4, 1.21999610385330581330e-01) (5, -2.62922871499018597774e+01) (6, 7.57828286198322931266e-02) (7, -4.13444362392975384157e-01) (8, -2.89617098260982197555e-01) (9, 2.68636877091741421708e+00) (10, 7.66391770181448883648e-01) (0, -7.34591442694462060103e+00) (1, 1.90501255759060583728e+01) (2, 1.83583009752043513352e+00) (3, 6.94563917406832942447e+00) (4, 2.07043708924439728847e+00) (5, 3.96595876630676347219e+00) (6, -1.15222571805649698362e+00) (7, -2.34448840235108635355e+00) (8, -8.84933257904441106234e-02) (9, 4.75103938197385122777e+00) (10, 2.95339561919660242850e+00) (0, 5.32192513046243576014e+00) (1, 3.56163963194788335542e+00) (2, 2.27180615135078678435e+00) (3, -6.89996818201501826984e-01) (4, -1.21177912574465862505e+00) (5, -9.12808038776367403067e-01) (6, 2.34084206287033369520e+00) (7, 3.00948010550627831350e+00) (8, 1.12495016728467334133e+00) (9, 2.90561783911342752518e+00) (10, -4.68152917874949370258e+00) (11, -2.55262914825926294782e+01) (12, -2.00057982454562726105e+01) (13, 7.83797676405977057357e+01) (14, -1.86322001869168607513e+00) 
