FANN_FLO_2.1
num_layers=3
learning_rate=0.700000
connection_rate=1.000000
network_type=0
learning_momentum=0.000000
training_algorithm=2
train_error_function=1
train_stop_function=1
cascade_output_change_fraction=0.010000
quickprop_decay=-0.000100
quickprop_mu=1.750000
rprop_increase_factor=1.200000
rprop_decrease_factor=0.500000
rprop_delta_min=0.000000
rprop_delta_max=50.000000
rprop_delta_zero=0.100000
cascade_output_stagnation_epochs=12
cascade_candidate_change_fraction=0.010000
cascade_candidate_stagnation_epochs=12
cascade_max_out_epochs=150
cascade_min_out_epochs=50
cascade_max_cand_epochs=150
cascade_min_cand_epochs=50
cascade_num_candidate_groups=2
bit_fail_limit=1.00000000000000005551e-01
cascade_candidate_limit=1.00000000000000000000e+03
cascade_weight_multiplier=4.00000000000000022204e-01
cascade_activation_functions_count=10
cascade_activation_functions=3 5 7 8 10 11 14 15 16 17 
cascade_activation_steepnesses_count=4
cascade_activation_steepnesses=2.50000000000000000000e-01 5.00000000000000000000e-01 7.50000000000000000000e-01 1.00000000000000000000e+00 
layer_sizes=12 4 2 
scale_included=0
neurons (num_inputs, activation_function, activation_steepness)=(0, 0, 0.00000000000000000000e+00) (0, 0, 0.00000000000000000000e+00) (0, 0, 0.00000000000000000000e+00) (0, 0, 0.00000000000000000000e+00) (0, 0, 0.00000000000000000000e+00) (0, 0, 0.00000000000000000000e+00) (0, 0, 0.00000000000000000000e+00) (0, 0, 0.00000000000000000000e+00) (0, 0, 0.00000000000000000000e+00) (0, 0, 0.00000000000000000000e+00) (0, 0, 0.00000000000000000000e+00) (0, 0, 0.00000000000000000000e+00) (12, 6, 5.00000000000000000000e-01) (12, 6, 5.00000000000000000000e-01) (12, 6, 5.00000000000000000000e-01) (0, 6, 0.00000000000000000000e+00) (4, 4, 5.00000000000000000000e-01) (0, 4, 0.00000000000000000000e+00) 
connections (connected_to_neuron, weight)=(0, 5.12010186987973803241e+00) (1, 2.74676072544938021380e+00) (2, 6.08913780411471483589e-01) (3, 9.40903683370131860286e-01) (4, 1.88286164629197827480e+00) (5, 1.89398917902057717377e+00) (6, 6.56440078286855910328e-01) (7, 1.16907780867417532278e+00) (8, -1.70973823401928265442e-02) (9, 8.26302020874600584577e-01) (10, 2.75422076019585659878e+00) (11, -4.49006212829187489888e+00) (0, -2.62221440906176894714e+00) (1, 8.61762340059999965014e-01) (2, 4.33271081369847821385e-01) (3, 3.22346217764718223631e-02) (4, 1.00471914914314286449e+00) (5, 7.27398314456061845235e-01) (6, 5.54120777719262602723e-01) (7, 1.84257108003505409854e+00) (8, -2.60347942016754818617e-01) (9, 9.96080913453119110024e-01) (10, 7.40802649935791257541e-01) (11, -4.52623919686892972614e-01) (0, -2.94538107329351483976e-01) (1, -1.22830789959276071022e-01) (2, 1.03641182350375907206e-01) (3, 5.14900205370975139196e-01) (4, 2.12077329335473935279e-01) (5, -7.64600420644476336252e-02) (6, 1.93481753755596425082e-01) (7, -7.40657314898309548923e-01) (8, 4.69752869606986200868e-01) (9, -2.47502410054609919832e-02) (10, 1.07455167210306457015e-01) (11, 5.37427629812397333886e-01) (12, 2.42666256358364847756e+02) (13, 7.39164687839736656016e-01) (14, -5.38446285126404800003e-01) (15, -2.65967311495530367438e+00) 
