FANN_FLO_2.1
num_layers=3
learning_rate=0.700000
connection_rate=1.000000
network_type=0
learning_momentum=0.000000
training_algorithm=2
train_error_function=1
train_stop_function=1
cascade_output_change_fraction=0.010000
quickprop_decay=-0.000100
quickprop_mu=1.750000
rprop_increase_factor=1.200000
rprop_decrease_factor=0.500000
rprop_delta_min=0.000000
rprop_delta_max=50.000000
rprop_delta_zero=0.100000
cascade_output_stagnation_epochs=12
cascade_candidate_change_fraction=0.010000
cascade_candidate_stagnation_epochs=12
cascade_max_out_epochs=150
cascade_min_out_epochs=50
cascade_max_cand_epochs=150
cascade_min_cand_epochs=50
cascade_num_candidate_groups=2
bit_fail_limit=1.00000000000000005551e-01
cascade_candidate_limit=1.00000000000000000000e+03
cascade_weight_multiplier=4.00000000000000022204e-01
cascade_activation_functions_count=10
cascade_activation_functions=3 5 7 8 10 11 14 15 16 17 
cascade_activation_steepnesses_count=4
cascade_activation_steepnesses=2.50000000000000000000e-01 5.00000000000000000000e-01 7.50000000000000000000e-01 1.00000000000000000000e+00 
layer_sizes=8 4 2 
scale_included=0
neurons (num_inputs, activation_function, activation_steepness)=(0, 0, 0.00000000000000000000e+00) (0, 0, 0.00000000000000000000e+00) (0, 0, 0.00000000000000000000e+00) (0, 0, 0.00000000000000000000e+00) (0, 0, 0.00000000000000000000e+00) (0, 0, 0.00000000000000000000e+00) (0, 0, 0.00000000000000000000e+00) (0, 0, 0.00000000000000000000e+00) (8, 6, 5.00000000000000000000e-01) (8, 6, 5.00000000000000000000e-01) (8, 6, 5.00000000000000000000e-01) (0, 6, 0.00000000000000000000e+00) (4, 4, 5.00000000000000000000e-01) (0, 4, 0.00000000000000000000e+00) 
connections (connected_to_neuron, weight)=(0, 8.14802789320825809893e-02) (1, 1.36776440252813635823e+00) (2, 1.49356383663525562611e+01) (3, -2.46560529560537700089e-01) (4, -7.42736755212539123683e-02) (5, 8.64999695896861875433e-01) (6, 1.27459507231374158387e+00) (7, -4.25987157634944990647e-01) (0, 9.03450032701369892818e-02) (1, 1.25123143975051798193e+00) (2, 1.49725522959818810875e+01) (3, -1.89223594457598454088e-01) (4, 9.09229791263344577779e-02) (5, 1.92974342835608081437e+00) (6, 1.21991368475745676214e+00) (7, -5.28779106549473243426e-01) (0, -1.91418600644850112058e-01) (1, 1.77167286706453652734e+00) (2, 3.56020742140459915959e+01) (3, -1.78640063248785474492e+00) (4, -3.71798712195627656385e-01) (5, 1.84760649130764553760e+00) (6, 1.85257219321132393652e+00) (7, -1.26948329111309221595e+00) (8, 4.88457753612620670935e+00) (9, 2.91595151804692953590e+00) (10, 1.47788991538252787450e+01) (11, -2.77058884914567471469e+00) 
