FANN_FLO_2.1
num_layers=3
learning_rate=0.700000
connection_rate=1.000000
network_type=0
learning_momentum=0.000000
training_algorithm=2
train_error_function=1
train_stop_function=1
cascade_output_change_fraction=0.010000
quickprop_decay=-0.000100
quickprop_mu=1.750000
rprop_increase_factor=1.200000
rprop_decrease_factor=0.500000
rprop_delta_min=0.000000
rprop_delta_max=50.000000
rprop_delta_zero=0.100000
cascade_output_stagnation_epochs=12
cascade_candidate_change_fraction=0.010000
cascade_candidate_stagnation_epochs=12
cascade_max_out_epochs=150
cascade_min_out_epochs=50
cascade_max_cand_epochs=150
cascade_min_cand_epochs=50
cascade_num_candidate_groups=2
bit_fail_limit=1.00000000000000005551e-01
cascade_candidate_limit=1.00000000000000000000e+03
cascade_weight_multiplier=4.00000000000000022204e-01
cascade_activation_functions_count=10
cascade_activation_functions=3 5 7 8 10 11 14 15 16 17 
cascade_activation_steepnesses_count=4
cascade_activation_steepnesses=2.50000000000000000000e-01 5.00000000000000000000e-01 7.50000000000000000000e-01 1.00000000000000000000e+00 
layer_sizes=11 4 2 
scale_included=0
neurons (num_inputs, activation_function, activation_steepness)=(0, 0, 0.00000000000000000000e+00) (0, 0, 0.00000000000000000000e+00) (0, 0, 0.00000000000000000000e+00) (0, 0, 0.00000000000000000000e+00) (0, 0, 0.00000000000000000000e+00) (0, 0, 0.00000000000000000000e+00) (0, 0, 0.00000000000000000000e+00) (0, 0, 0.00000000000000000000e+00) (0, 0, 0.00000000000000000000e+00) (0, 0, 0.00000000000000000000e+00) (0, 0, 0.00000000000000000000e+00) (11, 6, 5.00000000000000000000e-01) (11, 6, 5.00000000000000000000e-01) (11, 6, 5.00000000000000000000e-01) (0, 6, 0.00000000000000000000e+00) (4, 4, 5.00000000000000000000e-01) (0, 4, 0.00000000000000000000e+00) 
connections (connected_to_neuron, weight)=(0, 2.75305265379774732892e+00) (1, 5.86171909188039208516e+00) (2, 6.16128518311685624553e+01) (3, 3.42470900989214896981e+02) (4, 1.42101459433390147069e+02) (5, -4.19157856791276195452e+00) (6, 2.00758719168942349143e+02) (7, 3.13965933749811121345e+00) (8, 1.41297904321171841957e+02) (9, -4.96821257340240052258e+00) (10, 4.76089622205836349167e+00) (0, 1.23001907546212208011e+00) (1, 1.54429262481366265547e+02) (2, -2.24006666931738571691e+01) (3, -2.33807311571335780798e+01) (4, -1.16335948216622808715e+00) (5, 6.11575045579601295209e-01) (6, -1.94480937090943439838e-01) (7, 8.54762976268499699017e+01) (8, -6.91625595977995555330e-01) (9, 1.06254169701102507695e+00) (10, 3.28841974793632030316e-01) (0, -1.75326307843020212651e+00) (1, -6.04568607022392123795e-01) (2, 9.31703658727116246219e-01) (3, 1.91866645700827227472e+01) (4, 1.59390510559982157002e-01) (5, 1.66345089551383851223e+00) (6, -9.49508326520834944340e-01) (7, -2.42912294260120198430e+00) (8, 2.06019881158531814602e-01) (9, 2.29698660503074147954e+00) (10, -2.20056577472349612634e+00) (11, -4.76280825108557959169e+00) (12, 4.50308463137289827216e+00) (13, 6.42176693307477819417e+00) (14, -1.73056265122992170014e+00) 
