FANN_FLO_2.1
num_layers=3
learning_rate=0.700000
connection_rate=1.000000
network_type=0
learning_momentum=0.000000
training_algorithm=2
train_error_function=1
train_stop_function=1
cascade_output_change_fraction=0.010000
quickprop_decay=-0.000100
quickprop_mu=1.750000
rprop_increase_factor=1.200000
rprop_decrease_factor=0.500000
rprop_delta_min=0.000000
rprop_delta_max=50.000000
rprop_delta_zero=0.100000
cascade_output_stagnation_epochs=12
cascade_candidate_change_fraction=0.010000
cascade_candidate_stagnation_epochs=12
cascade_max_out_epochs=150
cascade_min_out_epochs=50
cascade_max_cand_epochs=150
cascade_min_cand_epochs=50
cascade_num_candidate_groups=2
bit_fail_limit=1.00000000000000005551e-01
cascade_candidate_limit=1.00000000000000000000e+03
cascade_weight_multiplier=4.00000000000000022204e-01
cascade_activation_functions_count=10
cascade_activation_functions=3 5 7 8 10 11 14 15 16 17 
cascade_activation_steepnesses_count=4
cascade_activation_steepnesses=2.50000000000000000000e-01 5.00000000000000000000e-01 7.50000000000000000000e-01 1.00000000000000000000e+00 
layer_sizes=18 4 2 
scale_included=0
neurons (num_inputs, activation_function, activation_steepness)=(0, 0, 0.00000000000000000000e+00) (0, 0, 0.00000000000000000000e+00) (0, 0, 0.00000000000000000000e+00) (0, 0, 0.00000000000000000000e+00) (0, 0, 0.00000000000000000000e+00) (0, 0, 0.00000000000000000000e+00) (0, 0, 0.00000000000000000000e+00) (0, 0, 0.00000000000000000000e+00) (0, 0, 0.00000000000000000000e+00) (0, 0, 0.00000000000000000000e+00) (0, 0, 0.00000000000000000000e+00) (0, 0, 0.00000000000000000000e+00) (0, 0, 0.00000000000000000000e+00) (0, 0, 0.00000000000000000000e+00) (0, 0, 0.00000000000000000000e+00) (0, 0, 0.00000000000000000000e+00) (0, 0, 0.00000000000000000000e+00) (0, 0, 0.00000000000000000000e+00) (18, 6, 5.00000000000000000000e-01) (18, 6, 5.00000000000000000000e-01) (18, 6, 5.00000000000000000000e-01) (0, 6, 0.00000000000000000000e+00) (4, 4, 5.00000000000000000000e-01) (0, 4, 0.00000000000000000000e+00) 
connections (connected_to_neuron, weight)=(0, -3.07071849979284294818e+00) (1, 1.25632614801723647702e+01) (2, -1.23449379551670768151e+00) (3, -6.91785762166262307993e-01) (4, 2.25572354684459748519e-02) (5, -4.77096881214802703841e-01) (6, 7.13451897464979190033e+00) (7, 1.61471823265817313597e+01) (8, -3.58677202976367004439e+00) (9, 5.16826855532208778721e-02) (10, 6.30492033153196157480e-02) (11, 5.61620351470846768116e-01) (12, -1.40122578764304117627e+00) (13, 1.11839658243279349570e+00) (14, 7.86868232480228191328e-01) (15, -1.22992313682258291863e+00) (16, 1.27810211328487333127e+00) (17, -3.16055669165971764301e+00) (0, 4.99285552959270073625e-01) (1, 2.95063807983453330053e-01) (2, -9.94399846467661885363e-01) (3, -1.19172376963468651390e+00) (4, -2.67562668233208267310e+00) (5, -6.06718660365731632389e-01) (6, 5.62910372412926185426e-01) (7, -1.76335548016399279447e-01) (8, 1.37416870862714618484e-01) (9, -8.34196962677132725084e-01) (10, -1.69027052861903603898e+00) (11, -4.05166835156980487120e-01) (12, 2.39420109542229830879e+00) (13, 1.97750445148731768263e+00) (14, 8.40467279303362846399e-01) (15, 2.19670600118724479444e+00) (16, 1.83455059581192680973e+00) (17, 5.72888545638643775781e-01) (0, 2.05871409975676256110e+00) (1, -2.75567273094173614822e+00) (2, -1.99707340331586724602e+00) (3, -1.18756070654863865599e+01) (4, -6.38778632785013300577e+00) (5, -1.33589386790779887093e+01) (6, -1.82558563284169805829e-01) (7, -4.32790268286332313608e+00) (8, 1.33664092988376514981e+00) (9, -1.34554767860220234610e+01) (10, -1.36296498250602091673e+01) (11, -8.50478024752141159581e+00) (12, 5.77118054170967020866e+00) (13, 6.30375687118595262604e+00) (14, 4.63117122173064021950e+00) (15, 5.78218065340877451774e+00) (16, 6.35685921063186043511e+00) (17, 1.99525428989527098267e+00) (18, 4.67850969388484294598e+00) (19, -1.60153279215228283583e+00) (20, -2.89935547896527490153e+00) (21, -3.51037321227935361634e+00) 
