FANN_FLO_2.1
num_layers=3
learning_rate=0.700000
connection_rate=1.000000
network_type=0
learning_momentum=0.000000
training_algorithm=2
train_error_function=1
train_stop_function=1
cascade_output_change_fraction=0.010000
quickprop_decay=-0.000100
quickprop_mu=1.750000
rprop_increase_factor=1.200000
rprop_decrease_factor=0.500000
rprop_delta_min=0.000000
rprop_delta_max=50.000000
rprop_delta_zero=0.100000
cascade_output_stagnation_epochs=12
cascade_candidate_change_fraction=0.010000
cascade_candidate_stagnation_epochs=12
cascade_max_out_epochs=150
cascade_min_out_epochs=50
cascade_max_cand_epochs=150
cascade_min_cand_epochs=50
cascade_num_candidate_groups=2
bit_fail_limit=1.00000000000000005551e-01
cascade_candidate_limit=1.00000000000000000000e+03
cascade_weight_multiplier=4.00000000000000022204e-01
cascade_activation_functions_count=10
cascade_activation_functions=3 5 7 8 10 11 14 15 16 17 
cascade_activation_steepnesses_count=4
cascade_activation_steepnesses=2.50000000000000000000e-01 5.00000000000000000000e-01 7.50000000000000000000e-01 1.00000000000000000000e+00 
layer_sizes=12 4 2 
scale_included=0
neurons (num_inputs, activation_function, activation_steepness)=(0, 0, 0.00000000000000000000e+00) (0, 0, 0.00000000000000000000e+00) (0, 0, 0.00000000000000000000e+00) (0, 0, 0.00000000000000000000e+00) (0, 0, 0.00000000000000000000e+00) (0, 0, 0.00000000000000000000e+00) (0, 0, 0.00000000000000000000e+00) (0, 0, 0.00000000000000000000e+00) (0, 0, 0.00000000000000000000e+00) (0, 0, 0.00000000000000000000e+00) (0, 0, 0.00000000000000000000e+00) (0, 0, 0.00000000000000000000e+00) (12, 6, 5.00000000000000000000e-01) (12, 6, 5.00000000000000000000e-01) (12, 6, 5.00000000000000000000e-01) (0, 6, 0.00000000000000000000e+00) (4, 4, 5.00000000000000000000e-01) (0, 4, 0.00000000000000000000e+00) 
connections (connected_to_neuron, weight)=(0, 7.60300396989807314441e+00) (1, 9.60699862630157497279e-01) (2, 6.67078910877575470550e+00) (3, -6.09561855726708401448e+00) (4, -3.42927804048486173372e+00) (5, 1.65620862827713422050e+00) (6, 1.45580923503390824436e+00) (7, 2.43982484826067907990e-01) (8, -1.07010809770371917438e+00) (9, 1.46650174584446912895e+00) (10, -3.40178967758306138869e-02) (11, -4.43169628558889883152e+00) (0, 6.73623061975453030215e+00) (1, -2.86730210172745580977e+00) (2, 1.67395556462550381127e+01) (3, -2.73576120793060129088e+00) (4, -3.34262276866750429605e+00) (5, 1.30417685571297936598e+00) (6, 2.89322414649820958132e+00) (7, -8.44226959949650135329e-01) (8, 1.23237572756168881072e-01) (9, 2.88052717939925484458e+00) (10, 3.68089812924820902751e+00) (11, -3.62719960741870295351e+00) (0, -1.67771612063287084426e-01) (1, 1.37930107679651534625e+01) (2, -6.65722407694218354379e+00) (3, -6.79949324517035158522e+00) (4, -2.59489954450512847473e+01) (5, 1.77187600480867846198e-01) (6, -2.21145198325613545620e+00) (7, 8.36272225125855328542e+00) (8, 5.12290972143901690572e+00) (9, -2.22448855080689167352e+00) (10, -2.56187923509414927636e+00) (11, -5.96706429694616388715e-02) (12, 2.44950137038194704076e+01) (13, 2.34333056141984172882e+01) (14, 1.60759886718397950744e+01) (15, -3.88162658198800780696e+00) 
