FANN_FLO_2.1
num_layers=3
learning_rate=0.700000
connection_rate=1.000000
network_type=0
learning_momentum=0.000000
training_algorithm=2
train_error_function=1
train_stop_function=1
cascade_output_change_fraction=0.010000
quickprop_decay=-0.000100
quickprop_mu=1.750000
rprop_increase_factor=1.200000
rprop_decrease_factor=0.500000
rprop_delta_min=0.000000
rprop_delta_max=50.000000
rprop_delta_zero=0.100000
cascade_output_stagnation_epochs=12
cascade_candidate_change_fraction=0.010000
cascade_candidate_stagnation_epochs=12
cascade_max_out_epochs=150
cascade_min_out_epochs=50
cascade_max_cand_epochs=150
cascade_min_cand_epochs=50
cascade_num_candidate_groups=2
bit_fail_limit=1.00000000000000005551e-01
cascade_candidate_limit=1.00000000000000000000e+03
cascade_weight_multiplier=4.00000000000000022204e-01
cascade_activation_functions_count=10
cascade_activation_functions=3 5 7 8 10 11 14 15 16 17 
cascade_activation_steepnesses_count=4
cascade_activation_steepnesses=2.50000000000000000000e-01 5.00000000000000000000e-01 7.50000000000000000000e-01 1.00000000000000000000e+00 
layer_sizes=11 4 2 
scale_included=0
neurons (num_inputs, activation_function, activation_steepness)=(0, 0, 0.00000000000000000000e+00) (0, 0, 0.00000000000000000000e+00) (0, 0, 0.00000000000000000000e+00) (0, 0, 0.00000000000000000000e+00) (0, 0, 0.00000000000000000000e+00) (0, 0, 0.00000000000000000000e+00) (0, 0, 0.00000000000000000000e+00) (0, 0, 0.00000000000000000000e+00) (0, 0, 0.00000000000000000000e+00) (0, 0, 0.00000000000000000000e+00) (0, 0, 0.00000000000000000000e+00) (11, 6, 5.00000000000000000000e-01) (11, 6, 5.00000000000000000000e-01) (11, 6, 5.00000000000000000000e-01) (0, 6, 0.00000000000000000000e+00) (4, 4, 5.00000000000000000000e-01) (0, 4, 0.00000000000000000000e+00) 
connections (connected_to_neuron, weight)=(0, -1.31820102609472122879e+00) (1, 4.76794596831937500525e+00) (2, 3.23147580809953138825e+00) (3, -8.15190127621456261942e-01) (4, 8.64117488923785082022e+00) (5, 2.43643848116692218753e+00) (6, 1.78786215928086789084e+00) (7, 2.65106793060545564700e+00) (8, -2.28654600452312006809e-01) (9, 3.74796029531582020056e+00) (10, -4.19885959082146076327e+00) (0, 1.81586584963491248779e+00) (1, -3.71076724560794657393e+00) (2, -7.52766743061748488941e+00) (3, -3.85696925395771827993e+01) (4, 5.15985887488381607113e+01) (5, 1.27167234415941710068e+01) (6, 4.75554034752039989087e+00) (7, 9.62942286182789608517e+00) (8, -1.32731416560386250580e+01) (9, 1.31942993214192281215e+01) (10, 3.01340384527494542510e+00) (0, -2.22068471744346709329e+02) (1, -1.22745031527143760286e+03) (2, -2.40198307257750798271e+02) (3, 1.00970741935164358694e+01) (4, -1.50000000000000000000e+03) (5, -1.50000000000000000000e+03) (6, -1.50000000000000000000e+03) (7, 1.50000000000000000000e+03) (8, 1.44971999565601345239e+03) (9, -1.50000000000000000000e+03) (10, -6.42235596900454424940e+02) (11, 9.48075579451270833431e+00) (12, -4.92867176668312101384e+00) (13, 3.24019074788281402633e+00) (14, -4.20731168618982209750e+00) 
