FANN_FLO_2.1
num_layers=3
learning_rate=0.700000
connection_rate=1.000000
network_type=0
learning_momentum=0.000000
training_algorithm=2
train_error_function=1
train_stop_function=1
cascade_output_change_fraction=0.010000
quickprop_decay=-0.000100
quickprop_mu=1.750000
rprop_increase_factor=1.200000
rprop_decrease_factor=0.500000
rprop_delta_min=0.000000
rprop_delta_max=50.000000
rprop_delta_zero=0.100000
cascade_output_stagnation_epochs=12
cascade_candidate_change_fraction=0.010000
cascade_candidate_stagnation_epochs=12
cascade_max_out_epochs=150
cascade_min_out_epochs=50
cascade_max_cand_epochs=150
cascade_min_cand_epochs=50
cascade_num_candidate_groups=2
bit_fail_limit=1.00000000000000005551e-01
cascade_candidate_limit=1.00000000000000000000e+03
cascade_weight_multiplier=4.00000000000000022204e-01
cascade_activation_functions_count=10
cascade_activation_functions=3 5 7 8 10 11 14 15 16 17 
cascade_activation_steepnesses_count=4
cascade_activation_steepnesses=2.50000000000000000000e-01 5.00000000000000000000e-01 7.50000000000000000000e-01 1.00000000000000000000e+00 
layer_sizes=10 4 2 
scale_included=0
neurons (num_inputs, activation_function, activation_steepness)=(0, 0, 0.00000000000000000000e+00) (0, 0, 0.00000000000000000000e+00) (0, 0, 0.00000000000000000000e+00) (0, 0, 0.00000000000000000000e+00) (0, 0, 0.00000000000000000000e+00) (0, 0, 0.00000000000000000000e+00) (0, 0, 0.00000000000000000000e+00) (0, 0, 0.00000000000000000000e+00) (0, 0, 0.00000000000000000000e+00) (0, 0, 0.00000000000000000000e+00) (10, 6, 5.00000000000000000000e-01) (10, 6, 5.00000000000000000000e-01) (10, 6, 5.00000000000000000000e-01) (0, 6, 0.00000000000000000000e+00) (4, 4, 5.00000000000000000000e-01) (0, 4, 0.00000000000000000000e+00) 
connections (connected_to_neuron, weight)=(0, 2.28245249001098837738e+00) (1, -4.35773282491669800010e+00) (2, 1.66483901871026551689e+00) (3, 1.07690120547560486131e+00) (4, -3.19531006683614959840e+00) (5, -4.15004884382052185998e+00) (6, -2.49286642235788935551e+00) (7, -4.13110253684596706591e+00) (8, 1.64492858796475638350e+00) (9, 4.32515600374394271199e+00) (0, 2.40762912092519965057e+00) (1, -3.27483727565211557575e+00) (2, 8.47143270563120442951e-01) (3, 7.10065495023311954448e-01) (4, -3.13452475835588684205e+00) (5, -4.13844983265495791613e+00) (6, -2.14064951419327043070e+00) (7, -6.58416730389572624205e+00) (8, 1.68686808036843771674e+00) (9, 3.98532871390564435998e+00) (0, -1.67527260658754539868e+00) (1, 4.35758170289066804060e+00) (2, -4.25245334599418545185e-01) (3, -4.64193073306484127460e-01) (4, -3.46446689935844154284e-01) (5, 4.63747889002616631160e+00) (6, 2.01910711349112759194e+00) (7, 4.20292491931590639354e+00) (8, -1.86687916534908837640e+00) (9, -3.65288463916961703148e+00) (10, -3.01965274748795771131e+01) (11, -6.25281889961840704473e+01) (12, 2.50842057158349263091e+01) (13, -1.19022516575816572626e+00) 
