FANN_FLO_2.1
num_layers=3
learning_rate=0.700000
connection_rate=1.000000
network_type=0
learning_momentum=0.000000
training_algorithm=2
train_error_function=1
train_stop_function=1
cascade_output_change_fraction=0.010000
quickprop_decay=-0.000100
quickprop_mu=1.750000
rprop_increase_factor=1.200000
rprop_decrease_factor=0.500000
rprop_delta_min=0.000000
rprop_delta_max=50.000000
rprop_delta_zero=0.100000
cascade_output_stagnation_epochs=12
cascade_candidate_change_fraction=0.010000
cascade_candidate_stagnation_epochs=12
cascade_max_out_epochs=150
cascade_min_out_epochs=50
cascade_max_cand_epochs=150
cascade_min_cand_epochs=50
cascade_num_candidate_groups=2
bit_fail_limit=1.00000000000000005551e-01
cascade_candidate_limit=1.00000000000000000000e+03
cascade_weight_multiplier=4.00000000000000022204e-01
cascade_activation_functions_count=10
cascade_activation_functions=3 5 7 8 10 11 14 15 16 17 
cascade_activation_steepnesses_count=4
cascade_activation_steepnesses=2.50000000000000000000e-01 5.00000000000000000000e-01 7.50000000000000000000e-01 1.00000000000000000000e+00 
layer_sizes=10 4 2 
scale_included=0
neurons (num_inputs, activation_function, activation_steepness)=(0, 0, 0.00000000000000000000e+00) (0, 0, 0.00000000000000000000e+00) (0, 0, 0.00000000000000000000e+00) (0, 0, 0.00000000000000000000e+00) (0, 0, 0.00000000000000000000e+00) (0, 0, 0.00000000000000000000e+00) (0, 0, 0.00000000000000000000e+00) (0, 0, 0.00000000000000000000e+00) (0, 0, 0.00000000000000000000e+00) (0, 0, 0.00000000000000000000e+00) (10, 6, 5.00000000000000000000e-01) (10, 6, 5.00000000000000000000e-01) (10, 6, 5.00000000000000000000e-01) (0, 6, 0.00000000000000000000e+00) (4, 4, 5.00000000000000000000e-01) (0, 4, 0.00000000000000000000e+00) 
connections (connected_to_neuron, weight)=(0, -2.29863310153355460130e+00) (1, 6.02103314903728392693e+00) (2, -2.54312017612689289514e-01) (3, -2.16569165069694480330e-01) (4, 2.17847401532202367136e+00) (5, 4.84500880660976385172e+00) (6, -4.15877833441179567409e-01) (7, 4.70574945450557269311e+00) (8, -6.36997838630459778386e-01) (9, -2.61645829310707700444e+00) (0, 5.22545060097121094600e+00) (1, -3.81907151927970289762e+00) (2, 2.65949514182960067288e+00) (3, 2.76629909490641789915e+00) (4, -6.02348279533291841581e-01) (5, -4.53828437047117017045e+00) (6, -4.42178098024230248342e+00) (7, -7.20268170425995446493e+00) (8, 2.51352925379385272464e+00) (9, 4.81379550321236138188e+00) (0, 4.04569839509498929697e-01) (1, 4.29525892266611919457e-01) (2, 2.97876483676587477945e-01) (3, 5.44366764445211703816e-01) (4, -1.32107572881735961801e+01) (5, -1.33745308194917225109e+01) (6, -1.49970955998452226687e-01) (7, -5.87249073652972519710e-01) (8, 1.07840948687269166939e+00) (9, 6.97722413576023936521e-01) (10, 5.32447242359828294411e+01) (11, -7.05159733043135759090e+01) (12, -2.11835854085114831946e+01) (13, -1.96569484715058329094e+00) 
