FANN_FLO_2.1
num_layers=3
learning_rate=0.700000
connection_rate=1.000000
network_type=0
learning_momentum=0.000000
training_algorithm=2
train_error_function=1
train_stop_function=1
cascade_output_change_fraction=0.010000
quickprop_decay=-0.000100
quickprop_mu=1.750000
rprop_increase_factor=1.200000
rprop_decrease_factor=0.500000
rprop_delta_min=0.000000
rprop_delta_max=50.000000
rprop_delta_zero=0.100000
cascade_output_stagnation_epochs=12
cascade_candidate_change_fraction=0.010000
cascade_candidate_stagnation_epochs=12
cascade_max_out_epochs=150
cascade_min_out_epochs=50
cascade_max_cand_epochs=150
cascade_min_cand_epochs=50
cascade_num_candidate_groups=2
bit_fail_limit=1.00000000000000005551e-01
cascade_candidate_limit=1.00000000000000000000e+03
cascade_weight_multiplier=4.00000000000000022204e-01
cascade_activation_functions_count=10
cascade_activation_functions=3 5 7 8 10 11 14 15 16 17 
cascade_activation_steepnesses_count=4
cascade_activation_steepnesses=2.50000000000000000000e-01 5.00000000000000000000e-01 7.50000000000000000000e-01 1.00000000000000000000e+00 
layer_sizes=12 4 2 
scale_included=0
neurons (num_inputs, activation_function, activation_steepness)=(0, 0, 0.00000000000000000000e+00) (0, 0, 0.00000000000000000000e+00) (0, 0, 0.00000000000000000000e+00) (0, 0, 0.00000000000000000000e+00) (0, 0, 0.00000000000000000000e+00) (0, 0, 0.00000000000000000000e+00) (0, 0, 0.00000000000000000000e+00) (0, 0, 0.00000000000000000000e+00) (0, 0, 0.00000000000000000000e+00) (0, 0, 0.00000000000000000000e+00) (0, 0, 0.00000000000000000000e+00) (0, 0, 0.00000000000000000000e+00) (12, 6, 5.00000000000000000000e-01) (12, 6, 5.00000000000000000000e-01) (12, 6, 5.00000000000000000000e-01) (0, 6, 0.00000000000000000000e+00) (4, 4, 5.00000000000000000000e-01) (0, 4, 0.00000000000000000000e+00) 
connections (connected_to_neuron, weight)=(0, 2.68800934098986266108e+00) (1, 1.23215153495400997485e+00) (2, 2.01985382308886379787e-01) (3, 3.73297386653286378255e-01) (4, 9.02148075098793023052e-01) (5, 8.31548495172407364784e-01) (6, 4.14802498761305538100e-01) (7, 6.46623913645368864067e-01) (8, -2.62608396996754422936e-01) (9, 5.86977889078862724581e-01) (10, 1.24553076535456508367e+00) (11, -2.05448520679914281573e+00) (0, 1.65138781778841692294e+00) (1, 2.16125650821008230551e+00) (2, 4.50463506453129536311e+00) (3, -3.35149739862281892400e+00) (4, 6.75764427571720549537e+00) (5, 1.68715651798831434149e+00) (6, 1.07538145054375977594e+00) (7, 2.41433971102745292825e+00) (8, 6.33354165194042639797e+00) (9, 2.38898960767871271216e+00) (10, 3.31985330488498453505e+00) (11, 9.44221999978753956384e+00) (0, 8.25559477414811282436e-01) (1, 1.31054437925542321963e+00) (2, 2.35007577883706991750e-01) (3, 3.88040711022478390646e-01) (4, 8.28897946997312007333e-01) (5, 4.88774307845118882732e-01) (6, 3.20573799104158618789e-01) (7, 4.48988557390272324810e-01) (8, -1.35324794043797463905e-01) (9, 2.42363856616583106529e-01) (10, 1.27043926328413814275e+00) (11, -1.76332699818498017663e+00) (12, 1.97549204173207613167e+02) (13, -1.97308365492887172188e+00) (14, 7.31121311887195020063e+01) (15, -2.14851209824035205287e+00) 
