FANN_FLO_2.1
num_layers=3
learning_rate=0.700000
connection_rate=1.000000
network_type=0
learning_momentum=0.000000
training_algorithm=2
train_error_function=1
train_stop_function=1
cascade_output_change_fraction=0.010000
quickprop_decay=-0.000100
quickprop_mu=1.750000
rprop_increase_factor=1.200000
rprop_decrease_factor=0.500000
rprop_delta_min=0.000000
rprop_delta_max=50.000000
rprop_delta_zero=0.100000
cascade_output_stagnation_epochs=12
cascade_candidate_change_fraction=0.010000
cascade_candidate_stagnation_epochs=12
cascade_max_out_epochs=150
cascade_min_out_epochs=50
cascade_max_cand_epochs=150
cascade_min_cand_epochs=50
cascade_num_candidate_groups=2
bit_fail_limit=1.00000000000000005551e-01
cascade_candidate_limit=1.00000000000000000000e+03
cascade_weight_multiplier=4.00000000000000022204e-01
cascade_activation_functions_count=10
cascade_activation_functions=3 5 7 8 10 11 14 15 16 17 
cascade_activation_steepnesses_count=4
cascade_activation_steepnesses=2.50000000000000000000e-01 5.00000000000000000000e-01 7.50000000000000000000e-01 1.00000000000000000000e+00 
layer_sizes=12 4 2 
scale_included=0
neurons (num_inputs, activation_function, activation_steepness)=(0, 0, 0.00000000000000000000e+00) (0, 0, 0.00000000000000000000e+00) (0, 0, 0.00000000000000000000e+00) (0, 0, 0.00000000000000000000e+00) (0, 0, 0.00000000000000000000e+00) (0, 0, 0.00000000000000000000e+00) (0, 0, 0.00000000000000000000e+00) (0, 0, 0.00000000000000000000e+00) (0, 0, 0.00000000000000000000e+00) (0, 0, 0.00000000000000000000e+00) (0, 0, 0.00000000000000000000e+00) (0, 0, 0.00000000000000000000e+00) (12, 6, 5.00000000000000000000e-01) (12, 6, 5.00000000000000000000e-01) (12, 6, 5.00000000000000000000e-01) (0, 6, 0.00000000000000000000e+00) (4, 4, 5.00000000000000000000e-01) (0, 4, 0.00000000000000000000e+00) 
connections (connected_to_neuron, weight)=(0, 8.65222884800663893934e-01) (1, 1.53017955450934572958e+00) (2, 1.76448934507739996214e+00) (3, 1.75371291470897650022e+00) (4, 1.68855380472474458919e+00) (5, 2.05832425179299005613e-01) (6, 6.38800119349636119637e+00) (7, 1.82854710511085194469e+00) (8, 1.56901891614280503129e-01) (9, -5.67160509224786557603e-01) (10, 2.22503762589754439105e+00) (11, -2.40753479458663344204e+00) (0, 3.03795654026124739566e-01) (1, 1.31681687581968809297e+00) (2, 1.49606095824462581589e+00) (3, 6.08189122940954729479e-01) (4, 6.69091353172736824639e-01) (5, 1.64348319776561480055e+00) (6, 6.19247572455607686592e-01) (7, 4.15671079132738974238e+00) (8, -5.37078147998667265739e-01) (9, 5.19568004809041680825e-02) (10, 5.19717005356921113446e-01) (11, -1.76132920099764528343e-01) (0, -3.46951374451622496231e-01) (1, -5.21376630717072409027e-01) (2, -2.23479345994705175249e-01) (3, -2.13793377213543106530e-01) (4, -5.20605935189118351758e-01) (5, -3.13869090925303628747e-02) (6, -4.65949141037495739859e-01) (7, -1.66386677986369801996e-01) (8, -5.37301300650800395253e-01) (9, 8.14996033465758662473e-01) (10, -5.31124954679356942044e-01) (11, 7.08891064010415017371e-01) (12, 3.00386228590524906323e+00) (13, 1.69959249737663020685e-01) (14, -1.20501031129060174862e+03) (15, -2.61801690848399815081e+00) 
