FANN_FLO_2.1
num_layers=3
learning_rate=0.700000
connection_rate=1.000000
network_type=0
learning_momentum=0.000000
training_algorithm=2
train_error_function=1
train_stop_function=1
cascade_output_change_fraction=0.010000
quickprop_decay=-0.000100
quickprop_mu=1.750000
rprop_increase_factor=1.200000
rprop_decrease_factor=0.500000
rprop_delta_min=0.000000
rprop_delta_max=50.000000
rprop_delta_zero=0.100000
cascade_output_stagnation_epochs=12
cascade_candidate_change_fraction=0.010000
cascade_candidate_stagnation_epochs=12
cascade_max_out_epochs=150
cascade_min_out_epochs=50
cascade_max_cand_epochs=150
cascade_min_cand_epochs=50
cascade_num_candidate_groups=2
bit_fail_limit=1.00000000000000005551e-01
cascade_candidate_limit=1.00000000000000000000e+03
cascade_weight_multiplier=4.00000000000000022204e-01
cascade_activation_functions_count=10
cascade_activation_functions=3 5 7 8 10 11 14 15 16 17 
cascade_activation_steepnesses_count=4
cascade_activation_steepnesses=2.50000000000000000000e-01 5.00000000000000000000e-01 7.50000000000000000000e-01 1.00000000000000000000e+00 
layer_sizes=18 4 2 
scale_included=0
neurons (num_inputs, activation_function, activation_steepness)=(0, 0, 0.00000000000000000000e+00) (0, 0, 0.00000000000000000000e+00) (0, 0, 0.00000000000000000000e+00) (0, 0, 0.00000000000000000000e+00) (0, 0, 0.00000000000000000000e+00) (0, 0, 0.00000000000000000000e+00) (0, 0, 0.00000000000000000000e+00) (0, 0, 0.00000000000000000000e+00) (0, 0, 0.00000000000000000000e+00) (0, 0, 0.00000000000000000000e+00) (0, 0, 0.00000000000000000000e+00) (0, 0, 0.00000000000000000000e+00) (0, 0, 0.00000000000000000000e+00) (0, 0, 0.00000000000000000000e+00) (0, 0, 0.00000000000000000000e+00) (0, 0, 0.00000000000000000000e+00) (0, 0, 0.00000000000000000000e+00) (0, 0, 0.00000000000000000000e+00) (18, 6, 5.00000000000000000000e-01) (18, 6, 5.00000000000000000000e-01) (18, 6, 5.00000000000000000000e-01) (0, 6, 0.00000000000000000000e+00) (4, 4, 5.00000000000000000000e-01) (0, 4, 0.00000000000000000000e+00) 
connections (connected_to_neuron, weight)=(0, -1.53117219106980040344e+00) (1, 1.24758534025023255509e+01) (2, -2.84202168976519997656e+00) (3, -1.70370997720941108611e+00) (4, 5.85512456195645958346e-01) (5, -1.86920395606516209774e+00) (6, 5.14788892787849228228e+00) (7, 1.63753717866920851520e+01) (8, -5.05823413961656243032e+00) (9, -2.14765489461987868491e-01) (10, -8.24171585260415479057e-02) (11, 5.28995994796652713177e-02) (12, -5.59599695187021572984e-01) (13, 8.59511410778282192169e-01) (14, 1.25730779069213288723e-01) (15, -7.45611775440581103780e-01) (16, 5.56860014648967505124e-01) (17, -3.10479758248280424127e+00) (0, -2.12842093987907682306e-01) (1, 5.62824272794302027378e-01) (2, -1.86688937021563194918e-01) (3, 4.18000798005533302781e-01) (4, 3.59912478609633845750e+00) (5, 2.03173323049206544511e-01) (6, 2.31359313646087860761e-01) (7, 1.30390054436577207397e+00) (8, -1.10626933755321976705e+00) (9, 4.35032331452274989569e-01) (10, 7.33649679482389416307e+00) (11, 2.58783087961411195632e-01) (12, -1.72630262141520396391e+00) (13, -3.82669193220998771210e+00) (14, -3.28970487245828335787e+00) (15, -2.30061353468254470300e+00) (16, -3.34249429979831402804e+00) (17, -2.39593105597938810236e-01) (0, 1.18987640652262460783e+00) (1, -7.17657841396869833339e-01) (2, -3.68274181180487936160e+00) (3, -8.94668275560128734014e+00) (4, -4.66244692865910348445e+00) (5, -9.91375028449634143612e+00) (6, -1.30952701840322399685e-02) (7, -3.19761597451093004807e+00) (8, 1.81087331249476712891e+00) (9, -9.00774904840786305726e+00) (10, -5.98629238854534317937e+00) (11, -5.35196603123049818862e+00) (12, 5.87561853327957983595e+00) (13, 2.44904107082009891982e+00) (14, 3.28485611576370839515e+00) (15, 5.77361429213970289709e+00) (16, 2.48402855783541953727e+00) (17, 1.03263739594714376580e+00) (18, 4.61700243794331122160e+00) (19, 7.65379369663110598054e-01) (20, -3.56543335361079893886e+00) (21, -3.99967044798852233711e+00) 
