FANN_FLO_2.1
num_layers=3
learning_rate=0.700000
connection_rate=1.000000
network_type=0
learning_momentum=0.000000
training_algorithm=2
train_error_function=1
train_stop_function=1
cascade_output_change_fraction=0.010000
quickprop_decay=-0.000100
quickprop_mu=1.750000
rprop_increase_factor=1.200000
rprop_decrease_factor=0.500000
rprop_delta_min=0.000000
rprop_delta_max=50.000000
rprop_delta_zero=0.100000
cascade_output_stagnation_epochs=12
cascade_candidate_change_fraction=0.010000
cascade_candidate_stagnation_epochs=12
cascade_max_out_epochs=150
cascade_min_out_epochs=50
cascade_max_cand_epochs=150
cascade_min_cand_epochs=50
cascade_num_candidate_groups=2
bit_fail_limit=1.00000000000000005551e-01
cascade_candidate_limit=1.00000000000000000000e+03
cascade_weight_multiplier=4.00000000000000022204e-01
cascade_activation_functions_count=10
cascade_activation_functions=3 5 7 8 10 11 14 15 16 17 
cascade_activation_steepnesses_count=4
cascade_activation_steepnesses=2.50000000000000000000e-01 5.00000000000000000000e-01 7.50000000000000000000e-01 1.00000000000000000000e+00 
layer_sizes=10 4 2 
scale_included=0
neurons (num_inputs, activation_function, activation_steepness)=(0, 0, 0.00000000000000000000e+00) (0, 0, 0.00000000000000000000e+00) (0, 0, 0.00000000000000000000e+00) (0, 0, 0.00000000000000000000e+00) (0, 0, 0.00000000000000000000e+00) (0, 0, 0.00000000000000000000e+00) (0, 0, 0.00000000000000000000e+00) (0, 0, 0.00000000000000000000e+00) (0, 0, 0.00000000000000000000e+00) (0, 0, 0.00000000000000000000e+00) (10, 6, 5.00000000000000000000e-01) (10, 6, 5.00000000000000000000e-01) (10, 6, 5.00000000000000000000e-01) (0, 6, 0.00000000000000000000e+00) (4, 4, 5.00000000000000000000e-01) (0, 4, 0.00000000000000000000e+00) 
connections (connected_to_neuron, weight)=(0, 3.13284753430663442941e+00) (1, -1.51652198926950343427e+00) (2, 2.57929018066202697668e+00) (3, 2.11550720694560245860e+00) (4, -1.58139525451503342168e+01) (5, -1.04754146225863209452e+01) (6, 6.40021826809716554152e+00) (7, 7.99828463456117333408e+01) (8, 9.74384716187991983816e+00) (9, 3.38025679452004901293e+00) (0, 6.20765209894994507422e-02) (1, 9.14635828523849281346e-01) (2, 1.20617026756984446756e+00) (3, 1.24441211387974082214e+00) (4, -3.27651855843789485689e+00) (5, -2.87991084689695284737e+01) (6, 6.12348196004416700511e-01) (7, -2.47219354295969218072e+01) (8, -1.24532999501957036825e-01) (9, 2.22968740597407188986e+00) (0, -3.56174769238254640413e+00) (1, 3.18052292114222989738e+00) (2, -1.26040868984974263611e+00) (3, -9.86940429309710043349e-01) (4, 3.13898821650241688364e-01) (5, 9.86026275282162245617e-01) (6, 1.91949907249830653555e+00) (7, 3.46390569286457639109e+00) (8, -2.66200086572629768256e+00) (9, -2.37285705146093173212e+00) (10, -5.13470374787507033432e+00) (11, -1.45355229215941470500e+01) (12, 3.65287888487596461573e+01) (13, -1.91187694306365929542e+00) 
