FANN_FLO_2.1
num_layers=3
learning_rate=0.700000
connection_rate=1.000000
network_type=0
learning_momentum=0.000000
training_algorithm=2
train_error_function=1
train_stop_function=1
cascade_output_change_fraction=0.010000
quickprop_decay=-0.000100
quickprop_mu=1.750000
rprop_increase_factor=1.200000
rprop_decrease_factor=0.500000
rprop_delta_min=0.000000
rprop_delta_max=50.000000
rprop_delta_zero=0.100000
cascade_output_stagnation_epochs=12
cascade_candidate_change_fraction=0.010000
cascade_candidate_stagnation_epochs=12
cascade_max_out_epochs=150
cascade_min_out_epochs=50
cascade_max_cand_epochs=150
cascade_min_cand_epochs=50
cascade_num_candidate_groups=2
bit_fail_limit=1.00000000000000005551e-01
cascade_candidate_limit=1.00000000000000000000e+03
cascade_weight_multiplier=4.00000000000000022204e-01
cascade_activation_functions_count=10
cascade_activation_functions=3 5 7 8 10 11 14 15 16 17 
cascade_activation_steepnesses_count=4
cascade_activation_steepnesses=2.50000000000000000000e-01 5.00000000000000000000e-01 7.50000000000000000000e-01 1.00000000000000000000e+00 
layer_sizes=12 4 2 
scale_included=0
neurons (num_inputs, activation_function, activation_steepness)=(0, 0, 0.00000000000000000000e+00) (0, 0, 0.00000000000000000000e+00) (0, 0, 0.00000000000000000000e+00) (0, 0, 0.00000000000000000000e+00) (0, 0, 0.00000000000000000000e+00) (0, 0, 0.00000000000000000000e+00) (0, 0, 0.00000000000000000000e+00) (0, 0, 0.00000000000000000000e+00) (0, 0, 0.00000000000000000000e+00) (0, 0, 0.00000000000000000000e+00) (0, 0, 0.00000000000000000000e+00) (0, 0, 0.00000000000000000000e+00) (12, 6, 5.00000000000000000000e-01) (12, 6, 5.00000000000000000000e-01) (12, 6, 5.00000000000000000000e-01) (0, 6, 0.00000000000000000000e+00) (4, 4, 5.00000000000000000000e-01) (0, 4, 0.00000000000000000000e+00) 
connections (connected_to_neuron, weight)=(0, 1.59518145191851923315e+00) (1, -4.57769876800515229665e-01) (2, 1.52355264130012235668e+00) (3, 8.25026892228840402765e+00) (4, -1.95384991239182994605e+01) (5, -6.76699100301044520478e-01) (6, -1.76566097514300301974e-01) (7, -5.98044045384404018839e-02) (8, 2.46666830581444296300e+00) (9, 1.81470136978754692514e+00) (10, -9.63441926636988199562e+00) (11, 5.35225868068791355014e-01) (0, -4.98639505815505867936e-01) (1, -9.40846549977457979885e-01) (2, 4.13326037988692363001e+00) (3, 2.41214326432596770644e-01) (4, 2.73369319338653438134e-01) (5, -2.01934550733701234648e+00) (6, 7.65394578102632672234e-01) (7, -2.76479854822721596297e-02) (8, 3.02195402975024979275e-02) (9, 7.25747934672697048164e-01) (10, 1.45579172854775951151e+00) (11, 4.39613920854332707044e-01) (0, -6.00347744784255876738e+00) (1, -2.28906038282412582774e+00) (2, -7.60176546980205314341e-01) (3, -1.43172877788061714277e+00) (4, -9.47531600230868353840e-01) (5, -2.21364105951647394122e+00) (6, -1.76346871813936112439e+00) (7, -1.31858894229402778819e+00) (8, -1.48046142209374642640e+00) (9, -5.65350932136031492092e-01) (10, 1.33322423065567852163e-01) (11, 4.27940845907099287615e+00) (12, -1.32031494837108223095e+01) (13, -5.57148338104310258956e+00) (14, -9.68052781380666260702e+01) (15, -1.87454995867495100015e+00) 
