FANN_FLO_2.1
num_layers=3
learning_rate=0.700000
connection_rate=1.000000
network_type=0
learning_momentum=0.000000
training_algorithm=2
train_error_function=1
train_stop_function=1
cascade_output_change_fraction=0.010000
quickprop_decay=-0.000100
quickprop_mu=1.750000
rprop_increase_factor=1.200000
rprop_decrease_factor=0.500000
rprop_delta_min=0.000000
rprop_delta_max=50.000000
rprop_delta_zero=0.100000
cascade_output_stagnation_epochs=12
cascade_candidate_change_fraction=0.010000
cascade_candidate_stagnation_epochs=12
cascade_max_out_epochs=150
cascade_min_out_epochs=50
cascade_max_cand_epochs=150
cascade_min_cand_epochs=50
cascade_num_candidate_groups=2
bit_fail_limit=1.00000000000000005551e-01
cascade_candidate_limit=1.00000000000000000000e+03
cascade_weight_multiplier=4.00000000000000022204e-01
cascade_activation_functions_count=10
cascade_activation_functions=3 5 7 8 10 11 14 15 16 17 
cascade_activation_steepnesses_count=4
cascade_activation_steepnesses=2.50000000000000000000e-01 5.00000000000000000000e-01 7.50000000000000000000e-01 1.00000000000000000000e+00 
layer_sizes=12 4 2 
scale_included=0
neurons (num_inputs, activation_function, activation_steepness)=(0, 0, 0.00000000000000000000e+00) (0, 0, 0.00000000000000000000e+00) (0, 0, 0.00000000000000000000e+00) (0, 0, 0.00000000000000000000e+00) (0, 0, 0.00000000000000000000e+00) (0, 0, 0.00000000000000000000e+00) (0, 0, 0.00000000000000000000e+00) (0, 0, 0.00000000000000000000e+00) (0, 0, 0.00000000000000000000e+00) (0, 0, 0.00000000000000000000e+00) (0, 0, 0.00000000000000000000e+00) (0, 0, 0.00000000000000000000e+00) (12, 6, 5.00000000000000000000e-01) (12, 6, 5.00000000000000000000e-01) (12, 6, 5.00000000000000000000e-01) (0, 6, 0.00000000000000000000e+00) (4, 4, 5.00000000000000000000e-01) (0, 4, 0.00000000000000000000e+00) 
connections (connected_to_neuron, weight)=(0, -3.04885406728968799683e+00) (1, 1.66501480940437884826e+00) (2, 2.02025539069249937540e+00) (3, 3.91908397242200501331e-01) (4, 3.14819788346051676609e-01) (5, -8.17629801215162266281e-01) (6, 1.12838064278443961364e+00) (7, 2.78056890549228752363e+00) (8, 1.56548182265464008722e+00) (9, -1.50906058477406390672e+00) (10, 2.55987388817272520924e+00) (11, -3.23510329336098978459e+00) (0, 4.86696872482917619607e+00) (1, -2.87515498025082916200e+00) (2, -2.36801849969929278927e+00) (3, -1.70109066286071253238e+00) (4, -1.55133525201066446719e+00) (5, 2.49156773336819314935e+00) (6, -5.14353287377449408524e+00) (7, -3.11213918391838140209e+00) (8, -2.90015633602907030308e+00) (9, 2.35275934354474935972e+00) (10, -4.87046475512797361063e+00) (11, 5.07008610857216712731e+00) (0, 1.16753322803603309943e+00) (1, -2.20160846791891051666e+00) (2, -3.36385290978601425582e-01) (3, -2.21580108164933509141e-02) (4, 9.99918180379149035275e-02) (5, -9.28959214001526256688e-03) (6, -1.87945537541310409013e-01) (7, -2.24092412338504687330e-01) (8, -1.10557788898610298567e+00) (9, 1.49083900437281424711e-01) (10, -6.56815652845658903836e-01) (11, 1.37466360110899188385e+00) (12, 1.71767605640242813081e+01) (13, -1.18886236374976860475e+02) (14, -8.61139839629839420887e-01) (15, -1.85641837800555364879e+00) 
