FANN_FLO_2.1
num_layers=3
learning_rate=0.700000
connection_rate=1.000000
network_type=0
learning_momentum=0.000000
training_algorithm=2
train_error_function=1
train_stop_function=1
cascade_output_change_fraction=0.010000
quickprop_decay=-0.000100
quickprop_mu=1.750000
rprop_increase_factor=1.200000
rprop_decrease_factor=0.500000
rprop_delta_min=0.000000
rprop_delta_max=50.000000
rprop_delta_zero=0.100000
cascade_output_stagnation_epochs=12
cascade_candidate_change_fraction=0.010000
cascade_candidate_stagnation_epochs=12
cascade_max_out_epochs=150
cascade_min_out_epochs=50
cascade_max_cand_epochs=150
cascade_min_cand_epochs=50
cascade_num_candidate_groups=2
bit_fail_limit=1.00000000000000005551e-01
cascade_candidate_limit=1.00000000000000000000e+03
cascade_weight_multiplier=4.00000000000000022204e-01
cascade_activation_functions_count=10
cascade_activation_functions=3 5 7 8 10 11 14 15 16 17 
cascade_activation_steepnesses_count=4
cascade_activation_steepnesses=2.50000000000000000000e-01 5.00000000000000000000e-01 7.50000000000000000000e-01 1.00000000000000000000e+00 
layer_sizes=12 4 2 
scale_included=0
neurons (num_inputs, activation_function, activation_steepness)=(0, 0, 0.00000000000000000000e+00) (0, 0, 0.00000000000000000000e+00) (0, 0, 0.00000000000000000000e+00) (0, 0, 0.00000000000000000000e+00) (0, 0, 0.00000000000000000000e+00) (0, 0, 0.00000000000000000000e+00) (0, 0, 0.00000000000000000000e+00) (0, 0, 0.00000000000000000000e+00) (0, 0, 0.00000000000000000000e+00) (0, 0, 0.00000000000000000000e+00) (0, 0, 0.00000000000000000000e+00) (0, 0, 0.00000000000000000000e+00) (12, 6, 5.00000000000000000000e-01) (12, 6, 5.00000000000000000000e-01) (12, 6, 5.00000000000000000000e-01) (0, 6, 0.00000000000000000000e+00) (4, 4, 5.00000000000000000000e-01) (0, 4, 0.00000000000000000000e+00) 
connections (connected_to_neuron, weight)=(0, -1.18567956753566914330e+01) (1, -1.56731775729463507218e+00) (2, -7.72394815353777364209e+00) (3, -1.15320939693123118985e+01) (4, 8.01145615085740026018e+00) (5, 6.63221339920452113148e+00) (6, -4.26129450063379344726e+00) (7, 5.11964083388343738079e+00) (8, 2.13032505913069947212e+00) (9, 2.57286916982001967469e+00) (10, 2.33600611890071485632e+00) (11, 6.75558458858130883584e+00) (0, 4.89863746293992452507e+00) (1, 6.53221513415946142267e-01) (2, -3.51268086387171729612e+00) (3, -7.22335441753243223673e+00) (4, 6.33304751542132171593e-01) (5, 4.25894963006970073138e+01) (6, -1.09564781518308596020e+00) (7, 5.13756001451090416055e+00) (8, 2.53812754091753056684e+00) (9, -1.51236522669757889048e+00) (10, -1.49623179976968434524e+00) (11, -1.80338009441378188669e+00) (0, 8.20937160905459784033e+00) (1, 2.42459286486080172196e+00) (2, 1.69246423628308284570e+00) (3, 7.48697563651648057004e+00) (4, -1.19588862796289721047e+01) (5, -2.57521007112973565611e+00) (6, 3.38101981168938792166e+00) (7, 1.08213592252057266840e+00) (8, 9.55214728392814738100e-01) (9, 3.71833702032505408752e+00) (10, 3.70754407638654592816e+00) (11, -5.93992725991486469894e+00) (12, -1.08891212613093681938e+01) (13, 1.57345641921635461813e+01) (14, 2.02437513236197084154e+01) (15, -9.07829688425308312105e-01) 
