FANN_FLO_2.1
num_layers=3
learning_rate=0.700000
connection_rate=1.000000
network_type=0
learning_momentum=0.000000
training_algorithm=2
train_error_function=1
train_stop_function=1
cascade_output_change_fraction=0.010000
quickprop_decay=-0.000100
quickprop_mu=1.750000
rprop_increase_factor=1.200000
rprop_decrease_factor=0.500000
rprop_delta_min=0.000000
rprop_delta_max=50.000000
rprop_delta_zero=0.100000
cascade_output_stagnation_epochs=12
cascade_candidate_change_fraction=0.010000
cascade_candidate_stagnation_epochs=12
cascade_max_out_epochs=150
cascade_min_out_epochs=50
cascade_max_cand_epochs=150
cascade_min_cand_epochs=50
cascade_num_candidate_groups=2
bit_fail_limit=1.00000000000000005551e-01
cascade_candidate_limit=1.00000000000000000000e+03
cascade_weight_multiplier=4.00000000000000022204e-01
cascade_activation_functions_count=10
cascade_activation_functions=3 5 7 8 10 11 14 15 16 17 
cascade_activation_steepnesses_count=4
cascade_activation_steepnesses=2.50000000000000000000e-01 5.00000000000000000000e-01 7.50000000000000000000e-01 1.00000000000000000000e+00 
layer_sizes=8 4 2 
scale_included=0
neurons (num_inputs, activation_function, activation_steepness)=(0, 0, 0.00000000000000000000e+00) (0, 0, 0.00000000000000000000e+00) (0, 0, 0.00000000000000000000e+00) (0, 0, 0.00000000000000000000e+00) (0, 0, 0.00000000000000000000e+00) (0, 0, 0.00000000000000000000e+00) (0, 0, 0.00000000000000000000e+00) (0, 0, 0.00000000000000000000e+00) (8, 6, 5.00000000000000000000e-01) (8, 6, 5.00000000000000000000e-01) (8, 6, 5.00000000000000000000e-01) (0, 6, 0.00000000000000000000e+00) (4, 4, 5.00000000000000000000e-01) (0, 4, 0.00000000000000000000e+00) 
connections (connected_to_neuron, weight)=(0, 1.52565530348893863000e-01) (1, 5.67637696005424174928e+00) (2, 1.69405781734284499596e-01) (3, 1.11557146223288938813e-01) (4, 2.44892686206274623473e+00) (5, 2.36960065844693978931e+00) (6, 2.55087003085189456542e+00) (7, -1.85597904772671518092e-01) (0, -1.30347445756547830609e-01) (1, 8.88457785313363146429e+00) (2, 5.05740177155624959227e+00) (3, 2.81181454143281950309e+00) (4, -1.47381195159950761919e+00) (5, -1.19465782429710065671e+00) (6, -1.73675740421251290080e+00) (7, 1.64888107773984859961e+00) (0, 7.13592416627073400370e-01) (1, 3.24888016454650596643e+01) (2, 4.81786605942871037911e-01) (3, -4.26031839604853357351e-01) (4, 2.07419990264945530711e+00) (5, 2.42127398411421035362e+00) (6, 2.01424948015385174571e+00) (7, -1.57361381831863544889e+00) (8, 4.21832530320064791329e-01) (9, -4.07670323516523680496e+00) (10, 1.42741374751505620821e+01) (11, -1.44259584280946917545e+00) 
