FANN_FLO_2.1
num_layers=3
learning_rate=0.700000
connection_rate=1.000000
network_type=0
learning_momentum=0.000000
training_algorithm=2
train_error_function=1
train_stop_function=1
cascade_output_change_fraction=0.010000
quickprop_decay=-0.000100
quickprop_mu=1.750000
rprop_increase_factor=1.200000
rprop_decrease_factor=0.500000
rprop_delta_min=0.000000
rprop_delta_max=50.000000
rprop_delta_zero=0.100000
cascade_output_stagnation_epochs=12
cascade_candidate_change_fraction=0.010000
cascade_candidate_stagnation_epochs=12
cascade_max_out_epochs=150
cascade_min_out_epochs=50
cascade_max_cand_epochs=150
cascade_min_cand_epochs=50
cascade_num_candidate_groups=2
bit_fail_limit=1.00000000000000005551e-01
cascade_candidate_limit=1.00000000000000000000e+03
cascade_weight_multiplier=4.00000000000000022204e-01
cascade_activation_functions_count=10
cascade_activation_functions=3 5 7 8 10 11 14 15 16 17 
cascade_activation_steepnesses_count=4
cascade_activation_steepnesses=2.50000000000000000000e-01 5.00000000000000000000e-01 7.50000000000000000000e-01 1.00000000000000000000e+00 
layer_sizes=8 4 2 
scale_included=0
neurons (num_inputs, activation_function, activation_steepness)=(0, 0, 0.00000000000000000000e+00) (0, 0, 0.00000000000000000000e+00) (0, 0, 0.00000000000000000000e+00) (0, 0, 0.00000000000000000000e+00) (0, 0, 0.00000000000000000000e+00) (0, 0, 0.00000000000000000000e+00) (0, 0, 0.00000000000000000000e+00) (0, 0, 0.00000000000000000000e+00) (8, 6, 5.00000000000000000000e-01) (8, 6, 5.00000000000000000000e-01) (8, 6, 5.00000000000000000000e-01) (0, 6, 0.00000000000000000000e+00) (4, 4, 5.00000000000000000000e-01) (0, 4, 0.00000000000000000000e+00) 
connections (connected_to_neuron, weight)=(0, 1.08541510540314334321e+00) (1, 4.15454348798865957804e+00) (2, 3.25577323682381347680e+01) (3, -2.27611267272967876529e-01) (4, -8.73705887605695785680e-01) (5, 4.15706420566911383219e+00) (6, 3.64523062502176653510e+00) (7, -2.92001729542369758974e+00) (0, 5.04942704061917102543e-01) (1, 1.85829390567169427939e+00) (2, 1.35230762642286883590e+01) (3, -8.91567866516476681404e-02) (4, -3.82768697332286467194e-01) (5, 1.85673090797291040488e+00) (6, 1.92842746736963688292e+00) (7, -8.87270820834946682965e-01) (0, -3.58491668212930214565e-02) (1, -1.40145429103714524999e+00) (2, 5.23536858511891356471e-01) (3, 5.58177681206718290241e-01) (4, 9.02143006753730603009e-01) (5, -1.34937967985016404882e+00) (6, -1.29279521148905685024e+00) (7, 6.69890276561783459819e-01) (8, 6.77947205365758964746e+00) (9, 4.30250871640813503660e+00) (10, -2.29856553006756314517e+00) (11, -2.36693814263756241445e+00) 
