FANN_FLO_2.1
num_layers=3
learning_rate=0.700000
connection_rate=1.000000
network_type=0
learning_momentum=0.000000
training_algorithm=2
train_error_function=1
train_stop_function=1
cascade_output_change_fraction=0.010000
quickprop_decay=-0.000100
quickprop_mu=1.750000
rprop_increase_factor=1.200000
rprop_decrease_factor=0.500000
rprop_delta_min=0.000000
rprop_delta_max=50.000000
rprop_delta_zero=0.100000
cascade_output_stagnation_epochs=12
cascade_candidate_change_fraction=0.010000
cascade_candidate_stagnation_epochs=12
cascade_max_out_epochs=150
cascade_min_out_epochs=50
cascade_max_cand_epochs=150
cascade_min_cand_epochs=50
cascade_num_candidate_groups=2
bit_fail_limit=1.00000000000000005551e-01
cascade_candidate_limit=1.00000000000000000000e+03
cascade_weight_multiplier=4.00000000000000022204e-01
cascade_activation_functions_count=10
cascade_activation_functions=3 5 7 8 10 11 14 15 16 17 
cascade_activation_steepnesses_count=4
cascade_activation_steepnesses=2.50000000000000000000e-01 5.00000000000000000000e-01 7.50000000000000000000e-01 1.00000000000000000000e+00 
layer_sizes=18 4 2 
scale_included=0
neurons (num_inputs, activation_function, activation_steepness)=(0, 0, 0.00000000000000000000e+00) (0, 0, 0.00000000000000000000e+00) (0, 0, 0.00000000000000000000e+00) (0, 0, 0.00000000000000000000e+00) (0, 0, 0.00000000000000000000e+00) (0, 0, 0.00000000000000000000e+00) (0, 0, 0.00000000000000000000e+00) (0, 0, 0.00000000000000000000e+00) (0, 0, 0.00000000000000000000e+00) (0, 0, 0.00000000000000000000e+00) (0, 0, 0.00000000000000000000e+00) (0, 0, 0.00000000000000000000e+00) (0, 0, 0.00000000000000000000e+00) (0, 0, 0.00000000000000000000e+00) (0, 0, 0.00000000000000000000e+00) (0, 0, 0.00000000000000000000e+00) (0, 0, 0.00000000000000000000e+00) (0, 0, 0.00000000000000000000e+00) (18, 6, 5.00000000000000000000e-01) (18, 6, 5.00000000000000000000e-01) (18, 6, 5.00000000000000000000e-01) (0, 6, 0.00000000000000000000e+00) (4, 4, 5.00000000000000000000e-01) (0, 4, 0.00000000000000000000e+00) 
connections (connected_to_neuron, weight)=(0, -1.56527426688553017442e-01) (1, 1.22127649174576422553e+01) (2, 3.16550646515507821954e-02) (3, -1.72616684148479127003e+00) (4, -1.97551276869382785861e-01) (5, -2.95649955236751277310e-02) (6, -9.52799295649951694109e-01) (7, -1.20596558674897780250e+00) (8, 7.46403764898773358638e-01) (9, 3.25853113699710261741e-01) (10, 1.18046273262347289901e+00) (11, 1.03954790918270245648e+00) (12, 5.64872528324210310124e-01) (13, -9.36030843592123074082e-01) (14, 1.57795827500280272382e+00) (15, 9.36430648392987619033e-01) (16, 6.45380733855573396340e+00) (17, -2.48199225560366165677e-01) (0, -2.23427857468186097378e+00) (1, 1.06460451453107696196e+00) (2, 2.05053479865448695652e-01) (3, 5.31092271511396329942e+00) (4, -3.58573072612265697501e+00) (5, -3.62482596024619496689e+00) (6, 1.36635966110864472967e+01) (7, 3.24884383430320500263e-01) (8, 2.45802465072651532552e+00) (9, -3.84293572015014195387e+00) (10, 2.01166247183558644096e+00) (11, -7.72819728622466173285e-01) (12, -1.10472998798343757798e+00) (13, 2.17316606978741555523e-01) (14, -9.86642220358441845995e-01) (15, -1.01526285229614874339e+01) (16, -2.45572355155642796376e+00) (17, -2.67240080910279198534e+00) (0, -1.40112568118974301079e+00) (1, 1.02748395374365797394e+00) (2, 5.88358841624155282091e+00) (3, 5.77191679557262915523e+00) (4, 1.30449705120049802565e-01) (5, -4.19094690986009030254e-02) (6, 2.23747153771292062174e+00) (7, -3.97018447372455973721e+00) (8, 1.63614691024221192706e+00) (9, 9.00809180003429854633e-02) (10, -5.32077857688033706296e+00) (11, 7.42977357503391694360e-03) (12, -2.18201865103332323659e-02) (13, -4.06190989165549787288e+00) (14, -1.40506810532768366961e-01) (15, 1.47289075299935734442e-01) (16, -6.90567178031046391418e-01) (17, -1.59910728348455810632e+00) (18, 7.03921976857566988883e+00) (19, 9.48150512411075574448e+00) (20, 9.32141823900448152074e+00) (21, -2.76820334989128324921e+00) 
