FANN_FLO_2.1
num_layers=3
learning_rate=0.700000
connection_rate=1.000000
network_type=0
learning_momentum=0.000000
training_algorithm=2
train_error_function=1
train_stop_function=1
cascade_output_change_fraction=0.010000
quickprop_decay=-0.000100
quickprop_mu=1.750000
rprop_increase_factor=1.200000
rprop_decrease_factor=0.500000
rprop_delta_min=0.000000
rprop_delta_max=50.000000
rprop_delta_zero=0.100000
cascade_output_stagnation_epochs=12
cascade_candidate_change_fraction=0.010000
cascade_candidate_stagnation_epochs=12
cascade_max_out_epochs=150
cascade_min_out_epochs=50
cascade_max_cand_epochs=150
cascade_min_cand_epochs=50
cascade_num_candidate_groups=2
bit_fail_limit=1.00000000000000005551e-01
cascade_candidate_limit=1.00000000000000000000e+03
cascade_weight_multiplier=4.00000000000000022204e-01
cascade_activation_functions_count=10
cascade_activation_functions=3 5 7 8 10 11 14 15 16 17 
cascade_activation_steepnesses_count=4
cascade_activation_steepnesses=2.50000000000000000000e-01 5.00000000000000000000e-01 7.50000000000000000000e-01 1.00000000000000000000e+00 
layer_sizes=10 4 2 
scale_included=0
neurons (num_inputs, activation_function, activation_steepness)=(0, 0, 0.00000000000000000000e+00) (0, 0, 0.00000000000000000000e+00) (0, 0, 0.00000000000000000000e+00) (0, 0, 0.00000000000000000000e+00) (0, 0, 0.00000000000000000000e+00) (0, 0, 0.00000000000000000000e+00) (0, 0, 0.00000000000000000000e+00) (0, 0, 0.00000000000000000000e+00) (0, 0, 0.00000000000000000000e+00) (0, 0, 0.00000000000000000000e+00) (10, 6, 5.00000000000000000000e-01) (10, 6, 5.00000000000000000000e-01) (10, 6, 5.00000000000000000000e-01) (0, 6, 0.00000000000000000000e+00) (4, 4, 5.00000000000000000000e-01) (0, 4, 0.00000000000000000000e+00) 
connections (connected_to_neuron, weight)=(0, 6.38469269059335697847e+00) (1, -4.08260394016797079075e+00) (2, -6.52949438085565869727e+00) (3, 1.49481206990768722420e+00) (4, 1.43946168660302808995e+00) (5, 6.96326009485810137889e-01) (6, 1.20885748259927439108e+00) (7, 7.32237084515527847373e+00) (8, 1.20926609989381050880e+00) (9, 6.39032505385314930635e+00) (0, -3.62925395921724591730e+00) (1, 3.52517010709355282927e+00) (2, 4.12365175042064535660e+00) (3, -5.51496078575774983932e-03) (4, -1.27593136571478105168e+00) (5, 9.70568320554534125222e-01) (6, 1.73233046888393915630e-01) (7, -2.05540934986997170242e+00) (8, 1.50254922778922356263e-01) (9, -3.67340032190936360834e+00) (0, -3.67603592754262242792e+00) (1, 3.58773060580799985075e+00) (2, 4.00869704041393148941e+00) (3, 1.56142372588265632150e-01) (4, -1.31559888266157365422e+00) (5, 1.06242714340690724839e+00) (6, 2.33430377899689345256e-01) (7, -1.91542965955663246902e+00) (8, 5.20471360996545978628e-02) (9, -3.63554999784487042902e+00) (10, -6.54728190148441191454e-01) (11, 4.69688142544608044915e+00) (12, 4.72991898364405560784e+00) (13, -8.79117345608097178200e-01) 
