FANN_FLO_2.1
num_layers=3
learning_rate=0.700000
connection_rate=1.000000
network_type=0
learning_momentum=0.000000
training_algorithm=2
train_error_function=1
train_stop_function=1
cascade_output_change_fraction=0.010000
quickprop_decay=-0.000100
quickprop_mu=1.750000
rprop_increase_factor=1.200000
rprop_decrease_factor=0.500000
rprop_delta_min=0.000000
rprop_delta_max=50.000000
rprop_delta_zero=0.100000
cascade_output_stagnation_epochs=12
cascade_candidate_change_fraction=0.010000
cascade_candidate_stagnation_epochs=12
cascade_max_out_epochs=150
cascade_min_out_epochs=50
cascade_max_cand_epochs=150
cascade_min_cand_epochs=50
cascade_num_candidate_groups=2
bit_fail_limit=1.00000000000000005551e-01
cascade_candidate_limit=1.00000000000000000000e+03
cascade_weight_multiplier=4.00000000000000022204e-01
cascade_activation_functions_count=10
cascade_activation_functions=3 5 7 8 10 11 14 15 16 17 
cascade_activation_steepnesses_count=4
cascade_activation_steepnesses=2.50000000000000000000e-01 5.00000000000000000000e-01 7.50000000000000000000e-01 1.00000000000000000000e+00 
layer_sizes=10 4 2 
scale_included=0
neurons (num_inputs, activation_function, activation_steepness)=(0, 0, 0.00000000000000000000e+00) (0, 0, 0.00000000000000000000e+00) (0, 0, 0.00000000000000000000e+00) (0, 0, 0.00000000000000000000e+00) (0, 0, 0.00000000000000000000e+00) (0, 0, 0.00000000000000000000e+00) (0, 0, 0.00000000000000000000e+00) (0, 0, 0.00000000000000000000e+00) (0, 0, 0.00000000000000000000e+00) (0, 0, 0.00000000000000000000e+00) (10, 6, 5.00000000000000000000e-01) (10, 6, 5.00000000000000000000e-01) (10, 6, 5.00000000000000000000e-01) (0, 6, 0.00000000000000000000e+00) (4, 4, 5.00000000000000000000e-01) (0, 4, 0.00000000000000000000e+00) 
connections (connected_to_neuron, weight)=(0, -4.81325907536028010925e-02) (1, 1.10184374746700711967e+02) (2, 1.10288751055320688010e+02) (3, 4.66479492824240157822e-02) (4, 2.00285646627129165775e-01) (5, 6.34969468085903460119e-02) (6, 1.10164062973877378226e+02) (7, 2.55384279920231715977e-01) (8, 5.43485130127671522970e-01) (9, -2.60799905640930362871e-01) (0, -4.28345195245120949346e-02) (1, 2.64424788066428675393e+02) (2, 2.64409526516926064232e+02) (3, 2.95320142627508053224e-01) (4, 2.30460389137448984354e-01) (5, 2.15185062125684639645e-01) (6, 2.64527152155768646935e+02) (7, 2.35642229769599892419e-01) (8, 4.55520896242861295100e-01) (9, -4.38274895510527895404e-01) (0, -1.52295199462764574427e+00) (1, 7.44656764004165324877e+02) (2, 7.44649351890916022967e+02) (3, 1.27561615769642511253e+00) (4, -2.03272332351976836584e-01) (5, 1.23332531519084875882e+00) (6, 7.44791451316112670611e+02) (7, 1.99803188979402834846e+00) (8, 1.39456683588429042331e+00) (9, -1.91533491551821799526e+00) (10, 1.74699999998009469770e+00) (11, 8.22832868992743216019e-01) (12, 5.13339539836873015588e+01) (13, -1.82753740676897047379e+00) 
