FANN_FLO_2.1
num_layers=3
learning_rate=0.700000
connection_rate=1.000000
network_type=0
learning_momentum=0.000000
training_algorithm=2
train_error_function=1
train_stop_function=1
cascade_output_change_fraction=0.010000
quickprop_decay=-0.000100
quickprop_mu=1.750000
rprop_increase_factor=1.200000
rprop_decrease_factor=0.500000
rprop_delta_min=0.000000
rprop_delta_max=50.000000
rprop_delta_zero=0.100000
cascade_output_stagnation_epochs=12
cascade_candidate_change_fraction=0.010000
cascade_candidate_stagnation_epochs=12
cascade_max_out_epochs=150
cascade_min_out_epochs=50
cascade_max_cand_epochs=150
cascade_min_cand_epochs=50
cascade_num_candidate_groups=2
bit_fail_limit=1.00000000000000005551e-01
cascade_candidate_limit=1.00000000000000000000e+03
cascade_weight_multiplier=4.00000000000000022204e-01
cascade_activation_functions_count=10
cascade_activation_functions=3 5 7 8 10 11 14 15 16 17 
cascade_activation_steepnesses_count=4
cascade_activation_steepnesses=2.50000000000000000000e-01 5.00000000000000000000e-01 7.50000000000000000000e-01 1.00000000000000000000e+00 
layer_sizes=10 4 2 
scale_included=0
neurons (num_inputs, activation_function, activation_steepness)=(0, 0, 0.00000000000000000000e+00) (0, 0, 0.00000000000000000000e+00) (0, 0, 0.00000000000000000000e+00) (0, 0, 0.00000000000000000000e+00) (0, 0, 0.00000000000000000000e+00) (0, 0, 0.00000000000000000000e+00) (0, 0, 0.00000000000000000000e+00) (0, 0, 0.00000000000000000000e+00) (0, 0, 0.00000000000000000000e+00) (0, 0, 0.00000000000000000000e+00) (10, 6, 5.00000000000000000000e-01) (10, 6, 5.00000000000000000000e-01) (10, 6, 5.00000000000000000000e-01) (0, 6, 0.00000000000000000000e+00) (4, 4, 5.00000000000000000000e-01) (0, 4, 0.00000000000000000000e+00) 
connections (connected_to_neuron, weight)=(0, 8.70039092067716679502e-01) (1, -9.04080456860965164800e-01) (2, -8.64759420180473248330e-01) (3, 1.65660230853532458584e-01) (4, -1.98206662128146693380e-02) (5, -4.98609383258756311275e-01) (6, 1.84699786869984361459e+00) (7, -1.14120169543897431730e+00) (8, 1.30539740927421654693e-01) (9, 8.87299509783990081324e-01) (0, 2.53761765902809077744e-01) (1, -5.01379140960873659338e-01) (2, -1.01548264593139903056e+00) (3, 3.04325733729089720203e-02) (4, -4.85844457009498714717e-02) (5, -2.88461884372442300961e-01) (6, 9.11965211052651381074e-01) (7, -1.04849880858950431084e-01) (8, 2.27235463378760299546e-03) (9, 4.57298194788039236158e-01) (0, 3.36824980920127803330e-01) (1, -4.89261643337906892981e-01) (2, -1.13528640985742845793e+00) (3, -7.12574805669104194283e-02) (4, -1.10406992615690549564e-01) (5, -2.86760514490812357113e-01) (6, 9.81258300263638472138e-01) (7, -1.07057720542123972762e-02) (8, 2.15396454643997856127e-02) (9, 4.45193951747954397291e-01) (10, -4.38835447234062812072e+01) (11, -2.39897372947795117781e+00) (12, -1.37149873082535478375e+01) (13, -3.87573148769018427373e+00) 
