FANN_FLO_2.1
num_layers=3
learning_rate=0.700000
connection_rate=1.000000
network_type=0
learning_momentum=0.000000
training_algorithm=2
train_error_function=1
train_stop_function=1
cascade_output_change_fraction=0.010000
quickprop_decay=-0.000100
quickprop_mu=1.750000
rprop_increase_factor=1.200000
rprop_decrease_factor=0.500000
rprop_delta_min=0.000000
rprop_delta_max=50.000000
rprop_delta_zero=0.100000
cascade_output_stagnation_epochs=12
cascade_candidate_change_fraction=0.010000
cascade_candidate_stagnation_epochs=12
cascade_max_out_epochs=150
cascade_min_out_epochs=50
cascade_max_cand_epochs=150
cascade_min_cand_epochs=50
cascade_num_candidate_groups=2
bit_fail_limit=1.00000000000000005551e-01
cascade_candidate_limit=1.00000000000000000000e+03
cascade_weight_multiplier=4.00000000000000022204e-01
cascade_activation_functions_count=10
cascade_activation_functions=3 5 7 8 10 11 14 15 16 17 
cascade_activation_steepnesses_count=4
cascade_activation_steepnesses=2.50000000000000000000e-01 5.00000000000000000000e-01 7.50000000000000000000e-01 1.00000000000000000000e+00 
layer_sizes=16 4 2 
scale_included=0
neurons (num_inputs, activation_function, activation_steepness)=(0, 0, 0.00000000000000000000e+00) (0, 0, 0.00000000000000000000e+00) (0, 0, 0.00000000000000000000e+00) (0, 0, 0.00000000000000000000e+00) (0, 0, 0.00000000000000000000e+00) (0, 0, 0.00000000000000000000e+00) (0, 0, 0.00000000000000000000e+00) (0, 0, 0.00000000000000000000e+00) (0, 0, 0.00000000000000000000e+00) (0, 0, 0.00000000000000000000e+00) (0, 0, 0.00000000000000000000e+00) (0, 0, 0.00000000000000000000e+00) (0, 0, 0.00000000000000000000e+00) (0, 0, 0.00000000000000000000e+00) (0, 0, 0.00000000000000000000e+00) (0, 0, 0.00000000000000000000e+00) (16, 6, 5.00000000000000000000e-01) (16, 6, 5.00000000000000000000e-01) (16, 6, 5.00000000000000000000e-01) (0, 6, 0.00000000000000000000e+00) (4, 4, 5.00000000000000000000e-01) (0, 4, 0.00000000000000000000e+00) 
connections (connected_to_neuron, weight)=(0, -1.34946338236862306559e+00) (1, 7.44644762161904964159e+02) (2, 9.84497214093837835769e-01) (3, 1.14486079852933442247e+00) (4, 7.79433322461895450317e-01) (5, 1.36698769961019794827e+00) (6, 7.98634120244837819591e-01) (7, 1.47753702541236342505e+00) (8, 1.00280318312984051410e+00) (9, -1.22447150321611286650e+00) (10, 1.50696100678188416033e+00) (11, 3.28881968226927112742e-01) (12, 1.14838253237490905967e+00) (13, 7.44801021437877807330e+02) (14, 1.43485152130245441349e+00) (15, -1.51143543199235041996e+00) (0, -1.53422204554611285587e+00) (1, 7.44812839906448516558e+02) (2, 1.02589936031404493910e+00) (3, 1.09468549679870164049e+00) (4, 8.22293875130466922485e-01) (5, 1.18661461368107490344e+00) (6, 8.64136145431853353038e-01) (7, 1.46228215535525740698e+00) (8, 9.92029185375981947814e-01) (9, -1.30453603835710407743e+00) (10, 1.59440223511201950579e+00) (11, 1.98130745361967924856e-01) (12, 1.10419956125502838340e+00) (13, 7.44655539776915702532e+02) (14, 1.50457652067064517887e+00) (15, -1.42373769879871447941e+00) (0, 2.47570697425319252716e+00) (1, 7.23662609673223187201e+02) (2, 1.14716279819755490044e-01) (3, -2.16427925298753043304e-01) (4, 1.30760421835717177697e-01) (5, -6.28420937181472377686e-02) (6, -3.21178775996217524824e-01) (7, -3.95392010976282792800e-01) (8, 2.47106618359643842586e-01) (9, 2.02703876498260848749e+00) (10, -8.20071337102921793516e-01) (11, 5.97525634855273768409e-01) (12, -3.67653025697466939725e-01) (13, 7.23789390972933460944e+02) (14, -8.34115178250896982526e-01) (15, 2.64327483086301340265e+00) (16, 2.38058733605230798958e+01) (17, 1.71295302876198292097e+01) (18, -1.84462421798764353298e+00) (19, -1.37573690116935853922e+00) 
