FANN_FLO_2.1
num_layers=3
learning_rate=0.700000
connection_rate=1.000000
network_type=0
learning_momentum=0.000000
training_algorithm=2
train_error_function=1
train_stop_function=1
cascade_output_change_fraction=0.010000
quickprop_decay=-0.000100
quickprop_mu=1.750000
rprop_increase_factor=1.200000
rprop_decrease_factor=0.500000
rprop_delta_min=0.000000
rprop_delta_max=50.000000
rprop_delta_zero=0.100000
cascade_output_stagnation_epochs=12
cascade_candidate_change_fraction=0.010000
cascade_candidate_stagnation_epochs=12
cascade_max_out_epochs=150
cascade_min_out_epochs=50
cascade_max_cand_epochs=150
cascade_min_cand_epochs=50
cascade_num_candidate_groups=2
bit_fail_limit=1.00000000000000005551e-01
cascade_candidate_limit=1.00000000000000000000e+03
cascade_weight_multiplier=4.00000000000000022204e-01
cascade_activation_functions_count=10
cascade_activation_functions=3 5 7 8 10 11 14 15 16 17 
cascade_activation_steepnesses_count=4
cascade_activation_steepnesses=2.50000000000000000000e-01 5.00000000000000000000e-01 7.50000000000000000000e-01 1.00000000000000000000e+00 
layer_sizes=16 4 2 
scale_included=0
neurons (num_inputs, activation_function, activation_steepness)=(0, 0, 0.00000000000000000000e+00) (0, 0, 0.00000000000000000000e+00) (0, 0, 0.00000000000000000000e+00) (0, 0, 0.00000000000000000000e+00) (0, 0, 0.00000000000000000000e+00) (0, 0, 0.00000000000000000000e+00) (0, 0, 0.00000000000000000000e+00) (0, 0, 0.00000000000000000000e+00) (0, 0, 0.00000000000000000000e+00) (0, 0, 0.00000000000000000000e+00) (0, 0, 0.00000000000000000000e+00) (0, 0, 0.00000000000000000000e+00) (0, 0, 0.00000000000000000000e+00) (0, 0, 0.00000000000000000000e+00) (0, 0, 0.00000000000000000000e+00) (0, 0, 0.00000000000000000000e+00) (16, 6, 5.00000000000000000000e-01) (16, 6, 5.00000000000000000000e-01) (16, 6, 5.00000000000000000000e-01) (0, 6, 0.00000000000000000000e+00) (4, 4, 5.00000000000000000000e-01) (0, 4, 0.00000000000000000000e+00) 
connections (connected_to_neuron, weight)=(0, -1.14412443627334647900e+00) (1, 7.15085109822159203929e+00) (2, -4.82747957016920303808e-01) (3, -4.35256205405687546239e-01) (4, -1.32912112044780650333e-01) (5, -4.85633395518755173192e-01) (6, 7.17200815431480798168e+00) (7, 3.33893488858256537455e-01) (8, -1.20924386669612915490e+00) (9, -1.26943113197303802941e+00) (10, -1.13773767937637382275e+00) (11, -3.17331835534071182714e-01) (12, -9.04298457396588428736e-01) (13, -1.33069154907680542443e+00) (14, -6.68787487024954940829e-02) (15, -1.29934543658710510705e+00) (0, -5.94625727854926955374e-01) (1, 2.97273091400725686384e+00) (2, -1.24538091463445577123e-01) (3, -1.91243698341249379613e-01) (4, 9.14485305369155954125e-03) (5, -3.69566152455212626471e-01) (6, 3.10849199990494096113e+00) (7, 3.68027868075635644640e-01) (8, -5.79085909033949297609e-01) (9, -7.34739200793464442008e-01) (10, -7.25520474486310740225e-01) (11, -1.53691393775342854955e-01) (12, -2.43595259847046885504e-01) (13, -6.40287579618652236135e-01) (14, -1.07087468249200734594e-01) (15, -6.36339382849891554983e-01) (0, -4.52950237117965393008e-01) (1, 2.81888308564884493279e+00) (2, 2.79603138142835994095e-02) (3, 1.21181471603513959967e-01) (4, 3.14594133792522323567e-01) (5, 2.01986741405708047914e-02) (6, 2.77752132902605364251e+00) (7, 5.24662103904857346492e-01) (8, -4.97852137111385040225e-01) (9, -4.52219089292247466982e-01) (10, -4.82145847551782302798e-01) (11, 8.04198033684504071106e-02) (12, -6.81135121601837978389e-02) (13, -3.99945212327201482516e-01) (14, 1.14163099187017683112e-01) (15, -4.69153439425189666689e-01) (16, 3.94219337592018748140e+00) (17, 1.52424728767677564178e+00) (18, 1.13524228242269065170e+00) (19, -1.78282894992119667066e+00) 
