FANN_FLO_2.1
num_layers=3
learning_rate=0.700000
connection_rate=1.000000
network_type=0
learning_momentum=0.000000
training_algorithm=2
train_error_function=1
train_stop_function=1
cascade_output_change_fraction=0.010000
quickprop_decay=-0.000100
quickprop_mu=1.750000
rprop_increase_factor=1.200000
rprop_decrease_factor=0.500000
rprop_delta_min=0.000000
rprop_delta_max=50.000000
rprop_delta_zero=0.100000
cascade_output_stagnation_epochs=12
cascade_candidate_change_fraction=0.010000
cascade_candidate_stagnation_epochs=12
cascade_max_out_epochs=150
cascade_min_out_epochs=50
cascade_max_cand_epochs=150
cascade_min_cand_epochs=50
cascade_num_candidate_groups=2
bit_fail_limit=1.00000000000000005551e-01
cascade_candidate_limit=1.00000000000000000000e+03
cascade_weight_multiplier=4.00000000000000022204e-01
cascade_activation_functions_count=10
cascade_activation_functions=3 5 7 8 10 11 14 15 16 17 
cascade_activation_steepnesses_count=4
cascade_activation_steepnesses=2.50000000000000000000e-01 5.00000000000000000000e-01 7.50000000000000000000e-01 1.00000000000000000000e+00 
layer_sizes=12 4 2 
scale_included=0
neurons (num_inputs, activation_function, activation_steepness)=(0, 0, 0.00000000000000000000e+00) (0, 0, 0.00000000000000000000e+00) (0, 0, 0.00000000000000000000e+00) (0, 0, 0.00000000000000000000e+00) (0, 0, 0.00000000000000000000e+00) (0, 0, 0.00000000000000000000e+00) (0, 0, 0.00000000000000000000e+00) (0, 0, 0.00000000000000000000e+00) (0, 0, 0.00000000000000000000e+00) (0, 0, 0.00000000000000000000e+00) (0, 0, 0.00000000000000000000e+00) (0, 0, 0.00000000000000000000e+00) (12, 6, 5.00000000000000000000e-01) (12, 6, 5.00000000000000000000e-01) (12, 6, 5.00000000000000000000e-01) (0, 6, 0.00000000000000000000e+00) (4, 4, 5.00000000000000000000e-01) (0, 4, 0.00000000000000000000e+00) 
connections (connected_to_neuron, weight)=(0, -2.73441041749258184623e+00) (1, 2.00304768671384758605e+00) (2, 2.31525357979431545274e+00) (3, -1.71841718352965605598e-01) (4, 1.29193357773793615628e+00) (5, 1.77806312773752672740e+00) (6, 1.82231221392396047776e+00) (7, 2.24471903897319613463e+00) (8, 7.38426117091404932147e-01) (9, 3.43365716509553564606e+00) (10, 2.24589576942085944466e+00) (11, -2.70934849348206663322e+00) (0, -3.42464967583849880239e-02) (1, 4.09454848677671179313e-01) (2, 7.14383967549939935537e-01) (3, 6.35201807146562269502e-01) (4, 2.95006732890222389543e-01) (5, 4.72523544280397389539e-01) (6, 2.85418139613584143088e-01) (7, 1.50649222776992064432e+00) (8, 5.14050168763926951243e-01) (9, 1.49454971870577213444e+00) (10, 6.99420054473584462684e-01) (11, -1.08460340551061934500e-01) (0, 3.19975054650659784805e-01) (1, -2.51910494007799024008e-01) (2, -3.65783647953629581506e-02) (3, 8.27843548336269219323e-02) (4, -3.09174765664904982465e-01) (5, -3.02225053433986590168e-01) (6, -3.40007345838843733077e-01) (7, 9.81328863665845846365e-03) (8, -2.50297057475149076211e-01) (9, -1.04084877040529502623e-01) (10, -1.10802434510803016199e-02) (11, 2.93223639191526941339e-01) (12, 2.96988446462123505398e+01) (13, 8.24640697738383998683e-01) (14, -3.56614800461463943293e+00) (15, -2.26703123544557749725e+00) 
