FANN_FLO_2.1
num_layers=3
learning_rate=0.700000
connection_rate=1.000000
network_type=0
learning_momentum=0.000000
training_algorithm=2
train_error_function=1
train_stop_function=1
cascade_output_change_fraction=0.010000
quickprop_decay=-0.000100
quickprop_mu=1.750000
rprop_increase_factor=1.200000
rprop_decrease_factor=0.500000
rprop_delta_min=0.000000
rprop_delta_max=50.000000
rprop_delta_zero=0.100000
cascade_output_stagnation_epochs=12
cascade_candidate_change_fraction=0.010000
cascade_candidate_stagnation_epochs=12
cascade_max_out_epochs=150
cascade_min_out_epochs=50
cascade_max_cand_epochs=150
cascade_min_cand_epochs=50
cascade_num_candidate_groups=2
bit_fail_limit=1.00000000000000005551e-01
cascade_candidate_limit=1.00000000000000000000e+03
cascade_weight_multiplier=4.00000000000000022204e-01
cascade_activation_functions_count=10
cascade_activation_functions=3 5 7 8 10 11 14 15 16 17 
cascade_activation_steepnesses_count=4
cascade_activation_steepnesses=2.50000000000000000000e-01 5.00000000000000000000e-01 7.50000000000000000000e-01 1.00000000000000000000e+00 
layer_sizes=7 4 2 
scale_included=0
neurons (num_inputs, activation_function, activation_steepness)=(0, 0, 0.00000000000000000000e+00) (0, 0, 0.00000000000000000000e+00) (0, 0, 0.00000000000000000000e+00) (0, 0, 0.00000000000000000000e+00) (0, 0, 0.00000000000000000000e+00) (0, 0, 0.00000000000000000000e+00) (0, 0, 0.00000000000000000000e+00) (7, 6, 5.00000000000000000000e-01) (7, 6, 5.00000000000000000000e-01) (7, 6, 5.00000000000000000000e-01) (0, 6, 0.00000000000000000000e+00) (4, 4, 5.00000000000000000000e-01) (0, 4, 0.00000000000000000000e+00) 
connections (connected_to_neuron, weight)=(0, -4.74853802122309431866e+00) (1, 4.36541055698958135878e+00) (2, 3.16266706432447630704e+00) (3, -4.37588234610090442978e-01) (4, 4.12478019470845502781e+00) (5, 1.01963241054003650454e+00) (6, -4.72345161833002791241e+00) (0, -1.06733696703479918888e+00) (1, 1.88167866180209197857e+00) (2, 6.51449821883374968756e-01) (3, -2.37837940745114995167e-01) (4, 1.76165340696724492808e+00) (5, 2.71618573887687730917e-01) (6, -2.33401244404044838632e+00) (0, -6.33714395046158229796e-01) (1, 1.62141877661017486112e+00) (2, 4.59221024209196082566e-01) (3, -3.19286244986084877251e-01) (4, 1.45996661079850298393e+00) (5, -8.28757778569645109368e-02) (6, -5.91012800514622127501e-01) (7, 6.90148814170865598783e+00) (8, 2.90274124508762110253e+00) (9, 1.27216694832694710016e+00) (10, -1.71865750231738201315e+00) 
