FANN_FLO_2.1
num_layers=3
learning_rate=0.700000
connection_rate=1.000000
network_type=0
learning_momentum=0.000000
training_algorithm=2
train_error_function=1
train_stop_function=1
cascade_output_change_fraction=0.010000
quickprop_decay=-0.000100
quickprop_mu=1.750000
rprop_increase_factor=1.200000
rprop_decrease_factor=0.500000
rprop_delta_min=0.000000
rprop_delta_max=50.000000
rprop_delta_zero=0.100000
cascade_output_stagnation_epochs=12
cascade_candidate_change_fraction=0.010000
cascade_candidate_stagnation_epochs=12
cascade_max_out_epochs=150
cascade_min_out_epochs=50
cascade_max_cand_epochs=150
cascade_min_cand_epochs=50
cascade_num_candidate_groups=2
bit_fail_limit=1.00000000000000005551e-01
cascade_candidate_limit=1.00000000000000000000e+03
cascade_weight_multiplier=4.00000000000000022204e-01
cascade_activation_functions_count=10
cascade_activation_functions=3 5 7 8 10 11 14 15 16 17 
cascade_activation_steepnesses_count=4
cascade_activation_steepnesses=2.50000000000000000000e-01 5.00000000000000000000e-01 7.50000000000000000000e-01 1.00000000000000000000e+00 
layer_sizes=8 4 2 
scale_included=0
neurons (num_inputs, activation_function, activation_steepness)=(0, 0, 0.00000000000000000000e+00) (0, 0, 0.00000000000000000000e+00) (0, 0, 0.00000000000000000000e+00) (0, 0, 0.00000000000000000000e+00) (0, 0, 0.00000000000000000000e+00) (0, 0, 0.00000000000000000000e+00) (0, 0, 0.00000000000000000000e+00) (0, 0, 0.00000000000000000000e+00) (8, 6, 5.00000000000000000000e-01) (8, 6, 5.00000000000000000000e-01) (8, 6, 5.00000000000000000000e-01) (0, 6, 0.00000000000000000000e+00) (4, 4, 5.00000000000000000000e-01) (0, 4, 0.00000000000000000000e+00) 
connections (connected_to_neuron, weight)=(0, 7.96507724678375828020e-01) (1, -2.01997500280839270559e+00) (2, 1.02795772309861296878e-01) (3, 2.71955482511566537518e-01) (4, 4.08974018452225696052e-01) (5, 1.67788188507205504596e-01) (6, 2.64157855828992052527e-02) (7, 6.49998442097365902725e-01) (0, 3.65278852303309076177e+00) (1, 2.14766064241549980984e-01) (2, -1.42878682503360820988e+01) (3, 1.54861797323255823144e+00) (4, 6.46926585967144918143e-01) (5, 2.02982198569738925276e-01) (6, -7.22993163838052399495e-03) (7, 1.69194321486334731119e+00) (0, 8.40463749244738322908e-01) (1, -5.16447337248201066018e+00) (2, 1.61228068244733013792e+00) (3, 3.96983023949914137773e-01) (4, 3.12357927374159460854e-01) (5, 3.27943969734959761553e-01) (6, 2.74196688302807967119e-01) (7, 1.87649134357172869825e-01) (8, -5.57630034274007257977e-01) (9, -3.71516928809187563232e+00) (10, -3.12685380594843342905e+00) (11, -3.63677884442274779175e+00) 
