FANN_FLO_2.1
num_layers=3
learning_rate=0.700000
connection_rate=1.000000
network_type=0
learning_momentum=0.000000
training_algorithm=2
train_error_function=1
train_stop_function=1
cascade_output_change_fraction=0.010000
quickprop_decay=-0.000100
quickprop_mu=1.750000
rprop_increase_factor=1.200000
rprop_decrease_factor=0.500000
rprop_delta_min=0.000000
rprop_delta_max=50.000000
rprop_delta_zero=0.100000
cascade_output_stagnation_epochs=12
cascade_candidate_change_fraction=0.010000
cascade_candidate_stagnation_epochs=12
cascade_max_out_epochs=150
cascade_min_out_epochs=50
cascade_max_cand_epochs=150
cascade_min_cand_epochs=50
cascade_num_candidate_groups=2
bit_fail_limit=1.00000000000000005551e-01
cascade_candidate_limit=1.00000000000000000000e+03
cascade_weight_multiplier=4.00000000000000022204e-01
cascade_activation_functions_count=10
cascade_activation_functions=3 5 7 8 10 11 14 15 16 17 
cascade_activation_steepnesses_count=4
cascade_activation_steepnesses=2.50000000000000000000e-01 5.00000000000000000000e-01 7.50000000000000000000e-01 1.00000000000000000000e+00 
layer_sizes=14 4 2 
scale_included=0
neurons (num_inputs, activation_function, activation_steepness)=(0, 0, 0.00000000000000000000e+00) (0, 0, 0.00000000000000000000e+00) (0, 0, 0.00000000000000000000e+00) (0, 0, 0.00000000000000000000e+00) (0, 0, 0.00000000000000000000e+00) (0, 0, 0.00000000000000000000e+00) (0, 0, 0.00000000000000000000e+00) (0, 0, 0.00000000000000000000e+00) (0, 0, 0.00000000000000000000e+00) (0, 0, 0.00000000000000000000e+00) (0, 0, 0.00000000000000000000e+00) (0, 0, 0.00000000000000000000e+00) (0, 0, 0.00000000000000000000e+00) (0, 0, 0.00000000000000000000e+00) (14, 6, 5.00000000000000000000e-01) (14, 6, 5.00000000000000000000e-01) (14, 6, 5.00000000000000000000e-01) (0, 6, 0.00000000000000000000e+00) (4, 4, 5.00000000000000000000e-01) (0, 4, 0.00000000000000000000e+00) 
connections (connected_to_neuron, weight)=(0, -4.65499695056482387656e+00) (1, 8.99753151927289995804e-02) (2, 1.26806995535098874228e+01) (3, 5.11464411415946562656e-01) (4, 2.06580590104836037124e-01) (5, -9.83158420647825437300e-01) (6, 1.27507539206945263999e+01) (7, 6.20484581648575339585e-01) (8, -3.12633028566388659897e+00) (9, 1.70197292477433481661e-01) (10, 3.32124430334347353622e-01) (11, -1.85394198644660579411e+00) (12, 3.88903305664392517915e-01) (13, -2.42450889029241123396e+00) (0, -6.79066163712664483398e-01) (1, 2.46791281453074029528e+00) (2, -2.89430071165100832875e-01) (3, -8.88928463519478850863e-01) (4, -1.91740904406017120820e+00) (5, -2.33653336568092795389e+00) (6, -4.68816354262350187820e-01) (7, 3.26857011296521060562e-01) (8, 1.99743210894344014328e+00) (9, -2.20749594958412131973e+00) (10, -2.01821097761696588435e+00) (11, -1.25173427759331934439e+00) (12, 2.82541637200931616825e-01) (13, -1.36171601029802219474e-01) (0, -3.77161114343253001113e-01) (1, 3.24958648984588505115e+00) (2, -6.39630350250438239890e-01) (3, -2.66100864432648964719e-01) (4, -6.91935118669715021333e-01) (5, -2.78047279922515944151e+00) (6, -3.49572428734094498015e-01) (7, 6.70279693826881128871e-01) (8, 1.27378098012056764077e+01) (9, -4.82897218111819459541e-01) (10, -5.40981699163165075106e-01) (11, -8.93684252737525386401e-01) (12, 6.43035585885063820655e-01) (13, -9.58303196575387761236e-01) (14, 4.77930892976815613338e+00) (15, 3.23644854763203770887e+00) (16, 3.07917232463083134775e+00) (17, -3.17896628355194899029e+00) 
