FANN_FLO_2.1
num_layers=3
learning_rate=0.700000
connection_rate=1.000000
network_type=0
learning_momentum=0.000000
training_algorithm=2
train_error_function=1
train_stop_function=1
cascade_output_change_fraction=0.010000
quickprop_decay=-0.000100
quickprop_mu=1.750000
rprop_increase_factor=1.200000
rprop_decrease_factor=0.500000
rprop_delta_min=0.000000
rprop_delta_max=50.000000
rprop_delta_zero=0.100000
cascade_output_stagnation_epochs=12
cascade_candidate_change_fraction=0.010000
cascade_candidate_stagnation_epochs=12
cascade_max_out_epochs=150
cascade_min_out_epochs=50
cascade_max_cand_epochs=150
cascade_min_cand_epochs=50
cascade_num_candidate_groups=2
bit_fail_limit=1.00000000000000005551e-01
cascade_candidate_limit=1.00000000000000000000e+03
cascade_weight_multiplier=4.00000000000000022204e-01
cascade_activation_functions_count=10
cascade_activation_functions=3 5 7 8 10 11 14 15 16 17 
cascade_activation_steepnesses_count=4
cascade_activation_steepnesses=2.50000000000000000000e-01 5.00000000000000000000e-01 7.50000000000000000000e-01 1.00000000000000000000e+00 
layer_sizes=9 4 2 
scale_included=0
neurons (num_inputs, activation_function, activation_steepness)=(0, 0, 0.00000000000000000000e+00) (0, 0, 0.00000000000000000000e+00) (0, 0, 0.00000000000000000000e+00) (0, 0, 0.00000000000000000000e+00) (0, 0, 0.00000000000000000000e+00) (0, 0, 0.00000000000000000000e+00) (0, 0, 0.00000000000000000000e+00) (0, 0, 0.00000000000000000000e+00) (0, 0, 0.00000000000000000000e+00) (9, 6, 5.00000000000000000000e-01) (9, 6, 5.00000000000000000000e-01) (9, 6, 5.00000000000000000000e-01) (0, 6, 0.00000000000000000000e+00) (4, 4, 5.00000000000000000000e-01) (0, 4, 0.00000000000000000000e+00) 
connections (connected_to_neuron, weight)=(0, -3.85276765375095087141e-01) (1, -1.62600326896228747353e-01) (2, 4.58651204697876124783e+00) (3, 3.32882566956833914062e+00) (4, 2.11650505929318333287e+00) (5, 8.75226326244910146634e-01) (6, 1.61844827595355700289e+00) (7, 1.87084762674194360343e+00) (8, -6.89838218249998247344e-01) (0, -1.73993773749163560538e+00) (1, 2.19232643909832969342e+00) (2, 7.29728680951083785722e-01) (3, 9.93230638947928734517e-01) (4, 2.91790053886474776146e-01) (5, 3.23320582537424072722e-01) (6, 4.64794661375799056380e-01) (7, -5.98041096078024622673e-02) (8, -1.63380239149620964945e+00) (0, -1.53741332149198495216e+00) (1, 2.43339724965474157869e+00) (2, 6.14638549041506387915e-01) (3, 4.52561563528010302182e-02) (4, 9.68865718568719808124e-02) (5, 4.90189690022241719713e-01) (6, 2.62729529011911988601e-01) (7, 1.14538004721535816022e-01) (8, -1.73951777975902910356e+00) (9, 3.60700889951789971377e+00) (10, 6.50315227803077622326e+00) (11, 5.09206273249829166616e+00) (12, -3.82913590844414430947e+00) 
