FANN_FLO_2.1
num_layers=3
learning_rate=0.700000
connection_rate=1.000000
network_type=0
learning_momentum=0.000000
training_algorithm=2
train_error_function=1
train_stop_function=1
cascade_output_change_fraction=0.010000
quickprop_decay=-0.000100
quickprop_mu=1.750000
rprop_increase_factor=1.200000
rprop_decrease_factor=0.500000
rprop_delta_min=0.000000
rprop_delta_max=50.000000
rprop_delta_zero=0.100000
cascade_output_stagnation_epochs=12
cascade_candidate_change_fraction=0.010000
cascade_candidate_stagnation_epochs=12
cascade_max_out_epochs=150
cascade_min_out_epochs=50
cascade_max_cand_epochs=150
cascade_min_cand_epochs=50
cascade_num_candidate_groups=2
bit_fail_limit=1.00000000000000005551e-01
cascade_candidate_limit=1.00000000000000000000e+03
cascade_weight_multiplier=4.00000000000000022204e-01
cascade_activation_functions_count=10
cascade_activation_functions=3 5 7 8 10 11 14 15 16 17 
cascade_activation_steepnesses_count=4
cascade_activation_steepnesses=2.50000000000000000000e-01 5.00000000000000000000e-01 7.50000000000000000000e-01 1.00000000000000000000e+00 
layer_sizes=10 4 2 
scale_included=0
neurons (num_inputs, activation_function, activation_steepness)=(0, 0, 0.00000000000000000000e+00) (0, 0, 0.00000000000000000000e+00) (0, 0, 0.00000000000000000000e+00) (0, 0, 0.00000000000000000000e+00) (0, 0, 0.00000000000000000000e+00) (0, 0, 0.00000000000000000000e+00) (0, 0, 0.00000000000000000000e+00) (0, 0, 0.00000000000000000000e+00) (0, 0, 0.00000000000000000000e+00) (0, 0, 0.00000000000000000000e+00) (10, 6, 5.00000000000000000000e-01) (10, 6, 5.00000000000000000000e-01) (10, 6, 5.00000000000000000000e-01) (0, 6, 0.00000000000000000000e+00) (4, 4, 5.00000000000000000000e-01) (0, 4, 0.00000000000000000000e+00) 
connections (connected_to_neuron, weight)=(0, 4.25599885769141206282e+00) (1, -1.47391119187352093167e-01) (2, 1.59023630529695170210e+00) (3, 7.99239569053069587312e-01) (4, -4.10112161935509478283e-01) (5, 4.53809319162158109062e-01) (6, -4.62621977190379851663e+01) (7, 1.46080242514258884512e+01) (8, -8.41035526615594553057e-01) (9, 1.41201504740264538462e+00) (0, 2.72869349624027179857e+01) (1, 9.37448480759552116304e-01) (2, 1.25546961200127515923e+01) (3, 1.38269136365660460797e+03) (4, 2.25536529842256777689e-01) (5, 1.33425627939029816105e+01) (6, 1.45112140346584601502e+03) (7, 1.28877891707426044832e+02) (8, -4.45077201499822763253e+02) (9, 1.22366443483533160475e+01) (0, -2.14544563364085938417e+01) (1, 6.78226834746341289417e+00) (2, 4.56207557115700801376e+00) (3, 8.92090693437434012480e+00) (4, 1.07544989900656631221e+01) (5, -3.30033171270416225695e+00) (6, 9.43954173068023116855e+00) (7, 6.46397053762034801139e+00) (8, 1.95637078768568137832e+01) (9, -1.21812165792660849206e+01) (10, -5.17828696356277529134e+00) (11, -2.81229256569709473723e+00) (12, 1.17814314922276555109e+01) (13, -1.33903722335352104444e+00) 
