FANN_FLO_2.1
num_layers=3
learning_rate=0.700000
connection_rate=1.000000
network_type=0
learning_momentum=0.000000
training_algorithm=2
train_error_function=1
train_stop_function=1
cascade_output_change_fraction=0.010000
quickprop_decay=-0.000100
quickprop_mu=1.750000
rprop_increase_factor=1.200000
rprop_decrease_factor=0.500000
rprop_delta_min=0.000000
rprop_delta_max=50.000000
rprop_delta_zero=0.100000
cascade_output_stagnation_epochs=12
cascade_candidate_change_fraction=0.010000
cascade_candidate_stagnation_epochs=12
cascade_max_out_epochs=150
cascade_min_out_epochs=50
cascade_max_cand_epochs=150
cascade_min_cand_epochs=50
cascade_num_candidate_groups=2
bit_fail_limit=1.00000000000000005551e-01
cascade_candidate_limit=1.00000000000000000000e+03
cascade_weight_multiplier=4.00000000000000022204e-01
cascade_activation_functions_count=10
cascade_activation_functions=3 5 7 8 10 11 14 15 16 17 
cascade_activation_steepnesses_count=4
cascade_activation_steepnesses=2.50000000000000000000e-01 5.00000000000000000000e-01 7.50000000000000000000e-01 1.00000000000000000000e+00 
layer_sizes=8 4 2 
scale_included=0
neurons (num_inputs, activation_function, activation_steepness)=(0, 0, 0.00000000000000000000e+00) (0, 0, 0.00000000000000000000e+00) (0, 0, 0.00000000000000000000e+00) (0, 0, 0.00000000000000000000e+00) (0, 0, 0.00000000000000000000e+00) (0, 0, 0.00000000000000000000e+00) (0, 0, 0.00000000000000000000e+00) (0, 0, 0.00000000000000000000e+00) (8, 6, 5.00000000000000000000e-01) (8, 6, 5.00000000000000000000e-01) (8, 6, 5.00000000000000000000e-01) (0, 6, 0.00000000000000000000e+00) (4, 4, 5.00000000000000000000e-01) (0, 4, 0.00000000000000000000e+00) 
connections (connected_to_neuron, weight)=(0, -1.96701401572488498992e+00) (1, 1.69578507653589216631e+00) (2, 2.06630750393064044346e+00) (3, -3.41419532856012342137e-01) (4, -4.05763411899956599749e-02) (5, 5.81563379957294457334e-01) (6, -7.36560559315643903489e-01) (7, -1.63558518630122184945e+00) (0, -1.86480992760323238677e+00) (1, 1.88167956144940218266e+00) (2, 2.04630807807238124241e+00) (3, -3.65600991955066678685e-01) (4, -2.16216939129486751536e-01) (5, 4.18854330076789904691e-01) (6, -3.52182363649747642853e-01) (7, -1.90052041139267635650e+00) (0, 1.09204760855284854770e+00) (1, -9.59412087516668399267e-01) (2, -3.42241836635333529504e-01) (3, 2.46868497099524353278e-01) (4, 1.18933560564519064107e-01) (5, 6.80417044687262051461e-02) (6, 8.74639004527305724546e-02) (7, 3.79503672861795704474e-01) (8, 7.90175319386880126160e+00) (9, 7.85232312901179518860e+00) (10, -7.30431644370254429255e-01) (11, -1.59184869122361183358e+00) 
