FANN_FLO_2.1
num_layers=3
learning_rate=0.700000
connection_rate=1.000000
network_type=0
learning_momentum=0.000000
training_algorithm=2
train_error_function=1
train_stop_function=1
cascade_output_change_fraction=0.010000
quickprop_decay=-0.000100
quickprop_mu=1.750000
rprop_increase_factor=1.200000
rprop_decrease_factor=0.500000
rprop_delta_min=0.000000
rprop_delta_max=50.000000
rprop_delta_zero=0.100000
cascade_output_stagnation_epochs=12
cascade_candidate_change_fraction=0.010000
cascade_candidate_stagnation_epochs=12
cascade_max_out_epochs=150
cascade_min_out_epochs=50
cascade_max_cand_epochs=150
cascade_min_cand_epochs=50
cascade_num_candidate_groups=2
bit_fail_limit=1.00000000000000005551e-01
cascade_candidate_limit=1.00000000000000000000e+03
cascade_weight_multiplier=4.00000000000000022204e-01
cascade_activation_functions_count=10
cascade_activation_functions=3 5 7 8 10 11 14 15 16 17 
cascade_activation_steepnesses_count=4
cascade_activation_steepnesses=2.50000000000000000000e-01 5.00000000000000000000e-01 7.50000000000000000000e-01 1.00000000000000000000e+00 
layer_sizes=14 4 2 
scale_included=0
neurons (num_inputs, activation_function, activation_steepness)=(0, 0, 0.00000000000000000000e+00) (0, 0, 0.00000000000000000000e+00) (0, 0, 0.00000000000000000000e+00) (0, 0, 0.00000000000000000000e+00) (0, 0, 0.00000000000000000000e+00) (0, 0, 0.00000000000000000000e+00) (0, 0, 0.00000000000000000000e+00) (0, 0, 0.00000000000000000000e+00) (0, 0, 0.00000000000000000000e+00) (0, 0, 0.00000000000000000000e+00) (0, 0, 0.00000000000000000000e+00) (0, 0, 0.00000000000000000000e+00) (0, 0, 0.00000000000000000000e+00) (0, 0, 0.00000000000000000000e+00) (14, 6, 5.00000000000000000000e-01) (14, 6, 5.00000000000000000000e-01) (14, 6, 5.00000000000000000000e-01) (0, 6, 0.00000000000000000000e+00) (4, 4, 5.00000000000000000000e-01) (0, 4, 0.00000000000000000000e+00) 
connections (connected_to_neuron, weight)=(0, 1.19976254270114104372e+01) (1, -5.07826897953066502822e+00) (2, -2.91377767428681178075e+00) (3, -1.24349189812225713325e+00) (4, -2.35210362327466793175e+00) (5, -3.36649727743881488351e+00) (6, -4.76653098395815355559e+00) (7, 1.84741745690314984607e-02) (8, -3.56425400038782802525e+00) (9, 9.56312171973894509236e-01) (10, -5.15557744805130635513e+00) (11, 4.49820322014662932197e-01) (12, -2.87119514748379511815e+00) (13, 5.38674423053239515014e+00) (0, -3.28794537149474308535e+00) (1, 1.02482987835746208738e+00) (2, 6.45863103105352442945e-01) (3, 1.82769594580972327691e+00) (4, 6.82638210310797299840e-01) (5, 7.37837752057899587399e-01) (6, 7.76101168997005652628e-01) (7, 5.16863685283785345703e-01) (8, 8.86879032208312878538e-01) (9, 4.51882366265331292254e-01) (10, 1.09774200665286558731e+00) (11, -1.80746120451110936500e-01) (12, 6.98522234691904109205e-01) (13, -1.12604755040534298960e-01) (0, 2.64718287857324652279e+00) (1, 4.40402263394569504218e-01) (2, -5.07722070656689616897e-01) (3, -3.28357761257410203370e+01) (4, -1.11391677394105181875e+00) (5, -5.39800532532809795860e-01) (6, 8.19984832876061942031e-01) (7, 1.01265821394849020454e-01) (8, -1.89685742069119562814e+01) (9, -4.02789072186758745353e-01) (10, -9.78114242807473083241e-02) (11, -7.40691317778902291735e+00) (12, -4.73344927869709941604e-01) (13, 1.22307691267572749005e+00) (14, -1.11717003415162778879e+01) (15, 1.98652844367998349107e+00) (16, -3.65198019946219032406e+00) (17, -2.94884743113313119167e+00) 
