FANN_FLO_2.1
num_layers=3
learning_rate=0.700000
connection_rate=1.000000
network_type=0
learning_momentum=0.000000
training_algorithm=2
train_error_function=1
train_stop_function=1
cascade_output_change_fraction=0.010000
quickprop_decay=-0.000100
quickprop_mu=1.750000
rprop_increase_factor=1.200000
rprop_decrease_factor=0.500000
rprop_delta_min=0.000000
rprop_delta_max=50.000000
rprop_delta_zero=0.100000
cascade_output_stagnation_epochs=12
cascade_candidate_change_fraction=0.010000
cascade_candidate_stagnation_epochs=12
cascade_max_out_epochs=150
cascade_min_out_epochs=50
cascade_max_cand_epochs=150
cascade_min_cand_epochs=50
cascade_num_candidate_groups=2
bit_fail_limit=1.00000000000000005551e-01
cascade_candidate_limit=1.00000000000000000000e+03
cascade_weight_multiplier=4.00000000000000022204e-01
cascade_activation_functions_count=10
cascade_activation_functions=3 5 7 8 10 11 14 15 16 17 
cascade_activation_steepnesses_count=4
cascade_activation_steepnesses=2.50000000000000000000e-01 5.00000000000000000000e-01 7.50000000000000000000e-01 1.00000000000000000000e+00 
layer_sizes=10 4 2 
scale_included=0
neurons (num_inputs, activation_function, activation_steepness)=(0, 0, 0.00000000000000000000e+00) (0, 0, 0.00000000000000000000e+00) (0, 0, 0.00000000000000000000e+00) (0, 0, 0.00000000000000000000e+00) (0, 0, 0.00000000000000000000e+00) (0, 0, 0.00000000000000000000e+00) (0, 0, 0.00000000000000000000e+00) (0, 0, 0.00000000000000000000e+00) (0, 0, 0.00000000000000000000e+00) (0, 0, 0.00000000000000000000e+00) (10, 6, 5.00000000000000000000e-01) (10, 6, 5.00000000000000000000e-01) (10, 6, 5.00000000000000000000e-01) (0, 6, 0.00000000000000000000e+00) (4, 4, 5.00000000000000000000e-01) (0, 4, 0.00000000000000000000e+00) 
connections (connected_to_neuron, weight)=(0, 3.18173134600008067352e+00) (1, -5.09357897802282622024e+00) (2, -5.29136486752775780928e+00) (3, 9.29469470056025537374e-01) (4, 5.45211086761257068822e-01) (5, -5.63695109678262173958e+00) (6, 7.91055756316053404475e-01) (7, -5.25891055881173041797e+00) (8, -3.77747488450180934905e+00) (9, 5.37888870398366325531e+00) (0, 5.40242590765321128998e+00) (1, -5.63308129478720864824e+00) (2, -5.37706812127379052413e+00) (3, 8.52493691375257212073e-01) (4, 5.59934670817157864597e-01) (5, -5.59746886087411343880e+00) (6, 7.22541273517341764432e-01) (7, -5.36829118400008109546e+00) (8, -3.62008552681576656340e+00) (9, 5.40477631251180046235e+00) (0, -9.36549395877166346303e-01) (1, 9.07373103418791848718e-01) (2, 2.21766514000041503607e+00) (3, 7.46823012461652474547e-02) (4, 2.41587147610572566814e-01) (5, 1.83023382152831470826e+00) (6, 1.31539637371383355546e-01) (7, 4.38940956324336384320e-01) (8, 9.15148151848271318443e+00) (9, -1.12889079976740025479e+00) (10, -3.49068048265144348363e+00) (11, -3.44350253086850166540e+00) (12, 3.55903360975959737189e+00) (13, -1.47015129600351701633e+00) 
