FANN_FLO_2.1
num_layers=3
learning_rate=0.700000
connection_rate=1.000000
network_type=0
learning_momentum=0.000000
training_algorithm=2
train_error_function=1
train_stop_function=1
cascade_output_change_fraction=0.010000
quickprop_decay=-0.000100
quickprop_mu=1.750000
rprop_increase_factor=1.200000
rprop_decrease_factor=0.500000
rprop_delta_min=0.000000
rprop_delta_max=50.000000
rprop_delta_zero=0.100000
cascade_output_stagnation_epochs=12
cascade_candidate_change_fraction=0.010000
cascade_candidate_stagnation_epochs=12
cascade_max_out_epochs=150
cascade_min_out_epochs=50
cascade_max_cand_epochs=150
cascade_min_cand_epochs=50
cascade_num_candidate_groups=2
bit_fail_limit=1.00000000000000005551e-01
cascade_candidate_limit=1.00000000000000000000e+03
cascade_weight_multiplier=4.00000000000000022204e-01
cascade_activation_functions_count=10
cascade_activation_functions=3 5 7 8 10 11 14 15 16 17 
cascade_activation_steepnesses_count=4
cascade_activation_steepnesses=2.50000000000000000000e-01 5.00000000000000000000e-01 7.50000000000000000000e-01 1.00000000000000000000e+00 
layer_sizes=6 4 2 
scale_included=0
neurons (num_inputs, activation_function, activation_steepness)=(0, 0, 0.00000000000000000000e+00) (0, 0, 0.00000000000000000000e+00) (0, 0, 0.00000000000000000000e+00) (0, 0, 0.00000000000000000000e+00) (0, 0, 0.00000000000000000000e+00) (0, 0, 0.00000000000000000000e+00) (6, 6, 5.00000000000000000000e-01) (6, 6, 5.00000000000000000000e-01) (6, 6, 5.00000000000000000000e-01) (0, 6, 0.00000000000000000000e+00) (4, 4, 5.00000000000000000000e-01) (0, 4, 0.00000000000000000000e+00) 
connections (connected_to_neuron, weight)=(0, -1.36206023552988741976e+00) (1, 1.33299150559854306941e+00) (2, 9.71966920227852138048e-01) (3, 1.88950104603503832301e+00) (4, 5.06704289032881782795e-01) (5, -2.10572219369505564401e+00) (0, 3.33561807801231957615e-01) (1, 1.86171023429337993693e-02) (2, -6.26775012280852306112e-01) (3, -1.50073344257609514463e-01) (4, -1.07637581618470937195e-01) (5, 3.99196337736134110319e-01) (0, -1.33125099033364979739e+00) (1, 1.18205079356214159958e+00) (2, 9.70309657783355983263e-01) (3, 1.88964104989503511867e+00) (4, 4.39781289114420770314e-01) (5, -2.03931218891187837627e+00) (6, 1.24486055596608924390e+01) (7, -1.26387742451131712684e-01) (8, 9.98258503404095733913e+01) (9, -2.05137817322059756719e+00) 
