FANN_FLO_2.1
num_layers=3
learning_rate=0.700000
connection_rate=1.000000
network_type=0
learning_momentum=0.000000
training_algorithm=2
train_error_function=1
train_stop_function=1
cascade_output_change_fraction=0.010000
quickprop_decay=-0.000100
quickprop_mu=1.750000
rprop_increase_factor=1.200000
rprop_decrease_factor=0.500000
rprop_delta_min=0.000000
rprop_delta_max=50.000000
rprop_delta_zero=0.100000
cascade_output_stagnation_epochs=12
cascade_candidate_change_fraction=0.010000
cascade_candidate_stagnation_epochs=12
cascade_max_out_epochs=150
cascade_min_out_epochs=50
cascade_max_cand_epochs=150
cascade_min_cand_epochs=50
cascade_num_candidate_groups=2
bit_fail_limit=1.00000000000000005551e-01
cascade_candidate_limit=1.00000000000000000000e+03
cascade_weight_multiplier=4.00000000000000022204e-01
cascade_activation_functions_count=10
cascade_activation_functions=3 5 7 8 10 11 14 15 16 17 
cascade_activation_steepnesses_count=4
cascade_activation_steepnesses=2.50000000000000000000e-01 5.00000000000000000000e-01 7.50000000000000000000e-01 1.00000000000000000000e+00 
layer_sizes=6 4 2 
scale_included=0
neurons (num_inputs, activation_function, activation_steepness)=(0, 0, 0.00000000000000000000e+00) (0, 0, 0.00000000000000000000e+00) (0, 0, 0.00000000000000000000e+00) (0, 0, 0.00000000000000000000e+00) (0, 0, 0.00000000000000000000e+00) (0, 0, 0.00000000000000000000e+00) (6, 6, 5.00000000000000000000e-01) (6, 6, 5.00000000000000000000e-01) (6, 6, 5.00000000000000000000e-01) (0, 6, 0.00000000000000000000e+00) (4, 4, 5.00000000000000000000e-01) (0, 4, 0.00000000000000000000e+00) 
connections (connected_to_neuron, weight)=(0, 1.31332808119207056219e-01) (1, -8.49933162119663521139e-01) (2, 1.79199049280224148584e-01) (3, -1.13513953335359157881e-01) (4, -1.78407713122441830000e-01) (5, 1.15715428786026794383e-01) (0, 2.35122525144743432790e+00) (1, -2.89900548044173467233e+00) (2, -3.09816093226835587160e+00) (3, 1.45480960052933694371e+00) (4, 1.50595445231391744656e+00) (5, 2.74809264038062606161e+00) (0, -2.47015565579838236587e+00) (1, 1.44304406097050219593e+00) (2, 4.34120133936904473160e+00) (3, -2.73394140542601749022e-01) (4, 1.41423728175766871829e+00) (5, -1.85359828080418309604e+00) (6, -2.67174260202943159026e-01) (7, -1.16243947937439138229e+01) (8, 5.27979288176702432622e+00) (9, -1.52309009221684021895e+00) 
