FANN_FLO_2.1
num_layers=3
learning_rate=0.700000
connection_rate=1.000000
network_type=0
learning_momentum=0.000000
training_algorithm=2
train_error_function=1
train_stop_function=1
cascade_output_change_fraction=0.010000
quickprop_decay=-0.000100
quickprop_mu=1.750000
rprop_increase_factor=1.200000
rprop_decrease_factor=0.500000
rprop_delta_min=0.000000
rprop_delta_max=50.000000
rprop_delta_zero=0.100000
cascade_output_stagnation_epochs=12
cascade_candidate_change_fraction=0.010000
cascade_candidate_stagnation_epochs=12
cascade_max_out_epochs=150
cascade_min_out_epochs=50
cascade_max_cand_epochs=150
cascade_min_cand_epochs=50
cascade_num_candidate_groups=2
bit_fail_limit=1.00000000000000005551e-01
cascade_candidate_limit=1.00000000000000000000e+03
cascade_weight_multiplier=4.00000000000000022204e-01
cascade_activation_functions_count=10
cascade_activation_functions=3 5 7 8 10 11 14 15 16 17 
cascade_activation_steepnesses_count=4
cascade_activation_steepnesses=2.50000000000000000000e-01 5.00000000000000000000e-01 7.50000000000000000000e-01 1.00000000000000000000e+00 
layer_sizes=8 4 2 
scale_included=0
neurons (num_inputs, activation_function, activation_steepness)=(0, 0, 0.00000000000000000000e+00) (0, 0, 0.00000000000000000000e+00) (0, 0, 0.00000000000000000000e+00) (0, 0, 0.00000000000000000000e+00) (0, 0, 0.00000000000000000000e+00) (0, 0, 0.00000000000000000000e+00) (0, 0, 0.00000000000000000000e+00) (0, 0, 0.00000000000000000000e+00) (8, 6, 5.00000000000000000000e-01) (8, 6, 5.00000000000000000000e-01) (8, 6, 5.00000000000000000000e-01) (0, 6, 0.00000000000000000000e+00) (4, 4, 5.00000000000000000000e-01) (0, 4, 0.00000000000000000000e+00) 
connections (connected_to_neuron, weight)=(0, -3.38509479028366255804e+00) (1, 2.92480728718339832994e+00) (2, 2.94635704352624827607e+00) (3, 5.15958090828650517423e-01) (4, 1.08933743138001815076e+00) (5, 2.68156195137325559230e+00) (6, 1.07131929371641532178e+00) (7, -3.46909256142757582708e+00) (0, 2.95779821256466957102e-01) (1, -2.03959276625201857414e-01) (2, -5.32857750689622489126e-01) (3, 3.28599477991862801152e-02) (4, -6.68197471048398265736e-03) (5, -4.98700651959128993251e-01) (6, 2.64087613818828781387e-01) (7, 4.03862707214951210943e-01) (0, -3.40761844677112746282e+00) (1, 2.98047164770662220690e+00) (2, 2.98325629725225383027e+00) (3, 4.86129091637127863645e-01) (4, 1.20611127141998664136e+00) (5, 2.74342956961770489954e+00) (6, -3.58544193728935978172e-01) (7, -3.46086259794614958807e+00) (8, 6.31197108853104715820e+00) (9, -4.32742019918254228195e-01) (10, 6.30452424067500238891e+00) (11, -9.18837046174727833936e-01) 
