FANN_FLO_2.1
num_layers=3
learning_rate=0.700000
connection_rate=1.000000
network_type=0
learning_momentum=0.000000
training_algorithm=2
train_error_function=1
train_stop_function=1
cascade_output_change_fraction=0.010000
quickprop_decay=-0.000100
quickprop_mu=1.750000
rprop_increase_factor=1.200000
rprop_decrease_factor=0.500000
rprop_delta_min=0.000000
rprop_delta_max=50.000000
rprop_delta_zero=0.100000
cascade_output_stagnation_epochs=12
cascade_candidate_change_fraction=0.010000
cascade_candidate_stagnation_epochs=12
cascade_max_out_epochs=150
cascade_min_out_epochs=50
cascade_max_cand_epochs=150
cascade_min_cand_epochs=50
cascade_num_candidate_groups=2
bit_fail_limit=1.00000000000000005551e-01
cascade_candidate_limit=1.00000000000000000000e+03
cascade_weight_multiplier=4.00000000000000022204e-01
cascade_activation_functions_count=10
cascade_activation_functions=3 5 7 8 10 11 14 15 16 17 
cascade_activation_steepnesses_count=4
cascade_activation_steepnesses=2.50000000000000000000e-01 5.00000000000000000000e-01 7.50000000000000000000e-01 1.00000000000000000000e+00 
layer_sizes=13 4 2 
scale_included=0
neurons (num_inputs, activation_function, activation_steepness)=(0, 0, 0.00000000000000000000e+00) (0, 0, 0.00000000000000000000e+00) (0, 0, 0.00000000000000000000e+00) (0, 0, 0.00000000000000000000e+00) (0, 0, 0.00000000000000000000e+00) (0, 0, 0.00000000000000000000e+00) (0, 0, 0.00000000000000000000e+00) (0, 0, 0.00000000000000000000e+00) (0, 0, 0.00000000000000000000e+00) (0, 0, 0.00000000000000000000e+00) (0, 0, 0.00000000000000000000e+00) (0, 0, 0.00000000000000000000e+00) (0, 0, 0.00000000000000000000e+00) (13, 6, 5.00000000000000000000e-01) (13, 6, 5.00000000000000000000e-01) (13, 6, 5.00000000000000000000e-01) (0, 6, 0.00000000000000000000e+00) (4, 4, 5.00000000000000000000e-01) (0, 4, 0.00000000000000000000e+00) 
connections (connected_to_neuron, weight)=(0, -1.44191381838335441756e+00) (1, -1.93540438042929113793e-02) (2, 8.50405463240531389602e+00) (3, 1.27534401910995165430e+00) (4, -6.79205763956517105662e-01) (5, 1.39673330847521626197e+01) (6, 6.22367670534044226116e+00) (7, 4.56713336119905610744e-01) (8, -2.64603990969860314308e-01) (9, 4.24937987068913258781e+00) (10, 1.37750493265092965878e+00) (11, 1.12715487550100612602e+00) (12, -2.27607017589697591120e+00) (0, -1.84117545835342255600e+00) (1, 1.19326824042650248003e+00) (2, -3.56125174633994978635e+00) (3, -8.48198648718714642847e-01) (4, -1.03019071099013048709e+00) (5, -4.69802502036480329473e-01) (6, 5.68799991060254361841e-01) (7, -1.91291267762445826861e+00) (8, 5.42712336775841031056e+00) (9, -1.16469631864145717337e+00) (10, -3.82683140574095914666e-01) (11, 1.80982764633253634390e-01) (12, -8.15450752962036284899e-01) (0, 1.92872704517276183367e+00) (1, -5.93370615970288550756e+00) (2, -5.77608478341044140336e+00) (3, 2.68412210570191489545e-01) (4, 4.34549042142237418318e+00) (5, -3.69473963947590178236e+00) (6, -2.80205735038870429321e+00) (7, -2.03611424913179517304e+00) (8, -4.74728188616607305050e+00) (9, -1.48818669573880368873e+00) (10, 1.58695216255463611432e+00) (11, 2.64641099347560082578e-01) (12, 5.65850119336488255328e+00) (13, 4.11952759632954190749e+00) (14, 1.51363978937712428952e+00) (15, -8.59718981941231419341e+00) (16, -1.73846588753797459681e+00) 
