FANN_FLO_2.1
num_layers=3
learning_rate=0.700000
connection_rate=1.000000
network_type=0
learning_momentum=0.000000
training_algorithm=2
train_error_function=1
train_stop_function=1
cascade_output_change_fraction=0.010000
quickprop_decay=-0.000100
quickprop_mu=1.750000
rprop_increase_factor=1.200000
rprop_decrease_factor=0.500000
rprop_delta_min=0.000000
rprop_delta_max=50.000000
rprop_delta_zero=0.100000
cascade_output_stagnation_epochs=12
cascade_candidate_change_fraction=0.010000
cascade_candidate_stagnation_epochs=12
cascade_max_out_epochs=150
cascade_min_out_epochs=50
cascade_max_cand_epochs=150
cascade_min_cand_epochs=50
cascade_num_candidate_groups=2
bit_fail_limit=1.00000000000000005551e-01
cascade_candidate_limit=1.00000000000000000000e+03
cascade_weight_multiplier=4.00000000000000022204e-01
cascade_activation_functions_count=10
cascade_activation_functions=3 5 7 8 10 11 14 15 16 17 
cascade_activation_steepnesses_count=4
cascade_activation_steepnesses=2.50000000000000000000e-01 5.00000000000000000000e-01 7.50000000000000000000e-01 1.00000000000000000000e+00 
layer_sizes=9 4 2 
scale_included=0
neurons (num_inputs, activation_function, activation_steepness)=(0, 0, 0.00000000000000000000e+00) (0, 0, 0.00000000000000000000e+00) (0, 0, 0.00000000000000000000e+00) (0, 0, 0.00000000000000000000e+00) (0, 0, 0.00000000000000000000e+00) (0, 0, 0.00000000000000000000e+00) (0, 0, 0.00000000000000000000e+00) (0, 0, 0.00000000000000000000e+00) (0, 0, 0.00000000000000000000e+00) (9, 6, 5.00000000000000000000e-01) (9, 6, 5.00000000000000000000e-01) (9, 6, 5.00000000000000000000e-01) (0, 6, 0.00000000000000000000e+00) (4, 4, 5.00000000000000000000e-01) (0, 4, 0.00000000000000000000e+00) 
connections (connected_to_neuron, weight)=(0, -7.85029276297638967108e-01) (1, 1.89391859236687865042e+00) (2, 1.70549469167052536456e+00) (3, 3.21638442448373251814e-01) (4, 4.16696420980890380736e-01) (5, 1.75546682623283545333e+00) (6, -1.31349689909683875477e-01) (7, 1.59303947108906629460e+00) (8, -2.17467041720594611576e+00) (0, 4.42889781812909077985e+00) (1, -4.08149029998030599131e+00) (2, -3.61320422632724191914e+00) (3, 2.23662988832842662967e-01) (4, -5.59833447762940084047e-01) (5, -3.04067241668916699027e+00) (6, 2.12499682142555726405e-02) (7, -3.74608618672806903405e+00) (8, 4.46005109469178151471e+00) (0, -1.19186689899008002591e+00) (1, 1.52775922066098757135e+00) (2, 1.71074152530745782208e+00) (3, 2.87204347423310746290e-01) (4, 4.29118934197624313232e-01) (5, 1.91798994687454382735e+00) (6, -2.59635761031376421926e-01) (7, 1.65920161026638868229e+00) (8, -2.28145226987908422700e+00) (9, 1.11760653153414573069e+01) (10, -2.25339490437569756054e+00) (11, 5.48075835189992055518e+00) (12, -7.54261397285556967063e-01) 
