FANN_FLO_2.1
num_layers=3
learning_rate=0.700000
connection_rate=1.000000
network_type=0
learning_momentum=0.000000
training_algorithm=2
train_error_function=1
train_stop_function=1
cascade_output_change_fraction=0.010000
quickprop_decay=-0.000100
quickprop_mu=1.750000
rprop_increase_factor=1.200000
rprop_decrease_factor=0.500000
rprop_delta_min=0.000000
rprop_delta_max=50.000000
rprop_delta_zero=0.100000
cascade_output_stagnation_epochs=12
cascade_candidate_change_fraction=0.010000
cascade_candidate_stagnation_epochs=12
cascade_max_out_epochs=150
cascade_min_out_epochs=50
cascade_max_cand_epochs=150
cascade_min_cand_epochs=50
cascade_num_candidate_groups=2
bit_fail_limit=1.00000000000000005551e-01
cascade_candidate_limit=1.00000000000000000000e+03
cascade_weight_multiplier=4.00000000000000022204e-01
cascade_activation_functions_count=10
cascade_activation_functions=3 5 7 8 10 11 14 15 16 17 
cascade_activation_steepnesses_count=4
cascade_activation_steepnesses=2.50000000000000000000e-01 5.00000000000000000000e-01 7.50000000000000000000e-01 1.00000000000000000000e+00 
layer_sizes=12 4 2 
scale_included=0
neurons (num_inputs, activation_function, activation_steepness)=(0, 0, 0.00000000000000000000e+00) (0, 0, 0.00000000000000000000e+00) (0, 0, 0.00000000000000000000e+00) (0, 0, 0.00000000000000000000e+00) (0, 0, 0.00000000000000000000e+00) (0, 0, 0.00000000000000000000e+00) (0, 0, 0.00000000000000000000e+00) (0, 0, 0.00000000000000000000e+00) (0, 0, 0.00000000000000000000e+00) (0, 0, 0.00000000000000000000e+00) (0, 0, 0.00000000000000000000e+00) (0, 0, 0.00000000000000000000e+00) (12, 6, 5.00000000000000000000e-01) (12, 6, 5.00000000000000000000e-01) (12, 6, 5.00000000000000000000e-01) (0, 6, 0.00000000000000000000e+00) (4, 4, 5.00000000000000000000e-01) (0, 4, 0.00000000000000000000e+00) 
connections (connected_to_neuron, weight)=(0, 2.70213123145589184659e+00) (1, 6.97291818232694704527e-01) (2, 1.75382458029899535035e+00) (3, 4.83251248677759481787e-01) (4, 8.79557567504352322274e-01) (5, 1.46605909347964002976e+00) (6, 5.73495721539783231968e-01) (7, 6.24762419660909396057e-01) (8, 2.07113318200009928205e+01) (9, 1.51534342655064619976e+01) (10, 9.05553748894063148533e-01) (11, -1.06666332797693641510e+00) (0, -2.56249774700309673747e+00) (1, -1.45637840228486248328e+00) (2, -8.06804167774965219628e-01) (3, -6.73048855173160709420e-01) (4, -1.44619514604664023416e+00) (5, -8.05614069237880703334e-01) (6, -6.59868448369041904478e-01) (7, -5.52135168450654023609e-01) (8, -5.66845312500064535399e-01) (9, -6.03102889641309203306e-01) (10, -1.45072061473355296002e+00) (11, 2.61223757383741839178e+00) (0, -9.81392868346215530018e-01) (1, -1.29470137361344117544e+00) (2, -2.08712992995784357708e-01) (3, 4.84286066613362486954e-02) (4, -1.43299350304186146055e+00) (5, -6.60151309356402787865e-02) (6, 1.46473682081892653262e-01) (7, 7.48656832743613276371e-02) (8, 2.13209228343920864646e-01) (9, -3.21947552454708518788e-01) (10, -1.29732226734515432298e+00) (11, 1.33885623859883273745e+00) (12, 3.99579968826047249308e+00) (13, -1.35556215567218714568e+02) (14, -4.91386986734687880585e+00) (15, -2.38869550574939948362e+00) 
