FANN_FLO_2.1
num_layers=3
learning_rate=0.700000
connection_rate=1.000000
network_type=0
learning_momentum=0.000000
training_algorithm=2
train_error_function=1
train_stop_function=1
cascade_output_change_fraction=0.010000
quickprop_decay=-0.000100
quickprop_mu=1.750000
rprop_increase_factor=1.200000
rprop_decrease_factor=0.500000
rprop_delta_min=0.000000
rprop_delta_max=50.000000
rprop_delta_zero=0.100000
cascade_output_stagnation_epochs=12
cascade_candidate_change_fraction=0.010000
cascade_candidate_stagnation_epochs=12
cascade_max_out_epochs=150
cascade_min_out_epochs=50
cascade_max_cand_epochs=150
cascade_min_cand_epochs=50
cascade_num_candidate_groups=2
bit_fail_limit=1.00000000000000005551e-01
cascade_candidate_limit=1.00000000000000000000e+03
cascade_weight_multiplier=4.00000000000000022204e-01
cascade_activation_functions_count=10
cascade_activation_functions=3 5 7 8 10 11 14 15 16 17 
cascade_activation_steepnesses_count=4
cascade_activation_steepnesses=2.50000000000000000000e-01 5.00000000000000000000e-01 7.50000000000000000000e-01 1.00000000000000000000e+00 
layer_sizes=9 4 2 
scale_included=0
neurons (num_inputs, activation_function, activation_steepness)=(0, 0, 0.00000000000000000000e+00) (0, 0, 0.00000000000000000000e+00) (0, 0, 0.00000000000000000000e+00) (0, 0, 0.00000000000000000000e+00) (0, 0, 0.00000000000000000000e+00) (0, 0, 0.00000000000000000000e+00) (0, 0, 0.00000000000000000000e+00) (0, 0, 0.00000000000000000000e+00) (0, 0, 0.00000000000000000000e+00) (9, 6, 5.00000000000000000000e-01) (9, 6, 5.00000000000000000000e-01) (9, 6, 5.00000000000000000000e-01) (0, 6, 0.00000000000000000000e+00) (4, 4, 5.00000000000000000000e-01) (0, 4, 0.00000000000000000000e+00) 
connections (connected_to_neuron, weight)=(0, -1.70574684540573007219e-01) (1, 3.93041307016381458173e-01) (2, 1.06658729082513636932e+00) (3, 2.34136546679617751909e-01) (4, 2.86587821968676381701e-01) (5, 6.15242487413086847070e-01) (6, 3.14691238708351583853e-01) (7, 8.29102665467133292942e-01) (8, -2.41713569563063238044e-02) (0, 7.64099804921855874085e+00) (1, -5.61536884093594501621e+00) (2, -6.64033912306827289740e+00) (3, -6.31499135588385995810e-01) (4, -6.04889409338214334433e-01) (5, -5.15157530905569238655e+00) (6, -4.01993993827866358259e+00) (7, -4.16990969398218069841e+00) (8, 6.60473757062227750936e+00) (0, 2.60315321975703284352e-01) (1, -5.20626841609695079072e-01) (2, -1.47843586889024125597e+00) (3, 1.83454006951635051337e-01) (4, -1.47055264859248413511e-01) (5, -8.87744545518739935908e-01) (6, -1.00346330534916705624e+00) (7, -6.38054432449804087568e-01) (8, 3.19890127175803229420e-01) (9, 4.83746041526224690443e-01) (10, -9.24276345473167815214e+00) (11, -2.31977998323893697119e+00) (12, -2.11721967372338371050e+00) 
