FANN_FLO_2.1
num_layers=3
learning_rate=0.700000
connection_rate=1.000000
network_type=0
learning_momentum=0.000000
training_algorithm=2
train_error_function=1
train_stop_function=1
cascade_output_change_fraction=0.010000
quickprop_decay=-0.000100
quickprop_mu=1.750000
rprop_increase_factor=1.200000
rprop_decrease_factor=0.500000
rprop_delta_min=0.000000
rprop_delta_max=50.000000
rprop_delta_zero=0.100000
cascade_output_stagnation_epochs=12
cascade_candidate_change_fraction=0.010000
cascade_candidate_stagnation_epochs=12
cascade_max_out_epochs=150
cascade_min_out_epochs=50
cascade_max_cand_epochs=150
cascade_min_cand_epochs=50
cascade_num_candidate_groups=2
bit_fail_limit=1.00000000000000005551e-01
cascade_candidate_limit=1.00000000000000000000e+03
cascade_weight_multiplier=4.00000000000000022204e-01
cascade_activation_functions_count=10
cascade_activation_functions=3 5 7 8 10 11 14 15 16 17 
cascade_activation_steepnesses_count=4
cascade_activation_steepnesses=2.50000000000000000000e-01 5.00000000000000000000e-01 7.50000000000000000000e-01 1.00000000000000000000e+00 
layer_sizes=9 4 2 
scale_included=0
neurons (num_inputs, activation_function, activation_steepness)=(0, 0, 0.00000000000000000000e+00) (0, 0, 0.00000000000000000000e+00) (0, 0, 0.00000000000000000000e+00) (0, 0, 0.00000000000000000000e+00) (0, 0, 0.00000000000000000000e+00) (0, 0, 0.00000000000000000000e+00) (0, 0, 0.00000000000000000000e+00) (0, 0, 0.00000000000000000000e+00) (0, 0, 0.00000000000000000000e+00) (9, 6, 5.00000000000000000000e-01) (9, 6, 5.00000000000000000000e-01) (9, 6, 5.00000000000000000000e-01) (0, 6, 0.00000000000000000000e+00) (4, 4, 5.00000000000000000000e-01) (0, 4, 0.00000000000000000000e+00) 
connections (connected_to_neuron, weight)=(0, 2.62794801047256887383e-01) (1, 1.06668071902655303695e+00) (2, 5.19057077804583988367e-01) (3, 8.42211448447163779640e-01) (4, 4.72897314210221630937e-01) (5, 9.28528607656738391718e-01) (6, 7.50645093774253591157e-01) (7, -5.08158599558288792686e-01) (8, -1.86116076519867099104e-02) (0, 3.89507832738368475756e-01) (1, -2.09187953043010610443e+00) (2, -6.10705095886289295315e-01) (3, -2.62900351504380402901e-01) (4, -1.95414524873655937043e+00) (5, -1.98709972582535976393e+00) (6, -2.87970005492264924385e-01) (7, 2.16250650544595490743e+00) (8, 1.59415438412542020963e+00) (0, 1.26289196064881148462e-01) (1, 1.13639385881088839092e+00) (2, 2.34807987732030154504e+00) (3, 4.55536587992687092008e-01) (4, 7.02997977466866097451e-01) (5, 8.41276471834138339645e-01) (6, 8.54038153900401497687e-01) (7, -1.26249753165461031656e+00) (8, -1.56896247893662799111e-01) (9, 4.49758788024711309017e-01) (10, -9.04229563050510023459e+01) (11, 5.13716646195204962311e-01) (12, -7.24178610012522261385e-01) 
