FANN_FLO_2.1
num_layers=3
learning_rate=0.700000
connection_rate=1.000000
network_type=0
learning_momentum=0.000000
training_algorithm=2
train_error_function=1
train_stop_function=1
cascade_output_change_fraction=0.010000
quickprop_decay=-0.000100
quickprop_mu=1.750000
rprop_increase_factor=1.200000
rprop_decrease_factor=0.500000
rprop_delta_min=0.000000
rprop_delta_max=50.000000
rprop_delta_zero=0.100000
cascade_output_stagnation_epochs=12
cascade_candidate_change_fraction=0.010000
cascade_candidate_stagnation_epochs=12
cascade_max_out_epochs=150
cascade_min_out_epochs=50
cascade_max_cand_epochs=150
cascade_min_cand_epochs=50
cascade_num_candidate_groups=2
bit_fail_limit=1.00000000000000005551e-01
cascade_candidate_limit=1.00000000000000000000e+03
cascade_weight_multiplier=4.00000000000000022204e-01
cascade_activation_functions_count=10
cascade_activation_functions=3 5 7 8 10 11 14 15 16 17 
cascade_activation_steepnesses_count=4
cascade_activation_steepnesses=2.50000000000000000000e-01 5.00000000000000000000e-01 7.50000000000000000000e-01 1.00000000000000000000e+00 
layer_sizes=14 4 2 
scale_included=0
neurons (num_inputs, activation_function, activation_steepness)=(0, 0, 0.00000000000000000000e+00) (0, 0, 0.00000000000000000000e+00) (0, 0, 0.00000000000000000000e+00) (0, 0, 0.00000000000000000000e+00) (0, 0, 0.00000000000000000000e+00) (0, 0, 0.00000000000000000000e+00) (0, 0, 0.00000000000000000000e+00) (0, 0, 0.00000000000000000000e+00) (0, 0, 0.00000000000000000000e+00) (0, 0, 0.00000000000000000000e+00) (0, 0, 0.00000000000000000000e+00) (0, 0, 0.00000000000000000000e+00) (0, 0, 0.00000000000000000000e+00) (0, 0, 0.00000000000000000000e+00) (14, 6, 5.00000000000000000000e-01) (14, 6, 5.00000000000000000000e-01) (14, 6, 5.00000000000000000000e-01) (0, 6, 0.00000000000000000000e+00) (4, 4, 5.00000000000000000000e-01) (0, 4, 0.00000000000000000000e+00) 
connections (connected_to_neuron, weight)=(0, 2.08092542271489572281e-01) (1, -7.28897758951100316338e-01) (2, -7.68082506453533819801e-01) (3, -3.22920091948109089230e+00) (4, -5.43863102154848010450e-01) (5, -1.07410339651373276659e+00) (6, -5.10338017086723216842e-01) (7, 2.83991744090910269716e-01) (8, -7.73980941391895993497e-01) (9, 8.45837963238438017566e-02) (10, -3.01485813785713097079e-01) (11, -1.10272379068721879114e-01) (12, -6.46294708333351897167e-01) (13, 8.80789319693614070061e-01) (0, -1.46468971906343647937e+00) (1, 3.62866113738929163546e+00) (2, 1.48463430500070958651e+00) (3, 6.06173992321535015648e-01) (4, 1.59364177070020218707e+00) (5, 1.97869516064677730682e+00) (6, 9.13203514761469103966e-01) (7, -1.17720851800328957237e-01) (8, 6.32685989440850637955e-01) (9, 1.89590954379341314340e-01) (10, 1.70219101671804895481e+00) (11, -1.08705127038428384090e+00) (12, 1.33616654887233488047e+00) (13, -2.00467302786692469496e+00) (0, -1.06857961577779159157e+00) (1, 2.22849136278972714820e+00) (2, 4.84788272541926001935e+00) (3, 3.30088892932166499961e+00) (4, 7.94488187080855379207e+00) (5, 4.82715825232196671379e+00) (6, 1.98846310361230682595e+00) (7, -1.55775469677944311542e+00) (8, 3.74356405215544985055e+00) (9, 3.06125998610805183375e+00) (10, 5.36287667082747709912e+00) (11, 6.57971559156872931595e+00) (12, 2.33131089560146970152e-01) (13, -8.67535230158805603651e+00) (14, -1.08957985133265644606e+01) (15, 6.92846890422284289457e+00) (16, 6.66970348693072434543e+00) (17, -1.75260957038344655778e+00) 
