FANN_FLO_2.1
num_layers=3
learning_rate=0.700000
connection_rate=1.000000
network_type=0
learning_momentum=0.000000
training_algorithm=2
train_error_function=1
train_stop_function=1
cascade_output_change_fraction=0.010000
quickprop_decay=-0.000100
quickprop_mu=1.750000
rprop_increase_factor=1.200000
rprop_decrease_factor=0.500000
rprop_delta_min=0.000000
rprop_delta_max=50.000000
rprop_delta_zero=0.100000
cascade_output_stagnation_epochs=12
cascade_candidate_change_fraction=0.010000
cascade_candidate_stagnation_epochs=12
cascade_max_out_epochs=150
cascade_min_out_epochs=50
cascade_max_cand_epochs=150
cascade_min_cand_epochs=50
cascade_num_candidate_groups=2
bit_fail_limit=1.00000000000000005551e-01
cascade_candidate_limit=1.00000000000000000000e+03
cascade_weight_multiplier=4.00000000000000022204e-01
cascade_activation_functions_count=10
cascade_activation_functions=3 5 7 8 10 11 14 15 16 17 
cascade_activation_steepnesses_count=4
cascade_activation_steepnesses=2.50000000000000000000e-01 5.00000000000000000000e-01 7.50000000000000000000e-01 1.00000000000000000000e+00 
layer_sizes=10 4 2 
scale_included=0
neurons (num_inputs, activation_function, activation_steepness)=(0, 0, 0.00000000000000000000e+00) (0, 0, 0.00000000000000000000e+00) (0, 0, 0.00000000000000000000e+00) (0, 0, 0.00000000000000000000e+00) (0, 0, 0.00000000000000000000e+00) (0, 0, 0.00000000000000000000e+00) (0, 0, 0.00000000000000000000e+00) (0, 0, 0.00000000000000000000e+00) (0, 0, 0.00000000000000000000e+00) (0, 0, 0.00000000000000000000e+00) (10, 6, 5.00000000000000000000e-01) (10, 6, 5.00000000000000000000e-01) (10, 6, 5.00000000000000000000e-01) (0, 6, 0.00000000000000000000e+00) (4, 4, 5.00000000000000000000e-01) (0, 4, 0.00000000000000000000e+00) 
connections (connected_to_neuron, weight)=(0, 6.39648713304067778607e-02) (1, -2.47547669493522637385e-01) (2, -6.93611813935268495257e-01) (3, -3.81603099606907136820e-01) (4, -2.71355301663966042014e-01) (5, -1.99003008695214332613e-02) (6, -2.67058595658268171924e-01) (7, -4.03816219300686785054e-01) (8, 1.89747616830959531242e-01) (9, 9.77096088363195308668e-02) (0, -2.69097904980295643540e+00) (1, 2.59060432980438015704e+00) (2, 1.77357302977323572080e+00) (3, 4.00108186636617890741e+00) (4, 3.07851875705629307589e+00) (5, -1.39278015866138926704e+00) (6, 3.24871334788429111384e+00) (7, 1.58950792093650994374e+00) (8, -5.65953213647148434262e+00) (9, -3.32716299114988300900e+00) (0, -1.14715803098896451662e-01) (1, 7.66974445235394708398e-01) (2, 9.43166183277045044875e-01) (3, 1.06193832463779358477e+00) (4, 8.92936212684970476161e-01) (5, 4.26363966410073513824e-01) (6, 8.12849791413592592804e-01) (7, 6.17816304171682317836e-01) (8, -1.70472173548124872333e+00) (9, -2.07151706946113955965e-01) (10, -6.92241834843740688754e-01) (11, 1.15309403239776582240e+01) (12, 2.19196488905876396558e-01) (13, -1.68746019421956794382e+00) 
