FANN_FLO_2.1
num_layers=3
learning_rate=0.700000
connection_rate=1.000000
network_type=0
learning_momentum=0.000000
training_algorithm=2
train_error_function=1
train_stop_function=1
cascade_output_change_fraction=0.010000
quickprop_decay=-0.000100
quickprop_mu=1.750000
rprop_increase_factor=1.200000
rprop_decrease_factor=0.500000
rprop_delta_min=0.000000
rprop_delta_max=50.000000
rprop_delta_zero=0.100000
cascade_output_stagnation_epochs=12
cascade_candidate_change_fraction=0.010000
cascade_candidate_stagnation_epochs=12
cascade_max_out_epochs=150
cascade_min_out_epochs=50
cascade_max_cand_epochs=150
cascade_min_cand_epochs=50
cascade_num_candidate_groups=2
bit_fail_limit=1.00000000000000005551e-01
cascade_candidate_limit=1.00000000000000000000e+03
cascade_weight_multiplier=4.00000000000000022204e-01
cascade_activation_functions_count=10
cascade_activation_functions=3 5 7 8 10 11 14 15 16 17 
cascade_activation_steepnesses_count=4
cascade_activation_steepnesses=2.50000000000000000000e-01 5.00000000000000000000e-01 7.50000000000000000000e-01 1.00000000000000000000e+00 
layer_sizes=10 4 2 
scale_included=0
neurons (num_inputs, activation_function, activation_steepness)=(0, 0, 0.00000000000000000000e+00) (0, 0, 0.00000000000000000000e+00) (0, 0, 0.00000000000000000000e+00) (0, 0, 0.00000000000000000000e+00) (0, 0, 0.00000000000000000000e+00) (0, 0, 0.00000000000000000000e+00) (0, 0, 0.00000000000000000000e+00) (0, 0, 0.00000000000000000000e+00) (0, 0, 0.00000000000000000000e+00) (0, 0, 0.00000000000000000000e+00) (10, 6, 5.00000000000000000000e-01) (10, 6, 5.00000000000000000000e-01) (10, 6, 5.00000000000000000000e-01) (0, 6, 0.00000000000000000000e+00) (4, 4, 5.00000000000000000000e-01) (0, 4, 0.00000000000000000000e+00) 
connections (connected_to_neuron, weight)=(0, -1.64510466780929814901e-01) (1, 8.71116266249866599836e-01) (2, 1.41176588784356127348e+00) (3, 6.20842603183107355491e-01) (4, 5.90603969965644237661e-01) (5, 3.72421674713987571614e-01) (6, 7.31590629583099061328e-01) (7, 4.37763232606146357462e-01) (8, 9.62253194708915682298e-01) (9, -5.93289009899801378367e-01) (0, -2.13233313750142761123e+00) (1, 2.32954051608970580389e+00) (2, 2.16532031679937375657e+00) (3, 6.19990964604508310032e-01) (4, 7.65216348532707812957e-01) (5, 2.18948422442135681720e+00) (6, 1.84737653237483745450e+00) (7, 7.45186828685146851470e-01) (8, 2.13874986274359679683e+00) (9, -2.71742970623010071662e+00) (0, -1.99852778803224251369e+00) (1, 2.19844964409997922772e+00) (2, 2.24281040067264569871e+00) (3, 6.33449142051827340794e-01) (4, 7.55467606548340442352e-01) (5, 2.22849275241551270099e+00) (6, 1.81902761709592586392e+00) (7, 7.63429314506393952300e-01) (8, 2.19932959480402923091e+00) (9, -2.72408315665954026130e+00) (10, 9.30469748956070707990e-01) (11, 8.80192822601101987345e+00) (12, 8.71756896014712445719e+00) (13, -9.55178039534796186061e-01) 
