FANN_FLO_2.1
num_layers=3
learning_rate=0.700000
connection_rate=1.000000
network_type=0
learning_momentum=0.000000
training_algorithm=2
train_error_function=1
train_stop_function=1
cascade_output_change_fraction=0.010000
quickprop_decay=-0.000100
quickprop_mu=1.750000
rprop_increase_factor=1.200000
rprop_decrease_factor=0.500000
rprop_delta_min=0.000000
rprop_delta_max=50.000000
rprop_delta_zero=0.100000
cascade_output_stagnation_epochs=12
cascade_candidate_change_fraction=0.010000
cascade_candidate_stagnation_epochs=12
cascade_max_out_epochs=150
cascade_min_out_epochs=50
cascade_max_cand_epochs=150
cascade_min_cand_epochs=50
cascade_num_candidate_groups=2
bit_fail_limit=1.00000000000000005551e-01
cascade_candidate_limit=1.00000000000000000000e+03
cascade_weight_multiplier=4.00000000000000022204e-01
cascade_activation_functions_count=10
cascade_activation_functions=3 5 7 8 10 11 14 15 16 17 
cascade_activation_steepnesses_count=4
cascade_activation_steepnesses=2.50000000000000000000e-01 5.00000000000000000000e-01 7.50000000000000000000e-01 1.00000000000000000000e+00 
layer_sizes=17 4 2 
scale_included=0
neurons (num_inputs, activation_function, activation_steepness)=(0, 0, 0.00000000000000000000e+00) (0, 0, 0.00000000000000000000e+00) (0, 0, 0.00000000000000000000e+00) (0, 0, 0.00000000000000000000e+00) (0, 0, 0.00000000000000000000e+00) (0, 0, 0.00000000000000000000e+00) (0, 0, 0.00000000000000000000e+00) (0, 0, 0.00000000000000000000e+00) (0, 0, 0.00000000000000000000e+00) (0, 0, 0.00000000000000000000e+00) (0, 0, 0.00000000000000000000e+00) (0, 0, 0.00000000000000000000e+00) (0, 0, 0.00000000000000000000e+00) (0, 0, 0.00000000000000000000e+00) (0, 0, 0.00000000000000000000e+00) (0, 0, 0.00000000000000000000e+00) (0, 0, 0.00000000000000000000e+00) (17, 6, 5.00000000000000000000e-01) (17, 6, 5.00000000000000000000e-01) (17, 6, 5.00000000000000000000e-01) (0, 6, 0.00000000000000000000e+00) (4, 4, 5.00000000000000000000e-01) (0, 4, 0.00000000000000000000e+00) 
connections (connected_to_neuron, weight)=(0, -1.07560456310686198833e+01) (1, 1.85244524584485970031e+00) (2, 4.58965601902399489287e-01) (3, 1.95373919154933045617e-01) (4, 2.21664180426171775196e+00) (5, 3.49959828968766595292e-01) (6, 3.07058096941236036148e-01) (7, 2.07509801800969617691e-01) (8, 5.01761633696083952927e-01) (9, 2.17970484184166668484e+00) (10, 5.90330515531603206014e-01) (11, -4.24763882212397747562e-01) (12, 2.23966964610737351293e+00) (13, -1.36719927756948655961e+00) (14, 2.05683779252974918705e+00) (15, 7.61772086246451651803e-01) (16, -8.31502348198828400427e-01) (0, 8.09599398803192471519e+00) (1, -1.43911743687604709585e+00) (2, -7.85966918083775945014e-01) (3, 7.10741230080642882871e-02) (4, -1.28258765746160952048e+00) (5, 2.94808139019003212500e-01) (6, 2.08021137807159861577e-01) (7, 1.57469715866833115392e-01) (8, -6.93871617104738214188e-02) (9, -1.39058971070274250970e+00) (10, -1.32725909477309067519e+00) (11, 9.06056945982014472207e-01) (12, -1.14321375827984517137e+00) (13, 2.66276098829458263140e+00) (14, -1.35011721413409824244e+00) (15, -1.65259753302131773278e-01) (16, 9.80364371383567023699e-01) (0, -1.08801405121859637859e+01) (1, 2.01104706631376251025e+00) (2, 4.95703572910223322356e-01) (3, 3.20912238504221958291e-01) (4, 2.23547864524892325733e+00) (5, 9.53949904276353011223e-02) (6, 3.02813754494908826675e-01) (7, 2.11497739966634290543e-01) (8, 4.77939351246770838255e-01) (9, 2.05401044400474397378e+00) (10, 7.02451672879759181356e-01) (11, -3.81952294759509258792e-01) (12, 2.27743529804867295141e+00) (13, -1.31301716535253709672e+00) (14, 2.06272939129083088261e+00) (15, 6.67653219176968848458e-01) (16, -8.45987252905306519324e-01) (17, 6.46337038456081813820e+00) (18, -1.08503005531903831127e+01) (19, 3.83190250505005236548e+00) (20, -3.83312704522808189722e-01) 
