FANN_FLO_2.1
num_layers=3
learning_rate=0.700000
connection_rate=1.000000
network_type=0
learning_momentum=0.000000
training_algorithm=2
train_error_function=1
train_stop_function=1
cascade_output_change_fraction=0.010000
quickprop_decay=-0.000100
quickprop_mu=1.750000
rprop_increase_factor=1.200000
rprop_decrease_factor=0.500000
rprop_delta_min=0.000000
rprop_delta_max=50.000000
rprop_delta_zero=0.100000
cascade_output_stagnation_epochs=12
cascade_candidate_change_fraction=0.010000
cascade_candidate_stagnation_epochs=12
cascade_max_out_epochs=150
cascade_min_out_epochs=50
cascade_max_cand_epochs=150
cascade_min_cand_epochs=50
cascade_num_candidate_groups=2
bit_fail_limit=1.00000000000000005551e-01
cascade_candidate_limit=1.00000000000000000000e+03
cascade_weight_multiplier=4.00000000000000022204e-01
cascade_activation_functions_count=10
cascade_activation_functions=3 5 7 8 10 11 14 15 16 17 
cascade_activation_steepnesses_count=4
cascade_activation_steepnesses=2.50000000000000000000e-01 5.00000000000000000000e-01 7.50000000000000000000e-01 1.00000000000000000000e+00 
layer_sizes=9 4 2 
scale_included=0
neurons (num_inputs, activation_function, activation_steepness)=(0, 0, 0.00000000000000000000e+00) (0, 0, 0.00000000000000000000e+00) (0, 0, 0.00000000000000000000e+00) (0, 0, 0.00000000000000000000e+00) (0, 0, 0.00000000000000000000e+00) (0, 0, 0.00000000000000000000e+00) (0, 0, 0.00000000000000000000e+00) (0, 0, 0.00000000000000000000e+00) (0, 0, 0.00000000000000000000e+00) (9, 6, 5.00000000000000000000e-01) (9, 6, 5.00000000000000000000e-01) (9, 6, 5.00000000000000000000e-01) (0, 6, 0.00000000000000000000e+00) (4, 4, 5.00000000000000000000e-01) (0, 4, 0.00000000000000000000e+00) 
connections (connected_to_neuron, weight)=(0, 8.02860196023222755235e-02) (1, 3.25830408717616126779e+00) (2, 1.68955662736376660549e-01) (3, -2.05188796780159249389e-01) (4, 1.75973208973918304743e+00) (5, 1.75476822737229665172e+00) (6, 1.31058348049648909495e+00) (7, 1.70120065006932996710e+00) (8, -2.00689466592670218148e+00) (0, 1.29001238503956505710e-01) (1, 3.24378569956048057321e+00) (2, 1.82271399983843701564e-01) (3, -1.96313471458008065307e-01) (4, 1.75013392398867950739e+00) (5, 1.69802624467385609996e+00) (6, 1.30566240181454329417e+00) (7, 1.68942083511075757940e+00) (8, -2.02084472325444952645e+00) (0, -3.66175294814425345002e-02) (1, 1.38848060563101682874e+00) (2, 1.98838312967004965381e-01) (3, -2.10382306820123266000e-01) (4, 7.18278266146390897973e-01) (5, 1.15696161306533440438e+00) (6, 1.00770601259199743538e+00) (7, 7.43948025446602656530e-01) (8, -8.57021538329140963874e-01) (9, 2.83782199828201164848e+01) (10, 2.83143200112753739006e+01) (11, 1.23718792451192083348e+00) (12, -9.42897139922413196622e-01) 
