FANN_FLO_2.1
num_layers=3
learning_rate=0.700000
connection_rate=1.000000
network_type=0
learning_momentum=0.000000
training_algorithm=2
train_error_function=1
train_stop_function=1
cascade_output_change_fraction=0.010000
quickprop_decay=-0.000100
quickprop_mu=1.750000
rprop_increase_factor=1.200000
rprop_decrease_factor=0.500000
rprop_delta_min=0.000000
rprop_delta_max=50.000000
rprop_delta_zero=0.100000
cascade_output_stagnation_epochs=12
cascade_candidate_change_fraction=0.010000
cascade_candidate_stagnation_epochs=12
cascade_max_out_epochs=150
cascade_min_out_epochs=50
cascade_max_cand_epochs=150
cascade_min_cand_epochs=50
cascade_num_candidate_groups=2
bit_fail_limit=1.00000000000000005551e-01
cascade_candidate_limit=1.00000000000000000000e+03
cascade_weight_multiplier=4.00000000000000022204e-01
cascade_activation_functions_count=10
cascade_activation_functions=3 5 7 8 10 11 14 15 16 17 
cascade_activation_steepnesses_count=4
cascade_activation_steepnesses=2.50000000000000000000e-01 5.00000000000000000000e-01 7.50000000000000000000e-01 1.00000000000000000000e+00 
layer_sizes=10 4 2 
scale_included=0
neurons (num_inputs, activation_function, activation_steepness)=(0, 0, 0.00000000000000000000e+00) (0, 0, 0.00000000000000000000e+00) (0, 0, 0.00000000000000000000e+00) (0, 0, 0.00000000000000000000e+00) (0, 0, 0.00000000000000000000e+00) (0, 0, 0.00000000000000000000e+00) (0, 0, 0.00000000000000000000e+00) (0, 0, 0.00000000000000000000e+00) (0, 0, 0.00000000000000000000e+00) (0, 0, 0.00000000000000000000e+00) (10, 6, 5.00000000000000000000e-01) (10, 6, 5.00000000000000000000e-01) (10, 6, 5.00000000000000000000e-01) (0, 6, 0.00000000000000000000e+00) (4, 4, 5.00000000000000000000e-01) (0, 4, 0.00000000000000000000e+00) 
connections (connected_to_neuron, weight)=(0, -1.10591166224740367063e+00) (1, 1.07653267066362423598e+00) (2, 1.47534178851221220441e+01) (3, -2.81168319578678979620e-02) (4, 9.02107189914377327611e-01) (5, 1.05036124969268684914e+00) (6, 1.32918506337787123428e+00) (7, -2.19813860704403479795e-01) (8, 1.40957886171099899819e+00) (9, -4.62248588893886580564e+00) (0, -3.40551178787282093907e+00) (1, 7.12715789832945478821e+00) (2, -1.88780767247042002843e+00) (3, -7.21905980171956174196e-01) (4, 7.06221004732723844910e+00) (5, 7.13529735215779137292e+00) (6, 6.91906807559088665727e+00) (7, -1.18487084685020760411e+00) (8, -7.19063532543186445523e-01) (9, -5.62309855737840869061e-01) (0, -3.37920323644211872960e+00) (1, 7.15304999955769371667e+00) (2, -1.97766062393745722936e+00) (3, -1.05221545965960294744e+00) (4, 7.20127842732544554138e+00) (5, 7.02756839402790678406e+00) (6, 7.04283910977200466874e+00) (7, -1.12172543285541803648e+00) (8, -4.80295733632829180415e-01) (9, -4.24187175347343625731e-01) (10, 3.53477494881973619556e+00) (11, 1.44906226675294380613e+00) (12, 1.51011469916028340243e+00) (13, -3.29708584986924169158e+00) 
