FANN_FLO_2.1
num_layers=3
learning_rate=0.700000
connection_rate=1.000000
network_type=0
learning_momentum=0.000000
training_algorithm=2
train_error_function=1
train_stop_function=1
cascade_output_change_fraction=0.010000
quickprop_decay=-0.000100
quickprop_mu=1.750000
rprop_increase_factor=1.200000
rprop_decrease_factor=0.500000
rprop_delta_min=0.000000
rprop_delta_max=50.000000
rprop_delta_zero=0.100000
cascade_output_stagnation_epochs=12
cascade_candidate_change_fraction=0.010000
cascade_candidate_stagnation_epochs=12
cascade_max_out_epochs=150
cascade_min_out_epochs=50
cascade_max_cand_epochs=150
cascade_min_cand_epochs=50
cascade_num_candidate_groups=2
bit_fail_limit=1.00000000000000005551e-01
cascade_candidate_limit=1.00000000000000000000e+03
cascade_weight_multiplier=4.00000000000000022204e-01
cascade_activation_functions_count=10
cascade_activation_functions=3 5 7 8 10 11 14 15 16 17 
cascade_activation_steepnesses_count=4
cascade_activation_steepnesses=2.50000000000000000000e-01 5.00000000000000000000e-01 7.50000000000000000000e-01 1.00000000000000000000e+00 
layer_sizes=15 4 2 
scale_included=0
neurons (num_inputs, activation_function, activation_steepness)=(0, 0, 0.00000000000000000000e+00) (0, 0, 0.00000000000000000000e+00) (0, 0, 0.00000000000000000000e+00) (0, 0, 0.00000000000000000000e+00) (0, 0, 0.00000000000000000000e+00) (0, 0, 0.00000000000000000000e+00) (0, 0, 0.00000000000000000000e+00) (0, 0, 0.00000000000000000000e+00) (0, 0, 0.00000000000000000000e+00) (0, 0, 0.00000000000000000000e+00) (0, 0, 0.00000000000000000000e+00) (0, 0, 0.00000000000000000000e+00) (0, 0, 0.00000000000000000000e+00) (0, 0, 0.00000000000000000000e+00) (0, 0, 0.00000000000000000000e+00) (15, 6, 5.00000000000000000000e-01) (15, 6, 5.00000000000000000000e-01) (15, 6, 5.00000000000000000000e-01) (0, 6, 0.00000000000000000000e+00) (4, 4, 5.00000000000000000000e-01) (0, 4, 0.00000000000000000000e+00) 
connections (connected_to_neuron, weight)=(0, -2.84630402876192567518e+00) (1, 6.24346481986347878745e+00) (2, 2.35068632620880579864e+00) (3, -4.10051034233405720109e-01) (4, -4.13658074777308382153e+00) (5, 4.32491105057146940638e-01) (6, 5.78098611742777657163e-01) (7, 3.00964021719314245296e-01) (8, -5.03457121327213541484e-01) (9, -4.51911478857271897702e-01) (10, 4.31327367038054299009e-01) (11, -1.52684322577166520229e-01) (12, 8.33154311276675496600e-01) (13, -1.22607688591944180567e-01) (14, -2.87231264216953752211e+00) (0, -4.93231117498837356994e-01) (1, 1.82680040498633045054e+00) (2, 7.34803307709497532940e-01) (3, -6.00188156812226647485e-02) (4, -3.21531887287134887643e+00) (5, 6.34247819524712541650e-02) (6, 2.32556066153621010528e-01) (7, 8.56466844969887841632e-02) (8, -2.28112424851435652284e-01) (9, -2.35114663534668026645e-02) (10, 2.82293184338187508331e-01) (11, 1.05768853974198745460e-01) (12, 1.85290980288640050322e-01) (13, -1.22629186660788452867e-01) (14, -4.75847055150120878952e-01) (0, 5.25431914554575385523e-01) (1, 7.32606960476182234032e-01) (2, -1.57455244030531087418e+01) (3, 4.46722457685310492259e-01) (4, 3.24573616294941214022e+00) (5, 9.28975597605876668439e-02) (6, -1.56640563796933331986e+01) (7, -8.22125900445471957667e-01) (8, 4.72839265013160758855e-01) (9, 4.72966580534400993230e-01) (10, -1.55960373770173230668e+01) (11, 3.58089296855776256789e-02) (12, -5.62594380835824692255e-01) (13, 1.42370688973443904057e-01) (14, 2.00494912209908626721e+00) (15, 3.63137480832160752797e+00) (16, 1.50752825415911440032e+00) (17, -3.72519699455852171255e+00) (18, -4.75543350893576111105e+00) 
