FANN_FLO_2.1
num_layers=3
learning_rate=0.700000
connection_rate=1.000000
network_type=0
learning_momentum=0.000000
training_algorithm=2
train_error_function=1
train_stop_function=1
cascade_output_change_fraction=0.010000
quickprop_decay=-0.000100
quickprop_mu=1.750000
rprop_increase_factor=1.200000
rprop_decrease_factor=0.500000
rprop_delta_min=0.000000
rprop_delta_max=50.000000
rprop_delta_zero=0.100000
cascade_output_stagnation_epochs=12
cascade_candidate_change_fraction=0.010000
cascade_candidate_stagnation_epochs=12
cascade_max_out_epochs=150
cascade_min_out_epochs=50
cascade_max_cand_epochs=150
cascade_min_cand_epochs=50
cascade_num_candidate_groups=2
bit_fail_limit=1.00000000000000005551e-01
cascade_candidate_limit=1.00000000000000000000e+03
cascade_weight_multiplier=4.00000000000000022204e-01
cascade_activation_functions_count=10
cascade_activation_functions=3 5 7 8 10 11 14 15 16 17 
cascade_activation_steepnesses_count=4
cascade_activation_steepnesses=2.50000000000000000000e-01 5.00000000000000000000e-01 7.50000000000000000000e-01 1.00000000000000000000e+00 
layer_sizes=10 4 2 
scale_included=0
neurons (num_inputs, activation_function, activation_steepness)=(0, 0, 0.00000000000000000000e+00) (0, 0, 0.00000000000000000000e+00) (0, 0, 0.00000000000000000000e+00) (0, 0, 0.00000000000000000000e+00) (0, 0, 0.00000000000000000000e+00) (0, 0, 0.00000000000000000000e+00) (0, 0, 0.00000000000000000000e+00) (0, 0, 0.00000000000000000000e+00) (0, 0, 0.00000000000000000000e+00) (0, 0, 0.00000000000000000000e+00) (10, 6, 5.00000000000000000000e-01) (10, 6, 5.00000000000000000000e-01) (10, 6, 5.00000000000000000000e-01) (0, 6, 0.00000000000000000000e+00) (4, 4, 5.00000000000000000000e-01) (0, 4, 0.00000000000000000000e+00) 
connections (connected_to_neuron, weight)=(0, 3.24562349340009714815e-01) (1, 1.42331619934810382766e+00) (2, 4.58288106847066867289e+00) (3, 2.81324193997450366922e+00) (4, 4.60574625102714829694e+00) (5, -1.92174914338075097930e+00) (6, 4.47354918642866472567e+00) (7, -4.05951533305746459224e-01) (8, -9.79014290250615992761e+00) (9, -1.79149397119270381573e+00) (0, 7.24744151652193857593e-01) (1, -3.23155324011122324634e+00) (2, -2.65117610766340128237e+00) (3, 2.12670021914823115239e+00) (4, -2.67470664881824982118e+00) (5, 1.53722178388771002489e+00) (6, 4.46939913234688113164e+00) (7, 3.56323233172854925144e+00) (8, 3.53979583106974757811e+01) (9, 2.85464375705469519673e+00) (0, 2.17288361909645233450e-01) (1, 1.74558800298287963848e+00) (2, 3.81852198308963552975e+00) (3, -6.37297437889068163486e+00) (4, 3.71452286391259178799e+00) (5, -4.00314912188911797841e+00) (6, 1.14660482837555166569e+00) (7, 7.40555390686647285747e+00) (8, 4.28575329515864478225e+00) (9, -3.31355346686981588888e+00) (10, 6.08478687747470470271e+00) (11, -5.99731073752987864367e+00) (12, 5.55605342939664925694e+00) (13, -9.02991443904703094958e-01) 
