FANN_FLO_2.1
num_layers=3
learning_rate=0.700000
connection_rate=1.000000
network_type=0
learning_momentum=0.000000
training_algorithm=2
train_error_function=1
train_stop_function=1
cascade_output_change_fraction=0.010000
quickprop_decay=-0.000100
quickprop_mu=1.750000
rprop_increase_factor=1.200000
rprop_decrease_factor=0.500000
rprop_delta_min=0.000000
rprop_delta_max=50.000000
rprop_delta_zero=0.100000
cascade_output_stagnation_epochs=12
cascade_candidate_change_fraction=0.010000
cascade_candidate_stagnation_epochs=12
cascade_max_out_epochs=150
cascade_min_out_epochs=50
cascade_max_cand_epochs=150
cascade_min_cand_epochs=50
cascade_num_candidate_groups=2
bit_fail_limit=1.00000000000000005551e-01
cascade_candidate_limit=1.00000000000000000000e+03
cascade_weight_multiplier=4.00000000000000022204e-01
cascade_activation_functions_count=10
cascade_activation_functions=3 5 7 8 10 11 14 15 16 17 
cascade_activation_steepnesses_count=4
cascade_activation_steepnesses=2.50000000000000000000e-01 5.00000000000000000000e-01 7.50000000000000000000e-01 1.00000000000000000000e+00 
layer_sizes=10 4 2 
scale_included=0
neurons (num_inputs, activation_function, activation_steepness)=(0, 0, 0.00000000000000000000e+00) (0, 0, 0.00000000000000000000e+00) (0, 0, 0.00000000000000000000e+00) (0, 0, 0.00000000000000000000e+00) (0, 0, 0.00000000000000000000e+00) (0, 0, 0.00000000000000000000e+00) (0, 0, 0.00000000000000000000e+00) (0, 0, 0.00000000000000000000e+00) (0, 0, 0.00000000000000000000e+00) (0, 0, 0.00000000000000000000e+00) (10, 6, 5.00000000000000000000e-01) (10, 6, 5.00000000000000000000e-01) (10, 6, 5.00000000000000000000e-01) (0, 6, 0.00000000000000000000e+00) (4, 4, 5.00000000000000000000e-01) (0, 4, 0.00000000000000000000e+00) 
connections (connected_to_neuron, weight)=(0, 6.79611081939694638976e+00) (1, -7.62461516975838371479e+00) (2, -9.00803362202938728842e+00) (3, 5.29813605648666818837e+00) (4, 2.18118280256801488903e+00) (5, 2.21660888552846735422e+00) (6, 4.57298046886309972336e+00) (7, 1.66911512680164020317e+00) (8, -5.27885550738708464458e-01) (9, 7.47481520397794163557e+00) (0, 6.75882741373536344298e+00) (1, -7.64639920710999199116e+00) (2, -9.08210884777005844626e+00) (3, 5.38518983227402170400e+00) (4, 2.25551045770460012463e+00) (5, 2.33216319590987986032e+00) (6, 4.54852331220492711594e+00) (7, 1.65597102112880389946e+00) (8, 1.04604269710631725410e+00) (9, 7.40847054792773640486e+00) (0, -8.80089383795836788238e-01) (1, 9.84100093387737295814e-01) (2, 3.24159987658667647636e+00) (3, 2.19427517321850229504e-01) (4, 1.54135586500088850315e-01) (5, 3.89743488287959405358e-02) (6, 9.16231995640719859564e-02) (7, -6.26591470275299933235e-01) (8, -6.35732925487607181125e-01) (9, -9.97901585176566574553e-01) (10, -3.43984577101037025670e+00) (11, -3.44635397982165336828e+00) (12, 3.23644259587335669792e+00) (13, -1.71666902589183045791e+00) 
