FANN_FLO_2.1
num_layers=3
learning_rate=0.700000
connection_rate=1.000000
network_type=0
learning_momentum=0.000000
training_algorithm=2
train_error_function=1
train_stop_function=1
cascade_output_change_fraction=0.010000
quickprop_decay=-0.000100
quickprop_mu=1.750000
rprop_increase_factor=1.200000
rprop_decrease_factor=0.500000
rprop_delta_min=0.000000
rprop_delta_max=50.000000
rprop_delta_zero=0.100000
cascade_output_stagnation_epochs=12
cascade_candidate_change_fraction=0.010000
cascade_candidate_stagnation_epochs=12
cascade_max_out_epochs=150
cascade_min_out_epochs=50
cascade_max_cand_epochs=150
cascade_min_cand_epochs=50
cascade_num_candidate_groups=2
bit_fail_limit=1.00000000000000005551e-01
cascade_candidate_limit=1.00000000000000000000e+03
cascade_weight_multiplier=4.00000000000000022204e-01
cascade_activation_functions_count=10
cascade_activation_functions=3 5 7 8 10 11 14 15 16 17 
cascade_activation_steepnesses_count=4
cascade_activation_steepnesses=2.50000000000000000000e-01 5.00000000000000000000e-01 7.50000000000000000000e-01 1.00000000000000000000e+00 
layer_sizes=6 4 2 
scale_included=0
neurons (num_inputs, activation_function, activation_steepness)=(0, 0, 0.00000000000000000000e+00) (0, 0, 0.00000000000000000000e+00) (0, 0, 0.00000000000000000000e+00) (0, 0, 0.00000000000000000000e+00) (0, 0, 0.00000000000000000000e+00) (0, 0, 0.00000000000000000000e+00) (6, 6, 5.00000000000000000000e-01) (6, 6, 5.00000000000000000000e-01) (6, 6, 5.00000000000000000000e-01) (0, 6, 0.00000000000000000000e+00) (4, 4, 5.00000000000000000000e-01) (0, 4, 0.00000000000000000000e+00) 
connections (connected_to_neuron, weight)=(0, 2.43682610345954536735e-01) (1, 1.37133194330002283756e+00) (2, 3.06461837477428611365e-01) (3, 5.09271575249999108870e-01) (4, 1.81275711907795511468e-01) (5, -7.96016928426569597699e-02) (0, -4.64098714783033272635e-01) (1, 1.51762430307382034655e+00) (2, 1.61604868954237401724e+00) (3, 2.72736178747577606707e-01) (4, 1.82168297747111918028e+00) (5, -1.72714724544350484159e+00) (0, 2.91290308433495415130e+00) (1, 5.99224041863335554758e-01) (2, -3.83965974171691870609e-01) (3, 1.28463348679546918163e+00) (4, 6.22169887412643896063e-01) (5, 5.58676238337388308963e+00) (6, 4.94300778963480180739e-01) (7, 2.15872364190588577060e+01) (8, -1.42818172463232739844e+00) (9, -9.34527555488484207302e-01) 
