FANN_FLO_2.1
num_layers=3
learning_rate=0.700000
connection_rate=1.000000
network_type=0
learning_momentum=0.000000
training_algorithm=2
train_error_function=1
train_stop_function=1
cascade_output_change_fraction=0.010000
quickprop_decay=-0.000100
quickprop_mu=1.750000
rprop_increase_factor=1.200000
rprop_decrease_factor=0.500000
rprop_delta_min=0.000000
rprop_delta_max=50.000000
rprop_delta_zero=0.100000
cascade_output_stagnation_epochs=12
cascade_candidate_change_fraction=0.010000
cascade_candidate_stagnation_epochs=12
cascade_max_out_epochs=150
cascade_min_out_epochs=50
cascade_max_cand_epochs=150
cascade_min_cand_epochs=50
cascade_num_candidate_groups=2
bit_fail_limit=1.00000000000000005551e-01
cascade_candidate_limit=1.00000000000000000000e+03
cascade_weight_multiplier=4.00000000000000022204e-01
cascade_activation_functions_count=10
cascade_activation_functions=3 5 7 8 10 11 14 15 16 17 
cascade_activation_steepnesses_count=4
cascade_activation_steepnesses=2.50000000000000000000e-01 5.00000000000000000000e-01 7.50000000000000000000e-01 1.00000000000000000000e+00 
layer_sizes=14 4 2 
scale_included=0
neurons (num_inputs, activation_function, activation_steepness)=(0, 0, 0.00000000000000000000e+00) (0, 0, 0.00000000000000000000e+00) (0, 0, 0.00000000000000000000e+00) (0, 0, 0.00000000000000000000e+00) (0, 0, 0.00000000000000000000e+00) (0, 0, 0.00000000000000000000e+00) (0, 0, 0.00000000000000000000e+00) (0, 0, 0.00000000000000000000e+00) (0, 0, 0.00000000000000000000e+00) (0, 0, 0.00000000000000000000e+00) (0, 0, 0.00000000000000000000e+00) (0, 0, 0.00000000000000000000e+00) (0, 0, 0.00000000000000000000e+00) (0, 0, 0.00000000000000000000e+00) (14, 6, 5.00000000000000000000e-01) (14, 6, 5.00000000000000000000e-01) (14, 6, 5.00000000000000000000e-01) (0, 6, 0.00000000000000000000e+00) (4, 4, 5.00000000000000000000e-01) (0, 4, 0.00000000000000000000e+00) 
connections (connected_to_neuron, weight)=(0, -1.41603187685046916222e+00) (1, 2.33659230945399892798e-01) (2, 2.49315427725536853387e+00) (3, 2.73864545257776426102e-01) (4, 2.62335027625130567941e+00) (5, 2.69402275898145671107e+00) (6, 1.50700209180038124934e+00) (7, -6.03464187540981300550e-01) (8, -1.19300670671870689965e+00) (9, -8.79635826604395987260e-01) (10, 3.41145915366190488616e-01) (11, -7.54939812268513366078e-01) (12, -7.33180108513134642934e-01) (13, -1.50385224660073046898e+00) (0, -2.39443692403892072207e-01) (1, 4.03752049023969439290e-01) (2, 9.93232204836381971091e-01) (3, 2.93389328708773655663e-01) (4, 1.33783919760250014086e+00) (5, 5.82895392505911602576e-01) (6, 1.12368019021922127543e+00) (7, 1.37637075147251763951e-01) (8, -2.88410324611573509745e-01) (9, -2.68969361707467768952e-01) (10, 2.90545342430272857115e-01) (11, -1.06272063521055032398e-01) (12, -2.47260709025261066207e-01) (13, -3.86677008278233313998e-01) (0, 1.64545362866467392848e+00) (1, -1.46780916179884601824e+00) (2, -2.52523642522120983500e+00) (3, -1.20213798267070001713e-02) (4, -1.41626808170092544081e+00) (5, -3.10894594142854430174e+00) (6, -2.18530705869104391326e+00) (7, 1.49032220199692377882e+00) (8, 1.49404741347949387986e+00) (9, 1.12624125575100042518e+00) (10, -1.36728111235875249285e+00) (11, 1.10948388670955755408e+00) (12, 1.06843801711479713390e+00) (13, 2.16834151837864252954e+00) (14, 6.86036142919575109289e+00) (15, 5.21144762932145066969e-01) (16, -1.46441582667673504403e+01) (17, -1.60194698897186227349e+00) 
