FANN_FLO_2.1
num_layers=3
learning_rate=0.700000
connection_rate=1.000000
network_type=0
learning_momentum=0.000000
training_algorithm=2
train_error_function=1
train_stop_function=1
cascade_output_change_fraction=0.010000
quickprop_decay=-0.000100
quickprop_mu=1.750000
rprop_increase_factor=1.200000
rprop_decrease_factor=0.500000
rprop_delta_min=0.000000
rprop_delta_max=50.000000
rprop_delta_zero=0.100000
cascade_output_stagnation_epochs=12
cascade_candidate_change_fraction=0.010000
cascade_candidate_stagnation_epochs=12
cascade_max_out_epochs=150
cascade_min_out_epochs=50
cascade_max_cand_epochs=150
cascade_min_cand_epochs=50
cascade_num_candidate_groups=2
bit_fail_limit=1.00000000000000005551e-01
cascade_candidate_limit=1.00000000000000000000e+03
cascade_weight_multiplier=4.00000000000000022204e-01
cascade_activation_functions_count=10
cascade_activation_functions=3 5 7 8 10 11 14 15 16 17 
cascade_activation_steepnesses_count=4
cascade_activation_steepnesses=2.50000000000000000000e-01 5.00000000000000000000e-01 7.50000000000000000000e-01 1.00000000000000000000e+00 
layer_sizes=8 4 2 
scale_included=0
neurons (num_inputs, activation_function, activation_steepness)=(0, 0, 0.00000000000000000000e+00) (0, 0, 0.00000000000000000000e+00) (0, 0, 0.00000000000000000000e+00) (0, 0, 0.00000000000000000000e+00) (0, 0, 0.00000000000000000000e+00) (0, 0, 0.00000000000000000000e+00) (0, 0, 0.00000000000000000000e+00) (0, 0, 0.00000000000000000000e+00) (8, 6, 5.00000000000000000000e-01) (8, 6, 5.00000000000000000000e-01) (8, 6, 5.00000000000000000000e-01) (0, 6, 0.00000000000000000000e+00) (4, 4, 5.00000000000000000000e-01) (0, 4, 0.00000000000000000000e+00) 
connections (connected_to_neuron, weight)=(0, -2.62601948450389999223e+00) (1, 2.49307437236342721576e+00) (2, 2.42839787793736139321e+00) (3, 2.41727104673258808010e-01) (4, 1.07884338447263661287e+00) (5, 2.84138489488467049782e+00) (6, -9.94187374774211651829e-02) (7, -2.40346073870786325344e+00) (0, -4.63392109005391006349e+00) (1, 4.53802910069672371662e+00) (2, 4.29462583800525443678e+00) (3, -3.47274429359838265885e-01) (4, -2.04768831556479985467e-01) (5, 3.22800258820628060974e+00) (6, -1.71436648543165448544e+00) (7, -4.69645002810894851564e+00) (0, -2.08208785571276255855e-01) (1, 7.77535306496695666212e-01) (2, 1.62739856327009019266e-01) (3, 2.00294600133631234273e-01) (4, 2.72137854193982287043e-01) (5, 1.52589419462238723435e-01) (6, 3.09267825877557848979e-02) (7, -7.36878443787571460466e-03) (8, 1.69446642165525585000e+00) (9, 5.58132593749032057673e+00) (10, 4.77764869002961611866e-01) (11, -1.27254362098089957023e+00) 
