FANN_FLO_2.1
num_layers=3
learning_rate=0.700000
connection_rate=1.000000
network_type=0
learning_momentum=0.000000
training_algorithm=2
train_error_function=1
train_stop_function=1
cascade_output_change_fraction=0.010000
quickprop_decay=-0.000100
quickprop_mu=1.750000
rprop_increase_factor=1.200000
rprop_decrease_factor=0.500000
rprop_delta_min=0.000000
rprop_delta_max=50.000000
rprop_delta_zero=0.100000
cascade_output_stagnation_epochs=12
cascade_candidate_change_fraction=0.010000
cascade_candidate_stagnation_epochs=12
cascade_max_out_epochs=150
cascade_min_out_epochs=50
cascade_max_cand_epochs=150
cascade_min_cand_epochs=50
cascade_num_candidate_groups=2
bit_fail_limit=1.00000000000000005551e-01
cascade_candidate_limit=1.00000000000000000000e+03
cascade_weight_multiplier=4.00000000000000022204e-01
cascade_activation_functions_count=10
cascade_activation_functions=3 5 7 8 10 11 14 15 16 17 
cascade_activation_steepnesses_count=4
cascade_activation_steepnesses=2.50000000000000000000e-01 5.00000000000000000000e-01 7.50000000000000000000e-01 1.00000000000000000000e+00 
layer_sizes=12 4 2 
scale_included=0
neurons (num_inputs, activation_function, activation_steepness)=(0, 0, 0.00000000000000000000e+00) (0, 0, 0.00000000000000000000e+00) (0, 0, 0.00000000000000000000e+00) (0, 0, 0.00000000000000000000e+00) (0, 0, 0.00000000000000000000e+00) (0, 0, 0.00000000000000000000e+00) (0, 0, 0.00000000000000000000e+00) (0, 0, 0.00000000000000000000e+00) (0, 0, 0.00000000000000000000e+00) (0, 0, 0.00000000000000000000e+00) (0, 0, 0.00000000000000000000e+00) (0, 0, 0.00000000000000000000e+00) (12, 6, 5.00000000000000000000e-01) (12, 6, 5.00000000000000000000e-01) (12, 6, 5.00000000000000000000e-01) (0, 6, 0.00000000000000000000e+00) (4, 4, 5.00000000000000000000e-01) (0, 4, 0.00000000000000000000e+00) 
connections (connected_to_neuron, weight)=(0, -2.43317934736540231189e-01) (1, 1.14173489901361913113e+00) (2, 6.50815762814677678527e-01) (3, 4.84994294748652410298e-01) (4, 5.82525116592525482595e-02) (5, 1.73518708195504800518e-01) (6, 5.02263208890717065269e-03) (7, 5.30121323145059553106e-01) (8, 4.40021139673491101796e-01) (9, 5.67049611442557277563e-01) (10, 5.41360769330108571040e-01) (11, -8.36996037516706592463e-01) (0, -2.19149743278857034312e+00) (1, 7.94879502521135039572e-01) (2, 1.00528091544860354034e+00) (3, 1.61636513072597653995e+00) (4, -1.01793012227158197192e-01) (5, 2.86849050560421536815e-01) (6, 1.58251494139785653381e+00) (7, 1.01574014268144052764e+00) (8, 1.79426308781131282899e+00) (9, 1.68042863253613261598e+00) (10, 8.21856046429466968739e-01) (11, -1.26155718927034388166e+00) (0, -1.80945408804127483293e+00) (1, 1.38058755127479182434e+00) (2, 1.63702199162187134185e+00) (3, 1.86335855529057670132e+00) (4, -7.26011339255712706553e-01) (5, 1.16745103383549397869e+00) (6, 7.57509271100554437695e-01) (7, 1.85034134225445678901e+00) (8, 1.53763627911629452427e+00) (9, 1.86381444633861392823e+00) (10, 1.51605270178615114673e+00) (11, -2.17859792467096635704e+00) (12, 2.74862998218239651393e+00) (13, 6.80781750100936733361e+00) (14, 3.64716997138067071660e+01) (15, -2.17600894104579278832e+00) 
