FANN_FLO_2.1
num_layers=3
learning_rate=0.700000
connection_rate=1.000000
network_type=0
learning_momentum=0.000000
training_algorithm=2
train_error_function=1
train_stop_function=1
cascade_output_change_fraction=0.010000
quickprop_decay=-0.000100
quickprop_mu=1.750000
rprop_increase_factor=1.200000
rprop_decrease_factor=0.500000
rprop_delta_min=0.000000
rprop_delta_max=50.000000
rprop_delta_zero=0.100000
cascade_output_stagnation_epochs=12
cascade_candidate_change_fraction=0.010000
cascade_candidate_stagnation_epochs=12
cascade_max_out_epochs=150
cascade_min_out_epochs=50
cascade_max_cand_epochs=150
cascade_min_cand_epochs=50
cascade_num_candidate_groups=2
bit_fail_limit=1.00000000000000005551e-01
cascade_candidate_limit=1.00000000000000000000e+03
cascade_weight_multiplier=4.00000000000000022204e-01
cascade_activation_functions_count=10
cascade_activation_functions=3 5 7 8 10 11 14 15 16 17 
cascade_activation_steepnesses_count=4
cascade_activation_steepnesses=2.50000000000000000000e-01 5.00000000000000000000e-01 7.50000000000000000000e-01 1.00000000000000000000e+00 
layer_sizes=14 4 2 
scale_included=0
neurons (num_inputs, activation_function, activation_steepness)=(0, 0, 0.00000000000000000000e+00) (0, 0, 0.00000000000000000000e+00) (0, 0, 0.00000000000000000000e+00) (0, 0, 0.00000000000000000000e+00) (0, 0, 0.00000000000000000000e+00) (0, 0, 0.00000000000000000000e+00) (0, 0, 0.00000000000000000000e+00) (0, 0, 0.00000000000000000000e+00) (0, 0, 0.00000000000000000000e+00) (0, 0, 0.00000000000000000000e+00) (0, 0, 0.00000000000000000000e+00) (0, 0, 0.00000000000000000000e+00) (0, 0, 0.00000000000000000000e+00) (0, 0, 0.00000000000000000000e+00) (14, 6, 5.00000000000000000000e-01) (14, 6, 5.00000000000000000000e-01) (14, 6, 5.00000000000000000000e-01) (0, 6, 0.00000000000000000000e+00) (4, 4, 5.00000000000000000000e-01) (0, 4, 0.00000000000000000000e+00) 
connections (connected_to_neuron, weight)=(0, -1.97005249675850890867e+00) (1, 3.96355541558557844528e-01) (2, 5.09376154247328849500e-01) (3, 9.11478033331102777126e-01) (4, 1.85591177426323222788e-01) (5, 1.37991101991273468208e+00) (6, 1.04903689074763684097e+00) (7, 2.06081571691984022365e+00) (8, -2.26549710406996868128e-01) (9, 1.69820420758661905225e+00) (10, 8.14593298758587436303e-01) (11, -1.65873775403990797450e+00) (12, -1.28187816132683707337e-01) (13, -1.93352102776923412408e-01) (0, -5.83034664425502846541e+00) (1, 2.68685306924979361298e+00) (2, 1.34430342109617595447e+00) (3, 3.48450768183847436887e+00) (4, 1.66641248989535695202e-01) (5, 5.55608125983937739534e+00) (6, 3.33769807761327941265e+00) (7, 1.94706686797431438585e+00) (8, -4.05360573396887780007e+00) (9, 2.16527021378763873116e+00) (10, 1.44115329467097574856e+00) (11, 3.15270179034281605723e+00) (12, 7.58276437978993023137e-02) (13, -2.41952410200899281634e+00) (0, 1.19296025600093313912e+00) (1, -2.79931450083290463138e-02) (2, -7.95260776156859194863e-01) (3, -3.07435136869277680916e+00) (4, 8.97583359222676735456e-02) (5, 1.62133068986869721684e+00) (6, -3.39392216854090200684e+00) (7, -1.19783551656414744002e-01) (8, 5.41213478014029303331e-01) (9, 3.55828681864501839005e-01) (10, -1.91697342029919282069e+00) (11, -7.55084587467117884785e+00) (12, -7.84489070952935918513e+00) (13, 1.26324394460576483468e+00) (14, 1.13171667549066423675e+00) (15, 1.65858683744626489442e+01) (16, -4.77789651703637119340e+00) (17, -2.31383807072704472674e+00) 
