FANN_FLO_2.1
num_layers=3
learning_rate=0.700000
connection_rate=1.000000
network_type=0
learning_momentum=0.000000
training_algorithm=2
train_error_function=1
train_stop_function=1
cascade_output_change_fraction=0.010000
quickprop_decay=-0.000100
quickprop_mu=1.750000
rprop_increase_factor=1.200000
rprop_decrease_factor=0.500000
rprop_delta_min=0.000000
rprop_delta_max=50.000000
rprop_delta_zero=0.100000
cascade_output_stagnation_epochs=12
cascade_candidate_change_fraction=0.010000
cascade_candidate_stagnation_epochs=12
cascade_max_out_epochs=150
cascade_min_out_epochs=50
cascade_max_cand_epochs=150
cascade_min_cand_epochs=50
cascade_num_candidate_groups=2
bit_fail_limit=1.00000000000000005551e-01
cascade_candidate_limit=1.00000000000000000000e+03
cascade_weight_multiplier=4.00000000000000022204e-01
cascade_activation_functions_count=10
cascade_activation_functions=3 5 7 8 10 11 14 15 16 17 
cascade_activation_steepnesses_count=4
cascade_activation_steepnesses=2.50000000000000000000e-01 5.00000000000000000000e-01 7.50000000000000000000e-01 1.00000000000000000000e+00 
layer_sizes=9 4 2 
scale_included=0
neurons (num_inputs, activation_function, activation_steepness)=(0, 0, 0.00000000000000000000e+00) (0, 0, 0.00000000000000000000e+00) (0, 0, 0.00000000000000000000e+00) (0, 0, 0.00000000000000000000e+00) (0, 0, 0.00000000000000000000e+00) (0, 0, 0.00000000000000000000e+00) (0, 0, 0.00000000000000000000e+00) (0, 0, 0.00000000000000000000e+00) (0, 0, 0.00000000000000000000e+00) (9, 6, 5.00000000000000000000e-01) (9, 6, 5.00000000000000000000e-01) (9, 6, 5.00000000000000000000e-01) (0, 6, 0.00000000000000000000e+00) (4, 4, 5.00000000000000000000e-01) (0, 4, 0.00000000000000000000e+00) 
connections (connected_to_neuron, weight)=(0, 1.11517521489933173484e+01) (1, -3.87473240244298500201e+00) (2, -2.06135287485818841091e+00) (3, -2.42909996184828891330e+00) (4, -7.76130258674370576699e+00) (5, 3.66927745566651708486e+00) (6, -5.51963609018057432820e+00) (7, -2.28811428444099540513e+00) (8, 5.54486481933386521348e+00) (0, -1.80604903487717383115e+00) (1, 5.93234441043643423441e-01) (2, 4.95889746892810123757e-01) (3, 4.10994893935436977905e-01) (4, 9.65756175228656088549e-01) (5, -2.60705626920038451011e-02) (6, 4.23734901324968937786e-01) (7, 1.02115784542637588750e+00) (8, -1.51372914036813077665e+00) (0, 8.46579419503263785884e+00) (1, -6.81104289888124658781e-01) (2, -4.63889356856598766843e-01) (3, -2.88723537292485954442e-01) (4, -1.58258480793476219439e+00) (5, 3.16420495395910383873e-01) (6, -2.17112641544817158712e-01) (7, -4.72664700251379799045e-01) (8, 3.08746440293101498398e-01) (9, -6.51877519947183543536e+01) (10, 6.81671563370201312182e+01) (11, 1.15803285128775897306e+02) (12, -1.06632091242667268460e+01) 
