FANN_FLO_2.1
num_layers=3
learning_rate=0.700000
connection_rate=1.000000
network_type=0
learning_momentum=0.000000
training_algorithm=2
train_error_function=1
train_stop_function=1
cascade_output_change_fraction=0.010000
quickprop_decay=-0.000100
quickprop_mu=1.750000
rprop_increase_factor=1.200000
rprop_decrease_factor=0.500000
rprop_delta_min=0.000000
rprop_delta_max=50.000000
rprop_delta_zero=0.100000
cascade_output_stagnation_epochs=12
cascade_candidate_change_fraction=0.010000
cascade_candidate_stagnation_epochs=12
cascade_max_out_epochs=150
cascade_min_out_epochs=50
cascade_max_cand_epochs=150
cascade_min_cand_epochs=50
cascade_num_candidate_groups=2
bit_fail_limit=1.00000000000000005551e-01
cascade_candidate_limit=1.00000000000000000000e+03
cascade_weight_multiplier=4.00000000000000022204e-01
cascade_activation_functions_count=10
cascade_activation_functions=3 5 7 8 10 11 14 15 16 17 
cascade_activation_steepnesses_count=4
cascade_activation_steepnesses=2.50000000000000000000e-01 5.00000000000000000000e-01 7.50000000000000000000e-01 1.00000000000000000000e+00 
layer_sizes=10 4 2 
scale_included=0
neurons (num_inputs, activation_function, activation_steepness)=(0, 0, 0.00000000000000000000e+00) (0, 0, 0.00000000000000000000e+00) (0, 0, 0.00000000000000000000e+00) (0, 0, 0.00000000000000000000e+00) (0, 0, 0.00000000000000000000e+00) (0, 0, 0.00000000000000000000e+00) (0, 0, 0.00000000000000000000e+00) (0, 0, 0.00000000000000000000e+00) (0, 0, 0.00000000000000000000e+00) (0, 0, 0.00000000000000000000e+00) (10, 6, 5.00000000000000000000e-01) (10, 6, 5.00000000000000000000e-01) (10, 6, 5.00000000000000000000e-01) (0, 6, 0.00000000000000000000e+00) (4, 4, 5.00000000000000000000e-01) (0, 4, 0.00000000000000000000e+00) 
connections (connected_to_neuron, weight)=(0, 1.03258258832314204767e+01) (1, -9.79341406515304058189e+00) (2, -9.55283858311551270504e+00) (3, -2.46069685958707440321e+00) (4, -6.50605587265003038056e+00) (5, 1.55344218180077184854e+01) (6, -1.04320479652556485917e+01) (7, 2.05538696459548309026e-01) (8, -5.76804323850950817487e-01) (9, 1.04533491490104388788e+01) (0, 4.00523007765196670249e-01) (1, -1.01711196545490789589e+00) (2, -1.94536320071791424269e+00) (3, 5.26177664809517470212e-02) (4, -9.96471992888786073372e-02) (5, 1.15699546042515022393e+00) (6, -9.49732231855589942304e-03) (7, 2.37153159625084763995e-01) (8, 1.17152085364633756770e-01) (9, 5.69937550693094041598e-01) (0, 5.29220470145129184836e-01) (1, -1.05956798139938879189e+00) (2, -1.67289660330080258710e+00) (3, 4.73712687902741111379e-02) (4, -8.08766684689857379142e-02) (5, 1.68724695935835100613e+00) (6, -2.29684973037262672724e-02) (7, 9.57965529864777787239e-01) (8, 7.30123201616347528020e-02) (9, 4.99959715559862960532e-01) (10, -3.91711429457551663091e+00) (11, -2.29484592104510998212e+00) (12, -2.28852319443778728925e+00) (13, -2.27741498237184902820e+00) 
