FANN_FLO_2.1
num_layers=3
learning_rate=0.700000
connection_rate=1.000000
network_type=0
learning_momentum=0.000000
training_algorithm=2
train_error_function=1
train_stop_function=1
cascade_output_change_fraction=0.010000
quickprop_decay=-0.000100
quickprop_mu=1.750000
rprop_increase_factor=1.200000
rprop_decrease_factor=0.500000
rprop_delta_min=0.000000
rprop_delta_max=50.000000
rprop_delta_zero=0.100000
cascade_output_stagnation_epochs=12
cascade_candidate_change_fraction=0.010000
cascade_candidate_stagnation_epochs=12
cascade_max_out_epochs=150
cascade_min_out_epochs=50
cascade_max_cand_epochs=150
cascade_min_cand_epochs=50
cascade_num_candidate_groups=2
bit_fail_limit=1.00000000000000005551e-01
cascade_candidate_limit=1.00000000000000000000e+03
cascade_weight_multiplier=4.00000000000000022204e-01
cascade_activation_functions_count=10
cascade_activation_functions=3 5 7 8 10 11 14 15 16 17 
cascade_activation_steepnesses_count=4
cascade_activation_steepnesses=2.50000000000000000000e-01 5.00000000000000000000e-01 7.50000000000000000000e-01 1.00000000000000000000e+00 
layer_sizes=8 4 2 
scale_included=0
neurons (num_inputs, activation_function, activation_steepness)=(0, 0, 0.00000000000000000000e+00) (0, 0, 0.00000000000000000000e+00) (0, 0, 0.00000000000000000000e+00) (0, 0, 0.00000000000000000000e+00) (0, 0, 0.00000000000000000000e+00) (0, 0, 0.00000000000000000000e+00) (0, 0, 0.00000000000000000000e+00) (0, 0, 0.00000000000000000000e+00) (8, 6, 5.00000000000000000000e-01) (8, 6, 5.00000000000000000000e-01) (8, 6, 5.00000000000000000000e-01) (0, 6, 0.00000000000000000000e+00) (4, 4, 5.00000000000000000000e-01) (0, 4, 0.00000000000000000000e+00) 
connections (connected_to_neuron, weight)=(0, -8.00817375717376656041e-01) (1, 3.36795178576290199501e+00) (2, -5.32720478724587498398e-01) (3, -1.28053279899568561717e+00) (4, -6.78368684478014349892e-01) (5, -8.67061061499332264013e-01) (6, -5.62828259373743922112e-01) (7, -1.44952697230032190312e+00) (0, 2.22660496000312534137e-02) (1, -5.28151401985956114871e-01) (2, -6.06268792594744976299e-01) (3, 1.61941588586952567308e-01) (4, 7.91453607851078655422e-02) (5, -1.54858905807828198253e-02) (6, -2.30877405285218162412e-01) (7, 1.50650004951147553633e-01) (0, 1.05820170340148989041e+00) (1, -3.50304667472161934683e+00) (2, 2.23154699972661213492e-01) (3, 8.27000198140260489588e-01) (4, 1.10886111551948363108e+00) (5, 7.14006687544105345111e-01) (6, 8.30857176081592707639e-01) (7, 2.06795951299661195932e+00) (8, 7.24072415838986049863e+00) (9, -2.49495094453604404627e-01) (10, -3.75385034072622802981e+00) (11, -1.28249616844108804692e+00) 
