FANN_FLO_2.1
num_layers=3
learning_rate=0.700000
connection_rate=1.000000
network_type=0
learning_momentum=0.000000
training_algorithm=2
train_error_function=1
train_stop_function=1
cascade_output_change_fraction=0.010000
quickprop_decay=-0.000100
quickprop_mu=1.750000
rprop_increase_factor=1.200000
rprop_decrease_factor=0.500000
rprop_delta_min=0.000000
rprop_delta_max=50.000000
rprop_delta_zero=0.100000
cascade_output_stagnation_epochs=12
cascade_candidate_change_fraction=0.010000
cascade_candidate_stagnation_epochs=12
cascade_max_out_epochs=150
cascade_min_out_epochs=50
cascade_max_cand_epochs=150
cascade_min_cand_epochs=50
cascade_num_candidate_groups=2
bit_fail_limit=1.00000000000000005551e-01
cascade_candidate_limit=1.00000000000000000000e+03
cascade_weight_multiplier=4.00000000000000022204e-01
cascade_activation_functions_count=10
cascade_activation_functions=3 5 7 8 10 11 14 15 16 17 
cascade_activation_steepnesses_count=4
cascade_activation_steepnesses=2.50000000000000000000e-01 5.00000000000000000000e-01 7.50000000000000000000e-01 1.00000000000000000000e+00 
layer_sizes=14 4 2 
scale_included=0
neurons (num_inputs, activation_function, activation_steepness)=(0, 0, 0.00000000000000000000e+00) (0, 0, 0.00000000000000000000e+00) (0, 0, 0.00000000000000000000e+00) (0, 0, 0.00000000000000000000e+00) (0, 0, 0.00000000000000000000e+00) (0, 0, 0.00000000000000000000e+00) (0, 0, 0.00000000000000000000e+00) (0, 0, 0.00000000000000000000e+00) (0, 0, 0.00000000000000000000e+00) (0, 0, 0.00000000000000000000e+00) (0, 0, 0.00000000000000000000e+00) (0, 0, 0.00000000000000000000e+00) (0, 0, 0.00000000000000000000e+00) (0, 0, 0.00000000000000000000e+00) (14, 6, 5.00000000000000000000e-01) (14, 6, 5.00000000000000000000e-01) (14, 6, 5.00000000000000000000e-01) (0, 6, 0.00000000000000000000e+00) (4, 4, 5.00000000000000000000e-01) (0, 4, 0.00000000000000000000e+00) 
connections (connected_to_neuron, weight)=(0, -5.37949100340540331544e-01) (1, 3.07850445608360612226e+00) (2, -3.09261421324612650885e-01) (3, 1.55003345120157010051e-01) (4, -4.55114864016706976990e-01) (5, -4.58474107290442023377e-01) (6, -1.64645967525838765599e-01) (7, -4.20678876544172797303e-01) (8, -9.50524485534419150135e-02) (9, -2.21857580007912669195e-01) (10, -3.41176367229212851306e-02) (11, -4.48566459323103461365e-01) (12, -5.58115299994881075563e-01) (13, -4.27538283373053107361e-01) (0, -1.42333486356462812772e+00) (1, 7.16201305143242272777e+00) (2, -8.35066865277848346949e-01) (3, 4.04072170795612972682e-01) (4, -1.35678354330982542386e+00) (5, -1.27119565435375547757e+00) (6, -4.97854038979505753026e-01) (7, -1.28441502579178190580e+00) (8, -3.68574052955602859960e-01) (9, -8.36250702930054767847e-01) (10, -6.99873916978530075106e-02) (11, -1.27755047806228971830e+00) (12, -1.26102962025131559720e+00) (13, -1.38010027312363958707e+00) (0, 1.80138979091850476300e-03) (1, 6.53657522965079396116e-01) (2, -8.37527057252878126548e-02) (3, 1.03958232056246532848e-01) (4, -4.76591553913095905548e-02) (5, 8.86996943129560178054e-02) (6, 3.65913950477879390544e-02) (7, 1.02319027818586510969e-01) (8, 3.48729409848492488688e-02) (9, 1.59285309686719306344e-03) (10, 8.62875201379101619548e-02) (11, -4.24040560053327991730e-02) (12, 6.14490914715787525657e-02) (13, 6.99453312529584592117e-02) (14, 2.88724722902042696404e+00) (15, 3.95566500911606455659e+00) (16, 4.75000846756955738548e-02) (17, -1.42588492163147306790e+00) 
