FANN_FLO_2.1
num_layers=3
learning_rate=0.700000
connection_rate=1.000000
network_type=0
learning_momentum=0.000000
training_algorithm=2
train_error_function=1
train_stop_function=1
cascade_output_change_fraction=0.010000
quickprop_decay=-0.000100
quickprop_mu=1.750000
rprop_increase_factor=1.200000
rprop_decrease_factor=0.500000
rprop_delta_min=0.000000
rprop_delta_max=50.000000
rprop_delta_zero=0.100000
cascade_output_stagnation_epochs=12
cascade_candidate_change_fraction=0.010000
cascade_candidate_stagnation_epochs=12
cascade_max_out_epochs=150
cascade_min_out_epochs=50
cascade_max_cand_epochs=150
cascade_min_cand_epochs=50
cascade_num_candidate_groups=2
bit_fail_limit=1.00000000000000005551e-01
cascade_candidate_limit=1.00000000000000000000e+03
cascade_weight_multiplier=4.00000000000000022204e-01
cascade_activation_functions_count=10
cascade_activation_functions=3 5 7 8 10 11 14 15 16 17 
cascade_activation_steepnesses_count=4
cascade_activation_steepnesses=2.50000000000000000000e-01 5.00000000000000000000e-01 7.50000000000000000000e-01 1.00000000000000000000e+00 
layer_sizes=8 4 2 
scale_included=0
neurons (num_inputs, activation_function, activation_steepness)=(0, 0, 0.00000000000000000000e+00) (0, 0, 0.00000000000000000000e+00) (0, 0, 0.00000000000000000000e+00) (0, 0, 0.00000000000000000000e+00) (0, 0, 0.00000000000000000000e+00) (0, 0, 0.00000000000000000000e+00) (0, 0, 0.00000000000000000000e+00) (0, 0, 0.00000000000000000000e+00) (8, 6, 5.00000000000000000000e-01) (8, 6, 5.00000000000000000000e-01) (8, 6, 5.00000000000000000000e-01) (0, 6, 0.00000000000000000000e+00) (4, 4, 5.00000000000000000000e-01) (0, 4, 0.00000000000000000000e+00) 
connections (connected_to_neuron, weight)=(0, -1.79899030404525617222e+00) (1, 1.85232779869797781203e+00) (2, 2.41085495671093585912e+00) (3, -1.00134143786215279448e+00) (4, -2.87404168393786296765e-01) (5, 9.31931941121050599897e-01) (6, -1.81597908683477138325e-01) (7, -1.86956437902885297397e+00) (0, -1.86710459219652036289e+00) (1, 1.86844531838455929496e+00) (2, 2.46942387392580631200e+00) (3, -9.04395161137814485031e-01) (4, -2.72632345553810995220e-01) (5, 3.05592055405671969570e-01) (6, -8.64155328444115578002e-01) (7, -1.68837916159513956593e+00) (0, 7.42613132433245337616e-01) (1, -5.50784923772862922142e-01) (2, -3.13712706317944678425e-01) (3, 2.44352089013802176165e-01) (4, 5.37301556334483926269e-02) (5, -2.38162978341611847322e-02) (6, 2.76871925616552716498e-01) (7, 3.47378196640888980973e-01) (8, 4.38425318250252704644e+00) (9, 1.23648099239423512330e+01) (10, -9.05679154189231505612e-01) (11, -1.61482123339060357203e+00) 
