FANN_FLO_2.1
num_layers=3
learning_rate=0.700000
connection_rate=1.000000
network_type=0
learning_momentum=0.000000
training_algorithm=2
train_error_function=1
train_stop_function=1
cascade_output_change_fraction=0.010000
quickprop_decay=-0.000100
quickprop_mu=1.750000
rprop_increase_factor=1.200000
rprop_decrease_factor=0.500000
rprop_delta_min=0.000000
rprop_delta_max=50.000000
rprop_delta_zero=0.100000
cascade_output_stagnation_epochs=12
cascade_candidate_change_fraction=0.010000
cascade_candidate_stagnation_epochs=12
cascade_max_out_epochs=150
cascade_min_out_epochs=50
cascade_max_cand_epochs=150
cascade_min_cand_epochs=50
cascade_num_candidate_groups=2
bit_fail_limit=1.00000000000000005551e-01
cascade_candidate_limit=1.00000000000000000000e+03
cascade_weight_multiplier=4.00000000000000022204e-01
cascade_activation_functions_count=10
cascade_activation_functions=3 5 7 8 10 11 14 15 16 17 
cascade_activation_steepnesses_count=4
cascade_activation_steepnesses=2.50000000000000000000e-01 5.00000000000000000000e-01 7.50000000000000000000e-01 1.00000000000000000000e+00 
layer_sizes=7 4 2 
scale_included=0
neurons (num_inputs, activation_function, activation_steepness)=(0, 0, 0.00000000000000000000e+00) (0, 0, 0.00000000000000000000e+00) (0, 0, 0.00000000000000000000e+00) (0, 0, 0.00000000000000000000e+00) (0, 0, 0.00000000000000000000e+00) (0, 0, 0.00000000000000000000e+00) (0, 0, 0.00000000000000000000e+00) (7, 6, 5.00000000000000000000e-01) (7, 6, 5.00000000000000000000e-01) (7, 6, 5.00000000000000000000e-01) (0, 6, 0.00000000000000000000e+00) (4, 4, 5.00000000000000000000e-01) (0, 4, 0.00000000000000000000e+00) 
connections (connected_to_neuron, weight)=(0, -3.48432822612601800216e+00) (1, 3.79355067491862207874e+00) (2, 1.84596194343947161975e+00) (3, -7.24027237003719847941e-01) (4, 3.39796261671679378225e+00) (5, 6.57019688139885205125e-01) (6, -3.40963293699103875412e+00) (0, 1.71998550031494834567e-01) (1, -4.81574773460517080448e-01) (2, -1.15305399730514523959e+00) (3, -2.36215196528883120131e-01) (4, -1.47102750894337774845e+00) (5, -3.86020664858118922602e-01) (6, 1.86338568297663542683e-01) (0, 4.86543228308092157164e+00) (1, -4.30650126899710894435e+00) (2, -2.16374912781669026529e+00) (3, -1.61664017494538714281e+00) (4, -7.18396698818734158465e+00) (5, -7.00941457643859622273e-01) (6, 4.87577979842554132262e+00) (7, 4.16803169116061056343e+00) (8, -1.05977083205889699435e+00) (9, -3.12950850378645029082e+00) (10, -1.76649855744394623791e+00) 
