FANN_FLO_2.1
num_layers=3
learning_rate=0.700000
connection_rate=1.000000
network_type=0
learning_momentum=0.000000
training_algorithm=2
train_error_function=1
train_stop_function=1
cascade_output_change_fraction=0.010000
quickprop_decay=-0.000100
quickprop_mu=1.750000
rprop_increase_factor=1.200000
rprop_decrease_factor=0.500000
rprop_delta_min=0.000000
rprop_delta_max=50.000000
rprop_delta_zero=0.100000
cascade_output_stagnation_epochs=12
cascade_candidate_change_fraction=0.010000
cascade_candidate_stagnation_epochs=12
cascade_max_out_epochs=150
cascade_min_out_epochs=50
cascade_max_cand_epochs=150
cascade_min_cand_epochs=50
cascade_num_candidate_groups=2
bit_fail_limit=1.00000000000000005551e-01
cascade_candidate_limit=1.00000000000000000000e+03
cascade_weight_multiplier=4.00000000000000022204e-01
cascade_activation_functions_count=10
cascade_activation_functions=3 5 7 8 10 11 14 15 16 17 
cascade_activation_steepnesses_count=4
cascade_activation_steepnesses=2.50000000000000000000e-01 5.00000000000000000000e-01 7.50000000000000000000e-01 1.00000000000000000000e+00 
layer_sizes=9 4 2 
scale_included=0
neurons (num_inputs, activation_function, activation_steepness)=(0, 0, 0.00000000000000000000e+00) (0, 0, 0.00000000000000000000e+00) (0, 0, 0.00000000000000000000e+00) (0, 0, 0.00000000000000000000e+00) (0, 0, 0.00000000000000000000e+00) (0, 0, 0.00000000000000000000e+00) (0, 0, 0.00000000000000000000e+00) (0, 0, 0.00000000000000000000e+00) (0, 0, 0.00000000000000000000e+00) (9, 6, 5.00000000000000000000e-01) (9, 6, 5.00000000000000000000e-01) (9, 6, 5.00000000000000000000e-01) (0, 6, 0.00000000000000000000e+00) (4, 4, 5.00000000000000000000e-01) (0, 4, 0.00000000000000000000e+00) 
connections (connected_to_neuron, weight)=(0, -4.53547109831056116658e-01) (1, 5.33198618240186448247e+01) (2, -2.07136062701503442796e+00) (3, -5.92277261452974213007e-01) (4, 1.77008799126378080224e+00) (5, 5.32185484975108380468e+01) (6, 9.81961988394318252560e-01) (7, 7.23753679429400165191e-01) (8, -1.62389567357008157700e-01) (0, -3.41787361032267034133e-01) (1, 2.23244046126497366345e+01) (2, -3.29279059677241914272e+00) (3, -2.29483668065305668193e+00) (4, 4.72112768678640715159e-01) (5, 2.23476268206728079235e+01) (6, 4.07267742814050848210e+00) (7, 2.76913515632317563941e+00) (8, -1.42080312060799879292e-01) (0, -4.41758782880731359910e+00) (1, 3.04970130845478820447e+02) (2, 1.40196535486810613946e+01) (3, 3.86468113450900985217e-01) (4, 1.67392035390797011551e+00) (5, 3.04943682621738958005e+02) (6, 1.29302534785755329771e+00) (7, 1.02289336416636489346e+00) (8, -4.27374546693988488499e+00) (9, 3.61488913083575313934e+00) (10, 3.27928000784796269684e+00) (11, 5.61156575854395001102e+00) (12, -3.17315349759301179589e+00) 
