FANN_FLO_2.1
num_layers=3
learning_rate=0.700000
connection_rate=1.000000
network_type=0
learning_momentum=0.000000
training_algorithm=2
train_error_function=1
train_stop_function=1
cascade_output_change_fraction=0.010000
quickprop_decay=-0.000100
quickprop_mu=1.750000
rprop_increase_factor=1.200000
rprop_decrease_factor=0.500000
rprop_delta_min=0.000000
rprop_delta_max=50.000000
rprop_delta_zero=0.100000
cascade_output_stagnation_epochs=12
cascade_candidate_change_fraction=0.010000
cascade_candidate_stagnation_epochs=12
cascade_max_out_epochs=150
cascade_min_out_epochs=50
cascade_max_cand_epochs=150
cascade_min_cand_epochs=50
cascade_num_candidate_groups=2
bit_fail_limit=1.00000000000000005551e-01
cascade_candidate_limit=1.00000000000000000000e+03
cascade_weight_multiplier=4.00000000000000022204e-01
cascade_activation_functions_count=10
cascade_activation_functions=3 5 7 8 10 11 14 15 16 17 
cascade_activation_steepnesses_count=4
cascade_activation_steepnesses=2.50000000000000000000e-01 5.00000000000000000000e-01 7.50000000000000000000e-01 1.00000000000000000000e+00 
layer_sizes=9 4 2 
scale_included=0
neurons (num_inputs, activation_function, activation_steepness)=(0, 0, 0.00000000000000000000e+00) (0, 0, 0.00000000000000000000e+00) (0, 0, 0.00000000000000000000e+00) (0, 0, 0.00000000000000000000e+00) (0, 0, 0.00000000000000000000e+00) (0, 0, 0.00000000000000000000e+00) (0, 0, 0.00000000000000000000e+00) (0, 0, 0.00000000000000000000e+00) (0, 0, 0.00000000000000000000e+00) (9, 6, 5.00000000000000000000e-01) (9, 6, 5.00000000000000000000e-01) (9, 6, 5.00000000000000000000e-01) (0, 6, 0.00000000000000000000e+00) (4, 4, 5.00000000000000000000e-01) (0, 4, 0.00000000000000000000e+00) 
connections (connected_to_neuron, weight)=(0, 7.07803869555999887186e-02) (1, 1.31714657400569334911e+00) (2, -1.50256971874563216574e-01) (3, 3.62357690672537330556e+02) (4, 1.86818968306415728042e-01) (5, -1.03503118741238807843e+02) (6, 9.15561552574379433622e-01) (7, -8.85321722854413156734e-03) (8, -2.14982704898810689231e-01) (0, -7.78149515849452355631e-01) (1, 2.20255716894927422445e+00) (2, 3.27749069382429603081e+00) (3, 2.38527302218040171411e+00) (4, 2.31349971855786401553e-01) (5, 1.07891528757445929187e+01) (6, 6.33227757290835846504e+00) (7, -6.12902612389805812043e-01) (8, -3.59406275053451373935e+00) (0, -8.26555148376297399437e-01) (1, 1.97183479443190390334e+00) (2, 4.08316640686182541486e+00) (3, 8.95276185251971501344e-01) (4, -1.09914439464632551768e+00) (5, -4.47454667313170730836e+01) (6, 9.05364753422686696638e+00) (7, -9.44263038326970782776e-01) (8, -3.54348398795370611580e+00) (9, 6.32302579690813360003e+00) (10, 1.27866012465489724548e+01) (11, 1.09218703830340722050e+01) (12, -1.10172586797946236992e+00) 
