FANN_FLO_2.1
num_layers=3
learning_rate=0.700000
connection_rate=1.000000
network_type=0
learning_momentum=0.000000
training_algorithm=2
train_error_function=1
train_stop_function=1
cascade_output_change_fraction=0.010000
quickprop_decay=-0.000100
quickprop_mu=1.750000
rprop_increase_factor=1.200000
rprop_decrease_factor=0.500000
rprop_delta_min=0.000000
rprop_delta_max=50.000000
rprop_delta_zero=0.100000
cascade_output_stagnation_epochs=12
cascade_candidate_change_fraction=0.010000
cascade_candidate_stagnation_epochs=12
cascade_max_out_epochs=150
cascade_min_out_epochs=50
cascade_max_cand_epochs=150
cascade_min_cand_epochs=50
cascade_num_candidate_groups=2
bit_fail_limit=1.00000000000000005551e-01
cascade_candidate_limit=1.00000000000000000000e+03
cascade_weight_multiplier=4.00000000000000022204e-01
cascade_activation_functions_count=10
cascade_activation_functions=3 5 7 8 10 11 14 15 16 17 
cascade_activation_steepnesses_count=4
cascade_activation_steepnesses=2.50000000000000000000e-01 5.00000000000000000000e-01 7.50000000000000000000e-01 1.00000000000000000000e+00 
layer_sizes=6 4 2 
scale_included=0
neurons (num_inputs, activation_function, activation_steepness)=(0, 0, 0.00000000000000000000e+00) (0, 0, 0.00000000000000000000e+00) (0, 0, 0.00000000000000000000e+00) (0, 0, 0.00000000000000000000e+00) (0, 0, 0.00000000000000000000e+00) (0, 0, 0.00000000000000000000e+00) (6, 6, 5.00000000000000000000e-01) (6, 6, 5.00000000000000000000e-01) (6, 6, 5.00000000000000000000e-01) (0, 6, 0.00000000000000000000e+00) (4, 4, 5.00000000000000000000e-01) (0, 4, 0.00000000000000000000e+00) 
connections (connected_to_neuron, weight)=(0, -1.78563742738517428066e+00) (1, 1.49936793663324752224e+00) (2, 1.18321338793318564520e+00) (3, 1.95841762445470113363e+00) (4, 1.21528434104942717475e+00) (5, -1.91283622954906196156e+00) (0, -2.02783314958585425547e-01) (1, 1.06553247388368732551e+00) (2, 5.51423783812911683100e-01) (3, 1.41147658259561104011e+00) (4, 1.08921664195928458163e+00) (5, -1.99138575961290076322e+00) (0, -1.68615586447849574725e+00) (1, 1.51394610770763793361e+00) (2, 1.20937452962677793877e+00) (3, 1.93210677722065971018e+00) (4, 1.28059877551817336006e+00) (5, -1.95753910963357657948e+00) (6, 4.74790220582975397434e+00) (7, 7.50981550858246720281e+01) (8, 4.79902939373744885643e+00) (9, -1.92864335778729567572e+00) 
