FANN_FLO_2.1
num_layers=3
learning_rate=0.700000
connection_rate=1.000000
network_type=0
learning_momentum=0.000000
training_algorithm=2
train_error_function=1
train_stop_function=1
cascade_output_change_fraction=0.010000
quickprop_decay=-0.000100
quickprop_mu=1.750000
rprop_increase_factor=1.200000
rprop_decrease_factor=0.500000
rprop_delta_min=0.000000
rprop_delta_max=50.000000
rprop_delta_zero=0.100000
cascade_output_stagnation_epochs=12
cascade_candidate_change_fraction=0.010000
cascade_candidate_stagnation_epochs=12
cascade_max_out_epochs=150
cascade_min_out_epochs=50
cascade_max_cand_epochs=150
cascade_min_cand_epochs=50
cascade_num_candidate_groups=2
bit_fail_limit=1.00000000000000005551e-01
cascade_candidate_limit=1.00000000000000000000e+03
cascade_weight_multiplier=4.00000000000000022204e-01
cascade_activation_functions_count=10
cascade_activation_functions=3 5 7 8 10 11 14 15 16 17 
cascade_activation_steepnesses_count=4
cascade_activation_steepnesses=2.50000000000000000000e-01 5.00000000000000000000e-01 7.50000000000000000000e-01 1.00000000000000000000e+00 
layer_sizes=11 4 2 
scale_included=0
neurons (num_inputs, activation_function, activation_steepness)=(0, 0, 0.00000000000000000000e+00) (0, 0, 0.00000000000000000000e+00) (0, 0, 0.00000000000000000000e+00) (0, 0, 0.00000000000000000000e+00) (0, 0, 0.00000000000000000000e+00) (0, 0, 0.00000000000000000000e+00) (0, 0, 0.00000000000000000000e+00) (0, 0, 0.00000000000000000000e+00) (0, 0, 0.00000000000000000000e+00) (0, 0, 0.00000000000000000000e+00) (0, 0, 0.00000000000000000000e+00) (11, 6, 5.00000000000000000000e-01) (11, 6, 5.00000000000000000000e-01) (11, 6, 5.00000000000000000000e-01) (0, 6, 0.00000000000000000000e+00) (4, 4, 5.00000000000000000000e-01) (0, 4, 0.00000000000000000000e+00) 
connections (connected_to_neuron, weight)=(0, -8.00757563986288362079e-02) (1, 2.81982161301442157963e-01) (2, 1.36859614109148108874e+00) (3, 8.36041044199970606599e-01) (4, 1.10662043540757650817e+01) (5, -1.73003995874312310743e-01) (6, 5.23835369016188767688e-01) (7, -2.39506237528522980540e+00) (8, 4.08114318999873437743e-01) (9, 9.83592664867320221056e-01) (10, -1.27332770017574953281e-01) (0, -1.94105209600173134188e-01) (1, 5.75348237316674837594e-01) (2, 1.69583940546974858421e+01) (3, 1.64807056491285575106e+00) (4, 5.68968348738421791921e+00) (5, -1.99700356885575880383e+00) (6, 5.39799037458631225661e-01) (7, -3.07777054343611711218e+00) (8, 7.03988021307381472980e-01) (9, 8.21287851972220317442e-01) (10, -2.38462343789706543440e-01) (0, -4.61778264158980977783e+00) (1, 2.96992036897513145277e+00) (2, 1.49586062359261862120e+00) (3, 2.79696202742419819387e+00) (4, 1.52821116479234486718e+00) (5, 5.56863665376028049714e-01) (6, 2.80065906983803936114e+00) (7, 6.30507631823198022580e-01) (8, 2.78869789548694368975e+00) (9, 2.68793782219216703666e+00) (10, -3.10090230594710414280e+00) (11, 6.68155506192356751782e-01) (12, 6.71667650281101868970e-01) (13, 2.80273981328676349278e+01) (14, -1.52821345133478669887e+00) 
