FANN_FLO_2.1
num_layers=3
learning_rate=0.700000
connection_rate=1.000000
network_type=0
learning_momentum=0.000000
training_algorithm=2
train_error_function=1
train_stop_function=1
cascade_output_change_fraction=0.010000
quickprop_decay=-0.000100
quickprop_mu=1.750000
rprop_increase_factor=1.200000
rprop_decrease_factor=0.500000
rprop_delta_min=0.000000
rprop_delta_max=50.000000
rprop_delta_zero=0.100000
cascade_output_stagnation_epochs=12
cascade_candidate_change_fraction=0.010000
cascade_candidate_stagnation_epochs=12
cascade_max_out_epochs=150
cascade_min_out_epochs=50
cascade_max_cand_epochs=150
cascade_min_cand_epochs=50
cascade_num_candidate_groups=2
bit_fail_limit=1.00000000000000005551e-01
cascade_candidate_limit=1.00000000000000000000e+03
cascade_weight_multiplier=4.00000000000000022204e-01
cascade_activation_functions_count=10
cascade_activation_functions=3 5 7 8 10 11 14 15 16 17 
cascade_activation_steepnesses_count=4
cascade_activation_steepnesses=2.50000000000000000000e-01 5.00000000000000000000e-01 7.50000000000000000000e-01 1.00000000000000000000e+00 
layer_sizes=7 4 2 
scale_included=0
neurons (num_inputs, activation_function, activation_steepness)=(0, 0, 0.00000000000000000000e+00) (0, 0, 0.00000000000000000000e+00) (0, 0, 0.00000000000000000000e+00) (0, 0, 0.00000000000000000000e+00) (0, 0, 0.00000000000000000000e+00) (0, 0, 0.00000000000000000000e+00) (0, 0, 0.00000000000000000000e+00) (7, 6, 5.00000000000000000000e-01) (7, 6, 5.00000000000000000000e-01) (7, 6, 5.00000000000000000000e-01) (0, 6, 0.00000000000000000000e+00) (4, 4, 5.00000000000000000000e-01) (0, 4, 0.00000000000000000000e+00) 
connections (connected_to_neuron, weight)=(0, 1.76776984018393079623e+00) (1, 2.80037397640674612376e+00) (2, 7.27897895576463893619e-01) (3, 2.57241273307510232016e+00) (4, 2.29843242238233358421e+00) (5, 2.33025423335446024709e+00) (6, -3.22261083922637281418e+00) (0, -4.08614529798667636129e+00) (1, -1.84276078776341867282e+00) (2, -9.82399576358285231414e-01) (3, -2.32641151583110428192e+00) (4, -2.59623914876393913076e+00) (5, -2.41264904406854974184e+00) (6, 3.83787847471686482947e+00) (0, 3.34952223603135756935e-01) (1, 3.32208655097455185512e+00) (2, -9.63719091348703427169e-02) (3, 2.75464108860997880512e+00) (4, 2.54534205694730220060e+00) (5, 1.26578207224512362394e+00) (6, -4.02198098642379098244e-01) (7, 6.50448954072808582794e+00) (8, -1.42501473610119298030e+01) (9, 4.98273013901626649069e-01) (10, -1.13997866489424515279e+00) 
