FANN_FLO_2.1
num_layers=3
learning_rate=0.700000
connection_rate=1.000000
network_type=0
learning_momentum=0.000000
training_algorithm=2
train_error_function=1
train_stop_function=1
cascade_output_change_fraction=0.010000
quickprop_decay=-0.000100
quickprop_mu=1.750000
rprop_increase_factor=1.200000
rprop_decrease_factor=0.500000
rprop_delta_min=0.000000
rprop_delta_max=50.000000
rprop_delta_zero=0.100000
cascade_output_stagnation_epochs=12
cascade_candidate_change_fraction=0.010000
cascade_candidate_stagnation_epochs=12
cascade_max_out_epochs=150
cascade_min_out_epochs=50
cascade_max_cand_epochs=150
cascade_min_cand_epochs=50
cascade_num_candidate_groups=2
bit_fail_limit=1.00000000000000005551e-01
cascade_candidate_limit=1.00000000000000000000e+03
cascade_weight_multiplier=4.00000000000000022204e-01
cascade_activation_functions_count=10
cascade_activation_functions=3 5 7 8 10 11 14 15 16 17 
cascade_activation_steepnesses_count=4
cascade_activation_steepnesses=2.50000000000000000000e-01 5.00000000000000000000e-01 7.50000000000000000000e-01 1.00000000000000000000e+00 
layer_sizes=12 4 2 
scale_included=0
neurons (num_inputs, activation_function, activation_steepness)=(0, 0, 0.00000000000000000000e+00) (0, 0, 0.00000000000000000000e+00) (0, 0, 0.00000000000000000000e+00) (0, 0, 0.00000000000000000000e+00) (0, 0, 0.00000000000000000000e+00) (0, 0, 0.00000000000000000000e+00) (0, 0, 0.00000000000000000000e+00) (0, 0, 0.00000000000000000000e+00) (0, 0, 0.00000000000000000000e+00) (0, 0, 0.00000000000000000000e+00) (0, 0, 0.00000000000000000000e+00) (0, 0, 0.00000000000000000000e+00) (12, 6, 5.00000000000000000000e-01) (12, 6, 5.00000000000000000000e-01) (12, 6, 5.00000000000000000000e-01) (0, 6, 0.00000000000000000000e+00) (4, 4, 5.00000000000000000000e-01) (0, 4, 0.00000000000000000000e+00) 
connections (connected_to_neuron, weight)=(0, -3.45693566310091682237e-01) (1, 1.11577798303657194090e+00) (2, 3.40969933130422675482e-01) (3, -1.17482839949555484260e+00) (4, -2.49955703957890573719e-01) (5, 1.93491560869495371477e+00) (6, 5.68658772383355048952e-01) (7, -8.99092090707392488369e-01) (8, -6.99388691606926293787e-01) (9, 1.39710894649563155401e-01) (10, 2.81302410276281555923e-01) (11, -3.60335683949389085079e-01) (0, -3.14403231254600457056e-01) (1, 2.43083133035963250279e+00) (2, 2.15484545822541756488e-01) (3, -1.91836692560110289030e+00) (4, -2.94109294926214570598e-01) (5, 2.19208643214161724710e-01) (6, 8.56619138706622429424e-01) (7, -1.23850344401690004581e+00) (8, -7.93773610405208107643e-01) (9, 4.44200792538139710430e-01) (10, 2.03324309312614470713e-01) (11, -4.48327755269294581097e-01) (0, -3.36948918133199759595e+00) (1, 1.47545512480381368903e+00) (2, 4.15037617834295247121e+00) (3, 1.21397567331677302960e+00) (4, -1.10467696444159502178e+00) (5, -3.32363657138620016696e+00) (6, 1.92951826890793998182e+00) (7, 9.73112452760040724797e+00) (8, -3.42674623256963850615e-01) (9, 5.83597336291127588570e-02) (10, 1.22865358620187192784e+00) (11, -2.32579208684292160214e+00) (12, 1.65976677588008776354e+01) (13, 2.71367732552656715228e+00) (14, 1.35694178401167580006e+01) (15, -4.18848288210573205248e+00) 
