FANN_FLO_2.1
num_layers=3
learning_rate=0.700000
connection_rate=1.000000
network_type=0
learning_momentum=0.000000
training_algorithm=2
train_error_function=1
train_stop_function=1
cascade_output_change_fraction=0.010000
quickprop_decay=-0.000100
quickprop_mu=1.750000
rprop_increase_factor=1.200000
rprop_decrease_factor=0.500000
rprop_delta_min=0.000000
rprop_delta_max=50.000000
rprop_delta_zero=0.100000
cascade_output_stagnation_epochs=12
cascade_candidate_change_fraction=0.010000
cascade_candidate_stagnation_epochs=12
cascade_max_out_epochs=150
cascade_min_out_epochs=50
cascade_max_cand_epochs=150
cascade_min_cand_epochs=50
cascade_num_candidate_groups=2
bit_fail_limit=1.00000000000000005551e-01
cascade_candidate_limit=1.00000000000000000000e+03
cascade_weight_multiplier=4.00000000000000022204e-01
cascade_activation_functions_count=10
cascade_activation_functions=3 5 7 8 10 11 14 15 16 17 
cascade_activation_steepnesses_count=4
cascade_activation_steepnesses=2.50000000000000000000e-01 5.00000000000000000000e-01 7.50000000000000000000e-01 1.00000000000000000000e+00 
layer_sizes=14 4 2 
scale_included=0
neurons (num_inputs, activation_function, activation_steepness)=(0, 0, 0.00000000000000000000e+00) (0, 0, 0.00000000000000000000e+00) (0, 0, 0.00000000000000000000e+00) (0, 0, 0.00000000000000000000e+00) (0, 0, 0.00000000000000000000e+00) (0, 0, 0.00000000000000000000e+00) (0, 0, 0.00000000000000000000e+00) (0, 0, 0.00000000000000000000e+00) (0, 0, 0.00000000000000000000e+00) (0, 0, 0.00000000000000000000e+00) (0, 0, 0.00000000000000000000e+00) (0, 0, 0.00000000000000000000e+00) (0, 0, 0.00000000000000000000e+00) (0, 0, 0.00000000000000000000e+00) (14, 6, 5.00000000000000000000e-01) (14, 6, 5.00000000000000000000e-01) (14, 6, 5.00000000000000000000e-01) (0, 6, 0.00000000000000000000e+00) (4, 4, 5.00000000000000000000e-01) (0, 4, 0.00000000000000000000e+00) 
connections (connected_to_neuron, weight)=(0, -1.25053956885675603417e+01) (1, 1.60211805465188317221e+00) (2, 1.46889634617846298603e+00) (3, 8.79139269063864414733e-01) (4, 2.57251703054082803135e+00) (5, 2.16659221645724553440e+00) (6, 1.46892942675631332783e+00) (7, 2.02462962083951536485e+00) (8, 5.18689144237044708063e-01) (9, 1.43828947284500885395e+00) (10, 2.98701927903396446951e+00) (11, 8.03637097559411817116e-01) (12, 1.92403511195283694057e+00) (13, -1.63655471396166296572e+00) (0, -1.84977933599731407810e+01) (1, 3.01440827284646495343e+00) (2, 1.24539789184967220059e+00) (3, 1.28739162211019747550e-01) (4, 2.24426922885925517193e+00) (5, 2.23679970052373189304e+00) (6, 2.51000522787314883644e+00) (7, 2.84775151399054715640e+00) (8, 9.03105859548691713989e-01) (9, 1.20359307900110423795e+00) (10, 3.27068920693474352035e+00) (11, 8.02069003663499646706e-01) (12, 1.99933262862983363028e+00) (13, -1.73880466163305569260e+00) (0, -9.08847923712924199435e+00) (1, 2.92861153532417439749e+00) (2, 1.33046809026282120136e+00) (3, 8.40018535325918636048e-01) (4, 2.19842265021335858677e+00) (5, 2.29598942991626042698e+00) (6, 2.73711722495348830364e+00) (7, 3.36919987514037799770e+00) (8, 6.26363020224574462702e-01) (9, 1.42613803037684250263e+00) (10, 1.79039303389607762362e+00) (11, 9.56012219559790432655e-01) (12, 2.16105248626601476047e+00) (13, -2.77716238128479631087e+00) (14, 1.46002205745352373611e+01) (15, 2.77718094294344108874e+00) (16, 6.37976546863201754434e+00) (17, -7.22441211570608032844e-01) 
