FANN_FLO_2.1
num_layers=3
learning_rate=0.700000
connection_rate=1.000000
network_type=0
learning_momentum=0.000000
training_algorithm=2
train_error_function=1
train_stop_function=1
cascade_output_change_fraction=0.010000
quickprop_decay=-0.000100
quickprop_mu=1.750000
rprop_increase_factor=1.200000
rprop_decrease_factor=0.500000
rprop_delta_min=0.000000
rprop_delta_max=50.000000
rprop_delta_zero=0.100000
cascade_output_stagnation_epochs=12
cascade_candidate_change_fraction=0.010000
cascade_candidate_stagnation_epochs=12
cascade_max_out_epochs=150
cascade_min_out_epochs=50
cascade_max_cand_epochs=150
cascade_min_cand_epochs=50
cascade_num_candidate_groups=2
bit_fail_limit=1.00000000000000005551e-01
cascade_candidate_limit=1.00000000000000000000e+03
cascade_weight_multiplier=4.00000000000000022204e-01
cascade_activation_functions_count=10
cascade_activation_functions=3 5 7 8 10 11 14 15 16 17 
cascade_activation_steepnesses_count=4
cascade_activation_steepnesses=2.50000000000000000000e-01 5.00000000000000000000e-01 7.50000000000000000000e-01 1.00000000000000000000e+00 
layer_sizes=7 4 2 
scale_included=0
neurons (num_inputs, activation_function, activation_steepness)=(0, 0, 0.00000000000000000000e+00) (0, 0, 0.00000000000000000000e+00) (0, 0, 0.00000000000000000000e+00) (0, 0, 0.00000000000000000000e+00) (0, 0, 0.00000000000000000000e+00) (0, 0, 0.00000000000000000000e+00) (0, 0, 0.00000000000000000000e+00) (7, 6, 5.00000000000000000000e-01) (7, 6, 5.00000000000000000000e-01) (7, 6, 5.00000000000000000000e-01) (0, 6, 0.00000000000000000000e+00) (4, 4, 5.00000000000000000000e-01) (0, 4, 0.00000000000000000000e+00) 
connections (connected_to_neuron, weight)=(0, 2.37273797466614783103e-01) (1, -6.52389571357364972393e-01) (2, -2.49427116699240253306e-01) (3, 9.67342967655179519770e-02) (4, -9.49143967371012323153e-03) (5, 2.30826437766176617572e-01) (6, 4.45414201603588133516e-01) (0, -3.36296340186717346299e+00) (1, 3.89963188996232013039e+00) (2, 4.22566326292087790506e+00) (3, 8.28212865118502228334e-01) (4, 9.88248217578850840503e-01) (5, -4.12708890199742772786e-01) (6, -4.64047096451965934705e+00) (0, 4.05830708405797491167e+00) (1, -3.73571281061586102368e+00) (2, -4.24151220776863269180e+00) (3, 1.65001303165320978295e+00) (4, 6.25465091191118593983e-01) (5, -2.08603449323306489038e-01) (6, 3.99974856785361687628e+00) (7, -6.07472149958184326479e-01) (8, 5.66751026123031564907e+00) (9, -4.63377083647813581280e+00) (10, -9.54644137914830825942e-01) 
