FANN_FLO_2.1
num_layers=3
learning_rate=0.700000
connection_rate=1.000000
network_type=0
learning_momentum=0.000000
training_algorithm=2
train_error_function=1
train_stop_function=1
cascade_output_change_fraction=0.010000
quickprop_decay=-0.000100
quickprop_mu=1.750000
rprop_increase_factor=1.200000
rprop_decrease_factor=0.500000
rprop_delta_min=0.000000
rprop_delta_max=50.000000
rprop_delta_zero=0.100000
cascade_output_stagnation_epochs=12
cascade_candidate_change_fraction=0.010000
cascade_candidate_stagnation_epochs=12
cascade_max_out_epochs=150
cascade_min_out_epochs=50
cascade_max_cand_epochs=150
cascade_min_cand_epochs=50
cascade_num_candidate_groups=2
bit_fail_limit=1.00000000000000005551e-01
cascade_candidate_limit=1.00000000000000000000e+03
cascade_weight_multiplier=4.00000000000000022204e-01
cascade_activation_functions_count=10
cascade_activation_functions=3 5 7 8 10 11 14 15 16 17 
cascade_activation_steepnesses_count=4
cascade_activation_steepnesses=2.50000000000000000000e-01 5.00000000000000000000e-01 7.50000000000000000000e-01 1.00000000000000000000e+00 
layer_sizes=8 4 2 
scale_included=0
neurons (num_inputs, activation_function, activation_steepness)=(0, 0, 0.00000000000000000000e+00) (0, 0, 0.00000000000000000000e+00) (0, 0, 0.00000000000000000000e+00) (0, 0, 0.00000000000000000000e+00) (0, 0, 0.00000000000000000000e+00) (0, 0, 0.00000000000000000000e+00) (0, 0, 0.00000000000000000000e+00) (0, 0, 0.00000000000000000000e+00) (8, 6, 5.00000000000000000000e-01) (8, 6, 5.00000000000000000000e-01) (8, 6, 5.00000000000000000000e-01) (0, 6, 0.00000000000000000000e+00) (4, 4, 5.00000000000000000000e-01) (0, 4, 0.00000000000000000000e+00) 
connections (connected_to_neuron, weight)=(0, -1.57574247776541631616e+00) (1, -6.69808818961635354938e-01) (2, 1.21067988832338055971e+01) (3, 6.90836250650568306497e-01) (4, 1.40880768644439879900e+00) (5, 1.38063798703200335538e+00) (6, 3.27423678950371499496e-01) (7, -3.46816801175263966783e+00) (0, -1.56347244560119658097e+00) (1, 3.54002570192915921865e+00) (2, 1.06419721285953405854e+00) (3, -1.06800491852258971903e+00) (4, 5.37397677000594153895e-01) (5, 3.39018546446983304321e+00) (6, -7.87299574126542500707e-01) (7, -2.40298336343589280517e+00) (0, 3.21358398052296312386e+00) (1, 1.48857012649287945294e+00) (2, -4.48215658515980608367e-01) (3, 1.40223030314625618509e+00) (4, -8.87163226058633513915e-01) (5, -1.47128149207163838597e+00) (6, -5.16153950212566492439e-01) (7, 3.62537778632579099636e+00) (8, 4.44323596174513646417e+00) (9, 5.23566821837403928441e+00) (10, -1.11202639124454782937e+00) (11, -2.31050536876778700446e+00) 
