FANN_FLO_2.1
num_layers=3
learning_rate=0.700000
connection_rate=1.000000
network_type=0
learning_momentum=0.000000
training_algorithm=2
train_error_function=1
train_stop_function=1
cascade_output_change_fraction=0.010000
quickprop_decay=-0.000100
quickprop_mu=1.750000
rprop_increase_factor=1.200000
rprop_decrease_factor=0.500000
rprop_delta_min=0.000000
rprop_delta_max=50.000000
rprop_delta_zero=0.100000
cascade_output_stagnation_epochs=12
cascade_candidate_change_fraction=0.010000
cascade_candidate_stagnation_epochs=12
cascade_max_out_epochs=150
cascade_min_out_epochs=50
cascade_max_cand_epochs=150
cascade_min_cand_epochs=50
cascade_num_candidate_groups=2
bit_fail_limit=1.00000000000000005551e-01
cascade_candidate_limit=1.00000000000000000000e+03
cascade_weight_multiplier=4.00000000000000022204e-01
cascade_activation_functions_count=10
cascade_activation_functions=3 5 7 8 10 11 14 15 16 17 
cascade_activation_steepnesses_count=4
cascade_activation_steepnesses=2.50000000000000000000e-01 5.00000000000000000000e-01 7.50000000000000000000e-01 1.00000000000000000000e+00 
layer_sizes=8 4 2 
scale_included=0
neurons (num_inputs, activation_function, activation_steepness)=(0, 0, 0.00000000000000000000e+00) (0, 0, 0.00000000000000000000e+00) (0, 0, 0.00000000000000000000e+00) (0, 0, 0.00000000000000000000e+00) (0, 0, 0.00000000000000000000e+00) (0, 0, 0.00000000000000000000e+00) (0, 0, 0.00000000000000000000e+00) (0, 0, 0.00000000000000000000e+00) (8, 6, 5.00000000000000000000e-01) (8, 6, 5.00000000000000000000e-01) (8, 6, 5.00000000000000000000e-01) (0, 6, 0.00000000000000000000e+00) (4, 4, 5.00000000000000000000e-01) (0, 4, 0.00000000000000000000e+00) 
connections (connected_to_neuron, weight)=(0, 9.77475815778764967057e-01) (1, 1.26933349102838988198e-01) (2, -7.07770676983969515561e+00) (3, -1.10656460966660707967e+00) (4, 6.37883737478056267456e-01) (5, 4.48003355258102045622e-02) (6, 1.33366748651087063671e+00) (7, 8.69030044740232820999e-01) (0, -1.92697937509812261547e-01) (1, 8.02144825352993251499e-01) (2, 1.85994115855220232270e+00) (3, 8.39166594809481969364e-01) (4, 1.07945955282946676190e-01) (5, 3.77694810234051159270e-01) (6, 6.82658785149311997387e-01) (7, -1.68936404309071502849e-01) (0, -3.33465894046386202021e+00) (1, 2.96113550956039839335e+00) (2, 3.12651171428927732165e+00) (3, 2.20525326084460671083e+00) (4, 5.30590899096527124357e-01) (5, 8.38522007391553692024e-01) (6, 3.99285755742520720446e+00) (7, -4.44493708504144890981e+00) (8, -5.73638658059884232188e-01) (9, 3.58574386201296890775e-01) (10, 2.14239543086759773871e+01) (11, -2.00208780887344506283e+00) 
