FANN_FLO_2.1
num_layers=3
learning_rate=0.700000
connection_rate=1.000000
network_type=0
learning_momentum=0.000000
training_algorithm=2
train_error_function=1
train_stop_function=1
cascade_output_change_fraction=0.010000
quickprop_decay=-0.000100
quickprop_mu=1.750000
rprop_increase_factor=1.200000
rprop_decrease_factor=0.500000
rprop_delta_min=0.000000
rprop_delta_max=50.000000
rprop_delta_zero=0.100000
cascade_output_stagnation_epochs=12
cascade_candidate_change_fraction=0.010000
cascade_candidate_stagnation_epochs=12
cascade_max_out_epochs=150
cascade_min_out_epochs=50
cascade_max_cand_epochs=150
cascade_min_cand_epochs=50
cascade_num_candidate_groups=2
bit_fail_limit=1.00000000000000005551e-01
cascade_candidate_limit=1.00000000000000000000e+03
cascade_weight_multiplier=4.00000000000000022204e-01
cascade_activation_functions_count=10
cascade_activation_functions=3 5 7 8 10 11 14 15 16 17 
cascade_activation_steepnesses_count=4
cascade_activation_steepnesses=2.50000000000000000000e-01 5.00000000000000000000e-01 7.50000000000000000000e-01 1.00000000000000000000e+00 
layer_sizes=13 4 2 
scale_included=0
neurons (num_inputs, activation_function, activation_steepness)=(0, 0, 0.00000000000000000000e+00) (0, 0, 0.00000000000000000000e+00) (0, 0, 0.00000000000000000000e+00) (0, 0, 0.00000000000000000000e+00) (0, 0, 0.00000000000000000000e+00) (0, 0, 0.00000000000000000000e+00) (0, 0, 0.00000000000000000000e+00) (0, 0, 0.00000000000000000000e+00) (0, 0, 0.00000000000000000000e+00) (0, 0, 0.00000000000000000000e+00) (0, 0, 0.00000000000000000000e+00) (0, 0, 0.00000000000000000000e+00) (0, 0, 0.00000000000000000000e+00) (13, 6, 5.00000000000000000000e-01) (13, 6, 5.00000000000000000000e-01) (13, 6, 5.00000000000000000000e-01) (0, 6, 0.00000000000000000000e+00) (4, 4, 5.00000000000000000000e-01) (0, 4, 0.00000000000000000000e+00) 
connections (connected_to_neuron, weight)=(0, 1.25369302027204927441e+01) (1, -2.91387077940280736499e+00) (2, -8.29034602676228971063e+00) (3, -7.93072312784716570988e-01) (4, 5.66009147205578777573e+00) (5, -6.37506759445984361179e+00) (6, -8.24093523616898915307e-01) (7, 5.72291354415629349717e+00) (8, 3.58679333176927350735e+00) (9, -2.10905684456474196153e+00) (10, 2.73463920288735007347e+00) (11, 3.15606310071888351843e+00) (12, 1.52777274035207479841e+01) (0, 8.75816730116021013863e-01) (1, -1.13645322955622574135e+00) (2, -1.25276888484206971874e+00) (3, -1.34250336404817316449e-01) (4, 6.84780457427371036516e-01) (5, -1.11072043422420319025e+00) (6, -2.40544719657967087656e-01) (7, 2.30428734188596134880e-01) (8, 3.22012557757553052884e-01) (9, -7.56822272355149039402e-02) (10, 1.82458148476173781516e-01) (11, 6.04135152024086075073e-01) (12, 9.56084681008469439156e-01) (0, -3.14902018668206884477e-01) (1, 1.54601587492909808841e-01) (2, 1.07683351714160591150e+00) (3, 6.26419707292408589616e-01) (4, -1.35625013640398139891e-01) (5, 6.05616319039670525370e+00) (6, 1.05621583648862937821e+00) (7, 2.39231175886984448464e-01) (8, 4.53823969793313408694e-01) (9, 1.40734701463943268074e+00) (10, 5.52804391938026107312e-01) (11, 3.13587845051234381799e-01) (12, -3.10859810473474218462e-01) (13, -2.17073885021243162541e+00) (14, -3.08517196730658298520e+01) (15, 3.31542524148442818710e-01) (16, -2.06368688163790858781e+00) 
