FANN_FLO_2.1
num_layers=3
learning_rate=0.700000
connection_rate=1.000000
network_type=0
learning_momentum=0.000000
training_algorithm=2
train_error_function=1
train_stop_function=1
cascade_output_change_fraction=0.010000
quickprop_decay=-0.000100
quickprop_mu=1.750000
rprop_increase_factor=1.200000
rprop_decrease_factor=0.500000
rprop_delta_min=0.000000
rprop_delta_max=50.000000
rprop_delta_zero=0.100000
cascade_output_stagnation_epochs=12
cascade_candidate_change_fraction=0.010000
cascade_candidate_stagnation_epochs=12
cascade_max_out_epochs=150
cascade_min_out_epochs=50
cascade_max_cand_epochs=150
cascade_min_cand_epochs=50
cascade_num_candidate_groups=2
bit_fail_limit=1.00000000000000005551e-01
cascade_candidate_limit=1.00000000000000000000e+03
cascade_weight_multiplier=4.00000000000000022204e-01
cascade_activation_functions_count=10
cascade_activation_functions=3 5 7 8 10 11 14 15 16 17 
cascade_activation_steepnesses_count=4
cascade_activation_steepnesses=2.50000000000000000000e-01 5.00000000000000000000e-01 7.50000000000000000000e-01 1.00000000000000000000e+00 
layer_sizes=12 4 2 
scale_included=0
neurons (num_inputs, activation_function, activation_steepness)=(0, 0, 0.00000000000000000000e+00) (0, 0, 0.00000000000000000000e+00) (0, 0, 0.00000000000000000000e+00) (0, 0, 0.00000000000000000000e+00) (0, 0, 0.00000000000000000000e+00) (0, 0, 0.00000000000000000000e+00) (0, 0, 0.00000000000000000000e+00) (0, 0, 0.00000000000000000000e+00) (0, 0, 0.00000000000000000000e+00) (0, 0, 0.00000000000000000000e+00) (0, 0, 0.00000000000000000000e+00) (0, 0, 0.00000000000000000000e+00) (12, 6, 5.00000000000000000000e-01) (12, 6, 5.00000000000000000000e-01) (12, 6, 5.00000000000000000000e-01) (0, 6, 0.00000000000000000000e+00) (4, 4, 5.00000000000000000000e-01) (0, 4, 0.00000000000000000000e+00) 
connections (connected_to_neuron, weight)=(0, -7.21916816377766501489e-01) (1, -9.98383221560311451270e-01) (2, -8.83673518388652490252e-01) (3, -6.10621025114301274606e-01) (4, -1.68650691264962260263e+00) (5, -9.67434770231023533071e-01) (6, -4.12080656421698998670e-01) (7, -9.85514397808662234723e-01) (8, -5.92482503342935062918e-01) (9, -1.18692721924741917405e+00) (10, -6.58203288155322252528e-01) (11, 1.80359065319520706083e+00) (0, -7.18962467455990572596e-01) (1, -9.80869253921108130712e-01) (2, -1.11473233118304526634e+00) (3, -5.72183092384580205270e-01) (4, -1.49674805307482805539e+00) (5, -9.77728603467992174458e-01) (6, -3.51652670336284167707e-01) (7, -1.08880576033269416136e+00) (8, -5.27785243436740381107e-01) (9, -1.19697481403763283936e+00) (10, -6.49675443011050401942e-01) (11, 1.81573812450391525175e+00) (0, 7.03550724575066599442e+00) (1, 2.53287778619550074666e+00) (2, 8.70011693374815542334e-01) (3, -1.43986387354495204427e-01) (4, -2.70325622877671367661e-01) (5, 2.58129227140899963899e+00) (6, 1.98729376086358738851e-01) (7, 7.05935231313911781825e-01) (8, -9.54288304146913152204e-02) (9, 2.16923130961143373341e+00) (10, 1.78955794905502924008e-01) (11, -4.19352361991682709430e+00) (12, -3.43740558353770566669e+01) (13, -7.64568910908229160128e+00) (14, 2.22049278105116130178e+01) (15, -1.73795527260150683979e+00) 
