FANN_FLO_2.1
num_layers=3
learning_rate=0.700000
connection_rate=1.000000
network_type=0
learning_momentum=0.000000
training_algorithm=2
train_error_function=1
train_stop_function=1
cascade_output_change_fraction=0.010000
quickprop_decay=-0.000100
quickprop_mu=1.750000
rprop_increase_factor=1.200000
rprop_decrease_factor=0.500000
rprop_delta_min=0.000000
rprop_delta_max=50.000000
rprop_delta_zero=0.100000
cascade_output_stagnation_epochs=12
cascade_candidate_change_fraction=0.010000
cascade_candidate_stagnation_epochs=12
cascade_max_out_epochs=150
cascade_min_out_epochs=50
cascade_max_cand_epochs=150
cascade_min_cand_epochs=50
cascade_num_candidate_groups=2
bit_fail_limit=1.00000000000000005551e-01
cascade_candidate_limit=1.00000000000000000000e+03
cascade_weight_multiplier=4.00000000000000022204e-01
cascade_activation_functions_count=10
cascade_activation_functions=3 5 7 8 10 11 14 15 16 17 
cascade_activation_steepnesses_count=4
cascade_activation_steepnesses=2.50000000000000000000e-01 5.00000000000000000000e-01 7.50000000000000000000e-01 1.00000000000000000000e+00 
layer_sizes=7 4 2 
scale_included=0
neurons (num_inputs, activation_function, activation_steepness)=(0, 0, 0.00000000000000000000e+00) (0, 0, 0.00000000000000000000e+00) (0, 0, 0.00000000000000000000e+00) (0, 0, 0.00000000000000000000e+00) (0, 0, 0.00000000000000000000e+00) (0, 0, 0.00000000000000000000e+00) (0, 0, 0.00000000000000000000e+00) (7, 6, 5.00000000000000000000e-01) (7, 6, 5.00000000000000000000e-01) (7, 6, 5.00000000000000000000e-01) (0, 6, 0.00000000000000000000e+00) (4, 4, 5.00000000000000000000e-01) (0, 4, 0.00000000000000000000e+00) 
connections (connected_to_neuron, weight)=(0, -8.93802342027191087936e+00) (1, 1.72626190715734395553e+01) (2, -1.40262329906338312213e+00) (3, -7.18355486165028800372e+00) (4, -1.02644560233629431045e-01) (5, -1.01463244824418352685e+00) (6, -2.09400310156093588665e-01) (0, -1.08914656314059321573e+01) (1, -1.13709567177933283944e+01) (2, -2.01467200924685529984e+00) (3, 3.69449312248825947336e+01) (4, 1.01256966922956737065e+00) (5, 2.65140170188823232067e+00) (6, 1.19241090447852957079e-01) (0, 1.01259999315738673431e+03) (1, 6.46650702376799983995e+01) (2, 5.18435564173841072488e+01) (3, 1.17500000000000000000e+03) (4, 1.31613361014725228415e+02) (5, 4.02807905562800215193e+02) (6, 1.03989603331646875972e+01) (7, 3.48629820174302329505e+00) (8, 4.50259003687730707810e+00) (9, -1.97447616586582785914e+00) (10, -2.05122745298987796403e+00) 
