FANN_FLO_2.1
num_layers=3
learning_rate=0.700000
connection_rate=1.000000
network_type=0
learning_momentum=0.000000
training_algorithm=2
train_error_function=1
train_stop_function=1
cascade_output_change_fraction=0.010000
quickprop_decay=-0.000100
quickprop_mu=1.750000
rprop_increase_factor=1.200000
rprop_decrease_factor=0.500000
rprop_delta_min=0.000000
rprop_delta_max=50.000000
rprop_delta_zero=0.100000
cascade_output_stagnation_epochs=12
cascade_candidate_change_fraction=0.010000
cascade_candidate_stagnation_epochs=12
cascade_max_out_epochs=150
cascade_min_out_epochs=50
cascade_max_cand_epochs=150
cascade_min_cand_epochs=50
cascade_num_candidate_groups=2
bit_fail_limit=1.00000000000000005551e-01
cascade_candidate_limit=1.00000000000000000000e+03
cascade_weight_multiplier=4.00000000000000022204e-01
cascade_activation_functions_count=10
cascade_activation_functions=3 5 7 8 10 11 14 15 16 17 
cascade_activation_steepnesses_count=4
cascade_activation_steepnesses=2.50000000000000000000e-01 5.00000000000000000000e-01 7.50000000000000000000e-01 1.00000000000000000000e+00 
layer_sizes=9 4 2 
scale_included=0
neurons (num_inputs, activation_function, activation_steepness)=(0, 0, 0.00000000000000000000e+00) (0, 0, 0.00000000000000000000e+00) (0, 0, 0.00000000000000000000e+00) (0, 0, 0.00000000000000000000e+00) (0, 0, 0.00000000000000000000e+00) (0, 0, 0.00000000000000000000e+00) (0, 0, 0.00000000000000000000e+00) (0, 0, 0.00000000000000000000e+00) (0, 0, 0.00000000000000000000e+00) (9, 6, 5.00000000000000000000e-01) (9, 6, 5.00000000000000000000e-01) (9, 6, 5.00000000000000000000e-01) (0, 6, 0.00000000000000000000e+00) (4, 4, 5.00000000000000000000e-01) (0, 4, 0.00000000000000000000e+00) 
connections (connected_to_neuron, weight)=(0, 7.57627727181470089768e-01) (1, -1.28145365329775651198e+00) (2, -1.29485260785029598907e+00) (3, -2.34856342011503826939e+00) (4, -1.63768772433398462907e-02) (5, -1.70355734456993923587e+00) (6, 2.52681478389393632256e+00) (7, -3.49631386377374994701e-02) (8, 1.67443011979889289087e+00) (0, -8.33756617096492458341e-02) (1, 2.18111071960030722394e+00) (2, 2.08815162516737773402e+00) (3, 5.40073261060670439804e-01) (4, 3.06846162256878218777e-01) (5, 2.04147735645726191578e+00) (6, -2.90131002025215156692e+00) (7, 5.09262742069631291209e-01) (8, -1.50973985617608152943e+00) (0, -1.80959655979020528349e-01) (1, 2.17154455911699706405e+00) (2, 2.11675443760658232861e+00) (3, 6.59975760080770079696e-01) (4, 2.07445049611013759838e-01) (5, 2.11372629960730540333e+00) (6, -2.80624605075923838626e+00) (7, 5.16044141319661808787e-01) (8, -1.52156289195269667225e+00) (9, -6.66036859394905977894e+00) (10, 1.32124165467883525338e+01) (11, 1.32486481390859065499e+01) (12, -9.39234856325869338356e-01) 
