FANN_FLO_2.1
num_layers=3
learning_rate=0.700000
connection_rate=1.000000
network_type=0
learning_momentum=0.000000
training_algorithm=2
train_error_function=1
train_stop_function=1
cascade_output_change_fraction=0.010000
quickprop_decay=-0.000100
quickprop_mu=1.750000
rprop_increase_factor=1.200000
rprop_decrease_factor=0.500000
rprop_delta_min=0.000000
rprop_delta_max=50.000000
rprop_delta_zero=0.100000
cascade_output_stagnation_epochs=12
cascade_candidate_change_fraction=0.010000
cascade_candidate_stagnation_epochs=12
cascade_max_out_epochs=150
cascade_min_out_epochs=50
cascade_max_cand_epochs=150
cascade_min_cand_epochs=50
cascade_num_candidate_groups=2
bit_fail_limit=1.00000000000000005551e-01
cascade_candidate_limit=1.00000000000000000000e+03
cascade_weight_multiplier=4.00000000000000022204e-01
cascade_activation_functions_count=10
cascade_activation_functions=3 5 7 8 10 11 14 15 16 17 
cascade_activation_steepnesses_count=4
cascade_activation_steepnesses=2.50000000000000000000e-01 5.00000000000000000000e-01 7.50000000000000000000e-01 1.00000000000000000000e+00 
layer_sizes=14 4 2 
scale_included=0
neurons (num_inputs, activation_function, activation_steepness)=(0, 0, 0.00000000000000000000e+00) (0, 0, 0.00000000000000000000e+00) (0, 0, 0.00000000000000000000e+00) (0, 0, 0.00000000000000000000e+00) (0, 0, 0.00000000000000000000e+00) (0, 0, 0.00000000000000000000e+00) (0, 0, 0.00000000000000000000e+00) (0, 0, 0.00000000000000000000e+00) (0, 0, 0.00000000000000000000e+00) (0, 0, 0.00000000000000000000e+00) (0, 0, 0.00000000000000000000e+00) (0, 0, 0.00000000000000000000e+00) (0, 0, 0.00000000000000000000e+00) (0, 0, 0.00000000000000000000e+00) (14, 6, 5.00000000000000000000e-01) (14, 6, 5.00000000000000000000e-01) (14, 6, 5.00000000000000000000e-01) (0, 6, 0.00000000000000000000e+00) (4, 4, 5.00000000000000000000e-01) (0, 4, 0.00000000000000000000e+00) 
connections (connected_to_neuron, weight)=(0, -5.90978843015888211099e-01) (1, -1.44890314771958861328e+00) (2, 1.14161557091957099885e+01) (3, -1.16960910415835361853e+00) (4, 1.39057454864866780753e+00) (5, -2.01669296000911879574e+00) (6, 9.60660828675558775558e+00) (7, -8.08993204463858417430e-02) (8, 3.97409893827258137167e-02) (9, 1.17490798940053009503e+00) (10, 1.88352850521300380082e-01) (11, -1.20221092294646081378e+00) (12, 4.99964959854188317756e-01) (13, -4.56158117247083605417e-01) (0, 8.51563957431338813819e+00) (1, -8.91195779493112105740e+00) (2, -5.01683819614668191633e+00) (3, -4.33298431283022189575e+00) (4, -2.57775027286442881547e+00) (5, 2.89143918465598837031e+00) (6, -4.24592347227954558520e+00) (7, -2.59413610912566339195e+00) (8, -6.90752522614143327218e+00) (9, -8.79379760058429837954e+00) (10, -6.13212242394061757267e+00) (11, -8.04561225861827189476e+00) (12, 5.99868419785325124316e-01) (13, 8.92346163072589959597e+00) (0, -1.39520713683935571048e+00) (1, -7.31788109670608311053e-02) (2, 1.65198113439277065595e+01) (3, -3.03990163297578996904e+00) (4, 1.13599111249764339604e+00) (5, -1.54161751746724995371e+00) (6, 1.49094932469034890943e+01) (7, -4.26551302779910879170e-02) (8, 1.29248059057896436119e-01) (9, 2.47018124214708656439e+00) (10, 3.38436790179283894520e-02) (11, -6.79955613770442224286e-01) (12, 1.75755053447293363433e-01) (13, -4.00202433495921461315e+00) (14, 1.16441607659391488383e+00) (15, -5.87213406952359751045e+00) (16, 2.57706046165650315416e+00) (17, -2.04379516656254534013e+00) 
