FANN_FLO_2.1
num_layers=3
learning_rate=0.700000
connection_rate=1.000000
network_type=0
learning_momentum=0.000000
training_algorithm=2
train_error_function=1
train_stop_function=1
cascade_output_change_fraction=0.010000
quickprop_decay=-0.000100
quickprop_mu=1.750000
rprop_increase_factor=1.200000
rprop_decrease_factor=0.500000
rprop_delta_min=0.000000
rprop_delta_max=50.000000
rprop_delta_zero=0.100000
cascade_output_stagnation_epochs=12
cascade_candidate_change_fraction=0.010000
cascade_candidate_stagnation_epochs=12
cascade_max_out_epochs=150
cascade_min_out_epochs=50
cascade_max_cand_epochs=150
cascade_min_cand_epochs=50
cascade_num_candidate_groups=2
bit_fail_limit=1.00000000000000005551e-01
cascade_candidate_limit=1.00000000000000000000e+03
cascade_weight_multiplier=4.00000000000000022204e-01
cascade_activation_functions_count=10
cascade_activation_functions=3 5 7 8 10 11 14 15 16 17 
cascade_activation_steepnesses_count=4
cascade_activation_steepnesses=2.50000000000000000000e-01 5.00000000000000000000e-01 7.50000000000000000000e-01 1.00000000000000000000e+00 
layer_sizes=17 4 2 
scale_included=0
neurons (num_inputs, activation_function, activation_steepness)=(0, 0, 0.00000000000000000000e+00) (0, 0, 0.00000000000000000000e+00) (0, 0, 0.00000000000000000000e+00) (0, 0, 0.00000000000000000000e+00) (0, 0, 0.00000000000000000000e+00) (0, 0, 0.00000000000000000000e+00) (0, 0, 0.00000000000000000000e+00) (0, 0, 0.00000000000000000000e+00) (0, 0, 0.00000000000000000000e+00) (0, 0, 0.00000000000000000000e+00) (0, 0, 0.00000000000000000000e+00) (0, 0, 0.00000000000000000000e+00) (0, 0, 0.00000000000000000000e+00) (0, 0, 0.00000000000000000000e+00) (0, 0, 0.00000000000000000000e+00) (0, 0, 0.00000000000000000000e+00) (0, 0, 0.00000000000000000000e+00) (17, 6, 5.00000000000000000000e-01) (17, 6, 5.00000000000000000000e-01) (17, 6, 5.00000000000000000000e-01) (0, 6, 0.00000000000000000000e+00) (4, 4, 5.00000000000000000000e-01) (0, 4, 0.00000000000000000000e+00) 
connections (connected_to_neuron, weight)=(0, -9.22379180036002921383e+00) (1, 2.20724058219472496489e+00) (2, 1.16146779242783004804e+00) (3, 4.61526350164873366833e-01) (4, 5.54697396659853403378e-01) (5, 1.34200474643551292964e+00) (6, -2.77835283065726801333e-01) (7, 1.26553372446748579883e-01) (8, 2.77694223782466886874e-01) (9, 2.84677269554544365437e-01) (10, 1.03994957978903124207e+00) (11, -1.66499125234831391040e+00) (12, 2.00971814012290073137e+00) (13, 1.60305349028974863934e+00) (14, -6.23560702821891466030e-01) (15, 4.14004593444285529102e-01) (16, -7.15983610234474543432e-01) (0, -2.17430498280354012053e+00) (1, 1.06929292975772116669e+00) (2, 4.84469552628863986410e-01) (3, 1.65892812303770509352e+00) (4, 2.20727621389690265019e-01) (5, 2.53832484397236912699e+00) (6, -1.54500858041167754564e-02) (7, 1.75800272357910958299e-01) (8, 1.38581546066511157589e-01) (9, 9.89999861960108445968e-02) (10, 1.20857449334239541727e+00) (11, 3.63935183056180000527e-01) (12, 1.17518592130167642829e+00) (13, 1.10152382621354849590e+00) (14, 3.51386020373883944945e-01) (15, 1.28746172281969495366e-01) (16, -5.66639057146528068998e-01) (0, 4.43880810667047320806e+00) (1, -1.23894789307759412011e+00) (2, -7.36013701575914947028e-02) (3, -5.34712155915369802273e-01) (4, 3.35317733951945480542e-03) (5, -1.39362052547979864414e+00) (6, 8.02355634050692323456e-01) (7, 3.20915039599236340262e-01) (8, 1.09493954307826019123e-01) (9, 3.06603846516260880595e-01) (10, -1.59562511016136299169e+00) (11, 1.13375963066266383095e+00) (12, -1.43285831365054372455e+00) (13, -1.50328720019846961975e+00) (14, 5.01314608449341170271e-01) (15, -1.95631414001196879404e-01) (16, 9.90838316653158246439e-01) (17, 4.13931838468724233593e+00) (18, 3.50556873187912643175e+00) (19, -2.44143110848058384477e+01) (20, -1.23283651599179910896e+00) 
