FANN_FLO_2.1
num_layers=3
learning_rate=0.700000
connection_rate=1.000000
network_type=0
learning_momentum=0.000000
training_algorithm=2
train_error_function=1
train_stop_function=1
cascade_output_change_fraction=0.010000
quickprop_decay=-0.000100
quickprop_mu=1.750000
rprop_increase_factor=1.200000
rprop_decrease_factor=0.500000
rprop_delta_min=0.000000
rprop_delta_max=50.000000
rprop_delta_zero=0.100000
cascade_output_stagnation_epochs=12
cascade_candidate_change_fraction=0.010000
cascade_candidate_stagnation_epochs=12
cascade_max_out_epochs=150
cascade_min_out_epochs=50
cascade_max_cand_epochs=150
cascade_min_cand_epochs=50
cascade_num_candidate_groups=2
bit_fail_limit=1.00000000000000005551e-01
cascade_candidate_limit=1.00000000000000000000e+03
cascade_weight_multiplier=4.00000000000000022204e-01
cascade_activation_functions_count=10
cascade_activation_functions=3 5 7 8 10 11 14 15 16 17 
cascade_activation_steepnesses_count=4
cascade_activation_steepnesses=2.50000000000000000000e-01 5.00000000000000000000e-01 7.50000000000000000000e-01 1.00000000000000000000e+00 
layer_sizes=7 4 2 
scale_included=0
neurons (num_inputs, activation_function, activation_steepness)=(0, 0, 0.00000000000000000000e+00) (0, 0, 0.00000000000000000000e+00) (0, 0, 0.00000000000000000000e+00) (0, 0, 0.00000000000000000000e+00) (0, 0, 0.00000000000000000000e+00) (0, 0, 0.00000000000000000000e+00) (0, 0, 0.00000000000000000000e+00) (7, 6, 5.00000000000000000000e-01) (7, 6, 5.00000000000000000000e-01) (7, 6, 5.00000000000000000000e-01) (0, 6, 0.00000000000000000000e+00) (4, 4, 5.00000000000000000000e-01) (0, 4, 0.00000000000000000000e+00) 
connections (connected_to_neuron, weight)=(0, -1.24961158374045799846e+00) (1, 1.31795560865647720661e+00) (2, 1.55102366626113585824e+00) (3, -3.69468543641878421901e-01) (4, -9.74005586050946808863e-02) (5, -5.76030811809499290743e-02) (6, -1.34272749006676184180e+00) (0, -1.25560430178140114421e+00) (1, 1.19336801164441852485e+00) (2, 1.56066361486762694710e+00) (3, -3.10079837282369874529e-01) (4, -1.04779318946142438462e-01) (5, -3.85276353501279103519e-02) (6, -1.35476125061439978126e+00) (0, -1.22753603497241403630e+00) (1, 1.30500535964019226398e+00) (2, 1.44387928813546828621e+00) (3, -1.83690766149472370361e-02) (4, -5.79653093989088638582e-02) (5, -8.04565711461503602075e-02) (6, -1.42307276308464514258e+00) (7, 6.69249690477267478173e+00) (8, 6.66067522172347281639e+00) (9, 1.41305676723666095995e+01) (10, -1.31304703682589085645e+00) 
