FANN_FLO_2.1
num_layers=3
learning_rate=0.700000
connection_rate=1.000000
network_type=0
learning_momentum=0.000000
training_algorithm=2
train_error_function=1
train_stop_function=1
cascade_output_change_fraction=0.010000
quickprop_decay=-0.000100
quickprop_mu=1.750000
rprop_increase_factor=1.200000
rprop_decrease_factor=0.500000
rprop_delta_min=0.000000
rprop_delta_max=50.000000
rprop_delta_zero=0.100000
cascade_output_stagnation_epochs=12
cascade_candidate_change_fraction=0.010000
cascade_candidate_stagnation_epochs=12
cascade_max_out_epochs=150
cascade_min_out_epochs=50
cascade_max_cand_epochs=150
cascade_min_cand_epochs=50
cascade_num_candidate_groups=2
bit_fail_limit=1.00000000000000005551e-01
cascade_candidate_limit=1.00000000000000000000e+03
cascade_weight_multiplier=4.00000000000000022204e-01
cascade_activation_functions_count=10
cascade_activation_functions=3 5 7 8 10 11 14 15 16 17 
cascade_activation_steepnesses_count=4
cascade_activation_steepnesses=2.50000000000000000000e-01 5.00000000000000000000e-01 7.50000000000000000000e-01 1.00000000000000000000e+00 
layer_sizes=10 4 2 
scale_included=0
neurons (num_inputs, activation_function, activation_steepness)=(0, 0, 0.00000000000000000000e+00) (0, 0, 0.00000000000000000000e+00) (0, 0, 0.00000000000000000000e+00) (0, 0, 0.00000000000000000000e+00) (0, 0, 0.00000000000000000000e+00) (0, 0, 0.00000000000000000000e+00) (0, 0, 0.00000000000000000000e+00) (0, 0, 0.00000000000000000000e+00) (0, 0, 0.00000000000000000000e+00) (0, 0, 0.00000000000000000000e+00) (10, 6, 5.00000000000000000000e-01) (10, 6, 5.00000000000000000000e-01) (10, 6, 5.00000000000000000000e-01) (0, 6, 0.00000000000000000000e+00) (4, 4, 5.00000000000000000000e-01) (0, 4, 0.00000000000000000000e+00) 
connections (connected_to_neuron, weight)=(0, -1.57491250614577538158e+00) (1, -3.01221362676149384541e+00) (2, -2.07873400354553217184e+00) (3, 4.68956675557959545841e+00) (4, -1.94945913687478666887e+00) (5, 4.54821080362143614906e+00) (6, -3.00126042107881074728e+00) (7, 1.42020746754667004375e+00) (8, 5.09990002416291421383e+00) (9, 2.55551005206387893409e+00) (0, -2.00869940662069756954e+00) (1, -8.24800090796222407086e-01) (2, 1.95347376198098423572e+01) (3, 2.20817522297107382556e+00) (4, 1.65225146273631366967e+01) (5, 1.15797147899981633934e+00) (6, -3.77650864664932195414e-01) (7, 6.99737018781311781446e-01) (8, 1.85661476225445176702e+00) (9, -3.22198329675783368131e+00) (0, -3.19887992109817831388e-01) (1, -2.73793732379486387529e+00) (2, -2.38960080832948040808e+00) (3, 3.61232101437178698689e+00) (4, -2.59201140518896266940e+00) (5, 3.74817045837665174801e+00) (6, -2.94960794488729005636e+00) (7, 1.54808450305957601145e+00) (8, 3.10032363068867899969e+00) (9, 3.07818052687225884867e+00) (10, -3.49292471671687643209e+00) (11, 5.02606461199764442682e+00) (12, -4.89462054397125534422e+00) (13, -1.67013815300763668326e+00) 
