FANN_FLO_2.1
num_layers=3
learning_rate=0.700000
connection_rate=1.000000
network_type=0
learning_momentum=0.000000
training_algorithm=2
train_error_function=1
train_stop_function=1
cascade_output_change_fraction=0.010000
quickprop_decay=-0.000100
quickprop_mu=1.750000
rprop_increase_factor=1.200000
rprop_decrease_factor=0.500000
rprop_delta_min=0.000000
rprop_delta_max=50.000000
rprop_delta_zero=0.100000
cascade_output_stagnation_epochs=12
cascade_candidate_change_fraction=0.010000
cascade_candidate_stagnation_epochs=12
cascade_max_out_epochs=150
cascade_min_out_epochs=50
cascade_max_cand_epochs=150
cascade_min_cand_epochs=50
cascade_num_candidate_groups=2
bit_fail_limit=1.00000000000000005551e-01
cascade_candidate_limit=1.00000000000000000000e+03
cascade_weight_multiplier=4.00000000000000022204e-01
cascade_activation_functions_count=10
cascade_activation_functions=3 5 7 8 10 11 14 15 16 17 
cascade_activation_steepnesses_count=4
cascade_activation_steepnesses=2.50000000000000000000e-01 5.00000000000000000000e-01 7.50000000000000000000e-01 1.00000000000000000000e+00 
layer_sizes=10 4 2 
scale_included=0
neurons (num_inputs, activation_function, activation_steepness)=(0, 0, 0.00000000000000000000e+00) (0, 0, 0.00000000000000000000e+00) (0, 0, 0.00000000000000000000e+00) (0, 0, 0.00000000000000000000e+00) (0, 0, 0.00000000000000000000e+00) (0, 0, 0.00000000000000000000e+00) (0, 0, 0.00000000000000000000e+00) (0, 0, 0.00000000000000000000e+00) (0, 0, 0.00000000000000000000e+00) (0, 0, 0.00000000000000000000e+00) (10, 6, 5.00000000000000000000e-01) (10, 6, 5.00000000000000000000e-01) (10, 6, 5.00000000000000000000e-01) (0, 6, 0.00000000000000000000e+00) (4, 4, 5.00000000000000000000e-01) (0, 4, 0.00000000000000000000e+00) 
connections (connected_to_neuron, weight)=(0, 5.26852844756854921116e+00) (1, -4.68125538840789356954e+00) (2, -4.32935838838683828556e+00) (3, 1.81433531951944804206e+00) (4, -4.98340405408156783551e+00) (5, -4.90492828467898611677e+00) (6, 2.59586694498036774092e+00) (7, 5.51538369013310258993e+00) (8, -3.12438126516354763851e+00) (9, 5.15336114598384309460e+00) (0, 4.88407104786268475571e-01) (1, -1.36812096862265053510e+00) (2, -1.09831733997912928125e+00) (3, 8.38336376496343183007e-01) (4, -2.25047549635209254149e+00) (5, -1.69631190507990115002e+00) (6, 5.45583738895719372319e-02) (7, 4.13858719705020972057e-01) (8, -4.30896322393516995053e-01) (9, 1.38780956408528233226e+00) (0, 1.26192435470096037120e-01) (1, 1.64691670331487327594e+00) (2, 3.77578902302733832030e-01) (3, 1.94687930852769502943e-01) (4, 5.53799515691154708996e-01) (5, 6.61130538577890169982e-01) (6, 1.19318818911522475656e-01) (7, 4.52952221682658806579e-01) (8, 2.44167971328101840456e+00) (9, 4.60455985503248343971e-02) (10, -5.70360533301766192693e+00) (11, -7.19534337916106725430e+00) (12, 1.07381713964604652567e+00) (13, -2.61620599965524514019e+00) 
