FANN_FLO_2.1
num_layers=3
learning_rate=0.700000
connection_rate=1.000000
network_type=0
learning_momentum=0.000000
training_algorithm=2
train_error_function=1
train_stop_function=1
cascade_output_change_fraction=0.010000
quickprop_decay=-0.000100
quickprop_mu=1.750000
rprop_increase_factor=1.200000
rprop_decrease_factor=0.500000
rprop_delta_min=0.000000
rprop_delta_max=50.000000
rprop_delta_zero=0.100000
cascade_output_stagnation_epochs=12
cascade_candidate_change_fraction=0.010000
cascade_candidate_stagnation_epochs=12
cascade_max_out_epochs=150
cascade_min_out_epochs=50
cascade_max_cand_epochs=150
cascade_min_cand_epochs=50
cascade_num_candidate_groups=2
bit_fail_limit=1.00000000000000005551e-01
cascade_candidate_limit=1.00000000000000000000e+03
cascade_weight_multiplier=4.00000000000000022204e-01
cascade_activation_functions_count=10
cascade_activation_functions=3 5 7 8 10 11 14 15 16 17 
cascade_activation_steepnesses_count=4
cascade_activation_steepnesses=2.50000000000000000000e-01 5.00000000000000000000e-01 7.50000000000000000000e-01 1.00000000000000000000e+00 
layer_sizes=8 4 2 
scale_included=0
neurons (num_inputs, activation_function, activation_steepness)=(0, 0, 0.00000000000000000000e+00) (0, 0, 0.00000000000000000000e+00) (0, 0, 0.00000000000000000000e+00) (0, 0, 0.00000000000000000000e+00) (0, 0, 0.00000000000000000000e+00) (0, 0, 0.00000000000000000000e+00) (0, 0, 0.00000000000000000000e+00) (0, 0, 0.00000000000000000000e+00) (8, 6, 5.00000000000000000000e-01) (8, 6, 5.00000000000000000000e-01) (8, 6, 5.00000000000000000000e-01) (0, 6, 0.00000000000000000000e+00) (4, 4, 5.00000000000000000000e-01) (0, 4, 0.00000000000000000000e+00) 
connections (connected_to_neuron, weight)=(0, 1.30824019269667191079e-01) (1, -6.88618684887275844808e-01) (2, -1.15214167052629412602e+00) (3, 4.12227047431185933402e-02) (4, -2.78913830543086715963e-01) (5, -3.16685530796364356210e-01) (6, -3.84355145730207403698e-01) (7, 6.10206692039612419443e-01) (0, -5.29997762572801534020e+00) (1, 4.65079785036287418620e+00) (2, 4.28035158645763136320e+00) (3, 1.93668935396343805388e-01) (4, 6.98327388918742242296e-01) (5, 3.18745279238453615989e+00) (6, 4.60383370789050960781e+00) (7, -5.35564586055314961754e+00) (0, -4.31095890696281576482e-03) (1, 2.73545936279499468657e-01) (2, 6.35044421542596770891e-01) (3, 9.23499761367609639517e-02) (4, 2.69458403392366041551e-01) (5, 2.24934242715631227405e-01) (6, 2.95438983490635409535e-01) (7, -2.46930751766578698500e-03) (8, -1.26402379131916142718e+00) (9, 6.86383009105233732328e+00) (10, 2.00483310871651054796e-01) (11, -1.05877446305241385005e+00) 
