FANN_FLO_2.1
num_layers=3
learning_rate=0.700000
connection_rate=1.000000
network_type=0
learning_momentum=0.000000
training_algorithm=2
train_error_function=1
train_stop_function=1
cascade_output_change_fraction=0.010000
quickprop_decay=-0.000100
quickprop_mu=1.750000
rprop_increase_factor=1.200000
rprop_decrease_factor=0.500000
rprop_delta_min=0.000000
rprop_delta_max=50.000000
rprop_delta_zero=0.100000
cascade_output_stagnation_epochs=12
cascade_candidate_change_fraction=0.010000
cascade_candidate_stagnation_epochs=12
cascade_max_out_epochs=150
cascade_min_out_epochs=50
cascade_max_cand_epochs=150
cascade_min_cand_epochs=50
cascade_num_candidate_groups=2
bit_fail_limit=1.00000000000000005551e-01
cascade_candidate_limit=1.00000000000000000000e+03
cascade_weight_multiplier=4.00000000000000022204e-01
cascade_activation_functions_count=10
cascade_activation_functions=3 5 7 8 10 11 14 15 16 17 
cascade_activation_steepnesses_count=4
cascade_activation_steepnesses=2.50000000000000000000e-01 5.00000000000000000000e-01 7.50000000000000000000e-01 1.00000000000000000000e+00 
layer_sizes=9 4 2 
scale_included=0
neurons (num_inputs, activation_function, activation_steepness)=(0, 0, 0.00000000000000000000e+00) (0, 0, 0.00000000000000000000e+00) (0, 0, 0.00000000000000000000e+00) (0, 0, 0.00000000000000000000e+00) (0, 0, 0.00000000000000000000e+00) (0, 0, 0.00000000000000000000e+00) (0, 0, 0.00000000000000000000e+00) (0, 0, 0.00000000000000000000e+00) (0, 0, 0.00000000000000000000e+00) (9, 6, 5.00000000000000000000e-01) (9, 6, 5.00000000000000000000e-01) (9, 6, 5.00000000000000000000e-01) (0, 6, 0.00000000000000000000e+00) (4, 4, 5.00000000000000000000e-01) (0, 4, 0.00000000000000000000e+00) 
connections (connected_to_neuron, weight)=(0, -2.50951645481498175627e+00) (1, 3.65089688668172129837e+00) (2, 1.70185072568540141091e+00) (3, 1.33056214716492848815e+00) (4, -1.32897156621574175084e+00) (5, -2.15226269209768616975e+00) (6, -2.26729717174556100190e+00) (7, -2.31746817076589906037e+00) (8, -1.79540271291154418520e+00) (0, 5.79182109255661181635e+00) (1, -3.20727623316676879739e+00) (2, -1.85431093075960751193e+00) (3, -5.35649569678470172107e+00) (4, 1.49403112588572284380e+00) (5, 2.83093553879026460507e+00) (6, 2.94480909504655929965e+00) (7, 2.47369617480140036037e+00) (8, 1.80483609472987671651e+00) (0, -8.88004739084231164981e-01) (1, 1.30820362597378525571e+00) (2, 4.04421999928048947481e+00) (3, 8.37659136396161518867e-01) (4, -2.19886502101953804078e-02) (5, -7.86512770858990739598e-01) (6, -8.58253129926907498692e-01) (7, -8.79292049614178727879e-01) (8, -7.91658126918065141453e-01) (9, 3.52219970083043776299e+00) (10, -4.31038945165556963701e+00) (11, 1.01649259655472068431e+00) (12, -1.56983171508194407906e+00) 
