FANN_FLO_2.1
num_layers=3
learning_rate=0.700000
connection_rate=1.000000
network_type=0
learning_momentum=0.000000
training_algorithm=2
train_error_function=1
train_stop_function=1
cascade_output_change_fraction=0.010000
quickprop_decay=-0.000100
quickprop_mu=1.750000
rprop_increase_factor=1.200000
rprop_decrease_factor=0.500000
rprop_delta_min=0.000000
rprop_delta_max=50.000000
rprop_delta_zero=0.100000
cascade_output_stagnation_epochs=12
cascade_candidate_change_fraction=0.010000
cascade_candidate_stagnation_epochs=12
cascade_max_out_epochs=150
cascade_min_out_epochs=50
cascade_max_cand_epochs=150
cascade_min_cand_epochs=50
cascade_num_candidate_groups=2
bit_fail_limit=1.00000000000000005551e-01
cascade_candidate_limit=1.00000000000000000000e+03
cascade_weight_multiplier=4.00000000000000022204e-01
cascade_activation_functions_count=10
cascade_activation_functions=3 5 7 8 10 11 14 15 16 17 
cascade_activation_steepnesses_count=4
cascade_activation_steepnesses=2.50000000000000000000e-01 5.00000000000000000000e-01 7.50000000000000000000e-01 1.00000000000000000000e+00 
layer_sizes=9 4 2 
scale_included=0
neurons (num_inputs, activation_function, activation_steepness)=(0, 0, 0.00000000000000000000e+00) (0, 0, 0.00000000000000000000e+00) (0, 0, 0.00000000000000000000e+00) (0, 0, 0.00000000000000000000e+00) (0, 0, 0.00000000000000000000e+00) (0, 0, 0.00000000000000000000e+00) (0, 0, 0.00000000000000000000e+00) (0, 0, 0.00000000000000000000e+00) (0, 0, 0.00000000000000000000e+00) (9, 6, 5.00000000000000000000e-01) (9, 6, 5.00000000000000000000e-01) (9, 6, 5.00000000000000000000e-01) (0, 6, 0.00000000000000000000e+00) (4, 4, 5.00000000000000000000e-01) (0, 4, 0.00000000000000000000e+00) 
connections (connected_to_neuron, weight)=(0, 4.58691654241972290862e+00) (1, -4.44190716609812952242e+00) (2, -2.25137715293830487084e+00) (3, -2.13001968512683070855e+00) (4, 2.24189261064656797373e+00) (5, 4.26735388208378807473e-01) (6, 1.27773949394234143107e-01) (7, 2.44846279657169674238e+00) (8, 4.01010569205006905946e+00) (0, 4.98236976311946833107e+00) (1, -4.32957682624913431368e+00) (2, -2.16951070170339077592e+00) (3, -2.85757520822123911586e+00) (4, 1.79876958886489490830e+00) (5, -4.46328526117846124954e-01) (6, -8.17104482525043529506e-01) (7, 2.46782724667744757241e+00) (8, 4.30309762005698903664e+00) (0, -1.85614154684513965599e+00) (1, 3.74846957838709804456e-01) (2, 9.73688632505917261994e+00) (3, 3.99099266700290122856e+00) (4, 3.39078764334801330271e-01) (5, 6.15793613689287977486e-01) (6, 4.78294194096139158034e-01) (7, -1.04611717031698070457e+00) (8, -2.31096385946203319861e+00) (9, -2.88799593928440678781e+00) (10, -3.15120258208500647612e+00) (11, 2.99026592638306265570e+00) (12, -1.67275699865746285688e+00) 
