FANN_FLO_2.1
num_layers=3
learning_rate=0.700000
connection_rate=1.000000
network_type=0
learning_momentum=0.000000
training_algorithm=2
train_error_function=1
train_stop_function=1
cascade_output_change_fraction=0.010000
quickprop_decay=-0.000100
quickprop_mu=1.750000
rprop_increase_factor=1.200000
rprop_decrease_factor=0.500000
rprop_delta_min=0.000000
rprop_delta_max=50.000000
rprop_delta_zero=0.100000
cascade_output_stagnation_epochs=12
cascade_candidate_change_fraction=0.010000
cascade_candidate_stagnation_epochs=12
cascade_max_out_epochs=150
cascade_min_out_epochs=50
cascade_max_cand_epochs=150
cascade_min_cand_epochs=50
cascade_num_candidate_groups=2
bit_fail_limit=1.00000000000000005551e-01
cascade_candidate_limit=1.00000000000000000000e+03
cascade_weight_multiplier=4.00000000000000022204e-01
cascade_activation_functions_count=10
cascade_activation_functions=3 5 7 8 10 11 14 15 16 17 
cascade_activation_steepnesses_count=4
cascade_activation_steepnesses=2.50000000000000000000e-01 5.00000000000000000000e-01 7.50000000000000000000e-01 1.00000000000000000000e+00 
layer_sizes=6 4 2 
scale_included=0
neurons (num_inputs, activation_function, activation_steepness)=(0, 0, 0.00000000000000000000e+00) (0, 0, 0.00000000000000000000e+00) (0, 0, 0.00000000000000000000e+00) (0, 0, 0.00000000000000000000e+00) (0, 0, 0.00000000000000000000e+00) (0, 0, 0.00000000000000000000e+00) (6, 6, 5.00000000000000000000e-01) (6, 6, 5.00000000000000000000e-01) (6, 6, 5.00000000000000000000e-01) (0, 6, 0.00000000000000000000e+00) (4, 4, 5.00000000000000000000e-01) (0, 4, 0.00000000000000000000e+00) 
connections (connected_to_neuron, weight)=(0, 9.92100076620444526476e-01) (1, 1.91468770890111228411e+00) (2, 1.94095845546838319251e+00) (3, 2.82329046487054924341e+00) (4, 2.03089607305621466793e+00) (5, -3.87967867888291673140e+00) (0, -1.83457778440616441074e-02) (1, -4.15477295915023803197e-01) (2, -4.32676353325841311914e-01) (3, -4.59564484567639430779e-01) (4, -5.84633720904597420365e-01) (5, 1.55968061997341256308e-01) (0, -1.26405775396207120664e-01) (1, -1.82115441473965689045e-01) (2, -1.35466350682655473081e-01) (3, -1.84925882749731074206e+00) (4, -1.59877233420816833309e-01) (5, 2.21046064392802887877e-01) (6, 5.24968647212116223955e+01) (7, -6.54209239694206190485e-01) (8, -7.29261053990401864056e-01) (9, -2.43702866960338582203e+00) 
