FANN_FLO_2.1
num_layers=3
learning_rate=0.700000
connection_rate=1.000000
network_type=0
learning_momentum=0.000000
training_algorithm=2
train_error_function=1
train_stop_function=1
cascade_output_change_fraction=0.010000
quickprop_decay=-0.000100
quickprop_mu=1.750000
rprop_increase_factor=1.200000
rprop_decrease_factor=0.500000
rprop_delta_min=0.000000
rprop_delta_max=50.000000
rprop_delta_zero=0.100000
cascade_output_stagnation_epochs=12
cascade_candidate_change_fraction=0.010000
cascade_candidate_stagnation_epochs=12
cascade_max_out_epochs=150
cascade_min_out_epochs=50
cascade_max_cand_epochs=150
cascade_min_cand_epochs=50
cascade_num_candidate_groups=2
bit_fail_limit=1.00000000000000005551e-01
cascade_candidate_limit=1.00000000000000000000e+03
cascade_weight_multiplier=4.00000000000000022204e-01
cascade_activation_functions_count=10
cascade_activation_functions=3 5 7 8 10 11 14 15 16 17 
cascade_activation_steepnesses_count=4
cascade_activation_steepnesses=2.50000000000000000000e-01 5.00000000000000000000e-01 7.50000000000000000000e-01 1.00000000000000000000e+00 
layer_sizes=10 4 2 
scale_included=0
neurons (num_inputs, activation_function, activation_steepness)=(0, 0, 0.00000000000000000000e+00) (0, 0, 0.00000000000000000000e+00) (0, 0, 0.00000000000000000000e+00) (0, 0, 0.00000000000000000000e+00) (0, 0, 0.00000000000000000000e+00) (0, 0, 0.00000000000000000000e+00) (0, 0, 0.00000000000000000000e+00) (0, 0, 0.00000000000000000000e+00) (0, 0, 0.00000000000000000000e+00) (0, 0, 0.00000000000000000000e+00) (10, 6, 5.00000000000000000000e-01) (10, 6, 5.00000000000000000000e-01) (10, 6, 5.00000000000000000000e-01) (0, 6, 0.00000000000000000000e+00) (4, 4, 5.00000000000000000000e-01) (0, 4, 0.00000000000000000000e+00) 
connections (connected_to_neuron, weight)=(0, 6.40843779688564580965e+01) (1, -4.71490579069060533612e+00) (2, -1.46452196286151825610e+00) (3, -9.68417206814339848187e-01) (4, -1.24657685764466652500e+00) (5, -7.94220574604891815795e-01) (6, 1.47669788669365456002e+01) (7, -4.51823138446177452465e+00) (8, 5.30952256462983385177e+00) (9, 7.63556320389008913452e+00) (0, 1.09647522116409010806e+01) (1, -1.60127620234843193181e+00) (2, -1.01976437812887309187e-02) (3, -2.24224889235490021377e+00) (4, -6.92957797008362019753e-01) (5, -9.67530035571204649614e-01) (6, 1.22161347167485778709e-01) (7, -5.00803897513938056640e-01) (8, 9.89380219882269595910e-02) (9, 6.87698467480520214679e-01) (0, -6.79152644699620289259e+00) (1, 3.80383056178198630803e+00) (2, 9.79600318383073487283e-01) (3, 1.25819869179978516271e+00) (4, 2.23377963033786697267e+00) (5, 2.41146624368768058844e+00) (6, -3.06031702152355311597e+00) (7, 2.64838685875893720123e+00) (8, -3.01748782175409513417e-01) (9, -3.95104944350034115175e+00) (10, -1.04144308851779920921e+00) (11, -4.66610724388482189795e+00) (12, 5.58614717929824777798e+00) (13, -9.88611412660493460436e-01) 
