FANN_FLO_2.1
num_layers=3
learning_rate=0.700000
connection_rate=1.000000
network_type=0
learning_momentum=0.000000
training_algorithm=2
train_error_function=1
train_stop_function=1
cascade_output_change_fraction=0.010000
quickprop_decay=-0.000100
quickprop_mu=1.750000
rprop_increase_factor=1.200000
rprop_decrease_factor=0.500000
rprop_delta_min=0.000000
rprop_delta_max=50.000000
rprop_delta_zero=0.100000
cascade_output_stagnation_epochs=12
cascade_candidate_change_fraction=0.010000
cascade_candidate_stagnation_epochs=12
cascade_max_out_epochs=150
cascade_min_out_epochs=50
cascade_max_cand_epochs=150
cascade_min_cand_epochs=50
cascade_num_candidate_groups=2
bit_fail_limit=1.00000000000000005551e-01
cascade_candidate_limit=1.00000000000000000000e+03
cascade_weight_multiplier=4.00000000000000022204e-01
cascade_activation_functions_count=10
cascade_activation_functions=3 5 7 8 10 11 14 15 16 17 
cascade_activation_steepnesses_count=4
cascade_activation_steepnesses=2.50000000000000000000e-01 5.00000000000000000000e-01 7.50000000000000000000e-01 1.00000000000000000000e+00 
layer_sizes=7 4 2 
scale_included=0
neurons (num_inputs, activation_function, activation_steepness)=(0, 0, 0.00000000000000000000e+00) (0, 0, 0.00000000000000000000e+00) (0, 0, 0.00000000000000000000e+00) (0, 0, 0.00000000000000000000e+00) (0, 0, 0.00000000000000000000e+00) (0, 0, 0.00000000000000000000e+00) (0, 0, 0.00000000000000000000e+00) (7, 6, 5.00000000000000000000e-01) (7, 6, 5.00000000000000000000e-01) (7, 6, 5.00000000000000000000e-01) (0, 6, 0.00000000000000000000e+00) (4, 4, 5.00000000000000000000e-01) (0, 4, 0.00000000000000000000e+00) 
connections (connected_to_neuron, weight)=(0, 9.20066321733541236938e+00) (1, -5.99542784922932803227e+00) (2, -1.03466763368722936001e+00) (3, -3.87477499174620776401e+00) (4, -5.46663126956665834655e+00) (5, -5.02643932222477296534e+00) (6, 6.69466748040423098587e+00) (0, -1.05045833848591918525e+00) (1, 8.60208007593367462995e-01) (2, 2.81171208061063881978e-01) (3, 2.22286863437880843897e-01) (4, 4.18849163635301202646e+00) (5, 1.43456155232825621759e+00) (6, -4.37313451602828140441e-01) (0, -4.61355599394052351414e+00) (1, 2.59654322938632065032e+00) (2, 2.72593252151334064504e-01) (3, 3.02602732657993644949e-01) (4, 5.97341619046209637567e-01) (5, 5.41808113180536454756e-01) (6, -1.22883486192848012664e+00) (7, -5.09870351731095361458e+00) (8, 5.38637801692253836983e-01) (9, 2.71720692094813420780e+00) (10, -1.39654938395336469803e+00) 
