FANN_FLO_2.1
num_layers=3
learning_rate=0.700000
connection_rate=1.000000
network_type=0
learning_momentum=0.000000
training_algorithm=2
train_error_function=1
train_stop_function=1
cascade_output_change_fraction=0.010000
quickprop_decay=-0.000100
quickprop_mu=1.750000
rprop_increase_factor=1.200000
rprop_decrease_factor=0.500000
rprop_delta_min=0.000000
rprop_delta_max=50.000000
rprop_delta_zero=0.100000
cascade_output_stagnation_epochs=12
cascade_candidate_change_fraction=0.010000
cascade_candidate_stagnation_epochs=12
cascade_max_out_epochs=150
cascade_min_out_epochs=50
cascade_max_cand_epochs=150
cascade_min_cand_epochs=50
cascade_num_candidate_groups=2
bit_fail_limit=1.00000000000000005551e-01
cascade_candidate_limit=1.00000000000000000000e+03
cascade_weight_multiplier=4.00000000000000022204e-01
cascade_activation_functions_count=10
cascade_activation_functions=3 5 7 8 10 11 14 15 16 17 
cascade_activation_steepnesses_count=4
cascade_activation_steepnesses=2.50000000000000000000e-01 5.00000000000000000000e-01 7.50000000000000000000e-01 1.00000000000000000000e+00 
layer_sizes=11 4 2 
scale_included=0
neurons (num_inputs, activation_function, activation_steepness)=(0, 0, 0.00000000000000000000e+00) (0, 0, 0.00000000000000000000e+00) (0, 0, 0.00000000000000000000e+00) (0, 0, 0.00000000000000000000e+00) (0, 0, 0.00000000000000000000e+00) (0, 0, 0.00000000000000000000e+00) (0, 0, 0.00000000000000000000e+00) (0, 0, 0.00000000000000000000e+00) (0, 0, 0.00000000000000000000e+00) (0, 0, 0.00000000000000000000e+00) (0, 0, 0.00000000000000000000e+00) (11, 6, 5.00000000000000000000e-01) (11, 6, 5.00000000000000000000e-01) (11, 6, 5.00000000000000000000e-01) (0, 6, 0.00000000000000000000e+00) (4, 4, 5.00000000000000000000e-01) (0, 4, 0.00000000000000000000e+00) 
connections (connected_to_neuron, weight)=(0, -2.62908267027531472593e+00) (1, 2.50282117229344391873e+00) (2, 3.15201544485686491193e-01) (3, -6.44348561910884187753e-01) (4, -9.99604132102379194791e-01) (5, 3.58875779141157869034e-02) (6, 9.07490417022752104970e+00) (7, -8.87696767300186539984e-01) (8, -3.21946966186161254164e-02) (9, -7.08012942645635856564e-01) (10, -3.44074540209029722249e+00) (0, 7.01020669587818900936e+00) (1, -4.34130984827795618486e+00) (2, -3.46654656035946695525e+00) (3, -1.94813324395985620896e+00) (4, 2.70832038167211042179e+00) (5, -4.93707159604286260901e+00) (6, -4.10886593536506872226e+00) (7, 2.62853508870641183748e+00) (8, -5.48582752466974035710e-02) (9, -1.99148225511013121647e+00) (10, 6.48309604537744288422e+00) (0, -5.14591504376343822358e-01) (1, -1.25206171980970815127e+00) (2, 1.14469985135027343404e+01) (3, 1.16569764328000169407e+00) (4, 3.36265932292343222576e-02) (5, 1.60609472059556113166e+00) (6, 2.17988890161547477220e+00) (7, 3.62954106037540261132e-02) (8, -7.52682837412625531381e-03) (9, -2.82757488959917702154e-01) (10, -4.99594395599983087664e-01) (11, 3.30060471142936640021e+00) (12, -1.39104335525817191410e+02) (13, 8.53043966536957576352e-01) (14, -2.09204187007473851878e+00) 
