FANN_FLO_2.1
num_layers=3
learning_rate=0.700000
connection_rate=1.000000
network_type=0
learning_momentum=0.000000
training_algorithm=2
train_error_function=1
train_stop_function=1
cascade_output_change_fraction=0.010000
quickprop_decay=-0.000100
quickprop_mu=1.750000
rprop_increase_factor=1.200000
rprop_decrease_factor=0.500000
rprop_delta_min=0.000000
rprop_delta_max=50.000000
rprop_delta_zero=0.100000
cascade_output_stagnation_epochs=12
cascade_candidate_change_fraction=0.010000
cascade_candidate_stagnation_epochs=12
cascade_max_out_epochs=150
cascade_min_out_epochs=50
cascade_max_cand_epochs=150
cascade_min_cand_epochs=50
cascade_num_candidate_groups=2
bit_fail_limit=1.00000000000000005551e-01
cascade_candidate_limit=1.00000000000000000000e+03
cascade_weight_multiplier=4.00000000000000022204e-01
cascade_activation_functions_count=10
cascade_activation_functions=3 5 7 8 10 11 14 15 16 17 
cascade_activation_steepnesses_count=4
cascade_activation_steepnesses=2.50000000000000000000e-01 5.00000000000000000000e-01 7.50000000000000000000e-01 1.00000000000000000000e+00 
layer_sizes=9 4 2 
scale_included=0
neurons (num_inputs, activation_function, activation_steepness)=(0, 0, 0.00000000000000000000e+00) (0, 0, 0.00000000000000000000e+00) (0, 0, 0.00000000000000000000e+00) (0, 0, 0.00000000000000000000e+00) (0, 0, 0.00000000000000000000e+00) (0, 0, 0.00000000000000000000e+00) (0, 0, 0.00000000000000000000e+00) (0, 0, 0.00000000000000000000e+00) (0, 0, 0.00000000000000000000e+00) (9, 6, 5.00000000000000000000e-01) (9, 6, 5.00000000000000000000e-01) (9, 6, 5.00000000000000000000e-01) (0, 6, 0.00000000000000000000e+00) (4, 4, 5.00000000000000000000e-01) (0, 4, 0.00000000000000000000e+00) 
connections (connected_to_neuron, weight)=(0, -3.95236387117806564628e-01) (1, 1.80345771317108871656e+00) (2, -1.39658306684058597380e-01) (3, -4.09428363566049891009e-01) (4, -9.01654835146153410541e-02) (5, -2.00612933039768209786e-01) (6, 2.19428143257558688761e-01) (7, -3.28411977617180661504e-02) (8, -9.16921359372394190190e-02) (0, -2.67160189501330602724e+00) (1, 1.98973642137764206161e+00) (2, 1.46970907300363906600e+00) (3, 1.96125862766143721494e+00) (4, 1.26712198739042103401e-01) (5, 6.91689597109962917010e-01) (6, 6.55471989552189326922e-01) (7, -1.81863008373559464914e+00) (8, -2.27795359069783565076e+00) (0, -2.71132331691071737367e+00) (1, 2.22985920388527159020e+00) (2, 1.51174331158052810409e+00) (3, 1.71001470920945131127e+00) (4, -4.46617950916905065428e-02) (5, 7.49901787976433253924e-01) (6, 5.94737419525791621844e-01) (7, -2.00389653378308718601e+00) (8, -2.25748587722260873889e+00) (9, 1.21296408219859236377e-01) (10, 5.93779468201582716347e+00) (11, 5.90721386336272047402e+00) (12, -1.95942844655253711750e+00) 
