FANN_FLO_2.1
num_layers=3
learning_rate=0.700000
connection_rate=1.000000
network_type=0
learning_momentum=0.000000
training_algorithm=2
train_error_function=1
train_stop_function=1
cascade_output_change_fraction=0.010000
quickprop_decay=-0.000100
quickprop_mu=1.750000
rprop_increase_factor=1.200000
rprop_decrease_factor=0.500000
rprop_delta_min=0.000000
rprop_delta_max=50.000000
rprop_delta_zero=0.100000
cascade_output_stagnation_epochs=12
cascade_candidate_change_fraction=0.010000
cascade_candidate_stagnation_epochs=12
cascade_max_out_epochs=150
cascade_min_out_epochs=50
cascade_max_cand_epochs=150
cascade_min_cand_epochs=50
cascade_num_candidate_groups=2
bit_fail_limit=1.00000000000000005551e-01
cascade_candidate_limit=1.00000000000000000000e+03
cascade_weight_multiplier=4.00000000000000022204e-01
cascade_activation_functions_count=10
cascade_activation_functions=3 5 7 8 10 11 14 15 16 17 
cascade_activation_steepnesses_count=4
cascade_activation_steepnesses=2.50000000000000000000e-01 5.00000000000000000000e-01 7.50000000000000000000e-01 1.00000000000000000000e+00 
layer_sizes=8 4 2 
scale_included=0
neurons (num_inputs, activation_function, activation_steepness)=(0, 0, 0.00000000000000000000e+00) (0, 0, 0.00000000000000000000e+00) (0, 0, 0.00000000000000000000e+00) (0, 0, 0.00000000000000000000e+00) (0, 0, 0.00000000000000000000e+00) (0, 0, 0.00000000000000000000e+00) (0, 0, 0.00000000000000000000e+00) (0, 0, 0.00000000000000000000e+00) (8, 6, 5.00000000000000000000e-01) (8, 6, 5.00000000000000000000e-01) (8, 6, 5.00000000000000000000e-01) (0, 6, 0.00000000000000000000e+00) (4, 4, 5.00000000000000000000e-01) (0, 4, 0.00000000000000000000e+00) 
connections (connected_to_neuron, weight)=(0, 5.83763002097090866194e-01) (1, -5.21713086951115290191e-01) (2, -7.53382666190101704662e-03) (3, -5.20050945284528998158e-01) (4, 7.38896591043816819422e+00) (5, 1.37385408773934014626e+00) (6, 8.70515433004093397429e-01) (7, 4.06958146631201722609e-01) (0, -1.22389287843159322300e+00) (1, 1.71530298236489597841e+00) (2, 1.00950000593137723115e+00) (3, 2.03191959423073553737e+00) (4, 4.93370161498894361785e+01) (5, 7.48017646068639519008e-01) (6, -1.76022334193293161775e-01) (7, -1.81037475072335052317e+00) (0, 5.40626956760367538557e-01) (1, -5.65623389172890345122e-01) (2, 3.77130426637369009502e-02) (3, -4.50523051026029797139e-01) (4, 7.43184409118043198816e+00) (5, 1.39223093733107217140e+00) (6, 7.93426451137256849577e-01) (7, 4.93713943898161866652e-01) (8, -9.18534630969224941133e-01) (9, 1.30405258220560575921e+01) (10, -2.26459489725096929646e+00) (11, -1.97430116409065337102e+00) 
