FANN_FLO_2.1
num_layers=3
learning_rate=0.700000
connection_rate=1.000000
network_type=0
learning_momentum=0.000000
training_algorithm=2
train_error_function=1
train_stop_function=1
cascade_output_change_fraction=0.010000
quickprop_decay=-0.000100
quickprop_mu=1.750000
rprop_increase_factor=1.200000
rprop_decrease_factor=0.500000
rprop_delta_min=0.000000
rprop_delta_max=50.000000
rprop_delta_zero=0.100000
cascade_output_stagnation_epochs=12
cascade_candidate_change_fraction=0.010000
cascade_candidate_stagnation_epochs=12
cascade_max_out_epochs=150
cascade_min_out_epochs=50
cascade_max_cand_epochs=150
cascade_min_cand_epochs=50
cascade_num_candidate_groups=2
bit_fail_limit=1.00000000000000005551e-01
cascade_candidate_limit=1.00000000000000000000e+03
cascade_weight_multiplier=4.00000000000000022204e-01
cascade_activation_functions_count=10
cascade_activation_functions=3 5 7 8 10 11 14 15 16 17 
cascade_activation_steepnesses_count=4
cascade_activation_steepnesses=2.50000000000000000000e-01 5.00000000000000000000e-01 7.50000000000000000000e-01 1.00000000000000000000e+00 
layer_sizes=9 4 2 
scale_included=0
neurons (num_inputs, activation_function, activation_steepness)=(0, 0, 0.00000000000000000000e+00) (0, 0, 0.00000000000000000000e+00) (0, 0, 0.00000000000000000000e+00) (0, 0, 0.00000000000000000000e+00) (0, 0, 0.00000000000000000000e+00) (0, 0, 0.00000000000000000000e+00) (0, 0, 0.00000000000000000000e+00) (0, 0, 0.00000000000000000000e+00) (0, 0, 0.00000000000000000000e+00) (9, 6, 5.00000000000000000000e-01) (9, 6, 5.00000000000000000000e-01) (9, 6, 5.00000000000000000000e-01) (0, 6, 0.00000000000000000000e+00) (4, 4, 5.00000000000000000000e-01) (0, 4, 0.00000000000000000000e+00) 
connections (connected_to_neuron, weight)=(0, -3.71519222809134275209e+00) (1, 2.19388710162026834283e+00) (2, 1.62777221178375786081e+00) (3, 1.36909198783811314470e+00) (4, 9.92005397911296799007e-02) (5, -8.87278563985733126351e-01) (6, -1.57612326411636960444e+00) (7, -1.58922810522946011957e+00) (8, -1.67194874255093228754e+00) (0, -3.63187050772963315737e+00) (1, 2.18628957322223138604e+00) (2, 1.61030506318174904123e+00) (3, 1.43354181223090870745e+00) (4, 1.65636025869391800835e-01) (5, -8.21559719452766512582e-01) (6, -1.70997982887657773432e+00) (7, -1.70115269763501775202e+00) (8, -1.67787841750415456232e+00) (0, -4.90150424672385742753e+00) (1, 8.02264397760009462246e-01) (2, 2.12791037991606435398e+00) (3, 9.83736663952646250841e-01) (4, -4.97677057918835819006e-02) (5, -7.15242369122080612343e-01) (6, -2.14975843286586787428e+00) (7, -2.07724813079906489577e+00) (8, -2.38422530665953313900e-01) (9, 5.87685735555648403050e+00) (10, 5.87993450494765834691e+00) (11, 5.56218937925155976210e-01) (12, -6.50416579595794241975e-01) 
