FANN_FLO_2.1
num_layers=3
learning_rate=0.700000
connection_rate=1.000000
network_type=0
learning_momentum=0.000000
training_algorithm=2
train_error_function=1
train_stop_function=1
cascade_output_change_fraction=0.010000
quickprop_decay=-0.000100
quickprop_mu=1.750000
rprop_increase_factor=1.200000
rprop_decrease_factor=0.500000
rprop_delta_min=0.000000
rprop_delta_max=50.000000
rprop_delta_zero=0.100000
cascade_output_stagnation_epochs=12
cascade_candidate_change_fraction=0.010000
cascade_candidate_stagnation_epochs=12
cascade_max_out_epochs=150
cascade_min_out_epochs=50
cascade_max_cand_epochs=150
cascade_min_cand_epochs=50
cascade_num_candidate_groups=2
bit_fail_limit=1.00000000000000005551e-01
cascade_candidate_limit=1.00000000000000000000e+03
cascade_weight_multiplier=4.00000000000000022204e-01
cascade_activation_functions_count=10
cascade_activation_functions=3 5 7 8 10 11 14 15 16 17 
cascade_activation_steepnesses_count=4
cascade_activation_steepnesses=2.50000000000000000000e-01 5.00000000000000000000e-01 7.50000000000000000000e-01 1.00000000000000000000e+00 
layer_sizes=12 4 2 
scale_included=0
neurons (num_inputs, activation_function, activation_steepness)=(0, 0, 0.00000000000000000000e+00) (0, 0, 0.00000000000000000000e+00) (0, 0, 0.00000000000000000000e+00) (0, 0, 0.00000000000000000000e+00) (0, 0, 0.00000000000000000000e+00) (0, 0, 0.00000000000000000000e+00) (0, 0, 0.00000000000000000000e+00) (0, 0, 0.00000000000000000000e+00) (0, 0, 0.00000000000000000000e+00) (0, 0, 0.00000000000000000000e+00) (0, 0, 0.00000000000000000000e+00) (0, 0, 0.00000000000000000000e+00) (12, 6, 5.00000000000000000000e-01) (12, 6, 5.00000000000000000000e-01) (12, 6, 5.00000000000000000000e-01) (0, 6, 0.00000000000000000000e+00) (4, 4, 5.00000000000000000000e-01) (0, 4, 0.00000000000000000000e+00) 
connections (connected_to_neuron, weight)=(0, -5.00219935142203286915e+00) (1, 9.63586379677923710041e-01) (2, 8.88739262004391905592e-01) (3, -1.23622389183825787118e-01) (4, 2.46464509839711665151e+00) (5, 2.92972604337440278854e+00) (6, 1.31208233998400358722e+00) (7, 2.77887248502834249830e-01) (8, 1.21318011236072531567e+00) (9, 2.12668268231471913055e+00) (10, 1.48144496859731988891e+00) (11, -6.69365596103197013633e-01) (0, -6.02235043838870875987e+00) (1, 7.68742933531709526918e-01) (2, -4.88029315473888225529e-03) (3, 5.54857434827395051835e-02) (4, 2.67186745888526022696e+00) (5, 3.17560687099128724498e+00) (6, 1.36313352239500229501e+00) (7, 5.37221024461365326275e-01) (8, 6.89536779821842937821e+00) (9, 5.79110260338238891364e+00) (10, 2.46846263243201402560e+00) (11, -3.88316533366394878168e-01) (0, -1.15215837788737349712e+01) (1, 2.09511663093071121011e+00) (2, 1.07705849515691132190e+00) (3, 5.90487393575226445636e-03) (4, 1.15528405110887177898e+00) (5, 1.21382743109027502193e+00) (6, 1.16638229096487044956e+00) (7, 2.05911503814898599884e+00) (8, 1.92927944376990634368e+00) (9, 4.40325675623807533121e-01) (10, 3.42165996685024176305e-01) (11, -9.81899962361221345652e-01) (12, 4.36862598417563940956e+00) (13, 2.50135344741694121140e+00) (14, 1.02431809519340255576e+01) (15, -3.38979897692519926977e+00) 
