FANN_FLO_2.1
num_layers=3
learning_rate=0.700000
connection_rate=1.000000
network_type=0
learning_momentum=0.000000
training_algorithm=2
train_error_function=1
train_stop_function=1
cascade_output_change_fraction=0.010000
quickprop_decay=-0.000100
quickprop_mu=1.750000
rprop_increase_factor=1.200000
rprop_decrease_factor=0.500000
rprop_delta_min=0.000000
rprop_delta_max=50.000000
rprop_delta_zero=0.100000
cascade_output_stagnation_epochs=12
cascade_candidate_change_fraction=0.010000
cascade_candidate_stagnation_epochs=12
cascade_max_out_epochs=150
cascade_min_out_epochs=50
cascade_max_cand_epochs=150
cascade_min_cand_epochs=50
cascade_num_candidate_groups=2
bit_fail_limit=1.00000000000000005551e-01
cascade_candidate_limit=1.00000000000000000000e+03
cascade_weight_multiplier=4.00000000000000022204e-01
cascade_activation_functions_count=10
cascade_activation_functions=3 5 7 8 10 11 14 15 16 17 
cascade_activation_steepnesses_count=4
cascade_activation_steepnesses=2.50000000000000000000e-01 5.00000000000000000000e-01 7.50000000000000000000e-01 1.00000000000000000000e+00 
layer_sizes=6 4 2 
scale_included=0
neurons (num_inputs, activation_function, activation_steepness)=(0, 0, 0.00000000000000000000e+00) (0, 0, 0.00000000000000000000e+00) (0, 0, 0.00000000000000000000e+00) (0, 0, 0.00000000000000000000e+00) (0, 0, 0.00000000000000000000e+00) (0, 0, 0.00000000000000000000e+00) (6, 6, 5.00000000000000000000e-01) (6, 6, 5.00000000000000000000e-01) (6, 6, 5.00000000000000000000e-01) (0, 6, 0.00000000000000000000e+00) (4, 4, 5.00000000000000000000e-01) (0, 4, 0.00000000000000000000e+00) 
connections (connected_to_neuron, weight)=(0, 3.56005205980433281354e-01) (1, 3.66167701727748839957e+00) (2, 3.91703431410770075427e-01) (3, 4.37511716454693291856e-02) (4, 3.45386448726605044257e+00) (5, -2.64148200095569829493e-01) (0, -6.87044406070740354409e+00) (1, -6.69647257852482091778e+00) (2, 1.29372435431770993475e+00) (3, 1.92969328494074132685e+00) (4, -3.65948388736759699924e+00) (5, 6.94949974285925797801e+00) (0, -1.24409345150131311897e+00) (1, -4.87413175344917071197e-01) (2, 3.66250707324735691461e-01) (3, 4.14306952029424635509e-01) (4, -2.74154406850806331430e-01) (5, 3.08151476397887646996e-01) (6, 1.01444415086574180052e+00) (7, -6.77320115811627800895e+01) (8, -9.36655357531465337928e-01) (9, -2.04999004062265877124e+00) 
