FANN_FLO_2.1
num_layers=3
learning_rate=0.700000
connection_rate=1.000000
network_type=0
learning_momentum=0.000000
training_algorithm=2
train_error_function=1
train_stop_function=1
cascade_output_change_fraction=0.010000
quickprop_decay=-0.000100
quickprop_mu=1.750000
rprop_increase_factor=1.200000
rprop_decrease_factor=0.500000
rprop_delta_min=0.000000
rprop_delta_max=50.000000
rprop_delta_zero=0.100000
cascade_output_stagnation_epochs=12
cascade_candidate_change_fraction=0.010000
cascade_candidate_stagnation_epochs=12
cascade_max_out_epochs=150
cascade_min_out_epochs=50
cascade_max_cand_epochs=150
cascade_min_cand_epochs=50
cascade_num_candidate_groups=2
bit_fail_limit=1.00000000000000005551e-01
cascade_candidate_limit=1.00000000000000000000e+03
cascade_weight_multiplier=4.00000000000000022204e-01
cascade_activation_functions_count=10
cascade_activation_functions=3 5 7 8 10 11 14 15 16 17 
cascade_activation_steepnesses_count=4
cascade_activation_steepnesses=2.50000000000000000000e-01 5.00000000000000000000e-01 7.50000000000000000000e-01 1.00000000000000000000e+00 
layer_sizes=15 4 2 
scale_included=0
neurons (num_inputs, activation_function, activation_steepness)=(0, 0, 0.00000000000000000000e+00) (0, 0, 0.00000000000000000000e+00) (0, 0, 0.00000000000000000000e+00) (0, 0, 0.00000000000000000000e+00) (0, 0, 0.00000000000000000000e+00) (0, 0, 0.00000000000000000000e+00) (0, 0, 0.00000000000000000000e+00) (0, 0, 0.00000000000000000000e+00) (0, 0, 0.00000000000000000000e+00) (0, 0, 0.00000000000000000000e+00) (0, 0, 0.00000000000000000000e+00) (0, 0, 0.00000000000000000000e+00) (0, 0, 0.00000000000000000000e+00) (0, 0, 0.00000000000000000000e+00) (0, 0, 0.00000000000000000000e+00) (15, 6, 5.00000000000000000000e-01) (15, 6, 5.00000000000000000000e-01) (15, 6, 5.00000000000000000000e-01) (0, 6, 0.00000000000000000000e+00) (4, 4, 5.00000000000000000000e-01) (0, 4, 0.00000000000000000000e+00) 
connections (connected_to_neuron, weight)=(0, -3.32624122523890974890e+00) (1, 2.29401142422612913663e+00) (2, 4.29193827545481010333e+00) (3, 1.64285579910703194439e-01) (4, -1.03075323356170955869e+00) (5, -3.00219255682471153346e-01) (6, 2.84264791924762449948e-01) (7, 3.04213478185966001988e+00) (8, -4.45940776501097813078e-01) (9, -1.04627874036257240142e+00) (10, 2.32779631324593916375e+00) (11, -3.72244145984303442809e-01) (12, 4.05927944251148531407e-01) (13, 9.02264217962617937063e-02) (14, -3.77234090552367273830e+00) (0, -2.27182184244819201924e-02) (1, 9.41764822181634264631e-01) (2, 6.08124420931703268955e-01) (3, -2.59964052989364313717e-01) (4, -5.64402912593091943272e-01) (5, -4.75103653854469620832e-01) (6, 1.34640560586510915630e-01) (7, 3.87515788630609869791e-01) (8, 2.40046294899602580264e-01) (9, -4.52411848394012383601e-01) (10, 2.76513998305441877079e-01) (11, -1.30416562145793391014e-01) (12, 1.69823530364856811747e-02) (13, 2.02210006834164429668e-01) (14, 3.32246877352664268801e-02) (0, -1.58897216961535442392e-01) (1, 3.92471623616696130288e-01) (2, 3.82657376750742495020e+00) (3, 2.37725684461944336556e-01) (4, 2.52808932295476296304e-01) (5, 3.55357371752603734549e-02) (6, 4.89175003278383535577e-01) (7, -1.16400380439951461886e-01) (8, 1.26436670386330551885e+00) (9, 3.17156093237750735803e-01) (10, 5.00662550907152059665e-01) (11, 2.10425408673799788084e-02) (12, -2.91713852002918994089e-01) (13, -5.77783608447316354706e-01) (14, -1.26678281236590439818e+00) (15, 1.01633430027862246448e+02) (16, 2.63222295601845734936e-01) (17, 1.35514443050771351551e+01) (18, -1.31075739798919777002e+00) 
