FANN_FLO_2.1
num_layers=3
learning_rate=0.700000
connection_rate=1.000000
network_type=0
learning_momentum=0.000000
training_algorithm=2
train_error_function=1
train_stop_function=1
cascade_output_change_fraction=0.010000
quickprop_decay=-0.000100
quickprop_mu=1.750000
rprop_increase_factor=1.200000
rprop_decrease_factor=0.500000
rprop_delta_min=0.000000
rprop_delta_max=50.000000
rprop_delta_zero=0.100000
cascade_output_stagnation_epochs=12
cascade_candidate_change_fraction=0.010000
cascade_candidate_stagnation_epochs=12
cascade_max_out_epochs=150
cascade_min_out_epochs=50
cascade_max_cand_epochs=150
cascade_min_cand_epochs=50
cascade_num_candidate_groups=2
bit_fail_limit=1.00000000000000005551e-01
cascade_candidate_limit=1.00000000000000000000e+03
cascade_weight_multiplier=4.00000000000000022204e-01
cascade_activation_functions_count=10
cascade_activation_functions=3 5 7 8 10 11 14 15 16 17 
cascade_activation_steepnesses_count=4
cascade_activation_steepnesses=2.50000000000000000000e-01 5.00000000000000000000e-01 7.50000000000000000000e-01 1.00000000000000000000e+00 
layer_sizes=10 4 2 
scale_included=0
neurons (num_inputs, activation_function, activation_steepness)=(0, 0, 0.00000000000000000000e+00) (0, 0, 0.00000000000000000000e+00) (0, 0, 0.00000000000000000000e+00) (0, 0, 0.00000000000000000000e+00) (0, 0, 0.00000000000000000000e+00) (0, 0, 0.00000000000000000000e+00) (0, 0, 0.00000000000000000000e+00) (0, 0, 0.00000000000000000000e+00) (0, 0, 0.00000000000000000000e+00) (0, 0, 0.00000000000000000000e+00) (10, 6, 5.00000000000000000000e-01) (10, 6, 5.00000000000000000000e-01) (10, 6, 5.00000000000000000000e-01) (0, 6, 0.00000000000000000000e+00) (4, 4, 5.00000000000000000000e-01) (0, 4, 0.00000000000000000000e+00) 
connections (connected_to_neuron, weight)=(0, -1.90070462582994925693e-01) (1, 4.33152968967845664050e-01) (2, 5.41013836708302275902e-02) (3, 3.31224136302546989796e-02) (4, 1.65408531303696870740e-01) (5, 2.37193929131322200909e-01) (6, 4.33104629600932822253e-01) (7, 5.22381074974612724660e-02) (8, 1.06082337076955121602e-01) (9, 1.95168087358765840467e-01) (0, -7.94729738649139649809e-01) (1, 1.01705615567804397159e+00) (2, 9.13394390967635638745e-01) (3, -2.25956375860300595626e-03) (4, -3.86096168806473669100e-02) (5, -1.15024008279077230577e-01) (6, 9.47422560032616267733e-01) (7, -2.41255053427132659660e-02) (8, 4.81514255950530323247e-02) (9, 4.77851401517470630864e-02) (0, 1.84691307497944934291e+00) (1, -5.90263824900116595984e+00) (2, 4.17644943830063675172e-01) (3, 6.67908937112386191792e-01) (4, 1.05124180201918226985e+00) (5, 1.10359465513855559138e+00) (6, -5.90472003062691364050e+00) (7, 7.22251728550488913960e-01) (8, 9.97988661718669956002e-01) (9, 1.11330146525532347468e+00) (10, 1.19110928948216718282e-01) (11, 3.84404294708659666213e-01) (12, -5.84867505719389590979e+00) (13, -1.06653584208117946375e+00) 
