FANN_FLO_2.1
num_layers=3
learning_rate=0.700000
connection_rate=1.000000
network_type=0
learning_momentum=0.000000
training_algorithm=2
train_error_function=1
train_stop_function=1
cascade_output_change_fraction=0.010000
quickprop_decay=-0.000100
quickprop_mu=1.750000
rprop_increase_factor=1.200000
rprop_decrease_factor=0.500000
rprop_delta_min=0.000000
rprop_delta_max=50.000000
rprop_delta_zero=0.100000
cascade_output_stagnation_epochs=12
cascade_candidate_change_fraction=0.010000
cascade_candidate_stagnation_epochs=12
cascade_max_out_epochs=150
cascade_min_out_epochs=50
cascade_max_cand_epochs=150
cascade_min_cand_epochs=50
cascade_num_candidate_groups=2
bit_fail_limit=1.00000000000000005551e-01
cascade_candidate_limit=1.00000000000000000000e+03
cascade_weight_multiplier=4.00000000000000022204e-01
cascade_activation_functions_count=10
cascade_activation_functions=3 5 7 8 10 11 14 15 16 17 
cascade_activation_steepnesses_count=4
cascade_activation_steepnesses=2.50000000000000000000e-01 5.00000000000000000000e-01 7.50000000000000000000e-01 1.00000000000000000000e+00 
layer_sizes=15 4 2 
scale_included=0
neurons (num_inputs, activation_function, activation_steepness)=(0, 0, 0.00000000000000000000e+00) (0, 0, 0.00000000000000000000e+00) (0, 0, 0.00000000000000000000e+00) (0, 0, 0.00000000000000000000e+00) (0, 0, 0.00000000000000000000e+00) (0, 0, 0.00000000000000000000e+00) (0, 0, 0.00000000000000000000e+00) (0, 0, 0.00000000000000000000e+00) (0, 0, 0.00000000000000000000e+00) (0, 0, 0.00000000000000000000e+00) (0, 0, 0.00000000000000000000e+00) (0, 0, 0.00000000000000000000e+00) (0, 0, 0.00000000000000000000e+00) (0, 0, 0.00000000000000000000e+00) (0, 0, 0.00000000000000000000e+00) (15, 6, 5.00000000000000000000e-01) (15, 6, 5.00000000000000000000e-01) (15, 6, 5.00000000000000000000e-01) (0, 6, 0.00000000000000000000e+00) (4, 4, 5.00000000000000000000e-01) (0, 4, 0.00000000000000000000e+00) 
connections (connected_to_neuron, weight)=(0, -5.00873878441254749561e-01) (1, -8.20115347767605085139e-01) (2, -1.13663793615723562880e+00) (3, 9.30428191989076758261e+00) (4, -2.30632230299743001822e-01) (5, -1.27348456139752208571e-01) (6, -3.41292516914975196940e-01) (7, -3.99646436226078094478e-01) (8, -4.92491838101546786088e-01) (9, -3.26797545247745124808e-01) (10, -1.37921181291235872557e+00) (11, -1.80039087319448259938e-01) (12, -2.49494617921428174512e+00) (13, -3.97689604222592751892e-01) (14, -9.54668486705726571095e-01) (0, 2.80174004176973534541e+00) (1, -3.56607504643283013124e+00) (2, -9.28007110959246789283e-04) (3, -3.94702395310086462388e+00) (4, 7.33536397758104863343e-01) (5, 7.91986453490107322750e-01) (6, 6.16858557043619804006e-01) (7, 2.70383241781920347080e+00) (8, 2.64380316735370701764e+00) (9, 7.19505994309416863075e-01) (10, -3.06530856923653605151e+00) (11, 6.69557511983462028127e-01) (12, -2.93293326462441727998e+00) (13, 6.75299898963946265695e-01) (14, 3.55132626614082314020e+00) (0, 2.85021370418346453590e+00) (1, -6.79628882541850387611e+00) (2, -1.36220924415675193053e+00) (3, 3.93761454168283620003e-01) (4, 1.29566398022268858270e+00) (5, 1.33900695296118321664e+00) (6, 2.23363376056715701168e+00) (7, 1.54063223019890793708e+00) (8, 2.26038692841209343243e+00) (9, 1.69822359113139720321e+00) (10, 3.42841351286985984714e+00) (11, 2.33673557911109952556e+00) (12, -8.68055130334559166272e+00) (13, 1.40203861676731511565e+00) (14, 3.16127322188552728477e+00) (15, 1.16332479327833411276e+01) (16, -2.12280780761168621495e+01) (17, -2.82333564177676388240e+00) (18, -1.09834528439167389280e+00) 
