FANN_FLO_2.1
num_layers=3
learning_rate=0.700000
connection_rate=1.000000
network_type=0
learning_momentum=0.000000
training_algorithm=2
train_error_function=1
train_stop_function=1
cascade_output_change_fraction=0.010000
quickprop_decay=-0.000100
quickprop_mu=1.750000
rprop_increase_factor=1.200000
rprop_decrease_factor=0.500000
rprop_delta_min=0.000000
rprop_delta_max=50.000000
rprop_delta_zero=0.100000
cascade_output_stagnation_epochs=12
cascade_candidate_change_fraction=0.010000
cascade_candidate_stagnation_epochs=12
cascade_max_out_epochs=150
cascade_min_out_epochs=50
cascade_max_cand_epochs=150
cascade_min_cand_epochs=50
cascade_num_candidate_groups=2
bit_fail_limit=1.00000000000000005551e-01
cascade_candidate_limit=1.00000000000000000000e+03
cascade_weight_multiplier=4.00000000000000022204e-01
cascade_activation_functions_count=10
cascade_activation_functions=3 5 7 8 10 11 14 15 16 17 
cascade_activation_steepnesses_count=4
cascade_activation_steepnesses=2.50000000000000000000e-01 5.00000000000000000000e-01 7.50000000000000000000e-01 1.00000000000000000000e+00 
layer_sizes=11 4 2 
scale_included=0
neurons (num_inputs, activation_function, activation_steepness)=(0, 0, 0.00000000000000000000e+00) (0, 0, 0.00000000000000000000e+00) (0, 0, 0.00000000000000000000e+00) (0, 0, 0.00000000000000000000e+00) (0, 0, 0.00000000000000000000e+00) (0, 0, 0.00000000000000000000e+00) (0, 0, 0.00000000000000000000e+00) (0, 0, 0.00000000000000000000e+00) (0, 0, 0.00000000000000000000e+00) (0, 0, 0.00000000000000000000e+00) (0, 0, 0.00000000000000000000e+00) (11, 6, 5.00000000000000000000e-01) (11, 6, 5.00000000000000000000e-01) (11, 6, 5.00000000000000000000e-01) (0, 6, 0.00000000000000000000e+00) (4, 4, 5.00000000000000000000e-01) (0, 4, 0.00000000000000000000e+00) 
connections (connected_to_neuron, weight)=(0, -3.71522470007543681447e-01) (1, 6.07560337502366154538e-01) (2, 4.82934099286205342771e-01) (3, -3.98919514740664615804e-02) (4, 1.10148723758604211165e-01) (5, -2.56495988093370166916e-02) (6, 2.62452745713239801728e-02) (7, -7.77510892973879153001e-02) (8, -4.10416689144113971954e-02) (9, -3.59767418728807880646e-02) (10, 1.02473716772939843489e-01) (0, -1.26304515131439543119e+00) (1, 7.17416682593231591625e+00) (2, 1.51504520092520938990e-01) (3, -4.18393738741568710360e-02) (4, -1.37849327229585028043e+00) (5, -4.54260457213615631566e-01) (6, -3.19229990150427078710e-01) (7, -4.59906671102737640844e-01) (8, -7.94675136995873554469e-01) (9, -1.40645493992294645658e+00) (10, -1.41760196217026090970e+00) (0, -9.86996317108779663840e-01) (1, 1.17258354868522274295e+00) (2, 6.01979137073075154518e-01) (3, 1.32169149724390949663e-01) (4, -1.54823197992896427477e-01) (5, -2.67851580308416728493e-02) (6, 8.26415527237912839187e-02) (7, -5.72182750426286704237e-02) (8, -1.28356705429410328234e-01) (9, -5.41525026880258358863e-02) (10, -1.63543736659044133819e-02) (11, 6.32990855349561398757e-02) (12, 7.16469782344704064769e+00) (13, 2.05172998353699287399e-01) (14, -1.33979107119764662137e+00) 
