FANN_FLO_2.1
num_layers=3
learning_rate=0.700000
connection_rate=1.000000
network_type=0
learning_momentum=0.000000
training_algorithm=2
train_error_function=1
train_stop_function=1
cascade_output_change_fraction=0.010000
quickprop_decay=-0.000100
quickprop_mu=1.750000
rprop_increase_factor=1.200000
rprop_decrease_factor=0.500000
rprop_delta_min=0.000000
rprop_delta_max=50.000000
rprop_delta_zero=0.100000
cascade_output_stagnation_epochs=12
cascade_candidate_change_fraction=0.010000
cascade_candidate_stagnation_epochs=12
cascade_max_out_epochs=150
cascade_min_out_epochs=50
cascade_max_cand_epochs=150
cascade_min_cand_epochs=50
cascade_num_candidate_groups=2
bit_fail_limit=1.00000000000000005551e-01
cascade_candidate_limit=1.00000000000000000000e+03
cascade_weight_multiplier=4.00000000000000022204e-01
cascade_activation_functions_count=10
cascade_activation_functions=3 5 7 8 10 11 14 15 16 17 
cascade_activation_steepnesses_count=4
cascade_activation_steepnesses=2.50000000000000000000e-01 5.00000000000000000000e-01 7.50000000000000000000e-01 1.00000000000000000000e+00 
layer_sizes=15 4 2 
scale_included=0
neurons (num_inputs, activation_function, activation_steepness)=(0, 0, 0.00000000000000000000e+00) (0, 0, 0.00000000000000000000e+00) (0, 0, 0.00000000000000000000e+00) (0, 0, 0.00000000000000000000e+00) (0, 0, 0.00000000000000000000e+00) (0, 0, 0.00000000000000000000e+00) (0, 0, 0.00000000000000000000e+00) (0, 0, 0.00000000000000000000e+00) (0, 0, 0.00000000000000000000e+00) (0, 0, 0.00000000000000000000e+00) (0, 0, 0.00000000000000000000e+00) (0, 0, 0.00000000000000000000e+00) (0, 0, 0.00000000000000000000e+00) (0, 0, 0.00000000000000000000e+00) (0, 0, 0.00000000000000000000e+00) (15, 6, 5.00000000000000000000e-01) (15, 6, 5.00000000000000000000e-01) (15, 6, 5.00000000000000000000e-01) (0, 6, 0.00000000000000000000e+00) (4, 4, 5.00000000000000000000e-01) (0, 4, 0.00000000000000000000e+00) 
connections (connected_to_neuron, weight)=(0, -7.99715051925459219362e-01) (1, 4.37104304353153860774e+00) (2, 5.65985298264011782443e-01) (3, -5.38283553138888426481e-01) (4, -3.05757916319825739926e-01) (5, -5.09842064396060057341e-01) (6, 4.54139732787764227595e+00) (7, 6.06381141712905580299e-03) (8, -9.07247355113530384862e-01) (9, 1.32697186022931812310e+00) (10, -1.72733903617110740036e+00) (11, -1.63069415033307563156e+00) (12, 1.73310023644636279627e+00) (13, -4.83056566472603865492e-01) (14, -1.86950836918070711912e-01) (0, -9.90618705892840289984e-01) (1, 1.05913430026934118899e+01) (2, 8.61236609335251812603e-01) (3, -5.56707830952024473881e-01) (4, -1.73610883444298813583e-01) (5, -1.42117075929759972830e+00) (6, 1.04461667633817167911e+01) (7, -1.16820821295317317512e-01) (8, -6.20114504060186089163e-01) (9, 2.24477441856170889523e+00) (10, -1.88920270370688991868e+00) (11, -4.22046572384447493675e+00) (12, 1.97713622754882023536e+00) (13, -1.30185806136056214655e+00) (14, -5.85479871033789067702e-01) (0, 2.79270662511792097660e-02) (1, 6.72243485661107031959e-01) (2, 3.15187939267030148294e-01) (3, 6.66716533236506037063e-02) (4, 1.64113363855362154320e-01) (5, 1.30635468893528200462e-01) (6, 8.07925122292595832008e-01) (7, 6.20309347634819888140e-02) (8, -1.45302424943721392170e-02) (9, 2.05715625627684806087e-01) (10, -8.06181582962690879146e-02) (11, -8.58160409485518027584e-02) (12, 1.30282301032363689863e+00) (13, -5.81501412234860404205e-01) (14, -1.92603768291191440598e-01) (15, 3.14569801525247338958e+00) (16, 1.05462612233326407107e+01) (17, 7.25062010434260328928e-01) (18, -1.09445069495462288245e+00) 
