FANN_FLO_2.1
num_layers=3
learning_rate=0.700000
connection_rate=1.000000
network_type=0
learning_momentum=0.000000
training_algorithm=2
train_error_function=1
train_stop_function=1
cascade_output_change_fraction=0.010000
quickprop_decay=-0.000100
quickprop_mu=1.750000
rprop_increase_factor=1.200000
rprop_decrease_factor=0.500000
rprop_delta_min=0.000000
rprop_delta_max=50.000000
rprop_delta_zero=0.100000
cascade_output_stagnation_epochs=12
cascade_candidate_change_fraction=0.010000
cascade_candidate_stagnation_epochs=12
cascade_max_out_epochs=150
cascade_min_out_epochs=50
cascade_max_cand_epochs=150
cascade_min_cand_epochs=50
cascade_num_candidate_groups=2
bit_fail_limit=1.00000000000000005551e-01
cascade_candidate_limit=1.00000000000000000000e+03
cascade_weight_multiplier=4.00000000000000022204e-01
cascade_activation_functions_count=10
cascade_activation_functions=3 5 7 8 10 11 14 15 16 17 
cascade_activation_steepnesses_count=4
cascade_activation_steepnesses=2.50000000000000000000e-01 5.00000000000000000000e-01 7.50000000000000000000e-01 1.00000000000000000000e+00 
layer_sizes=6 4 2 
scale_included=0
neurons (num_inputs, activation_function, activation_steepness)=(0, 0, 0.00000000000000000000e+00) (0, 0, 0.00000000000000000000e+00) (0, 0, 0.00000000000000000000e+00) (0, 0, 0.00000000000000000000e+00) (0, 0, 0.00000000000000000000e+00) (0, 0, 0.00000000000000000000e+00) (6, 6, 5.00000000000000000000e-01) (6, 6, 5.00000000000000000000e-01) (6, 6, 5.00000000000000000000e-01) (0, 6, 0.00000000000000000000e+00) (4, 4, 5.00000000000000000000e-01) (0, 4, 0.00000000000000000000e+00) 
connections (connected_to_neuron, weight)=(0, -5.93145249746433300686e+00) (1, -4.90645378089031680702e+00) (2, -9.81336553911921760651e-01) (3, 1.81948725799732469177e+00) (4, -3.36692726706791001234e+00) (5, 6.20656472264661385196e+00) (0, -3.17953970366684324222e-01) (1, -6.05041248378050733336e-01) (2, -1.23164572524557369704e-01) (3, 8.31429093232032567773e-02) (4, -4.17286580396720008235e-01) (5, 2.12366760027065837324e-01) (0, 2.76668457848677329380e+00) (1, 2.28524895514577597311e+00) (2, 4.55202791747761001395e-02) (3, -1.87172955651178685166e+00) (4, 8.61800076598094988434e-01) (5, -2.26080727082440224862e+00) (6, -8.61109554468852138598e+01) (7, -2.06340844153762914548e-01) (8, 3.99485909919559034620e+01) (9, -1.62089882458743805849e+00) 
