FANN_FLO_2.1
num_layers=3
learning_rate=0.700000
connection_rate=1.000000
network_type=0
learning_momentum=0.000000
training_algorithm=2
train_error_function=1
train_stop_function=1
cascade_output_change_fraction=0.010000
quickprop_decay=-0.000100
quickprop_mu=1.750000
rprop_increase_factor=1.200000
rprop_decrease_factor=0.500000
rprop_delta_min=0.000000
rprop_delta_max=50.000000
rprop_delta_zero=0.100000
cascade_output_stagnation_epochs=12
cascade_candidate_change_fraction=0.010000
cascade_candidate_stagnation_epochs=12
cascade_max_out_epochs=150
cascade_min_out_epochs=50
cascade_max_cand_epochs=150
cascade_min_cand_epochs=50
cascade_num_candidate_groups=2
bit_fail_limit=1.00000000000000005551e-01
cascade_candidate_limit=1.00000000000000000000e+03
cascade_weight_multiplier=4.00000000000000022204e-01
cascade_activation_functions_count=10
cascade_activation_functions=3 5 7 8 10 11 14 15 16 17 
cascade_activation_steepnesses_count=4
cascade_activation_steepnesses=2.50000000000000000000e-01 5.00000000000000000000e-01 7.50000000000000000000e-01 1.00000000000000000000e+00 
layer_sizes=14 4 2 
scale_included=0
neurons (num_inputs, activation_function, activation_steepness)=(0, 0, 0.00000000000000000000e+00) (0, 0, 0.00000000000000000000e+00) (0, 0, 0.00000000000000000000e+00) (0, 0, 0.00000000000000000000e+00) (0, 0, 0.00000000000000000000e+00) (0, 0, 0.00000000000000000000e+00) (0, 0, 0.00000000000000000000e+00) (0, 0, 0.00000000000000000000e+00) (0, 0, 0.00000000000000000000e+00) (0, 0, 0.00000000000000000000e+00) (0, 0, 0.00000000000000000000e+00) (0, 0, 0.00000000000000000000e+00) (0, 0, 0.00000000000000000000e+00) (0, 0, 0.00000000000000000000e+00) (14, 6, 5.00000000000000000000e-01) (14, 6, 5.00000000000000000000e-01) (14, 6, 5.00000000000000000000e-01) (0, 6, 0.00000000000000000000e+00) (4, 4, 5.00000000000000000000e-01) (0, 4, 0.00000000000000000000e+00) 
connections (connected_to_neuron, weight)=(0, -3.51786410548092093320e-02) (1, 6.94877090633648220042e-01) (2, 4.32932937815058094255e-01) (3, 5.70139899279503925555e-01) (4, 5.85285223699818946130e-01) (5, 8.72833407443010078630e-01) (6, 2.27187129778485236153e-01) (7, 2.56086462283183280420e+01) (8, 1.07161450262744345485e-01) (9, 1.49613214423705842560e-01) (10, 4.29358516823105662574e-01) (11, 3.82489853541903346290e-01) (12, 3.49924501966290324440e-01) (13, -7.73047341145874367108e-02) (0, -1.95090994438066633876e+00) (1, 1.50816825415392830045e+00) (2, 2.05784746337538893002e+00) (3, 2.62028775160530269517e+00) (4, 1.64092650680230156546e+00) (5, 4.62117100739815322985e-01) (6, -3.22799067593416866284e-01) (7, 3.44771775182122382830e+02) (8, -5.56208532000685762497e-01) (9, 7.30837098950569918898e-01) (10, 8.89409463549082346390e-01) (11, 4.11740580008446155347e-01) (12, 4.57805582688270984448e-01) (13, -1.88347547700538830995e+00) (0, -2.30595432548511025672e+00) (1, 1.98427583005716412501e+00) (2, 1.35467764281850855390e+00) (3, 2.55979484116056621446e+00) (4, 1.91251770759027595048e+00) (5, 1.71266329706116549048e+00) (6, -4.95745040712881612777e-01) (7, 3.44824437644118461321e+02) (8, -5.49192201043273042771e-01) (9, 7.55460712755148700026e-01) (10, 8.88495023990099497269e-01) (11, 3.66587759361683307446e-01) (12, 4.47797404036938129224e-01) (13, -2.44118033090184338718e+00) (14, 2.50013778806321917969e-01) (15, 2.64985900313341948831e+00) (16, 1.34212749242664592941e+01) (17, -1.80085893731074686563e+00) 
