FANN_FLO_2.1
num_layers=3
learning_rate=0.700000
connection_rate=1.000000
network_type=0
learning_momentum=0.000000
training_algorithm=2
train_error_function=1
train_stop_function=1
cascade_output_change_fraction=0.010000
quickprop_decay=-0.000100
quickprop_mu=1.750000
rprop_increase_factor=1.200000
rprop_decrease_factor=0.500000
rprop_delta_min=0.000000
rprop_delta_max=50.000000
rprop_delta_zero=0.100000
cascade_output_stagnation_epochs=12
cascade_candidate_change_fraction=0.010000
cascade_candidate_stagnation_epochs=12
cascade_max_out_epochs=150
cascade_min_out_epochs=50
cascade_max_cand_epochs=150
cascade_min_cand_epochs=50
cascade_num_candidate_groups=2
bit_fail_limit=1.00000000000000005551e-01
cascade_candidate_limit=1.00000000000000000000e+03
cascade_weight_multiplier=4.00000000000000022204e-01
cascade_activation_functions_count=10
cascade_activation_functions=3 5 7 8 10 11 14 15 16 17 
cascade_activation_steepnesses_count=4
cascade_activation_steepnesses=2.50000000000000000000e-01 5.00000000000000000000e-01 7.50000000000000000000e-01 1.00000000000000000000e+00 
layer_sizes=17 4 2 
scale_included=0
neurons (num_inputs, activation_function, activation_steepness)=(0, 0, 0.00000000000000000000e+00) (0, 0, 0.00000000000000000000e+00) (0, 0, 0.00000000000000000000e+00) (0, 0, 0.00000000000000000000e+00) (0, 0, 0.00000000000000000000e+00) (0, 0, 0.00000000000000000000e+00) (0, 0, 0.00000000000000000000e+00) (0, 0, 0.00000000000000000000e+00) (0, 0, 0.00000000000000000000e+00) (0, 0, 0.00000000000000000000e+00) (0, 0, 0.00000000000000000000e+00) (0, 0, 0.00000000000000000000e+00) (0, 0, 0.00000000000000000000e+00) (0, 0, 0.00000000000000000000e+00) (0, 0, 0.00000000000000000000e+00) (0, 0, 0.00000000000000000000e+00) (0, 0, 0.00000000000000000000e+00) (17, 6, 5.00000000000000000000e-01) (17, 6, 5.00000000000000000000e-01) (17, 6, 5.00000000000000000000e-01) (0, 6, 0.00000000000000000000e+00) (4, 4, 5.00000000000000000000e-01) (0, 4, 0.00000000000000000000e+00) 
connections (connected_to_neuron, weight)=(0, 1.07400550353352897126e+00) (1, -1.25909339998384184334e+00) (2, -1.66129468361587107061e+00) (3, -6.29366982670699348645e-02) (4, 1.07853068846730751340e-01) (5, 5.19596408993703628987e-01) (6, -1.40965258560756989681e+00) (7, 1.76885973606674684611e-01) (8, -1.42947494953514636640e-01) (9, -1.28823327459057401789e+00) (10, 1.06436266131829104786e-01) (11, -1.93464873721739927248e-01) (12, -2.49757905555183207236e-01) (13, -7.14931834627806905846e-02) (14, -2.76629093977081907951e-01) (15, 6.74231500247774118151e-01) (16, 1.59887058885423671839e+00) (0, -4.85344664932092051401e-01) (1, 8.97592765667134084850e-01) (2, 2.43894371847241586693e+00) (3, 8.49404014612537117124e-01) (4, 1.19900449051041260717e-01) (5, 8.33146587325980271521e-03) (6, 4.39553864629775858930e+00) (7, 3.84701432317645142245e-01) (8, 8.44648372297844146628e-02) (9, 9.38010292985946403377e-01) (10, -1.68503627580767117999e-01) (11, -1.72903885529408968269e-01) (12, 1.72151408168026431866e+00) (13, 1.10722496025006922338e+00) (14, 6.04727907795937102975e-01) (15, 1.32033806634169392780e+00) (16, -1.37486060339857485424e+00) (0, -9.82009757693713014604e-01) (1, 1.88122176772890514762e+00) (2, 1.47333779530790143220e+00) (3, 2.51714507132703990688e-01) (4, -5.47787314723514384696e-01) (5, -1.81908275333550362163e-01) (6, 3.37597668301933806490e+00) (7, -1.51773846184544720234e-02) (8, 1.11710722168812219557e-02) (9, 1.39429803623122161582e+00) (10, -3.21070513778666744020e-01) (11, -4.86953714870568488138e-01) (12, -5.51713189077945198591e-01) (13, 1.38325787318121840030e-01) (14, -3.13011706295425939928e+00) (15, 1.28218829971772008136e+00) (16, -1.41852479804207232128e+00) (17, -6.24511628999438599408e+01) (18, 4.70954070416660108833e+00) (19, 5.84826431022778780999e+00) (20, -2.69758953205279139453e+00) 
