FANN_FLO_2.1
num_layers=3
learning_rate=0.700000
connection_rate=1.000000
network_type=0
learning_momentum=0.000000
training_algorithm=2
train_error_function=1
train_stop_function=1
cascade_output_change_fraction=0.010000
quickprop_decay=-0.000100
quickprop_mu=1.750000
rprop_increase_factor=1.200000
rprop_decrease_factor=0.500000
rprop_delta_min=0.000000
rprop_delta_max=50.000000
rprop_delta_zero=0.100000
cascade_output_stagnation_epochs=12
cascade_candidate_change_fraction=0.010000
cascade_candidate_stagnation_epochs=12
cascade_max_out_epochs=150
cascade_min_out_epochs=50
cascade_max_cand_epochs=150
cascade_min_cand_epochs=50
cascade_num_candidate_groups=2
bit_fail_limit=1.00000000000000005551e-01
cascade_candidate_limit=1.00000000000000000000e+03
cascade_weight_multiplier=4.00000000000000022204e-01
cascade_activation_functions_count=10
cascade_activation_functions=3 5 7 8 10 11 14 15 16 17 
cascade_activation_steepnesses_count=4
cascade_activation_steepnesses=2.50000000000000000000e-01 5.00000000000000000000e-01 7.50000000000000000000e-01 1.00000000000000000000e+00 
layer_sizes=10 4 2 
scale_included=0
neurons (num_inputs, activation_function, activation_steepness)=(0, 0, 0.00000000000000000000e+00) (0, 0, 0.00000000000000000000e+00) (0, 0, 0.00000000000000000000e+00) (0, 0, 0.00000000000000000000e+00) (0, 0, 0.00000000000000000000e+00) (0, 0, 0.00000000000000000000e+00) (0, 0, 0.00000000000000000000e+00) (0, 0, 0.00000000000000000000e+00) (0, 0, 0.00000000000000000000e+00) (0, 0, 0.00000000000000000000e+00) (10, 6, 5.00000000000000000000e-01) (10, 6, 5.00000000000000000000e-01) (10, 6, 5.00000000000000000000e-01) (0, 6, 0.00000000000000000000e+00) (4, 4, 5.00000000000000000000e-01) (0, 4, 0.00000000000000000000e+00) 
connections (connected_to_neuron, weight)=(0, -4.35473580442879359964e+00) (1, -4.50806612508845372389e+00) (2, -2.36507063338617129489e+00) (3, -2.39473524517621072505e+00) (4, 1.48350005882527069545e+00) (5, -2.48415266823288405362e+00) (6, -4.21409924598455498668e-01) (7, 1.54144153866009183673e+01) (8, 2.20649516120493487392e+01) (9, -1.44848765984108918126e+00) (0, 2.34567571571372202044e+00) (1, -1.04022415168758075588e+00) (2, -1.24135578655982847796e-01) (3, 1.00560999422978733508e-01) (4, -1.12181336261271735744e+00) (5, -1.80986268566918528933e+00) (6, -7.81692219459608650389e-01) (7, -3.23284769897464530075e+00) (8, 2.83150209690985033006e+00) (9, 1.15092002406355020661e+00) (0, 2.39112180983923128252e+00) (1, -1.39627397770243377728e+00) (2, -1.21727118873382458841e-01) (3, 7.20510102768692317632e-01) (4, -9.64464160409904791571e-01) (5, -1.50235431826073839723e+00) (6, -8.00012750112608750364e-01) (7, -3.24771333987331445314e+00) (8, 2.81995750423130342455e+00) (9, 1.13670550092693445343e+00) (10, 1.38505652951159135000e+01) (11, -2.43639011654676153285e+02) (12, -4.26607666874685875769e+01) (13, -2.72639340661456808235e+00) 
