FANN_FLO_2.1
num_layers=3
learning_rate=0.700000
connection_rate=1.000000
network_type=0
learning_momentum=0.000000
training_algorithm=2
train_error_function=1
train_stop_function=1
cascade_output_change_fraction=0.010000
quickprop_decay=-0.000100
quickprop_mu=1.750000
rprop_increase_factor=1.200000
rprop_decrease_factor=0.500000
rprop_delta_min=0.000000
rprop_delta_max=50.000000
rprop_delta_zero=0.100000
cascade_output_stagnation_epochs=12
cascade_candidate_change_fraction=0.010000
cascade_candidate_stagnation_epochs=12
cascade_max_out_epochs=150
cascade_min_out_epochs=50
cascade_max_cand_epochs=150
cascade_min_cand_epochs=50
cascade_num_candidate_groups=2
bit_fail_limit=1.00000000000000005551e-01
cascade_candidate_limit=1.00000000000000000000e+03
cascade_weight_multiplier=4.00000000000000022204e-01
cascade_activation_functions_count=10
cascade_activation_functions=3 5 7 8 10 11 14 15 16 17 
cascade_activation_steepnesses_count=4
cascade_activation_steepnesses=2.50000000000000000000e-01 5.00000000000000000000e-01 7.50000000000000000000e-01 1.00000000000000000000e+00 
layer_sizes=6 4 2 
scale_included=0
neurons (num_inputs, activation_function, activation_steepness)=(0, 0, 0.00000000000000000000e+00) (0, 0, 0.00000000000000000000e+00) (0, 0, 0.00000000000000000000e+00) (0, 0, 0.00000000000000000000e+00) (0, 0, 0.00000000000000000000e+00) (0, 0, 0.00000000000000000000e+00) (6, 6, 5.00000000000000000000e-01) (6, 6, 5.00000000000000000000e-01) (6, 6, 5.00000000000000000000e-01) (0, 6, 0.00000000000000000000e+00) (4, 4, 5.00000000000000000000e-01) (0, 4, 0.00000000000000000000e+00) 
connections (connected_to_neuron, weight)=(0, 2.68580571339174289935e-01) (1, 1.41008981246959175238e+00) (2, 1.18910324211750983991e+00) (3, 1.40728609193574394354e+00) (4, 1.23887835081254005232e+00) (5, -4.54488415756335140117e-01) (0, 4.85898246327712945991e-01) (1, 1.33324903924476112493e+00) (2, 1.23355324204598426618e+00) (3, 1.31416656006585563787e+00) (4, 1.16907333965931892195e+00) (5, -4.37045984455456615336e-01) (0, 8.91540202260660774591e-01) (1, 3.35770031595550833003e+00) (2, 3.33132641548239050167e+00) (3, 3.36109186494671163814e+00) (4, 3.14047985699445941776e+00) (5, -2.79763623475501521654e+00) (6, 5.99213428467051123505e+00) (7, 3.49728926102839743351e+00) (8, 7.66705423810283193120e+00) (9, -3.41764904011610326506e+00) 
