FANN_FLO_2.1
num_layers=3
learning_rate=0.700000
connection_rate=1.000000
network_type=0
learning_momentum=0.000000
training_algorithm=2
train_error_function=1
train_stop_function=1
cascade_output_change_fraction=0.010000
quickprop_decay=-0.000100
quickprop_mu=1.750000
rprop_increase_factor=1.200000
rprop_decrease_factor=0.500000
rprop_delta_min=0.000000
rprop_delta_max=50.000000
rprop_delta_zero=0.100000
cascade_output_stagnation_epochs=12
cascade_candidate_change_fraction=0.010000
cascade_candidate_stagnation_epochs=12
cascade_max_out_epochs=150
cascade_min_out_epochs=50
cascade_max_cand_epochs=150
cascade_min_cand_epochs=50
cascade_num_candidate_groups=2
bit_fail_limit=1.00000000000000005551e-01
cascade_candidate_limit=1.00000000000000000000e+03
cascade_weight_multiplier=4.00000000000000022204e-01
cascade_activation_functions_count=10
cascade_activation_functions=3 5 7 8 10 11 14 15 16 17 
cascade_activation_steepnesses_count=4
cascade_activation_steepnesses=2.50000000000000000000e-01 5.00000000000000000000e-01 7.50000000000000000000e-01 1.00000000000000000000e+00 
layer_sizes=11 4 2 
scale_included=0
neurons (num_inputs, activation_function, activation_steepness)=(0, 0, 0.00000000000000000000e+00) (0, 0, 0.00000000000000000000e+00) (0, 0, 0.00000000000000000000e+00) (0, 0, 0.00000000000000000000e+00) (0, 0, 0.00000000000000000000e+00) (0, 0, 0.00000000000000000000e+00) (0, 0, 0.00000000000000000000e+00) (0, 0, 0.00000000000000000000e+00) (0, 0, 0.00000000000000000000e+00) (0, 0, 0.00000000000000000000e+00) (0, 0, 0.00000000000000000000e+00) (11, 6, 5.00000000000000000000e-01) (11, 6, 5.00000000000000000000e-01) (11, 6, 5.00000000000000000000e-01) (0, 6, 0.00000000000000000000e+00) (4, 4, 5.00000000000000000000e-01) (0, 4, 0.00000000000000000000e+00) 
connections (connected_to_neuron, weight)=(0, 3.43824054555934255362e+00) (1, 1.88484849845768742682e+00) (2, 8.94775430676051919399e-01) (3, 7.35949763148719515726e-01) (4, 6.07170004239363292342e-01) (5, 6.20978625487525137672e-01) (6, 2.58017570986566902036e+00) (7, -3.64256288734171818078e-01) (8, -6.48878388356261964764e-02) (9, 1.73629826770335671249e-02) (10, -3.38780790757204419705e+00) (0, 2.34851156080535261594e+00) (1, 1.95661969883251662949e+00) (2, 1.00478077959687395193e+00) (3, 6.04782500356132235453e-01) (4, 5.41938838159674030059e-01) (5, 5.54959398114246105216e-01) (6, 2.74279356624074965865e+00) (7, -4.06780356419388866573e-01) (8, -1.19099602906941257063e-02) (9, -7.17042136071976282663e-02) (10, -2.85518045631276384810e+00) (0, 2.27613107580594897783e+00) (1, 1.90443573212029271247e+00) (2, 1.07261935981605782686e+00) (3, 6.70313977688247408793e-01) (4, 7.11688287005300956878e-01) (5, 7.15246532463592266105e-01) (6, 2.67975146257096596969e+00) (7, -1.75710602660527431818e-01) (8, -1.23851571146539399249e-02) (9, -1.08481803159054222829e-02) (10, -2.82616303348534758655e+00) (11, 1.43567799499345170489e+02) (12, 1.98199429552494654772e+00) (13, 1.13756568815485810120e+01) (14, -3.00317997348704279759e+00) 
