FANN_FLO_2.1
num_layers=3
learning_rate=0.700000
connection_rate=1.000000
network_type=0
learning_momentum=0.000000
training_algorithm=2
train_error_function=1
train_stop_function=1
cascade_output_change_fraction=0.010000
quickprop_decay=-0.000100
quickprop_mu=1.750000
rprop_increase_factor=1.200000
rprop_decrease_factor=0.500000
rprop_delta_min=0.000000
rprop_delta_max=50.000000
rprop_delta_zero=0.100000
cascade_output_stagnation_epochs=12
cascade_candidate_change_fraction=0.010000
cascade_candidate_stagnation_epochs=12
cascade_max_out_epochs=150
cascade_min_out_epochs=50
cascade_max_cand_epochs=150
cascade_min_cand_epochs=50
cascade_num_candidate_groups=2
bit_fail_limit=1.00000000000000005551e-01
cascade_candidate_limit=1.00000000000000000000e+03
cascade_weight_multiplier=4.00000000000000022204e-01
cascade_activation_functions_count=10
cascade_activation_functions=3 5 7 8 10 11 14 15 16 17 
cascade_activation_steepnesses_count=4
cascade_activation_steepnesses=2.50000000000000000000e-01 5.00000000000000000000e-01 7.50000000000000000000e-01 1.00000000000000000000e+00 
layer_sizes=12 4 2 
scale_included=0
neurons (num_inputs, activation_function, activation_steepness)=(0, 0, 0.00000000000000000000e+00) (0, 0, 0.00000000000000000000e+00) (0, 0, 0.00000000000000000000e+00) (0, 0, 0.00000000000000000000e+00) (0, 0, 0.00000000000000000000e+00) (0, 0, 0.00000000000000000000e+00) (0, 0, 0.00000000000000000000e+00) (0, 0, 0.00000000000000000000e+00) (0, 0, 0.00000000000000000000e+00) (0, 0, 0.00000000000000000000e+00) (0, 0, 0.00000000000000000000e+00) (0, 0, 0.00000000000000000000e+00) (12, 6, 5.00000000000000000000e-01) (12, 6, 5.00000000000000000000e-01) (12, 6, 5.00000000000000000000e-01) (0, 6, 0.00000000000000000000e+00) (4, 4, 5.00000000000000000000e-01) (0, 4, 0.00000000000000000000e+00) 
connections (connected_to_neuron, weight)=(0, -1.42123936355529734143e+00) (1, 1.47596966464458656532e+00) (2, 1.55205624539791298133e+00) (3, 4.84743361391746940825e+00) (4, 1.87830755315722885967e+00) (5, -3.41392671114800583254e+00) (6, -3.53490574828384529482e+00) (7, -3.44519915229676376711e+00) (8, 1.57958134252964210731e+00) (9, -8.17187614062590883535e-01) (10, -8.00867996433539675039e-01) (11, 2.53118174766778891716e-01) (0, 8.61443344867032001488e-01) (1, -1.39550809719314572455e+00) (2, -1.22560196113286679065e+00) (3, -3.33962956325471882479e+00) (4, -1.17667248683350034177e+00) (5, 3.01570770236209506621e+00) (6, 2.85748590993240991764e+00) (7, 2.93320880176976839238e+00) (8, -1.09994069975314801013e+00) (9, 2.47988567479374744096e+00) (10, 2.54336705781939365068e+00) (11, -1.04728898859477864702e-02) (0, 4.02897219216017177246e-01) (1, -1.38410831399908063055e+00) (2, -1.10786322992740338123e+00) (3, -3.27528981373966221469e+00) (4, -1.10369080888407178342e+00) (5, 3.01326420994952792753e+00) (6, 2.86865389066294351750e+00) (7, 2.99895610007003421416e+00) (8, -1.17619473975597088611e+00) (9, 2.41342007346871234574e+00) (10, 2.57941450156691409745e+00) (11, 4.12133523368381562979e-02) (12, 4.83576460399353447173e+00) (13, -4.81854390569651069853e+00) (14, -4.80548296340429725859e+00) (15, 3.32889708375215476188e-01) 
