FANN_FLO_2.1
num_layers=3
learning_rate=0.700000
connection_rate=1.000000
network_type=0
learning_momentum=0.000000
training_algorithm=2
train_error_function=1
train_stop_function=1
cascade_output_change_fraction=0.010000
quickprop_decay=-0.000100
quickprop_mu=1.750000
rprop_increase_factor=1.200000
rprop_decrease_factor=0.500000
rprop_delta_min=0.000000
rprop_delta_max=50.000000
rprop_delta_zero=0.100000
cascade_output_stagnation_epochs=12
cascade_candidate_change_fraction=0.010000
cascade_candidate_stagnation_epochs=12
cascade_max_out_epochs=150
cascade_min_out_epochs=50
cascade_max_cand_epochs=150
cascade_min_cand_epochs=50
cascade_num_candidate_groups=2
bit_fail_limit=1.00000000000000005551e-01
cascade_candidate_limit=1.00000000000000000000e+03
cascade_weight_multiplier=4.00000000000000022204e-01
cascade_activation_functions_count=10
cascade_activation_functions=3 5 7 8 10 11 14 15 16 17 
cascade_activation_steepnesses_count=4
cascade_activation_steepnesses=2.50000000000000000000e-01 5.00000000000000000000e-01 7.50000000000000000000e-01 1.00000000000000000000e+00 
layer_sizes=17 4 2 
scale_included=0
neurons (num_inputs, activation_function, activation_steepness)=(0, 0, 0.00000000000000000000e+00) (0, 0, 0.00000000000000000000e+00) (0, 0, 0.00000000000000000000e+00) (0, 0, 0.00000000000000000000e+00) (0, 0, 0.00000000000000000000e+00) (0, 0, 0.00000000000000000000e+00) (0, 0, 0.00000000000000000000e+00) (0, 0, 0.00000000000000000000e+00) (0, 0, 0.00000000000000000000e+00) (0, 0, 0.00000000000000000000e+00) (0, 0, 0.00000000000000000000e+00) (0, 0, 0.00000000000000000000e+00) (0, 0, 0.00000000000000000000e+00) (0, 0, 0.00000000000000000000e+00) (0, 0, 0.00000000000000000000e+00) (0, 0, 0.00000000000000000000e+00) (0, 0, 0.00000000000000000000e+00) (17, 6, 5.00000000000000000000e-01) (17, 6, 5.00000000000000000000e-01) (17, 6, 5.00000000000000000000e-01) (0, 6, 0.00000000000000000000e+00) (4, 4, 5.00000000000000000000e-01) (0, 4, 0.00000000000000000000e+00) 
connections (connected_to_neuron, weight)=(0, 1.04676925985811337227e+02) (1, 1.50000000000000000000e+03) (2, 1.50000000000000000000e+03) (3, 1.50000000000000000000e+03) (4, 1.50000000000000000000e+03) (5, 1.00819160146299782355e+03) (6, 4.27120260885928857419e+01) (7, 1.50000000000000000000e+03) (8, -1.25982898488693013661e+01) (9, -6.39091811975388446321e-01) (10, 9.86838061229270351760e+02) (11, -4.78537443299622378134e+00) (12, 1.50000000000000000000e+03) (13, 1.50000000000000000000e+03) (14, 1.50000000000000000000e+03) (15, 1.17231069424863153472e+03) (16, 6.60913211265950373274e+00) (0, 7.20092693214156209791e+00) (1, -7.26212545767323192081e-01) (2, 2.39227814644452685400e+00) (3, 8.09169254742655930102e+00) (4, 7.27348439632795695786e+00) (5, -5.91957427656255408266e+00) (6, -1.64979452717109502657e+01) (7, -1.57035524593560338324e+00) (8, -1.59214752970518667041e+01) (9, 4.89636251164125568813e-01) (10, -3.93140524113880163171e+00) (11, -5.58956785866971395116e-01) (12, -3.00605245694403926393e+01) (13, 4.96372328488651093359e-01) (14, -2.03641092003671309030e+00) (15, 4.06511216863468760607e+00) (16, 9.43802142954944467412e-01) (0, -4.00801283653420548081e-01) (1, 2.51434749423534775747e-01) (2, 5.47740875722225339928e+00) (3, 1.70781978404864887011e+01) (4, -1.62683201050879633343e+00) (5, -5.89541943522082956264e+00) (6, -3.71078576309232088803e+00) (7, -4.88588135890786290361e+00) (8, -2.58299941403469865975e+01) (9, 6.09300022054756751366e-01) (10, -1.30303357628367137977e+01) (11, -6.59345260651809206287e-01) (12, -2.10851385493480663058e+01) (13, 6.11838286202267322977e-01) (14, -9.00764490093088632250e+00) (15, 2.40996888710813639278e+00) (16, 1.98715781311134820353e-01) (17, -1.90249516197697055020e+01) (18, -4.35301082017652021250e+01) (19, 5.09261978870101899020e+01) (20, -1.97739013427465182282e+00) 
