FANN_FLO_2.1
num_layers=3
learning_rate=0.700000
connection_rate=1.000000
network_type=0
learning_momentum=0.000000
training_algorithm=2
train_error_function=1
train_stop_function=1
cascade_output_change_fraction=0.010000
quickprop_decay=-0.000100
quickprop_mu=1.750000
rprop_increase_factor=1.200000
rprop_decrease_factor=0.500000
rprop_delta_min=0.000000
rprop_delta_max=50.000000
rprop_delta_zero=0.100000
cascade_output_stagnation_epochs=12
cascade_candidate_change_fraction=0.010000
cascade_candidate_stagnation_epochs=12
cascade_max_out_epochs=150
cascade_min_out_epochs=50
cascade_max_cand_epochs=150
cascade_min_cand_epochs=50
cascade_num_candidate_groups=2
bit_fail_limit=1.00000000000000005551e-01
cascade_candidate_limit=1.00000000000000000000e+03
cascade_weight_multiplier=4.00000000000000022204e-01
cascade_activation_functions_count=10
cascade_activation_functions=3 5 7 8 10 11 14 15 16 17 
cascade_activation_steepnesses_count=4
cascade_activation_steepnesses=2.50000000000000000000e-01 5.00000000000000000000e-01 7.50000000000000000000e-01 1.00000000000000000000e+00 
layer_sizes=6 4 2 
scale_included=0
neurons (num_inputs, activation_function, activation_steepness)=(0, 0, 0.00000000000000000000e+00) (0, 0, 0.00000000000000000000e+00) (0, 0, 0.00000000000000000000e+00) (0, 0, 0.00000000000000000000e+00) (0, 0, 0.00000000000000000000e+00) (0, 0, 0.00000000000000000000e+00) (6, 6, 5.00000000000000000000e-01) (6, 6, 5.00000000000000000000e-01) (6, 6, 5.00000000000000000000e-01) (0, 6, 0.00000000000000000000e+00) (4, 4, 5.00000000000000000000e-01) (0, 4, 0.00000000000000000000e+00) 
connections (connected_to_neuron, weight)=(0, -5.07168323915459295925e-01) (1, -2.92346500096789529977e+00) (2, -2.70109263199892879470e+00) (3, -3.02208128097644124210e+00) (4, -3.53215974475210581218e+00) (5, 2.26223808722071151323e+00) (0, 6.09642914631509325041e-01) (1, 1.51392524872182021589e+00) (2, 9.59209220718121979843e-01) (3, 1.47363023705809226271e+00) (4, 1.40283215300438990347e+00) (5, -4.81586624731899171081e-01) (0, 7.20734305780673656372e-01) (1, 2.46391649950581648199e+00) (2, 3.08035377108976149430e+00) (3, 2.57592768875877053958e+00) (4, 2.32756761875927509209e+00) (5, -2.06741401384731737778e+00) (6, -5.05726818495359875527e+00) (7, 1.34563850282589747565e+00) (8, 5.55430990459264783965e+00) (9, -1.40114509746399606982e+00) 
