FANN_FLO_2.1
num_layers=3
learning_rate=0.700000
connection_rate=1.000000
network_type=0
learning_momentum=0.000000
training_algorithm=2
train_error_function=1
train_stop_function=1
cascade_output_change_fraction=0.010000
quickprop_decay=-0.000100
quickprop_mu=1.750000
rprop_increase_factor=1.200000
rprop_decrease_factor=0.500000
rprop_delta_min=0.000000
rprop_delta_max=50.000000
rprop_delta_zero=0.100000
cascade_output_stagnation_epochs=12
cascade_candidate_change_fraction=0.010000
cascade_candidate_stagnation_epochs=12
cascade_max_out_epochs=150
cascade_min_out_epochs=50
cascade_max_cand_epochs=150
cascade_min_cand_epochs=50
cascade_num_candidate_groups=2
bit_fail_limit=1.00000000000000005551e-01
cascade_candidate_limit=1.00000000000000000000e+03
cascade_weight_multiplier=4.00000000000000022204e-01
cascade_activation_functions_count=10
cascade_activation_functions=3 5 7 8 10 11 14 15 16 17 
cascade_activation_steepnesses_count=4
cascade_activation_steepnesses=2.50000000000000000000e-01 5.00000000000000000000e-01 7.50000000000000000000e-01 1.00000000000000000000e+00 
layer_sizes=12 4 2 
scale_included=0
neurons (num_inputs, activation_function, activation_steepness)=(0, 0, 0.00000000000000000000e+00) (0, 0, 0.00000000000000000000e+00) (0, 0, 0.00000000000000000000e+00) (0, 0, 0.00000000000000000000e+00) (0, 0, 0.00000000000000000000e+00) (0, 0, 0.00000000000000000000e+00) (0, 0, 0.00000000000000000000e+00) (0, 0, 0.00000000000000000000e+00) (0, 0, 0.00000000000000000000e+00) (0, 0, 0.00000000000000000000e+00) (0, 0, 0.00000000000000000000e+00) (0, 0, 0.00000000000000000000e+00) (12, 6, 5.00000000000000000000e-01) (12, 6, 5.00000000000000000000e-01) (12, 6, 5.00000000000000000000e-01) (0, 6, 0.00000000000000000000e+00) (4, 4, 5.00000000000000000000e-01) (0, 4, 0.00000000000000000000e+00) 
connections (connected_to_neuron, weight)=(0, 4.61084877604324905320e+00) (1, 1.81814259937930500222e+00) (2, 6.83090897842504229942e+00) (3, -8.94031144124389420824e+00) (4, -1.62759442519255448367e+00) (5, 1.37741135448000751040e+00) (6, 2.07519569963851724381e+00) (7, 1.21818350775568218225e+00) (8, 1.50787679373049554599e+00) (9, 1.56968307995089473295e+00) (10, 1.84075314632476993992e+00) (11, -3.57691383811174290486e+00) (0, -6.31933010426705710216e+00) (1, -5.74818329524073146075e+00) (2, -4.76363840477593125655e+00) (3, -1.99230648478872685025e+00) (4, 9.53068961072657483413e-01) (5, 6.70675654129968723538e+00) (6, 7.28135631225283219692e+00) (7, 3.87044694049633841715e+00) (8, -1.23666768354840095334e+00) (9, 7.35010841172956297385e+00) (10, 1.06373153253540060348e+01) (11, 4.92738939080465065956e+00) (0, 5.75022081057944145499e+00) (1, -3.46808642260584054640e+00) (2, 2.58939006763301762248e+01) (3, 4.31920507594252378603e-01) (4, -1.24787156557494700593e+01) (5, 5.96188017405320103137e+00) (6, -1.55206116164697882631e+00) (7, -1.16677355460192688774e+00) (8, 1.51516302919203260657e+00) (9, 3.89146959688525084786e+00) (10, 2.51555552179401731294e+00) (11, -2.86531958325004065813e+00) (12, 4.84292001041200492750e+01) (13, -1.36855192415562392227e+01) (14, 9.61885287338774475074e+00) (15, -1.26209444476781862399e+00) 
