FANN_FLO_2.1
num_layers=3
learning_rate=0.700000
connection_rate=1.000000
network_type=0
learning_momentum=0.000000
training_algorithm=2
train_error_function=1
train_stop_function=1
cascade_output_change_fraction=0.010000
quickprop_decay=-0.000100
quickprop_mu=1.750000
rprop_increase_factor=1.200000
rprop_decrease_factor=0.500000
rprop_delta_min=0.000000
rprop_delta_max=50.000000
rprop_delta_zero=0.100000
cascade_output_stagnation_epochs=12
cascade_candidate_change_fraction=0.010000
cascade_candidate_stagnation_epochs=12
cascade_max_out_epochs=150
cascade_min_out_epochs=50
cascade_max_cand_epochs=150
cascade_min_cand_epochs=50
cascade_num_candidate_groups=2
bit_fail_limit=1.00000000000000005551e-01
cascade_candidate_limit=1.00000000000000000000e+03
cascade_weight_multiplier=4.00000000000000022204e-01
cascade_activation_functions_count=10
cascade_activation_functions=3 5 7 8 10 11 14 15 16 17 
cascade_activation_steepnesses_count=4
cascade_activation_steepnesses=2.50000000000000000000e-01 5.00000000000000000000e-01 7.50000000000000000000e-01 1.00000000000000000000e+00 
layer_sizes=7 4 2 
scale_included=0
neurons (num_inputs, activation_function, activation_steepness)=(0, 0, 0.00000000000000000000e+00) (0, 0, 0.00000000000000000000e+00) (0, 0, 0.00000000000000000000e+00) (0, 0, 0.00000000000000000000e+00) (0, 0, 0.00000000000000000000e+00) (0, 0, 0.00000000000000000000e+00) (0, 0, 0.00000000000000000000e+00) (7, 6, 5.00000000000000000000e-01) (7, 6, 5.00000000000000000000e-01) (7, 6, 5.00000000000000000000e-01) (0, 6, 0.00000000000000000000e+00) (4, 4, 5.00000000000000000000e-01) (0, 4, 0.00000000000000000000e+00) 
connections (connected_to_neuron, weight)=(0, -1.00060671220556063332e+00) (1, 1.50000000000000000000e+03) (2, 8.11362598283059011095e-01) (3, 4.77812661236422908662e-01) (4, 1.51520823286695471843e+00) (5, 6.75031245887778408310e-01) (6, -1.04497040886948666660e+00) (0, 5.89222343693617478522e-01) (1, 1.50000000000000000000e+03) (2, 1.92001124760914154699e+00) (3, 1.04825404622359408258e+00) (4, 2.17013016874090958197e+00) (5, 2.55116236214615987876e+00) (6, -2.13915343375208033549e+00) (0, -8.21916247145252398809e+00) (1, -1.20000000000000000000e+03) (2, 1.43608966450599382370e+03) (3, 1.43608966450599382370e+03) (4, -4.82067889391795678655e-01) (5, 5.65848327849580834403e-01) (6, 2.48524680732179659159e+00) (7, 6.06900751166282148574e+00) (8, 9.02157987853252940624e+00) (9, -8.58232515404819018556e+00) (10, -2.03692191310982018138e+00) 
