FANN_FLO_2.1
num_layers=3
learning_rate=0.700000
connection_rate=1.000000
network_type=0
learning_momentum=0.000000
training_algorithm=2
train_error_function=1
train_stop_function=1
cascade_output_change_fraction=0.010000
quickprop_decay=-0.000100
quickprop_mu=1.750000
rprop_increase_factor=1.200000
rprop_decrease_factor=0.500000
rprop_delta_min=0.000000
rprop_delta_max=50.000000
rprop_delta_zero=0.100000
cascade_output_stagnation_epochs=12
cascade_candidate_change_fraction=0.010000
cascade_candidate_stagnation_epochs=12
cascade_max_out_epochs=150
cascade_min_out_epochs=50
cascade_max_cand_epochs=150
cascade_min_cand_epochs=50
cascade_num_candidate_groups=2
bit_fail_limit=1.00000000000000005551e-01
cascade_candidate_limit=1.00000000000000000000e+03
cascade_weight_multiplier=4.00000000000000022204e-01
cascade_activation_functions_count=10
cascade_activation_functions=3 5 7 8 10 11 14 15 16 17 
cascade_activation_steepnesses_count=4
cascade_activation_steepnesses=2.50000000000000000000e-01 5.00000000000000000000e-01 7.50000000000000000000e-01 1.00000000000000000000e+00 
layer_sizes=12 4 2 
scale_included=0
neurons (num_inputs, activation_function, activation_steepness)=(0, 0, 0.00000000000000000000e+00) (0, 0, 0.00000000000000000000e+00) (0, 0, 0.00000000000000000000e+00) (0, 0, 0.00000000000000000000e+00) (0, 0, 0.00000000000000000000e+00) (0, 0, 0.00000000000000000000e+00) (0, 0, 0.00000000000000000000e+00) (0, 0, 0.00000000000000000000e+00) (0, 0, 0.00000000000000000000e+00) (0, 0, 0.00000000000000000000e+00) (0, 0, 0.00000000000000000000e+00) (0, 0, 0.00000000000000000000e+00) (12, 6, 5.00000000000000000000e-01) (12, 6, 5.00000000000000000000e-01) (12, 6, 5.00000000000000000000e-01) (0, 6, 0.00000000000000000000e+00) (4, 4, 5.00000000000000000000e-01) (0, 4, 0.00000000000000000000e+00) 
connections (connected_to_neuron, weight)=(0, 1.94889915528915724785e+00) (1, 2.52845399602641274228e+00) (2, -1.86739311463131940627e+00) (3, -1.16540773236087269460e+00) (4, 7.82556286920782356864e-02) (5, 2.46079607532718425134e+00) (6, -9.69438813057755033320e-01) (7, -2.14075449234198256221e+00) (8, -1.68642621055340835579e-01) (9, -7.02996671874862588680e-01) (10, -2.03726896632958887068e+00) (11, -1.65787693437910998995e+00) (0, -3.70561709030004893251e+00) (1, -9.03108052674900463330e-01) (2, 1.15208539580868674079e+01) (3, 1.01648863909502811254e+01) (4, 5.48216271797348184691e+01) (5, -7.65060990233045967734e-01) (6, 4.87557366636672906424e+00) (7, 8.53614204161916489966e+00) (8, 6.05123652767475483927e-01) (9, 4.96035656875512920294e+00) (10, 8.70200829192929425915e+00) (11, 1.57155332956090418861e+01) (0, 1.96621686208189805356e+00) (1, 2.44707117307599286704e+00) (2, -1.99761037517862782842e+00) (3, -3.37941226056628407637e-01) (4, -2.72711495493818789626e+00) (5, 2.44670242116201341886e+00) (6, -9.19439531293724576777e-01) (7, -1.87416139517555446758e+00) (8, -1.27328018443373797153e-01) (9, -7.49956064045142922758e-01) (10, -1.88306076158284074751e+00) (11, -2.01746061989956304572e+00) (12, 6.27584914153930473191e+00) (13, -1.14474944005199952279e+00) (14, 4.39958757922042650534e+02) (15, -1.75244358194758431679e+00) 
