FANN_FLO_2.1
num_layers=3
learning_rate=0.700000
connection_rate=1.000000
network_type=0
learning_momentum=0.000000
training_algorithm=2
train_error_function=1
train_stop_function=1
cascade_output_change_fraction=0.010000
quickprop_decay=-0.000100
quickprop_mu=1.750000
rprop_increase_factor=1.200000
rprop_decrease_factor=0.500000
rprop_delta_min=0.000000
rprop_delta_max=50.000000
rprop_delta_zero=0.100000
cascade_output_stagnation_epochs=12
cascade_candidate_change_fraction=0.010000
cascade_candidate_stagnation_epochs=12
cascade_max_out_epochs=150
cascade_min_out_epochs=50
cascade_max_cand_epochs=150
cascade_min_cand_epochs=50
cascade_num_candidate_groups=2
bit_fail_limit=1.00000000000000005551e-01
cascade_candidate_limit=1.00000000000000000000e+03
cascade_weight_multiplier=4.00000000000000022204e-01
cascade_activation_functions_count=10
cascade_activation_functions=3 5 7 8 10 11 14 15 16 17 
cascade_activation_steepnesses_count=4
cascade_activation_steepnesses=2.50000000000000000000e-01 5.00000000000000000000e-01 7.50000000000000000000e-01 1.00000000000000000000e+00 
layer_sizes=12 4 2 
scale_included=0
neurons (num_inputs, activation_function, activation_steepness)=(0, 0, 0.00000000000000000000e+00) (0, 0, 0.00000000000000000000e+00) (0, 0, 0.00000000000000000000e+00) (0, 0, 0.00000000000000000000e+00) (0, 0, 0.00000000000000000000e+00) (0, 0, 0.00000000000000000000e+00) (0, 0, 0.00000000000000000000e+00) (0, 0, 0.00000000000000000000e+00) (0, 0, 0.00000000000000000000e+00) (0, 0, 0.00000000000000000000e+00) (0, 0, 0.00000000000000000000e+00) (0, 0, 0.00000000000000000000e+00) (12, 6, 5.00000000000000000000e-01) (12, 6, 5.00000000000000000000e-01) (12, 6, 5.00000000000000000000e-01) (0, 6, 0.00000000000000000000e+00) (4, 4, 5.00000000000000000000e-01) (0, 4, 0.00000000000000000000e+00) 
connections (connected_to_neuron, weight)=(0, -7.97984971550853350308e-01) (1, -1.34960120330721311532e+00) (2, -1.42089539264321151890e+00) (3, -2.43601918633203196052e+00) (4, -2.80066129695348653428e+00) (5, 3.57218725874530917963e+00) (6, -6.74155799663425536750e-01) (7, 9.91862054862756137297e-01) (8, -1.68122198202908590403e+00) (9, -2.33698617341650649593e+00) (10, -3.78739947819922151417e-02) (11, 3.04505179328424180341e+00) (0, 3.79532109568410158662e-01) (1, 6.00431520534853913063e+00) (2, 5.75158578487344929187e+00) (3, 8.62648018946301053944e-01) (4, 2.30655366887750856719e+00) (5, 1.06459286732736990722e+00) (6, 5.51196629348483790878e-01) (7, -1.29884681549070984952e-01) (8, 6.13360217199029555957e+00) (9, 2.04583611494658201835e+00) (10, 5.21073354716836263378e+01) (11, -2.54745479449057610211e+00) (0, 1.01027288408180515589e+00) (1, 3.70553314427342712634e+01) (2, 1.23355172552185692325e+01) (3, -3.85963425533941417722e-02) (4, 2.08718930137688696291e+00) (5, 8.24689732879782155806e+01) (6, 2.10626532340860030956e+01) (7, 3.20282855584817990890e-02) (8, 3.76027506310987860161e+01) (9, 2.54241948600799316793e+00) (10, 1.47291910918556046006e+00) (11, -2.43941464181430367475e+00) (12, -6.59768302123129899428e+01) (13, 2.85003458785516059493e+01) (14, 1.96388887125989839433e+01) (15, -1.57824982617619324898e+00) 
