FANN_FLO_2.1
num_layers=3
learning_rate=0.700000
connection_rate=1.000000
network_type=0
learning_momentum=0.000000
training_algorithm=2
train_error_function=1
train_stop_function=1
cascade_output_change_fraction=0.010000
quickprop_decay=-0.000100
quickprop_mu=1.750000
rprop_increase_factor=1.200000
rprop_decrease_factor=0.500000
rprop_delta_min=0.000000
rprop_delta_max=50.000000
rprop_delta_zero=0.100000
cascade_output_stagnation_epochs=12
cascade_candidate_change_fraction=0.010000
cascade_candidate_stagnation_epochs=12
cascade_max_out_epochs=150
cascade_min_out_epochs=50
cascade_max_cand_epochs=150
cascade_min_cand_epochs=50
cascade_num_candidate_groups=2
bit_fail_limit=1.00000000000000005551e-01
cascade_candidate_limit=1.00000000000000000000e+03
cascade_weight_multiplier=4.00000000000000022204e-01
cascade_activation_functions_count=10
cascade_activation_functions=3 5 7 8 10 11 14 15 16 17 
cascade_activation_steepnesses_count=4
cascade_activation_steepnesses=2.50000000000000000000e-01 5.00000000000000000000e-01 7.50000000000000000000e-01 1.00000000000000000000e+00 
layer_sizes=16 4 2 
scale_included=0
neurons (num_inputs, activation_function, activation_steepness)=(0, 0, 0.00000000000000000000e+00) (0, 0, 0.00000000000000000000e+00) (0, 0, 0.00000000000000000000e+00) (0, 0, 0.00000000000000000000e+00) (0, 0, 0.00000000000000000000e+00) (0, 0, 0.00000000000000000000e+00) (0, 0, 0.00000000000000000000e+00) (0, 0, 0.00000000000000000000e+00) (0, 0, 0.00000000000000000000e+00) (0, 0, 0.00000000000000000000e+00) (0, 0, 0.00000000000000000000e+00) (0, 0, 0.00000000000000000000e+00) (0, 0, 0.00000000000000000000e+00) (0, 0, 0.00000000000000000000e+00) (0, 0, 0.00000000000000000000e+00) (0, 0, 0.00000000000000000000e+00) (16, 6, 5.00000000000000000000e-01) (16, 6, 5.00000000000000000000e-01) (16, 6, 5.00000000000000000000e-01) (0, 6, 0.00000000000000000000e+00) (4, 4, 5.00000000000000000000e-01) (0, 4, 0.00000000000000000000e+00) 
connections (connected_to_neuron, weight)=(0, -9.83346475820965615355e+00) (1, 1.50000000000000000000e+03) (2, 1.70000066307109882757e+01) (3, -1.63917050079640325144e+00) (4, 4.21532133621050353334e-01) (5, 2.74340812892166385772e-01) (6, 5.84059737253714139626e+00) (7, 2.81589519527793707976e-01) (8, -1.35888629783965519948e+00) (9, 6.15099652224814885670e-01) (10, -2.44641155488445471988e+00) (11, 1.50000000000000000000e+03) (12, 1.37437629014428974727e+01) (13, 1.99463523918300716931e-01) (14, 1.50000000000000000000e+03) (15, -1.85159155898771937698e-01) (0, 5.70208429227444302256e+00) (1, 1.50000000000000000000e+03) (2, 3.11398040342454640594e+00) (3, 4.59143392519854531830e-01) (4, 4.83637235970219958592e-01) (5, 3.00363912464062410290e-01) (6, 2.22356467910472277438e+00) (7, 3.17928022102401341975e-01) (8, 1.41545249568524345030e+00) (9, 1.05068525831324241504e-01) (10, 9.52038579487082792241e+00) (11, 1.50000000000000000000e+03) (12, 5.64602020934738213498e+00) (13, -2.40925129938108950611e+00) (14, 1.50000000000000000000e+03) (15, -6.44261618150273718264e-01) (0, -4.54723323539586754549e+00) (1, 1.50000000000000000000e+03) (2, -2.52541422866316489504e+00) (3, 6.85464618882312137771e-01) (4, 8.05633752268962964604e-03) (5, 9.59712243566282485752e-02) (6, -1.56731663931646569843e+00) (7, 1.45048246523707992373e-02) (8, 1.42855602498382960874e+00) (9, -1.22014854625279256517e+00) (10, 1.18170993523639533684e+00) (11, 1.50000000000000000000e+03) (12, -1.56096659940737958472e+00) (13, 1.87614624507000793407e+00) (14, 1.50000000000000000000e+03) (15, 6.60989620495431307035e-01) (16, 1.13101204509472754722e+01) (17, -4.36130122838928713236e+00) (18, 1.67985487470941521337e+01) (19, -6.03328424044161759632e-01) 
