FANN_FLO_2.1
num_layers=3
learning_rate=0.700000
connection_rate=1.000000
network_type=0
learning_momentum=0.000000
training_algorithm=2
train_error_function=1
train_stop_function=1
cascade_output_change_fraction=0.010000
quickprop_decay=-0.000100
quickprop_mu=1.750000
rprop_increase_factor=1.200000
rprop_decrease_factor=0.500000
rprop_delta_min=0.000000
rprop_delta_max=50.000000
rprop_delta_zero=0.100000
cascade_output_stagnation_epochs=12
cascade_candidate_change_fraction=0.010000
cascade_candidate_stagnation_epochs=12
cascade_max_out_epochs=150
cascade_min_out_epochs=50
cascade_max_cand_epochs=150
cascade_min_cand_epochs=50
cascade_num_candidate_groups=2
bit_fail_limit=1.00000000000000005551e-01
cascade_candidate_limit=1.00000000000000000000e+03
cascade_weight_multiplier=4.00000000000000022204e-01
cascade_activation_functions_count=10
cascade_activation_functions=3 5 7 8 10 11 14 15 16 17 
cascade_activation_steepnesses_count=4
cascade_activation_steepnesses=2.50000000000000000000e-01 5.00000000000000000000e-01 7.50000000000000000000e-01 1.00000000000000000000e+00 
layer_sizes=17 4 2 
scale_included=0
neurons (num_inputs, activation_function, activation_steepness)=(0, 0, 0.00000000000000000000e+00) (0, 0, 0.00000000000000000000e+00) (0, 0, 0.00000000000000000000e+00) (0, 0, 0.00000000000000000000e+00) (0, 0, 0.00000000000000000000e+00) (0, 0, 0.00000000000000000000e+00) (0, 0, 0.00000000000000000000e+00) (0, 0, 0.00000000000000000000e+00) (0, 0, 0.00000000000000000000e+00) (0, 0, 0.00000000000000000000e+00) (0, 0, 0.00000000000000000000e+00) (0, 0, 0.00000000000000000000e+00) (0, 0, 0.00000000000000000000e+00) (0, 0, 0.00000000000000000000e+00) (0, 0, 0.00000000000000000000e+00) (0, 0, 0.00000000000000000000e+00) (0, 0, 0.00000000000000000000e+00) (17, 6, 5.00000000000000000000e-01) (17, 6, 5.00000000000000000000e-01) (17, 6, 5.00000000000000000000e-01) (0, 6, 0.00000000000000000000e+00) (4, 4, 5.00000000000000000000e-01) (0, 4, 0.00000000000000000000e+00) 
connections (connected_to_neuron, weight)=(0, 6.51340164581001079824e-01) (1, 5.31439613272584154835e-01) (2, -9.66047040486075303534e+00) (3, 6.26351881999260617917e-01) (4, 3.44512089290930467733e-01) (5, 3.81710355710424886766e-01) (6, 3.79870904719995683418e-01) (7, 4.68906372115539149537e-01) (8, -9.13275732000544593348e+00) (9, 4.59662778573315999875e-01) (10, -9.26161696647010934669e+00) (11, 1.25279892734010855904e-01) (12, -7.10076515941324926118e-01) (13, 1.76446706996616714536e-01) (14, 3.36664578979175233009e-01) (15, 6.32088382024056150144e-01) (16, 2.27074581208961445711e+00) (0, 6.11573560955245643100e+00) (1, -2.93772432807291350443e+00) (2, 3.70145859227059359498e+00) (3, 8.25194791659674464768e+00) (4, 2.44543731063125378000e+01) (5, 2.44054377115783935892e+01) (6, 8.52446648290737840625e+00) (7, -8.56814488293091436333e+00) (8, 4.89809424341124621805e+00) (9, 1.94677384514643030400e+01) (10, 4.93202787118908005937e+01) (11, 2.59215852607216579173e+00) (12, -2.62703115095102734955e+00) (13, -5.20165726319098542518e+00) (14, 2.45282828323064094889e+01) (15, 8.12379750374211795361e+00) (16, 2.12477637409256274736e+01) (0, 1.63867158678444768682e+00) (1, -1.97530295384369258826e+00) (2, 4.87107586312710449938e-01) (3, 9.65552581043037760899e-01) (4, -5.53691380072471803220e-02) (5, 7.89571058368362665991e-02) (6, -9.93074869475538690722e-02) (7, -2.10624337614143142261e+00) (8, 8.97745179488272260215e-01) (9, -5.59332168136575103023e-02) (10, 9.85265462668209135444e-01) (11, 1.25391233789219919831e-02) (12, -1.98372469765513192996e+00) (13, -1.75442387789357501227e-01) (14, 7.03616446871404010999e-02) (15, 9.75027623187108782865e-01) (16, 7.38638870715747741791e-01) (17, -1.07938525839890520075e+01) (18, -2.62036074708713329073e+00) (19, -1.15368268654186465483e+01) (20, -3.02720340117497155319e+00) 
