FANN_FLO_2.1
num_layers=3
learning_rate=0.700000
connection_rate=1.000000
network_type=0
learning_momentum=0.000000
training_algorithm=2
train_error_function=1
train_stop_function=1
cascade_output_change_fraction=0.010000
quickprop_decay=-0.000100
quickprop_mu=1.750000
rprop_increase_factor=1.200000
rprop_decrease_factor=0.500000
rprop_delta_min=0.000000
rprop_delta_max=50.000000
rprop_delta_zero=0.100000
cascade_output_stagnation_epochs=12
cascade_candidate_change_fraction=0.010000
cascade_candidate_stagnation_epochs=12
cascade_max_out_epochs=150
cascade_min_out_epochs=50
cascade_max_cand_epochs=150
cascade_min_cand_epochs=50
cascade_num_candidate_groups=2
bit_fail_limit=1.00000000000000005551e-01
cascade_candidate_limit=1.00000000000000000000e+03
cascade_weight_multiplier=4.00000000000000022204e-01
cascade_activation_functions_count=10
cascade_activation_functions=3 5 7 8 10 11 14 15 16 17 
cascade_activation_steepnesses_count=4
cascade_activation_steepnesses=2.50000000000000000000e-01 5.00000000000000000000e-01 7.50000000000000000000e-01 1.00000000000000000000e+00 
layer_sizes=10 4 2 
scale_included=0
neurons (num_inputs, activation_function, activation_steepness)=(0, 0, 0.00000000000000000000e+00) (0, 0, 0.00000000000000000000e+00) (0, 0, 0.00000000000000000000e+00) (0, 0, 0.00000000000000000000e+00) (0, 0, 0.00000000000000000000e+00) (0, 0, 0.00000000000000000000e+00) (0, 0, 0.00000000000000000000e+00) (0, 0, 0.00000000000000000000e+00) (0, 0, 0.00000000000000000000e+00) (0, 0, 0.00000000000000000000e+00) (10, 6, 5.00000000000000000000e-01) (10, 6, 5.00000000000000000000e-01) (10, 6, 5.00000000000000000000e-01) (0, 6, 0.00000000000000000000e+00) (4, 4, 5.00000000000000000000e-01) (0, 4, 0.00000000000000000000e+00) 
connections (connected_to_neuron, weight)=(0, 3.37526520873393687250e-01) (1, -7.17855509773402677975e-02) (2, -1.30398566157397310938e-01) (3, -2.36243555026161944355e+00) (4, -5.50929701634016444345e-02) (5, -4.41799863708848050692e-01) (6, -2.04252629689313280892e+00) (7, 4.52874999752162665789e-01) (8, -2.04468827177954137753e+00) (9, 1.91190734087685304532e-01) (0, 1.90974760483207384176e+00) (1, -1.77277656560802299168e+00) (2, 1.92043969191573321575e-01) (3, -1.93573612884390344746e+00) (4, 2.53126652695201070919e-01) (5, -2.22828047984305915863e-01) (6, -1.19851066536522554706e+00) (7, 2.59234847127366796471e+00) (8, -1.52845547664833203427e+00) (9, 1.66966178905390849607e+00) (0, -2.01800230991699747207e+00) (1, 3.00805784977291468252e+00) (2, 4.14873524542188565345e-01) (3, 1.02999731088765522635e+00) (4, 3.76453771229123990150e-01) (5, 5.95904612071817663121e-01) (6, 2.31823667264123756127e+00) (7, -1.99611276116826585891e+00) (8, 1.07732182676680943167e+00) (9, -1.01687609323694205798e+00) (10, -2.14240420680714382939e+00) (11, -5.29849633238568618054e+00) (12, 7.46072832482085246397e+00) (13, -7.60237013150787510618e-01) 
