FANN_FLO_2.1
num_layers=3
learning_rate=0.700000
connection_rate=1.000000
network_type=0
learning_momentum=0.000000
training_algorithm=2
train_error_function=1
train_stop_function=1
cascade_output_change_fraction=0.010000
quickprop_decay=-0.000100
quickprop_mu=1.750000
rprop_increase_factor=1.200000
rprop_decrease_factor=0.500000
rprop_delta_min=0.000000
rprop_delta_max=50.000000
rprop_delta_zero=0.100000
cascade_output_stagnation_epochs=12
cascade_candidate_change_fraction=0.010000
cascade_candidate_stagnation_epochs=12
cascade_max_out_epochs=150
cascade_min_out_epochs=50
cascade_max_cand_epochs=150
cascade_min_cand_epochs=50
cascade_num_candidate_groups=2
bit_fail_limit=1.00000000000000005551e-01
cascade_candidate_limit=1.00000000000000000000e+03
cascade_weight_multiplier=4.00000000000000022204e-01
cascade_activation_functions_count=10
cascade_activation_functions=3 5 7 8 10 11 14 15 16 17 
cascade_activation_steepnesses_count=4
cascade_activation_steepnesses=2.50000000000000000000e-01 5.00000000000000000000e-01 7.50000000000000000000e-01 1.00000000000000000000e+00 
layer_sizes=18 4 2 
scale_included=0
neurons (num_inputs, activation_function, activation_steepness)=(0, 0, 0.00000000000000000000e+00) (0, 0, 0.00000000000000000000e+00) (0, 0, 0.00000000000000000000e+00) (0, 0, 0.00000000000000000000e+00) (0, 0, 0.00000000000000000000e+00) (0, 0, 0.00000000000000000000e+00) (0, 0, 0.00000000000000000000e+00) (0, 0, 0.00000000000000000000e+00) (0, 0, 0.00000000000000000000e+00) (0, 0, 0.00000000000000000000e+00) (0, 0, 0.00000000000000000000e+00) (0, 0, 0.00000000000000000000e+00) (0, 0, 0.00000000000000000000e+00) (0, 0, 0.00000000000000000000e+00) (0, 0, 0.00000000000000000000e+00) (0, 0, 0.00000000000000000000e+00) (0, 0, 0.00000000000000000000e+00) (0, 0, 0.00000000000000000000e+00) (18, 6, 5.00000000000000000000e-01) (18, 6, 5.00000000000000000000e-01) (18, 6, 5.00000000000000000000e-01) (0, 6, 0.00000000000000000000e+00) (4, 4, 5.00000000000000000000e-01) (0, 4, 0.00000000000000000000e+00) 
connections (connected_to_neuron, weight)=(0, -5.23750899241217315883e-01) (1, 2.10930551754715089885e+00) (2, 1.00748523020206071088e+00) (3, 1.23612637996348723179e-01) (4, -6.29994013331105717768e-01) (5, -8.74805040107020759343e-01) (6, 2.05739450620891695110e+00) (7, 1.95403179692508821574e+00) (8, -1.08222643876651869466e-01) (9, -4.88072078106753126647e-01) (10, -8.85227865920314216375e-01) (11, -2.13713496023992644002e-01) (12, -7.82836578235873492559e-01) (13, -1.91125673788072703019e+00) (14, -1.86527214931728479996e+00) (15, -1.75817634010891066243e-01) (16, -1.99987179773332712784e+00) (17, 8.74760388462507143537e-02) (0, 1.23188492292536411199e+00) (1, -1.54866956690093626747e+00) (2, -2.22620114449741546281e+00) (3, 2.13480400634303346674e-01) (4, 7.43441874641378230848e-01) (5, 9.01536261562238760980e-01) (6, -3.30317930014193539279e+00) (7, -2.88363028795524645176e+00) (8, 1.37010675432622441861e+00) (9, 1.90199213904340647119e+00) (10, 8.77139514211545900935e-01) (11, 1.36716370048463353726e+00) (12, 8.46055465299089037856e-01) (13, 4.67989144690954628203e+00) (14, 4.73908210762464943144e+00) (15, 1.27412891896903524014e+00) (16, 4.77032427706444206450e+00) (17, 1.98146099124176716666e-01) (0, 6.21859035263285120365e-01) (1, -1.55139247098704924355e+00) (2, -2.11937369916917983659e+00) (3, 2.43128440124287914514e-01) (4, 4.14521582545630207228e-01) (5, 1.01129992854965777838e+00) (6, -3.25858265416086201327e+00) (7, -2.96663885296388674107e+00) (8, 1.33527482809960851284e+00) (9, 1.87417591047485254663e+00) (10, 1.02032147896660418951e+00) (11, 1.36442877116143712612e+00) (12, 3.56258206190459003615e-01) (13, 4.83423350968086662505e+00) (14, 4.80782139517986717436e+00) (15, 1.34696496041953572842e+00) (16, 4.65884128429615440581e+00) (17, 3.55227061162218138435e-01) (18, 8.89821194941383120103e-01) (19, -4.78001737811291160796e+00) (20, -4.83152432956421318266e+00) (21, 2.47322618498455215619e-01) 
