FANN_FLO_2.1
num_layers=3
learning_rate=0.700000
connection_rate=1.000000
network_type=0
learning_momentum=0.000000
training_algorithm=2
train_error_function=1
train_stop_function=1
cascade_output_change_fraction=0.010000
quickprop_decay=-0.000100
quickprop_mu=1.750000
rprop_increase_factor=1.200000
rprop_decrease_factor=0.500000
rprop_delta_min=0.000000
rprop_delta_max=50.000000
rprop_delta_zero=0.100000
cascade_output_stagnation_epochs=12
cascade_candidate_change_fraction=0.010000
cascade_candidate_stagnation_epochs=12
cascade_max_out_epochs=150
cascade_min_out_epochs=50
cascade_max_cand_epochs=150
cascade_min_cand_epochs=50
cascade_num_candidate_groups=2
bit_fail_limit=1.00000000000000005551e-01
cascade_candidate_limit=1.00000000000000000000e+03
cascade_weight_multiplier=4.00000000000000022204e-01
cascade_activation_functions_count=10
cascade_activation_functions=3 5 7 8 10 11 14 15 16 17 
cascade_activation_steepnesses_count=4
cascade_activation_steepnesses=2.50000000000000000000e-01 5.00000000000000000000e-01 7.50000000000000000000e-01 1.00000000000000000000e+00 
layer_sizes=6 4 2 
scale_included=0
neurons (num_inputs, activation_function, activation_steepness)=(0, 0, 0.00000000000000000000e+00) (0, 0, 0.00000000000000000000e+00) (0, 0, 0.00000000000000000000e+00) (0, 0, 0.00000000000000000000e+00) (0, 0, 0.00000000000000000000e+00) (0, 0, 0.00000000000000000000e+00) (6, 6, 5.00000000000000000000e-01) (6, 6, 5.00000000000000000000e-01) (6, 6, 5.00000000000000000000e-01) (0, 6, 0.00000000000000000000e+00) (4, 4, 5.00000000000000000000e-01) (0, 4, 0.00000000000000000000e+00) 
connections (connected_to_neuron, weight)=(0, -1.48416243555141846855e+00) (1, 7.29393881743873695456e+00) (2, -2.98671304796981895713e-01) (3, -1.08557317576771850121e+00) (4, 5.52149302482031512085e+00) (5, -1.01752721363922682407e+00) (0, -1.42596768361609171905e+00) (1, 6.67688404454230055585e-01) (2, 2.33139653868679186388e+00) (3, 4.58591786730410433393e+00) (4, 9.35029596133716056627e-01) (5, -2.87259424003578578422e+00) (0, 3.49925718142113284514e+00) (1, 2.00909420000754845859e+00) (2, 1.89219688261139373786e+00) (3, 9.13054475160240075482e-01) (4, 1.96698850564538130214e+00) (5, 1.93594695195507853214e+01) (6, 7.60735311699033545096e+00) (7, 1.59136607873128230750e+01) (8, -2.84478237940266831529e+00) (9, -2.96787409992928097324e+00) 
