FANN_FLO_2.1
num_layers=3
learning_rate=0.700000
connection_rate=1.000000
network_type=0
learning_momentum=0.000000
training_algorithm=2
train_error_function=1
train_stop_function=1
cascade_output_change_fraction=0.010000
quickprop_decay=-0.000100
quickprop_mu=1.750000
rprop_increase_factor=1.200000
rprop_decrease_factor=0.500000
rprop_delta_min=0.000000
rprop_delta_max=50.000000
rprop_delta_zero=0.100000
cascade_output_stagnation_epochs=12
cascade_candidate_change_fraction=0.010000
cascade_candidate_stagnation_epochs=12
cascade_max_out_epochs=150
cascade_min_out_epochs=50
cascade_max_cand_epochs=150
cascade_min_cand_epochs=50
cascade_num_candidate_groups=2
bit_fail_limit=1.00000000000000005551e-01
cascade_candidate_limit=1.00000000000000000000e+03
cascade_weight_multiplier=4.00000000000000022204e-01
cascade_activation_functions_count=10
cascade_activation_functions=3 5 7 8 10 11 14 15 16 17 
cascade_activation_steepnesses_count=4
cascade_activation_steepnesses=2.50000000000000000000e-01 5.00000000000000000000e-01 7.50000000000000000000e-01 1.00000000000000000000e+00 
layer_sizes=6 4 2 
scale_included=0
neurons (num_inputs, activation_function, activation_steepness)=(0, 0, 0.00000000000000000000e+00) (0, 0, 0.00000000000000000000e+00) (0, 0, 0.00000000000000000000e+00) (0, 0, 0.00000000000000000000e+00) (0, 0, 0.00000000000000000000e+00) (0, 0, 0.00000000000000000000e+00) (6, 6, 5.00000000000000000000e-01) (6, 6, 5.00000000000000000000e-01) (6, 6, 5.00000000000000000000e-01) (0, 6, 0.00000000000000000000e+00) (4, 4, 5.00000000000000000000e-01) (0, 4, 0.00000000000000000000e+00) 
connections (connected_to_neuron, weight)=(0, -1.02176102219518263325e+01) (1, -7.57602321026891090128e+00) (2, -2.19044169904039343066e+00) (3, 1.86289683394935501326e+00) (4, -5.03679118107324796938e+00) (5, 1.07606825684197318083e+01) (0, 1.71351319141627662646e+01) (1, -2.91617241897644652315e-01) (2, -7.38289665115577586896e-01) (3, -8.23403224389999910393e-01) (4, -1.94956332247623098652e+00) (5, -1.19236531337218965021e+00) (0, 4.37245905627214526135e+00) (1, 4.14552243430196254437e-01) (2, -8.79465809714305990497e+00) (3, 9.08785375513240512024e-02) (4, -3.06150544718681167922e+01) (5, 6.75936723682086459952e-01) (6, -1.24616738561537676588e+01) (7, 4.99603188203651971122e+00) (8, -2.94478094157723058188e+00) (9, -1.82056545108339262740e+00) 
