FANN_FLO_2.1
num_layers=3
learning_rate=0.700000
connection_rate=1.000000
network_type=0
learning_momentum=0.000000
training_algorithm=2
train_error_function=1
train_stop_function=1
cascade_output_change_fraction=0.010000
quickprop_decay=-0.000100
quickprop_mu=1.750000
rprop_increase_factor=1.200000
rprop_decrease_factor=0.500000
rprop_delta_min=0.000000
rprop_delta_max=50.000000
rprop_delta_zero=0.100000
cascade_output_stagnation_epochs=12
cascade_candidate_change_fraction=0.010000
cascade_candidate_stagnation_epochs=12
cascade_max_out_epochs=150
cascade_min_out_epochs=50
cascade_max_cand_epochs=150
cascade_min_cand_epochs=50
cascade_num_candidate_groups=2
bit_fail_limit=1.00000000000000005551e-01
cascade_candidate_limit=1.00000000000000000000e+03
cascade_weight_multiplier=4.00000000000000022204e-01
cascade_activation_functions_count=10
cascade_activation_functions=3 5 7 8 10 11 14 15 16 17 
cascade_activation_steepnesses_count=4
cascade_activation_steepnesses=2.50000000000000000000e-01 5.00000000000000000000e-01 7.50000000000000000000e-01 1.00000000000000000000e+00 
layer_sizes=6 4 2 
scale_included=0
neurons (num_inputs, activation_function, activation_steepness)=(0, 0, 0.00000000000000000000e+00) (0, 0, 0.00000000000000000000e+00) (0, 0, 0.00000000000000000000e+00) (0, 0, 0.00000000000000000000e+00) (0, 0, 0.00000000000000000000e+00) (0, 0, 0.00000000000000000000e+00) (6, 6, 5.00000000000000000000e-01) (6, 6, 5.00000000000000000000e-01) (6, 6, 5.00000000000000000000e-01) (0, 6, 0.00000000000000000000e+00) (4, 4, 5.00000000000000000000e-01) (0, 4, 0.00000000000000000000e+00) 
connections (connected_to_neuron, weight)=(0, -6.55618502575644579444e-01) (1, 1.41668308503914364138e+00) (2, 2.20228996719300340601e+00) (3, 5.93156661323676281938e-01) (4, 1.36596086106997360865e+00) (5, -2.43425429445701491105e+00) (0, 2.27112470490908835430e+00) (1, 1.77347092059128730313e+00) (2, -1.98242063211778485332e+00) (3, 6.10380852185704814161e-01) (4, -9.64246965789265786384e+00) (5, 5.97110904280962184743e+00) (0, -7.11423500258215990577e-01) (1, 1.43092616625118740359e+00) (2, 2.26375010828554223963e+00) (3, 1.89844509136391548232e+00) (4, 1.41491495303612579981e+00) (5, -2.85594247271318790737e+00) (6, 9.71848818963381262392e+01) (7, -1.75462718736337719427e+00) (8, 1.90629329110186809260e+01) (9, -5.98477130967554393770e-01) 
