FANN_FLO_2.1
num_layers=3
learning_rate=0.700000
connection_rate=1.000000
network_type=0
learning_momentum=0.000000
training_algorithm=2
train_error_function=1
train_stop_function=1
cascade_output_change_fraction=0.010000
quickprop_decay=-0.000100
quickprop_mu=1.750000
rprop_increase_factor=1.200000
rprop_decrease_factor=0.500000
rprop_delta_min=0.000000
rprop_delta_max=50.000000
rprop_delta_zero=0.100000
cascade_output_stagnation_epochs=12
cascade_candidate_change_fraction=0.010000
cascade_candidate_stagnation_epochs=12
cascade_max_out_epochs=150
cascade_min_out_epochs=50
cascade_max_cand_epochs=150
cascade_min_cand_epochs=50
cascade_num_candidate_groups=2
bit_fail_limit=1.00000000000000005551e-01
cascade_candidate_limit=1.00000000000000000000e+03
cascade_weight_multiplier=4.00000000000000022204e-01
cascade_activation_functions_count=10
cascade_activation_functions=3 5 7 8 10 11 14 15 16 17 
cascade_activation_steepnesses_count=4
cascade_activation_steepnesses=2.50000000000000000000e-01 5.00000000000000000000e-01 7.50000000000000000000e-01 1.00000000000000000000e+00 
layer_sizes=9 4 2 
scale_included=0
neurons (num_inputs, activation_function, activation_steepness)=(0, 0, 0.00000000000000000000e+00) (0, 0, 0.00000000000000000000e+00) (0, 0, 0.00000000000000000000e+00) (0, 0, 0.00000000000000000000e+00) (0, 0, 0.00000000000000000000e+00) (0, 0, 0.00000000000000000000e+00) (0, 0, 0.00000000000000000000e+00) (0, 0, 0.00000000000000000000e+00) (0, 0, 0.00000000000000000000e+00) (9, 6, 5.00000000000000000000e-01) (9, 6, 5.00000000000000000000e-01) (9, 6, 5.00000000000000000000e-01) (0, 6, 0.00000000000000000000e+00) (4, 4, 5.00000000000000000000e-01) (0, 4, 0.00000000000000000000e+00) 
connections (connected_to_neuron, weight)=(0, -4.27538102029188404885e+00) (1, 5.82610368013368185025e-01) (2, 6.49385626668998749977e+00) (3, 1.69444785012034793148e+00) (4, 2.70654084614231738026e-01) (5, 3.62985141367110020205e-01) (6, 3.28330375045927769229e-01) (7, -1.11124040227391862601e+00) (8, -1.07199783795982961365e+00) (0, 3.40055769083807479802e+00) (1, 6.51988765305663076077e-01) (2, -1.02206626371215971716e+01) (3, -3.54533661745300809898e+00) (4, 3.34816926983870777335e-01) (5, 5.22792187455168200216e-01) (6, 5.50236907723417711935e-01) (7, 5.89466244022649799028e-01) (8, 8.85611989617751116377e-01) (0, 8.43712844743391343627e+00) (1, -6.21288493833221711071e+00) (2, -1.96950988402051452297e+00) (3, -3.24800538377545899849e+00) (4, -3.42399507381130896455e-01) (5, -1.25455494559886671091e+00) (6, -1.11728835068228504745e+00) (7, 3.12304212734679342844e-01) (8, 5.83260049088256060656e+00) (9, 1.94751358545227981622e+00) (10, -9.47919416714015805603e-01) (11, -4.21431575035419392350e+00) (12, -2.10807663270353007334e+00) 
