FANN_FLO_2.1
num_layers=3
learning_rate=0.700000
connection_rate=1.000000
network_type=0
learning_momentum=0.000000
training_algorithm=2
train_error_function=1
train_stop_function=1
cascade_output_change_fraction=0.010000
quickprop_decay=-0.000100
quickprop_mu=1.750000
rprop_increase_factor=1.200000
rprop_decrease_factor=0.500000
rprop_delta_min=0.000000
rprop_delta_max=50.000000
rprop_delta_zero=0.100000
cascade_output_stagnation_epochs=12
cascade_candidate_change_fraction=0.010000
cascade_candidate_stagnation_epochs=12
cascade_max_out_epochs=150
cascade_min_out_epochs=50
cascade_max_cand_epochs=150
cascade_min_cand_epochs=50
cascade_num_candidate_groups=2
bit_fail_limit=1.00000000000000005551e-01
cascade_candidate_limit=1.00000000000000000000e+03
cascade_weight_multiplier=4.00000000000000022204e-01
cascade_activation_functions_count=10
cascade_activation_functions=3 5 7 8 10 11 14 15 16 17 
cascade_activation_steepnesses_count=4
cascade_activation_steepnesses=2.50000000000000000000e-01 5.00000000000000000000e-01 7.50000000000000000000e-01 1.00000000000000000000e+00 
layer_sizes=9 4 2 
scale_included=0
neurons (num_inputs, activation_function, activation_steepness)=(0, 0, 0.00000000000000000000e+00) (0, 0, 0.00000000000000000000e+00) (0, 0, 0.00000000000000000000e+00) (0, 0, 0.00000000000000000000e+00) (0, 0, 0.00000000000000000000e+00) (0, 0, 0.00000000000000000000e+00) (0, 0, 0.00000000000000000000e+00) (0, 0, 0.00000000000000000000e+00) (0, 0, 0.00000000000000000000e+00) (9, 6, 5.00000000000000000000e-01) (9, 6, 5.00000000000000000000e-01) (9, 6, 5.00000000000000000000e-01) (0, 6, 0.00000000000000000000e+00) (4, 4, 5.00000000000000000000e-01) (0, 4, 0.00000000000000000000e+00) 
connections (connected_to_neuron, weight)=(0, -2.38918229988342556425e+00) (1, 2.06072206998864526639e+00) (2, 7.25365737341150840223e-01) (3, 8.00576796095861853431e-01) (4, 2.46270485187666948734e-02) (5, -9.17686636861373417062e-01) (6, -1.03281830933313534260e+00) (7, -9.91562406834174847603e-01) (8, -5.11163855666266875311e-01) (0, 9.39140258301048191925e+00) (1, -2.73638821285452316090e+00) (2, -1.80585634646564363592e+00) (3, -2.00263224022351993270e+00) (4, 5.77108604381150636087e-01) (5, 2.16984147788542935942e+00) (6, 2.16635184945124814604e+00) (7, 2.06515847356576109917e+00) (8, 1.70846416040231918743e+00) (0, -4.18004391785195572595e+00) (1, 2.30457554776767814531e+00) (2, 1.74453419623673378069e+00) (3, 1.86185965155802612969e+00) (4, 3.97968250803703738061e-01) (5, -2.16230611387125470912e+00) (6, -2.09093356761566706581e+00) (7, -2.56936939951535769922e+00) (8, -8.80411311552290576365e-01) (9, 1.55124195431930100852e+00) (10, -5.16688043918069972449e+00) (11, 7.66752294453580063305e+00) (12, -8.19389132935367414667e-01) 
