FANN_FLO_2.1
num_layers=3
learning_rate=0.700000
connection_rate=1.000000
network_type=0
learning_momentum=0.000000
training_algorithm=2
train_error_function=1
train_stop_function=1
cascade_output_change_fraction=0.010000
quickprop_decay=-0.000100
quickprop_mu=1.750000
rprop_increase_factor=1.200000
rprop_decrease_factor=0.500000
rprop_delta_min=0.000000
rprop_delta_max=50.000000
rprop_delta_zero=0.100000
cascade_output_stagnation_epochs=12
cascade_candidate_change_fraction=0.010000
cascade_candidate_stagnation_epochs=12
cascade_max_out_epochs=150
cascade_min_out_epochs=50
cascade_max_cand_epochs=150
cascade_min_cand_epochs=50
cascade_num_candidate_groups=2
bit_fail_limit=1.00000000000000005551e-01
cascade_candidate_limit=1.00000000000000000000e+03
cascade_weight_multiplier=4.00000000000000022204e-01
cascade_activation_functions_count=10
cascade_activation_functions=3 5 7 8 10 11 14 15 16 17 
cascade_activation_steepnesses_count=4
cascade_activation_steepnesses=2.50000000000000000000e-01 5.00000000000000000000e-01 7.50000000000000000000e-01 1.00000000000000000000e+00 
layer_sizes=11 4 2 
scale_included=0
neurons (num_inputs, activation_function, activation_steepness)=(0, 0, 0.00000000000000000000e+00) (0, 0, 0.00000000000000000000e+00) (0, 0, 0.00000000000000000000e+00) (0, 0, 0.00000000000000000000e+00) (0, 0, 0.00000000000000000000e+00) (0, 0, 0.00000000000000000000e+00) (0, 0, 0.00000000000000000000e+00) (0, 0, 0.00000000000000000000e+00) (0, 0, 0.00000000000000000000e+00) (0, 0, 0.00000000000000000000e+00) (0, 0, 0.00000000000000000000e+00) (11, 6, 5.00000000000000000000e-01) (11, 6, 5.00000000000000000000e-01) (11, 6, 5.00000000000000000000e-01) (0, 6, 0.00000000000000000000e+00) (4, 4, 5.00000000000000000000e-01) (0, 4, 0.00000000000000000000e+00) 
connections (connected_to_neuron, weight)=(0, 4.71472684560485504335e+01) (1, -8.90927200645622896502e+00) (2, -1.02609429454356622102e+01) (3, -3.01960597957611831532e+00) (4, 5.70995055023810982320e-01) (5, -8.38905671610984349229e+00) (6, -1.54099054854332653264e+01) (7, 1.78103102479454245000e+00) (8, -1.78914845328153537807e+00) (9, -2.46386262060075322822e+00) (10, 1.36831945743709351149e+01) (0, 4.47486100819766896564e+00) (1, -1.02297088146962408817e-01) (2, -7.15480283386030979642e-01) (3, 4.72822648632124420409e-01) (4, 7.80663969752666608848e-01) (5, 1.15091785735587581740e+00) (6, -1.31771478426689245822e+01) (7, 2.73398762644694814927e-01) (8, 3.54379741871836850819e-01) (9, 6.46017278165306296778e-01) (10, 9.55661447088886895074e-01) (0, 5.08924171821263797710e+01) (1, -8.62740866833645547729e+00) (2, -9.72444089206158679417e+00) (3, -3.03589889432431014882e+00) (4, 4.92840967957125120069e-01) (5, -9.41143371605198453267e+00) (6, -1.52629653751243843374e+01) (7, 2.11753762839038239818e+00) (8, -2.65814252824156582733e+00) (9, -3.28801529020968841266e+00) (10, 1.31379162728403642291e+01) (11, -3.37760262004707527694e+01) (12, -9.04275597016670573680e+00) (13, -7.83656608478675451579e+01) (14, -2.81531955212072082517e+00) 
