FANN_FLO_2.1
num_layers=3
learning_rate=0.700000
connection_rate=1.000000
network_type=0
learning_momentum=0.000000
training_algorithm=2
train_error_function=1
train_stop_function=1
cascade_output_change_fraction=0.010000
quickprop_decay=-0.000100
quickprop_mu=1.750000
rprop_increase_factor=1.200000
rprop_decrease_factor=0.500000
rprop_delta_min=0.000000
rprop_delta_max=50.000000
rprop_delta_zero=0.100000
cascade_output_stagnation_epochs=12
cascade_candidate_change_fraction=0.010000
cascade_candidate_stagnation_epochs=12
cascade_max_out_epochs=150
cascade_min_out_epochs=50
cascade_max_cand_epochs=150
cascade_min_cand_epochs=50
cascade_num_candidate_groups=2
bit_fail_limit=1.00000000000000005551e-01
cascade_candidate_limit=1.00000000000000000000e+03
cascade_weight_multiplier=4.00000000000000022204e-01
cascade_activation_functions_count=10
cascade_activation_functions=3 5 7 8 10 11 14 15 16 17 
cascade_activation_steepnesses_count=4
cascade_activation_steepnesses=2.50000000000000000000e-01 5.00000000000000000000e-01 7.50000000000000000000e-01 1.00000000000000000000e+00 
layer_sizes=17 4 2 
scale_included=0
neurons (num_inputs, activation_function, activation_steepness)=(0, 0, 0.00000000000000000000e+00) (0, 0, 0.00000000000000000000e+00) (0, 0, 0.00000000000000000000e+00) (0, 0, 0.00000000000000000000e+00) (0, 0, 0.00000000000000000000e+00) (0, 0, 0.00000000000000000000e+00) (0, 0, 0.00000000000000000000e+00) (0, 0, 0.00000000000000000000e+00) (0, 0, 0.00000000000000000000e+00) (0, 0, 0.00000000000000000000e+00) (0, 0, 0.00000000000000000000e+00) (0, 0, 0.00000000000000000000e+00) (0, 0, 0.00000000000000000000e+00) (0, 0, 0.00000000000000000000e+00) (0, 0, 0.00000000000000000000e+00) (0, 0, 0.00000000000000000000e+00) (0, 0, 0.00000000000000000000e+00) (17, 6, 5.00000000000000000000e-01) (17, 6, 5.00000000000000000000e-01) (17, 6, 5.00000000000000000000e-01) (0, 6, 0.00000000000000000000e+00) (4, 4, 5.00000000000000000000e-01) (0, 4, 0.00000000000000000000e+00) 
connections (connected_to_neuron, weight)=(0, -2.04760052471485520798e+00) (1, -3.46612518114117795776e+00) (2, 1.29192103468049057646e+00) (3, -2.26170698937327330214e+00) (4, -1.11926364976664416417e+00) (5, -7.94093528560180117459e-01) (6, -8.48596204842680390534e-01) (7, -1.20599495563765324313e+00) (8, 5.10029282443041598327e+00) (9, 6.57128680234671058713e+00) (10, -2.29045610739033594916e-02) (11, 9.37416908815457716742e+00) (12, -1.09641141433460220789e+00) (13, -1.85243031584578177196e+00) (14, -1.09003138528225429482e+00) (15, 5.26353744051725636055e-01) (16, -3.76856363108974790066e+00) (0, 6.92933902984337185549e-02) (1, 1.60152835585030173249e+00) (2, 5.64008019877319366486e+00) (3, -1.60038450433569479081e+00) (4, 1.51534914676693055480e-01) (5, -1.53784236465864282417e-01) (6, -4.79962639250249706313e-02) (7, 6.00045068418021965151e-02) (8, 1.24872158483542117224e+00) (9, -1.83405959610500124413e+00) (10, 1.46035162514421013036e+00) (11, 3.26920028532929118903e-01) (12, -1.38594332189195118543e-01) (13, -1.46816308331382217034e+00) (14, 7.08086797307684728819e-02) (15, 2.30285986946604381842e+00) (16, -1.85148067247436665106e+00) (0, -1.39360137275732088452e-02) (1, -1.75120151186052197545e+00) (2, -1.75971102304507992509e-01) (3, 5.46767961695350454554e-02) (4, -1.77959523947135239696e-01) (5, -7.56588590451865578013e-02) (6, -2.06813320036094178134e-01) (7, -1.50216572208439008707e-01) (8, -5.75652005625639451303e-01) (9, 4.16459776346006949055e-01) (10, -4.22119617552263992621e+00) (11, 6.62096032834930903199e-01) (12, -1.92905689819037121091e-02) (13, 1.77955775337772514888e-01) (14, -1.38700282048384249123e-01) (15, -2.07131546928603960112e+00) (16, 1.28747179774447806366e+00) (17, 1.18615876753999991422e+01) (18, 1.68532708282654191123e+01) (19, -1.38440204732524012599e+01) (20, -9.25670904647444614533e-01) 
