FANN_FLO_2.1
num_layers=3
learning_rate=0.700000
connection_rate=1.000000
network_type=0
learning_momentum=0.000000
training_algorithm=2
train_error_function=1
train_stop_function=1
cascade_output_change_fraction=0.010000
quickprop_decay=-0.000100
quickprop_mu=1.750000
rprop_increase_factor=1.200000
rprop_decrease_factor=0.500000
rprop_delta_min=0.000000
rprop_delta_max=50.000000
rprop_delta_zero=0.100000
cascade_output_stagnation_epochs=12
cascade_candidate_change_fraction=0.010000
cascade_candidate_stagnation_epochs=12
cascade_max_out_epochs=150
cascade_min_out_epochs=50
cascade_max_cand_epochs=150
cascade_min_cand_epochs=50
cascade_num_candidate_groups=2
bit_fail_limit=1.00000000000000005551e-01
cascade_candidate_limit=1.00000000000000000000e+03
cascade_weight_multiplier=4.00000000000000022204e-01
cascade_activation_functions_count=10
cascade_activation_functions=3 5 7 8 10 11 14 15 16 17 
cascade_activation_steepnesses_count=4
cascade_activation_steepnesses=2.50000000000000000000e-01 5.00000000000000000000e-01 7.50000000000000000000e-01 1.00000000000000000000e+00 
layer_sizes=9 4 2 
scale_included=0
neurons (num_inputs, activation_function, activation_steepness)=(0, 0, 0.00000000000000000000e+00) (0, 0, 0.00000000000000000000e+00) (0, 0, 0.00000000000000000000e+00) (0, 0, 0.00000000000000000000e+00) (0, 0, 0.00000000000000000000e+00) (0, 0, 0.00000000000000000000e+00) (0, 0, 0.00000000000000000000e+00) (0, 0, 0.00000000000000000000e+00) (0, 0, 0.00000000000000000000e+00) (9, 6, 5.00000000000000000000e-01) (9, 6, 5.00000000000000000000e-01) (9, 6, 5.00000000000000000000e-01) (0, 6, 0.00000000000000000000e+00) (4, 4, 5.00000000000000000000e-01) (0, 4, 0.00000000000000000000e+00) 
connections (connected_to_neuron, weight)=(0, 9.78315081970687339119e-02) (1, 6.76704170248718761549e-01) (2, 7.85969501048467134030e-02) (3, 1.28871731343902090616e-01) (4, 5.76946619900863752473e-02) (5, 3.82486258157830119608e-02) (6, -2.42073642995538733380e-02) (7, -1.33999390367235238219e-01) (8, 2.33064096925137860528e-02) (0, 8.44608471977319363866e-01) (1, -1.34347309079416876720e+00) (2, -1.06739102800921092928e+00) (3, 3.97151341110480032848e-02) (4, 7.51759401637265844975e-01) (5, 7.11641469287480954442e-01) (6, 7.18238310205545071874e-01) (7, 2.07761766189036833907e+00) (8, 5.77172448241016211590e-01) (0, -8.77178307944377344540e-01) (1, 2.37430839661372772298e+00) (2, 1.07265239724955541156e+00) (3, 2.84162475821059357095e-01) (4, -3.74673386694809429365e-01) (5, -3.47762679340263836103e-01) (6, -4.13283830167671673017e-01) (7, -1.57620279054490408654e+00) (8, -3.11835843728401784780e-01) (9, 5.95789514685870380539e-01) (10, -2.61658142435262703884e+01) (11, 1.11937997534434230396e+00) (12, -1.85470284985459588079e+00) 
