FANN_FLO_2.1
num_layers=3
learning_rate=0.700000
connection_rate=1.000000
network_type=0
learning_momentum=0.000000
training_algorithm=2
train_error_function=1
train_stop_function=1
cascade_output_change_fraction=0.010000
quickprop_decay=-0.000100
quickprop_mu=1.750000
rprop_increase_factor=1.200000
rprop_decrease_factor=0.500000
rprop_delta_min=0.000000
rprop_delta_max=50.000000
rprop_delta_zero=0.100000
cascade_output_stagnation_epochs=12
cascade_candidate_change_fraction=0.010000
cascade_candidate_stagnation_epochs=12
cascade_max_out_epochs=150
cascade_min_out_epochs=50
cascade_max_cand_epochs=150
cascade_min_cand_epochs=50
cascade_num_candidate_groups=2
bit_fail_limit=1.00000000000000005551e-01
cascade_candidate_limit=1.00000000000000000000e+03
cascade_weight_multiplier=4.00000000000000022204e-01
cascade_activation_functions_count=10
cascade_activation_functions=3 5 7 8 10 11 14 15 16 17 
cascade_activation_steepnesses_count=4
cascade_activation_steepnesses=2.50000000000000000000e-01 5.00000000000000000000e-01 7.50000000000000000000e-01 1.00000000000000000000e+00 
layer_sizes=9 4 2 
scale_included=0
neurons (num_inputs, activation_function, activation_steepness)=(0, 0, 0.00000000000000000000e+00) (0, 0, 0.00000000000000000000e+00) (0, 0, 0.00000000000000000000e+00) (0, 0, 0.00000000000000000000e+00) (0, 0, 0.00000000000000000000e+00) (0, 0, 0.00000000000000000000e+00) (0, 0, 0.00000000000000000000e+00) (0, 0, 0.00000000000000000000e+00) (0, 0, 0.00000000000000000000e+00) (9, 6, 5.00000000000000000000e-01) (9, 6, 5.00000000000000000000e-01) (9, 6, 5.00000000000000000000e-01) (0, 6, 0.00000000000000000000e+00) (4, 4, 5.00000000000000000000e-01) (0, 4, 0.00000000000000000000e+00) 
connections (connected_to_neuron, weight)=(0, 7.72972066766967391693e-01) (1, -2.38248742033811744534e-01) (2, -1.28473096098558503542e+00) (3, -2.16172220494063349605e+00) (4, 1.92805548143872573785e-01) (5, 1.34409205828862954313e-01) (6, 1.08954215263085893439e-01) (7, 1.63208586241120584548e-01) (8, 4.86362629356816844606e-01) (0, 7.83139002389659499848e-01) (1, -4.20545129885050328333e-01) (2, -1.21090824659721452150e+00) (3, -1.66313910833265410361e+00) (4, 2.11891417336949661188e-01) (5, 4.43090403723292655669e-02) (6, 1.04034112607198289679e-01) (7, 2.51023327077740998625e-01) (8, 5.24871633174851970338e-01) (0, -2.84218228108527837250e+00) (1, 2.77689531051251670135e+00) (2, 1.87699726555983970044e+00) (3, 1.60673631495118907075e+00) (4, -3.62471021941102533592e-01) (5, 7.13335347057999502596e-01) (6, 7.04989564301194082674e-01) (7, -4.06920897088391519958e-01) (8, -2.91485318786742864106e+00) (9, -9.72423157408995875173e-01) (10, -1.31075856160358283908e+00) (11, 9.80032093837410833714e+00) (12, -2.08427838492085193423e+00) 
