FANN_FLO_2.1
num_layers=3
learning_rate=0.700000
connection_rate=1.000000
network_type=0
learning_momentum=0.000000
training_algorithm=2
train_error_function=1
train_stop_function=1
cascade_output_change_fraction=0.010000
quickprop_decay=-0.000100
quickprop_mu=1.750000
rprop_increase_factor=1.200000
rprop_decrease_factor=0.500000
rprop_delta_min=0.000000
rprop_delta_max=50.000000
rprop_delta_zero=0.100000
cascade_output_stagnation_epochs=12
cascade_candidate_change_fraction=0.010000
cascade_candidate_stagnation_epochs=12
cascade_max_out_epochs=150
cascade_min_out_epochs=50
cascade_max_cand_epochs=150
cascade_min_cand_epochs=50
cascade_num_candidate_groups=2
bit_fail_limit=1.00000000000000005551e-01
cascade_candidate_limit=1.00000000000000000000e+03
cascade_weight_multiplier=4.00000000000000022204e-01
cascade_activation_functions_count=10
cascade_activation_functions=3 5 7 8 10 11 14 15 16 17 
cascade_activation_steepnesses_count=4
cascade_activation_steepnesses=2.50000000000000000000e-01 5.00000000000000000000e-01 7.50000000000000000000e-01 1.00000000000000000000e+00 
layer_sizes=13 4 2 
scale_included=0
neurons (num_inputs, activation_function, activation_steepness)=(0, 0, 0.00000000000000000000e+00) (0, 0, 0.00000000000000000000e+00) (0, 0, 0.00000000000000000000e+00) (0, 0, 0.00000000000000000000e+00) (0, 0, 0.00000000000000000000e+00) (0, 0, 0.00000000000000000000e+00) (0, 0, 0.00000000000000000000e+00) (0, 0, 0.00000000000000000000e+00) (0, 0, 0.00000000000000000000e+00) (0, 0, 0.00000000000000000000e+00) (0, 0, 0.00000000000000000000e+00) (0, 0, 0.00000000000000000000e+00) (0, 0, 0.00000000000000000000e+00) (13, 6, 5.00000000000000000000e-01) (13, 6, 5.00000000000000000000e-01) (13, 6, 5.00000000000000000000e-01) (0, 6, 0.00000000000000000000e+00) (4, 4, 5.00000000000000000000e-01) (0, 4, 0.00000000000000000000e+00) 
connections (connected_to_neuron, weight)=(0, 1.04025283486979236436e+00) (1, 2.03007038876270051730e+00) (2, 3.08536395521891027016e+00) (3, -1.09361050140524751484e+00) (4, 2.86643761568504951143e+00) (5, -1.72716760604108299226e+00) (6, 2.83774529780270201584e+00) (7, 3.11351204411833570873e+00) (8, 2.66604407517917163517e+00) (9, 2.51289660426465655263e+00) (10, 2.63193729443265755918e+00) (11, 3.10060890110266118569e+00) (12, -3.27114938243551733876e+00) (0, -5.68985231567069327241e+00) (1, 9.78519340278875837669e+00) (2, -4.65130066703538780359e+00) (3, 1.98667872032510288705e+01) (4, 7.14959475423523649340e+00) (5, 2.41423046796403149017e+01) (6, -1.39465849115891549204e+00) (7, -3.04631807557189793201e+00) (8, 2.79459055656110422206e+00) (9, -3.07113751709733373563e-01) (10, -1.53234876347242856554e+01) (11, -4.09172503104742801838e+00) (12, 2.47898123792852542735e+00) (0, -1.01153797494972205739e-01) (1, -3.52204759247346677054e-01) (2, -2.22616945779597813493e-01) (3, 5.46416658250448161738e+00) (4, 1.56209192038370359157e+00) (5, 5.33484269264979182879e+00) (6, -2.38916688721505554582e+00) (7, 2.46940609754060458325e-01) (8, 2.48476586372898600175e-01) (9, 5.12923660591755092852e-01) (10, 5.63914444835822870061e-01) (11, -7.19791045404650081663e-02) (12, 2.53993229968073053193e-01) (13, 7.58197331825703599861e+01) (14, -2.18696681929477554363e+00) (15, -8.30646195974783285720e-01) (16, -1.30230741129053595451e+00) 
