FANN_FLO_2.1
num_layers=3
learning_rate=0.700000
connection_rate=1.000000
network_type=0
learning_momentum=0.000000
training_algorithm=2
train_error_function=1
train_stop_function=1
cascade_output_change_fraction=0.010000
quickprop_decay=-0.000100
quickprop_mu=1.750000
rprop_increase_factor=1.200000
rprop_decrease_factor=0.500000
rprop_delta_min=0.000000
rprop_delta_max=50.000000
rprop_delta_zero=0.100000
cascade_output_stagnation_epochs=12
cascade_candidate_change_fraction=0.010000
cascade_candidate_stagnation_epochs=12
cascade_max_out_epochs=150
cascade_min_out_epochs=50
cascade_max_cand_epochs=150
cascade_min_cand_epochs=50
cascade_num_candidate_groups=2
bit_fail_limit=1.00000000000000005551e-01
cascade_candidate_limit=1.00000000000000000000e+03
cascade_weight_multiplier=4.00000000000000022204e-01
cascade_activation_functions_count=10
cascade_activation_functions=3 5 7 8 10 11 14 15 16 17 
cascade_activation_steepnesses_count=4
cascade_activation_steepnesses=2.50000000000000000000e-01 5.00000000000000000000e-01 7.50000000000000000000e-01 1.00000000000000000000e+00 
layer_sizes=10 4 2 
scale_included=0
neurons (num_inputs, activation_function, activation_steepness)=(0, 0, 0.00000000000000000000e+00) (0, 0, 0.00000000000000000000e+00) (0, 0, 0.00000000000000000000e+00) (0, 0, 0.00000000000000000000e+00) (0, 0, 0.00000000000000000000e+00) (0, 0, 0.00000000000000000000e+00) (0, 0, 0.00000000000000000000e+00) (0, 0, 0.00000000000000000000e+00) (0, 0, 0.00000000000000000000e+00) (0, 0, 0.00000000000000000000e+00) (10, 6, 5.00000000000000000000e-01) (10, 6, 5.00000000000000000000e-01) (10, 6, 5.00000000000000000000e-01) (0, 6, 0.00000000000000000000e+00) (4, 4, 5.00000000000000000000e-01) (0, 4, 0.00000000000000000000e+00) 
connections (connected_to_neuron, weight)=(0, -1.01150466296087628848e+01) (1, -4.59940178586189585275e+00) (2, -4.01130815439926280419e+01) (3, -3.15354870535482811889e+00) (4, 9.87802255157955784171e+01) (5, 4.60631001817447138791e+00) (6, 2.95096673087906635757e+00) (7, 6.86028962041127066129e+00) (8, 1.84075364074298586381e+00) (9, 8.12071691501512660238e+00) (0, -2.36438064334618980311e+00) (1, -1.59038827835160390123e+00) (2, -1.47157583647480372235e+00) (3, -5.05809580090030941335e+00) (4, -2.61453013088078112247e+00) (5, -1.83079982535934737697e+00) (6, -1.37152563835220453470e+00) (7, -1.58048748837375896414e+00) (8, -2.04483982584926682335e+00) (9, 3.61684205094009358916e+00) (0, -1.17241324754685418696e+01) (1, -9.61561095142200894514e-01) (2, 2.97822927334151144052e+00) (3, 1.50000000000000000000e+03) (4, -1.45322786912400053749e-01) (5, -7.09001873648046787579e-01) (6, 2.35609722412714078787e-01) (7, -2.11171969181086938150e+00) (8, -1.04166406950710643819e+00) (9, 2.84665096900913638933e+00) (10, -1.18690355199251271756e+01) (11, -3.47481985792946517222e+01) (12, -2.24715229110982122052e+01) (13, -2.41954771149413438991e+00) 
