FANN_FLO_2.1
num_layers=3
learning_rate=0.700000
connection_rate=1.000000
network_type=0
learning_momentum=0.000000
training_algorithm=2
train_error_function=1
train_stop_function=1
cascade_output_change_fraction=0.010000
quickprop_decay=-0.000100
quickprop_mu=1.750000
rprop_increase_factor=1.200000
rprop_decrease_factor=0.500000
rprop_delta_min=0.000000
rprop_delta_max=50.000000
rprop_delta_zero=0.100000
cascade_output_stagnation_epochs=12
cascade_candidate_change_fraction=0.010000
cascade_candidate_stagnation_epochs=12
cascade_max_out_epochs=150
cascade_min_out_epochs=50
cascade_max_cand_epochs=150
cascade_min_cand_epochs=50
cascade_num_candidate_groups=2
bit_fail_limit=1.00000000000000005551e-01
cascade_candidate_limit=1.00000000000000000000e+03
cascade_weight_multiplier=4.00000000000000022204e-01
cascade_activation_functions_count=10
cascade_activation_functions=3 5 7 8 10 11 14 15 16 17 
cascade_activation_steepnesses_count=4
cascade_activation_steepnesses=2.50000000000000000000e-01 5.00000000000000000000e-01 7.50000000000000000000e-01 1.00000000000000000000e+00 
layer_sizes=8 4 2 
scale_included=0
neurons (num_inputs, activation_function, activation_steepness)=(0, 0, 0.00000000000000000000e+00) (0, 0, 0.00000000000000000000e+00) (0, 0, 0.00000000000000000000e+00) (0, 0, 0.00000000000000000000e+00) (0, 0, 0.00000000000000000000e+00) (0, 0, 0.00000000000000000000e+00) (0, 0, 0.00000000000000000000e+00) (0, 0, 0.00000000000000000000e+00) (8, 6, 5.00000000000000000000e-01) (8, 6, 5.00000000000000000000e-01) (8, 6, 5.00000000000000000000e-01) (0, 6, 0.00000000000000000000e+00) (4, 4, 5.00000000000000000000e-01) (0, 4, 0.00000000000000000000e+00) 
connections (connected_to_neuron, weight)=(0, 5.68535355805828768183e+00) (1, -5.12983942869294828881e+00) (2, -3.05815213465235613555e+00) (3, -1.02431558586948430190e+01) (4, -4.89801660050204734631e+00) (5, -5.40496293563571938989e+00) (6, 1.35752173279002197326e+00) (7, 6.37507079257948294781e+00) (0, 5.94825477950102765590e+00) (1, -4.17696487566094720734e+00) (2, -7.22899968055731712013e+00) (3, -1.31859100064486334247e+00) (4, -3.62291234330948874742e+00) (5, -1.30767252214079867656e+01) (6, 5.53977358755406079638e+00) (7, 7.24009771287393988359e+00) (0, 6.15240551036048533007e+00) (1, -5.44112211832766590192e+00) (2, -8.66903831120198553606e+00) (3, -5.10094803361285720200e+00) (4, 5.85989493534106897776e-01) (5, -2.44298277577971179042e+00) (6, 1.45301603159617780392e+01) (7, 6.26412409300437289517e+00) (8, -8.43291399997199775385e+00) (9, -1.78741066839573292668e+01) (10, -3.38347969161312667197e+00) (11, -7.55014576607204057623e-01) 
