FANN_FLO_2.1
num_layers=3
learning_rate=0.700000
connection_rate=1.000000
network_type=0
learning_momentum=0.000000
training_algorithm=2
train_error_function=1
train_stop_function=1
cascade_output_change_fraction=0.010000
quickprop_decay=-0.000100
quickprop_mu=1.750000
rprop_increase_factor=1.200000
rprop_decrease_factor=0.500000
rprop_delta_min=0.000000
rprop_delta_max=50.000000
rprop_delta_zero=0.100000
cascade_output_stagnation_epochs=12
cascade_candidate_change_fraction=0.010000
cascade_candidate_stagnation_epochs=12
cascade_max_out_epochs=150
cascade_min_out_epochs=50
cascade_max_cand_epochs=150
cascade_min_cand_epochs=50
cascade_num_candidate_groups=2
bit_fail_limit=1.00000000000000005551e-01
cascade_candidate_limit=1.00000000000000000000e+03
cascade_weight_multiplier=4.00000000000000022204e-01
cascade_activation_functions_count=10
cascade_activation_functions=3 5 7 8 10 11 14 15 16 17 
cascade_activation_steepnesses_count=4
cascade_activation_steepnesses=2.50000000000000000000e-01 5.00000000000000000000e-01 7.50000000000000000000e-01 1.00000000000000000000e+00 
layer_sizes=9 4 2 
scale_included=0
neurons (num_inputs, activation_function, activation_steepness)=(0, 0, 0.00000000000000000000e+00) (0, 0, 0.00000000000000000000e+00) (0, 0, 0.00000000000000000000e+00) (0, 0, 0.00000000000000000000e+00) (0, 0, 0.00000000000000000000e+00) (0, 0, 0.00000000000000000000e+00) (0, 0, 0.00000000000000000000e+00) (0, 0, 0.00000000000000000000e+00) (0, 0, 0.00000000000000000000e+00) (9, 6, 5.00000000000000000000e-01) (9, 6, 5.00000000000000000000e-01) (9, 6, 5.00000000000000000000e-01) (0, 6, 0.00000000000000000000e+00) (4, 4, 5.00000000000000000000e-01) (0, 4, 0.00000000000000000000e+00) 
connections (connected_to_neuron, weight)=(0, -4.60698045837719449835e-01) (1, 6.00921433065538468377e-01) (2, 1.87966473451738502742e-01) (3, 1.14716594339242616840e+00) (4, 8.72319657262837222511e-02) (5, -1.43802681319765174317e-01) (6, -6.34830105337014338751e-01) (7, -2.51330864929012354203e-01) (8, 3.46703306597978266890e-02) (0, -1.80390051148665042646e+00) (1, 2.32092100114090138518e+00) (2, 2.58575352676065628454e-01) (3, 7.07507265113001260204e+00) (4, -2.18105236436754723606e-02) (5, -3.41868732875770353630e-01) (6, -4.54905197995947752077e+00) (7, -3.64019331342166685417e-01) (8, 1.32292087025793259070e-01) (0, 2.42363129391473552943e+00) (1, -2.09891522028905930242e+00) (2, 3.31895194078563215978e-01) (3, -5.88878387678890335977e-01) (4, 1.12004775800404354769e+00) (5, 1.49092218212304361558e+00) (6, 3.43116400004132326984e+00) (7, 1.45675463161883600449e+00) (8, 2.31376587475417616613e-01) (9, 4.42614565639701251776e-01) (10, 7.14668361596470269603e+00) (11, -7.15781546137934121532e+00) (12, -1.37070307651728645615e-01) 
