FANN_FLO_2.1
num_layers=3
learning_rate=0.700000
connection_rate=1.000000
network_type=0
learning_momentum=0.000000
training_algorithm=2
train_error_function=1
train_stop_function=1
cascade_output_change_fraction=0.010000
quickprop_decay=-0.000100
quickprop_mu=1.750000
rprop_increase_factor=1.200000
rprop_decrease_factor=0.500000
rprop_delta_min=0.000000
rprop_delta_max=50.000000
rprop_delta_zero=0.100000
cascade_output_stagnation_epochs=12
cascade_candidate_change_fraction=0.010000
cascade_candidate_stagnation_epochs=12
cascade_max_out_epochs=150
cascade_min_out_epochs=50
cascade_max_cand_epochs=150
cascade_min_cand_epochs=50
cascade_num_candidate_groups=2
bit_fail_limit=1.00000000000000005551e-01
cascade_candidate_limit=1.00000000000000000000e+03
cascade_weight_multiplier=4.00000000000000022204e-01
cascade_activation_functions_count=10
cascade_activation_functions=3 5 7 8 10 11 14 15 16 17 
cascade_activation_steepnesses_count=4
cascade_activation_steepnesses=2.50000000000000000000e-01 5.00000000000000000000e-01 7.50000000000000000000e-01 1.00000000000000000000e+00 
layer_sizes=10 4 2 
scale_included=0
neurons (num_inputs, activation_function, activation_steepness)=(0, 0, 0.00000000000000000000e+00) (0, 0, 0.00000000000000000000e+00) (0, 0, 0.00000000000000000000e+00) (0, 0, 0.00000000000000000000e+00) (0, 0, 0.00000000000000000000e+00) (0, 0, 0.00000000000000000000e+00) (0, 0, 0.00000000000000000000e+00) (0, 0, 0.00000000000000000000e+00) (0, 0, 0.00000000000000000000e+00) (0, 0, 0.00000000000000000000e+00) (10, 6, 5.00000000000000000000e-01) (10, 6, 5.00000000000000000000e-01) (10, 6, 5.00000000000000000000e-01) (0, 6, 0.00000000000000000000e+00) (4, 4, 5.00000000000000000000e-01) (0, 4, 0.00000000000000000000e+00) 
connections (connected_to_neuron, weight)=(0, -8.42246335672956902840e+00) (1, 2.55063712684619359194e+00) (2, 2.70673047818498524464e+00) (3, -1.35001168329510368160e+00) (4, 4.83567917856124473985e+00) (5, 2.84523444733829444786e+00) (6, 2.55387818000415522945e+00) (7, -4.87747977440161017970e-01) (8, 3.51252164981396575172e+00) (9, -3.72814546856963602295e+00) (0, 1.25380719159259146345e+00) (1, 2.96162111866323310427e-02) (2, -1.10807546311338350753e-01) (3, 1.66688554952979794965e-01) (4, -2.50470468678349378333e-01) (5, -1.20353154475248039224e-01) (6, -4.27337400183566307188e-01) (7, 1.46886080463236284865e-01) (8, -6.66813652664404732384e-01) (9, 3.28986594843317547987e-01) (0, -1.91528780456859126780e+00) (1, 1.03472195239206588013e+00) (2, 4.42280880587604507959e-01) (3, -4.06254447148262531897e-01) (4, 1.24997858832025210418e+00) (5, 1.22591745135720375792e+00) (6, 1.27641795268648050588e+00) (7, -3.76411962083264328705e-01) (8, 8.39048485306548186280e-01) (9, -9.53670003108065156283e-01) (10, 2.24175683094950642271e+02) (11, -3.91025543192330127251e-01) (12, 1.32726777545461649410e+00) (13, -2.67640926788309752027e+00) 
