FANN_FLO_2.1
num_layers=3
learning_rate=0.700000
connection_rate=1.000000
network_type=0
learning_momentum=0.000000
training_algorithm=2
train_error_function=1
train_stop_function=1
cascade_output_change_fraction=0.010000
quickprop_decay=-0.000100
quickprop_mu=1.750000
rprop_increase_factor=1.200000
rprop_decrease_factor=0.500000
rprop_delta_min=0.000000
rprop_delta_max=50.000000
rprop_delta_zero=0.100000
cascade_output_stagnation_epochs=12
cascade_candidate_change_fraction=0.010000
cascade_candidate_stagnation_epochs=12
cascade_max_out_epochs=150
cascade_min_out_epochs=50
cascade_max_cand_epochs=150
cascade_min_cand_epochs=50
cascade_num_candidate_groups=2
bit_fail_limit=1.00000000000000005551e-01
cascade_candidate_limit=1.00000000000000000000e+03
cascade_weight_multiplier=4.00000000000000022204e-01
cascade_activation_functions_count=10
cascade_activation_functions=3 5 7 8 10 11 14 15 16 17 
cascade_activation_steepnesses_count=4
cascade_activation_steepnesses=2.50000000000000000000e-01 5.00000000000000000000e-01 7.50000000000000000000e-01 1.00000000000000000000e+00 
layer_sizes=18 4 2 
scale_included=0
neurons (num_inputs, activation_function, activation_steepness)=(0, 0, 0.00000000000000000000e+00) (0, 0, 0.00000000000000000000e+00) (0, 0, 0.00000000000000000000e+00) (0, 0, 0.00000000000000000000e+00) (0, 0, 0.00000000000000000000e+00) (0, 0, 0.00000000000000000000e+00) (0, 0, 0.00000000000000000000e+00) (0, 0, 0.00000000000000000000e+00) (0, 0, 0.00000000000000000000e+00) (0, 0, 0.00000000000000000000e+00) (0, 0, 0.00000000000000000000e+00) (0, 0, 0.00000000000000000000e+00) (0, 0, 0.00000000000000000000e+00) (0, 0, 0.00000000000000000000e+00) (0, 0, 0.00000000000000000000e+00) (0, 0, 0.00000000000000000000e+00) (0, 0, 0.00000000000000000000e+00) (0, 0, 0.00000000000000000000e+00) (18, 6, 5.00000000000000000000e-01) (18, 6, 5.00000000000000000000e-01) (18, 6, 5.00000000000000000000e-01) (0, 6, 0.00000000000000000000e+00) (4, 4, 5.00000000000000000000e-01) (0, 4, 0.00000000000000000000e+00) 
connections (connected_to_neuron, weight)=(0, -2.17961827660443985266e+00) (1, -2.74730521242370517854e-01) (2, 1.58001307585901500374e+01) (3, -1.72513279123014906524e+00) (4, 1.32538015031868305904e+00) (5, -5.67041649698076244412e-01) (6, -9.98240143942468044491e-02) (7, -4.78588588940599368726e+00) (8, -7.68711752525091607247e-01) (9, 3.80747546165496864035e+00) (10, 1.24181421422811570920e+01) (11, -1.06756773575979280189e+00) (12, -1.61897704926300289863e+00) (13, 5.04876072781906826137e-01) (14, -4.34213207236866072236e-01) (15, -2.12975419849491753865e-01) (16, -1.58875130183414836615e+00) (17, -2.78962493774798403479e+00) (0, -3.49586066001122519609e-01) (1, 3.01081303690703094844e+00) (2, 7.09846003804286085348e-01) (3, -1.91879780777032471484e+00) (4, -1.90737112438233258338e+00) (5, -1.54246460092245540885e+00) (6, 3.12277572240745726617e+00) (7, 6.49771738584591695975e-01) (8, 3.17192848050356523970e+00) (9, 3.19181696216703059132e-01) (10, 1.68004783817175651350e-01) (11, 1.44395669827531625273e+00) (12, 2.92578260659592714887e+00) (13, -1.83050022462299910586e+00) (14, 3.52999873086020699020e+00) (15, 3.41655427589223137375e+00) (16, -2.12207442500702203603e+00) (17, -5.77684389190672442638e-01) (0, -3.44011511796181723710e-01) (1, 3.11799346094162643794e+00) (2, 7.83041289899428449850e-01) (3, -2.10387715645963391253e+00) (4, -1.61063726704685805657e+00) (5, -1.45714326393782100943e+00) (6, 3.02203071128642264398e+00) (7, 1.30143143055882104520e+00) (8, 3.19787415140629427412e+00) (9, -1.69235807275329580568e-02) (10, 1.12340445645693620680e-01) (11, 2.09795672108364161801e+00) (12, 7.37831614824862569435e+00) (13, -1.40037568627317643433e+00) (14, 3.47105011715695610519e+00) (15, 3.45842148735329857345e+00) (16, -2.21706627287975610585e+00) (17, -5.30264272745909481799e-01) (18, 5.05179061872156598412e+00) (19, 3.81518701436975149477e+00) (20, 1.94115097520008306198e+00) (21, -4.67005589877645110874e+00) 
