FANN_FLO_2.1
num_layers=3
learning_rate=0.700000
connection_rate=1.000000
network_type=0
learning_momentum=0.000000
training_algorithm=2
train_error_function=1
train_stop_function=1
cascade_output_change_fraction=0.010000
quickprop_decay=-0.000100
quickprop_mu=1.750000
rprop_increase_factor=1.200000
rprop_decrease_factor=0.500000
rprop_delta_min=0.000000
rprop_delta_max=50.000000
rprop_delta_zero=0.100000
cascade_output_stagnation_epochs=12
cascade_candidate_change_fraction=0.010000
cascade_candidate_stagnation_epochs=12
cascade_max_out_epochs=150
cascade_min_out_epochs=50
cascade_max_cand_epochs=150
cascade_min_cand_epochs=50
cascade_num_candidate_groups=2
bit_fail_limit=1.00000000000000005551e-01
cascade_candidate_limit=1.00000000000000000000e+03
cascade_weight_multiplier=4.00000000000000022204e-01
cascade_activation_functions_count=10
cascade_activation_functions=3 5 7 8 10 11 14 15 16 17 
cascade_activation_steepnesses_count=4
cascade_activation_steepnesses=2.50000000000000000000e-01 5.00000000000000000000e-01 7.50000000000000000000e-01 1.00000000000000000000e+00 
layer_sizes=8 4 2 
scale_included=0
neurons (num_inputs, activation_function, activation_steepness)=(0, 0, 0.00000000000000000000e+00) (0, 0, 0.00000000000000000000e+00) (0, 0, 0.00000000000000000000e+00) (0, 0, 0.00000000000000000000e+00) (0, 0, 0.00000000000000000000e+00) (0, 0, 0.00000000000000000000e+00) (0, 0, 0.00000000000000000000e+00) (0, 0, 0.00000000000000000000e+00) (8, 6, 5.00000000000000000000e-01) (8, 6, 5.00000000000000000000e-01) (8, 6, 5.00000000000000000000e-01) (0, 6, 0.00000000000000000000e+00) (4, 4, 5.00000000000000000000e-01) (0, 4, 0.00000000000000000000e+00) 
connections (connected_to_neuron, weight)=(0, -3.48343410588777935288e-01) (1, 1.97456933433408909906e+00) (2, 2.24062953554995978322e+01) (3, 2.54935961443121972270e-01) (4, 3.73257359861576265558e-02) (5, 2.07516677037657926164e+00) (6, 1.81741554451908626788e+00) (7, -1.27675830773333931489e+00) (0, -3.28980558611429607652e-01) (1, 2.09736097479458027948e+00) (2, 2.23086880632647002187e+01) (3, -1.19994616171191115228e-01) (4, 6.16519883267518942205e-03) (5, 2.16578783199967572770e+00) (6, 1.88740211514558353656e+00) (7, -1.27380228243092918916e+00) (0, -1.07078448544073223658e-01) (1, 5.08082292938571988827e-01) (2, 1.54083225729211936716e+00) (3, 2.34914688737979382438e-02) (4, 1.69561032329271027530e-01) (5, 3.60663071899355647254e-01) (6, 4.86945874066207595732e-01) (7, -1.21270913714772748948e-01) (8, 9.95150867477608258582e+00) (9, 9.92188026384068066932e+00) (10, 5.33030168874674470381e-01) (11, -1.19012333653191948457e+00) 
