FANN_FLO_2.1
num_layers=3
learning_rate=0.700000
connection_rate=1.000000
network_type=0
learning_momentum=0.000000
training_algorithm=2
train_error_function=1
train_stop_function=1
cascade_output_change_fraction=0.010000
quickprop_decay=-0.000100
quickprop_mu=1.750000
rprop_increase_factor=1.200000
rprop_decrease_factor=0.500000
rprop_delta_min=0.000000
rprop_delta_max=50.000000
rprop_delta_zero=0.100000
cascade_output_stagnation_epochs=12
cascade_candidate_change_fraction=0.010000
cascade_candidate_stagnation_epochs=12
cascade_max_out_epochs=150
cascade_min_out_epochs=50
cascade_max_cand_epochs=150
cascade_min_cand_epochs=50
cascade_num_candidate_groups=2
bit_fail_limit=1.00000000000000005551e-01
cascade_candidate_limit=1.00000000000000000000e+03
cascade_weight_multiplier=4.00000000000000022204e-01
cascade_activation_functions_count=10
cascade_activation_functions=3 5 7 8 10 11 14 15 16 17 
cascade_activation_steepnesses_count=4
cascade_activation_steepnesses=2.50000000000000000000e-01 5.00000000000000000000e-01 7.50000000000000000000e-01 1.00000000000000000000e+00 
layer_sizes=6 4 2 
scale_included=0
neurons (num_inputs, activation_function, activation_steepness)=(0, 0, 0.00000000000000000000e+00) (0, 0, 0.00000000000000000000e+00) (0, 0, 0.00000000000000000000e+00) (0, 0, 0.00000000000000000000e+00) (0, 0, 0.00000000000000000000e+00) (0, 0, 0.00000000000000000000e+00) (6, 6, 5.00000000000000000000e-01) (6, 6, 5.00000000000000000000e-01) (6, 6, 5.00000000000000000000e-01) (0, 6, 0.00000000000000000000e+00) (4, 4, 5.00000000000000000000e-01) (0, 4, 0.00000000000000000000e+00) 
connections (connected_to_neuron, weight)=(0, 3.83803026332675822907e-01) (1, 2.56117281615831160480e+00) (2, 2.92263062542724627590e+00) (3, 2.88166865950870532131e+00) (4, 1.71613881983124660913e+00) (5, -1.40744257074656187179e+00) (0, -1.89381667163709355162e-01) (1, -2.78184481825842055969e+00) (2, -2.72127933277899636266e+00) (3, -2.66313299759442223547e+00) (4, -2.61418224423772160847e+00) (5, 2.48306367709106279307e+00) (0, 6.98005332593451210954e-01) (1, 3.19294310669270231529e+00) (2, 2.75934530163066060737e+00) (3, 2.87203371638314397529e+00) (4, 3.41018756652570864674e+00) (5, -1.27647973462116559595e+00) (6, 2.44094702025419252323e+00) (7, -9.46819228120145339744e+00) (8, 4.56088718308300311577e+00) (9, -1.73586385921488717266e+00) 
