FANN_FLO_2.1
num_layers=3
learning_rate=0.700000
connection_rate=1.000000
network_type=0
learning_momentum=0.000000
training_algorithm=2
train_error_function=1
train_stop_function=1
cascade_output_change_fraction=0.010000
quickprop_decay=-0.000100
quickprop_mu=1.750000
rprop_increase_factor=1.200000
rprop_decrease_factor=0.500000
rprop_delta_min=0.000000
rprop_delta_max=50.000000
rprop_delta_zero=0.100000
cascade_output_stagnation_epochs=12
cascade_candidate_change_fraction=0.010000
cascade_candidate_stagnation_epochs=12
cascade_max_out_epochs=150
cascade_min_out_epochs=50
cascade_max_cand_epochs=150
cascade_min_cand_epochs=50
cascade_num_candidate_groups=2
bit_fail_limit=1.00000000000000005551e-01
cascade_candidate_limit=1.00000000000000000000e+03
cascade_weight_multiplier=4.00000000000000022204e-01
cascade_activation_functions_count=10
cascade_activation_functions=3 5 7 8 10 11 14 15 16 17 
cascade_activation_steepnesses_count=4
cascade_activation_steepnesses=2.50000000000000000000e-01 5.00000000000000000000e-01 7.50000000000000000000e-01 1.00000000000000000000e+00 
layer_sizes=17 4 2 
scale_included=0
neurons (num_inputs, activation_function, activation_steepness)=(0, 0, 0.00000000000000000000e+00) (0, 0, 0.00000000000000000000e+00) (0, 0, 0.00000000000000000000e+00) (0, 0, 0.00000000000000000000e+00) (0, 0, 0.00000000000000000000e+00) (0, 0, 0.00000000000000000000e+00) (0, 0, 0.00000000000000000000e+00) (0, 0, 0.00000000000000000000e+00) (0, 0, 0.00000000000000000000e+00) (0, 0, 0.00000000000000000000e+00) (0, 0, 0.00000000000000000000e+00) (0, 0, 0.00000000000000000000e+00) (0, 0, 0.00000000000000000000e+00) (0, 0, 0.00000000000000000000e+00) (0, 0, 0.00000000000000000000e+00) (0, 0, 0.00000000000000000000e+00) (0, 0, 0.00000000000000000000e+00) (17, 6, 5.00000000000000000000e-01) (17, 6, 5.00000000000000000000e-01) (17, 6, 5.00000000000000000000e-01) (0, 6, 0.00000000000000000000e+00) (4, 4, 5.00000000000000000000e-01) (0, 4, 0.00000000000000000000e+00) 
connections (connected_to_neuron, weight)=(0, -4.04341534684735748328e+00) (1, 5.90006209187135510774e+01) (2, 5.88840185090825372072e+01) (3, 6.66561016167980247005e-01) (4, -7.77377007585717150207e-01) (5, 1.11383294606742122568e-01) (6, -3.34405174497566792802e-01) (7, -3.70741876603102982202e-01) (8, 2.44814131138966262213e+00) (9, 4.81375500299495717726e-01) (10, -1.00853661459513177512e+00) (11, -2.28076945168676520348e-01) (12, 1.60581346044807116158e-01) (13, 1.10588528888748771628e+00) (14, 5.90030812047347836824e+01) (15, -2.30434866251742226373e-01) (16, -1.09894580971684530102e-01) (0, -6.02111764559161333210e+00) (1, 1.41810194727022633288e+02) (2, 1.41783185776312336657e+02) (3, 2.00301985101306678771e+00) (4, -1.12378991723056076424e+00) (5, -2.99758258449321690620e-01) (6, -2.62964515054132541572e-01) (7, -2.20301080658690834335e-01) (8, 7.41702131095468120137e-01) (9, 1.09250550101962629057e+00) (10, -7.77283082959402404910e-01) (11, -9.45099000599214922325e-02) (12, -3.31836987350538736852e-01) (13, 1.26487689870430242145e+00) (14, 1.41883418451983914110e+02) (15, -2.95884168670491276565e-01) (16, -4.86537289444584408749e-01) (0, -8.86160860976771047604e-01) (1, 2.46019967520291586993e+01) (2, 2.46564211198742171405e+01) (3, 4.25441269081588413492e-01) (4, -2.58842294966866393047e-01) (5, 1.00908535798543780304e-01) (6, -1.23802421266941853339e-01) (7, -1.25752529959478859256e-01) (8, 4.23689024713573392233e-01) (9, 1.38593945987787825480e+00) (10, -1.30557521007697158177e-01) (11, 9.88321769946061273737e-02) (12, 7.50792618931867550280e-02) (13, 4.55002433625392388450e-01) (14, 2.46754308962876578448e+01) (15, 1.29675737220983300357e-01) (16, 8.68826144700392544173e-02) (17, 7.50503450923543202755e-01) (18, 3.22623440033321813303e+01) (19, 1.61515527756584043040e+00) (20, -7.72770831342122543894e-01) 
