FANN_FLO_2.1
num_layers=3
learning_rate=0.700000
connection_rate=1.000000
network_type=0
learning_momentum=0.000000
training_algorithm=2
train_error_function=1
train_stop_function=1
cascade_output_change_fraction=0.010000
quickprop_decay=-0.000100
quickprop_mu=1.750000
rprop_increase_factor=1.200000
rprop_decrease_factor=0.500000
rprop_delta_min=0.000000
rprop_delta_max=50.000000
rprop_delta_zero=0.100000
cascade_output_stagnation_epochs=12
cascade_candidate_change_fraction=0.010000
cascade_candidate_stagnation_epochs=12
cascade_max_out_epochs=150
cascade_min_out_epochs=50
cascade_max_cand_epochs=150
cascade_min_cand_epochs=50
cascade_num_candidate_groups=2
bit_fail_limit=1.00000000000000005551e-01
cascade_candidate_limit=1.00000000000000000000e+03
cascade_weight_multiplier=4.00000000000000022204e-01
cascade_activation_functions_count=10
cascade_activation_functions=3 5 7 8 10 11 14 15 16 17 
cascade_activation_steepnesses_count=4
cascade_activation_steepnesses=2.50000000000000000000e-01 5.00000000000000000000e-01 7.50000000000000000000e-01 1.00000000000000000000e+00 
layer_sizes=12 4 2 
scale_included=0
neurons (num_inputs, activation_function, activation_steepness)=(0, 0, 0.00000000000000000000e+00) (0, 0, 0.00000000000000000000e+00) (0, 0, 0.00000000000000000000e+00) (0, 0, 0.00000000000000000000e+00) (0, 0, 0.00000000000000000000e+00) (0, 0, 0.00000000000000000000e+00) (0, 0, 0.00000000000000000000e+00) (0, 0, 0.00000000000000000000e+00) (0, 0, 0.00000000000000000000e+00) (0, 0, 0.00000000000000000000e+00) (0, 0, 0.00000000000000000000e+00) (0, 0, 0.00000000000000000000e+00) (12, 6, 5.00000000000000000000e-01) (12, 6, 5.00000000000000000000e-01) (12, 6, 5.00000000000000000000e-01) (0, 6, 0.00000000000000000000e+00) (4, 4, 5.00000000000000000000e-01) (0, 4, 0.00000000000000000000e+00) 
connections (connected_to_neuron, weight)=(0, 4.31809803861121110913e+00) (1, -3.41692744541242721112e+00) (2, -2.23278846292774141302e-01) (3, -1.05537809132615872931e-01) (4, 9.59059204117494901176e-01) (5, -1.86235644947226419710e+00) (6, -2.26825425268235214560e+00) (7, -3.36982148737951936468e+00) (8, -1.78108035643479789556e+00) (9, -4.96147533986508992854e+00) (10, 8.56518841683829856848e-01) (11, 3.41871624927931527793e+00) (0, 4.40402603912094914307e+00) (1, -3.40830368894413116010e+00) (2, -1.50337740479986076148e-01) (3, -2.36102051734010637274e-01) (4, 8.21945867643792404955e-01) (5, -7.75137106804555831019e-01) (6, -2.40226538718762405722e+00) (7, -3.40013445766016664251e+00) (8, -1.63221102823398123149e+00) (9, -4.95085440311372426692e+00) (10, 8.84621858000720573401e-01) (11, 3.30563836308976632949e+00) (0, 1.81064239359514811412e+00) (1, -9.42852212736120298686e-01) (2, -8.40399475440492649270e-01) (3, -5.48328980019399336854e-01) (4, -1.54324516368787051368e-01) (5, 7.58861108498371739195e-01) (6, 6.77187717952467127525e-02) (7, -3.66167421345895749418e-01) (8, -4.69253962689703263411e-01) (9, -2.43561274605333832888e-01) (10, 7.26156946026785599102e-01) (11, 3.23829813227275498111e-01) (12, -1.06516941609446220696e+01) (13, -1.00203556586944362294e+01) (14, -3.79483693188442494648e-01) (15, -1.56641371481997815351e+00) 
