FANN_FLO_2.1
num_layers=3
learning_rate=0.700000
connection_rate=1.000000
network_type=0
learning_momentum=0.000000
training_algorithm=2
train_error_function=1
train_stop_function=1
cascade_output_change_fraction=0.010000
quickprop_decay=-0.000100
quickprop_mu=1.750000
rprop_increase_factor=1.200000
rprop_decrease_factor=0.500000
rprop_delta_min=0.000000
rprop_delta_max=50.000000
rprop_delta_zero=0.100000
cascade_output_stagnation_epochs=12
cascade_candidate_change_fraction=0.010000
cascade_candidate_stagnation_epochs=12
cascade_max_out_epochs=150
cascade_min_out_epochs=50
cascade_max_cand_epochs=150
cascade_min_cand_epochs=50
cascade_num_candidate_groups=2
bit_fail_limit=1.00000000000000005551e-01
cascade_candidate_limit=1.00000000000000000000e+03
cascade_weight_multiplier=4.00000000000000022204e-01
cascade_activation_functions_count=10
cascade_activation_functions=3 5 7 8 10 11 14 15 16 17 
cascade_activation_steepnesses_count=4
cascade_activation_steepnesses=2.50000000000000000000e-01 5.00000000000000000000e-01 7.50000000000000000000e-01 1.00000000000000000000e+00 
layer_sizes=14 4 2 
scale_included=0
neurons (num_inputs, activation_function, activation_steepness)=(0, 0, 0.00000000000000000000e+00) (0, 0, 0.00000000000000000000e+00) (0, 0, 0.00000000000000000000e+00) (0, 0, 0.00000000000000000000e+00) (0, 0, 0.00000000000000000000e+00) (0, 0, 0.00000000000000000000e+00) (0, 0, 0.00000000000000000000e+00) (0, 0, 0.00000000000000000000e+00) (0, 0, 0.00000000000000000000e+00) (0, 0, 0.00000000000000000000e+00) (0, 0, 0.00000000000000000000e+00) (0, 0, 0.00000000000000000000e+00) (0, 0, 0.00000000000000000000e+00) (0, 0, 0.00000000000000000000e+00) (14, 6, 5.00000000000000000000e-01) (14, 6, 5.00000000000000000000e-01) (14, 6, 5.00000000000000000000e-01) (0, 6, 0.00000000000000000000e+00) (4, 4, 5.00000000000000000000e-01) (0, 4, 0.00000000000000000000e+00) 
connections (connected_to_neuron, weight)=(0, -3.24467308652667485447e-01) (1, -1.85923348376692465500e+00) (2, -2.55246574310652496465e+00) (3, -5.64630239593434168910e-01) (4, 2.09301705154375738971e+00) (5, 2.18636563288764662616e+00) (6, -1.82996919402789415265e+00) (7, 2.19319177654085528673e+00) (8, -2.52118947947632010553e+00) (9, 1.95853917611866479298e+00) (10, -1.19407732802680155437e+00) (11, 2.35226303808899661618e+00) (12, -1.30002355235478184170e+00) (13, 2.11830979043926648231e+00) (0, 1.01260237372574324333e+00) (1, 2.62703119306256616117e-01) (2, 1.32382809439546211827e+00) (3, 1.38804542337456782164e+00) (4, 3.52662449218390905425e-01) (5, 2.18330470525535252913e-01) (6, 5.93217600315699922220e-01) (7, 1.13635444874561164497e+00) (8, 9.93042597261295068023e-01) (9, -7.42292157403075192335e-01) (10, 3.15685252786867920349e+00) (11, 1.26151958106014006056e+00) (12, 1.54511649285217633754e+00) (13, -2.70443973334853093871e-01) (0, 8.96701514489025908183e-01) (1, 2.76445290534188592435e-01) (2, 1.41513293305284171275e+00) (3, 1.43262529437342722716e+00) (4, 2.25188268029006627424e-01) (5, 1.96878147923263219221e-01) (6, 6.48904610603938225566e-01) (7, 1.01582869375741768891e+00) (8, 1.02209546202145551419e+00) (9, -7.54427603474699948194e-01) (10, 3.11586358339779678772e+00) (11, 1.35888657716962546473e+00) (12, 1.60429121677538266688e+00) (13, -2.52181348594252507933e-01) (14, -2.96323398889297706660e+01) (15, 1.94053897591963764313e+00) (16, 1.95510036083594318512e+00) (17, -1.84787190958507885341e+00) 
