FANN_FLO_2.1
num_layers=3
learning_rate=0.700000
connection_rate=1.000000
network_type=0
learning_momentum=0.000000
training_algorithm=2
train_error_function=1
train_stop_function=1
cascade_output_change_fraction=0.010000
quickprop_decay=-0.000100
quickprop_mu=1.750000
rprop_increase_factor=1.200000
rprop_decrease_factor=0.500000
rprop_delta_min=0.000000
rprop_delta_max=50.000000
rprop_delta_zero=0.100000
cascade_output_stagnation_epochs=12
cascade_candidate_change_fraction=0.010000
cascade_candidate_stagnation_epochs=12
cascade_max_out_epochs=150
cascade_min_out_epochs=50
cascade_max_cand_epochs=150
cascade_min_cand_epochs=50
cascade_num_candidate_groups=2
bit_fail_limit=1.00000000000000005551e-01
cascade_candidate_limit=1.00000000000000000000e+03
cascade_weight_multiplier=4.00000000000000022204e-01
cascade_activation_functions_count=10
cascade_activation_functions=3 5 7 8 10 11 14 15 16 17 
cascade_activation_steepnesses_count=4
cascade_activation_steepnesses=2.50000000000000000000e-01 5.00000000000000000000e-01 7.50000000000000000000e-01 1.00000000000000000000e+00 
layer_sizes=15 4 2 
scale_included=0
neurons (num_inputs, activation_function, activation_steepness)=(0, 0, 0.00000000000000000000e+00) (0, 0, 0.00000000000000000000e+00) (0, 0, 0.00000000000000000000e+00) (0, 0, 0.00000000000000000000e+00) (0, 0, 0.00000000000000000000e+00) (0, 0, 0.00000000000000000000e+00) (0, 0, 0.00000000000000000000e+00) (0, 0, 0.00000000000000000000e+00) (0, 0, 0.00000000000000000000e+00) (0, 0, 0.00000000000000000000e+00) (0, 0, 0.00000000000000000000e+00) (0, 0, 0.00000000000000000000e+00) (0, 0, 0.00000000000000000000e+00) (0, 0, 0.00000000000000000000e+00) (0, 0, 0.00000000000000000000e+00) (15, 6, 5.00000000000000000000e-01) (15, 6, 5.00000000000000000000e-01) (15, 6, 5.00000000000000000000e-01) (0, 6, 0.00000000000000000000e+00) (4, 4, 5.00000000000000000000e-01) (0, 4, 0.00000000000000000000e+00) 
connections (connected_to_neuron, weight)=(0, -1.32944221191568234808e+00) (1, 1.25820694772824648311e+00) (2, 4.15101994775470295451e+00) (3, -2.13028451501689947145e-01) (4, 3.73501537012595363763e-01) (5, -3.21910157824412956895e-01) (6, -2.50026522495732039797e-01) (7, 3.62308146392898722254e+00) (8, 1.59626655168689879360e+00) (9, 1.21712423458816432209e+00) (10, -8.65430301107528943128e-01) (11, 2.90196870343350532551e+00) (12, 6.39560964756134220366e-01) (13, 4.54412633785514108453e-01) (14, -1.37489481784863332159e+00) (0, 4.16296798207599572095e+00) (1, -4.05218654189284777090e+00) (2, -5.66987653019556869793e+00) (3, 2.37854617860280193042e+00) (4, -2.28201170263334773836e+00) (5, 2.18502730902396447021e+00) (6, 2.56743338962774636514e+00) (7, -3.72641237046884121753e+00) (8, 2.09839393263908102760e-02) (9, -9.18386242331595270549e-01) (10, 3.79536599940920238438e+00) (11, -4.40648568343967994565e+00) (12, -4.83422191328096884089e-01) (13, -3.75502941644478338556e-01) (14, 4.17044262804824761304e+00) (0, 5.04140889205202502588e-01) (1, -5.53014580835960001259e-01) (2, -6.21902559326667692119e+00) (3, -4.09680594523072427737e-01) (4, -6.78154490453188096843e-01) (5, 8.04533179500264983286e-04) (6, -2.37677231556150713246e-03) (7, -2.02794152753483380991e+00) (8, -2.84945772999342039622e-01) (9, -3.04804362007219664665e-01) (10, 3.67738412857526897337e-01) (11, -9.54132767961213157371e-01) (12, -1.45790316492305394025e-01) (13, -1.44660324186072941632e-01) (14, 4.87020527877077613610e-01) (15, 9.25603929066994512986e-01) (16, -8.96383567018783367075e+00) (17, -5.94591821709192780432e-01) (18, -1.91410523723678704933e+00) 
