FANN_FLO_2.1
num_layers=3
learning_rate=0.700000
connection_rate=1.000000
network_type=0
learning_momentum=0.000000
training_algorithm=2
train_error_function=1
train_stop_function=1
cascade_output_change_fraction=0.010000
quickprop_decay=-0.000100
quickprop_mu=1.750000
rprop_increase_factor=1.200000
rprop_decrease_factor=0.500000
rprop_delta_min=0.000000
rprop_delta_max=50.000000
rprop_delta_zero=0.100000
cascade_output_stagnation_epochs=12
cascade_candidate_change_fraction=0.010000
cascade_candidate_stagnation_epochs=12
cascade_max_out_epochs=150
cascade_min_out_epochs=50
cascade_max_cand_epochs=150
cascade_min_cand_epochs=50
cascade_num_candidate_groups=2
bit_fail_limit=1.00000000000000005551e-01
cascade_candidate_limit=1.00000000000000000000e+03
cascade_weight_multiplier=4.00000000000000022204e-01
cascade_activation_functions_count=10
cascade_activation_functions=3 5 7 8 10 11 14 15 16 17 
cascade_activation_steepnesses_count=4
cascade_activation_steepnesses=2.50000000000000000000e-01 5.00000000000000000000e-01 7.50000000000000000000e-01 1.00000000000000000000e+00 
layer_sizes=12 4 2 
scale_included=0
neurons (num_inputs, activation_function, activation_steepness)=(0, 0, 0.00000000000000000000e+00) (0, 0, 0.00000000000000000000e+00) (0, 0, 0.00000000000000000000e+00) (0, 0, 0.00000000000000000000e+00) (0, 0, 0.00000000000000000000e+00) (0, 0, 0.00000000000000000000e+00) (0, 0, 0.00000000000000000000e+00) (0, 0, 0.00000000000000000000e+00) (0, 0, 0.00000000000000000000e+00) (0, 0, 0.00000000000000000000e+00) (0, 0, 0.00000000000000000000e+00) (0, 0, 0.00000000000000000000e+00) (12, 6, 5.00000000000000000000e-01) (12, 6, 5.00000000000000000000e-01) (12, 6, 5.00000000000000000000e-01) (0, 6, 0.00000000000000000000e+00) (4, 4, 5.00000000000000000000e-01) (0, 4, 0.00000000000000000000e+00) 
connections (connected_to_neuron, weight)=(0, -5.69066743604499691855e+00) (1, 6.41019887863163551067e-01) (2, -5.15114629358314424223e+00) (3, -3.96271954568326290058e+00) (4, 7.68662227311557089138e+00) (5, 1.28768290874764868015e+00) (6, 7.27108800796816634460e+00) (7, -1.77992717094218164675e+01) (8, 8.17269131528785841567e+00) (9, 8.18391695752762160510e-01) (10, 8.20030643112567858566e+00) (11, 2.18677952875591019577e+00) (0, -3.43980965552834447863e+01) (1, -5.92533150133063776788e-02) (2, 6.37143323551519724646e+00) (3, -5.97688240453181029999e-01) (4, -1.76518247907257608276e+00) (5, 5.94985573198838157971e-01) (6, 5.28370683616858638487e+00) (7, 1.29933534802507928418e+01) (8, -1.79095624891942217793e+00) (9, 8.70834206043455738566e-01) (10, -1.78511473555956490245e+00) (11, 1.62002636510688580174e+00) (0, -3.25234586211832876756e+01) (1, 2.13189997418746628455e+01) (2, 1.93094048116627732270e+01) (3, 1.52079035658474204240e+00) (4, -1.40027152898858133767e+01) (5, -3.77585011893941029371e+01) (6, 2.68594392556976524489e+00) (7, 1.42429132931345279189e+01) (8, -1.75919370272135715538e+01) (9, -3.21504013398618582187e+01) (10, -1.58257185874472572351e+01) (11, -6.76664689300958133167e-01) (12, 2.15473815448476351264e+01) (13, 2.40829932243711404283e+01) (14, 1.55801474987253896209e+00) (15, -8.52011241689670661970e+00) 
