FANN_FLO_2.1
num_layers=3
learning_rate=0.700000
connection_rate=1.000000
network_type=0
learning_momentum=0.000000
training_algorithm=2
train_error_function=1
train_stop_function=1
cascade_output_change_fraction=0.010000
quickprop_decay=-0.000100
quickprop_mu=1.750000
rprop_increase_factor=1.200000
rprop_decrease_factor=0.500000
rprop_delta_min=0.000000
rprop_delta_max=50.000000
rprop_delta_zero=0.100000
cascade_output_stagnation_epochs=12
cascade_candidate_change_fraction=0.010000
cascade_candidate_stagnation_epochs=12
cascade_max_out_epochs=150
cascade_min_out_epochs=50
cascade_max_cand_epochs=150
cascade_min_cand_epochs=50
cascade_num_candidate_groups=2
bit_fail_limit=1.00000000000000005551e-01
cascade_candidate_limit=1.00000000000000000000e+03
cascade_weight_multiplier=4.00000000000000022204e-01
cascade_activation_functions_count=10
cascade_activation_functions=3 5 7 8 10 11 14 15 16 17 
cascade_activation_steepnesses_count=4
cascade_activation_steepnesses=2.50000000000000000000e-01 5.00000000000000000000e-01 7.50000000000000000000e-01 1.00000000000000000000e+00 
layer_sizes=11 4 2 
scale_included=0
neurons (num_inputs, activation_function, activation_steepness)=(0, 0, 0.00000000000000000000e+00) (0, 0, 0.00000000000000000000e+00) (0, 0, 0.00000000000000000000e+00) (0, 0, 0.00000000000000000000e+00) (0, 0, 0.00000000000000000000e+00) (0, 0, 0.00000000000000000000e+00) (0, 0, 0.00000000000000000000e+00) (0, 0, 0.00000000000000000000e+00) (0, 0, 0.00000000000000000000e+00) (0, 0, 0.00000000000000000000e+00) (0, 0, 0.00000000000000000000e+00) (11, 6, 5.00000000000000000000e-01) (11, 6, 5.00000000000000000000e-01) (11, 6, 5.00000000000000000000e-01) (0, 6, 0.00000000000000000000e+00) (4, 4, 5.00000000000000000000e-01) (0, 4, 0.00000000000000000000e+00) 
connections (connected_to_neuron, weight)=(0, 1.36839468778843809105e+00) (1, -3.88915601865270810222e+00) (2, 6.85319655904316160644e+00) (3, 1.14644799702218813664e+00) (4, 1.39716210109712033471e+01) (5, 1.45221823040711073283e+00) (6, -6.59200501668293359359e+00) (7, 1.42119883920667544608e+00) (8, 2.31856551137754474112e+00) (9, -1.02881384970345326479e+01) (10, -2.28356361149643416475e-01) (0, -4.49963856461970068690e-01) (1, 2.17774007052374818372e+00) (2, 1.08832950189940858010e+00) (3, -8.24854391562166888718e-01) (4, -2.50463067556342977582e+00) (5, -4.00246911095338742115e+00) (6, -4.07055435907246687677e-01) (7, 3.11058361892420087713e-01) (8, 5.03593042370794718998e-01) (9, -1.50376211598366582578e+00) (10, 1.95681062250168236183e-01) (0, -7.77469591261756765022e+00) (1, 1.84885425153844717983e+00) (2, 2.65692299876686233162e+00) (3, 7.28373261056941334601e-01) (4, 4.23123130080167353384e+00) (5, 3.73984975089782238911e+01) (6, -3.39198473097602981596e+00) (7, 1.16148113514019590831e+00) (8, 2.48749625552067099576e+00) (9, -1.99571910888921988381e+00) (10, -3.13101347025816201253e+00) (11, 3.99704695024546623472e+01) (12, 8.24744475541583881295e+01) (13, 4.65167137852886938276e+01) (14, -1.58764723322940182193e+00) 
