FANN_FLO_2.1
num_layers=3
learning_rate=0.700000
connection_rate=1.000000
network_type=0
learning_momentum=0.000000
training_algorithm=2
train_error_function=1
train_stop_function=1
cascade_output_change_fraction=0.010000
quickprop_decay=-0.000100
quickprop_mu=1.750000
rprop_increase_factor=1.200000
rprop_decrease_factor=0.500000
rprop_delta_min=0.000000
rprop_delta_max=50.000000
rprop_delta_zero=0.100000
cascade_output_stagnation_epochs=12
cascade_candidate_change_fraction=0.010000
cascade_candidate_stagnation_epochs=12
cascade_max_out_epochs=150
cascade_min_out_epochs=50
cascade_max_cand_epochs=150
cascade_min_cand_epochs=50
cascade_num_candidate_groups=2
bit_fail_limit=1.00000000000000005551e-01
cascade_candidate_limit=1.00000000000000000000e+03
cascade_weight_multiplier=4.00000000000000022204e-01
cascade_activation_functions_count=10
cascade_activation_functions=3 5 7 8 10 11 14 15 16 17 
cascade_activation_steepnesses_count=4
cascade_activation_steepnesses=2.50000000000000000000e-01 5.00000000000000000000e-01 7.50000000000000000000e-01 1.00000000000000000000e+00 
layer_sizes=8 4 2 
scale_included=0
neurons (num_inputs, activation_function, activation_steepness)=(0, 0, 0.00000000000000000000e+00) (0, 0, 0.00000000000000000000e+00) (0, 0, 0.00000000000000000000e+00) (0, 0, 0.00000000000000000000e+00) (0, 0, 0.00000000000000000000e+00) (0, 0, 0.00000000000000000000e+00) (0, 0, 0.00000000000000000000e+00) (0, 0, 0.00000000000000000000e+00) (8, 6, 5.00000000000000000000e-01) (8, 6, 5.00000000000000000000e-01) (8, 6, 5.00000000000000000000e-01) (0, 6, 0.00000000000000000000e+00) (4, 4, 5.00000000000000000000e-01) (0, 4, 0.00000000000000000000e+00) 
connections (connected_to_neuron, weight)=(0, 3.49630572587750598768e-01) (1, 1.96143256606878790826e+00) (2, 1.44226869524880352280e+00) (3, 8.06436580959653981360e-01) (4, 4.14993872349808001765e-01) (5, 2.06020006705752045661e+00) (6, -2.92664252658077472802e+00) (7, -1.31759092088771390117e+00) (0, 2.91126271738574304848e+00) (1, -4.86653433630554399514e+00) (2, 1.59226379565010023320e+00) (3, -2.27071276604066474292e+00) (4, -4.57317118145265411044e+00) (5, -4.45762331121513000198e+00) (6, 5.70655676172126291590e+00) (7, 4.76665639630781168279e+00) (0, 4.16990334752587454847e-01) (1, 1.51980444116161272916e+00) (2, 4.95499445402748539546e-01) (3, 1.60575958153163000919e-01) (4, 2.21695157053180796902e-01) (5, 6.05581794369520420851e-01) (6, -2.68578592569099217080e-01) (7, 4.26989301544248266163e-03) (8, 4.56544900151217269979e+00) (9, -7.76686879311037703388e+00) (10, 4.35922859668068818362e-01) (11, -1.95935090395559585730e+00) 
