FANN_FLO_2.1
num_layers=3
learning_rate=0.700000
connection_rate=1.000000
network_type=0
learning_momentum=0.000000
training_algorithm=2
train_error_function=1
train_stop_function=1
cascade_output_change_fraction=0.010000
quickprop_decay=-0.000100
quickprop_mu=1.750000
rprop_increase_factor=1.200000
rprop_decrease_factor=0.500000
rprop_delta_min=0.000000
rprop_delta_max=50.000000
rprop_delta_zero=0.100000
cascade_output_stagnation_epochs=12
cascade_candidate_change_fraction=0.010000
cascade_candidate_stagnation_epochs=12
cascade_max_out_epochs=150
cascade_min_out_epochs=50
cascade_max_cand_epochs=150
cascade_min_cand_epochs=50
cascade_num_candidate_groups=2
bit_fail_limit=1.00000000000000005551e-01
cascade_candidate_limit=1.00000000000000000000e+03
cascade_weight_multiplier=4.00000000000000022204e-01
cascade_activation_functions_count=10
cascade_activation_functions=3 5 7 8 10 11 14 15 16 17 
cascade_activation_steepnesses_count=4
cascade_activation_steepnesses=2.50000000000000000000e-01 5.00000000000000000000e-01 7.50000000000000000000e-01 1.00000000000000000000e+00 
layer_sizes=11 4 2 
scale_included=0
neurons (num_inputs, activation_function, activation_steepness)=(0, 0, 0.00000000000000000000e+00) (0, 0, 0.00000000000000000000e+00) (0, 0, 0.00000000000000000000e+00) (0, 0, 0.00000000000000000000e+00) (0, 0, 0.00000000000000000000e+00) (0, 0, 0.00000000000000000000e+00) (0, 0, 0.00000000000000000000e+00) (0, 0, 0.00000000000000000000e+00) (0, 0, 0.00000000000000000000e+00) (0, 0, 0.00000000000000000000e+00) (0, 0, 0.00000000000000000000e+00) (11, 6, 5.00000000000000000000e-01) (11, 6, 5.00000000000000000000e-01) (11, 6, 5.00000000000000000000e-01) (0, 6, 0.00000000000000000000e+00) (4, 4, 5.00000000000000000000e-01) (0, 4, 0.00000000000000000000e+00) 
connections (connected_to_neuron, weight)=(0, -6.51145357114533362974e-01) (1, -2.97106512005790301956e+00) (2, 3.08437075899234747212e-01) (3, -8.46862983749162023805e-01) (4, -3.05560785869893436484e+00) (5, 2.09208360787285219118e+00) (6, 1.29814818834666856340e+00) (7, 9.19948997424272496559e-02) (8, 3.84318415236881882890e+00) (9, -2.59228513739440646901e+00) (10, -1.50403613384462686575e+00) (0, 7.38730407216716011831e-01) (1, 1.82942057636504573637e+00) (2, -7.64255697851488946526e-01) (3, 1.45629179496631966373e+00) (4, 1.83069101679768486690e+00) (5, -7.27746852113568043485e-01) (6, -4.37637266219036147330e-01) (7, 9.13500069064742903358e-01) (8, 5.78896076387423136111e+02) (9, 1.87213640107616785535e+00) (10, -2.93697112366289425633e-01) (0, -1.26683818446212415054e+00) (1, 1.57201291529273952108e+01) (2, 1.23084007686525009895e+00) (3, -1.06123817504825401770e+00) (4, 1.57612580238892512341e+01) (5, 3.10459803890788477165e-01) (6, 1.20549170853373843748e+00) (7, -5.78077958024976368279e+00) (8, 7.14996993158064753082e-01) (9, 1.55402201608425691859e+01) (10, -1.61260288471255419651e+00) (11, 1.13001202815982129124e+01) (12, -1.82582197524786415954e+01) (13, 2.09527629600404488031e+01) (14, -4.98779725216913050190e-01) 
