FANN_FLO_2.1
num_layers=3
learning_rate=0.700000
connection_rate=1.000000
network_type=0
learning_momentum=0.000000
training_algorithm=2
train_error_function=1
train_stop_function=1
cascade_output_change_fraction=0.010000
quickprop_decay=-0.000100
quickprop_mu=1.750000
rprop_increase_factor=1.200000
rprop_decrease_factor=0.500000
rprop_delta_min=0.000000
rprop_delta_max=50.000000
rprop_delta_zero=0.100000
cascade_output_stagnation_epochs=12
cascade_candidate_change_fraction=0.010000
cascade_candidate_stagnation_epochs=12
cascade_max_out_epochs=150
cascade_min_out_epochs=50
cascade_max_cand_epochs=150
cascade_min_cand_epochs=50
cascade_num_candidate_groups=2
bit_fail_limit=1.00000000000000005551e-01
cascade_candidate_limit=1.00000000000000000000e+03
cascade_weight_multiplier=4.00000000000000022204e-01
cascade_activation_functions_count=10
cascade_activation_functions=3 5 7 8 10 11 14 15 16 17 
cascade_activation_steepnesses_count=4
cascade_activation_steepnesses=2.50000000000000000000e-01 5.00000000000000000000e-01 7.50000000000000000000e-01 1.00000000000000000000e+00 
layer_sizes=12 4 2 
scale_included=0
neurons (num_inputs, activation_function, activation_steepness)=(0, 0, 0.00000000000000000000e+00) (0, 0, 0.00000000000000000000e+00) (0, 0, 0.00000000000000000000e+00) (0, 0, 0.00000000000000000000e+00) (0, 0, 0.00000000000000000000e+00) (0, 0, 0.00000000000000000000e+00) (0, 0, 0.00000000000000000000e+00) (0, 0, 0.00000000000000000000e+00) (0, 0, 0.00000000000000000000e+00) (0, 0, 0.00000000000000000000e+00) (0, 0, 0.00000000000000000000e+00) (0, 0, 0.00000000000000000000e+00) (12, 6, 5.00000000000000000000e-01) (12, 6, 5.00000000000000000000e-01) (12, 6, 5.00000000000000000000e-01) (0, 6, 0.00000000000000000000e+00) (4, 4, 5.00000000000000000000e-01) (0, 4, 0.00000000000000000000e+00) 
connections (connected_to_neuron, weight)=(0, 1.18400057375947539984e-01) (1, 3.72598413531359029527e-01) (2, 5.94319276435925303304e-01) (3, 7.28318664047715502718e-01) (4, 1.41921897145118358630e+00) (5, 1.10366923076571099571e+00) (6, 3.95421376520723844017e-01) (7, 4.91227003349934354670e-01) (8, 2.37333066837409706329e-01) (9, 2.13357258663991661285e-01) (10, 2.56426974184465861217e-01) (11, 5.05294367378155209747e-02) (0, -2.36858926381721079935e+00) (1, 4.20566065417507584101e+00) (2, 4.59381665426295260346e+00) (3, -2.67481426542722167117e-01) (4, -1.16519179181698939729e+00) (5, -1.16253968260671269874e+00) (6, 3.54752937626739583976e+00) (7, 5.23806185253330891527e+00) (8, -8.33281974726720164881e-01) (9, -7.35379553402997349076e-02) (10, -5.01242644959481009614e-01) (11, -4.66392728202337014665e+00) (0, 6.45403734134314954751e-01) (1, -6.79149924069386345948e-01) (2, -1.60141125897734104555e+00) (3, 3.13699935892712389318e-01) (4, -4.33316422135380130420e-01) (5, -2.35828632474088889515e-01) (6, -1.25847387990805970048e-01) (7, -7.34385274343512639561e-01) (8, 3.03802264278193456803e-02) (9, -1.95481258089283960189e-02) (10, 1.83041358309192186971e-01) (11, 4.94019263695220756105e-01) (12, 5.16134468607261531758e-01) (13, 8.83149170099357405661e+00) (14, -1.36316078683223818047e+00) (15, -2.24395011214441719716e+00) 
