FANN_FLO_2.1
num_layers=3
learning_rate=0.700000
connection_rate=1.000000
network_type=0
learning_momentum=0.000000
training_algorithm=2
train_error_function=1
train_stop_function=1
cascade_output_change_fraction=0.010000
quickprop_decay=-0.000100
quickprop_mu=1.750000
rprop_increase_factor=1.200000
rprop_decrease_factor=0.500000
rprop_delta_min=0.000000
rprop_delta_max=50.000000
rprop_delta_zero=0.100000
cascade_output_stagnation_epochs=12
cascade_candidate_change_fraction=0.010000
cascade_candidate_stagnation_epochs=12
cascade_max_out_epochs=150
cascade_min_out_epochs=50
cascade_max_cand_epochs=150
cascade_min_cand_epochs=50
cascade_num_candidate_groups=2
bit_fail_limit=1.00000000000000005551e-01
cascade_candidate_limit=1.00000000000000000000e+03
cascade_weight_multiplier=4.00000000000000022204e-01
cascade_activation_functions_count=10
cascade_activation_functions=3 5 7 8 10 11 14 15 16 17 
cascade_activation_steepnesses_count=4
cascade_activation_steepnesses=2.50000000000000000000e-01 5.00000000000000000000e-01 7.50000000000000000000e-01 1.00000000000000000000e+00 
layer_sizes=8 4 2 
scale_included=0
neurons (num_inputs, activation_function, activation_steepness)=(0, 0, 0.00000000000000000000e+00) (0, 0, 0.00000000000000000000e+00) (0, 0, 0.00000000000000000000e+00) (0, 0, 0.00000000000000000000e+00) (0, 0, 0.00000000000000000000e+00) (0, 0, 0.00000000000000000000e+00) (0, 0, 0.00000000000000000000e+00) (0, 0, 0.00000000000000000000e+00) (8, 6, 5.00000000000000000000e-01) (8, 6, 5.00000000000000000000e-01) (8, 6, 5.00000000000000000000e-01) (0, 6, 0.00000000000000000000e+00) (4, 4, 5.00000000000000000000e-01) (0, 4, 0.00000000000000000000e+00) 
connections (connected_to_neuron, weight)=(0, 9.74838482530088645817e-01) (1, -5.53179011073956328204e+00) (2, -2.33419249203009465665e-02) (3, 7.65100185901912199782e-01) (4, -5.13976080028139215017e+00) (5, -5.52675868895897703936e+00) (6, -3.84996687435067874716e-01) (7, 3.53873829129776051872e+00) (0, -4.37315353446007470950e-01) (1, 2.57360853238336373394e+00) (2, 4.85172316022105531985e-01) (3, -8.58122996747657573735e-01) (4, 2.63993011229555163411e+00) (5, 2.47923243659574765729e+00) (6, -4.08556934445221509034e-01) (7, -1.16401193364072264025e+00) (0, 4.03816377007009008615e-01) (1, -2.06293805835536936399e+00) (2, 8.38117493862892554146e-02) (3, 4.59955481761142981334e-01) (4, -2.09690861128715999584e+00) (5, -2.12957582769683861912e+00) (6, 3.95895266550065738631e-01) (7, 1.07830683295189322379e+00) (8, -4.09415680948441629283e+00) (9, 4.51028685542940177555e+00) (10, -9.22541907812070682837e+00) (11, -1.13454899264979780504e+00) 
