FANN_FLO_2.1
num_layers=3
learning_rate=0.700000
connection_rate=1.000000
network_type=0
learning_momentum=0.000000
training_algorithm=2
train_error_function=1
train_stop_function=1
cascade_output_change_fraction=0.010000
quickprop_decay=-0.000100
quickprop_mu=1.750000
rprop_increase_factor=1.200000
rprop_decrease_factor=0.500000
rprop_delta_min=0.000000
rprop_delta_max=50.000000
rprop_delta_zero=0.100000
cascade_output_stagnation_epochs=12
cascade_candidate_change_fraction=0.010000
cascade_candidate_stagnation_epochs=12
cascade_max_out_epochs=150
cascade_min_out_epochs=50
cascade_max_cand_epochs=150
cascade_min_cand_epochs=50
cascade_num_candidate_groups=2
bit_fail_limit=1.00000000000000005551e-01
cascade_candidate_limit=1.00000000000000000000e+03
cascade_weight_multiplier=4.00000000000000022204e-01
cascade_activation_functions_count=10
cascade_activation_functions=3 5 7 8 10 11 14 15 16 17 
cascade_activation_steepnesses_count=4
cascade_activation_steepnesses=2.50000000000000000000e-01 5.00000000000000000000e-01 7.50000000000000000000e-01 1.00000000000000000000e+00 
layer_sizes=11 4 2 
scale_included=0
neurons (num_inputs, activation_function, activation_steepness)=(0, 0, 0.00000000000000000000e+00) (0, 0, 0.00000000000000000000e+00) (0, 0, 0.00000000000000000000e+00) (0, 0, 0.00000000000000000000e+00) (0, 0, 0.00000000000000000000e+00) (0, 0, 0.00000000000000000000e+00) (0, 0, 0.00000000000000000000e+00) (0, 0, 0.00000000000000000000e+00) (0, 0, 0.00000000000000000000e+00) (0, 0, 0.00000000000000000000e+00) (0, 0, 0.00000000000000000000e+00) (11, 6, 5.00000000000000000000e-01) (11, 6, 5.00000000000000000000e-01) (11, 6, 5.00000000000000000000e-01) (0, 6, 0.00000000000000000000e+00) (4, 4, 5.00000000000000000000e-01) (0, 4, 0.00000000000000000000e+00) 
connections (connected_to_neuron, weight)=(0, -2.12946485370908744628e+00) (1, 1.91246777600390283069e+00) (2, 2.48032699178857152233e+00) (3, 4.59985215743605679872e-01) (4, 1.87081325570601375574e+00) (5, 8.48272113349641898594e+00) (6, -2.59680680705243682738e+00) (7, -1.18520568977157458868e+00) (8, -8.82035701892167955940e-01) (9, -1.84845398517904602187e+00) (10, -2.20745698005472190673e+00) (0, -1.42653362651487203294e+00) (1, 1.00236527640748707135e+00) (2, 9.20874276459513141369e-01) (3, 4.10122988493745344041e-01) (4, 1.85738459820781587339e+00) (5, -3.87084877845219055281e-01) (6, 1.13898211864504794733e+01) (7, 1.36922711183604217666e+00) (8, 1.02895355083801565144e+00) (9, -3.97944048809712624948e-01) (10, -1.41592655811232881469e+00) (0, 4.02342468665683661300e+00) (1, -3.84663764072902569779e+00) (2, -8.38991256347710545604e-01) (3, -7.29159112093923922338e-01) (4, -3.76129123033605061721e+00) (5, -1.93885970656956702074e-01) (6, 1.11619794693859852863e+00) (7, 4.04824811857450939101e+00) (8, 2.91017907434468714456e+00) (9, 1.73088721307794521920e+01) (10, 2.82128197858525942010e+00) (11, 3.08409523380167405193e+00) (12, 5.50759566762212493529e+00) (13, -3.27589938799327295982e+00) (14, -1.79307483556848779038e+00) 
