FANN_FLO_2.1
num_layers=3
learning_rate=0.700000
connection_rate=1.000000
network_type=0
learning_momentum=0.000000
training_algorithm=2
train_error_function=1
train_stop_function=1
cascade_output_change_fraction=0.010000
quickprop_decay=-0.000100
quickprop_mu=1.750000
rprop_increase_factor=1.200000
rprop_decrease_factor=0.500000
rprop_delta_min=0.000000
rprop_delta_max=50.000000
rprop_delta_zero=0.100000
cascade_output_stagnation_epochs=12
cascade_candidate_change_fraction=0.010000
cascade_candidate_stagnation_epochs=12
cascade_max_out_epochs=150
cascade_min_out_epochs=50
cascade_max_cand_epochs=150
cascade_min_cand_epochs=50
cascade_num_candidate_groups=2
bit_fail_limit=1.00000000000000005551e-01
cascade_candidate_limit=1.00000000000000000000e+03
cascade_weight_multiplier=4.00000000000000022204e-01
cascade_activation_functions_count=10
cascade_activation_functions=3 5 7 8 10 11 14 15 16 17 
cascade_activation_steepnesses_count=4
cascade_activation_steepnesses=2.50000000000000000000e-01 5.00000000000000000000e-01 7.50000000000000000000e-01 1.00000000000000000000e+00 
layer_sizes=8 4 2 
scale_included=0
neurons (num_inputs, activation_function, activation_steepness)=(0, 0, 0.00000000000000000000e+00) (0, 0, 0.00000000000000000000e+00) (0, 0, 0.00000000000000000000e+00) (0, 0, 0.00000000000000000000e+00) (0, 0, 0.00000000000000000000e+00) (0, 0, 0.00000000000000000000e+00) (0, 0, 0.00000000000000000000e+00) (0, 0, 0.00000000000000000000e+00) (8, 6, 5.00000000000000000000e-01) (8, 6, 5.00000000000000000000e-01) (8, 6, 5.00000000000000000000e-01) (0, 6, 0.00000000000000000000e+00) (4, 4, 5.00000000000000000000e-01) (0, 4, 0.00000000000000000000e+00) 
connections (connected_to_neuron, weight)=(0, 5.06685513715454316497e+00) (1, -5.38471265262710208077e+00) (2, -5.07766641245148608874e+00) (3, -8.84840847881232656080e-02) (4, -1.33400222841063620383e-01) (5, 1.49528923904658062050e+00) (6, -1.80220758139225267769e+00) (7, 5.12403066913791871428e+00) (0, -8.14064617731927002431e-03) (1, 8.93261190084786216303e-01) (2, 1.23049479244192117022e+00) (3, 1.03675378480156687999e+00) (4, 4.44201430604666047675e-01) (5, -5.98521383798373135532e-02) (6, 9.08457323253190729417e-01) (7, -8.62277830460279719194e-03) (0, 5.10584275881954408050e+00) (1, -5.22476078824598300088e+00) (2, -5.05862936691306064318e+00) (3, 1.16844270081969359154e+00) (4, 1.00678467454167464012e+00) (5, 1.52107829450490839029e+00) (6, -1.91033175556989931465e+00) (7, 4.33361998249210067513e+00) (8, -3.99770807873499212093e+00) (9, 5.59096055686320925204e-01) (10, -3.93521823387634572811e+00) (11, -1.19209481977385256535e+00) 
