FANN_FLO_2.1
num_layers=3
learning_rate=0.700000
connection_rate=1.000000
network_type=0
learning_momentum=0.000000
training_algorithm=2
train_error_function=1
train_stop_function=1
cascade_output_change_fraction=0.010000
quickprop_decay=-0.000100
quickprop_mu=1.750000
rprop_increase_factor=1.200000
rprop_decrease_factor=0.500000
rprop_delta_min=0.000000
rprop_delta_max=50.000000
rprop_delta_zero=0.100000
cascade_output_stagnation_epochs=12
cascade_candidate_change_fraction=0.010000
cascade_candidate_stagnation_epochs=12
cascade_max_out_epochs=150
cascade_min_out_epochs=50
cascade_max_cand_epochs=150
cascade_min_cand_epochs=50
cascade_num_candidate_groups=2
bit_fail_limit=1.00000000000000005551e-01
cascade_candidate_limit=1.00000000000000000000e+03
cascade_weight_multiplier=4.00000000000000022204e-01
cascade_activation_functions_count=10
cascade_activation_functions=3 5 7 8 10 11 14 15 16 17 
cascade_activation_steepnesses_count=4
cascade_activation_steepnesses=2.50000000000000000000e-01 5.00000000000000000000e-01 7.50000000000000000000e-01 1.00000000000000000000e+00 
layer_sizes=15 4 2 
scale_included=0
neurons (num_inputs, activation_function, activation_steepness)=(0, 0, 0.00000000000000000000e+00) (0, 0, 0.00000000000000000000e+00) (0, 0, 0.00000000000000000000e+00) (0, 0, 0.00000000000000000000e+00) (0, 0, 0.00000000000000000000e+00) (0, 0, 0.00000000000000000000e+00) (0, 0, 0.00000000000000000000e+00) (0, 0, 0.00000000000000000000e+00) (0, 0, 0.00000000000000000000e+00) (0, 0, 0.00000000000000000000e+00) (0, 0, 0.00000000000000000000e+00) (0, 0, 0.00000000000000000000e+00) (0, 0, 0.00000000000000000000e+00) (0, 0, 0.00000000000000000000e+00) (0, 0, 0.00000000000000000000e+00) (15, 6, 5.00000000000000000000e-01) (15, 6, 5.00000000000000000000e-01) (15, 6, 5.00000000000000000000e-01) (0, 6, 0.00000000000000000000e+00) (4, 4, 5.00000000000000000000e-01) (0, 4, 0.00000000000000000000e+00) 
connections (connected_to_neuron, weight)=(0, -1.45516742763443979181e-01) (1, 1.44563894192421216189e+00) (2, 2.95920167471158956918e-01) (3, 1.30724163631849199518e+00) (4, 2.38960408802712320764e+00) (5, 3.11970943318991111859e-01) (6, 1.99625641922655971960e-01) (7, -4.22482940947117024955e-02) (8, -2.37162508610726158187e-01) (9, -2.79115874660298100840e-04) (10, 1.84735661841045444020e-02) (11, 8.80583085384694930209e-02) (12, 3.85714414270453442857e-01) (13, 1.24516738988246711273e+00) (14, -2.14466424231396279865e-01) (0, -6.26791865730285002734e-01) (1, 2.89255672530883201077e+00) (2, 1.41292282844799638175e-01) (3, 2.65428626042563831078e+00) (4, 2.58928292691672323755e+00) (5, 5.71468403819479831007e-01) (6, -3.35720659815686855998e-02) (7, -2.02357816360172804160e-01) (8, -9.02380815624917342888e-01) (9, -3.56479710022145568349e-01) (10, -3.37472999120107086668e-01) (11, -2.08302769326783737691e-01) (12, -3.25747357660684189185e-01) (13, 6.85246134889534674883e-01) (14, -5.98687154908980279089e-01) (0, 1.08289681912298640931e+00) (1, -2.79794357808315297120e+00) (2, -1.63032016150533731746e+00) (3, -3.79434448959862846706e+00) (4, -3.93240666500832292130e+00) (5, -1.14780744858292194088e+00) (6, -1.07289244182613940914e+00) (7, 2.30830186666317854760e-01) (8, 9.35447307263944982658e-01) (9, -1.08213897985073792540e+00) (10, -1.84149258973970630926e+00) (11, 4.26326836095811054217e-02) (12, -1.80878046489647048567e+00) (13, -2.13138528528171011800e+00) (14, 3.08644876999361317260e+00) (15, 2.65594979965011113165e+00) (16, 4.33636104409682232586e+00) (17, -2.62863872254325912081e+01) (18, -2.04030209623530645047e+00) 
