FANN_FLO_2.1
num_layers=3
learning_rate=0.700000
connection_rate=1.000000
network_type=0
learning_momentum=0.000000
training_algorithm=2
train_error_function=1
train_stop_function=1
cascade_output_change_fraction=0.010000
quickprop_decay=-0.000100
quickprop_mu=1.750000
rprop_increase_factor=1.200000
rprop_decrease_factor=0.500000
rprop_delta_min=0.000000
rprop_delta_max=50.000000
rprop_delta_zero=0.100000
cascade_output_stagnation_epochs=12
cascade_candidate_change_fraction=0.010000
cascade_candidate_stagnation_epochs=12
cascade_max_out_epochs=150
cascade_min_out_epochs=50
cascade_max_cand_epochs=150
cascade_min_cand_epochs=50
cascade_num_candidate_groups=2
bit_fail_limit=1.00000000000000005551e-01
cascade_candidate_limit=1.00000000000000000000e+03
cascade_weight_multiplier=4.00000000000000022204e-01
cascade_activation_functions_count=10
cascade_activation_functions=3 5 7 8 10 11 14 15 16 17 
cascade_activation_steepnesses_count=4
cascade_activation_steepnesses=2.50000000000000000000e-01 5.00000000000000000000e-01 7.50000000000000000000e-01 1.00000000000000000000e+00 
layer_sizes=7 4 2 
scale_included=0
neurons (num_inputs, activation_function, activation_steepness)=(0, 0, 0.00000000000000000000e+00) (0, 0, 0.00000000000000000000e+00) (0, 0, 0.00000000000000000000e+00) (0, 0, 0.00000000000000000000e+00) (0, 0, 0.00000000000000000000e+00) (0, 0, 0.00000000000000000000e+00) (0, 0, 0.00000000000000000000e+00) (7, 6, 5.00000000000000000000e-01) (7, 6, 5.00000000000000000000e-01) (7, 6, 5.00000000000000000000e-01) (0, 6, 0.00000000000000000000e+00) (4, 4, 5.00000000000000000000e-01) (0, 4, 0.00000000000000000000e+00) 
connections (connected_to_neuron, weight)=(0, 1.09528575442523070649e+01) (1, -8.86034461125930761227e+00) (2, -3.72557148848184027656e+00) (3, -8.74418130067601850897e+00) (4, -8.72286835899117707349e-01) (5, -1.28441428986184580374e+00) (6, 9.21074169497950734353e+00) (0, 3.87645118970837065930e+00) (1, -4.84824183290599552976e+00) (2, 5.43681186525089676920e-01) (3, 6.10145919857485452553e-01) (4, 3.73959285381295525319e-01) (5, 5.43080372778600439787e-02) (6, 8.55800822807899153055e-01) (0, 3.68765506908407703079e+00) (1, 5.95024610326314526421e-02) (2, -1.54926062501888273104e+00) (3, -1.22247780503804603924e+00) (4, -2.59637841831952875804e-01) (5, -4.47937576908878032356e-01) (6, 3.68216183670321273169e-01) (7, -3.77860561786543858176e+00) (8, -2.51794520750729189373e+00) (9, -6.43572490002842201307e+00) (10, -2.67944749434404272392e+00) 
