FANN_FLO_2.1
num_layers=3
learning_rate=0.700000
connection_rate=1.000000
network_type=0
learning_momentum=0.000000
training_algorithm=2
train_error_function=1
train_stop_function=1
cascade_output_change_fraction=0.010000
quickprop_decay=-0.000100
quickprop_mu=1.750000
rprop_increase_factor=1.200000
rprop_decrease_factor=0.500000
rprop_delta_min=0.000000
rprop_delta_max=50.000000
rprop_delta_zero=0.100000
cascade_output_stagnation_epochs=12
cascade_candidate_change_fraction=0.010000
cascade_candidate_stagnation_epochs=12
cascade_max_out_epochs=150
cascade_min_out_epochs=50
cascade_max_cand_epochs=150
cascade_min_cand_epochs=50
cascade_num_candidate_groups=2
bit_fail_limit=1.00000000000000005551e-01
cascade_candidate_limit=1.00000000000000000000e+03
cascade_weight_multiplier=4.00000000000000022204e-01
cascade_activation_functions_count=10
cascade_activation_functions=3 5 7 8 10 11 14 15 16 17 
cascade_activation_steepnesses_count=4
cascade_activation_steepnesses=2.50000000000000000000e-01 5.00000000000000000000e-01 7.50000000000000000000e-01 1.00000000000000000000e+00 
layer_sizes=16 4 2 
scale_included=0
neurons (num_inputs, activation_function, activation_steepness)=(0, 0, 0.00000000000000000000e+00) (0, 0, 0.00000000000000000000e+00) (0, 0, 0.00000000000000000000e+00) (0, 0, 0.00000000000000000000e+00) (0, 0, 0.00000000000000000000e+00) (0, 0, 0.00000000000000000000e+00) (0, 0, 0.00000000000000000000e+00) (0, 0, 0.00000000000000000000e+00) (0, 0, 0.00000000000000000000e+00) (0, 0, 0.00000000000000000000e+00) (0, 0, 0.00000000000000000000e+00) (0, 0, 0.00000000000000000000e+00) (0, 0, 0.00000000000000000000e+00) (0, 0, 0.00000000000000000000e+00) (0, 0, 0.00000000000000000000e+00) (0, 0, 0.00000000000000000000e+00) (16, 6, 5.00000000000000000000e-01) (16, 6, 5.00000000000000000000e-01) (16, 6, 5.00000000000000000000e-01) (0, 6, 0.00000000000000000000e+00) (4, 4, 5.00000000000000000000e-01) (0, 4, 0.00000000000000000000e+00) 
connections (connected_to_neuron, weight)=(0, -2.07145077576406455577e+00) (1, 1.30855415901131699741e+00) (2, 1.88857146847300505499e+00) (3, -7.96559825326508930132e-01) (4, 2.63296007365233819542e+00) (5, 1.22704018435274742060e+00) (6, 1.37798315238103441516e+00) (7, -5.77754632384857802485e-01) (8, 7.24399475039023510448e+00) (9, 1.13134423168950748462e+00) (10, 2.23809063559236376406e+00) (11, 8.58881950703413887815e-01) (12, 1.35092235137299576664e+00) (13, 1.37945979524636386238e+00) (14, 6.65026405770749473589e+00) (15, -2.55448220884132792818e+00) (0, 7.45100968392245488481e-01) (1, -1.35414518205743883428e+00) (2, -1.68760981788684566451e-01) (3, 2.79048656386575097410e-02) (4, -4.04914114135670813455e-02) (5, -3.38412516306256683229e-01) (6, 8.58630994591992435794e-01) (7, 4.29970248124742993046e-01) (8, -7.78615897462877182278e-01) (9, -3.86187726506317940967e-01) (10, -6.03561252552912898967e-04) (11, -3.23073896487997613836e-01) (12, 1.38430378667649689461e+00) (13, 6.62441535691950418585e-03) (14, -4.53020285532472921641e-01) (15, 7.56961368830554204301e-01) (0, -7.01957301737841654621e-01) (1, 1.13071866690026134883e+00) (2, 3.53504624668501021834e-01) (3, 1.75743473937979816091e-01) (4, 3.04630172504144813850e-01) (5, 9.65059343003085712276e-01) (6, -2.52141349941931047773e-01) (7, 1.04827451234623808540e-01) (8, 3.17826097393687723169e+00) (9, 5.88656540280082629657e-01) (10, -5.56699704067204259594e-01) (11, 1.69297119873311918692e-01) (12, -2.33075260952478258147e+00) (13, -2.62239745346406150084e-01) (14, 1.80189085290757300406e+00) (15, -3.31205159794286663200e-01) (16, 1.98674252916225100307e+01) (17, -1.49805444910571630146e+01) (18, 4.56856980620693242656e-01) (19, -3.07371313059408191037e+00) 
