FANN_FLO_2.1
num_layers=3
learning_rate=0.700000
connection_rate=1.000000
network_type=0
learning_momentum=0.000000
training_algorithm=2
train_error_function=1
train_stop_function=1
cascade_output_change_fraction=0.010000
quickprop_decay=-0.000100
quickprop_mu=1.750000
rprop_increase_factor=1.200000
rprop_decrease_factor=0.500000
rprop_delta_min=0.000000
rprop_delta_max=50.000000
rprop_delta_zero=0.100000
cascade_output_stagnation_epochs=12
cascade_candidate_change_fraction=0.010000
cascade_candidate_stagnation_epochs=12
cascade_max_out_epochs=150
cascade_min_out_epochs=50
cascade_max_cand_epochs=150
cascade_min_cand_epochs=50
cascade_num_candidate_groups=2
bit_fail_limit=1.00000000000000005551e-01
cascade_candidate_limit=1.00000000000000000000e+03
cascade_weight_multiplier=4.00000000000000022204e-01
cascade_activation_functions_count=10
cascade_activation_functions=3 5 7 8 10 11 14 15 16 17 
cascade_activation_steepnesses_count=4
cascade_activation_steepnesses=2.50000000000000000000e-01 5.00000000000000000000e-01 7.50000000000000000000e-01 1.00000000000000000000e+00 
layer_sizes=13 4 2 
scale_included=0
neurons (num_inputs, activation_function, activation_steepness)=(0, 0, 0.00000000000000000000e+00) (0, 0, 0.00000000000000000000e+00) (0, 0, 0.00000000000000000000e+00) (0, 0, 0.00000000000000000000e+00) (0, 0, 0.00000000000000000000e+00) (0, 0, 0.00000000000000000000e+00) (0, 0, 0.00000000000000000000e+00) (0, 0, 0.00000000000000000000e+00) (0, 0, 0.00000000000000000000e+00) (0, 0, 0.00000000000000000000e+00) (0, 0, 0.00000000000000000000e+00) (0, 0, 0.00000000000000000000e+00) (0, 0, 0.00000000000000000000e+00) (13, 6, 5.00000000000000000000e-01) (13, 6, 5.00000000000000000000e-01) (13, 6, 5.00000000000000000000e-01) (0, 6, 0.00000000000000000000e+00) (4, 4, 5.00000000000000000000e-01) (0, 4, 0.00000000000000000000e+00) 
connections (connected_to_neuron, weight)=(0, -8.03258582871810067338e-01) (1, 2.93014686049582540051e+00) (2, 1.14657731538959573037e+00) (3, 1.99556417838945621135e+00) (4, 1.99716566578760379436e+00) (5, 1.00459676349885196345e+00) (6, 7.62342378363675465813e-01) (7, 1.38102034156680075760e+00) (8, 1.51000865598678557511e+00) (9, 1.94936102704420322063e+00) (10, 1.97330929414644473674e+00) (11, 5.30594388472818812019e-01) (12, -3.22089993978830690935e+00) (0, -3.38689350645722586641e-01) (1, 1.24830563821744497388e-01) (2, 1.34866929751183817210e+00) (3, 3.36906128183928821329e+00) (4, 2.59199402922761068524e+00) (5, 5.71227440532632635417e-01) (6, 1.95302526306657031618e+00) (7, 3.16436214263533344138e+00) (8, 1.40478880612572143427e+00) (9, 2.66959461266171560467e+00) (10, 5.99567372245234508910e+00) (11, 1.09181544937102636972e+00) (12, -3.40255760884539348865e-01) (0, -1.97167443779355855416e-01) (1, 3.61323582301006973605e-01) (2, 5.72814879099241003324e-01) (3, 1.82409339625593491796e+00) (4, 1.11753127917834582661e+00) (5, 1.24994835472589982395e+00) (6, 6.72894796437574771453e-01) (7, 1.51457555390557163655e+00) (8, 6.72389648870661993385e-01) (9, 1.13555033698865237568e+00) (10, 8.69157750955671382087e-01) (11, 6.15855750719419225980e-01) (12, -4.26136936200663285490e-01) (13, 1.49923146112151819409e+01) (14, 8.31002437884909905819e-01) (15, 8.66113239557051772799e-01) (16, -1.79470392900748265674e+00) 
