FANN_FLO_2.1
num_layers=3
learning_rate=0.700000
connection_rate=1.000000
network_type=0
learning_momentum=0.000000
training_algorithm=2
train_error_function=1
train_stop_function=1
cascade_output_change_fraction=0.010000
quickprop_decay=-0.000100
quickprop_mu=1.750000
rprop_increase_factor=1.200000
rprop_decrease_factor=0.500000
rprop_delta_min=0.000000
rprop_delta_max=50.000000
rprop_delta_zero=0.100000
cascade_output_stagnation_epochs=12
cascade_candidate_change_fraction=0.010000
cascade_candidate_stagnation_epochs=12
cascade_max_out_epochs=150
cascade_min_out_epochs=50
cascade_max_cand_epochs=150
cascade_min_cand_epochs=50
cascade_num_candidate_groups=2
bit_fail_limit=1.00000000000000005551e-01
cascade_candidate_limit=1.00000000000000000000e+03
cascade_weight_multiplier=4.00000000000000022204e-01
cascade_activation_functions_count=10
cascade_activation_functions=3 5 7 8 10 11 14 15 16 17 
cascade_activation_steepnesses_count=4
cascade_activation_steepnesses=2.50000000000000000000e-01 5.00000000000000000000e-01 7.50000000000000000000e-01 1.00000000000000000000e+00 
layer_sizes=13 4 2 
scale_included=0
neurons (num_inputs, activation_function, activation_steepness)=(0, 0, 0.00000000000000000000e+00) (0, 0, 0.00000000000000000000e+00) (0, 0, 0.00000000000000000000e+00) (0, 0, 0.00000000000000000000e+00) (0, 0, 0.00000000000000000000e+00) (0, 0, 0.00000000000000000000e+00) (0, 0, 0.00000000000000000000e+00) (0, 0, 0.00000000000000000000e+00) (0, 0, 0.00000000000000000000e+00) (0, 0, 0.00000000000000000000e+00) (0, 0, 0.00000000000000000000e+00) (0, 0, 0.00000000000000000000e+00) (0, 0, 0.00000000000000000000e+00) (13, 6, 5.00000000000000000000e-01) (13, 6, 5.00000000000000000000e-01) (13, 6, 5.00000000000000000000e-01) (0, 6, 0.00000000000000000000e+00) (4, 4, 5.00000000000000000000e-01) (0, 4, 0.00000000000000000000e+00) 
connections (connected_to_neuron, weight)=(0, -1.67335654282076307098e-01) (1, 1.43241787780681351094e+00) (2, -2.05760272187691523049e-01) (3, -1.42782019419175010277e-01) (4, -2.09437655252915216897e-01) (5, -2.33290920638544480026e-01) (6, 1.44612517286697128682e+00) (7, 3.75845854931066702953e-02) (8, -1.21032470805149894311e-01) (9, -2.39096115016443649948e-01) (10, -1.30572163586178513484e+00) (11, -1.21793512154975624995e+00) (12, -3.83038092083748393790e-02) (0, 6.75030020432298649702e-01) (1, -3.03341579803459193698e+00) (2, 7.08168217347686645979e-01) (3, 8.05146609799688217635e-01) (4, 8.17730998055761215682e-01) (5, 7.22794798569505569930e-01) (6, -3.07857050367824580661e+00) (7, 1.37643764958201603177e-01) (8, 4.00751926717580142512e-01) (9, 8.19289465801542160506e-01) (10, 1.21944321594936999631e+00) (11, 1.08915444366438540769e+00) (12, 4.75492642042458835139e-01) (0, 7.86690463678663132185e-01) (1, -3.12696209171049144260e+00) (2, 7.57219975249593613142e-01) (3, 7.29720843391244766707e-01) (4, 4.73304332015336337580e-01) (5, 7.48926905350511429305e-01) (6, -3.16668793552748706333e+00) (7, 1.43400919523181374915e-01) (8, 4.89987403867066684260e-01) (9, 6.96929195331161488447e-01) (10, 1.12776245824797305417e+00) (11, 1.19048227272732409787e+00) (12, 4.95956272599519076838e-01) (13, 1.20699343551555360321e+00) (14, -3.14444755383960750095e+00) (15, -3.19440309324495341770e+00) (16, -3.80131872485171384835e-01) 
