FANN_FLO_2.1
num_layers=3
learning_rate=0.700000
connection_rate=1.000000
network_type=0
learning_momentum=0.000000
training_algorithm=2
train_error_function=1
train_stop_function=1
cascade_output_change_fraction=0.010000
quickprop_decay=-0.000100
quickprop_mu=1.750000
rprop_increase_factor=1.200000
rprop_decrease_factor=0.500000
rprop_delta_min=0.000000
rprop_delta_max=50.000000
rprop_delta_zero=0.100000
cascade_output_stagnation_epochs=12
cascade_candidate_change_fraction=0.010000
cascade_candidate_stagnation_epochs=12
cascade_max_out_epochs=150
cascade_min_out_epochs=50
cascade_max_cand_epochs=150
cascade_min_cand_epochs=50
cascade_num_candidate_groups=2
bit_fail_limit=1.00000000000000005551e-01
cascade_candidate_limit=1.00000000000000000000e+03
cascade_weight_multiplier=4.00000000000000022204e-01
cascade_activation_functions_count=10
cascade_activation_functions=3 5 7 8 10 11 14 15 16 17 
cascade_activation_steepnesses_count=4
cascade_activation_steepnesses=2.50000000000000000000e-01 5.00000000000000000000e-01 7.50000000000000000000e-01 1.00000000000000000000e+00 
layer_sizes=10 4 2 
scale_included=0
neurons (num_inputs, activation_function, activation_steepness)=(0, 0, 0.00000000000000000000e+00) (0, 0, 0.00000000000000000000e+00) (0, 0, 0.00000000000000000000e+00) (0, 0, 0.00000000000000000000e+00) (0, 0, 0.00000000000000000000e+00) (0, 0, 0.00000000000000000000e+00) (0, 0, 0.00000000000000000000e+00) (0, 0, 0.00000000000000000000e+00) (0, 0, 0.00000000000000000000e+00) (0, 0, 0.00000000000000000000e+00) (10, 6, 5.00000000000000000000e-01) (10, 6, 5.00000000000000000000e-01) (10, 6, 5.00000000000000000000e-01) (0, 6, 0.00000000000000000000e+00) (4, 4, 5.00000000000000000000e-01) (0, 4, 0.00000000000000000000e+00) 
connections (connected_to_neuron, weight)=(0, 9.87374597799294662082e+00) (1, -6.97391469512326800384e+00) (2, -7.08257465831024290992e+00) (3, 6.12832269469721913069e-01) (4, -1.99242318856948075201e+00) (5, 6.50463021198733448713e-01) (6, -6.96837695315151250952e+00) (7, 8.67166002652406620044e-01) (8, -6.17495423488013950308e-02) (9, 6.92812132289649618144e+00) (0, -1.60686375961842453641e+00) (1, 3.37217786020496013144e-01) (2, 7.06935061957345656225e+00) (3, 1.63946986607908018474e-01) (4, -2.96758489799550939647e-01) (5, 6.72613625198217324197e-01) (6, 2.93141568117410944438e+00) (7, -4.65376917878169760190e-01) (8, 5.94490106919579930356e-01) (9, -1.54400869847478783292e+00) (0, 9.86818088602536391818e+00) (1, -6.85852970663650118865e+00) (2, -7.03501745334846617652e+00) (3, 5.59064484039767384260e-01) (4, -1.92510588157408890631e+00) (5, 6.71110807756408078717e-01) (6, -7.07101896032362020605e+00) (7, 9.07743812910079883594e-01) (8, -1.14666098945556932387e-01) (9, 6.94563686301948202129e+00) (10, -4.14031758909750635667e+00) (11, 1.41844309696755521699e+00) (12, -4.17318730434108431382e+00) (13, -1.01181871520491362126e+00) 
