FANN_FLO_2.1
num_layers=3
learning_rate=0.700000
connection_rate=1.000000
network_type=0
learning_momentum=0.000000
training_algorithm=2
train_error_function=1
train_stop_function=1
cascade_output_change_fraction=0.010000
quickprop_decay=-0.000100
quickprop_mu=1.750000
rprop_increase_factor=1.200000
rprop_decrease_factor=0.500000
rprop_delta_min=0.000000
rprop_delta_max=50.000000
rprop_delta_zero=0.100000
cascade_output_stagnation_epochs=12
cascade_candidate_change_fraction=0.010000
cascade_candidate_stagnation_epochs=12
cascade_max_out_epochs=150
cascade_min_out_epochs=50
cascade_max_cand_epochs=150
cascade_min_cand_epochs=50
cascade_num_candidate_groups=2
bit_fail_limit=1.00000000000000005551e-01
cascade_candidate_limit=1.00000000000000000000e+03
cascade_weight_multiplier=4.00000000000000022204e-01
cascade_activation_functions_count=10
cascade_activation_functions=3 5 7 8 10 11 14 15 16 17 
cascade_activation_steepnesses_count=4
cascade_activation_steepnesses=2.50000000000000000000e-01 5.00000000000000000000e-01 7.50000000000000000000e-01 1.00000000000000000000e+00 
layer_sizes=13 4 2 
scale_included=0
neurons (num_inputs, activation_function, activation_steepness)=(0, 0, 0.00000000000000000000e+00) (0, 0, 0.00000000000000000000e+00) (0, 0, 0.00000000000000000000e+00) (0, 0, 0.00000000000000000000e+00) (0, 0, 0.00000000000000000000e+00) (0, 0, 0.00000000000000000000e+00) (0, 0, 0.00000000000000000000e+00) (0, 0, 0.00000000000000000000e+00) (0, 0, 0.00000000000000000000e+00) (0, 0, 0.00000000000000000000e+00) (0, 0, 0.00000000000000000000e+00) (0, 0, 0.00000000000000000000e+00) (0, 0, 0.00000000000000000000e+00) (13, 6, 5.00000000000000000000e-01) (13, 6, 5.00000000000000000000e-01) (13, 6, 5.00000000000000000000e-01) (0, 6, 0.00000000000000000000e+00) (4, 4, 5.00000000000000000000e-01) (0, 4, 0.00000000000000000000e+00) 
connections (connected_to_neuron, weight)=(0, 2.18206707040416780785e+01) (1, 2.54215662739938952353e-01) (2, -1.22867764747681795789e+00) (3, 1.10187798521729973800e+00) (4, -1.24980975078573997017e+00) (5, -1.94208896408184283899e+00) (6, -6.35854835458951139771e+00) (7, -8.17333909784782797203e+00) (8, -6.48769320469729793288e-01) (9, 1.52153570512842037488e+02) (10, 4.14168685962001514866e-01) (11, 3.22941398782795587863e+01) (12, 5.94942292097982061705e+00) (0, -5.93583537934101457267e+00) (1, 1.56352243364879806009e+00) (2, 9.45799438889081578452e-01) (3, 5.53887724236294815006e-02) (4, 1.08599934272078413322e+00) (5, 1.02220371466204040800e+00) (6, 8.13346709595135441973e-01) (7, 3.10437646882802731341e-01) (8, 5.20447204374385630210e-01) (9, 8.74369826678704612277e+02) (10, 4.18917305911720438960e-01) (11, 1.75021564430410170310e+00) (12, -1.49214253445857525371e+00) (0, 1.89396058996683152031e+01) (1, -5.42953498081544072562e+00) (2, -2.12651062315475503084e+00) (3, 4.04734790724429860376e-01) (4, -3.99504332252529881231e+00) (5, -1.40292318258942128040e+00) (6, -1.32234226164085768573e+01) (7, -1.25594377555989495931e+01) (8, -3.80572537971612834262e-01) (9, 1.52239547251324751187e+02) (10, 3.55135866816439216276e-02) (11, 3.21146043179696718539e+01) (12, 7.20225672330040644908e+00) (13, -1.27259373313798462846e+00) (14, 1.60256890648498213636e+01) (15, -1.66616974192598488180e+00) (16, -4.80159585826395396424e-01) 
