FANN_FLO_2.1
num_layers=3
learning_rate=0.700000
connection_rate=1.000000
network_type=0
learning_momentum=0.000000
training_algorithm=2
train_error_function=1
train_stop_function=1
cascade_output_change_fraction=0.010000
quickprop_decay=-0.000100
quickprop_mu=1.750000
rprop_increase_factor=1.200000
rprop_decrease_factor=0.500000
rprop_delta_min=0.000000
rprop_delta_max=50.000000
rprop_delta_zero=0.100000
cascade_output_stagnation_epochs=12
cascade_candidate_change_fraction=0.010000
cascade_candidate_stagnation_epochs=12
cascade_max_out_epochs=150
cascade_min_out_epochs=50
cascade_max_cand_epochs=150
cascade_min_cand_epochs=50
cascade_num_candidate_groups=2
bit_fail_limit=1.00000000000000005551e-01
cascade_candidate_limit=1.00000000000000000000e+03
cascade_weight_multiplier=4.00000000000000022204e-01
cascade_activation_functions_count=10
cascade_activation_functions=3 5 7 8 10 11 14 15 16 17 
cascade_activation_steepnesses_count=4
cascade_activation_steepnesses=2.50000000000000000000e-01 5.00000000000000000000e-01 7.50000000000000000000e-01 1.00000000000000000000e+00 
layer_sizes=16 4 2 
scale_included=0
neurons (num_inputs, activation_function, activation_steepness)=(0, 0, 0.00000000000000000000e+00) (0, 0, 0.00000000000000000000e+00) (0, 0, 0.00000000000000000000e+00) (0, 0, 0.00000000000000000000e+00) (0, 0, 0.00000000000000000000e+00) (0, 0, 0.00000000000000000000e+00) (0, 0, 0.00000000000000000000e+00) (0, 0, 0.00000000000000000000e+00) (0, 0, 0.00000000000000000000e+00) (0, 0, 0.00000000000000000000e+00) (0, 0, 0.00000000000000000000e+00) (0, 0, 0.00000000000000000000e+00) (0, 0, 0.00000000000000000000e+00) (0, 0, 0.00000000000000000000e+00) (0, 0, 0.00000000000000000000e+00) (0, 0, 0.00000000000000000000e+00) (16, 6, 5.00000000000000000000e-01) (16, 6, 5.00000000000000000000e-01) (16, 6, 5.00000000000000000000e-01) (0, 6, 0.00000000000000000000e+00) (4, 4, 5.00000000000000000000e-01) (0, 4, 0.00000000000000000000e+00) 
connections (connected_to_neuron, weight)=(0, -7.29789188586869208564e+00) (1, 3.42138552874371981716e+00) (2, 4.38582113445239174521e-01) (3, -6.67756615099808437108e-01) (4, -6.78096825519848178665e-01) (5, 1.18807239864015734554e+00) (6, -1.81146544162895550834e+00) (7, -9.02776769353132002571e-01) (8, 9.65625941342902693876e-01) (9, 1.45484308329641010005e+00) (10, 3.70471508758208889489e-01) (11, 1.02776170293664215194e+00) (12, -5.24904030642339480828e-01) (13, 6.29528085028097650344e-01) (14, -8.56519038287206324611e-01) (15, -1.07909606771586696894e+00) (0, -7.99133136406187816192e+00) (1, 3.75717518208787293332e+00) (2, 4.32729297041037186400e-01) (3, -7.06624332486390116514e-01) (4, -5.61040862145255614379e-01) (5, -5.27322034100168590687e-02) (6, -1.71516462155791593602e+00) (7, -1.06550426743966819565e+00) (8, 3.38804869711946232691e-01) (9, 6.58828132024787127552e-02) (10, -4.19675302440986955355e-02) (11, 1.60633103848332403629e-01) (12, 8.52299517722498900518e-01) (13, 7.13542639312961357589e-01) (14, -5.10228612120091185034e-01) (15, -7.64540555709215974289e-01) (0, -7.59299024792836885211e+00) (1, 6.23467219825257434884e-01) (2, 5.25616378882414081453e-01) (3, 4.00513930019394226445e-01) (4, 1.44576542962605691933e+00) (5, 3.02867491922087861411e+00) (6, -3.56558634627372972314e-01) (7, -2.94616237581991680106e-01) (8, 8.50630213861754302940e-01) (9, 2.97804780646753330942e+00) (10, 1.00183625620310690074e+00) (11, 3.02683849030638230104e+00) (12, -3.12567618750053399790e-01) (13, 5.85010789112120010991e-01) (14, 4.52507226722799416052e-01) (15, -7.70277278887883554148e-01) (16, 7.09161541136331141644e+00) (17, 3.33738508162520997047e+00) (18, 2.18847604691585360115e+01) (19, -3.88445168356378278673e+00) 
