FANN_FLO_2.1
num_layers=3
learning_rate=0.700000
connection_rate=1.000000
network_type=0
learning_momentum=0.000000
training_algorithm=2
train_error_function=1
train_stop_function=1
cascade_output_change_fraction=0.010000
quickprop_decay=-0.000100
quickprop_mu=1.750000
rprop_increase_factor=1.200000
rprop_decrease_factor=0.500000
rprop_delta_min=0.000000
rprop_delta_max=50.000000
rprop_delta_zero=0.100000
cascade_output_stagnation_epochs=12
cascade_candidate_change_fraction=0.010000
cascade_candidate_stagnation_epochs=12
cascade_max_out_epochs=150
cascade_min_out_epochs=50
cascade_max_cand_epochs=150
cascade_min_cand_epochs=50
cascade_num_candidate_groups=2
bit_fail_limit=1.00000000000000005551e-01
cascade_candidate_limit=1.00000000000000000000e+03
cascade_weight_multiplier=4.00000000000000022204e-01
cascade_activation_functions_count=10
cascade_activation_functions=3 5 7 8 10 11 14 15 16 17 
cascade_activation_steepnesses_count=4
cascade_activation_steepnesses=2.50000000000000000000e-01 5.00000000000000000000e-01 7.50000000000000000000e-01 1.00000000000000000000e+00 
layer_sizes=6 4 2 
scale_included=0
neurons (num_inputs, activation_function, activation_steepness)=(0, 0, 0.00000000000000000000e+00) (0, 0, 0.00000000000000000000e+00) (0, 0, 0.00000000000000000000e+00) (0, 0, 0.00000000000000000000e+00) (0, 0, 0.00000000000000000000e+00) (0, 0, 0.00000000000000000000e+00) (6, 6, 5.00000000000000000000e-01) (6, 6, 5.00000000000000000000e-01) (6, 6, 5.00000000000000000000e-01) (0, 6, 0.00000000000000000000e+00) (4, 4, 5.00000000000000000000e-01) (0, 4, 0.00000000000000000000e+00) 
connections (connected_to_neuron, weight)=(0, -4.53251924682688400736e+00) (1, -2.99083182502461752961e+00) (2, 3.76295634994002448082e+00) (3, 1.62130516243291933343e+00) (4, 8.70627967178913195312e+02) (5, 1.99377373401694901744e+00) (0, 1.62313484769868532354e+00) (1, 1.06285652598742474950e+00) (2, 4.45213635444803232377e-02) (3, -1.94070589513015076544e-02) (4, 1.50000000000000000000e+03) (5, -4.60484638714321770081e-01) (0, 3.24731206416686379868e+00) (1, 2.96684680158957991836e+00) (2, -4.70474519696857773621e-01) (3, -5.78942918148662943878e-01) (4, 1.50000000000000000000e+03) (5, -3.26383524247776479754e+00) (6, -4.57267764915208996257e+00) (7, 3.00061001520298331613e+00) (8, 7.69194000262971968596e+01) (9, -8.14364758372731256664e-01) 
