FANN_FLO_2.1
num_layers=3
learning_rate=0.700000
connection_rate=1.000000
network_type=0
learning_momentum=0.000000
training_algorithm=2
train_error_function=1
train_stop_function=1
cascade_output_change_fraction=0.010000
quickprop_decay=-0.000100
quickprop_mu=1.750000
rprop_increase_factor=1.200000
rprop_decrease_factor=0.500000
rprop_delta_min=0.000000
rprop_delta_max=50.000000
rprop_delta_zero=0.100000
cascade_output_stagnation_epochs=12
cascade_candidate_change_fraction=0.010000
cascade_candidate_stagnation_epochs=12
cascade_max_out_epochs=150
cascade_min_out_epochs=50
cascade_max_cand_epochs=150
cascade_min_cand_epochs=50
cascade_num_candidate_groups=2
bit_fail_limit=1.00000000000000005551e-01
cascade_candidate_limit=1.00000000000000000000e+03
cascade_weight_multiplier=4.00000000000000022204e-01
cascade_activation_functions_count=10
cascade_activation_functions=3 5 7 8 10 11 14 15 16 17 
cascade_activation_steepnesses_count=4
cascade_activation_steepnesses=2.50000000000000000000e-01 5.00000000000000000000e-01 7.50000000000000000000e-01 1.00000000000000000000e+00 
layer_sizes=6 4 2 
scale_included=0
neurons (num_inputs, activation_function, activation_steepness)=(0, 0, 0.00000000000000000000e+00) (0, 0, 0.00000000000000000000e+00) (0, 0, 0.00000000000000000000e+00) (0, 0, 0.00000000000000000000e+00) (0, 0, 0.00000000000000000000e+00) (0, 0, 0.00000000000000000000e+00) (6, 6, 5.00000000000000000000e-01) (6, 6, 5.00000000000000000000e-01) (6, 6, 5.00000000000000000000e-01) (0, 6, 0.00000000000000000000e+00) (4, 4, 5.00000000000000000000e-01) (0, 4, 0.00000000000000000000e+00) 
connections (connected_to_neuron, weight)=(0, 2.47054337967761306061e+00) (1, -1.24016434364313177241e+00) (2, -3.12968316528196899284e+00) (3, 1.32283182107381014347e+00) (4, -2.61805391245222329744e+00) (5, 2.60294578694381817385e+00) (0, -1.40651836821046716253e+00) (1, 1.93020235017134833555e+00) (2, 2.09684849789439864409e+00) (3, -4.51445074023598735824e-01) (4, 2.01642178919877768095e+00) (5, -2.74472011874460397607e+00) (0, -1.52186129816976434270e+00) (1, 1.93265092387988257627e+00) (2, 2.16336887588798187920e+00) (3, -3.85492273809308116927e-01) (4, 2.09861692962016777031e+00) (5, -2.81954323004030360522e+00) (6, -4.14100347622677755766e+00) (7, 1.83153080150611131671e+01) (8, 1.83003060177094702965e+01) (9, -1.53475002288111594950e+00) 
