FANN_FLO_2.1
num_layers=3
learning_rate=0.700000
connection_rate=1.000000
network_type=0
learning_momentum=0.000000
training_algorithm=2
train_error_function=1
train_stop_function=1
cascade_output_change_fraction=0.010000
quickprop_decay=-0.000100
quickprop_mu=1.750000
rprop_increase_factor=1.200000
rprop_decrease_factor=0.500000
rprop_delta_min=0.000000
rprop_delta_max=50.000000
rprop_delta_zero=0.100000
cascade_output_stagnation_epochs=12
cascade_candidate_change_fraction=0.010000
cascade_candidate_stagnation_epochs=12
cascade_max_out_epochs=150
cascade_min_out_epochs=50
cascade_max_cand_epochs=150
cascade_min_cand_epochs=50
cascade_num_candidate_groups=2
bit_fail_limit=1.00000000000000005551e-01
cascade_candidate_limit=1.00000000000000000000e+03
cascade_weight_multiplier=4.00000000000000022204e-01
cascade_activation_functions_count=10
cascade_activation_functions=3 5 7 8 10 11 14 15 16 17 
cascade_activation_steepnesses_count=4
cascade_activation_steepnesses=2.50000000000000000000e-01 5.00000000000000000000e-01 7.50000000000000000000e-01 1.00000000000000000000e+00 
layer_sizes=6 4 2 
scale_included=0
neurons (num_inputs, activation_function, activation_steepness)=(0, 0, 0.00000000000000000000e+00) (0, 0, 0.00000000000000000000e+00) (0, 0, 0.00000000000000000000e+00) (0, 0, 0.00000000000000000000e+00) (0, 0, 0.00000000000000000000e+00) (0, 0, 0.00000000000000000000e+00) (6, 6, 5.00000000000000000000e-01) (6, 6, 5.00000000000000000000e-01) (6, 6, 5.00000000000000000000e-01) (0, 6, 0.00000000000000000000e+00) (4, 4, 5.00000000000000000000e-01) (0, 4, 0.00000000000000000000e+00) 
connections (connected_to_neuron, weight)=(0, -3.72100560114586087490e-01) (1, 1.58267189272401309630e+00) (2, 7.36550365463237016739e-02) (3, 1.25569072820279986624e-01) (4, -1.48079544804961021898e-01) (5, -1.44640580318838890550e-01) (0, -2.97010270998680381282e-01) (1, 1.56495462068078494688e+00) (2, 2.31153820909593465949e-01) (3, 1.12881497748229878142e-01) (4, -2.08731130264670189378e-01) (5, -1.80344217056942007771e-01) (0, 1.42533622343083776762e+00) (1, -2.42255034844057615118e+00) (2, 1.81509652843938856792e-01) (3, 4.87683786402216545852e-01) (4, 1.28288557041427053740e+00) (5, 1.45391018349667944243e+00) (6, 1.46670717098472080941e+00) (7, 1.49915538825747929330e+00) (8, -1.53804112771698378026e+01) (9, -4.99827275696108297431e-01) 
