FANN_FLO_2.1
num_layers=3
learning_rate=0.700000
connection_rate=1.000000
network_type=0
learning_momentum=0.000000
training_algorithm=2
train_error_function=1
train_stop_function=1
cascade_output_change_fraction=0.010000
quickprop_decay=-0.000100
quickprop_mu=1.750000
rprop_increase_factor=1.200000
rprop_decrease_factor=0.500000
rprop_delta_min=0.000000
rprop_delta_max=50.000000
rprop_delta_zero=0.100000
cascade_output_stagnation_epochs=12
cascade_candidate_change_fraction=0.010000
cascade_candidate_stagnation_epochs=12
cascade_max_out_epochs=150
cascade_min_out_epochs=50
cascade_max_cand_epochs=150
cascade_min_cand_epochs=50
cascade_num_candidate_groups=2
bit_fail_limit=1.00000000000000005551e-01
cascade_candidate_limit=1.00000000000000000000e+03
cascade_weight_multiplier=4.00000000000000022204e-01
cascade_activation_functions_count=10
cascade_activation_functions=3 5 7 8 10 11 14 15 16 17 
cascade_activation_steepnesses_count=4
cascade_activation_steepnesses=2.50000000000000000000e-01 5.00000000000000000000e-01 7.50000000000000000000e-01 1.00000000000000000000e+00 
layer_sizes=8 4 2 
scale_included=0
neurons (num_inputs, activation_function, activation_steepness)=(0, 0, 0.00000000000000000000e+00) (0, 0, 0.00000000000000000000e+00) (0, 0, 0.00000000000000000000e+00) (0, 0, 0.00000000000000000000e+00) (0, 0, 0.00000000000000000000e+00) (0, 0, 0.00000000000000000000e+00) (0, 0, 0.00000000000000000000e+00) (0, 0, 0.00000000000000000000e+00) (8, 6, 5.00000000000000000000e-01) (8, 6, 5.00000000000000000000e-01) (8, 6, 5.00000000000000000000e-01) (0, 6, 0.00000000000000000000e+00) (4, 4, 5.00000000000000000000e-01) (0, 4, 0.00000000000000000000e+00) 
connections (connected_to_neuron, weight)=(0, -5.94599792100645285764e-01) (1, 2.82360926327708794403e+00) (2, 2.73374021943781420063e+00) (3, 2.66243647253562931709e+00) (4, 2.21886237143733922039e+00) (5, 4.81021871850911497681e-01) (6, 1.86450203369336958703e-01) (7, -3.79591975915652746210e+00) (0, -6.76655398048616629758e-01) (1, 2.88104436231258942414e+00) (2, 2.84875297319266795881e+00) (3, 2.61110258317043308907e+00) (4, 2.30147689013936940228e+00) (5, 5.05893057272855162232e-01) (6, 2.04753493378835554894e-01) (7, -3.80074636447650426874e+00) (0, 2.30849195896630110525e-01) (1, 8.00536322945299971821e-01) (2, 2.54503982305790943386e+00) (3, 7.40128931340887197265e-01) (4, 9.60117743656931366125e-01) (5, 4.26687897413965233628e-01) (6, 4.99458500415082884416e-01) (7, -6.49294465017669186757e-01) (8, 2.07862150510081917787e+01) (9, 2.08040562113055855775e+01) (10, 9.29220166700420180383e-01) (11, -7.91386134603738189419e-01) 
