FANN_FLO_2.1
num_layers=3
learning_rate=0.700000
connection_rate=1.000000
network_type=0
learning_momentum=0.000000
training_algorithm=2
train_error_function=1
train_stop_function=1
cascade_output_change_fraction=0.010000
quickprop_decay=-0.000100
quickprop_mu=1.750000
rprop_increase_factor=1.200000
rprop_decrease_factor=0.500000
rprop_delta_min=0.000000
rprop_delta_max=50.000000
rprop_delta_zero=0.100000
cascade_output_stagnation_epochs=12
cascade_candidate_change_fraction=0.010000
cascade_candidate_stagnation_epochs=12
cascade_max_out_epochs=150
cascade_min_out_epochs=50
cascade_max_cand_epochs=150
cascade_min_cand_epochs=50
cascade_num_candidate_groups=2
bit_fail_limit=1.00000000000000005551e-01
cascade_candidate_limit=1.00000000000000000000e+03
cascade_weight_multiplier=4.00000000000000022204e-01
cascade_activation_functions_count=10
cascade_activation_functions=3 5 7 8 10 11 14 15 16 17 
cascade_activation_steepnesses_count=4
cascade_activation_steepnesses=2.50000000000000000000e-01 5.00000000000000000000e-01 7.50000000000000000000e-01 1.00000000000000000000e+00 
layer_sizes=7 4 2 
scale_included=0
neurons (num_inputs, activation_function, activation_steepness)=(0, 0, 0.00000000000000000000e+00) (0, 0, 0.00000000000000000000e+00) (0, 0, 0.00000000000000000000e+00) (0, 0, 0.00000000000000000000e+00) (0, 0, 0.00000000000000000000e+00) (0, 0, 0.00000000000000000000e+00) (0, 0, 0.00000000000000000000e+00) (7, 6, 5.00000000000000000000e-01) (7, 6, 5.00000000000000000000e-01) (7, 6, 5.00000000000000000000e-01) (0, 6, 0.00000000000000000000e+00) (4, 4, 5.00000000000000000000e-01) (0, 4, 0.00000000000000000000e+00) 
connections (connected_to_neuron, weight)=(0, 1.81909303815380452019e-01) (1, 2.76380049458269994034e-01) (2, 5.95143315704575570635e-01) (3, 5.53538408374171231330e-01) (4, 5.09095382107375704628e-01) (5, 7.51827209427228915217e-01) (6, 1.77226758658357297360e-02) (0, 8.48252471918481076862e-01) (1, -1.63458876622476911855e+00) (2, -1.44799658380391416124e+00) (3, -4.36110778068795834628e-01) (4, -2.04080592235846935978e+00) (5, -2.08685758818533884096e+00) (6, 2.02088066385121978286e+00) (0, -1.66347727498893038778e-01) (1, 2.74668862462424501203e+00) (2, 1.63839910811718691974e+00) (3, -4.42218586331619145646e-01) (4, 2.14767969665964164605e+00) (5, 5.27898486957909640616e-01) (6, -1.37205682371963710864e+00) (7, 3.52684677563386284049e-01) (8, -2.00285311337421774169e+01) (9, 3.52699439690308036432e+00) (10, -1.21192507785544445476e+00) 
