FANN_FLO_2.1
num_layers=3
learning_rate=0.700000
connection_rate=1.000000
network_type=0
learning_momentum=0.000000
training_algorithm=2
train_error_function=1
train_stop_function=1
cascade_output_change_fraction=0.010000
quickprop_decay=-0.000100
quickprop_mu=1.750000
rprop_increase_factor=1.200000
rprop_decrease_factor=0.500000
rprop_delta_min=0.000000
rprop_delta_max=50.000000
rprop_delta_zero=0.100000
cascade_output_stagnation_epochs=12
cascade_candidate_change_fraction=0.010000
cascade_candidate_stagnation_epochs=12
cascade_max_out_epochs=150
cascade_min_out_epochs=50
cascade_max_cand_epochs=150
cascade_min_cand_epochs=50
cascade_num_candidate_groups=2
bit_fail_limit=1.00000000000000005551e-01
cascade_candidate_limit=1.00000000000000000000e+03
cascade_weight_multiplier=4.00000000000000022204e-01
cascade_activation_functions_count=10
cascade_activation_functions=3 5 7 8 10 11 14 15 16 17 
cascade_activation_steepnesses_count=4
cascade_activation_steepnesses=2.50000000000000000000e-01 5.00000000000000000000e-01 7.50000000000000000000e-01 1.00000000000000000000e+00 
layer_sizes=7 4 2 
scale_included=0
neurons (num_inputs, activation_function, activation_steepness)=(0, 0, 0.00000000000000000000e+00) (0, 0, 0.00000000000000000000e+00) (0, 0, 0.00000000000000000000e+00) (0, 0, 0.00000000000000000000e+00) (0, 0, 0.00000000000000000000e+00) (0, 0, 0.00000000000000000000e+00) (0, 0, 0.00000000000000000000e+00) (7, 6, 5.00000000000000000000e-01) (7, 6, 5.00000000000000000000e-01) (7, 6, 5.00000000000000000000e-01) (0, 6, 0.00000000000000000000e+00) (4, 4, 5.00000000000000000000e-01) (0, 4, 0.00000000000000000000e+00) 
connections (connected_to_neuron, weight)=(0, 1.40653689374315105098e+00) (1, -1.91452356617087815494e+00) (2, -1.98467297206951864830e+00) (3, -1.68825449510268144060e+00) (4, 6.43852910328893135450e-03) (5, -2.09607812973486185015e+00) (6, 1.82996385021656626790e+00) (0, -3.44265636380058082100e-02) (1, 5.38343843665291310607e-01) (2, 1.30972456275464512743e+01) (3, 6.09819947365632164527e-01) (4, 4.44242994120072620667e-01) (5, 1.79868018506331561746e+00) (6, -1.68268877994060955805e-01) (0, -1.12224911598056767414e-02) (1, 1.22272872805493948434e+00) (2, 3.21548029926380829480e+00) (3, 1.60706597951715246531e+00) (4, 8.63446961677159174897e-01) (5, 1.64114964562220611022e+00) (6, -2.13980688051915057812e+00) (7, -1.70705454049072713474e+01) (8, 3.97853187311523581737e-01) (9, 1.12457068996964326679e+00) (10, -1.43152318849171367177e+00) 
