FANN_FLO_2.1
num_layers=3
learning_rate=0.700000
connection_rate=1.000000
network_type=0
learning_momentum=0.000000
training_algorithm=2
train_error_function=1
train_stop_function=1
cascade_output_change_fraction=0.010000
quickprop_decay=-0.000100
quickprop_mu=1.750000
rprop_increase_factor=1.200000
rprop_decrease_factor=0.500000
rprop_delta_min=0.000000
rprop_delta_max=50.000000
rprop_delta_zero=0.100000
cascade_output_stagnation_epochs=12
cascade_candidate_change_fraction=0.010000
cascade_candidate_stagnation_epochs=12
cascade_max_out_epochs=150
cascade_min_out_epochs=50
cascade_max_cand_epochs=150
cascade_min_cand_epochs=50
cascade_num_candidate_groups=2
bit_fail_limit=1.00000000000000005551e-01
cascade_candidate_limit=1.00000000000000000000e+03
cascade_weight_multiplier=4.00000000000000022204e-01
cascade_activation_functions_count=10
cascade_activation_functions=3 5 7 8 10 11 14 15 16 17 
cascade_activation_steepnesses_count=4
cascade_activation_steepnesses=2.50000000000000000000e-01 5.00000000000000000000e-01 7.50000000000000000000e-01 1.00000000000000000000e+00 
layer_sizes=11 4 2 
scale_included=0
neurons (num_inputs, activation_function, activation_steepness)=(0, 0, 0.00000000000000000000e+00) (0, 0, 0.00000000000000000000e+00) (0, 0, 0.00000000000000000000e+00) (0, 0, 0.00000000000000000000e+00) (0, 0, 0.00000000000000000000e+00) (0, 0, 0.00000000000000000000e+00) (0, 0, 0.00000000000000000000e+00) (0, 0, 0.00000000000000000000e+00) (0, 0, 0.00000000000000000000e+00) (0, 0, 0.00000000000000000000e+00) (0, 0, 0.00000000000000000000e+00) (11, 6, 5.00000000000000000000e-01) (11, 6, 5.00000000000000000000e-01) (11, 6, 5.00000000000000000000e-01) (0, 6, 0.00000000000000000000e+00) (4, 4, 5.00000000000000000000e-01) (0, 4, 0.00000000000000000000e+00) 
connections (connected_to_neuron, weight)=(0, 1.45490315970135486445e+00) (1, 2.11712655783649461583e+00) (2, 1.88460245675697590784e+00) (3, -5.12751027750304122499e-01) (4, -8.82067901352181160668e-01) (5, 1.20574951321577472640e+00) (6, 1.91823776090353614876e+00) (7, 1.40170440069105861625e+00) (8, 1.55415059324607418567e+00) (9, 1.55751419513076938550e+00) (10, -1.71037709041734120596e+00) (0, 3.25536010489088578623e+00) (1, 1.45819716403092947132e+00) (2, 1.24969505866489449808e+00) (3, -3.03440326369156243569e-01) (4, -7.58461456883688711628e-01) (5, 4.20478114708445260828e-01) (6, 1.53256529478993175353e+00) (7, -1.29286083590782907571e+00) (8, -4.43253616235034719750e+00) (9, -5.39891345835957192634e+00) (10, -5.60399443662393470511e-01) (0, 4.06638063970239738154e+00) (1, 9.73529027047293715746e-01) (2, 2.59891176872854989810e+00) (3, -8.68382423747302428785e-02) (4, -7.18668056011595890453e-01) (5, -4.19127519177409368911e-02) (6, 1.49782895206179333947e+00) (7, -1.80305783549880116468e+00) (8, -2.93075267111671466935e+00) (9, -5.22122749121616447354e+00) (10, -8.89436059710763449182e-01) (11, 5.15695579454860109081e+01) (12, 1.98175168496751785696e+00) (13, 1.99683538609380728523e+00) (14, -3.74162996311849349595e+00) 
