FANN_FLO_2.1
num_layers=3
learning_rate=0.700000
connection_rate=1.000000
network_type=0
learning_momentum=0.000000
training_algorithm=2
train_error_function=1
train_stop_function=1
cascade_output_change_fraction=0.010000
quickprop_decay=-0.000100
quickprop_mu=1.750000
rprop_increase_factor=1.200000
rprop_decrease_factor=0.500000
rprop_delta_min=0.000000
rprop_delta_max=50.000000
rprop_delta_zero=0.100000
cascade_output_stagnation_epochs=12
cascade_candidate_change_fraction=0.010000
cascade_candidate_stagnation_epochs=12
cascade_max_out_epochs=150
cascade_min_out_epochs=50
cascade_max_cand_epochs=150
cascade_min_cand_epochs=50
cascade_num_candidate_groups=2
bit_fail_limit=1.00000000000000005551e-01
cascade_candidate_limit=1.00000000000000000000e+03
cascade_weight_multiplier=4.00000000000000022204e-01
cascade_activation_functions_count=10
cascade_activation_functions=3 5 7 8 10 11 14 15 16 17 
cascade_activation_steepnesses_count=4
cascade_activation_steepnesses=2.50000000000000000000e-01 5.00000000000000000000e-01 7.50000000000000000000e-01 1.00000000000000000000e+00 
layer_sizes=12 4 2 
scale_included=0
neurons (num_inputs, activation_function, activation_steepness)=(0, 0, 0.00000000000000000000e+00) (0, 0, 0.00000000000000000000e+00) (0, 0, 0.00000000000000000000e+00) (0, 0, 0.00000000000000000000e+00) (0, 0, 0.00000000000000000000e+00) (0, 0, 0.00000000000000000000e+00) (0, 0, 0.00000000000000000000e+00) (0, 0, 0.00000000000000000000e+00) (0, 0, 0.00000000000000000000e+00) (0, 0, 0.00000000000000000000e+00) (0, 0, 0.00000000000000000000e+00) (0, 0, 0.00000000000000000000e+00) (12, 6, 5.00000000000000000000e-01) (12, 6, 5.00000000000000000000e-01) (12, 6, 5.00000000000000000000e-01) (0, 6, 0.00000000000000000000e+00) (4, 4, 5.00000000000000000000e-01) (0, 4, 0.00000000000000000000e+00) 
connections (connected_to_neuron, weight)=(0, 4.08728433155415071809e+00) (1, 1.50000000000000000000e+03) (2, 3.04976559698245164309e-01) (3, 2.12489760282481743303e+00) (4, 1.50000000000000000000e+03) (5, -2.86364815651205639746e-01) (6, -1.20693888093249990234e+00) (7, -7.78918621871315441929e-01) (8, 1.69698240660579036110e+00) (9, 2.28731078346592786588e+00) (10, -3.53581812796730454718e-01) (11, -2.73142651192213392619e+00) (0, 4.11287951271545715315e+00) (1, 1.50000000000000000000e+03) (2, -8.09469354204898516869e-01) (3, 3.23401076569894474488e-01) (4, 1.50000000000000000000e+03) (5, 9.97926094180440648174e-01) (6, 1.53731381970497649192e+00) (7, 4.29915325004017567778e+00) (8, 6.55359014330381128843e-01) (9, -5.44221681745367202865e+00) (10, 1.76284213533760691917e+01) (11, -6.36436588179809636934e-01) (0, 5.76134047365257995210e+00) (1, 1.50000000000000000000e+03) (2, -7.35148486547237078881e-01) (3, -3.96856173772489717599e-01) (4, 1.50000000000000000000e+03) (5, 8.54859918898438930768e-01) (6, 1.60323589372488539695e+00) (7, 4.37698714840567326689e+00) (8, -6.42962663528394262613e-01) (9, -6.72265349219308294693e+00) (10, 1.87863700173105918623e+01) (11, -5.66782366284588556837e-01) (12, 8.84621470336968407366e+00) (13, 2.05066668255012540811e+00) (14, 2.04080536229293851846e+00) (15, -4.17156760961313111125e+00) 
