FANN_FLO_2.1
num_layers=3
learning_rate=0.700000
connection_rate=1.000000
network_type=0
learning_momentum=0.000000
training_algorithm=2
train_error_function=1
train_stop_function=1
cascade_output_change_fraction=0.010000
quickprop_decay=-0.000100
quickprop_mu=1.750000
rprop_increase_factor=1.200000
rprop_decrease_factor=0.500000
rprop_delta_min=0.000000
rprop_delta_max=50.000000
rprop_delta_zero=0.100000
cascade_output_stagnation_epochs=12
cascade_candidate_change_fraction=0.010000
cascade_candidate_stagnation_epochs=12
cascade_max_out_epochs=150
cascade_min_out_epochs=50
cascade_max_cand_epochs=150
cascade_min_cand_epochs=50
cascade_num_candidate_groups=2
bit_fail_limit=1.00000000000000005551e-01
cascade_candidate_limit=1.00000000000000000000e+03
cascade_weight_multiplier=4.00000000000000022204e-01
cascade_activation_functions_count=10
cascade_activation_functions=3 5 7 8 10 11 14 15 16 17 
cascade_activation_steepnesses_count=4
cascade_activation_steepnesses=2.50000000000000000000e-01 5.00000000000000000000e-01 7.50000000000000000000e-01 1.00000000000000000000e+00 
layer_sizes=6 4 2 
scale_included=0
neurons (num_inputs, activation_function, activation_steepness)=(0, 0, 0.00000000000000000000e+00) (0, 0, 0.00000000000000000000e+00) (0, 0, 0.00000000000000000000e+00) (0, 0, 0.00000000000000000000e+00) (0, 0, 0.00000000000000000000e+00) (0, 0, 0.00000000000000000000e+00) (6, 6, 5.00000000000000000000e-01) (6, 6, 5.00000000000000000000e-01) (6, 6, 5.00000000000000000000e-01) (0, 6, 0.00000000000000000000e+00) (4, 4, 5.00000000000000000000e-01) (0, 4, 0.00000000000000000000e+00) 
connections (connected_to_neuron, weight)=(0, 2.51195515269575819772e+00) (1, 1.50000000000000000000e+03) (2, 5.91143733163031592781e-01) (3, 2.37450658679936443818e+00) (4, 1.10502542240483392355e+00) (5, -3.02228628738111915197e+00) (0, 4.39969055564505673317e+00) (1, 2.20474837317687573091e+01) (2, 3.62122991281465322899e+00) (3, 4.69123756221713072989e+00) (4, -9.10028393866245188804e+00) (5, 2.91662276369295492273e+00) (0, -1.29425905594567893786e+01) (1, 2.33969122885485418806e+01) (2, 1.27347741126260816102e+00) (3, 4.24448598853937664188e+00) (4, 3.68409725579729396827e+00) (5, 4.66697847818724129154e-02) (6, 1.35891524400593350919e+01) (7, -3.81519390363677635136e+00) (8, -5.06746088223251245353e+00) (9, -7.69315398424081364759e-01) 
