FANN_FLO_2.1
num_layers=3
learning_rate=0.700000
connection_rate=1.000000
network_type=0
learning_momentum=0.000000
training_algorithm=2
train_error_function=1
train_stop_function=1
cascade_output_change_fraction=0.010000
quickprop_decay=-0.000100
quickprop_mu=1.750000
rprop_increase_factor=1.200000
rprop_decrease_factor=0.500000
rprop_delta_min=0.000000
rprop_delta_max=50.000000
rprop_delta_zero=0.100000
cascade_output_stagnation_epochs=12
cascade_candidate_change_fraction=0.010000
cascade_candidate_stagnation_epochs=12
cascade_max_out_epochs=150
cascade_min_out_epochs=50
cascade_max_cand_epochs=150
cascade_min_cand_epochs=50
cascade_num_candidate_groups=2
bit_fail_limit=1.00000000000000005551e-01
cascade_candidate_limit=1.00000000000000000000e+03
cascade_weight_multiplier=4.00000000000000022204e-01
cascade_activation_functions_count=10
cascade_activation_functions=3 5 7 8 10 11 14 15 16 17 
cascade_activation_steepnesses_count=4
cascade_activation_steepnesses=2.50000000000000000000e-01 5.00000000000000000000e-01 7.50000000000000000000e-01 1.00000000000000000000e+00 
layer_sizes=15 4 2 
scale_included=0
neurons (num_inputs, activation_function, activation_steepness)=(0, 0, 0.00000000000000000000e+00) (0, 0, 0.00000000000000000000e+00) (0, 0, 0.00000000000000000000e+00) (0, 0, 0.00000000000000000000e+00) (0, 0, 0.00000000000000000000e+00) (0, 0, 0.00000000000000000000e+00) (0, 0, 0.00000000000000000000e+00) (0, 0, 0.00000000000000000000e+00) (0, 0, 0.00000000000000000000e+00) (0, 0, 0.00000000000000000000e+00) (0, 0, 0.00000000000000000000e+00) (0, 0, 0.00000000000000000000e+00) (0, 0, 0.00000000000000000000e+00) (0, 0, 0.00000000000000000000e+00) (0, 0, 0.00000000000000000000e+00) (15, 6, 5.00000000000000000000e-01) (15, 6, 5.00000000000000000000e-01) (15, 6, 5.00000000000000000000e-01) (0, 6, 0.00000000000000000000e+00) (4, 4, 5.00000000000000000000e-01) (0, 4, 0.00000000000000000000e+00) 
connections (connected_to_neuron, weight)=(0, -6.84040379296069755988e-01) (1, 8.64510864367019848942e+02) (2, 8.64472106945943551182e+02) (3, 1.37427219901033526028e+00) (4, 8.27907694431981977523e-01) (5, 2.05201610347176544025e-02) (6, 2.73754430118487279699e+00) (7, 3.14189673605411678992e+00) (8, -1.77359984872314913051e-01) (9, 8.64451357578170018314e+02) (10, 9.74404741699157028734e-01) (11, 1.56283659939707195718e+01) (12, 8.64394230862390713810e+02) (13, 2.26333478012539934809e+00) (14, -2.75254397912670256687e+00) (0, 6.39717067697978603036e+00) (1, 8.60329476143542819955e+02) (2, 8.60487767543021732308e+02) (3, -5.39079297352500574902e+00) (4, -4.03748999658136131785e+00) (5, -2.56832805477900905089e+00) (6, -1.14362620406253707728e+01) (7, 1.81886141176514781748e+00) (8, 8.64277380949465445781e+00) (9, 8.60427771057311588265e+02) (10, 5.92243378247803548220e+02) (11, -1.01738839554953326427e+01) (12, 8.60437784071389728524e+02) (13, 5.83895100405956441136e+02) (14, 6.96255492301313250181e+00) (0, -2.74897342009235368110e+00) (1, 8.64576279436480717777e+02) (2, 8.64463098329734521030e+02) (3, 2.05210923559166902308e+00) (4, 8.38491119510668792003e-01) (5, 1.41031894795029977274e-01) (6, 2.24145986203054858876e+00) (7, 1.23097562717435571322e+00) (8, -1.48726315853569490688e-01) (9, 8.64586199646126942753e+02) (10, 5.15277946499433170402e+00) (11, 1.11822010534056848208e+00) (12, 8.64585529242884831547e+02) (13, 2.39186859050252031977e+00) (14, -2.83504647545597476821e+00) (15, 3.61914843678388598036e+00) (16, -5.27501596446578702171e+00) (17, 7.35694558104146612010e+00) (18, -8.59844846375153903928e-01) 
