FANN_FLO_2.1
num_layers=3
learning_rate=0.700000
connection_rate=1.000000
network_type=0
learning_momentum=0.000000
training_algorithm=2
train_error_function=1
train_stop_function=1
cascade_output_change_fraction=0.010000
quickprop_decay=-0.000100
quickprop_mu=1.750000
rprop_increase_factor=1.200000
rprop_decrease_factor=0.500000
rprop_delta_min=0.000000
rprop_delta_max=50.000000
rprop_delta_zero=0.100000
cascade_output_stagnation_epochs=12
cascade_candidate_change_fraction=0.010000
cascade_candidate_stagnation_epochs=12
cascade_max_out_epochs=150
cascade_min_out_epochs=50
cascade_max_cand_epochs=150
cascade_min_cand_epochs=50
cascade_num_candidate_groups=2
bit_fail_limit=1.00000000000000005551e-01
cascade_candidate_limit=1.00000000000000000000e+03
cascade_weight_multiplier=4.00000000000000022204e-01
cascade_activation_functions_count=10
cascade_activation_functions=3 5 7 8 10 11 14 15 16 17 
cascade_activation_steepnesses_count=4
cascade_activation_steepnesses=2.50000000000000000000e-01 5.00000000000000000000e-01 7.50000000000000000000e-01 1.00000000000000000000e+00 
layer_sizes=16 4 2 
scale_included=0
neurons (num_inputs, activation_function, activation_steepness)=(0, 0, 0.00000000000000000000e+00) (0, 0, 0.00000000000000000000e+00) (0, 0, 0.00000000000000000000e+00) (0, 0, 0.00000000000000000000e+00) (0, 0, 0.00000000000000000000e+00) (0, 0, 0.00000000000000000000e+00) (0, 0, 0.00000000000000000000e+00) (0, 0, 0.00000000000000000000e+00) (0, 0, 0.00000000000000000000e+00) (0, 0, 0.00000000000000000000e+00) (0, 0, 0.00000000000000000000e+00) (0, 0, 0.00000000000000000000e+00) (0, 0, 0.00000000000000000000e+00) (0, 0, 0.00000000000000000000e+00) (0, 0, 0.00000000000000000000e+00) (0, 0, 0.00000000000000000000e+00) (16, 6, 5.00000000000000000000e-01) (16, 6, 5.00000000000000000000e-01) (16, 6, 5.00000000000000000000e-01) (0, 6, 0.00000000000000000000e+00) (4, 4, 5.00000000000000000000e-01) (0, 4, 0.00000000000000000000e+00) 
connections (connected_to_neuron, weight)=(0, 1.66436496732188103920e+01) (1, -3.52116373535678350848e+00) (2, -1.50170848653387190019e+00) (3, -5.67454756178359720487e-01) (4, -4.68976519864373775359e-01) (5, -4.71587512101628969496e-01) (6, -4.21949688262682476303e-02) (7, -4.73813857342698763198e-01) (8, -2.42579638671759634239e-01) (9, -2.45003551427839555421e-01) (10, -4.45967890328017313450e-01) (11, 9.84544934306253560763e-01) (12, -4.01644900446978647679e-01) (13, -5.27660995584302350281e-01) (14, -4.31270971900073130101e-01) (15, 1.41805451333716181495e+00) (0, 1.66233385858488915687e+01) (1, -3.58022711780354940814e+00) (2, -1.50337425754140974199e+00) (3, -6.47653126098613474149e-01) (4, -5.54213300209813519714e-01) (5, -3.89721016790368524063e-01) (6, -8.78898686835580256194e-03) (7, -4.64869271423318575209e-01) (8, 2.74851078625770739450e-01) (9, -1.56773455624101915040e-01) (10, -3.91261473303881723851e-01) (11, 1.47278235455487704897e+00) (12, -4.56229209905711252659e-01) (13, -4.82648335259728777924e-01) (14, -5.41697897022811014622e-01) (15, 1.45095627725317743995e+00) (0, -6.88123773542275696258e+00) (1, 1.15640742843928512329e+00) (2, 1.66888365138062777504e+00) (3, 1.74695637423285798917e+00) (4, 1.33442994978032491993e+00) (5, 6.34753124041199656702e-01) (6, 5.69527008754849406458e-01) (7, 6.27941088003754588343e-01) (8, 5.30992780758920313033e-01) (9, 2.96845560300898370087e+00) (10, 8.60169655762871965266e-01) (11, 6.40499953063474514181e-01) (12, 8.47566465966662629938e-01) (13, 1.14679179366431638343e+00) (14, 8.09487009169586047008e-01) (15, -3.27081667384373775409e-01) (16, -4.39705485560060616024e+00) (17, -4.38723880507112617977e+00) (18, 1.32842336753195344734e+00) (19, -1.46547981080148792543e+00) 
