FANN_FLO_2.1
num_layers=3
learning_rate=0.700000
connection_rate=1.000000
network_type=0
learning_momentum=0.000000
training_algorithm=2
train_error_function=1
train_stop_function=1
cascade_output_change_fraction=0.010000
quickprop_decay=-0.000100
quickprop_mu=1.750000
rprop_increase_factor=1.200000
rprop_decrease_factor=0.500000
rprop_delta_min=0.000000
rprop_delta_max=50.000000
rprop_delta_zero=0.100000
cascade_output_stagnation_epochs=12
cascade_candidate_change_fraction=0.010000
cascade_candidate_stagnation_epochs=12
cascade_max_out_epochs=150
cascade_min_out_epochs=50
cascade_max_cand_epochs=150
cascade_min_cand_epochs=50
cascade_num_candidate_groups=2
bit_fail_limit=1.00000000000000005551e-01
cascade_candidate_limit=1.00000000000000000000e+03
cascade_weight_multiplier=4.00000000000000022204e-01
cascade_activation_functions_count=10
cascade_activation_functions=3 5 7 8 10 11 14 15 16 17 
cascade_activation_steepnesses_count=4
cascade_activation_steepnesses=2.50000000000000000000e-01 5.00000000000000000000e-01 7.50000000000000000000e-01 1.00000000000000000000e+00 
layer_sizes=8 4 2 
scale_included=0
neurons (num_inputs, activation_function, activation_steepness)=(0, 0, 0.00000000000000000000e+00) (0, 0, 0.00000000000000000000e+00) (0, 0, 0.00000000000000000000e+00) (0, 0, 0.00000000000000000000e+00) (0, 0, 0.00000000000000000000e+00) (0, 0, 0.00000000000000000000e+00) (0, 0, 0.00000000000000000000e+00) (0, 0, 0.00000000000000000000e+00) (8, 6, 5.00000000000000000000e-01) (8, 6, 5.00000000000000000000e-01) (8, 6, 5.00000000000000000000e-01) (0, 6, 0.00000000000000000000e+00) (4, 4, 5.00000000000000000000e-01) (0, 4, 0.00000000000000000000e+00) 
connections (connected_to_neuron, weight)=(0, -8.95915639450974188307e-01) (1, 1.27770530856852682078e+00) (2, 4.56842095596081854136e-01) (3, 4.64172955033672340885e-01) (4, 2.46875619505718985058e-01) (5, 4.25153340575588345462e-01) (6, 6.07850950574301496232e-01) (7, 9.49687729920786066762e-03) (0, -3.97653120018577288519e+00) (1, 2.84898087196964810985e+00) (2, 2.06583231221831109536e+00) (3, 1.52416582731790239968e+00) (4, -6.90505752081416512844e-01) (5, 1.52795821754522020974e+00) (6, 1.15539840509021662918e+00) (7, -3.18441489893690343749e+00) (0, 7.51448009040788900137e+00) (1, -1.31247791421860648953e+00) (2, -1.77996508878627035521e+00) (3, -7.46963631017191209693e-01) (4, 1.43314257323783111886e-01) (5, -7.18933058360338939075e-01) (6, 2.93534523642033362556e-02) (7, 3.02763568465528154494e-01) (8, 1.93022958073696893067e+00) (9, 8.92211628755704211358e+00) (10, -1.60981854180338745941e+00) (11, -2.74252489092626117184e+00) 
