FANN_FLO_2.1
num_layers=3
learning_rate=0.700000
connection_rate=1.000000
network_type=0
learning_momentum=0.000000
training_algorithm=2
train_error_function=1
train_stop_function=1
cascade_output_change_fraction=0.010000
quickprop_decay=-0.000100
quickprop_mu=1.750000
rprop_increase_factor=1.200000
rprop_decrease_factor=0.500000
rprop_delta_min=0.000000
rprop_delta_max=50.000000
rprop_delta_zero=0.100000
cascade_output_stagnation_epochs=12
cascade_candidate_change_fraction=0.010000
cascade_candidate_stagnation_epochs=12
cascade_max_out_epochs=150
cascade_min_out_epochs=50
cascade_max_cand_epochs=150
cascade_min_cand_epochs=50
cascade_num_candidate_groups=2
bit_fail_limit=1.00000000000000005551e-01
cascade_candidate_limit=1.00000000000000000000e+03
cascade_weight_multiplier=4.00000000000000022204e-01
cascade_activation_functions_count=10
cascade_activation_functions=3 5 7 8 10 11 14 15 16 17 
cascade_activation_steepnesses_count=4
cascade_activation_steepnesses=2.50000000000000000000e-01 5.00000000000000000000e-01 7.50000000000000000000e-01 1.00000000000000000000e+00 
layer_sizes=9 4 2 
scale_included=0
neurons (num_inputs, activation_function, activation_steepness)=(0, 0, 0.00000000000000000000e+00) (0, 0, 0.00000000000000000000e+00) (0, 0, 0.00000000000000000000e+00) (0, 0, 0.00000000000000000000e+00) (0, 0, 0.00000000000000000000e+00) (0, 0, 0.00000000000000000000e+00) (0, 0, 0.00000000000000000000e+00) (0, 0, 0.00000000000000000000e+00) (0, 0, 0.00000000000000000000e+00) (9, 6, 5.00000000000000000000e-01) (9, 6, 5.00000000000000000000e-01) (9, 6, 5.00000000000000000000e-01) (0, 6, 0.00000000000000000000e+00) (4, 4, 5.00000000000000000000e-01) (0, 4, 0.00000000000000000000e+00) 
connections (connected_to_neuron, weight)=(0, 3.94514975878168749901e-01) (1, -3.48093348370966504390e-01) (2, -2.14835002067828506611e+00) (3, -4.91771838964750518386e-01) (4, 2.00267899783800606972e-01) (5, -1.48936262589511370091e-01) (6, 4.69502678869002099127e-02) (7, 1.12443844238389947798e-01) (8, 2.09873438422181646246e-01) (0, 4.66351988908063841421e+00) (1, -4.29975775272715665665e+00) (2, -2.95362270161018880543e+00) (3, -1.99514239153704564522e+00) (4, 2.22825837710441225503e-02) (5, -1.57559677910389472899e+00) (6, -7.82488586252254592068e-01) (7, 2.72159608600702496162e+00) (8, 4.69248892363321257193e+00) (0, -2.03914360445476550154e+00) (1, 1.11735576527817404013e+00) (2, 2.22507174715865341241e+00) (3, 2.12394895743716238812e+00) (4, 2.05012489859243390855e-01) (5, 1.00969440639740715149e+00) (6, 2.06048209969182966050e-01) (7, -1.60736377052521223208e-01) (8, -1.03720227059834524397e+00) (9, -8.51284160563314573622e-01) (10, -6.40165254763203961375e+00) (11, 2.06832167720684934054e+00) (12, -2.26085991834443600368e+00) 
