FANN_FLO_2.1
num_layers=3
learning_rate=0.700000
connection_rate=1.000000
network_type=0
learning_momentum=0.000000
training_algorithm=2
train_error_function=1
train_stop_function=1
cascade_output_change_fraction=0.010000
quickprop_decay=-0.000100
quickprop_mu=1.750000
rprop_increase_factor=1.200000
rprop_decrease_factor=0.500000
rprop_delta_min=0.000000
rprop_delta_max=50.000000
rprop_delta_zero=0.100000
cascade_output_stagnation_epochs=12
cascade_candidate_change_fraction=0.010000
cascade_candidate_stagnation_epochs=12
cascade_max_out_epochs=150
cascade_min_out_epochs=50
cascade_max_cand_epochs=150
cascade_min_cand_epochs=50
cascade_num_candidate_groups=2
bit_fail_limit=1.00000000000000005551e-01
cascade_candidate_limit=1.00000000000000000000e+03
cascade_weight_multiplier=4.00000000000000022204e-01
cascade_activation_functions_count=10
cascade_activation_functions=3 5 7 8 10 11 14 15 16 17 
cascade_activation_steepnesses_count=4
cascade_activation_steepnesses=2.50000000000000000000e-01 5.00000000000000000000e-01 7.50000000000000000000e-01 1.00000000000000000000e+00 
layer_sizes=10 4 2 
scale_included=0
neurons (num_inputs, activation_function, activation_steepness)=(0, 0, 0.00000000000000000000e+00) (0, 0, 0.00000000000000000000e+00) (0, 0, 0.00000000000000000000e+00) (0, 0, 0.00000000000000000000e+00) (0, 0, 0.00000000000000000000e+00) (0, 0, 0.00000000000000000000e+00) (0, 0, 0.00000000000000000000e+00) (0, 0, 0.00000000000000000000e+00) (0, 0, 0.00000000000000000000e+00) (0, 0, 0.00000000000000000000e+00) (10, 6, 5.00000000000000000000e-01) (10, 6, 5.00000000000000000000e-01) (10, 6, 5.00000000000000000000e-01) (0, 6, 0.00000000000000000000e+00) (4, 4, 5.00000000000000000000e-01) (0, 4, 0.00000000000000000000e+00) 
connections (connected_to_neuron, weight)=(0, 1.98482141185071292444e-01) (1, 1.29218413490668337928e+00) (2, 1.31789683833092197141e-01) (3, 3.22336607489106974356e-01) (4, 1.52105881242350637894e-01) (5, -1.50556878121955572958e+00) (6, 4.27600562721480503825e-01) (7, -3.25193177723131432444e+00) (8, 1.08429324953947432419e+01) (9, -1.09744432455895379874e-01) (0, -6.36941415066518779042e+00) (1, 4.42819909696089464290e+00) (2, 4.23264730857255599972e+00) (3, 3.47579597049636257466e+00) (4, -3.09531473295342252072e-01) (5, -3.18644866424534667360e+00) (6, 2.60097724257862372710e+00) (7, 3.15357798877951278627e+00) (8, 4.97477090585470715922e+00) (9, -4.63757369531203611501e+00) (0, 1.31826792741447711421e+01) (1, -3.84267880285589624734e+00) (2, -2.19034063141858048596e+00) (3, 5.97002651215485569125e-01) (4, 3.06821236952716924762e+00) (5, 4.11356229627769298673e+00) (6, -2.67809901822305063135e+00) (7, 7.90071712078560839387e+00) (8, -7.04162578804869632165e+00) (9, 1.55129157171173837071e+01) (10, 4.66931730690796409355e-01) (11, 1.19297371452981089135e+01) (12, -9.78195816701183940012e-01) (13, -8.12820993786583789742e-01) 
