FANN_FLO_2.1
num_layers=3
learning_rate=0.700000
connection_rate=1.000000
network_type=0
learning_momentum=0.000000
training_algorithm=2
train_error_function=1
train_stop_function=1
cascade_output_change_fraction=0.010000
quickprop_decay=-0.000100
quickprop_mu=1.750000
rprop_increase_factor=1.200000
rprop_decrease_factor=0.500000
rprop_delta_min=0.000000
rprop_delta_max=50.000000
rprop_delta_zero=0.100000
cascade_output_stagnation_epochs=12
cascade_candidate_change_fraction=0.010000
cascade_candidate_stagnation_epochs=12
cascade_max_out_epochs=150
cascade_min_out_epochs=50
cascade_max_cand_epochs=150
cascade_min_cand_epochs=50
cascade_num_candidate_groups=2
bit_fail_limit=1.00000000000000005551e-01
cascade_candidate_limit=1.00000000000000000000e+03
cascade_weight_multiplier=4.00000000000000022204e-01
cascade_activation_functions_count=10
cascade_activation_functions=3 5 7 8 10 11 14 15 16 17 
cascade_activation_steepnesses_count=4
cascade_activation_steepnesses=2.50000000000000000000e-01 5.00000000000000000000e-01 7.50000000000000000000e-01 1.00000000000000000000e+00 
layer_sizes=6 4 2 
scale_included=0
neurons (num_inputs, activation_function, activation_steepness)=(0, 0, 0.00000000000000000000e+00) (0, 0, 0.00000000000000000000e+00) (0, 0, 0.00000000000000000000e+00) (0, 0, 0.00000000000000000000e+00) (0, 0, 0.00000000000000000000e+00) (0, 0, 0.00000000000000000000e+00) (6, 6, 5.00000000000000000000e-01) (6, 6, 5.00000000000000000000e-01) (6, 6, 5.00000000000000000000e-01) (0, 6, 0.00000000000000000000e+00) (4, 4, 5.00000000000000000000e-01) (0, 4, 0.00000000000000000000e+00) 
connections (connected_to_neuron, weight)=(0, -1.11963665844390727888e-02) (1, -1.59515154357393884599e-02) (2, -1.01299354443597811049e+00) (3, -3.42372720870862068399e-01) (4, -8.99007178329246814386e-01) (5, 8.98277411895442717826e-02) (0, -1.83050617652857350315e+00) (1, 2.32451979781459172614e+00) (2, 2.23391773139648863733e+00) (3, 3.39891817378765725977e-01) (4, 2.12260297527485830571e+00) (5, -3.36796106411427853544e+00) (0, 2.49507797081977100717e+00) (1, -1.65250695524869994912e+00) (2, -3.31363877065413703349e+00) (3, 1.35280931521557823416e+00) (4, -4.71878765722242476954e+00) (5, 3.19048541978460420410e+00) (6, -9.06083370732545745341e-01) (7, 2.22435495863531365046e+01) (8, -9.30419811935180618434e+00) (9, -1.66792641264146790370e+00) 
