FANN_FLO_2.1
num_layers=3
learning_rate=0.700000
connection_rate=1.000000
network_type=0
learning_momentum=0.000000
training_algorithm=2
train_error_function=1
train_stop_function=1
cascade_output_change_fraction=0.010000
quickprop_decay=-0.000100
quickprop_mu=1.750000
rprop_increase_factor=1.200000
rprop_decrease_factor=0.500000
rprop_delta_min=0.000000
rprop_delta_max=50.000000
rprop_delta_zero=0.100000
cascade_output_stagnation_epochs=12
cascade_candidate_change_fraction=0.010000
cascade_candidate_stagnation_epochs=12
cascade_max_out_epochs=150
cascade_min_out_epochs=50
cascade_max_cand_epochs=150
cascade_min_cand_epochs=50
cascade_num_candidate_groups=2
bit_fail_limit=1.00000000000000005551e-01
cascade_candidate_limit=1.00000000000000000000e+03
cascade_weight_multiplier=4.00000000000000022204e-01
cascade_activation_functions_count=10
cascade_activation_functions=3 5 7 8 10 11 14 15 16 17 
cascade_activation_steepnesses_count=4
cascade_activation_steepnesses=2.50000000000000000000e-01 5.00000000000000000000e-01 7.50000000000000000000e-01 1.00000000000000000000e+00 
layer_sizes=11 4 2 
scale_included=0
neurons (num_inputs, activation_function, activation_steepness)=(0, 0, 0.00000000000000000000e+00) (0, 0, 0.00000000000000000000e+00) (0, 0, 0.00000000000000000000e+00) (0, 0, 0.00000000000000000000e+00) (0, 0, 0.00000000000000000000e+00) (0, 0, 0.00000000000000000000e+00) (0, 0, 0.00000000000000000000e+00) (0, 0, 0.00000000000000000000e+00) (0, 0, 0.00000000000000000000e+00) (0, 0, 0.00000000000000000000e+00) (0, 0, 0.00000000000000000000e+00) (11, 6, 5.00000000000000000000e-01) (11, 6, 5.00000000000000000000e-01) (11, 6, 5.00000000000000000000e-01) (0, 6, 0.00000000000000000000e+00) (4, 4, 5.00000000000000000000e-01) (0, 4, 0.00000000000000000000e+00) 
connections (connected_to_neuron, weight)=(0, 1.19422577061122403563e+00) (1, 2.42851765716360828984e-01) (2, 1.04518690109427922486e-01) (3, 3.02264616590394441520e-01) (4, 6.07948816234793576463e-01) (5, -1.69450348742289613746e+00) (6, -7.08517574823449436394e+00) (7, -8.71811781519637868376e-02) (8, -2.65424328362194428266e+00) (9, 2.82699057237008610777e-01) (10, 1.49227925323104670952e+00) (0, -3.07599452190651545536e+00) (1, 2.83266080421774146814e+00) (2, 1.26714616247144196137e+00) (3, -1.86902238831207767600e-01) (4, -4.26740481697920392978e-01) (5, 1.14401655713748739984e+00) (6, 3.11200630308208658903e+00) (7, -2.02514620664042938047e-01) (8, -1.86779487621730716507e-01) (9, -3.30431995389866950408e-01) (10, -3.45690972982381339307e+00) (0, -8.31211209842246745438e+00) (1, 2.90752953460151264409e+00) (2, 3.55851506372255999011e+00) (3, 1.55899366742426082055e+00) (4, -1.37070080304960040252e+00) (5, 3.82327153125383434329e+00) (6, 1.56219746727890873572e+00) (7, 3.38256235548041683803e-01) (8, 2.14661087602466299495e-01) (9, 1.56428854772478076463e+00) (10, -4.91117061782751385124e+00) (11, -1.59603785803526854181e+01) (12, 4.72782848954648837747e+00) (13, 1.14336843272183671161e+02) (14, -1.65541017869649409455e+00) 
