FANN_FLO_2.1
num_layers=3
learning_rate=0.700000
connection_rate=1.000000
network_type=0
learning_momentum=0.000000
training_algorithm=2
train_error_function=1
train_stop_function=1
cascade_output_change_fraction=0.010000
quickprop_decay=-0.000100
quickprop_mu=1.750000
rprop_increase_factor=1.200000
rprop_decrease_factor=0.500000
rprop_delta_min=0.000000
rprop_delta_max=50.000000
rprop_delta_zero=0.100000
cascade_output_stagnation_epochs=12
cascade_candidate_change_fraction=0.010000
cascade_candidate_stagnation_epochs=12
cascade_max_out_epochs=150
cascade_min_out_epochs=50
cascade_max_cand_epochs=150
cascade_min_cand_epochs=50
cascade_num_candidate_groups=2
bit_fail_limit=1.00000000000000005551e-01
cascade_candidate_limit=1.00000000000000000000e+03
cascade_weight_multiplier=4.00000000000000022204e-01
cascade_activation_functions_count=10
cascade_activation_functions=3 5 7 8 10 11 14 15 16 17 
cascade_activation_steepnesses_count=4
cascade_activation_steepnesses=2.50000000000000000000e-01 5.00000000000000000000e-01 7.50000000000000000000e-01 1.00000000000000000000e+00 
layer_sizes=9 4 2 
scale_included=0
neurons (num_inputs, activation_function, activation_steepness)=(0, 0, 0.00000000000000000000e+00) (0, 0, 0.00000000000000000000e+00) (0, 0, 0.00000000000000000000e+00) (0, 0, 0.00000000000000000000e+00) (0, 0, 0.00000000000000000000e+00) (0, 0, 0.00000000000000000000e+00) (0, 0, 0.00000000000000000000e+00) (0, 0, 0.00000000000000000000e+00) (0, 0, 0.00000000000000000000e+00) (9, 6, 5.00000000000000000000e-01) (9, 6, 5.00000000000000000000e-01) (9, 6, 5.00000000000000000000e-01) (0, 6, 0.00000000000000000000e+00) (4, 4, 5.00000000000000000000e-01) (0, 4, 0.00000000000000000000e+00) 
connections (connected_to_neuron, weight)=(0, 1.39643783122105280547e+00) (1, -7.00215258288008790544e-01) (2, -3.22942227363982037325e-02) (3, -6.56682548304697633057e-01) (4, -5.93774375854283054110e-01) (5, -5.12274039326458874299e-01) (6, -5.10721225579314097587e-01) (7, -4.38397305560499495058e-02) (8, 3.21895776526129107076e-01) (0, 4.66120020567691284441e+00) (1, -3.57520879935037605435e+00) (2, -2.90437522237124978730e+00) (3, -2.64353596067133045366e+00) (4, -1.78597584199874503952e+00) (5, -1.70593030956356628280e+00) (6, 5.94137598103005371009e-01) (7, -2.64538359056990857177e-01) (8, 4.73655180900609451555e+00) (0, 5.18191439203363923838e+00) (1, -4.98980221028631998337e+00) (2, -2.56865968515286535734e+00) (3, -2.76245557352718806854e+00) (4, -1.24159973573839343963e+00) (5, -1.33760028791582263885e+00) (6, 1.60431586895923028457e+00) (7, 9.63129308713252196839e-01) (8, 5.30316400072914628794e+00) (9, -6.04924908671763517098e-01) (10, -3.62147920328864358908e+00) (11, -3.63334631670007013327e+00) (12, -9.80537532292847680004e-01) 
