FANN_FLO_2.1
num_layers=3
learning_rate=0.700000
connection_rate=1.000000
network_type=0
learning_momentum=0.000000
training_algorithm=2
train_error_function=1
train_stop_function=1
cascade_output_change_fraction=0.010000
quickprop_decay=-0.000100
quickprop_mu=1.750000
rprop_increase_factor=1.200000
rprop_decrease_factor=0.500000
rprop_delta_min=0.000000
rprop_delta_max=50.000000
rprop_delta_zero=0.100000
cascade_output_stagnation_epochs=12
cascade_candidate_change_fraction=0.010000
cascade_candidate_stagnation_epochs=12
cascade_max_out_epochs=150
cascade_min_out_epochs=50
cascade_max_cand_epochs=150
cascade_min_cand_epochs=50
cascade_num_candidate_groups=2
bit_fail_limit=1.00000000000000005551e-01
cascade_candidate_limit=1.00000000000000000000e+03
cascade_weight_multiplier=4.00000000000000022204e-01
cascade_activation_functions_count=10
cascade_activation_functions=3 5 7 8 10 11 14 15 16 17 
cascade_activation_steepnesses_count=4
cascade_activation_steepnesses=2.50000000000000000000e-01 5.00000000000000000000e-01 7.50000000000000000000e-01 1.00000000000000000000e+00 
layer_sizes=9 4 2 
scale_included=0
neurons (num_inputs, activation_function, activation_steepness)=(0, 0, 0.00000000000000000000e+00) (0, 0, 0.00000000000000000000e+00) (0, 0, 0.00000000000000000000e+00) (0, 0, 0.00000000000000000000e+00) (0, 0, 0.00000000000000000000e+00) (0, 0, 0.00000000000000000000e+00) (0, 0, 0.00000000000000000000e+00) (0, 0, 0.00000000000000000000e+00) (0, 0, 0.00000000000000000000e+00) (9, 6, 5.00000000000000000000e-01) (9, 6, 5.00000000000000000000e-01) (9, 6, 5.00000000000000000000e-01) (0, 6, 0.00000000000000000000e+00) (4, 4, 5.00000000000000000000e-01) (0, 4, 0.00000000000000000000e+00) 
connections (connected_to_neuron, weight)=(0, 6.98362837915602057137e+01) (1, -3.78241293001473533053e+00) (2, -1.48515780079836012817e+01) (3, -1.34745755791617387587e+01) (4, -3.86533111758972847127e+00) (5, -5.42304086142169339269e+00) (6, -4.17500478440052980034e+00) (7, -9.04458421280685431753e-01) (8, 2.06247901844226397827e+01) (0, -3.18130840708590856281e+00) (1, 8.58314417037087906692e+00) (2, -3.06536732798653510645e-01) (3, -2.36378069141992819269e+00) (4, -7.92331625265852768081e-01) (5, -5.53214321627293448280e-01) (6, -5.19878501786862234901e-01) (7, -5.44919833974022993495e-01) (8, -1.28103948121883171041e+00) (0, -8.76394733983626039731e+00) (1, 1.76734678317012749993e+00) (2, 2.05409695460038541626e+01) (3, 8.90843238090163858089e+00) (4, -5.75806831445701106098e-01) (5, 4.19305846252232683469e+00) (6, 4.20040065579801691342e+00) (7, -1.13951635268742257345e+00) (8, -8.93592123139252336728e+00) (9, -2.03463668459621560558e+00) (10, 3.02283688419521778812e+00) (11, 3.79470014440114589149e+00) (12, -2.00453375735846650585e+00) 
