FANN_FLO_2.1
num_layers=3
learning_rate=0.700000
connection_rate=1.000000
network_type=0
learning_momentum=0.000000
training_algorithm=2
train_error_function=1
train_stop_function=1
cascade_output_change_fraction=0.010000
quickprop_decay=-0.000100
quickprop_mu=1.750000
rprop_increase_factor=1.200000
rprop_decrease_factor=0.500000
rprop_delta_min=0.000000
rprop_delta_max=50.000000
rprop_delta_zero=0.100000
cascade_output_stagnation_epochs=12
cascade_candidate_change_fraction=0.010000
cascade_candidate_stagnation_epochs=12
cascade_max_out_epochs=150
cascade_min_out_epochs=50
cascade_max_cand_epochs=150
cascade_min_cand_epochs=50
cascade_num_candidate_groups=2
bit_fail_limit=1.00000000000000005551e-01
cascade_candidate_limit=1.00000000000000000000e+03
cascade_weight_multiplier=4.00000000000000022204e-01
cascade_activation_functions_count=10
cascade_activation_functions=3 5 7 8 10 11 14 15 16 17 
cascade_activation_steepnesses_count=4
cascade_activation_steepnesses=2.50000000000000000000e-01 5.00000000000000000000e-01 7.50000000000000000000e-01 1.00000000000000000000e+00 
layer_sizes=18 4 2 
scale_included=0
neurons (num_inputs, activation_function, activation_steepness)=(0, 0, 0.00000000000000000000e+00) (0, 0, 0.00000000000000000000e+00) (0, 0, 0.00000000000000000000e+00) (0, 0, 0.00000000000000000000e+00) (0, 0, 0.00000000000000000000e+00) (0, 0, 0.00000000000000000000e+00) (0, 0, 0.00000000000000000000e+00) (0, 0, 0.00000000000000000000e+00) (0, 0, 0.00000000000000000000e+00) (0, 0, 0.00000000000000000000e+00) (0, 0, 0.00000000000000000000e+00) (0, 0, 0.00000000000000000000e+00) (0, 0, 0.00000000000000000000e+00) (0, 0, 0.00000000000000000000e+00) (0, 0, 0.00000000000000000000e+00) (0, 0, 0.00000000000000000000e+00) (0, 0, 0.00000000000000000000e+00) (0, 0, 0.00000000000000000000e+00) (18, 6, 5.00000000000000000000e-01) (18, 6, 5.00000000000000000000e-01) (18, 6, 5.00000000000000000000e-01) (0, 6, 0.00000000000000000000e+00) (4, 4, 5.00000000000000000000e-01) (0, 4, 0.00000000000000000000e+00) 
connections (connected_to_neuron, weight)=(0, 4.80040911041733631137e-02) (1, 5.26767199087606718955e-01) (2, 4.26088090226282005801e+01) (3, 3.01916396696744027128e-01) (4, 1.82731798700807002156e+00) (5, 4.83565882688479753426e+00) (6, -4.24444668876676700631e-01) (7, 4.98365387223812794648e-01) (8, -2.85190515971920466320e-01) (9, 4.58950353713360570396e-01) (10, 1.43385813194432309992e+00) (11, 9.20313532042059456728e-01) (12, 3.70869600780253572125e+00) (13, 1.80421135954385497557e-01) (14, 1.22191041258974758543e-01) (15, 2.10030189953224782906e-01) (16, 5.93284047276118275960e+00) (17, 1.37582871519562853491e-02) (0, 1.82009718741756731930e+00) (1, -9.11674573493726048135e-01) (2, 1.53967229889134500809e+02) (3, 1.55222167874118827102e-01) (4, -1.32348665028888912154e+00) (5, -1.22681437184353159253e+00) (6, 1.41899543497936009295e+00) (7, -9.44792050199051547388e-01) (8, 8.57022839602339603360e-01) (9, -4.55597710821745993659e-01) (10, -9.08751455397225793575e-01) (11, 6.31731303295122170738e-01) (12, -1.41668257203355740792e+00) (13, 9.18614892900745605431e-01) (14, 1.09550066240214949431e+00) (15, 9.78221407132719988908e-01) (16, -1.53746918445237934492e+00) (17, 1.62234376179590134015e+00) (0, -6.96511431078942533368e-01) (1, 1.52395429300795148819e+00) (2, 2.45558257039352014317e+02) (3, -2.73342929516259047773e-01) (4, 1.54127957725529607380e+00) (5, 2.12646136497628157613e+00) (6, -7.03694173320048355080e-01) (7, 2.25766605230770300849e+00) (8, 4.54773315900603714024e-01) (9, 1.29318331120507412635e+00) (10, 1.61847662234310996077e+00) (11, 3.67114971162130709903e-01) (12, 2.08590407181234427370e+00) (13, -3.63062137412280550031e-01) (14, -3.05436411546916475324e-01) (15, -3.49591854445494287784e-01) (16, 2.04161597222367152682e+00) (17, -1.29351931952333232267e+00) (18, 2.34822959479901449686e-01) (19, -7.10728687230060973690e+00) (20, 1.81691125208494312915e+01) (21, -1.23600119985759349106e+00) 
