FANN_FLO_2.1
num_layers=3
learning_rate=0.700000
connection_rate=1.000000
network_type=0
learning_momentum=0.000000
training_algorithm=2
train_error_function=1
train_stop_function=1
cascade_output_change_fraction=0.010000
quickprop_decay=-0.000100
quickprop_mu=1.750000
rprop_increase_factor=1.200000
rprop_decrease_factor=0.500000
rprop_delta_min=0.000000
rprop_delta_max=50.000000
rprop_delta_zero=0.100000
cascade_output_stagnation_epochs=12
cascade_candidate_change_fraction=0.010000
cascade_candidate_stagnation_epochs=12
cascade_max_out_epochs=150
cascade_min_out_epochs=50
cascade_max_cand_epochs=150
cascade_min_cand_epochs=50
cascade_num_candidate_groups=2
bit_fail_limit=1.00000000000000005551e-01
cascade_candidate_limit=1.00000000000000000000e+03
cascade_weight_multiplier=4.00000000000000022204e-01
cascade_activation_functions_count=10
cascade_activation_functions=3 5 7 8 10 11 14 15 16 17 
cascade_activation_steepnesses_count=4
cascade_activation_steepnesses=2.50000000000000000000e-01 5.00000000000000000000e-01 7.50000000000000000000e-01 1.00000000000000000000e+00 
layer_sizes=6 4 2 
scale_included=0
neurons (num_inputs, activation_function, activation_steepness)=(0, 0, 0.00000000000000000000e+00) (0, 0, 0.00000000000000000000e+00) (0, 0, 0.00000000000000000000e+00) (0, 0, 0.00000000000000000000e+00) (0, 0, 0.00000000000000000000e+00) (0, 0, 0.00000000000000000000e+00) (6, 6, 5.00000000000000000000e-01) (6, 6, 5.00000000000000000000e-01) (6, 6, 5.00000000000000000000e-01) (0, 6, 0.00000000000000000000e+00) (4, 4, 5.00000000000000000000e-01) (0, 4, 0.00000000000000000000e+00) 
connections (connected_to_neuron, weight)=(0, 1.64321065825407934824e+01) (1, 6.65374548299702106569e-01) (2, 1.53900205149228996859e+00) (3, 1.13980607944402767551e+00) (4, -2.88810443224285107178e+00) (5, -4.12728919113456971246e+00) (0, 7.56787977530952673533e+01) (1, -3.35601225255127311176e-01) (2, 1.39439435337476602683e-01) (3, 1.90530506172568414591e+00) (4, 1.86799079810531742929e+00) (5, 9.68964861953750045132e+00) (0, 2.64492513045829413798e+00) (1, 1.84343207185286250827e+00) (2, 2.20588454163297464916e+00) (3, 1.37613890117608117514e+00) (4, 2.91049748568665139770e-02) (5, -3.66276984489648427257e+00) (6, 1.01426262186871589677e+01) (7, -6.08200286885775098789e-01) (8, 2.54713326481039281646e+01) (9, -5.48074988087690839755e-01) 
