FANN_FLO_2.1
num_layers=3
learning_rate=0.700000
connection_rate=1.000000
network_type=0
learning_momentum=0.000000
training_algorithm=2
train_error_function=1
train_stop_function=1
cascade_output_change_fraction=0.010000
quickprop_decay=-0.000100
quickprop_mu=1.750000
rprop_increase_factor=1.200000
rprop_decrease_factor=0.500000
rprop_delta_min=0.000000
rprop_delta_max=50.000000
rprop_delta_zero=0.100000
cascade_output_stagnation_epochs=12
cascade_candidate_change_fraction=0.010000
cascade_candidate_stagnation_epochs=12
cascade_max_out_epochs=150
cascade_min_out_epochs=50
cascade_max_cand_epochs=150
cascade_min_cand_epochs=50
cascade_num_candidate_groups=2
bit_fail_limit=1.00000000000000005551e-01
cascade_candidate_limit=1.00000000000000000000e+03
cascade_weight_multiplier=4.00000000000000022204e-01
cascade_activation_functions_count=10
cascade_activation_functions=3 5 7 8 10 11 14 15 16 17 
cascade_activation_steepnesses_count=4
cascade_activation_steepnesses=2.50000000000000000000e-01 5.00000000000000000000e-01 7.50000000000000000000e-01 1.00000000000000000000e+00 
layer_sizes=9 4 2 
scale_included=0
neurons (num_inputs, activation_function, activation_steepness)=(0, 0, 0.00000000000000000000e+00) (0, 0, 0.00000000000000000000e+00) (0, 0, 0.00000000000000000000e+00) (0, 0, 0.00000000000000000000e+00) (0, 0, 0.00000000000000000000e+00) (0, 0, 0.00000000000000000000e+00) (0, 0, 0.00000000000000000000e+00) (0, 0, 0.00000000000000000000e+00) (0, 0, 0.00000000000000000000e+00) (9, 6, 5.00000000000000000000e-01) (9, 6, 5.00000000000000000000e-01) (9, 6, 5.00000000000000000000e-01) (0, 6, 0.00000000000000000000e+00) (4, 4, 5.00000000000000000000e-01) (0, 4, 0.00000000000000000000e+00) 
connections (connected_to_neuron, weight)=(0, -3.01963681446362264271e-01) (1, 1.00624399160749589122e+00) (2, 1.19798641721498844159e-01) (3, 6.77934482883942202136e-01) (4, 5.62844702883239067503e-01) (5, 4.95605753643985069701e-01) (6, 5.72470420880790031859e-01) (7, -2.31191867718591931302e-01) (8, -3.80111357288409001942e-01) (0, -1.23203989796125923384e+00) (1, 4.65922368716267798483e-01) (2, 2.20476926479505230816e+00) (3, 1.01199484319641452856e+00) (4, 5.05269413839844916403e-01) (5, 6.42116541116442451909e-01) (6, -4.87722196999399837392e-01) (7, -1.69931050107613140776e-01) (8, -7.58630877945425274866e-01) (0, -1.22210608595247762764e+01) (1, 5.07400928765828762579e+00) (2, 2.68223615444487784032e+00) (3, 2.47248027645673573716e+00) (4, 1.51276467174698470153e+00) (5, 1.43687470436503050841e+00) (6, 2.38427164105317404563e-02) (7, -1.65969128329756610007e+00) (8, -4.63382143154383818739e+00) (9, 1.14208475183805280295e+00) (10, 2.87731162128662409927e+00) (11, 5.82015647130997315628e+00) (12, -1.77058818267311823824e+00) 
