FANN_FLO_2.1
num_layers=3
learning_rate=0.700000
connection_rate=1.000000
network_type=0
learning_momentum=0.000000
training_algorithm=2
train_error_function=1
train_stop_function=1
cascade_output_change_fraction=0.010000
quickprop_decay=-0.000100
quickprop_mu=1.750000
rprop_increase_factor=1.200000
rprop_decrease_factor=0.500000
rprop_delta_min=0.000000
rprop_delta_max=50.000000
rprop_delta_zero=0.100000
cascade_output_stagnation_epochs=12
cascade_candidate_change_fraction=0.010000
cascade_candidate_stagnation_epochs=12
cascade_max_out_epochs=150
cascade_min_out_epochs=50
cascade_max_cand_epochs=150
cascade_min_cand_epochs=50
cascade_num_candidate_groups=2
bit_fail_limit=1.00000000000000005551e-01
cascade_candidate_limit=1.00000000000000000000e+03
cascade_weight_multiplier=4.00000000000000022204e-01
cascade_activation_functions_count=10
cascade_activation_functions=3 5 7 8 10 11 14 15 16 17 
cascade_activation_steepnesses_count=4
cascade_activation_steepnesses=2.50000000000000000000e-01 5.00000000000000000000e-01 7.50000000000000000000e-01 1.00000000000000000000e+00 
layer_sizes=6 4 2 
scale_included=0
neurons (num_inputs, activation_function, activation_steepness)=(0, 0, 0.00000000000000000000e+00) (0, 0, 0.00000000000000000000e+00) (0, 0, 0.00000000000000000000e+00) (0, 0, 0.00000000000000000000e+00) (0, 0, 0.00000000000000000000e+00) (0, 0, 0.00000000000000000000e+00) (6, 6, 5.00000000000000000000e-01) (6, 6, 5.00000000000000000000e-01) (6, 6, 5.00000000000000000000e-01) (0, 6, 0.00000000000000000000e+00) (4, 4, 5.00000000000000000000e-01) (0, 4, 0.00000000000000000000e+00) 
connections (connected_to_neuron, weight)=(0, 1.40558374797326255390e+01) (1, 7.70046083456548791091e-01) (2, 9.92264693836829025919e-01) (3, 2.07952695290340194845e+00) (4, -4.69018084445971483731e-01) (5, -4.58527318777183268139e+00) (0, -3.96601949844932077927e-01) (1, -6.33797912279513653289e-01) (2, -1.16326551865253180473e+00) (3, 4.26553348075703678277e-03) (4, 4.12523079249501656296e-01) (5, 1.75044395820245135553e+00) (0, 3.42596045145458771852e-01) (1, 1.50157465516698507280e+00) (2, 2.06283910463005204505e+00) (3, 6.65716773002443806817e-01) (4, 9.34615359635617426459e-02) (5, -2.30232952034283133713e+00) (6, 1.41603254832638505434e+01) (7, -1.19483914957332770790e+00) (8, 1.99791796371828915824e+01) (9, -2.54013533863643781174e+00) 
