FANN_FLO_2.1
num_layers=3
learning_rate=0.700000
connection_rate=1.000000
network_type=0
learning_momentum=0.000000
training_algorithm=2
train_error_function=1
train_stop_function=1
cascade_output_change_fraction=0.010000
quickprop_decay=-0.000100
quickprop_mu=1.750000
rprop_increase_factor=1.200000
rprop_decrease_factor=0.500000
rprop_delta_min=0.000000
rprop_delta_max=50.000000
rprop_delta_zero=0.100000
cascade_output_stagnation_epochs=12
cascade_candidate_change_fraction=0.010000
cascade_candidate_stagnation_epochs=12
cascade_max_out_epochs=150
cascade_min_out_epochs=50
cascade_max_cand_epochs=150
cascade_min_cand_epochs=50
cascade_num_candidate_groups=2
bit_fail_limit=1.00000000000000005551e-01
cascade_candidate_limit=1.00000000000000000000e+03
cascade_weight_multiplier=4.00000000000000022204e-01
cascade_activation_functions_count=10
cascade_activation_functions=3 5 7 8 10 11 14 15 16 17 
cascade_activation_steepnesses_count=4
cascade_activation_steepnesses=2.50000000000000000000e-01 5.00000000000000000000e-01 7.50000000000000000000e-01 1.00000000000000000000e+00 
layer_sizes=11 4 2 
scale_included=0
neurons (num_inputs, activation_function, activation_steepness)=(0, 0, 0.00000000000000000000e+00) (0, 0, 0.00000000000000000000e+00) (0, 0, 0.00000000000000000000e+00) (0, 0, 0.00000000000000000000e+00) (0, 0, 0.00000000000000000000e+00) (0, 0, 0.00000000000000000000e+00) (0, 0, 0.00000000000000000000e+00) (0, 0, 0.00000000000000000000e+00) (0, 0, 0.00000000000000000000e+00) (0, 0, 0.00000000000000000000e+00) (0, 0, 0.00000000000000000000e+00) (11, 6, 5.00000000000000000000e-01) (11, 6, 5.00000000000000000000e-01) (11, 6, 5.00000000000000000000e-01) (0, 6, 0.00000000000000000000e+00) (4, 4, 5.00000000000000000000e-01) (0, 4, 0.00000000000000000000e+00) 
connections (connected_to_neuron, weight)=(0, -9.65848672313182987637e+00) (1, 3.87665403734602787011e+00) (2, 3.02469707621939232212e+00) (3, 3.79816880470175899376e+00) (4, -1.17436677929799015985e+00) (5, 3.96185247234565007801e+00) (6, 3.47282808211275861865e+00) (7, 7.98789794964206878447e-01) (8, 1.59687078060225640108e+00) (9, 3.73134055119252661115e+00) (10, -6.69159967230162244789e+00) (0, -3.27476030606872736683e+00) (1, 4.17282016564944147063e+00) (2, 1.14212711682410894554e+00) (3, 9.05979864251311495238e-01) (4, -2.59511838026736052498e-01) (5, 2.52542310663617985966e-01) (6, -3.01711385670515253032e-01) (7, -1.41100880957423346906e-01) (8, 1.35423087092263938480e+00) (9, 1.45317952448822590439e-01) (10, -2.52428594559226748828e+00) (0, -4.91369960041847519960e+00) (1, 1.55151773524516506386e-01) (2, 2.12048137076357251507e-01) (3, -1.05184744244945571623e+00) (4, -1.58324893182492232313e+00) (5, 2.19264734541585371019e+00) (6, 3.15170067245620622032e+01) (7, -6.17679842802451473105e-01) (8, 8.80568294013123531450e-01) (9, -9.58957831748424416318e-01) (10, -4.32659716378754755084e+00) (11, 2.02741291786592583435e+01) (12, 1.89990184703199194161e+00) (13, 1.40907639005787661546e+01) (14, -3.02800232411708813984e+00) 
