FANN_FLO_2.1
num_layers=3
learning_rate=0.700000
connection_rate=1.000000
network_type=0
learning_momentum=0.000000
training_algorithm=2
train_error_function=1
train_stop_function=1
cascade_output_change_fraction=0.010000
quickprop_decay=-0.000100
quickprop_mu=1.750000
rprop_increase_factor=1.200000
rprop_decrease_factor=0.500000
rprop_delta_min=0.000000
rprop_delta_max=50.000000
rprop_delta_zero=0.100000
cascade_output_stagnation_epochs=12
cascade_candidate_change_fraction=0.010000
cascade_candidate_stagnation_epochs=12
cascade_max_out_epochs=150
cascade_min_out_epochs=50
cascade_max_cand_epochs=150
cascade_min_cand_epochs=50
cascade_num_candidate_groups=2
bit_fail_limit=1.00000000000000005551e-01
cascade_candidate_limit=1.00000000000000000000e+03
cascade_weight_multiplier=4.00000000000000022204e-01
cascade_activation_functions_count=10
cascade_activation_functions=3 5 7 8 10 11 14 15 16 17 
cascade_activation_steepnesses_count=4
cascade_activation_steepnesses=2.50000000000000000000e-01 5.00000000000000000000e-01 7.50000000000000000000e-01 1.00000000000000000000e+00 
layer_sizes=18 4 2 
scale_included=0
neurons (num_inputs, activation_function, activation_steepness)=(0, 0, 0.00000000000000000000e+00) (0, 0, 0.00000000000000000000e+00) (0, 0, 0.00000000000000000000e+00) (0, 0, 0.00000000000000000000e+00) (0, 0, 0.00000000000000000000e+00) (0, 0, 0.00000000000000000000e+00) (0, 0, 0.00000000000000000000e+00) (0, 0, 0.00000000000000000000e+00) (0, 0, 0.00000000000000000000e+00) (0, 0, 0.00000000000000000000e+00) (0, 0, 0.00000000000000000000e+00) (0, 0, 0.00000000000000000000e+00) (0, 0, 0.00000000000000000000e+00) (0, 0, 0.00000000000000000000e+00) (0, 0, 0.00000000000000000000e+00) (0, 0, 0.00000000000000000000e+00) (0, 0, 0.00000000000000000000e+00) (0, 0, 0.00000000000000000000e+00) (18, 6, 5.00000000000000000000e-01) (18, 6, 5.00000000000000000000e-01) (18, 6, 5.00000000000000000000e-01) (0, 6, 0.00000000000000000000e+00) (4, 4, 5.00000000000000000000e-01) (0, 4, 0.00000000000000000000e+00) 
connections (connected_to_neuron, weight)=(0, -6.47161956993958398243e-01) (1, 5.06976471625249280883e-01) (2, 3.40922921456173497745e+01) (3, 3.39403452981469788696e-01) (4, 4.72198815580422426308e-02) (5, 5.05970965727564725434e-01) (6, 2.36726342998092031955e-03) (7, 1.45617610886207837773e+00) (8, 7.66465165240998502760e-01) (9, -1.27675184991834012038e+00) (10, -3.60554886235995297739e-01) (11, -1.36316164987415411325e+00) (12, 1.02306570867385326906e+00) (13, -3.30726836510849941941e-01) (14, 9.18376490303672077253e-01) (15, -4.10747435578061093064e-01) (16, 9.81207355686820270613e-01) (17, -4.59950600732980829921e-01) (0, -4.45228082155197546488e-01) (1, 1.40299966604915504753e+00) (2, 1.41521744139148566433e+01) (3, 3.07452594891251096421e-01) (4, -2.84441010174676878197e-01) (5, 1.51866417654956342709e+00) (6, -4.04122800645754065574e-01) (7, 2.44035652652256906947e-01) (8, 3.57058965687599372263e-01) (9, -4.77383603484864305067e-01) (10, -1.42498283108905388072e-01) (11, -8.02625987324065315320e-01) (12, 2.64832569875494261424e+00) (13, -5.58245998305064161649e-02) (14, 2.40781804498359619515e+00) (15, 6.08110952693242390321e-02) (16, 2.48971911471411644357e+00) (17, -2.93614780021566774970e-02) (0, -1.44747366261261833920e+00) (1, 1.11354754657346788349e+00) (2, 8.18434991333108712297e+01) (3, -1.02168848786799382200e-01) (4, -7.16551816079543879567e-01) (5, 1.06596398173774087326e+00) (6, -6.77437847468780329763e-01) (7, 2.18057148680064072366e+00) (8, 1.62428376804880958417e+00) (9, -9.11130574753428068568e-01) (10, -1.08524045395059332009e+00) (11, -1.18292556462880682489e+00) (12, 2.10195394738093543907e+00) (13, -1.13124593340165602307e+00) (14, 2.04006304086968270894e+00) (15, -1.07704886041886793713e+00) (16, 2.04473984481617776510e+00) (17, -1.05362132179410639132e+00) (18, 3.75686870419470331228e+00) (19, 1.75593989742787587316e-01) (20, 8.18378658834319878679e+01) (21, -1.32592081900632652314e+00) 
