FANN_FLO_2.1
num_layers=3
learning_rate=0.700000
connection_rate=1.000000
network_type=0
learning_momentum=0.000000
training_algorithm=2
train_error_function=1
train_stop_function=1
cascade_output_change_fraction=0.010000
quickprop_decay=-0.000100
quickprop_mu=1.750000
rprop_increase_factor=1.200000
rprop_decrease_factor=0.500000
rprop_delta_min=0.000000
rprop_delta_max=50.000000
rprop_delta_zero=0.100000
cascade_output_stagnation_epochs=12
cascade_candidate_change_fraction=0.010000
cascade_candidate_stagnation_epochs=12
cascade_max_out_epochs=150
cascade_min_out_epochs=50
cascade_max_cand_epochs=150
cascade_min_cand_epochs=50
cascade_num_candidate_groups=2
bit_fail_limit=1.00000000000000005551e-01
cascade_candidate_limit=1.00000000000000000000e+03
cascade_weight_multiplier=4.00000000000000022204e-01
cascade_activation_functions_count=10
cascade_activation_functions=3 5 7 8 10 11 14 15 16 17 
cascade_activation_steepnesses_count=4
cascade_activation_steepnesses=2.50000000000000000000e-01 5.00000000000000000000e-01 7.50000000000000000000e-01 1.00000000000000000000e+00 
layer_sizes=9 4 2 
scale_included=0
neurons (num_inputs, activation_function, activation_steepness)=(0, 0, 0.00000000000000000000e+00) (0, 0, 0.00000000000000000000e+00) (0, 0, 0.00000000000000000000e+00) (0, 0, 0.00000000000000000000e+00) (0, 0, 0.00000000000000000000e+00) (0, 0, 0.00000000000000000000e+00) (0, 0, 0.00000000000000000000e+00) (0, 0, 0.00000000000000000000e+00) (0, 0, 0.00000000000000000000e+00) (9, 6, 5.00000000000000000000e-01) (9, 6, 5.00000000000000000000e-01) (9, 6, 5.00000000000000000000e-01) (0, 6, 0.00000000000000000000e+00) (4, 4, 5.00000000000000000000e-01) (0, 4, 0.00000000000000000000e+00) 
connections (connected_to_neuron, weight)=(0, -5.20658283265803500939e+00) (1, 7.84475951360574157434e+01) (2, -3.66171902021650694792e+01) (3, -1.72286266838165169624e+00) (4, 3.05271413635685995303e-01) (5, 8.14461021027053311272e-01) (6, 1.94143042656748177066e+00) (7, 1.01068155189499409019e+00) (8, -3.00996887371423627044e+00) (0, 4.27792562285666821964e+00) (1, -2.41605363408855161600e-01) (2, -1.32462468287681858214e+01) (3, -7.47691314507419657609e-01) (4, -4.60164768591680206633e-01) (5, -8.08929193440294236339e-01) (6, -7.38768588426923611401e-01) (7, 1.50254912973203202942e-01) (8, 3.32406073604391671950e+00) (0, 3.41330311278299403099e+00) (1, -2.87421799818805445703e-01) (2, -1.25297562014480554637e+01) (3, -6.89502727080280375382e-01) (4, 1.40463328720930979987e-01) (5, -5.47175029107385135774e-01) (6, -4.96287757345490743166e-01) (7, 4.56484591397865457907e-01) (8, 2.57368431498167327121e+00) (9, 3.32855994485907480396e+00) (10, -2.50236856259192652630e+00) (11, -1.91405907381691853253e+00) (12, -4.21832264584512550698e+00) 
