FANN_FLO_2.1
num_layers=3
learning_rate=0.700000
connection_rate=1.000000
network_type=0
learning_momentum=0.000000
training_algorithm=2
train_error_function=1
train_stop_function=1
cascade_output_change_fraction=0.010000
quickprop_decay=-0.000100
quickprop_mu=1.750000
rprop_increase_factor=1.200000
rprop_decrease_factor=0.500000
rprop_delta_min=0.000000
rprop_delta_max=50.000000
rprop_delta_zero=0.100000
cascade_output_stagnation_epochs=12
cascade_candidate_change_fraction=0.010000
cascade_candidate_stagnation_epochs=12
cascade_max_out_epochs=150
cascade_min_out_epochs=50
cascade_max_cand_epochs=150
cascade_min_cand_epochs=50
cascade_num_candidate_groups=2
bit_fail_limit=1.00000000000000005551e-01
cascade_candidate_limit=1.00000000000000000000e+03
cascade_weight_multiplier=4.00000000000000022204e-01
cascade_activation_functions_count=10
cascade_activation_functions=3 5 7 8 10 11 14 15 16 17 
cascade_activation_steepnesses_count=4
cascade_activation_steepnesses=2.50000000000000000000e-01 5.00000000000000000000e-01 7.50000000000000000000e-01 1.00000000000000000000e+00 
layer_sizes=17 4 2 
scale_included=0
neurons (num_inputs, activation_function, activation_steepness)=(0, 0, 0.00000000000000000000e+00) (0, 0, 0.00000000000000000000e+00) (0, 0, 0.00000000000000000000e+00) (0, 0, 0.00000000000000000000e+00) (0, 0, 0.00000000000000000000e+00) (0, 0, 0.00000000000000000000e+00) (0, 0, 0.00000000000000000000e+00) (0, 0, 0.00000000000000000000e+00) (0, 0, 0.00000000000000000000e+00) (0, 0, 0.00000000000000000000e+00) (0, 0, 0.00000000000000000000e+00) (0, 0, 0.00000000000000000000e+00) (0, 0, 0.00000000000000000000e+00) (0, 0, 0.00000000000000000000e+00) (0, 0, 0.00000000000000000000e+00) (0, 0, 0.00000000000000000000e+00) (0, 0, 0.00000000000000000000e+00) (17, 6, 5.00000000000000000000e-01) (17, 6, 5.00000000000000000000e-01) (17, 6, 5.00000000000000000000e-01) (0, 6, 0.00000000000000000000e+00) (4, 4, 5.00000000000000000000e-01) (0, 4, 0.00000000000000000000e+00) 
connections (connected_to_neuron, weight)=(0, -2.80380290427248046736e-01) (1, 1.63291712524866361456e+00) (2, 1.43874384899720486608e+00) (3, 1.31476529360372046407e-01) (4, -2.30399388108529001862e-01) (5, 3.06246607156174244224e-01) (6, 1.91447935197822438624e+00) (7, 4.37869793146918206972e-01) (8, 1.73860752750459401916e+00) (9, 2.47017316041908818747e+00) (10, 1.46233065248167126704e+00) (11, -2.90131397100080512530e-01) (12, -8.83418501173603987198e-02) (13, -1.32137929321673369687e-01) (14, -1.61074268182362229096e-01) (15, -4.31010872960166640383e-03) (16, -2.18521412773945700181e+00) (0, 3.49014688873419443027e+00) (1, -1.15912578984512376623e-01) (2, -5.44602214686859542603e-01) (3, 1.16005124488148947393e+00) (4, 1.16573683540415795612e+00) (5, 8.86930767714950274438e-01) (6, -2.00079363324316794603e+00) (7, 2.16887936282130411314e+00) (8, -5.30779822725391703386e-01) (9, 8.85791162280388455486e-01) (10, -3.86115914655280667578e-01) (11, 1.81400767452094946464e+00) (12, 1.15723067217460195977e+00) (13, 1.12891137713103906215e+00) (14, 3.54436381217781404374e+00) (15, 2.53200093263617254102e-01) (16, 1.08639913199299620317e+01) (0, -5.52734732553111451914e-01) (1, 1.01156942664671967158e+00) (2, 2.15938104089557869614e+00) (3, 4.46660994152867224516e-02) (4, -1.29270379691221931617e-01) (5, 1.23735222471403769062e-01) (6, 1.51309936594292371304e+00) (7, -4.27668242293471390081e-01) (8, 2.08532655766309149570e+00) (9, 7.32932453498694957972e-01) (10, 2.47279092686114054800e+00) (11, -4.55672904366196063197e-01) (12, -1.68675214516426391631e-01) (13, 5.06005099455219577165e-04) (14, -4.95365895296267844117e-01) (15, 2.11605580260339876109e-01) (16, -1.90493187297349364506e+00) (17, 2.92974980580799382324e+01) (18, -1.25131115760120859015e+00) (19, 9.65364954193854032383e+01) (20, -1.13564086030635302826e+00) 
