FANN_FLO_2.1
num_layers=3
learning_rate=0.700000
connection_rate=1.000000
network_type=0
learning_momentum=0.000000
training_algorithm=2
train_error_function=1
train_stop_function=1
cascade_output_change_fraction=0.010000
quickprop_decay=-0.000100
quickprop_mu=1.750000
rprop_increase_factor=1.200000
rprop_decrease_factor=0.500000
rprop_delta_min=0.000000
rprop_delta_max=50.000000
rprop_delta_zero=0.100000
cascade_output_stagnation_epochs=12
cascade_candidate_change_fraction=0.010000
cascade_candidate_stagnation_epochs=12
cascade_max_out_epochs=150
cascade_min_out_epochs=50
cascade_max_cand_epochs=150
cascade_min_cand_epochs=50
cascade_num_candidate_groups=2
bit_fail_limit=1.00000000000000005551e-01
cascade_candidate_limit=1.00000000000000000000e+03
cascade_weight_multiplier=4.00000000000000022204e-01
cascade_activation_functions_count=10
cascade_activation_functions=3 5 7 8 10 11 14 15 16 17 
cascade_activation_steepnesses_count=4
cascade_activation_steepnesses=2.50000000000000000000e-01 5.00000000000000000000e-01 7.50000000000000000000e-01 1.00000000000000000000e+00 
layer_sizes=6 4 2 
scale_included=0
neurons (num_inputs, activation_function, activation_steepness)=(0, 0, 0.00000000000000000000e+00) (0, 0, 0.00000000000000000000e+00) (0, 0, 0.00000000000000000000e+00) (0, 0, 0.00000000000000000000e+00) (0, 0, 0.00000000000000000000e+00) (0, 0, 0.00000000000000000000e+00) (6, 6, 5.00000000000000000000e-01) (6, 6, 5.00000000000000000000e-01) (6, 6, 5.00000000000000000000e-01) (0, 6, 0.00000000000000000000e+00) (4, 4, 5.00000000000000000000e-01) (0, 4, 0.00000000000000000000e+00) 
connections (connected_to_neuron, weight)=(0, -1.04353160455879994117e+01) (1, 1.44962348865263113140e+01) (2, 2.39817440785688784644e+00) (3, 8.54556771166976858467e+00) (4, 3.38912934711407043409e+00) (5, -6.08316597494657607115e-01) (0, 1.50482087294173161318e+00) (1, 5.58462966394328241826e-01) (2, 9.62103405575412184980e-01) (3, 2.15607948471665034074e-01) (4, -3.89978438266566029835e-01) (5, -1.33931128883437300381e+00) (0, 6.13047761886677822218e+00) (1, -6.45478201645876659143e-01) (2, -5.14388669272417864420e+00) (3, 9.99040458358644967163e-01) (4, 3.16833601655473984238e+00) (5, 1.75411155693693281421e+01) (6, 9.43871817346528096948e+00) (7, 1.48375980440439093400e+02) (8, -2.34258188119676180605e+00) (9, -2.22908558508899323769e+00) 
