FANN_FLO_2.1
num_layers=3
learning_rate=0.700000
connection_rate=1.000000
network_type=0
learning_momentum=0.000000
training_algorithm=2
train_error_function=1
train_stop_function=1
cascade_output_change_fraction=0.010000
quickprop_decay=-0.000100
quickprop_mu=1.750000
rprop_increase_factor=1.200000
rprop_decrease_factor=0.500000
rprop_delta_min=0.000000
rprop_delta_max=50.000000
rprop_delta_zero=0.100000
cascade_output_stagnation_epochs=12
cascade_candidate_change_fraction=0.010000
cascade_candidate_stagnation_epochs=12
cascade_max_out_epochs=150
cascade_min_out_epochs=50
cascade_max_cand_epochs=150
cascade_min_cand_epochs=50
cascade_num_candidate_groups=2
bit_fail_limit=1.00000000000000005551e-01
cascade_candidate_limit=1.00000000000000000000e+03
cascade_weight_multiplier=4.00000000000000022204e-01
cascade_activation_functions_count=10
cascade_activation_functions=3 5 7 8 10 11 14 15 16 17 
cascade_activation_steepnesses_count=4
cascade_activation_steepnesses=2.50000000000000000000e-01 5.00000000000000000000e-01 7.50000000000000000000e-01 1.00000000000000000000e+00 
layer_sizes=17 4 2 
scale_included=0
neurons (num_inputs, activation_function, activation_steepness)=(0, 0, 0.00000000000000000000e+00) (0, 0, 0.00000000000000000000e+00) (0, 0, 0.00000000000000000000e+00) (0, 0, 0.00000000000000000000e+00) (0, 0, 0.00000000000000000000e+00) (0, 0, 0.00000000000000000000e+00) (0, 0, 0.00000000000000000000e+00) (0, 0, 0.00000000000000000000e+00) (0, 0, 0.00000000000000000000e+00) (0, 0, 0.00000000000000000000e+00) (0, 0, 0.00000000000000000000e+00) (0, 0, 0.00000000000000000000e+00) (0, 0, 0.00000000000000000000e+00) (0, 0, 0.00000000000000000000e+00) (0, 0, 0.00000000000000000000e+00) (0, 0, 0.00000000000000000000e+00) (0, 0, 0.00000000000000000000e+00) (17, 6, 5.00000000000000000000e-01) (17, 6, 5.00000000000000000000e-01) (17, 6, 5.00000000000000000000e-01) (0, 6, 0.00000000000000000000e+00) (4, 4, 5.00000000000000000000e-01) (0, 4, 0.00000000000000000000e+00) 
connections (connected_to_neuron, weight)=(0, 3.51589291876653753377e+00) (1, 2.18650320032106826318e+00) (2, -3.14079822862820767781e+00) (3, 1.05105791170763307463e+00) (4, 1.43189472931242733900e+00) (5, 9.44459609127828447761e-01) (6, 9.77266915770322097679e-01) (7, -1.01744505945052257090e+01) (8, -3.19667235505332980594e+00) (9, 1.11733336226016932713e+00) (10, 1.18497414561768565910e+00) (11, -5.86563965351709271090e+00) (12, -9.17222752861305856698e+00) (13, -4.15168267616282804511e+00) (14, 3.04548071353439908648e+00) (15, 3.05603883256762420828e+00) (16, 5.90663263560602835867e+00) (0, -3.14877642292987092176e-01) (1, 2.20885313813687300666e+00) (2, 2.20306451803986735882e+00) (3, 2.53501025500423526893e-01) (4, -1.38171450423219155379e-01) (5, 1.20901043694243481852e-01) (6, 5.09398288942366495036e-01) (7, -9.59484135905079749129e-01) (8, 2.23134172086865456563e+00) (9, 5.75042970127752295362e-01) (10, -9.05190532814357795566e-02) (11, 8.67713843599869250056e-01) (12, -3.02110953930295700331e+00) (13, 2.38987863714071258059e+00) (14, -3.43771563104061372851e-01) (15, -3.96354219314143385589e-01) (16, -1.64232018541291169278e+00) (0, 9.65594908730071366243e-02) (1, 1.95248114514171255962e+00) (2, 2.79296354804856017395e+00) (3, 7.38719066680346481135e-01) (4, 2.46472734214120914320e-01) (5, 2.63399496551927847499e-01) (6, 2.16323647386115025526e+00) (7, 4.12392564223436064452e-01) (8, 2.66038955411925304162e+00) (9, 1.85859932430448981933e+00) (10, -2.59600282353793579415e-02) (11, 2.10927959440043677475e+00) (12, -6.37523043705094272227e-01) (13, 3.41764319586243514593e+00) (14, -7.37592073640718076666e-02) (15, 1.24234436129955938544e-01) (16, -1.63606297455698745935e+00) (17, -1.33651832729311870196e+01) (18, 1.84826733972087708935e+01) (19, 7.58498519466480303208e+00) (20, -1.77062635196303297391e+00) 
