FANN_FLO_2.1
num_layers=3
learning_rate=0.700000
connection_rate=1.000000
network_type=0
learning_momentum=0.000000
training_algorithm=2
train_error_function=1
train_stop_function=1
cascade_output_change_fraction=0.010000
quickprop_decay=-0.000100
quickprop_mu=1.750000
rprop_increase_factor=1.200000
rprop_decrease_factor=0.500000
rprop_delta_min=0.000000
rprop_delta_max=50.000000
rprop_delta_zero=0.100000
cascade_output_stagnation_epochs=12
cascade_candidate_change_fraction=0.010000
cascade_candidate_stagnation_epochs=12
cascade_max_out_epochs=150
cascade_min_out_epochs=50
cascade_max_cand_epochs=150
cascade_min_cand_epochs=50
cascade_num_candidate_groups=2
bit_fail_limit=1.00000000000000005551e-01
cascade_candidate_limit=1.00000000000000000000e+03
cascade_weight_multiplier=4.00000000000000022204e-01
cascade_activation_functions_count=10
cascade_activation_functions=3 5 7 8 10 11 14 15 16 17 
cascade_activation_steepnesses_count=4
cascade_activation_steepnesses=2.50000000000000000000e-01 5.00000000000000000000e-01 7.50000000000000000000e-01 1.00000000000000000000e+00 
layer_sizes=9 4 2 
scale_included=0
neurons (num_inputs, activation_function, activation_steepness)=(0, 0, 0.00000000000000000000e+00) (0, 0, 0.00000000000000000000e+00) (0, 0, 0.00000000000000000000e+00) (0, 0, 0.00000000000000000000e+00) (0, 0, 0.00000000000000000000e+00) (0, 0, 0.00000000000000000000e+00) (0, 0, 0.00000000000000000000e+00) (0, 0, 0.00000000000000000000e+00) (0, 0, 0.00000000000000000000e+00) (9, 6, 5.00000000000000000000e-01) (9, 6, 5.00000000000000000000e-01) (9, 6, 5.00000000000000000000e-01) (0, 6, 0.00000000000000000000e+00) (4, 4, 5.00000000000000000000e-01) (0, 4, 0.00000000000000000000e+00) 
connections (connected_to_neuron, weight)=(0, 1.84058808852311699411e+01) (1, -4.91603121078082327955e+00) (2, 7.57815708717526570481e-01) (3, 5.07710629931197976461e-01) (4, 2.77580095859783915202e+00) (5, 2.54514182012546097411e+00) (6, -3.74999839738292817248e-01) (7, 5.24522826824559729175e+00) (8, 1.35569442335204861649e+01) (0, -4.01964759050252862238e+00) (1, -1.52655030269770808360e+00) (2, 1.92080657923944855270e+01) (3, 3.62768156622320692151e+00) (4, 1.48640544906418670124e+00) (5, 2.14573170342413899192e+00) (6, 2.17376291849581715354e+00) (7, 9.59615583311057340765e-01) (8, -3.67678782930787084737e+00) (0, -2.16240720680746623117e+00) (1, 6.95674359825524124545e+00) (2, -6.94600703766096505554e-01) (3, -2.08832952690565631926e+00) (4, -3.11949903144138340760e-01) (5, -4.69361614965695783663e-01) (6, -5.20409856521386715578e-01) (7, -4.37583284451263543335e-01) (8, -2.14980708377431550815e-01) (9, -2.16537860225483624887e+00) (10, 3.95882372816820593542e+00) (11, 3.23087021203349467058e+00) (12, -2.05148053358837856308e+00) 
