FANN_FLO_2.1
num_layers=3
learning_rate=0.700000
connection_rate=1.000000
network_type=0
learning_momentum=0.000000
training_algorithm=2
train_error_function=1
train_stop_function=1
cascade_output_change_fraction=0.010000
quickprop_decay=-0.000100
quickprop_mu=1.750000
rprop_increase_factor=1.200000
rprop_decrease_factor=0.500000
rprop_delta_min=0.000000
rprop_delta_max=50.000000
rprop_delta_zero=0.100000
cascade_output_stagnation_epochs=12
cascade_candidate_change_fraction=0.010000
cascade_candidate_stagnation_epochs=12
cascade_max_out_epochs=150
cascade_min_out_epochs=50
cascade_max_cand_epochs=150
cascade_min_cand_epochs=50
cascade_num_candidate_groups=2
bit_fail_limit=1.00000000000000005551e-01
cascade_candidate_limit=1.00000000000000000000e+03
cascade_weight_multiplier=4.00000000000000022204e-01
cascade_activation_functions_count=10
cascade_activation_functions=3 5 7 8 10 11 14 15 16 17 
cascade_activation_steepnesses_count=4
cascade_activation_steepnesses=2.50000000000000000000e-01 5.00000000000000000000e-01 7.50000000000000000000e-01 1.00000000000000000000e+00 
layer_sizes=17 4 2 
scale_included=0
neurons (num_inputs, activation_function, activation_steepness)=(0, 0, 0.00000000000000000000e+00) (0, 0, 0.00000000000000000000e+00) (0, 0, 0.00000000000000000000e+00) (0, 0, 0.00000000000000000000e+00) (0, 0, 0.00000000000000000000e+00) (0, 0, 0.00000000000000000000e+00) (0, 0, 0.00000000000000000000e+00) (0, 0, 0.00000000000000000000e+00) (0, 0, 0.00000000000000000000e+00) (0, 0, 0.00000000000000000000e+00) (0, 0, 0.00000000000000000000e+00) (0, 0, 0.00000000000000000000e+00) (0, 0, 0.00000000000000000000e+00) (0, 0, 0.00000000000000000000e+00) (0, 0, 0.00000000000000000000e+00) (0, 0, 0.00000000000000000000e+00) (0, 0, 0.00000000000000000000e+00) (17, 6, 5.00000000000000000000e-01) (17, 6, 5.00000000000000000000e-01) (17, 6, 5.00000000000000000000e-01) (0, 6, 0.00000000000000000000e+00) (4, 4, 5.00000000000000000000e-01) (0, 4, 0.00000000000000000000e+00) 
connections (connected_to_neuron, weight)=(0, -1.97858501538426156952e-01) (1, -2.37714074116595819319e+00) (2, 9.22676285750069880010e+00) (3, 5.97297379965339381158e-01) (4, -2.39990148631417071767e-01) (5, 8.76424116209922610121e-02) (6, -3.03310212418772817689e-01) (7, -7.48858281339754405792e-01) (8, 3.71101958852007529632e-01) (9, 2.12211561273227267144e-01) (10, -1.28262190262669695251e+00) (11, 9.37938510120186386132e+00) (12, 9.78874901996070256871e+00) (13, 1.86620154482991323919e-01) (14, -1.02607150170178185178e-01) (15, 9.16670109234656860231e-02) (16, -1.64279797905953017789e+00) (0, -1.32476941904041978226e+00) (1, 1.54423961623461214465e+00) (2, 8.60142996680999805115e-01) (3, 9.35642139467995070934e-02) (4, -4.71979596525837596932e-01) (5, 2.07982106259069654541e-01) (6, 1.54561224959936516221e+00) (7, 8.33638474149510783073e-02) (8, -2.28627280672240640325e-01) (9, 1.55417542645293227377e-01) (10, 1.19550272156165537929e+00) (11, 8.63519637734474154733e-01) (12, 1.26701821962251037768e+00) (13, -8.47279305786043046567e-01) (14, -5.45839810048264983955e-01) (15, -8.36720732345629714111e-01) (16, -1.22897264504781356109e+00) (0, 1.09931459621437230822e+01) (1, 1.92497595074422878092e-01) (2, -2.75048220894541284309e+00) (3, -1.83035319250806738367e+00) (4, -1.93841355370173795691e+00) (5, 3.41440270602548912038e+00) (6, -7.65191149720349805818e+00) (7, -3.59902867065096909727e+00) (8, -1.11459935769264184557e+01) (9, -2.12831754366240710752e+00) (10, -1.05275409120953096220e+01) (11, -4.28965827327559789950e+00) (12, -3.00255162086388338594e+00) (13, 6.45172451508490585326e+00) (14, -1.74501358669731132522e+00) (15, 1.33801755631197227814e+01) (16, 2.94804229992017710060e+01) (17, 9.33624080663914490685e+00) (18, 2.60463156466311467341e+01) (19, -2.19105054271159493950e+00) (20, -2.15531766620216691521e+00) 
