FANN_FLO_2.1
num_layers=3
learning_rate=0.700000
connection_rate=1.000000
network_type=0
learning_momentum=0.000000
training_algorithm=2
train_error_function=1
train_stop_function=1
cascade_output_change_fraction=0.010000
quickprop_decay=-0.000100
quickprop_mu=1.750000
rprop_increase_factor=1.200000
rprop_decrease_factor=0.500000
rprop_delta_min=0.000000
rprop_delta_max=50.000000
rprop_delta_zero=0.100000
cascade_output_stagnation_epochs=12
cascade_candidate_change_fraction=0.010000
cascade_candidate_stagnation_epochs=12
cascade_max_out_epochs=150
cascade_min_out_epochs=50
cascade_max_cand_epochs=150
cascade_min_cand_epochs=50
cascade_num_candidate_groups=2
bit_fail_limit=1.00000000000000005551e-01
cascade_candidate_limit=1.00000000000000000000e+03
cascade_weight_multiplier=4.00000000000000022204e-01
cascade_activation_functions_count=10
cascade_activation_functions=3 5 7 8 10 11 14 15 16 17 
cascade_activation_steepnesses_count=4
cascade_activation_steepnesses=2.50000000000000000000e-01 5.00000000000000000000e-01 7.50000000000000000000e-01 1.00000000000000000000e+00 
layer_sizes=10 4 2 
scale_included=0
neurons (num_inputs, activation_function, activation_steepness)=(0, 0, 0.00000000000000000000e+00) (0, 0, 0.00000000000000000000e+00) (0, 0, 0.00000000000000000000e+00) (0, 0, 0.00000000000000000000e+00) (0, 0, 0.00000000000000000000e+00) (0, 0, 0.00000000000000000000e+00) (0, 0, 0.00000000000000000000e+00) (0, 0, 0.00000000000000000000e+00) (0, 0, 0.00000000000000000000e+00) (0, 0, 0.00000000000000000000e+00) (10, 6, 5.00000000000000000000e-01) (10, 6, 5.00000000000000000000e-01) (10, 6, 5.00000000000000000000e-01) (0, 6, 0.00000000000000000000e+00) (4, 4, 5.00000000000000000000e-01) (0, 4, 0.00000000000000000000e+00) 
connections (connected_to_neuron, weight)=(0, 1.18999482588250060644e+00) (1, -2.11230170452757581856e+00) (2, -2.80440735333625346115e-01) (3, -2.05302026793729641696e+00) (4, -2.10260973796617367526e+00) (5, -2.16046127193633613617e-01) (6, -6.00849990030002722996e-01) (7, -3.34410816416389833350e+00) (8, 2.17331058342245775350e+00) (9, 1.62170907421282173289e+00) (0, -1.29618953055096852722e+00) (1, 2.92153742067780886060e+00) (2, 5.99824649520116492951e-01) (3, 1.29839286519124996744e+00) (4, 1.23280123932197582803e+00) (5, 6.46194783277707740510e-01) (6, 4.32755609527219142763e-01) (7, 1.12028590832998342641e+00) (8, -2.56132653288189082730e+00) (9, -1.32488044983102071228e+00) (0, 1.54499113125971199167e+00) (1, -2.01194869452877744820e+00) (2, -1.62079858296577034027e-01) (3, -2.17331026420366146823e+00) (4, -2.14587651119005062839e+00) (5, -2.22738007717792091400e-01) (6, -7.17050675531101355809e-01) (7, -3.40421839788801561255e+00) (8, 2.12766483981398302205e+00) (9, 1.66417248113325477732e+00) (10, -2.82556955582705038310e+00) (11, 6.05465753289250052660e+00) (12, -3.63063007705291518334e+00) (13, -1.26471736168814885559e+00) 
