FANN_FLO_2.1
num_layers=3
learning_rate=0.700000
connection_rate=1.000000
network_type=0
learning_momentum=0.000000
training_algorithm=2
train_error_function=1
train_stop_function=1
cascade_output_change_fraction=0.010000
quickprop_decay=-0.000100
quickprop_mu=1.750000
rprop_increase_factor=1.200000
rprop_decrease_factor=0.500000
rprop_delta_min=0.000000
rprop_delta_max=50.000000
rprop_delta_zero=0.100000
cascade_output_stagnation_epochs=12
cascade_candidate_change_fraction=0.010000
cascade_candidate_stagnation_epochs=12
cascade_max_out_epochs=150
cascade_min_out_epochs=50
cascade_max_cand_epochs=150
cascade_min_cand_epochs=50
cascade_num_candidate_groups=2
bit_fail_limit=1.00000000000000005551e-01
cascade_candidate_limit=1.00000000000000000000e+03
cascade_weight_multiplier=4.00000000000000022204e-01
cascade_activation_functions_count=10
cascade_activation_functions=3 5 7 8 10 11 14 15 16 17 
cascade_activation_steepnesses_count=4
cascade_activation_steepnesses=2.50000000000000000000e-01 5.00000000000000000000e-01 7.50000000000000000000e-01 1.00000000000000000000e+00 
layer_sizes=9 4 2 
scale_included=0
neurons (num_inputs, activation_function, activation_steepness)=(0, 0, 0.00000000000000000000e+00) (0, 0, 0.00000000000000000000e+00) (0, 0, 0.00000000000000000000e+00) (0, 0, 0.00000000000000000000e+00) (0, 0, 0.00000000000000000000e+00) (0, 0, 0.00000000000000000000e+00) (0, 0, 0.00000000000000000000e+00) (0, 0, 0.00000000000000000000e+00) (0, 0, 0.00000000000000000000e+00) (9, 6, 5.00000000000000000000e-01) (9, 6, 5.00000000000000000000e-01) (9, 6, 5.00000000000000000000e-01) (0, 6, 0.00000000000000000000e+00) (4, 4, 5.00000000000000000000e-01) (0, 4, 0.00000000000000000000e+00) 
connections (connected_to_neuron, weight)=(0, -4.80196010023854369386e-01) (1, 6.75545940197274652483e-01) (2, 3.98755692139698014742e+00) (3, 1.31693939291191886021e+00) (4, 5.61762882103885363705e-01) (5, 4.34894559612239661739e-01) (6, 5.90600582603073645527e-02) (7, 2.20039949760343550578e-01) (8, -2.64882380904837178015e-01) (0, 1.48372728634033190787e+01) (1, -7.42751450909400201539e+00) (2, -3.77937677958497753039e+00) (3, -2.70960469633897771402e+00) (4, -1.79646803713666480817e+00) (5, -1.82026264346467536726e+00) (6, 1.07776329807214299450e-01) (7, 1.92021479950628748412e+00) (8, 6.88268346236798933546e+00) (0, -6.43470530172828780735e+00) (1, 3.44536560356514343084e+00) (2, 2.44725315531821374648e+00) (3, 2.02055170237439885028e+00) (4, 1.49530553539372612626e+00) (5, 1.52048556973315407426e+00) (6, 8.71824184866688001172e-01) (7, 2.22459537826442677044e-01) (8, -3.67731281797165232561e+00) (9, 1.01782187617130848167e+00) (10, -2.90944914191200831866e+00) (11, 4.06777752819328242140e+00) (12, -1.76752875358300665098e+00) 
