FANN_FLO_2.1
num_layers=3
learning_rate=0.700000
connection_rate=1.000000
network_type=0
learning_momentum=0.000000
training_algorithm=2
train_error_function=1
train_stop_function=1
cascade_output_change_fraction=0.010000
quickprop_decay=-0.000100
quickprop_mu=1.750000
rprop_increase_factor=1.200000
rprop_decrease_factor=0.500000
rprop_delta_min=0.000000
rprop_delta_max=50.000000
rprop_delta_zero=0.100000
cascade_output_stagnation_epochs=12
cascade_candidate_change_fraction=0.010000
cascade_candidate_stagnation_epochs=12
cascade_max_out_epochs=150
cascade_min_out_epochs=50
cascade_max_cand_epochs=150
cascade_min_cand_epochs=50
cascade_num_candidate_groups=2
bit_fail_limit=1.00000000000000005551e-01
cascade_candidate_limit=1.00000000000000000000e+03
cascade_weight_multiplier=4.00000000000000022204e-01
cascade_activation_functions_count=10
cascade_activation_functions=3 5 7 8 10 11 14 15 16 17 
cascade_activation_steepnesses_count=4
cascade_activation_steepnesses=2.50000000000000000000e-01 5.00000000000000000000e-01 7.50000000000000000000e-01 1.00000000000000000000e+00 
layer_sizes=18 4 2 
scale_included=0
neurons (num_inputs, activation_function, activation_steepness)=(0, 0, 0.00000000000000000000e+00) (0, 0, 0.00000000000000000000e+00) (0, 0, 0.00000000000000000000e+00) (0, 0, 0.00000000000000000000e+00) (0, 0, 0.00000000000000000000e+00) (0, 0, 0.00000000000000000000e+00) (0, 0, 0.00000000000000000000e+00) (0, 0, 0.00000000000000000000e+00) (0, 0, 0.00000000000000000000e+00) (0, 0, 0.00000000000000000000e+00) (0, 0, 0.00000000000000000000e+00) (0, 0, 0.00000000000000000000e+00) (0, 0, 0.00000000000000000000e+00) (0, 0, 0.00000000000000000000e+00) (0, 0, 0.00000000000000000000e+00) (0, 0, 0.00000000000000000000e+00) (0, 0, 0.00000000000000000000e+00) (0, 0, 0.00000000000000000000e+00) (18, 6, 5.00000000000000000000e-01) (18, 6, 5.00000000000000000000e-01) (18, 6, 5.00000000000000000000e-01) (0, 6, 0.00000000000000000000e+00) (4, 4, 5.00000000000000000000e-01) (0, 4, 0.00000000000000000000e+00) 
connections (connected_to_neuron, weight)=(0, 1.90330210255374709938e+00) (1, -6.27184451954271748875e-01) (2, 2.77530190253698947345e+02) (3, 1.92773105259647170584e+00) (4, 2.56908920800123230510e-01) (5, -5.40422074293496534914e-01) (6, -5.89335473491044634087e-02) (7, 1.29808730400972094365e+00) (8, -1.91498164980232088439e+00) (9, -1.20077958347030744335e+00) (10, 2.20426140797624858791e+00) (11, 1.67714184396531740262e+00) (12, 2.09984389786888758778e+00) (13, -1.22942470105676959768e+00) (14, -1.16021054020503489035e+00) (15, -8.53676971200491019331e-01) (16, 2.00418941181849019628e+00) (17, 1.74641137284093139748e+00) (0, 9.79183542139475393551e-02) (1, 4.98352697995318283386e-01) (2, 5.12318659670164464615e+01) (3, 1.96600840567782736423e-01) (4, 1.60994347944171861675e-01) (5, 8.97285445953941218633e-01) (6, -9.14214975734339851954e-02) (7, -1.37732954654799288896e-01) (8, 5.13665993120771657843e-01) (9, 2.27552349828973959900e-01) (10, -6.16701279456773818199e-02) (11, 1.88269568309288454211e-02) (12, -6.36833591943586352357e-02) (13, 4.87584553808437237699e-01) (14, 4.60687309163237634912e-01) (15, 4.16594582107266853122e-01) (16, -1.83688353881022226055e-01) (17, -1.08468541395285056339e-01) (0, -1.23060612239479794106e+00) (1, 1.35712726097465430364e+00) (2, 2.94696270383680257510e+02) (3, -1.29786490492254602547e-01) (4, -9.49623757069498752870e-01) (5, 1.03695318820777693247e+00) (6, -9.71706325595677711249e-01) (7, -1.32346186437549295789e+00) (8, 2.24025764283108852482e+00) (9, 1.55149895298140538813e+00) (10, -1.08663323789240995332e+00) (11, -6.58613037116003385840e-01) (12, -1.10229883208734857902e+00) (13, 1.83633095639420962364e+00) (14, 1.88432964926284540752e+00) (15, 1.84952616248907619756e+00) (16, -1.11190432113090853505e+00) (17, -1.23792588114644064312e+00) (18, -3.07990725095234063602e+00) (19, 5.24288473486461015227e-01) (20, 2.96605048861823057393e+01) (21, -1.33902068231688509137e+00) 
