FANN_FLO_2.1
num_layers=3
learning_rate=0.700000
connection_rate=1.000000
network_type=0
learning_momentum=0.000000
training_algorithm=2
train_error_function=1
train_stop_function=1
cascade_output_change_fraction=0.010000
quickprop_decay=-0.000100
quickprop_mu=1.750000
rprop_increase_factor=1.200000
rprop_decrease_factor=0.500000
rprop_delta_min=0.000000
rprop_delta_max=50.000000
rprop_delta_zero=0.100000
cascade_output_stagnation_epochs=12
cascade_candidate_change_fraction=0.010000
cascade_candidate_stagnation_epochs=12
cascade_max_out_epochs=150
cascade_min_out_epochs=50
cascade_max_cand_epochs=150
cascade_min_cand_epochs=50
cascade_num_candidate_groups=2
bit_fail_limit=1.00000000000000005551e-01
cascade_candidate_limit=1.00000000000000000000e+03
cascade_weight_multiplier=4.00000000000000022204e-01
cascade_activation_functions_count=10
cascade_activation_functions=3 5 7 8 10 11 14 15 16 17 
cascade_activation_steepnesses_count=4
cascade_activation_steepnesses=2.50000000000000000000e-01 5.00000000000000000000e-01 7.50000000000000000000e-01 1.00000000000000000000e+00 
layer_sizes=10 4 2 
scale_included=0
neurons (num_inputs, activation_function, activation_steepness)=(0, 0, 0.00000000000000000000e+00) (0, 0, 0.00000000000000000000e+00) (0, 0, 0.00000000000000000000e+00) (0, 0, 0.00000000000000000000e+00) (0, 0, 0.00000000000000000000e+00) (0, 0, 0.00000000000000000000e+00) (0, 0, 0.00000000000000000000e+00) (0, 0, 0.00000000000000000000e+00) (0, 0, 0.00000000000000000000e+00) (0, 0, 0.00000000000000000000e+00) (10, 6, 5.00000000000000000000e-01) (10, 6, 5.00000000000000000000e-01) (10, 6, 5.00000000000000000000e-01) (0, 6, 0.00000000000000000000e+00) (4, 4, 5.00000000000000000000e-01) (0, 4, 0.00000000000000000000e+00) 
connections (connected_to_neuron, weight)=(0, 3.83562145356797667972e+00) (1, 1.97850735337401406611e+00) (2, -2.00850434368085650760e+00) (3, 1.14928799640251053660e+01) (4, 3.70898562498832462531e-01) (5, 9.21585735007422179876e+00) (6, 2.59202923504167292990e+00) (7, -1.49095278363251315668e-01) (8, -6.80121278393085559877e-01) (9, -3.93345498599974607856e+00) (0, 8.77624792113289409201e+00) (1, 1.72998869637964713952e+00) (2, 2.82415075559531913996e+00) (3, 1.09896820333244860102e+00) (4, 2.41399029771181261594e+00) (5, -2.09734094748370625272e-01) (6, 4.49522134271292395091e-01) (7, 1.93480932616680867397e+00) (8, 2.84577688490766966822e+00) (9, -4.81168305296931464454e+00) (0, -9.71830025923332285753e-02) (1, 2.48989318867867043261e-01) (2, -7.80111051595642468470e+00) (3, -6.22318760091974070292e+01) (4, 6.51067229841186478900e-01) (5, 1.78969147709059528406e-01) (6, 1.48110199189833452449e-01) (7, 2.23856709900728834128e+00) (8, 2.42328561753249960287e-01) (9, -1.13570771969244677102e+00) (10, 1.26020698898251950482e+01) (11, 2.15865180634168005724e+01) (12, 8.66961134924456189310e+00) (13, -5.21963010605909083495e+00) 
