FANN_FLO_2.1
num_layers=3
learning_rate=0.700000
connection_rate=1.000000
network_type=0
learning_momentum=0.000000
training_algorithm=2
train_error_function=1
train_stop_function=1
cascade_output_change_fraction=0.010000
quickprop_decay=-0.000100
quickprop_mu=1.750000
rprop_increase_factor=1.200000
rprop_decrease_factor=0.500000
rprop_delta_min=0.000000
rprop_delta_max=50.000000
rprop_delta_zero=0.100000
cascade_output_stagnation_epochs=12
cascade_candidate_change_fraction=0.010000
cascade_candidate_stagnation_epochs=12
cascade_max_out_epochs=150
cascade_min_out_epochs=50
cascade_max_cand_epochs=150
cascade_min_cand_epochs=50
cascade_num_candidate_groups=2
bit_fail_limit=1.00000000000000005551e-01
cascade_candidate_limit=1.00000000000000000000e+03
cascade_weight_multiplier=4.00000000000000022204e-01
cascade_activation_functions_count=10
cascade_activation_functions=3 5 7 8 10 11 14 15 16 17 
cascade_activation_steepnesses_count=4
cascade_activation_steepnesses=2.50000000000000000000e-01 5.00000000000000000000e-01 7.50000000000000000000e-01 1.00000000000000000000e+00 
layer_sizes=17 4 2 
scale_included=0
neurons (num_inputs, activation_function, activation_steepness)=(0, 0, 0.00000000000000000000e+00) (0, 0, 0.00000000000000000000e+00) (0, 0, 0.00000000000000000000e+00) (0, 0, 0.00000000000000000000e+00) (0, 0, 0.00000000000000000000e+00) (0, 0, 0.00000000000000000000e+00) (0, 0, 0.00000000000000000000e+00) (0, 0, 0.00000000000000000000e+00) (0, 0, 0.00000000000000000000e+00) (0, 0, 0.00000000000000000000e+00) (0, 0, 0.00000000000000000000e+00) (0, 0, 0.00000000000000000000e+00) (0, 0, 0.00000000000000000000e+00) (0, 0, 0.00000000000000000000e+00) (0, 0, 0.00000000000000000000e+00) (0, 0, 0.00000000000000000000e+00) (0, 0, 0.00000000000000000000e+00) (17, 6, 5.00000000000000000000e-01) (17, 6, 5.00000000000000000000e-01) (17, 6, 5.00000000000000000000e-01) (0, 6, 0.00000000000000000000e+00) (4, 4, 5.00000000000000000000e-01) (0, 4, 0.00000000000000000000e+00) 
connections (connected_to_neuron, weight)=(0, 3.03402551248995955291e+00) (1, -3.91188622911558070427e+00) (2, -1.68191146754440423727e+00) (3, 5.59506734906327518608e-01) (4, -3.04380894193864784403e-02) (5, 8.12169762182831989072e-01) (6, 6.94791970260103253221e-02) (7, -4.23853483280688703161e+00) (8, 2.90133063145071701250e-01) (9, -1.93941480167698077075e+00) (10, -2.21441831890221429990e-01) (11, 9.35779121005898439911e-01) (12, 7.53032122974117035241e-01) (13, -2.49002777563691024554e+00) (14, -5.21231304134439810127e+00) (15, -1.87498959343251281329e-01) (16, 3.03495920236391292235e+00) (0, 4.55723769473593520729e+00) (1, -7.28647546924538591639e-01) (2, 4.19843090792226925068e-01) (3, 6.36658138534356016214e-02) (4, -2.57658244352523380094e-01) (5, 9.77966324964255201424e-02) (6, 5.55275433265100815117e-02) (7, -4.42576348991576384861e-01) (8, 6.02121134677883418362e-01) (9, 6.86798968955556587979e-01) (10, 1.50942040724461878920e-01) (11, -2.06785241933621882771e-01) (12, 3.50174982735131992695e-02) (13, -2.40053516379216347332e-01) (14, -1.05252661523673674004e+00) (15, 2.85489060458643140183e-01) (16, 4.54187646846804515821e-01) (0, -5.45630566748339607130e+00) (1, -8.32953289909279415149e-01) (2, 1.84923904716181688457e+01) (3, 1.95489478936521132724e-01) (4, -3.83412392140769664461e-01) (5, 1.88222322599427904777e+00) (6, 2.39541763789049744204e+00) (7, -4.05291675458197164783e-01) (8, 1.17005483768325801996e+00) (9, 1.77660468024194457826e+01) (10, 7.47404281776187673358e-01) (11, -1.01333566553627740792e-02) (12, 1.79672848483506709949e-02) (13, 8.79733633829662520220e-01) (14, -6.92659456398286965673e-01) (15, -6.85940640375318488875e-02) (16, -2.88983477631199470181e+00) (17, -4.53594468387760763051e+00) (18, -1.91810345665078019195e+00) (19, 4.32096461200334314157e+00) (20, -2.61183652960668988285e+00) 
