FANN_FLO_2.1
num_layers=3
learning_rate=0.700000
connection_rate=1.000000
network_type=0
learning_momentum=0.000000
training_algorithm=2
train_error_function=1
train_stop_function=1
cascade_output_change_fraction=0.010000
quickprop_decay=-0.000100
quickprop_mu=1.750000
rprop_increase_factor=1.200000
rprop_decrease_factor=0.500000
rprop_delta_min=0.000000
rprop_delta_max=50.000000
rprop_delta_zero=0.100000
cascade_output_stagnation_epochs=12
cascade_candidate_change_fraction=0.010000
cascade_candidate_stagnation_epochs=12
cascade_max_out_epochs=150
cascade_min_out_epochs=50
cascade_max_cand_epochs=150
cascade_min_cand_epochs=50
cascade_num_candidate_groups=2
bit_fail_limit=1.00000000000000005551e-01
cascade_candidate_limit=1.00000000000000000000e+03
cascade_weight_multiplier=4.00000000000000022204e-01
cascade_activation_functions_count=10
cascade_activation_functions=3 5 7 8 10 11 14 15 16 17 
cascade_activation_steepnesses_count=4
cascade_activation_steepnesses=2.50000000000000000000e-01 5.00000000000000000000e-01 7.50000000000000000000e-01 1.00000000000000000000e+00 
layer_sizes=17 4 2 
scale_included=0
neurons (num_inputs, activation_function, activation_steepness)=(0, 0, 0.00000000000000000000e+00) (0, 0, 0.00000000000000000000e+00) (0, 0, 0.00000000000000000000e+00) (0, 0, 0.00000000000000000000e+00) (0, 0, 0.00000000000000000000e+00) (0, 0, 0.00000000000000000000e+00) (0, 0, 0.00000000000000000000e+00) (0, 0, 0.00000000000000000000e+00) (0, 0, 0.00000000000000000000e+00) (0, 0, 0.00000000000000000000e+00) (0, 0, 0.00000000000000000000e+00) (0, 0, 0.00000000000000000000e+00) (0, 0, 0.00000000000000000000e+00) (0, 0, 0.00000000000000000000e+00) (0, 0, 0.00000000000000000000e+00) (0, 0, 0.00000000000000000000e+00) (0, 0, 0.00000000000000000000e+00) (17, 6, 5.00000000000000000000e-01) (17, 6, 5.00000000000000000000e-01) (17, 6, 5.00000000000000000000e-01) (0, 6, 0.00000000000000000000e+00) (4, 4, 5.00000000000000000000e-01) (0, 4, 0.00000000000000000000e+00) 
connections (connected_to_neuron, weight)=(0, 2.48300598927005333749e+00) (1, -4.62201179004883389023e-01) (2, 1.25364556061929222075e+00) (3, -3.75833231178980113896e+01) (4, 2.57394364588032831254e-01) (5, 1.95437490818713865970e-01) (6, -4.29406334674055223388e+00) (7, -6.97962082753332824225e-01) (8, -1.68295969640974441006e+01) (9, -1.13158672206886334877e+00) (10, -1.22131261576872995889e+00) (11, -2.16970866328762612696e-01) (12, -9.08367855142056396245e-02) (13, -6.19345389137419211067e-01) (14, 8.49927526730200333382e-01) (15, 2.08401251453822222715e+00) (16, 3.19426187474951817080e+00) (0, 7.19959137228820722498e+00) (1, -2.66630795707619672186e+00) (2, -4.17634072072479334281e+00) (3, -1.46825614422953520943e+00) (4, -1.39931893571337662152e+00) (5, -2.38116026317124918066e-01) (6, -1.59087970661236477454e+00) (7, 5.68380582762622738047e-02) (8, -3.11506203041794282882e+00) (9, 1.07750803395192606970e+00) (10, 1.00332353822197672955e+00) (11, 1.71001306140279574208e+00) (12, 1.12237393755622194558e-01) (13, -9.59716137813664410539e-02) (14, -3.76964037303485755004e+00) (15, -5.63035714246837404318e+00) (16, 2.74226371164364479682e+00) (0, -2.98398228854505731533e+00) (1, -3.59994407957268169884e-01) (2, -1.70881905296049563248e+00) (3, 6.30424681701304390202e-01) (4, 2.55532291292104307701e-01) (5, 3.09561394333669359646e-01) (6, 4.81738118795679848283e-01) (7, 9.31231474177030338346e-01) (8, 1.33446211227083271211e+01) (9, 3.35426191435278786557e+00) (10, 2.50589996832442041264e-01) (11, 2.14264733910740939882e-01) (12, 9.33218560263928909038e-01) (13, 7.29409134858253205280e-01) (14, 8.69214972213302017323e-01) (15, 2.49353580501100502431e+00) (16, -1.53019734415170272079e+00) (17, -4.52421858947250576932e+00) (18, -7.15906328822523274624e+00) (19, 1.59856117286346854911e+00) (20, -4.09033314342749232395e+00) 
