FANN_FLO_2.1
num_layers=3
learning_rate=0.700000
connection_rate=1.000000
network_type=0
learning_momentum=0.000000
training_algorithm=2
train_error_function=1
train_stop_function=1
cascade_output_change_fraction=0.010000
quickprop_decay=-0.000100
quickprop_mu=1.750000
rprop_increase_factor=1.200000
rprop_decrease_factor=0.500000
rprop_delta_min=0.000000
rprop_delta_max=50.000000
rprop_delta_zero=0.100000
cascade_output_stagnation_epochs=12
cascade_candidate_change_fraction=0.010000
cascade_candidate_stagnation_epochs=12
cascade_max_out_epochs=150
cascade_min_out_epochs=50
cascade_max_cand_epochs=150
cascade_min_cand_epochs=50
cascade_num_candidate_groups=2
bit_fail_limit=1.00000000000000005551e-01
cascade_candidate_limit=1.00000000000000000000e+03
cascade_weight_multiplier=4.00000000000000022204e-01
cascade_activation_functions_count=10
cascade_activation_functions=3 5 7 8 10 11 14 15 16 17 
cascade_activation_steepnesses_count=4
cascade_activation_steepnesses=2.50000000000000000000e-01 5.00000000000000000000e-01 7.50000000000000000000e-01 1.00000000000000000000e+00 
layer_sizes=6 4 2 
scale_included=0
neurons (num_inputs, activation_function, activation_steepness)=(0, 0, 0.00000000000000000000e+00) (0, 0, 0.00000000000000000000e+00) (0, 0, 0.00000000000000000000e+00) (0, 0, 0.00000000000000000000e+00) (0, 0, 0.00000000000000000000e+00) (0, 0, 0.00000000000000000000e+00) (6, 6, 5.00000000000000000000e-01) (6, 6, 5.00000000000000000000e-01) (6, 6, 5.00000000000000000000e-01) (0, 6, 0.00000000000000000000e+00) (4, 4, 5.00000000000000000000e-01) (0, 4, 0.00000000000000000000e+00) 
connections (connected_to_neuron, weight)=(0, -1.47371066439918818602e+00) (1, -3.04589268022180936768e+00) (2, -2.93543102049232906836e+00) (3, -2.88243875109554714697e+00) (4, -3.04016811602713010743e+00) (5, 2.61109420523988378093e+00) (0, 1.61943468091659575903e-01) (1, 2.46280767672131606361e+00) (2, 2.67529881729118157452e+00) (3, 2.45445380263398238441e+00) (4, 2.50207400225470566468e+00) (5, -1.32569667634052890115e+00) (0, -1.47399718392662348876e+00) (1, -2.95025573872925228613e+00) (2, -3.03916368835569761231e+00) (3, -3.01719266750813863709e+00) (4, -2.87585060500503963965e+00) (5, 2.55771454290496436101e+00) (6, -4.17144365642016534679e+00) (7, 4.51906093481182136173e+00) (8, -4.13432204011624460094e+00) (9, -7.31519620396509639981e-01) 
