FANN_FLO_2.1
num_layers=3
learning_rate=0.700000
connection_rate=1.000000
network_type=0
learning_momentum=0.000000
training_algorithm=2
train_error_function=1
train_stop_function=1
cascade_output_change_fraction=0.010000
quickprop_decay=-0.000100
quickprop_mu=1.750000
rprop_increase_factor=1.200000
rprop_decrease_factor=0.500000
rprop_delta_min=0.000000
rprop_delta_max=50.000000
rprop_delta_zero=0.100000
cascade_output_stagnation_epochs=12
cascade_candidate_change_fraction=0.010000
cascade_candidate_stagnation_epochs=12
cascade_max_out_epochs=150
cascade_min_out_epochs=50
cascade_max_cand_epochs=150
cascade_min_cand_epochs=50
cascade_num_candidate_groups=2
bit_fail_limit=1.00000000000000005551e-01
cascade_candidate_limit=1.00000000000000000000e+03
cascade_weight_multiplier=4.00000000000000022204e-01
cascade_activation_functions_count=10
cascade_activation_functions=3 5 7 8 10 11 14 15 16 17 
cascade_activation_steepnesses_count=4
cascade_activation_steepnesses=2.50000000000000000000e-01 5.00000000000000000000e-01 7.50000000000000000000e-01 1.00000000000000000000e+00 
layer_sizes=18 4 2 
scale_included=0
neurons (num_inputs, activation_function, activation_steepness)=(0, 0, 0.00000000000000000000e+00) (0, 0, 0.00000000000000000000e+00) (0, 0, 0.00000000000000000000e+00) (0, 0, 0.00000000000000000000e+00) (0, 0, 0.00000000000000000000e+00) (0, 0, 0.00000000000000000000e+00) (0, 0, 0.00000000000000000000e+00) (0, 0, 0.00000000000000000000e+00) (0, 0, 0.00000000000000000000e+00) (0, 0, 0.00000000000000000000e+00) (0, 0, 0.00000000000000000000e+00) (0, 0, 0.00000000000000000000e+00) (0, 0, 0.00000000000000000000e+00) (0, 0, 0.00000000000000000000e+00) (0, 0, 0.00000000000000000000e+00) (0, 0, 0.00000000000000000000e+00) (0, 0, 0.00000000000000000000e+00) (0, 0, 0.00000000000000000000e+00) (18, 6, 5.00000000000000000000e-01) (18, 6, 5.00000000000000000000e-01) (18, 6, 5.00000000000000000000e-01) (0, 6, 0.00000000000000000000e+00) (4, 4, 5.00000000000000000000e-01) (0, 4, 0.00000000000000000000e+00) 
connections (connected_to_neuron, weight)=(0, -1.92744201263859054052e+01) (1, 4.48618400081420798386e+00) (2, -1.39737366048313361944e+02) (3, 2.13113760681633701566e+00) (4, 1.82799160429609031109e-01) (5, 3.98408847159725837628e+02) (6, 2.17232251244319085615e+00) (7, 7.54757139464158921527e+00) (8, 2.31069774503051007741e+02) (9, 2.07590943453661402884e+01) (10, 4.24907936892919335659e-01) (11, 1.36324449813680392829e+00) (12, -1.43685935530051960285e+01) (13, 6.34251605484584413119e+00) (14, 1.21365993179977387229e+01) (15, 1.02577734595547216401e+01) (16, 1.04101147694491409368e+01) (17, -3.46209910539802789842e+00) (0, -9.98145604781400308525e+00) (1, -1.15545548187788749139e+00) (2, 2.36415433874732876518e+01) (3, -2.63872165199301100813e+00) (4, -5.49612468664252395989e-01) (5, -5.53676808127156121486e+01) (6, -2.52148566702747523038e+00) (7, 5.07774111845207531957e+00) (8, -4.87506387312182667415e+01) (9, -8.18605190277556182821e+00) (10, -7.10818397580443628314e-01) (11, -2.36104153799325811036e+00) (12, -4.61105050614919953489e+00) (13, -9.58450938402627738988e-01) (14, -9.22361837706565879103e-01) (15, -4.12724707680665048315e-01) (16, -4.08509767702834480918e-01) (17, 2.83371152995911046446e+00) (0, 2.58177096263650192043e+01) (1, -2.28965043845839621994e+00) (2, 1.73706478389386944627e+01) (3, -5.96437338738633471280e-01) (4, -2.66493431944627978680e+00) (5, 1.50000000000000000000e+03) (6, -2.87400056474817144903e+00) (7, -2.74711446330383601833e+00) (8, -6.00037823938949443914e+01) (9, -9.83801781473706071779e+00) (10, -1.10311554098701192217e+00) (11, 2.29642317371856002906e-01) (12, 1.48969618262733274605e+03) (13, 7.80198118416010515830e+02) (14, 1.50000000000000000000e+03) (15, 1.49086431328566368393e+03) (16, 1.17015983303618668288e+03) (17, 6.28911872006661099022e-01) (18, 1.70577971049151280170e+01) (19, 2.60802721957699255029e+01) (20, -7.99447588500862860172e+00) (21, -6.31645047861259278932e+00) 
