FANN_FLO_2.1
num_layers=3
learning_rate=0.700000
connection_rate=1.000000
network_type=0
learning_momentum=0.000000
training_algorithm=2
train_error_function=1
train_stop_function=1
cascade_output_change_fraction=0.010000
quickprop_decay=-0.000100
quickprop_mu=1.750000
rprop_increase_factor=1.200000
rprop_decrease_factor=0.500000
rprop_delta_min=0.000000
rprop_delta_max=50.000000
rprop_delta_zero=0.100000
cascade_output_stagnation_epochs=12
cascade_candidate_change_fraction=0.010000
cascade_candidate_stagnation_epochs=12
cascade_max_out_epochs=150
cascade_min_out_epochs=50
cascade_max_cand_epochs=150
cascade_min_cand_epochs=50
cascade_num_candidate_groups=2
bit_fail_limit=1.00000000000000005551e-01
cascade_candidate_limit=1.00000000000000000000e+03
cascade_weight_multiplier=4.00000000000000022204e-01
cascade_activation_functions_count=10
cascade_activation_functions=3 5 7 8 10 11 14 15 16 17 
cascade_activation_steepnesses_count=4
cascade_activation_steepnesses=2.50000000000000000000e-01 5.00000000000000000000e-01 7.50000000000000000000e-01 1.00000000000000000000e+00 
layer_sizes=18 4 2 
scale_included=0
neurons (num_inputs, activation_function, activation_steepness)=(0, 0, 0.00000000000000000000e+00) (0, 0, 0.00000000000000000000e+00) (0, 0, 0.00000000000000000000e+00) (0, 0, 0.00000000000000000000e+00) (0, 0, 0.00000000000000000000e+00) (0, 0, 0.00000000000000000000e+00) (0, 0, 0.00000000000000000000e+00) (0, 0, 0.00000000000000000000e+00) (0, 0, 0.00000000000000000000e+00) (0, 0, 0.00000000000000000000e+00) (0, 0, 0.00000000000000000000e+00) (0, 0, 0.00000000000000000000e+00) (0, 0, 0.00000000000000000000e+00) (0, 0, 0.00000000000000000000e+00) (0, 0, 0.00000000000000000000e+00) (0, 0, 0.00000000000000000000e+00) (0, 0, 0.00000000000000000000e+00) (0, 0, 0.00000000000000000000e+00) (18, 6, 5.00000000000000000000e-01) (18, 6, 5.00000000000000000000e-01) (18, 6, 5.00000000000000000000e-01) (0, 6, 0.00000000000000000000e+00) (4, 4, 5.00000000000000000000e-01) (0, 4, 0.00000000000000000000e+00) 
connections (connected_to_neuron, weight)=(0, -1.12411961653229326430e+01) (1, 1.58012682532823034443e+00) (2, 4.79833720925950046876e+00) (3, 2.25267615993378900185e+00) (4, -6.92455919049329238213e-01) (5, 3.47786322076667486769e+00) (6, 3.09892275148665730100e+00) (7, -1.80665120071494295084e-01) (8, 1.14012791196045224495e+01) (9, 1.48081955783967913476e+01) (10, 4.09979149860058983412e-02) (11, -1.25265771151290579155e+01) (12, 1.70227614407577512168e+01) (13, 1.16113475799874237282e+01) (14, 1.82087774216378839309e-01) (15, -9.74874445203720019215e-02) (16, 1.16285102227030705535e+01) (17, -4.08506536770042227857e+00) (0, -1.50000000000000000000e+03) (1, -1.50000000000000000000e+03) (2, -1.50000000000000000000e+03) (3, -1.50000000000000000000e+03) (4, -1.49939183239581279850e+03) (5, -1.50000000000000000000e+03) (6, -4.29393759807195749545e+02) (7, 2.18221114492079815150e+00) (8, -1.50000000000000000000e+03) (9, -1.50000000000000000000e+03) (10, -1.50000000000000000000e+03) (11, -1.50000000000000000000e+03) (12, -1.50000000000000000000e+03) (13, -1.50000000000000000000e+03) (14, -1.61934899989219793781e+01) (15, -1.04109600932305340626e-01) (16, -1.50000000000000000000e+03) (17, -5.75109999913536640292e+00) (0, 3.19963084853127543994e+00) (1, -6.10833472845734526402e-01) (2, 8.64045326702458371670e-01) (3, 7.55537262850472290943e-01) (4, 7.81578338600444344486e-01) (5, 9.00076712170489345866e-01) (6, 2.63156301404966042057e+00) (7, -1.88932563035901002202e+00) (8, 2.00982931829631628062e+00) (9, 2.72613668519573337790e+00) (10, 1.17766559155045396068e+01) (11, -1.34852786471712473571e+01) (12, 5.49764293044319796167e+00) (13, -9.64578261788506363672e-01) (14, -1.24927132816384633962e+00) (15, -1.93662265713679782042e-01) (16, -9.09239374323147386825e-01) (17, -1.26373179177338657020e+00) (18, 3.37194694050453236400e+01) (19, 8.06256232319295307320e+00) (20, -4.25113880749398092007e+01) (21, -6.67917206960374265634e+00) 
