FANN_FLO_2.1
num_layers=3
learning_rate=0.700000
connection_rate=1.000000
network_type=0
learning_momentum=0.000000
training_algorithm=2
train_error_function=1
train_stop_function=1
cascade_output_change_fraction=0.010000
quickprop_decay=-0.000100
quickprop_mu=1.750000
rprop_increase_factor=1.200000
rprop_decrease_factor=0.500000
rprop_delta_min=0.000000
rprop_delta_max=50.000000
rprop_delta_zero=0.100000
cascade_output_stagnation_epochs=12
cascade_candidate_change_fraction=0.010000
cascade_candidate_stagnation_epochs=12
cascade_max_out_epochs=150
cascade_min_out_epochs=50
cascade_max_cand_epochs=150
cascade_min_cand_epochs=50
cascade_num_candidate_groups=2
bit_fail_limit=1.00000000000000005551e-01
cascade_candidate_limit=1.00000000000000000000e+03
cascade_weight_multiplier=4.00000000000000022204e-01
cascade_activation_functions_count=10
cascade_activation_functions=3 5 7 8 10 11 14 15 16 17 
cascade_activation_steepnesses_count=4
cascade_activation_steepnesses=2.50000000000000000000e-01 5.00000000000000000000e-01 7.50000000000000000000e-01 1.00000000000000000000e+00 
layer_sizes=17 4 2 
scale_included=0
neurons (num_inputs, activation_function, activation_steepness)=(0, 0, 0.00000000000000000000e+00) (0, 0, 0.00000000000000000000e+00) (0, 0, 0.00000000000000000000e+00) (0, 0, 0.00000000000000000000e+00) (0, 0, 0.00000000000000000000e+00) (0, 0, 0.00000000000000000000e+00) (0, 0, 0.00000000000000000000e+00) (0, 0, 0.00000000000000000000e+00) (0, 0, 0.00000000000000000000e+00) (0, 0, 0.00000000000000000000e+00) (0, 0, 0.00000000000000000000e+00) (0, 0, 0.00000000000000000000e+00) (0, 0, 0.00000000000000000000e+00) (0, 0, 0.00000000000000000000e+00) (0, 0, 0.00000000000000000000e+00) (0, 0, 0.00000000000000000000e+00) (0, 0, 0.00000000000000000000e+00) (17, 6, 5.00000000000000000000e-01) (17, 6, 5.00000000000000000000e-01) (17, 6, 5.00000000000000000000e-01) (0, 6, 0.00000000000000000000e+00) (4, 4, 5.00000000000000000000e-01) (0, 4, 0.00000000000000000000e+00) 
connections (connected_to_neuron, weight)=(0, -1.92900123742338447386e+00) (1, -3.88806142000508170309e-01) (2, -5.11554940189020035390e-01) (3, 1.03554493969041718771e+01) (4, 1.34383565799002624441e-01) (5, -2.26020830870630157206e-01) (6, 3.21479307685921200655e-01) (7, 1.04292290878186144631e-01) (8, 1.10572540094639926167e+01) (9, 1.03588076301055531658e+00) (10, 7.72402333259408102606e-01) (11, -6.05774286289296678976e-02) (12, 8.09311346823306965170e-01) (13, 8.98910043759217014525e-01) (14, 2.78167614434479265606e-02) (15, -1.00766380234523533765e+00) (16, -1.85590463426824836546e+00) (0, 2.19266360523376624414e+00) (1, -3.43067589611618650736e+00) (2, -4.63885569718036983033e+00) (3, -5.18408375283208044948e-01) (4, -1.88090400670047097620e+00) (5, -1.20654232135365035994e+00) (6, 1.18180375148976557487e-02) (7, 1.82582885477172107702e-01) (8, -2.40891167724036048270e+00) (9, 9.68575067687156399110e-01) (10, 8.91288380375408056944e-02) (11, 1.69497264624862781224e-01) (12, 1.21353307259015233410e-01) (13, 2.55564196101227492086e-01) (14, -4.12436209124703268003e+00) (15, -6.58359966227913240289e+00) (16, 3.88279964803513921723e+00) (0, -2.58238957673700664230e+00) (1, 4.26469070658058779788e-01) (2, -7.32065808387350885900e-02) (3, 1.05220520242868982308e+01) (4, 5.55251589631171826866e-01) (5, 6.16967593801896141414e-01) (6, 1.14116266000527732949e+00) (7, 5.11108347222725023506e-01) (8, 1.77236974842059034074e+01) (9, -2.09820634437453301668e-01) (10, -6.04524835349933287176e-01) (11, -5.48611895028997431645e-01) (12, 9.06738805781974854803e-01) (13, 1.31666926890397184557e+00) (14, -2.89204753223006594265e-01) (15, 1.12216416097632443183e-01) (16, -2.64830543324740830258e+00) (17, 1.46191988382058468687e+00) (18, -5.38280142983145903912e+00) (19, 3.49924111006778204569e+00) (20, -3.30121266890366094060e+00) 
