FANN_FLO_2.1
num_layers=3
learning_rate=0.700000
connection_rate=1.000000
network_type=0
learning_momentum=0.000000
training_algorithm=2
train_error_function=1
train_stop_function=1
cascade_output_change_fraction=0.010000
quickprop_decay=-0.000100
quickprop_mu=1.750000
rprop_increase_factor=1.200000
rprop_decrease_factor=0.500000
rprop_delta_min=0.000000
rprop_delta_max=50.000000
rprop_delta_zero=0.100000
cascade_output_stagnation_epochs=12
cascade_candidate_change_fraction=0.010000
cascade_candidate_stagnation_epochs=12
cascade_max_out_epochs=150
cascade_min_out_epochs=50
cascade_max_cand_epochs=150
cascade_min_cand_epochs=50
cascade_num_candidate_groups=2
bit_fail_limit=1.00000000000000005551e-01
cascade_candidate_limit=1.00000000000000000000e+03
cascade_weight_multiplier=4.00000000000000022204e-01
cascade_activation_functions_count=10
cascade_activation_functions=3 5 7 8 10 11 14 15 16 17 
cascade_activation_steepnesses_count=4
cascade_activation_steepnesses=2.50000000000000000000e-01 5.00000000000000000000e-01 7.50000000000000000000e-01 1.00000000000000000000e+00 
layer_sizes=8 4 2 
scale_included=0
neurons (num_inputs, activation_function, activation_steepness)=(0, 0, 0.00000000000000000000e+00) (0, 0, 0.00000000000000000000e+00) (0, 0, 0.00000000000000000000e+00) (0, 0, 0.00000000000000000000e+00) (0, 0, 0.00000000000000000000e+00) (0, 0, 0.00000000000000000000e+00) (0, 0, 0.00000000000000000000e+00) (0, 0, 0.00000000000000000000e+00) (8, 6, 5.00000000000000000000e-01) (8, 6, 5.00000000000000000000e-01) (8, 6, 5.00000000000000000000e-01) (0, 6, 0.00000000000000000000e+00) (4, 4, 5.00000000000000000000e-01) (0, 4, 0.00000000000000000000e+00) 
connections (connected_to_neuron, weight)=(0, -2.55837576711204883750e+00) (1, 1.53822567429528578309e+00) (2, 1.78363836841071887740e+00) (3, 2.72572491913852665846e+00) (4, 1.49991560655114342104e+00) (5, 3.84012425008194080434e+00) (6, -2.28465640454395835235e+00) (7, -2.38227750836328988626e+00) (0, -7.17055403844875538510e-01) (1, 7.45694097638191499833e-01) (2, -4.75611397735326082992e-02) (3, 1.31616484277239953471e+00) (4, 9.31506579659569400320e-01) (5, 1.33225301546628149829e+00) (6, -7.11409945312393432459e-01) (7, -8.88690312899729328855e-01) (0, 8.58976388184624073396e-02) (1, -1.75817277489217188569e-01) (2, -1.34187138294018411255e-02) (3, -1.50883496096964775379e-01) (4, -1.17834795451266655109e-01) (5, -2.65398775830280986288e-01) (6, -1.07126462345549566813e-01) (7, 1.59745577938295107989e-01) (8, 1.21229135201186437598e+02) (9, 1.50466348122752879846e+00) (10, -1.52847678288033528293e-01) (11, -1.65192935692830111805e+00) 
