FANN_FLO_2.1
num_layers=3
learning_rate=0.700000
connection_rate=1.000000
network_type=0
learning_momentum=0.000000
training_algorithm=2
train_error_function=1
train_stop_function=1
cascade_output_change_fraction=0.010000
quickprop_decay=-0.000100
quickprop_mu=1.750000
rprop_increase_factor=1.200000
rprop_decrease_factor=0.500000
rprop_delta_min=0.000000
rprop_delta_max=50.000000
rprop_delta_zero=0.100000
cascade_output_stagnation_epochs=12
cascade_candidate_change_fraction=0.010000
cascade_candidate_stagnation_epochs=12
cascade_max_out_epochs=150
cascade_min_out_epochs=50
cascade_max_cand_epochs=150
cascade_min_cand_epochs=50
cascade_num_candidate_groups=2
bit_fail_limit=1.00000000000000005551e-01
cascade_candidate_limit=1.00000000000000000000e+03
cascade_weight_multiplier=4.00000000000000022204e-01
cascade_activation_functions_count=10
cascade_activation_functions=3 5 7 8 10 11 14 15 16 17 
cascade_activation_steepnesses_count=4
cascade_activation_steepnesses=2.50000000000000000000e-01 5.00000000000000000000e-01 7.50000000000000000000e-01 1.00000000000000000000e+00 
layer_sizes=10 4 2 
scale_included=0
neurons (num_inputs, activation_function, activation_steepness)=(0, 0, 0.00000000000000000000e+00) (0, 0, 0.00000000000000000000e+00) (0, 0, 0.00000000000000000000e+00) (0, 0, 0.00000000000000000000e+00) (0, 0, 0.00000000000000000000e+00) (0, 0, 0.00000000000000000000e+00) (0, 0, 0.00000000000000000000e+00) (0, 0, 0.00000000000000000000e+00) (0, 0, 0.00000000000000000000e+00) (0, 0, 0.00000000000000000000e+00) (10, 6, 5.00000000000000000000e-01) (10, 6, 5.00000000000000000000e-01) (10, 6, 5.00000000000000000000e-01) (0, 6, 0.00000000000000000000e+00) (4, 4, 5.00000000000000000000e-01) (0, 4, 0.00000000000000000000e+00) 
connections (connected_to_neuron, weight)=(0, 3.24147222734103879205e+00) (1, 2.74216849521903904829e+00) (2, 1.16980785415580212927e+00) (3, 2.73878189166249441655e+00) (4, 1.16739949367919959577e+00) (5, 1.25854773202369396579e+00) (6, 1.92750790708405039808e+00) (7, 7.38394159223244694878e-01) (8, 2.62477740075990517710e+00) (9, -4.25624931582325860546e+00) (0, 5.15687374178008695047e-01) (1, 1.23377379090894384595e-01) (2, 1.57887955048350264731e-01) (3, 3.83361062009279884855e-01) (4, -2.67841418209216891588e-02) (5, 2.15843197359149335801e-01) (6, 1.31027430499038893830e-01) (7, -1.85209886451041825239e+01) (8, 2.94324369171868234218e+01) (9, -1.15847054387642645068e-01) (0, 2.19681150500654798208e+00) (1, -8.50065443560454658822e-01) (2, 1.37225307196690260447e+00) (3, -1.62386647867490219177e+00) (4, 4.01998119923810204313e+00) (5, 1.47130755664622325796e+00) (6, 8.65486234482428895554e-01) (7, 2.49099122504219430141e+01) (8, 4.38674604210382135250e+00) (9, 7.33853770635173230374e+00) (10, 3.86363479056001779099e+02) (11, 3.94079453351915520720e-01) (12, -1.01599861479391040398e+00) (13, -9.04884813195363069127e-01) 
