FANN_FLO_2.1
num_layers=3
learning_rate=0.700000
connection_rate=1.000000
network_type=0
learning_momentum=0.000000
training_algorithm=2
train_error_function=1
train_stop_function=1
cascade_output_change_fraction=0.010000
quickprop_decay=-0.000100
quickprop_mu=1.750000
rprop_increase_factor=1.200000
rprop_decrease_factor=0.500000
rprop_delta_min=0.000000
rprop_delta_max=50.000000
rprop_delta_zero=0.100000
cascade_output_stagnation_epochs=12
cascade_candidate_change_fraction=0.010000
cascade_candidate_stagnation_epochs=12
cascade_max_out_epochs=150
cascade_min_out_epochs=50
cascade_max_cand_epochs=150
cascade_min_cand_epochs=50
cascade_num_candidate_groups=2
bit_fail_limit=1.00000000000000005551e-01
cascade_candidate_limit=1.00000000000000000000e+03
cascade_weight_multiplier=4.00000000000000022204e-01
cascade_activation_functions_count=10
cascade_activation_functions=3 5 7 8 10 11 14 15 16 17 
cascade_activation_steepnesses_count=4
cascade_activation_steepnesses=2.50000000000000000000e-01 5.00000000000000000000e-01 7.50000000000000000000e-01 1.00000000000000000000e+00 
layer_sizes=18 4 2 
scale_included=0
neurons (num_inputs, activation_function, activation_steepness)=(0, 0, 0.00000000000000000000e+00) (0, 0, 0.00000000000000000000e+00) (0, 0, 0.00000000000000000000e+00) (0, 0, 0.00000000000000000000e+00) (0, 0, 0.00000000000000000000e+00) (0, 0, 0.00000000000000000000e+00) (0, 0, 0.00000000000000000000e+00) (0, 0, 0.00000000000000000000e+00) (0, 0, 0.00000000000000000000e+00) (0, 0, 0.00000000000000000000e+00) (0, 0, 0.00000000000000000000e+00) (0, 0, 0.00000000000000000000e+00) (0, 0, 0.00000000000000000000e+00) (0, 0, 0.00000000000000000000e+00) (0, 0, 0.00000000000000000000e+00) (0, 0, 0.00000000000000000000e+00) (0, 0, 0.00000000000000000000e+00) (0, 0, 0.00000000000000000000e+00) (18, 6, 5.00000000000000000000e-01) (18, 6, 5.00000000000000000000e-01) (18, 6, 5.00000000000000000000e-01) (0, 6, 0.00000000000000000000e+00) (4, 4, 5.00000000000000000000e-01) (0, 4, 0.00000000000000000000e+00) 
connections (connected_to_neuron, weight)=(0, -2.53815469483655498095e+00) (1, -5.56467685405035439317e-01) (2, 3.73612722709352551576e+00) (3, 1.15309682807187190434e+01) (4, -3.49998863509100921476e+00) (5, -2.93085233701960801156e+00) (6, 1.43290644619719937936e+01) (7, -2.87651788171714217768e+00) (8, -1.83722384384101244947e+00) (9, -6.84180419983097976022e-01) (10, 1.33091670302579934138e+00) (11, 5.15349288557352736007e-01) (12, -1.77814137947974293397e+00) (13, -2.85008913858430146249e+00) (14, 3.27780824764450251507e+00) (15, -7.28021618833856520858e-01) (16, -2.04854696670491581711e-03) (17, -2.54352146352451846667e+00) (0, -2.39480271363345265101e+00) (1, -6.84027335945387116034e-01) (2, 3.80223778786402188956e+00) (3, 1.26622200922634782216e+01) (4, -2.38720565160851228015e+00) (5, -4.72508837759036826043e+00) (6, 1.33988863929326438296e+01) (7, -1.53195723979245657098e+00) (8, -6.03966055572827364983e+00) (9, -6.97685076804227866099e-01) (10, 1.48080598881346170437e+00) (11, 7.67104148278810182848e-02) (12, -6.09217376769383456292e+00) (13, -3.22618193744318215721e+00) (14, 2.54133819754116530021e+00) (15, -3.56413920545630868997e-01) (16, -1.71433211588703574013e-02) (17, -2.30051766881433650269e+00) (0, 1.00337922853773724857e-02) (1, 1.72518882291358366388e+00) (2, -5.12834814913445291573e-01) (3, -5.03510750645833615735e-01) (4, 1.02131845659455700037e+00) (5, 2.45450659696070516702e+00) (6, 4.95183224331491589343e-02) (7, -7.41579772472369502800e-01) (8, 1.97607853539942990295e+00) (9, -1.74897464344391551094e+00) (10, -2.07341130438189047425e+00) (11, -9.29986971116739558063e-01) (12, 2.35346812015893824821e+00) (13, 2.35973389121399446111e+00) (14, -2.11424033457617666087e+00) (15, -1.72313080789553763061e+00) (16, 1.40317026347421358601e+00) (17, 1.54412031279888256607e-01) (18, 1.11252429988043632925e+00) (19, 5.02793819292936738918e+00) (20, 8.08051115506605555083e+00) (21, -4.16110045798679895057e+00) 
