FANN_FLO_2.1
num_layers=3
learning_rate=0.700000
connection_rate=1.000000
network_type=0
learning_momentum=0.000000
training_algorithm=2
train_error_function=1
train_stop_function=1
cascade_output_change_fraction=0.010000
quickprop_decay=-0.000100
quickprop_mu=1.750000
rprop_increase_factor=1.200000
rprop_decrease_factor=0.500000
rprop_delta_min=0.000000
rprop_delta_max=50.000000
rprop_delta_zero=0.100000
cascade_output_stagnation_epochs=12
cascade_candidate_change_fraction=0.010000
cascade_candidate_stagnation_epochs=12
cascade_max_out_epochs=150
cascade_min_out_epochs=50
cascade_max_cand_epochs=150
cascade_min_cand_epochs=50
cascade_num_candidate_groups=2
bit_fail_limit=1.00000000000000005551e-01
cascade_candidate_limit=1.00000000000000000000e+03
cascade_weight_multiplier=4.00000000000000022204e-01
cascade_activation_functions_count=10
cascade_activation_functions=3 5 7 8 10 11 14 15 16 17 
cascade_activation_steepnesses_count=4
cascade_activation_steepnesses=2.50000000000000000000e-01 5.00000000000000000000e-01 7.50000000000000000000e-01 1.00000000000000000000e+00 
layer_sizes=11 4 2 
scale_included=0
neurons (num_inputs, activation_function, activation_steepness)=(0, 0, 0.00000000000000000000e+00) (0, 0, 0.00000000000000000000e+00) (0, 0, 0.00000000000000000000e+00) (0, 0, 0.00000000000000000000e+00) (0, 0, 0.00000000000000000000e+00) (0, 0, 0.00000000000000000000e+00) (0, 0, 0.00000000000000000000e+00) (0, 0, 0.00000000000000000000e+00) (0, 0, 0.00000000000000000000e+00) (0, 0, 0.00000000000000000000e+00) (0, 0, 0.00000000000000000000e+00) (11, 6, 5.00000000000000000000e-01) (11, 6, 5.00000000000000000000e-01) (11, 6, 5.00000000000000000000e-01) (0, 6, 0.00000000000000000000e+00) (4, 4, 5.00000000000000000000e-01) (0, 4, 0.00000000000000000000e+00) 
connections (connected_to_neuron, weight)=(0, 7.21441190095405193716e-01) (1, 5.47391478630063432753e-01) (2, 9.65834932684748292964e-01) (3, 9.18247183104798497810e-02) (4, 4.96715801051084815398e-01) (5, 1.41801080198433804291e+00) (6, -1.06849646996107345842e+01) (7, -3.23211723740837086893e+00) (8, 2.98018285180221660369e+01) (9, 3.15843136903787886638e+01) (10, -7.51561102137674463819e-01) (0, -1.02174011281793841732e+00) (1, 2.68901800158447290556e+00) (2, 2.46567030370266992989e+00) (3, -1.78715435811165646030e+00) (4, 1.62065603574329197833e+00) (5, 2.61811830172814197226e+00) (6, 2.61530908425436514619e+00) (7, 1.52596275881657028606e+00) (8, 2.32488938603932071558e+00) (9, 1.36496174589572194513e+00) (10, -3.53258926935533068558e+00) (0, -1.21998116301880230594e+01) (1, -8.19969462015746386463e-01) (2, -1.96187385013868276218e+00) (3, 2.55533309510379158525e+00) (4, 5.40188044544121170887e-01) (5, 3.01391803400678570668e+00) (6, -7.54998473196237807059e-01) (7, 2.19762471734336911622e-01) (8, -1.97718852917273113512e+00) (9, 3.89547450099742287311e-02) (10, 3.02893976849326529432e+00) (11, 3.37941831664237524180e+00) (12, 6.08015490784119663203e+01) (13, -4.31625034375622007587e+01) (14, -1.60588943724851662687e+00) 
