FANN_FLO_2.1
num_layers=3
learning_rate=0.700000
connection_rate=1.000000
network_type=0
learning_momentum=0.000000
training_algorithm=2
train_error_function=1
train_stop_function=1
cascade_output_change_fraction=0.010000
quickprop_decay=-0.000100
quickprop_mu=1.750000
rprop_increase_factor=1.200000
rprop_decrease_factor=0.500000
rprop_delta_min=0.000000
rprop_delta_max=50.000000
rprop_delta_zero=0.100000
cascade_output_stagnation_epochs=12
cascade_candidate_change_fraction=0.010000
cascade_candidate_stagnation_epochs=12
cascade_max_out_epochs=150
cascade_min_out_epochs=50
cascade_max_cand_epochs=150
cascade_min_cand_epochs=50
cascade_num_candidate_groups=2
bit_fail_limit=1.00000000000000005551e-01
cascade_candidate_limit=1.00000000000000000000e+03
cascade_weight_multiplier=4.00000000000000022204e-01
cascade_activation_functions_count=10
cascade_activation_functions=3 5 7 8 10 11 14 15 16 17 
cascade_activation_steepnesses_count=4
cascade_activation_steepnesses=2.50000000000000000000e-01 5.00000000000000000000e-01 7.50000000000000000000e-01 1.00000000000000000000e+00 
layer_sizes=10 4 2 
scale_included=0
neurons (num_inputs, activation_function, activation_steepness)=(0, 0, 0.00000000000000000000e+00) (0, 0, 0.00000000000000000000e+00) (0, 0, 0.00000000000000000000e+00) (0, 0, 0.00000000000000000000e+00) (0, 0, 0.00000000000000000000e+00) (0, 0, 0.00000000000000000000e+00) (0, 0, 0.00000000000000000000e+00) (0, 0, 0.00000000000000000000e+00) (0, 0, 0.00000000000000000000e+00) (0, 0, 0.00000000000000000000e+00) (10, 6, 5.00000000000000000000e-01) (10, 6, 5.00000000000000000000e-01) (10, 6, 5.00000000000000000000e-01) (0, 6, 0.00000000000000000000e+00) (4, 4, 5.00000000000000000000e-01) (0, 4, 0.00000000000000000000e+00) 
connections (connected_to_neuron, weight)=(0, -2.10497827500128409373e-01) (1, -9.07440550065680973102e-02) (2, 9.51084569786809552738e-01) (3, 1.07255388218454136839e-01) (4, 1.63808422609340342824e+00) (5, 1.05426568080253857396e+00) (6, 6.67965723030632618773e-01) (7, 1.28215574107918350855e+00) (8, 1.03737335731794089178e+00) (9, -4.91945091598776640396e-01) (0, -3.12994005534300878679e+00) (1, 2.09518878100952354870e+00) (2, 2.71086220232680386033e+00) (3, -5.84518328899020556122e-01) (4, 3.64156273319537993061e+00) (5, 2.03884408002239370106e+00) (6, 1.44065262293517859504e+00) (7, 1.04411413400329097789e-01) (8, 1.95911299023617702098e+00) (9, -3.84819054775028490667e+00) (0, -3.16324456784377172625e+00) (1, 1.99715844480833282226e+00) (2, 2.57163884042182022682e+00) (3, -5.01520299011344206086e-01) (4, 3.72333962037380050702e+00) (5, 2.10426265498143294508e+00) (6, 1.27663639849126586689e+00) (7, 1.20537920807217768804e+00) (8, 2.03560506138790975328e+00) (9, -3.86862956158905291204e+00) (10, 2.52411768533562286265e-01) (11, 7.69904536722069394727e+01) (12, 2.62455982547256667203e+02) (13, -8.85303071693247289886e-01) 
