FANN_FLO_2.1
num_layers=3
learning_rate=0.700000
connection_rate=1.000000
network_type=0
learning_momentum=0.000000
training_algorithm=2
train_error_function=1
train_stop_function=1
cascade_output_change_fraction=0.010000
quickprop_decay=-0.000100
quickprop_mu=1.750000
rprop_increase_factor=1.200000
rprop_decrease_factor=0.500000
rprop_delta_min=0.000000
rprop_delta_max=50.000000
rprop_delta_zero=0.100000
cascade_output_stagnation_epochs=12
cascade_candidate_change_fraction=0.010000
cascade_candidate_stagnation_epochs=12
cascade_max_out_epochs=150
cascade_min_out_epochs=50
cascade_max_cand_epochs=150
cascade_min_cand_epochs=50
cascade_num_candidate_groups=2
bit_fail_limit=1.00000000000000005551e-01
cascade_candidate_limit=1.00000000000000000000e+03
cascade_weight_multiplier=4.00000000000000022204e-01
cascade_activation_functions_count=10
cascade_activation_functions=3 5 7 8 10 11 14 15 16 17 
cascade_activation_steepnesses_count=4
cascade_activation_steepnesses=2.50000000000000000000e-01 5.00000000000000000000e-01 7.50000000000000000000e-01 1.00000000000000000000e+00 
layer_sizes=10 4 2 
scale_included=0
neurons (num_inputs, activation_function, activation_steepness)=(0, 0, 0.00000000000000000000e+00) (0, 0, 0.00000000000000000000e+00) (0, 0, 0.00000000000000000000e+00) (0, 0, 0.00000000000000000000e+00) (0, 0, 0.00000000000000000000e+00) (0, 0, 0.00000000000000000000e+00) (0, 0, 0.00000000000000000000e+00) (0, 0, 0.00000000000000000000e+00) (0, 0, 0.00000000000000000000e+00) (0, 0, 0.00000000000000000000e+00) (10, 6, 5.00000000000000000000e-01) (10, 6, 5.00000000000000000000e-01) (10, 6, 5.00000000000000000000e-01) (0, 6, 0.00000000000000000000e+00) (4, 4, 5.00000000000000000000e-01) (0, 4, 0.00000000000000000000e+00) 
connections (connected_to_neuron, weight)=(0, 5.71913960826882306065e+00) (1, 3.38974482308189850599e+00) (2, 3.17201029225050179505e+00) (3, 7.88023404182276787644e-01) (4, 1.25205697382718295074e+00) (5, 3.43008921714567227568e+00) (6, 1.26180629993057635829e+00) (7, 2.11844932972050736808e+00) (8, 1.79367550667863606684e+00) (9, -5.74875137253558943229e+00) (0, -1.44473753889924810823e-01) (1, -6.07758691194778100098e-01) (2, -2.03756928812658166805e-01) (3, -2.74663495797122958475e-01) (4, -7.43955986630177954627e-03) (5, -1.97207224222233384880e-01) (6, 4.03974294286286519928e-02) (7, 2.07776797503582422166e+01) (8, -3.50170708249860638261e+01) (9, 2.87603269857853394154e-01) (0, 3.89361643156589179449e-02) (1, 1.93563396416287725188e+00) (2, -2.85722628818439405851e-01) (3, 3.00882431950714845925e-01) (4, 7.77065322053020590687e-01) (5, 1.21770005586480056792e+00) (6, 5.32911448099897100406e-01) (7, -1.81095850445667352346e+01) (8, 3.27585113824046132436e+01) (9, -5.40240268318755267885e-01) (10, 8.96536862344633931343e+01) (11, -2.69961176202395858326e+00) (12, 6.98123107388594910105e+00) (13, -2.31339539715719455515e+00) 
