FANN_FLO_2.1
num_layers=3
learning_rate=0.700000
connection_rate=1.000000
network_type=0
learning_momentum=0.000000
training_algorithm=2
train_error_function=1
train_stop_function=1
cascade_output_change_fraction=0.010000
quickprop_decay=-0.000100
quickprop_mu=1.750000
rprop_increase_factor=1.200000
rprop_decrease_factor=0.500000
rprop_delta_min=0.000000
rprop_delta_max=50.000000
rprop_delta_zero=0.100000
cascade_output_stagnation_epochs=12
cascade_candidate_change_fraction=0.010000
cascade_candidate_stagnation_epochs=12
cascade_max_out_epochs=150
cascade_min_out_epochs=50
cascade_max_cand_epochs=150
cascade_min_cand_epochs=50
cascade_num_candidate_groups=2
bit_fail_limit=1.00000000000000005551e-01
cascade_candidate_limit=1.00000000000000000000e+03
cascade_weight_multiplier=4.00000000000000022204e-01
cascade_activation_functions_count=10
cascade_activation_functions=3 5 7 8 10 11 14 15 16 17 
cascade_activation_steepnesses_count=4
cascade_activation_steepnesses=2.50000000000000000000e-01 5.00000000000000000000e-01 7.50000000000000000000e-01 1.00000000000000000000e+00 
layer_sizes=9 4 2 
scale_included=0
neurons (num_inputs, activation_function, activation_steepness)=(0, 0, 0.00000000000000000000e+00) (0, 0, 0.00000000000000000000e+00) (0, 0, 0.00000000000000000000e+00) (0, 0, 0.00000000000000000000e+00) (0, 0, 0.00000000000000000000e+00) (0, 0, 0.00000000000000000000e+00) (0, 0, 0.00000000000000000000e+00) (0, 0, 0.00000000000000000000e+00) (0, 0, 0.00000000000000000000e+00) (9, 6, 5.00000000000000000000e-01) (9, 6, 5.00000000000000000000e-01) (9, 6, 5.00000000000000000000e-01) (0, 6, 0.00000000000000000000e+00) (4, 4, 5.00000000000000000000e-01) (0, 4, 0.00000000000000000000e+00) 
connections (connected_to_neuron, weight)=(0, 1.37106968027145597944e+02) (1, -6.33684659821158025039e+00) (2, -4.23616121882725167325e+01) (3, -1.49783463840725562477e+03) (4, 3.18226689162921729803e+02) (5, 9.69332425510037722916e+01) (6, 5.30232002878866879314e+01) (7, 9.69332425510037722916e+01) (8, 1.49917320734503687163e+03) (0, -4.48347696439289133963e+00) (1, -1.69948370859746574979e+02) (2, -3.53972380944404250158e+01) (3, -1.43109746886668085608e+03) (4, -2.86524622121302172673e+01) (5, -3.25689777879684356776e+01) (6, -3.25689777879684356776e+01) (7, -3.25689777879684356776e+01) (8, 1.50000000000000000000e+03) (0, 5.85783225351305514295e+00) (1, 4.77277435609042566256e+00) (2, 4.42210311850068471529e+00) (3, 4.25683837833167100229e+00) (4, 3.28312832923542075036e+00) (5, 2.40596124759674223625e+00) (6, 1.05783794773142347800e+00) (7, 2.40506942613218965832e+00) (8, -7.70641987573917575105e+00) (9, -1.58251908323125745071e+00) (10, -1.16417149168029521178e+00) (11, 1.38592012867391023434e+01) (12, -1.83114079889056813322e+00) 
