FANN_FLO_2.1
num_layers=3
learning_rate=0.700000
connection_rate=1.000000
network_type=0
learning_momentum=0.000000
training_algorithm=2
train_error_function=1
train_stop_function=1
cascade_output_change_fraction=0.010000
quickprop_decay=-0.000100
quickprop_mu=1.750000
rprop_increase_factor=1.200000
rprop_decrease_factor=0.500000
rprop_delta_min=0.000000
rprop_delta_max=50.000000
rprop_delta_zero=0.100000
cascade_output_stagnation_epochs=12
cascade_candidate_change_fraction=0.010000
cascade_candidate_stagnation_epochs=12
cascade_max_out_epochs=150
cascade_min_out_epochs=50
cascade_max_cand_epochs=150
cascade_min_cand_epochs=50
cascade_num_candidate_groups=2
bit_fail_limit=1.00000000000000005551e-01
cascade_candidate_limit=1.00000000000000000000e+03
cascade_weight_multiplier=4.00000000000000022204e-01
cascade_activation_functions_count=10
cascade_activation_functions=3 5 7 8 10 11 14 15 16 17 
cascade_activation_steepnesses_count=4
cascade_activation_steepnesses=2.50000000000000000000e-01 5.00000000000000000000e-01 7.50000000000000000000e-01 1.00000000000000000000e+00 
layer_sizes=10 4 2 
scale_included=0
neurons (num_inputs, activation_function, activation_steepness)=(0, 0, 0.00000000000000000000e+00) (0, 0, 0.00000000000000000000e+00) (0, 0, 0.00000000000000000000e+00) (0, 0, 0.00000000000000000000e+00) (0, 0, 0.00000000000000000000e+00) (0, 0, 0.00000000000000000000e+00) (0, 0, 0.00000000000000000000e+00) (0, 0, 0.00000000000000000000e+00) (0, 0, 0.00000000000000000000e+00) (0, 0, 0.00000000000000000000e+00) (10, 6, 5.00000000000000000000e-01) (10, 6, 5.00000000000000000000e-01) (10, 6, 5.00000000000000000000e-01) (0, 6, 0.00000000000000000000e+00) (4, 4, 5.00000000000000000000e-01) (0, 4, 0.00000000000000000000e+00) 
connections (connected_to_neuron, weight)=(0, 2.12177015302757610016e+00) (1, 8.17205294738492860063e+00) (2, -6.32597517714871493411e-01) (3, 5.34563118614673982165e+00) (4, -3.01940314153969202593e+00) (5, -1.21972766616643335524e+00) (6, 4.43071905535521270991e+00) (7, 9.50242438755722895749e-01) (8, 4.53185414808295838895e+00) (9, -1.56823925429446564550e+00) (0, 6.00240386991116992021e+00) (1, 2.72510337203394525929e+00) (2, 5.53154347616790964537e+00) (3, -3.15568253537104936868e+00) (4, -8.53784565666451222832e-01) (5, -1.67924244894820917651e+00) (6, -7.81367637085197130897e-02) (7, 1.63675786394843858496e+00) (8, -7.38425392509900191396e-02) (9, -3.85752476782219844154e+00) (0, -1.48583773358122623875e+01) (1, 5.72118700989157336068e+00) (2, -6.69371384364828792002e-01) (3, -1.95421688802941218022e+00) (4, -6.48211606148948504824e+00) (5, -5.36964588199370762567e+00) (6, -2.38745803390489319540e+00) (7, -3.62112983482917982769e+00) (8, -2.31814217388042642654e+00) (9, 1.04183411182536413975e+01) (10, 1.56260406983306747719e+01) (11, 9.92326486809415264645e+00) (12, -1.63793287124970667890e+01) (13, -1.30105809861627275126e+00) 
