FANN_FLO_2.1
num_layers=3
learning_rate=0.700000
connection_rate=1.000000
network_type=0
learning_momentum=0.000000
training_algorithm=2
train_error_function=1
train_stop_function=1
cascade_output_change_fraction=0.010000
quickprop_decay=-0.000100
quickprop_mu=1.750000
rprop_increase_factor=1.200000
rprop_decrease_factor=0.500000
rprop_delta_min=0.000000
rprop_delta_max=50.000000
rprop_delta_zero=0.100000
cascade_output_stagnation_epochs=12
cascade_candidate_change_fraction=0.010000
cascade_candidate_stagnation_epochs=12
cascade_max_out_epochs=150
cascade_min_out_epochs=50
cascade_max_cand_epochs=150
cascade_min_cand_epochs=50
cascade_num_candidate_groups=2
bit_fail_limit=1.00000000000000005551e-01
cascade_candidate_limit=1.00000000000000000000e+03
cascade_weight_multiplier=4.00000000000000022204e-01
cascade_activation_functions_count=10
cascade_activation_functions=3 5 7 8 10 11 14 15 16 17 
cascade_activation_steepnesses_count=4
cascade_activation_steepnesses=2.50000000000000000000e-01 5.00000000000000000000e-01 7.50000000000000000000e-01 1.00000000000000000000e+00 
layer_sizes=13 4 2 
scale_included=0
neurons (num_inputs, activation_function, activation_steepness)=(0, 0, 0.00000000000000000000e+00) (0, 0, 0.00000000000000000000e+00) (0, 0, 0.00000000000000000000e+00) (0, 0, 0.00000000000000000000e+00) (0, 0, 0.00000000000000000000e+00) (0, 0, 0.00000000000000000000e+00) (0, 0, 0.00000000000000000000e+00) (0, 0, 0.00000000000000000000e+00) (0, 0, 0.00000000000000000000e+00) (0, 0, 0.00000000000000000000e+00) (0, 0, 0.00000000000000000000e+00) (0, 0, 0.00000000000000000000e+00) (0, 0, 0.00000000000000000000e+00) (13, 6, 5.00000000000000000000e-01) (13, 6, 5.00000000000000000000e-01) (13, 6, 5.00000000000000000000e-01) (0, 6, 0.00000000000000000000e+00) (4, 4, 5.00000000000000000000e-01) (0, 4, 0.00000000000000000000e+00) 
connections (connected_to_neuron, weight)=(0, 3.91996960595024090956e-01) (1, -1.07385720952630459024e+00) (2, -9.61999824679227288904e-01) (3, -1.96627456200094563599e+00) (4, 1.07459999796130900585e+00) (5, -1.71163102658697913183e-01) (6, 1.75194760692552242709e+00) (7, -1.99518024144180183832e+00) (8, -9.19397631843852258804e-01) (9, -8.17096855994848603189e-01) (10, -1.91636452046640326508e+00) (11, -1.84220271350284248157e+00) (12, 1.04113553281940007800e+00) (0, -1.39693956161199926008e-02) (1, -1.04346174641728817178e+00) (2, -8.63368349558444325709e-01) (3, -1.94028850150080067749e+00) (4, 9.30365169310357065235e-01) (5, -1.79940016987034628881e-01) (6, 1.69287378621534023715e+00) (7, -1.92999143866308142670e+00) (8, -7.62997051884698795909e-01) (9, -8.76936536785749676248e-01) (10, -1.94726212290532996185e+00) (11, -1.92230125309367716469e+00) (12, 1.10962208177960852673e+00) (0, 3.36939154515768640730e-02) (1, 1.52238655907093689557e+00) (2, 2.08292309833596755997e-01) (3, 1.65508465421069694834e+00) (4, -5.50241223165240378457e-01) (5, -1.93566150135599440718e-01) (6, -1.20268863924760860407e+00) (7, 1.67525042772896859411e+00) (8, 8.54090329351201105190e-01) (9, 1.61472418425076313930e-01) (10, 1.74514985263951394323e+00) (11, 1.40314458175471323820e+00) (12, -1.23785708565808005854e-01) (13, -1.89078283893460152854e+01) (14, -4.55215270819361137455e+01) (15, 2.02428199248490692241e+00) (16, -3.36290580115628445768e+00) 
