FANN_FLO_2.1
num_layers=3
learning_rate=0.700000
connection_rate=1.000000
network_type=0
learning_momentum=0.000000
training_algorithm=2
train_error_function=1
train_stop_function=1
cascade_output_change_fraction=0.010000
quickprop_decay=-0.000100
quickprop_mu=1.750000
rprop_increase_factor=1.200000
rprop_decrease_factor=0.500000
rprop_delta_min=0.000000
rprop_delta_max=50.000000
rprop_delta_zero=0.100000
cascade_output_stagnation_epochs=12
cascade_candidate_change_fraction=0.010000
cascade_candidate_stagnation_epochs=12
cascade_max_out_epochs=150
cascade_min_out_epochs=50
cascade_max_cand_epochs=150
cascade_min_cand_epochs=50
cascade_num_candidate_groups=2
bit_fail_limit=1.00000000000000005551e-01
cascade_candidate_limit=1.00000000000000000000e+03
cascade_weight_multiplier=4.00000000000000022204e-01
cascade_activation_functions_count=10
cascade_activation_functions=3 5 7 8 10 11 14 15 16 17 
cascade_activation_steepnesses_count=4
cascade_activation_steepnesses=2.50000000000000000000e-01 5.00000000000000000000e-01 7.50000000000000000000e-01 1.00000000000000000000e+00 
layer_sizes=9 4 2 
scale_included=0
neurons (num_inputs, activation_function, activation_steepness)=(0, 0, 0.00000000000000000000e+00) (0, 0, 0.00000000000000000000e+00) (0, 0, 0.00000000000000000000e+00) (0, 0, 0.00000000000000000000e+00) (0, 0, 0.00000000000000000000e+00) (0, 0, 0.00000000000000000000e+00) (0, 0, 0.00000000000000000000e+00) (0, 0, 0.00000000000000000000e+00) (0, 0, 0.00000000000000000000e+00) (9, 6, 5.00000000000000000000e-01) (9, 6, 5.00000000000000000000e-01) (9, 6, 5.00000000000000000000e-01) (0, 6, 0.00000000000000000000e+00) (4, 4, 5.00000000000000000000e-01) (0, 4, 0.00000000000000000000e+00) 
connections (connected_to_neuron, weight)=(0, -9.65444533020830109038e-01) (1, -9.53826291367733958282e+00) (2, -8.31799737526638693907e+00) (3, 2.48536322113995655769e+00) (4, -2.65287703769278149224e+00) (5, 1.86496399532272288946e-01) (6, 2.91079894272090555774e+00) (7, 2.58943236216770555913e+00) (8, 1.07782859852793251321e+01) (0, 3.20421869023526451059e+00) (1, 1.43432790855431679944e+00) (2, 2.95087478258119118024e+00) (3, -5.33896651905095831481e-01) (4, 2.40293912842733403679e+00) (5, -1.60124194196669633605e+00) (6, 2.27197270051997435303e+00) (7, -5.26915954757351867599e-01) (8, -3.50502025192844479662e+00) (0, -4.19845582668591343900e-01) (1, -9.56555453941548350372e+00) (2, -8.41627248996191923425e+00) (3, 2.50014561680976754587e+00) (4, -2.60839026169848064995e+00) (5, 2.53048688362552232078e-01) (6, 2.92588882712127329455e+00) (7, 2.64855152172960917056e+00) (8, 1.07232058954398628003e+01) (9, -3.46084065838534993276e+00) (10, 2.22525255861972546256e+01) (11, -3.43206757037718457326e+00) (12, -1.54553797104294798892e+00) 
