FANN_FLO_2.1
num_layers=3
learning_rate=0.700000
connection_rate=1.000000
network_type=0
learning_momentum=0.000000
training_algorithm=2
train_error_function=1
train_stop_function=1
cascade_output_change_fraction=0.010000
quickprop_decay=-0.000100
quickprop_mu=1.750000
rprop_increase_factor=1.200000
rprop_decrease_factor=0.500000
rprop_delta_min=0.000000
rprop_delta_max=50.000000
rprop_delta_zero=0.100000
cascade_output_stagnation_epochs=12
cascade_candidate_change_fraction=0.010000
cascade_candidate_stagnation_epochs=12
cascade_max_out_epochs=150
cascade_min_out_epochs=50
cascade_max_cand_epochs=150
cascade_min_cand_epochs=50
cascade_num_candidate_groups=2
bit_fail_limit=1.00000000000000005551e-01
cascade_candidate_limit=1.00000000000000000000e+03
cascade_weight_multiplier=4.00000000000000022204e-01
cascade_activation_functions_count=10
cascade_activation_functions=3 5 7 8 10 11 14 15 16 17 
cascade_activation_steepnesses_count=4
cascade_activation_steepnesses=2.50000000000000000000e-01 5.00000000000000000000e-01 7.50000000000000000000e-01 1.00000000000000000000e+00 
layer_sizes=10 4 2 
scale_included=0
neurons (num_inputs, activation_function, activation_steepness)=(0, 0, 0.00000000000000000000e+00) (0, 0, 0.00000000000000000000e+00) (0, 0, 0.00000000000000000000e+00) (0, 0, 0.00000000000000000000e+00) (0, 0, 0.00000000000000000000e+00) (0, 0, 0.00000000000000000000e+00) (0, 0, 0.00000000000000000000e+00) (0, 0, 0.00000000000000000000e+00) (0, 0, 0.00000000000000000000e+00) (0, 0, 0.00000000000000000000e+00) (10, 6, 5.00000000000000000000e-01) (10, 6, 5.00000000000000000000e-01) (10, 6, 5.00000000000000000000e-01) (0, 6, 0.00000000000000000000e+00) (4, 4, 5.00000000000000000000e-01) (0, 4, 0.00000000000000000000e+00) 
connections (connected_to_neuron, weight)=(0, -7.70134442187223200449e+00) (1, 4.01042563728417000846e+00) (2, 3.70008365653094717374e+00) (3, -1.11650104332587596367e+00) (4, 5.94413458173185738076e+00) (5, 3.42855946020412716280e+00) (6, 1.28806209720480913106e+00) (7, 2.16949631533271469763e+00) (8, 3.95352757148851141622e+00) (9, -5.95841455246731843687e+00) (0, -6.91093577817424176146e+00) (1, 3.89279607943619510024e+00) (2, 3.73349152348574975235e+00) (3, -1.51371244454885434116e+00) (4, 6.41060043118331357448e+00) (5, 3.41350328968096050630e+00) (6, 1.21529585651863092366e+00) (7, 2.08609087652212776831e+00) (8, 3.89536772467602654402e+00) (9, -6.18261321090359050601e+00) (0, 1.03050829358542883618e+00) (1, -1.08374713230463659563e-01) (2, -5.21222376348346227992e-01) (3, 4.18035960566356168400e-01) (4, -2.04171924918275876637e-01) (5, 1.10368487626813976954e-01) (6, 2.19789809251907408694e+00) (7, 1.55858003683099100023e+00) (8, -5.83133845100888212332e-02) (9, 2.18249734480399260050e+00) (10, 4.31147042056793861065e+00) (11, 2.88767576303283192374e+02) (12, -1.33259291317472716720e+00) (13, -7.55544870030856019483e-01) 
