FANN_FLO_2.1
num_layers=3
learning_rate=0.700000
connection_rate=1.000000
network_type=0
learning_momentum=0.000000
training_algorithm=2
train_error_function=1
train_stop_function=1
cascade_output_change_fraction=0.010000
quickprop_decay=-0.000100
quickprop_mu=1.750000
rprop_increase_factor=1.200000
rprop_decrease_factor=0.500000
rprop_delta_min=0.000000
rprop_delta_max=50.000000
rprop_delta_zero=0.100000
cascade_output_stagnation_epochs=12
cascade_candidate_change_fraction=0.010000
cascade_candidate_stagnation_epochs=12
cascade_max_out_epochs=150
cascade_min_out_epochs=50
cascade_max_cand_epochs=150
cascade_min_cand_epochs=50
cascade_num_candidate_groups=2
bit_fail_limit=1.00000000000000005551e-01
cascade_candidate_limit=1.00000000000000000000e+03
cascade_weight_multiplier=4.00000000000000022204e-01
cascade_activation_functions_count=10
cascade_activation_functions=3 5 7 8 10 11 14 15 16 17 
cascade_activation_steepnesses_count=4
cascade_activation_steepnesses=2.50000000000000000000e-01 5.00000000000000000000e-01 7.50000000000000000000e-01 1.00000000000000000000e+00 
layer_sizes=10 4 2 
scale_included=0
neurons (num_inputs, activation_function, activation_steepness)=(0, 0, 0.00000000000000000000e+00) (0, 0, 0.00000000000000000000e+00) (0, 0, 0.00000000000000000000e+00) (0, 0, 0.00000000000000000000e+00) (0, 0, 0.00000000000000000000e+00) (0, 0, 0.00000000000000000000e+00) (0, 0, 0.00000000000000000000e+00) (0, 0, 0.00000000000000000000e+00) (0, 0, 0.00000000000000000000e+00) (0, 0, 0.00000000000000000000e+00) (10, 6, 5.00000000000000000000e-01) (10, 6, 5.00000000000000000000e-01) (10, 6, 5.00000000000000000000e-01) (0, 6, 0.00000000000000000000e+00) (4, 4, 5.00000000000000000000e-01) (0, 4, 0.00000000000000000000e+00) 
connections (connected_to_neuron, weight)=(0, -7.15334387375857971847e+00) (1, 2.45893644729941129867e+00) (2, 2.29447318153251478279e+00) (3, -6.43991678564065139767e-01) (4, 4.25351534102992800968e+00) (5, 3.49612134868749802052e+00) (6, 2.27900534781164321174e+00) (7, 8.40695272992853070981e-01) (8, 3.50406095641319614842e+00) (9, -3.60918240801815048968e+00) (0, -8.10979981176166209167e-01) (1, 5.23127975622420970936e-01) (2, 8.36756335796740802202e-01) (3, -8.51031909234303135525e-02) (4, 5.56210068701615156783e-01) (5, 1.32010003408717557782e+00) (6, 7.60217197621632534421e-01) (7, -2.97062957937430294209e+00) (8, 2.14966527771873527897e+00) (9, -9.69719128796269091985e-01) (0, -8.25021704689413160061e-01) (1, 6.30487917004818543276e-01) (2, 8.85752920544619293253e-01) (3, 6.80672744298748810116e-03) (4, 1.15032115046815763826e+00) (5, 1.50873031844421778835e+00) (6, 9.22648065027327657361e-01) (7, -2.08142081887772434357e+00) (8, 2.37322789903529285382e+00) (9, -2.03378312443437758716e+00) (10, 5.52573805875646328900e+01) (11, 1.38515995085320504643e+01) (12, 2.24049451591594248612e+01) (13, -2.38506182740753613913e+00) 
