FANN_FLO_2.1
num_layers=3
learning_rate=0.700000
connection_rate=1.000000
network_type=0
learning_momentum=0.000000
training_algorithm=2
train_error_function=1
train_stop_function=1
cascade_output_change_fraction=0.010000
quickprop_decay=-0.000100
quickprop_mu=1.750000
rprop_increase_factor=1.200000
rprop_decrease_factor=0.500000
rprop_delta_min=0.000000
rprop_delta_max=50.000000
rprop_delta_zero=0.100000
cascade_output_stagnation_epochs=12
cascade_candidate_change_fraction=0.010000
cascade_candidate_stagnation_epochs=12
cascade_max_out_epochs=150
cascade_min_out_epochs=50
cascade_max_cand_epochs=150
cascade_min_cand_epochs=50
cascade_num_candidate_groups=2
bit_fail_limit=1.00000000000000005551e-01
cascade_candidate_limit=1.00000000000000000000e+03
cascade_weight_multiplier=4.00000000000000022204e-01
cascade_activation_functions_count=10
cascade_activation_functions=3 5 7 8 10 11 14 15 16 17 
cascade_activation_steepnesses_count=4
cascade_activation_steepnesses=2.50000000000000000000e-01 5.00000000000000000000e-01 7.50000000000000000000e-01 1.00000000000000000000e+00 
layer_sizes=8 4 2 
scale_included=0
neurons (num_inputs, activation_function, activation_steepness)=(0, 0, 0.00000000000000000000e+00) (0, 0, 0.00000000000000000000e+00) (0, 0, 0.00000000000000000000e+00) (0, 0, 0.00000000000000000000e+00) (0, 0, 0.00000000000000000000e+00) (0, 0, 0.00000000000000000000e+00) (0, 0, 0.00000000000000000000e+00) (0, 0, 0.00000000000000000000e+00) (8, 6, 5.00000000000000000000e-01) (8, 6, 5.00000000000000000000e-01) (8, 6, 5.00000000000000000000e-01) (0, 6, 0.00000000000000000000e+00) (4, 4, 5.00000000000000000000e-01) (0, 4, 0.00000000000000000000e+00) 
connections (connected_to_neuron, weight)=(0, 7.38277736436548925880e-01) (1, 3.24389467932059005761e+01) (2, 1.20043283896027208613e+00) (3, 6.94427058607072655860e-01) (4, 2.45799720179285285937e+00) (5, 2.22672493933375115205e+00) (6, 1.98647313615257692376e+00) (7, -1.74856005325530272643e+00) (0, 4.38519453778664247690e-01) (1, 1.33952716684006318815e+01) (2, 6.90210835706091763164e-01) (3, 6.07914147646706037875e-01) (4, 1.92306287672738585037e+00) (5, 1.29599714752858541367e+00) (6, 1.04277539415186248917e+00) (7, -4.45692564056467122047e-01) (0, 6.12462900549275324202e-01) (1, -2.11816793403391123718e+00) (2, 4.66054290412896055074e+00) (3, 3.61625509028931180211e+00) (4, -2.68073568117803695543e+00) (5, -3.06243517156135691692e+00) (6, -3.43518852477722447247e+00) (7, 1.81249849935303508630e+00) (8, 6.55768809559748433458e+00) (9, 1.84035168362478684934e+00) (10, -4.37383217298113891047e+00) (11, -1.73268675520632964293e+00) 
