FANN_FLO_2.1
num_layers=3
learning_rate=0.700000
connection_rate=1.000000
network_type=0
learning_momentum=0.000000
training_algorithm=2
train_error_function=1
train_stop_function=1
cascade_output_change_fraction=0.010000
quickprop_decay=-0.000100
quickprop_mu=1.750000
rprop_increase_factor=1.200000
rprop_decrease_factor=0.500000
rprop_delta_min=0.000000
rprop_delta_max=50.000000
rprop_delta_zero=0.100000
cascade_output_stagnation_epochs=12
cascade_candidate_change_fraction=0.010000
cascade_candidate_stagnation_epochs=12
cascade_max_out_epochs=150
cascade_min_out_epochs=50
cascade_max_cand_epochs=150
cascade_min_cand_epochs=50
cascade_num_candidate_groups=2
bit_fail_limit=1.00000000000000005551e-01
cascade_candidate_limit=1.00000000000000000000e+03
cascade_weight_multiplier=4.00000000000000022204e-01
cascade_activation_functions_count=10
cascade_activation_functions=3 5 7 8 10 11 14 15 16 17 
cascade_activation_steepnesses_count=4
cascade_activation_steepnesses=2.50000000000000000000e-01 5.00000000000000000000e-01 7.50000000000000000000e-01 1.00000000000000000000e+00 
layer_sizes=9 4 2 
scale_included=0
neurons (num_inputs, activation_function, activation_steepness)=(0, 0, 0.00000000000000000000e+00) (0, 0, 0.00000000000000000000e+00) (0, 0, 0.00000000000000000000e+00) (0, 0, 0.00000000000000000000e+00) (0, 0, 0.00000000000000000000e+00) (0, 0, 0.00000000000000000000e+00) (0, 0, 0.00000000000000000000e+00) (0, 0, 0.00000000000000000000e+00) (0, 0, 0.00000000000000000000e+00) (9, 6, 5.00000000000000000000e-01) (9, 6, 5.00000000000000000000e-01) (9, 6, 5.00000000000000000000e-01) (0, 6, 0.00000000000000000000e+00) (4, 4, 5.00000000000000000000e-01) (0, 4, 0.00000000000000000000e+00) 
connections (connected_to_neuron, weight)=(0, -7.18930100079183787010e-01) (1, 2.36183005246476573902e+00) (2, 1.50000000000000000000e+03) (3, 1.00987851298920918452e+03) (4, 9.31790887787844579471e-01) (5, 1.00976142362995869917e+03) (6, 1.00994603484910817315e+03) (7, -5.56839405668819420470e+00) (8, 7.79076442724503714921e-01) (0, -1.87984463380618938011e+00) (1, 2.08512076262053120956e+01) (2, -2.21392032189787961727e+01) (3, -5.12565440093467294957e+00) (4, -1.39606638988895781495e+00) (5, -8.29342333328033226580e-02) (6, -5.07203418915460080285e+00) (7, -2.53735497629598993896e+00) (8, -4.88878974166663926582e+00) (0, 4.19409760949237053751e+00) (1, 9.52265383880163795993e-01) (2, 7.65837144103781053417e+00) (3, -1.89990732984689325580e-01) (4, 2.54666817666290734579e+00) (5, 5.18829924504654727002e+00) (6, -2.99487965114214216289e-01) (7, 2.59354933390053554731e-01) (8, -3.43047889292301455555e+00) (9, -1.13337347625261717354e+01) (10, 5.49555929450598412700e+00) (11, 1.56006680767949692523e+01) (12, -2.64811498856486382536e+00) 
