FANN_FLO_2.1
num_layers=3
learning_rate=0.700000
connection_rate=1.000000
network_type=0
learning_momentum=0.000000
training_algorithm=2
train_error_function=1
train_stop_function=1
cascade_output_change_fraction=0.010000
quickprop_decay=-0.000100
quickprop_mu=1.750000
rprop_increase_factor=1.200000
rprop_decrease_factor=0.500000
rprop_delta_min=0.000000
rprop_delta_max=50.000000
rprop_delta_zero=0.100000
cascade_output_stagnation_epochs=12
cascade_candidate_change_fraction=0.010000
cascade_candidate_stagnation_epochs=12
cascade_max_out_epochs=150
cascade_min_out_epochs=50
cascade_max_cand_epochs=150
cascade_min_cand_epochs=50
cascade_num_candidate_groups=2
bit_fail_limit=1.00000000000000005551e-01
cascade_candidate_limit=1.00000000000000000000e+03
cascade_weight_multiplier=4.00000000000000022204e-01
cascade_activation_functions_count=10
cascade_activation_functions=3 5 7 8 10 11 14 15 16 17 
cascade_activation_steepnesses_count=4
cascade_activation_steepnesses=2.50000000000000000000e-01 5.00000000000000000000e-01 7.50000000000000000000e-01 1.00000000000000000000e+00 
layer_sizes=11 4 2 
scale_included=0
neurons (num_inputs, activation_function, activation_steepness)=(0, 0, 0.00000000000000000000e+00) (0, 0, 0.00000000000000000000e+00) (0, 0, 0.00000000000000000000e+00) (0, 0, 0.00000000000000000000e+00) (0, 0, 0.00000000000000000000e+00) (0, 0, 0.00000000000000000000e+00) (0, 0, 0.00000000000000000000e+00) (0, 0, 0.00000000000000000000e+00) (0, 0, 0.00000000000000000000e+00) (0, 0, 0.00000000000000000000e+00) (0, 0, 0.00000000000000000000e+00) (11, 6, 5.00000000000000000000e-01) (11, 6, 5.00000000000000000000e-01) (11, 6, 5.00000000000000000000e-01) (0, 6, 0.00000000000000000000e+00) (4, 4, 5.00000000000000000000e-01) (0, 4, 0.00000000000000000000e+00) 
connections (connected_to_neuron, weight)=(0, -1.64066981571905436965e+01) (1, -1.75362438449963853326e-02) (2, -3.23665330281122376466e-01) (3, 1.15948795303780594068e+00) (4, -3.37571528708927384721e-03) (5, 8.69555619313794281311e+00) (6, 3.50255489411346676576e+00) (7, 3.98589104743712763224e+00) (8, 5.79256566042213894008e+00) (9, 1.78470300777539456760e+01) (10, 2.28858907005610978658e+00) (0, 8.67676494665757913616e-01) (1, 2.50735928818487829872e+00) (2, 2.82032637899695393102e+00) (3, -1.84646234797544761541e+00) (4, 1.90587877881172018668e+00) (5, 4.15794075900228232712e+00) (6, 2.47758746097889748228e+00) (7, 1.47438378325894059451e+00) (8, 2.42769496248969884888e+00) (9, 6.80038158183979613014e-01) (10, -3.54070965369718493321e+00) (0, -4.96074046051197203866e+00) (1, 1.96095100616703515994e-01) (2, -1.03535618199259382699e-01) (3, 1.00663747359392499736e-01) (4, 6.81075768861409636123e-01) (5, 3.45292539690476640857e+00) (6, 8.72515910442072217812e-01) (7, 2.85380851126765200387e-01) (8, -1.74360906451981878540e+00) (9, -3.66660746172232521189e+00) (10, 1.05039930411165705060e+00) (11, -9.57168304298117433859e+00) (12, 9.94790097700186208840e+01) (13, -7.61223373181730664783e+01) (14, -3.34140472421744494369e+00) 
