FANN_FLO_2.1
num_layers=3
learning_rate=0.700000
connection_rate=1.000000
network_type=0
learning_momentum=0.000000
training_algorithm=2
train_error_function=1
train_stop_function=1
cascade_output_change_fraction=0.010000
quickprop_decay=-0.000100
quickprop_mu=1.750000
rprop_increase_factor=1.200000
rprop_decrease_factor=0.500000
rprop_delta_min=0.000000
rprop_delta_max=50.000000
rprop_delta_zero=0.100000
cascade_output_stagnation_epochs=12
cascade_candidate_change_fraction=0.010000
cascade_candidate_stagnation_epochs=12
cascade_max_out_epochs=150
cascade_min_out_epochs=50
cascade_max_cand_epochs=150
cascade_min_cand_epochs=50
cascade_num_candidate_groups=2
bit_fail_limit=1.00000000000000005551e-01
cascade_candidate_limit=1.00000000000000000000e+03
cascade_weight_multiplier=4.00000000000000022204e-01
cascade_activation_functions_count=10
cascade_activation_functions=3 5 7 8 10 11 14 15 16 17 
cascade_activation_steepnesses_count=4
cascade_activation_steepnesses=2.50000000000000000000e-01 5.00000000000000000000e-01 7.50000000000000000000e-01 1.00000000000000000000e+00 
layer_sizes=18 4 2 
scale_included=0
neurons (num_inputs, activation_function, activation_steepness)=(0, 0, 0.00000000000000000000e+00) (0, 0, 0.00000000000000000000e+00) (0, 0, 0.00000000000000000000e+00) (0, 0, 0.00000000000000000000e+00) (0, 0, 0.00000000000000000000e+00) (0, 0, 0.00000000000000000000e+00) (0, 0, 0.00000000000000000000e+00) (0, 0, 0.00000000000000000000e+00) (0, 0, 0.00000000000000000000e+00) (0, 0, 0.00000000000000000000e+00) (0, 0, 0.00000000000000000000e+00) (0, 0, 0.00000000000000000000e+00) (0, 0, 0.00000000000000000000e+00) (0, 0, 0.00000000000000000000e+00) (0, 0, 0.00000000000000000000e+00) (0, 0, 0.00000000000000000000e+00) (0, 0, 0.00000000000000000000e+00) (0, 0, 0.00000000000000000000e+00) (18, 6, 5.00000000000000000000e-01) (18, 6, 5.00000000000000000000e-01) (18, 6, 5.00000000000000000000e-01) (0, 6, 0.00000000000000000000e+00) (4, 4, 5.00000000000000000000e-01) (0, 4, 0.00000000000000000000e+00) 
connections (connected_to_neuron, weight)=(0, 1.46539827821644808026e+00) (1, 8.44155934113531292162e-02) (2, -1.31036868481175483581e+00) (3, -1.01893435313100533257e+00) (4, -2.04370178347704412047e+00) (5, -2.59485661476729134733e+00) (6, -1.80067386213522206972e+00) (7, 8.86127971512570056234e-01) (8, 2.45748695925442817156e+00) (9, 3.14070140103981954027e+00) (10, 1.37611440972219445378e+00) (11, 3.54293094072122460858e+00) (12, -2.15286451727507577303e+00) (13, -2.97688747472420356388e+00) (14, -1.90901486268517950329e+00) (15, -2.74705448223917603201e+00) (16, 2.47025601760117652361e+00) (17, 1.06931908397779440456e+00) (0, 1.40874373553189302655e+00) (1, -5.14237869125338808995e-02) (2, -1.10396359319797943144e+00) (3, -2.13947747036712732083e+00) (4, -2.02885643085715772216e+00) (5, -2.56530913203833321745e+00) (6, -1.81507461253385793398e+00) (7, 8.29555765194191052636e-01) (8, 2.45903408721654059832e+00) (9, 2.41082853022925824860e+00) (10, 2.01951641271298498737e+00) (11, 2.71184956525210019151e+00) (12, -2.30293494612334281868e+00) (13, -2.97769545293703696842e+00) (14, -2.00899559697387219970e+00) (15, -2.75445789693563103384e+00) (16, 2.43136726514069678728e+00) (17, 1.06651541559801077419e+00) (0, -2.17808388566826893751e+00) (1, 5.78760800829839627824e+00) (2, 1.07378032001649224014e+01) (3, -4.26663577700755425326e+00) (4, -4.33355151570989249876e-01) (5, 2.31677692942811402910e-01) (6, 1.35716774732305740514e+01) (7, -5.75374236475648181965e+00) (8, 1.08935646437085220661e+00) (9, 1.64203711085272385795e+00) (10, -2.96504079952321975000e-01) (11, 1.64803197790798194866e+00) (12, -3.14069205045947652533e-01) (13, -2.36870153350792506108e-01) (14, -3.12628722644998136015e-01) (15, 3.15558131542150455129e-01) (16, 1.23203595079458283479e+00) (17, -2.54197944785696527958e+00) (18, -3.36911678623587418357e+00) (19, -4.23507698719024983092e+00) (20, 6.66088060332144937803e+00) (21, -3.94027144579208732367e+00) 
