FANN_FLO_2.1
num_layers=3
learning_rate=0.700000
connection_rate=1.000000
network_type=0
learning_momentum=0.000000
training_algorithm=2
train_error_function=1
train_stop_function=1
cascade_output_change_fraction=0.010000
quickprop_decay=-0.000100
quickprop_mu=1.750000
rprop_increase_factor=1.200000
rprop_decrease_factor=0.500000
rprop_delta_min=0.000000
rprop_delta_max=50.000000
rprop_delta_zero=0.100000
cascade_output_stagnation_epochs=12
cascade_candidate_change_fraction=0.010000
cascade_candidate_stagnation_epochs=12
cascade_max_out_epochs=150
cascade_min_out_epochs=50
cascade_max_cand_epochs=150
cascade_min_cand_epochs=50
cascade_num_candidate_groups=2
bit_fail_limit=1.00000000000000005551e-01
cascade_candidate_limit=1.00000000000000000000e+03
cascade_weight_multiplier=4.00000000000000022204e-01
cascade_activation_functions_count=10
cascade_activation_functions=3 5 7 8 10 11 14 15 16 17 
cascade_activation_steepnesses_count=4
cascade_activation_steepnesses=2.50000000000000000000e-01 5.00000000000000000000e-01 7.50000000000000000000e-01 1.00000000000000000000e+00 
layer_sizes=12 4 2 
scale_included=0
neurons (num_inputs, activation_function, activation_steepness)=(0, 0, 0.00000000000000000000e+00) (0, 0, 0.00000000000000000000e+00) (0, 0, 0.00000000000000000000e+00) (0, 0, 0.00000000000000000000e+00) (0, 0, 0.00000000000000000000e+00) (0, 0, 0.00000000000000000000e+00) (0, 0, 0.00000000000000000000e+00) (0, 0, 0.00000000000000000000e+00) (0, 0, 0.00000000000000000000e+00) (0, 0, 0.00000000000000000000e+00) (0, 0, 0.00000000000000000000e+00) (0, 0, 0.00000000000000000000e+00) (12, 6, 5.00000000000000000000e-01) (12, 6, 5.00000000000000000000e-01) (12, 6, 5.00000000000000000000e-01) (0, 6, 0.00000000000000000000e+00) (4, 4, 5.00000000000000000000e-01) (0, 4, 0.00000000000000000000e+00) 
connections (connected_to_neuron, weight)=(0, -2.50427895896845909007e+00) (1, 1.20671539666105243072e+00) (2, 1.20370694960853216737e-01) (3, 1.49516996731059470527e+00) (4, 1.05284850889452968881e-01) (5, -1.90107903893808827256e-01) (6, 1.20499904752631348259e+00) (7, -4.78728357953713434814e-01) (8, -1.88567912414164456925e-01) (9, 6.01833225632098858804e-02) (10, -1.12681555221662787168e-03) (11, -7.13919893985481501808e-01) (0, -2.42007830478960128673e+00) (1, 1.09385434450555774077e+00) (2, 7.96070541919985608104e-01) (3, 1.60792794068353095405e+00) (4, 4.07124346435156145296e-02) (5, 3.00931880227764958491e-01) (6, 1.15889139027257126457e+00) (7, -5.24886224670098266998e-01) (8, -4.85149586904453644642e-01) (9, 1.21686102480623226096e-01) (10, 1.13856247019476330973e-01) (11, -1.33051230349303817313e+00) (0, -2.40946784355455490001e+00) (1, 1.19902417721200915679e+00) (2, 7.72418759496727780345e-01) (3, 1.55003673573033728950e+00) (4, 2.40027716696348362990e-02) (5, 1.79364526621540953943e-01) (6, 1.20424510837454956658e+00) (7, -5.18340442580864868560e-01) (8, -2.02903954520316037735e-01) (9, 7.81659573623866843484e-02) (10, 3.44795941826767579630e-02) (11, -1.26577181704999541800e+00) (12, 6.62061879892013571691e+00) (13, 2.97439637138562602559e+01) (14, 9.74299545102008579534e+00) (15, -2.77095448308530833970e+00) 
