FANN_FLO_2.1
num_layers=3
learning_rate=0.700000
connection_rate=1.000000
network_type=0
learning_momentum=0.000000
training_algorithm=2
train_error_function=1
train_stop_function=1
cascade_output_change_fraction=0.010000
quickprop_decay=-0.000100
quickprop_mu=1.750000
rprop_increase_factor=1.200000
rprop_decrease_factor=0.500000
rprop_delta_min=0.000000
rprop_delta_max=50.000000
rprop_delta_zero=0.100000
cascade_output_stagnation_epochs=12
cascade_candidate_change_fraction=0.010000
cascade_candidate_stagnation_epochs=12
cascade_max_out_epochs=150
cascade_min_out_epochs=50
cascade_max_cand_epochs=150
cascade_min_cand_epochs=50
cascade_num_candidate_groups=2
bit_fail_limit=1.00000000000000005551e-01
cascade_candidate_limit=1.00000000000000000000e+03
cascade_weight_multiplier=4.00000000000000022204e-01
cascade_activation_functions_count=10
cascade_activation_functions=3 5 7 8 10 11 14 15 16 17 
cascade_activation_steepnesses_count=4
cascade_activation_steepnesses=2.50000000000000000000e-01 5.00000000000000000000e-01 7.50000000000000000000e-01 1.00000000000000000000e+00 
layer_sizes=12 4 2 
scale_included=0
neurons (num_inputs, activation_function, activation_steepness)=(0, 0, 0.00000000000000000000e+00) (0, 0, 0.00000000000000000000e+00) (0, 0, 0.00000000000000000000e+00) (0, 0, 0.00000000000000000000e+00) (0, 0, 0.00000000000000000000e+00) (0, 0, 0.00000000000000000000e+00) (0, 0, 0.00000000000000000000e+00) (0, 0, 0.00000000000000000000e+00) (0, 0, 0.00000000000000000000e+00) (0, 0, 0.00000000000000000000e+00) (0, 0, 0.00000000000000000000e+00) (0, 0, 0.00000000000000000000e+00) (12, 6, 5.00000000000000000000e-01) (12, 6, 5.00000000000000000000e-01) (12, 6, 5.00000000000000000000e-01) (0, 6, 0.00000000000000000000e+00) (4, 4, 5.00000000000000000000e-01) (0, 4, 0.00000000000000000000e+00) 
connections (connected_to_neuron, weight)=(0, -1.32369676321795504137e+00) (1, 1.48545092068223416604e+00) (2, 7.38335121607845312752e-01) (3, 4.12823737663329637382e-01) (4, 1.02312073727684871294e+00) (5, 7.22578216760069835800e-01) (6, 1.27387338553006412845e+00) (7, -7.31768561017255986245e-02) (8, -6.60720959294923471106e-01) (9, 1.04877474775153056719e+00) (10, 4.39033463413562363709e-01) (11, -1.33120889663978259065e+00) (0, -3.91839689393390921968e-01) (1, 7.67971533407287854089e-01) (2, 6.60266218616707867284e-01) (3, 1.79297857449169206756e-01) (4, 5.29006283606841098965e-01) (5, 4.91054682273433629192e-01) (6, 8.36203411189838430317e-01) (7, 9.68414580128239693702e-02) (8, 2.00214457721273712820e-02) (9, 5.83381790544345024685e-01) (10, -1.31825784173796700660e-01) (11, -5.57330465451804646371e-01) (0, -1.26873916849544565721e+00) (1, 1.38674603881143942985e+00) (2, 8.37969679570262915291e-01) (3, 5.53326101106704104637e-01) (4, 9.79308238826569477098e-01) (5, 1.09689514210062877275e+00) (6, 1.21913207743699270047e+00) (7, 4.56456912058947228417e-01) (8, -5.94133608032354043615e-01) (9, 9.22738759420689502733e-01) (10, 3.48290063257064408386e-01) (11, -1.39564358517809550264e+00) (12, 1.31156833144268691882e+01) (13, 1.06336912408861472557e+00) (14, 1.31682282509646118029e+01) (15, -2.35335705263775674112e+00) 
