FANN_FLO_2.1
num_layers=3
learning_rate=0.700000
connection_rate=1.000000
network_type=0
learning_momentum=0.000000
training_algorithm=2
train_error_function=1
train_stop_function=1
cascade_output_change_fraction=0.010000
quickprop_decay=-0.000100
quickprop_mu=1.750000
rprop_increase_factor=1.200000
rprop_decrease_factor=0.500000
rprop_delta_min=0.000000
rprop_delta_max=50.000000
rprop_delta_zero=0.100000
cascade_output_stagnation_epochs=12
cascade_candidate_change_fraction=0.010000
cascade_candidate_stagnation_epochs=12
cascade_max_out_epochs=150
cascade_min_out_epochs=50
cascade_max_cand_epochs=150
cascade_min_cand_epochs=50
cascade_num_candidate_groups=2
bit_fail_limit=1.00000000000000005551e-01
cascade_candidate_limit=1.00000000000000000000e+03
cascade_weight_multiplier=4.00000000000000022204e-01
cascade_activation_functions_count=10
cascade_activation_functions=3 5 7 8 10 11 14 15 16 17 
cascade_activation_steepnesses_count=4
cascade_activation_steepnesses=2.50000000000000000000e-01 5.00000000000000000000e-01 7.50000000000000000000e-01 1.00000000000000000000e+00 
layer_sizes=10 4 2 
scale_included=0
neurons (num_inputs, activation_function, activation_steepness)=(0, 0, 0.00000000000000000000e+00) (0, 0, 0.00000000000000000000e+00) (0, 0, 0.00000000000000000000e+00) (0, 0, 0.00000000000000000000e+00) (0, 0, 0.00000000000000000000e+00) (0, 0, 0.00000000000000000000e+00) (0, 0, 0.00000000000000000000e+00) (0, 0, 0.00000000000000000000e+00) (0, 0, 0.00000000000000000000e+00) (0, 0, 0.00000000000000000000e+00) (10, 6, 5.00000000000000000000e-01) (10, 6, 5.00000000000000000000e-01) (10, 6, 5.00000000000000000000e-01) (0, 6, 0.00000000000000000000e+00) (4, 4, 5.00000000000000000000e-01) (0, 4, 0.00000000000000000000e+00) 
connections (connected_to_neuron, weight)=(0, 4.83235342636319664678e+00) (1, -4.33564815424227134599e+00) (2, -2.49074138387997434663e+00) (3, -1.54212879012172843218e+00) (4, 3.81448368563441428392e-02) (5, -1.22816110215888096846e+00) (6, -1.25006913207278325117e+00) (7, 3.14096840850135672341e+00) (8, 3.28198102438176286810e+00) (9, 4.78808037027331945268e+00) (0, -3.30323232821650281110e+00) (1, 1.13671740353094841147e+00) (2, 7.97031268369384093830e-01) (3, 6.15032539271540557024e-01) (4, 4.04693471931639126016e-01) (5, 3.38749634765806495462e-01) (6, 2.08600925945463505640e-01) (7, -9.42563871244310735875e-01) (8, -5.57510949376320508186e-01) (9, -5.35638435019081260435e-01) (0, -2.88233926512634441863e+00) (1, 2.13777244659083676126e+00) (2, 1.71442160561296530474e+00) (3, 1.33629927462789277470e+00) (4, 7.10242792109107790033e-01) (5, 5.37469110528087434808e-01) (6, 6.10354802647685823480e-01) (7, -2.25545418050996371306e+00) (8, -1.78819036179618739979e+00) (9, -2.35527402023366372319e+00) (10, -2.09041013499526906472e+00) (11, 1.26011486797430638518e+00) (12, 1.02321458546905077469e+01) (13, -1.52973662393426201866e+00) 
