FANN_FLO_2.1
num_layers=3
learning_rate=0.700000
connection_rate=1.000000
network_type=0
learning_momentum=0.000000
training_algorithm=2
train_error_function=1
train_stop_function=1
cascade_output_change_fraction=0.010000
quickprop_decay=-0.000100
quickprop_mu=1.750000
rprop_increase_factor=1.200000
rprop_decrease_factor=0.500000
rprop_delta_min=0.000000
rprop_delta_max=50.000000
rprop_delta_zero=0.100000
cascade_output_stagnation_epochs=12
cascade_candidate_change_fraction=0.010000
cascade_candidate_stagnation_epochs=12
cascade_max_out_epochs=150
cascade_min_out_epochs=50
cascade_max_cand_epochs=150
cascade_min_cand_epochs=50
cascade_num_candidate_groups=2
bit_fail_limit=1.00000000000000005551e-01
cascade_candidate_limit=1.00000000000000000000e+03
cascade_weight_multiplier=4.00000000000000022204e-01
cascade_activation_functions_count=10
cascade_activation_functions=3 5 7 8 10 11 14 15 16 17 
cascade_activation_steepnesses_count=4
cascade_activation_steepnesses=2.50000000000000000000e-01 5.00000000000000000000e-01 7.50000000000000000000e-01 1.00000000000000000000e+00 
layer_sizes=7 4 2 
scale_included=0
neurons (num_inputs, activation_function, activation_steepness)=(0, 0, 0.00000000000000000000e+00) (0, 0, 0.00000000000000000000e+00) (0, 0, 0.00000000000000000000e+00) (0, 0, 0.00000000000000000000e+00) (0, 0, 0.00000000000000000000e+00) (0, 0, 0.00000000000000000000e+00) (0, 0, 0.00000000000000000000e+00) (7, 6, 5.00000000000000000000e-01) (7, 6, 5.00000000000000000000e-01) (7, 6, 5.00000000000000000000e-01) (0, 6, 0.00000000000000000000e+00) (4, 4, 5.00000000000000000000e-01) (0, 4, 0.00000000000000000000e+00) 
connections (connected_to_neuron, weight)=(0, -1.43372785324816565122e+00) (1, 1.95514354729609629580e+00) (2, 6.75209404808678970156e-01) (3, 2.49786541238985515534e+00) (4, -2.31378712344044140670e-01) (5, 2.02988899304514447408e+00) (6, -2.06136300343445721950e+00) (0, -1.36065750593905354648e+00) (1, 1.92018254721121928164e+00) (2, 6.45558180195489494935e-01) (3, 2.47781334817967868744e+00) (4, -3.74738649117821065460e-01) (5, 2.10829576655273953634e+00) (6, -2.00640218633583966579e+00) (0, 5.34117268615047824376e-01) (1, -4.76107559573942906717e-01) (2, 4.03469685574672515954e-03) (3, -1.30349615537650009855e+00) (4, 2.12980655861887496760e-01) (5, 3.07619352852538274767e-01) (6, 5.17606774561684246372e-01) (7, 2.53588556906603699304e+01) (8, 1.54892417287780972401e+01) (9, -1.13034976407422327327e+00) (10, -2.26008147091711375509e+00) 
