FANN_FLO_2.1
num_layers=3
learning_rate=0.700000
connection_rate=1.000000
network_type=0
learning_momentum=0.000000
training_algorithm=2
train_error_function=1
train_stop_function=1
cascade_output_change_fraction=0.010000
quickprop_decay=-0.000100
quickprop_mu=1.750000
rprop_increase_factor=1.200000
rprop_decrease_factor=0.500000
rprop_delta_min=0.000000
rprop_delta_max=50.000000
rprop_delta_zero=0.100000
cascade_output_stagnation_epochs=12
cascade_candidate_change_fraction=0.010000
cascade_candidate_stagnation_epochs=12
cascade_max_out_epochs=150
cascade_min_out_epochs=50
cascade_max_cand_epochs=150
cascade_min_cand_epochs=50
cascade_num_candidate_groups=2
bit_fail_limit=1.00000000000000005551e-01
cascade_candidate_limit=1.00000000000000000000e+03
cascade_weight_multiplier=4.00000000000000022204e-01
cascade_activation_functions_count=10
cascade_activation_functions=3 5 7 8 10 11 14 15 16 17 
cascade_activation_steepnesses_count=4
cascade_activation_steepnesses=2.50000000000000000000e-01 5.00000000000000000000e-01 7.50000000000000000000e-01 1.00000000000000000000e+00 
layer_sizes=7 4 2 
scale_included=0
neurons (num_inputs, activation_function, activation_steepness)=(0, 0, 0.00000000000000000000e+00) (0, 0, 0.00000000000000000000e+00) (0, 0, 0.00000000000000000000e+00) (0, 0, 0.00000000000000000000e+00) (0, 0, 0.00000000000000000000e+00) (0, 0, 0.00000000000000000000e+00) (0, 0, 0.00000000000000000000e+00) (7, 6, 5.00000000000000000000e-01) (7, 6, 5.00000000000000000000e-01) (7, 6, 5.00000000000000000000e-01) (0, 6, 0.00000000000000000000e+00) (4, 4, 5.00000000000000000000e-01) (0, 4, 0.00000000000000000000e+00) 
connections (connected_to_neuron, weight)=(0, 5.08652943004808655303e+00) (1, -5.83417941867482170437e+00) (2, -2.60499697852491740591e+00) (3, -3.16474601513050313173e+00) (4, -2.14107184640286929422e+00) (5, -1.73717501873399760015e+00) (6, 5.23118739207229843657e+00) (0, -1.68895197426894805304e+00) (1, 1.85094053887245291179e+00) (2, 8.69010365105876814162e-01) (3, 6.18791381452704403188e-01) (4, 1.41063650544502872108e-01) (5, -5.43534024487588862673e-02) (6, -5.37727926880545270549e-01) (0, -4.62300937581175208635e+00) (1, 8.55787207761355084301e-01) (2, 4.80890106194260980033e+00) (3, 7.07619985378606264348e-01) (4, 5.62375066483642660486e-01) (5, 1.12296601138060461733e-01) (6, -4.18030688738413647165e-01) (7, -4.09114065458779929685e+00) (8, 3.34156442961022870364e+00) (9, 1.40859529000430927503e+00) (10, -1.85485176481409652638e+00) 
