FANN_FLO_2.1
num_layers=3
learning_rate=0.700000
connection_rate=1.000000
network_type=0
learning_momentum=0.000000
training_algorithm=2
train_error_function=1
train_stop_function=1
cascade_output_change_fraction=0.010000
quickprop_decay=-0.000100
quickprop_mu=1.750000
rprop_increase_factor=1.200000
rprop_decrease_factor=0.500000
rprop_delta_min=0.000000
rprop_delta_max=50.000000
rprop_delta_zero=0.100000
cascade_output_stagnation_epochs=12
cascade_candidate_change_fraction=0.010000
cascade_candidate_stagnation_epochs=12
cascade_max_out_epochs=150
cascade_min_out_epochs=50
cascade_max_cand_epochs=150
cascade_min_cand_epochs=50
cascade_num_candidate_groups=2
bit_fail_limit=1.00000000000000005551e-01
cascade_candidate_limit=1.00000000000000000000e+03
cascade_weight_multiplier=4.00000000000000022204e-01
cascade_activation_functions_count=10
cascade_activation_functions=3 5 7 8 10 11 14 15 16 17 
cascade_activation_steepnesses_count=4
cascade_activation_steepnesses=2.50000000000000000000e-01 5.00000000000000000000e-01 7.50000000000000000000e-01 1.00000000000000000000e+00 
layer_sizes=6 4 2 
scale_included=0
neurons (num_inputs, activation_function, activation_steepness)=(0, 0, 0.00000000000000000000e+00) (0, 0, 0.00000000000000000000e+00) (0, 0, 0.00000000000000000000e+00) (0, 0, 0.00000000000000000000e+00) (0, 0, 0.00000000000000000000e+00) (0, 0, 0.00000000000000000000e+00) (6, 6, 5.00000000000000000000e-01) (6, 6, 5.00000000000000000000e-01) (6, 6, 5.00000000000000000000e-01) (0, 6, 0.00000000000000000000e+00) (4, 4, 5.00000000000000000000e-01) (0, 4, 0.00000000000000000000e+00) 
connections (connected_to_neuron, weight)=(0, -7.47911961333037123012e+00) (1, 4.19240251466105284806e+00) (2, 8.01344387122291723635e-01) (3, 1.54156315765622098368e+00) (4, 4.68092662007814830361e+00) (5, -3.85977843879593640608e+00) (0, 1.09342140390755004908e+00) (1, 5.80650029292550606819e-01) (2, -8.42953450715686058992e-01) (3, -4.73366749961237687216e+00) (4, -1.78727900374591652799e+00) (5, 5.51987040545243612399e-01) (0, 8.82079366992074298537e+00) (1, -8.68343331729080403214e-01) (2, 1.84320626628389272472e-01) (3, -3.00266020125766175397e+00) (4, -4.58378438923847053577e-01) (5, 6.11497808478618409822e+00) (6, 1.17137104390558057787e+01) (7, -3.51835725935420029487e+00) (8, -1.64704147292949509840e+00) (9, -1.58871449096776795606e+00) 
