FANN_FLO_2.1
num_layers=3
learning_rate=0.700000
connection_rate=1.000000
network_type=0
learning_momentum=0.000000
training_algorithm=2
train_error_function=1
train_stop_function=1
cascade_output_change_fraction=0.010000
quickprop_decay=-0.000100
quickprop_mu=1.750000
rprop_increase_factor=1.200000
rprop_decrease_factor=0.500000
rprop_delta_min=0.000000
rprop_delta_max=50.000000
rprop_delta_zero=0.100000
cascade_output_stagnation_epochs=12
cascade_candidate_change_fraction=0.010000
cascade_candidate_stagnation_epochs=12
cascade_max_out_epochs=150
cascade_min_out_epochs=50
cascade_max_cand_epochs=150
cascade_min_cand_epochs=50
cascade_num_candidate_groups=2
bit_fail_limit=1.00000000000000005551e-01
cascade_candidate_limit=1.00000000000000000000e+03
cascade_weight_multiplier=4.00000000000000022204e-01
cascade_activation_functions_count=10
cascade_activation_functions=3 5 7 8 10 11 14 15 16 17 
cascade_activation_steepnesses_count=4
cascade_activation_steepnesses=2.50000000000000000000e-01 5.00000000000000000000e-01 7.50000000000000000000e-01 1.00000000000000000000e+00 
layer_sizes=9 4 2 
scale_included=0
neurons (num_inputs, activation_function, activation_steepness)=(0, 0, 0.00000000000000000000e+00) (0, 0, 0.00000000000000000000e+00) (0, 0, 0.00000000000000000000e+00) (0, 0, 0.00000000000000000000e+00) (0, 0, 0.00000000000000000000e+00) (0, 0, 0.00000000000000000000e+00) (0, 0, 0.00000000000000000000e+00) (0, 0, 0.00000000000000000000e+00) (0, 0, 0.00000000000000000000e+00) (9, 6, 5.00000000000000000000e-01) (9, 6, 5.00000000000000000000e-01) (9, 6, 5.00000000000000000000e-01) (0, 6, 0.00000000000000000000e+00) (4, 4, 5.00000000000000000000e-01) (0, 4, 0.00000000000000000000e+00) 
connections (connected_to_neuron, weight)=(0, 4.66356901562084846802e+00) (1, -7.17915748407411946630e+00) (2, 2.95201125818223797381e+00) (3, 1.45748569078612666416e+00) (4, 1.08515120000460685290e+00) (5, 5.21654526059995293785e-01) (6, 4.06149929677615595391e-01) (7, 4.96128490721405968067e-01) (8, 5.40799227565045059762e-01) (0, 7.67619402261724559366e+00) (1, 7.02542563677773235220e-01) (2, -7.79463601899613411916e+00) (3, -1.94570890141238894699e+00) (4, -1.14984301500734992230e-01) (5, -2.21132612707389208939e-01) (6, -2.27460449526808661247e-01) (7, 7.65791555071438367897e-01) (8, 8.30256795907232003628e-01) (0, 9.06782986768132204247e+00) (1, 5.79954699609097734658e-01) (2, -1.37696258355880534197e+01) (3, -1.66253796655723640185e+00) (4, 4.53055211119315515145e-01) (5, 2.25419917786265910919e-01) (6, 2.82742491357483083370e-01) (7, 8.92583879475705610496e-01) (8, 1.72439621587509384071e+00) (9, -3.38476435699012512259e+00) (10, -1.52734238809790245917e+00) (11, -2.81613466982645110903e+00) (12, -3.99338482177957398989e+00) 
