FANN_FLO_2.1
num_layers=3
learning_rate=0.700000
connection_rate=1.000000
network_type=0
learning_momentum=0.000000
training_algorithm=2
train_error_function=1
train_stop_function=1
cascade_output_change_fraction=0.010000
quickprop_decay=-0.000100
quickprop_mu=1.750000
rprop_increase_factor=1.200000
rprop_decrease_factor=0.500000
rprop_delta_min=0.000000
rprop_delta_max=50.000000
rprop_delta_zero=0.100000
cascade_output_stagnation_epochs=12
cascade_candidate_change_fraction=0.010000
cascade_candidate_stagnation_epochs=12
cascade_max_out_epochs=150
cascade_min_out_epochs=50
cascade_max_cand_epochs=150
cascade_min_cand_epochs=50
cascade_num_candidate_groups=2
bit_fail_limit=1.00000000000000005551e-01
cascade_candidate_limit=1.00000000000000000000e+03
cascade_weight_multiplier=4.00000000000000022204e-01
cascade_activation_functions_count=10
cascade_activation_functions=3 5 7 8 10 11 14 15 16 17 
cascade_activation_steepnesses_count=4
cascade_activation_steepnesses=2.50000000000000000000e-01 5.00000000000000000000e-01 7.50000000000000000000e-01 1.00000000000000000000e+00 
layer_sizes=10 4 2 
scale_included=0
neurons (num_inputs, activation_function, activation_steepness)=(0, 0, 0.00000000000000000000e+00) (0, 0, 0.00000000000000000000e+00) (0, 0, 0.00000000000000000000e+00) (0, 0, 0.00000000000000000000e+00) (0, 0, 0.00000000000000000000e+00) (0, 0, 0.00000000000000000000e+00) (0, 0, 0.00000000000000000000e+00) (0, 0, 0.00000000000000000000e+00) (0, 0, 0.00000000000000000000e+00) (0, 0, 0.00000000000000000000e+00) (10, 6, 5.00000000000000000000e-01) (10, 6, 5.00000000000000000000e-01) (10, 6, 5.00000000000000000000e-01) (0, 6, 0.00000000000000000000e+00) (4, 4, 5.00000000000000000000e-01) (0, 4, 0.00000000000000000000e+00) 
connections (connected_to_neuron, weight)=(0, 1.78873921943920577426e+00) (1, -1.70601555509292990287e+00) (2, -1.01329411829702431547e+00) (3, -1.84044525236539713298e+00) (4, 1.20149801642820364123e+00) (5, 1.32019721315428761876e+00) (6, 1.15759528772160535937e+00) (7, 4.22471168368381611025e-01) (8, 2.00156095288333402138e+00) (9, 1.03616559596270940702e+00) (0, -2.37431582764079662784e-02) (1, 2.77682354081788929090e-01) (2, 4.05517347052247512096e-01) (3, 4.63262011766765124943e-01) (4, -4.36311866313560253738e-02) (5, 1.92221906810658149656e-02) (6, -6.94459497484463395001e-03) (7, 1.45336817408463520040e-01) (8, -4.00029607812669607547e-01) (9, -5.79193736049464918958e-02) (0, -4.09471297471539497081e+00) (1, 1.76550372398435739818e+00) (2, 1.10792093169142136233e+00) (3, 8.35741306978952658291e-01) (4, -4.17990992651643078482e-01) (5, -8.68950006688304577018e-01) (6, -9.16638159329362434136e-01) (7, -6.71936220338508610750e-02) (8, -1.81721781301009999154e+00) (9, -9.53655791605182212578e-01) (10, -4.42317941704619244092e+00) (11, 3.33547453087727374665e-01) (12, 1.03501148205953032999e+01) (13, -6.35252167323979044511e-01) 
