FANN_FLO_2.1
num_layers=3
learning_rate=0.700000
connection_rate=1.000000
network_type=0
learning_momentum=0.000000
training_algorithm=2
train_error_function=1
train_stop_function=1
cascade_output_change_fraction=0.010000
quickprop_decay=-0.000100
quickprop_mu=1.750000
rprop_increase_factor=1.200000
rprop_decrease_factor=0.500000
rprop_delta_min=0.000000
rprop_delta_max=50.000000
rprop_delta_zero=0.100000
cascade_output_stagnation_epochs=12
cascade_candidate_change_fraction=0.010000
cascade_candidate_stagnation_epochs=12
cascade_max_out_epochs=150
cascade_min_out_epochs=50
cascade_max_cand_epochs=150
cascade_min_cand_epochs=50
cascade_num_candidate_groups=2
bit_fail_limit=1.00000000000000005551e-01
cascade_candidate_limit=1.00000000000000000000e+03
cascade_weight_multiplier=4.00000000000000022204e-01
cascade_activation_functions_count=10
cascade_activation_functions=3 5 7 8 10 11 14 15 16 17 
cascade_activation_steepnesses_count=4
cascade_activation_steepnesses=2.50000000000000000000e-01 5.00000000000000000000e-01 7.50000000000000000000e-01 1.00000000000000000000e+00 
layer_sizes=9 4 2 
scale_included=0
neurons (num_inputs, activation_function, activation_steepness)=(0, 0, 0.00000000000000000000e+00) (0, 0, 0.00000000000000000000e+00) (0, 0, 0.00000000000000000000e+00) (0, 0, 0.00000000000000000000e+00) (0, 0, 0.00000000000000000000e+00) (0, 0, 0.00000000000000000000e+00) (0, 0, 0.00000000000000000000e+00) (0, 0, 0.00000000000000000000e+00) (0, 0, 0.00000000000000000000e+00) (9, 6, 5.00000000000000000000e-01) (9, 6, 5.00000000000000000000e-01) (9, 6, 5.00000000000000000000e-01) (0, 6, 0.00000000000000000000e+00) (4, 4, 5.00000000000000000000e-01) (0, 4, 0.00000000000000000000e+00) 
connections (connected_to_neuron, weight)=(0, 3.22379824230846523392e+00) (1, -1.38906536873491770478e+00) (2, -1.10777865456470459016e+00) (3, -7.85804924100718227287e-01) (4, 1.40767408094201718072e+00) (5, 1.38605216053379470820e-01) (6, 1.38222174017001830926e+00) (7, 1.97877065745247299189e-01) (8, 9.02587590629145286591e-01) (0, -3.21260219616379405494e+00) (1, 1.38802061815156041469e+00) (2, 1.22707595108818257046e+00) (3, 1.12059401214193488094e+00) (4, -4.35750256007636005418e-01) (5, -5.37787849729979505753e-01) (6, -1.35186126739696099719e+00) (7, 3.18316871329085981923e-01) (8, -5.34287425404513349747e-01) (0, 3.13871833393749355423e+00) (1, -1.35692594450028902742e+00) (2, -1.05134557293781250031e+00) (3, -8.11732981830916133781e-01) (4, 1.32177447459493313531e+00) (5, 1.64461941924942428583e-01) (6, 1.27376062838603698602e+00) (7, 1.34081484285248214716e-01) (8, 8.96886451059862754853e-01) (9, -7.18561888241990676107e+00) (10, 3.91870700299492558116e+00) (11, -7.18835123384221663656e+00) (12, -9.04410540188173683873e-01) 
