FANN_FLO_2.1
num_layers=3
learning_rate=0.700000
connection_rate=1.000000
network_type=0
learning_momentum=0.000000
training_algorithm=2
train_error_function=1
train_stop_function=1
cascade_output_change_fraction=0.010000
quickprop_decay=-0.000100
quickprop_mu=1.750000
rprop_increase_factor=1.200000
rprop_decrease_factor=0.500000
rprop_delta_min=0.000000
rprop_delta_max=50.000000
rprop_delta_zero=0.100000
cascade_output_stagnation_epochs=12
cascade_candidate_change_fraction=0.010000
cascade_candidate_stagnation_epochs=12
cascade_max_out_epochs=150
cascade_min_out_epochs=50
cascade_max_cand_epochs=150
cascade_min_cand_epochs=50
cascade_num_candidate_groups=2
bit_fail_limit=1.00000000000000005551e-01
cascade_candidate_limit=1.00000000000000000000e+03
cascade_weight_multiplier=4.00000000000000022204e-01
cascade_activation_functions_count=10
cascade_activation_functions=3 5 7 8 10 11 14 15 16 17 
cascade_activation_steepnesses_count=4
cascade_activation_steepnesses=2.50000000000000000000e-01 5.00000000000000000000e-01 7.50000000000000000000e-01 1.00000000000000000000e+00 
layer_sizes=6 4 2 
scale_included=0
neurons (num_inputs, activation_function, activation_steepness)=(0, 0, 0.00000000000000000000e+00) (0, 0, 0.00000000000000000000e+00) (0, 0, 0.00000000000000000000e+00) (0, 0, 0.00000000000000000000e+00) (0, 0, 0.00000000000000000000e+00) (0, 0, 0.00000000000000000000e+00) (6, 6, 5.00000000000000000000e-01) (6, 6, 5.00000000000000000000e-01) (6, 6, 5.00000000000000000000e-01) (0, 6, 0.00000000000000000000e+00) (4, 4, 5.00000000000000000000e-01) (0, 4, 0.00000000000000000000e+00) 
connections (connected_to_neuron, weight)=(0, 8.28951531881111480793e-01) (1, 1.77235058717841087450e+00) (2, 1.58568309496050940943e+00) (3, 1.05925487513822713659e+00) (4, 2.37603995205132356716e+00) (5, -1.28133520990981542020e+00) (0, -1.72903714005100073159e-01) (1, -1.30992004175950094158e+00) (2, -1.21126862954064740130e+00) (3, -1.28043793970807873173e+00) (4, -2.09982735803529507734e+00) (5, 1.68864788216912309338e+00) (0, -2.58634691361533886056e-01) (1, -1.24840287764836355144e+00) (2, -1.09140569682880772540e+00) (3, -1.26531396145089947147e+00) (4, -2.07201630016967541792e+00) (5, 1.68517807227932969738e+00) (6, 3.05789787607202434572e+00) (7, -1.42862824029219535049e+01) (8, -1.42109171650302794632e+01) (9, -1.12620789527206666136e+00) 
