FANN_FLO_2.1
num_layers=3
learning_rate=0.700000
connection_rate=1.000000
network_type=0
learning_momentum=0.000000
training_algorithm=2
train_error_function=1
train_stop_function=1
cascade_output_change_fraction=0.010000
quickprop_decay=-0.000100
quickprop_mu=1.750000
rprop_increase_factor=1.200000
rprop_decrease_factor=0.500000
rprop_delta_min=0.000000
rprop_delta_max=50.000000
rprop_delta_zero=0.100000
cascade_output_stagnation_epochs=12
cascade_candidate_change_fraction=0.010000
cascade_candidate_stagnation_epochs=12
cascade_max_out_epochs=150
cascade_min_out_epochs=50
cascade_max_cand_epochs=150
cascade_min_cand_epochs=50
cascade_num_candidate_groups=2
bit_fail_limit=1.00000000000000005551e-01
cascade_candidate_limit=1.00000000000000000000e+03
cascade_weight_multiplier=4.00000000000000022204e-01
cascade_activation_functions_count=10
cascade_activation_functions=3 5 7 8 10 11 14 15 16 17 
cascade_activation_steepnesses_count=4
cascade_activation_steepnesses=2.50000000000000000000e-01 5.00000000000000000000e-01 7.50000000000000000000e-01 1.00000000000000000000e+00 
layer_sizes=12 4 2 
scale_included=0
neurons (num_inputs, activation_function, activation_steepness)=(0, 0, 0.00000000000000000000e+00) (0, 0, 0.00000000000000000000e+00) (0, 0, 0.00000000000000000000e+00) (0, 0, 0.00000000000000000000e+00) (0, 0, 0.00000000000000000000e+00) (0, 0, 0.00000000000000000000e+00) (0, 0, 0.00000000000000000000e+00) (0, 0, 0.00000000000000000000e+00) (0, 0, 0.00000000000000000000e+00) (0, 0, 0.00000000000000000000e+00) (0, 0, 0.00000000000000000000e+00) (0, 0, 0.00000000000000000000e+00) (12, 6, 5.00000000000000000000e-01) (12, 6, 5.00000000000000000000e-01) (12, 6, 5.00000000000000000000e-01) (0, 6, 0.00000000000000000000e+00) (4, 4, 5.00000000000000000000e-01) (0, 4, 0.00000000000000000000e+00) 
connections (connected_to_neuron, weight)=(0, -2.63293029817279622407e+00) (1, 1.50158219245788782104e+00) (2, 1.03964831680429670158e+00) (3, 1.10093584596573729195e-01) (4, -2.13125216804090661382e-01) (5, -3.49464675974290983618e-01) (6, 1.84290454249236845818e-01) (7, 1.75093352104659683022e+00) (8, -5.72591303210890356645e-02) (9, 1.19535897530939783096e+00) (10, 5.72234892975438946827e-01) (11, -1.20254364654908130206e+00) (0, -2.19617685651307958938e-01) (1, 5.35493568622012694469e-01) (2, 1.59180967966688524662e+00) (3, 2.95199351892761530092e-01) (4, 2.24203399785519341680e-01) (5, 4.36944774208044423025e-02) (6, 3.60230315255564148558e-01) (7, 3.56458953680325374425e-01) (8, 7.64401289007670542430e-02) (9, 1.53980138468172933486e+00) (10, 5.34567316630188638094e-01) (11, -1.65898366248136419632e-01) (0, -2.59162953945335194916e+00) (1, 1.51324673203346460326e+00) (2, 1.15926884115112538431e+00) (3, 8.72671663159721999747e-02) (4, -9.88242803435957495317e-02) (5, -4.82333852540892005223e-01) (6, -2.19498545636228684086e-02) (7, 1.69000588785048133644e+00) (8, -2.24336075625959557867e-01) (9, 1.05304594941761742177e+00) (10, 5.07387974988569134815e-01) (11, -8.52221502506047556835e-01) (12, 2.88283972208622678579e+01) (13, 5.76935301621084195567e-01) (14, 8.04463279080164817003e+00) (15, -1.81813845394555917423e+00) 
