FANN_FLO_2.1
num_layers=3
learning_rate=0.700000
connection_rate=1.000000
network_type=0
learning_momentum=0.000000
training_algorithm=2
train_error_function=1
train_stop_function=1
cascade_output_change_fraction=0.010000
quickprop_decay=-0.000100
quickprop_mu=1.750000
rprop_increase_factor=1.200000
rprop_decrease_factor=0.500000
rprop_delta_min=0.000000
rprop_delta_max=50.000000
rprop_delta_zero=0.100000
cascade_output_stagnation_epochs=12
cascade_candidate_change_fraction=0.010000
cascade_candidate_stagnation_epochs=12
cascade_max_out_epochs=150
cascade_min_out_epochs=50
cascade_max_cand_epochs=150
cascade_min_cand_epochs=50
cascade_num_candidate_groups=2
bit_fail_limit=1.00000000000000005551e-01
cascade_candidate_limit=1.00000000000000000000e+03
cascade_weight_multiplier=4.00000000000000022204e-01
cascade_activation_functions_count=10
cascade_activation_functions=3 5 7 8 10 11 14 15 16 17 
cascade_activation_steepnesses_count=4
cascade_activation_steepnesses=2.50000000000000000000e-01 5.00000000000000000000e-01 7.50000000000000000000e-01 1.00000000000000000000e+00 
layer_sizes=13 4 2 
scale_included=0
neurons (num_inputs, activation_function, activation_steepness)=(0, 0, 0.00000000000000000000e+00) (0, 0, 0.00000000000000000000e+00) (0, 0, 0.00000000000000000000e+00) (0, 0, 0.00000000000000000000e+00) (0, 0, 0.00000000000000000000e+00) (0, 0, 0.00000000000000000000e+00) (0, 0, 0.00000000000000000000e+00) (0, 0, 0.00000000000000000000e+00) (0, 0, 0.00000000000000000000e+00) (0, 0, 0.00000000000000000000e+00) (0, 0, 0.00000000000000000000e+00) (0, 0, 0.00000000000000000000e+00) (0, 0, 0.00000000000000000000e+00) (13, 6, 5.00000000000000000000e-01) (13, 6, 5.00000000000000000000e-01) (13, 6, 5.00000000000000000000e-01) (0, 6, 0.00000000000000000000e+00) (4, 4, 5.00000000000000000000e-01) (0, 4, 0.00000000000000000000e+00) 
connections (connected_to_neuron, weight)=(0, 1.85621693459446612806e+00) (1, 1.16569182861048670219e+00) (2, 1.54688566918739489608e+00) (3, 2.30847459516102748722e+00) (4, -3.05002209132968582495e+00) (5, 7.80393415360221109900e-01) (6, -2.52248617883297621134e+00) (7, -1.33747880607410829512e+00) (8, -3.55009025117430931928e+00) (9, 3.55725974156763680156e+00) (10, -1.03893309431387415032e+00) (11, -3.22328365323080268112e+00) (12, 1.87551928636179021659e+00) (0, -2.23659878075330365022e+00) (1, 2.64218103560379891093e+00) (2, 8.04042644991114663355e-01) (3, 4.46801950433348915581e-01) (4, 2.34938697240613736383e+00) (5, -1.95705470208141579791e-01) (6, 3.26976269918205986187e+00) (7, 2.32833612587176075337e+00) (8, 2.71306129452124789037e-01) (9, -3.12364046057143696089e+00) (10, 1.12913055598952927205e+00) (11, 2.11647268789789722021e+00) (12, -2.27048486322372067292e+00) (0, -1.86184313764723041729e+00) (1, 2.65498552146128563578e+00) (2, 9.65490438236430326135e-01) (3, 1.17348354535481314009e+00) (4, 2.46625828459313423124e+00) (5, -2.83846747640583374483e-01) (6, 2.21907066391756879753e+00) (7, 2.24427970375738849995e+00) (8, 2.08767632302180511372e-01) (9, -3.11190546085515507002e+00) (10, 1.02433656037070952571e+00) (11, 2.05128556895039215746e+00) (12, -2.30358730852811444123e+00) (13, -4.31915563459192419771e+00) (14, 7.08148756203287543798e+00) (15, 6.04662876422246231556e+00) (16, -1.51475994364856658692e+00) 
