FANN_FLO_2.1
num_layers=3
learning_rate=0.700000
connection_rate=1.000000
network_type=0
learning_momentum=0.000000
training_algorithm=2
train_error_function=1
train_stop_function=1
cascade_output_change_fraction=0.010000
quickprop_decay=-0.000100
quickprop_mu=1.750000
rprop_increase_factor=1.200000
rprop_decrease_factor=0.500000
rprop_delta_min=0.000000
rprop_delta_max=50.000000
rprop_delta_zero=0.100000
cascade_output_stagnation_epochs=12
cascade_candidate_change_fraction=0.010000
cascade_candidate_stagnation_epochs=12
cascade_max_out_epochs=150
cascade_min_out_epochs=50
cascade_max_cand_epochs=150
cascade_min_cand_epochs=50
cascade_num_candidate_groups=2
bit_fail_limit=1.00000000000000005551e-01
cascade_candidate_limit=1.00000000000000000000e+03
cascade_weight_multiplier=4.00000000000000022204e-01
cascade_activation_functions_count=10
cascade_activation_functions=3 5 7 8 10 11 14 15 16 17 
cascade_activation_steepnesses_count=4
cascade_activation_steepnesses=2.50000000000000000000e-01 5.00000000000000000000e-01 7.50000000000000000000e-01 1.00000000000000000000e+00 
layer_sizes=12 4 2 
scale_included=0
neurons (num_inputs, activation_function, activation_steepness)=(0, 0, 0.00000000000000000000e+00) (0, 0, 0.00000000000000000000e+00) (0, 0, 0.00000000000000000000e+00) (0, 0, 0.00000000000000000000e+00) (0, 0, 0.00000000000000000000e+00) (0, 0, 0.00000000000000000000e+00) (0, 0, 0.00000000000000000000e+00) (0, 0, 0.00000000000000000000e+00) (0, 0, 0.00000000000000000000e+00) (0, 0, 0.00000000000000000000e+00) (0, 0, 0.00000000000000000000e+00) (0, 0, 0.00000000000000000000e+00) (12, 6, 5.00000000000000000000e-01) (12, 6, 5.00000000000000000000e-01) (12, 6, 5.00000000000000000000e-01) (0, 6, 0.00000000000000000000e+00) (4, 4, 5.00000000000000000000e-01) (0, 4, 0.00000000000000000000e+00) 
connections (connected_to_neuron, weight)=(0, 3.91946904496833115061e+00) (1, -3.86208753865920328963e+00) (2, -5.17141597474094005804e+00) (3, 1.35838323728923326961e+00) (4, 8.60945739131398934951e-01) (5, -4.37205438492075104673e-01) (6, -7.08223253170272570856e-01) (7, -1.79777327754119875536e+00) (8, -1.36957032393343469678e+00) (9, -6.47648691812774512933e-01) (10, -6.47469445744773719476e-01) (11, 3.93135943399354248484e+00) (0, -5.16584572903156180601e-01) (1, 2.34911016571805442155e+00) (2, 1.99340773041110475017e-01) (3, -1.47504061693475463368e-01) (4, -1.54313987856902923301e-01) (5, -2.85019308090764811325e-01) (6, -5.32396940651529426702e-02) (7, -6.71098176842707498657e-03) (8, -2.18403575536367994259e-01) (9, 3.37748255206387973382e-02) (10, -8.07963509486872288878e-02) (11, -6.86899584408258712109e-01) (0, -1.83971897835162212509e+00) (1, 1.85763881095931426835e+00) (2, 2.36109188996369256941e+00) (3, -4.27793346139657859606e-01) (4, -1.67659596306546232469e+00) (5, 6.12106085363458563009e-01) (6, 1.09270678023367429077e+00) (7, 1.42179784232939687705e+00) (8, 8.22471154291418038440e-01) (9, 1.07848683605470174740e+00) (10, 1.03266625414162205310e+00) (11, -2.05775298133264028522e+00) (12, -4.27735133187590221837e+00) (13, 7.36961047540754532470e-01) (14, 9.98152498423940492955e+00) (15, -7.52275367271656891788e-01) 
