FANN_FLO_2.1
num_layers=3
learning_rate=0.700000
connection_rate=1.000000
network_type=0
learning_momentum=0.000000
training_algorithm=2
train_error_function=1
train_stop_function=1
cascade_output_change_fraction=0.010000
quickprop_decay=-0.000100
quickprop_mu=1.750000
rprop_increase_factor=1.200000
rprop_decrease_factor=0.500000
rprop_delta_min=0.000000
rprop_delta_max=50.000000
rprop_delta_zero=0.100000
cascade_output_stagnation_epochs=12
cascade_candidate_change_fraction=0.010000
cascade_candidate_stagnation_epochs=12
cascade_max_out_epochs=150
cascade_min_out_epochs=50
cascade_max_cand_epochs=150
cascade_min_cand_epochs=50
cascade_num_candidate_groups=2
bit_fail_limit=1.00000000000000005551e-01
cascade_candidate_limit=1.00000000000000000000e+03
cascade_weight_multiplier=4.00000000000000022204e-01
cascade_activation_functions_count=10
cascade_activation_functions=3 5 7 8 10 11 14 15 16 17 
cascade_activation_steepnesses_count=4
cascade_activation_steepnesses=2.50000000000000000000e-01 5.00000000000000000000e-01 7.50000000000000000000e-01 1.00000000000000000000e+00 
layer_sizes=14 4 2 
scale_included=0
neurons (num_inputs, activation_function, activation_steepness)=(0, 0, 0.00000000000000000000e+00) (0, 0, 0.00000000000000000000e+00) (0, 0, 0.00000000000000000000e+00) (0, 0, 0.00000000000000000000e+00) (0, 0, 0.00000000000000000000e+00) (0, 0, 0.00000000000000000000e+00) (0, 0, 0.00000000000000000000e+00) (0, 0, 0.00000000000000000000e+00) (0, 0, 0.00000000000000000000e+00) (0, 0, 0.00000000000000000000e+00) (0, 0, 0.00000000000000000000e+00) (0, 0, 0.00000000000000000000e+00) (0, 0, 0.00000000000000000000e+00) (0, 0, 0.00000000000000000000e+00) (14, 6, 5.00000000000000000000e-01) (14, 6, 5.00000000000000000000e-01) (14, 6, 5.00000000000000000000e-01) (0, 6, 0.00000000000000000000e+00) (4, 4, 5.00000000000000000000e-01) (0, 4, 0.00000000000000000000e+00) 
connections (connected_to_neuron, weight)=(0, 5.03685754038036614944e-01) (1, -1.47816321032344344388e+00) (2, 1.11300020193314128103e-01) (3, -1.39644527939207008238e+00) (4, 4.78292990423501290786e-02) (5, 1.96601027003901807078e-01) (6, -8.97923003265964747577e-01) (7, 6.86729144822082956945e-03) (8, 8.00530464193128371564e-02) (9, -4.87431485795387753335e-01) (10, 3.22616484902467692830e-01) (11, 1.27168167448601654446e-01) (12, 1.24735752421356682618e+00) (13, 3.80390566087902226577e-01) (0, -1.77804344998394141253e-02) (1, 6.75282464054919984164e-01) (2, 3.77427599081616327314e-01) (3, 5.38412212721230076795e-01) (4, 3.68342185909085351181e-01) (5, 3.60101532993993778131e-01) (6, 8.78911477484383030223e-01) (7, 5.07158766162141172451e-01) (8, 2.21888380081633973528e-01) (9, 9.78525622993901111890e-01) (10, 2.34406406647397411169e-02) (11, 3.01786113175811998577e-01) (12, 1.06811943416425247921e-02) (13, -3.44135917072018460150e-02) (0, -2.53600313052257586577e+00) (1, 4.45450960259840300637e+00) (2, 2.91324558698535929224e+00) (3, 3.92584912326503721047e+00) (4, 2.12622699170306717065e+00) (5, 2.16543509746662721227e+00) (6, 4.24447158025075754750e+00) (7, 3.92255987178880438648e+00) (8, 2.11734141643736961669e+00) (9, 6.61320779318125051560e+00) (10, 1.98270167368123062523e+00) (11, 2.28689877640235117440e+00) (12, 3.53016372813936785136e+00) (13, -6.17457271112629246801e+00) (14, -1.41716384461430355834e+00) (15, 3.83584378601319442303e-01) (16, 1.68446161890238954584e+01) (17, -1.55825765291951334746e+00) 
