FANN_FLO_2.1
num_layers=3
learning_rate=0.700000
connection_rate=1.000000
network_type=0
learning_momentum=0.000000
training_algorithm=2
train_error_function=1
train_stop_function=1
cascade_output_change_fraction=0.010000
quickprop_decay=-0.000100
quickprop_mu=1.750000
rprop_increase_factor=1.200000
rprop_decrease_factor=0.500000
rprop_delta_min=0.000000
rprop_delta_max=50.000000
rprop_delta_zero=0.100000
cascade_output_stagnation_epochs=12
cascade_candidate_change_fraction=0.010000
cascade_candidate_stagnation_epochs=12
cascade_max_out_epochs=150
cascade_min_out_epochs=50
cascade_max_cand_epochs=150
cascade_min_cand_epochs=50
cascade_num_candidate_groups=2
bit_fail_limit=1.00000000000000005551e-01
cascade_candidate_limit=1.00000000000000000000e+03
cascade_weight_multiplier=4.00000000000000022204e-01
cascade_activation_functions_count=10
cascade_activation_functions=3 5 7 8 10 11 14 15 16 17 
cascade_activation_steepnesses_count=4
cascade_activation_steepnesses=2.50000000000000000000e-01 5.00000000000000000000e-01 7.50000000000000000000e-01 1.00000000000000000000e+00 
layer_sizes=12 4 2 
scale_included=0
neurons (num_inputs, activation_function, activation_steepness)=(0, 0, 0.00000000000000000000e+00) (0, 0, 0.00000000000000000000e+00) (0, 0, 0.00000000000000000000e+00) (0, 0, 0.00000000000000000000e+00) (0, 0, 0.00000000000000000000e+00) (0, 0, 0.00000000000000000000e+00) (0, 0, 0.00000000000000000000e+00) (0, 0, 0.00000000000000000000e+00) (0, 0, 0.00000000000000000000e+00) (0, 0, 0.00000000000000000000e+00) (0, 0, 0.00000000000000000000e+00) (0, 0, 0.00000000000000000000e+00) (12, 6, 5.00000000000000000000e-01) (12, 6, 5.00000000000000000000e-01) (12, 6, 5.00000000000000000000e-01) (0, 6, 0.00000000000000000000e+00) (4, 4, 5.00000000000000000000e-01) (0, 4, 0.00000000000000000000e+00) 
connections (connected_to_neuron, weight)=(0, -1.28664625293931256245e+00) (1, 3.43196287654840803683e+00) (2, -1.25351493513953499148e-01) (3, -1.26839472956380139301e+00) (4, -1.34189880497178326557e+00) (5, 1.37790871446139646592e-03) (6, -5.42359439279770261244e-01) (7, -7.34935922875322500403e-01) (8, -6.42803368713592782058e-01) (9, -1.40645933754166851948e+00) (10, -1.31813032782992611835e+00) (11, -1.40889267481288205097e+00) (0, -1.82407568591633229005e+00) (1, 2.49545725610696766950e+00) (2, 3.87778487092844958983e-01) (3, -4.29756833190925835453e-01) (4, -7.57683746156754489576e-01) (5, 7.17928770680207550825e-01) (6, -2.33997767312857180011e-01) (7, -3.51566524985590433960e-01) (8, -3.68144032878221616478e-01) (9, -5.31219503006827853397e-01) (10, -8.06117474672856326734e-01) (11, -7.63755745825829501783e-01) (0, 2.01104168066659916292e+00) (1, -3.12107283802348867141e+00) (2, -4.78027701225975265586e-01) (3, -6.68178455791604564151e-02) (4, 8.79261681795291849539e-01) (5, -3.85455436852672916892e-01) (6, 3.94968880452978912676e-02) (7, 8.23511304319076486991e-01) (8, 9.43528482675724089468e-01) (9, 9.42154178381137907827e-01) (10, 7.86012450218372293875e-01) (11, 1.93972879866043035335e+00) (12, 2.52080206700758235883e+00) (13, 4.89992873005843421197e+00) (14, -5.11195245140161969033e+00) (15, -9.29636476462797012310e-01) 
