FANN_FLO_2.1
num_layers=3
learning_rate=0.700000
connection_rate=1.000000
network_type=0
learning_momentum=0.000000
training_algorithm=2
train_error_function=1
train_stop_function=1
cascade_output_change_fraction=0.010000
quickprop_decay=-0.000100
quickprop_mu=1.750000
rprop_increase_factor=1.200000
rprop_decrease_factor=0.500000
rprop_delta_min=0.000000
rprop_delta_max=50.000000
rprop_delta_zero=0.100000
cascade_output_stagnation_epochs=12
cascade_candidate_change_fraction=0.010000
cascade_candidate_stagnation_epochs=12
cascade_max_out_epochs=150
cascade_min_out_epochs=50
cascade_max_cand_epochs=150
cascade_min_cand_epochs=50
cascade_num_candidate_groups=2
bit_fail_limit=1.00000000000000005551e-01
cascade_candidate_limit=1.00000000000000000000e+03
cascade_weight_multiplier=4.00000000000000022204e-01
cascade_activation_functions_count=10
cascade_activation_functions=3 5 7 8 10 11 14 15 16 17 
cascade_activation_steepnesses_count=4
cascade_activation_steepnesses=2.50000000000000000000e-01 5.00000000000000000000e-01 7.50000000000000000000e-01 1.00000000000000000000e+00 
layer_sizes=12 4 2 
scale_included=0
neurons (num_inputs, activation_function, activation_steepness)=(0, 0, 0.00000000000000000000e+00) (0, 0, 0.00000000000000000000e+00) (0, 0, 0.00000000000000000000e+00) (0, 0, 0.00000000000000000000e+00) (0, 0, 0.00000000000000000000e+00) (0, 0, 0.00000000000000000000e+00) (0, 0, 0.00000000000000000000e+00) (0, 0, 0.00000000000000000000e+00) (0, 0, 0.00000000000000000000e+00) (0, 0, 0.00000000000000000000e+00) (0, 0, 0.00000000000000000000e+00) (0, 0, 0.00000000000000000000e+00) (12, 6, 5.00000000000000000000e-01) (12, 6, 5.00000000000000000000e-01) (12, 6, 5.00000000000000000000e-01) (0, 6, 0.00000000000000000000e+00) (4, 4, 5.00000000000000000000e-01) (0, 4, 0.00000000000000000000e+00) 
connections (connected_to_neuron, weight)=(0, -2.00394719111770136521e+00) (1, 4.18899462171001779609e+00) (2, 4.83300318958840624539e-01) (3, -6.77970092265249402175e-01) (4, -4.38870418383869531631e-01) (5, -1.06849216036036853694e+00) (6, 6.32893873350550695278e-01) (7, -3.92359596300378643541e-01) (8, -1.07198125980332736873e+00) (9, -1.07580892852977161311e+00) (10, -1.06605269871190433406e+00) (11, -2.00446303951590998338e+00) (0, -1.69231168705685708353e+00) (1, 4.67891373179121750070e+00) (2, -6.64289400545893249372e-02) (3, -3.00415029173441872068e-01) (4, -1.76272610354884240458e+00) (5, -1.83467674780352685282e+00) (6, -5.70763165077703901740e-02) (7, -8.46234507041571104580e-02) (8, -1.71850198287232491801e+00) (9, -1.71356305259926888773e+00) (10, -1.65274093825085732767e+00) (11, -1.82809224504693124125e+00) (0, 1.50258005836472804256e-02) (1, 6.68785928446161470617e-01) (2, 1.65282325259077267354e-01) (3, -2.11824357450338590647e-01) (4, -2.32998826246838153242e-01) (5, -9.19953814559979904386e-02) (6, 9.53019021570870872306e-02) (7, -4.35420690878416727365e-01) (8, -9.66427488944067852872e-02) (9, -2.15177298229317248701e-01) (10, -3.21507691165938205846e-02) (11, -1.20202487368259502976e-01) (12, 1.01180613716846590222e+01) (13, 2.79422064769553246677e+00) (14, 7.82074194683030410324e-01) (15, -1.65859233925285742828e+00) 
