FANN_FLO_2.1
num_layers=3
learning_rate=0.700000
connection_rate=1.000000
network_type=0
learning_momentum=0.000000
training_algorithm=2
train_error_function=1
train_stop_function=1
cascade_output_change_fraction=0.010000
quickprop_decay=-0.000100
quickprop_mu=1.750000
rprop_increase_factor=1.200000
rprop_decrease_factor=0.500000
rprop_delta_min=0.000000
rprop_delta_max=50.000000
rprop_delta_zero=0.100000
cascade_output_stagnation_epochs=12
cascade_candidate_change_fraction=0.010000
cascade_candidate_stagnation_epochs=12
cascade_max_out_epochs=150
cascade_min_out_epochs=50
cascade_max_cand_epochs=150
cascade_min_cand_epochs=50
cascade_num_candidate_groups=2
bit_fail_limit=1.00000000000000005551e-01
cascade_candidate_limit=1.00000000000000000000e+03
cascade_weight_multiplier=4.00000000000000022204e-01
cascade_activation_functions_count=10
cascade_activation_functions=3 5 7 8 10 11 14 15 16 17 
cascade_activation_steepnesses_count=4
cascade_activation_steepnesses=2.50000000000000000000e-01 5.00000000000000000000e-01 7.50000000000000000000e-01 1.00000000000000000000e+00 
layer_sizes=18 4 2 
scale_included=0
neurons (num_inputs, activation_function, activation_steepness)=(0, 0, 0.00000000000000000000e+00) (0, 0, 0.00000000000000000000e+00) (0, 0, 0.00000000000000000000e+00) (0, 0, 0.00000000000000000000e+00) (0, 0, 0.00000000000000000000e+00) (0, 0, 0.00000000000000000000e+00) (0, 0, 0.00000000000000000000e+00) (0, 0, 0.00000000000000000000e+00) (0, 0, 0.00000000000000000000e+00) (0, 0, 0.00000000000000000000e+00) (0, 0, 0.00000000000000000000e+00) (0, 0, 0.00000000000000000000e+00) (0, 0, 0.00000000000000000000e+00) (0, 0, 0.00000000000000000000e+00) (0, 0, 0.00000000000000000000e+00) (0, 0, 0.00000000000000000000e+00) (0, 0, 0.00000000000000000000e+00) (0, 0, 0.00000000000000000000e+00) (18, 6, 5.00000000000000000000e-01) (18, 6, 5.00000000000000000000e-01) (18, 6, 5.00000000000000000000e-01) (0, 6, 0.00000000000000000000e+00) (4, 4, 5.00000000000000000000e-01) (0, 4, 0.00000000000000000000e+00) 
connections (connected_to_neuron, weight)=(0, -3.88499160324550674162e+00) (1, 2.14779909200536467395e+00) (2, 3.92348889599177852450e-01) (3, 1.43059271689184130949e+00) (4, -3.15987924680730392080e-01) (5, 2.06242879225403896726e+00) (6, 1.42994399942546945859e+00) (7, 2.53461908875995778345e+00) (8, 4.56263590672420615846e-01) (9, -4.05427636231795673893e-01) (10, 7.48232157964415889317e-01) (11, 9.42550305148875500194e-01) (12, 2.31665473815541211877e+00) (13, 1.13315773277133269303e+00) (14, 1.32850169119163896703e+00) (15, 3.56953297837296634754e+00) (16, 2.87464325963623412719e+00) (17, -1.83550743979172947817e+00) (0, -3.55936002809024776283e+00) (1, 7.13977917598385247722e-01) (2, 1.46729761320720353268e+00) (3, 9.17543293621396038873e+00) (4, 9.07859043380790486921e-01) (5, 4.70722068159958340061e+00) (6, 8.61433010163556289740e+00) (7, 2.77013949626836541995e+01) (8, 1.37884236751683997291e+00) (9, 9.08273989451212737656e-01) (10, 2.92077488938124629758e-01) (11, 1.10989138763745143201e+00) (12, 8.17593828292601965124e-01) (13, 2.46360225789301656718e+00) (14, 1.02395367676547000002e+00) (15, 2.56846985846830788702e+00) (16, 3.30650368838535655414e+01) (17, -1.49702480498033052569e+00) (0, -3.39735926020360912148e+00) (1, 7.09581568406719598308e-01) (2, 2.32282533627297393952e-01) (3, 9.25257316317414257867e+00) (4, 8.21579502126747129864e-01) (5, 3.16330283751853746921e+00) (6, 1.10958261604467391948e+01) (7, 2.77052395330521825656e+01) (8, 1.31939443080314489087e+00) (9, 9.56470841658396575546e-01) (10, 3.60882255920918548764e-01) (11, 1.01738729607661060328e+00) (12, 8.96266313326462893407e-01) (13, 2.59963858686440252299e+00) (14, 9.34134174680023021686e-01) (15, 2.69636896133495751471e+00) (16, 3.31067381112800944720e+01) (17, -1.52020373630600458270e+00) (18, 2.11870757934838351844e+01) (19, 1.56029655589312121755e+00) (20, 1.58629394500106379873e+00) (21, -2.60585750224010359588e+00) 
