FANN_FLO_2.1
num_layers=3
learning_rate=0.700000
connection_rate=1.000000
network_type=0
learning_momentum=0.000000
training_algorithm=2
train_error_function=1
train_stop_function=1
cascade_output_change_fraction=0.010000
quickprop_decay=-0.000100
quickprop_mu=1.750000
rprop_increase_factor=1.200000
rprop_decrease_factor=0.500000
rprop_delta_min=0.000000
rprop_delta_max=50.000000
rprop_delta_zero=0.100000
cascade_output_stagnation_epochs=12
cascade_candidate_change_fraction=0.010000
cascade_candidate_stagnation_epochs=12
cascade_max_out_epochs=150
cascade_min_out_epochs=50
cascade_max_cand_epochs=150
cascade_min_cand_epochs=50
cascade_num_candidate_groups=2
bit_fail_limit=1.00000000000000005551e-01
cascade_candidate_limit=1.00000000000000000000e+03
cascade_weight_multiplier=4.00000000000000022204e-01
cascade_activation_functions_count=10
cascade_activation_functions=3 5 7 8 10 11 14 15 16 17 
cascade_activation_steepnesses_count=4
cascade_activation_steepnesses=2.50000000000000000000e-01 5.00000000000000000000e-01 7.50000000000000000000e-01 1.00000000000000000000e+00 
layer_sizes=10 4 2 
scale_included=0
neurons (num_inputs, activation_function, activation_steepness)=(0, 0, 0.00000000000000000000e+00) (0, 0, 0.00000000000000000000e+00) (0, 0, 0.00000000000000000000e+00) (0, 0, 0.00000000000000000000e+00) (0, 0, 0.00000000000000000000e+00) (0, 0, 0.00000000000000000000e+00) (0, 0, 0.00000000000000000000e+00) (0, 0, 0.00000000000000000000e+00) (0, 0, 0.00000000000000000000e+00) (0, 0, 0.00000000000000000000e+00) (10, 6, 5.00000000000000000000e-01) (10, 6, 5.00000000000000000000e-01) (10, 6, 5.00000000000000000000e-01) (0, 6, 0.00000000000000000000e+00) (4, 4, 5.00000000000000000000e-01) (0, 4, 0.00000000000000000000e+00) 
connections (connected_to_neuron, weight)=(0, 1.96098858292255084912e+00) (1, -2.04312611321752202187e+00) (2, -7.18735737587102851975e-01) (3, -3.21170407415869274548e-01) (4, -1.35999851045640629543e+00) (5, -1.51912442938235225931e+00) (6, -2.85257628521544515099e-01) (7, -2.91739967592857585288e-01) (8, -2.46680416469617636022e-01) (9, 1.57677062188427918876e+00) (0, 1.73100165816017015352e+00) (1, -1.38520306549945471097e+00) (2, -6.31203925098069884569e-01) (3, -4.11429758252146393627e-01) (4, -1.45884148148330372585e+00) (5, -1.60791592643406811014e+00) (6, -5.68850793094269890915e-01) (7, -3.99583701916836009360e-01) (8, -5.15847922357697052931e-01) (9, 1.58218263422291749443e+00) (0, -4.87175894895213534852e+00) (1, -1.63991122616749329666e+00) (2, 1.65138839876346814606e+01) (3, 1.77308351811930919872e+00) (4, 1.84259098389814846009e+00) (5, 2.69773172750915057883e-01) (6, 2.59936340752578587399e+00) (7, 7.04278132542292878426e-01) (8, 1.65354470428988720165e+00) (9, -1.90299268624957473861e+00) (10, -6.35671714720369163132e+00) (11, -1.22861576778752628059e+01) (12, 1.70619229634566482723e+00) (13, -6.99557724987934892447e-01) 
