FANN_FLO_2.1
num_layers=3
learning_rate=0.700000
connection_rate=1.000000
network_type=0
learning_momentum=0.000000
training_algorithm=2
train_error_function=1
train_stop_function=1
cascade_output_change_fraction=0.010000
quickprop_decay=-0.000100
quickprop_mu=1.750000
rprop_increase_factor=1.200000
rprop_decrease_factor=0.500000
rprop_delta_min=0.000000
rprop_delta_max=50.000000
rprop_delta_zero=0.100000
cascade_output_stagnation_epochs=12
cascade_candidate_change_fraction=0.010000
cascade_candidate_stagnation_epochs=12
cascade_max_out_epochs=150
cascade_min_out_epochs=50
cascade_max_cand_epochs=150
cascade_min_cand_epochs=50
cascade_num_candidate_groups=2
bit_fail_limit=1.00000000000000005551e-01
cascade_candidate_limit=1.00000000000000000000e+03
cascade_weight_multiplier=4.00000000000000022204e-01
cascade_activation_functions_count=10
cascade_activation_functions=3 5 7 8 10 11 14 15 16 17 
cascade_activation_steepnesses_count=4
cascade_activation_steepnesses=2.50000000000000000000e-01 5.00000000000000000000e-01 7.50000000000000000000e-01 1.00000000000000000000e+00 
layer_sizes=8 4 2 
scale_included=0
neurons (num_inputs, activation_function, activation_steepness)=(0, 0, 0.00000000000000000000e+00) (0, 0, 0.00000000000000000000e+00) (0, 0, 0.00000000000000000000e+00) (0, 0, 0.00000000000000000000e+00) (0, 0, 0.00000000000000000000e+00) (0, 0, 0.00000000000000000000e+00) (0, 0, 0.00000000000000000000e+00) (0, 0, 0.00000000000000000000e+00) (8, 6, 5.00000000000000000000e-01) (8, 6, 5.00000000000000000000e-01) (8, 6, 5.00000000000000000000e-01) (0, 6, 0.00000000000000000000e+00) (4, 4, 5.00000000000000000000e-01) (0, 4, 0.00000000000000000000e+00) 
connections (connected_to_neuron, weight)=(0, -2.42501725622473685018e-01) (1, 3.89555175098202810524e-01) (2, 2.03735025367738853408e-01) (3, 2.87333474799718213699e-01) (4, 1.59036825389050423540e-01) (5, 6.53314540015141775875e-01) (6, 6.82450599710285543686e-01) (7, -8.71602205096011828367e-01) (0, -2.93715949793882380447e+00) (1, 2.61064341273269695520e+00) (2, 2.36760108294753424119e+00) (3, -5.25832031496851870500e-01) (4, -8.27607105367536566298e-01) (5, 2.51930511653146504969e+00) (6, 1.61549942238509092185e+00) (7, -1.30086010866765278138e+00) (0, -8.76644801440140342130e-01) (1, 8.59515069509908413714e-01) (2, 4.26193193514297075097e-01) (3, 7.23308501421191407665e-01) (4, 2.12561546491766201195e-01) (5, 1.07477131879915854817e+00) (6, 1.30507442924428862518e+00) (7, -2.56367529378914660310e-01) (8, 4.55503466315535909814e+00) (9, 1.52809812900258261692e+01) (10, 1.59164774214957116527e+00) (11, -2.85152348216094209121e+00) 
