FANN_FLO_2.1
num_layers=3
learning_rate=0.700000
connection_rate=1.000000
network_type=0
learning_momentum=0.000000
training_algorithm=2
train_error_function=1
train_stop_function=1
cascade_output_change_fraction=0.010000
quickprop_decay=-0.000100
quickprop_mu=1.750000
rprop_increase_factor=1.200000
rprop_decrease_factor=0.500000
rprop_delta_min=0.000000
rprop_delta_max=50.000000
rprop_delta_zero=0.100000
cascade_output_stagnation_epochs=12
cascade_candidate_change_fraction=0.010000
cascade_candidate_stagnation_epochs=12
cascade_max_out_epochs=150
cascade_min_out_epochs=50
cascade_max_cand_epochs=150
cascade_min_cand_epochs=50
cascade_num_candidate_groups=2
bit_fail_limit=1.00000000000000005551e-01
cascade_candidate_limit=1.00000000000000000000e+03
cascade_weight_multiplier=4.00000000000000022204e-01
cascade_activation_functions_count=10
cascade_activation_functions=3 5 7 8 10 11 14 15 16 17 
cascade_activation_steepnesses_count=4
cascade_activation_steepnesses=2.50000000000000000000e-01 5.00000000000000000000e-01 7.50000000000000000000e-01 1.00000000000000000000e+00 
layer_sizes=7 4 2 
scale_included=0
neurons (num_inputs, activation_function, activation_steepness)=(0, 0, 0.00000000000000000000e+00) (0, 0, 0.00000000000000000000e+00) (0, 0, 0.00000000000000000000e+00) (0, 0, 0.00000000000000000000e+00) (0, 0, 0.00000000000000000000e+00) (0, 0, 0.00000000000000000000e+00) (0, 0, 0.00000000000000000000e+00) (7, 6, 5.00000000000000000000e-01) (7, 6, 5.00000000000000000000e-01) (7, 6, 5.00000000000000000000e-01) (0, 6, 0.00000000000000000000e+00) (4, 4, 5.00000000000000000000e-01) (0, 4, 0.00000000000000000000e+00) 
connections (connected_to_neuron, weight)=(0, 1.50494561648177049840e+00) (1, -1.33520497542160154758e+00) (2, -1.20207174223426194182e+00) (3, 8.30639857828067040835e-01) (4, 9.31240748643325066958e-01) (5, 1.54273864185618303502e+00) (6, 7.21169194614999509163e-01) (0, -1.72887728452678723912e+00) (1, 1.46306229405475951566e+00) (2, 2.08867613917091832221e+00) (3, -7.57499788155404751855e-01) (4, -7.68735617598144238549e-01) (5, -1.84419081449504940196e+00) (6, -6.96928493877498445030e-01) (0, -1.82124947845932050328e+00) (1, 1.52913665794206954374e+00) (2, 1.98625260537365400104e+00) (3, -6.48746282061187451440e-01) (4, -6.13939851721374219018e-01) (5, -1.72308969587083860020e+00) (6, -7.64873020549861615258e-01) (7, -1.15331541666142225466e+01) (8, 5.77467545092103318183e+00) (9, 5.79383719682690934150e+00) (10, -7.38352515002338116723e-01) 
