FANN_FLO_2.1
num_layers=3
learning_rate=0.700000
connection_rate=1.000000
network_type=0
learning_momentum=0.000000
training_algorithm=2
train_error_function=1
train_stop_function=1
cascade_output_change_fraction=0.010000
quickprop_decay=-0.000100
quickprop_mu=1.750000
rprop_increase_factor=1.200000
rprop_decrease_factor=0.500000
rprop_delta_min=0.000000
rprop_delta_max=50.000000
rprop_delta_zero=0.100000
cascade_output_stagnation_epochs=12
cascade_candidate_change_fraction=0.010000
cascade_candidate_stagnation_epochs=12
cascade_max_out_epochs=150
cascade_min_out_epochs=50
cascade_max_cand_epochs=150
cascade_min_cand_epochs=50
cascade_num_candidate_groups=2
bit_fail_limit=1.00000000000000005551e-01
cascade_candidate_limit=1.00000000000000000000e+03
cascade_weight_multiplier=4.00000000000000022204e-01
cascade_activation_functions_count=10
cascade_activation_functions=3 5 7 8 10 11 14 15 16 17 
cascade_activation_steepnesses_count=4
cascade_activation_steepnesses=2.50000000000000000000e-01 5.00000000000000000000e-01 7.50000000000000000000e-01 1.00000000000000000000e+00 
layer_sizes=7 4 2 
scale_included=0
neurons (num_inputs, activation_function, activation_steepness)=(0, 0, 0.00000000000000000000e+00) (0, 0, 0.00000000000000000000e+00) (0, 0, 0.00000000000000000000e+00) (0, 0, 0.00000000000000000000e+00) (0, 0, 0.00000000000000000000e+00) (0, 0, 0.00000000000000000000e+00) (0, 0, 0.00000000000000000000e+00) (7, 6, 5.00000000000000000000e-01) (7, 6, 5.00000000000000000000e-01) (7, 6, 5.00000000000000000000e-01) (0, 6, 0.00000000000000000000e+00) (4, 4, 5.00000000000000000000e-01) (0, 4, 0.00000000000000000000e+00) 
connections (connected_to_neuron, weight)=(0, -1.31034882565224020112e+00) (1, 1.72707300249893824784e+00) (2, 1.26182609127855305253e+00) (3, -8.81957456330888067697e-01) (4, -1.26532901277029363740e+00) (5, -1.30501935829603521455e+00) (6, -8.09120167729269645918e-01) (0, 1.32637028829255676499e+00) (1, -1.44073997718945823188e+00) (2, -2.58495754381753028994e+00) (3, 9.34309211408829276557e-01) (4, 1.19526755406627938072e+00) (5, 1.28994624749818420639e+00) (6, 9.01734913779876356976e-01) (0, -1.23197417279450305294e+00) (1, 1.46256820660538827683e-01) (2, 6.15710823185132127833e+00) (3, -7.18345309804302584178e-02) (4, -2.93660278628689042080e-02) (5, -5.63217853410606483777e-01) (6, 3.12761732211257609260e-02) (7, 8.59281059669802615986e+00) (8, -7.85990316149926027123e+00) (9, 4.61291053019934282897e-01) (10, -6.32847489064706003603e-01) 
