FANN_FLO_2.1
num_layers=3
learning_rate=0.700000
connection_rate=1.000000
network_type=0
learning_momentum=0.000000
training_algorithm=2
train_error_function=1
train_stop_function=1
cascade_output_change_fraction=0.010000
quickprop_decay=-0.000100
quickprop_mu=1.750000
rprop_increase_factor=1.200000
rprop_decrease_factor=0.500000
rprop_delta_min=0.000000
rprop_delta_max=50.000000
rprop_delta_zero=0.100000
cascade_output_stagnation_epochs=12
cascade_candidate_change_fraction=0.010000
cascade_candidate_stagnation_epochs=12
cascade_max_out_epochs=150
cascade_min_out_epochs=50
cascade_max_cand_epochs=150
cascade_min_cand_epochs=50
cascade_num_candidate_groups=2
bit_fail_limit=1.00000000000000005551e-01
cascade_candidate_limit=1.00000000000000000000e+03
cascade_weight_multiplier=4.00000000000000022204e-01
cascade_activation_functions_count=10
cascade_activation_functions=3 5 7 8 10 11 14 15 16 17 
cascade_activation_steepnesses_count=4
cascade_activation_steepnesses=2.50000000000000000000e-01 5.00000000000000000000e-01 7.50000000000000000000e-01 1.00000000000000000000e+00 
layer_sizes=8 4 2 
scale_included=0
neurons (num_inputs, activation_function, activation_steepness)=(0, 0, 0.00000000000000000000e+00) (0, 0, 0.00000000000000000000e+00) (0, 0, 0.00000000000000000000e+00) (0, 0, 0.00000000000000000000e+00) (0, 0, 0.00000000000000000000e+00) (0, 0, 0.00000000000000000000e+00) (0, 0, 0.00000000000000000000e+00) (0, 0, 0.00000000000000000000e+00) (8, 6, 5.00000000000000000000e-01) (8, 6, 5.00000000000000000000e-01) (8, 6, 5.00000000000000000000e-01) (0, 6, 0.00000000000000000000e+00) (4, 4, 5.00000000000000000000e-01) (0, 4, 0.00000000000000000000e+00) 
connections (connected_to_neuron, weight)=(0, -1.81885284610874053968e+00) (1, 7.02815416209106835765e+00) (2, 2.58995171402011115092e-01) (3, -8.47474525762162311793e-01) (4, -4.52649708743786072240e-01) (5, -4.25294101144766067968e-01) (6, -1.32316189546800644372e+00) (7, -1.21784974922157318566e+00) (0, 8.72432995705033631495e-02) (1, 4.78152688075905329956e-01) (2, 3.64230286461097035877e-02) (3, 3.22021438775661361653e-01) (4, 1.64007653333093500470e-01) (5, 2.92431763408782852132e-01) (6, 4.56518117455865166110e-02) (7, 7.72953067092324586085e-02) (0, -4.27065228842456512393e-01) (1, 2.73088865543467829156e+00) (2, 2.96757905779483688313e-01) (3, -1.94967824834602621031e-02) (4, 3.46593319946539440979e-02) (5, -1.00223573656679998400e-01) (6, -5.10213350676257726413e-01) (7, -4.66080164335925750674e-01) (8, 7.12398209921722802562e+00) (9, 1.07961215549853412066e-01) (10, 8.06521094877145183766e-01) (11, -1.66472491302377578748e+00) 
