FANN_FLO_2.1
num_layers=3
learning_rate=0.700000
connection_rate=1.000000
network_type=0
learning_momentum=0.000000
training_algorithm=2
train_error_function=1
train_stop_function=1
cascade_output_change_fraction=0.010000
quickprop_decay=-0.000100
quickprop_mu=1.750000
rprop_increase_factor=1.200000
rprop_decrease_factor=0.500000
rprop_delta_min=0.000000
rprop_delta_max=50.000000
rprop_delta_zero=0.100000
cascade_output_stagnation_epochs=12
cascade_candidate_change_fraction=0.010000
cascade_candidate_stagnation_epochs=12
cascade_max_out_epochs=150
cascade_min_out_epochs=50
cascade_max_cand_epochs=150
cascade_min_cand_epochs=50
cascade_num_candidate_groups=2
bit_fail_limit=1.00000000000000005551e-01
cascade_candidate_limit=1.00000000000000000000e+03
cascade_weight_multiplier=4.00000000000000022204e-01
cascade_activation_functions_count=10
cascade_activation_functions=3 5 7 8 10 11 14 15 16 17 
cascade_activation_steepnesses_count=4
cascade_activation_steepnesses=2.50000000000000000000e-01 5.00000000000000000000e-01 7.50000000000000000000e-01 1.00000000000000000000e+00 
layer_sizes=13 4 2 
scale_included=0
neurons (num_inputs, activation_function, activation_steepness)=(0, 0, 0.00000000000000000000e+00) (0, 0, 0.00000000000000000000e+00) (0, 0, 0.00000000000000000000e+00) (0, 0, 0.00000000000000000000e+00) (0, 0, 0.00000000000000000000e+00) (0, 0, 0.00000000000000000000e+00) (0, 0, 0.00000000000000000000e+00) (0, 0, 0.00000000000000000000e+00) (0, 0, 0.00000000000000000000e+00) (0, 0, 0.00000000000000000000e+00) (0, 0, 0.00000000000000000000e+00) (0, 0, 0.00000000000000000000e+00) (0, 0, 0.00000000000000000000e+00) (13, 6, 5.00000000000000000000e-01) (13, 6, 5.00000000000000000000e-01) (13, 6, 5.00000000000000000000e-01) (0, 6, 0.00000000000000000000e+00) (4, 4, 5.00000000000000000000e-01) (0, 4, 0.00000000000000000000e+00) 
connections (connected_to_neuron, weight)=(0, -2.29155857896112635785e+00) (1, 1.64563893281818529601e+00) (2, 2.34772039450960212648e+00) (3, 6.00359112989655496762e-01) (4, 7.45715579182857579710e-01) (5, 2.45441251129223036997e+00) (6, 2.45113173169774523075e+00) (7, 8.08828754635894431324e-01) (8, 7.55717274229598223734e-01) (9, -1.68430086762252995136e+00) (10, -2.15146441703809720991e+00) (11, 2.11844603764505023946e+00) (12, -8.00246710699575758419e-01) (0, -6.54877173164150061524e+00) (1, 2.77797879046312434781e+00) (2, 1.38051816821202022467e+00) (3, 3.96144425434885705251e-01) (4, 1.31777829374758281844e+00) (5, -9.10993716636835926259e-01) (6, -8.45160640589245892862e-01) (7, 1.30046655811118805346e+00) (8, 2.20815257084749783090e+00) (9, 1.62699529884950000458e+00) (10, -2.30484264624349100004e+00) (11, 1.01891985855132460870e+00) (12, -2.08482269216331639328e+00) (0, -1.44728395120403230401e+00) (1, 8.88132020081292772318e-01) (2, 1.12395668986326091598e+00) (3, 3.45439719781320930814e-01) (4, 9.31945584987035946511e-01) (5, -4.51641941118102463459e-01) (6, -1.72456731297669052516e+00) (7, 1.26396149543859035447e+01) (8, 2.62845973514925557168e+00) (9, -1.68088453559161021822e-01) (10, 1.71141585173217603000e+00) (11, 7.13967511316578762326e-01) (12, -3.74274017795833024991e-01) (13, 2.30221310904114728757e+00) (14, 2.90109895146879139816e+01) (15, 2.43225388307565815182e+00) (16, -2.43346582965998159409e+00) 
