FANN_FLO_2.1
num_layers=3
learning_rate=0.700000
connection_rate=1.000000
network_type=0
learning_momentum=0.000000
training_algorithm=2
train_error_function=1
train_stop_function=1
cascade_output_change_fraction=0.010000
quickprop_decay=-0.000100
quickprop_mu=1.750000
rprop_increase_factor=1.200000
rprop_decrease_factor=0.500000
rprop_delta_min=0.000000
rprop_delta_max=50.000000
rprop_delta_zero=0.100000
cascade_output_stagnation_epochs=12
cascade_candidate_change_fraction=0.010000
cascade_candidate_stagnation_epochs=12
cascade_max_out_epochs=150
cascade_min_out_epochs=50
cascade_max_cand_epochs=150
cascade_min_cand_epochs=50
cascade_num_candidate_groups=2
bit_fail_limit=1.00000000000000005551e-01
cascade_candidate_limit=1.00000000000000000000e+03
cascade_weight_multiplier=4.00000000000000022204e-01
cascade_activation_functions_count=10
cascade_activation_functions=3 5 7 8 10 11 14 15 16 17 
cascade_activation_steepnesses_count=4
cascade_activation_steepnesses=2.50000000000000000000e-01 5.00000000000000000000e-01 7.50000000000000000000e-01 1.00000000000000000000e+00 
layer_sizes=11 4 2 
scale_included=0
neurons (num_inputs, activation_function, activation_steepness)=(0, 0, 0.00000000000000000000e+00) (0, 0, 0.00000000000000000000e+00) (0, 0, 0.00000000000000000000e+00) (0, 0, 0.00000000000000000000e+00) (0, 0, 0.00000000000000000000e+00) (0, 0, 0.00000000000000000000e+00) (0, 0, 0.00000000000000000000e+00) (0, 0, 0.00000000000000000000e+00) (0, 0, 0.00000000000000000000e+00) (0, 0, 0.00000000000000000000e+00) (0, 0, 0.00000000000000000000e+00) (11, 6, 5.00000000000000000000e-01) (11, 6, 5.00000000000000000000e-01) (11, 6, 5.00000000000000000000e-01) (0, 6, 0.00000000000000000000e+00) (4, 4, 5.00000000000000000000e-01) (0, 4, 0.00000000000000000000e+00) 
connections (connected_to_neuron, weight)=(0, 1.66514420059529943963e+00) (1, -3.47957417366064136743e+00) (2, -3.60216781787052298114e+00) (3, -4.13181472025828055994e-01) (4, -8.87147178966350868912e-01) (5, -1.18774197033634065779e-01) (6, -3.51938843180854643578e+00) (7, -5.28370301134918007868e-01) (8, -1.04454890576845405015e+00) (9, -3.52213105862197339846e-01) (10, 4.28175639726511469974e+00) (0, -7.25345628271561571054e-01) (1, -9.51906212412561236746e-01) (2, 1.49663200925315216239e+01) (3, 1.12490337598101253214e+00) (4, 1.12335307794313277174e-01) (5, 3.38569673208129140463e-01) (6, 1.54240359813142244860e+01) (7, 5.93314272203014803075e-01) (8, 7.88739443926381289529e-01) (9, -4.34924071884501897700e-02) (10, -4.82797765082137286807e-01) (0, -1.75214971554762333206e+00) (1, 2.99971086986958868081e+00) (2, 1.32592259561757219721e+00) (3, 9.07908863087948825310e-01) (4, -1.36451404839564793825e+00) (5, -5.93035796077271859517e-01) (6, 1.59096735376356868130e+00) (7, -2.42140177417802998638e-01) (8, 3.38845730803431444134e-01) (9, -9.63915084696738588832e-01) (10, -1.86035860282665721499e+00) (11, -8.81583379634631114641e+00) (12, 1.22253062093520403764e+00) (13, 5.95646084421193133807e+00) (14, -1.68235854086837322008e+00) 
