FANN_FLO_2.1
num_layers=3
learning_rate=0.700000
connection_rate=1.000000
network_type=0
learning_momentum=0.000000
training_algorithm=2
train_error_function=1
train_stop_function=1
cascade_output_change_fraction=0.010000
quickprop_decay=-0.000100
quickprop_mu=1.750000
rprop_increase_factor=1.200000
rprop_decrease_factor=0.500000
rprop_delta_min=0.000000
rprop_delta_max=50.000000
rprop_delta_zero=0.100000
cascade_output_stagnation_epochs=12
cascade_candidate_change_fraction=0.010000
cascade_candidate_stagnation_epochs=12
cascade_max_out_epochs=150
cascade_min_out_epochs=50
cascade_max_cand_epochs=150
cascade_min_cand_epochs=50
cascade_num_candidate_groups=2
bit_fail_limit=1.00000000000000005551e-01
cascade_candidate_limit=1.00000000000000000000e+03
cascade_weight_multiplier=4.00000000000000022204e-01
cascade_activation_functions_count=10
cascade_activation_functions=3 5 7 8 10 11 14 15 16 17 
cascade_activation_steepnesses_count=4
cascade_activation_steepnesses=2.50000000000000000000e-01 5.00000000000000000000e-01 7.50000000000000000000e-01 1.00000000000000000000e+00 
layer_sizes=8 4 2 
scale_included=0
neurons (num_inputs, activation_function, activation_steepness)=(0, 0, 0.00000000000000000000e+00) (0, 0, 0.00000000000000000000e+00) (0, 0, 0.00000000000000000000e+00) (0, 0, 0.00000000000000000000e+00) (0, 0, 0.00000000000000000000e+00) (0, 0, 0.00000000000000000000e+00) (0, 0, 0.00000000000000000000e+00) (0, 0, 0.00000000000000000000e+00) (8, 6, 5.00000000000000000000e-01) (8, 6, 5.00000000000000000000e-01) (8, 6, 5.00000000000000000000e-01) (0, 6, 0.00000000000000000000e+00) (4, 4, 5.00000000000000000000e-01) (0, 4, 0.00000000000000000000e+00) 
connections (connected_to_neuron, weight)=(0, -6.00147732086000029739e-01) (1, 7.05141670165152278926e-01) (2, 4.72564178667475354167e-01) (3, 4.16713607258569485037e-01) (4, 7.11986195189950654694e-01) (5, -1.36285450921188766582e-01) (6, -1.47831312672791259644e-01) (7, -4.06687558565469953198e-01) (0, -1.47885405592578056400e+00) (1, 1.65090125429416789693e+00) (2, 1.11831287900306941552e+00) (3, 1.13794740567035868040e+00) (4, 1.75248590184826702476e+00) (5, -2.59331062307046000814e-01) (6, -5.23267805158149523770e-01) (7, -1.15076399840517029638e+00) (0, -1.46718505345242622440e+00) (1, 1.74930529671693890670e+00) (2, 1.21001268038847209496e+00) (3, 1.18724014142580225339e+00) (4, 1.57078024073023692075e+00) (5, -2.36068606247590129232e-01) (6, -3.57482850133430118955e-01) (7, -1.17033218093318924780e+00) (8, 2.35946267859887548468e+00) (9, 2.39981297820302401647e+01) (10, 2.40041424452754412755e+01) (11, -1.21461615212364204552e+00) 
