FANN_FLO_2.1
num_layers=3
learning_rate=0.700000
connection_rate=1.000000
network_type=0
learning_momentum=0.000000
training_algorithm=2
train_error_function=1
train_stop_function=1
cascade_output_change_fraction=0.010000
quickprop_decay=-0.000100
quickprop_mu=1.750000
rprop_increase_factor=1.200000
rprop_decrease_factor=0.500000
rprop_delta_min=0.000000
rprop_delta_max=50.000000
rprop_delta_zero=0.100000
cascade_output_stagnation_epochs=12
cascade_candidate_change_fraction=0.010000
cascade_candidate_stagnation_epochs=12
cascade_max_out_epochs=150
cascade_min_out_epochs=50
cascade_max_cand_epochs=150
cascade_min_cand_epochs=50
cascade_num_candidate_groups=2
bit_fail_limit=1.00000000000000005551e-01
cascade_candidate_limit=1.00000000000000000000e+03
cascade_weight_multiplier=4.00000000000000022204e-01
cascade_activation_functions_count=10
cascade_activation_functions=3 5 7 8 10 11 14 15 16 17 
cascade_activation_steepnesses_count=4
cascade_activation_steepnesses=2.50000000000000000000e-01 5.00000000000000000000e-01 7.50000000000000000000e-01 1.00000000000000000000e+00 
layer_sizes=11 4 2 
scale_included=0
neurons (num_inputs, activation_function, activation_steepness)=(0, 0, 0.00000000000000000000e+00) (0, 0, 0.00000000000000000000e+00) (0, 0, 0.00000000000000000000e+00) (0, 0, 0.00000000000000000000e+00) (0, 0, 0.00000000000000000000e+00) (0, 0, 0.00000000000000000000e+00) (0, 0, 0.00000000000000000000e+00) (0, 0, 0.00000000000000000000e+00) (0, 0, 0.00000000000000000000e+00) (0, 0, 0.00000000000000000000e+00) (0, 0, 0.00000000000000000000e+00) (11, 6, 5.00000000000000000000e-01) (11, 6, 5.00000000000000000000e-01) (11, 6, 5.00000000000000000000e-01) (0, 6, 0.00000000000000000000e+00) (4, 4, 5.00000000000000000000e-01) (0, 4, 0.00000000000000000000e+00) 
connections (connected_to_neuron, weight)=(0, 1.15380696036652263814e+00) (1, -1.71252946117397408798e+00) (2, -1.87406182625827488764e+00) (3, 1.88134960128397032975e+00) (4, -1.46234996995748778303e+00) (5, 7.54804420758669714075e-01) (6, 1.72571198906106060278e-01) (7, 1.20824789673676624702e+00) (8, 1.83633522087588607619e+00) (9, -1.88387507836849987797e+00) (10, 1.31322662769665154947e+00) (0, 9.69360387109076460099e-01) (1, -6.51288185732802782368e-01) (2, -1.92104837635097203119e+00) (3, 1.87379943622678801773e+00) (4, -1.51651331416191337276e+00) (5, 1.10537122149876432253e+00) (6, 1.66900316144627636206e-01) (7, 1.24625875473609104560e+00) (8, 1.78464508945002853224e+00) (9, -1.82144032310278713993e+00) (10, 1.32973149656166467203e+00) (0, -9.96829391715172929977e-01) (1, 1.21449595208226979182e+00) (2, 5.26023860320723102291e+00) (3, -7.27698631223913650068e-02) (4, 6.11579973133010379449e-01) (5, 2.66783037006336032348e+00) (6, 8.15418506109302776430e-01) (7, -6.30525124474261677854e-01) (8, -8.03709138518789112382e-01) (9, 6.09459659713428791861e+00) (10, -1.44203052393083197558e+00) (11, -1.99242742697499615190e+01) (12, -6.64553814062440029176e+00) (13, 4.70310878090914030736e+00) (14, -1.28191388850067244931e+00) 
