FANN_FLO_2.1
num_layers=3
learning_rate=0.700000
connection_rate=1.000000
network_type=0
learning_momentum=0.000000
training_algorithm=2
train_error_function=1
train_stop_function=1
cascade_output_change_fraction=0.010000
quickprop_decay=-0.000100
quickprop_mu=1.750000
rprop_increase_factor=1.200000
rprop_decrease_factor=0.500000
rprop_delta_min=0.000000
rprop_delta_max=50.000000
rprop_delta_zero=0.100000
cascade_output_stagnation_epochs=12
cascade_candidate_change_fraction=0.010000
cascade_candidate_stagnation_epochs=12
cascade_max_out_epochs=150
cascade_min_out_epochs=50
cascade_max_cand_epochs=150
cascade_min_cand_epochs=50
cascade_num_candidate_groups=2
bit_fail_limit=1.00000000000000005551e-01
cascade_candidate_limit=1.00000000000000000000e+03
cascade_weight_multiplier=4.00000000000000022204e-01
cascade_activation_functions_count=10
cascade_activation_functions=3 5 7 8 10 11 14 15 16 17 
cascade_activation_steepnesses_count=4
cascade_activation_steepnesses=2.50000000000000000000e-01 5.00000000000000000000e-01 7.50000000000000000000e-01 1.00000000000000000000e+00 
layer_sizes=9 4 2 
scale_included=0
neurons (num_inputs, activation_function, activation_steepness)=(0, 0, 0.00000000000000000000e+00) (0, 0, 0.00000000000000000000e+00) (0, 0, 0.00000000000000000000e+00) (0, 0, 0.00000000000000000000e+00) (0, 0, 0.00000000000000000000e+00) (0, 0, 0.00000000000000000000e+00) (0, 0, 0.00000000000000000000e+00) (0, 0, 0.00000000000000000000e+00) (0, 0, 0.00000000000000000000e+00) (9, 6, 5.00000000000000000000e-01) (9, 6, 5.00000000000000000000e-01) (9, 6, 5.00000000000000000000e-01) (0, 6, 0.00000000000000000000e+00) (4, 4, 5.00000000000000000000e-01) (0, 4, 0.00000000000000000000e+00) 
connections (connected_to_neuron, weight)=(0, -9.93621415492096460298e+00) (1, 1.83202061262273740994e+00) (2, 1.73687236123012489486e+00) (3, 2.64010051346250440574e-01) (4, 1.85617426557931142206e+00) (5, -2.17929500819408472623e+00) (6, -3.29129869424056531457e-01) (7, 1.89782112641746891768e+00) (8, -1.36575602507662341445e+00) (0, -1.41069340115749053410e+00) (1, 3.96657748106777618968e-01) (2, 9.28730744541360619948e-01) (3, 9.07351994267018735485e-01) (4, 5.43650489699487815543e-01) (5, 1.85097305428446268216e-01) (6, 1.58967766366907542475e-01) (7, 6.69977907251098514507e-01) (8, -4.73074517550979956049e-01) (0, 3.71952473874465372461e+00) (1, -2.22210393796181904236e+00) (2, -1.24375297043164811939e+00) (3, -4.99462322391140189914e-01) (4, -4.18990066104652125745e+00) (5, 1.21154805017244251997e-01) (6, -3.20443206194351848382e-01) (7, -4.01251430129338171326e+00) (8, 3.22392959068033002623e+00) (9, 1.57069608558487932015e+01) (10, 3.68054771780079004184e-01) (11, -1.32806414576128890559e+01) (12, -9.70000718676252371431e-01) 
