FANN_FLO_2.1
num_layers=3
learning_rate=0.700000
connection_rate=1.000000
network_type=0
learning_momentum=0.000000
training_algorithm=2
train_error_function=1
train_stop_function=1
cascade_output_change_fraction=0.010000
quickprop_decay=-0.000100
quickprop_mu=1.750000
rprop_increase_factor=1.200000
rprop_decrease_factor=0.500000
rprop_delta_min=0.000000
rprop_delta_max=50.000000
rprop_delta_zero=0.100000
cascade_output_stagnation_epochs=12
cascade_candidate_change_fraction=0.010000
cascade_candidate_stagnation_epochs=12
cascade_max_out_epochs=150
cascade_min_out_epochs=50
cascade_max_cand_epochs=150
cascade_min_cand_epochs=50
cascade_num_candidate_groups=2
bit_fail_limit=1.00000000000000005551e-01
cascade_candidate_limit=1.00000000000000000000e+03
cascade_weight_multiplier=4.00000000000000022204e-01
cascade_activation_functions_count=10
cascade_activation_functions=3 5 7 8 10 11 14 15 16 17 
cascade_activation_steepnesses_count=4
cascade_activation_steepnesses=2.50000000000000000000e-01 5.00000000000000000000e-01 7.50000000000000000000e-01 1.00000000000000000000e+00 
layer_sizes=9 4 2 
scale_included=0
neurons (num_inputs, activation_function, activation_steepness)=(0, 0, 0.00000000000000000000e+00) (0, 0, 0.00000000000000000000e+00) (0, 0, 0.00000000000000000000e+00) (0, 0, 0.00000000000000000000e+00) (0, 0, 0.00000000000000000000e+00) (0, 0, 0.00000000000000000000e+00) (0, 0, 0.00000000000000000000e+00) (0, 0, 0.00000000000000000000e+00) (0, 0, 0.00000000000000000000e+00) (9, 6, 5.00000000000000000000e-01) (9, 6, 5.00000000000000000000e-01) (9, 6, 5.00000000000000000000e-01) (0, 6, 0.00000000000000000000e+00) (4, 4, 5.00000000000000000000e-01) (0, 4, 0.00000000000000000000e+00) 
connections (connected_to_neuron, weight)=(0, 1.58886744984431205197e+00) (1, -1.09960821543557618618e+00) (2, -1.00648587345266204984e+00) (3, -6.30091273191207834614e-01) (4, -3.98341463004918638902e+00) (5, 1.75672345020813880367e+00) (6, 1.20229166757864058823e+00) (7, -3.90837545873292535603e+00) (8, 1.78973667004580638817e+00) (0, -2.13232084898997165112e+00) (1, 1.49387625327897022309e+00) (2, 9.73750614481299625602e-01) (3, 7.01487719590988212381e-01) (4, 5.83901114933592424450e-01) (5, -2.25121050118256427197e+00) (6, -6.58178180061592899008e-01) (7, 6.35734858893719056994e-01) (8, -1.36238182081805780932e+00) (0, -2.30028652190018512158e+00) (1, 1.47891843529752753383e+00) (2, 9.30257202046244846549e-01) (3, 7.29882195170249992167e-01) (4, 6.51227854364019864697e-01) (5, -1.71055695492849801909e+00) (6, -7.40285046004071078940e-01) (7, 1.09360604030929220443e+00) (8, -1.55088196762694185971e+00) (9, -1.52163980737589792369e+01) (10, 6.51752389161720646626e+00) (11, 1.50248012707390206089e+01) (12, -8.30400625818955906432e-01) 
