FANN_FLO_2.1
num_layers=3
learning_rate=0.700000
connection_rate=1.000000
network_type=0
learning_momentum=0.000000
training_algorithm=2
train_error_function=1
train_stop_function=1
cascade_output_change_fraction=0.010000
quickprop_decay=-0.000100
quickprop_mu=1.750000
rprop_increase_factor=1.200000
rprop_decrease_factor=0.500000
rprop_delta_min=0.000000
rprop_delta_max=50.000000
rprop_delta_zero=0.100000
cascade_output_stagnation_epochs=12
cascade_candidate_change_fraction=0.010000
cascade_candidate_stagnation_epochs=12
cascade_max_out_epochs=150
cascade_min_out_epochs=50
cascade_max_cand_epochs=150
cascade_min_cand_epochs=50
cascade_num_candidate_groups=2
bit_fail_limit=1.00000000000000005551e-01
cascade_candidate_limit=1.00000000000000000000e+03
cascade_weight_multiplier=4.00000000000000022204e-01
cascade_activation_functions_count=10
cascade_activation_functions=3 5 7 8 10 11 14 15 16 17 
cascade_activation_steepnesses_count=4
cascade_activation_steepnesses=2.50000000000000000000e-01 5.00000000000000000000e-01 7.50000000000000000000e-01 1.00000000000000000000e+00 
layer_sizes=14 4 2 
scale_included=0
neurons (num_inputs, activation_function, activation_steepness)=(0, 0, 0.00000000000000000000e+00) (0, 0, 0.00000000000000000000e+00) (0, 0, 0.00000000000000000000e+00) (0, 0, 0.00000000000000000000e+00) (0, 0, 0.00000000000000000000e+00) (0, 0, 0.00000000000000000000e+00) (0, 0, 0.00000000000000000000e+00) (0, 0, 0.00000000000000000000e+00) (0, 0, 0.00000000000000000000e+00) (0, 0, 0.00000000000000000000e+00) (0, 0, 0.00000000000000000000e+00) (0, 0, 0.00000000000000000000e+00) (0, 0, 0.00000000000000000000e+00) (0, 0, 0.00000000000000000000e+00) (14, 6, 5.00000000000000000000e-01) (14, 6, 5.00000000000000000000e-01) (14, 6, 5.00000000000000000000e-01) (0, 6, 0.00000000000000000000e+00) (4, 4, 5.00000000000000000000e-01) (0, 4, 0.00000000000000000000e+00) 
connections (connected_to_neuron, weight)=(0, -3.39896944041367898848e+00) (1, 1.84876195953744848488e+00) (2, 3.00613309302878040086e+00) (3, -1.11088025766062870048e+00) (4, -7.55570185338734101599e-01) (5, 1.69569099547838031405e+00) (6, 2.79320502738364118134e-01) (7, 1.23022615490238917957e+00) (8, -8.11761539156664935213e-01) (9, -3.40047702455728106941e+00) (10, -4.58856417341230615747e-01) (11, -3.44117396141678666410e+00) (12, 7.89284869883958406511e-01) (13, -8.88056390252694893839e-01) (0, -8.61105400560621681016e-02) (1, 4.99931200113488016790e-01) (2, 5.53824649651124434335e-01) (3, -2.51615659002627986562e-03) (4, 1.12301420265711673907e-01) (5, 2.53143083825850601087e-01) (6, 2.27619814112442253595e-01) (7, 3.32165105785175951425e+00) (8, -1.62721994654317914097e-01) (9, 6.07642803768110376095e-02) (10, 2.62254699336433527712e-01) (11, -1.44367967606882474652e-01) (12, 1.15547991153941964626e+00) (13, 5.89430772430673197149e-02) (0, -6.01058604305298005421e-01) (1, 2.70662786348055739438e-01) (2, 1.21793299622840756058e+00) (3, 8.49740234669300320558e-02) (4, -1.25829716509305189476e-01) (5, 8.75890344674082110821e-01) (6, 4.63433342102584577837e-01) (7, 5.20452350413391995332e-01) (8, -2.44365746447663317875e-01) (9, -3.42101517355525852615e-01) (10, -1.25543255208125908301e-02) (11, -3.04730828142249943191e-01) (12, 2.02188622494855391176e-01) (13, -1.06447686714786892564e-02) (14, 2.76100653189707720969e+01) (15, 3.31751548768716597593e-01) (16, 4.80788559168211504513e-01) (17, -2.15564434042921915236e+00) 
