FANN_FLO_2.1
num_layers=3
learning_rate=0.700000
connection_rate=1.000000
network_type=0
learning_momentum=0.000000
training_algorithm=2
train_error_function=1
train_stop_function=1
cascade_output_change_fraction=0.010000
quickprop_decay=-0.000100
quickprop_mu=1.750000
rprop_increase_factor=1.200000
rprop_decrease_factor=0.500000
rprop_delta_min=0.000000
rprop_delta_max=50.000000
rprop_delta_zero=0.100000
cascade_output_stagnation_epochs=12
cascade_candidate_change_fraction=0.010000
cascade_candidate_stagnation_epochs=12
cascade_max_out_epochs=150
cascade_min_out_epochs=50
cascade_max_cand_epochs=150
cascade_min_cand_epochs=50
cascade_num_candidate_groups=2
bit_fail_limit=1.00000000000000005551e-01
cascade_candidate_limit=1.00000000000000000000e+03
cascade_weight_multiplier=4.00000000000000022204e-01
cascade_activation_functions_count=10
cascade_activation_functions=3 5 7 8 10 11 14 15 16 17 
cascade_activation_steepnesses_count=4
cascade_activation_steepnesses=2.50000000000000000000e-01 5.00000000000000000000e-01 7.50000000000000000000e-01 1.00000000000000000000e+00 
layer_sizes=13 4 2 
scale_included=0
neurons (num_inputs, activation_function, activation_steepness)=(0, 0, 0.00000000000000000000e+00) (0, 0, 0.00000000000000000000e+00) (0, 0, 0.00000000000000000000e+00) (0, 0, 0.00000000000000000000e+00) (0, 0, 0.00000000000000000000e+00) (0, 0, 0.00000000000000000000e+00) (0, 0, 0.00000000000000000000e+00) (0, 0, 0.00000000000000000000e+00) (0, 0, 0.00000000000000000000e+00) (0, 0, 0.00000000000000000000e+00) (0, 0, 0.00000000000000000000e+00) (0, 0, 0.00000000000000000000e+00) (0, 0, 0.00000000000000000000e+00) (13, 6, 5.00000000000000000000e-01) (13, 6, 5.00000000000000000000e-01) (13, 6, 5.00000000000000000000e-01) (0, 6, 0.00000000000000000000e+00) (4, 4, 5.00000000000000000000e-01) (0, 4, 0.00000000000000000000e+00) 
connections (connected_to_neuron, weight)=(0, -1.24297209500692051876e+00) (1, 2.35076125241208400141e+00) (2, -1.85012013983608158973e+00) (3, -4.92760753836744724854e-01) (4, 1.16774252679478995898e-01) (5, -1.88487779273671196556e+00) (6, -1.58518445770236504622e+00) (7, -3.11054904586337066519e+00) (8, 5.51292334220571111914e-01) (9, -6.26295041410400085691e-03) (10, 1.32890751047537425400e+00) (11, -7.84035559212031829546e-01) (12, -8.18662960415883267373e-01) (0, -2.22802079754653714616e+00) (1, 5.02341753064308260690e+00) (2, -3.61149723178840176274e+00) (3, -1.46006611475162428881e+00) (4, 1.33049575992804203217e-01) (5, -2.97154209763053200888e+00) (6, -1.14209229291208025359e+00) (7, -2.33776591873787964460e+00) (8, 3.26234803688225050156e-01) (9, -1.52692211881094008774e+00) (10, 1.58177908044028758816e-01) (11, -1.05514135844406697906e+00) (12, -6.64164011589316150008e-01) (0, -1.09373651116512005110e+00) (1, 2.39256781614709268524e+00) (2, -1.76744393405199917702e+00) (3, -5.79617051985376829926e-01) (4, 1.07070802774560339121e-01) (5, -1.93152331485432671165e+00) (6, -1.58679342175814164229e+00) (7, -3.04804803258440948355e+00) (8, 5.46689659825725149389e-01) (9, 1.71378226332076821770e+00) (10, 1.26652399285242656113e+00) (11, -5.02391095894049732884e-01) (12, -8.52965150362057888955e-01) (13, 7.42140167636784298111e+00) (14, 5.11715425821260971873e+00) (15, 5.30603841752655114306e+00) (16, -4.16824643171970821154e-01) 
