FANN_FLO_2.1
num_layers=3
learning_rate=0.700000
connection_rate=1.000000
network_type=0
learning_momentum=0.000000
training_algorithm=2
train_error_function=1
train_stop_function=1
cascade_output_change_fraction=0.010000
quickprop_decay=-0.000100
quickprop_mu=1.750000
rprop_increase_factor=1.200000
rprop_decrease_factor=0.500000
rprop_delta_min=0.000000
rprop_delta_max=50.000000
rprop_delta_zero=0.100000
cascade_output_stagnation_epochs=12
cascade_candidate_change_fraction=0.010000
cascade_candidate_stagnation_epochs=12
cascade_max_out_epochs=150
cascade_min_out_epochs=50
cascade_max_cand_epochs=150
cascade_min_cand_epochs=50
cascade_num_candidate_groups=2
bit_fail_limit=1.00000000000000005551e-01
cascade_candidate_limit=1.00000000000000000000e+03
cascade_weight_multiplier=4.00000000000000022204e-01
cascade_activation_functions_count=10
cascade_activation_functions=3 5 7 8 10 11 14 15 16 17 
cascade_activation_steepnesses_count=4
cascade_activation_steepnesses=2.50000000000000000000e-01 5.00000000000000000000e-01 7.50000000000000000000e-01 1.00000000000000000000e+00 
layer_sizes=12 4 2 
scale_included=0
neurons (num_inputs, activation_function, activation_steepness)=(0, 0, 0.00000000000000000000e+00) (0, 0, 0.00000000000000000000e+00) (0, 0, 0.00000000000000000000e+00) (0, 0, 0.00000000000000000000e+00) (0, 0, 0.00000000000000000000e+00) (0, 0, 0.00000000000000000000e+00) (0, 0, 0.00000000000000000000e+00) (0, 0, 0.00000000000000000000e+00) (0, 0, 0.00000000000000000000e+00) (0, 0, 0.00000000000000000000e+00) (0, 0, 0.00000000000000000000e+00) (0, 0, 0.00000000000000000000e+00) (12, 6, 5.00000000000000000000e-01) (12, 6, 5.00000000000000000000e-01) (12, 6, 5.00000000000000000000e-01) (0, 6, 0.00000000000000000000e+00) (4, 4, 5.00000000000000000000e-01) (0, 4, 0.00000000000000000000e+00) 
connections (connected_to_neuron, weight)=(0, -1.55855636473384784324e+00) (1, 4.96952453343245559303e-01) (2, 5.50664797168732622623e-01) (3, 1.28704315358013920978e+00) (4, -1.99419828881513949703e+00) (5, 2.70076469334289761548e+01) (6, 2.70866584333107205396e+01) (7, 7.07737795278747472416e-01) (8, 1.01966097899779439828e+00) (9, 4.86129540766317480571e-01) (10, -5.18991526957393478625e+00) (11, -1.58534797937730453921e-01) (0, -2.95243204573123141365e-01) (1, 2.50560942552146337370e-01) (2, 3.07726002791274377834e-01) (3, 1.80062392015837763326e-01) (4, -1.87905505446629983446e-01) (5, 4.61872199174022668444e+00) (6, 4.61751631643629067980e+00) (7, 1.87948471742925865557e-01) (8, 3.52573321848396292744e-01) (9, 6.06479954891560590902e-01) (10, -6.84143204761209822173e-01) (11, -5.28933853477215887295e-02) (0, -1.48125833447662280662e+00) (1, 5.21729314414832168190e-01) (2, 1.37133475176945829332e+00) (3, 1.22694473647684865192e+00) (4, -1.86977887158286448788e+00) (5, 2.70473293068334790235e+01) (6, 2.70348051788732739453e+01) (7, 7.62563190624435338627e-01) (8, 9.62813592935649276150e-01) (9, 3.04203335012037279217e-01) (10, -5.22482319172263931506e+00) (11, -1.22824343950608858012e-01) (12, 2.70111656861827107434e+01) (13, 3.46171056932919662952e-01) (14, 1.87599159855752297688e+01) (15, -2.48031393931828464394e-01) 
