FANN_FLO_2.1
num_layers=3
learning_rate=0.700000
connection_rate=1.000000
network_type=0
learning_momentum=0.000000
training_algorithm=2
train_error_function=1
train_stop_function=1
cascade_output_change_fraction=0.010000
quickprop_decay=-0.000100
quickprop_mu=1.750000
rprop_increase_factor=1.200000
rprop_decrease_factor=0.500000
rprop_delta_min=0.000000
rprop_delta_max=50.000000
rprop_delta_zero=0.100000
cascade_output_stagnation_epochs=12
cascade_candidate_change_fraction=0.010000
cascade_candidate_stagnation_epochs=12
cascade_max_out_epochs=150
cascade_min_out_epochs=50
cascade_max_cand_epochs=150
cascade_min_cand_epochs=50
cascade_num_candidate_groups=2
bit_fail_limit=1.00000000000000005551e-01
cascade_candidate_limit=1.00000000000000000000e+03
cascade_weight_multiplier=4.00000000000000022204e-01
cascade_activation_functions_count=10
cascade_activation_functions=3 5 7 8 10 11 14 15 16 17 
cascade_activation_steepnesses_count=4
cascade_activation_steepnesses=2.50000000000000000000e-01 5.00000000000000000000e-01 7.50000000000000000000e-01 1.00000000000000000000e+00 
layer_sizes=7 4 2 
scale_included=0
neurons (num_inputs, activation_function, activation_steepness)=(0, 0, 0.00000000000000000000e+00) (0, 0, 0.00000000000000000000e+00) (0, 0, 0.00000000000000000000e+00) (0, 0, 0.00000000000000000000e+00) (0, 0, 0.00000000000000000000e+00) (0, 0, 0.00000000000000000000e+00) (0, 0, 0.00000000000000000000e+00) (7, 6, 5.00000000000000000000e-01) (7, 6, 5.00000000000000000000e-01) (7, 6, 5.00000000000000000000e-01) (0, 6, 0.00000000000000000000e+00) (4, 4, 5.00000000000000000000e-01) (0, 4, 0.00000000000000000000e+00) 
connections (connected_to_neuron, weight)=(0, 3.92686152874813299007e+00) (1, -2.99900951011571681448e+00) (2, -3.46635347792364534314e+00) (3, 7.67290077244259460798e-01) (4, 8.41302962107800977876e-01) (5, 8.56024214131974714448e-01) (6, 2.36718755520801860115e+00) (0, 4.10724189827721009038e+00) (1, -2.29782077423943054129e+00) (2, -2.58148304173247211679e+00) (3, -9.82424730434607207386e-01) (4, 1.23220829298922662787e+00) (5, -5.79438614344100377807e-01) (6, 2.56724793532988826428e+00) (0, -4.50078757047451372131e+00) (1, 1.64133505055405604089e+00) (2, 1.85602039461328027770e+00) (3, -5.22484747389487691471e-01) (4, -1.65853670042090550751e+00) (5, -1.53174187790684834809e+00) (6, -8.04617064871932408110e-01) (7, -6.53632078303949271003e+00) (8, -3.08605687592977639966e+00) (9, 3.01749222241627990115e+00) (10, -9.97823258318476957740e-01) 
