FANN_FLO_2.1
num_layers=3
learning_rate=0.700000
connection_rate=1.000000
network_type=0
learning_momentum=0.000000
training_algorithm=2
train_error_function=1
train_stop_function=1
cascade_output_change_fraction=0.010000
quickprop_decay=-0.000100
quickprop_mu=1.750000
rprop_increase_factor=1.200000
rprop_decrease_factor=0.500000
rprop_delta_min=0.000000
rprop_delta_max=50.000000
rprop_delta_zero=0.100000
cascade_output_stagnation_epochs=12
cascade_candidate_change_fraction=0.010000
cascade_candidate_stagnation_epochs=12
cascade_max_out_epochs=150
cascade_min_out_epochs=50
cascade_max_cand_epochs=150
cascade_min_cand_epochs=50
cascade_num_candidate_groups=2
bit_fail_limit=1.00000000000000005551e-01
cascade_candidate_limit=1.00000000000000000000e+03
cascade_weight_multiplier=4.00000000000000022204e-01
cascade_activation_functions_count=10
cascade_activation_functions=3 5 7 8 10 11 14 15 16 17 
cascade_activation_steepnesses_count=4
cascade_activation_steepnesses=2.50000000000000000000e-01 5.00000000000000000000e-01 7.50000000000000000000e-01 1.00000000000000000000e+00 
layer_sizes=8 4 2 
scale_included=0
neurons (num_inputs, activation_function, activation_steepness)=(0, 0, 0.00000000000000000000e+00) (0, 0, 0.00000000000000000000e+00) (0, 0, 0.00000000000000000000e+00) (0, 0, 0.00000000000000000000e+00) (0, 0, 0.00000000000000000000e+00) (0, 0, 0.00000000000000000000e+00) (0, 0, 0.00000000000000000000e+00) (0, 0, 0.00000000000000000000e+00) (8, 6, 5.00000000000000000000e-01) (8, 6, 5.00000000000000000000e-01) (8, 6, 5.00000000000000000000e-01) (0, 6, 0.00000000000000000000e+00) (4, 4, 5.00000000000000000000e-01) (0, 4, 0.00000000000000000000e+00) 
connections (connected_to_neuron, weight)=(0, 1.16436168249252802731e+00) (1, -1.45253097349711990383e+00) (2, -1.20419091940278422115e+00) (3, 7.75297391406322922158e-01) (4, 8.41834381795551478511e-01) (5, 7.89998385301853622842e-01) (6, 3.82759443012479716462e-01) (7, 8.10384015730644668984e-01) (0, 1.14382902975681788327e+00) (1, -1.30288716489383338271e+00) (2, -1.66741709238493651668e+00) (3, 8.24999313048149551797e-01) (4, 8.15734568229938949990e-01) (5, 7.97671976677204574990e-01) (6, 7.13046136425741661213e-01) (7, 8.44083975247169937539e-01) (0, -1.05519515151403697750e+00) (1, 6.37194498433683809147e-01) (2, 9.96292025660678648435e-01) (3, -2.58415230387703975801e-01) (4, 5.18560781316724367374e-04) (5, -1.19250793391749998484e+00) (6, 1.73312518251868663555e-01) (7, 1.99535383383471737195e-01) (8, -8.50595518258596072769e+00) (9, -1.86266311148288217225e+01) (10, 6.08213258054309036105e-01) (11, -2.68847330732733202918e-01) 
