FANN_FLO_2.1
num_layers=3
learning_rate=0.700000
connection_rate=1.000000
network_type=0
learning_momentum=0.000000
training_algorithm=2
train_error_function=1
train_stop_function=1
cascade_output_change_fraction=0.010000
quickprop_decay=-0.000100
quickprop_mu=1.750000
rprop_increase_factor=1.200000
rprop_decrease_factor=0.500000
rprop_delta_min=0.000000
rprop_delta_max=50.000000
rprop_delta_zero=0.100000
cascade_output_stagnation_epochs=12
cascade_candidate_change_fraction=0.010000
cascade_candidate_stagnation_epochs=12
cascade_max_out_epochs=150
cascade_min_out_epochs=50
cascade_max_cand_epochs=150
cascade_min_cand_epochs=50
cascade_num_candidate_groups=2
bit_fail_limit=1.00000000000000005551e-01
cascade_candidate_limit=1.00000000000000000000e+03
cascade_weight_multiplier=4.00000000000000022204e-01
cascade_activation_functions_count=10
cascade_activation_functions=3 5 7 8 10 11 14 15 16 17 
cascade_activation_steepnesses_count=4
cascade_activation_steepnesses=2.50000000000000000000e-01 5.00000000000000000000e-01 7.50000000000000000000e-01 1.00000000000000000000e+00 
layer_sizes=12 4 2 
scale_included=0
neurons (num_inputs, activation_function, activation_steepness)=(0, 0, 0.00000000000000000000e+00) (0, 0, 0.00000000000000000000e+00) (0, 0, 0.00000000000000000000e+00) (0, 0, 0.00000000000000000000e+00) (0, 0, 0.00000000000000000000e+00) (0, 0, 0.00000000000000000000e+00) (0, 0, 0.00000000000000000000e+00) (0, 0, 0.00000000000000000000e+00) (0, 0, 0.00000000000000000000e+00) (0, 0, 0.00000000000000000000e+00) (0, 0, 0.00000000000000000000e+00) (0, 0, 0.00000000000000000000e+00) (12, 6, 5.00000000000000000000e-01) (12, 6, 5.00000000000000000000e-01) (12, 6, 5.00000000000000000000e-01) (0, 6, 0.00000000000000000000e+00) (4, 4, 5.00000000000000000000e-01) (0, 4, 0.00000000000000000000e+00) 
connections (connected_to_neuron, weight)=(0, -1.14444895710950511614e+00) (1, 2.36504791926670066005e+00) (2, 4.16149529584751431965e-01) (3, -2.27047983536152797601e-01) (4, 5.46663727505921764882e-02) (5, 2.23964401902488507989e-01) (6, 2.19662272753051612817e-01) (7, 3.37903112709015407411e-01) (8, 1.46577395971162760535e-01) (9, 3.28778871716788989588e-01) (10, 1.68858630935564135722e-01) (11, -1.74641983802448397256e+00) (0, -2.88130477925226591296e+00) (1, 1.04171250819550587075e+00) (2, 1.06699981007105604291e+00) (3, 9.84340663295691919998e-02) (4, -1.03130420186972354690e-01) (5, 9.57742416559432152567e-01) (6, 1.01769023334383024171e+00) (7, 9.32674711803623934792e-01) (8, 5.65444872688313338038e-01) (9, 1.05788490295288317711e+00) (10, 3.43399320955481868189e-01) (11, -1.27754065930369087312e+00) (0, -1.38788945890199011401e+00) (1, 1.78441870595477714012e+00) (2, 1.53483006824342682606e+00) (3, 9.14255525473939067993e-01) (4, -9.43435952005383104968e-01) (5, 1.17728404714896273120e+00) (6, 1.07048068954779695972e+00) (7, 1.25638097129673487196e+00) (8, 6.74535500144373356690e-01) (9, 1.11096350862814974292e+00) (10, 1.13777211479536163874e-01) (11, -1.72023312790548477125e+00) (12, 4.52317240057191871649e-01) (13, 5.49719738051821327218e+00) (14, 1.49719849954493078314e+01) (15, -2.34409624850961639808e+00) 
