FANN_FLO_2.1
num_layers=3
learning_rate=0.700000
connection_rate=1.000000
network_type=0
learning_momentum=0.000000
training_algorithm=2
train_error_function=1
train_stop_function=1
cascade_output_change_fraction=0.010000
quickprop_decay=-0.000100
quickprop_mu=1.750000
rprop_increase_factor=1.200000
rprop_decrease_factor=0.500000
rprop_delta_min=0.000000
rprop_delta_max=50.000000
rprop_delta_zero=0.100000
cascade_output_stagnation_epochs=12
cascade_candidate_change_fraction=0.010000
cascade_candidate_stagnation_epochs=12
cascade_max_out_epochs=150
cascade_min_out_epochs=50
cascade_max_cand_epochs=150
cascade_min_cand_epochs=50
cascade_num_candidate_groups=2
bit_fail_limit=1.00000000000000005551e-01
cascade_candidate_limit=1.00000000000000000000e+03
cascade_weight_multiplier=4.00000000000000022204e-01
cascade_activation_functions_count=10
cascade_activation_functions=3 5 7 8 10 11 14 15 16 17 
cascade_activation_steepnesses_count=4
cascade_activation_steepnesses=2.50000000000000000000e-01 5.00000000000000000000e-01 7.50000000000000000000e-01 1.00000000000000000000e+00 
layer_sizes=13 4 2 
scale_included=0
neurons (num_inputs, activation_function, activation_steepness)=(0, 0, 0.00000000000000000000e+00) (0, 0, 0.00000000000000000000e+00) (0, 0, 0.00000000000000000000e+00) (0, 0, 0.00000000000000000000e+00) (0, 0, 0.00000000000000000000e+00) (0, 0, 0.00000000000000000000e+00) (0, 0, 0.00000000000000000000e+00) (0, 0, 0.00000000000000000000e+00) (0, 0, 0.00000000000000000000e+00) (0, 0, 0.00000000000000000000e+00) (0, 0, 0.00000000000000000000e+00) (0, 0, 0.00000000000000000000e+00) (0, 0, 0.00000000000000000000e+00) (13, 6, 5.00000000000000000000e-01) (13, 6, 5.00000000000000000000e-01) (13, 6, 5.00000000000000000000e-01) (0, 6, 0.00000000000000000000e+00) (4, 4, 5.00000000000000000000e-01) (0, 4, 0.00000000000000000000e+00) 
connections (connected_to_neuron, weight)=(0, -4.29331683573207278926e+00) (1, 9.08521619712862271712e-01) (2, 4.69557644174610155918e-01) (3, 5.72727588545733024006e+00) (4, 6.39887150629422918335e-02) (5, -2.40996403254832003427e+00) (6, 1.25301168206015116624e+01) (7, 1.17647702287712152547e+00) (8, 4.44739258736441911424e+00) (9, 2.75620981803922471265e-01) (10, 1.53484899026963605984e+00) (11, -3.35221693617081817340e-01) (12, -8.03353662298222026550e-01) (0, -2.08733986170191698761e+00) (1, 1.20416443490538349614e+00) (2, 9.18222947073944806284e-01) (3, 1.38907780828914839688e+00) (4, 3.97594787403334937181e+00) (5, -2.82281431223000511821e+00) (6, 1.41066316700206395574e+00) (7, 1.85511394726811773559e-01) (8, -1.14612956773764394780e-02) (9, 5.04281584373074243111e-01) (10, 3.94924520722641148041e+00) (11, -1.22199402116027266985e+00) (12, -2.16518208236594089655e+00) (0, 3.09109350299814167329e+00) (1, -4.05849236060768525647e+00) (2, -1.02533768492332377775e+00) (3, -3.31976169211159444217e+00) (4, 1.87432177340349448436e+00) (5, 5.17521552754185432121e+00) (6, -2.90215884054047190688e+00) (7, -9.91611465573711714505e-01) (8, 2.34173174960787289223e+00) (9, -2.34668460292368807885e+00) (10, -1.94672592576969205602e+00) (11, -2.80112600929681265782e-01) (12, 2.02804734441534462164e+00) (13, 4.21719538249994130297e+00) (14, 8.52862015005139362245e+00) (15, -5.66711233197855168697e+00) (16, -1.70190232152989007197e+00) 
