FANN_FLO_2.1
num_layers=3
learning_rate=0.700000
connection_rate=1.000000
network_type=0
learning_momentum=0.000000
training_algorithm=2
train_error_function=1
train_stop_function=1
cascade_output_change_fraction=0.010000
quickprop_decay=-0.000100
quickprop_mu=1.750000
rprop_increase_factor=1.200000
rprop_decrease_factor=0.500000
rprop_delta_min=0.000000
rprop_delta_max=50.000000
rprop_delta_zero=0.100000
cascade_output_stagnation_epochs=12
cascade_candidate_change_fraction=0.010000
cascade_candidate_stagnation_epochs=12
cascade_max_out_epochs=150
cascade_min_out_epochs=50
cascade_max_cand_epochs=150
cascade_min_cand_epochs=50
cascade_num_candidate_groups=2
bit_fail_limit=1.00000000000000005551e-01
cascade_candidate_limit=1.00000000000000000000e+03
cascade_weight_multiplier=4.00000000000000022204e-01
cascade_activation_functions_count=10
cascade_activation_functions=3 5 7 8 10 11 14 15 16 17 
cascade_activation_steepnesses_count=4
cascade_activation_steepnesses=2.50000000000000000000e-01 5.00000000000000000000e-01 7.50000000000000000000e-01 1.00000000000000000000e+00 
layer_sizes=12 4 2 
scale_included=0
neurons (num_inputs, activation_function, activation_steepness)=(0, 0, 0.00000000000000000000e+00) (0, 0, 0.00000000000000000000e+00) (0, 0, 0.00000000000000000000e+00) (0, 0, 0.00000000000000000000e+00) (0, 0, 0.00000000000000000000e+00) (0, 0, 0.00000000000000000000e+00) (0, 0, 0.00000000000000000000e+00) (0, 0, 0.00000000000000000000e+00) (0, 0, 0.00000000000000000000e+00) (0, 0, 0.00000000000000000000e+00) (0, 0, 0.00000000000000000000e+00) (0, 0, 0.00000000000000000000e+00) (12, 6, 5.00000000000000000000e-01) (12, 6, 5.00000000000000000000e-01) (12, 6, 5.00000000000000000000e-01) (0, 6, 0.00000000000000000000e+00) (4, 4, 5.00000000000000000000e-01) (0, 4, 0.00000000000000000000e+00) 
connections (connected_to_neuron, weight)=(0, 6.66515114750488457673e+00) (1, -5.53019068793120283090e+00) (2, -4.20844576773710521422e+00) (3, 1.42120864433682059236e+00) (4, 5.00553058035363207523e-01) (5, -4.87134344745108460728e+00) (6, -2.28413607291443465641e+00) (7, -6.54767873410281797675e+00) (8, 1.84394378133973024791e-01) (9, -4.95351379234024857823e+00) (10, -3.39855661265118813574e+00) (11, 7.14884251271742954259e+00) (0, -1.66807613417021460833e+00) (1, 2.00938227650763856502e+00) (2, 2.60066968048909075151e+00) (3, -2.17932213491741688660e-01) (4, -5.99746267040324854136e-01) (5, -3.23676921784027959994e-01) (6, 1.65769854059612781194e-01) (7, 1.79590177019683627790e+00) (8, -3.96045510259353250593e-01) (9, -3.24823695990768490649e-01) (10, 1.48481775669138504892e-01) (11, -1.93213254903169762144e+00) (0, -6.91045411690939914706e-01) (1, 2.49984299039761692640e+00) (2, 5.20125021131422560217e-01) (3, -4.08749957443530986811e-01) (4, -4.58741585399612350482e-01) (5, -4.24622565311845376335e-02) (6, -5.94052388979110390643e-01) (7, 1.91244022631057414285e-01) (8, -2.33338137444387333508e-01) (9, -1.16617304067080818086e-01) (10, -2.87366712285854031261e-01) (11, -5.02778203055132988375e-01) (12, -3.56432624088575433774e+00) (13, 1.01126097328332225089e+01) (14, 1.94477694588595628744e+00) (15, -1.51785666551080788977e+00) 
