FANN_FLO_2.1
num_layers=3
learning_rate=0.700000
connection_rate=1.000000
network_type=0
learning_momentum=0.000000
training_algorithm=2
train_error_function=1
train_stop_function=1
cascade_output_change_fraction=0.010000
quickprop_decay=-0.000100
quickprop_mu=1.750000
rprop_increase_factor=1.200000
rprop_decrease_factor=0.500000
rprop_delta_min=0.000000
rprop_delta_max=50.000000
rprop_delta_zero=0.100000
cascade_output_stagnation_epochs=12
cascade_candidate_change_fraction=0.010000
cascade_candidate_stagnation_epochs=12
cascade_max_out_epochs=150
cascade_min_out_epochs=50
cascade_max_cand_epochs=150
cascade_min_cand_epochs=50
cascade_num_candidate_groups=2
bit_fail_limit=1.00000000000000005551e-01
cascade_candidate_limit=1.00000000000000000000e+03
cascade_weight_multiplier=4.00000000000000022204e-01
cascade_activation_functions_count=10
cascade_activation_functions=3 5 7 8 10 11 14 15 16 17 
cascade_activation_steepnesses_count=4
cascade_activation_steepnesses=2.50000000000000000000e-01 5.00000000000000000000e-01 7.50000000000000000000e-01 1.00000000000000000000e+00 
layer_sizes=8 4 2 
scale_included=0
neurons (num_inputs, activation_function, activation_steepness)=(0, 0, 0.00000000000000000000e+00) (0, 0, 0.00000000000000000000e+00) (0, 0, 0.00000000000000000000e+00) (0, 0, 0.00000000000000000000e+00) (0, 0, 0.00000000000000000000e+00) (0, 0, 0.00000000000000000000e+00) (0, 0, 0.00000000000000000000e+00) (0, 0, 0.00000000000000000000e+00) (8, 6, 5.00000000000000000000e-01) (8, 6, 5.00000000000000000000e-01) (8, 6, 5.00000000000000000000e-01) (0, 6, 0.00000000000000000000e+00) (4, 4, 5.00000000000000000000e-01) (0, 4, 0.00000000000000000000e+00) 
connections (connected_to_neuron, weight)=(0, 3.91698480732297804607e+00) (1, -2.38668915555321392574e+00) (2, -2.32508874714295288300e+00) (3, -2.53279777154251117821e+00) (4, -1.58396975621701763259e+00) (5, -2.40440080218988416760e+00) (6, -1.19535287974200898908e+00) (7, 3.88679848201131727947e+00) (0, 8.65897664991048032768e-01) (1, -6.34524621176007386225e-01) (2, -9.67850953205265596146e-01) (3, -1.37501798164417654569e-01) (4, 4.28158084567859809066e-02) (5, -3.02620581557180523546e-01) (6, -5.91829615637458131272e-02) (7, 1.95720093091646230032e-01) (0, -2.02668508185716156333e+00) (1, 1.82199169038451769254e+00) (2, 8.02605325318037965410e-01) (3, 6.21867515663760861422e-01) (4, 3.40209499105248447393e-01) (5, 1.40305682153922939293e+00) (6, -1.88044632731291072592e-01) (7, -1.90628187648242275465e+00) (8, -9.82478073056920386819e+00) (9, -9.17421641106920593423e-01) (10, 9.14374181260387963732e+00) (11, -2.14435571332870766881e+00) 
