FANN_FLO_2.1
num_layers=3
learning_rate=0.700000
connection_rate=1.000000
network_type=0
learning_momentum=0.000000
training_algorithm=2
train_error_function=1
train_stop_function=1
cascade_output_change_fraction=0.010000
quickprop_decay=-0.000100
quickprop_mu=1.750000
rprop_increase_factor=1.200000
rprop_decrease_factor=0.500000
rprop_delta_min=0.000000
rprop_delta_max=50.000000
rprop_delta_zero=0.100000
cascade_output_stagnation_epochs=12
cascade_candidate_change_fraction=0.010000
cascade_candidate_stagnation_epochs=12
cascade_max_out_epochs=150
cascade_min_out_epochs=50
cascade_max_cand_epochs=150
cascade_min_cand_epochs=50
cascade_num_candidate_groups=2
bit_fail_limit=1.00000000000000005551e-01
cascade_candidate_limit=1.00000000000000000000e+03
cascade_weight_multiplier=4.00000000000000022204e-01
cascade_activation_functions_count=10
cascade_activation_functions=3 5 7 8 10 11 14 15 16 17 
cascade_activation_steepnesses_count=4
cascade_activation_steepnesses=2.50000000000000000000e-01 5.00000000000000000000e-01 7.50000000000000000000e-01 1.00000000000000000000e+00 
layer_sizes=12 4 2 
scale_included=0
neurons (num_inputs, activation_function, activation_steepness)=(0, 0, 0.00000000000000000000e+00) (0, 0, 0.00000000000000000000e+00) (0, 0, 0.00000000000000000000e+00) (0, 0, 0.00000000000000000000e+00) (0, 0, 0.00000000000000000000e+00) (0, 0, 0.00000000000000000000e+00) (0, 0, 0.00000000000000000000e+00) (0, 0, 0.00000000000000000000e+00) (0, 0, 0.00000000000000000000e+00) (0, 0, 0.00000000000000000000e+00) (0, 0, 0.00000000000000000000e+00) (0, 0, 0.00000000000000000000e+00) (12, 6, 5.00000000000000000000e-01) (12, 6, 5.00000000000000000000e-01) (12, 6, 5.00000000000000000000e-01) (0, 6, 0.00000000000000000000e+00) (4, 4, 5.00000000000000000000e-01) (0, 4, 0.00000000000000000000e+00) 
connections (connected_to_neuron, weight)=(0, 1.61960731572869187644e+00) (1, -4.16188313932629228020e+00) (2, 9.44210288361598260032e-01) (3, 1.04190695379899311845e+00) (4, 9.41674900487948662864e-01) (5, 1.18986734459668563879e+00) (6, 1.14238754106432227609e+00) (7, -4.25656040133448243523e+00) (8, 5.82879598905127305208e-01) (9, 1.50538226077916847956e+00) (10, 2.35964611515532718400e+00) (11, 1.75818046308520203880e+00) (0, -8.08251555945866839714e-01) (1, 2.42124113169373833543e+00) (2, -1.52805760763184333983e-01) (3, -2.26650891303969342916e-01) (4, -3.80171977919878223418e-01) (5, -3.11506559532184479355e-01) (6, -2.26272863745642621724e-01) (7, 2.29251528260173209617e+00) (8, -1.76786704842364639223e-01) (9, -9.27054885461861433171e-01) (10, -8.78792081988263751313e-01) (11, -7.36021913524859683342e-01) (0, 4.94769557609736759796e-02) (1, 1.03217224357905856813e+00) (2, -4.69189637518686933348e-02) (3, 1.59325086879960914343e-01) (4, 1.18114447974400783165e-02) (5, 1.47845662977663577786e-01) (6, 3.36139662148875265069e-02) (7, 9.80713877363829533707e-01) (8, 2.32121725534924244760e-01) (9, -1.27812780111960871965e-01) (10, -2.75226293729952775635e-01) (11, -1.85348977375118018074e-01) (12, -6.98527229233376889539e+00) (13, 6.31441552364765623651e+00) (14, 1.10149994975362908178e+00) (15, -1.41280566074751812167e+00) 
