FANN_FLO_2.1
num_layers=3
learning_rate=0.700000
connection_rate=1.000000
network_type=0
learning_momentum=0.000000
training_algorithm=2
train_error_function=1
train_stop_function=1
cascade_output_change_fraction=0.010000
quickprop_decay=-0.000100
quickprop_mu=1.750000
rprop_increase_factor=1.200000
rprop_decrease_factor=0.500000
rprop_delta_min=0.000000
rprop_delta_max=50.000000
rprop_delta_zero=0.100000
cascade_output_stagnation_epochs=12
cascade_candidate_change_fraction=0.010000
cascade_candidate_stagnation_epochs=12
cascade_max_out_epochs=150
cascade_min_out_epochs=50
cascade_max_cand_epochs=150
cascade_min_cand_epochs=50
cascade_num_candidate_groups=2
bit_fail_limit=1.00000000000000005551e-01
cascade_candidate_limit=1.00000000000000000000e+03
cascade_weight_multiplier=4.00000000000000022204e-01
cascade_activation_functions_count=10
cascade_activation_functions=3 5 7 8 10 11 14 15 16 17 
cascade_activation_steepnesses_count=4
cascade_activation_steepnesses=2.50000000000000000000e-01 5.00000000000000000000e-01 7.50000000000000000000e-01 1.00000000000000000000e+00 
layer_sizes=18 4 2 
scale_included=0
neurons (num_inputs, activation_function, activation_steepness)=(0, 0, 0.00000000000000000000e+00) (0, 0, 0.00000000000000000000e+00) (0, 0, 0.00000000000000000000e+00) (0, 0, 0.00000000000000000000e+00) (0, 0, 0.00000000000000000000e+00) (0, 0, 0.00000000000000000000e+00) (0, 0, 0.00000000000000000000e+00) (0, 0, 0.00000000000000000000e+00) (0, 0, 0.00000000000000000000e+00) (0, 0, 0.00000000000000000000e+00) (0, 0, 0.00000000000000000000e+00) (0, 0, 0.00000000000000000000e+00) (0, 0, 0.00000000000000000000e+00) (0, 0, 0.00000000000000000000e+00) (0, 0, 0.00000000000000000000e+00) (0, 0, 0.00000000000000000000e+00) (0, 0, 0.00000000000000000000e+00) (0, 0, 0.00000000000000000000e+00) (18, 6, 5.00000000000000000000e-01) (18, 6, 5.00000000000000000000e-01) (18, 6, 5.00000000000000000000e-01) (0, 6, 0.00000000000000000000e+00) (4, 4, 5.00000000000000000000e-01) (0, 4, 0.00000000000000000000e+00) 
connections (connected_to_neuron, weight)=(0, 2.90670257242013452270e+00) (1, -1.30319103321439944132e+00) (2, -3.13213138972508908786e-01) (3, -7.86905024106014594487e-01) (4, 6.85920079271107763219e-01) (5, 6.81146778369137839704e-01) (6, -1.67138309932646444977e+00) (7, -9.17777156109067515644e-01) (8, -1.68766218227855269163e+00) (9, -6.63764869380857602810e-02) (10, -8.28685436303127631597e-01) (11, -7.11882162762580872339e-01) (12, -9.83685613485631438202e-01) (13, -8.01011697599245620083e-01) (14, -1.24472363832633359237e+00) (15, -7.24953002135938384676e-01) (16, -1.93870866561611276957e+00) (17, 1.84488922528781373877e+00) (0, -2.09776470737327036531e+00) (1, 2.21926301054009167402e+00) (2, 7.34163390675747096203e-01) (3, 1.78149184991164410974e+00) (4, -7.85965243280970088380e-02) (5, 7.88366909539590765554e-01) (6, -1.16325753798060604893e+00) (7, 1.97556838850397054053e+00) (8, 1.35716236679152735256e+00) (9, -1.62239407827176995713e-01) (10, 1.41751019284111023921e+00) (11, 1.51805433170608417015e+00) (12, 2.26913961973846678433e+00) (13, 1.80557334829611981775e+00) (14, 1.45220825767330197209e+00) (15, 4.31379840012596993404e-01) (16, 1.15865488535229244071e+00) (17, -1.96210984187317438732e+00) (0, -2.01164339409936410163e+00) (1, 2.08910984999784377081e+00) (2, 1.31568518055880101514e-01) (3, 1.90139564533276828051e+00) (4, -1.29808749437435727581e-01) (5, 6.74498427128683020193e-01) (6, 2.44246697076933999560e-01) (7, 2.01373339901584502698e+00) (8, 1.43811374454097040676e+00) (9, -4.34801631467723534441e-02) (10, 1.83051386137051785852e+00) (11, 1.60667759464792148094e+00) (12, 2.27109611985147719082e+00) (13, 1.83505486730976308252e+00) (14, 1.43750843618198631546e+00) (15, 3.85321527954148201900e-01) (16, 1.22589194214407481986e+00) (17, -1.91109927790356226573e+00) (18, -6.41480711590782348708e+00) (19, 8.60477946828551232272e+00) (20, 1.55916526293999790909e+01) (21, -1.02815384665741316184e+00) 
