FANN_FLO_2.1
num_layers=3
learning_rate=0.700000
connection_rate=1.000000
network_type=0
learning_momentum=0.000000
training_algorithm=2
train_error_function=1
train_stop_function=1
cascade_output_change_fraction=0.010000
quickprop_decay=-0.000100
quickprop_mu=1.750000
rprop_increase_factor=1.200000
rprop_decrease_factor=0.500000
rprop_delta_min=0.000000
rprop_delta_max=50.000000
rprop_delta_zero=0.100000
cascade_output_stagnation_epochs=12
cascade_candidate_change_fraction=0.010000
cascade_candidate_stagnation_epochs=12
cascade_max_out_epochs=150
cascade_min_out_epochs=50
cascade_max_cand_epochs=150
cascade_min_cand_epochs=50
cascade_num_candidate_groups=2
bit_fail_limit=1.00000000000000005551e-01
cascade_candidate_limit=1.00000000000000000000e+03
cascade_weight_multiplier=4.00000000000000022204e-01
cascade_activation_functions_count=10
cascade_activation_functions=3 5 7 8 10 11 14 15 16 17 
cascade_activation_steepnesses_count=4
cascade_activation_steepnesses=2.50000000000000000000e-01 5.00000000000000000000e-01 7.50000000000000000000e-01 1.00000000000000000000e+00 
layer_sizes=6 4 2 
scale_included=0
neurons (num_inputs, activation_function, activation_steepness)=(0, 0, 0.00000000000000000000e+00) (0, 0, 0.00000000000000000000e+00) (0, 0, 0.00000000000000000000e+00) (0, 0, 0.00000000000000000000e+00) (0, 0, 0.00000000000000000000e+00) (0, 0, 0.00000000000000000000e+00) (6, 6, 5.00000000000000000000e-01) (6, 6, 5.00000000000000000000e-01) (6, 6, 5.00000000000000000000e-01) (0, 6, 0.00000000000000000000e+00) (4, 4, 5.00000000000000000000e-01) (0, 4, 0.00000000000000000000e+00) 
connections (connected_to_neuron, weight)=(0, -3.47580206883589237776e+00) (1, 1.63550982447421211496e+00) (2, 7.38059824791808205546e-01) (3, 1.29855643360206607362e+00) (4, 2.20139492830445160365e+00) (5, -1.86469227406893711674e+00) (0, -3.58731834334770560702e+00) (1, 1.56412463266405432627e+00) (2, 7.26406312075514870585e-01) (3, 1.29072690902540210267e+00) (4, 2.30960304072310274037e+00) (5, -1.82244773540411930668e+00) (0, -2.61199600647481988691e-01) (1, 3.13519924531336591222e-01) (2, 3.09462141843822868825e-01) (3, 5.72338200452026324427e-01) (4, 9.39909249799206536480e-01) (5, -4.82604417158221136661e-04) (6, 1.39489652456643415945e+01) (7, 1.38979408236148209710e+01) (8, 6.03655054572761695653e-01) (9, -1.85668652771785724909e+00) 
