FANN_FLO_2.1
num_layers=3
learning_rate=0.700000
connection_rate=1.000000
network_type=0
learning_momentum=0.000000
training_algorithm=2
train_error_function=1
train_stop_function=1
cascade_output_change_fraction=0.010000
quickprop_decay=-0.000100
quickprop_mu=1.750000
rprop_increase_factor=1.200000
rprop_decrease_factor=0.500000
rprop_delta_min=0.000000
rprop_delta_max=50.000000
rprop_delta_zero=0.100000
cascade_output_stagnation_epochs=12
cascade_candidate_change_fraction=0.010000
cascade_candidate_stagnation_epochs=12
cascade_max_out_epochs=150
cascade_min_out_epochs=50
cascade_max_cand_epochs=150
cascade_min_cand_epochs=50
cascade_num_candidate_groups=2
bit_fail_limit=1.00000000000000005551e-01
cascade_candidate_limit=1.00000000000000000000e+03
cascade_weight_multiplier=4.00000000000000022204e-01
cascade_activation_functions_count=10
cascade_activation_functions=3 5 7 8 10 11 14 15 16 17 
cascade_activation_steepnesses_count=4
cascade_activation_steepnesses=2.50000000000000000000e-01 5.00000000000000000000e-01 7.50000000000000000000e-01 1.00000000000000000000e+00 
layer_sizes=10 4 2 
scale_included=0
neurons (num_inputs, activation_function, activation_steepness)=(0, 0, 0.00000000000000000000e+00) (0, 0, 0.00000000000000000000e+00) (0, 0, 0.00000000000000000000e+00) (0, 0, 0.00000000000000000000e+00) (0, 0, 0.00000000000000000000e+00) (0, 0, 0.00000000000000000000e+00) (0, 0, 0.00000000000000000000e+00) (0, 0, 0.00000000000000000000e+00) (0, 0, 0.00000000000000000000e+00) (0, 0, 0.00000000000000000000e+00) (10, 6, 5.00000000000000000000e-01) (10, 6, 5.00000000000000000000e-01) (10, 6, 5.00000000000000000000e-01) (0, 6, 0.00000000000000000000e+00) (4, 4, 5.00000000000000000000e-01) (0, 4, 0.00000000000000000000e+00) 
connections (connected_to_neuron, weight)=(0, -1.60342690070816473735e+01) (1, 3.47988752613154561644e+00) (2, -3.97463890720195056616e-01) (3, 1.93678096610423278179e+00) (4, 5.24571443528927483513e-01) (5, 8.98143666952473274101e-01) (6, 8.67009180754047870110e-01) (7, -2.28748326497853871064e-01) (8, -8.98076894117432633635e-01) (9, -1.04806044933183684087e+00) (0, -6.61996408430446248161e+00) (1, 2.75255871682946184897e-02) (2, 5.51162556328684694051e+00) (3, 3.47889839062764938404e+00) (4, 4.57726093561447777702e-01) (5, 8.91094881265980354179e-01) (6, 1.00538768791563648541e+00) (7, -2.10020164777002804612e+00) (8, -1.16155275399231716627e+00) (9, -1.87457673446351780200e+00) (0, 2.79260893408287591555e+00) (1, 1.38996789856974212185e+00) (2, -1.21338027516045894316e+01) (3, -6.00340269891385558410e-01) (4, 9.67688560553564225408e-01) (5, -4.63189122329406677281e-01) (6, -5.20911698291950275852e-01) (7, 2.09929025269647606677e+00) (8, 1.46138163927760711402e+00) (9, 1.50671333047675082284e+00) (10, 6.28244705582639184627e+00) (11, 2.01215119469137215802e+00) (12, -2.05072978243709336255e+00) (13, -3.01306532226306256206e+00) 
