FANN_FLO_2.1
num_layers=3
learning_rate=0.700000
connection_rate=1.000000
network_type=0
learning_momentum=0.000000
training_algorithm=2
train_error_function=1
train_stop_function=1
cascade_output_change_fraction=0.010000
quickprop_decay=-0.000100
quickprop_mu=1.750000
rprop_increase_factor=1.200000
rprop_decrease_factor=0.500000
rprop_delta_min=0.000000
rprop_delta_max=50.000000
rprop_delta_zero=0.100000
cascade_output_stagnation_epochs=12
cascade_candidate_change_fraction=0.010000
cascade_candidate_stagnation_epochs=12
cascade_max_out_epochs=150
cascade_min_out_epochs=50
cascade_max_cand_epochs=150
cascade_min_cand_epochs=50
cascade_num_candidate_groups=2
bit_fail_limit=1.00000000000000005551e-01
cascade_candidate_limit=1.00000000000000000000e+03
cascade_weight_multiplier=4.00000000000000022204e-01
cascade_activation_functions_count=10
cascade_activation_functions=3 5 7 8 10 11 14 15 16 17 
cascade_activation_steepnesses_count=4
cascade_activation_steepnesses=2.50000000000000000000e-01 5.00000000000000000000e-01 7.50000000000000000000e-01 1.00000000000000000000e+00 
layer_sizes=9 4 2 
scale_included=0
neurons (num_inputs, activation_function, activation_steepness)=(0, 0, 0.00000000000000000000e+00) (0, 0, 0.00000000000000000000e+00) (0, 0, 0.00000000000000000000e+00) (0, 0, 0.00000000000000000000e+00) (0, 0, 0.00000000000000000000e+00) (0, 0, 0.00000000000000000000e+00) (0, 0, 0.00000000000000000000e+00) (0, 0, 0.00000000000000000000e+00) (0, 0, 0.00000000000000000000e+00) (9, 6, 5.00000000000000000000e-01) (9, 6, 5.00000000000000000000e-01) (9, 6, 5.00000000000000000000e-01) (0, 6, 0.00000000000000000000e+00) (4, 4, 5.00000000000000000000e-01) (0, 4, 0.00000000000000000000e+00) 
connections (connected_to_neuron, weight)=(0, -6.88093550168070144935e+00) (1, 9.48493451307728108191e+00) (2, -4.13049341957338711495e+00) (3, 1.17301749533170074358e+00) (4, -2.24093244552642678613e+00) (5, 1.33293588531336193448e+00) (6, 1.04901792758067480271e+00) (7, 7.53147762414079657844e-01) (8, -1.77735067921311573613e+00) (0, -6.74492234474086793661e-01) (1, 7.34269770725987402926e+00) (2, -3.36459253826444282254e+00) (3, -1.02936371492477185541e+00) (4, -1.64407044597590090707e-01) (5, -2.55828443863117815926e-01) (6, -2.93638803013289095833e-01) (7, -1.58148136490253221620e-01) (8, -1.21524861271715522992e-01) (0, 1.25336399806493510312e+01) (1, 1.57338243938391963983e-01) (2, -1.55076141084176128970e+01) (3, -1.21145631909352502475e+00) (4, 3.80585882011064746688e-01) (5, -1.77004325578616894532e-01) (6, -3.68298700559793967813e-01) (7, 6.82563609574052709839e-01) (8, 9.80105371470680553081e-01) (9, 1.97605255926359069107e+00) (10, 1.30335832925225414414e+00) (11, -4.04272866364813232565e+00) (12, -4.39444549069615586490e+00) 
