FANN_FLO_2.1
num_layers=3
learning_rate=0.700000
connection_rate=1.000000
network_type=0
learning_momentum=0.000000
training_algorithm=2
train_error_function=1
train_stop_function=1
cascade_output_change_fraction=0.010000
quickprop_decay=-0.000100
quickprop_mu=1.750000
rprop_increase_factor=1.200000
rprop_decrease_factor=0.500000
rprop_delta_min=0.000000
rprop_delta_max=50.000000
rprop_delta_zero=0.100000
cascade_output_stagnation_epochs=12
cascade_candidate_change_fraction=0.010000
cascade_candidate_stagnation_epochs=12
cascade_max_out_epochs=150
cascade_min_out_epochs=50
cascade_max_cand_epochs=150
cascade_min_cand_epochs=50
cascade_num_candidate_groups=2
bit_fail_limit=1.00000000000000005551e-01
cascade_candidate_limit=1.00000000000000000000e+03
cascade_weight_multiplier=4.00000000000000022204e-01
cascade_activation_functions_count=10
cascade_activation_functions=3 5 7 8 10 11 14 15 16 17 
cascade_activation_steepnesses_count=4
cascade_activation_steepnesses=2.50000000000000000000e-01 5.00000000000000000000e-01 7.50000000000000000000e-01 1.00000000000000000000e+00 
layer_sizes=12 4 2 
scale_included=0
neurons (num_inputs, activation_function, activation_steepness)=(0, 0, 0.00000000000000000000e+00) (0, 0, 0.00000000000000000000e+00) (0, 0, 0.00000000000000000000e+00) (0, 0, 0.00000000000000000000e+00) (0, 0, 0.00000000000000000000e+00) (0, 0, 0.00000000000000000000e+00) (0, 0, 0.00000000000000000000e+00) (0, 0, 0.00000000000000000000e+00) (0, 0, 0.00000000000000000000e+00) (0, 0, 0.00000000000000000000e+00) (0, 0, 0.00000000000000000000e+00) (0, 0, 0.00000000000000000000e+00) (12, 6, 5.00000000000000000000e-01) (12, 6, 5.00000000000000000000e-01) (12, 6, 5.00000000000000000000e-01) (0, 6, 0.00000000000000000000e+00) (4, 4, 5.00000000000000000000e-01) (0, 4, 0.00000000000000000000e+00) 
connections (connected_to_neuron, weight)=(0, -4.25330265188784695241e-01) (1, 5.67294404808950436525e-01) (2, 4.60721959094412547575e-01) (3, 6.73182313978182289560e-01) (4, 7.23941710149424710874e-02) (5, 2.42909736434758632972e-01) (6, 6.04795969577070977041e-02) (7, 1.51202015926689159464e+00) (8, 9.21799552117435194720e-02) (9, 4.53551904518618764772e-01) (10, 2.42158052501421333647e-01) (11, -1.00578355487291985770e-04) (0, -5.98552798664376828341e-01) (1, 9.43031327315573930647e-01) (2, 1.10325464872580880638e+00) (3, 8.12628513960304998953e-01) (4, -6.10521718705245644565e-02) (5, 2.25522820044621388758e-02) (6, -6.32938584296981882060e-03) (7, 1.51455363726347980169e+00) (8, -1.63666924281686193554e-01) (9, 8.79664675662318318317e-02) (10, 7.31448218508837511020e-02) (11, -1.21192077397237821246e-01) (0, -3.75689650483895531963e+00) (1, 2.65740651076364331473e+00) (2, 1.41151717771989826389e+00) (3, 1.41483134370006768954e+00) (4, -9.32193697658950104490e-01) (5, 3.62427100679644453862e-01) (6, -8.28270594892998479608e-01) (7, 2.09453167359263536795e+00) (8, -8.95563773603154755776e-01) (9, 1.27119955412948681950e-01) (10, -6.10767956073507090053e-01) (11, -1.74871022127625619369e+00) (12, 6.36657864904752290869e-01) (13, 2.17537923125983700956e+00) (14, 1.54362105210267301914e+01) (15, -2.48652803603225214246e+00) 
