FANN_FLO_2.1
num_layers=3
learning_rate=0.700000
connection_rate=1.000000
network_type=0
learning_momentum=0.000000
training_algorithm=2
train_error_function=1
train_stop_function=1
cascade_output_change_fraction=0.010000
quickprop_decay=-0.000100
quickprop_mu=1.750000
rprop_increase_factor=1.200000
rprop_decrease_factor=0.500000
rprop_delta_min=0.000000
rprop_delta_max=50.000000
rprop_delta_zero=0.100000
cascade_output_stagnation_epochs=12
cascade_candidate_change_fraction=0.010000
cascade_candidate_stagnation_epochs=12
cascade_max_out_epochs=150
cascade_min_out_epochs=50
cascade_max_cand_epochs=150
cascade_min_cand_epochs=50
cascade_num_candidate_groups=2
bit_fail_limit=1.00000000000000005551e-01
cascade_candidate_limit=1.00000000000000000000e+03
cascade_weight_multiplier=4.00000000000000022204e-01
cascade_activation_functions_count=10
cascade_activation_functions=3 5 7 8 10 11 14 15 16 17 
cascade_activation_steepnesses_count=4
cascade_activation_steepnesses=2.50000000000000000000e-01 5.00000000000000000000e-01 7.50000000000000000000e-01 1.00000000000000000000e+00 
layer_sizes=15 4 2 
scale_included=0
neurons (num_inputs, activation_function, activation_steepness)=(0, 0, 0.00000000000000000000e+00) (0, 0, 0.00000000000000000000e+00) (0, 0, 0.00000000000000000000e+00) (0, 0, 0.00000000000000000000e+00) (0, 0, 0.00000000000000000000e+00) (0, 0, 0.00000000000000000000e+00) (0, 0, 0.00000000000000000000e+00) (0, 0, 0.00000000000000000000e+00) (0, 0, 0.00000000000000000000e+00) (0, 0, 0.00000000000000000000e+00) (0, 0, 0.00000000000000000000e+00) (0, 0, 0.00000000000000000000e+00) (0, 0, 0.00000000000000000000e+00) (0, 0, 0.00000000000000000000e+00) (0, 0, 0.00000000000000000000e+00) (15, 6, 5.00000000000000000000e-01) (15, 6, 5.00000000000000000000e-01) (15, 6, 5.00000000000000000000e-01) (0, 6, 0.00000000000000000000e+00) (4, 4, 5.00000000000000000000e-01) (0, 4, 0.00000000000000000000e+00) 
connections (connected_to_neuron, weight)=(0, -1.84175151551184290710e+00) (1, 4.27115513123743129054e-01) (2, 3.36194135101963054169e-01) (3, -6.19581494005269142744e-02) (4, 5.90936108634398493678e-01) (5, 2.94988385375186568105e-01) (6, 1.03408504853446603367e-01) (7, 3.47657584348362913573e-01) (8, 7.38739936640775751719e-01) (9, -1.23407889223639530285e-01) (10, 4.36999325727504162042e-01) (11, 2.85589698098010491556e-02) (12, 1.04782645134698282341e+00) (13, 2.96126812453679946202e+01) (14, -1.00357211327988440214e-02) (0, -2.32186358296332251427e+00) (1, 1.89251764084035745128e+00) (2, 1.69104214428740151632e+00) (3, -1.13455129981366864556e+00) (4, 2.39775633681709976486e+00) (5, 1.69229993689707103321e+00) (6, 1.70999264978111442659e+00) (7, -9.29282867878273577400e-02) (8, 7.60182203308913118089e-02) (9, -2.08686316334402155448e+00) (10, 1.37396764257726289316e+00) (11, 4.19160695036443375905e-01) (12, 1.68371522415220375990e+00) (13, 1.70302171620162084764e+02) (14, -1.49060169994871527521e+00) (0, -4.46573612177965628689e+00) (1, 1.09220252986987365063e+00) (2, 5.37908387641068075347e-01) (3, -4.17247886035315374009e-01) (4, 8.57594779720819544444e-01) (5, 4.20338655222326718075e-01) (6, 5.32155618324394175112e-01) (7, 2.43024537818413877144e-01) (8, 2.50484781576340798104e-01) (9, -1.21841074533174253958e+00) (10, 1.99177963254713596974e+00) (11, 1.55274172411141542227e+00) (12, 7.38709733566578652386e-01) (13, 7.07752867714261810761e+01) (14, -3.72353753740726489685e-01) (15, 9.09239226237781417161e-01) (16, 7.51962876426090929272e+01) (17, 9.50989581092064772960e-01) (18, -1.55111978217999846308e+00) 
