FANN_FLO_2.1
num_layers=3
learning_rate=0.700000
connection_rate=1.000000
network_type=0
learning_momentum=0.000000
training_algorithm=2
train_error_function=1
train_stop_function=1
cascade_output_change_fraction=0.010000
quickprop_decay=-0.000100
quickprop_mu=1.750000
rprop_increase_factor=1.200000
rprop_decrease_factor=0.500000
rprop_delta_min=0.000000
rprop_delta_max=50.000000
rprop_delta_zero=0.100000
cascade_output_stagnation_epochs=12
cascade_candidate_change_fraction=0.010000
cascade_candidate_stagnation_epochs=12
cascade_max_out_epochs=150
cascade_min_out_epochs=50
cascade_max_cand_epochs=150
cascade_min_cand_epochs=50
cascade_num_candidate_groups=2
bit_fail_limit=1.00000000000000005551e-01
cascade_candidate_limit=1.00000000000000000000e+03
cascade_weight_multiplier=4.00000000000000022204e-01
cascade_activation_functions_count=10
cascade_activation_functions=3 5 7 8 10 11 14 15 16 17 
cascade_activation_steepnesses_count=4
cascade_activation_steepnesses=2.50000000000000000000e-01 5.00000000000000000000e-01 7.50000000000000000000e-01 1.00000000000000000000e+00 
layer_sizes=10 4 2 
scale_included=0
neurons (num_inputs, activation_function, activation_steepness)=(0, 0, 0.00000000000000000000e+00) (0, 0, 0.00000000000000000000e+00) (0, 0, 0.00000000000000000000e+00) (0, 0, 0.00000000000000000000e+00) (0, 0, 0.00000000000000000000e+00) (0, 0, 0.00000000000000000000e+00) (0, 0, 0.00000000000000000000e+00) (0, 0, 0.00000000000000000000e+00) (0, 0, 0.00000000000000000000e+00) (0, 0, 0.00000000000000000000e+00) (10, 6, 5.00000000000000000000e-01) (10, 6, 5.00000000000000000000e-01) (10, 6, 5.00000000000000000000e-01) (0, 6, 0.00000000000000000000e+00) (4, 4, 5.00000000000000000000e-01) (0, 4, 0.00000000000000000000e+00) 
connections (connected_to_neuron, weight)=(0, 6.08962595327474098816e-01) (1, -2.49609466094114218482e-01) (2, -2.72599328213490810224e-01) (3, -1.62430034002659706704e-01) (4, -1.32557020506260780923e-01) (5, 1.16527927655179303068e-01) (6, -4.34938007801751319592e-02) (7, -6.43372015664009089253e-02) (8, 5.60557200984750092498e-02) (9, 5.04607673599101635986e-01) (0, 2.59871526224949045414e+00) (1, -2.33815575447469470305e+00) (2, -1.22125349168518160248e+00) (3, -1.34666463489781307317e+00) (4, -1.98067401041446911059e+00) (5, -1.48050261678403161092e+00) (6, -1.35993930454502987004e+00) (7, -2.30840713681249809497e+00) (8, -1.25720980742966870203e+00) (9, 2.65797284407951517338e+00) (0, -1.21754310518114500228e-01) (1, 1.29927951684756481932e+00) (2, 2.82426676004752075233e-01) (3, 4.11972953916257378371e-01) (4, 4.39935500959024727852e-01) (5, 2.68414223724035727603e-01) (6, 3.83721946716969963820e-01) (7, 8.22134090945928930338e-01) (8, 3.49012292332635976067e-01) (9, -6.32838862534450818931e-02) (10, -2.18590740201662747655e-01) (11, -1.47411247184256062326e+01) (12, 1.17174531162661943462e+00) (13, -1.23204005892277512757e+00) 
