FANN_FLO_2.1
num_layers=3
learning_rate=0.700000
connection_rate=1.000000
network_type=0
learning_momentum=0.000000
training_algorithm=2
train_error_function=1
train_stop_function=1
cascade_output_change_fraction=0.010000
quickprop_decay=-0.000100
quickprop_mu=1.750000
rprop_increase_factor=1.200000
rprop_decrease_factor=0.500000
rprop_delta_min=0.000000
rprop_delta_max=50.000000
rprop_delta_zero=0.100000
cascade_output_stagnation_epochs=12
cascade_candidate_change_fraction=0.010000
cascade_candidate_stagnation_epochs=12
cascade_max_out_epochs=150
cascade_min_out_epochs=50
cascade_max_cand_epochs=150
cascade_min_cand_epochs=50
cascade_num_candidate_groups=2
bit_fail_limit=1.00000000000000005551e-01
cascade_candidate_limit=1.00000000000000000000e+03
cascade_weight_multiplier=4.00000000000000022204e-01
cascade_activation_functions_count=10
cascade_activation_functions=3 5 7 8 10 11 14 15 16 17 
cascade_activation_steepnesses_count=4
cascade_activation_steepnesses=2.50000000000000000000e-01 5.00000000000000000000e-01 7.50000000000000000000e-01 1.00000000000000000000e+00 
layer_sizes=12 4 2 
scale_included=0
neurons (num_inputs, activation_function, activation_steepness)=(0, 0, 0.00000000000000000000e+00) (0, 0, 0.00000000000000000000e+00) (0, 0, 0.00000000000000000000e+00) (0, 0, 0.00000000000000000000e+00) (0, 0, 0.00000000000000000000e+00) (0, 0, 0.00000000000000000000e+00) (0, 0, 0.00000000000000000000e+00) (0, 0, 0.00000000000000000000e+00) (0, 0, 0.00000000000000000000e+00) (0, 0, 0.00000000000000000000e+00) (0, 0, 0.00000000000000000000e+00) (0, 0, 0.00000000000000000000e+00) (12, 6, 5.00000000000000000000e-01) (12, 6, 5.00000000000000000000e-01) (12, 6, 5.00000000000000000000e-01) (0, 6, 0.00000000000000000000e+00) (4, 4, 5.00000000000000000000e-01) (0, 4, 0.00000000000000000000e+00) 
connections (connected_to_neuron, weight)=(0, -7.66414721803435505798e-01) (1, 7.40251122125444993571e+00) (2, 1.50000000000000000000e+03) (3, 1.50000000000000000000e+03) (4, 1.50000000000000000000e+03) (5, 2.95202285527503915930e+00) (6, 1.50000000000000000000e+03) (7, 1.60837798607848263543e+01) (8, -1.45863359515323226523e-01) (9, 9.81285162196063209805e-01) (10, 1.16232109010568542828e+01) (11, -6.86036012283984586446e-01) (0, -1.11846922100878404249e-01) (1, -8.68532758075708399836e-01) (2, 5.22502949717464737489e+00) (3, 7.81646885357359089141e+00) (4, -5.97181779756563102524e+00) (5, 1.87753386777375297356e+00) (6, 5.51522431168503635135e-01) (7, 4.82254261856935251274e+00) (8, -4.00874733297724006320e+00) (9, -1.36222074370611112570e+00) (10, -1.28111184103761559072e+02) (11, -5.76349211771092129197e+00) (0, -3.88355537935611350164e+00) (1, -7.55035441562362663603e+00) (2, 4.99783082398531686152e+00) (3, -1.19455087950474236891e+01) (4, 2.15559341031379716469e+01) (5, -5.01370653234087271244e+00) (6, 2.54783924179387000208e+00) (7, -2.88204703867961464780e+00) (8, -4.93746119852091958080e+00) (9, -2.98866468963718112661e+00) (10, -3.95922150084879120868e+00) (11, 7.53033114408371773152e+00) (12, 8.00759287189628210513e+00) (13, 7.77201153419488477425e+00) (14, -8.99250258984763206627e+00) (15, -1.75908245091134185500e+00) 
