FANN_FLO_2.1
num_layers=3
learning_rate=0.700000
connection_rate=1.000000
network_type=0
learning_momentum=0.000000
training_algorithm=2
train_error_function=1
train_stop_function=1
cascade_output_change_fraction=0.010000
quickprop_decay=-0.000100
quickprop_mu=1.750000
rprop_increase_factor=1.200000
rprop_decrease_factor=0.500000
rprop_delta_min=0.000000
rprop_delta_max=50.000000
rprop_delta_zero=0.100000
cascade_output_stagnation_epochs=12
cascade_candidate_change_fraction=0.010000
cascade_candidate_stagnation_epochs=12
cascade_max_out_epochs=150
cascade_min_out_epochs=50
cascade_max_cand_epochs=150
cascade_min_cand_epochs=50
cascade_num_candidate_groups=2
bit_fail_limit=1.00000000000000005551e-01
cascade_candidate_limit=1.00000000000000000000e+03
cascade_weight_multiplier=4.00000000000000022204e-01
cascade_activation_functions_count=10
cascade_activation_functions=3 5 7 8 10 11 14 15 16 17 
cascade_activation_steepnesses_count=4
cascade_activation_steepnesses=2.50000000000000000000e-01 5.00000000000000000000e-01 7.50000000000000000000e-01 1.00000000000000000000e+00 
layer_sizes=7 4 2 
scale_included=0
neurons (num_inputs, activation_function, activation_steepness)=(0, 0, 0.00000000000000000000e+00) (0, 0, 0.00000000000000000000e+00) (0, 0, 0.00000000000000000000e+00) (0, 0, 0.00000000000000000000e+00) (0, 0, 0.00000000000000000000e+00) (0, 0, 0.00000000000000000000e+00) (0, 0, 0.00000000000000000000e+00) (7, 6, 5.00000000000000000000e-01) (7, 6, 5.00000000000000000000e-01) (7, 6, 5.00000000000000000000e-01) (0, 6, 0.00000000000000000000e+00) (4, 4, 5.00000000000000000000e-01) (0, 4, 0.00000000000000000000e+00) 
connections (connected_to_neuron, weight)=(0, -9.67264054944494078292e-01) (1, -2.63987102196790612840e-01) (2, 5.75501735635817013303e+00) (3, 1.54038543722918008783e+00) (4, 6.97078870346980461470e-01) (5, 1.84270111446381035236e+00) (6, -1.27982277032772007175e+00) (0, 5.80275973178479564929e-01) (1, 1.21178920120783337189e-01) (2, -2.47939694694585588408e+00) (3, -3.31670585592995448287e-01) (4, -4.33481285681981409752e-01) (5, -7.62917314591236905841e-01) (6, 4.87800425228827994051e-01) (0, 2.78401698732064240005e+00) (1, -3.55463592226996016876e+00) (2, -4.74140351706687201983e+00) (3, 2.50752025525201815981e+00) (4, 2.41001519988407153505e+00) (5, -1.59294794995644517499e+00) (6, 3.43415022389975232997e+00) (7, 1.61571868374577110039e+00) (8, -7.34070908867500593331e-01) (9, -9.54152035381900986977e+00) (10, -2.09278015815661877497e+00) 
