FANN_FLO_2.1
num_layers=3
learning_rate=0.700000
connection_rate=1.000000
network_type=0
learning_momentum=0.000000
training_algorithm=2
train_error_function=1
train_stop_function=1
cascade_output_change_fraction=0.010000
quickprop_decay=-0.000100
quickprop_mu=1.750000
rprop_increase_factor=1.200000
rprop_decrease_factor=0.500000
rprop_delta_min=0.000000
rprop_delta_max=50.000000
rprop_delta_zero=0.100000
cascade_output_stagnation_epochs=12
cascade_candidate_change_fraction=0.010000
cascade_candidate_stagnation_epochs=12
cascade_max_out_epochs=150
cascade_min_out_epochs=50
cascade_max_cand_epochs=150
cascade_min_cand_epochs=50
cascade_num_candidate_groups=2
bit_fail_limit=1.00000000000000005551e-01
cascade_candidate_limit=1.00000000000000000000e+03
cascade_weight_multiplier=4.00000000000000022204e-01
cascade_activation_functions_count=10
cascade_activation_functions=3 5 7 8 10 11 14 15 16 17 
cascade_activation_steepnesses_count=4
cascade_activation_steepnesses=2.50000000000000000000e-01 5.00000000000000000000e-01 7.50000000000000000000e-01 1.00000000000000000000e+00 
layer_sizes=8 4 2 
scale_included=0
neurons (num_inputs, activation_function, activation_steepness)=(0, 0, 0.00000000000000000000e+00) (0, 0, 0.00000000000000000000e+00) (0, 0, 0.00000000000000000000e+00) (0, 0, 0.00000000000000000000e+00) (0, 0, 0.00000000000000000000e+00) (0, 0, 0.00000000000000000000e+00) (0, 0, 0.00000000000000000000e+00) (0, 0, 0.00000000000000000000e+00) (8, 6, 5.00000000000000000000e-01) (8, 6, 5.00000000000000000000e-01) (8, 6, 5.00000000000000000000e-01) (0, 6, 0.00000000000000000000e+00) (4, 4, 5.00000000000000000000e-01) (0, 4, 0.00000000000000000000e+00) 
connections (connected_to_neuron, weight)=(0, -8.98706101792577927156e-01) (1, 1.18500857349304045130e+00) (2, -2.36621168785296875914e-01) (3, -3.44330808413914390975e-01) (4, 8.45232261476422941371e-01) (5, 1.34594190630044030499e+00) (6, 8.31181260435968516376e-01) (7, -6.40109494909217202618e-01) (0, -2.29585047205067782627e+00) (1, 2.54731789103477490599e+00) (2, -3.30095805500900674190e-01) (3, -6.55833333714724631136e-01) (4, 1.64895155926564074278e+00) (5, 2.45700766032185180521e+00) (6, 1.79372035321373113348e+00) (7, -1.68316800021136647736e+00) (0, -2.56714960723554208588e-01) (1, 4.21997848494054805801e-01) (2, 1.77285209448498320972e-01) (3, 1.31222409154408969911e-01) (4, 8.53954167382621864846e-01) (5, 5.18747535451846708554e-01) (6, 1.02434763853588584048e+00) (7, -1.34696173172226037890e-02) (8, 5.56369056644233506148e+00) (9, 2.58608370732491366084e+01) (10, 3.35093672368410033791e-01) (11, -1.62103275083506948029e+00) 
