FANN_FLO_2.1
num_layers=3
learning_rate=0.700000
connection_rate=1.000000
network_type=0
learning_momentum=0.000000
training_algorithm=2
train_error_function=1
train_stop_function=1
cascade_output_change_fraction=0.010000
quickprop_decay=-0.000100
quickprop_mu=1.750000
rprop_increase_factor=1.200000
rprop_decrease_factor=0.500000
rprop_delta_min=0.000000
rprop_delta_max=50.000000
rprop_delta_zero=0.100000
cascade_output_stagnation_epochs=12
cascade_candidate_change_fraction=0.010000
cascade_candidate_stagnation_epochs=12
cascade_max_out_epochs=150
cascade_min_out_epochs=50
cascade_max_cand_epochs=150
cascade_min_cand_epochs=50
cascade_num_candidate_groups=2
bit_fail_limit=1.00000000000000005551e-01
cascade_candidate_limit=1.00000000000000000000e+03
cascade_weight_multiplier=4.00000000000000022204e-01
cascade_activation_functions_count=10
cascade_activation_functions=3 5 7 8 10 11 14 15 16 17 
cascade_activation_steepnesses_count=4
cascade_activation_steepnesses=2.50000000000000000000e-01 5.00000000000000000000e-01 7.50000000000000000000e-01 1.00000000000000000000e+00 
layer_sizes=14 4 2 
scale_included=0
neurons (num_inputs, activation_function, activation_steepness)=(0, 0, 0.00000000000000000000e+00) (0, 0, 0.00000000000000000000e+00) (0, 0, 0.00000000000000000000e+00) (0, 0, 0.00000000000000000000e+00) (0, 0, 0.00000000000000000000e+00) (0, 0, 0.00000000000000000000e+00) (0, 0, 0.00000000000000000000e+00) (0, 0, 0.00000000000000000000e+00) (0, 0, 0.00000000000000000000e+00) (0, 0, 0.00000000000000000000e+00) (0, 0, 0.00000000000000000000e+00) (0, 0, 0.00000000000000000000e+00) (0, 0, 0.00000000000000000000e+00) (0, 0, 0.00000000000000000000e+00) (14, 6, 5.00000000000000000000e-01) (14, 6, 5.00000000000000000000e-01) (14, 6, 5.00000000000000000000e-01) (0, 6, 0.00000000000000000000e+00) (4, 4, 5.00000000000000000000e-01) (0, 4, 0.00000000000000000000e+00) 
connections (connected_to_neuron, weight)=(0, -2.50166095589512504915e+00) (1, 2.66078701462262801059e+00) (2, 1.12541260951792110312e+00) (3, 5.08147129036607747565e-01) (4, -5.36528471542736751232e-01) (5, 5.56895732578299051951e-01) (6, 4.81306209858915812205e-01) (7, 2.66715008984917334445e+00) (8, -6.23070154024502387280e-01) (9, -6.78497086836675200594e-01) (10, 3.16303187231221083486e-01) (11, 5.74489488896391398143e-01) (12, 2.66864213566893271334e+00) (13, -2.08336086431505085326e-01) (0, -2.50945199822300590853e+00) (1, 2.64077224429362944491e+00) (2, 1.06794783854519259592e+00) (3, 4.25200053669633815101e-01) (4, -2.23329566356464948029e-01) (5, 6.06780707534811503123e-01) (6, 5.17515591975710398387e-01) (7, 2.72162062894219092257e+00) (8, -4.90879561437508327160e-01) (9, -8.17409794403890166414e-01) (10, 2.24423595885434062902e-01) (11, 6.02533846792242533397e-01) (12, 2.71529863994234732516e+00) (13, -2.03739651897909046507e-01) (0, -6.44720930212675558124e+00) (1, 6.44508266979395383345e+00) (2, 2.45421647764316919194e+00) (3, 1.18153098553247248859e+00) (4, -5.46617459775991298976e-01) (5, 7.99436489740804751003e-03) (6, 1.41775123278279693850e-02) (7, 6.39389408165155881392e+00) (8, -1.52583020507350752837e+00) (9, -8.84744556959791594863e-01) (10, -6.01174043496476434578e-02) (11, 8.98703388904435046536e-03) (12, 6.42025787913738721358e+00) (13, -8.96912589155814843345e-01) (14, 6.26599051976143339715e+00) (15, 6.24763482981859663568e+00) (16, 6.33091322505413511834e+00) (17, -2.28959589356397552606e+00) 
