FANN_FLO_2.1
num_layers=3
learning_rate=0.700000
connection_rate=1.000000
network_type=0
learning_momentum=0.000000
training_algorithm=2
train_error_function=1
train_stop_function=1
cascade_output_change_fraction=0.010000
quickprop_decay=-0.000100
quickprop_mu=1.750000
rprop_increase_factor=1.200000
rprop_decrease_factor=0.500000
rprop_delta_min=0.000000
rprop_delta_max=50.000000
rprop_delta_zero=0.100000
cascade_output_stagnation_epochs=12
cascade_candidate_change_fraction=0.010000
cascade_candidate_stagnation_epochs=12
cascade_max_out_epochs=150
cascade_min_out_epochs=50
cascade_max_cand_epochs=150
cascade_min_cand_epochs=50
cascade_num_candidate_groups=2
bit_fail_limit=1.00000000000000005551e-01
cascade_candidate_limit=1.00000000000000000000e+03
cascade_weight_multiplier=4.00000000000000022204e-01
cascade_activation_functions_count=10
cascade_activation_functions=3 5 7 8 10 11 14 15 16 17 
cascade_activation_steepnesses_count=4
cascade_activation_steepnesses=2.50000000000000000000e-01 5.00000000000000000000e-01 7.50000000000000000000e-01 1.00000000000000000000e+00 
layer_sizes=8 4 2 
scale_included=0
neurons (num_inputs, activation_function, activation_steepness)=(0, 0, 0.00000000000000000000e+00) (0, 0, 0.00000000000000000000e+00) (0, 0, 0.00000000000000000000e+00) (0, 0, 0.00000000000000000000e+00) (0, 0, 0.00000000000000000000e+00) (0, 0, 0.00000000000000000000e+00) (0, 0, 0.00000000000000000000e+00) (0, 0, 0.00000000000000000000e+00) (8, 6, 5.00000000000000000000e-01) (8, 6, 5.00000000000000000000e-01) (8, 6, 5.00000000000000000000e-01) (0, 6, 0.00000000000000000000e+00) (4, 4, 5.00000000000000000000e-01) (0, 4, 0.00000000000000000000e+00) 
connections (connected_to_neuron, weight)=(0, -3.18233431606658534463e+00) (1, 2.48952561674879158105e+00) (2, 5.89726824109587965950e+00) (3, 4.21032000917937521134e-01) (4, -6.43352157322581857946e-02) (5, 2.31090258913196588964e+00) (6, -1.07824490858778654356e+00) (7, -3.88194189775973175216e+00) (0, 3.81055050718522103637e+00) (1, -3.82524510137417905753e+00) (2, -2.41009743408040977286e+00) (3, -8.64256283566183003408e-01) (4, 8.68944816780170548043e-01) (5, -6.20176312607162105728e-01) (6, -4.75947270575028391626e-01) (7, 3.76180693882441552489e+00) (0, -2.82096740600297213319e-01) (1, 6.88854430323752708887e-01) (2, -3.85578245642975575569e-02) (3, -8.33653387806778001234e-01) (4, 5.45238899825901540686e-02) (5, 1.73653150736183328751e-02) (6, -1.52565325614288288536e-01) (7, -5.55671594838564111840e-03) (8, 3.68600450885910557730e+00) (9, -8.06402729838419318753e+00) (10, 1.15706989605629473328e-01) (11, -1.19044352089694216446e+00) 
