FANN_FLO_2.1
num_layers=3
learning_rate=0.700000
connection_rate=1.000000
network_type=0
learning_momentum=0.000000
training_algorithm=2
train_error_function=1
train_stop_function=1
cascade_output_change_fraction=0.010000
quickprop_decay=-0.000100
quickprop_mu=1.750000
rprop_increase_factor=1.200000
rprop_decrease_factor=0.500000
rprop_delta_min=0.000000
rprop_delta_max=50.000000
rprop_delta_zero=0.100000
cascade_output_stagnation_epochs=12
cascade_candidate_change_fraction=0.010000
cascade_candidate_stagnation_epochs=12
cascade_max_out_epochs=150
cascade_min_out_epochs=50
cascade_max_cand_epochs=150
cascade_min_cand_epochs=50
cascade_num_candidate_groups=2
bit_fail_limit=1.00000000000000005551e-01
cascade_candidate_limit=1.00000000000000000000e+03
cascade_weight_multiplier=4.00000000000000022204e-01
cascade_activation_functions_count=10
cascade_activation_functions=3 5 7 8 10 11 14 15 16 17 
cascade_activation_steepnesses_count=4
cascade_activation_steepnesses=2.50000000000000000000e-01 5.00000000000000000000e-01 7.50000000000000000000e-01 1.00000000000000000000e+00 
layer_sizes=8 4 2 
scale_included=0
neurons (num_inputs, activation_function, activation_steepness)=(0, 0, 0.00000000000000000000e+00) (0, 0, 0.00000000000000000000e+00) (0, 0, 0.00000000000000000000e+00) (0, 0, 0.00000000000000000000e+00) (0, 0, 0.00000000000000000000e+00) (0, 0, 0.00000000000000000000e+00) (0, 0, 0.00000000000000000000e+00) (0, 0, 0.00000000000000000000e+00) (8, 6, 5.00000000000000000000e-01) (8, 6, 5.00000000000000000000e-01) (8, 6, 5.00000000000000000000e-01) (0, 6, 0.00000000000000000000e+00) (4, 4, 5.00000000000000000000e-01) (0, 4, 0.00000000000000000000e+00) 
connections (connected_to_neuron, weight)=(0, -4.24774476807253886790e+00) (1, 2.10943440314789665280e+00) (2, 3.45476722219757947929e-01) (3, -2.71699346403198316313e-01) (4, -3.89297126658953995815e-01) (5, -2.26341030166489515230e-01) (6, -7.47289457657427935722e-02) (7, -2.56442057921581256785e-01) (0, -4.31345325230041254372e+00) (1, 4.45182158403136707392e+00) (2, 8.15615408282472365009e-01) (3, -8.46503283446445320415e-01) (4, -2.37152791253420813788e+00) (5, -6.87851853019100234476e-01) (6, -1.50703029200461829928e-01) (7, -5.38841931837972354380e-01) (0, -9.41591927430906316943e+00) (1, 1.29404648980411440817e+00) (2, 1.25140511698024035070e+01) (3, -1.25166242186759646415e+00) (4, -1.98366023405073144126e-01) (5, -1.25762963657115633964e+00) (6, 3.69205508082849409579e-01) (7, -2.42928716660946131256e+00) (8, 4.60619555913597089614e+00) (9, 1.31568891328489767645e+00) (10, 3.87747189655775459372e+00) (11, -3.88436730519664807915e+00) 
