FANN_FLO_2.1
num_layers=3
learning_rate=0.700000
connection_rate=1.000000
network_type=0
learning_momentum=0.000000
training_algorithm=2
train_error_function=1
train_stop_function=1
cascade_output_change_fraction=0.010000
quickprop_decay=-0.000100
quickprop_mu=1.750000
rprop_increase_factor=1.200000
rprop_decrease_factor=0.500000
rprop_delta_min=0.000000
rprop_delta_max=50.000000
rprop_delta_zero=0.100000
cascade_output_stagnation_epochs=12
cascade_candidate_change_fraction=0.010000
cascade_candidate_stagnation_epochs=12
cascade_max_out_epochs=150
cascade_min_out_epochs=50
cascade_max_cand_epochs=150
cascade_min_cand_epochs=50
cascade_num_candidate_groups=2
bit_fail_limit=1.00000000000000005551e-01
cascade_candidate_limit=1.00000000000000000000e+03
cascade_weight_multiplier=4.00000000000000022204e-01
cascade_activation_functions_count=10
cascade_activation_functions=3 5 7 8 10 11 14 15 16 17 
cascade_activation_steepnesses_count=4
cascade_activation_steepnesses=2.50000000000000000000e-01 5.00000000000000000000e-01 7.50000000000000000000e-01 1.00000000000000000000e+00 
layer_sizes=11 4 2 
scale_included=0
neurons (num_inputs, activation_function, activation_steepness)=(0, 0, 0.00000000000000000000e+00) (0, 0, 0.00000000000000000000e+00) (0, 0, 0.00000000000000000000e+00) (0, 0, 0.00000000000000000000e+00) (0, 0, 0.00000000000000000000e+00) (0, 0, 0.00000000000000000000e+00) (0, 0, 0.00000000000000000000e+00) (0, 0, 0.00000000000000000000e+00) (0, 0, 0.00000000000000000000e+00) (0, 0, 0.00000000000000000000e+00) (0, 0, 0.00000000000000000000e+00) (11, 6, 5.00000000000000000000e-01) (11, 6, 5.00000000000000000000e-01) (11, 6, 5.00000000000000000000e-01) (0, 6, 0.00000000000000000000e+00) (4, 4, 5.00000000000000000000e-01) (0, 4, 0.00000000000000000000e+00) 
connections (connected_to_neuron, weight)=(0, -1.19598164962357600416e+00) (1, 1.32710731971923934225e+00) (2, 1.27380636216390530358e+00) (3, 4.45708305467450272008e-01) (4, -6.19212842694377818553e-01) (5, -3.07787335733330058574e-01) (6, 1.27651467801320950279e+00) (7, 1.21027783914567838019e-01) (8, 1.14188583060266385383e-01) (9, -4.32976706455536985985e-01) (10, -1.34176702692844829201e+00) (0, -2.67778716609147315886e-01) (1, 3.88123023837555036764e-01) (2, 1.93498208958996409379e+00) (3, 3.98270800247092660040e-01) (4, 5.22740288671651592844e-02) (5, 1.74723055562335638502e-01) (6, 1.91582321960819834672e+00) (7, 5.95071081665459813981e-02) (8, 2.81251367270929475417e-01) (9, 7.09491839785076627845e-02) (10, -3.29453573493963869367e-01) (0, -1.69614135846760910598e-01) (1, 4.51676528483379358114e-01) (2, 1.86268694538963908158e+00) (3, 2.21953248337301373150e-01) (4, -7.52405802657295508240e-02) (5, 2.43965547880489075361e-01) (6, 1.87465422440661066972e+00) (7, 1.47207009479135592089e-01) (8, 2.63811659157259126296e-01) (9, 2.57712872900436040791e-01) (10, -3.64136190085417421614e-01) (11, 4.16880356831873939427e+01) (12, 3.03023997178605564162e-01) (13, 3.40211081734231479690e-01) (14, -1.41822119125020273955e+00) 
