FANN_FLO_2.1
num_layers=3
learning_rate=0.700000
connection_rate=1.000000
network_type=0
learning_momentum=0.000000
training_algorithm=2
train_error_function=1
train_stop_function=1
cascade_output_change_fraction=0.010000
quickprop_decay=-0.000100
quickprop_mu=1.750000
rprop_increase_factor=1.200000
rprop_decrease_factor=0.500000
rprop_delta_min=0.000000
rprop_delta_max=50.000000
rprop_delta_zero=0.100000
cascade_output_stagnation_epochs=12
cascade_candidate_change_fraction=0.010000
cascade_candidate_stagnation_epochs=12
cascade_max_out_epochs=150
cascade_min_out_epochs=50
cascade_max_cand_epochs=150
cascade_min_cand_epochs=50
cascade_num_candidate_groups=2
bit_fail_limit=1.00000000000000005551e-01
cascade_candidate_limit=1.00000000000000000000e+03
cascade_weight_multiplier=4.00000000000000022204e-01
cascade_activation_functions_count=10
cascade_activation_functions=3 5 7 8 10 11 14 15 16 17 
cascade_activation_steepnesses_count=4
cascade_activation_steepnesses=2.50000000000000000000e-01 5.00000000000000000000e-01 7.50000000000000000000e-01 1.00000000000000000000e+00 
layer_sizes=7 4 2 
scale_included=0
neurons (num_inputs, activation_function, activation_steepness)=(0, 0, 0.00000000000000000000e+00) (0, 0, 0.00000000000000000000e+00) (0, 0, 0.00000000000000000000e+00) (0, 0, 0.00000000000000000000e+00) (0, 0, 0.00000000000000000000e+00) (0, 0, 0.00000000000000000000e+00) (0, 0, 0.00000000000000000000e+00) (7, 6, 5.00000000000000000000e-01) (7, 6, 5.00000000000000000000e-01) (7, 6, 5.00000000000000000000e-01) (0, 6, 0.00000000000000000000e+00) (4, 4, 5.00000000000000000000e-01) (0, 4, 0.00000000000000000000e+00) 
connections (connected_to_neuron, weight)=(0, -2.60046684256955318304e+00) (1, -1.58382817137574538613e+00) (2, 1.78678761553329223943e+01) (3, 2.91129817156108694487e-01) (4, 2.67165188578876222625e-01) (5, 1.27310774322044562012e+00) (6, -2.45073483399316005560e+00) (0, -2.11704564997238131596e+00) (1, 3.55629801714358428910e+00) (2, 1.24696616145198024839e+00) (3, -1.00602741416911745098e+00) (4, -1.15222365403869209111e+00) (5, 1.62512902321775898340e-01) (6, -2.16728133865875216557e+00) (0, 3.49042633689758252657e+00) (1, -2.18889383591127550943e+00) (2, -1.74619827741259436849e+00) (3, 2.28147506356848595033e+00) (4, 1.31764038281761219906e+00) (5, -1.35441423929077009447e+00) (6, 3.58641453883997751717e+00) (7, 3.83434104149960530705e+00) (8, 4.73104015521407195166e+00) (9, -1.82723618565569201344e+00) (10, -1.89013720570574084157e+00) 
