FANN_FLO_2.1
num_layers=3
learning_rate=0.700000
connection_rate=1.000000
network_type=0
learning_momentum=0.000000
training_algorithm=2
train_error_function=1
train_stop_function=1
cascade_output_change_fraction=0.010000
quickprop_decay=-0.000100
quickprop_mu=1.750000
rprop_increase_factor=1.200000
rprop_decrease_factor=0.500000
rprop_delta_min=0.000000
rprop_delta_max=50.000000
rprop_delta_zero=0.100000
cascade_output_stagnation_epochs=12
cascade_candidate_change_fraction=0.010000
cascade_candidate_stagnation_epochs=12
cascade_max_out_epochs=150
cascade_min_out_epochs=50
cascade_max_cand_epochs=150
cascade_min_cand_epochs=50
cascade_num_candidate_groups=2
bit_fail_limit=1.00000000000000005551e-01
cascade_candidate_limit=1.00000000000000000000e+03
cascade_weight_multiplier=4.00000000000000022204e-01
cascade_activation_functions_count=10
cascade_activation_functions=3 5 7 8 10 11 14 15 16 17 
cascade_activation_steepnesses_count=4
cascade_activation_steepnesses=2.50000000000000000000e-01 5.00000000000000000000e-01 7.50000000000000000000e-01 1.00000000000000000000e+00 
layer_sizes=7 4 2 
scale_included=0
neurons (num_inputs, activation_function, activation_steepness)=(0, 0, 0.00000000000000000000e+00) (0, 0, 0.00000000000000000000e+00) (0, 0, 0.00000000000000000000e+00) (0, 0, 0.00000000000000000000e+00) (0, 0, 0.00000000000000000000e+00) (0, 0, 0.00000000000000000000e+00) (0, 0, 0.00000000000000000000e+00) (7, 6, 5.00000000000000000000e-01) (7, 6, 5.00000000000000000000e-01) (7, 6, 5.00000000000000000000e-01) (0, 6, 0.00000000000000000000e+00) (4, 4, 5.00000000000000000000e-01) (0, 4, 0.00000000000000000000e+00) 
connections (connected_to_neuron, weight)=(0, -1.67045014822651993747e+00) (1, 1.77587679372542295297e+00) (2, 2.71308803339749626815e+00) (3, -8.38603689290791765032e-01) (4, -7.17534206959336118281e-01) (5, 3.67431888790155480873e-01) (6, -1.76010124856402527804e+00) (0, 1.15426001475258672713e+01) (1, -3.80837621957458183353e-01) (2, 7.25285676470093010337e-01) (3, 2.05734246874041470932e+00) (4, 1.86782944340368883829e+00) (5, 1.44238417813566877079e+00) (6, 9.39731772042553181734e+00) (0, -1.76356418901850831027e+00) (1, 1.89033876703493985971e+00) (2, 2.61455182885080628097e+00) (3, -8.46677643997671092180e-01) (4, -8.38705015096229411498e-01) (5, 4.88260047943616604105e-01) (6, -1.82592319423129212375e+00) (7, 9.25161327398094712748e+00) (8, -1.61798060772022456177e+00) (9, 1.09192751184268459497e+01) (10, -1.58518030953606814393e+00) 
