FANN_FLO_2.1
num_layers=3
learning_rate=0.700000
connection_rate=1.000000
network_type=0
learning_momentum=0.000000
training_algorithm=2
train_error_function=1
train_stop_function=1
cascade_output_change_fraction=0.010000
quickprop_decay=-0.000100
quickprop_mu=1.750000
rprop_increase_factor=1.200000
rprop_decrease_factor=0.500000
rprop_delta_min=0.000000
rprop_delta_max=50.000000
rprop_delta_zero=0.100000
cascade_output_stagnation_epochs=12
cascade_candidate_change_fraction=0.010000
cascade_candidate_stagnation_epochs=12
cascade_max_out_epochs=150
cascade_min_out_epochs=50
cascade_max_cand_epochs=150
cascade_min_cand_epochs=50
cascade_num_candidate_groups=2
bit_fail_limit=1.00000000000000005551e-01
cascade_candidate_limit=1.00000000000000000000e+03
cascade_weight_multiplier=4.00000000000000022204e-01
cascade_activation_functions_count=10
cascade_activation_functions=3 5 7 8 10 11 14 15 16 17 
cascade_activation_steepnesses_count=4
cascade_activation_steepnesses=2.50000000000000000000e-01 5.00000000000000000000e-01 7.50000000000000000000e-01 1.00000000000000000000e+00 
layer_sizes=9 4 2 
scale_included=0
neurons (num_inputs, activation_function, activation_steepness)=(0, 0, 0.00000000000000000000e+00) (0, 0, 0.00000000000000000000e+00) (0, 0, 0.00000000000000000000e+00) (0, 0, 0.00000000000000000000e+00) (0, 0, 0.00000000000000000000e+00) (0, 0, 0.00000000000000000000e+00) (0, 0, 0.00000000000000000000e+00) (0, 0, 0.00000000000000000000e+00) (0, 0, 0.00000000000000000000e+00) (9, 6, 5.00000000000000000000e-01) (9, 6, 5.00000000000000000000e-01) (9, 6, 5.00000000000000000000e-01) (0, 6, 0.00000000000000000000e+00) (4, 4, 5.00000000000000000000e-01) (0, 4, 0.00000000000000000000e+00) 
connections (connected_to_neuron, weight)=(0, -9.96971148999104661570e-01) (1, 1.15337576976452704791e+00) (2, 8.22361341224959185858e-01) (3, -2.66362019914662295772e-01) (4, 1.26089901887298716510e+00) (5, -5.57043087671808434536e-01) (6, 2.86921122981818821351e-01) (7, 1.13619026819346324864e+00) (8, -9.09472949180037071315e-01) (0, 6.42984569294461683064e-01) (1, 2.88441567389657975429e-02) (2, -1.18615787577041231771e+00) (3, 1.97090264769928136257e-01) (4, -1.78681987896424954165e+00) (5, 4.14147724082589319128e-01) (6, 3.25845752648026898424e-01) (7, -1.62389163249742241035e+00) (8, 5.29291074944743811237e-01) (0, -1.16422444750843965267e+01) (1, 2.13016388429985337183e+00) (2, 1.42843498750444997114e+00) (3, 4.19877913111253664447e-01) (4, 2.78799928717107947662e+00) (5, -2.81332807219711378277e-01) (6, 1.48709751578180643383e-01) (7, 2.62602514107179141334e+00) (8, -1.83043383322363495402e+00) (9, 1.04364697735734091033e+00) (10, -1.62451794820420545307e+01) (11, 2.26454488083676039878e+01) (12, -2.14649595210064614292e+00) 
