FANN_FLO_2.1
num_layers=3
learning_rate=0.700000
connection_rate=1.000000
network_type=0
learning_momentum=0.000000
training_algorithm=2
train_error_function=1
train_stop_function=1
cascade_output_change_fraction=0.010000
quickprop_decay=-0.000100
quickprop_mu=1.750000
rprop_increase_factor=1.200000
rprop_decrease_factor=0.500000
rprop_delta_min=0.000000
rprop_delta_max=50.000000
rprop_delta_zero=0.100000
cascade_output_stagnation_epochs=12
cascade_candidate_change_fraction=0.010000
cascade_candidate_stagnation_epochs=12
cascade_max_out_epochs=150
cascade_min_out_epochs=50
cascade_max_cand_epochs=150
cascade_min_cand_epochs=50
cascade_num_candidate_groups=2
bit_fail_limit=1.00000000000000005551e-01
cascade_candidate_limit=1.00000000000000000000e+03
cascade_weight_multiplier=4.00000000000000022204e-01
cascade_activation_functions_count=10
cascade_activation_functions=3 5 7 8 10 11 14 15 16 17 
cascade_activation_steepnesses_count=4
cascade_activation_steepnesses=2.50000000000000000000e-01 5.00000000000000000000e-01 7.50000000000000000000e-01 1.00000000000000000000e+00 
layer_sizes=13 4 2 
scale_included=0
neurons (num_inputs, activation_function, activation_steepness)=(0, 0, 0.00000000000000000000e+00) (0, 0, 0.00000000000000000000e+00) (0, 0, 0.00000000000000000000e+00) (0, 0, 0.00000000000000000000e+00) (0, 0, 0.00000000000000000000e+00) (0, 0, 0.00000000000000000000e+00) (0, 0, 0.00000000000000000000e+00) (0, 0, 0.00000000000000000000e+00) (0, 0, 0.00000000000000000000e+00) (0, 0, 0.00000000000000000000e+00) (0, 0, 0.00000000000000000000e+00) (0, 0, 0.00000000000000000000e+00) (0, 0, 0.00000000000000000000e+00) (13, 6, 5.00000000000000000000e-01) (13, 6, 5.00000000000000000000e-01) (13, 6, 5.00000000000000000000e-01) (0, 6, 0.00000000000000000000e+00) (4, 4, 5.00000000000000000000e-01) (0, 4, 0.00000000000000000000e+00) 
connections (connected_to_neuron, weight)=(0, 4.44053623471954050927e+00) (1, -2.43236696518268358247e+00) (2, -1.97699042374894418117e+00) (3, -1.05888301673320001095e-01) (4, -6.29496628803675228880e+00) (5, -2.81432626425587084640e-01) (6, -2.09198094438615234125e+00) (7, 6.01566925770172922228e+00) (8, 7.99408326063838270414e+00) (9, 1.55220405945094830358e+00) (10, 2.13807387319655983760e+00) (11, 7.95728518529665773684e+00) (12, 1.87876579188187631253e+00) (0, -1.14232919444975444812e+00) (1, 6.77553951756389105654e-01) (2, 1.26067958483063402575e+00) (3, 8.62787857427286919432e-01) (4, 7.10781284574437455248e-01) (5, 1.45120322824540348705e+01) (6, 1.48964531650191922552e+00) (7, 1.55765387413566130936e-01) (8, -1.78745089600350848258e+00) (9, 5.25885374028365948362e+00) (10, 1.86928245910540957730e+00) (11, 1.99567799211752383570e+00) (12, -5.89077657111677810420e-01) (0, -1.30468772848409795273e+01) (1, 3.24110476905991662377e+00) (2, 8.20918902587166710028e-01) (3, 1.79961904757391655263e-01) (4, 5.99533798308747423178e-01) (5, 1.29884375546174712923e+00) (6, 7.65353527333761274321e-01) (7, 4.79775500860617931664e-01) (8, -3.32724053473491321320e-01) (9, 2.20244101236727507498e+00) (10, 6.05093884368959056275e-01) (11, 1.23905747960302181632e-01) (12, -1.45722862514708029202e+00) (13, -4.34127988184837221297e+00) (14, 4.06184027461828289773e+00) (15, 8.78723556462214716589e+00) (16, -1.73885078426015637909e+00) 
