FANN_FLO_2.1
num_layers=3
learning_rate=0.700000
connection_rate=1.000000
network_type=0
learning_momentum=0.000000
training_algorithm=2
train_error_function=1
train_stop_function=1
cascade_output_change_fraction=0.010000
quickprop_decay=-0.000100
quickprop_mu=1.750000
rprop_increase_factor=1.200000
rprop_decrease_factor=0.500000
rprop_delta_min=0.000000
rprop_delta_max=50.000000
rprop_delta_zero=0.100000
cascade_output_stagnation_epochs=12
cascade_candidate_change_fraction=0.010000
cascade_candidate_stagnation_epochs=12
cascade_max_out_epochs=150
cascade_min_out_epochs=50
cascade_max_cand_epochs=150
cascade_min_cand_epochs=50
cascade_num_candidate_groups=2
bit_fail_limit=1.00000000000000005551e-01
cascade_candidate_limit=1.00000000000000000000e+03
cascade_weight_multiplier=4.00000000000000022204e-01
cascade_activation_functions_count=10
cascade_activation_functions=3 5 7 8 10 11 14 15 16 17 
cascade_activation_steepnesses_count=4
cascade_activation_steepnesses=2.50000000000000000000e-01 5.00000000000000000000e-01 7.50000000000000000000e-01 1.00000000000000000000e+00 
layer_sizes=14 4 2 
scale_included=0
neurons (num_inputs, activation_function, activation_steepness)=(0, 0, 0.00000000000000000000e+00) (0, 0, 0.00000000000000000000e+00) (0, 0, 0.00000000000000000000e+00) (0, 0, 0.00000000000000000000e+00) (0, 0, 0.00000000000000000000e+00) (0, 0, 0.00000000000000000000e+00) (0, 0, 0.00000000000000000000e+00) (0, 0, 0.00000000000000000000e+00) (0, 0, 0.00000000000000000000e+00) (0, 0, 0.00000000000000000000e+00) (0, 0, 0.00000000000000000000e+00) (0, 0, 0.00000000000000000000e+00) (0, 0, 0.00000000000000000000e+00) (0, 0, 0.00000000000000000000e+00) (14, 6, 5.00000000000000000000e-01) (14, 6, 5.00000000000000000000e-01) (14, 6, 5.00000000000000000000e-01) (0, 6, 0.00000000000000000000e+00) (4, 4, 5.00000000000000000000e-01) (0, 4, 0.00000000000000000000e+00) 
connections (connected_to_neuron, weight)=(0, -2.39847347136245225840e+00) (1, 1.48550588313816644970e+00) (2, -1.32419287365958260327e-01) (3, 5.12821045922055684940e-01) (4, 1.18193107925536589065e+00) (5, 1.60876342875416744604e+00) (6, 2.99107292222642229262e+00) (7, 1.67943030069612042610e+00) (8, -1.09046956002168751731e-01) (9, -5.06447207522322306872e-01) (10, -1.86613930864363775086e+00) (11, -2.08660239938457503506e-01) (12, -1.88739706678420171571e+00) (13, -8.53951791644126934067e-01) (0, 2.15823443979472262555e+00) (1, -1.62419165321273828440e+00) (2, 3.26126530509771916932e-01) (3, -8.11724747325964779421e-01) (4, -1.52232759536465067640e+00) (5, -1.56135387772015188368e+00) (6, -2.16583487173889954747e+00) (7, -1.77904296162627373334e+00) (8, 1.93274831593386098305e-01) (9, 3.47224172919958329331e-01) (10, 1.90602446344144960122e+00) (11, 7.19167680533652320385e-01) (12, 2.01099981364257862637e+00) (13, 1.35249183684034579578e+00) (0, -3.98458343757474298119e-02) (1, 6.97759627504263429953e-02) (2, 2.98080830164655988246e-02) (3, 6.60070018120172963272e-01) (4, 6.12009813534343805053e-01) (5, 6.94805541969168216632e-01) (6, 2.22126345479923409387e-01) (7, 2.89770313206846319432e-01) (8, -2.27277904043247727661e-02) (9, -6.70379205832531965825e-02) (10, -6.70141428782315695667e-02) (11, 5.19874587764691808989e-02) (12, -5.54939748237242846951e-02) (13, 1.47975853209436042368e-01) (14, 7.12012496714853782009e+00) (15, -1.87268461163418926674e+01) (16, 1.49642346923291785776e-01) (17, -9.36959935652333264500e-01) 
