FANN_FLO_2.1
num_layers=3
learning_rate=0.700000
connection_rate=1.000000
network_type=0
learning_momentum=0.000000
training_algorithm=2
train_error_function=1
train_stop_function=1
cascade_output_change_fraction=0.010000
quickprop_decay=-0.000100
quickprop_mu=1.750000
rprop_increase_factor=1.200000
rprop_decrease_factor=0.500000
rprop_delta_min=0.000000
rprop_delta_max=50.000000
rprop_delta_zero=0.100000
cascade_output_stagnation_epochs=12
cascade_candidate_change_fraction=0.010000
cascade_candidate_stagnation_epochs=12
cascade_max_out_epochs=150
cascade_min_out_epochs=50
cascade_max_cand_epochs=150
cascade_min_cand_epochs=50
cascade_num_candidate_groups=2
bit_fail_limit=1.00000000000000005551e-01
cascade_candidate_limit=1.00000000000000000000e+03
cascade_weight_multiplier=4.00000000000000022204e-01
cascade_activation_functions_count=10
cascade_activation_functions=3 5 7 8 10 11 14 15 16 17 
cascade_activation_steepnesses_count=4
cascade_activation_steepnesses=2.50000000000000000000e-01 5.00000000000000000000e-01 7.50000000000000000000e-01 1.00000000000000000000e+00 
layer_sizes=7 4 2 
scale_included=0
neurons (num_inputs, activation_function, activation_steepness)=(0, 0, 0.00000000000000000000e+00) (0, 0, 0.00000000000000000000e+00) (0, 0, 0.00000000000000000000e+00) (0, 0, 0.00000000000000000000e+00) (0, 0, 0.00000000000000000000e+00) (0, 0, 0.00000000000000000000e+00) (0, 0, 0.00000000000000000000e+00) (7, 6, 5.00000000000000000000e-01) (7, 6, 5.00000000000000000000e-01) (7, 6, 5.00000000000000000000e-01) (0, 6, 0.00000000000000000000e+00) (4, 4, 5.00000000000000000000e-01) (0, 4, 0.00000000000000000000e+00) 
connections (connected_to_neuron, weight)=(0, -2.25677665026020601857e+00) (1, 2.30868411777037207955e+00) (2, 2.79349144287180850554e+00) (3, -4.82137710363480631592e-01) (4, -5.40806860239121611755e-01) (5, 7.11611408121160082807e-01) (6, -2.30366546363663227126e+00) (0, -1.35189886048389262818e+00) (1, 1.48473312552334379966e+00) (2, 1.26461416434368856265e+00) (3, -1.15539811932510436132e-01) (4, 7.33120531586764823118e-01) (5, 1.12886458827563784801e+00) (6, -1.55387582862869222389e+00) (0, 6.41940155467442608028e+00) (1, 1.94803702779218235186e+00) (2, 6.42676249865869131384e-01) (3, 3.99315227172613518292e+00) (4, 3.61612832727908450892e+00) (5, 2.35119299895107936038e+00) (6, 6.58350255182437038570e+00) (7, 1.10401429533539570116e+01) (8, 4.49424352102611823767e+00) (9, -1.46308274419305450742e+00) (10, -1.34701420218942291562e+00) 
