FANN_FLO_2.1
num_layers=3
learning_rate=0.700000
connection_rate=1.000000
network_type=0
learning_momentum=0.000000
training_algorithm=2
train_error_function=1
train_stop_function=1
cascade_output_change_fraction=0.010000
quickprop_decay=-0.000100
quickprop_mu=1.750000
rprop_increase_factor=1.200000
rprop_decrease_factor=0.500000
rprop_delta_min=0.000000
rprop_delta_max=50.000000
rprop_delta_zero=0.100000
cascade_output_stagnation_epochs=12
cascade_candidate_change_fraction=0.010000
cascade_candidate_stagnation_epochs=12
cascade_max_out_epochs=150
cascade_min_out_epochs=50
cascade_max_cand_epochs=150
cascade_min_cand_epochs=50
cascade_num_candidate_groups=2
bit_fail_limit=1.00000000000000005551e-01
cascade_candidate_limit=1.00000000000000000000e+03
cascade_weight_multiplier=4.00000000000000022204e-01
cascade_activation_functions_count=10
cascade_activation_functions=3 5 7 8 10 11 14 15 16 17 
cascade_activation_steepnesses_count=4
cascade_activation_steepnesses=2.50000000000000000000e-01 5.00000000000000000000e-01 7.50000000000000000000e-01 1.00000000000000000000e+00 
layer_sizes=13 4 2 
scale_included=0
neurons (num_inputs, activation_function, activation_steepness)=(0, 0, 0.00000000000000000000e+00) (0, 0, 0.00000000000000000000e+00) (0, 0, 0.00000000000000000000e+00) (0, 0, 0.00000000000000000000e+00) (0, 0, 0.00000000000000000000e+00) (0, 0, 0.00000000000000000000e+00) (0, 0, 0.00000000000000000000e+00) (0, 0, 0.00000000000000000000e+00) (0, 0, 0.00000000000000000000e+00) (0, 0, 0.00000000000000000000e+00) (0, 0, 0.00000000000000000000e+00) (0, 0, 0.00000000000000000000e+00) (0, 0, 0.00000000000000000000e+00) (13, 6, 5.00000000000000000000e-01) (13, 6, 5.00000000000000000000e-01) (13, 6, 5.00000000000000000000e-01) (0, 6, 0.00000000000000000000e+00) (4, 4, 5.00000000000000000000e-01) (0, 4, 0.00000000000000000000e+00) 
connections (connected_to_neuron, weight)=(0, 5.38673093962921178957e+00) (1, -5.71085020786343999788e+00) (2, 4.06297606999543092776e-01) (3, -2.55552533950744775737e+00) (4, -2.65260611984963956544e+00) (5, 3.11742044751961699944e+00) (6, 4.43358168562902754672e+00) (7, 6.35058941465765247614e+00) (8, -1.82743767941579946523e+01) (9, -6.17647574886236228053e+01) (10, -8.41702310022701993830e+01) (11, 1.15404040159898090678e+03) (12, 2.77429851019408113544e+00) (0, -9.29378909649427953354e+00) (1, 6.61658685762681120224e+00) (2, 1.31415729706623096718e+00) (3, 7.53843033971758291756e+00) (4, 4.08298442727049959444e+00) (5, -2.82540826742879813693e+00) (6, 1.12854451620345996865e+00) (7, -3.96139034247563870395e+00) (8, 1.32491110716033100303e+00) (9, 2.85296104970091946029e+00) (10, 8.86546194114325025737e+00) (11, 1.50000000000000000000e+03) (12, -7.88977632798060479757e+00) (0, -2.40294954542493144345e+00) (1, 4.70168556481782129453e-01) (2, 4.40074261221794160726e-01) (3, 2.17026966989939529284e+00) (4, 1.27208258944857155459e-01) (5, -9.90453493133919421476e-02) (6, 4.13081743766555462116e+02) (7, -1.21563268575671878935e+00) (8, -1.28749463422253351830e+00) (9, -6.71431224491956246681e-02) (10, 1.77553723260873541623e-01) (11, 1.50000000000000000000e+03) (12, -1.49457452525453260428e+00) (13, -3.96743265815419521303e+00) (14, 4.73187802900569565168e+00) (15, 4.61566116092196043752e+00) (16, -7.35393424331483802625e-01) 
