FANN_FLO_2.1
num_layers=3
learning_rate=0.700000
connection_rate=1.000000
network_type=0
learning_momentum=0.000000
training_algorithm=2
train_error_function=1
train_stop_function=1
cascade_output_change_fraction=0.010000
quickprop_decay=-0.000100
quickprop_mu=1.750000
rprop_increase_factor=1.200000
rprop_decrease_factor=0.500000
rprop_delta_min=0.000000
rprop_delta_max=50.000000
rprop_delta_zero=0.100000
cascade_output_stagnation_epochs=12
cascade_candidate_change_fraction=0.010000
cascade_candidate_stagnation_epochs=12
cascade_max_out_epochs=150
cascade_min_out_epochs=50
cascade_max_cand_epochs=150
cascade_min_cand_epochs=50
cascade_num_candidate_groups=2
bit_fail_limit=1.00000000000000005551e-01
cascade_candidate_limit=1.00000000000000000000e+03
cascade_weight_multiplier=4.00000000000000022204e-01
cascade_activation_functions_count=10
cascade_activation_functions=3 5 7 8 10 11 14 15 16 17 
cascade_activation_steepnesses_count=4
cascade_activation_steepnesses=2.50000000000000000000e-01 5.00000000000000000000e-01 7.50000000000000000000e-01 1.00000000000000000000e+00 
layer_sizes=15 4 2 
scale_included=0
neurons (num_inputs, activation_function, activation_steepness)=(0, 0, 0.00000000000000000000e+00) (0, 0, 0.00000000000000000000e+00) (0, 0, 0.00000000000000000000e+00) (0, 0, 0.00000000000000000000e+00) (0, 0, 0.00000000000000000000e+00) (0, 0, 0.00000000000000000000e+00) (0, 0, 0.00000000000000000000e+00) (0, 0, 0.00000000000000000000e+00) (0, 0, 0.00000000000000000000e+00) (0, 0, 0.00000000000000000000e+00) (0, 0, 0.00000000000000000000e+00) (0, 0, 0.00000000000000000000e+00) (0, 0, 0.00000000000000000000e+00) (0, 0, 0.00000000000000000000e+00) (0, 0, 0.00000000000000000000e+00) (15, 6, 5.00000000000000000000e-01) (15, 6, 5.00000000000000000000e-01) (15, 6, 5.00000000000000000000e-01) (0, 6, 0.00000000000000000000e+00) (4, 4, 5.00000000000000000000e-01) (0, 4, 0.00000000000000000000e+00) 
connections (connected_to_neuron, weight)=(0, -6.81727870885928854960e+00) (1, 4.77798598870365598401e+00) (2, 4.68043568960409839264e+00) (3, -1.04235565205388414078e+00) (4, 1.83574689707439908659e+00) (5, 1.06242971549451881152e+00) (6, 3.13613329283440389617e+00) (7, -6.83830808311137960942e+00) (8, 3.06920527494991102202e+00) (9, -1.25650774691670963357e+00) (10, 4.76290375916545993817e+00) (11, 9.90662364660951588746e-01) (12, 1.63646182172628606999e+00) (13, -1.18912121730501807448e-01) (14, -5.09064854618231610317e+00) (0, -4.19126272572099178859e+00) (1, 1.55432718208154230233e+00) (2, 1.43142720641617859911e+00) (3, -4.12251040643514254924e-01) (4, 8.07437583182947449245e-01) (5, 7.15910964437237118396e-01) (6, 1.74502390750387342822e-01) (7, -3.01382155750340530176e+00) (8, 2.97166812547185854587e-01) (9, -2.70546434597627061258e-01) (10, 1.98552159918737869404e+00) (11, -2.23861892893020331119e-01) (12, -1.85289402677718817447e-01) (13, -2.32850538192150256778e-02) (14, -7.44731901147436037292e-01) (0, -2.06159406690732849299e+00) (1, 1.52943365236838846322e+00) (2, 1.45864769401078309130e+00) (3, -4.25708443230451150097e-01) (4, 7.42473035429613403835e-01) (5, 7.17012547679653500232e-01) (6, 2.87550214060285747042e-01) (7, -2.97744306210822173853e+00) (8, 2.21180136629083784472e-01) (9, -3.49702238475117221927e-01) (10, 1.96411061985683899067e+00) (11, -1.19115677847568268710e-01) (12, -2.22741713001434027408e-01) (13, 4.16857734342840693942e-03) (14, -8.06494956770013815550e-01) (15, 6.63487783561856225845e+00) (16, 1.34601588258650628482e+00) (17, 1.01740915911375529035e+00) (18, -1.41695368269227928160e+00) 
