FANN_FLO_2.1
num_layers=3
learning_rate=0.700000
connection_rate=1.000000
network_type=0
learning_momentum=0.000000
training_algorithm=2
train_error_function=1
train_stop_function=1
cascade_output_change_fraction=0.010000
quickprop_decay=-0.000100
quickprop_mu=1.750000
rprop_increase_factor=1.200000
rprop_decrease_factor=0.500000
rprop_delta_min=0.000000
rprop_delta_max=50.000000
rprop_delta_zero=0.100000
cascade_output_stagnation_epochs=12
cascade_candidate_change_fraction=0.010000
cascade_candidate_stagnation_epochs=12
cascade_max_out_epochs=150
cascade_min_out_epochs=50
cascade_max_cand_epochs=150
cascade_min_cand_epochs=50
cascade_num_candidate_groups=2
bit_fail_limit=1.00000000000000005551e-01
cascade_candidate_limit=1.00000000000000000000e+03
cascade_weight_multiplier=4.00000000000000022204e-01
cascade_activation_functions_count=10
cascade_activation_functions=3 5 7 8 10 11 14 15 16 17 
cascade_activation_steepnesses_count=4
cascade_activation_steepnesses=2.50000000000000000000e-01 5.00000000000000000000e-01 7.50000000000000000000e-01 1.00000000000000000000e+00 
layer_sizes=14 4 2 
scale_included=0
neurons (num_inputs, activation_function, activation_steepness)=(0, 0, 0.00000000000000000000e+00) (0, 0, 0.00000000000000000000e+00) (0, 0, 0.00000000000000000000e+00) (0, 0, 0.00000000000000000000e+00) (0, 0, 0.00000000000000000000e+00) (0, 0, 0.00000000000000000000e+00) (0, 0, 0.00000000000000000000e+00) (0, 0, 0.00000000000000000000e+00) (0, 0, 0.00000000000000000000e+00) (0, 0, 0.00000000000000000000e+00) (0, 0, 0.00000000000000000000e+00) (0, 0, 0.00000000000000000000e+00) (0, 0, 0.00000000000000000000e+00) (0, 0, 0.00000000000000000000e+00) (14, 6, 5.00000000000000000000e-01) (14, 6, 5.00000000000000000000e-01) (14, 6, 5.00000000000000000000e-01) (0, 6, 0.00000000000000000000e+00) (4, 4, 5.00000000000000000000e-01) (0, 4, 0.00000000000000000000e+00) 
connections (connected_to_neuron, weight)=(0, -2.59037386757878174137e+00) (1, 1.91680665520929816026e+00) (2, 2.30651235852609159949e+00) (3, -5.79243288813783729907e-01) (4, 1.75603090827357988246e+00) (5, 6.99095866376597124825e-02) (6, 1.56530328399326457145e+00) (7, -5.26108976232895764191e-02) (8, 2.82852801359374794732e-01) (9, -1.34322456480787777444e-01) (10, 2.30100211044501268276e+00) (11, -7.30123033449269320805e-01) (12, 2.22593816694858448457e-01) (13, -2.02795087859322809010e+00) (0, -2.17623283611811135785e+00) (1, 2.55905514400991052071e+00) (2, 7.20789663688919723938e-01) (3, -4.40202344834654479833e-01) (4, 1.17647113618697451987e-01) (5, -9.54169023009618644249e-02) (6, 7.17423625980287749115e-01) (7, 1.85482170420925684962e-01) (8, -3.16782153176870390210e-02) (9, -8.17647934728955583239e-02) (10, 7.80046272019634459594e-03) (11, -3.22234365956436619172e-01) (12, -5.11505052754958500216e-01) (13, -5.66435927350374068823e-01) (0, 1.27670241611597337084e+01) (1, -2.84789321542806739274e+00) (2, -9.42790875334711064859e-01) (3, 2.85627543350254031740e-01) (4, -2.91795885002162558308e+00) (5, -1.57368196403070559342e+00) (6, -4.78705628180711162400e-01) (7, -4.47820509098574071061e-01) (8, -1.40878966963391860645e+00) (9, -3.76815750070970656438e+00) (10, -2.89360083078887564412e+00) (11, 9.07873514287733218708e-01) (12, -1.27065429004910912525e+00) (13, 1.71918391985854057680e+00) (14, 4.79895913178710475933e+00) (15, 2.59791901681204162600e+00) (16, -5.64548885371053810189e+00) (17, -2.08438617304255746632e+00) 
