FANN_FLO_2.1
num_layers=3
learning_rate=0.700000
connection_rate=1.000000
network_type=0
learning_momentum=0.000000
training_algorithm=2
train_error_function=1
train_stop_function=1
cascade_output_change_fraction=0.010000
quickprop_decay=-0.000100
quickprop_mu=1.750000
rprop_increase_factor=1.200000
rprop_decrease_factor=0.500000
rprop_delta_min=0.000000
rprop_delta_max=50.000000
rprop_delta_zero=0.100000
cascade_output_stagnation_epochs=12
cascade_candidate_change_fraction=0.010000
cascade_candidate_stagnation_epochs=12
cascade_max_out_epochs=150
cascade_min_out_epochs=50
cascade_max_cand_epochs=150
cascade_min_cand_epochs=50
cascade_num_candidate_groups=2
bit_fail_limit=1.00000000000000005551e-01
cascade_candidate_limit=1.00000000000000000000e+03
cascade_weight_multiplier=4.00000000000000022204e-01
cascade_activation_functions_count=10
cascade_activation_functions=3 5 7 8 10 11 14 15 16 17 
cascade_activation_steepnesses_count=4
cascade_activation_steepnesses=2.50000000000000000000e-01 5.00000000000000000000e-01 7.50000000000000000000e-01 1.00000000000000000000e+00 
layer_sizes=12 4 2 
scale_included=0
neurons (num_inputs, activation_function, activation_steepness)=(0, 0, 0.00000000000000000000e+00) (0, 0, 0.00000000000000000000e+00) (0, 0, 0.00000000000000000000e+00) (0, 0, 0.00000000000000000000e+00) (0, 0, 0.00000000000000000000e+00) (0, 0, 0.00000000000000000000e+00) (0, 0, 0.00000000000000000000e+00) (0, 0, 0.00000000000000000000e+00) (0, 0, 0.00000000000000000000e+00) (0, 0, 0.00000000000000000000e+00) (0, 0, 0.00000000000000000000e+00) (0, 0, 0.00000000000000000000e+00) (12, 6, 5.00000000000000000000e-01) (12, 6, 5.00000000000000000000e-01) (12, 6, 5.00000000000000000000e-01) (0, 6, 0.00000000000000000000e+00) (4, 4, 5.00000000000000000000e-01) (0, 4, 0.00000000000000000000e+00) 
connections (connected_to_neuron, weight)=(0, 1.53946959017241979950e+00) (1, -1.37406507062284788390e+00) (2, -1.66786773917489794528e+00) (3, 6.38536622620825999874e-01) (4, -3.01597668098263993475e-01) (5, -3.25032709406667008611e-01) (6, -1.18824692479455196192e+00) (7, 4.48851887344172140182e-02) (8, -9.50182063681280331124e-01) (9, -1.23391358896512071119e+00) (10, 2.15901021355042355143e-01) (11, 1.58958456082666899079e+00) (0, -8.62552678707059206076e-01) (1, 2.75600496347843071376e+00) (2, 1.07049719077201022088e+00) (3, -1.39978352032861574905e-01) (4, 3.41505405620519814081e-02) (5, 1.65179592684690096371e-02) (6, 7.09103070660574985595e-01) (7, 1.55276097761133657915e-01) (8, 5.57179561805133616303e-01) (9, 1.19400918705773365081e-01) (10, -2.77956703717404551846e-01) (11, -9.77848303559820997144e-01) (0, 1.60668706311310316437e+00) (1, -1.44310891556112563805e+00) (2, -1.77151220706516010495e+00) (3, 3.07429250608679316414e-01) (4, -3.58594877885632767889e-01) (5, -3.50223465131573929998e-01) (6, -1.23822015560352505226e+00) (7, 2.40186903833200723901e-02) (8, -9.79825666350519375314e-01) (9, -1.14804367318171540724e+00) (10, 2.00043488734612362467e-01) (11, 1.60377472056473280304e+00) (12, -1.06648922433062622872e+01) (13, 4.48233360463073715607e+00) (14, -1.11056552235591237121e+01) (15, -8.73457452776845277853e-01) 
