FANN_FLO_2.1
num_layers=3
learning_rate=0.700000
connection_rate=1.000000
network_type=0
learning_momentum=0.000000
training_algorithm=2
train_error_function=1
train_stop_function=1
cascade_output_change_fraction=0.010000
quickprop_decay=-0.000100
quickprop_mu=1.750000
rprop_increase_factor=1.200000
rprop_decrease_factor=0.500000
rprop_delta_min=0.000000
rprop_delta_max=50.000000
rprop_delta_zero=0.100000
cascade_output_stagnation_epochs=12
cascade_candidate_change_fraction=0.010000
cascade_candidate_stagnation_epochs=12
cascade_max_out_epochs=150
cascade_min_out_epochs=50
cascade_max_cand_epochs=150
cascade_min_cand_epochs=50
cascade_num_candidate_groups=2
bit_fail_limit=1.00000000000000005551e-01
cascade_candidate_limit=1.00000000000000000000e+03
cascade_weight_multiplier=4.00000000000000022204e-01
cascade_activation_functions_count=10
cascade_activation_functions=3 5 7 8 10 11 14 15 16 17 
cascade_activation_steepnesses_count=4
cascade_activation_steepnesses=2.50000000000000000000e-01 5.00000000000000000000e-01 7.50000000000000000000e-01 1.00000000000000000000e+00 
layer_sizes=11 4 2 
scale_included=0
neurons (num_inputs, activation_function, activation_steepness)=(0, 0, 0.00000000000000000000e+00) (0, 0, 0.00000000000000000000e+00) (0, 0, 0.00000000000000000000e+00) (0, 0, 0.00000000000000000000e+00) (0, 0, 0.00000000000000000000e+00) (0, 0, 0.00000000000000000000e+00) (0, 0, 0.00000000000000000000e+00) (0, 0, 0.00000000000000000000e+00) (0, 0, 0.00000000000000000000e+00) (0, 0, 0.00000000000000000000e+00) (0, 0, 0.00000000000000000000e+00) (11, 6, 5.00000000000000000000e-01) (11, 6, 5.00000000000000000000e-01) (11, 6, 5.00000000000000000000e-01) (0, 6, 0.00000000000000000000e+00) (4, 4, 5.00000000000000000000e-01) (0, 4, 0.00000000000000000000e+00) 
connections (connected_to_neuron, weight)=(0, -1.46979085608675212882e+01) (1, 1.79622581429042260659e+00) (2, 2.02480067127975971175e+00) (3, 4.73094847403396912000e+00) (4, -4.22052896947437861108e-01) (5, 1.07972812067353340915e+00) (6, 1.17051993307667201449e+00) (7, 1.09815865851364291572e+00) (8, 1.21212846305044430473e+00) (9, 1.24805548879455674438e+00) (10, 6.97939030819132222305e-01) (0, 7.51888158897239833323e+00) (1, -9.02533582130433886803e-01) (2, 8.30275816224739671156e-01) (3, 7.02451669240899523317e-01) (4, 6.09875974881944116213e-01) (5, 7.71901187733604277064e-01) (6, -7.94588525114397759008e-02) (7, -1.04286168617547425619e+00) (8, 8.41616021518895696119e-01) (9, 1.08019024501462523880e+00) (10, -1.41036327620009482864e+00) (0, -1.30980676151883166369e+01) (1, 8.18062257810937332181e-01) (2, -5.63424540744560831129e-01) (3, -1.12898561791470863902e+00) (4, -7.43785484172213906540e-01) (5, 6.52876612306295456278e-01) (6, 2.25739343037347950371e+00) (7, 3.88295628248640389835e-01) (8, 6.03427869625994039993e-01) (9, 6.27338429083459270252e-01) (10, 9.89237439237309112983e-01) (11, 1.15582854810845212512e+01) (12, -3.15343056691148593274e+00) (13, 2.57222926247633978392e+01) (14, 2.12332619308375603051e-01) 
