FANN_FLO_2.1
num_layers=3
learning_rate=0.700000
connection_rate=1.000000
network_type=0
learning_momentum=0.000000
training_algorithm=2
train_error_function=1
train_stop_function=1
cascade_output_change_fraction=0.010000
quickprop_decay=-0.000100
quickprop_mu=1.750000
rprop_increase_factor=1.200000
rprop_decrease_factor=0.500000
rprop_delta_min=0.000000
rprop_delta_max=50.000000
rprop_delta_zero=0.100000
cascade_output_stagnation_epochs=12
cascade_candidate_change_fraction=0.010000
cascade_candidate_stagnation_epochs=12
cascade_max_out_epochs=150
cascade_min_out_epochs=50
cascade_max_cand_epochs=150
cascade_min_cand_epochs=50
cascade_num_candidate_groups=2
bit_fail_limit=1.00000000000000005551e-01
cascade_candidate_limit=1.00000000000000000000e+03
cascade_weight_multiplier=4.00000000000000022204e-01
cascade_activation_functions_count=10
cascade_activation_functions=3 5 7 8 10 11 14 15 16 17 
cascade_activation_steepnesses_count=4
cascade_activation_steepnesses=2.50000000000000000000e-01 5.00000000000000000000e-01 7.50000000000000000000e-01 1.00000000000000000000e+00 
layer_sizes=17 4 2 
scale_included=0
neurons (num_inputs, activation_function, activation_steepness)=(0, 0, 0.00000000000000000000e+00) (0, 0, 0.00000000000000000000e+00) (0, 0, 0.00000000000000000000e+00) (0, 0, 0.00000000000000000000e+00) (0, 0, 0.00000000000000000000e+00) (0, 0, 0.00000000000000000000e+00) (0, 0, 0.00000000000000000000e+00) (0, 0, 0.00000000000000000000e+00) (0, 0, 0.00000000000000000000e+00) (0, 0, 0.00000000000000000000e+00) (0, 0, 0.00000000000000000000e+00) (0, 0, 0.00000000000000000000e+00) (0, 0, 0.00000000000000000000e+00) (0, 0, 0.00000000000000000000e+00) (0, 0, 0.00000000000000000000e+00) (0, 0, 0.00000000000000000000e+00) (0, 0, 0.00000000000000000000e+00) (17, 6, 5.00000000000000000000e-01) (17, 6, 5.00000000000000000000e-01) (17, 6, 5.00000000000000000000e-01) (0, 6, 0.00000000000000000000e+00) (4, 4, 5.00000000000000000000e-01) (0, 4, 0.00000000000000000000e+00) 
connections (connected_to_neuron, weight)=(0, -8.24292834536451857197e-01) (1, 1.39559669208322234546e+00) (2, 9.22882049824784722603e-01) (3, -8.19200355806448232698e-01) (4, 1.98567709076751186537e+00) (5, 1.24061628929845602087e+00) (6, -3.61338268354474489996e+00) (7, 1.32293835821153060728e+00) (8, 1.59291765566387000241e+00) (9, -3.57061050484222208823e+00) (10, 1.91275263196924094622e+00) (11, -3.80276250569812468427e+00) (12, -8.17771142490763325306e-01) (13, 1.78290349815844240133e-01) (14, -1.98680189528912176655e+00) (15, 1.59915171291150870481e+00) (16, -1.36134810440469222748e+00) (0, 5.51631447608399438920e-02) (1, 4.31426638658901573375e-01) (2, 5.95793855898886892675e-01) (3, 1.95816645734473160356e-01) (4, 6.74086616593445930867e-01) (5, 6.78184540115001954774e-01) (6, -4.21349579292348597193e+00) (7, 1.05189583313443835166e+00) (8, 6.55586373413348577621e-01) (9, -1.27724328740175785413e+00) (10, 6.95979789829582418115e-01) (11, -1.56684929296291652889e+00) (12, 2.17204688538828571964e-01) (13, 1.25626382191586172254e-01) (14, -1.25803723057229177584e+00) (15, 5.93561783785367391708e-01) (16, -2.76837769483462892151e-01) (0, -8.47528518519156809363e-02) (1, 4.57785034473797147747e-01) (2, 5.78068194668210022513e-01) (3, 2.76799450032874150285e-01) (4, 8.33519780295933876424e-01) (5, 9.42477689176000166249e-01) (6, -2.10793864821618148753e+00) (7, 9.86771779626395284524e-01) (8, 6.33406985903525732162e-01) (9, -1.34748803927238958167e+00) (10, 2.02879492285958118458e+00) (11, -1.19892317374442503031e+00) (12, 9.91591145360027764744e-02) (13, -1.97008263932417604369e-01) (14, -1.24807396402079717745e+00) (15, 5.92818521315598867538e-01) (16, -3.82662148151674430530e-01) (17, 6.40471254787487112026e+01) (18, 1.56331962670027002638e+00) (19, 2.34589749752707321662e+00) (20, -2.13403394393671907991e+00) 
