FANN_FLO_2.1
num_layers=3
learning_rate=0.700000
connection_rate=1.000000
network_type=0
learning_momentum=0.000000
training_algorithm=2
train_error_function=1
train_stop_function=1
cascade_output_change_fraction=0.010000
quickprop_decay=-0.000100
quickprop_mu=1.750000
rprop_increase_factor=1.200000
rprop_decrease_factor=0.500000
rprop_delta_min=0.000000
rprop_delta_max=50.000000
rprop_delta_zero=0.100000
cascade_output_stagnation_epochs=12
cascade_candidate_change_fraction=0.010000
cascade_candidate_stagnation_epochs=12
cascade_max_out_epochs=150
cascade_min_out_epochs=50
cascade_max_cand_epochs=150
cascade_min_cand_epochs=50
cascade_num_candidate_groups=2
bit_fail_limit=1.00000000000000005551e-01
cascade_candidate_limit=1.00000000000000000000e+03
cascade_weight_multiplier=4.00000000000000022204e-01
cascade_activation_functions_count=10
cascade_activation_functions=3 5 7 8 10 11 14 15 16 17 
cascade_activation_steepnesses_count=4
cascade_activation_steepnesses=2.50000000000000000000e-01 5.00000000000000000000e-01 7.50000000000000000000e-01 1.00000000000000000000e+00 
layer_sizes=9 4 2 
scale_included=0
neurons (num_inputs, activation_function, activation_steepness)=(0, 0, 0.00000000000000000000e+00) (0, 0, 0.00000000000000000000e+00) (0, 0, 0.00000000000000000000e+00) (0, 0, 0.00000000000000000000e+00) (0, 0, 0.00000000000000000000e+00) (0, 0, 0.00000000000000000000e+00) (0, 0, 0.00000000000000000000e+00) (0, 0, 0.00000000000000000000e+00) (0, 0, 0.00000000000000000000e+00) (9, 6, 5.00000000000000000000e-01) (9, 6, 5.00000000000000000000e-01) (9, 6, 5.00000000000000000000e-01) (0, 6, 0.00000000000000000000e+00) (4, 4, 5.00000000000000000000e-01) (0, 4, 0.00000000000000000000e+00) 
connections (connected_to_neuron, weight)=(0, 1.06370770718195917226e+00) (1, -1.87223837452480323940e+00) (2, 2.94100422591752841406e-01) (3, -1.46628352409750375984e-02) (4, 7.48516816908046056511e-01) (5, 8.64548120909854223015e-01) (6, -2.52734033487606657431e+00) (7, -2.13328029165912225196e+00) (8, 1.37803565529287852520e+00) (0, -3.47612638080804725593e-01) (1, 5.55235548319878646772e-01) (2, 6.75516531456919200327e-02) (3, 5.72830475169398112278e-01) (4, 2.25401889106009473140e-01) (5, 2.05552554968146741765e-02) (6, 5.74781860193552485150e-01) (7, 5.58928012508462468411e-01) (8, -5.01888504102222743342e-01) (0, -1.03848632519597261492e+00) (1, 2.93383470298018167455e+00) (2, -1.87291133147600818987e-01) (3, 4.20368196555559903160e-01) (4, -3.47535308603924730786e-01) (5, -1.84919346277398033429e-01) (6, 1.76663806618208418797e+00) (7, 2.29085518696349410561e+00) (8, -6.94578813869942579551e-01) (9, -1.86516911314907041231e+01) (10, 2.26409284218343520578e+00) (11, 1.19661420385528103338e+01) (12, -7.56722076345671568198e-01) 
