FANN_FLO_2.1
num_layers=3
learning_rate=0.700000
connection_rate=1.000000
network_type=0
learning_momentum=0.000000
training_algorithm=2
train_error_function=1
train_stop_function=1
cascade_output_change_fraction=0.010000
quickprop_decay=-0.000100
quickprop_mu=1.750000
rprop_increase_factor=1.200000
rprop_decrease_factor=0.500000
rprop_delta_min=0.000000
rprop_delta_max=50.000000
rprop_delta_zero=0.100000
cascade_output_stagnation_epochs=12
cascade_candidate_change_fraction=0.010000
cascade_candidate_stagnation_epochs=12
cascade_max_out_epochs=150
cascade_min_out_epochs=50
cascade_max_cand_epochs=150
cascade_min_cand_epochs=50
cascade_num_candidate_groups=2
bit_fail_limit=1.00000000000000005551e-01
cascade_candidate_limit=1.00000000000000000000e+03
cascade_weight_multiplier=4.00000000000000022204e-01
cascade_activation_functions_count=10
cascade_activation_functions=3 5 7 8 10 11 14 15 16 17 
cascade_activation_steepnesses_count=4
cascade_activation_steepnesses=2.50000000000000000000e-01 5.00000000000000000000e-01 7.50000000000000000000e-01 1.00000000000000000000e+00 
layer_sizes=7 4 2 
scale_included=0
neurons (num_inputs, activation_function, activation_steepness)=(0, 0, 0.00000000000000000000e+00) (0, 0, 0.00000000000000000000e+00) (0, 0, 0.00000000000000000000e+00) (0, 0, 0.00000000000000000000e+00) (0, 0, 0.00000000000000000000e+00) (0, 0, 0.00000000000000000000e+00) (0, 0, 0.00000000000000000000e+00) (7, 6, 5.00000000000000000000e-01) (7, 6, 5.00000000000000000000e-01) (7, 6, 5.00000000000000000000e-01) (0, 6, 0.00000000000000000000e+00) (4, 4, 5.00000000000000000000e-01) (0, 4, 0.00000000000000000000e+00) 
connections (connected_to_neuron, weight)=(0, -9.32816466651104070351e-01) (1, 1.17723749772258301505e+00) (2, 1.32423558153792964021e+00) (3, 6.35738929698376531441e-01) (4, 7.38608127424626004220e-01) (5, 6.62889195570855016548e-01) (6, -7.68468112456867413762e-01) (0, -2.94360387504800646852e+00) (1, 2.81683581554199946595e+00) (2, 2.99346102104177536063e+00) (3, -3.99500871833394888277e-01) (4, 8.75502736795407243697e-01) (5, 1.43912181607098982328e-01) (6, -3.01072155118688433717e+00) (0, -1.08932496326729522096e+00) (1, 1.22189131925317417959e+00) (2, 1.39192622222587214509e+00) (3, 7.14087849447636258127e-01) (4, 6.12758321652321691353e-01) (5, 5.56214636156468267281e-01) (6, -7.51425907719204144719e-01) (7, 1.03859552806065336128e+00) (8, 1.05958383485865077489e+01) (9, 9.96861851290397393832e-01) (10, -1.86160938260776154252e+00) 
