FANN_FLO_2.1
num_layers=3
learning_rate=0.700000
connection_rate=1.000000
network_type=0
learning_momentum=0.000000
training_algorithm=2
train_error_function=1
train_stop_function=1
cascade_output_change_fraction=0.010000
quickprop_decay=-0.000100
quickprop_mu=1.750000
rprop_increase_factor=1.200000
rprop_decrease_factor=0.500000
rprop_delta_min=0.000000
rprop_delta_max=50.000000
rprop_delta_zero=0.100000
cascade_output_stagnation_epochs=12
cascade_candidate_change_fraction=0.010000
cascade_candidate_stagnation_epochs=12
cascade_max_out_epochs=150
cascade_min_out_epochs=50
cascade_max_cand_epochs=150
cascade_min_cand_epochs=50
cascade_num_candidate_groups=2
bit_fail_limit=1.00000000000000005551e-01
cascade_candidate_limit=1.00000000000000000000e+03
cascade_weight_multiplier=4.00000000000000022204e-01
cascade_activation_functions_count=10
cascade_activation_functions=3 5 7 8 10 11 14 15 16 17 
cascade_activation_steepnesses_count=4
cascade_activation_steepnesses=2.50000000000000000000e-01 5.00000000000000000000e-01 7.50000000000000000000e-01 1.00000000000000000000e+00 
layer_sizes=7 4 2 
scale_included=0
neurons (num_inputs, activation_function, activation_steepness)=(0, 0, 0.00000000000000000000e+00) (0, 0, 0.00000000000000000000e+00) (0, 0, 0.00000000000000000000e+00) (0, 0, 0.00000000000000000000e+00) (0, 0, 0.00000000000000000000e+00) (0, 0, 0.00000000000000000000e+00) (0, 0, 0.00000000000000000000e+00) (7, 6, 5.00000000000000000000e-01) (7, 6, 5.00000000000000000000e-01) (7, 6, 5.00000000000000000000e-01) (0, 6, 0.00000000000000000000e+00) (4, 4, 5.00000000000000000000e-01) (0, 4, 0.00000000000000000000e+00) 
connections (connected_to_neuron, weight)=(0, -5.49762053714275555905e-01) (1, 4.39877080763137495723e+00) (2, -3.00528416019412047966e-01) (3, -2.40342797320815093620e-01) (4, -2.80344279092284209831e-01) (5, -6.52361234949112134274e-01) (6, -4.57318997309684949215e-01) (0, -1.93440208559546911182e-01) (1, 1.90654076367170910444e+00) (2, -3.49092681025201106992e-02) (3, 1.94155078316992149579e-02) (4, 4.79211982275313044810e-02) (5, -1.07915773990889446443e-01) (6, -2.10639106457744085255e-01) (0, 2.15926935225103910909e+00) (1, -1.05401699154839487704e+01) (2, 1.57323481065357606568e+00) (3, 1.65711428892935197510e+00) (4, 1.01302713158195567544e+00) (5, 2.25412856488798674093e+00) (6, 2.31702091991280090255e+00) (7, 2.34447586831531618046e+00) (8, 7.10645891771870319431e-01) (9, -2.78443209838537386602e+00) (10, -2.11410546288604361820e+00) 
