FANN_FLO_2.1
num_layers=3
learning_rate=0.700000
connection_rate=1.000000
network_type=0
learning_momentum=0.000000
training_algorithm=2
train_error_function=1
train_stop_function=1
cascade_output_change_fraction=0.010000
quickprop_decay=-0.000100
quickprop_mu=1.750000
rprop_increase_factor=1.200000
rprop_decrease_factor=0.500000
rprop_delta_min=0.000000
rprop_delta_max=50.000000
rprop_delta_zero=0.100000
cascade_output_stagnation_epochs=12
cascade_candidate_change_fraction=0.010000
cascade_candidate_stagnation_epochs=12
cascade_max_out_epochs=150
cascade_min_out_epochs=50
cascade_max_cand_epochs=150
cascade_min_cand_epochs=50
cascade_num_candidate_groups=2
bit_fail_limit=1.00000000000000005551e-01
cascade_candidate_limit=1.00000000000000000000e+03
cascade_weight_multiplier=4.00000000000000022204e-01
cascade_activation_functions_count=10
cascade_activation_functions=3 5 7 8 10 11 14 15 16 17 
cascade_activation_steepnesses_count=4
cascade_activation_steepnesses=2.50000000000000000000e-01 5.00000000000000000000e-01 7.50000000000000000000e-01 1.00000000000000000000e+00 
layer_sizes=18 4 2 
scale_included=0
neurons (num_inputs, activation_function, activation_steepness)=(0, 0, 0.00000000000000000000e+00) (0, 0, 0.00000000000000000000e+00) (0, 0, 0.00000000000000000000e+00) (0, 0, 0.00000000000000000000e+00) (0, 0, 0.00000000000000000000e+00) (0, 0, 0.00000000000000000000e+00) (0, 0, 0.00000000000000000000e+00) (0, 0, 0.00000000000000000000e+00) (0, 0, 0.00000000000000000000e+00) (0, 0, 0.00000000000000000000e+00) (0, 0, 0.00000000000000000000e+00) (0, 0, 0.00000000000000000000e+00) (0, 0, 0.00000000000000000000e+00) (0, 0, 0.00000000000000000000e+00) (0, 0, 0.00000000000000000000e+00) (0, 0, 0.00000000000000000000e+00) (0, 0, 0.00000000000000000000e+00) (0, 0, 0.00000000000000000000e+00) (18, 6, 5.00000000000000000000e-01) (18, 6, 5.00000000000000000000e-01) (18, 6, 5.00000000000000000000e-01) (0, 6, 0.00000000000000000000e+00) (4, 4, 5.00000000000000000000e-01) (0, 4, 0.00000000000000000000e+00) 
connections (connected_to_neuron, weight)=(0, -1.74625366627991751578e+00) (1, 9.37940395852714048353e-01) (2, 1.34879753592665463380e+00) (3, -6.36571558708849183361e-01) (4, 1.65189952524239819232e-01) (5, 1.21847244931465104045e+00) (6, 1.05037608242795439395e+01) (7, -1.57677295768529912579e+00) (8, -6.94475714004886501840e-01) (9, -1.79200156442911540111e+00) (10, -8.98433007120512105992e-01) (11, 1.05582418463394613894e+01) (12, 3.95960239512260003814e-01) (13, -1.53674539888174077618e+00) (14, -1.73042796962053690990e+00) (15, -3.88227893706895033077e-01) (16, -3.92022024154098680526e+00) (17, -1.63327015486373183784e-01) (0, -4.17853991369164123881e+00) (1, -4.79009916458064677336e-03) (2, 3.59533886290868354152e+00) (3, -1.78033193964611924365e-01) (4, 2.26235238361501805882e-01) (5, 3.35343355475298532387e-01) (6, 4.18596004555380485357e+00) (7, -4.21186906593398191490e-01) (8, -6.34682372349784529320e-01) (9, -1.52399932527096382273e+00) (10, -3.44553085368296763136e-01) (11, 4.14915303746616981329e+00) (12, 3.39614115075568712143e-01) (13, -3.57081008451537229575e-01) (14, -1.53965749525578132761e+00) (15, 4.25933598954378114798e-02) (16, -1.29052333525967277694e+00) (17, -1.12645918368274616794e-01) (0, 1.28574484762576890517e+00) (1, -7.87397706882851156074e-01) (2, -1.09200780389344442867e+00) (3, 7.10244045658158795753e-01) (4, -1.61608524501838879406e-01) (5, -5.12789789270070017757e-01) (6, -3.43739518058218074259e+00) (7, 1.90477637853176462457e+00) (8, 7.18200283922648785584e-01) (9, 1.94040595646650659845e+00) (10, 4.95856175989976277751e-01) (11, -3.00237771233783368174e-01) (12, 3.06456406252191004835e-02) (13, 1.88340881373436319635e+00) (14, 1.82385481055528986261e+00) (15, 1.21936383256044900136e+00) (16, 6.31927872417880287514e+00) (17, 7.09548166892940423978e-01) (18, 1.05776829890177221927e+01) (19, 1.24918781594767236420e+00) (20, -1.05395839496717425021e+01) (21, -1.84952660945071456489e-01) 
