FANN_FLO_2.1
num_layers=3
learning_rate=0.700000
connection_rate=1.000000
network_type=0
learning_momentum=0.000000
training_algorithm=2
train_error_function=1
train_stop_function=1
cascade_output_change_fraction=0.010000
quickprop_decay=-0.000100
quickprop_mu=1.750000
rprop_increase_factor=1.200000
rprop_decrease_factor=0.500000
rprop_delta_min=0.000000
rprop_delta_max=50.000000
rprop_delta_zero=0.100000
cascade_output_stagnation_epochs=12
cascade_candidate_change_fraction=0.010000
cascade_candidate_stagnation_epochs=12
cascade_max_out_epochs=150
cascade_min_out_epochs=50
cascade_max_cand_epochs=150
cascade_min_cand_epochs=50
cascade_num_candidate_groups=2
bit_fail_limit=1.00000000000000005551e-01
cascade_candidate_limit=1.00000000000000000000e+03
cascade_weight_multiplier=4.00000000000000022204e-01
cascade_activation_functions_count=10
cascade_activation_functions=3 5 7 8 10 11 14 15 16 17 
cascade_activation_steepnesses_count=4
cascade_activation_steepnesses=2.50000000000000000000e-01 5.00000000000000000000e-01 7.50000000000000000000e-01 1.00000000000000000000e+00 
layer_sizes=6 4 2 
scale_included=0
neurons (num_inputs, activation_function, activation_steepness)=(0, 0, 0.00000000000000000000e+00) (0, 0, 0.00000000000000000000e+00) (0, 0, 0.00000000000000000000e+00) (0, 0, 0.00000000000000000000e+00) (0, 0, 0.00000000000000000000e+00) (0, 0, 0.00000000000000000000e+00) (6, 6, 5.00000000000000000000e-01) (6, 6, 5.00000000000000000000e-01) (6, 6, 5.00000000000000000000e-01) (0, 6, 0.00000000000000000000e+00) (4, 4, 5.00000000000000000000e-01) (0, 4, 0.00000000000000000000e+00) 
connections (connected_to_neuron, weight)=(0, -5.37116404335202179965e+00) (1, 1.75048000835534800501e+00) (2, 3.19588637054753710309e-01) (3, 1.04770901422005646708e+00) (4, 6.18836663531656561155e-01) (5, -4.21546069709520077051e-01) (0, -9.60726285012374248140e+00) (1, 3.92677574445193666719e+00) (2, 1.24036676293424941164e+00) (3, 3.52372439695464745313e+00) (4, 5.12392859980320380942e+00) (5, -4.07190255047957272438e+00) (0, -2.09380023592689923362e+00) (1, 9.70330493809724137222e-01) (2, 3.63262201601443790455e-01) (3, 4.52680131614877967472e-01) (4, 5.00829420184853879583e-01) (5, -2.91202116441101666044e-01) (6, 1.84511663963287375623e+00) (7, 7.52007319337932145231e+00) (8, 1.37766021714887521021e+00) (9, -1.31219458511164899228e+00) 
