FANN_FLO_2.1
num_layers=3
learning_rate=0.700000
connection_rate=1.000000
network_type=0
learning_momentum=0.000000
training_algorithm=2
train_error_function=1
train_stop_function=1
cascade_output_change_fraction=0.010000
quickprop_decay=-0.000100
quickprop_mu=1.750000
rprop_increase_factor=1.200000
rprop_decrease_factor=0.500000
rprop_delta_min=0.000000
rprop_delta_max=50.000000
rprop_delta_zero=0.100000
cascade_output_stagnation_epochs=12
cascade_candidate_change_fraction=0.010000
cascade_candidate_stagnation_epochs=12
cascade_max_out_epochs=150
cascade_min_out_epochs=50
cascade_max_cand_epochs=150
cascade_min_cand_epochs=50
cascade_num_candidate_groups=2
bit_fail_limit=1.00000000000000005551e-01
cascade_candidate_limit=1.00000000000000000000e+03
cascade_weight_multiplier=4.00000000000000022204e-01
cascade_activation_functions_count=10
cascade_activation_functions=3 5 7 8 10 11 14 15 16 17 
cascade_activation_steepnesses_count=4
cascade_activation_steepnesses=2.50000000000000000000e-01 5.00000000000000000000e-01 7.50000000000000000000e-01 1.00000000000000000000e+00 
layer_sizes=15 4 2 
scale_included=0
neurons (num_inputs, activation_function, activation_steepness)=(0, 0, 0.00000000000000000000e+00) (0, 0, 0.00000000000000000000e+00) (0, 0, 0.00000000000000000000e+00) (0, 0, 0.00000000000000000000e+00) (0, 0, 0.00000000000000000000e+00) (0, 0, 0.00000000000000000000e+00) (0, 0, 0.00000000000000000000e+00) (0, 0, 0.00000000000000000000e+00) (0, 0, 0.00000000000000000000e+00) (0, 0, 0.00000000000000000000e+00) (0, 0, 0.00000000000000000000e+00) (0, 0, 0.00000000000000000000e+00) (0, 0, 0.00000000000000000000e+00) (0, 0, 0.00000000000000000000e+00) (0, 0, 0.00000000000000000000e+00) (15, 6, 5.00000000000000000000e-01) (15, 6, 5.00000000000000000000e-01) (15, 6, 5.00000000000000000000e-01) (0, 6, 0.00000000000000000000e+00) (4, 4, 5.00000000000000000000e-01) (0, 4, 0.00000000000000000000e+00) 
connections (connected_to_neuron, weight)=(0, -5.87006228427761111988e+00) (1, 2.20244374160479772229e+00) (2, 8.30048218079967758953e-01) (3, 1.98234227628445602853e+00) (4, 6.27124398702251784066e-01) (5, 1.43856426829486760965e+00) (6, -1.41980264053630267362e+00) (7, 5.34551034319612150547e-01) (8, 5.46922036561833024848e-01) (9, 8.70254522323235746306e-01) (10, 1.87622419575382437529e+00) (11, 5.68788585166321997155e-02) (12, 1.72830197709717459098e+00) (13, 1.74026659363205582487e+00) (14, -1.54202585630065525102e+00) (0, -8.78536424426486939332e-01) (1, 1.31242171766884285766e+00) (2, 7.69882688341103182950e-01) (3, 3.92470425851839110898e-01) (4, 3.94565881401458151689e-01) (5, 4.14833100853016223386e-01) (6, -1.71060845738399303073e+00) (7, 9.28125847289317129629e-01) (8, 1.19937109158073609838e-01) (9, 8.18859605765694165136e-01) (10, 1.04155213896548470842e+00) (11, 1.84308593119309716002e+00) (12, 6.71728238012891165631e-01) (13, 8.41278462809982752191e-01) (14, -3.17523097670230014522e-01) (0, -5.61821566393512394910e+00) (1, 1.24717255670761129061e+00) (2, 7.76318371006412766278e-01) (3, 2.03953620375132516074e+00) (4, 6.74352898949253432015e-01) (5, 1.34878305846839818827e+00) (6, -1.45363525018977557401e+00) (7, 6.43122369992944586947e-01) (8, 1.15427985079300055027e+00) (9, 9.00030767678841825408e-01) (10, 2.14385004524398459225e+00) (11, -1.42843785782468812862e-02) (12, 1.74329673993506140128e+00) (13, 1.76411781692202240812e+00) (14, -1.54710438437706554460e+00) (15, 1.30325758211731113079e+01) (16, 9.51975449573536303127e-01) (17, 1.30062674038528598430e+01) (18, -2.17460727515285334732e+00) 
