FANN_FLO_2.1
num_layers=3
learning_rate=0.700000
connection_rate=1.000000
network_type=0
learning_momentum=0.000000
training_algorithm=2
train_error_function=1
train_stop_function=1
cascade_output_change_fraction=0.010000
quickprop_decay=-0.000100
quickprop_mu=1.750000
rprop_increase_factor=1.200000
rprop_decrease_factor=0.500000
rprop_delta_min=0.000000
rprop_delta_max=50.000000
rprop_delta_zero=0.100000
cascade_output_stagnation_epochs=12
cascade_candidate_change_fraction=0.010000
cascade_candidate_stagnation_epochs=12
cascade_max_out_epochs=150
cascade_min_out_epochs=50
cascade_max_cand_epochs=150
cascade_min_cand_epochs=50
cascade_num_candidate_groups=2
bit_fail_limit=1.00000000000000005551e-01
cascade_candidate_limit=1.00000000000000000000e+03
cascade_weight_multiplier=4.00000000000000022204e-01
cascade_activation_functions_count=10
cascade_activation_functions=3 5 7 8 10 11 14 15 16 17 
cascade_activation_steepnesses_count=4
cascade_activation_steepnesses=2.50000000000000000000e-01 5.00000000000000000000e-01 7.50000000000000000000e-01 1.00000000000000000000e+00 
layer_sizes=6 4 2 
scale_included=0
neurons (num_inputs, activation_function, activation_steepness)=(0, 0, 0.00000000000000000000e+00) (0, 0, 0.00000000000000000000e+00) (0, 0, 0.00000000000000000000e+00) (0, 0, 0.00000000000000000000e+00) (0, 0, 0.00000000000000000000e+00) (0, 0, 0.00000000000000000000e+00) (6, 6, 5.00000000000000000000e-01) (6, 6, 5.00000000000000000000e-01) (6, 6, 5.00000000000000000000e-01) (0, 6, 0.00000000000000000000e+00) (4, 4, 5.00000000000000000000e-01) (0, 4, 0.00000000000000000000e+00) 
connections (connected_to_neuron, weight)=(0, -4.65009951756618633567e+00) (1, 4.25317427680529558387e+00) (2, 1.04638761169233740489e+00) (3, 2.35886016510594576090e+00) (4, 5.78646141514120149196e+00) (5, -4.73944331545774133474e+00) (0, 2.94145562864900934896e-02) (1, 4.66339746492571260994e-01) (2, 3.05265275955861448143e-01) (3, 3.80528762682238397286e-01) (4, 1.27629022809293779517e+00) (5, -3.38078434101105398946e-02) (0, -5.87980706392247576275e+00) (1, 2.29739674625405010389e+00) (2, 7.04460795833305231106e-01) (3, 9.76580519437456051612e-01) (4, 1.88448531437158584012e+00) (5, -8.38886365846861603579e-01) (6, 6.19744188012092855899e+00) (7, 1.17682065101622113090e+00) (8, 9.01300051717699002296e-01) (9, -1.63624227253381926417e+00) 
