FANN_FLO_2.1
num_layers=3
learning_rate=0.700000
connection_rate=1.000000
network_type=0
learning_momentum=0.000000
training_algorithm=2
train_error_function=1
train_stop_function=1
cascade_output_change_fraction=0.010000
quickprop_decay=-0.000100
quickprop_mu=1.750000
rprop_increase_factor=1.200000
rprop_decrease_factor=0.500000
rprop_delta_min=0.000000
rprop_delta_max=50.000000
rprop_delta_zero=0.100000
cascade_output_stagnation_epochs=12
cascade_candidate_change_fraction=0.010000
cascade_candidate_stagnation_epochs=12
cascade_max_out_epochs=150
cascade_min_out_epochs=50
cascade_max_cand_epochs=150
cascade_min_cand_epochs=50
cascade_num_candidate_groups=2
bit_fail_limit=1.00000000000000005551e-01
cascade_candidate_limit=1.00000000000000000000e+03
cascade_weight_multiplier=4.00000000000000022204e-01
cascade_activation_functions_count=10
cascade_activation_functions=3 5 7 8 10 11 14 15 16 17 
cascade_activation_steepnesses_count=4
cascade_activation_steepnesses=2.50000000000000000000e-01 5.00000000000000000000e-01 7.50000000000000000000e-01 1.00000000000000000000e+00 
layer_sizes=6 4 2 
scale_included=0
neurons (num_inputs, activation_function, activation_steepness)=(0, 0, 0.00000000000000000000e+00) (0, 0, 0.00000000000000000000e+00) (0, 0, 0.00000000000000000000e+00) (0, 0, 0.00000000000000000000e+00) (0, 0, 0.00000000000000000000e+00) (0, 0, 0.00000000000000000000e+00) (6, 6, 5.00000000000000000000e-01) (6, 6, 5.00000000000000000000e-01) (6, 6, 5.00000000000000000000e-01) (0, 6, 0.00000000000000000000e+00) (4, 4, 5.00000000000000000000e-01) (0, 4, 0.00000000000000000000e+00) 
connections (connected_to_neuron, weight)=(0, 3.49603151105128784337e+00) (1, -3.94843784915476758712e+00) (2, 1.19730778056998365955e+00) (3, -4.98492316505209576150e+00) (4, -4.81508024541264512131e-01) (5, 3.63541847458455791298e+00) (0, 2.65620148907491526735e-01) (1, -7.46514179774787289823e-01) (2, -2.75544422384666032322e-01) (3, -1.14077695586023342145e+00) (4, -3.50760718066278731619e-01) (5, 2.64529234896489939821e-01) (0, -2.09249791545261931702e+00) (1, 2.78126291613539322611e+00) (2, 3.97171198140904513352e-01) (3, 2.75442278959080599776e+00) (4, -1.08389507757866887516e+00) (5, -2.36965187188548132013e+00) (6, -5.00913197030631529572e+00) (7, -4.53718496615372779424e-01) (8, 7.55951965059971708882e+00) (9, -1.59258361795412217710e+00) 
