FANN_FLO_2.1
num_layers=3
learning_rate=0.700000
connection_rate=1.000000
network_type=0
learning_momentum=0.000000
training_algorithm=2
train_error_function=1
train_stop_function=1
cascade_output_change_fraction=0.010000
quickprop_decay=-0.000100
quickprop_mu=1.750000
rprop_increase_factor=1.200000
rprop_decrease_factor=0.500000
rprop_delta_min=0.000000
rprop_delta_max=50.000000
rprop_delta_zero=0.100000
cascade_output_stagnation_epochs=12
cascade_candidate_change_fraction=0.010000
cascade_candidate_stagnation_epochs=12
cascade_max_out_epochs=150
cascade_min_out_epochs=50
cascade_max_cand_epochs=150
cascade_min_cand_epochs=50
cascade_num_candidate_groups=2
bit_fail_limit=1.00000000000000005551e-01
cascade_candidate_limit=1.00000000000000000000e+03
cascade_weight_multiplier=4.00000000000000022204e-01
cascade_activation_functions_count=10
cascade_activation_functions=3 5 7 8 10 11 14 15 16 17 
cascade_activation_steepnesses_count=4
cascade_activation_steepnesses=2.50000000000000000000e-01 5.00000000000000000000e-01 7.50000000000000000000e-01 1.00000000000000000000e+00 
layer_sizes=7 4 2 
scale_included=0
neurons (num_inputs, activation_function, activation_steepness)=(0, 0, 0.00000000000000000000e+00) (0, 0, 0.00000000000000000000e+00) (0, 0, 0.00000000000000000000e+00) (0, 0, 0.00000000000000000000e+00) (0, 0, 0.00000000000000000000e+00) (0, 0, 0.00000000000000000000e+00) (0, 0, 0.00000000000000000000e+00) (7, 6, 5.00000000000000000000e-01) (7, 6, 5.00000000000000000000e-01) (7, 6, 5.00000000000000000000e-01) (0, 6, 0.00000000000000000000e+00) (4, 4, 5.00000000000000000000e-01) (0, 4, 0.00000000000000000000e+00) 
connections (connected_to_neuron, weight)=(0, -2.14175537109124558555e+00) (1, 2.44794145646083372014e+00) (2, 1.16382568177244505314e+00) (3, 2.32953895007306954756e-01) (4, -7.58428171526074113018e-01) (5, 5.69824776714898117991e-02) (6, -3.63701112719374154009e-03) (0, -5.44280648441632930457e+00) (1, 5.62376689054092082642e+00) (2, 7.43002602621887220380e-01) (3, -4.02690374489019453641e-01) (4, -4.85795497167828715934e-01) (5, -5.18480656487330993087e-01) (6, -5.11491968501332383568e-01) (0, -5.38969326229413692175e+00) (1, 5.59868140406926784181e+00) (2, 7.20744678541991978804e-01) (3, -3.15799498195837080594e-01) (4, -5.92409930396798345420e-01) (5, -4.41610350478413737907e-01) (6, -5.19975609350922685081e-01) (7, 9.35680378381141153454e-01) (8, 2.29685940788018649883e+00) (9, 2.26998736499535924693e+00) (10, -1.59284639101255010019e+00) 
