FANN_FLO_2.1
num_layers=3
learning_rate=0.700000
connection_rate=1.000000
network_type=0
learning_momentum=0.000000
training_algorithm=2
train_error_function=1
train_stop_function=1
cascade_output_change_fraction=0.010000
quickprop_decay=-0.000100
quickprop_mu=1.750000
rprop_increase_factor=1.200000
rprop_decrease_factor=0.500000
rprop_delta_min=0.000000
rprop_delta_max=50.000000
rprop_delta_zero=0.100000
cascade_output_stagnation_epochs=12
cascade_candidate_change_fraction=0.010000
cascade_candidate_stagnation_epochs=12
cascade_max_out_epochs=150
cascade_min_out_epochs=50
cascade_max_cand_epochs=150
cascade_min_cand_epochs=50
cascade_num_candidate_groups=2
bit_fail_limit=1.00000000000000005551e-01
cascade_candidate_limit=1.00000000000000000000e+03
cascade_weight_multiplier=4.00000000000000022204e-01
cascade_activation_functions_count=10
cascade_activation_functions=3 5 7 8 10 11 14 15 16 17 
cascade_activation_steepnesses_count=4
cascade_activation_steepnesses=2.50000000000000000000e-01 5.00000000000000000000e-01 7.50000000000000000000e-01 1.00000000000000000000e+00 
layer_sizes=8 4 2 
scale_included=0
neurons (num_inputs, activation_function, activation_steepness)=(0, 0, 0.00000000000000000000e+00) (0, 0, 0.00000000000000000000e+00) (0, 0, 0.00000000000000000000e+00) (0, 0, 0.00000000000000000000e+00) (0, 0, 0.00000000000000000000e+00) (0, 0, 0.00000000000000000000e+00) (0, 0, 0.00000000000000000000e+00) (0, 0, 0.00000000000000000000e+00) (8, 6, 5.00000000000000000000e-01) (8, 6, 5.00000000000000000000e-01) (8, 6, 5.00000000000000000000e-01) (0, 6, 0.00000000000000000000e+00) (4, 4, 5.00000000000000000000e-01) (0, 4, 0.00000000000000000000e+00) 
connections (connected_to_neuron, weight)=(0, 9.92843813740119207623e-01) (1, 5.02712759673596631949e-01) (2, 2.77527549704901854710e+00) (3, 7.63180610553329974444e-01) (4, 1.01778828657838671390e+00) (5, 7.90081921341723281138e-01) (6, 8.72914000206474027799e-01) (7, -9.73324146401492007463e-01) (0, 1.69650686411248918795e+00) (1, 1.31254372763322568751e+00) (2, 2.36336098262660154745e+00) (3, 1.19473294305909605306e+00) (4, 1.22404460295263284308e+00) (5, 1.15478751334106277682e+00) (6, 1.00801735245269119545e+00) (7, -1.70740533429704544055e+00) (0, 1.72603874532567735933e+00) (1, 1.36482012289451337672e+00) (2, 2.28425702103964933798e+00) (3, 1.33292393523562879842e+00) (4, 1.17709783150974311994e+00) (5, 1.09064698490058731295e+00) (6, 1.17322699599545710036e+00) (7, -1.87757083506883115653e+00) (8, 1.29460677199525497905e+00) (9, 3.95745345475472802832e+01) (10, 3.84263362261024639110e+01) (11, -1.74919603588249716886e+00) 
