FANN_FLO_2.1
num_layers=3
learning_rate=0.700000
connection_rate=1.000000
network_type=0
learning_momentum=0.000000
training_algorithm=2
train_error_function=1
train_stop_function=1
cascade_output_change_fraction=0.010000
quickprop_decay=-0.000100
quickprop_mu=1.750000
rprop_increase_factor=1.200000
rprop_decrease_factor=0.500000
rprop_delta_min=0.000000
rprop_delta_max=50.000000
rprop_delta_zero=0.100000
cascade_output_stagnation_epochs=12
cascade_candidate_change_fraction=0.010000
cascade_candidate_stagnation_epochs=12
cascade_max_out_epochs=150
cascade_min_out_epochs=50
cascade_max_cand_epochs=150
cascade_min_cand_epochs=50
cascade_num_candidate_groups=2
bit_fail_limit=1.00000000000000005551e-01
cascade_candidate_limit=1.00000000000000000000e+03
cascade_weight_multiplier=4.00000000000000022204e-01
cascade_activation_functions_count=10
cascade_activation_functions=3 5 7 8 10 11 14 15 16 17 
cascade_activation_steepnesses_count=4
cascade_activation_steepnesses=2.50000000000000000000e-01 5.00000000000000000000e-01 7.50000000000000000000e-01 1.00000000000000000000e+00 
layer_sizes=11 4 2 
scale_included=0
neurons (num_inputs, activation_function, activation_steepness)=(0, 0, 0.00000000000000000000e+00) (0, 0, 0.00000000000000000000e+00) (0, 0, 0.00000000000000000000e+00) (0, 0, 0.00000000000000000000e+00) (0, 0, 0.00000000000000000000e+00) (0, 0, 0.00000000000000000000e+00) (0, 0, 0.00000000000000000000e+00) (0, 0, 0.00000000000000000000e+00) (0, 0, 0.00000000000000000000e+00) (0, 0, 0.00000000000000000000e+00) (0, 0, 0.00000000000000000000e+00) (11, 6, 5.00000000000000000000e-01) (11, 6, 5.00000000000000000000e-01) (11, 6, 5.00000000000000000000e-01) (0, 6, 0.00000000000000000000e+00) (4, 4, 5.00000000000000000000e-01) (0, 4, 0.00000000000000000000e+00) 
connections (connected_to_neuron, weight)=(0, 9.03647535338981233721e-01) (1, -1.22557334464644163141e+00) (2, -2.50280251810661757972e+00) (3, 1.08162699638191539542e+00) (4, 1.93332443750977334140e+00) (5, -4.44637171567242972525e-01) (6, -2.15500008923020514029e-01) (7, -5.11654795166112119631e-01) (8, -1.96162697321219825497e+00) (9, -2.58136529428253103102e-01) (10, 1.26040993914939769560e+00) (0, 1.00514613170920164009e+00) (1, -1.16883417454217641840e+00) (2, -2.48548304746262038734e+00) (3, 1.16389599440876323477e+00) (4, 1.85137647755026679697e+00) (5, -4.78190080989546573154e-01) (6, -1.94431570035424383658e-01) (7, -1.86122050464942290215e-01) (8, -1.94175299650473975888e+00) (9, -2.72863190573940206374e-01) (10, 1.17440609172918208891e+00) (0, -3.21229767323840897930e-01) (1, 1.42127141960088221317e+00) (2, 7.20355881295214661719e-01) (3, 6.30491045696294633016e-02) (4, 8.23087491493336431692e-03) (5, 2.96696673606374361487e-01) (6, 3.22412938360566114770e-01) (7, 8.89672228438505685588e-01) (8, 7.14825824662521869257e-01) (9, 1.72041004121641560864e+00) (10, -5.18068277356131638711e-03) (11, -2.27158598233179809256e+01) (12, -2.27642667707221271201e+01) (13, 2.95077104748139584789e-01) (14, -9.17642721966423380309e-01) 
