FANN_FLO_2.1
num_layers=3
learning_rate=0.700000
connection_rate=1.000000
network_type=0
learning_momentum=0.000000
training_algorithm=2
train_error_function=1
train_stop_function=1
cascade_output_change_fraction=0.010000
quickprop_decay=-0.000100
quickprop_mu=1.750000
rprop_increase_factor=1.200000
rprop_decrease_factor=0.500000
rprop_delta_min=0.000000
rprop_delta_max=50.000000
rprop_delta_zero=0.100000
cascade_output_stagnation_epochs=12
cascade_candidate_change_fraction=0.010000
cascade_candidate_stagnation_epochs=12
cascade_max_out_epochs=150
cascade_min_out_epochs=50
cascade_max_cand_epochs=150
cascade_min_cand_epochs=50
cascade_num_candidate_groups=2
bit_fail_limit=1.00000000000000005551e-01
cascade_candidate_limit=1.00000000000000000000e+03
cascade_weight_multiplier=4.00000000000000022204e-01
cascade_activation_functions_count=10
cascade_activation_functions=3 5 7 8 10 11 14 15 16 17 
cascade_activation_steepnesses_count=4
cascade_activation_steepnesses=2.50000000000000000000e-01 5.00000000000000000000e-01 7.50000000000000000000e-01 1.00000000000000000000e+00 
layer_sizes=10 4 2 
scale_included=0
neurons (num_inputs, activation_function, activation_steepness)=(0, 0, 0.00000000000000000000e+00) (0, 0, 0.00000000000000000000e+00) (0, 0, 0.00000000000000000000e+00) (0, 0, 0.00000000000000000000e+00) (0, 0, 0.00000000000000000000e+00) (0, 0, 0.00000000000000000000e+00) (0, 0, 0.00000000000000000000e+00) (0, 0, 0.00000000000000000000e+00) (0, 0, 0.00000000000000000000e+00) (0, 0, 0.00000000000000000000e+00) (10, 6, 5.00000000000000000000e-01) (10, 6, 5.00000000000000000000e-01) (10, 6, 5.00000000000000000000e-01) (0, 6, 0.00000000000000000000e+00) (4, 4, 5.00000000000000000000e-01) (0, 4, 0.00000000000000000000e+00) 
connections (connected_to_neuron, weight)=(0, -7.55423765681443759590e-01) (1, 7.41262454300708695243e-01) (2, 3.14459507606737853624e-01) (3, 1.86979828635825073846e-01) (4, 4.41897420341735902571e-01) (5, 6.08233382873858641204e-01) (6, 1.95386934811924284361e+01) (7, 2.82442560548549825850e-01) (8, 1.84901680562261611085e-01) (9, -2.64780531355224058032e-01) (0, -2.82926243215951789267e+00) (1, 1.00241764844538483459e+00) (2, 1.03269664893951085283e+00) (3, 3.17929283229204162620e-01) (4, 1.65508219771541037479e-01) (5, 8.95724229181455999793e-01) (6, 4.70862744799840342580e+01) (7, 2.72609041803038965046e-01) (8, 1.43396651609237146818e-01) (9, -7.36064798644368356584e-01) (0, -2.83473182141933310874e+00) (1, 1.19604110060812862670e+00) (2, 1.12341164003219273759e+00) (3, 3.75243545023294433616e-01) (4, 2.49424503915465778370e-01) (5, 1.00513200428550164567e+00) (6, 4.70572191639828574239e+01) (7, 3.66847154199042013722e-01) (8, 4.54972655027069738942e-01) (9, -8.06128225735013193010e-01) (10, 2.41380860727901686014e-01) (11, 3.04857154953243814077e+01) (12, 1.22781821487586402242e+01) (13, -6.82480200639550393937e-01) 
