FANN_FLO_2.1
num_layers=3
learning_rate=0.700000
connection_rate=1.000000
network_type=0
learning_momentum=0.000000
training_algorithm=2
train_error_function=1
train_stop_function=1
cascade_output_change_fraction=0.010000
quickprop_decay=-0.000100
quickprop_mu=1.750000
rprop_increase_factor=1.200000
rprop_decrease_factor=0.500000
rprop_delta_min=0.000000
rprop_delta_max=50.000000
rprop_delta_zero=0.100000
cascade_output_stagnation_epochs=12
cascade_candidate_change_fraction=0.010000
cascade_candidate_stagnation_epochs=12
cascade_max_out_epochs=150
cascade_min_out_epochs=50
cascade_max_cand_epochs=150
cascade_min_cand_epochs=50
cascade_num_candidate_groups=2
bit_fail_limit=1.00000000000000005551e-01
cascade_candidate_limit=1.00000000000000000000e+03
cascade_weight_multiplier=4.00000000000000022204e-01
cascade_activation_functions_count=10
cascade_activation_functions=3 5 7 8 10 11 14 15 16 17 
cascade_activation_steepnesses_count=4
cascade_activation_steepnesses=2.50000000000000000000e-01 5.00000000000000000000e-01 7.50000000000000000000e-01 1.00000000000000000000e+00 
layer_sizes=8 4 2 
scale_included=0
neurons (num_inputs, activation_function, activation_steepness)=(0, 0, 0.00000000000000000000e+00) (0, 0, 0.00000000000000000000e+00) (0, 0, 0.00000000000000000000e+00) (0, 0, 0.00000000000000000000e+00) (0, 0, 0.00000000000000000000e+00) (0, 0, 0.00000000000000000000e+00) (0, 0, 0.00000000000000000000e+00) (0, 0, 0.00000000000000000000e+00) (8, 6, 5.00000000000000000000e-01) (8, 6, 5.00000000000000000000e-01) (8, 6, 5.00000000000000000000e-01) (0, 6, 0.00000000000000000000e+00) (4, 4, 5.00000000000000000000e-01) (0, 4, 0.00000000000000000000e+00) 
connections (connected_to_neuron, weight)=(0, -4.94568866179212385248e+00) (1, -2.57228674211811814132e+00) (2, 1.16660767017498574205e+03) (3, -5.11756582426621609017e+00) (4, -5.13362404176074349493e+00) (5, 1.72625312155456844820e+00) (6, -5.64204136651729015739e+00) (7, 7.16500753938049772529e+00) (0, 2.30558710819885970267e+00) (1, 1.93788137298793361474e+00) (2, 3.57332498939396092652e+00) (3, 1.29127404194021688788e+00) (4, 1.28805492757991624231e+00) (5, 1.86588459668897832522e+00) (6, 1.21031007700619341882e+00) (7, -2.15083532668310528635e+00) (0, 2.01167952784260917198e+00) (1, 8.49107538436141839888e-01) (2, 1.46722384240260161903e+00) (3, 6.06953322887413326825e-01) (4, 5.70313461689761935780e-01) (5, 1.24540466366073054871e+00) (6, 7.54375213022362212101e-01) (7, -1.30501033831430857113e+00) (8, -7.56144563717691919891e+00) (9, 2.76969013342131482602e+01) (10, 1.17426016518697506896e+00) (11, -1.39808906181364789312e+00) 
