FANN_FLO_2.1
num_layers=3
learning_rate=0.700000
connection_rate=1.000000
network_type=0
learning_momentum=0.000000
training_algorithm=2
train_error_function=1
train_stop_function=1
cascade_output_change_fraction=0.010000
quickprop_decay=-0.000100
quickprop_mu=1.750000
rprop_increase_factor=1.200000
rprop_decrease_factor=0.500000
rprop_delta_min=0.000000
rprop_delta_max=50.000000
rprop_delta_zero=0.100000
cascade_output_stagnation_epochs=12
cascade_candidate_change_fraction=0.010000
cascade_candidate_stagnation_epochs=12
cascade_max_out_epochs=150
cascade_min_out_epochs=50
cascade_max_cand_epochs=150
cascade_min_cand_epochs=50
cascade_num_candidate_groups=2
bit_fail_limit=1.00000000000000005551e-01
cascade_candidate_limit=1.00000000000000000000e+03
cascade_weight_multiplier=4.00000000000000022204e-01
cascade_activation_functions_count=10
cascade_activation_functions=3 5 7 8 10 11 14 15 16 17 
cascade_activation_steepnesses_count=4
cascade_activation_steepnesses=2.50000000000000000000e-01 5.00000000000000000000e-01 7.50000000000000000000e-01 1.00000000000000000000e+00 
layer_sizes=8 4 2 
scale_included=0
neurons (num_inputs, activation_function, activation_steepness)=(0, 0, 0.00000000000000000000e+00) (0, 0, 0.00000000000000000000e+00) (0, 0, 0.00000000000000000000e+00) (0, 0, 0.00000000000000000000e+00) (0, 0, 0.00000000000000000000e+00) (0, 0, 0.00000000000000000000e+00) (0, 0, 0.00000000000000000000e+00) (0, 0, 0.00000000000000000000e+00) (8, 6, 5.00000000000000000000e-01) (8, 6, 5.00000000000000000000e-01) (8, 6, 5.00000000000000000000e-01) (0, 6, 0.00000000000000000000e+00) (4, 4, 5.00000000000000000000e-01) (0, 4, 0.00000000000000000000e+00) 
connections (connected_to_neuron, weight)=(0, 2.71851383020138781532e+00) (1, -2.54857964723136820595e+00) (2, -3.76667779213403619565e+00) (3, 1.95443143796375329302e+00) (4, 6.27605391051627825583e-01) (5, -2.13462755798361980553e+00) (6, 2.05433930901789052470e+00) (7, 2.72564770151829760536e+00) (0, -3.05817508762513956544e-01) (1, 4.36811903045915272958e-01) (2, 1.40150375306903018924e+00) (3, 7.64275066632744248807e-01) (4, 4.95272236123926290485e-01) (5, 2.97136760180892023353e-01) (6, 1.18243632241887774992e-01) (7, -4.57194362783085797575e-02) (0, 2.74315528442120593056e+00) (1, -2.45742019547846801686e+00) (2, -3.87928467379585617536e+00) (3, 1.98364157330444434990e+00) (4, 6.12552737202502917135e-01) (5, -2.10207148610614025230e+00) (6, 1.97820098398231802861e+00) (7, 2.75685489048218768104e+00) (8, -7.40097053858924702752e+00) (9, 4.48935657653179942539e-01) (10, -7.36665140602279500115e+00) (11, -1.40185732105465321595e+00) 
