FANN_FLO_2.1
num_layers=3
learning_rate=0.700000
connection_rate=1.000000
network_type=0
learning_momentum=0.000000
training_algorithm=2
train_error_function=1
train_stop_function=1
cascade_output_change_fraction=0.010000
quickprop_decay=-0.000100
quickprop_mu=1.750000
rprop_increase_factor=1.200000
rprop_decrease_factor=0.500000
rprop_delta_min=0.000000
rprop_delta_max=50.000000
rprop_delta_zero=0.100000
cascade_output_stagnation_epochs=12
cascade_candidate_change_fraction=0.010000
cascade_candidate_stagnation_epochs=12
cascade_max_out_epochs=150
cascade_min_out_epochs=50
cascade_max_cand_epochs=150
cascade_min_cand_epochs=50
cascade_num_candidate_groups=2
bit_fail_limit=1.00000000000000005551e-01
cascade_candidate_limit=1.00000000000000000000e+03
cascade_weight_multiplier=4.00000000000000022204e-01
cascade_activation_functions_count=10
cascade_activation_functions=3 5 7 8 10 11 14 15 16 17 
cascade_activation_steepnesses_count=4
cascade_activation_steepnesses=2.50000000000000000000e-01 5.00000000000000000000e-01 7.50000000000000000000e-01 1.00000000000000000000e+00 
layer_sizes=13 4 2 
scale_included=0
neurons (num_inputs, activation_function, activation_steepness)=(0, 0, 0.00000000000000000000e+00) (0, 0, 0.00000000000000000000e+00) (0, 0, 0.00000000000000000000e+00) (0, 0, 0.00000000000000000000e+00) (0, 0, 0.00000000000000000000e+00) (0, 0, 0.00000000000000000000e+00) (0, 0, 0.00000000000000000000e+00) (0, 0, 0.00000000000000000000e+00) (0, 0, 0.00000000000000000000e+00) (0, 0, 0.00000000000000000000e+00) (0, 0, 0.00000000000000000000e+00) (0, 0, 0.00000000000000000000e+00) (0, 0, 0.00000000000000000000e+00) (13, 6, 5.00000000000000000000e-01) (13, 6, 5.00000000000000000000e-01) (13, 6, 5.00000000000000000000e-01) (0, 6, 0.00000000000000000000e+00) (4, 4, 5.00000000000000000000e-01) (0, 4, 0.00000000000000000000e+00) 
connections (connected_to_neuron, weight)=(0, -2.95071779387956922847e+00) (1, 1.80743490049110322460e+00) (2, 4.69014836999154360875e-01) (3, -2.59868711392321816156e-01) (4, 1.04262114756817747541e+00) (5, -1.32094114779246291080e-01) (6, -1.83853327729205906493e+00) (7, 1.65187299146530941485e+00) (8, 2.64850142968548918354e-01) (9, 8.26412580093582316287e-01) (10, 2.27006289339153433104e+00) (11, -2.57253875908289020291e-01) (12, -4.94119736103338036415e-01) (0, 1.18664855681528536024e+00) (1, -5.62636549431181909320e-01) (2, 4.19451525905139455119e-01) (3, -6.25717902782083434943e+00) (4, -4.08989490770378072426e+00) (5, 1.35218732722583140360e-01) (6, -4.84483715216453669772e-01) (7, -5.38549034212266408694e-01) (8, -7.77764394203897313496e-01) (9, -9.39363071389680670542e-01) (10, -8.36348809961969252846e-01) (11, 3.77374844007515697353e-01) (12, 1.16713610352636543155e+00) (0, -6.52174754017761948433e+00) (1, 4.39106165830121675242e+00) (2, 1.23138765497962099360e+00) (3, 4.01818295575787676199e+00) (4, 4.20685261352390948986e+00) (5, -1.08639046442339681775e+00) (6, -3.56356140337940541230e+00) (7, 4.37770168695674577464e+00) (8, 3.58017973130601063758e+00) (9, 4.65396492856407029137e+00) (10, 1.61386476713870918864e+00) (11, 3.35322638266248529426e-01) (12, -4.71953574452353041835e+00) (13, 2.04031789895031501203e+00) (14, -2.58567764639390329506e+00) (15, 7.73629910892040406623e+00) (16, -1.57256990952031561193e+00) 
