FANN_FLO_2.1
num_layers=3
learning_rate=0.700000
connection_rate=1.000000
network_type=0
learning_momentum=0.000000
training_algorithm=2
train_error_function=1
train_stop_function=1
cascade_output_change_fraction=0.010000
quickprop_decay=-0.000100
quickprop_mu=1.750000
rprop_increase_factor=1.200000
rprop_decrease_factor=0.500000
rprop_delta_min=0.000000
rprop_delta_max=50.000000
rprop_delta_zero=0.100000
cascade_output_stagnation_epochs=12
cascade_candidate_change_fraction=0.010000
cascade_candidate_stagnation_epochs=12
cascade_max_out_epochs=150
cascade_min_out_epochs=50
cascade_max_cand_epochs=150
cascade_min_cand_epochs=50
cascade_num_candidate_groups=2
bit_fail_limit=1.00000000000000005551e-01
cascade_candidate_limit=1.00000000000000000000e+03
cascade_weight_multiplier=4.00000000000000022204e-01
cascade_activation_functions_count=10
cascade_activation_functions=3 5 7 8 10 11 14 15 16 17 
cascade_activation_steepnesses_count=4
cascade_activation_steepnesses=2.50000000000000000000e-01 5.00000000000000000000e-01 7.50000000000000000000e-01 1.00000000000000000000e+00 
layer_sizes=16 4 2 
scale_included=0
neurons (num_inputs, activation_function, activation_steepness)=(0, 0, 0.00000000000000000000e+00) (0, 0, 0.00000000000000000000e+00) (0, 0, 0.00000000000000000000e+00) (0, 0, 0.00000000000000000000e+00) (0, 0, 0.00000000000000000000e+00) (0, 0, 0.00000000000000000000e+00) (0, 0, 0.00000000000000000000e+00) (0, 0, 0.00000000000000000000e+00) (0, 0, 0.00000000000000000000e+00) (0, 0, 0.00000000000000000000e+00) (0, 0, 0.00000000000000000000e+00) (0, 0, 0.00000000000000000000e+00) (0, 0, 0.00000000000000000000e+00) (0, 0, 0.00000000000000000000e+00) (0, 0, 0.00000000000000000000e+00) (0, 0, 0.00000000000000000000e+00) (16, 6, 5.00000000000000000000e-01) (16, 6, 5.00000000000000000000e-01) (16, 6, 5.00000000000000000000e-01) (0, 6, 0.00000000000000000000e+00) (4, 4, 5.00000000000000000000e-01) (0, 4, 0.00000000000000000000e+00) 
connections (connected_to_neuron, weight)=(0, 1.29330084971127519111e+01) (1, -2.79316240651034997100e+00) (2, -2.01078123843452472030e+00) (3, 1.00304050434595848351e+00) (4, -3.04716920085470821533e+00) (5, 8.57150465613591316938e-01) (6, -1.53678824802107677483e-01) (7, 5.49676236470112322685e-01) (8, 2.50365306168132906173e-01) (9, -8.67479180405009819843e-01) (10, -2.58482924707236394468e+00) (11, 9.02029899680059088496e-01) (12, -2.02013677347917131044e+00) (13, 1.41294463790305413475e+00) (14, -2.82776231644773634599e+00) (15, 1.34416606597646626220e+00) (0, -7.63852256035045673599e+00) (1, 1.42930717286972508440e+00) (2, 5.78052844279914967984e+00) (3, -2.78651394778624106330e-01) (4, 3.97551582195072716885e+00) (5, 6.34183973844245629792e-01) (6, 1.85566000252021878758e+00) (7, -5.20787359437568264653e-01) (8, 2.51489631432328941685e+00) (9, 6.12737382948796774351e-02) (10, 2.12413040549033649285e+00) (11, 1.16130970107302511352e+00) (12, 2.01296006477161970594e+00) (13, -8.60640152108661848906e-01) (14, 2.27578986941905236918e+00) (15, -1.65199381370391740198e+00) (0, 1.30624973899660119514e+01) (1, -2.70329615575694726104e+00) (2, -1.67075329575518916059e+00) (3, 9.84360848257606280143e-01) (4, -3.75136646243775295773e+00) (5, 8.23280938333260658979e-01) (6, -1.67964113553233013176e-01) (7, 1.51086346748250166527e+00) (8, 3.41011988198397508754e-01) (9, -5.87610506550566902284e-01) (10, -2.45801826424899205747e+00) (11, 1.58522147889316400438e+00) (12, -2.00950311113614610292e+00) (13, 1.73318973271763199229e+00) (14, -2.36312458203467867790e+00) (15, 1.29792225681289585815e+00) (16, -1.10213482220771048503e+01) (17, 2.96866136745748532277e+00) (18, -4.97236855668595101321e+00) (19, -1.29114107967983926528e+00) 
