FANN_FLO_2.1
num_layers=3
learning_rate=0.700000
connection_rate=1.000000
network_type=0
learning_momentum=0.000000
training_algorithm=2
train_error_function=1
train_stop_function=1
cascade_output_change_fraction=0.010000
quickprop_decay=-0.000100
quickprop_mu=1.750000
rprop_increase_factor=1.200000
rprop_decrease_factor=0.500000
rprop_delta_min=0.000000
rprop_delta_max=50.000000
rprop_delta_zero=0.100000
cascade_output_stagnation_epochs=12
cascade_candidate_change_fraction=0.010000
cascade_candidate_stagnation_epochs=12
cascade_max_out_epochs=150
cascade_min_out_epochs=50
cascade_max_cand_epochs=150
cascade_min_cand_epochs=50
cascade_num_candidate_groups=2
bit_fail_limit=1.00000000000000005551e-01
cascade_candidate_limit=1.00000000000000000000e+03
cascade_weight_multiplier=4.00000000000000022204e-01
cascade_activation_functions_count=10
cascade_activation_functions=3 5 7 8 10 11 14 15 16 17 
cascade_activation_steepnesses_count=4
cascade_activation_steepnesses=2.50000000000000000000e-01 5.00000000000000000000e-01 7.50000000000000000000e-01 1.00000000000000000000e+00 
layer_sizes=13 4 2 
scale_included=0
neurons (num_inputs, activation_function, activation_steepness)=(0, 0, 0.00000000000000000000e+00) (0, 0, 0.00000000000000000000e+00) (0, 0, 0.00000000000000000000e+00) (0, 0, 0.00000000000000000000e+00) (0, 0, 0.00000000000000000000e+00) (0, 0, 0.00000000000000000000e+00) (0, 0, 0.00000000000000000000e+00) (0, 0, 0.00000000000000000000e+00) (0, 0, 0.00000000000000000000e+00) (0, 0, 0.00000000000000000000e+00) (0, 0, 0.00000000000000000000e+00) (0, 0, 0.00000000000000000000e+00) (0, 0, 0.00000000000000000000e+00) (13, 6, 5.00000000000000000000e-01) (13, 6, 5.00000000000000000000e-01) (13, 6, 5.00000000000000000000e-01) (0, 6, 0.00000000000000000000e+00) (4, 4, 5.00000000000000000000e-01) (0, 4, 0.00000000000000000000e+00) 
connections (connected_to_neuron, weight)=(0, 3.52892350657361442146e+00) (1, -1.55106970609135585981e+00) (2, -1.26241864986423690809e+00) (3, -2.01803557509016062710e+00) (4, -1.95424590410032528176e+00) (5, -1.62862583191103893476e+00) (6, -1.44989591428457176292e+00) (7, -1.06390032363114439562e+00) (8, -6.09621336311947037423e-01) (9, -2.99351070347552505879e+00) (10, -1.54410852828441536033e+00) (11, -6.61222112924705673898e-01) (12, 3.62373795984762603339e+00) (0, -1.48621635951166553014e+00) (1, 9.65156616668733202680e-01) (2, 9.44494808118375384076e-01) (3, 2.76094295700780500979e+00) (4, 9.29796709229047779743e-01) (5, 8.92424883346589870037e-01) (6, 9.40627345458946106938e-01) (7, 3.34372296449747391511e-02) (8, -1.01898177936811551447e-01) (9, 1.94538045376195345426e+00) (10, 5.47008911433272015934e-01) (11, -8.88645806593220455305e-01) (12, -4.99809392718689293744e-01) (0, -6.71111285369664667400e+00) (1, 2.63880532106153209426e+00) (2, 2.11779679059638414884e+00) (3, 5.44569150599292894910e-01) (4, 3.94185045660228050579e-01) (5, 2.62291901802412708022e+00) (6, 2.12489677323547176968e-01) (7, -2.63748286445366852959e-01) (8, -1.06105136204413774692e+00) (9, 2.07480369209899340177e+00) (10, 1.12172974003997644177e-01) (11, -6.13526445426505140368e-01) (12, -1.32879366041486290939e+00) (13, -5.06636818088951290662e+00) (14, 4.45097805094843201879e-01) (15, 1.10270178556649316448e+01) (16, -1.47734912262372741765e+00) 
