FANN_FLO_2.1
num_layers=3
learning_rate=0.700000
connection_rate=1.000000
network_type=0
learning_momentum=0.000000
training_algorithm=2
train_error_function=1
train_stop_function=1
cascade_output_change_fraction=0.010000
quickprop_decay=-0.000100
quickprop_mu=1.750000
rprop_increase_factor=1.200000
rprop_decrease_factor=0.500000
rprop_delta_min=0.000000
rprop_delta_max=50.000000
rprop_delta_zero=0.100000
cascade_output_stagnation_epochs=12
cascade_candidate_change_fraction=0.010000
cascade_candidate_stagnation_epochs=12
cascade_max_out_epochs=150
cascade_min_out_epochs=50
cascade_max_cand_epochs=150
cascade_min_cand_epochs=50
cascade_num_candidate_groups=2
bit_fail_limit=1.00000000000000005551e-01
cascade_candidate_limit=1.00000000000000000000e+03
cascade_weight_multiplier=4.00000000000000022204e-01
cascade_activation_functions_count=10
cascade_activation_functions=3 5 7 8 10 11 14 15 16 17 
cascade_activation_steepnesses_count=4
cascade_activation_steepnesses=2.50000000000000000000e-01 5.00000000000000000000e-01 7.50000000000000000000e-01 1.00000000000000000000e+00 
layer_sizes=8 4 2 
scale_included=0
neurons (num_inputs, activation_function, activation_steepness)=(0, 0, 0.00000000000000000000e+00) (0, 0, 0.00000000000000000000e+00) (0, 0, 0.00000000000000000000e+00) (0, 0, 0.00000000000000000000e+00) (0, 0, 0.00000000000000000000e+00) (0, 0, 0.00000000000000000000e+00) (0, 0, 0.00000000000000000000e+00) (0, 0, 0.00000000000000000000e+00) (8, 6, 5.00000000000000000000e-01) (8, 6, 5.00000000000000000000e-01) (8, 6, 5.00000000000000000000e-01) (0, 6, 0.00000000000000000000e+00) (4, 4, 5.00000000000000000000e-01) (0, 4, 0.00000000000000000000e+00) 
connections (connected_to_neuron, weight)=(0, -5.12010703766898389588e-01) (1, 8.59247179897386303971e-01) (2, 1.79828219796481017512e-02) (3, -3.31445496193295274789e-02) (4, 8.18465260263580018929e-02) (5, -5.69784956956462140809e-01) (6, 2.08833808213104571427e-01) (7, 9.87127741273540193490e-02) (0, -4.22509423682844786896e+00) (1, 4.38741032624995863642e+00) (2, 7.64682704379699706987e-02) (3, -4.25204636199226326809e-01) (4, -5.25587945467515305076e-01) (5, -7.26911541055273557888e-01) (6, -7.31368239949774290309e-01) (7, -7.32597347329687620388e-01) (0, 1.69955222845823783473e+00) (1, -1.47837150265724659448e+00) (2, -6.21009545091676717909e-01) (3, 1.41333706215069104806e-01) (4, 2.78741247161264416032e-01) (5, 4.78557797675619900346e-01) (6, 3.85880693002576824480e-01) (7, 3.70096041961545940691e-01) (8, 9.85986415281433381530e-01) (9, 4.27050005505240104497e+00) (10, -4.15905584821856155742e+00) (11, -1.18634041137722534565e+00) 
