FANN_FLO_2.1
num_layers=3
learning_rate=0.700000
connection_rate=1.000000
network_type=0
learning_momentum=0.000000
training_algorithm=2
train_error_function=1
train_stop_function=1
cascade_output_change_fraction=0.010000
quickprop_decay=-0.000100
quickprop_mu=1.750000
rprop_increase_factor=1.200000
rprop_decrease_factor=0.500000
rprop_delta_min=0.000000
rprop_delta_max=50.000000
rprop_delta_zero=0.100000
cascade_output_stagnation_epochs=12
cascade_candidate_change_fraction=0.010000
cascade_candidate_stagnation_epochs=12
cascade_max_out_epochs=150
cascade_min_out_epochs=50
cascade_max_cand_epochs=150
cascade_min_cand_epochs=50
cascade_num_candidate_groups=2
bit_fail_limit=1.00000000000000005551e-01
cascade_candidate_limit=1.00000000000000000000e+03
cascade_weight_multiplier=4.00000000000000022204e-01
cascade_activation_functions_count=10
cascade_activation_functions=3 5 7 8 10 11 14 15 16 17 
cascade_activation_steepnesses_count=4
cascade_activation_steepnesses=2.50000000000000000000e-01 5.00000000000000000000e-01 7.50000000000000000000e-01 1.00000000000000000000e+00 
layer_sizes=6 4 2 
scale_included=0
neurons (num_inputs, activation_function, activation_steepness)=(0, 0, 0.00000000000000000000e+00) (0, 0, 0.00000000000000000000e+00) (0, 0, 0.00000000000000000000e+00) (0, 0, 0.00000000000000000000e+00) (0, 0, 0.00000000000000000000e+00) (0, 0, 0.00000000000000000000e+00) (6, 6, 5.00000000000000000000e-01) (6, 6, 5.00000000000000000000e-01) (6, 6, 5.00000000000000000000e-01) (0, 6, 0.00000000000000000000e+00) (4, 4, 5.00000000000000000000e-01) (0, 4, 0.00000000000000000000e+00) 
connections (connected_to_neuron, weight)=(0, -5.38646314552711480417e+00) (1, 3.15300909608422097463e+00) (2, 1.27084636278276441601e+00) (3, 2.68369953577184183757e+00) (4, 2.58984754477405054729e+00) (5, -3.28379538961026407051e+00) (0, 1.03435346495924673782e+00) (1, -7.17275526220078507578e-01) (2, -3.12205257934848656731e-01) (3, -1.46591866593668274099e+00) (4, -8.07510938579205639343e-02) (5, 6.85457109623260452125e-01) (0, -5.32386486470774134006e+00) (1, 1.32434516667649626598e+00) (2, 8.33907661657491194873e-01) (3, 1.99731701914662074238e+00) (4, 1.97890642242942571549e+00) (5, -1.14723593621503416884e+00) (6, 8.87472011213241174232e+00) (7, -1.73792445969130038286e+00) (8, 6.03679242169538610163e-01) (9, -1.12367296290005547199e+00) 
