FANN_FLO_2.1
num_layers=3
learning_rate=0.700000
connection_rate=1.000000
network_type=0
learning_momentum=0.000000
training_algorithm=2
train_error_function=1
train_stop_function=1
cascade_output_change_fraction=0.010000
quickprop_decay=-0.000100
quickprop_mu=1.750000
rprop_increase_factor=1.200000
rprop_decrease_factor=0.500000
rprop_delta_min=0.000000
rprop_delta_max=50.000000
rprop_delta_zero=0.100000
cascade_output_stagnation_epochs=12
cascade_candidate_change_fraction=0.010000
cascade_candidate_stagnation_epochs=12
cascade_max_out_epochs=150
cascade_min_out_epochs=50
cascade_max_cand_epochs=150
cascade_min_cand_epochs=50
cascade_num_candidate_groups=2
bit_fail_limit=1.00000000000000005551e-01
cascade_candidate_limit=1.00000000000000000000e+03
cascade_weight_multiplier=4.00000000000000022204e-01
cascade_activation_functions_count=10
cascade_activation_functions=3 5 7 8 10 11 14 15 16 17 
cascade_activation_steepnesses_count=4
cascade_activation_steepnesses=2.50000000000000000000e-01 5.00000000000000000000e-01 7.50000000000000000000e-01 1.00000000000000000000e+00 
layer_sizes=11 4 2 
scale_included=0
neurons (num_inputs, activation_function, activation_steepness)=(0, 0, 0.00000000000000000000e+00) (0, 0, 0.00000000000000000000e+00) (0, 0, 0.00000000000000000000e+00) (0, 0, 0.00000000000000000000e+00) (0, 0, 0.00000000000000000000e+00) (0, 0, 0.00000000000000000000e+00) (0, 0, 0.00000000000000000000e+00) (0, 0, 0.00000000000000000000e+00) (0, 0, 0.00000000000000000000e+00) (0, 0, 0.00000000000000000000e+00) (0, 0, 0.00000000000000000000e+00) (11, 6, 5.00000000000000000000e-01) (11, 6, 5.00000000000000000000e-01) (11, 6, 5.00000000000000000000e-01) (0, 6, 0.00000000000000000000e+00) (4, 4, 5.00000000000000000000e-01) (0, 4, 0.00000000000000000000e+00) 
connections (connected_to_neuron, weight)=(0, -5.70935634506693023837e+00) (1, 1.73230205070315723681e+00) (2, 2.04312418847150700785e+00) (3, -4.43973295355943209373e-01) (4, -1.55790490007443205300e+00) (5, -9.51679651924125735718e-01) (6, 8.30190980133219458281e-01) (7, -3.21553181344505656369e+00) (8, 1.13303084064008907639e+00) (9, 1.35426560912816884574e+00) (10, -5.41605626440905485453e-01) (0, -5.90632058275690230431e+00) (1, 1.36148547735153591098e+00) (2, 2.20543995187340691189e+00) (3, 2.43062726228111432303e-02) (4, -1.03385998789285871169e+00) (5, -1.14037951562618444790e+00) (6, 4.62059227224989710336e-01) (7, -1.64553447026365495809e+00) (8, 1.41183650262325355307e+00) (9, 9.53739290578058618308e-01) (10, -2.44881645778689399640e-01) (0, -5.07000525465795437441e+00) (1, 2.34461856367802390366e+00) (2, 2.48965456622730574310e+00) (3, -8.80817354556552967182e-01) (4, -2.23421057595073424551e+00) (5, -6.77173532001090983101e-01) (6, -3.99609909841425636756e-01) (7, -3.36847591864799333905e+00) (8, 1.83799823346044011174e+00) (9, 1.23590588202381623795e+00) (10, -1.03145045870208007521e+00) (11, 5.27495469550435114314e+00) (12, 1.61995477807903198730e+00) (13, 1.07198006095941611449e+01) (14, -9.70011254755833829400e-01) 
