FANN_FLO_2.1
num_layers=3
learning_rate=0.700000
connection_rate=1.000000
network_type=0
learning_momentum=0.000000
training_algorithm=2
train_error_function=1
train_stop_function=1
cascade_output_change_fraction=0.010000
quickprop_decay=-0.000100
quickprop_mu=1.750000
rprop_increase_factor=1.200000
rprop_decrease_factor=0.500000
rprop_delta_min=0.000000
rprop_delta_max=50.000000
rprop_delta_zero=0.100000
cascade_output_stagnation_epochs=12
cascade_candidate_change_fraction=0.010000
cascade_candidate_stagnation_epochs=12
cascade_max_out_epochs=150
cascade_min_out_epochs=50
cascade_max_cand_epochs=150
cascade_min_cand_epochs=50
cascade_num_candidate_groups=2
bit_fail_limit=1.00000000000000005551e-01
cascade_candidate_limit=1.00000000000000000000e+03
cascade_weight_multiplier=4.00000000000000022204e-01
cascade_activation_functions_count=10
cascade_activation_functions=3 5 7 8 10 11 14 15 16 17 
cascade_activation_steepnesses_count=4
cascade_activation_steepnesses=2.50000000000000000000e-01 5.00000000000000000000e-01 7.50000000000000000000e-01 1.00000000000000000000e+00 
layer_sizes=8 4 2 
scale_included=0
neurons (num_inputs, activation_function, activation_steepness)=(0, 0, 0.00000000000000000000e+00) (0, 0, 0.00000000000000000000e+00) (0, 0, 0.00000000000000000000e+00) (0, 0, 0.00000000000000000000e+00) (0, 0, 0.00000000000000000000e+00) (0, 0, 0.00000000000000000000e+00) (0, 0, 0.00000000000000000000e+00) (0, 0, 0.00000000000000000000e+00) (8, 6, 5.00000000000000000000e-01) (8, 6, 5.00000000000000000000e-01) (8, 6, 5.00000000000000000000e-01) (0, 6, 0.00000000000000000000e+00) (4, 4, 5.00000000000000000000e-01) (0, 4, 0.00000000000000000000e+00) 
connections (connected_to_neuron, weight)=(0, -2.27029185243120945614e+00) (1, 1.60080054111912151171e+00) (2, 1.47368177142106482336e+00) (3, -2.84301473402299331728e-01) (4, -2.10983949757376304524e-01) (5, -1.31343044287459576047e-01) (6, -8.66117712731532707338e-01) (7, -2.33282300687590232746e-01) (0, -6.27254472300592613720e+00) (1, 3.21343956695985122352e+00) (2, 3.16364194261025710730e+00) (3, -2.23518419397972234464e+00) (4, -2.27947581179000202667e+00) (5, 1.02686351314789287015e-01) (6, -4.78314967627614340273e+00) (7, -1.49787487517780237845e+00) (0, -4.39056625446301251880e-01) (1, 4.52683036693910356707e-01) (2, 8.78527263555349935409e-01) (3, -5.58611049095612655080e-01) (4, -5.76244584063511977590e-01) (5, 3.86167222566479673151e-01) (6, 6.59315020876623969492e-01) (7, -5.44550017740102587638e-01) (8, 1.19235298685390711526e+00) (9, 1.42194090743670464860e+01) (10, 2.67470957136249687380e+00) (11, -1.89458777872902661699e+00) 
