FANN_FLO_2.1
num_layers=3
learning_rate=0.700000
connection_rate=1.000000
network_type=0
learning_momentum=0.000000
training_algorithm=2
train_error_function=1
train_stop_function=1
cascade_output_change_fraction=0.010000
quickprop_decay=-0.000100
quickprop_mu=1.750000
rprop_increase_factor=1.200000
rprop_decrease_factor=0.500000
rprop_delta_min=0.000000
rprop_delta_max=50.000000
rprop_delta_zero=0.100000
cascade_output_stagnation_epochs=12
cascade_candidate_change_fraction=0.010000
cascade_candidate_stagnation_epochs=12
cascade_max_out_epochs=150
cascade_min_out_epochs=50
cascade_max_cand_epochs=150
cascade_min_cand_epochs=50
cascade_num_candidate_groups=2
bit_fail_limit=1.00000000000000005551e-01
cascade_candidate_limit=1.00000000000000000000e+03
cascade_weight_multiplier=4.00000000000000022204e-01
cascade_activation_functions_count=10
cascade_activation_functions=3 5 7 8 10 11 14 15 16 17 
cascade_activation_steepnesses_count=4
cascade_activation_steepnesses=2.50000000000000000000e-01 5.00000000000000000000e-01 7.50000000000000000000e-01 1.00000000000000000000e+00 
layer_sizes=14 4 2 
scale_included=0
neurons (num_inputs, activation_function, activation_steepness)=(0, 0, 0.00000000000000000000e+00) (0, 0, 0.00000000000000000000e+00) (0, 0, 0.00000000000000000000e+00) (0, 0, 0.00000000000000000000e+00) (0, 0, 0.00000000000000000000e+00) (0, 0, 0.00000000000000000000e+00) (0, 0, 0.00000000000000000000e+00) (0, 0, 0.00000000000000000000e+00) (0, 0, 0.00000000000000000000e+00) (0, 0, 0.00000000000000000000e+00) (0, 0, 0.00000000000000000000e+00) (0, 0, 0.00000000000000000000e+00) (0, 0, 0.00000000000000000000e+00) (0, 0, 0.00000000000000000000e+00) (14, 6, 5.00000000000000000000e-01) (14, 6, 5.00000000000000000000e-01) (14, 6, 5.00000000000000000000e-01) (0, 6, 0.00000000000000000000e+00) (4, 4, 5.00000000000000000000e-01) (0, 4, 0.00000000000000000000e+00) 
connections (connected_to_neuron, weight)=(0, -2.58634158005524250612e+00) (1, 1.55449567123564524884e+00) (2, 2.98088491480382689058e-01) (3, -1.64361594647879782904e+00) (4, -3.34687874872755530831e-01) (5, -2.45548724954543426402e-02) (6, 7.43618835736904348899e-01) (7, -2.46491239961333796771e+00) (8, 1.41826900732737049005e+00) (9, -1.73220113840595629773e-01) (10, 8.35235443270114452652e-01) (11, 2.47898086296816810847e-01) (12, 1.38704229341949303311e+00) (13, -1.88484412942942186620e-01) (0, -3.17804528010178932718e+00) (1, 2.55554058950195850386e+00) (2, -3.44156026875682904964e-02) (3, -1.68207728431063396890e+00) (4, -1.14060419105854893296e+00) (5, 1.50743772032128325877e-01) (6, -3.96954783816375111893e-01) (7, -2.10364898220769003245e+00) (8, 3.45466780540616724693e+00) (9, -2.53272196185759246312e-01) (10, 7.65083623970477133547e-01) (11, -1.16343794414241696877e-01) (12, 3.41216242744972930723e+00) (13, -5.21694799794952479566e-01) (0, -1.00670615558367626541e+00) (1, 6.74604768090344086851e-01) (2, 3.63357017390674830182e-01) (3, -4.74466388271231553908e-01) (4, -5.47031540204403032845e-01) (5, 4.10064478346332639269e-01) (6, 2.05246886605193579189e-01) (7, -8.47028291584810966164e-01) (8, 6.69868730966611369837e-01) (9, 2.82555916526150474599e-01) (10, 6.84194185692524325937e-01) (11, 3.63717109959884044024e-01) (12, 6.14570008712997717382e-01) (13, -4.07284972300330894157e-01) (14, -3.91963257627486183488e-01) (15, 7.45276763410662290710e+00) (16, 1.49640508357396555539e+02) (17, -1.59097694795054023231e+00) 
