FANN_FLO_2.1
num_layers=3
learning_rate=0.700000
connection_rate=1.000000
network_type=0
learning_momentum=0.000000
training_algorithm=2
train_error_function=1
train_stop_function=1
cascade_output_change_fraction=0.010000
quickprop_decay=-0.000100
quickprop_mu=1.750000
rprop_increase_factor=1.200000
rprop_decrease_factor=0.500000
rprop_delta_min=0.000000
rprop_delta_max=50.000000
rprop_delta_zero=0.100000
cascade_output_stagnation_epochs=12
cascade_candidate_change_fraction=0.010000
cascade_candidate_stagnation_epochs=12
cascade_max_out_epochs=150
cascade_min_out_epochs=50
cascade_max_cand_epochs=150
cascade_min_cand_epochs=50
cascade_num_candidate_groups=2
bit_fail_limit=1.00000000000000005551e-01
cascade_candidate_limit=1.00000000000000000000e+03
cascade_weight_multiplier=4.00000000000000022204e-01
cascade_activation_functions_count=10
cascade_activation_functions=3 5 7 8 10 11 14 15 16 17 
cascade_activation_steepnesses_count=4
cascade_activation_steepnesses=2.50000000000000000000e-01 5.00000000000000000000e-01 7.50000000000000000000e-01 1.00000000000000000000e+00 
layer_sizes=6 4 2 
scale_included=0
neurons (num_inputs, activation_function, activation_steepness)=(0, 0, 0.00000000000000000000e+00) (0, 0, 0.00000000000000000000e+00) (0, 0, 0.00000000000000000000e+00) (0, 0, 0.00000000000000000000e+00) (0, 0, 0.00000000000000000000e+00) (0, 0, 0.00000000000000000000e+00) (6, 6, 5.00000000000000000000e-01) (6, 6, 5.00000000000000000000e-01) (6, 6, 5.00000000000000000000e-01) (0, 6, 0.00000000000000000000e+00) (4, 4, 5.00000000000000000000e-01) (0, 4, 0.00000000000000000000e+00) 
connections (connected_to_neuron, weight)=(0, 1.49830794141883738568e+00) (1, -3.39194320845723540359e+00) (2, -5.31834996815377047952e-01) (3, 1.30909254954452403119e+00) (4, 1.40836969570512660077e+00) (5, 1.89579011721698131865e+00) (0, -3.82609642089744794724e-01) (1, 7.32381692357818692152e-01) (2, 1.83897277312730117460e-01) (3, -4.05938613207479648270e-01) (4, 4.87773536595099352353e-02) (5, -1.05731714692719830362e-01) (0, 1.42318393842573054364e+00) (1, -3.46746431249499709182e+00) (2, -7.00514576907807162698e-01) (3, 1.45098188326949961713e+00) (4, 1.44422840879554637006e+00) (5, 1.87719533814278927153e+00) (6, -6.88655103777348465144e+00) (7, 6.44731838920870381493e-01) (8, -6.85818604786693519770e+00) (9, -1.08790088077983804205e+00) 
