FANN_FLO_2.1
num_layers=3
learning_rate=0.700000
connection_rate=1.000000
network_type=0
learning_momentum=0.000000
training_algorithm=2
train_error_function=1
train_stop_function=1
cascade_output_change_fraction=0.010000
quickprop_decay=-0.000100
quickprop_mu=1.750000
rprop_increase_factor=1.200000
rprop_decrease_factor=0.500000
rprop_delta_min=0.000000
rprop_delta_max=50.000000
rprop_delta_zero=0.100000
cascade_output_stagnation_epochs=12
cascade_candidate_change_fraction=0.010000
cascade_candidate_stagnation_epochs=12
cascade_max_out_epochs=150
cascade_min_out_epochs=50
cascade_max_cand_epochs=150
cascade_min_cand_epochs=50
cascade_num_candidate_groups=2
bit_fail_limit=1.00000000000000005551e-01
cascade_candidate_limit=1.00000000000000000000e+03
cascade_weight_multiplier=4.00000000000000022204e-01
cascade_activation_functions_count=10
cascade_activation_functions=3 5 7 8 10 11 14 15 16 17 
cascade_activation_steepnesses_count=4
cascade_activation_steepnesses=2.50000000000000000000e-01 5.00000000000000000000e-01 7.50000000000000000000e-01 1.00000000000000000000e+00 
layer_sizes=9 4 2 
scale_included=0
neurons (num_inputs, activation_function, activation_steepness)=(0, 0, 0.00000000000000000000e+00) (0, 0, 0.00000000000000000000e+00) (0, 0, 0.00000000000000000000e+00) (0, 0, 0.00000000000000000000e+00) (0, 0, 0.00000000000000000000e+00) (0, 0, 0.00000000000000000000e+00) (0, 0, 0.00000000000000000000e+00) (0, 0, 0.00000000000000000000e+00) (0, 0, 0.00000000000000000000e+00) (9, 6, 5.00000000000000000000e-01) (9, 6, 5.00000000000000000000e-01) (9, 6, 5.00000000000000000000e-01) (0, 6, 0.00000000000000000000e+00) (4, 4, 5.00000000000000000000e-01) (0, 4, 0.00000000000000000000e+00) 
connections (connected_to_neuron, weight)=(0, 3.74335559528157979514e+00) (1, 1.08540436798171024968e+00) (2, 3.60656855306221491020e-01) (3, 4.39710348252447680295e+00) (4, 1.49212306876955769219e+00) (5, 1.28846545873681151306e+02) (6, 3.82566062383447080819e+00) (7, 1.29026698200503432190e+02) (8, 4.20595621137564723568e+00) (0, 3.50515776252323163487e-01) (1, 9.63375253415038046434e-01) (2, 6.75862917369637772325e-01) (3, 4.23981450847068230825e-01) (4, 4.54492912229994605600e-01) (5, 1.77265065070033038808e+01) (6, 3.01647991614772625901e-01) (7, 1.76758075188636745168e+01) (8, -9.39102886530420732925e-02) (0, -1.06418955261156544800e+00) (1, 2.41252909237930257547e+00) (2, 2.44901976812599109223e+00) (3, -3.18556442404907214083e-01) (4, 1.46295877151127950988e+00) (5, 2.45463053211285426869e+02) (6, -3.80530864475945473924e-01) (7, 2.45516622136993959202e+02) (8, -2.65881157877841900472e+00) (9, -2.30135555055954599268e+00) (10, 4.73478192991130919509e-01) (11, 1.19132146606590207938e+01) (12, -7.34248707517709764403e-01) 
