FANN_FLO_2.1
num_layers=3
learning_rate=0.700000
connection_rate=1.000000
network_type=0
learning_momentum=0.000000
training_algorithm=2
train_error_function=1
train_stop_function=1
cascade_output_change_fraction=0.010000
quickprop_decay=-0.000100
quickprop_mu=1.750000
rprop_increase_factor=1.200000
rprop_decrease_factor=0.500000
rprop_delta_min=0.000000
rprop_delta_max=50.000000
rprop_delta_zero=0.100000
cascade_output_stagnation_epochs=12
cascade_candidate_change_fraction=0.010000
cascade_candidate_stagnation_epochs=12
cascade_max_out_epochs=150
cascade_min_out_epochs=50
cascade_max_cand_epochs=150
cascade_min_cand_epochs=50
cascade_num_candidate_groups=2
bit_fail_limit=1.00000000000000005551e-01
cascade_candidate_limit=1.00000000000000000000e+03
cascade_weight_multiplier=4.00000000000000022204e-01
cascade_activation_functions_count=10
cascade_activation_functions=3 5 7 8 10 11 14 15 16 17 
cascade_activation_steepnesses_count=4
cascade_activation_steepnesses=2.50000000000000000000e-01 5.00000000000000000000e-01 7.50000000000000000000e-01 1.00000000000000000000e+00 
layer_sizes=12 4 2 
scale_included=0
neurons (num_inputs, activation_function, activation_steepness)=(0, 0, 0.00000000000000000000e+00) (0, 0, 0.00000000000000000000e+00) (0, 0, 0.00000000000000000000e+00) (0, 0, 0.00000000000000000000e+00) (0, 0, 0.00000000000000000000e+00) (0, 0, 0.00000000000000000000e+00) (0, 0, 0.00000000000000000000e+00) (0, 0, 0.00000000000000000000e+00) (0, 0, 0.00000000000000000000e+00) (0, 0, 0.00000000000000000000e+00) (0, 0, 0.00000000000000000000e+00) (0, 0, 0.00000000000000000000e+00) (12, 6, 5.00000000000000000000e-01) (12, 6, 5.00000000000000000000e-01) (12, 6, 5.00000000000000000000e-01) (0, 6, 0.00000000000000000000e+00) (4, 4, 5.00000000000000000000e-01) (0, 4, 0.00000000000000000000e+00) 
connections (connected_to_neuron, weight)=(0, -1.04008694749857233397e+00) (1, -2.56040896983233778883e+00) (2, -9.52786996719710677084e-01) (3, -1.91718438993274453708e+00) (4, 4.62602190241462873921e-01) (5, 1.43919525385700963760e-01) (6, -2.70861187293946148458e+00) (7, 4.75834532390931258305e+02) (8, 4.81334229430087656709e+00) (9, -2.58542783529565989298e+00) (10, 8.31013938714533356711e-02) (11, 1.99375419320679125867e+00) (0, 2.08450459450086089674e+00) (1, 1.95883603707617770517e+00) (2, -4.19484559191432637704e+00) (3, 4.92606239981045745946e-01) (4, -1.30645982562344165068e+00) (5, 1.08477355081769677447e+00) (6, 1.92800785910851679716e+00) (7, 2.18502581812342056011e+00) (8, -1.36900125763408708757e+00) (9, 1.95596167129589670886e+00) (10, 1.61073669357526361168e+00) (11, -1.70803719398707221089e+00) (0, -1.41044107854076461450e+00) (1, 1.77241977299116149069e+00) (2, 3.44454882276949136966e+00) (3, 1.35659520368968111725e+00) (4, 7.01939964769717139603e+00) (5, 1.21411867246280880117e+00) (6, 1.70085620168495932347e+00) (7, 4.28286101822060594202e+00) (8, -7.64386639172697113231e-01) (9, 1.75533772488714090443e+00) (10, 2.31446266398252120666e+00) (11, -1.67611054019405991689e+00) (12, -4.27499084821507295828e+01) (13, 7.37686421764954758373e+01) (14, 1.57614991774807435831e+01) (15, -1.86807994846710201386e+00) 
