FANN_FLO_2.1
num_layers=3
learning_rate=0.700000
connection_rate=1.000000
network_type=0
learning_momentum=0.000000
training_algorithm=2
train_error_function=1
train_stop_function=1
cascade_output_change_fraction=0.010000
quickprop_decay=-0.000100
quickprop_mu=1.750000
rprop_increase_factor=1.200000
rprop_decrease_factor=0.500000
rprop_delta_min=0.000000
rprop_delta_max=50.000000
rprop_delta_zero=0.100000
cascade_output_stagnation_epochs=12
cascade_candidate_change_fraction=0.010000
cascade_candidate_stagnation_epochs=12
cascade_max_out_epochs=150
cascade_min_out_epochs=50
cascade_max_cand_epochs=150
cascade_min_cand_epochs=50
cascade_num_candidate_groups=2
bit_fail_limit=1.00000000000000005551e-01
cascade_candidate_limit=1.00000000000000000000e+03
cascade_weight_multiplier=4.00000000000000022204e-01
cascade_activation_functions_count=10
cascade_activation_functions=3 5 7 8 10 11 14 15 16 17 
cascade_activation_steepnesses_count=4
cascade_activation_steepnesses=2.50000000000000000000e-01 5.00000000000000000000e-01 7.50000000000000000000e-01 1.00000000000000000000e+00 
layer_sizes=12 4 2 
scale_included=0
neurons (num_inputs, activation_function, activation_steepness)=(0, 0, 0.00000000000000000000e+00) (0, 0, 0.00000000000000000000e+00) (0, 0, 0.00000000000000000000e+00) (0, 0, 0.00000000000000000000e+00) (0, 0, 0.00000000000000000000e+00) (0, 0, 0.00000000000000000000e+00) (0, 0, 0.00000000000000000000e+00) (0, 0, 0.00000000000000000000e+00) (0, 0, 0.00000000000000000000e+00) (0, 0, 0.00000000000000000000e+00) (0, 0, 0.00000000000000000000e+00) (0, 0, 0.00000000000000000000e+00) (12, 6, 5.00000000000000000000e-01) (12, 6, 5.00000000000000000000e-01) (12, 6, 5.00000000000000000000e-01) (0, 6, 0.00000000000000000000e+00) (4, 4, 5.00000000000000000000e-01) (0, 4, 0.00000000000000000000e+00) 
connections (connected_to_neuron, weight)=(0, 2.03246877944170645236e+00) (1, -3.76808575700902981254e+00) (2, 3.66369781756847645582e-01) (3, 4.81169390454332823737e-01) (4, -2.60190781201438658954e+00) (5, 4.42280079933372327616e+00) (6, -3.20376114643043008456e+00) (7, -3.52960240261219704294e+00) (8, 4.97450135631271661563e-01) (9, -2.31631529740437569487e+00) (10, 1.69482711777103300932e+00) (11, 2.57325519952100423282e+00) (0, -3.03095928018040916552e-01) (1, 1.77535588732511828702e+00) (2, -1.22069056638965944828e-02) (3, 5.43252046578800093513e-02) (4, 5.01749499597688419783e+00) (5, -2.63405085182046638792e+00) (6, 9.89136122510238635641e-01) (7, 8.89623781709442673638e-01) (8, 1.37512943920378577500e-01) (9, 2.51753210518468883983e-01) (10, 1.62069153640670121641e-01) (11, -1.02708433383500927216e-01) (0, -1.65868638639397769641e-01) (1, 1.72068836978227923673e+00) (2, 4.80190355768908908041e-02) (3, -2.43870761818016090761e-02) (4, 4.87272010454078330355e+00) (5, -2.69439307054733978575e+00) (6, 9.98394489631458381673e-01) (7, 8.16661549775372086479e-01) (8, 1.39486036476378333360e-01) (9, 3.26200928036083304118e-01) (10, -2.07262798746168149661e-03) (11, -2.04645438132647281004e-02) (12, -2.40430584389295241010e+01) (13, 3.01867693415631466181e+00) (14, 1.24346519447834458205e+00) (15, -1.19052728503938842763e+00) 
