FANN_FLO_2.1
num_layers=3
learning_rate=0.700000
connection_rate=1.000000
network_type=0
learning_momentum=0.000000
training_algorithm=2
train_error_function=1
train_stop_function=1
cascade_output_change_fraction=0.010000
quickprop_decay=-0.000100
quickprop_mu=1.750000
rprop_increase_factor=1.200000
rprop_decrease_factor=0.500000
rprop_delta_min=0.000000
rprop_delta_max=50.000000
rprop_delta_zero=0.100000
cascade_output_stagnation_epochs=12
cascade_candidate_change_fraction=0.010000
cascade_candidate_stagnation_epochs=12
cascade_max_out_epochs=150
cascade_min_out_epochs=50
cascade_max_cand_epochs=150
cascade_min_cand_epochs=50
cascade_num_candidate_groups=2
bit_fail_limit=1.00000000000000005551e-01
cascade_candidate_limit=1.00000000000000000000e+03
cascade_weight_multiplier=4.00000000000000022204e-01
cascade_activation_functions_count=10
cascade_activation_functions=3 5 7 8 10 11 14 15 16 17 
cascade_activation_steepnesses_count=4
cascade_activation_steepnesses=2.50000000000000000000e-01 5.00000000000000000000e-01 7.50000000000000000000e-01 1.00000000000000000000e+00 
layer_sizes=11 4 2 
scale_included=0
neurons (num_inputs, activation_function, activation_steepness)=(0, 0, 0.00000000000000000000e+00) (0, 0, 0.00000000000000000000e+00) (0, 0, 0.00000000000000000000e+00) (0, 0, 0.00000000000000000000e+00) (0, 0, 0.00000000000000000000e+00) (0, 0, 0.00000000000000000000e+00) (0, 0, 0.00000000000000000000e+00) (0, 0, 0.00000000000000000000e+00) (0, 0, 0.00000000000000000000e+00) (0, 0, 0.00000000000000000000e+00) (0, 0, 0.00000000000000000000e+00) (11, 6, 5.00000000000000000000e-01) (11, 6, 5.00000000000000000000e-01) (11, 6, 5.00000000000000000000e-01) (0, 6, 0.00000000000000000000e+00) (4, 4, 5.00000000000000000000e-01) (0, 4, 0.00000000000000000000e+00) 
connections (connected_to_neuron, weight)=(0, -1.57233673399236462132e+00) (1, 1.93927049831170617011e+00) (2, 1.61549162581994254495e+00) (3, 1.94040635317290210970e+00) (4, -2.90044237261852400067e+00) (5, 1.53592750935301025628e+00) (6, 1.40454168893349717884e-01) (7, -2.47238004154410306867e+00) (8, 2.81348061239114377585e+00) (9, 8.06791275025428911150e-01) (10, -1.62556381007696693075e+00) (0, -5.49468748224909653288e-01) (1, 1.37258733207685978961e+00) (2, 2.59215887405298994750e-01) (3, 1.08728778652839350172e-01) (4, -9.38093156742448419649e-01) (5, 4.00157436324173609865e-01) (6, -7.27943448161755407577e-02) (7, 1.71786910588771629671e-01) (8, 1.47342168819518060108e-01) (9, 9.39462680435557417891e-02) (10, -2.23006056318114875836e-01) (0, 2.34824241889366325253e+00) (1, -3.98521955684072937132e+00) (2, -1.75703069636780639939e+00) (3, -3.72200049923113640560e+00) (4, 2.39703417317627209826e+00) (5, -4.24814938594223612256e+00) (6, -1.55656600202444672654e+00) (7, 1.64095742608229844262e-01) (8, -2.57553662440801867106e+00) (9, -4.21619223329632042407e+00) (10, 4.57345412729848899147e+00) (11, 4.94466189352053930861e+00) (12, 5.96313263511400903916e-01) (13, -5.99605641032711567107e+00) (14, -1.65336441903655106955e+00) 
