FANN_FLO_2.1
num_layers=3
learning_rate=0.700000
connection_rate=1.000000
network_type=0
learning_momentum=0.000000
training_algorithm=2
train_error_function=1
train_stop_function=1
cascade_output_change_fraction=0.010000
quickprop_decay=-0.000100
quickprop_mu=1.750000
rprop_increase_factor=1.200000
rprop_decrease_factor=0.500000
rprop_delta_min=0.000000
rprop_delta_max=50.000000
rprop_delta_zero=0.100000
cascade_output_stagnation_epochs=12
cascade_candidate_change_fraction=0.010000
cascade_candidate_stagnation_epochs=12
cascade_max_out_epochs=150
cascade_min_out_epochs=50
cascade_max_cand_epochs=150
cascade_min_cand_epochs=50
cascade_num_candidate_groups=2
bit_fail_limit=1.00000000000000005551e-01
cascade_candidate_limit=1.00000000000000000000e+03
cascade_weight_multiplier=4.00000000000000022204e-01
cascade_activation_functions_count=10
cascade_activation_functions=3 5 7 8 10 11 14 15 16 17 
cascade_activation_steepnesses_count=4
cascade_activation_steepnesses=2.50000000000000000000e-01 5.00000000000000000000e-01 7.50000000000000000000e-01 1.00000000000000000000e+00 
layer_sizes=15 4 2 
scale_included=0
neurons (num_inputs, activation_function, activation_steepness)=(0, 0, 0.00000000000000000000e+00) (0, 0, 0.00000000000000000000e+00) (0, 0, 0.00000000000000000000e+00) (0, 0, 0.00000000000000000000e+00) (0, 0, 0.00000000000000000000e+00) (0, 0, 0.00000000000000000000e+00) (0, 0, 0.00000000000000000000e+00) (0, 0, 0.00000000000000000000e+00) (0, 0, 0.00000000000000000000e+00) (0, 0, 0.00000000000000000000e+00) (0, 0, 0.00000000000000000000e+00) (0, 0, 0.00000000000000000000e+00) (0, 0, 0.00000000000000000000e+00) (0, 0, 0.00000000000000000000e+00) (0, 0, 0.00000000000000000000e+00) (15, 6, 5.00000000000000000000e-01) (15, 6, 5.00000000000000000000e-01) (15, 6, 5.00000000000000000000e-01) (0, 6, 0.00000000000000000000e+00) (4, 4, 5.00000000000000000000e-01) (0, 4, 0.00000000000000000000e+00) 
connections (connected_to_neuron, weight)=(0, -8.87686885319135199346e-01) (1, -8.64657994210554647907e+00) (2, 7.32526301633978871308e+00) (3, 1.50000000000000000000e+03) (4, 1.77790547202956474848e+01) (5, -4.13819309271722879373e+00) (6, 2.59735319159950961421e+01) (7, 9.25436055477426577909e+00) (8, 5.98091332496921168627e+00) (9, -6.63064485069585901611e-02) (10, 8.71099519115451315088e+00) (11, 1.89077618035107875016e+01) (12, -1.42649825272888612915e+01) (13, -1.65912635289394927440e+01) (14, -2.10205931337328832953e+00) (0, -9.91730871332327623691e+00) (1, 1.50000000000000000000e+03) (2, 1.14795958933016891024e+02) (3, 3.05279492024158116692e+02) (4, 5.49497991969308596794e+00) (5, -9.88364421843763607534e-01) (6, 6.64073354468256979999e+01) (7, 5.12910082920652143912e+00) (8, -1.91151578993156878727e-01) (9, 4.75756252160578867461e+02) (10, -3.28074847788071863874e+01) (11, 6.70573919403681770746e+01) (12, 2.23052557148282943444e+02) (13, 1.49152361609849572233e+03) (14, -3.03918349335517916643e+02) (0, 3.72716215818783380698e+00) (1, 5.12738976639924715073e+00) (2, -5.80909634205852176692e-01) (3, 7.49975563133554179451e-01) (4, 4.28889549145047777046e+00) (5, 2.26563924346754852479e+00) (6, -7.05722066438856154846e-01) (7, 5.58868807763254782373e+00) (8, 7.94389561939349286845e-01) (9, -1.16133916136994286283e+00) (10, -1.20378522524475450872e+00) (11, 3.68227377586438420209e-01) (12, -2.65428334857962955340e+00) (13, 5.12487670973738485003e+00) (14, -4.59474988491588187678e-01) (15, 6.21596791797593795081e+00) (16, 7.92807604764971252109e+00) (17, -1.00129697981167300469e+01) (18, -4.11843915319109132867e+00) 
