FANN_FLO_2.1
num_layers=3
learning_rate=0.700000
connection_rate=1.000000
network_type=0
learning_momentum=0.000000
training_algorithm=2
train_error_function=1
train_stop_function=1
cascade_output_change_fraction=0.010000
quickprop_decay=-0.000100
quickprop_mu=1.750000
rprop_increase_factor=1.200000
rprop_decrease_factor=0.500000
rprop_delta_min=0.000000
rprop_delta_max=50.000000
rprop_delta_zero=0.100000
cascade_output_stagnation_epochs=12
cascade_candidate_change_fraction=0.010000
cascade_candidate_stagnation_epochs=12
cascade_max_out_epochs=150
cascade_min_out_epochs=50
cascade_max_cand_epochs=150
cascade_min_cand_epochs=50
cascade_num_candidate_groups=2
bit_fail_limit=1.00000000000000005551e-01
cascade_candidate_limit=1.00000000000000000000e+03
cascade_weight_multiplier=4.00000000000000022204e-01
cascade_activation_functions_count=10
cascade_activation_functions=3 5 7 8 10 11 14 15 16 17 
cascade_activation_steepnesses_count=4
cascade_activation_steepnesses=2.50000000000000000000e-01 5.00000000000000000000e-01 7.50000000000000000000e-01 1.00000000000000000000e+00 
layer_sizes=7 4 2 
scale_included=0
neurons (num_inputs, activation_function, activation_steepness)=(0, 0, 0.00000000000000000000e+00) (0, 0, 0.00000000000000000000e+00) (0, 0, 0.00000000000000000000e+00) (0, 0, 0.00000000000000000000e+00) (0, 0, 0.00000000000000000000e+00) (0, 0, 0.00000000000000000000e+00) (0, 0, 0.00000000000000000000e+00) (7, 6, 5.00000000000000000000e-01) (7, 6, 5.00000000000000000000e-01) (7, 6, 5.00000000000000000000e-01) (0, 6, 0.00000000000000000000e+00) (4, 4, 5.00000000000000000000e-01) (0, 4, 0.00000000000000000000e+00) 
connections (connected_to_neuron, weight)=(0, 8.35417124003734579141e-01) (1, 1.40564897198429417102e+00) (2, 1.64237289684420639801e+00) (3, 8.98296908021522289012e-01) (4, 1.78674186258427947216e+00) (5, 1.50000000000000000000e+03) (6, -1.78214529797883081130e+00) (0, -3.72986010121573263731e+00) (1, -7.14901944758557172932e-01) (2, 3.73528189476257965751e+00) (3, 8.27794322897380041582e+00) (4, -1.32486541697873860812e+00) (5, 1.50000000000000000000e+03) (6, 1.94722000964431174452e+00) (0, 5.49257090345265264197e-01) (1, 5.65745908281433673714e-01) (2, 2.73581705662867413764e+00) (3, -4.30149197895830859295e+00) (4, 1.73482013375835619762e+00) (5, 1.50000000000000000000e+03) (6, -3.36657211521476928962e-01) (7, 4.95971663809821876612e+01) (8, -1.04145346321341403240e+01) (9, 6.28544332334191047096e-01) (10, -1.14100869269904836578e+00) 
