FANN_FLO_2.1
num_layers=3
learning_rate=0.700000
connection_rate=1.000000
network_type=0
learning_momentum=0.000000
training_algorithm=2
train_error_function=1
train_stop_function=1
cascade_output_change_fraction=0.010000
quickprop_decay=-0.000100
quickprop_mu=1.750000
rprop_increase_factor=1.200000
rprop_decrease_factor=0.500000
rprop_delta_min=0.000000
rprop_delta_max=50.000000
rprop_delta_zero=0.100000
cascade_output_stagnation_epochs=12
cascade_candidate_change_fraction=0.010000
cascade_candidate_stagnation_epochs=12
cascade_max_out_epochs=150
cascade_min_out_epochs=50
cascade_max_cand_epochs=150
cascade_min_cand_epochs=50
cascade_num_candidate_groups=2
bit_fail_limit=1.00000000000000005551e-01
cascade_candidate_limit=1.00000000000000000000e+03
cascade_weight_multiplier=4.00000000000000022204e-01
cascade_activation_functions_count=10
cascade_activation_functions=3 5 7 8 10 11 14 15 16 17 
cascade_activation_steepnesses_count=4
cascade_activation_steepnesses=2.50000000000000000000e-01 5.00000000000000000000e-01 7.50000000000000000000e-01 1.00000000000000000000e+00 
layer_sizes=13 4 2 
scale_included=0
neurons (num_inputs, activation_function, activation_steepness)=(0, 0, 0.00000000000000000000e+00) (0, 0, 0.00000000000000000000e+00) (0, 0, 0.00000000000000000000e+00) (0, 0, 0.00000000000000000000e+00) (0, 0, 0.00000000000000000000e+00) (0, 0, 0.00000000000000000000e+00) (0, 0, 0.00000000000000000000e+00) (0, 0, 0.00000000000000000000e+00) (0, 0, 0.00000000000000000000e+00) (0, 0, 0.00000000000000000000e+00) (0, 0, 0.00000000000000000000e+00) (0, 0, 0.00000000000000000000e+00) (0, 0, 0.00000000000000000000e+00) (13, 6, 5.00000000000000000000e-01) (13, 6, 5.00000000000000000000e-01) (13, 6, 5.00000000000000000000e-01) (0, 6, 0.00000000000000000000e+00) (4, 4, 5.00000000000000000000e-01) (0, 4, 0.00000000000000000000e+00) 
connections (connected_to_neuron, weight)=(0, -3.10534115576491728805e-02) (1, 6.19549936772105569460e-01) (2, 3.41119856633006701685e-01) (3, 3.93306695643035664212e-01) (4, -4.66590851340442647199e-03) (5, 8.01142833383117203283e-01) (6, 7.16457738286465639632e-01) (7, -2.69846875932536922615e-01) (8, 1.64247764108417482198e+00) (9, -3.27737436443268970176e-01) (10, 4.53932709994844529877e-01) (11, 4.96606893779536262556e-01) (12, -1.13994170114963849771e-01) (0, -4.65130015671209928740e+00) (1, 2.84952841479480367681e+00) (2, 1.75685990315823747920e+00) (3, 2.78997209700208248506e+00) (4, -2.28813250037303728135e+00) (5, 1.95811968884327747276e+00) (6, 2.95874762771617794144e+00) (7, -2.25067532268988745869e+00) (8, 3.95307693783985980573e+00) (9, -4.08340840143162253639e+00) (10, 3.90555706354953890980e+00) (11, 1.84886937803485751353e+00) (12, -2.55052614149241252406e+00) (0, 4.05690098775198837444e+00) (1, -3.53989706092950351390e+00) (2, -1.32208659836370867602e+00) (3, -3.04117996261862311158e+00) (4, -6.08713172881469088971e-01) (5, -1.06814253825559823952e+00) (6, -2.88939899859849402830e+00) (7, 1.86023389306171260671e+00) (8, -5.47619189063197175926e+00) (9, 4.44048383650567668468e+00) (10, -3.48987174553504964081e+00) (11, -2.19902433656269158391e+00) (12, 4.19825043972388733948e+00) (13, 2.24022496284537686595e-01) (14, 1.18649857851365876371e+01) (15, -3.52607548085915878389e+00) (16, -7.49401435355919742776e-01) 
