FANN_FLO_2.1
num_layers=3
learning_rate=0.700000
connection_rate=1.000000
network_type=0
learning_momentum=0.000000
training_algorithm=2
train_error_function=1
train_stop_function=1
cascade_output_change_fraction=0.010000
quickprop_decay=-0.000100
quickprop_mu=1.750000
rprop_increase_factor=1.200000
rprop_decrease_factor=0.500000
rprop_delta_min=0.000000
rprop_delta_max=50.000000
rprop_delta_zero=0.100000
cascade_output_stagnation_epochs=12
cascade_candidate_change_fraction=0.010000
cascade_candidate_stagnation_epochs=12
cascade_max_out_epochs=150
cascade_min_out_epochs=50
cascade_max_cand_epochs=150
cascade_min_cand_epochs=50
cascade_num_candidate_groups=2
bit_fail_limit=1.00000000000000005551e-01
cascade_candidate_limit=1.00000000000000000000e+03
cascade_weight_multiplier=4.00000000000000022204e-01
cascade_activation_functions_count=10
cascade_activation_functions=3 5 7 8 10 11 14 15 16 17 
cascade_activation_steepnesses_count=4
cascade_activation_steepnesses=2.50000000000000000000e-01 5.00000000000000000000e-01 7.50000000000000000000e-01 1.00000000000000000000e+00 
layer_sizes=14 4 2 
scale_included=0
neurons (num_inputs, activation_function, activation_steepness)=(0, 0, 0.00000000000000000000e+00) (0, 0, 0.00000000000000000000e+00) (0, 0, 0.00000000000000000000e+00) (0, 0, 0.00000000000000000000e+00) (0, 0, 0.00000000000000000000e+00) (0, 0, 0.00000000000000000000e+00) (0, 0, 0.00000000000000000000e+00) (0, 0, 0.00000000000000000000e+00) (0, 0, 0.00000000000000000000e+00) (0, 0, 0.00000000000000000000e+00) (0, 0, 0.00000000000000000000e+00) (0, 0, 0.00000000000000000000e+00) (0, 0, 0.00000000000000000000e+00) (0, 0, 0.00000000000000000000e+00) (14, 6, 5.00000000000000000000e-01) (14, 6, 5.00000000000000000000e-01) (14, 6, 5.00000000000000000000e-01) (0, 6, 0.00000000000000000000e+00) (4, 4, 5.00000000000000000000e-01) (0, 4, 0.00000000000000000000e+00) 
connections (connected_to_neuron, weight)=(0, 4.71353209781802187650e-02) (1, 3.39270252373726599604e-01) (2, 2.73807984242282864695e-01) (3, 8.34086663293994445834e-02) (4, 2.48790292971825560686e-01) (5, 3.82279884003433712003e-01) (6, 8.19117828048797402829e-01) (7, 1.25372259998497524031e-02) (8, 9.45653672564988556637e-01) (9, 9.84646656973018341574e-01) (10, 4.86912296792982257632e-01) (11, 4.01539091057509844873e-01) (12, 1.06066252464655152998e+00) (13, 3.79302873397049447601e-02) (0, 1.24448205710347048480e+00) (1, -1.61266178177704322394e+00) (2, -7.04897634776440518145e-01) (3, 1.05772009360530727662e+00) (4, 3.92906892415370689875e-01) (5, -1.07113899842428361708e+00) (6, -3.30623542643441514777e-01) (7, 1.01571339237430469105e+00) (8, -1.58514695138239392058e+00) (9, -1.02579571317487316939e+00) (10, -1.12312097364695301360e-01) (11, -1.11390784818869506556e-01) (12, -1.53860422717883116306e+00) (13, 1.26077215553219645905e+00) (0, -5.34529885297039153436e-01) (1, 1.17031305410450214843e+00) (2, 1.19337668829295764916e-01) (3, -3.93385825698593261102e-01) (4, 4.93950860525603635542e-02) (5, 2.85619139729106109871e-02) (6, 2.65554070147395793189e-01) (7, -3.77104295437553527215e-01) (8, 2.36062908511279179180e+00) (9, 7.05522523414404467701e-01) (10, 8.02714419519284683169e-01) (11, 7.85277337886702841985e-01) (12, 2.25896913761557049938e+00) (13, -4.55024143700817118585e-01) (14, 2.19567203296522128753e-01) (15, -5.31304781598923625552e+01) (16, 4.33349006805806702403e+00) (17, -5.41560797040680053094e-01) 
