FANN_FLO_2.1
num_layers=3
learning_rate=0.700000
connection_rate=1.000000
network_type=0
learning_momentum=0.000000
training_algorithm=2
train_error_function=1
train_stop_function=1
cascade_output_change_fraction=0.010000
quickprop_decay=-0.000100
quickprop_mu=1.750000
rprop_increase_factor=1.200000
rprop_decrease_factor=0.500000
rprop_delta_min=0.000000
rprop_delta_max=50.000000
rprop_delta_zero=0.100000
cascade_output_stagnation_epochs=12
cascade_candidate_change_fraction=0.010000
cascade_candidate_stagnation_epochs=12
cascade_max_out_epochs=150
cascade_min_out_epochs=50
cascade_max_cand_epochs=150
cascade_min_cand_epochs=50
cascade_num_candidate_groups=2
bit_fail_limit=1.00000000000000005551e-01
cascade_candidate_limit=1.00000000000000000000e+03
cascade_weight_multiplier=4.00000000000000022204e-01
cascade_activation_functions_count=10
cascade_activation_functions=3 5 7 8 10 11 14 15 16 17 
cascade_activation_steepnesses_count=4
cascade_activation_steepnesses=2.50000000000000000000e-01 5.00000000000000000000e-01 7.50000000000000000000e-01 1.00000000000000000000e+00 
layer_sizes=9 4 2 
scale_included=0
neurons (num_inputs, activation_function, activation_steepness)=(0, 0, 0.00000000000000000000e+00) (0, 0, 0.00000000000000000000e+00) (0, 0, 0.00000000000000000000e+00) (0, 0, 0.00000000000000000000e+00) (0, 0, 0.00000000000000000000e+00) (0, 0, 0.00000000000000000000e+00) (0, 0, 0.00000000000000000000e+00) (0, 0, 0.00000000000000000000e+00) (0, 0, 0.00000000000000000000e+00) (9, 6, 5.00000000000000000000e-01) (9, 6, 5.00000000000000000000e-01) (9, 6, 5.00000000000000000000e-01) (0, 6, 0.00000000000000000000e+00) (4, 4, 5.00000000000000000000e-01) (0, 4, 0.00000000000000000000e+00) 
connections (connected_to_neuron, weight)=(0, 1.62958662672781517955e+00) (1, -4.78872976296269836638e+00) (2, -4.77578056735582401338e-01) (3, 8.58301871471081279097e-01) (4, 1.24312707828333968152e+00) (5, 4.72720548000003737421e-01) (6, 1.16415106551697844495e+00) (7, 7.92244189433727763472e-01) (8, 1.20110468612959975232e+00) (0, 1.22189605683820312620e-01) (1, 2.73528360957898619699e-01) (2, 2.42487815252166616364e-01) (3, -4.38609577965997504689e-03) (4, 8.25885330147910490250e-02) (5, -5.17652723537074810345e-02) (6, 1.84749016613500183226e-01) (7, 1.81760096997754638792e-01) (8, 3.35586835451293641341e-02) (0, -1.07359764194060347542e+00) (1, 4.66743547686064186308e+00) (2, 1.72118141637478710981e-01) (3, -7.72098540434264291044e-01) (4, -7.70797549852751839872e-01) (5, -1.17544652914373687347e-01) (6, -7.89469967702054131742e-01) (7, -6.83928809234522927518e-01) (8, -7.68975122937583077665e-01) (9, -2.38619742957594471733e+00) (10, 5.85358162231612855209e-02) (11, 2.67872386084426361563e+00) (12, -1.08188508665133498177e+00) 
