FANN_FLO_2.1
num_layers=3
learning_rate=0.700000
connection_rate=1.000000
network_type=0
learning_momentum=0.000000
training_algorithm=2
train_error_function=1
train_stop_function=1
cascade_output_change_fraction=0.010000
quickprop_decay=-0.000100
quickprop_mu=1.750000
rprop_increase_factor=1.200000
rprop_decrease_factor=0.500000
rprop_delta_min=0.000000
rprop_delta_max=50.000000
rprop_delta_zero=0.100000
cascade_output_stagnation_epochs=12
cascade_candidate_change_fraction=0.010000
cascade_candidate_stagnation_epochs=12
cascade_max_out_epochs=150
cascade_min_out_epochs=50
cascade_max_cand_epochs=150
cascade_min_cand_epochs=50
cascade_num_candidate_groups=2
bit_fail_limit=1.00000000000000005551e-01
cascade_candidate_limit=1.00000000000000000000e+03
cascade_weight_multiplier=4.00000000000000022204e-01
cascade_activation_functions_count=10
cascade_activation_functions=3 5 7 8 10 11 14 15 16 17 
cascade_activation_steepnesses_count=4
cascade_activation_steepnesses=2.50000000000000000000e-01 5.00000000000000000000e-01 7.50000000000000000000e-01 1.00000000000000000000e+00 
layer_sizes=10 4 2 
scale_included=0
neurons (num_inputs, activation_function, activation_steepness)=(0, 0, 0.00000000000000000000e+00) (0, 0, 0.00000000000000000000e+00) (0, 0, 0.00000000000000000000e+00) (0, 0, 0.00000000000000000000e+00) (0, 0, 0.00000000000000000000e+00) (0, 0, 0.00000000000000000000e+00) (0, 0, 0.00000000000000000000e+00) (0, 0, 0.00000000000000000000e+00) (0, 0, 0.00000000000000000000e+00) (0, 0, 0.00000000000000000000e+00) (10, 6, 5.00000000000000000000e-01) (10, 6, 5.00000000000000000000e-01) (10, 6, 5.00000000000000000000e-01) (0, 6, 0.00000000000000000000e+00) (4, 4, 5.00000000000000000000e-01) (0, 4, 0.00000000000000000000e+00) 
connections (connected_to_neuron, weight)=(0, -2.19312716388744419760e+01) (1, 4.11140610387387273050e+00) (2, 7.59694772359966852271e-01) (3, 8.85071976638727520026e+00) (4, -6.78290592980960216352e+00) (5, 2.52282650068375158270e+00) (6, 4.49612581903982189147e+00) (7, 7.40719083784595277997e-01) (8, -1.98757668347226501560e+00) (9, -1.44849983583572483603e+00) (0, -4.57299211967482965857e-01) (1, 9.11903308780058985406e+00) (2, -1.01330371973638513339e+01) (3, 4.71275365638207599517e-01) (4, 3.98531270354808597745e+00) (5, -1.34964129010797240227e+00) (6, 7.61928980967861804174e+01) (7, -1.01047092979007455682e+01) (8, -1.09579127642443445723e+01) (9, 1.97888344334069676833e+00) (0, -2.47706895214671192207e+01) (1, -7.75842683140064437453e+00) (2, 1.39702721561181864018e+01) (3, 6.41695071344287182313e+00) (4, 8.40566002466981210262e+00) (5, -1.46090210308710073406e+01) (6, 1.58150729552650730625e+01) (7, 1.39369699796129449254e+01) (8, 1.48865995225810934244e+01) (9, 4.52496295763571365622e-01) (10, 1.10187625386910870162e+01) (11, -1.86016871811453583518e+01) (12, -1.75630278026861113005e+01) (13, 7.02791083714852382602e-02) 
