FANN_FLO_2.1
num_layers=3
learning_rate=0.700000
connection_rate=1.000000
network_type=0
learning_momentum=0.000000
training_algorithm=2
train_error_function=1
train_stop_function=1
cascade_output_change_fraction=0.010000
quickprop_decay=-0.000100
quickprop_mu=1.750000
rprop_increase_factor=1.200000
rprop_decrease_factor=0.500000
rprop_delta_min=0.000000
rprop_delta_max=50.000000
rprop_delta_zero=0.100000
cascade_output_stagnation_epochs=12
cascade_candidate_change_fraction=0.010000
cascade_candidate_stagnation_epochs=12
cascade_max_out_epochs=150
cascade_min_out_epochs=50
cascade_max_cand_epochs=150
cascade_min_cand_epochs=50
cascade_num_candidate_groups=2
bit_fail_limit=1.00000000000000005551e-01
cascade_candidate_limit=1.00000000000000000000e+03
cascade_weight_multiplier=4.00000000000000022204e-01
cascade_activation_functions_count=10
cascade_activation_functions=3 5 7 8 10 11 14 15 16 17 
cascade_activation_steepnesses_count=4
cascade_activation_steepnesses=2.50000000000000000000e-01 5.00000000000000000000e-01 7.50000000000000000000e-01 1.00000000000000000000e+00 
layer_sizes=15 4 2 
scale_included=0
neurons (num_inputs, activation_function, activation_steepness)=(0, 0, 0.00000000000000000000e+00) (0, 0, 0.00000000000000000000e+00) (0, 0, 0.00000000000000000000e+00) (0, 0, 0.00000000000000000000e+00) (0, 0, 0.00000000000000000000e+00) (0, 0, 0.00000000000000000000e+00) (0, 0, 0.00000000000000000000e+00) (0, 0, 0.00000000000000000000e+00) (0, 0, 0.00000000000000000000e+00) (0, 0, 0.00000000000000000000e+00) (0, 0, 0.00000000000000000000e+00) (0, 0, 0.00000000000000000000e+00) (0, 0, 0.00000000000000000000e+00) (0, 0, 0.00000000000000000000e+00) (0, 0, 0.00000000000000000000e+00) (15, 6, 5.00000000000000000000e-01) (15, 6, 5.00000000000000000000e-01) (15, 6, 5.00000000000000000000e-01) (0, 6, 0.00000000000000000000e+00) (4, 4, 5.00000000000000000000e-01) (0, 4, 0.00000000000000000000e+00) 
connections (connected_to_neuron, weight)=(0, 3.95822098111012055099e+00) (1, 6.56924366309727858493e+00) (2, -6.63150774234623541226e-01) (3, 1.16299033776135152252e+00) (4, 1.17926136105813839094e+00) (5, 2.52312147857562107944e+00) (6, -5.44873533134105358933e-01) (7, 2.19293605697845261915e+00) (8, 1.38945060370863160415e+00) (9, -5.45700628604412707467e-01) (10, -5.00723727070732538280e-01) (11, 2.96781976734422414665e+00) (12, 8.32557805400151673680e-01) (13, -9.90408441605659817242e+00) (14, -6.54593451733293196781e-01) (0, -5.68257717653879179665e+00) (1, -6.73912694379976162651e+00) (2, 6.25432460422562286340e+00) (3, 1.50000000000000000000e+03) (4, 1.38778499585352452783e+01) (5, -8.05468309612579069778e+00) (6, 2.52586635634609457668e+01) (7, 1.39274290487642016245e+00) (8, 6.88764112741480527546e+00) (9, 1.58352153793083560984e+00) (10, 1.31450812806905403818e+01) (11, 2.14550832389590695470e+00) (12, 1.57485842893029293066e+01) (13, -4.00863192327783295354e+01) (14, -1.67581687797980949384e+00) (0, -1.40146333534774703011e+00) (1, 6.71630280360805386408e+02) (2, 3.69827495844522573520e+01) (3, -1.99432559699665334918e-01) (4, -2.67845253347757827900e-01) (5, -7.37938032982367531076e+01) (6, 5.93539348709422376338e-01) (7, -1.06819090115798021046e+00) (8, -7.19366154981905054910e+01) (9, 2.11898744164749416541e+02) (10, -1.04875123835082263213e+02) (11, 1.39954175437794159365e+01) (12, -1.12504245536390362759e+03) (13, 3.34117973849987208723e+01) (14, -1.09306818059913894103e+02) (15, -1.00138268114223318861e+01) (16, 4.74075015888272588427e+00) (17, 7.74436880665102034271e+00) (18, -2.47240262836881052877e+00) 
