FANN_FLO_2.1
num_layers=3
learning_rate=0.700000
connection_rate=1.000000
network_type=0
learning_momentum=0.000000
training_algorithm=2
train_error_function=1
train_stop_function=1
cascade_output_change_fraction=0.010000
quickprop_decay=-0.000100
quickprop_mu=1.750000
rprop_increase_factor=1.200000
rprop_decrease_factor=0.500000
rprop_delta_min=0.000000
rprop_delta_max=50.000000
rprop_delta_zero=0.100000
cascade_output_stagnation_epochs=12
cascade_candidate_change_fraction=0.010000
cascade_candidate_stagnation_epochs=12
cascade_max_out_epochs=150
cascade_min_out_epochs=50
cascade_max_cand_epochs=150
cascade_min_cand_epochs=50
cascade_num_candidate_groups=2
bit_fail_limit=1.00000000000000005551e-01
cascade_candidate_limit=1.00000000000000000000e+03
cascade_weight_multiplier=4.00000000000000022204e-01
cascade_activation_functions_count=10
cascade_activation_functions=3 5 7 8 10 11 14 15 16 17 
cascade_activation_steepnesses_count=4
cascade_activation_steepnesses=2.50000000000000000000e-01 5.00000000000000000000e-01 7.50000000000000000000e-01 1.00000000000000000000e+00 
layer_sizes=8 4 2 
scale_included=0
neurons (num_inputs, activation_function, activation_steepness)=(0, 0, 0.00000000000000000000e+00) (0, 0, 0.00000000000000000000e+00) (0, 0, 0.00000000000000000000e+00) (0, 0, 0.00000000000000000000e+00) (0, 0, 0.00000000000000000000e+00) (0, 0, 0.00000000000000000000e+00) (0, 0, 0.00000000000000000000e+00) (0, 0, 0.00000000000000000000e+00) (8, 6, 5.00000000000000000000e-01) (8, 6, 5.00000000000000000000e-01) (8, 6, 5.00000000000000000000e-01) (0, 6, 0.00000000000000000000e+00) (4, 4, 5.00000000000000000000e-01) (0, 4, 0.00000000000000000000e+00) 
connections (connected_to_neuron, weight)=(0, -2.18238373835082422048e+00) (1, -9.60880990032875748064e-01) (2, -9.49230683097106564539e-01) (3, -1.60553708803326505850e-01) (4, -1.62680720753102664444e-01) (5, -9.06256597843535405268e-01) (6, -2.07568666942243212903e-01) (7, 2.17371992687603166061e+00) (0, 1.09834076509311562297e+00) (1, 1.21555672128962055645e+00) (2, 1.34927854863572704858e+00) (3, 3.89442930612493327658e+01) (4, 4.42597459029187731971e+01) (5, 1.42072029129345489551e+00) (6, 1.24160754322846088371e+02) (7, -1.33149400045515031721e+00) (0, -1.89346096902681448881e+00) (1, 2.44072987826618875706e-02) (2, 7.13646464477946662619e-01) (3, -1.46958000089131068933e-01) (4, 3.93205667991542717754e-02) (5, 5.69112718258601546495e-01) (6, 6.34530645902679490966e-01) (7, 3.02059466686313227157e-01) (8, -6.83703040378092481433e+01) (9, 3.38130174987050793334e+01) (10, -2.56304960581383900475e+00) (11, -1.03792834248139964615e+00) 
