FANN_FLO_2.1
num_layers=3
learning_rate=0.700000
connection_rate=1.000000
network_type=0
learning_momentum=0.000000
training_algorithm=2
train_error_function=1
train_stop_function=1
cascade_output_change_fraction=0.010000
quickprop_decay=-0.000100
quickprop_mu=1.750000
rprop_increase_factor=1.200000
rprop_decrease_factor=0.500000
rprop_delta_min=0.000000
rprop_delta_max=50.000000
rprop_delta_zero=0.100000
cascade_output_stagnation_epochs=12
cascade_candidate_change_fraction=0.010000
cascade_candidate_stagnation_epochs=12
cascade_max_out_epochs=150
cascade_min_out_epochs=50
cascade_max_cand_epochs=150
cascade_min_cand_epochs=50
cascade_num_candidate_groups=2
bit_fail_limit=1.00000000000000005551e-01
cascade_candidate_limit=1.00000000000000000000e+03
cascade_weight_multiplier=4.00000000000000022204e-01
cascade_activation_functions_count=10
cascade_activation_functions=3 5 7 8 10 11 14 15 16 17 
cascade_activation_steepnesses_count=4
cascade_activation_steepnesses=2.50000000000000000000e-01 5.00000000000000000000e-01 7.50000000000000000000e-01 1.00000000000000000000e+00 
layer_sizes=9 4 2 
scale_included=0
neurons (num_inputs, activation_function, activation_steepness)=(0, 0, 0.00000000000000000000e+00) (0, 0, 0.00000000000000000000e+00) (0, 0, 0.00000000000000000000e+00) (0, 0, 0.00000000000000000000e+00) (0, 0, 0.00000000000000000000e+00) (0, 0, 0.00000000000000000000e+00) (0, 0, 0.00000000000000000000e+00) (0, 0, 0.00000000000000000000e+00) (0, 0, 0.00000000000000000000e+00) (9, 6, 5.00000000000000000000e-01) (9, 6, 5.00000000000000000000e-01) (9, 6, 5.00000000000000000000e-01) (0, 6, 0.00000000000000000000e+00) (4, 4, 5.00000000000000000000e-01) (0, 4, 0.00000000000000000000e+00) 
connections (connected_to_neuron, weight)=(0, -2.10751690903571375912e+00) (1, 1.46020855851067787867e+00) (2, 3.24150432966018264835e+00) (3, -4.26001977423249389432e+00) (4, -9.71611617789523984712e-01) (5, -1.40666394298101571358e+00) (6, -1.97091982307114110817e-01) (7, -1.65849092492895422435e-01) (8, -8.00034654336303829858e-01) (0, -4.03978839278998580475e-01) (1, 9.33691811298767992966e-01) (2, 2.23339226099951027038e+00) (3, -1.66704749529289553145e+00) (4, -2.53920984783947978336e-01) (5, -2.17863759373169152411e+00) (6, -3.82514808424081476090e-01) (7, 3.38295527337504342569e-01) (8, -2.23656271913826948383e-01) (0, 2.53954426441602043596e+00) (1, -1.83481100301072141967e+00) (2, -2.52332877682385570139e+00) (3, 1.98765870832327085083e+00) (4, 1.42904247028270670050e+00) (5, 2.97815120841195568602e+00) (6, 1.52424835867441355042e+00) (7, 6.68317982600096560653e-01) (8, 1.13056549666089689588e+00) (9, 1.10294979529415151376e+01) (10, 1.05122945566732783895e+00) (11, -1.57743795013678980155e+01) (12, -1.29853802186059641421e+00) 
