FANN_FLO_2.1
num_layers=3
learning_rate=0.700000
connection_rate=1.000000
network_type=0
learning_momentum=0.000000
training_algorithm=2
train_error_function=1
train_stop_function=1
cascade_output_change_fraction=0.010000
quickprop_decay=-0.000100
quickprop_mu=1.750000
rprop_increase_factor=1.200000
rprop_decrease_factor=0.500000
rprop_delta_min=0.000000
rprop_delta_max=50.000000
rprop_delta_zero=0.100000
cascade_output_stagnation_epochs=12
cascade_candidate_change_fraction=0.010000
cascade_candidate_stagnation_epochs=12
cascade_max_out_epochs=150
cascade_min_out_epochs=50
cascade_max_cand_epochs=150
cascade_min_cand_epochs=50
cascade_num_candidate_groups=2
bit_fail_limit=1.00000000000000005551e-01
cascade_candidate_limit=1.00000000000000000000e+03
cascade_weight_multiplier=4.00000000000000022204e-01
cascade_activation_functions_count=10
cascade_activation_functions=3 5 7 8 10 11 14 15 16 17 
cascade_activation_steepnesses_count=4
cascade_activation_steepnesses=2.50000000000000000000e-01 5.00000000000000000000e-01 7.50000000000000000000e-01 1.00000000000000000000e+00 
layer_sizes=12 4 2 
scale_included=0
neurons (num_inputs, activation_function, activation_steepness)=(0, 0, 0.00000000000000000000e+00) (0, 0, 0.00000000000000000000e+00) (0, 0, 0.00000000000000000000e+00) (0, 0, 0.00000000000000000000e+00) (0, 0, 0.00000000000000000000e+00) (0, 0, 0.00000000000000000000e+00) (0, 0, 0.00000000000000000000e+00) (0, 0, 0.00000000000000000000e+00) (0, 0, 0.00000000000000000000e+00) (0, 0, 0.00000000000000000000e+00) (0, 0, 0.00000000000000000000e+00) (0, 0, 0.00000000000000000000e+00) (12, 6, 5.00000000000000000000e-01) (12, 6, 5.00000000000000000000e-01) (12, 6, 5.00000000000000000000e-01) (0, 6, 0.00000000000000000000e+00) (4, 4, 5.00000000000000000000e-01) (0, 4, 0.00000000000000000000e+00) 
connections (connected_to_neuron, weight)=(0, 1.58328711976809155537e+00) (1, 4.53223309409064878395e+00) (2, -5.27921612851939237032e+00) (3, 3.06103293490390171439e-01) (4, -3.44875317665435776604e+00) (5, 5.13425343490704033655e+00) (6, 4.72076111997060099412e+00) (7, -4.19100221387523177441e+01) (8, -4.08457020780163659879e+00) (9, 4.67833152261799245508e+00) (10, -7.76141561436450855282e-01) (11, -1.56203928654857793212e+00) (0, 3.18360693136558792204e+00) (1, -3.25256889417796202224e+00) (2, -2.65078456723465087919e+01) (3, -4.25191008630550015823e+00) (4, -3.86122640078004986108e+00) (5, 1.35518557289139138788e+01) (6, -9.84145097988713746240e-01) (7, 9.41225592554085778829e+02) (8, 7.56664230766650803162e+02) (9, -3.90007151858739398165e+00) (10, 3.91997347408377638800e+00) (11, 2.15016943537441607148e+00) (0, 2.69366443222125262480e+00) (1, 2.16832192247950228392e+00) (2, -2.56245695170466536439e+00) (3, 1.14418938189287011653e+00) (4, 9.93716393341197018474e-02) (5, 8.96035083728864423236e-01) (6, 2.14061982288966312638e+00) (7, 1.75109249050525628277e+00) (8, 6.53228889449330663020e-01) (9, 2.14297260168105019318e+00) (10, 2.03752150023536948709e+00) (11, -2.46096803479189807362e+00) (12, 1.04033514812581966424e+01) (13, -1.05560320059022565431e+01) (14, 5.13722755242910764650e+01) (15, -3.37663501722460179799e-01) 
