FANN_FLO_2.1
num_layers=3
learning_rate=0.700000
connection_rate=1.000000
network_type=0
learning_momentum=0.000000
training_algorithm=2
train_error_function=1
train_stop_function=1
cascade_output_change_fraction=0.010000
quickprop_decay=-0.000100
quickprop_mu=1.750000
rprop_increase_factor=1.200000
rprop_decrease_factor=0.500000
rprop_delta_min=0.000000
rprop_delta_max=50.000000
rprop_delta_zero=0.100000
cascade_output_stagnation_epochs=12
cascade_candidate_change_fraction=0.010000
cascade_candidate_stagnation_epochs=12
cascade_max_out_epochs=150
cascade_min_out_epochs=50
cascade_max_cand_epochs=150
cascade_min_cand_epochs=50
cascade_num_candidate_groups=2
bit_fail_limit=1.00000000000000005551e-01
cascade_candidate_limit=1.00000000000000000000e+03
cascade_weight_multiplier=4.00000000000000022204e-01
cascade_activation_functions_count=10
cascade_activation_functions=3 5 7 8 10 11 14 15 16 17 
cascade_activation_steepnesses_count=4
cascade_activation_steepnesses=2.50000000000000000000e-01 5.00000000000000000000e-01 7.50000000000000000000e-01 1.00000000000000000000e+00 
layer_sizes=13 4 2 
scale_included=0
neurons (num_inputs, activation_function, activation_steepness)=(0, 0, 0.00000000000000000000e+00) (0, 0, 0.00000000000000000000e+00) (0, 0, 0.00000000000000000000e+00) (0, 0, 0.00000000000000000000e+00) (0, 0, 0.00000000000000000000e+00) (0, 0, 0.00000000000000000000e+00) (0, 0, 0.00000000000000000000e+00) (0, 0, 0.00000000000000000000e+00) (0, 0, 0.00000000000000000000e+00) (0, 0, 0.00000000000000000000e+00) (0, 0, 0.00000000000000000000e+00) (0, 0, 0.00000000000000000000e+00) (0, 0, 0.00000000000000000000e+00) (13, 6, 5.00000000000000000000e-01) (13, 6, 5.00000000000000000000e-01) (13, 6, 5.00000000000000000000e-01) (0, 6, 0.00000000000000000000e+00) (4, 4, 5.00000000000000000000e-01) (0, 4, 0.00000000000000000000e+00) 
connections (connected_to_neuron, weight)=(0, -3.20338819792938478415e+00) (1, -5.58008643393110154163e-02) (2, -5.44968089688842804996e-01) (3, 1.44467775158498379362e+00) (4, -2.66327608913772673205e+00) (5, -4.77571358333062412349e-01) (6, 8.44769896570948652936e+00) (7, -1.09006587492169657594e+01) (8, -1.33785260526859310914e+01) (9, 6.14787964042381940288e+00) (10, -4.90846956613172680228e-01) (11, 2.27423774222811214685e+00) (12, 3.21309222472972944029e-01) (0, -5.14803324325241007386e+00) (1, -3.35418992046422870246e+00) (2, -3.17426517856198442402e+00) (3, 1.19239859021098251191e+01) (4, 2.16167215964546599594e+00) (5, -3.57174507148744124763e+00) (6, -4.72854474920523770720e+00) (7, -2.35694697425335908392e+00) (8, 1.50593579404029354052e+00) (9, 6.22178091898768315104e+00) (10, -3.53840969317446907283e+00) (11, -9.62696843910688992985e-01) (12, 5.89498622324053567212e+00) (0, 2.80571056666538565239e+00) (1, 2.10883249533221350802e+00) (2, 2.04510411580865802961e+00) (3, 3.47485492972051934757e+00) (4, -4.26859968441772224049e-04) (5, 1.88802179278661252937e+00) (6, 1.22827023923452260945e+00) (7, 1.41531509678620270876e+00) (8, 6.29552592080559692000e-01) (9, 2.94675515333277715513e+00) (10, 1.94453986696305558546e+00) (11, 4.41647341333244014550e+00) (12, -3.32939812043600902314e+00) (13, -9.42906769756292106877e+00) (14, -9.87752681236822027699e+00) (15, 2.45935286086212734347e+01) (16, -2.02863936317806103915e+00) 
