FANN_FLO_2.1
num_layers=3
learning_rate=0.700000
connection_rate=1.000000
network_type=0
learning_momentum=0.000000
training_algorithm=2
train_error_function=1
train_stop_function=1
cascade_output_change_fraction=0.010000
quickprop_decay=-0.000100
quickprop_mu=1.750000
rprop_increase_factor=1.200000
rprop_decrease_factor=0.500000
rprop_delta_min=0.000000
rprop_delta_max=50.000000
rprop_delta_zero=0.100000
cascade_output_stagnation_epochs=12
cascade_candidate_change_fraction=0.010000
cascade_candidate_stagnation_epochs=12
cascade_max_out_epochs=150
cascade_min_out_epochs=50
cascade_max_cand_epochs=150
cascade_min_cand_epochs=50
cascade_num_candidate_groups=2
bit_fail_limit=1.00000000000000005551e-01
cascade_candidate_limit=1.00000000000000000000e+03
cascade_weight_multiplier=4.00000000000000022204e-01
cascade_activation_functions_count=10
cascade_activation_functions=3 5 7 8 10 11 14 15 16 17 
cascade_activation_steepnesses_count=4
cascade_activation_steepnesses=2.50000000000000000000e-01 5.00000000000000000000e-01 7.50000000000000000000e-01 1.00000000000000000000e+00 
layer_sizes=13 4 2 
scale_included=0
neurons (num_inputs, activation_function, activation_steepness)=(0, 0, 0.00000000000000000000e+00) (0, 0, 0.00000000000000000000e+00) (0, 0, 0.00000000000000000000e+00) (0, 0, 0.00000000000000000000e+00) (0, 0, 0.00000000000000000000e+00) (0, 0, 0.00000000000000000000e+00) (0, 0, 0.00000000000000000000e+00) (0, 0, 0.00000000000000000000e+00) (0, 0, 0.00000000000000000000e+00) (0, 0, 0.00000000000000000000e+00) (0, 0, 0.00000000000000000000e+00) (0, 0, 0.00000000000000000000e+00) (0, 0, 0.00000000000000000000e+00) (13, 6, 5.00000000000000000000e-01) (13, 6, 5.00000000000000000000e-01) (13, 6, 5.00000000000000000000e-01) (0, 6, 0.00000000000000000000e+00) (4, 4, 5.00000000000000000000e-01) (0, 4, 0.00000000000000000000e+00) 
connections (connected_to_neuron, weight)=(0, -2.27461587744715032500e+00) (1, 4.71442530520880165312e+00) (2, -3.56404739111802204565e-02) (3, -7.15729419519419485241e-01) (4, 4.76324195631468239043e+00) (5, -1.13419781872644148679e-01) (6, -7.34868321945185476451e-01) (7, -7.11803589393610769420e-01) (8, -7.34732125331873708873e-01) (9, -2.45204162249929025208e-03) (10, -3.12627069539468616099e+00) (11, -9.64576716242552811842e-01) (12, -6.66227020700688177257e-01) (0, -1.90512741344453928605e+00) (1, 2.07199288325788621989e+00) (2, -1.11603961513700999930e-03) (3, -3.23931959974563365989e-01) (4, 2.00126942785861139384e+00) (5, 2.10644086895514448532e-01) (6, -2.38440391668085976962e-01) (7, -1.85268078810964798020e-01) (8, -4.26096563744342571312e-01) (9, 1.59419586358729992170e-01) (10, -1.37329022556874891237e+00) (11, -1.24625090480182310060e+00) (12, -3.14217386352813488060e-01) (0, -5.82067391104082787479e-01) (1, 8.02287763691525546150e-01) (2, 3.74417701211559372787e-01) (3, -2.58706712403725114235e-03) (4, 7.93713475353102770882e-01) (5, 7.23946079483694049372e-01) (6, 1.09578795739535897469e-01) (7, 7.86587575705962049888e-02) (8, -2.76077652219332669858e-01) (9, 9.48017160883155157736e-02) (10, -4.12730470103524094139e-01) (11, -6.71744836694578850711e-01) (12, 3.69309315713362840139e-02) (13, 4.76689976670467796538e+00) (14, 1.88686612056972613516e+00) (15, 7.66584243780951801739e-01) (16, -1.04733890545201391298e+00) 
