FANN_FLO_2.1
num_layers=3
learning_rate=0.700000
connection_rate=1.000000
network_type=0
learning_momentum=0.000000
training_algorithm=2
train_error_function=1
train_stop_function=1
cascade_output_change_fraction=0.010000
quickprop_decay=-0.000100
quickprop_mu=1.750000
rprop_increase_factor=1.200000
rprop_decrease_factor=0.500000
rprop_delta_min=0.000000
rprop_delta_max=50.000000
rprop_delta_zero=0.100000
cascade_output_stagnation_epochs=12
cascade_candidate_change_fraction=0.010000
cascade_candidate_stagnation_epochs=12
cascade_max_out_epochs=150
cascade_min_out_epochs=50
cascade_max_cand_epochs=150
cascade_min_cand_epochs=50
cascade_num_candidate_groups=2
bit_fail_limit=1.00000000000000005551e-01
cascade_candidate_limit=1.00000000000000000000e+03
cascade_weight_multiplier=4.00000000000000022204e-01
cascade_activation_functions_count=10
cascade_activation_functions=3 5 7 8 10 11 14 15 16 17 
cascade_activation_steepnesses_count=4
cascade_activation_steepnesses=2.50000000000000000000e-01 5.00000000000000000000e-01 7.50000000000000000000e-01 1.00000000000000000000e+00 
layer_sizes=12 4 2 
scale_included=0
neurons (num_inputs, activation_function, activation_steepness)=(0, 0, 0.00000000000000000000e+00) (0, 0, 0.00000000000000000000e+00) (0, 0, 0.00000000000000000000e+00) (0, 0, 0.00000000000000000000e+00) (0, 0, 0.00000000000000000000e+00) (0, 0, 0.00000000000000000000e+00) (0, 0, 0.00000000000000000000e+00) (0, 0, 0.00000000000000000000e+00) (0, 0, 0.00000000000000000000e+00) (0, 0, 0.00000000000000000000e+00) (0, 0, 0.00000000000000000000e+00) (0, 0, 0.00000000000000000000e+00) (12, 6, 5.00000000000000000000e-01) (12, 6, 5.00000000000000000000e-01) (12, 6, 5.00000000000000000000e-01) (0, 6, 0.00000000000000000000e+00) (4, 4, 5.00000000000000000000e-01) (0, 4, 0.00000000000000000000e+00) 
connections (connected_to_neuron, weight)=(0, -1.90457454363459532942e+00) (1, 2.17809965583981846038e+00) (2, 1.64237458031110450385e+00) (3, -6.65068036685909524941e-01) (4, 1.04034092934171589206e+01) (5, -6.49800960360065715804e+00) (6, 5.77276470224213777982e+00) (7, -8.56653693312315445141e-01) (8, 1.33261536093525490010e+00) (9, 7.92992858867112193622e+00) (10, 1.43634360534817084876e+00) (11, -1.06319105132166633609e+01) (0, 1.88256202271571160267e+00) (1, -7.84392769147240631611e+00) (2, -9.09220982681040368334e+00) (3, -1.90437963818181033027e+00) (4, -5.65846544832178466322e+00) (5, -4.83978695139559800253e+00) (6, 1.73712715743722696971e+02) (7, -7.76606289840712804562e+00) (8, -8.84798261007623132457e+00) (9, -1.84597936542097640356e+00) (10, 2.34518590064024312625e+00) (11, 8.94855529729786347559e+00) (0, 3.81622854187127957815e+00) (1, 1.89375109620236425911e+00) (2, 1.12288536754516915517e-01) (3, 2.68210937705510799045e-01) (4, 1.50000000000000000000e+03) (5, -5.98102906272755262762e+02) (6, 5.72890785334582687938e+02) (7, -5.42005965281676822087e+02) (8, 1.10449820508413476539e+00) (9, 1.46718030308034985865e+03) (10, 1.46718030308034985865e+03) (11, 9.09261225325581901036e-03) (12, 6.97176917468797707755e+00) (13, -7.52446654905871792351e+00) (14, 6.52225591943950799845e+00) (15, -1.21589163197306437958e+00) 
