FANN_FLO_2.1
num_layers=3
learning_rate=0.700000
connection_rate=1.000000
network_type=0
learning_momentum=0.000000
training_algorithm=2
train_error_function=1
train_stop_function=1
cascade_output_change_fraction=0.010000
quickprop_decay=-0.000100
quickprop_mu=1.750000
rprop_increase_factor=1.200000
rprop_decrease_factor=0.500000
rprop_delta_min=0.000000
rprop_delta_max=50.000000
rprop_delta_zero=0.100000
cascade_output_stagnation_epochs=12
cascade_candidate_change_fraction=0.010000
cascade_candidate_stagnation_epochs=12
cascade_max_out_epochs=150
cascade_min_out_epochs=50
cascade_max_cand_epochs=150
cascade_min_cand_epochs=50
cascade_num_candidate_groups=2
bit_fail_limit=1.00000000000000005551e-01
cascade_candidate_limit=1.00000000000000000000e+03
cascade_weight_multiplier=4.00000000000000022204e-01
cascade_activation_functions_count=10
cascade_activation_functions=3 5 7 8 10 11 14 15 16 17 
cascade_activation_steepnesses_count=4
cascade_activation_steepnesses=2.50000000000000000000e-01 5.00000000000000000000e-01 7.50000000000000000000e-01 1.00000000000000000000e+00 
layer_sizes=8 4 2 
scale_included=0
neurons (num_inputs, activation_function, activation_steepness)=(0, 0, 0.00000000000000000000e+00) (0, 0, 0.00000000000000000000e+00) (0, 0, 0.00000000000000000000e+00) (0, 0, 0.00000000000000000000e+00) (0, 0, 0.00000000000000000000e+00) (0, 0, 0.00000000000000000000e+00) (0, 0, 0.00000000000000000000e+00) (0, 0, 0.00000000000000000000e+00) (8, 6, 5.00000000000000000000e-01) (8, 6, 5.00000000000000000000e-01) (8, 6, 5.00000000000000000000e-01) (0, 6, 0.00000000000000000000e+00) (4, 4, 5.00000000000000000000e-01) (0, 4, 0.00000000000000000000e+00) 
connections (connected_to_neuron, weight)=(0, -2.48827287164292654253e+00) (1, 2.00009585567931846839e+00) (2, 9.97192566573853911294e-01) (3, 7.23772802986705698913e+00) (4, 6.98677381058389057600e-01) (5, 1.68941117769619753020e+00) (6, -7.58681575340035663224e-01) (7, -2.35111452630771422534e+00) (0, -6.39467493762770677890e-01) (1, 2.01835978678542460329e+00) (2, 6.12473353690873301147e-01) (3, 7.91185316420959572348e-01) (4, 5.62153574810683287488e-01) (5, 9.08131878219114785367e-01) (6, -2.22834830534088285114e-01) (7, -8.52271719225498047834e-01) (0, 7.49605100785322076007e+00) (1, 9.89094525924985568111e+00) (2, 1.47399362486542950812e+00) (3, 9.76521109676399601263e-01) (4, -5.19362812224971648334e+00) (5, -3.41589995630410170335e+00) (6, -9.98060984130896278188e-01) (7, 3.89542705462549099238e+00) (8, 5.33828001407639529674e+00) (9, 1.04541391490282205012e+01) (10, -5.29130024720930158821e+00) (11, -2.01233232932095429391e+00) 
