FANN_FLO_2.1
num_layers=3
learning_rate=0.700000
connection_rate=1.000000
network_type=0
learning_momentum=0.000000
training_algorithm=2
train_error_function=1
train_stop_function=1
cascade_output_change_fraction=0.010000
quickprop_decay=-0.000100
quickprop_mu=1.750000
rprop_increase_factor=1.200000
rprop_decrease_factor=0.500000
rprop_delta_min=0.000000
rprop_delta_max=50.000000
rprop_delta_zero=0.100000
cascade_output_stagnation_epochs=12
cascade_candidate_change_fraction=0.010000
cascade_candidate_stagnation_epochs=12
cascade_max_out_epochs=150
cascade_min_out_epochs=50
cascade_max_cand_epochs=150
cascade_min_cand_epochs=50
cascade_num_candidate_groups=2
bit_fail_limit=1.00000000000000005551e-01
cascade_candidate_limit=1.00000000000000000000e+03
cascade_weight_multiplier=4.00000000000000022204e-01
cascade_activation_functions_count=10
cascade_activation_functions=3 5 7 8 10 11 14 15 16 17 
cascade_activation_steepnesses_count=4
cascade_activation_steepnesses=2.50000000000000000000e-01 5.00000000000000000000e-01 7.50000000000000000000e-01 1.00000000000000000000e+00 
layer_sizes=18 4 2 
scale_included=0
neurons (num_inputs, activation_function, activation_steepness)=(0, 0, 0.00000000000000000000e+00) (0, 0, 0.00000000000000000000e+00) (0, 0, 0.00000000000000000000e+00) (0, 0, 0.00000000000000000000e+00) (0, 0, 0.00000000000000000000e+00) (0, 0, 0.00000000000000000000e+00) (0, 0, 0.00000000000000000000e+00) (0, 0, 0.00000000000000000000e+00) (0, 0, 0.00000000000000000000e+00) (0, 0, 0.00000000000000000000e+00) (0, 0, 0.00000000000000000000e+00) (0, 0, 0.00000000000000000000e+00) (0, 0, 0.00000000000000000000e+00) (0, 0, 0.00000000000000000000e+00) (0, 0, 0.00000000000000000000e+00) (0, 0, 0.00000000000000000000e+00) (0, 0, 0.00000000000000000000e+00) (0, 0, 0.00000000000000000000e+00) (18, 6, 5.00000000000000000000e-01) (18, 6, 5.00000000000000000000e-01) (18, 6, 5.00000000000000000000e-01) (0, 6, 0.00000000000000000000e+00) (4, 4, 5.00000000000000000000e-01) (0, 4, 0.00000000000000000000e+00) 
connections (connected_to_neuron, weight)=(0, 3.83201762388932642978e+00) (1, 1.36869857949566275934e+00) (2, 5.71989506927579660633e-01) (3, -1.37043974223112319244e+00) (4, 1.57213685174413022594e+01) (5, 1.70359048639627914667e+01) (6, -7.30141894097124719565e+01) (7, -3.10263183813871670225e+01) (8, -2.75583372696735073859e+00) (9, 1.66210373901229715443e+01) (10, -2.33238570151595716595e+01) (11, 1.57675596473392563013e+01) (12, 1.57962292233826584464e+01) (13, 8.15325920542312765349e+00) (14, 7.96904500843846186342e+00) (15, 1.28814504403914810382e+02) (16, 1.09516485163227883959e+02) (17, 4.54130028921745105414e-03) (0, -8.77670046927637237388e+00) (1, -8.84294308569724907265e-01) (2, -2.55704829128609389954e+00) (3, -3.62408520033811099026e+00) (4, 1.23476996391316840018e+00) (5, 2.06088825222265725756e+01) (6, -1.12324294183100392708e+00) (7, -2.14108023760348320508e-01) (8, -1.65775572964761575001e+00) (9, 1.85369628449478334176e+01) (10, -5.73153532818842847973e+00) (11, 1.28576915461898311221e+00) (12, 1.23545188122246041296e+00) (13, 4.29571277119436913949e+01) (14, 4.30314617017328586712e+01) (15, -4.59227623966845843739e+00) (16, -6.78428244576799843735e-01) (17, -2.24027199191574144521e+00) (0, -1.59965518687044774282e+01) (1, 2.77157818735401018095e-01) (2, 1.48462098416585822069e-02) (3, 1.75361146739873186018e-01) (4, 2.92516381269402270249e-01) (5, -1.05363714599379165726e+00) (6, 8.99350749136886284951e-01) (7, 1.08822119961762120433e+00) (8, -2.35396187670920520318e+00) (9, -2.90983549710009448130e-01) (10, 2.98702064808297818033e+00) (11, 2.86821145207824090839e-01) (12, 2.91448354530767950177e-01) (13, -3.87530028627670564134e+00) (14, -4.33463534036608333366e+00) (15, 7.00230885543286829531e-01) (16, -2.05603651900174155820e-01) (17, 1.44180847195653472070e+00) (18, -1.57413776181593814130e+01) (19, 2.29784745641792120807e+01) (20, 1.48010238072876603610e+02) (21, -2.45884395242027431472e-01) 
