FANN_FLO_2.1
num_layers=3
learning_rate=0.700000
connection_rate=1.000000
network_type=0
learning_momentum=0.000000
training_algorithm=2
train_error_function=1
train_stop_function=1
cascade_output_change_fraction=0.010000
quickprop_decay=-0.000100
quickprop_mu=1.750000
rprop_increase_factor=1.200000
rprop_decrease_factor=0.500000
rprop_delta_min=0.000000
rprop_delta_max=50.000000
rprop_delta_zero=0.100000
cascade_output_stagnation_epochs=12
cascade_candidate_change_fraction=0.010000
cascade_candidate_stagnation_epochs=12
cascade_max_out_epochs=150
cascade_min_out_epochs=50
cascade_max_cand_epochs=150
cascade_min_cand_epochs=50
cascade_num_candidate_groups=2
bit_fail_limit=1.00000000000000005551e-01
cascade_candidate_limit=1.00000000000000000000e+03
cascade_weight_multiplier=4.00000000000000022204e-01
cascade_activation_functions_count=10
cascade_activation_functions=3 5 7 8 10 11 14 15 16 17 
cascade_activation_steepnesses_count=4
cascade_activation_steepnesses=2.50000000000000000000e-01 5.00000000000000000000e-01 7.50000000000000000000e-01 1.00000000000000000000e+00 
layer_sizes=11 4 2 
scale_included=0
neurons (num_inputs, activation_function, activation_steepness)=(0, 0, 0.00000000000000000000e+00) (0, 0, 0.00000000000000000000e+00) (0, 0, 0.00000000000000000000e+00) (0, 0, 0.00000000000000000000e+00) (0, 0, 0.00000000000000000000e+00) (0, 0, 0.00000000000000000000e+00) (0, 0, 0.00000000000000000000e+00) (0, 0, 0.00000000000000000000e+00) (0, 0, 0.00000000000000000000e+00) (0, 0, 0.00000000000000000000e+00) (0, 0, 0.00000000000000000000e+00) (11, 6, 5.00000000000000000000e-01) (11, 6, 5.00000000000000000000e-01) (11, 6, 5.00000000000000000000e-01) (0, 6, 0.00000000000000000000e+00) (4, 4, 5.00000000000000000000e-01) (0, 4, 0.00000000000000000000e+00) 
connections (connected_to_neuron, weight)=(0, -2.15025745896923003997e+00) (1, 6.36101243742596467179e-01) (2, 7.32149491279467379279e-01) (3, 2.29458701711258178380e-01) (4, -2.14896642608868537749e+00) (5, -3.19265149214991383886e-01) (6, 6.87690757718546819000e-01) (7, 1.02697345292983126253e-02) (8, 7.86986987505276402999e-01) (9, -1.95931385338796815176e+00) (10, 3.07743464530490506981e-02) (0, -2.79732232501215838383e+00) (1, 1.17221376735439153371e+00) (2, 1.43614977236316687659e+00) (3, -3.15914941136022364709e-03) (4, -2.89471682121462725590e+00) (5, -2.11089625639064110141e-01) (6, 1.59278654433400856938e+00) (7, -1.70067604508250841411e-01) (8, 1.33248168687363022222e+00) (9, -1.72096145730845462296e+00) (10, -2.35471814555270525515e-01) (0, 3.02950437634361335881e+00) (1, -1.94650333759830829194e+00) (2, -3.14165271306733417944e+00) (3, -4.71512915378165031743e-01) (4, 2.94095649837625572331e+00) (5, 4.33602383931285195739e-01) (6, -3.40461899610718665699e+00) (7, -1.86477475363800354602e-01) (8, -2.24536550964212544557e+00) (9, 3.29415866169118398687e+00) (10, 2.02993932016046718658e+00) (11, 1.19867116084966998102e+01) (12, 1.23240182994590181664e+01) (13, -3.16649599243514812130e+00) (14, -7.56788439688745873113e-01) 
