FANN_FLO_2.1
num_layers=3
learning_rate=0.700000
connection_rate=1.000000
network_type=0
learning_momentum=0.000000
training_algorithm=2
train_error_function=1
train_stop_function=1
cascade_output_change_fraction=0.010000
quickprop_decay=-0.000100
quickprop_mu=1.750000
rprop_increase_factor=1.200000
rprop_decrease_factor=0.500000
rprop_delta_min=0.000000
rprop_delta_max=50.000000
rprop_delta_zero=0.100000
cascade_output_stagnation_epochs=12
cascade_candidate_change_fraction=0.010000
cascade_candidate_stagnation_epochs=12
cascade_max_out_epochs=150
cascade_min_out_epochs=50
cascade_max_cand_epochs=150
cascade_min_cand_epochs=50
cascade_num_candidate_groups=2
bit_fail_limit=1.00000000000000005551e-01
cascade_candidate_limit=1.00000000000000000000e+03
cascade_weight_multiplier=4.00000000000000022204e-01
cascade_activation_functions_count=10
cascade_activation_functions=3 5 7 8 10 11 14 15 16 17 
cascade_activation_steepnesses_count=4
cascade_activation_steepnesses=2.50000000000000000000e-01 5.00000000000000000000e-01 7.50000000000000000000e-01 1.00000000000000000000e+00 
layer_sizes=11 4 2 
scale_included=0
neurons (num_inputs, activation_function, activation_steepness)=(0, 0, 0.00000000000000000000e+00) (0, 0, 0.00000000000000000000e+00) (0, 0, 0.00000000000000000000e+00) (0, 0, 0.00000000000000000000e+00) (0, 0, 0.00000000000000000000e+00) (0, 0, 0.00000000000000000000e+00) (0, 0, 0.00000000000000000000e+00) (0, 0, 0.00000000000000000000e+00) (0, 0, 0.00000000000000000000e+00) (0, 0, 0.00000000000000000000e+00) (0, 0, 0.00000000000000000000e+00) (11, 6, 5.00000000000000000000e-01) (11, 6, 5.00000000000000000000e-01) (11, 6, 5.00000000000000000000e-01) (0, 6, 0.00000000000000000000e+00) (4, 4, 5.00000000000000000000e-01) (0, 4, 0.00000000000000000000e+00) 
connections (connected_to_neuron, weight)=(0, -1.06415194304396254488e+00) (1, 2.74543236829623937822e+00) (2, -3.17701572554916211732e-01) (3, 2.49187484005038584201e+00) (4, -6.91706973969597527230e+00) (5, 4.73333425641870142453e-01) (6, 6.40717282646673658153e-02) (7, -1.11858071411274073714e-01) (8, -3.79719823843460979607e-02) (9, 6.27856076429017181950e-03) (10, -5.24118244271420952174e-01) (0, -7.71546143781361992708e-01) (1, 1.23276694643258744044e+00) (2, 9.99341411176715432862e-02) (3, 1.06538992581898583900e+00) (4, -2.79740391811014710299e+00) (5, 1.34827462343566378822e-01) (6, 4.52707473736076032589e-02) (7, 6.21446211438445583752e-02) (8, 6.39462460379867092541e-02) (9, -8.39515833146203815929e-02) (10, -1.86322946477264911325e-01) (0, -8.27138967554984505526e-01) (1, 1.22130050289392166896e+00) (2, 1.05853783864120060132e-01) (3, 1.14523980973297967445e+00) (4, -2.86658443649889527194e+00) (5, 5.42443819736330601344e-01) (6, 2.25591872434882795284e-02) (7, 7.65975554089812771252e-02) (8, 1.12001596818473769801e-01) (9, 6.71686882191073059145e-02) (10, -1.55619759488434372674e-01) (11, 9.77814452451728932658e+00) (12, 9.70519245106892913810e-01) (13, 9.90634486515240997306e-01) (14, -2.16172875283858623163e+00) 
