FANN_FLO_2.1
num_layers=3
learning_rate=0.700000
connection_rate=1.000000
network_type=0
learning_momentum=0.000000
training_algorithm=2
train_error_function=1
train_stop_function=1
cascade_output_change_fraction=0.010000
quickprop_decay=-0.000100
quickprop_mu=1.750000
rprop_increase_factor=1.200000
rprop_decrease_factor=0.500000
rprop_delta_min=0.000000
rprop_delta_max=50.000000
rprop_delta_zero=0.100000
cascade_output_stagnation_epochs=12
cascade_candidate_change_fraction=0.010000
cascade_candidate_stagnation_epochs=12
cascade_max_out_epochs=150
cascade_min_out_epochs=50
cascade_max_cand_epochs=150
cascade_min_cand_epochs=50
cascade_num_candidate_groups=2
bit_fail_limit=1.00000000000000005551e-01
cascade_candidate_limit=1.00000000000000000000e+03
cascade_weight_multiplier=4.00000000000000022204e-01
cascade_activation_functions_count=10
cascade_activation_functions=3 5 7 8 10 11 14 15 16 17 
cascade_activation_steepnesses_count=4
cascade_activation_steepnesses=2.50000000000000000000e-01 5.00000000000000000000e-01 7.50000000000000000000e-01 1.00000000000000000000e+00 
layer_sizes=7 4 2 
scale_included=0
neurons (num_inputs, activation_function, activation_steepness)=(0, 0, 0.00000000000000000000e+00) (0, 0, 0.00000000000000000000e+00) (0, 0, 0.00000000000000000000e+00) (0, 0, 0.00000000000000000000e+00) (0, 0, 0.00000000000000000000e+00) (0, 0, 0.00000000000000000000e+00) (0, 0, 0.00000000000000000000e+00) (7, 6, 5.00000000000000000000e-01) (7, 6, 5.00000000000000000000e-01) (7, 6, 5.00000000000000000000e-01) (0, 6, 0.00000000000000000000e+00) (4, 4, 5.00000000000000000000e-01) (0, 4, 0.00000000000000000000e+00) 
connections (connected_to_neuron, weight)=(0, 5.40594364929848636425e-04) (1, -2.19674743660475968454e+00) (2, 2.46752203232208948691e+01) (3, 1.77447331126074803187e+00) (4, -1.47903486304833475806e+00) (5, 2.38495927244523215904e+01) (6, 1.80978635500079043652e+00) (0, 1.82551283515877238450e-01) (1, 7.04086724685017428804e-01) (2, 9.17951597557731702182e+01) (3, 4.12524189888310965912e-01) (4, 1.42286169169870269080e+00) (5, 9.18058652268119885775e+01) (6, -3.12841335450849189481e-01) (0, 3.57802307734914670778e-01) (1, 1.44808287020751080831e+00) (2, 4.55069235771468925122e+02) (3, -2.81264946521742553731e-01) (4, 1.75457109017446710730e+00) (5, 4.55029839202336120252e+02) (6, -1.07850288999943866308e+00) (7, -4.50752877976063093257e+00) (8, 1.53816664555467164099e+00) (9, 9.61554934811053030330e+00) (10, -4.59368342762369430421e-01) 
