FANN_FLO_2.1
num_layers=3
learning_rate=0.700000
connection_rate=1.000000
network_type=0
learning_momentum=0.000000
training_algorithm=2
train_error_function=1
train_stop_function=1
cascade_output_change_fraction=0.010000
quickprop_decay=-0.000100
quickprop_mu=1.750000
rprop_increase_factor=1.200000
rprop_decrease_factor=0.500000
rprop_delta_min=0.000000
rprop_delta_max=50.000000
rprop_delta_zero=0.100000
cascade_output_stagnation_epochs=12
cascade_candidate_change_fraction=0.010000
cascade_candidate_stagnation_epochs=12
cascade_max_out_epochs=150
cascade_min_out_epochs=50
cascade_max_cand_epochs=150
cascade_min_cand_epochs=50
cascade_num_candidate_groups=2
bit_fail_limit=1.00000000000000005551e-01
cascade_candidate_limit=1.00000000000000000000e+03
cascade_weight_multiplier=4.00000000000000022204e-01
cascade_activation_functions_count=10
cascade_activation_functions=3 5 7 8 10 11 14 15 16 17 
cascade_activation_steepnesses_count=4
cascade_activation_steepnesses=2.50000000000000000000e-01 5.00000000000000000000e-01 7.50000000000000000000e-01 1.00000000000000000000e+00 
layer_sizes=10 4 2 
scale_included=0
neurons (num_inputs, activation_function, activation_steepness)=(0, 0, 0.00000000000000000000e+00) (0, 0, 0.00000000000000000000e+00) (0, 0, 0.00000000000000000000e+00) (0, 0, 0.00000000000000000000e+00) (0, 0, 0.00000000000000000000e+00) (0, 0, 0.00000000000000000000e+00) (0, 0, 0.00000000000000000000e+00) (0, 0, 0.00000000000000000000e+00) (0, 0, 0.00000000000000000000e+00) (0, 0, 0.00000000000000000000e+00) (10, 6, 5.00000000000000000000e-01) (10, 6, 5.00000000000000000000e-01) (10, 6, 5.00000000000000000000e-01) (0, 6, 0.00000000000000000000e+00) (4, 4, 5.00000000000000000000e-01) (0, 4, 0.00000000000000000000e+00) 
connections (connected_to_neuron, weight)=(0, -1.10362206863708761650e-02) (1, 5.85040572275843295813e+00) (2, -3.61601883940633195280e-01) (3, 1.42248522026336338131e-01) (4, -3.20129642658170121550e-01) (5, -9.45412281973167401006e-01) (6, 6.75640222726082262383e-01) (7, -9.43389534532825368984e-01) (8, 5.79637866457428607703e+00) (9, -5.79551652712943843326e-01) (0, 5.70575289012741015959e-01) (1, -3.72070595692715855307e+00) (2, 6.78854656471563511211e-01) (3, -8.77945177645256119581e-02) (4, 7.62620103611303279401e-01) (5, -1.01063584575133522114e-01) (6, -6.84554655261536415534e-03) (7, 6.46118159670734493183e-01) (8, -3.71946336772165508933e+00) (9, 6.97552525504184894878e-01) (0, 4.20185904534410514799e-01) (1, -3.77301715012512417502e+00) (2, 8.15728624417139003278e-01) (3, -1.88163941392379019391e-01) (4, 8.21620886279893825055e-01) (5, -1.55642611572222921978e-01) (6, -1.48886682131962988507e-01) (7, 7.05928427233053379375e-01) (8, -3.69241321530065746970e+00) (9, 7.43148122979951808453e-01) (10, 1.91365801347222430628e+00) (11, -5.85996026163425121069e+00) (12, -5.89359705885376605750e+00) (13, -3.76289843045409577726e-01) 
