FANN_FLO_2.1
num_layers=3
learning_rate=0.700000
connection_rate=1.000000
network_type=0
learning_momentum=0.000000
training_algorithm=2
train_error_function=1
train_stop_function=1
cascade_output_change_fraction=0.010000
quickprop_decay=-0.000100
quickprop_mu=1.750000
rprop_increase_factor=1.200000
rprop_decrease_factor=0.500000
rprop_delta_min=0.000000
rprop_delta_max=50.000000
rprop_delta_zero=0.100000
cascade_output_stagnation_epochs=12
cascade_candidate_change_fraction=0.010000
cascade_candidate_stagnation_epochs=12
cascade_max_out_epochs=150
cascade_min_out_epochs=50
cascade_max_cand_epochs=150
cascade_min_cand_epochs=50
cascade_num_candidate_groups=2
bit_fail_limit=1.00000000000000005551e-01
cascade_candidate_limit=1.00000000000000000000e+03
cascade_weight_multiplier=4.00000000000000022204e-01
cascade_activation_functions_count=10
cascade_activation_functions=3 5 7 8 10 11 14 15 16 17 
cascade_activation_steepnesses_count=4
cascade_activation_steepnesses=2.50000000000000000000e-01 5.00000000000000000000e-01 7.50000000000000000000e-01 1.00000000000000000000e+00 
layer_sizes=10 4 2 
scale_included=0
neurons (num_inputs, activation_function, activation_steepness)=(0, 0, 0.00000000000000000000e+00) (0, 0, 0.00000000000000000000e+00) (0, 0, 0.00000000000000000000e+00) (0, 0, 0.00000000000000000000e+00) (0, 0, 0.00000000000000000000e+00) (0, 0, 0.00000000000000000000e+00) (0, 0, 0.00000000000000000000e+00) (0, 0, 0.00000000000000000000e+00) (0, 0, 0.00000000000000000000e+00) (0, 0, 0.00000000000000000000e+00) (10, 6, 5.00000000000000000000e-01) (10, 6, 5.00000000000000000000e-01) (10, 6, 5.00000000000000000000e-01) (0, 6, 0.00000000000000000000e+00) (4, 4, 5.00000000000000000000e-01) (0, 4, 0.00000000000000000000e+00) 
connections (connected_to_neuron, weight)=(0, -7.17564144402035641868e-01) (1, 2.25695752632752411060e+00) (2, 3.76534199215145470863e-01) (3, -1.20271977408665312059e-01) (4, -1.28805857523220657068e-01) (5, -5.32035287812673174379e-01) (6, -4.11574885956733416137e-01) (7, -3.55862037054984703399e-01) (8, -2.34411388469333292761e-02) (9, -2.21085473587453007482e-01) (0, 2.18676310368511961357e+00) (1, -3.45750401869869028459e+00) (2, 1.51523822780841144198e-01) (3, 6.76726970486195789078e-01) (4, 1.18764302637485918979e+00) (5, 1.94110426884185316432e+00) (6, 1.02599263316242050870e+00) (7, 1.03708791857806992276e+00) (8, 3.59842160898106278033e-01) (9, 1.09324813000923892758e+00) (0, -8.12793717949875871298e-01) (1, 2.21049237531558029346e+00) (2, 6.31707218464687025872e-01) (3, -6.93342875678716885623e-02) (4, -2.27353188426924507359e-01) (5, -5.35606053069554888246e-01) (6, -3.12519193403213213500e-01) (7, -3.44577939025848045684e-01) (8, -2.53825023494355983544e-01) (9, -2.16016232659756779455e-01) (10, 2.28074774939516400352e+00) (11, -9.72250222876315817189e+00) (12, 2.26483002353409146323e+00) (13, -3.04478415189607387603e+00) 
