FANN_FLO_2.1
num_layers=3
learning_rate=0.700000
connection_rate=1.000000
network_type=0
learning_momentum=0.000000
training_algorithm=2
train_error_function=1
train_stop_function=1
cascade_output_change_fraction=0.010000
quickprop_decay=-0.000100
quickprop_mu=1.750000
rprop_increase_factor=1.200000
rprop_decrease_factor=0.500000
rprop_delta_min=0.000000
rprop_delta_max=50.000000
rprop_delta_zero=0.100000
cascade_output_stagnation_epochs=12
cascade_candidate_change_fraction=0.010000
cascade_candidate_stagnation_epochs=12
cascade_max_out_epochs=150
cascade_min_out_epochs=50
cascade_max_cand_epochs=150
cascade_min_cand_epochs=50
cascade_num_candidate_groups=2
bit_fail_limit=1.00000000000000005551e-01
cascade_candidate_limit=1.00000000000000000000e+03
cascade_weight_multiplier=4.00000000000000022204e-01
cascade_activation_functions_count=10
cascade_activation_functions=3 5 7 8 10 11 14 15 16 17 
cascade_activation_steepnesses_count=4
cascade_activation_steepnesses=2.50000000000000000000e-01 5.00000000000000000000e-01 7.50000000000000000000e-01 1.00000000000000000000e+00 
layer_sizes=6 4 2 
scale_included=0
neurons (num_inputs, activation_function, activation_steepness)=(0, 0, 0.00000000000000000000e+00) (0, 0, 0.00000000000000000000e+00) (0, 0, 0.00000000000000000000e+00) (0, 0, 0.00000000000000000000e+00) (0, 0, 0.00000000000000000000e+00) (0, 0, 0.00000000000000000000e+00) (6, 6, 5.00000000000000000000e-01) (6, 6, 5.00000000000000000000e-01) (6, 6, 5.00000000000000000000e-01) (0, 6, 0.00000000000000000000e+00) (4, 4, 5.00000000000000000000e-01) (0, 4, 0.00000000000000000000e+00) 
connections (connected_to_neuron, weight)=(0, 5.40520518519941317592e-01) (1, -5.91872544989575866126e-01) (2, -4.93731592776706917913e-01) (3, -1.85204123598102961268e-02) (4, -7.48180201172102377072e-01) (5, 7.51204821228135810607e-01) (0, -1.36232596392510285632e+00) (1, 9.72024210778068331607e-01) (2, 2.17369882230703481696e+00) (3, 8.32238694672800205510e-01) (4, 1.22106270908131087083e+00) (5, -1.60230439845771965857e+00) (0, 5.37091299393239962612e-01) (1, -5.02694951400746603554e-01) (2, -7.09156265377272054806e-01) (3, 1.09488195415162692381e-01) (4, -6.85599347471464448667e-01) (5, 7.87357385217298255675e-01) (6, -2.10919943842797934508e+01) (7, 3.35708330211455230341e+00) (8, -9.14376028903257491720e+01) (9, -3.20401396868815746544e+00) 
