FANN_FLO_2.1
num_layers=3
learning_rate=0.700000
connection_rate=1.000000
network_type=0
learning_momentum=0.000000
training_algorithm=2
train_error_function=1
train_stop_function=1
cascade_output_change_fraction=0.010000
quickprop_decay=-0.000100
quickprop_mu=1.750000
rprop_increase_factor=1.200000
rprop_decrease_factor=0.500000
rprop_delta_min=0.000000
rprop_delta_max=50.000000
rprop_delta_zero=0.100000
cascade_output_stagnation_epochs=12
cascade_candidate_change_fraction=0.010000
cascade_candidate_stagnation_epochs=12
cascade_max_out_epochs=150
cascade_min_out_epochs=50
cascade_max_cand_epochs=150
cascade_min_cand_epochs=50
cascade_num_candidate_groups=2
bit_fail_limit=1.00000000000000005551e-01
cascade_candidate_limit=1.00000000000000000000e+03
cascade_weight_multiplier=4.00000000000000022204e-01
cascade_activation_functions_count=10
cascade_activation_functions=3 5 7 8 10 11 14 15 16 17 
cascade_activation_steepnesses_count=4
cascade_activation_steepnesses=2.50000000000000000000e-01 5.00000000000000000000e-01 7.50000000000000000000e-01 1.00000000000000000000e+00 
layer_sizes=10 4 2 
scale_included=0
neurons (num_inputs, activation_function, activation_steepness)=(0, 0, 0.00000000000000000000e+00) (0, 0, 0.00000000000000000000e+00) (0, 0, 0.00000000000000000000e+00) (0, 0, 0.00000000000000000000e+00) (0, 0, 0.00000000000000000000e+00) (0, 0, 0.00000000000000000000e+00) (0, 0, 0.00000000000000000000e+00) (0, 0, 0.00000000000000000000e+00) (0, 0, 0.00000000000000000000e+00) (0, 0, 0.00000000000000000000e+00) (10, 6, 5.00000000000000000000e-01) (10, 6, 5.00000000000000000000e-01) (10, 6, 5.00000000000000000000e-01) (0, 6, 0.00000000000000000000e+00) (4, 4, 5.00000000000000000000e-01) (0, 4, 0.00000000000000000000e+00) 
connections (connected_to_neuron, weight)=(0, -1.55211378258361198945e+00) (1, 1.11991494493541221544e+00) (2, 3.44553972901926863770e+00) (3, -1.39036620728241122613e+00) (4, 5.64215325643559917346e-01) (5, 1.38343991225284346225e-01) (6, 3.92829201552228424177e+00) (7, 8.67931037035444941097e-01) (8, 7.28874906536300382065e-01) (9, -1.44050069307649764028e+00) (0, 2.88451979579354134131e+00) (1, -3.12213290672179422103e+00) (2, -2.89988978688929766037e+00) (3, 2.18254867901778260020e+00) (4, -9.48731241911400458022e-01) (5, 2.72571648243172037773e-01) (6, -2.70450453911802934925e+00) (7, 2.38431652042236796873e+00) (8, -2.15094459653085157136e-01) (9, 2.83179620923424568701e+00) (0, 4.79263126134740924389e-01) (1, -4.47426870656735531373e-01) (2, -9.86411642687358702908e-01) (3, 3.89822220900311100511e-01) (4, -2.86614704326124958289e-02) (5, -9.64228391470976359257e-02) (6, -7.96057379715711777024e-01) (7, 1.46172570990680372738e-01) (8, 1.12730848820960044554e-01) (9, 4.15803598383266082017e-01) (10, 5.06619102109393359967e+00) (11, -1.34722456341342784469e+01) (12, -1.27640970205354409295e+00) (13, -1.76606113340324144545e+00) 
