FANN_FLO_2.1
num_layers=3
learning_rate=0.700000
connection_rate=1.000000
network_type=0
learning_momentum=0.000000
training_algorithm=2
train_error_function=1
train_stop_function=1
cascade_output_change_fraction=0.010000
quickprop_decay=-0.000100
quickprop_mu=1.750000
rprop_increase_factor=1.200000
rprop_decrease_factor=0.500000
rprop_delta_min=0.000000
rprop_delta_max=50.000000
rprop_delta_zero=0.100000
cascade_output_stagnation_epochs=12
cascade_candidate_change_fraction=0.010000
cascade_candidate_stagnation_epochs=12
cascade_max_out_epochs=150
cascade_min_out_epochs=50
cascade_max_cand_epochs=150
cascade_min_cand_epochs=50
cascade_num_candidate_groups=2
bit_fail_limit=1.00000000000000005551e-01
cascade_candidate_limit=1.00000000000000000000e+03
cascade_weight_multiplier=4.00000000000000022204e-01
cascade_activation_functions_count=10
cascade_activation_functions=3 5 7 8 10 11 14 15 16 17 
cascade_activation_steepnesses_count=4
cascade_activation_steepnesses=2.50000000000000000000e-01 5.00000000000000000000e-01 7.50000000000000000000e-01 1.00000000000000000000e+00 
layer_sizes=8 4 2 
scale_included=0
neurons (num_inputs, activation_function, activation_steepness)=(0, 0, 0.00000000000000000000e+00) (0, 0, 0.00000000000000000000e+00) (0, 0, 0.00000000000000000000e+00) (0, 0, 0.00000000000000000000e+00) (0, 0, 0.00000000000000000000e+00) (0, 0, 0.00000000000000000000e+00) (0, 0, 0.00000000000000000000e+00) (0, 0, 0.00000000000000000000e+00) (8, 6, 5.00000000000000000000e-01) (8, 6, 5.00000000000000000000e-01) (8, 6, 5.00000000000000000000e-01) (0, 6, 0.00000000000000000000e+00) (4, 4, 5.00000000000000000000e-01) (0, 4, 0.00000000000000000000e+00) 
connections (connected_to_neuron, weight)=(0, 1.49032633131924330261e-01) (1, -7.29754712770571956071e+00) (2, -4.80794746565079811340e-01) (3, -4.15675179782363790615e-02) (4, -3.84862634059186925484e+00) (5, 1.82846861112840719521e+00) (6, 1.91846123949932584329e-01) (7, 2.01300408152675958107e+00) (0, 3.00838371799856529876e+00) (1, 2.37165821060644477214e+00) (2, 1.14041423176894629599e+00) (3, 1.40864993058930276781e+00) (4, -4.73158465971008723727e+00) (5, -1.64337282097473358355e+00) (6, 2.39090932804560551972e+00) (7, 3.50008172137993378570e+00) (0, -1.61818436553209710205e+00) (1, 2.57465256327850156026e+00) (2, 2.38845805937794475327e+00) (3, 4.45993665811261674747e+00) (4, -5.49614673255153340925e-01) (5, 9.05415462959170547208e+00) (6, -1.18755983558499833563e+00) (7, -3.57217569267548729073e+00) (8, -4.63679295197877294754e+00) (9, -2.80554110506929355040e+00) (10, 7.16163835053418207366e+00) (11, -2.93027819776270659347e+00) 
