FANN_FLO_2.1
num_layers=3
learning_rate=0.700000
connection_rate=1.000000
network_type=0
learning_momentum=0.000000
training_algorithm=2
train_error_function=1
train_stop_function=1
cascade_output_change_fraction=0.010000
quickprop_decay=-0.000100
quickprop_mu=1.750000
rprop_increase_factor=1.200000
rprop_decrease_factor=0.500000
rprop_delta_min=0.000000
rprop_delta_max=50.000000
rprop_delta_zero=0.100000
cascade_output_stagnation_epochs=12
cascade_candidate_change_fraction=0.010000
cascade_candidate_stagnation_epochs=12
cascade_max_out_epochs=150
cascade_min_out_epochs=50
cascade_max_cand_epochs=150
cascade_min_cand_epochs=50
cascade_num_candidate_groups=2
bit_fail_limit=1.00000000000000005551e-01
cascade_candidate_limit=1.00000000000000000000e+03
cascade_weight_multiplier=4.00000000000000022204e-01
cascade_activation_functions_count=10
cascade_activation_functions=3 5 7 8 10 11 14 15 16 17 
cascade_activation_steepnesses_count=4
cascade_activation_steepnesses=2.50000000000000000000e-01 5.00000000000000000000e-01 7.50000000000000000000e-01 1.00000000000000000000e+00 
layer_sizes=12 4 2 
scale_included=0
neurons (num_inputs, activation_function, activation_steepness)=(0, 0, 0.00000000000000000000e+00) (0, 0, 0.00000000000000000000e+00) (0, 0, 0.00000000000000000000e+00) (0, 0, 0.00000000000000000000e+00) (0, 0, 0.00000000000000000000e+00) (0, 0, 0.00000000000000000000e+00) (0, 0, 0.00000000000000000000e+00) (0, 0, 0.00000000000000000000e+00) (0, 0, 0.00000000000000000000e+00) (0, 0, 0.00000000000000000000e+00) (0, 0, 0.00000000000000000000e+00) (0, 0, 0.00000000000000000000e+00) (12, 6, 5.00000000000000000000e-01) (12, 6, 5.00000000000000000000e-01) (12, 6, 5.00000000000000000000e-01) (0, 6, 0.00000000000000000000e+00) (4, 4, 5.00000000000000000000e-01) (0, 4, 0.00000000000000000000e+00) 
connections (connected_to_neuron, weight)=(0, -2.39381043735110932147e-01) (1, 9.59192935830681214782e-01) (2, 8.12551024039198099835e-01) (3, 9.13933702046999751900e-01) (4, 3.41584935683925394745e-01) (5, 1.09384726022180980842e-01) (6, 4.60712460958267400191e-01) (7, 4.04985082671123042264e-01) (8, 1.30673632601426947808e-01) (9, 5.32336372331394080959e-01) (10, 3.22341231179190612632e-01) (11, -2.33914985075677310522e-02) (0, 1.87305466432324596582e+00) (1, -1.01522093941169844200e+00) (2, -3.67658746798951108214e-01) (3, -4.20163194318038113462e-01) (4, -1.22758788936099136335e-01) (5, 6.56338227426394860142e-02) (6, -1.48279063076787648301e-01) (7, -3.75665572202260766854e-01) (8, 7.34979444408116744381e-03) (9, -2.19145475057238636740e-01) (10, -5.83819280270950341505e-02) (11, 2.24416318271893094893e-01) (0, -4.38921205165329197939e+00) (1, 2.01012176269629039282e+00) (2, 6.31692545036639074851e-01) (3, 3.09148778949424629658e+00) (4, -3.28189808697120721792e-01) (5, -4.73755954262262801713e-01) (6, 2.10102908067805049797e+00) (7, 1.44465299043094042020e+00) (8, 1.85616779801976394815e+00) (9, 1.13686162083912267740e+00) (10, 4.16888021180998769033e-01) (11, -1.73915710255661237760e+00) (12, 6.13715309755581417406e-02) (13, -2.64954575794131041988e+00) (14, 1.98088137763429621430e+01) (15, -3.39327445057614962565e+00) 
