FANN_FLO_2.1
num_layers=3
learning_rate=0.700000
connection_rate=1.000000
network_type=0
learning_momentum=0.000000
training_algorithm=2
train_error_function=1
train_stop_function=1
cascade_output_change_fraction=0.010000
quickprop_decay=-0.000100
quickprop_mu=1.750000
rprop_increase_factor=1.200000
rprop_decrease_factor=0.500000
rprop_delta_min=0.000000
rprop_delta_max=50.000000
rprop_delta_zero=0.100000
cascade_output_stagnation_epochs=12
cascade_candidate_change_fraction=0.010000
cascade_candidate_stagnation_epochs=12
cascade_max_out_epochs=150
cascade_min_out_epochs=50
cascade_max_cand_epochs=150
cascade_min_cand_epochs=50
cascade_num_candidate_groups=2
bit_fail_limit=1.00000000000000005551e-01
cascade_candidate_limit=1.00000000000000000000e+03
cascade_weight_multiplier=4.00000000000000022204e-01
cascade_activation_functions_count=10
cascade_activation_functions=3 5 7 8 10 11 14 15 16 17 
cascade_activation_steepnesses_count=4
cascade_activation_steepnesses=2.50000000000000000000e-01 5.00000000000000000000e-01 7.50000000000000000000e-01 1.00000000000000000000e+00 
layer_sizes=7 4 2 
scale_included=0
neurons (num_inputs, activation_function, activation_steepness)=(0, 0, 0.00000000000000000000e+00) (0, 0, 0.00000000000000000000e+00) (0, 0, 0.00000000000000000000e+00) (0, 0, 0.00000000000000000000e+00) (0, 0, 0.00000000000000000000e+00) (0, 0, 0.00000000000000000000e+00) (0, 0, 0.00000000000000000000e+00) (7, 6, 5.00000000000000000000e-01) (7, 6, 5.00000000000000000000e-01) (7, 6, 5.00000000000000000000e-01) (0, 6, 0.00000000000000000000e+00) (4, 4, 5.00000000000000000000e-01) (0, 4, 0.00000000000000000000e+00) 
connections (connected_to_neuron, weight)=(0, -8.03878970395577319152e-01) (1, 4.27293481250236961699e+00) (2, 4.54148758583284017920e-01) (3, 1.21722212180108438351e-01) (4, 1.34867755814999962238e-01) (5, 1.13771150007457147457e-01) (6, -2.44798671631298470075e+00) (0, -8.53759370695603259094e-01) (1, 4.39048175831268761016e+00) (2, 5.99492576353765183050e-01) (3, 1.79909998669833565144e-01) (4, 1.35444028421849632648e-01) (5, 7.94928774607404076136e-02) (6, -2.51411617724380898053e+00) (0, 3.33065790576441866921e-01) (1, 1.33470013509340401647e+00) (2, 3.48328521553306957870e-01) (3, 8.09733242882725717804e-02) (4, 8.81551222966791975244e-02) (5, 1.51149620224380221156e-01) (6, -3.43481540444415256452e-01) (7, 4.06032201261575043105e+00) (8, 4.06128844232613861465e+00) (9, 2.44570575958251268389e+00) (10, -2.19218913623227651399e+00) 
