FANN_FLO_2.1
num_layers=3
learning_rate=0.700000
connection_rate=1.000000
network_type=0
learning_momentum=0.000000
training_algorithm=2
train_error_function=1
train_stop_function=1
cascade_output_change_fraction=0.010000
quickprop_decay=-0.000100
quickprop_mu=1.750000
rprop_increase_factor=1.200000
rprop_decrease_factor=0.500000
rprop_delta_min=0.000000
rprop_delta_max=50.000000
rprop_delta_zero=0.100000
cascade_output_stagnation_epochs=12
cascade_candidate_change_fraction=0.010000
cascade_candidate_stagnation_epochs=12
cascade_max_out_epochs=150
cascade_min_out_epochs=50
cascade_max_cand_epochs=150
cascade_min_cand_epochs=50
cascade_num_candidate_groups=2
bit_fail_limit=1.00000000000000005551e-01
cascade_candidate_limit=1.00000000000000000000e+03
cascade_weight_multiplier=4.00000000000000022204e-01
cascade_activation_functions_count=10
cascade_activation_functions=3 5 7 8 10 11 14 15 16 17 
cascade_activation_steepnesses_count=4
cascade_activation_steepnesses=2.50000000000000000000e-01 5.00000000000000000000e-01 7.50000000000000000000e-01 1.00000000000000000000e+00 
layer_sizes=7 4 2 
scale_included=0
neurons (num_inputs, activation_function, activation_steepness)=(0, 0, 0.00000000000000000000e+00) (0, 0, 0.00000000000000000000e+00) (0, 0, 0.00000000000000000000e+00) (0, 0, 0.00000000000000000000e+00) (0, 0, 0.00000000000000000000e+00) (0, 0, 0.00000000000000000000e+00) (0, 0, 0.00000000000000000000e+00) (7, 6, 5.00000000000000000000e-01) (7, 6, 5.00000000000000000000e-01) (7, 6, 5.00000000000000000000e-01) (0, 6, 0.00000000000000000000e+00) (4, 4, 5.00000000000000000000e-01) (0, 4, 0.00000000000000000000e+00) 
connections (connected_to_neuron, weight)=(0, -4.26919495660787795543e+00) (1, 1.38895019991363755096e+00) (2, 2.45649422019089846980e-01) (3, 1.32218116376789440736e+00) (4, 1.60085137154272194593e+00) (5, 4.59220204539676934985e-01) (6, -1.10060934914466290735e+00) (0, 7.26507701538238848116e+00) (1, -1.03111071849283053581e+00) (2, -7.99490397573948574639e-01) (3, -7.25372736067678158811e-01) (4, -1.58835650496005875709e+00) (5, -2.41849437351999208001e-01) (6, 3.54644037211687690458e-01) (0, 1.79470085831189436476e+01) (1, -6.76655321612648208429e+00) (2, -2.37327761024567873704e+00) (3, -3.53789293825205275468e+00) (4, -6.46581041608905415785e+00) (5, -8.60886741211949524377e-01) (6, 6.32536885017500249972e+00) (7, 3.41648141927140480689e+00) (8, -4.84833890330524752699e+00) (9, -3.36596550506014136062e+00) (10, -1.45043402369927743045e+00) 
