FANN_FLO_2.1
num_layers=3
learning_rate=0.700000
connection_rate=1.000000
network_type=0
learning_momentum=0.000000
training_algorithm=2
train_error_function=1
train_stop_function=1
cascade_output_change_fraction=0.010000
quickprop_decay=-0.000100
quickprop_mu=1.750000
rprop_increase_factor=1.200000
rprop_decrease_factor=0.500000
rprop_delta_min=0.000000
rprop_delta_max=50.000000
rprop_delta_zero=0.100000
cascade_output_stagnation_epochs=12
cascade_candidate_change_fraction=0.010000
cascade_candidate_stagnation_epochs=12
cascade_max_out_epochs=150
cascade_min_out_epochs=50
cascade_max_cand_epochs=150
cascade_min_cand_epochs=50
cascade_num_candidate_groups=2
bit_fail_limit=1.00000000000000005551e-01
cascade_candidate_limit=1.00000000000000000000e+03
cascade_weight_multiplier=4.00000000000000022204e-01
cascade_activation_functions_count=10
cascade_activation_functions=3 5 7 8 10 11 14 15 16 17 
cascade_activation_steepnesses_count=4
cascade_activation_steepnesses=2.50000000000000000000e-01 5.00000000000000000000e-01 7.50000000000000000000e-01 1.00000000000000000000e+00 
layer_sizes=7 4 2 
scale_included=0
neurons (num_inputs, activation_function, activation_steepness)=(0, 0, 0.00000000000000000000e+00) (0, 0, 0.00000000000000000000e+00) (0, 0, 0.00000000000000000000e+00) (0, 0, 0.00000000000000000000e+00) (0, 0, 0.00000000000000000000e+00) (0, 0, 0.00000000000000000000e+00) (0, 0, 0.00000000000000000000e+00) (7, 6, 5.00000000000000000000e-01) (7, 6, 5.00000000000000000000e-01) (7, 6, 5.00000000000000000000e-01) (0, 6, 0.00000000000000000000e+00) (4, 4, 5.00000000000000000000e-01) (0, 4, 0.00000000000000000000e+00) 
connections (connected_to_neuron, weight)=(0, -5.95169260812745459788e+00) (1, 2.56144379167485292115e+00) (2, 1.87110534207749479307e+00) (3, 2.98570612572298355047e+00) (4, 2.20393763203934778261e+00) (5, -1.76989074152100661630e-01) (6, -3.00198839560163310836e+00) (0, 1.87402830017807815466e+01) (1, -6.27070141610051745573e+00) (2, 3.02344933488968403701e-01) (3, -3.65202440643594616887e+00) (4, -8.73185083256081107095e+00) (5, -1.41298443301936638150e-01) (6, 4.54893994656696065704e+00) (0, 1.60292240517213424589e+00) (1, -8.97388868203220724240e-01) (2, -2.19289953330945253107e-01) (3, -5.20716167681009173274e-02) (4, -1.45740731623869884670e-01) (5, -7.02518466158675192190e-01) (6, 1.59740698383058377097e-01) (7, 6.15144844569482174279e+00) (8, -2.65994449002013766403e+00) (9, -7.69493572583256124631e-01) (10, -1.41958260092778010275e+00) 
