FANN_FLO_2.1
num_layers=3
learning_rate=0.700000
connection_rate=1.000000
network_type=0
learning_momentum=0.000000
training_algorithm=2
train_error_function=1
train_stop_function=1
cascade_output_change_fraction=0.010000
quickprop_decay=-0.000100
quickprop_mu=1.750000
rprop_increase_factor=1.200000
rprop_decrease_factor=0.500000
rprop_delta_min=0.000000
rprop_delta_max=50.000000
rprop_delta_zero=0.100000
cascade_output_stagnation_epochs=12
cascade_candidate_change_fraction=0.010000
cascade_candidate_stagnation_epochs=12
cascade_max_out_epochs=150
cascade_min_out_epochs=50
cascade_max_cand_epochs=150
cascade_min_cand_epochs=50
cascade_num_candidate_groups=2
bit_fail_limit=1.00000000000000005551e-01
cascade_candidate_limit=1.00000000000000000000e+03
cascade_weight_multiplier=4.00000000000000022204e-01
cascade_activation_functions_count=10
cascade_activation_functions=3 5 7 8 10 11 14 15 16 17 
cascade_activation_steepnesses_count=4
cascade_activation_steepnesses=2.50000000000000000000e-01 5.00000000000000000000e-01 7.50000000000000000000e-01 1.00000000000000000000e+00 
layer_sizes=16 4 2 
scale_included=0
neurons (num_inputs, activation_function, activation_steepness)=(0, 0, 0.00000000000000000000e+00) (0, 0, 0.00000000000000000000e+00) (0, 0, 0.00000000000000000000e+00) (0, 0, 0.00000000000000000000e+00) (0, 0, 0.00000000000000000000e+00) (0, 0, 0.00000000000000000000e+00) (0, 0, 0.00000000000000000000e+00) (0, 0, 0.00000000000000000000e+00) (0, 0, 0.00000000000000000000e+00) (0, 0, 0.00000000000000000000e+00) (0, 0, 0.00000000000000000000e+00) (0, 0, 0.00000000000000000000e+00) (0, 0, 0.00000000000000000000e+00) (0, 0, 0.00000000000000000000e+00) (0, 0, 0.00000000000000000000e+00) (0, 0, 0.00000000000000000000e+00) (16, 6, 5.00000000000000000000e-01) (16, 6, 5.00000000000000000000e-01) (16, 6, 5.00000000000000000000e-01) (0, 6, 0.00000000000000000000e+00) (4, 4, 5.00000000000000000000e-01) (0, 4, 0.00000000000000000000e+00) 
connections (connected_to_neuron, weight)=(0, -2.65114424375731649874e+00) (1, 6.81403126918823431879e+01) (2, 7.82024426766712577042e-01) (3, 8.08494139260629296473e-01) (4, 2.78834496858264446750e-01) (5, 1.37762327959258090715e+00) (6, 7.11089579963831708298e-01) (7, 3.43739276272285332325e+00) (8, -4.77990521579410376773e+00) (9, 2.28660562090700680837e-01) (10, 1.69508398525541892354e-01) (11, 6.80700181254298399836e+01) (12, 3.26733318196610666995e-01) (13, -2.40137308882453659464e-01) (14, 2.58602448754137570486e-01) (15, -9.02218473813535704053e-01) (0, -5.90320008369318749430e+00) (1, 2.84767511895803160371e+01) (2, 4.71937056177283764669e-01) (3, 3.44968043035444760225e-01) (4, 1.21547760630254908509e-01) (5, 1.70595654400307683574e+00) (6, 3.06948812258845127321e-01) (7, 1.21245629661992282422e+00) (8, -1.91342139449005355090e+00) (9, -9.70552592599518149097e-02) (10, -1.20215672167552176108e-01) (11, 2.84301727003363318147e+01) (12, 1.04798059263281395648e-01) (13, 1.08902865572575169306e-01) (14, -1.02669554861796588630e-01) (15, -4.93261447129098917763e-01) (0, -2.34677069960897055623e+00) (1, 1.19094979978647792507e+01) (2, 1.19069736554315630528e+00) (3, 9.56520454549557697099e-01) (4, 3.94787638259536000085e-01) (5, 4.39150926856878176530e-01) (6, 1.12325705170646328313e+00) (7, 7.21604869873720855544e-01) (8, -6.04899609618233857766e-01) (9, -1.87323250711143252101e-01) (10, -1.72862724304378267970e-01) (11, 1.19301632709351146389e+01) (12, 2.19421987113703254035e-01) (13, -2.74484186574157074112e-01) (14, -3.34412688034782870639e-03) (15, 3.96982150001690056729e-02) (16, 1.73776013728340927855e+01) (17, 3.57870216982049704768e+00) (18, 1.45551938336751757186e-01) (19, -7.44758655986787809766e-01) 
