FANN_FLO_2.1
num_layers=3
learning_rate=0.700000
connection_rate=1.000000
network_type=0
learning_momentum=0.000000
training_algorithm=2
train_error_function=1
train_stop_function=1
cascade_output_change_fraction=0.010000
quickprop_decay=-0.000100
quickprop_mu=1.750000
rprop_increase_factor=1.200000
rprop_decrease_factor=0.500000
rprop_delta_min=0.000000
rprop_delta_max=50.000000
rprop_delta_zero=0.100000
cascade_output_stagnation_epochs=12
cascade_candidate_change_fraction=0.010000
cascade_candidate_stagnation_epochs=12
cascade_max_out_epochs=150
cascade_min_out_epochs=50
cascade_max_cand_epochs=150
cascade_min_cand_epochs=50
cascade_num_candidate_groups=2
bit_fail_limit=1.00000000000000005551e-01
cascade_candidate_limit=1.00000000000000000000e+03
cascade_weight_multiplier=4.00000000000000022204e-01
cascade_activation_functions_count=10
cascade_activation_functions=3 5 7 8 10 11 14 15 16 17 
cascade_activation_steepnesses_count=4
cascade_activation_steepnesses=2.50000000000000000000e-01 5.00000000000000000000e-01 7.50000000000000000000e-01 1.00000000000000000000e+00 
layer_sizes=7 4 2 
scale_included=0
neurons (num_inputs, activation_function, activation_steepness)=(0, 0, 0.00000000000000000000e+00) (0, 0, 0.00000000000000000000e+00) (0, 0, 0.00000000000000000000e+00) (0, 0, 0.00000000000000000000e+00) (0, 0, 0.00000000000000000000e+00) (0, 0, 0.00000000000000000000e+00) (0, 0, 0.00000000000000000000e+00) (7, 6, 5.00000000000000000000e-01) (7, 6, 5.00000000000000000000e-01) (7, 6, 5.00000000000000000000e-01) (0, 6, 0.00000000000000000000e+00) (4, 4, 5.00000000000000000000e-01) (0, 4, 0.00000000000000000000e+00) 
connections (connected_to_neuron, weight)=(0, -5.67760120860243411300e+00) (1, 3.48865647298659409259e+00) (2, 3.76494275215792040257e-01) (3, 3.75526864598307552612e+00) (4, 2.18552815557891549902e-01) (5, 3.21314358062450633469e+00) (6, -4.20271284437133552103e+00) (0, 1.98321409602293274865e-01) (1, -4.72723960054083236493e-01) (2, -3.42657624258102588843e-01) (3, -2.86226585236910135990e-01) (4, -1.07135285870914059858e-01) (5, -8.33220801575706548903e-01) (6, 2.52944746249448182418e-01) (0, -6.08710743849970800645e-02) (1, 3.18573138478536743712e-01) (2, 1.37850425242580154617e+00) (3, 2.81311586244702538373e-01) (4, 1.09054952180114161919e+00) (5, 4.54048811935105489646e-01) (6, -7.48277846504326465960e-02) (7, 2.22643686677893839487e+01) (8, -3.38709786144461011403e-01) (9, 4.37167712152398524328e-01) (10, -2.24708251515414403343e+00) 
