FANN_FLO_2.1
num_layers=3
learning_rate=0.700000
connection_rate=1.000000
network_type=0
learning_momentum=0.000000
training_algorithm=2
train_error_function=1
train_stop_function=1
cascade_output_change_fraction=0.010000
quickprop_decay=-0.000100
quickprop_mu=1.750000
rprop_increase_factor=1.200000
rprop_decrease_factor=0.500000
rprop_delta_min=0.000000
rprop_delta_max=50.000000
rprop_delta_zero=0.100000
cascade_output_stagnation_epochs=12
cascade_candidate_change_fraction=0.010000
cascade_candidate_stagnation_epochs=12
cascade_max_out_epochs=150
cascade_min_out_epochs=50
cascade_max_cand_epochs=150
cascade_min_cand_epochs=50
cascade_num_candidate_groups=2
bit_fail_limit=1.00000000000000005551e-01
cascade_candidate_limit=1.00000000000000000000e+03
cascade_weight_multiplier=4.00000000000000022204e-01
cascade_activation_functions_count=10
cascade_activation_functions=3 5 7 8 10 11 14 15 16 17 
cascade_activation_steepnesses_count=4
cascade_activation_steepnesses=2.50000000000000000000e-01 5.00000000000000000000e-01 7.50000000000000000000e-01 1.00000000000000000000e+00 
layer_sizes=15 4 2 
scale_included=0
neurons (num_inputs, activation_function, activation_steepness)=(0, 0, 0.00000000000000000000e+00) (0, 0, 0.00000000000000000000e+00) (0, 0, 0.00000000000000000000e+00) (0, 0, 0.00000000000000000000e+00) (0, 0, 0.00000000000000000000e+00) (0, 0, 0.00000000000000000000e+00) (0, 0, 0.00000000000000000000e+00) (0, 0, 0.00000000000000000000e+00) (0, 0, 0.00000000000000000000e+00) (0, 0, 0.00000000000000000000e+00) (0, 0, 0.00000000000000000000e+00) (0, 0, 0.00000000000000000000e+00) (0, 0, 0.00000000000000000000e+00) (0, 0, 0.00000000000000000000e+00) (0, 0, 0.00000000000000000000e+00) (15, 6, 5.00000000000000000000e-01) (15, 6, 5.00000000000000000000e-01) (15, 6, 5.00000000000000000000e-01) (0, 6, 0.00000000000000000000e+00) (4, 4, 5.00000000000000000000e-01) (0, 4, 0.00000000000000000000e+00) 
connections (connected_to_neuron, weight)=(0, 4.56519325497849326467e+00) (1, -4.31047514885688709541e+00) (2, 1.69568004006813533024e+00) (3, -1.00790932082067308251e+00) (4, -6.47442857295903451131e-01) (5, 1.28034641933550460274e-02) (6, 8.44081787827131502233e-01) (7, -5.72058224191808517567e-01) (8, 2.70403867717978418916e-01) (9, -4.99556556120603401094e-01) (10, -6.26074252809169923273e-02) (11, -6.93285882723045476794e-01) (12, -1.37229665328002914393e+00) (13, 5.08687987838712007971e+00) (14, 1.20375080815069246398e+00) (0, 5.44264917721023788744e+00) (1, -4.03407412400755571724e+00) (2, -1.65004095657067750835e+00) (3, -2.85417251439685504266e+00) (4, -4.72412725733343474843e+00) (5, -8.48211598254718701639e+00) (6, 4.13674128362286008809e+00) (7, -3.51954137736756944577e+00) (8, 2.95014265633212202644e+00) (9, -2.04042121877507831584e+00) (10, 2.20323662873144004992e-01) (11, -3.95756736362756322833e+00) (12, -9.64936913254162575981e+00) (13, 9.24359845282226011420e+00) (14, 5.28724209735944139510e+00) (0, 2.17545742464016678142e+00) (1, 2.71137438363267480046e-01) (2, 1.79065378560733651225e-01) (3, -2.23378655068498688241e-01) (4, -4.84065826840931814901e-02) (5, -4.37760186883348834108e-01) (6, 4.28285389969269458810e-01) (7, -1.49799636807063790700e-01) (8, 6.54977180714098383696e-01) (9, -7.07394185745194281623e+00) (10, -1.72643954542699624710e+01) (11, -1.31662199985784944545e+00) (12, -3.31385654266166156390e+01) (13, 1.68184655041268404929e+00) (14, 2.78003118713122665540e-01) (15, -6.24115455899122739680e+00) (16, -5.37358687744858443125e+00) (17, -5.90499581983290777742e+00) (18, -1.47203109707228230185e+00) 
