FANN_FLO_2.1
num_layers=3
learning_rate=0.700000
connection_rate=1.000000
network_type=0
learning_momentum=0.000000
training_algorithm=2
train_error_function=1
train_stop_function=1
cascade_output_change_fraction=0.010000
quickprop_decay=-0.000100
quickprop_mu=1.750000
rprop_increase_factor=1.200000
rprop_decrease_factor=0.500000
rprop_delta_min=0.000000
rprop_delta_max=50.000000
rprop_delta_zero=0.100000
cascade_output_stagnation_epochs=12
cascade_candidate_change_fraction=0.010000
cascade_candidate_stagnation_epochs=12
cascade_max_out_epochs=150
cascade_min_out_epochs=50
cascade_max_cand_epochs=150
cascade_min_cand_epochs=50
cascade_num_candidate_groups=2
bit_fail_limit=1.00000000000000005551e-01
cascade_candidate_limit=1.00000000000000000000e+03
cascade_weight_multiplier=4.00000000000000022204e-01
cascade_activation_functions_count=10
cascade_activation_functions=3 5 7 8 10 11 14 15 16 17 
cascade_activation_steepnesses_count=4
cascade_activation_steepnesses=2.50000000000000000000e-01 5.00000000000000000000e-01 7.50000000000000000000e-01 1.00000000000000000000e+00 
layer_sizes=8 4 2 
scale_included=0
neurons (num_inputs, activation_function, activation_steepness)=(0, 0, 0.00000000000000000000e+00) (0, 0, 0.00000000000000000000e+00) (0, 0, 0.00000000000000000000e+00) (0, 0, 0.00000000000000000000e+00) (0, 0, 0.00000000000000000000e+00) (0, 0, 0.00000000000000000000e+00) (0, 0, 0.00000000000000000000e+00) (0, 0, 0.00000000000000000000e+00) (8, 6, 5.00000000000000000000e-01) (8, 6, 5.00000000000000000000e-01) (8, 6, 5.00000000000000000000e-01) (0, 6, 0.00000000000000000000e+00) (4, 4, 5.00000000000000000000e-01) (0, 4, 0.00000000000000000000e+00) 
connections (connected_to_neuron, weight)=(0, -1.26042381760943267288e+00) (1, -1.27438650495213545710e+00) (2, -4.34036449498889032039e-01) (3, -4.98897432450101929735e-01) (4, 4.68934165803731317634e-02) (5, -3.01178975930458558974e-01) (6, 4.85260390542610720033e-01) (7, 3.67126877905321724604e-01) (0, -8.10156636405997332417e+00) (1, 5.52602882691015206973e+00) (2, 1.45413673335913151696e+00) (3, 3.45526346989208654747e+00) (4, 4.94444999489229530809e+00) (5, 3.98528467631184479814e+00) (6, 1.02820993928170922871e+00) (7, 3.62030010021576220680e+00) (0, 2.77055599401302909968e+00) (1, 2.30187090721735820864e+00) (2, 1.66762034281943494207e+00) (3, 2.01215880715595307748e+00) (4, 2.09272146306723971776e+00) (5, 2.06760153970998539208e+00) (6, 3.60259081035312833663e+00) (7, -3.19846476693559411686e+00) (8, -1.30513122354827904026e+00) (9, -7.02683941784569388034e+00) (10, 1.79944992334452784633e+01) (11, -7.69637910334989627792e-01) 
