FANN_FLO_2.1
num_layers=3
learning_rate=0.700000
connection_rate=1.000000
network_type=0
learning_momentum=0.000000
training_algorithm=2
train_error_function=1
train_stop_function=1
cascade_output_change_fraction=0.010000
quickprop_decay=-0.000100
quickprop_mu=1.750000
rprop_increase_factor=1.200000
rprop_decrease_factor=0.500000
rprop_delta_min=0.000000
rprop_delta_max=50.000000
rprop_delta_zero=0.100000
cascade_output_stagnation_epochs=12
cascade_candidate_change_fraction=0.010000
cascade_candidate_stagnation_epochs=12
cascade_max_out_epochs=150
cascade_min_out_epochs=50
cascade_max_cand_epochs=150
cascade_min_cand_epochs=50
cascade_num_candidate_groups=2
bit_fail_limit=1.00000000000000005551e-01
cascade_candidate_limit=1.00000000000000000000e+03
cascade_weight_multiplier=4.00000000000000022204e-01
cascade_activation_functions_count=10
cascade_activation_functions=3 5 7 8 10 11 14 15 16 17 
cascade_activation_steepnesses_count=4
cascade_activation_steepnesses=2.50000000000000000000e-01 5.00000000000000000000e-01 7.50000000000000000000e-01 1.00000000000000000000e+00 
layer_sizes=10 4 2 
scale_included=0
neurons (num_inputs, activation_function, activation_steepness)=(0, 0, 0.00000000000000000000e+00) (0, 0, 0.00000000000000000000e+00) (0, 0, 0.00000000000000000000e+00) (0, 0, 0.00000000000000000000e+00) (0, 0, 0.00000000000000000000e+00) (0, 0, 0.00000000000000000000e+00) (0, 0, 0.00000000000000000000e+00) (0, 0, 0.00000000000000000000e+00) (0, 0, 0.00000000000000000000e+00) (0, 0, 0.00000000000000000000e+00) (10, 6, 5.00000000000000000000e-01) (10, 6, 5.00000000000000000000e-01) (10, 6, 5.00000000000000000000e-01) (0, 6, 0.00000000000000000000e+00) (4, 4, 5.00000000000000000000e-01) (0, 4, 0.00000000000000000000e+00) 
connections (connected_to_neuron, weight)=(0, -2.01909215059731010911e+01) (1, 3.61925576744452559552e+00) (2, 9.80880265469350476337e-01) (3, 4.42095253185087777581e+00) (4, 8.06578200202318518208e-01) (5, 4.65792241997916089957e+00) (6, 7.13115797928468991840e-02) (7, 3.67031177954372944683e+00) (8, 8.23198991986818229272e-01) (9, -2.06872311191868751834e+00) (0, -2.34354966194596023854e+01) (1, 3.59190586326495253644e+00) (2, 3.74639726510791748471e-01) (3, 5.05623239176157657226e+00) (4, 7.88494096647127773458e-01) (5, 4.63435146145421850150e+00) (6, 6.31361620119707117604e-02) (7, 3.71126470418271603435e+00) (8, 6.77428986105031882836e-01) (9, -1.85844964757623976048e+00) (0, 5.62381927720858456610e+01) (1, -1.24312866070618177616e+01) (2, 1.65816703436088141999e+00) (3, -8.29619601419208230197e+00) (4, 8.49318403814843470023e-01) (5, -3.65039499856905536035e+00) (6, 1.38230755210008449119e+00) (7, -5.90612655932083274735e+00) (8, 5.22495661838339753302e+00) (9, 6.20145943152459988568e+00) (10, 3.07521136151893825783e+00) (11, 3.08741626190288753762e+00) (12, -6.71942056580053570514e+00) (13, -5.07656700524147797005e-01) 
