FANN_FLO_2.1
num_layers=3
learning_rate=0.700000
connection_rate=1.000000
network_type=0
learning_momentum=0.000000
training_algorithm=2
train_error_function=1
train_stop_function=1
cascade_output_change_fraction=0.010000
quickprop_decay=-0.000100
quickprop_mu=1.750000
rprop_increase_factor=1.200000
rprop_decrease_factor=0.500000
rprop_delta_min=0.000000
rprop_delta_max=50.000000
rprop_delta_zero=0.100000
cascade_output_stagnation_epochs=12
cascade_candidate_change_fraction=0.010000
cascade_candidate_stagnation_epochs=12
cascade_max_out_epochs=150
cascade_min_out_epochs=50
cascade_max_cand_epochs=150
cascade_min_cand_epochs=50
cascade_num_candidate_groups=2
bit_fail_limit=1.00000000000000005551e-01
cascade_candidate_limit=1.00000000000000000000e+03
cascade_weight_multiplier=4.00000000000000022204e-01
cascade_activation_functions_count=10
cascade_activation_functions=3 5 7 8 10 11 14 15 16 17 
cascade_activation_steepnesses_count=4
cascade_activation_steepnesses=2.50000000000000000000e-01 5.00000000000000000000e-01 7.50000000000000000000e-01 1.00000000000000000000e+00 
layer_sizes=16 4 2 
scale_included=0
neurons (num_inputs, activation_function, activation_steepness)=(0, 0, 0.00000000000000000000e+00) (0, 0, 0.00000000000000000000e+00) (0, 0, 0.00000000000000000000e+00) (0, 0, 0.00000000000000000000e+00) (0, 0, 0.00000000000000000000e+00) (0, 0, 0.00000000000000000000e+00) (0, 0, 0.00000000000000000000e+00) (0, 0, 0.00000000000000000000e+00) (0, 0, 0.00000000000000000000e+00) (0, 0, 0.00000000000000000000e+00) (0, 0, 0.00000000000000000000e+00) (0, 0, 0.00000000000000000000e+00) (0, 0, 0.00000000000000000000e+00) (0, 0, 0.00000000000000000000e+00) (0, 0, 0.00000000000000000000e+00) (0, 0, 0.00000000000000000000e+00) (16, 6, 5.00000000000000000000e-01) (16, 6, 5.00000000000000000000e-01) (16, 6, 5.00000000000000000000e-01) (0, 6, 0.00000000000000000000e+00) (4, 4, 5.00000000000000000000e-01) (0, 4, 0.00000000000000000000e+00) 
connections (connected_to_neuron, weight)=(0, -4.40775923445976935966e+00) (1, 2.05690436507036844560e+00) (2, 1.01932739406502737012e+00) (3, -6.75104970624434280735e-02) (4, 8.99371947249116954204e-01) (5, 1.56695200142337442983e+00) (6, 1.20782323784391842914e+00) (7, 8.27151913979147224154e-02) (8, 6.88095225080821326635e-01) (9, 2.03491341265319558573e+00) (10, -4.29504555499416351694e-01) (11, 1.84180188572640424205e+00) (12, 3.94573836585393777909e+00) (13, -4.16243006736422849201e+00) (14, 7.53928737601020526604e-01) (15, -1.70167104743793107247e+00) (0, 3.96973023399923050647e+01) (1, -8.93880867749238028352e+00) (2, -7.82627999874825430737e+00) (3, 6.04894377444366915242e-01) (4, -3.83712676603724212043e+00) (5, -1.01229315721036350340e+01) (6, -3.94678620917420541758e+00) (7, -6.72026034142565009688e+00) (8, -7.99829457441775915072e+00) (9, -3.94589739582132548179e+00) (10, -7.31492928108236517559e-01) (11, -1.25166106859034389487e+01) (12, -1.55874963096123959616e+01) (13, 2.38809031215988198937e+01) (14, -2.08671037087279254152e+00) (15, 7.94887175994543060398e+00) (0, -1.26161453321447236675e+01) (1, 4.94617338389694793932e+00) (2, 1.80811955466071072607e+00) (3, 6.96138530670967092817e+00) (4, 3.09912281394422439718e+00) (5, 8.51225422681194388019e+00) (6, 9.27921575085115968307e+00) (7, 8.64590529037313815230e-01) (8, 2.20441372276541835973e+00) (9, 5.59607019116280923754e+00) (10, 1.62885605810906106683e+01) (11, 4.23821599297910811543e+00) (12, 1.32378067825015648395e+01) (13, -7.49392208513420321481e+00) (14, 3.49324815394072762942e+00) (15, -5.89835418346073048212e+00) (16, 1.00169024227101459701e+01) (17, -2.54269514108322347568e+00) (18, 3.75474742293116392489e+00) (19, -1.62491199102708483437e+00) 
