FANN_FLO_2.1
num_layers=3
learning_rate=0.700000
connection_rate=1.000000
network_type=0
learning_momentum=0.000000
training_algorithm=2
train_error_function=1
train_stop_function=1
cascade_output_change_fraction=0.010000
quickprop_decay=-0.000100
quickprop_mu=1.750000
rprop_increase_factor=1.200000
rprop_decrease_factor=0.500000
rprop_delta_min=0.000000
rprop_delta_max=50.000000
rprop_delta_zero=0.100000
cascade_output_stagnation_epochs=12
cascade_candidate_change_fraction=0.010000
cascade_candidate_stagnation_epochs=12
cascade_max_out_epochs=150
cascade_min_out_epochs=50
cascade_max_cand_epochs=150
cascade_min_cand_epochs=50
cascade_num_candidate_groups=2
bit_fail_limit=1.00000000000000005551e-01
cascade_candidate_limit=1.00000000000000000000e+03
cascade_weight_multiplier=4.00000000000000022204e-01
cascade_activation_functions_count=10
cascade_activation_functions=3 5 7 8 10 11 14 15 16 17 
cascade_activation_steepnesses_count=4
cascade_activation_steepnesses=2.50000000000000000000e-01 5.00000000000000000000e-01 7.50000000000000000000e-01 1.00000000000000000000e+00 
layer_sizes=17 4 2 
scale_included=0
neurons (num_inputs, activation_function, activation_steepness)=(0, 0, 0.00000000000000000000e+00) (0, 0, 0.00000000000000000000e+00) (0, 0, 0.00000000000000000000e+00) (0, 0, 0.00000000000000000000e+00) (0, 0, 0.00000000000000000000e+00) (0, 0, 0.00000000000000000000e+00) (0, 0, 0.00000000000000000000e+00) (0, 0, 0.00000000000000000000e+00) (0, 0, 0.00000000000000000000e+00) (0, 0, 0.00000000000000000000e+00) (0, 0, 0.00000000000000000000e+00) (0, 0, 0.00000000000000000000e+00) (0, 0, 0.00000000000000000000e+00) (0, 0, 0.00000000000000000000e+00) (0, 0, 0.00000000000000000000e+00) (0, 0, 0.00000000000000000000e+00) (0, 0, 0.00000000000000000000e+00) (17, 6, 5.00000000000000000000e-01) (17, 6, 5.00000000000000000000e-01) (17, 6, 5.00000000000000000000e-01) (0, 6, 0.00000000000000000000e+00) (4, 4, 5.00000000000000000000e-01) (0, 4, 0.00000000000000000000e+00) 
connections (connected_to_neuron, weight)=(0, -3.94356328565511882189e+00) (1, -7.53904090664992088122e-01) (2, -3.24458899386040267032e+00) (3, -4.65233178484954601473e-01) (4, 4.49598523359216439843e+00) (5, -3.11349216920652649421e+00) (6, -4.42723947374301263213e-01) (7, 4.18517605494318978288e+00) (8, 4.02115311034937228385e+00) (9, -3.47070400761193720296e-01) (10, -3.13713875346665505006e+00) (11, 3.09438423637965209778e+00) (12, -2.23149604729542216930e+00) (13, -9.19766963286213212747e-01) (14, -4.01198788824593755020e-01) (15, -2.63552047092342478507e+00) (16, 4.45724898018390769394e-01) (0, -1.62764474780832131273e+01) (1, 1.59952751019084549178e+00) (2, 1.26652237658656670050e+01) (3, -1.36978643907151931280e+00) (4, 1.84201967793179884059e-02) (5, 3.33223788591397829251e+00) (6, -5.11183775174896340432e-02) (7, 2.88367178463184048454e+00) (8, -6.00280055638627629833e-01) (9, -9.00434147022306785590e-02) (10, 3.61788589470119692493e+00) (11, 1.36569429338274028751e+00) (12, 1.33069355815400536258e+00) (13, -1.45235784156785663335e+00) (14, -4.85248497950401647127e-01) (15, -7.17783446094544252958e-01) (16, 3.05878719615914396179e-01) (0, 5.87474532490194345513e+00) (1, 1.02714168297543717578e+00) (2, 2.59240641850006925395e+00) (3, -3.10533925740077820787e-01) (4, 3.68362243952070289588e-01) (5, -4.85432912949219030896e-01) (6, 9.75942720974102284615e-01) (7, 1.59095516590919316968e+01) (8, 1.48825378075219916241e+00) (9, 2.23062553594010370972e+00) (10, -1.68617958512363219636e-01) (11, 1.77058442171295049583e+00) (12, -5.43847944493725088400e-01) (13, 1.26579597826797485283e+00) (14, 2.63693496105316604883e+00) (15, 4.14156521074085404166e+00) (16, -2.49336977977521589978e+00) (17, 5.80755501010706964848e+01) (18, 6.44081114874734339537e+01) (19, -5.95775423627148938976e+01) (20, -5.25664920913387234691e-01) 
