FANN_FLO_2.1
num_layers=3
learning_rate=0.700000
connection_rate=1.000000
network_type=0
learning_momentum=0.000000
training_algorithm=2
train_error_function=1
train_stop_function=1
cascade_output_change_fraction=0.010000
quickprop_decay=-0.000100
quickprop_mu=1.750000
rprop_increase_factor=1.200000
rprop_decrease_factor=0.500000
rprop_delta_min=0.000000
rprop_delta_max=50.000000
rprop_delta_zero=0.100000
cascade_output_stagnation_epochs=12
cascade_candidate_change_fraction=0.010000
cascade_candidate_stagnation_epochs=12
cascade_max_out_epochs=150
cascade_min_out_epochs=50
cascade_max_cand_epochs=150
cascade_min_cand_epochs=50
cascade_num_candidate_groups=2
bit_fail_limit=1.00000000000000005551e-01
cascade_candidate_limit=1.00000000000000000000e+03
cascade_weight_multiplier=4.00000000000000022204e-01
cascade_activation_functions_count=10
cascade_activation_functions=3 5 7 8 10 11 14 15 16 17 
cascade_activation_steepnesses_count=4
cascade_activation_steepnesses=2.50000000000000000000e-01 5.00000000000000000000e-01 7.50000000000000000000e-01 1.00000000000000000000e+00 
layer_sizes=11 4 2 
scale_included=0
neurons (num_inputs, activation_function, activation_steepness)=(0, 0, 0.00000000000000000000e+00) (0, 0, 0.00000000000000000000e+00) (0, 0, 0.00000000000000000000e+00) (0, 0, 0.00000000000000000000e+00) (0, 0, 0.00000000000000000000e+00) (0, 0, 0.00000000000000000000e+00) (0, 0, 0.00000000000000000000e+00) (0, 0, 0.00000000000000000000e+00) (0, 0, 0.00000000000000000000e+00) (0, 0, 0.00000000000000000000e+00) (0, 0, 0.00000000000000000000e+00) (11, 6, 5.00000000000000000000e-01) (11, 6, 5.00000000000000000000e-01) (11, 6, 5.00000000000000000000e-01) (0, 6, 0.00000000000000000000e+00) (4, 4, 5.00000000000000000000e-01) (0, 4, 0.00000000000000000000e+00) 
connections (connected_to_neuron, weight)=(0, -1.04397548575206167154e-01) (1, 2.84542410358943564930e-01) (2, 5.04560897575185088315e-02) (3, 9.77894043507097876500e+00) (4, -4.60258499117202901640e-02) (5, 6.35446181133185739043e-02) (6, 3.54618767730641266667e+01) (7, 2.89103470908489335045e+00) (8, 4.91591572823219746802e-01) (9, 1.34167132382451659289e+00) (10, -1.50482630569739761484e-01) (0, -4.33767914362088546909e+00) (1, 2.18083922148161057919e+00) (2, 5.13938587151651637974e-01) (3, 2.83496146371531132502e+00) (4, -3.67359364383750219840e-01) (5, -5.69146141800476734751e-01) (6, 2.04524844849260773572e+02) (7, 1.90283546430696648422e+00) (8, 2.09943176278193721629e+00) (9, 1.22819574847423163000e+00) (10, -1.93154649285137547388e+00) (0, -4.24892620332375869907e+00) (1, 1.87913318710700427694e+00) (2, 6.22507546089773211584e-01) (3, 2.86085592710035951924e+00) (4, -4.26609816008143682975e-01) (5, -5.65514266881539051646e-01) (6, 2.04448197847010817441e+02) (7, 1.77747623456348580184e+00) (8, 2.15867404856999645091e+00) (9, 1.15033085569345083776e+00) (10, -1.89844970998823536767e+00) (11, 8.69556306320413585631e-01) (12, 1.61342656503386052691e+01) (13, 9.85515166697656219696e+00) (14, -1.10613968835797926715e+00) 
