FANN_FLO_2.1
num_layers=3
learning_rate=0.700000
connection_rate=1.000000
network_type=0
learning_momentum=0.000000
training_algorithm=2
train_error_function=1
train_stop_function=1
cascade_output_change_fraction=0.010000
quickprop_decay=-0.000100
quickprop_mu=1.750000
rprop_increase_factor=1.200000
rprop_decrease_factor=0.500000
rprop_delta_min=0.000000
rprop_delta_max=50.000000
rprop_delta_zero=0.100000
cascade_output_stagnation_epochs=12
cascade_candidate_change_fraction=0.010000
cascade_candidate_stagnation_epochs=12
cascade_max_out_epochs=150
cascade_min_out_epochs=50
cascade_max_cand_epochs=150
cascade_min_cand_epochs=50
cascade_num_candidate_groups=2
bit_fail_limit=1.00000000000000005551e-01
cascade_candidate_limit=1.00000000000000000000e+03
cascade_weight_multiplier=4.00000000000000022204e-01
cascade_activation_functions_count=10
cascade_activation_functions=3 5 7 8 10 11 14 15 16 17 
cascade_activation_steepnesses_count=4
cascade_activation_steepnesses=2.50000000000000000000e-01 5.00000000000000000000e-01 7.50000000000000000000e-01 1.00000000000000000000e+00 
layer_sizes=12 4 2 
scale_included=0
neurons (num_inputs, activation_function, activation_steepness)=(0, 0, 0.00000000000000000000e+00) (0, 0, 0.00000000000000000000e+00) (0, 0, 0.00000000000000000000e+00) (0, 0, 0.00000000000000000000e+00) (0, 0, 0.00000000000000000000e+00) (0, 0, 0.00000000000000000000e+00) (0, 0, 0.00000000000000000000e+00) (0, 0, 0.00000000000000000000e+00) (0, 0, 0.00000000000000000000e+00) (0, 0, 0.00000000000000000000e+00) (0, 0, 0.00000000000000000000e+00) (0, 0, 0.00000000000000000000e+00) (12, 6, 5.00000000000000000000e-01) (12, 6, 5.00000000000000000000e-01) (12, 6, 5.00000000000000000000e-01) (0, 6, 0.00000000000000000000e+00) (4, 4, 5.00000000000000000000e-01) (0, 4, 0.00000000000000000000e+00) 
connections (connected_to_neuron, weight)=(0, -1.07935159952610715273e+00) (1, 6.72239647194594835966e-01) (2, 5.96301675913457951417e-01) (3, -9.42459228437845519810e-02) (4, -1.00647564489875052107e-01) (5, -2.67849459686107627121e-01) (6, -6.22553167295416320925e-01) (7, 6.56335055569883696336e-01) (8, -6.71432309864010284928e-02) (9, -5.48215118015583535716e-01) (10, -4.22517384652796756939e-01) (11, -1.59562446880568115093e-01) (0, 7.17188305761977851205e+00) (1, -5.89813932487579961617e-01) (2, -1.19057871111101931660e+01) (3, 1.84809508858198245917e-01) (4, 4.80322145897058738750e-01) (5, 5.07781869103856364767e-01) (6, 5.53905720458016226360e+00) (7, -2.61802727311775251806e+00) (8, 4.54112273008814126829e-01) (9, 1.20436292080227436152e+00) (10, 1.35254008261505664912e+00) (11, 5.44610088896705368811e-01) (0, 3.26984804471276291338e+00) (1, -1.60520488780669379203e+00) (2, -6.30759305361325850470e-01) (3, 8.38482746409637824669e-01) (4, 5.33066680860473374182e-01) (5, 6.58778805137787193402e-01) (6, 9.57307271937034354181e-01) (7, -1.68561955517863570897e+00) (8, 4.72868348383938652546e-01) (9, 8.02337004958841637503e-01) (10, 7.72582954882833794485e-01) (11, 7.81244220454845539336e-01) (12, 3.60181753610377430874e+00) (13, -6.17834027030630839050e+00) (14, -1.49599021757759533813e+01) (15, -2.08657904734552746007e+00) 
