FANN_FLO_2.1
num_layers=3
learning_rate=0.700000
connection_rate=1.000000
network_type=0
learning_momentum=0.000000
training_algorithm=2
train_error_function=1
train_stop_function=1
cascade_output_change_fraction=0.010000
quickprop_decay=-0.000100
quickprop_mu=1.750000
rprop_increase_factor=1.200000
rprop_decrease_factor=0.500000
rprop_delta_min=0.000000
rprop_delta_max=50.000000
rprop_delta_zero=0.100000
cascade_output_stagnation_epochs=12
cascade_candidate_change_fraction=0.010000
cascade_candidate_stagnation_epochs=12
cascade_max_out_epochs=150
cascade_min_out_epochs=50
cascade_max_cand_epochs=150
cascade_min_cand_epochs=50
cascade_num_candidate_groups=2
bit_fail_limit=1.00000000000000005551e-01
cascade_candidate_limit=1.00000000000000000000e+03
cascade_weight_multiplier=4.00000000000000022204e-01
cascade_activation_functions_count=10
cascade_activation_functions=3 5 7 8 10 11 14 15 16 17 
cascade_activation_steepnesses_count=4
cascade_activation_steepnesses=2.50000000000000000000e-01 5.00000000000000000000e-01 7.50000000000000000000e-01 1.00000000000000000000e+00 
layer_sizes=11 4 2 
scale_included=0
neurons (num_inputs, activation_function, activation_steepness)=(0, 0, 0.00000000000000000000e+00) (0, 0, 0.00000000000000000000e+00) (0, 0, 0.00000000000000000000e+00) (0, 0, 0.00000000000000000000e+00) (0, 0, 0.00000000000000000000e+00) (0, 0, 0.00000000000000000000e+00) (0, 0, 0.00000000000000000000e+00) (0, 0, 0.00000000000000000000e+00) (0, 0, 0.00000000000000000000e+00) (0, 0, 0.00000000000000000000e+00) (0, 0, 0.00000000000000000000e+00) (11, 6, 5.00000000000000000000e-01) (11, 6, 5.00000000000000000000e-01) (11, 6, 5.00000000000000000000e-01) (0, 6, 0.00000000000000000000e+00) (4, 4, 5.00000000000000000000e-01) (0, 4, 0.00000000000000000000e+00) 
connections (connected_to_neuron, weight)=(0, -1.04705034105754180018e+01) (1, 1.95694240151882881129e+00) (2, -9.27494757237182998466e-01) (3, 5.09868095965226642008e-01) (4, 1.05122710800505658746e+00) (5, -1.94030307975749050087e+00) (6, 1.02138691177830462919e+01) (7, 8.87125807304946389920e-01) (8, -7.36829207255934703902e-01) (9, -1.75180064277583125154e+00) (10, -5.29148620365516908493e-01) (0, -1.82732505896342516394e+01) (1, 1.63191013148275554379e+00) (2, -5.13383960734641320300e-01) (3, 1.84225025607863424071e+00) (4, 1.21476275238749864549e+00) (5, 1.55913124560144306097e-01) (6, 4.52302619780594028498e+00) (7, 6.56597611642266931753e-01) (8, -1.66472197304319236011e+00) (9, -1.01237147112068415211e+00) (10, 2.12517501958351262559e+00) (0, -1.37743597421672170356e+01) (1, 1.30024530203754418167e+00) (2, 9.81051823655200272434e-01) (3, 2.63146688882860990688e+00) (4, 4.12538385576691979395e-01) (5, 9.92759234095815790155e-01) (6, -2.09258246339907039157e+00) (7, -7.46940736160102813912e-01) (8, -3.78433699596163852785e-01) (9, 1.06727162972237121785e+00) (10, 1.24069365861345071167e+00) (11, 6.27446623721209562063e+00) (12, 5.90655519185498523171e+00) (13, 1.86200818520096156305e+01) (14, -2.15476117487808949136e+00) 
