FANN_FLO_2.1
num_layers=3
learning_rate=0.700000
connection_rate=1.000000
network_type=0
learning_momentum=0.000000
training_algorithm=2
train_error_function=1
train_stop_function=1
cascade_output_change_fraction=0.010000
quickprop_decay=-0.000100
quickprop_mu=1.750000
rprop_increase_factor=1.200000
rprop_decrease_factor=0.500000
rprop_delta_min=0.000000
rprop_delta_max=50.000000
rprop_delta_zero=0.100000
cascade_output_stagnation_epochs=12
cascade_candidate_change_fraction=0.010000
cascade_candidate_stagnation_epochs=12
cascade_max_out_epochs=150
cascade_min_out_epochs=50
cascade_max_cand_epochs=150
cascade_min_cand_epochs=50
cascade_num_candidate_groups=2
bit_fail_limit=1.00000000000000005551e-01
cascade_candidate_limit=1.00000000000000000000e+03
cascade_weight_multiplier=4.00000000000000022204e-01
cascade_activation_functions_count=10
cascade_activation_functions=3 5 7 8 10 11 14 15 16 17 
cascade_activation_steepnesses_count=4
cascade_activation_steepnesses=2.50000000000000000000e-01 5.00000000000000000000e-01 7.50000000000000000000e-01 1.00000000000000000000e+00 
layer_sizes=14 4 2 
scale_included=0
neurons (num_inputs, activation_function, activation_steepness)=(0, 0, 0.00000000000000000000e+00) (0, 0, 0.00000000000000000000e+00) (0, 0, 0.00000000000000000000e+00) (0, 0, 0.00000000000000000000e+00) (0, 0, 0.00000000000000000000e+00) (0, 0, 0.00000000000000000000e+00) (0, 0, 0.00000000000000000000e+00) (0, 0, 0.00000000000000000000e+00) (0, 0, 0.00000000000000000000e+00) (0, 0, 0.00000000000000000000e+00) (0, 0, 0.00000000000000000000e+00) (0, 0, 0.00000000000000000000e+00) (0, 0, 0.00000000000000000000e+00) (0, 0, 0.00000000000000000000e+00) (14, 6, 5.00000000000000000000e-01) (14, 6, 5.00000000000000000000e-01) (14, 6, 5.00000000000000000000e-01) (0, 6, 0.00000000000000000000e+00) (4, 4, 5.00000000000000000000e-01) (0, 4, 0.00000000000000000000e+00) 
connections (connected_to_neuron, weight)=(0, 4.33954645626205337550e+00) (1, -1.92028510236745497686e+00) (2, -7.78655495668758024230e-02) (3, -9.83244941490850954402e-01) (4, 3.55258457747233968860e-01) (5, -4.30690148426351171462e-01) (6, 7.57732847406600740214e-01) (7, -1.24336617671734428470e+00) (8, 2.03394688152679048443e+00) (9, -1.78122253743895897493e+00) (10, -7.87733738417814799426e-01) (11, 9.77793656973053426640e-01) (12, -5.46756672497837215019e-01) (13, 2.39630662728847892984e-01) (0, 5.50405520447056240130e+00) (1, -7.67784952458134828390e-01) (2, -6.07807227869085475724e-01) (3, -6.42927361628680471561e-01) (4, 2.23292678557467733080e-01) (5, -2.02658555233108073068e+00) (6, -5.83587699714533045259e-02) (7, -9.97738265553170022848e-01) (8, 1.54266073886697330231e+00) (9, -3.42935547485623826169e-02) (10, -8.15442911311033080679e-01) (11, 1.19604829274248292137e+00) (12, -5.49412099672062503863e-01) (13, 9.27066844015109609023e-02) (0, 4.77433180770850196240e+00) (1, -4.33650094248446305034e-01) (2, -1.54536709030674366261e+01) (3, -2.19976066112912116424e+00) (4, -2.58701666739129698680e-01) (5, -2.02225131183492212728e+00) (6, 3.83974297015149956813e-01) (7, 4.06195805481940208637e+00) (8, 3.18139723715016087269e+00) (9, -9.58600443187925588262e-01) (10, -1.20105928767821290570e+00) (11, 1.28111954905128916371e-01) (12, -1.77047062564688961750e+00) (13, 1.39817718139170737990e-01) (14, -7.46396688188223933480e+00) (15, -1.52638616244540337163e+01) (16, -5.03567116918969581718e+00) (17, -3.86112058554704740132e+00) 
