FANN_FLO_2.1
num_layers=3
learning_rate=0.700000
connection_rate=1.000000
network_type=0
learning_momentum=0.000000
training_algorithm=2
train_error_function=1
train_stop_function=1
cascade_output_change_fraction=0.010000
quickprop_decay=-0.000100
quickprop_mu=1.750000
rprop_increase_factor=1.200000
rprop_decrease_factor=0.500000
rprop_delta_min=0.000000
rprop_delta_max=50.000000
rprop_delta_zero=0.100000
cascade_output_stagnation_epochs=12
cascade_candidate_change_fraction=0.010000
cascade_candidate_stagnation_epochs=12
cascade_max_out_epochs=150
cascade_min_out_epochs=50
cascade_max_cand_epochs=150
cascade_min_cand_epochs=50
cascade_num_candidate_groups=2
bit_fail_limit=1.00000000000000005551e-01
cascade_candidate_limit=1.00000000000000000000e+03
cascade_weight_multiplier=4.00000000000000022204e-01
cascade_activation_functions_count=10
cascade_activation_functions=3 5 7 8 10 11 14 15 16 17 
cascade_activation_steepnesses_count=4
cascade_activation_steepnesses=2.50000000000000000000e-01 5.00000000000000000000e-01 7.50000000000000000000e-01 1.00000000000000000000e+00 
layer_sizes=12 4 2 
scale_included=0
neurons (num_inputs, activation_function, activation_steepness)=(0, 0, 0.00000000000000000000e+00) (0, 0, 0.00000000000000000000e+00) (0, 0, 0.00000000000000000000e+00) (0, 0, 0.00000000000000000000e+00) (0, 0, 0.00000000000000000000e+00) (0, 0, 0.00000000000000000000e+00) (0, 0, 0.00000000000000000000e+00) (0, 0, 0.00000000000000000000e+00) (0, 0, 0.00000000000000000000e+00) (0, 0, 0.00000000000000000000e+00) (0, 0, 0.00000000000000000000e+00) (0, 0, 0.00000000000000000000e+00) (12, 6, 5.00000000000000000000e-01) (12, 6, 5.00000000000000000000e-01) (12, 6, 5.00000000000000000000e-01) (0, 6, 0.00000000000000000000e+00) (4, 4, 5.00000000000000000000e-01) (0, 4, 0.00000000000000000000e+00) 
connections (connected_to_neuron, weight)=(0, -2.56288658911660727213e+00) (1, 1.52432453702184789179e+00) (2, 1.60960208380645530823e+00) (3, 1.40093490101086848298e+00) (4, -2.56631706739142950724e+00) (5, -2.39146085167602073795e+00) (6, -2.15993673305982986088e-01) (7, -2.06523141603246918052e+00) (8, -1.03974259999926088582e+00) (9, -1.23213696584991172500e+00) (10, -1.27727357775858596511e+00) (11, -3.90732355315189183731e-01) (0, -2.71189324168633349998e+00) (1, 1.22929784843198053323e+00) (2, 1.68569111410193483991e+00) (3, 5.57407115917129686311e-02) (4, -1.54116039354636580327e+00) (5, -1.65463216234280974248e+00) (6, -4.89891014234946797767e-01) (7, -1.17021245395078787865e+00) (8, -1.30138333027496466698e+00) (9, -4.18432406862268901904e-01) (10, -3.68113375981340862353e-01) (11, -2.14350668860803755811e-01) (0, -2.12251736235564214539e+00) (1, 2.03490000128067549667e+00) (2, 2.24360837383518374466e+00) (3, 1.41424351500785472346e+00) (4, -4.77947990139480616278e+00) (5, -2.18691724178140622925e+00) (6, -1.03948022848554222364e+00) (7, -1.26280699610424695933e+00) (8, -2.26997008177970860388e+00) (9, -1.66335334403389123459e+00) (10, -2.34361385887131001837e+00) (11, -9.85746728254847770501e-01) (12, 8.08046321293596392366e+00) (13, 1.27406947488543620395e+00) (14, 9.04530428215831072691e+00) (15, -1.57185391686947317780e+00) 
