FANN_FLO_2.1
num_layers=3
learning_rate=0.700000
connection_rate=1.000000
network_type=0
learning_momentum=0.000000
training_algorithm=2
train_error_function=1
train_stop_function=1
cascade_output_change_fraction=0.010000
quickprop_decay=-0.000100
quickprop_mu=1.750000
rprop_increase_factor=1.200000
rprop_decrease_factor=0.500000
rprop_delta_min=0.000000
rprop_delta_max=50.000000
rprop_delta_zero=0.100000
cascade_output_stagnation_epochs=12
cascade_candidate_change_fraction=0.010000
cascade_candidate_stagnation_epochs=12
cascade_max_out_epochs=150
cascade_min_out_epochs=50
cascade_max_cand_epochs=150
cascade_min_cand_epochs=50
cascade_num_candidate_groups=2
bit_fail_limit=1.00000000000000005551e-01
cascade_candidate_limit=1.00000000000000000000e+03
cascade_weight_multiplier=4.00000000000000022204e-01
cascade_activation_functions_count=10
cascade_activation_functions=3 5 7 8 10 11 14 15 16 17 
cascade_activation_steepnesses_count=4
cascade_activation_steepnesses=2.50000000000000000000e-01 5.00000000000000000000e-01 7.50000000000000000000e-01 1.00000000000000000000e+00 
layer_sizes=7 4 2 
scale_included=0
neurons (num_inputs, activation_function, activation_steepness)=(0, 0, 0.00000000000000000000e+00) (0, 0, 0.00000000000000000000e+00) (0, 0, 0.00000000000000000000e+00) (0, 0, 0.00000000000000000000e+00) (0, 0, 0.00000000000000000000e+00) (0, 0, 0.00000000000000000000e+00) (0, 0, 0.00000000000000000000e+00) (7, 6, 5.00000000000000000000e-01) (7, 6, 5.00000000000000000000e-01) (7, 6, 5.00000000000000000000e-01) (0, 6, 0.00000000000000000000e+00) (4, 4, 5.00000000000000000000e-01) (0, 4, 0.00000000000000000000e+00) 
connections (connected_to_neuron, weight)=(0, 4.74595455027150836536e-01) (1, -4.15623038786217091634e-01) (2, -5.42952093168102764564e-02) (3, -2.15400563624269236751e-01) (4, -1.17033936142006161907e-01) (5, -1.44316243658387466375e-01) (6, 1.80599701544401303188e-01) (0, -6.36100241914733910420e+00) (1, 1.96475598129414819049e+00) (2, 1.84040869132953255338e+00) (3, 1.33503456203722770113e+00) (4, -4.26699466311523778472e-01) (5, -6.42806297720813879515e-01) (6, -1.33341046249205197327e+00) (0, -6.27293343842371964314e+00) (1, 1.80334161325439779056e+00) (2, 1.86644142226653664274e+00) (3, 1.26072025089049155611e+00) (4, -4.21766099169607722175e-01) (5, -5.90543045283699163939e-01) (6, -1.07472476497130631223e+00) (7, -1.90006335871347431521e+00) (8, 9.31374769930201118484e+00) (9, 9.32677565042334144607e+00) (10, -2.10289391291075711266e+00) 
