FANN_FLO_2.1
num_layers=3
learning_rate=0.700000
connection_rate=1.000000
network_type=0
learning_momentum=0.000000
training_algorithm=2
train_error_function=1
train_stop_function=1
cascade_output_change_fraction=0.010000
quickprop_decay=-0.000100
quickprop_mu=1.750000
rprop_increase_factor=1.200000
rprop_decrease_factor=0.500000
rprop_delta_min=0.000000
rprop_delta_max=50.000000
rprop_delta_zero=0.100000
cascade_output_stagnation_epochs=12
cascade_candidate_change_fraction=0.010000
cascade_candidate_stagnation_epochs=12
cascade_max_out_epochs=150
cascade_min_out_epochs=50
cascade_max_cand_epochs=150
cascade_min_cand_epochs=50
cascade_num_candidate_groups=2
bit_fail_limit=1.00000000000000005551e-01
cascade_candidate_limit=1.00000000000000000000e+03
cascade_weight_multiplier=4.00000000000000022204e-01
cascade_activation_functions_count=10
cascade_activation_functions=3 5 7 8 10 11 14 15 16 17 
cascade_activation_steepnesses_count=4
cascade_activation_steepnesses=2.50000000000000000000e-01 5.00000000000000000000e-01 7.50000000000000000000e-01 1.00000000000000000000e+00 
layer_sizes=12 4 2 
scale_included=0
neurons (num_inputs, activation_function, activation_steepness)=(0, 0, 0.00000000000000000000e+00) (0, 0, 0.00000000000000000000e+00) (0, 0, 0.00000000000000000000e+00) (0, 0, 0.00000000000000000000e+00) (0, 0, 0.00000000000000000000e+00) (0, 0, 0.00000000000000000000e+00) (0, 0, 0.00000000000000000000e+00) (0, 0, 0.00000000000000000000e+00) (0, 0, 0.00000000000000000000e+00) (0, 0, 0.00000000000000000000e+00) (0, 0, 0.00000000000000000000e+00) (0, 0, 0.00000000000000000000e+00) (12, 6, 5.00000000000000000000e-01) (12, 6, 5.00000000000000000000e-01) (12, 6, 5.00000000000000000000e-01) (0, 6, 0.00000000000000000000e+00) (4, 4, 5.00000000000000000000e-01) (0, 4, 0.00000000000000000000e+00) 
connections (connected_to_neuron, weight)=(0, -2.44702043369711397247e+00) (1, 1.80904917198369741271e+00) (2, 3.53796115700904056922e+00) (3, -5.69470839452265523151e-02) (4, -9.67069841719733314100e-01) (5, -1.02227439557499755196e+00) (6, 8.53068979968250928891e-01) (7, -1.16640214512080131470e+00) (8, 1.39580992815332038948e-01) (9, -1.82726026814090758421e+00) (10, 3.89484616160958863063e+00) (11, -2.19717150650199322115e+00) (0, -6.04618800721045568380e-01) (1, 5.34275852610879953275e-01) (2, 6.87932139511310047908e-01) (3, 2.60672710552369180093e-01) (4, 2.18481950178300049492e-01) (5, -7.79533995293287540473e-02) (6, 1.66519805430801109969e-01) (7, -1.84853413718542552990e-01) (8, 2.09769833474235473103e-01) (9, -3.52269882453461413707e-01) (10, 7.23413179828647168179e-01) (11, -4.95002486191334967192e-01) (0, -2.17318915312121507810e+00) (1, 1.99165326714465851232e+00) (2, 1.27791057691116893835e+00) (3, -6.55341234358958413253e-01) (4, -4.40131245151609062916e-01) (5, -6.04502396667630059746e-01) (6, 1.18527813357440447994e-01) (7, -8.46128872402945209075e-01) (8, -3.66804953716742432324e-01) (9, -2.11390057018753640961e+00) (10, 1.67498340002067380716e+00) (11, -9.65993056140489692041e-01) (12, 8.16878400571333429525e+00) (13, 4.92489933958611292297e-01) (14, 8.58960868972176250224e+00) (15, -2.02116713309181283975e+00) 
