FANN_FLO_2.1
num_layers=3
learning_rate=0.700000
connection_rate=1.000000
network_type=0
learning_momentum=0.000000
training_algorithm=2
train_error_function=1
train_stop_function=1
cascade_output_change_fraction=0.010000
quickprop_decay=-0.000100
quickprop_mu=1.750000
rprop_increase_factor=1.200000
rprop_decrease_factor=0.500000
rprop_delta_min=0.000000
rprop_delta_max=50.000000
rprop_delta_zero=0.100000
cascade_output_stagnation_epochs=12
cascade_candidate_change_fraction=0.010000
cascade_candidate_stagnation_epochs=12
cascade_max_out_epochs=150
cascade_min_out_epochs=50
cascade_max_cand_epochs=150
cascade_min_cand_epochs=50
cascade_num_candidate_groups=2
bit_fail_limit=1.00000000000000005551e-01
cascade_candidate_limit=1.00000000000000000000e+03
cascade_weight_multiplier=4.00000000000000022204e-01
cascade_activation_functions_count=10
cascade_activation_functions=3 5 7 8 10 11 14 15 16 17 
cascade_activation_steepnesses_count=4
cascade_activation_steepnesses=2.50000000000000000000e-01 5.00000000000000000000e-01 7.50000000000000000000e-01 1.00000000000000000000e+00 
layer_sizes=11 4 2 
scale_included=0
neurons (num_inputs, activation_function, activation_steepness)=(0, 0, 0.00000000000000000000e+00) (0, 0, 0.00000000000000000000e+00) (0, 0, 0.00000000000000000000e+00) (0, 0, 0.00000000000000000000e+00) (0, 0, 0.00000000000000000000e+00) (0, 0, 0.00000000000000000000e+00) (0, 0, 0.00000000000000000000e+00) (0, 0, 0.00000000000000000000e+00) (0, 0, 0.00000000000000000000e+00) (0, 0, 0.00000000000000000000e+00) (0, 0, 0.00000000000000000000e+00) (11, 6, 5.00000000000000000000e-01) (11, 6, 5.00000000000000000000e-01) (11, 6, 5.00000000000000000000e-01) (0, 6, 0.00000000000000000000e+00) (4, 4, 5.00000000000000000000e-01) (0, 4, 0.00000000000000000000e+00) 
connections (connected_to_neuron, weight)=(0, -1.19201383710239072755e+00) (1, 1.95828794854166154948e+00) (2, 2.11356526313353498825e-01) (3, -1.21126966894004484132e+00) (4, -1.32935431942675252870e+00) (5, -2.99950053044562237048e-01) (6, -1.36883243888948102907e+00) (7, -1.34271331101987501100e+00) (8, -1.28591494232747693971e+00) (9, -1.23940826177928586915e+00) (10, -4.17045991694959261586e-02) (0, -4.03088843924306161615e-01) (1, 7.13443183237891909165e-01) (2, 1.44425980557327693354e-01) (3, -3.37877562743924386712e-01) (4, -2.45186200839780099603e-01) (5, -2.88676819307111032220e-01) (6, -3.07354605299733407708e-01) (7, -3.72897921604417093011e-01) (8, -3.82589852911732919427e-01) (9, -3.62749411267541177484e-01) (10, -3.40271901571796431263e-02) (0, -4.80381717377030792449e+00) (1, 4.75314069010937156889e+00) (2, 2.66517962291900778471e-01) (3, -3.55950171108878055115e-01) (4, -1.67697586517427565944e+00) (5, -1.93767799443541555160e-01) (6, -2.25709307300808248442e+00) (7, -5.02351977571789953814e-01) (8, -3.09515116996209949107e+00) (9, -1.62008117974613052859e+00) (10, -1.40577702230750112289e-01) (11, 1.87823754357578387442e+00) (12, 6.72556559938768727669e-01) (13, 4.76973444440090599272e+00) (14, -4.67156397159731784363e-01) 
