FANN_FLO_2.1
num_layers=3
learning_rate=0.700000
connection_rate=1.000000
network_type=0
learning_momentum=0.000000
training_algorithm=2
train_error_function=1
train_stop_function=1
cascade_output_change_fraction=0.010000
quickprop_decay=-0.000100
quickprop_mu=1.750000
rprop_increase_factor=1.200000
rprop_decrease_factor=0.500000
rprop_delta_min=0.000000
rprop_delta_max=50.000000
rprop_delta_zero=0.100000
cascade_output_stagnation_epochs=12
cascade_candidate_change_fraction=0.010000
cascade_candidate_stagnation_epochs=12
cascade_max_out_epochs=150
cascade_min_out_epochs=50
cascade_max_cand_epochs=150
cascade_min_cand_epochs=50
cascade_num_candidate_groups=2
bit_fail_limit=1.00000000000000005551e-01
cascade_candidate_limit=1.00000000000000000000e+03
cascade_weight_multiplier=4.00000000000000022204e-01
cascade_activation_functions_count=10
cascade_activation_functions=3 5 7 8 10 11 14 15 16 17 
cascade_activation_steepnesses_count=4
cascade_activation_steepnesses=2.50000000000000000000e-01 5.00000000000000000000e-01 7.50000000000000000000e-01 1.00000000000000000000e+00 
layer_sizes=12 4 2 
scale_included=0
neurons (num_inputs, activation_function, activation_steepness)=(0, 0, 0.00000000000000000000e+00) (0, 0, 0.00000000000000000000e+00) (0, 0, 0.00000000000000000000e+00) (0, 0, 0.00000000000000000000e+00) (0, 0, 0.00000000000000000000e+00) (0, 0, 0.00000000000000000000e+00) (0, 0, 0.00000000000000000000e+00) (0, 0, 0.00000000000000000000e+00) (0, 0, 0.00000000000000000000e+00) (0, 0, 0.00000000000000000000e+00) (0, 0, 0.00000000000000000000e+00) (0, 0, 0.00000000000000000000e+00) (12, 6, 5.00000000000000000000e-01) (12, 6, 5.00000000000000000000e-01) (12, 6, 5.00000000000000000000e-01) (0, 6, 0.00000000000000000000e+00) (4, 4, 5.00000000000000000000e-01) (0, 4, 0.00000000000000000000e+00) 
connections (connected_to_neuron, weight)=(0, 3.67148469830950530124e+00) (1, -1.69782367403146117191e+00) (2, -2.29886762116979603832e+00) (3, 4.41442183679520649964e-01) (4, 1.21627062058772428266e+00) (5, 1.20547553648040772778e+00) (6, 1.96679067206464242012e+00) (7, 1.56022103970451619936e+00) (8, -2.95090987290205042370e+00) (9, 1.96911277303321541332e+00) (10, 1.99191534945590675854e+00) (11, 1.12548712062509226328e+00) (0, 1.44421075175253865730e+00) (1, -2.13013382320236299705e+00) (2, -2.21310334716867451732e+00) (3, 1.04623839895296955049e+00) (4, 1.51684375912464392000e-01) (5, 1.19368846816690932222e+00) (6, 1.03894695223447652843e+00) (7, 1.30510569431287781761e+00) (8, -2.91241904477538149365e+00) (9, 2.00282460877521195641e+00) (10, 1.84358809569699944042e+00) (11, 1.54849644641129491340e+00) (0, -2.39702411704101514545e+00) (1, 1.31588704531118283469e+00) (2, 1.61495399288861274378e+00) (3, -2.40142817542189551672e-01) (4, -1.05405080955847796353e+00) (5, -2.60592226277584249061e+00) (6, -2.86115750190833295630e-01) (7, -5.70002407474024641587e-01) (8, 2.02819277442979783999e+00) (9, -1.32274011042938366423e+00) (10, -1.25327562433705463896e+00) (11, -1.01471704268260826121e-01) (12, -1.02244289719387992932e+01) (13, -2.90794054192856865626e+00) (14, 6.72683243748221926239e+00) (15, -5.31197371291676545546e-01) 
