FANN_FLO_2.1
num_layers=3
learning_rate=0.700000
connection_rate=1.000000
network_type=0
learning_momentum=0.000000
training_algorithm=2
train_error_function=1
train_stop_function=1
cascade_output_change_fraction=0.010000
quickprop_decay=-0.000100
quickprop_mu=1.750000
rprop_increase_factor=1.200000
rprop_decrease_factor=0.500000
rprop_delta_min=0.000000
rprop_delta_max=50.000000
rprop_delta_zero=0.100000
cascade_output_stagnation_epochs=12
cascade_candidate_change_fraction=0.010000
cascade_candidate_stagnation_epochs=12
cascade_max_out_epochs=150
cascade_min_out_epochs=50
cascade_max_cand_epochs=150
cascade_min_cand_epochs=50
cascade_num_candidate_groups=2
bit_fail_limit=1.00000000000000005551e-01
cascade_candidate_limit=1.00000000000000000000e+03
cascade_weight_multiplier=4.00000000000000022204e-01
cascade_activation_functions_count=10
cascade_activation_functions=3 5 7 8 10 11 14 15 16 17 
cascade_activation_steepnesses_count=4
cascade_activation_steepnesses=2.50000000000000000000e-01 5.00000000000000000000e-01 7.50000000000000000000e-01 1.00000000000000000000e+00 
layer_sizes=14 4 2 
scale_included=0
neurons (num_inputs, activation_function, activation_steepness)=(0, 0, 0.00000000000000000000e+00) (0, 0, 0.00000000000000000000e+00) (0, 0, 0.00000000000000000000e+00) (0, 0, 0.00000000000000000000e+00) (0, 0, 0.00000000000000000000e+00) (0, 0, 0.00000000000000000000e+00) (0, 0, 0.00000000000000000000e+00) (0, 0, 0.00000000000000000000e+00) (0, 0, 0.00000000000000000000e+00) (0, 0, 0.00000000000000000000e+00) (0, 0, 0.00000000000000000000e+00) (0, 0, 0.00000000000000000000e+00) (0, 0, 0.00000000000000000000e+00) (0, 0, 0.00000000000000000000e+00) (14, 6, 5.00000000000000000000e-01) (14, 6, 5.00000000000000000000e-01) (14, 6, 5.00000000000000000000e-01) (0, 6, 0.00000000000000000000e+00) (4, 4, 5.00000000000000000000e-01) (0, 4, 0.00000000000000000000e+00) 
connections (connected_to_neuron, weight)=(0, 3.26547173534116152993e+00) (1, -2.48249425747857355162e+00) (2, -3.34235676620470378850e-01) (3, 1.50250062815687285278e-01) (4, -2.39182676875526212257e+00) (5, 1.05577359345627330711e+00) (6, -1.36721449453691312748e+00) (7, -1.20513175905603309168e+00) (8, -2.53425611837610309518e-01) (9, -2.70552882603120714577e-01) (10, 1.53951671621176688909e+00) (11, -2.11104247293655636342e-02) (12, -7.63871077579270751912e-01) (13, 2.68078570973433638613e+00) (0, -6.25288547886802081877e+00) (1, 1.75368970076197738805e+00) (2, 8.84331519617874484140e-01) (3, -6.34751367733987215125e-01) (4, 2.56053188131876474642e+00) (5, -6.32333922779448998064e-01) (6, 1.26117577945025849395e+00) (7, 1.82895085148931224595e+00) (8, -1.38718902198258220437e+00) (9, 2.31755183324315439108e-01) (10, -1.21134229829171014003e+00) (11, -3.03832161236190412268e+00) (12, 7.39570409466080769256e-01) (13, -8.02280688875899983259e-01) (0, 3.18856519584140185586e+00) (1, -2.52116215982899927184e+00) (2, -2.43837707732187575216e-01) (3, 1.04618713728925893935e-01) (4, -3.58921368511407523627e+00) (5, 1.12044552643751660348e+00) (6, -1.41016718108514615970e+00) (7, -1.24255414039749045862e+00) (8, -1.23886196597322681412e-01) (9, -1.80429579149650465286e-01) (10, 1.70218349623783327118e+00) (11, 3.72987459271823668105e-02) (12, -8.17740772050630004841e-01) (13, 2.70021755408801222842e+00) (14, -8.07737282013572333028e+00) (15, 7.60781973080607354376e+00) (16, -8.08790447657979605367e+00) (17, -6.96118264344947501598e-01) 
