FANN_FLO_2.1
num_layers=3
learning_rate=0.700000
connection_rate=1.000000
network_type=0
learning_momentum=0.000000
training_algorithm=2
train_error_function=1
train_stop_function=1
cascade_output_change_fraction=0.010000
quickprop_decay=-0.000100
quickprop_mu=1.750000
rprop_increase_factor=1.200000
rprop_decrease_factor=0.500000
rprop_delta_min=0.000000
rprop_delta_max=50.000000
rprop_delta_zero=0.100000
cascade_output_stagnation_epochs=12
cascade_candidate_change_fraction=0.010000
cascade_candidate_stagnation_epochs=12
cascade_max_out_epochs=150
cascade_min_out_epochs=50
cascade_max_cand_epochs=150
cascade_min_cand_epochs=50
cascade_num_candidate_groups=2
bit_fail_limit=1.00000000000000005551e-01
cascade_candidate_limit=1.00000000000000000000e+03
cascade_weight_multiplier=4.00000000000000022204e-01
cascade_activation_functions_count=10
cascade_activation_functions=3 5 7 8 10 11 14 15 16 17 
cascade_activation_steepnesses_count=4
cascade_activation_steepnesses=2.50000000000000000000e-01 5.00000000000000000000e-01 7.50000000000000000000e-01 1.00000000000000000000e+00 
layer_sizes=9 4 2 
scale_included=0
neurons (num_inputs, activation_function, activation_steepness)=(0, 0, 0.00000000000000000000e+00) (0, 0, 0.00000000000000000000e+00) (0, 0, 0.00000000000000000000e+00) (0, 0, 0.00000000000000000000e+00) (0, 0, 0.00000000000000000000e+00) (0, 0, 0.00000000000000000000e+00) (0, 0, 0.00000000000000000000e+00) (0, 0, 0.00000000000000000000e+00) (0, 0, 0.00000000000000000000e+00) (9, 6, 5.00000000000000000000e-01) (9, 6, 5.00000000000000000000e-01) (9, 6, 5.00000000000000000000e-01) (0, 6, 0.00000000000000000000e+00) (4, 4, 5.00000000000000000000e-01) (0, 4, 0.00000000000000000000e+00) 
connections (connected_to_neuron, weight)=(0, 9.12407125793359252697e-01) (1, 1.46204736811237401284e+00) (2, 1.86040146890975965910e+00) (3, 6.76433832450738403708e-01) (4, 2.08385085862731500583e+00) (5, -1.01003516796677605960e+00) (6, -8.88912267509314735214e-01) (7, 1.67089793854374346616e+00) (8, -1.36017429988127158680e+00) (0, 2.61548914088432886416e-02) (1, -4.67204404726959121597e-01) (2, -5.93985538523106426645e-01) (3, -1.19338725830040970344e+00) (4, -7.86836947171206002594e-01) (5, 1.81257727995485917738e+00) (6, 1.60083143259148674709e+00) (7, -9.32808527228760953065e-01) (8, 1.34577617569152696575e+00) (0, 8.85834063850305053478e-01) (1, 1.48753822061015616995e+00) (2, 1.86398470643856062345e+00) (3, 6.95966043992476190994e-01) (4, 2.03138696777052674136e+00) (5, -9.54295511876039226351e-01) (6, -3.12465024377808764378e-01) (7, 1.83243758423639691024e+00) (8, -1.87324583483501760917e+00) (9, 1.61991870293825748206e+01) (10, -5.83533421599523904888e+00) (11, 8.01873120829244072638e+01) (12, -6.12200325189322547281e-01) 
