FANN_FLO_2.1
num_layers=3
learning_rate=0.700000
connection_rate=1.000000
network_type=0
learning_momentum=0.000000
training_algorithm=2
train_error_function=1
train_stop_function=1
cascade_output_change_fraction=0.010000
quickprop_decay=-0.000100
quickprop_mu=1.750000
rprop_increase_factor=1.200000
rprop_decrease_factor=0.500000
rprop_delta_min=0.000000
rprop_delta_max=50.000000
rprop_delta_zero=0.100000
cascade_output_stagnation_epochs=12
cascade_candidate_change_fraction=0.010000
cascade_candidate_stagnation_epochs=12
cascade_max_out_epochs=150
cascade_min_out_epochs=50
cascade_max_cand_epochs=150
cascade_min_cand_epochs=50
cascade_num_candidate_groups=2
bit_fail_limit=1.00000000000000005551e-01
cascade_candidate_limit=1.00000000000000000000e+03
cascade_weight_multiplier=4.00000000000000022204e-01
cascade_activation_functions_count=10
cascade_activation_functions=3 5 7 8 10 11 14 15 16 17 
cascade_activation_steepnesses_count=4
cascade_activation_steepnesses=2.50000000000000000000e-01 5.00000000000000000000e-01 7.50000000000000000000e-01 1.00000000000000000000e+00 
layer_sizes=11 4 2 
scale_included=0
neurons (num_inputs, activation_function, activation_steepness)=(0, 0, 0.00000000000000000000e+00) (0, 0, 0.00000000000000000000e+00) (0, 0, 0.00000000000000000000e+00) (0, 0, 0.00000000000000000000e+00) (0, 0, 0.00000000000000000000e+00) (0, 0, 0.00000000000000000000e+00) (0, 0, 0.00000000000000000000e+00) (0, 0, 0.00000000000000000000e+00) (0, 0, 0.00000000000000000000e+00) (0, 0, 0.00000000000000000000e+00) (0, 0, 0.00000000000000000000e+00) (11, 6, 5.00000000000000000000e-01) (11, 6, 5.00000000000000000000e-01) (11, 6, 5.00000000000000000000e-01) (0, 6, 0.00000000000000000000e+00) (4, 4, 5.00000000000000000000e-01) (0, 4, 0.00000000000000000000e+00) 
connections (connected_to_neuron, weight)=(0, 1.00840766603743663410e+01) (1, -3.68758095644633865362e+00) (2, 2.07589905885550463083e+00) (3, 9.38323376634438099941e-01) (4, 2.17924647057071885214e+00) (5, 6.60958386786906992860e-01) (6, -8.82940723220858036946e-01) (7, -2.63187245389073920521e+00) (8, 7.45326044053517544619e-01) (9, 7.16556472882236117350e-01) (10, -1.82578952361026480844e+00) (0, -1.29641053564794432873e+01) (1, 1.04799536613253274631e+00) (2, -1.23483930753624959742e+00) (3, 3.12488606700272730787e-02) (4, -2.09635318559926409065e+00) (5, 5.95668253375988207554e-02) (6, -5.24563838560436219299e-03) (7, 5.94354441936762789567e-01) (8, 3.69622798422617609981e-02) (9, 1.07259147422952838546e-01) (10, 2.98455470827846180981e-01) (0, -2.69863525160674520009e+01) (1, 4.33953205601742109110e+00) (2, 2.69239497848727715734e+00) (3, -1.03715071735095823446e-01) (4, -2.30204861022682516491e+00) (5, 1.23688612261854416485e-01) (6, 1.72612745857031635310e+00) (7, 1.44183970069800104774e+00) (8, -4.00706764176749108408e-01) (9, 1.94296091250924507499e-01) (10, 1.77804924805363051554e+00) (11, -1.64741297619167816890e+01) (12, 1.15946938469238625125e+00) (13, 9.56059558197757830555e+00) (14, -4.44652326206825487809e-01) 
