FANN_FLO_2.1
num_layers=3
learning_rate=0.700000
connection_rate=1.000000
network_type=0
learning_momentum=0.000000
training_algorithm=2
train_error_function=1
train_stop_function=1
cascade_output_change_fraction=0.010000
quickprop_decay=-0.000100
quickprop_mu=1.750000
rprop_increase_factor=1.200000
rprop_decrease_factor=0.500000
rprop_delta_min=0.000000
rprop_delta_max=50.000000
rprop_delta_zero=0.100000
cascade_output_stagnation_epochs=12
cascade_candidate_change_fraction=0.010000
cascade_candidate_stagnation_epochs=12
cascade_max_out_epochs=150
cascade_min_out_epochs=50
cascade_max_cand_epochs=150
cascade_min_cand_epochs=50
cascade_num_candidate_groups=2
bit_fail_limit=1.00000000000000005551e-01
cascade_candidate_limit=1.00000000000000000000e+03
cascade_weight_multiplier=4.00000000000000022204e-01
cascade_activation_functions_count=10
cascade_activation_functions=3 5 7 8 10 11 14 15 16 17 
cascade_activation_steepnesses_count=4
cascade_activation_steepnesses=2.50000000000000000000e-01 5.00000000000000000000e-01 7.50000000000000000000e-01 1.00000000000000000000e+00 
layer_sizes=12 4 2 
scale_included=0
neurons (num_inputs, activation_function, activation_steepness)=(0, 0, 0.00000000000000000000e+00) (0, 0, 0.00000000000000000000e+00) (0, 0, 0.00000000000000000000e+00) (0, 0, 0.00000000000000000000e+00) (0, 0, 0.00000000000000000000e+00) (0, 0, 0.00000000000000000000e+00) (0, 0, 0.00000000000000000000e+00) (0, 0, 0.00000000000000000000e+00) (0, 0, 0.00000000000000000000e+00) (0, 0, 0.00000000000000000000e+00) (0, 0, 0.00000000000000000000e+00) (0, 0, 0.00000000000000000000e+00) (12, 6, 5.00000000000000000000e-01) (12, 6, 5.00000000000000000000e-01) (12, 6, 5.00000000000000000000e-01) (0, 6, 0.00000000000000000000e+00) (4, 4, 5.00000000000000000000e-01) (0, 4, 0.00000000000000000000e+00) 
connections (connected_to_neuron, weight)=(0, -4.52444293142314979406e+00) (1, 9.69018993868731248753e-01) (2, 1.12232594094095161630e+00) (3, -1.47550711695594999329e-01) (4, -4.73020988776250983499e-02) (5, 5.73052237406957654109e-01) (6, -1.58176054944180566331e+00) (7, -1.98409926792821933450e-01) (8, -3.11527208350729944986e-01) (9, -4.59549743010564948342e-02) (10, 1.33477328662432515038e+00) (11, -3.31055434884435562104e-01) (0, -2.83308492859311611411e+00) (1, 1.82865198413993090831e+00) (2, 2.45955043705908238394e+00) (3, -3.11300171138634784729e-01) (4, -1.13867495691086739740e+00) (5, 1.12515076129944779915e+00) (6, -3.10404505093795801685e+00) (7, -9.26719197894635082768e-01) (8, -4.52550075325556522277e-02) (9, -4.11257386976077776719e-01) (10, 1.93791504795742164369e+00) (11, -1.54238330598637429780e+00) (0, -4.53681898654457160802e+00) (1, 9.88204462423228457979e-01) (2, 1.14090126654920509530e+00) (3, -7.61605001134112447048e-02) (4, -8.52415132596059804682e-02) (5, 4.56695469692934286066e-01) (6, -2.27624298436600103201e+00) (7, -3.10796853801450667643e-01) (8, -3.75273660682272913736e-01) (9, -1.61110149629311194541e-01) (10, 1.33158122692860447778e+00) (11, -2.20629880668527539322e-01) (12, 1.05201328810785295076e+01) (13, 5.91635532949275777526e+00) (14, 1.05293800648782731599e+01) (15, -1.38032957452274218646e+00) 
