FANN_FLO_2.1
num_layers=3
learning_rate=0.700000
connection_rate=1.000000
network_type=0
learning_momentum=0.000000
training_algorithm=2
train_error_function=1
train_stop_function=1
cascade_output_change_fraction=0.010000
quickprop_decay=-0.000100
quickprop_mu=1.750000
rprop_increase_factor=1.200000
rprop_decrease_factor=0.500000
rprop_delta_min=0.000000
rprop_delta_max=50.000000
rprop_delta_zero=0.100000
cascade_output_stagnation_epochs=12
cascade_candidate_change_fraction=0.010000
cascade_candidate_stagnation_epochs=12
cascade_max_out_epochs=150
cascade_min_out_epochs=50
cascade_max_cand_epochs=150
cascade_min_cand_epochs=50
cascade_num_candidate_groups=2
bit_fail_limit=1.00000000000000005551e-01
cascade_candidate_limit=1.00000000000000000000e+03
cascade_weight_multiplier=4.00000000000000022204e-01
cascade_activation_functions_count=10
cascade_activation_functions=3 5 7 8 10 11 14 15 16 17 
cascade_activation_steepnesses_count=4
cascade_activation_steepnesses=2.50000000000000000000e-01 5.00000000000000000000e-01 7.50000000000000000000e-01 1.00000000000000000000e+00 
layer_sizes=11 4 2 
scale_included=0
neurons (num_inputs, activation_function, activation_steepness)=(0, 0, 0.00000000000000000000e+00) (0, 0, 0.00000000000000000000e+00) (0, 0, 0.00000000000000000000e+00) (0, 0, 0.00000000000000000000e+00) (0, 0, 0.00000000000000000000e+00) (0, 0, 0.00000000000000000000e+00) (0, 0, 0.00000000000000000000e+00) (0, 0, 0.00000000000000000000e+00) (0, 0, 0.00000000000000000000e+00) (0, 0, 0.00000000000000000000e+00) (0, 0, 0.00000000000000000000e+00) (11, 6, 5.00000000000000000000e-01) (11, 6, 5.00000000000000000000e-01) (11, 6, 5.00000000000000000000e-01) (0, 6, 0.00000000000000000000e+00) (4, 4, 5.00000000000000000000e-01) (0, 4, 0.00000000000000000000e+00) 
connections (connected_to_neuron, weight)=(0, -1.28298375631458005941e+00) (1, 2.00540994093078195348e+00) (2, 1.47146103719103482632e+00) (3, 2.40678563621445185117e-01) (4, 4.19589217008041803769e-01) (5, 2.77964368799245090114e-02) (6, 8.77086777191759203731e-01) (7, 2.23174657867463571703e-01) (8, -1.05206381688653483053e-01) (9, 3.69440381719930932558e-01) (10, -1.76246764949251688570e+00) (0, -1.28762430573589048421e+00) (1, 2.12519909799355000146e+00) (2, 1.46562624910700467495e+00) (3, 2.49186374154491907529e-01) (4, 4.14794068039345209531e-01) (5, -9.78067180597893409688e-05) (6, 8.85276917319894884884e-01) (7, 1.29028310850476168881e-01) (8, 4.72184999770017786724e-03) (9, 5.25446405007704120393e-01) (10, -1.75637684455801523775e+00) (0, 1.52799507858126593085e+00) (1, -1.17382189266410819073e+00) (2, -1.34582787337710896303e+00) (3, 1.61437671300190543899e-01) (4, 9.41603970171805970679e-03) (5, 3.31963782285306485687e-01) (6, -2.92334245680168303139e-01) (7, -1.70376881385864042961e+00) (8, 5.59906880121776917569e-01) (9, -1.92839496092348183787e-01) (10, 1.40948563660616099646e+00) (11, 9.37684985432217565915e+00) (12, 6.75167124279431174472e+00) (13, -1.08621704785662185344e+01) (14, -7.40046081540629785422e-01) 
