FANN_FLO_2.1
num_layers=3
learning_rate=0.700000
connection_rate=1.000000
network_type=0
learning_momentum=0.000000
training_algorithm=2
train_error_function=1
train_stop_function=1
cascade_output_change_fraction=0.010000
quickprop_decay=-0.000100
quickprop_mu=1.750000
rprop_increase_factor=1.200000
rprop_decrease_factor=0.500000
rprop_delta_min=0.000000
rprop_delta_max=50.000000
rprop_delta_zero=0.100000
cascade_output_stagnation_epochs=12
cascade_candidate_change_fraction=0.010000
cascade_candidate_stagnation_epochs=12
cascade_max_out_epochs=150
cascade_min_out_epochs=50
cascade_max_cand_epochs=150
cascade_min_cand_epochs=50
cascade_num_candidate_groups=2
bit_fail_limit=1.00000000000000005551e-01
cascade_candidate_limit=1.00000000000000000000e+03
cascade_weight_multiplier=4.00000000000000022204e-01
cascade_activation_functions_count=10
cascade_activation_functions=3 5 7 8 10 11 14 15 16 17 
cascade_activation_steepnesses_count=4
cascade_activation_steepnesses=2.50000000000000000000e-01 5.00000000000000000000e-01 7.50000000000000000000e-01 1.00000000000000000000e+00 
layer_sizes=17 4 2 
scale_included=0
neurons (num_inputs, activation_function, activation_steepness)=(0, 0, 0.00000000000000000000e+00) (0, 0, 0.00000000000000000000e+00) (0, 0, 0.00000000000000000000e+00) (0, 0, 0.00000000000000000000e+00) (0, 0, 0.00000000000000000000e+00) (0, 0, 0.00000000000000000000e+00) (0, 0, 0.00000000000000000000e+00) (0, 0, 0.00000000000000000000e+00) (0, 0, 0.00000000000000000000e+00) (0, 0, 0.00000000000000000000e+00) (0, 0, 0.00000000000000000000e+00) (0, 0, 0.00000000000000000000e+00) (0, 0, 0.00000000000000000000e+00) (0, 0, 0.00000000000000000000e+00) (0, 0, 0.00000000000000000000e+00) (0, 0, 0.00000000000000000000e+00) (0, 0, 0.00000000000000000000e+00) (17, 6, 5.00000000000000000000e-01) (17, 6, 5.00000000000000000000e-01) (17, 6, 5.00000000000000000000e-01) (0, 6, 0.00000000000000000000e+00) (4, 4, 5.00000000000000000000e-01) (0, 4, 0.00000000000000000000e+00) 
connections (connected_to_neuron, weight)=(0, -2.98023357820719925204e-01) (1, 6.74329537087017797603e+02) (2, 2.43517185023638589314e+01) (3, 2.43059532858147235856e+01) (4, 2.56064564802827483447e+01) (5, 2.49837039364316240153e+01) (6, 2.49130450420027571568e+01) (7, 2.44154732203758051412e+01) (8, 4.81660968652271204160e-01) (9, 1.14274908743684761037e-01) (10, 2.22991840087578108154e-01) (11, 3.04872218886521273440e-01) (12, 6.74213299755836033000e+02) (13, 2.47346714140084849021e+01) (14, 2.47278062917534811049e+01) (15, 2.50235360682072993654e+01) (16, -3.71999535637101474972e-01) (0, -1.37353387641490565230e+00) (1, 1.39480362152659336061e+03) (2, 2.62755367201949425748e+01) (3, 2.60887214947821419742e+01) (4, 2.55386589567137463064e+01) (5, 2.16047419431220362185e+01) (6, 2.56506840582764397141e+01) (7, 2.37076605767816417369e+01) (8, 9.78058276889708144708e-01) (9, 2.46453042076411416028e-01) (10, 7.13108924074543959470e-01) (11, 9.62426246785937578032e-01) (12, 1.39465731411033311815e+03) (13, 2.50642035425319420483e+01) (14, 2.45054357650056964246e+01) (15, 2.56887723730948493994e+01) (16, -9.01741082026400242455e-01) (0, -1.38238646256507502486e+00) (1, 1.39480163509749809236e+03) (2, 2.62062913594032593778e+01) (3, 2.61623561453403752353e+01) (4, 2.55872914220166904897e+01) (5, 2.15506505342732737063e+01) (6, 2.58111845996058235642e+01) (7, 2.36766410716682784710e+01) (8, 1.04673608970442044708e+00) (9, 3.86480187646929429501e-01) (10, 5.57881090642121657552e-01) (11, 1.34719915397016731795e+00) (12, 1.39477886403703132601e+03) (13, 2.50955759630217301037e+01) (14, 2.46077818500176555006e+01) (15, 2.56051964910772404949e+01) (16, -1.01553271188773441835e+00) (17, 9.68513813681347257578e-01) (18, 8.32207455254847516812e+00) (19, 1.00193363735901677103e+01) (20, -1.29391600120291783149e+00) 
