FANN_FLO_2.1
num_layers=3
learning_rate=0.700000
connection_rate=1.000000
network_type=0
learning_momentum=0.000000
training_algorithm=2
train_error_function=1
train_stop_function=1
cascade_output_change_fraction=0.010000
quickprop_decay=-0.000100
quickprop_mu=1.750000
rprop_increase_factor=1.200000
rprop_decrease_factor=0.500000
rprop_delta_min=0.000000
rprop_delta_max=50.000000
rprop_delta_zero=0.100000
cascade_output_stagnation_epochs=12
cascade_candidate_change_fraction=0.010000
cascade_candidate_stagnation_epochs=12
cascade_max_out_epochs=150
cascade_min_out_epochs=50
cascade_max_cand_epochs=150
cascade_min_cand_epochs=50
cascade_num_candidate_groups=2
bit_fail_limit=1.00000000000000005551e-01
cascade_candidate_limit=1.00000000000000000000e+03
cascade_weight_multiplier=4.00000000000000022204e-01
cascade_activation_functions_count=10
cascade_activation_functions=3 5 7 8 10 11 14 15 16 17 
cascade_activation_steepnesses_count=4
cascade_activation_steepnesses=2.50000000000000000000e-01 5.00000000000000000000e-01 7.50000000000000000000e-01 1.00000000000000000000e+00 
layer_sizes=9 4 2 
scale_included=0
neurons (num_inputs, activation_function, activation_steepness)=(0, 0, 0.00000000000000000000e+00) (0, 0, 0.00000000000000000000e+00) (0, 0, 0.00000000000000000000e+00) (0, 0, 0.00000000000000000000e+00) (0, 0, 0.00000000000000000000e+00) (0, 0, 0.00000000000000000000e+00) (0, 0, 0.00000000000000000000e+00) (0, 0, 0.00000000000000000000e+00) (0, 0, 0.00000000000000000000e+00) (9, 6, 5.00000000000000000000e-01) (9, 6, 5.00000000000000000000e-01) (9, 6, 5.00000000000000000000e-01) (0, 6, 0.00000000000000000000e+00) (4, 4, 5.00000000000000000000e-01) (0, 4, 0.00000000000000000000e+00) 
connections (connected_to_neuron, weight)=(0, 1.02236668829247512313e+00) (1, 2.38031642212282612547e+00) (2, 7.96730690020180931654e-01) (3, 2.25271014367006250367e+00) (4, -9.40168355125388210958e-01) (5, -9.17877973647058809092e-01) (6, 2.51338156295103054561e+00) (7, 1.55606946627106168535e+00) (8, -1.87632883209217493636e+00) (0, 7.00823873190495549856e-01) (1, 7.91111107159157778135e-01) (2, 4.32918417006576738970e-01) (3, 1.34889419216307882010e+00) (4, -3.54178331127080925356e+00) (5, -9.84281991840315950704e-01) (6, 8.34750509939417795202e-01) (7, 2.23935584337044035763e+00) (8, -7.74285721121975245573e-01) (0, 2.68206744107997663296e-01) (1, 3.85789819008384826660e-01) (2, -1.78453555918930550916e+00) (3, -1.36661185698740350603e+00) (4, 1.40227950487426267223e+00) (5, 1.11728537827810292526e+00) (6, 5.44470984175821626216e-01) (7, -7.41592368439134008717e-01) (8, 2.07324196604400778909e+00) (9, 7.61443645229104504324e+01) (10, 8.52358256270009606581e-01) (11, -5.88788492299546906139e+00) (12, -8.95649685676269791124e-01) 
