FANN_FLO_2.1
num_layers=3
learning_rate=0.700000
connection_rate=1.000000
network_type=0
learning_momentum=0.000000
training_algorithm=2
train_error_function=1
train_stop_function=1
cascade_output_change_fraction=0.010000
quickprop_decay=-0.000100
quickprop_mu=1.750000
rprop_increase_factor=1.200000
rprop_decrease_factor=0.500000
rprop_delta_min=0.000000
rprop_delta_max=50.000000
rprop_delta_zero=0.100000
cascade_output_stagnation_epochs=12
cascade_candidate_change_fraction=0.010000
cascade_candidate_stagnation_epochs=12
cascade_max_out_epochs=150
cascade_min_out_epochs=50
cascade_max_cand_epochs=150
cascade_min_cand_epochs=50
cascade_num_candidate_groups=2
bit_fail_limit=1.00000000000000005551e-01
cascade_candidate_limit=1.00000000000000000000e+03
cascade_weight_multiplier=4.00000000000000022204e-01
cascade_activation_functions_count=10
cascade_activation_functions=3 5 7 8 10 11 14 15 16 17 
cascade_activation_steepnesses_count=4
cascade_activation_steepnesses=2.50000000000000000000e-01 5.00000000000000000000e-01 7.50000000000000000000e-01 1.00000000000000000000e+00 
layer_sizes=9 4 2 
scale_included=0
neurons (num_inputs, activation_function, activation_steepness)=(0, 0, 0.00000000000000000000e+00) (0, 0, 0.00000000000000000000e+00) (0, 0, 0.00000000000000000000e+00) (0, 0, 0.00000000000000000000e+00) (0, 0, 0.00000000000000000000e+00) (0, 0, 0.00000000000000000000e+00) (0, 0, 0.00000000000000000000e+00) (0, 0, 0.00000000000000000000e+00) (0, 0, 0.00000000000000000000e+00) (9, 6, 5.00000000000000000000e-01) (9, 6, 5.00000000000000000000e-01) (9, 6, 5.00000000000000000000e-01) (0, 6, 0.00000000000000000000e+00) (4, 4, 5.00000000000000000000e-01) (0, 4, 0.00000000000000000000e+00) 
connections (connected_to_neuron, weight)=(0, 2.21588349954874619385e+00) (1, -1.97013185399282386712e+00) (2, -1.37707658877641159201e+00) (3, -9.90702960632533047303e-01) (4, -1.87255984872033920396e+00) (5, -2.66847709867807791895e+00) (6, -2.65949222775363125493e+00) (7, -1.74635500230719320491e+00) (8, 2.15614935953335074004e+00) (0, -2.24447337784929423776e+00) (1, 3.95611867047689536037e+00) (2, -4.50707715000603581501e-01) (3, 8.16227258689141810244e-01) (4, 1.19066712913692507314e+00) (5, 2.15735814959435501237e-01) (6, 4.44174303399374803547e-01) (7, 1.00656755417608670400e-01) (8, -2.24649653830690532175e+00) (0, -2.29599354671201377753e-01) (1, 1.55378470302803983749e+00) (2, 2.13997139816512471633e-01) (3, 4.39521330308587254709e-01) (4, 9.97513299468925751512e-01) (5, 4.14338660277163484125e-01) (6, 7.43182062060503745293e-01) (7, 7.64286595578713701116e-01) (8, -2.87822458362208877247e-01) (9, -1.03805167595697209748e+01) (10, 2.50505698892222072871e+00) (11, 9.34722668747736795680e-01) (12, -1.84573692993437044052e+00) 
