FANN_FLO_2.1
num_layers=3
learning_rate=0.700000
connection_rate=1.000000
network_type=0
learning_momentum=0.000000
training_algorithm=2
train_error_function=1
train_stop_function=1
cascade_output_change_fraction=0.010000
quickprop_decay=-0.000100
quickprop_mu=1.750000
rprop_increase_factor=1.200000
rprop_decrease_factor=0.500000
rprop_delta_min=0.000000
rprop_delta_max=50.000000
rprop_delta_zero=0.100000
cascade_output_stagnation_epochs=12
cascade_candidate_change_fraction=0.010000
cascade_candidate_stagnation_epochs=12
cascade_max_out_epochs=150
cascade_min_out_epochs=50
cascade_max_cand_epochs=150
cascade_min_cand_epochs=50
cascade_num_candidate_groups=2
bit_fail_limit=1.00000000000000005551e-01
cascade_candidate_limit=1.00000000000000000000e+03
cascade_weight_multiplier=4.00000000000000022204e-01
cascade_activation_functions_count=10
cascade_activation_functions=3 5 7 8 10 11 14 15 16 17 
cascade_activation_steepnesses_count=4
cascade_activation_steepnesses=2.50000000000000000000e-01 5.00000000000000000000e-01 7.50000000000000000000e-01 1.00000000000000000000e+00 
layer_sizes=11 4 2 
scale_included=0
neurons (num_inputs, activation_function, activation_steepness)=(0, 0, 0.00000000000000000000e+00) (0, 0, 0.00000000000000000000e+00) (0, 0, 0.00000000000000000000e+00) (0, 0, 0.00000000000000000000e+00) (0, 0, 0.00000000000000000000e+00) (0, 0, 0.00000000000000000000e+00) (0, 0, 0.00000000000000000000e+00) (0, 0, 0.00000000000000000000e+00) (0, 0, 0.00000000000000000000e+00) (0, 0, 0.00000000000000000000e+00) (0, 0, 0.00000000000000000000e+00) (11, 6, 5.00000000000000000000e-01) (11, 6, 5.00000000000000000000e-01) (11, 6, 5.00000000000000000000e-01) (0, 6, 0.00000000000000000000e+00) (4, 4, 5.00000000000000000000e-01) (0, 4, 0.00000000000000000000e+00) 
connections (connected_to_neuron, weight)=(0, -7.80462159928093202055e-01) (1, 1.11613042252899208329e+00) (2, 5.31578111740357517334e-01) (3, 2.71735283417993744859e-01) (4, 1.11989024922618030100e-01) (5, -1.48231578999656221640e-01) (6, 1.31256583974131701975e-01) (7, -8.43874346553263876558e-02) (8, -1.52609614664214632285e-01) (9, -1.10886089925996481065e-01) (10, -3.26627995907244755847e-02) (0, 1.79759746594157321375e+00) (1, -5.78747467686857852698e+00) (2, 1.45461123979840845077e-01) (3, 4.55847666796007300327e-01) (4, 5.93818077083387518833e-01) (5, 9.93390237880054538522e-01) (6, 1.04109801610545993356e+00) (7, 1.50229494125965179485e+00) (8, 1.45530633480670990032e+00) (9, 1.12441099618107420710e+00) (10, 1.60621144474866928142e+00) (0, -1.35775813762895158909e+00) (1, 5.72860570242132816077e+00) (2, 3.21838823231464954411e-01) (3, -2.05395552302596873240e-01) (4, -1.65385755683181590037e-01) (5, -5.94572399977449483899e-01) (6, -6.03909534636739797619e-01) (7, -1.07995480339752658594e+00) (8, -1.07492728572117313135e+00) (9, -6.33858845803741521863e-01) (10, -1.10633725713716968286e+00) (11, 1.62515790164666273920e-01) (12, -1.44416559045068315648e+00) (13, 3.17786955240576318715e+00) (14, -9.24837522616257734498e-01) 
