FANN_FLO_2.1
num_layers=3
learning_rate=0.700000
connection_rate=1.000000
network_type=0
learning_momentum=0.000000
training_algorithm=2
train_error_function=1
train_stop_function=1
cascade_output_change_fraction=0.010000
quickprop_decay=-0.000100
quickprop_mu=1.750000
rprop_increase_factor=1.200000
rprop_decrease_factor=0.500000
rprop_delta_min=0.000000
rprop_delta_max=50.000000
rprop_delta_zero=0.100000
cascade_output_stagnation_epochs=12
cascade_candidate_change_fraction=0.010000
cascade_candidate_stagnation_epochs=12
cascade_max_out_epochs=150
cascade_min_out_epochs=50
cascade_max_cand_epochs=150
cascade_min_cand_epochs=50
cascade_num_candidate_groups=2
bit_fail_limit=1.00000000000000005551e-01
cascade_candidate_limit=1.00000000000000000000e+03
cascade_weight_multiplier=4.00000000000000022204e-01
cascade_activation_functions_count=10
cascade_activation_functions=3 5 7 8 10 11 14 15 16 17 
cascade_activation_steepnesses_count=4
cascade_activation_steepnesses=2.50000000000000000000e-01 5.00000000000000000000e-01 7.50000000000000000000e-01 1.00000000000000000000e+00 
layer_sizes=9 4 2 
scale_included=0
neurons (num_inputs, activation_function, activation_steepness)=(0, 0, 0.00000000000000000000e+00) (0, 0, 0.00000000000000000000e+00) (0, 0, 0.00000000000000000000e+00) (0, 0, 0.00000000000000000000e+00) (0, 0, 0.00000000000000000000e+00) (0, 0, 0.00000000000000000000e+00) (0, 0, 0.00000000000000000000e+00) (0, 0, 0.00000000000000000000e+00) (0, 0, 0.00000000000000000000e+00) (9, 6, 5.00000000000000000000e-01) (9, 6, 5.00000000000000000000e-01) (9, 6, 5.00000000000000000000e-01) (0, 6, 0.00000000000000000000e+00) (4, 4, 5.00000000000000000000e-01) (0, 4, 0.00000000000000000000e+00) 
connections (connected_to_neuron, weight)=(0, -2.26035086217447878099e+00) (1, 4.64817131375857606201e+00) (2, 1.87216499515347856164e-01) (3, -1.17571261746219724031e+00) (4, -3.23033382842895289144e-01) (5, -5.91453553077204485788e-01) (6, -1.21264718694023221346e+00) (7, -1.26420168054632275911e+00) (8, -1.73166267076847568696e+00) (0, 2.71914691059158497577e-01) (1, 1.93922923865743501715e-01) (2, 9.82014206318325422185e-02) (3, 3.97184215449921246277e-02) (4, 1.41161715669596676825e-01) (5, -1.15007762812477223879e-01) (6, -1.25386990642913087601e-02) (7, 6.95651940965286846863e-02) (8, 1.07271783380077520564e-01) (0, -1.80545719215986744111e+00) (1, 4.71235294705220475464e+00) (2, 2.04923050173097032189e-01) (3, -1.11984395456842511507e+00) (4, -1.98889588663932581625e-01) (5, -6.31226302024348040476e-01) (6, -1.70076720664618030732e+00) (7, -1.72730314979670063202e+00) (8, -1.73093491295692936127e+00) (9, 3.70062976315121350268e+00) (10, 1.19310096232460194354e-01) (11, 3.71805658176045117358e+00) (12, -1.32822587523804180876e+00) 
