FANN_FLO_2.1
num_layers=3
learning_rate=0.700000
connection_rate=1.000000
network_type=0
learning_momentum=0.000000
training_algorithm=2
train_error_function=1
train_stop_function=1
cascade_output_change_fraction=0.010000
quickprop_decay=-0.000100
quickprop_mu=1.750000
rprop_increase_factor=1.200000
rprop_decrease_factor=0.500000
rprop_delta_min=0.000000
rprop_delta_max=50.000000
rprop_delta_zero=0.100000
cascade_output_stagnation_epochs=12
cascade_candidate_change_fraction=0.010000
cascade_candidate_stagnation_epochs=12
cascade_max_out_epochs=150
cascade_min_out_epochs=50
cascade_max_cand_epochs=150
cascade_min_cand_epochs=50
cascade_num_candidate_groups=2
bit_fail_limit=1.00000000000000005551e-01
cascade_candidate_limit=1.00000000000000000000e+03
cascade_weight_multiplier=4.00000000000000022204e-01
cascade_activation_functions_count=10
cascade_activation_functions=3 5 7 8 10 11 14 15 16 17 
cascade_activation_steepnesses_count=4
cascade_activation_steepnesses=2.50000000000000000000e-01 5.00000000000000000000e-01 7.50000000000000000000e-01 1.00000000000000000000e+00 
layer_sizes=14 4 2 
scale_included=0
neurons (num_inputs, activation_function, activation_steepness)=(0, 0, 0.00000000000000000000e+00) (0, 0, 0.00000000000000000000e+00) (0, 0, 0.00000000000000000000e+00) (0, 0, 0.00000000000000000000e+00) (0, 0, 0.00000000000000000000e+00) (0, 0, 0.00000000000000000000e+00) (0, 0, 0.00000000000000000000e+00) (0, 0, 0.00000000000000000000e+00) (0, 0, 0.00000000000000000000e+00) (0, 0, 0.00000000000000000000e+00) (0, 0, 0.00000000000000000000e+00) (0, 0, 0.00000000000000000000e+00) (0, 0, 0.00000000000000000000e+00) (0, 0, 0.00000000000000000000e+00) (14, 6, 5.00000000000000000000e-01) (14, 6, 5.00000000000000000000e-01) (14, 6, 5.00000000000000000000e-01) (0, 6, 0.00000000000000000000e+00) (4, 4, 5.00000000000000000000e-01) (0, 4, 0.00000000000000000000e+00) 
connections (connected_to_neuron, weight)=(0, 4.07870520244480250227e+00) (1, -3.89008353515832272507e+00) (2, -6.69920747281109729698e-01) (3, -2.11055314060836751722e+00) (4, -2.03466993090301473401e+00) (5, 1.31252529073975487961e+00) (6, -6.54759046880308215322e+00) (7, 3.99223746665269896283e+00) (8, -3.01218899781436788565e-01) (9, -1.83225895276813410817e+00) (10, 3.97502124987990423932e+00) (11, -2.13075214889436681531e+00) (12, -4.70627584705895074535e+00) (13, 4.10132240809948189764e+00) (0, 4.23864230851770695807e+00) (1, -3.86076464741794911362e+00) (2, -7.17411604822670856407e-01) (3, -1.78434545359163188039e+00) (4, -3.31016997138172630599e+00) (5, 1.40097038049719735398e+00) (6, -8.46014848535818586583e+00) (7, 4.10719917275459511785e+00) (8, 2.06849297848332813743e+00) (9, -1.80957679262905024586e+00) (10, 4.06500260092766030340e+00) (11, -2.09493390735774953626e+00) (12, -4.69500276843851693798e+00) (13, 4.10793537952453835516e+00) (0, 5.32947095884264143706e+00) (1, -3.49643889417494158067e+00) (2, -1.03065540068299332788e+00) (3, -2.53436711778046985799e+00) (4, -3.46519405197265628615e+00) (5, 1.03043646902801500076e+00) (6, -4.31419256256354266554e+00) (7, 2.96244648144072053597e+00) (8, 1.74850327365762137077e+00) (9, -2.54226313878896137410e+00) (10, 2.83250200793570039437e+00) (11, -2.47931573142411609822e+00) (12, -3.47996896077291850702e+00) (13, 4.13122539560438273298e+00) (14, -3.76834696445025851830e+00) (15, -3.76718263241805484398e+00) (16, -3.80000059965409686669e+00) (17, -9.67908548145736125079e-01) 
