FANN_FLO_2.1
num_layers=3
learning_rate=0.700000
connection_rate=1.000000
network_type=0
learning_momentum=0.000000
training_algorithm=2
train_error_function=1
train_stop_function=1
cascade_output_change_fraction=0.010000
quickprop_decay=-0.000100
quickprop_mu=1.750000
rprop_increase_factor=1.200000
rprop_decrease_factor=0.500000
rprop_delta_min=0.000000
rprop_delta_max=50.000000
rprop_delta_zero=0.100000
cascade_output_stagnation_epochs=12
cascade_candidate_change_fraction=0.010000
cascade_candidate_stagnation_epochs=12
cascade_max_out_epochs=150
cascade_min_out_epochs=50
cascade_max_cand_epochs=150
cascade_min_cand_epochs=50
cascade_num_candidate_groups=2
bit_fail_limit=1.00000000000000005551e-01
cascade_candidate_limit=1.00000000000000000000e+03
cascade_weight_multiplier=4.00000000000000022204e-01
cascade_activation_functions_count=10
cascade_activation_functions=3 5 7 8 10 11 14 15 16 17 
cascade_activation_steepnesses_count=4
cascade_activation_steepnesses=2.50000000000000000000e-01 5.00000000000000000000e-01 7.50000000000000000000e-01 1.00000000000000000000e+00 
layer_sizes=11 4 2 
scale_included=0
neurons (num_inputs, activation_function, activation_steepness)=(0, 0, 0.00000000000000000000e+00) (0, 0, 0.00000000000000000000e+00) (0, 0, 0.00000000000000000000e+00) (0, 0, 0.00000000000000000000e+00) (0, 0, 0.00000000000000000000e+00) (0, 0, 0.00000000000000000000e+00) (0, 0, 0.00000000000000000000e+00) (0, 0, 0.00000000000000000000e+00) (0, 0, 0.00000000000000000000e+00) (0, 0, 0.00000000000000000000e+00) (0, 0, 0.00000000000000000000e+00) (11, 6, 5.00000000000000000000e-01) (11, 6, 5.00000000000000000000e-01) (11, 6, 5.00000000000000000000e-01) (0, 6, 0.00000000000000000000e+00) (4, 4, 5.00000000000000000000e-01) (0, 4, 0.00000000000000000000e+00) 
connections (connected_to_neuron, weight)=(0, -1.82725123611826711922e+00) (1, 9.37855255419921718385e+00) (2, 7.23616172021290804395e-02) (3, -3.49594491516985961255e-01) (4, -6.88752868506431359386e-01) (5, -1.40445163973945419400e+00) (6, -7.34813996884345788096e-01) (7, -1.07952922657048255850e+00) (8, -1.49323137977498809903e+00) (9, -1.36106106766837875455e+00) (10, -1.45855700352567474454e+00) (0, -7.81409029529279153259e-02) (1, 1.83315467457994651923e+00) (2, 8.64228492679079085548e-01) (3, 4.65009366917090161131e-01) (4, 2.52449621966567450126e-01) (5, -8.34903800212183633267e-02) (6, 2.57067194127327758313e-01) (7, 1.46498375087988103038e-01) (8, -1.04965061485851024470e-01) (9, -1.39535427630031294566e-01) (10, -3.76553019286038140323e-02) (0, 8.00789898641206754348e-01) (1, -3.60328877449801865396e+00) (2, -1.72216331716055126577e+00) (3, -1.76775788662658972505e-01) (4, 3.55521363630957806801e-02) (5, 7.55535202566773977928e-01) (6, 1.95719522848792279457e-02) (7, 1.70974375244136278518e-01) (8, 6.01899398956687647910e-01) (9, 4.40118706318921915077e-01) (10, 7.32593527443506475905e-01) (11, 4.75590166937319480667e+00) (12, 6.45113442120737290431e-01) (13, -2.10693011636535576514e+00) (14, -2.20974258176936810827e+00) 
