FANN_FLO_2.1
num_layers=3
learning_rate=0.700000
connection_rate=1.000000
network_type=0
learning_momentum=0.000000
training_algorithm=2
train_error_function=1
train_stop_function=1
cascade_output_change_fraction=0.010000
quickprop_decay=-0.000100
quickprop_mu=1.750000
rprop_increase_factor=1.200000
rprop_decrease_factor=0.500000
rprop_delta_min=0.000000
rprop_delta_max=50.000000
rprop_delta_zero=0.100000
cascade_output_stagnation_epochs=12
cascade_candidate_change_fraction=0.010000
cascade_candidate_stagnation_epochs=12
cascade_max_out_epochs=150
cascade_min_out_epochs=50
cascade_max_cand_epochs=150
cascade_min_cand_epochs=50
cascade_num_candidate_groups=2
bit_fail_limit=1.00000000000000005551e-01
cascade_candidate_limit=1.00000000000000000000e+03
cascade_weight_multiplier=4.00000000000000022204e-01
cascade_activation_functions_count=10
cascade_activation_functions=3 5 7 8 10 11 14 15 16 17 
cascade_activation_steepnesses_count=4
cascade_activation_steepnesses=2.50000000000000000000e-01 5.00000000000000000000e-01 7.50000000000000000000e-01 1.00000000000000000000e+00 
layer_sizes=10 4 2 
scale_included=0
neurons (num_inputs, activation_function, activation_steepness)=(0, 0, 0.00000000000000000000e+00) (0, 0, 0.00000000000000000000e+00) (0, 0, 0.00000000000000000000e+00) (0, 0, 0.00000000000000000000e+00) (0, 0, 0.00000000000000000000e+00) (0, 0, 0.00000000000000000000e+00) (0, 0, 0.00000000000000000000e+00) (0, 0, 0.00000000000000000000e+00) (0, 0, 0.00000000000000000000e+00) (0, 0, 0.00000000000000000000e+00) (10, 6, 5.00000000000000000000e-01) (10, 6, 5.00000000000000000000e-01) (10, 6, 5.00000000000000000000e-01) (0, 6, 0.00000000000000000000e+00) (4, 4, 5.00000000000000000000e-01) (0, 4, 0.00000000000000000000e+00) 
connections (connected_to_neuron, weight)=(0, 1.35502572164262713450e+00) (1, -5.02946302741046014084e-01) (2, -7.10468888036613854808e+00) (3, 1.33580754259828182740e-01) (4, 5.19695617488628025527e-01) (5, 1.73723037103417854432e-01) (6, 5.96610047522088682292e-01) (7, 2.19197146695692846041e-01) (8, 3.84571765304648760520e-01) (9, 1.46695381954635561961e+00) (0, -2.93434868867209708299e-01) (1, 1.09572850045822123288e-01) (2, 3.08145308295948350263e+00) (3, 5.53994413253984352430e-01) (4, 1.43431311933636562728e-01) (5, 6.67854487684688469251e-01) (6, -1.43068647811410640247e-02) (7, 1.61733319000246483776e-01) (8, 5.10371454038637192840e-02) (9, -4.52105790808016161364e-01) (0, -8.59230775002576718791e-01) (1, -9.81454856466064257114e-02) (2, 7.02937979750042352123e+00) (3, 4.55669188466987007402e-01) (4, 2.41183201662023671830e-01) (5, 3.54763743993958824419e-01) (6, -2.42847276915080567683e-01) (7, 4.94355341028215322652e-01) (8, 2.10129905690191937095e-01) (9, -8.66346019867994199259e-01) (10, -3.35985412498934543635e+00) (11, 2.88514629940254518914e+00) (12, 3.72256927231162704217e+00) (13, -1.16244819646140395974e+00) 
