FANN_FLO_2.1
num_layers=3
learning_rate=0.700000
connection_rate=1.000000
network_type=0
learning_momentum=0.000000
training_algorithm=2
train_error_function=1
train_stop_function=1
cascade_output_change_fraction=0.010000
quickprop_decay=-0.000100
quickprop_mu=1.750000
rprop_increase_factor=1.200000
rprop_decrease_factor=0.500000
rprop_delta_min=0.000000
rprop_delta_max=50.000000
rprop_delta_zero=0.100000
cascade_output_stagnation_epochs=12
cascade_candidate_change_fraction=0.010000
cascade_candidate_stagnation_epochs=12
cascade_max_out_epochs=150
cascade_min_out_epochs=50
cascade_max_cand_epochs=150
cascade_min_cand_epochs=50
cascade_num_candidate_groups=2
bit_fail_limit=1.00000000000000005551e-01
cascade_candidate_limit=1.00000000000000000000e+03
cascade_weight_multiplier=4.00000000000000022204e-01
cascade_activation_functions_count=10
cascade_activation_functions=3 5 7 8 10 11 14 15 16 17 
cascade_activation_steepnesses_count=4
cascade_activation_steepnesses=2.50000000000000000000e-01 5.00000000000000000000e-01 7.50000000000000000000e-01 1.00000000000000000000e+00 
layer_sizes=9 4 2 
scale_included=0
neurons (num_inputs, activation_function, activation_steepness)=(0, 0, 0.00000000000000000000e+00) (0, 0, 0.00000000000000000000e+00) (0, 0, 0.00000000000000000000e+00) (0, 0, 0.00000000000000000000e+00) (0, 0, 0.00000000000000000000e+00) (0, 0, 0.00000000000000000000e+00) (0, 0, 0.00000000000000000000e+00) (0, 0, 0.00000000000000000000e+00) (0, 0, 0.00000000000000000000e+00) (9, 6, 5.00000000000000000000e-01) (9, 6, 5.00000000000000000000e-01) (9, 6, 5.00000000000000000000e-01) (0, 6, 0.00000000000000000000e+00) (4, 4, 5.00000000000000000000e-01) (0, 4, 0.00000000000000000000e+00) 
connections (connected_to_neuron, weight)=(0, -9.75333590275263007108e-02) (1, 2.52246093488645184433e-01) (2, 3.23219864958343816586e-01) (3, 1.24528160607518395553e-01) (4, 2.72984167074923844698e-01) (5, 2.29170264079500751730e-01) (6, 1.35212243869234666205e-01) (7, 3.22955784833197867556e-01) (8, 2.76711246740560697088e-02) (0, 1.55775400300018951327e+00) (1, -1.57947430387906062599e+00) (2, -1.19153695246634350191e+00) (3, -7.22909300487429851145e-01) (4, 7.21183641619356663455e-01) (5, -4.01411458339526183714e-01) (6, -3.93742806699110992064e-01) (7, 7.03902362651499302615e-01) (8, 1.36392266655721439150e+00) (0, -1.07650245367637564797e+00) (1, 4.18651116631986786043e-01) (2, 2.53024405600647739334e+00) (3, 2.57399821068945211522e-01) (4, 2.10167305412211680160e-01) (5, 2.39027027432849620281e-01) (6, 3.03055495748756953400e-01) (7, 6.70237931036141015850e-02) (8, 4.79470917451125036579e-02) (9, 1.05968526266725898699e-01) (10, -2.24078392499097311941e+01) (11, 1.06790490079429911674e+00) (12, -5.51097727945707216435e-01) 
