FANN_FLO_2.1
num_layers=3
learning_rate=0.700000
connection_rate=1.000000
network_type=0
learning_momentum=0.000000
training_algorithm=2
train_error_function=1
train_stop_function=1
cascade_output_change_fraction=0.010000
quickprop_decay=-0.000100
quickprop_mu=1.750000
rprop_increase_factor=1.200000
rprop_decrease_factor=0.500000
rprop_delta_min=0.000000
rprop_delta_max=50.000000
rprop_delta_zero=0.100000
cascade_output_stagnation_epochs=12
cascade_candidate_change_fraction=0.010000
cascade_candidate_stagnation_epochs=12
cascade_max_out_epochs=150
cascade_min_out_epochs=50
cascade_max_cand_epochs=150
cascade_min_cand_epochs=50
cascade_num_candidate_groups=2
bit_fail_limit=1.00000000000000005551e-01
cascade_candidate_limit=1.00000000000000000000e+03
cascade_weight_multiplier=4.00000000000000022204e-01
cascade_activation_functions_count=10
cascade_activation_functions=3 5 7 8 10 11 14 15 16 17 
cascade_activation_steepnesses_count=4
cascade_activation_steepnesses=2.50000000000000000000e-01 5.00000000000000000000e-01 7.50000000000000000000e-01 1.00000000000000000000e+00 
layer_sizes=15 4 2 
scale_included=0
neurons (num_inputs, activation_function, activation_steepness)=(0, 0, 0.00000000000000000000e+00) (0, 0, 0.00000000000000000000e+00) (0, 0, 0.00000000000000000000e+00) (0, 0, 0.00000000000000000000e+00) (0, 0, 0.00000000000000000000e+00) (0, 0, 0.00000000000000000000e+00) (0, 0, 0.00000000000000000000e+00) (0, 0, 0.00000000000000000000e+00) (0, 0, 0.00000000000000000000e+00) (0, 0, 0.00000000000000000000e+00) (0, 0, 0.00000000000000000000e+00) (0, 0, 0.00000000000000000000e+00) (0, 0, 0.00000000000000000000e+00) (0, 0, 0.00000000000000000000e+00) (0, 0, 0.00000000000000000000e+00) (15, 6, 5.00000000000000000000e-01) (15, 6, 5.00000000000000000000e-01) (15, 6, 5.00000000000000000000e-01) (0, 6, 0.00000000000000000000e+00) (4, 4, 5.00000000000000000000e-01) (0, 4, 0.00000000000000000000e+00) 
connections (connected_to_neuron, weight)=(0, -3.74548289214825791404e+00) (1, 1.36492080236597801424e+00) (2, 4.04581260930629627026e-01) (3, 1.36274286162404356659e+00) (4, 1.34133256355762320311e+00) (5, -4.68984895124382406006e-01) (6, 5.56272493558033764849e-01) (7, 3.18270397511869829188e+00) (8, 7.82236575084022778270e-01) (9, 3.17517047734147128679e+00) (10, 2.19091100892862072902e-01) (11, 1.37484994333533583344e+00) (12, 3.44773474897975120257e+02) (13, 1.32041949478695430642e+00) (14, -1.47834751784021878329e+00) (0, -4.30346891309900614342e-01) (1, 5.25694049047602640634e-01) (2, 7.72476501560349915199e-02) (3, 9.34469451167343145848e-01) (4, 4.59277852190520197162e-01) (5, 8.39764895422319690432e-02) (6, 3.78403238751032711118e-01) (7, 6.36589789007782513863e-01) (8, 1.86596934915984030701e-01) (9, 4.73081650081970894739e-01) (10, 7.32601290549195982571e-01) (11, 8.35284722008465041476e-01) (12, 6.14349192593534141338e+01) (13, 5.99210891231866105144e-01) (14, -1.86326213926483630345e-01) (0, -8.82768474214908782649e-01) (1, -2.57313485837056377115e-01) (2, 7.33373010439654082759e-02) (3, 7.93083366388004362690e-01) (4, 1.57924108651925294566e+01) (5, 1.99173790114502285986e-01) (6, 4.48853353737440785576e-01) (7, 5.52309530840991769196e-01) (8, 1.85823253466093157860e-01) (9, 6.22308265165187779466e-01) (10, 9.15935381072914833744e-02) (11, 1.41194808946439365194e+00) (12, 6.14085381894369177758e+01) (13, -8.15025440063360306908e-01) (14, -2.95294901205218063289e-01) (15, 3.76662444228780799449e+01) (16, 9.30542927106741024623e-01) (17, 2.76811038434569833822e-01) (18, -1.76555602543294498652e+00) 
