FANN_FLO_2.1
num_layers=3
learning_rate=0.700000
connection_rate=1.000000
network_type=0
learning_momentum=0.000000
training_algorithm=2
train_error_function=1
train_stop_function=1
cascade_output_change_fraction=0.010000
quickprop_decay=-0.000100
quickprop_mu=1.750000
rprop_increase_factor=1.200000
rprop_decrease_factor=0.500000
rprop_delta_min=0.000000
rprop_delta_max=50.000000
rprop_delta_zero=0.100000
cascade_output_stagnation_epochs=12
cascade_candidate_change_fraction=0.010000
cascade_candidate_stagnation_epochs=12
cascade_max_out_epochs=150
cascade_min_out_epochs=50
cascade_max_cand_epochs=150
cascade_min_cand_epochs=50
cascade_num_candidate_groups=2
bit_fail_limit=1.00000000000000005551e-01
cascade_candidate_limit=1.00000000000000000000e+03
cascade_weight_multiplier=4.00000000000000022204e-01
cascade_activation_functions_count=10
cascade_activation_functions=3 5 7 8 10 11 14 15 16 17 
cascade_activation_steepnesses_count=4
cascade_activation_steepnesses=2.50000000000000000000e-01 5.00000000000000000000e-01 7.50000000000000000000e-01 1.00000000000000000000e+00 
layer_sizes=14 4 2 
scale_included=0
neurons (num_inputs, activation_function, activation_steepness)=(0, 0, 0.00000000000000000000e+00) (0, 0, 0.00000000000000000000e+00) (0, 0, 0.00000000000000000000e+00) (0, 0, 0.00000000000000000000e+00) (0, 0, 0.00000000000000000000e+00) (0, 0, 0.00000000000000000000e+00) (0, 0, 0.00000000000000000000e+00) (0, 0, 0.00000000000000000000e+00) (0, 0, 0.00000000000000000000e+00) (0, 0, 0.00000000000000000000e+00) (0, 0, 0.00000000000000000000e+00) (0, 0, 0.00000000000000000000e+00) (0, 0, 0.00000000000000000000e+00) (0, 0, 0.00000000000000000000e+00) (14, 6, 5.00000000000000000000e-01) (14, 6, 5.00000000000000000000e-01) (14, 6, 5.00000000000000000000e-01) (0, 6, 0.00000000000000000000e+00) (4, 4, 5.00000000000000000000e-01) (0, 4, 0.00000000000000000000e+00) 
connections (connected_to_neuron, weight)=(0, 2.64208490038412380230e+00) (1, 1.66616118909822774619e+00) (2, 2.60158770645647408060e+00) (3, 2.01282430146968921436e-01) (4, 2.49547358748411118867e+00) (5, 1.27028499069636979790e-01) (6, 2.69568477437671250030e+00) (7, 2.71779894559850854208e+00) (8, 2.73236265191046889811e+00) (9, 2.72623836476989511723e+00) (10, 2.77746152211434349510e+00) (11, 2.65051136984043411715e+00) (12, 1.79354129288864161396e+00) (13, -2.71488618954736127264e+00) (0, -2.13440460178752650089e-01) (1, 4.67019388500778953599e-01) (2, -1.79628439833003739068e+00) (3, 2.73526310818189066776e-01) (4, -1.65271884424405302028e+00) (5, 1.36729977311011961782e-02) (6, -1.45477632038148918525e+00) (7, -1.91519116649827148002e+00) (8, -1.72923260725361616075e+00) (9, -1.76408906079155758384e+00) (10, -1.78924552606347209149e+00) (11, -1.62521768283179568471e+00) (12, 5.93633256931203057150e-01) (13, 1.55931897434262123348e+00) (0, 2.54147736187744444081e+00) (1, 1.65377310754170614437e+00) (2, 1.88102610427030647600e+00) (3, 1.56139829808144420253e-01) (4, 1.85854926196118741544e+00) (5, 1.74526500395507988550e-01) (6, 1.84273835115486317449e+00) (7, 1.47186306864400817673e+00) (8, 2.28188179189281292736e+00) (9, 2.26460242116425947145e+00) (10, 2.14385230950066318911e+00) (11, 2.21581868348987587325e+00) (12, 1.23190171199796716373e+00) (13, -2.14867863208930653940e+00) (14, 4.68590719071889338920e+01) (15, -3.44534750183879046048e+00) (16, 5.54462124678020629176e+00) (17, -1.31010195670506646159e+00) 
