FANN_FLO_2.1
num_layers=3
learning_rate=0.700000
connection_rate=1.000000
network_type=0
learning_momentum=0.000000
training_algorithm=2
train_error_function=1
train_stop_function=1
cascade_output_change_fraction=0.010000
quickprop_decay=-0.000100
quickprop_mu=1.750000
rprop_increase_factor=1.200000
rprop_decrease_factor=0.500000
rprop_delta_min=0.000000
rprop_delta_max=50.000000
rprop_delta_zero=0.100000
cascade_output_stagnation_epochs=12
cascade_candidate_change_fraction=0.010000
cascade_candidate_stagnation_epochs=12
cascade_max_out_epochs=150
cascade_min_out_epochs=50
cascade_max_cand_epochs=150
cascade_min_cand_epochs=50
cascade_num_candidate_groups=2
bit_fail_limit=1.00000000000000005551e-01
cascade_candidate_limit=1.00000000000000000000e+03
cascade_weight_multiplier=4.00000000000000022204e-01
cascade_activation_functions_count=10
cascade_activation_functions=3 5 7 8 10 11 14 15 16 17 
cascade_activation_steepnesses_count=4
cascade_activation_steepnesses=2.50000000000000000000e-01 5.00000000000000000000e-01 7.50000000000000000000e-01 1.00000000000000000000e+00 
layer_sizes=8 4 2 
scale_included=0
neurons (num_inputs, activation_function, activation_steepness)=(0, 0, 0.00000000000000000000e+00) (0, 0, 0.00000000000000000000e+00) (0, 0, 0.00000000000000000000e+00) (0, 0, 0.00000000000000000000e+00) (0, 0, 0.00000000000000000000e+00) (0, 0, 0.00000000000000000000e+00) (0, 0, 0.00000000000000000000e+00) (0, 0, 0.00000000000000000000e+00) (8, 6, 5.00000000000000000000e-01) (8, 6, 5.00000000000000000000e-01) (8, 6, 5.00000000000000000000e-01) (0, 6, 0.00000000000000000000e+00) (4, 4, 5.00000000000000000000e-01) (0, 4, 0.00000000000000000000e+00) 
connections (connected_to_neuron, weight)=(0, -2.77597845395806608337e+00) (1, 1.34688070665342340959e+00) (2, 3.01319991293531685983e+00) (3, 1.31941195694924529036e+00) (4, 2.68700058802786179157e+00) (5, -8.13109117674922998731e-01) (6, 1.25563709439389299405e+01) (7, -2.91105291699834012320e+00) (0, 1.61817934924956863263e+00) (1, -7.94053190457678748082e-01) (2, -6.77174509398504764768e-01) (3, -2.37344651480411572564e+00) (4, -2.31117340137987836712e+00) (5, -2.13165511817991726318e+00) (6, 2.40545892670840011363e+00) (7, 1.62131094748374526837e+00) (0, -7.22479300694813697525e-01) (1, 8.63318209363428290537e-01) (2, -9.08322927560153536852e-01) (3, 2.87001410186244187983e+00) (4, 6.18094639854755811825e+00) (5, 8.02746514253866649824e+00) (6, -1.08886923714853907086e+01) (7, -4.50609490335049323040e-01) (8, 1.26309594307237382793e+01) (9, -8.92723214722252933484e+00) (10, 3.60891582243178365985e+00) (11, -5.07110162580315027014e+00) 
