FANN_FLO_2.1
num_layers=3
learning_rate=0.700000
connection_rate=1.000000
network_type=0
learning_momentum=0.000000
training_algorithm=2
train_error_function=1
train_stop_function=1
cascade_output_change_fraction=0.010000
quickprop_decay=-0.000100
quickprop_mu=1.750000
rprop_increase_factor=1.200000
rprop_decrease_factor=0.500000
rprop_delta_min=0.000000
rprop_delta_max=50.000000
rprop_delta_zero=0.100000
cascade_output_stagnation_epochs=12
cascade_candidate_change_fraction=0.010000
cascade_candidate_stagnation_epochs=12
cascade_max_out_epochs=150
cascade_min_out_epochs=50
cascade_max_cand_epochs=150
cascade_min_cand_epochs=50
cascade_num_candidate_groups=2
bit_fail_limit=1.00000000000000005551e-01
cascade_candidate_limit=1.00000000000000000000e+03
cascade_weight_multiplier=4.00000000000000022204e-01
cascade_activation_functions_count=10
cascade_activation_functions=3 5 7 8 10 11 14 15 16 17 
cascade_activation_steepnesses_count=4
cascade_activation_steepnesses=2.50000000000000000000e-01 5.00000000000000000000e-01 7.50000000000000000000e-01 1.00000000000000000000e+00 
layer_sizes=10 4 2 
scale_included=0
neurons (num_inputs, activation_function, activation_steepness)=(0, 0, 0.00000000000000000000e+00) (0, 0, 0.00000000000000000000e+00) (0, 0, 0.00000000000000000000e+00) (0, 0, 0.00000000000000000000e+00) (0, 0, 0.00000000000000000000e+00) (0, 0, 0.00000000000000000000e+00) (0, 0, 0.00000000000000000000e+00) (0, 0, 0.00000000000000000000e+00) (0, 0, 0.00000000000000000000e+00) (0, 0, 0.00000000000000000000e+00) (10, 6, 5.00000000000000000000e-01) (10, 6, 5.00000000000000000000e-01) (10, 6, 5.00000000000000000000e-01) (0, 6, 0.00000000000000000000e+00) (4, 4, 5.00000000000000000000e-01) (0, 4, 0.00000000000000000000e+00) 
connections (connected_to_neuron, weight)=(0, -8.75490383639665803450e-01) (1, 1.26117956069748538006e+00) (2, 2.08405041298827697904e-01) (3, -2.97261352642119724976e-02) (4, -8.69993148751803807572e-02) (5, 6.12005022314822011431e-01) (6, 2.26828395774654945072e+00) (7, 7.24764621380288298624e-01) (8, 4.08280338235899598054e-01) (9, -3.76059275833414141665e-01) (0, -4.66277578538328718594e+00) (1, 3.14573810130132569540e+00) (2, -7.69769026560887664745e-02) (3, -6.78107932180088690544e-01) (4, -1.73079466714081098289e+00) (5, 1.18398428945178868510e+00) (6, 1.53729026898390186417e+00) (7, 1.38838374008676490590e+00) (8, -7.15148001557669887873e-01) (9, -1.27398770194168076131e+00) (0, -9.70862107621451975170e-01) (1, 1.17720112381022112835e+00) (2, 1.90516987047156832746e-01) (3, 6.34172943429409524674e-02) (4, -4.73179472990580829439e-02) (5, 5.23359213916098631181e-01) (6, 2.21703288903526862796e+00) (7, 6.44093109789807272136e-01) (8, 5.04941298701569230012e-01) (9, -3.85608565775201861392e-01) (10, 4.55230018178850504018e-01) (11, 4.23047516106758010324e+01) (12, 4.63145708720117899038e-01) (13, -1.03640646094041244396e+00) 
