FANN_FLO_2.1
num_layers=3
learning_rate=0.700000
connection_rate=1.000000
network_type=0
learning_momentum=0.000000
training_algorithm=2
train_error_function=1
train_stop_function=1
cascade_output_change_fraction=0.010000
quickprop_decay=-0.000100
quickprop_mu=1.750000
rprop_increase_factor=1.200000
rprop_decrease_factor=0.500000
rprop_delta_min=0.000000
rprop_delta_max=50.000000
rprop_delta_zero=0.100000
cascade_output_stagnation_epochs=12
cascade_candidate_change_fraction=0.010000
cascade_candidate_stagnation_epochs=12
cascade_max_out_epochs=150
cascade_min_out_epochs=50
cascade_max_cand_epochs=150
cascade_min_cand_epochs=50
cascade_num_candidate_groups=2
bit_fail_limit=1.00000000000000005551e-01
cascade_candidate_limit=1.00000000000000000000e+03
cascade_weight_multiplier=4.00000000000000022204e-01
cascade_activation_functions_count=10
cascade_activation_functions=3 5 7 8 10 11 14 15 16 17 
cascade_activation_steepnesses_count=4
cascade_activation_steepnesses=2.50000000000000000000e-01 5.00000000000000000000e-01 7.50000000000000000000e-01 1.00000000000000000000e+00 
layer_sizes=16 4 2 
scale_included=0
neurons (num_inputs, activation_function, activation_steepness)=(0, 0, 0.00000000000000000000e+00) (0, 0, 0.00000000000000000000e+00) (0, 0, 0.00000000000000000000e+00) (0, 0, 0.00000000000000000000e+00) (0, 0, 0.00000000000000000000e+00) (0, 0, 0.00000000000000000000e+00) (0, 0, 0.00000000000000000000e+00) (0, 0, 0.00000000000000000000e+00) (0, 0, 0.00000000000000000000e+00) (0, 0, 0.00000000000000000000e+00) (0, 0, 0.00000000000000000000e+00) (0, 0, 0.00000000000000000000e+00) (0, 0, 0.00000000000000000000e+00) (0, 0, 0.00000000000000000000e+00) (0, 0, 0.00000000000000000000e+00) (0, 0, 0.00000000000000000000e+00) (16, 6, 5.00000000000000000000e-01) (16, 6, 5.00000000000000000000e-01) (16, 6, 5.00000000000000000000e-01) (0, 6, 0.00000000000000000000e+00) (4, 4, 5.00000000000000000000e-01) (0, 4, 0.00000000000000000000e+00) 
connections (connected_to_neuron, weight)=(0, -1.98987824829699633256e+00) (1, 2.02735322134973650066e+00) (2, 8.59391726635134300949e-01) (3, -6.90515344440324030373e-01) (4, 2.26438827742610843119e-01) (5, -1.83290627586128351822e+00) (6, 2.07426639067413454143e+00) (7, 1.18472311161187143780e-01) (8, 1.97371439801933412639e+00) (9, 8.46762689572839455376e-02) (10, 2.06881505417110567180e+00) (11, 6.12404602390794472466e-02) (12, 2.00924322547795419780e+00) (13, 6.99920984727410988580e-02) (14, 2.05349040197612886516e+00) (15, -3.53560588834635425304e-01) (0, 4.80805051543438377593e+00) (1, -4.80216071598851623747e+00) (2, 1.38145988922425244638e-01) (3, 1.05754445536645080850e+00) (4, -1.93015523825320972628e-01) (5, 3.31335101084571670427e+00) (6, -4.82047511108839454863e+00) (7, 4.37333158231711927044e-01) (8, -4.65943186201775016997e+00) (9, 4.36922336942887845623e-01) (10, -4.81090781309330406401e+00) (11, 5.32673775232768598187e-01) (12, -4.68587191619598808501e+00) (13, 5.56344508207774701702e-01) (14, -4.77580202587568702910e+00) (15, 8.69870111780482901942e-01) (0, -1.99159642296316263810e+00) (1, 2.04862463640453462688e+00) (2, 8.86972101570956517058e-01) (3, -5.72089143598653926404e-01) (4, 2.88957677711521032649e-01) (5, -1.40305637051003806448e+00) (6, 1.96493542360546236125e+00) (7, 9.35984286290673928033e-02) (8, 1.96018210219623689738e+00) (9, 1.08890432379868479229e-01) (10, 1.95748177336933260051e+00) (11, 2.63856031355293341178e-01) (12, 1.98152540045263414470e+00) (13, 3.05402882751854010124e-01) (14, 2.03186036812545900432e+00) (15, -4.51829717064478053601e-01) (16, 1.86944766151191821280e+00) (17, -4.80454177253568115447e+00) (18, 1.89052583085777392569e+00) (19, 3.35760465035549682256e-01) 
