FANN_FLO_2.1
num_layers=3
learning_rate=0.700000
connection_rate=1.000000
network_type=0
learning_momentum=0.000000
training_algorithm=2
train_error_function=1
train_stop_function=1
cascade_output_change_fraction=0.010000
quickprop_decay=-0.000100
quickprop_mu=1.750000
rprop_increase_factor=1.200000
rprop_decrease_factor=0.500000
rprop_delta_min=0.000000
rprop_delta_max=50.000000
rprop_delta_zero=0.100000
cascade_output_stagnation_epochs=12
cascade_candidate_change_fraction=0.010000
cascade_candidate_stagnation_epochs=12
cascade_max_out_epochs=150
cascade_min_out_epochs=50
cascade_max_cand_epochs=150
cascade_min_cand_epochs=50
cascade_num_candidate_groups=2
bit_fail_limit=1.00000000000000005551e-01
cascade_candidate_limit=1.00000000000000000000e+03
cascade_weight_multiplier=4.00000000000000022204e-01
cascade_activation_functions_count=10
cascade_activation_functions=3 5 7 8 10 11 14 15 16 17 
cascade_activation_steepnesses_count=4
cascade_activation_steepnesses=2.50000000000000000000e-01 5.00000000000000000000e-01 7.50000000000000000000e-01 1.00000000000000000000e+00 
layer_sizes=16 4 2 
scale_included=0
neurons (num_inputs, activation_function, activation_steepness)=(0, 0, 0.00000000000000000000e+00) (0, 0, 0.00000000000000000000e+00) (0, 0, 0.00000000000000000000e+00) (0, 0, 0.00000000000000000000e+00) (0, 0, 0.00000000000000000000e+00) (0, 0, 0.00000000000000000000e+00) (0, 0, 0.00000000000000000000e+00) (0, 0, 0.00000000000000000000e+00) (0, 0, 0.00000000000000000000e+00) (0, 0, 0.00000000000000000000e+00) (0, 0, 0.00000000000000000000e+00) (0, 0, 0.00000000000000000000e+00) (0, 0, 0.00000000000000000000e+00) (0, 0, 0.00000000000000000000e+00) (0, 0, 0.00000000000000000000e+00) (0, 0, 0.00000000000000000000e+00) (16, 6, 5.00000000000000000000e-01) (16, 6, 5.00000000000000000000e-01) (16, 6, 5.00000000000000000000e-01) (0, 6, 0.00000000000000000000e+00) (4, 4, 5.00000000000000000000e-01) (0, 4, 0.00000000000000000000e+00) 
connections (connected_to_neuron, weight)=(0, -5.27923431026107725650e-01) (1, 9.88480688412279429045e-01) (2, 1.54066339697674525855e-01) (3, 3.50942592131930297672e-01) (4, 2.74939768578842891333e-01) (5, -1.51432777204057317233e-01) (6, -2.64750996984979336535e-01) (7, 4.16210915403972703253e-01) (8, 2.45188773240879787085e-01) (9, 2.16697372495013551585e+00) (10, 2.27827893941479997508e+00) (11, 2.30222382213906062720e-01) (12, 2.18289950488883333080e+00) (13, 2.26292027531939821117e+00) (14, 1.28566599148945859277e-01) (15, -3.96432129533557164880e-01) (0, -6.23228393002839187176e+00) (1, 1.93105019901731900234e+00) (2, 1.18197513061468173490e+00) (3, 1.12113338398639705851e+00) (4, 6.16051323916631532462e-01) (5, -1.11791939147263619247e+00) (6, -2.17957998776659600537e+00) (7, 1.62610795164800614465e+00) (8, 1.13518088745777179227e+00) (9, 1.27568769301760003287e+01) (10, 1.27736959751236245353e+01) (11, 1.04886893617813137247e+00) (12, 1.26260401676881119926e+01) (13, 1.27764927293646142203e+01) (14, 1.03320967139091979270e+00) (15, -4.97731699438361430143e-01) (0, -6.38898849740119079144e+00) (1, 1.80135105823019436855e+00) (2, 1.09080934959356334879e+00) (3, 1.19116507905427981839e+00) (4, 7.02083595301824292534e-01) (5, -1.02777224638014885727e+00) (6, -1.98908615076765649121e+00) (7, 1.52909263784385651697e+00) (8, 1.15523241895143558011e+00) (9, 1.27416783865082070548e+01) (10, 1.27886268939363763053e+01) (11, 1.19907771485750247464e+00) (12, 1.26655444461393162925e+01) (13, 1.26191095705616280753e+01) (14, 1.02089922608223448997e+00) (15, -6.09293482096461502806e-01) (16, 5.16863433573472352833e+00) (17, 9.46736357972989495124e+00) (18, 1.27460833783733651359e+01) (19, -6.31782180459765640990e-01) 
