FANN_FLO_2.1
num_layers=3
learning_rate=0.700000
connection_rate=1.000000
network_type=0
learning_momentum=0.000000
training_algorithm=2
train_error_function=1
train_stop_function=1
cascade_output_change_fraction=0.010000
quickprop_decay=-0.000100
quickprop_mu=1.750000
rprop_increase_factor=1.200000
rprop_decrease_factor=0.500000
rprop_delta_min=0.000000
rprop_delta_max=50.000000
rprop_delta_zero=0.100000
cascade_output_stagnation_epochs=12
cascade_candidate_change_fraction=0.010000
cascade_candidate_stagnation_epochs=12
cascade_max_out_epochs=150
cascade_min_out_epochs=50
cascade_max_cand_epochs=150
cascade_min_cand_epochs=50
cascade_num_candidate_groups=2
bit_fail_limit=1.00000000000000005551e-01
cascade_candidate_limit=1.00000000000000000000e+03
cascade_weight_multiplier=4.00000000000000022204e-01
cascade_activation_functions_count=10
cascade_activation_functions=3 5 7 8 10 11 14 15 16 17 
cascade_activation_steepnesses_count=4
cascade_activation_steepnesses=2.50000000000000000000e-01 5.00000000000000000000e-01 7.50000000000000000000e-01 1.00000000000000000000e+00 
layer_sizes=13 4 2 
scale_included=0
neurons (num_inputs, activation_function, activation_steepness)=(0, 0, 0.00000000000000000000e+00) (0, 0, 0.00000000000000000000e+00) (0, 0, 0.00000000000000000000e+00) (0, 0, 0.00000000000000000000e+00) (0, 0, 0.00000000000000000000e+00) (0, 0, 0.00000000000000000000e+00) (0, 0, 0.00000000000000000000e+00) (0, 0, 0.00000000000000000000e+00) (0, 0, 0.00000000000000000000e+00) (0, 0, 0.00000000000000000000e+00) (0, 0, 0.00000000000000000000e+00) (0, 0, 0.00000000000000000000e+00) (0, 0, 0.00000000000000000000e+00) (13, 6, 5.00000000000000000000e-01) (13, 6, 5.00000000000000000000e-01) (13, 6, 5.00000000000000000000e-01) (0, 6, 0.00000000000000000000e+00) (4, 4, 5.00000000000000000000e-01) (0, 4, 0.00000000000000000000e+00) 
connections (connected_to_neuron, weight)=(0, 1.26238018320849532117e+00) (1, -4.74956226565563621733e+00) (2, 2.12346601135394413840e-01) (3, 7.37295768163702458509e-01) (4, 1.28021263965354914482e+00) (5, 9.23629806391869090376e-01) (6, -4.65437437810623588774e+00) (7, 5.58378613974716109247e-01) (8, 1.15111340628913039197e+00) (9, 1.16140715824416274060e+00) (10, 7.46911417910073593962e-02) (11, 8.24725574753782719739e-01) (12, 1.22498619602969283093e+00) (0, -8.80329928943496931026e-01) (1, 2.00188657435061578838e+00) (2, 2.39430978311485298526e-01) (3, -2.11114274750217573162e-01) (4, -1.99171070741893885270e+00) (5, -3.43937347124084635830e-01) (6, 1.98797055872561578838e+00) (7, -5.34905490737593025674e-03) (8, -5.07896869986521948270e-01) (9, -4.26242626815306890897e-01) (10, 1.29006228758281743518e-01) (11, -1.90579550753101484295e-01) (12, -2.22276317368015424725e-01) (0, -6.85817626244406786107e-01) (1, 8.05984117919784304185e-01) (2, 1.20094317170856612620e-01) (3, 1.31366612464921539427e-01) (4, -6.87869389480929460667e-01) (5, -5.58760054770990194362e-02) (6, 7.14839325184207674546e-01) (7, 2.09041561170999479202e-01) (8, 5.59098642429869951975e-03) (9, -6.68925617760996904515e-01) (10, 2.30829502615211595851e-01) (11, 1.11061366350190704466e-01) (12, 5.07430304594207459701e-02) (13, -4.82367438294613304350e+00) (14, 1.88389371144058337393e+00) (15, 4.60820218249134272437e-01) (16, -6.66937357851885903592e-01) 
