FANN_FLO_2.1
num_layers=3
learning_rate=0.700000
connection_rate=1.000000
network_type=0
learning_momentum=0.000000
training_algorithm=2
train_error_function=1
train_stop_function=1
cascade_output_change_fraction=0.010000
quickprop_decay=-0.000100
quickprop_mu=1.750000
rprop_increase_factor=1.200000
rprop_decrease_factor=0.500000
rprop_delta_min=0.000000
rprop_delta_max=50.000000
rprop_delta_zero=0.100000
cascade_output_stagnation_epochs=12
cascade_candidate_change_fraction=0.010000
cascade_candidate_stagnation_epochs=12
cascade_max_out_epochs=150
cascade_min_out_epochs=50
cascade_max_cand_epochs=150
cascade_min_cand_epochs=50
cascade_num_candidate_groups=2
bit_fail_limit=1.00000000000000005551e-01
cascade_candidate_limit=1.00000000000000000000e+03
cascade_weight_multiplier=4.00000000000000022204e-01
cascade_activation_functions_count=10
cascade_activation_functions=3 5 7 8 10 11 14 15 16 17 
cascade_activation_steepnesses_count=4
cascade_activation_steepnesses=2.50000000000000000000e-01 5.00000000000000000000e-01 7.50000000000000000000e-01 1.00000000000000000000e+00 
layer_sizes=6 4 2 
scale_included=0
neurons (num_inputs, activation_function, activation_steepness)=(0, 0, 0.00000000000000000000e+00) (0, 0, 0.00000000000000000000e+00) (0, 0, 0.00000000000000000000e+00) (0, 0, 0.00000000000000000000e+00) (0, 0, 0.00000000000000000000e+00) (0, 0, 0.00000000000000000000e+00) (6, 6, 5.00000000000000000000e-01) (6, 6, 5.00000000000000000000e-01) (6, 6, 5.00000000000000000000e-01) (0, 6, 0.00000000000000000000e+00) (4, 4, 5.00000000000000000000e-01) (0, 4, 0.00000000000000000000e+00) 
connections (connected_to_neuron, weight)=(0, 2.96045486086017017868e+00) (1, 3.13601924911228779891e+00) (2, 2.03966406640507713632e+00) (3, 3.05123731797651487341e+00) (4, 6.02176918856988097062e-01) (5, -4.40608194709074663109e+00) (0, 5.60524881925660967141e-01) (1, 1.94625194706210619122e-01) (2, 1.54594942633234921914e-01) (3, 2.10524427456999618791e-01) (4, 2.06246175011082048811e-02) (5, -3.69462943461234927245e-01) (0, -3.26368401642638295002e+00) (1, 1.36742986913948305627e+00) (2, 4.42277607411441675556e-01) (3, 3.02562244756312903604e+00) (4, 1.81088668973000799234e+00) (5, 9.13332689492377447493e+00) (6, 9.33658458772643484735e+01) (7, 4.09098099356643047031e+02) (8, -9.02805986672782001534e-01) (9, -1.03595851808560590612e+00) 
