FANN_FLO_2.1
num_layers=3
learning_rate=0.700000
connection_rate=1.000000
network_type=0
learning_momentum=0.000000
training_algorithm=2
train_error_function=1
train_stop_function=1
cascade_output_change_fraction=0.010000
quickprop_decay=-0.000100
quickprop_mu=1.750000
rprop_increase_factor=1.200000
rprop_decrease_factor=0.500000
rprop_delta_min=0.000000
rprop_delta_max=50.000000
rprop_delta_zero=0.100000
cascade_output_stagnation_epochs=12
cascade_candidate_change_fraction=0.010000
cascade_candidate_stagnation_epochs=12
cascade_max_out_epochs=150
cascade_min_out_epochs=50
cascade_max_cand_epochs=150
cascade_min_cand_epochs=50
cascade_num_candidate_groups=2
bit_fail_limit=1.00000000000000005551e-01
cascade_candidate_limit=1.00000000000000000000e+03
cascade_weight_multiplier=4.00000000000000022204e-01
cascade_activation_functions_count=10
cascade_activation_functions=3 5 7 8 10 11 14 15 16 17 
cascade_activation_steepnesses_count=4
cascade_activation_steepnesses=2.50000000000000000000e-01 5.00000000000000000000e-01 7.50000000000000000000e-01 1.00000000000000000000e+00 
layer_sizes=6 4 2 
scale_included=0
neurons (num_inputs, activation_function, activation_steepness)=(0, 0, 0.00000000000000000000e+00) (0, 0, 0.00000000000000000000e+00) (0, 0, 0.00000000000000000000e+00) (0, 0, 0.00000000000000000000e+00) (0, 0, 0.00000000000000000000e+00) (0, 0, 0.00000000000000000000e+00) (6, 6, 5.00000000000000000000e-01) (6, 6, 5.00000000000000000000e-01) (6, 6, 5.00000000000000000000e-01) (0, 6, 0.00000000000000000000e+00) (4, 4, 5.00000000000000000000e-01) (0, 4, 0.00000000000000000000e+00) 
connections (connected_to_neuron, weight)=(0, 7.21593009491421466528e-01) (1, 1.79159624559714414360e+00) (2, -5.19990076145144364261e-01) (3, 1.19886307509637535240e+00) (4, 1.84794654782302658624e+00) (5, -1.65031277014669019998e+00) (0, 1.04538224018534164905e+00) (1, 3.98842937669831809622e-01) (2, 9.05088945638198583143e-02) (3, 2.03938405140919787328e+00) (4, 2.54388372554812058901e-01) (5, -6.76996424691207465685e-02) (0, -5.68878339009563749329e+00) (1, -2.64319628102838510841e+00) (2, -2.24046229174644118132e+00) (3, -1.37958592437311033940e+00) (4, -2.59129067122404643797e+00) (5, 4.95729652473888471320e+00) (6, 1.05650110607202609714e+01) (7, 8.31080811954677534104e-01) (8, -8.40284857029615572799e+00) (9, -1.70936150110659212942e+00) 
