FANN_FLO_2.1
num_layers=3
learning_rate=0.700000
connection_rate=1.000000
network_type=0
learning_momentum=0.000000
training_algorithm=2
train_error_function=1
train_stop_function=1
cascade_output_change_fraction=0.010000
quickprop_decay=-0.000100
quickprop_mu=1.750000
rprop_increase_factor=1.200000
rprop_decrease_factor=0.500000
rprop_delta_min=0.000000
rprop_delta_max=50.000000
rprop_delta_zero=0.100000
cascade_output_stagnation_epochs=12
cascade_candidate_change_fraction=0.010000
cascade_candidate_stagnation_epochs=12
cascade_max_out_epochs=150
cascade_min_out_epochs=50
cascade_max_cand_epochs=150
cascade_min_cand_epochs=50
cascade_num_candidate_groups=2
bit_fail_limit=1.00000000000000005551e-01
cascade_candidate_limit=1.00000000000000000000e+03
cascade_weight_multiplier=4.00000000000000022204e-01
cascade_activation_functions_count=10
cascade_activation_functions=3 5 7 8 10 11 14 15 16 17 
cascade_activation_steepnesses_count=4
cascade_activation_steepnesses=2.50000000000000000000e-01 5.00000000000000000000e-01 7.50000000000000000000e-01 1.00000000000000000000e+00 
layer_sizes=8 4 2 
scale_included=0
neurons (num_inputs, activation_function, activation_steepness)=(0, 0, 0.00000000000000000000e+00) (0, 0, 0.00000000000000000000e+00) (0, 0, 0.00000000000000000000e+00) (0, 0, 0.00000000000000000000e+00) (0, 0, 0.00000000000000000000e+00) (0, 0, 0.00000000000000000000e+00) (0, 0, 0.00000000000000000000e+00) (0, 0, 0.00000000000000000000e+00) (8, 6, 5.00000000000000000000e-01) (8, 6, 5.00000000000000000000e-01) (8, 6, 5.00000000000000000000e-01) (0, 6, 0.00000000000000000000e+00) (4, 4, 5.00000000000000000000e-01) (0, 4, 0.00000000000000000000e+00) 
connections (connected_to_neuron, weight)=(0, -4.47886971012043044738e+00) (1, 1.86542617043946701294e+00) (2, 2.76044652173874949241e+00) (3, 1.69171260507704568354e+00) (4, 2.35143725250831625573e+00) (5, 2.45889836427086283521e+00) (6, 6.94906103697006916065e+00) (7, -3.70657544307484831947e+00) (0, 2.07946368801759318146e-01) (1, -3.37111451412235918479e-01) (2, -3.43405064499127832267e-01) (3, -5.64739838536713167905e-01) (4, -5.80227002234382838175e-01) (5, -1.04533278788233729983e+01) (6, 1.26021470141138589582e+01) (7, 3.21617776819212553008e-01) (0, 3.26632851454641315314e+00) (1, -1.96667387787399805532e+00) (2, -3.85298743050510150709e+00) (3, -3.24357486698127983615e+00) (4, -6.69902907022465043951e+00) (5, 5.30830498824511209932e+00) (6, 6.33460458726001274243e+00) (7, 4.23551504502000231156e+00) (8, 1.57133200020762249238e+01) (9, -2.72172364830821722492e+00) (10, -8.01878587006548038119e+00) (11, -7.56038217004660118015e-01) 
