FANN_FLO_2.1
num_layers=3
learning_rate=0.700000
connection_rate=1.000000
network_type=0
learning_momentum=0.000000
training_algorithm=2
train_error_function=1
train_stop_function=1
cascade_output_change_fraction=0.010000
quickprop_decay=-0.000100
quickprop_mu=1.750000
rprop_increase_factor=1.200000
rprop_decrease_factor=0.500000
rprop_delta_min=0.000000
rprop_delta_max=50.000000
rprop_delta_zero=0.100000
cascade_output_stagnation_epochs=12
cascade_candidate_change_fraction=0.010000
cascade_candidate_stagnation_epochs=12
cascade_max_out_epochs=150
cascade_min_out_epochs=50
cascade_max_cand_epochs=150
cascade_min_cand_epochs=50
cascade_num_candidate_groups=2
bit_fail_limit=1.00000000000000005551e-01
cascade_candidate_limit=1.00000000000000000000e+03
cascade_weight_multiplier=4.00000000000000022204e-01
cascade_activation_functions_count=10
cascade_activation_functions=3 5 7 8 10 11 14 15 16 17 
cascade_activation_steepnesses_count=4
cascade_activation_steepnesses=2.50000000000000000000e-01 5.00000000000000000000e-01 7.50000000000000000000e-01 1.00000000000000000000e+00 
layer_sizes=15 4 2 
scale_included=0
neurons (num_inputs, activation_function, activation_steepness)=(0, 0, 0.00000000000000000000e+00) (0, 0, 0.00000000000000000000e+00) (0, 0, 0.00000000000000000000e+00) (0, 0, 0.00000000000000000000e+00) (0, 0, 0.00000000000000000000e+00) (0, 0, 0.00000000000000000000e+00) (0, 0, 0.00000000000000000000e+00) (0, 0, 0.00000000000000000000e+00) (0, 0, 0.00000000000000000000e+00) (0, 0, 0.00000000000000000000e+00) (0, 0, 0.00000000000000000000e+00) (0, 0, 0.00000000000000000000e+00) (0, 0, 0.00000000000000000000e+00) (0, 0, 0.00000000000000000000e+00) (0, 0, 0.00000000000000000000e+00) (15, 6, 5.00000000000000000000e-01) (15, 6, 5.00000000000000000000e-01) (15, 6, 5.00000000000000000000e-01) (0, 6, 0.00000000000000000000e+00) (4, 4, 5.00000000000000000000e-01) (0, 4, 0.00000000000000000000e+00) 
connections (connected_to_neuron, weight)=(0, -2.50129166047856621446e+00) (1, 1.74079199546491958372e+00) (2, 2.40645616910078019579e-01) (3, 1.38008218897615331233e-01) (4, -6.59272751593277389626e-02) (5, -2.39398366903976117515e-01) (6, 5.79341084141336559732e-01) (7, 2.29921171171269200784e-01) (8, -1.10463908103281616135e+00) (9, 8.87417825182111076610e-03) (10, -1.92096238845849698329e-01) (11, 1.34231280063941227354e+00) (12, 1.10997390893294234360e+00) (13, -5.20793353993595431461e+00) (14, -4.33811662645372353442e-01) (0, 2.24504564997355338107e+00) (1, -1.11504194560033687011e+00) (2, -3.81193529641403808239e-04) (3, 2.13913282454933878496e-01) (4, 5.43430354110918778510e-01) (5, 5.80511752180777329535e-01) (6, -2.73309539103162191243e-01) (7, 2.72607517504184659884e-01) (8, 1.71614318802039345080e+00) (9, 5.36553334811793680714e-01) (10, 5.07545937219725962208e-01) (11, -6.02872251096217670607e-01) (12, -3.21813652201140443232e-01) (13, 4.62575855243997491328e+00) (14, 9.18536315811434467271e-01) (0, -1.48074190685076234608e+00) (1, 1.52456768636361084113e+00) (2, 2.35070164789675406514e-01) (3, 2.24784655093504537327e-02) (4, -1.96912706532447079333e-01) (5, -9.00205219166453768365e-02) (6, 4.82494198162160881083e-01) (7, 3.52102594179711014810e-01) (8, -9.70972103746477355202e-01) (9, -3.71909287361320700649e-02) (10, -2.28136738652253839854e-01) (11, 1.45297193055703388609e+00) (12, 1.15239883360459227646e+00) (13, -5.26840771962107012882e+00) (14, -4.31501252503427468188e-01) (15, 5.47989979312693531455e+00) (16, -1.76574931998301654090e+00) (17, 5.43371897862231190146e+00) (18, -4.19234888554843865283e-01) 
