FANN_FLO_2.1
num_layers=3
learning_rate=0.700000
connection_rate=1.000000
network_type=0
learning_momentum=0.000000
training_algorithm=2
train_error_function=1
train_stop_function=1
cascade_output_change_fraction=0.010000
quickprop_decay=-0.000100
quickprop_mu=1.750000
rprop_increase_factor=1.200000
rprop_decrease_factor=0.500000
rprop_delta_min=0.000000
rprop_delta_max=50.000000
rprop_delta_zero=0.100000
cascade_output_stagnation_epochs=12
cascade_candidate_change_fraction=0.010000
cascade_candidate_stagnation_epochs=12
cascade_max_out_epochs=150
cascade_min_out_epochs=50
cascade_max_cand_epochs=150
cascade_min_cand_epochs=50
cascade_num_candidate_groups=2
bit_fail_limit=1.00000000000000005551e-01
cascade_candidate_limit=1.00000000000000000000e+03
cascade_weight_multiplier=4.00000000000000022204e-01
cascade_activation_functions_count=10
cascade_activation_functions=3 5 7 8 10 11 14 15 16 17 
cascade_activation_steepnesses_count=4
cascade_activation_steepnesses=2.50000000000000000000e-01 5.00000000000000000000e-01 7.50000000000000000000e-01 1.00000000000000000000e+00 
layer_sizes=14 4 2 
scale_included=0
neurons (num_inputs, activation_function, activation_steepness)=(0, 0, 0.00000000000000000000e+00) (0, 0, 0.00000000000000000000e+00) (0, 0, 0.00000000000000000000e+00) (0, 0, 0.00000000000000000000e+00) (0, 0, 0.00000000000000000000e+00) (0, 0, 0.00000000000000000000e+00) (0, 0, 0.00000000000000000000e+00) (0, 0, 0.00000000000000000000e+00) (0, 0, 0.00000000000000000000e+00) (0, 0, 0.00000000000000000000e+00) (0, 0, 0.00000000000000000000e+00) (0, 0, 0.00000000000000000000e+00) (0, 0, 0.00000000000000000000e+00) (0, 0, 0.00000000000000000000e+00) (14, 6, 5.00000000000000000000e-01) (14, 6, 5.00000000000000000000e-01) (14, 6, 5.00000000000000000000e-01) (0, 6, 0.00000000000000000000e+00) (4, 4, 5.00000000000000000000e-01) (0, 4, 0.00000000000000000000e+00) 
connections (connected_to_neuron, weight)=(0, 1.75575540794363749164e+00) (1, 6.53907487949549115491e-01) (2, -7.39392489300372546257e-02) (3, 7.73422302741463563169e-02) (4, 5.65613633050889186293e-01) (5, 4.00135241819598808100e-01) (6, 5.24498911944374646144e-02) (7, -8.08624331750832786581e-02) (8, 4.26379669427155216788e-01) (9, 6.24107093434060122839e-01) (10, 4.58406309906491504780e-01) (11, 3.95957317145436915595e-01) (12, 3.00930589643914725428e-01) (13, 1.09613829618778080288e-01) (0, 1.88802920506984461824e+00) (1, 1.83510813912250325686e+00) (2, 1.93917247931567637842e+00) (3, 8.91997995370591573172e-02) (4, 1.24543409555477535555e+00) (5, 1.85593027096981288970e+00) (6, 1.19617525847066238920e-01) (7, 1.26530761987284035008e+00) (8, 1.92828963771725137022e+00) (9, 1.87626985678051227957e+00) (10, 1.87855397452186179130e+00) (11, 1.91035825884034338173e+00) (12, 1.95333652551473013759e+00) (13, -2.05743307419518384194e+00) (0, 3.86294868029082472116e-01) (1, 1.52344062781368871917e+00) (2, -2.13458039470889426870e-01) (3, 1.32803219966298596821e-01) (4, 4.88751539971442494625e-01) (5, 1.04693520571414455667e+00) (6, -2.36182244329745660849e-01) (7, 6.83667003656415306345e-01) (8, 4.36273017989873224121e-01) (9, 7.27726018493635939954e-01) (10, 4.72082979504569455464e-01) (11, 2.20634626288980534303e-01) (12, 3.19462782100637610050e-01) (13, -6.08681419134173284924e-01) (14, 7.27824735504014830312e-01) (15, 5.91750073596963659384e+01) (16, 3.75589894440258742492e+00) (17, -1.05301185201409830405e+00) 
