FANN_FLO_2.1
num_layers=3
learning_rate=0.700000
connection_rate=1.000000
network_type=0
learning_momentum=0.000000
training_algorithm=2
train_error_function=1
train_stop_function=1
cascade_output_change_fraction=0.010000
quickprop_decay=-0.000100
quickprop_mu=1.750000
rprop_increase_factor=1.200000
rprop_decrease_factor=0.500000
rprop_delta_min=0.000000
rprop_delta_max=50.000000
rprop_delta_zero=0.100000
cascade_output_stagnation_epochs=12
cascade_candidate_change_fraction=0.010000
cascade_candidate_stagnation_epochs=12
cascade_max_out_epochs=150
cascade_min_out_epochs=50
cascade_max_cand_epochs=150
cascade_min_cand_epochs=50
cascade_num_candidate_groups=2
bit_fail_limit=1.00000000000000005551e-01
cascade_candidate_limit=1.00000000000000000000e+03
cascade_weight_multiplier=4.00000000000000022204e-01
cascade_activation_functions_count=10
cascade_activation_functions=3 5 7 8 10 11 14 15 16 17 
cascade_activation_steepnesses_count=4
cascade_activation_steepnesses=2.50000000000000000000e-01 5.00000000000000000000e-01 7.50000000000000000000e-01 1.00000000000000000000e+00 
layer_sizes=15 4 2 
scale_included=0
neurons (num_inputs, activation_function, activation_steepness)=(0, 0, 0.00000000000000000000e+00) (0, 0, 0.00000000000000000000e+00) (0, 0, 0.00000000000000000000e+00) (0, 0, 0.00000000000000000000e+00) (0, 0, 0.00000000000000000000e+00) (0, 0, 0.00000000000000000000e+00) (0, 0, 0.00000000000000000000e+00) (0, 0, 0.00000000000000000000e+00) (0, 0, 0.00000000000000000000e+00) (0, 0, 0.00000000000000000000e+00) (0, 0, 0.00000000000000000000e+00) (0, 0, 0.00000000000000000000e+00) (0, 0, 0.00000000000000000000e+00) (0, 0, 0.00000000000000000000e+00) (0, 0, 0.00000000000000000000e+00) (15, 6, 5.00000000000000000000e-01) (15, 6, 5.00000000000000000000e-01) (15, 6, 5.00000000000000000000e-01) (0, 6, 0.00000000000000000000e+00) (4, 4, 5.00000000000000000000e-01) (0, 4, 0.00000000000000000000e+00) 
connections (connected_to_neuron, weight)=(0, -5.39346793494638321320e-01) (1, 1.22785725794822586643e+00) (2, 9.87713352552847867472e-01) (3, 2.28939437967703607324e-01) (4, 1.87941147570246880338e-01) (5, -3.80884475311313475121e-01) (6, -3.57373572191272581566e-01) (7, 1.76135113905145890278e+00) (8, -3.80728055033422996267e-01) (9, -5.10448384444980973740e-01) (10, -5.92149512621433782300e-01) (11, -1.91303226643685070352e-01) (12, -8.87660052447181296964e-02) (13, -1.51367786127793946260e-01) (14, -1.47071105686550518410e-01) (0, 3.86944660228092285337e+00) (1, -2.38020892962832419926e+00) (2, -3.82826917998140592303e+00) (3, -6.65220435504650653424e-02) (4, -1.03513907993290382725e-01) (5, 1.95736004010451947188e+00) (6, 1.06263095053374065913e+01) (7, -3.44644221107732073861e+00) (8, 1.36014735750605542108e+00) (9, 1.89717921335838690666e+00) (10, 3.41725055232639363112e+00) (11, 1.66623462063211857931e+00) (12, 1.28080279434088306623e+00) (13, 2.27863133180926791255e+00) (14, 1.30630207835392830873e+00) (0, -2.65851048414654256291e+00) (1, 2.56562982798607208679e+00) (2, 1.06927853552718721275e+00) (3, 1.35459605883959943728e-02) (4, -1.38915101627199999434e-02) (5, -1.44500530490475553869e+00) (6, -1.41869040557938475011e+00) (7, 1.90338601646139449208e+00) (8, -1.95047450224515361850e-01) (9, -6.63918783356221897662e-01) (10, -1.64305927716333388666e+00) (11, -1.90852166566821052074e-01) (12, -4.11821876357017280235e-01) (13, -1.30160740618907078137e+00) (14, -2.15949020714170158985e-01) (15, 1.28769263872648398461e+00) (16, -1.02401454903302884247e+01) (17, 3.58857524822970264111e+00) (18, -1.26923726093286548533e+00) 
