FANN_FLO_2.1
num_layers=3
learning_rate=0.700000
connection_rate=1.000000
network_type=0
learning_momentum=0.000000
training_algorithm=2
train_error_function=1
train_stop_function=1
cascade_output_change_fraction=0.010000
quickprop_decay=-0.000100
quickprop_mu=1.750000
rprop_increase_factor=1.200000
rprop_decrease_factor=0.500000
rprop_delta_min=0.000000
rprop_delta_max=50.000000
rprop_delta_zero=0.100000
cascade_output_stagnation_epochs=12
cascade_candidate_change_fraction=0.010000
cascade_candidate_stagnation_epochs=12
cascade_max_out_epochs=150
cascade_min_out_epochs=50
cascade_max_cand_epochs=150
cascade_min_cand_epochs=50
cascade_num_candidate_groups=2
bit_fail_limit=1.00000000000000005551e-01
cascade_candidate_limit=1.00000000000000000000e+03
cascade_weight_multiplier=4.00000000000000022204e-01
cascade_activation_functions_count=10
cascade_activation_functions=3 5 7 8 10 11 14 15 16 17 
cascade_activation_steepnesses_count=4
cascade_activation_steepnesses=2.50000000000000000000e-01 5.00000000000000000000e-01 7.50000000000000000000e-01 1.00000000000000000000e+00 
layer_sizes=7 4 2 
scale_included=0
neurons (num_inputs, activation_function, activation_steepness)=(0, 0, 0.00000000000000000000e+00) (0, 0, 0.00000000000000000000e+00) (0, 0, 0.00000000000000000000e+00) (0, 0, 0.00000000000000000000e+00) (0, 0, 0.00000000000000000000e+00) (0, 0, 0.00000000000000000000e+00) (0, 0, 0.00000000000000000000e+00) (7, 6, 5.00000000000000000000e-01) (7, 6, 5.00000000000000000000e-01) (7, 6, 5.00000000000000000000e-01) (0, 6, 0.00000000000000000000e+00) (4, 4, 5.00000000000000000000e-01) (0, 4, 0.00000000000000000000e+00) 
connections (connected_to_neuron, weight)=(0, 1.50000000000000000000e+03) (1, -8.73311581878426522962e+02) (2, 1.23782619267416134790e+03) (3, 1.08476444528256047306e+03) (4, 1.02941006027352528918e+02) (5, 1.27435199147190019175e+03) (6, 1.77775891436945912005e+01) (0, -2.66506430786122128218e-01) (1, -8.73358184865179509870e+02) (2, 1.46332118766062428961e+01) (3, 1.89173306674769697855e-01) (4, -3.78954538309037900490e+01) (5, 2.23626678028075842608e-01) (6, 8.35984486620733324713e-01) (0, -5.44191161787711141784e+00) (1, 1.50000000000000000000e+03) (2, 2.46912693288395708180e+01) (3, -3.48772267452769124674e+00) (4, -5.80795784055132435775e-01) (5, -7.55447033599817530103e+00) (6, -6.68107164425191357715e-01) (7, -3.62263878408257600228e+00) (8, -6.62234990667420486687e+00) (9, 4.82630705586457597889e+00) (10, -2.14743567029723347872e+00) 
