FANN_FLO_2.1
num_layers=3
learning_rate=0.700000
connection_rate=1.000000
network_type=0
learning_momentum=0.000000
training_algorithm=2
train_error_function=1
train_stop_function=1
cascade_output_change_fraction=0.010000
quickprop_decay=-0.000100
quickprop_mu=1.750000
rprop_increase_factor=1.200000
rprop_decrease_factor=0.500000
rprop_delta_min=0.000000
rprop_delta_max=50.000000
rprop_delta_zero=0.100000
cascade_output_stagnation_epochs=12
cascade_candidate_change_fraction=0.010000
cascade_candidate_stagnation_epochs=12
cascade_max_out_epochs=150
cascade_min_out_epochs=50
cascade_max_cand_epochs=150
cascade_min_cand_epochs=50
cascade_num_candidate_groups=2
bit_fail_limit=1.00000000000000005551e-01
cascade_candidate_limit=1.00000000000000000000e+03
cascade_weight_multiplier=4.00000000000000022204e-01
cascade_activation_functions_count=10
cascade_activation_functions=3 5 7 8 10 11 14 15 16 17 
cascade_activation_steepnesses_count=4
cascade_activation_steepnesses=2.50000000000000000000e-01 5.00000000000000000000e-01 7.50000000000000000000e-01 1.00000000000000000000e+00 
layer_sizes=16 4 2 
scale_included=0
neurons (num_inputs, activation_function, activation_steepness)=(0, 0, 0.00000000000000000000e+00) (0, 0, 0.00000000000000000000e+00) (0, 0, 0.00000000000000000000e+00) (0, 0, 0.00000000000000000000e+00) (0, 0, 0.00000000000000000000e+00) (0, 0, 0.00000000000000000000e+00) (0, 0, 0.00000000000000000000e+00) (0, 0, 0.00000000000000000000e+00) (0, 0, 0.00000000000000000000e+00) (0, 0, 0.00000000000000000000e+00) (0, 0, 0.00000000000000000000e+00) (0, 0, 0.00000000000000000000e+00) (0, 0, 0.00000000000000000000e+00) (0, 0, 0.00000000000000000000e+00) (0, 0, 0.00000000000000000000e+00) (0, 0, 0.00000000000000000000e+00) (16, 6, 5.00000000000000000000e-01) (16, 6, 5.00000000000000000000e-01) (16, 6, 5.00000000000000000000e-01) (0, 6, 0.00000000000000000000e+00) (4, 4, 5.00000000000000000000e-01) (0, 4, 0.00000000000000000000e+00) 
connections (connected_to_neuron, weight)=(0, -2.15558946452029775998e+00) (1, 1.97932642628174670918e+00) (2, 2.48516388570814861225e+00) (3, -8.96458715977649589490e-01) (4, -2.28671158051975798031e+00) (5, -1.49279716538084272770e+00) (6, -1.44892901109350447086e+00) (7, 2.54329574441462291645e+00) (8, 2.23599743006261536538e-01) (9, 9.20806414461456945730e-02) (10, -6.41821822020745802462e+00) (11, 2.71435174939612267053e+00) (12, -1.55408898358904989934e+00) (13, -1.92165243576261834946e+00) (14, -1.82626830737087564316e+00) (15, -8.97788786175231834363e-01) (0, -2.12473363292926809009e+00) (1, 2.22671786458712617218e+00) (2, 1.04520604014293461148e+00) (3, -7.36633770851853997286e-01) (4, -8.47707267707879408292e-01) (5, -6.53302413029162476477e-01) (6, -5.10174405378787221288e-01) (7, 1.44237594489792941843e+00) (8, -2.90933962308144444808e-01) (9, -1.41025774588773161744e-01) (10, -4.37881705419276467950e+00) (11, 8.07815408308656723868e-01) (12, -5.63332966249175060014e-01) (13, -6.93451167840479332227e-01) (14, -7.56060981947897392530e-01) (15, -8.42224936789567335538e-01) (0, -2.29719692042954992672e+00) (1, 1.93143937666636378303e+00) (2, 2.50991319453268779682e+00) (3, -8.55360680105667015027e-01) (4, -1.46403980182302717594e+00) (5, -1.48546560780895475773e+00) (6, -1.48258559332979444889e+00) (7, 2.39298186039477123188e+00) (8, 1.55126955268415162026e-01) (9, 1.50359149930509278237e-01) (10, -6.34560274574494886934e+00) (11, 2.73185523075441238916e+00) (12, -1.54916450744235190129e+00) (13, -1.93075980196688012924e+00) (14, -1.91751811603996591415e+00) (15, -8.82392615857105155897e-01) (16, 7.49555975228489490547e+00) (17, 2.30807491576845347225e+00) (18, 7.46055883198917957344e+00) (19, -1.10563155963976589291e+00) 
