FANN_FLO_2.1
num_layers=3
learning_rate=0.700000
connection_rate=1.000000
network_type=0
learning_momentum=0.000000
training_algorithm=2
train_error_function=1
train_stop_function=1
cascade_output_change_fraction=0.010000
quickprop_decay=-0.000100
quickprop_mu=1.750000
rprop_increase_factor=1.200000
rprop_decrease_factor=0.500000
rprop_delta_min=0.000000
rprop_delta_max=50.000000
rprop_delta_zero=0.100000
cascade_output_stagnation_epochs=12
cascade_candidate_change_fraction=0.010000
cascade_candidate_stagnation_epochs=12
cascade_max_out_epochs=150
cascade_min_out_epochs=50
cascade_max_cand_epochs=150
cascade_min_cand_epochs=50
cascade_num_candidate_groups=2
bit_fail_limit=1.00000000000000005551e-01
cascade_candidate_limit=1.00000000000000000000e+03
cascade_weight_multiplier=4.00000000000000022204e-01
cascade_activation_functions_count=10
cascade_activation_functions=3 5 7 8 10 11 14 15 16 17 
cascade_activation_steepnesses_count=4
cascade_activation_steepnesses=2.50000000000000000000e-01 5.00000000000000000000e-01 7.50000000000000000000e-01 1.00000000000000000000e+00 
layer_sizes=13 4 2 
scale_included=0
neurons (num_inputs, activation_function, activation_steepness)=(0, 0, 0.00000000000000000000e+00) (0, 0, 0.00000000000000000000e+00) (0, 0, 0.00000000000000000000e+00) (0, 0, 0.00000000000000000000e+00) (0, 0, 0.00000000000000000000e+00) (0, 0, 0.00000000000000000000e+00) (0, 0, 0.00000000000000000000e+00) (0, 0, 0.00000000000000000000e+00) (0, 0, 0.00000000000000000000e+00) (0, 0, 0.00000000000000000000e+00) (0, 0, 0.00000000000000000000e+00) (0, 0, 0.00000000000000000000e+00) (0, 0, 0.00000000000000000000e+00) (13, 6, 5.00000000000000000000e-01) (13, 6, 5.00000000000000000000e-01) (13, 6, 5.00000000000000000000e-01) (0, 6, 0.00000000000000000000e+00) (4, 4, 5.00000000000000000000e-01) (0, 4, 0.00000000000000000000e+00) 
connections (connected_to_neuron, weight)=(0, -4.85342666096760755323e+00) (1, 1.25426128333086506217e+00) (2, 1.89429036833650510374e+00) (3, 1.77785021973896428804e+00) (4, -6.98359953206681316473e-01) (5, -4.64323074506979682763e-01) (6, 1.95428171003087802760e+00) (7, 2.93988036416681475238e-01) (8, -1.01309638787092048950e+00) (9, 5.33696466316098572236e-01) (10, 4.92513385791892466248e-01) (11, 8.34030631794986043737e-01) (12, -1.10562304724038917847e+00) (0, 6.56372446750236537838e+00) (1, -2.35717925619545987104e+00) (2, -1.08422148161442688519e+00) (3, -1.11388417993263155736e+00) (4, 1.10765491029387308508e+00) (5, 1.17090373834734751135e+00) (6, -2.42697194967962870393e+00) (7, -2.23240127951892936009e-01) (8, 3.80740586555369375787e+00) (9, -2.93983831037095133532e-03) (10, -3.99228142105441385912e-02) (11, 2.16798245909162329292e-01) (12, 1.28080841386708521590e+00) (0, -3.82345117088082009360e+00) (1, 1.35143679660431814682e+00) (2, 8.19087103112655534609e-01) (3, 9.05546037267629500001e-01) (4, -4.95367135807799729985e-01) (5, -2.20621411134358558215e+00) (6, 7.10926827346131440244e-01) (7, -9.43306470809053970727e-02) (8, -1.59386996156000160241e+00) (9, -4.54789577317752605895e-03) (10, -3.03747931409856786189e-01) (11, 4.51307368071452552627e-01) (12, -2.97124703916419041771e-01) (13, 6.22091945586262262680e+00) (14, -7.07216475695855795180e+00) (15, 6.93500457947843784723e+00) (16, -1.02419600207389671631e+00) 
