FANN_FLO_2.1
num_layers=3
learning_rate=0.700000
connection_rate=1.000000
network_type=0
learning_momentum=0.000000
training_algorithm=2
train_error_function=1
train_stop_function=1
cascade_output_change_fraction=0.010000
quickprop_decay=-0.000100
quickprop_mu=1.750000
rprop_increase_factor=1.200000
rprop_decrease_factor=0.500000
rprop_delta_min=0.000000
rprop_delta_max=50.000000
rprop_delta_zero=0.100000
cascade_output_stagnation_epochs=12
cascade_candidate_change_fraction=0.010000
cascade_candidate_stagnation_epochs=12
cascade_max_out_epochs=150
cascade_min_out_epochs=50
cascade_max_cand_epochs=150
cascade_min_cand_epochs=50
cascade_num_candidate_groups=2
bit_fail_limit=1.00000000000000005551e-01
cascade_candidate_limit=1.00000000000000000000e+03
cascade_weight_multiplier=4.00000000000000022204e-01
cascade_activation_functions_count=10
cascade_activation_functions=3 5 7 8 10 11 14 15 16 17 
cascade_activation_steepnesses_count=4
cascade_activation_steepnesses=2.50000000000000000000e-01 5.00000000000000000000e-01 7.50000000000000000000e-01 1.00000000000000000000e+00 
layer_sizes=15 4 2 
scale_included=0
neurons (num_inputs, activation_function, activation_steepness)=(0, 0, 0.00000000000000000000e+00) (0, 0, 0.00000000000000000000e+00) (0, 0, 0.00000000000000000000e+00) (0, 0, 0.00000000000000000000e+00) (0, 0, 0.00000000000000000000e+00) (0, 0, 0.00000000000000000000e+00) (0, 0, 0.00000000000000000000e+00) (0, 0, 0.00000000000000000000e+00) (0, 0, 0.00000000000000000000e+00) (0, 0, 0.00000000000000000000e+00) (0, 0, 0.00000000000000000000e+00) (0, 0, 0.00000000000000000000e+00) (0, 0, 0.00000000000000000000e+00) (0, 0, 0.00000000000000000000e+00) (0, 0, 0.00000000000000000000e+00) (15, 6, 5.00000000000000000000e-01) (15, 6, 5.00000000000000000000e-01) (15, 6, 5.00000000000000000000e-01) (0, 6, 0.00000000000000000000e+00) (4, 4, 5.00000000000000000000e-01) (0, 4, 0.00000000000000000000e+00) 
connections (connected_to_neuron, weight)=(0, -3.56201209637144167175e+00) (1, 1.84013107187555569055e+00) (2, 1.41019869514426599011e+00) (3, -2.05815344279411838180e-01) (4, -1.61707026900021766380e+00) (5, -9.14038895504099668798e-01) (6, -1.86181634650210336979e+00) (7, 1.64303549921954103463e-02) (8, -2.48657398222927983333e-01) (9, -3.02368129994174417163e+00) (10, 1.33037889538623477215e+00) (11, -3.42152030701562470671e-01) (12, -5.67301667925391051028e-01) (13, -3.61447719248750765075e+00) (14, -3.18507151241227748351e-01) (0, 3.70890927807330461619e+00) (1, -1.22248210337295870609e+00) (2, -2.00119559832612647909e+00) (3, 6.59275560232137847194e-01) (4, 1.70560295249349813673e+00) (5, 5.38367904999983548642e-01) (6, 1.84213231233862151370e+00) (7, -1.31493326088397088913e-01) (8, -2.49505091270415313431e-01) (9, 5.44517466639391933825e+00) (10, -1.99752538951441138693e+00) (11, 1.49996352456864645575e+00) (12, 1.17249169908688855024e+00) (13, 1.26523874255664581234e+00) (14, 1.78982955620490324922e-01) (0, 3.80557211235999437449e+00) (1, -1.34034493889942485367e+00) (2, -1.86653560020724906821e+00) (3, 6.07831953617071318874e-01) (4, 2.12285305544151947643e+00) (5, 5.31901054361593961239e-01) (6, 1.83290144531038512454e+00) (7, -2.50061273386685378739e-01) (8, -2.63243023117987640092e-01) (9, 5.40767748867384945299e+00) (10, -2.03534248398944228597e+00) (11, 1.50641034059581091498e+00) (12, 1.15980904850013466501e+00) (13, 1.19910763504750961239e+00) (14, 1.60166961357795012422e-01) (15, 5.76481412684520577727e+00) (16, -5.85725952566359797657e+00) (17, -5.86835638315175334156e+00) (18, -9.40413860959926850569e-01) 
